3.164556962025315431e-04 1.613924050632910626e-02 3.164556962025315431e-04 3.164556962025315431e-04 3.164556962025315431e-04 3.481012658227847136e-03 3.164556962025315431e-04 3.164556962025315431e-04 3.164556962025315431e-04 3.481012658227847136e-03 3.164556962025315431e-04 3.164556962025315431e-04 1.015822784810126306e-01 3.164556962025315431e-04 3.164556962025315431e-04 9.810126582278477780e-03 3.164556962025315431e-04 6.174050632911389780e-01 3.164556962025315431e-04 1.680379746835442556e-01 3.164556962025315431e-04 3.164556962025315431e-04 6.645569620253162675e-03 6.360759493670883891e-02 3.164556962025315431e-04 3.164556962025315431e-04 3.164556962025315431e-04 3.164556962025315431e-04 3.164556962025315431e-04 3.481012658227847136e-03
3.584229390681003581e-04 3.942652329749104373e-03 3.584229390681003581e-04 5.412186379928315277e-02 2.903225806451612684e-02 3.584229390681003581e-04 3.584229390681003581e-04 2.186379928315412141e-02 3.584229390681003581e-04 3.978494623655914192e-02 3.942652329749104373e-03 3.584229390681003581e-04 8.637992831541219108e-02 3.584229390681003581e-04 3.584229390681003581e-04 4.125448028673834866e-01 3.584229390681003581e-04 3.978494623655914192e-02 2.186379928315412141e-02 3.584229390681003581e-04 3.584229390681003581e-04 1.616487455197132550e-01 1.111111111111111154e-02 1.111111111111111154e-02 3.942652329749104373e-03 3.942652329749104373e-03 3.584229390681003581e-04 3.584229390681003581e-04 7.204301075268818022e-02 1.827956989247311870e-02
4.219409282700422020e-04 4.219409282700422020e-04 4.641350210970464872e-03 4.219409282700422020e-04 1.308016877637130891e-02 4.219409282700422020e-04 1.312236286919831185e-01 9.324894514767932685e-02 4.219409282700422020e-04 1.438818565400843963e-01 4.219409282700422020e-04 2.151898734177215208e-02 1.987341772151898778e-01 4.219409282700422020e-04 4.219409282700422020e-04 4.219409282700422020e-04 1.308016877637130891e-02 4.219409282700422020e-04 4.219409282700422020e-04 4.219409282700422020e-04 4.219409282700422020e-04 4.219409282700422020e-04 2.151898734177215208e-02 4.683544303797468333e-02 6.793248945147679907e-02 4.219409282700422020e-04 1.308016877637130891e-02 4.219409282700422020e-04 2.113924050632911555e-01 1.308016877637130891e-02
1.510574018126888216e-04 1.510574018126888216e-04 1.510574018126888216e-04 1.510574018126888216e-04 1.510574018126888216e-04 2.280966767371601228e-02 6.359516616314199455e-02 1.510574018126888216e-04 2.191842900302114761e-01 1.510574018126888216e-04 1.510574018126888216e-04 9.214501510574017035e-03 1.225075528700906302e-01 1.510574018126888216e-04 1.661631419939577255e-03 1.510574018126888216e-04 2.583081570996979132e-02 1.510574018126888216e-04 1.935045317220543681e-01 4.093655589123867261e-02 1.510574018126888216e-04 6.208459214501510504e-02 9.214501510574017035e-03 1.814199395770392798e-01 1.510574018126888216e-04 1.510574018126888216e-04 1.510574018126888216e-04 1.510574018126888216e-04 4.546827794561933422e-02 1.510574018126888216e-04
1.173708920187793399e-04 1.173708920187793399e-04 6.819248826291078591e-02 1.173708920187793399e-04 5.410798122065726967e-02 1.173708920187793399e-04 3.180751173708919882e-02 2.593896713615023372e-02 1.173708920187793399e-04 1.173708920187793399e-04 4.823943661971830804e-02 4.119718309859154298e-02 1.468309859154929287e-01 4.812206572769952423e-03 5.762910798122065220e-02 1.173708920187793399e-04 2.794600938967135573e-01 1.173708920187793399e-04 7.288732394366195799e-02 1.173708920187793399e-04 6.115023474178402779e-02 1.537558685446009134e-02 3.638497652582159403e-03 1.173708920187793399e-04 1.173708920187793399e-04 6.584507042253520681e-02 1.173708920187793399e-04 1.173708920187793399e-04 1.173708920187793399e-04 2.124413145539905817e-02
2.309468822170900114e-04 2.309468822170900114e-04 3.025404157043878883e-02 2.309468822170900114e-04 2.309468822170900114e-04 7.159353348729790081e-03 7.644341801385678981e-02 2.309468822170900114e-04 2.311778290993070917e-01 9.468822170900689436e-03 2.309468822170900114e-04 3.718244803695149731e-02 9.260969976905310264e-02 2.309468822170900114e-04 1.408775981524248988e-02 2.309468822170900114e-04 4.180138568129329601e-02 2.309468822170900114e-04 2.681293302540415091e-01 2.309468822170900114e-04 2.309468822170900114e-04 2.309468822170900114e-04 2.309468822170900114e-04 1.364896073903001938e-01 2.309468822170900114e-04 2.309468822170900114e-04 2.309468822170900114e-04 2.309468822170900114e-04 4.872979214780599755e-02 2.540415704387990505e-03
2.881844380403457266e-04 2.881844380403457266e-04 2.881844380403457266e-04 2.881844380403457266e-04 2.881844380403457266e-04 1.181556195965417430e-02 2.881844380403457266e-04 2.881844380403457266e-04 2.881844380403457266e-04 1.703170028818443149e-01 2.881844380403457266e-04 2.881844380403457266e-04 3.317002881844379192e-01 2.881844380403457266e-04 1.181556195965417430e-02 2.881844380403457266e-04 2.881844380403457266e-04 2.881844380403457266e-04 8.097982708933715301e-02 1.213256484149855541e-01 2.881844380403457266e-04 2.881844380403457266e-04 2.881844380403457266e-04 1.414985590778097546e-01 2.881844380403457266e-04 2.881844380403457266e-04 2.334293948126800120e-02 1.181556195965417430e-02 8.962536023054752665e-02 2.881844380403457266e-04
2.141327623126337962e-04 2.141327623126337962e-04 6.638115631691647762e-03 4.496788008565309747e-03 6.638115631691647762e-03 6.638115631691647762e-03 2.141327623126337962e-04 2.141327623126337962e-04 1.094218415417558682e-01 3.875802997858671800e-02 2.141327623126337962e-04 4.496788008565309747e-03 2.314775160599571169e-01 2.355460385438971731e-03 2.141327623126337962e-04 2.141327623126337962e-04 4.496788008565309747e-03 2.141327623126337962e-04 3.019271948608136247e-02 5.588865096359742213e-02 2.141327623126337962e-04 4.304068522483939230e-02 2.141327623126337962e-04 4.070663811563168255e-01 2.141327623126337962e-04 2.141327623126337962e-04 2.141327623126337962e-04 2.141327623126337962e-04 3.447537473233404370e-02 1.092077087794432293e-02
2.088520055325034097e-02 2.780082987551867058e-02 1.383125864453665249e-04 1.521438450899031611e-03 4.287690179806361891e-03 1.383125864453665249e-04 8.437067773167356011e-03 1.396957123098201657e-02 3.333333333333333287e-02 1.120331950207468716e-02 1.383125864453665249e-04 4.287690179806361891e-03 1.882434301521438147e-01 1.383125864453665249e-04 1.383125864453665249e-04 2.904564315352696751e-03 9.820193637621021585e-03 1.383125864453665249e-04 6.376210235131396509e-02 6.514522821576762546e-02 1.383125864453665249e-04 1.383125864453665249e-04 1.383125864453665249e-04 1.550484094052558548e-01 1.260027662517288760e-01 1.383125864453665249e-04 9.142461964038725575e-02 1.383125864453665249e-04 1.702627939142461744e-01 1.383125864453665249e-04
6.578947368421055736e-04 7.236842105263161309e-03 2.697368421052632331e-02 6.578947368421055736e-04 6.578947368421055736e-04 5.986842105263159852e-02 6.578947368421055736e-04 6.578947368421055736e-04 6.578947368421055736e-04 3.355263157894737558e-02 6.578947368421055736e-04 7.236842105263161309e-03 1.453947368421053266e-01 6.578947368421055736e-04 6.578947368421055736e-04 6.578947368421055736e-04 6.578947368421055736e-04 5.730263157894738280e-01 6.578947368421055736e-04 6.578947368421055736e-04 1.381578947368421705e-02 6.578947368421055736e-04 7.236842105263161309e-03 8.618421052631582147e-02 6.578947368421055736e-04 6.578947368421055736e-04 6.578947368421055736e-04 6.578947368421055736e-04 2.697368421052632331e-02 6.578947368421055736e-04
1.934235976789167965e-04 1.934235976789167965e-04 1.934235976789167965e-04 1.934235976789167965e-04 1.934235976789167965e-04 1.934235976789167965e-04 1.760154738878142583e-02 1.934235976789167965e-04 1.934235976789167965e-04 2.806576402321082631e-01 1.934235976789167965e-04 4.661508704061894520e-02 1.607350096711798459e-01 1.934235976789167965e-04 1.934235976789167965e-04 1.934235976789167965e-04 1.934235976789167965e-04 2.497098646034815461e-01 1.934235976789167965e-04 2.127659574468084708e-03 1.762088974854931767e-01 1.934235976789167965e-04 1.934235976789167965e-04 2.127659574468084708e-03 1.934235976789167965e-04 2.340425531914893179e-02 5.996131528046420855e-03 1.934235976789167965e-04 2.147001934235976198e-02 9.864603481624755268e-03
1.688963210702340567e-02 1.672240802675584658e-04 1.672240802675584658e-04 1.672240802675584658e-04 1.672240802675584658e-04 2.357859531772574235e-02 1.672240802675584658e-04 1.672240802675584658e-04 8.210702341137120219e-02 1.672240802675584658e-04 1.672240802675584658e-04 1.020066889632106552e-02 9.548494983277588943e-02 1.672240802675584658e-04 1.672240802675584658e-04 1.672240802675584658e-04 1.672240802675584658e-04 1.672240802675584658e-04 1.521739130434781977e-02 6.371237458193977632e-02 1.672240802675584658e-04 4.081939799331101848e-01 9.882943143812705777e-02 1.122073578595317173e-01 1.672240802675584658e-04 1.839464882943143368e-03 1.354515050167223560e-02 1.672240802675584658e-04 5.200668896321068713e-02 3.511705685618727972e-03
3.703703703703704604e-04 3.703703703703704604e-04 3.703703703703704604e-04 3.703703703703704604e-04 3.703703703703704604e-04 3.703703703703704604e-04 4.074074074074075444e-03 3.703703703703704604e-04 7.777777777777780156e-03 2.818518518518519089e-01 2.629629629629630025e-02 1.707407407407407762e-01 3.703703703703704604e-04 3.703703703703704604e-04 4.851851851851853026e-02 5.962962962962965047e-02 3.000000000000000583e-02 3.703703703703704604e-04 1.148148148148148487e-02 3.703703703703704604e-04 7.074074074074075680e-02 3.703703703703704604e-04 5.222222222222223237e-02 3.000000000000000583e-02 3.703703703703704604e-04 3.703703703703704604e-04 7.777777777777780156e-03 3.703703703703704604e-04 3.703703703703704604e-04 1.929629629629630028e-01
3.246753246753245666e-04 3.246753246753245666e-04 3.246753246753245666e-04 3.246753246753245666e-04 3.246753246753245666e-04 3.246753246753245666e-04 9.123376623376620864e-02 3.279220779220778231e-02 3.246753246753245666e-04 3.246753246753245666e-04 3.571428571428570450e-03 3.246753246753245666e-04 9.123376623376620864e-02 3.246753246753245666e-04 6.818181818181816116e-03 3.246753246753245666e-04 3.246753246753245666e-04 3.246753246753245666e-04 3.246753246753245666e-04 3.246753246753245666e-04 1.980519480519479791e-02 3.246753246753245666e-04 3.246753246753245666e-04 3.246753246753245666e-04 6.951298701298698202e-01 3.246753246753245666e-04 3.571428571428570450e-03 3.246753246753245666e-04 4.902597402597400761e-02 3.246753246753245666e-04
3.984063745019921551e-04 3.984063745019921551e-04 3.984063745019921551e-04 3.984063745019921551e-04 4.382470119521913489e-03 3.984063745019921551e-04 3.984063745019921551e-04 3.984063745019921551e-04 8.406374501992033843e-02 2.031872509960159709e-02 3.984063745019921551e-04 3.984063745019921551e-04 2.828685258964143759e-02 8.366533864541834606e-03 3.984063745019921551e-04 2.430278884462151734e-02 1.235059760956175659e-02 3.984063745019921551e-04 3.984063745019921551e-04 4.107569721115538752e-01 1.235059760956175659e-02 3.984063745019921551e-04 3.984063745019921551e-04 1.119521912350597975e-01 3.984063745019921551e-04 3.984063745019921551e-04 1.278884462151394785e-01 3.984063745019921551e-04 1.478087649402390902e-01 3.984063745019921551e-04
3.875968992248061962e-04 3.875968992248061962e-04 1.670542635658914810e-01 1.589147286821705404e-02 3.875968992248061962e-04 1.976744186046511600e-02 3.875968992248061962e-04 3.875968992248061962e-04 3.875968992248061962e-04 8.139534883720930120e-03 1.976744186046511600e-02 3.875968992248061962e-04 1.476744186046511642e-01 3.875968992248061962e-04 4.263565891472868158e-03 3.875968992248061962e-04 3.875968992248061962e-04 3.875968992248061962e-04 3.875968992248061962e-04 5.465116279069767019e-02 3.104651162790697527e-01 4.263565891472868158e-03 3.875968992248061962e-04 8.953488372093024172e-02 3.875968992248061962e-04 3.875968992248061962e-04 8.178294573643411780e-02 4.263565891472868158e-03 6.627906976744186995e-02 3.875968992248061962e-04
2.222222222222221787e-04 2.222222222222221787e-04 2.222222222222221787e-04 2.222222222222221787e-04 2.222222222222221787e-04 2.222222222222221787e-04 2.222222222222221787e-04 2.222222222222221787e-04 1.735555555555554907e-01 2.222222222222221787e-04 2.222222222222221787e-04 4.666666666666665318e-03 1.602222222222221826e-01 9.111111111111108024e-03 2.222222222222221787e-04 2.222222222222221787e-04 2.444444444444443965e-03 2.222222222222221787e-04 1.202222222222221887e-01 8.466666666666665397e-02 9.111111111111108024e-03 1.291111111111110932e-01 6.888888888888887105e-03 1.113333333333333119e-01 2.222222222222221787e-04 2.222222222222221787e-04 1.046666666666666440e-01 2.222222222222221787e-04 8.022222222222220867e-02 2.222222222222221787e-04
4.975124378109454593e-04 4.975124378109454593e-04 4.975124378109454593e-04 4.975124378109454593e-04 4.975124378109454593e-04 4.975124378109454593e-04 4.975124378109454593e-04 4.975124378109454593e-04 5.472636815920400161e-03 1.248756218905473087e-01 4.975124378109454593e-04 5.522388059701494045e-02 7.512437810945275796e-02 4.975124378109454593e-04 4.975124378109454593e-04 4.975124378109454593e-04 4.975124378109454593e-04 3.437810945273632734e-01 4.975124378109454593e-04 4.975124378109454593e-04 2.940298507462687505e-01 4.975124378109454593e-04 4.975124378109454593e-04 4.975124378109454593e-04 1.542288557213930891e-02 4.975124378109454593e-04 7.014925373134330011e-02 4.975124378109454593e-04 4.975124378109454593e-04 5.472636815920400161e-03
1.782531194295900400e-04 5.008912655971479999e-02 1.960784313725490169e-03 1.443850267379679156e-02 1.265597147950089062e-02 1.782531194295900400e-04 1.782531194295900400e-04 1.782531194295900400e-04 1.782531194295900400e-04 3.048128342245989483e-02 1.782531194295900400e-04 1.782531194295900400e-04 1.213903743315507960e-01 1.338680926916220870e-01 1.782531194295900400e-04 4.474153297682709890e-02 1.782531194295900400e-04 1.782531194295900400e-04 1.782531194295900400e-04 9.090909090909090468e-03 1.782531194295900400e-04 1.782531194295900400e-04 1.978609625668449265e-02 1.730837789661318904e-01 1.782531194295900400e-04 1.978609625668449265e-02 6.969696969696970168e-02 1.960784313725490169e-03 2.942959001782531336e-01 1.782531194295900400e-04
2.012072434607645557e-04 2.213279678068410302e-03 2.012072434607645557e-04 2.012072434607645557e-04 2.012072434607645557e-04 6.237424547283701090e-03 1.189134808853118536e-01 2.635814889336015460e-02 1.712273641851106143e-01 1.428571428571428180e-02 2.012072434607645557e-04 1.026156941649899144e-02 1.289738430583500517e-01 2.012072434607645557e-04 2.012072434607645557e-04 2.012072434607645557e-04 1.428571428571428180e-02 2.012072434607645557e-04 2.818913480885311129e-01 4.225352112676055913e-03 2.012072434607645557e-04 4.647887323943661331e-02 4.044265593561367778e-02 7.062374245472835543e-02 3.440643863179074224e-02 2.233400402414486424e-02 2.213279678068410302e-03 2.012072434607645557e-04 2.213279678068410302e-03 2.012072434607645557e-04
1.845018450184501520e-04 1.845018450184501520e-04 1.845018450184501520e-04 2.785977859778597174e-02 2.047970479704796717e-02 1.494464944649446202e-02 3.339483394833948210e-02 1.845018450184501520e-04 4.261992619926198433e-02 1.845018450184501520e-04 2.029520295202951862e-03 1.845018450184501520e-04 1.902214022140220895e-01 9.409594095940956859e-03 1.845018450184501520e-04 1.845018450184501520e-04 9.059040590405902094e-02 1.845018450184501520e-04 2.601476014760147060e-02 1.053505535055350301e-01 1.845018450184501520e-04 3.507380073800737130e-01 9.409594095940956859e-03 6.107011070110700268e-02 1.845018450184501520e-04 1.309963099630995914e-02 1.845018450184501520e-04 1.845018450184501520e-04 1.845018450184501520e-04 1.845018450184501520e-04
2.645502645502645681e-04 1.349206349206349097e-02 2.645502645502645681e-04 1.084656084656084561e-02 2.645502645502645681e-04 2.645502645502645681e-04 2.910052910052910412e-03 2.645502645502645681e-04 2.645502645502645681e-04 2.645502645502645681e-04 2.936507936507936484e-02 2.645502645502645681e-04 2.357142857142857095e-01 2.645502645502645681e-04 2.910052910052910412e-03 2.910052910052910412e-03 2.645502645502645681e-04 2.645502645502645681e-04 1.140211640211640232e-01 4.523809523809524391e-02 2.645502645502645681e-04 1.613756613756613806e-02 2.645502645502645681e-04 2.645502645502645681e-04 1.298941798941798953e-01 2.645502645502645681e-04 1.907407407407407385e-01 2.645502645502645681e-04 2.013227513227513199e-01 2.645502645502645681e-04
4.310344827586207921e-04 4.310344827586207921e-04 4.310344827586207921e-04 4.310344827586207921e-04 4.310344827586207921e-04 9.051724137931036959e-03 4.741379310344829255e-03 4.310344827586207921e-04 4.310344827586207921e-04 2.629310344827586604e-02 4.310344827586207921e-04 4.310344827586207921e-04 1.038793103448276134e-01 4.310344827586207921e-04 4.310344827586207921e-04 4.310344827586207921e-04 4.310344827586207921e-04 6.383620689655173930e-01 4.310344827586207921e-04 5.646551724137932604e-02 4.310344827586207921e-04 4.310344827586207921e-04 4.310344827586207921e-04 1.469827586206896852e-01 4.310344827586207921e-04 4.310344827586207921e-04 4.310344827586207921e-04 4.741379310344829255e-03 4.310344827586207921e-04 4.310344827586207921e-04
7.518796992481204542e-04 8.270676691729325972e-03 7.518796992481204542e-04 7.518796992481204542e-04 7.518796992481204542e-04 8.270676691729325972e-03 7.518796992481204542e-04 7.518796992481204542e-04 7.518796992481204542e-04 2.338345864661654783e-01 7.518796992481204542e-04 6.090225563909775625e-02 2.263157894736842757e-01 7.518796992481204542e-04 7.518796992481204542e-04 7.518796992481204542e-04 7.518796992481204542e-04 7.518796992481204542e-04 7.518796992481204542e-04 7.518796992481204542e-04 1.210526315789474117e-01 7.518796992481204542e-04 7.518796992481204542e-04 7.518796992481204542e-04 7.518796992481204542e-04 7.518796992481204542e-04 7.518796992481204542e-04 7.518796992481204542e-04 3.240601503759399371e-01 7.518796992481204542e-04
2.028397565922920864e-04 1.440162271805273640e-02 2.028397565922920864e-04 2.028397565922920864e-04 8.316430020283973809e-03 2.028397565922920864e-04 2.028397565922920864e-04 2.028397565922920864e-04 7.728194726166327799e-02 2.028397565922920864e-04 2.028397565922920864e-04 2.028397565922920864e-04 2.334685598377281568e-01 2.028397565922920864e-04 2.028397565922920864e-04 2.028397565922920864e-04 2.028397565922920864e-04 2.028397565922920864e-04 4.077079107505070937e-02 1.034482758620689467e-02 2.048681541582149726e-02 3.815415821501013660e-01 1.340770791075050483e-01 6.511156186612575281e-02 2.028397565922920864e-04 1.034482758620689467e-02 2.028397565922920864e-04 2.028397565922920864e-04 2.028397565922920864e-04 2.028397565922920864e-04
3.757763975155278130e-02 3.105590062111800273e-04 3.105590062111800273e-04 3.416149068322980355e-03 3.105590062111800273e-04 3.105590062111800273e-04 3.757763975155278130e-02 2.826086956521738081e-02 3.105590062111800273e-04 3.105590062111800273e-04 3.105590062111800273e-04 3.105590062111800273e-04 1.680124223602483813e-01 3.105590062111800273e-04 3.105590062111800273e-04 6.521739130434780519e-03 3.105590062111800273e-04 3.105590062111800273e-04 3.105590062111800273e-04 1.894409937888198031e-02 1.583850931677018015e-02 3.105590062111800273e-04 3.105590062111800273e-04 3.105590062111800273e-04 5.996894409937886250e-01 3.105590062111800273e-04 3.416149068322980355e-03 3.105590062111800273e-04 7.484472049689439022e-02 3.105590062111800273e-04
1.124999999999999611e-02 6.263888888888886897e-02 1.527777777777777424e-03 2.097222222222221502e-02 4.874999999999998779e-02 1.388888888888888617e-04 4.180555555555554720e-02 1.388888888888888617e-04 7.083333333333330373e-03 1.388888888888888617e-04 3.069444444444443740e-02 1.388888888888888617e-04 7.513888888888886619e-02 1.263888888888888354e-02 2.652777777777777166e-02 1.388888888888888617e-04 4.112499999999998934e-01 1.388888888888888617e-04 4.041666666666665630e-02 7.236111111111108440e-02 1.958333333333332760e-02 1.388888888888888617e-04 5.694444444444442081e-03 9.861111111111106955e-03 1.388888888888888617e-04 6.124999999999998501e-02 1.124999999999999611e-02 1.388888888888888617e-04 1.388888888888888617e-04 2.791666666666665908e-02
6.711409395973156168e-04 8.120805369127517825e-02 3.422818791946308919e-02 6.711409395973156168e-04 6.711409395973156168e-04 6.711409395973156168e-04 6.711409395973156168e-04 6.711409395973156168e-04 6.711409395973156168e-04 1.550335570469799085e-01 6.711409395973156168e-04 2.751677852348993411e-02 1.483221476510067360e-01 6.711409395973156168e-04 6.711409395973156168e-04 1.409395973154362741e-02 6.711409395973156168e-04 9.463087248322149536e-02 6.711409395973156168e-04 7.382550335570471460e-03 6.711409395973156168e-04 6.711409395973156168e-04 6.711409395973156168e-04 6.711409395973156168e-04 6.711409395973156168e-04 6.711409395973156168e-04 6.711409395973156168e-04 6.107382550335571647e-02 3.630872483221477265e-01 6.711409395973156168e-04
4.610389610389611231e-02 4.610389610389611231e-02 1.363636363636363917e-02 6.493506493506494585e-04 6.493506493506494585e-04 6.493506493506494585e-04 6.493506493506494585e-04 6.493506493506494585e-04 6.493506493506494585e-04 6.493506493506494585e-04 6.493506493506494585e-04 2.344155844155844659e-01 6.493506493506494585e-04 6.493506493506494585e-04 6.493506493506494585e-04 6.493506493506494585e-04 3.311688311688312097e-02 6.493506493506494585e-04 6.493506493506494585e-04 6.493506493506494585e-04 6.493506493506494585e-04 6.493506493506494585e-04 2.012987012987013311e-02 6.493506493506494585e-04 1.240259740259740534e-01 3.967532467532468576e-01 7.207792207792208805e-02 6.493506493506494585e-04 6.493506493506494585e-04 6.493506493506494585e-04
1.898496240601503168e-02 5.845864661654134181e-02 2.067669172932330626e-03 1.879699248120300322e-04 1.879699248120300322e-04 1.879699248120300322e-04 3.214285714285713969e-02 1.879699248120300322e-04 2.086466165413533233e-02 1.879699248120300322e-04 2.067669172932330626e-03 9.417293233082704718e-02 9.605263157894734782e-02 1.146616541353383083e-02 1.879699248120300322e-04 1.879699248120300322e-04 2.067669172932330626e-03 1.879699248120300322e-04 7.161654135338343941e-02 4.530075187969924422e-02 1.879699248120300322e-04 3.535714285714284810e-01 6.033834586466164246e-02 7.725563909774434135e-02 7.706766917293230400e-03 4.342105263157894357e-02 1.879699248120300322e-04 1.879699248120300322e-04 1.879699248120300322e-04 1.879699248120300322e-04
2.118644067796609837e-04 2.330508474576270875e-03 2.118644067796609837e-04 2.118644067796609837e-04 2.118644067796609837e-04 2.118644067796609837e-04 4.449152542372880603e-03 2.118644067796609837e-04 2.118644067796609837e-04 2.563559322033897442e-02 2.118644067796609837e-04 2.775423728813558588e-02 3.519067796610168553e-01 6.567796610169490332e-03 2.118644067796609837e-04 2.118644067796609837e-04 2.118644067796609837e-04 3.688559322033897470e-01 2.118644067796609837e-04 1.294491525423728528e-01 6.165254237288134154e-02 2.118644067796609837e-04 2.118644067796609837e-04 1.716101694915253897e-02 2.118644067796609837e-04 2.118644067796609837e-04 2.118644067796609837e-04 2.118644067796609837e-04 2.118644067796609837e-04 2.118644067796609837e-04
3.891050583657587819e-04 1.206225680933852192e-02 3.891050583657587819e-04 3.891050583657587819e-04 3.540856031128404580e-02 4.319066147859922100e-02 3.891050583657587819e-04 1.443579766536965125e-01 3.891050583657587819e-04 8.171206225680934312e-03 3.891050583657587819e-04 3.891050583657587819e-04 5.097276264591439621e-02 3.891050583657587819e-04 7.431906614785992182e-02 3.891050583657587819e-04 3.891050583657587819e-04 3.891050583657587819e-04 8.171206225680934312e-03 3.891050583657587819e-04 1.984435797665369539e-02 3.891050583657587819e-04 3.891050583657587819e-04 3.891050583657587819e-04 5.762645914396886671e-01 3.891050583657587819e-04 3.891050583657587819e-04 3.891050583657587819e-04 4.280155642023346710e-03 1.595330739299610778e-02
2.717391304347825578e-04 2.717391304347825578e-04 3.559782608695651052e-02 5.461956521739129433e-02 2.717391304347825578e-04 2.717391304347825578e-04 2.717391304347825578e-04 2.989130434782607919e-03 2.717391304347825578e-04 2.717391304347825578e-04 2.717391304347825578e-04 1.929347826086955792e-02 3.644021739130433590e-01 2.717391304347825578e-04 5.706521739130433063e-03 2.717391304347825578e-04 2.717391304347825578e-04 2.692934782608694677e-01 2.717391304347825578e-04 1.035326086956521452e-01 2.717391304347825578e-04 7.092391304347823999e-02 2.717391304347825578e-04 3.559782608695651052e-02 2.472826086956520994e-02 8.423913043478259075e-03 2.717391304347825578e-04 2.717391304347825578e-04 2.717391304347825578e-04 2.717391304347825578e-04
2.173913043478260408e-04 3.499999999999999639e-02 2.391304347826086422e-03 2.173913043478260408e-04 2.173913043478260408e-04 2.173913043478260408e-04 2.173913043478260408e-04 2.173913043478260408e-04 2.173913043478260408e-04 2.173913043478260408e-04 2.173913043478260408e-04 1.326086956521738656e-02 2.741304347826086230e-01 4.565217391304347318e-03 2.173913043478260408e-04 2.173913043478260408e-04 2.173913043478260408e-04 4.436956521739129355e-01 2.173913043478260408e-04 5.456521739130433535e-02 1.326086956521738656e-02 2.173913043478260408e-04 2.173913043478260408e-04 2.173913043478260408e-04 6.326086956521738414e-02 3.065217391304346853e-02 3.934782608695651385e-02 6.739130434782606913e-03 2.173913043478260408e-04 1.543478260869564703e-02
2.028397565922920322e-04 2.028397565922920322e-04 1.237322515212981207e-02 2.028397565922920322e-04 2.028397565922920322e-04 6.288032454361052945e-03 2.028397565922920322e-04 2.028397565922920322e-04 2.231237322515212517e-03 4.482758620689653722e-02 2.028397565922920322e-04 2.028397565922920322e-04 2.517241379310343752e-01 2.028397565922920322e-04 2.028397565922920322e-04 2.028397565922920322e-04 2.028397565922920322e-04 4.991886409736306374e-01 2.028397565922920322e-04 1.137931034482758258e-01 3.265720081135901898e-02 1.643002028397565206e-02 2.028397565922920322e-04 1.643002028397565206e-02 2.028397565922920322e-04 2.028397565922920322e-04 2.028397565922920322e-04 2.028397565922920322e-04 2.028397565922920322e-04 2.028397565922920322e-04
1.382183908045976628e-01 2.873563218390804016e-04 6.034482758620687837e-03 2.873563218390804016e-04 2.873563218390804016e-04 1.752873563218390260e-02 3.160919540229884146e-03 2.873563218390804016e-04 2.873563218390804016e-04 2.873563218390804016e-04 2.873563218390804016e-04 2.873563218390804016e-04 9.511494252873560484e-02 1.178160919540229348e-02 2.873563218390804016e-04 2.873563218390804016e-04 2.873563218390804016e-04 4.054597701149423861e-01 2.873563218390804016e-04 1.841954022988505080e-01 1.324712643678160606e-01 2.873563218390804016e-04 2.873563218390804016e-04 2.873563218390804016e-04 2.873563218390804016e-04 2.873563218390804016e-04 2.873563218390804016e-04 2.873563218390804016e-04 2.873563218390804016e-04 2.873563218390804016e-04
6.578947368421055736e-04 7.236842105263161309e-03 1.381578947368421705e-02 6.578947368421055736e-04 6.578947368421055736e-04 6.578947368421055736e-04 7.236842105263161309e-03 1.381578947368421705e-02 6.578947368421055736e-04 3.355263157894737558e-02 6.578947368421055736e-04 9.276315789473688067e-02 1.322368421052632081e-01 6.578947368421055736e-04 6.578947368421055736e-04 1.381578947368421705e-02 5.328947368421054626e-02 4.875000000000001554e-01 6.578947368421055736e-04 6.578947368421055736e-04 1.381578947368421705e-02 7.236842105263161309e-03 6.578947368421055736e-04 6.578947368421055736e-04 1.125000000000000583e-01 6.578947368421055736e-04 6.578947368421055736e-04 6.578947368421055736e-04 6.578947368421055736e-04 6.578947368421055736e-04
2.570480928689884963e-03 5.887230514096187736e-03 5.887230514096187736e-03 8.291873963515758558e-05 8.291873963515758558e-05 8.291873963515758558e-05 8.291873963515758558e-05 8.291873963515758558e-05 5.887230514096187736e-03 8.291873963515758558e-05 8.291873963515758558e-05 5.058043117744611718e-03 6.310116086235491306e-02 2.570480928689884963e-03 8.291873963515758558e-05 8.291873963515758558e-05 8.291873963515758558e-05 6.966003316749588281e-01 8.291873963515758558e-05 9.543946932006636130e-02 6.641791044776121367e-02 1.741293532338309162e-03 8.291873963515758558e-05 8.291873963515758558e-05 8.291873963515758558e-05 8.291873963515758558e-05 2.164179104477612775e-02 8.291873963515758558e-05 2.247097844112770290e-02 3.399668325041460548e-03
1.915708812260536191e-04 5.574712643678159801e-02 5.938697318007661596e-03 1.915708812260536191e-04 2.318007662835248547e-02 1.915708812260536191e-04 1.915708812260536191e-04 1.915708812260536191e-04 1.915708812260536191e-04 1.915708812260536191e-04 2.107279693486589865e-03 1.170498084291187457e-01 1.687739463601532208e-01 1.915708812260536191e-04 5.938697318007661596e-03 2.107279693486589865e-03 1.915708812260536191e-04 4.254789272030650160e-01 1.915708812260536191e-04 1.551724137931034114e-02 7.854406130268196812e-03 1.915708812260536191e-04 1.915708812260536191e-04 1.915708812260536191e-04 8.448275862068964359e-02 6.340996168582374581e-02 1.915708812260536191e-04 9.770114942528732027e-03 4.022988505747125514e-03 5.938697318007661596e-03
4.255319148936170717e-04 2.595744680851063899e-02 8.978723404255320450e-02 4.255319148936170717e-04 5.574468085106383530e-02 3.872340425531915070e-02 4.255319148936170717e-04 4.255319148936170717e-04 4.255319148936170717e-04 2.595744680851063899e-02 4.255319148936170717e-04 2.685106382978723616e-01 4.255319148936170717e-04 1.280851063829787362e-01 4.255319148936170717e-04 4.255319148936170717e-04 4.255319148936170717e-04 4.255319148936170717e-04 4.255319148936170717e-04 4.255319148936170717e-04 1.744680851063830015e-02 4.255319148936170717e-04 4.255319148936170717e-04 3.021276595744681187e-02 4.680851063829788439e-03 2.131914893617021522e-01 9.404255319148938086e-02 4.255319148936170717e-04 4.255319148936170717e-04 4.255319148936170717e-04
3.174603174603174600e-04 1.844444444444444386e-01 3.174603174603174600e-04 3.174603174603174600e-04 3.174603174603174600e-04 3.174603174603174600e-04 3.174603174603174600e-04 1.177777777777777868e-01 3.174603174603174600e-04 3.174603174603174600e-04 3.174603174603174600e-04 3.174603174603174600e-04 3.523809523809523503e-02 1.301587301587301543e-02 3.174603174603174600e-04 3.174603174603174600e-04 3.174603174603174600e-04 3.174603174603174600e-04 3.174603174603174600e-04 3.174603174603174600e-04 4.158730158730158943e-02 3.174603174603174600e-04 3.174603174603174600e-04 9.841269841269841695e-03 2.733333333333333171e-01 3.523809523809523503e-02 3.174603174603174600e-04 3.174603174603174600e-04 2.828571428571428625e-01 3.174603174603174600e-04
4.366812227074236448e-04 1.353711790393013342e-02 4.366812227074236448e-04 4.366812227074236448e-04 4.366812227074236448e-04 4.366812227074236448e-04 4.410480349344978596e-02 9.213973799126638775e-02 4.366812227074236448e-04 1.139737991266375761e-01 4.366812227074236448e-04 4.366812227074236448e-04 3.541484716157205503e-01 4.366812227074236448e-04 4.366812227074236448e-04 4.366812227074236448e-04 4.366812227074236448e-04 4.366812227074236448e-04 4.366812227074236448e-04 4.366812227074236448e-04 4.410480349344978596e-02 4.366812227074236448e-04 4.366812227074236448e-04 4.366812227074236448e-04 4.366812227074236448e-04 4.366812227074236448e-04 4.366812227074236448e-04 4.366812227074236448e-04 2.580786026200873606e-01 7.030567685589521332e-02
5.405405405405406573e-04 5.405405405405406573e-04 5.405405405405406573e-04 5.405405405405406573e-04 5.405405405405406573e-04 5.405405405405406573e-04 5.405405405405406573e-04 5.459459459459459901e-02 5.405405405405406573e-04 1.789189189189189511e-01 4.378378378378378760e-02 5.405405405405406573e-04 5.405405405405406573e-04 5.405405405405406573e-04 5.405405405405406573e-04 2.437837837837838195e-01 9.783783783783786547e-02 5.405405405405406573e-04 5.405405405405406573e-04 5.405405405405406573e-04 5.405405405405406573e-04 5.405405405405406573e-04 5.405405405405406573e-04 7.081081081081082307e-02 5.405405405405406573e-04 5.405405405405406573e-04 2.216216216216216478e-02 5.405405405405406573e-04 5.459459459459459901e-02 2.221621621621621967e-01
3.615221987315010016e-02 8.266384778012683676e-02 2.114164904862578882e-04 2.114164904862578882e-04 1.439746300211416086e-01 1.078224101479915119e-02 2.114164904862578882e-04 1.923890063424946520e-02 2.114164904862578882e-04 2.114164904862578882e-04 2.114164904862578882e-04 2.114164904862578882e-04 1.714587737843551174e-01 2.114164904862578882e-04 2.114164904862578882e-04 2.325581395348836743e-03 2.114164904862578882e-04 2.114164904862578882e-04 8.477801268498941223e-02 2.369978858350950679e-01 4.439746300211415246e-03 2.325581395348836743e-03 2.325581395348836743e-03 7.843551797040167195e-02 2.114164904862578882e-04 2.114164904862578882e-04 6.575052854122620527e-02 2.325581395348836743e-03 5.306553911205073165e-02 2.114164904862578882e-04
2.770083102493073931e-04 5.844875346260386406e-02 2.770083102493073931e-04 2.770083102493073931e-04 2.770083102493073931e-04 8.060941828254845898e-02 5.844875346260386406e-02 8.891966759002767340e-02 2.770083102493073931e-04 1.498614958448752921e-01 2.770083102493073931e-04 2.770083102493073931e-04 1.249307479224376349e-01 2.770083102493073931e-04 2.770083102493073931e-04 2.770083102493073931e-04 4.459833795013849744e-02 8.587257617728528969e-03 8.614958448753459730e-02 2.770083102493073931e-04 3.351800554016619305e-02 2.770083102493073931e-04 2.770083102493073931e-04 2.770083102493073931e-04 2.770083102493073931e-04 2.770083102493073931e-04 2.770083102493073931e-04 2.770083102493073931e-04 2.578947368421051767e-01 3.047091412742381541e-03
4.878048780487805416e-04 7.365853658536584969e-02 4.878048780487805416e-04 1.024390243902439067e-02 1.175609756097561048e-01 4.878048780487805416e-04 4.878048780487805416e-04 4.878048780487805416e-04 4.878048780487805416e-04 1.468292682926829462e-01 4.926829268292682446e-02 1.512195121951219641e-02 5.365853658536585795e-03 4.878048780487805416e-04 6.390243902439024515e-02 2.980487804878048652e-01 4.926829268292682446e-02 4.878048780487805416e-04 4.878048780487805416e-04 4.878048780487805416e-04 4.878048780487805416e-04 4.878048780487805416e-04 5.365853658536585795e-03 4.878048780487805416e-04 4.878048780487805416e-04 6.390243902439024515e-02 4.878048780487805416e-04 4.878048780487805416e-04 5.902439024390243594e-02 3.463414634146341070e-02
4.255319148936170717e-04 4.680851063829787571e-03 4.680851063829787571e-03 4.255319148936170717e-04 8.127659574468085180e-02 4.255319148936170717e-04 4.255319148936170717e-04 4.255319148936170717e-04 4.255319148936170717e-04 2.046808510638297995e-01 6.425531914893617413e-02 4.255319148936170717e-04 6.425531914893617413e-02 4.255319148936170717e-04 4.255319148936170717e-04 2.131914893617021245e-01 8.978723404255319063e-02 4.255319148936170717e-04 4.255319148936170717e-04 4.255319148936170717e-04 4.255319148936170717e-04 4.255319148936170717e-04 4.255319148936170717e-04 3.446808510638297435e-02 4.255319148936170717e-04 4.255319148936170717e-04 4.255319148936170717e-04 4.255319148936170717e-04 5.574468085106382836e-02 1.748936170212765928e-01
6.802721088435374763e-04 6.802721088435374763e-04 6.802721088435374763e-04 6.802721088435374763e-04 6.802721088435374763e-04 1.095238095238095372e-01 1.707482993197279031e-01 2.387755102040816368e-01 6.802721088435374763e-04 1.163265306122449050e-01 6.802721088435374763e-04 6.802721088435374763e-04 1.503401360544217857e-01 6.802721088435374763e-04 6.802721088435374763e-04 6.802721088435374763e-04 6.870748299319727470e-02 6.802721088435374763e-04 6.802721088435374763e-04 7.482993197278912240e-03 6.802721088435374763e-04 6.802721088435374763e-04 6.802721088435374763e-04 7.482993197278912240e-03 4.829931972789115735e-02 6.802721088435374763e-04 6.802721088435374763e-04 6.802721088435374763e-04 6.870748299319727470e-02 6.802721088435374763e-04
3.127753303964758008e-02 1.365638766519824097e-02 4.405286343612336078e-04 1.365638766519824097e-02 1.017621145374449643e-01 4.405286343612336078e-04 2.687224669603524574e-02 4.405286343612336078e-04 4.405286343612336078e-04 1.281938325991189842e-01 4.405286343612336078e-04 4.405286343612336078e-04 4.405286343612336078e-04 4.405286343612336078e-04 4.405286343612336078e-04 3.264317180616740921e-01 1.722466960352423415e-01 4.405286343612336078e-04 4.405286343612336078e-04 4.405286343612336078e-04 4.405286343612336078e-04 4.405286343612336078e-04 4.405286343612336078e-04 4.405286343612336078e-04 4.405286343612336078e-04 9.251101321585906631e-03 4.405286343612336078e-04 4.405286343612336078e-04 1.193832599118943155e-01 4.889867841409692439e-02
1.972386587771202549e-04 7.120315581854040621e-02 1.972386587771202549e-04 1.972386587771202549e-04 1.972386587771202549e-04 2.169625246548323103e-03 1.972386587771202549e-04 4.142011834319525056e-03 1.972386587771202549e-04 1.972386587771202549e-04 1.972386587771202549e-04 7.120315581854040621e-02 1.284023668639052707e-01 1.972386587771202549e-04 1.972386587771202549e-04 1.972386587771202549e-04 1.972386587771202549e-04 5.366863905325441886e-01 1.972386587771202549e-04 3.372781065088756303e-02 9.289940828402364070e-02 1.972386587771202549e-04 1.972386587771202549e-04 1.972386587771202549e-04 1.972386587771202549e-04 1.972386587771202549e-04 1.972386587771202549e-04 5.542406311637079058e-02 1.972386587771202549e-04 1.972386587771202549e-04
1.694915254237288249e-04 2.220338983050847495e-02 1.711864406779661091e-02 8.644067796610168525e-03 8.644067796610168525e-03 3.559322033898305350e-03 1.694915254237288249e-04 1.694915254237288249e-04 1.120338983050847420e-01 1.694915254237288249e-04 3.406779661016949567e-02 3.559322033898305350e-03 1.544067796610169296e-01 1.694915254237288249e-04 1.881355932203389661e-02 1.864406779661017047e-03 1.694915254237288249e-04 1.694915254237288249e-04 4.254237288135593459e-02 1.035593220338983100e-01 1.694915254237288249e-04 3.069491525423728717e-01 6.457627118644068687e-02 8.830508474576270750e-02 1.694915254237288249e-04 1.864406779661017047e-03 5.254237288135593653e-03 1.694915254237288249e-04 1.694915254237288249e-04 1.694915254237288249e-04
1.801801801801801830e-04 1.801801801801801830e-04 1.801801801801801830e-04 1.801801801801801830e-04 1.801801801801801830e-04 5.585585585585585780e-03 1.801801801801801830e-04 1.801801801801801830e-04 1.819819819819819620e-02 1.801801801801801830e-04 1.801801801801801830e-04 1.981981981981982121e-03 1.118918918918919009e-01 1.801801801801801830e-04 1.801801801801801830e-04 1.801801801801801830e-04 1.801801801801801830e-04 1.801801801801801830e-04 3.801801801801801828e-02 7.945945945945946665e-02 3.783783783783783734e-03 3.371171171171171155e-01 2.416216216216216239e-01 5.963963963963964110e-02 1.639639639639639546e-02 1.981981981981982121e-03 1.801801801801801830e-04 1.801801801801801830e-04 1.801801801801801830e-04 8.126126126126126392e-02
1.291989664082687501e-04 3.372093023255814254e-02 1.291989664082687501e-04 1.291989664082687501e-04 2.713178294573643373e-03 5.297157622739017725e-03 1.291989664082687501e-04 1.291989664082687501e-04 1.538759689922480633e-01 1.291989664082687501e-04 1.291989664082687501e-04 4.005167958656330983e-03 1.512919896640826933e-01 1.291989664082687501e-04 1.291989664082687501e-04 1.291989664082687501e-04 1.291989664082687501e-04 1.291989664082687501e-04 2.094315245478036158e-01 6.343669250645994628e-02 1.291989664082687501e-04 1.202842377260981838e-01 8.152454780361757802e-02 1.719638242894056812e-01 1.291989664082687501e-04 1.291989664082687501e-04 1.291989664082687501e-04 1.291989664082687501e-04 1.291989664082687501e-04 1.291989664082687501e-04
