1.572327044025156884e-04 1.745283018867923794e-02 1.007861635220125285e-01 7.405660377358487534e-02 6.776729559748424780e-02 1.572327044025156884e-04 1.572327044025156884e-04 1.902515723270439482e-02 3.003144654088049301e-02 1.572327044025156884e-04 6.446540880503141488e-03 1.572327044025156884e-04 4.152515723270439052e-01 6.776729559748424780e-02 1.572327044025156884e-04 1.572327044025156884e-04 1.572327044025156884e-04 1.729559748427672572e-03 1.572327044025156884e-04 1.572327044025156884e-04 1.572327044025156884e-04 1.572327044025156884e-04 1.729559748427672572e-03 1.572327044025156884e-04 2.059748427672955171e-02 1.572327044025156884e-04 1.715408805031445882e-01 1.572327044025156884e-04 3.301886792452829022e-03 1.572327044025156884e-04
3.380588876772082797e-03 1.090512540894220388e-04 1.090512540894220388e-04 1.255179934569247424e-01 1.090512540894220388e-04 6.652126499454743581e-03 1.090512540894220388e-04 1.090512540894220388e-04 1.090512540894220388e-04 1.549618320610686995e-01 2.073064340239912651e-01 1.090512540894220388e-04 1.090512540894220388e-04 1.386041439476553838e-01 1.090512540894220388e-04 2.410032715376227153e-02 1.090512540894220388e-04 2.290076335877862680e-03 1.090512540894220388e-04 1.090512540894220388e-04 1.199563794983642346e-03 1.090512540894220388e-04 2.628135223555071176e-02 4.918211559432933422e-02 3.380588876772082797e-03 1.090512540894220388e-04 1.964013086150490639e-01 1.090512540894220388e-04 5.354416575790621469e-02 5.561613958560523464e-03
3.380952380952381708e-02 1.385714285714286231e-01 4.761904761904763527e-04 1.100000000000000422e-01 4.761904761904763527e-04 4.761904761904763527e-04 4.761904761904763527e-04 4.761904761904763527e-04 4.761904761904763527e-04 4.761904761904763527e-04 4.671428571428572485e-01 4.761904761904763527e-04 3.380952380952381708e-02 4.761904761904763527e-04 5.238095238095239609e-03 1.476190476190476601e-02 5.238095238095239609e-03 4.761904761904763527e-04 4.761904761904763527e-04 4.761904761904763527e-04 5.761904761904763222e-02 4.761904761904763527e-04 4.761904761904763527e-04 4.761904761904763527e-04 3.380952380952381708e-02 4.761904761904763527e-04 7.666666666666668850e-02 4.761904761904763527e-04 4.761904761904763527e-04 1.476190476190476601e-02
2.852112676056336657e-02 3.521126760563378843e-04 3.873239436619717053e-03 4.964788732394363746e-02 3.873239436619717053e-03 3.521126760563378843e-04 9.190140845070420006e-02 3.521126760563378843e-04 3.521126760563378843e-04 2.147887323943660845e-02 3.521126760563378843e-04 3.521126760563378843e-04 7.394366197183095679e-03 1.341549295774647488e-01 3.521126760563378843e-04 5.073943661971829222e-01 3.521126760563378843e-04 3.521126760563378843e-04 3.873239436619717053e-03 6.373239436619716758e-02 3.521126760563378843e-04 3.521126760563378843e-04 3.521126760563378843e-04 3.521126760563378843e-04 6.373239436619716758e-02 3.521126760563378843e-04 3.521126760563378843e-04 3.521126760563378843e-04 7.394366197183095679e-03 7.394366197183095679e-03
1.494768310911808503e-04 9.118086696562031218e-03 3.678624813153960615e-01 7.623318385650222281e-03 1.316890881913303224e-01 1.494768310911808503e-04 1.494768310911808503e-04 7.488789237668160015e-02 1.958146487294468857e-02 7.040358744394617507e-02 1.494768310911808503e-04 9.118086696562031218e-03 1.494768310911808503e-04 1.720478325859491342e-01 1.494768310911808503e-04 1.494768310911808503e-04 1.494768310911808503e-04 4.633781763826606143e-03 1.286995515695066872e-01 1.494768310911808503e-04 1.494768310911808503e-04 1.494768310911808503e-04 1.494768310911808503e-04 1.494768310911808503e-04 1.494768310911808503e-04 1.494768310911808503e-04 1.494768310911808503e-04 1.494768310911808503e-04 1.494768310911808503e-04 1.644245142002989353e-03
1.226993865030674648e-04 1.226993865030674648e-04 7.484662576687114294e-03 3.093251533742330528e-01 1.975460122699386131e-02 1.349693251533742085e-03 1.226993865030674648e-04 1.226993865030674648e-04 1.044171779141103984e-01 1.226993865030674648e-04 2.576687116564416354e-03 3.803680981595091055e-03 4.674846625766870128e-02 2.258895705521471731e-01 1.226993865030674648e-04 1.226993865030674648e-04 1.226993865030674648e-04 4.429447852760735188e-02 1.226993865030674648e-04 1.239263803680981137e-02 7.374233128834353779e-02 6.269938650306747241e-02 1.226993865030674648e-04 1.226993865030674648e-04 1.226993865030674648e-04 2.576687116564416354e-03 8.711656441717788996e-03 3.815950920245397837e-02 3.079754601226993016e-02 3.803680981595091055e-03
2.132196162046907950e-04 1.087420042643922821e-02 2.132196162046907950e-04 4.477611940298506857e-03 2.345415778251598582e-03 2.132196162046907950e-04 2.132196162046907950e-04 2.345415778251598582e-03 2.132196162046907950e-04 2.132196162046907950e-04 2.132196162046907950e-04 2.132196162046907950e-04 2.132196162046907950e-04 1.196162046908315346e-01 2.132196162046907950e-04 2.923240938166310476e-01 2.132196162046907950e-04 1.940298507462686131e-02 2.132196162046907950e-04 5.162046908315564009e-01 2.132196162046907950e-04 2.132196162046907950e-04 2.132196162046907950e-04 2.345415778251598582e-03 2.132196162046907950e-04 6.609808102345414264e-03 2.132196162046907950e-04 1.727078891257995130e-02 2.132196162046907950e-04 2.345415778251598582e-03
2.687224669603524227e-02 9.295154185022026783e-02 4.405286343612334994e-04 1.105726872246696052e-01 4.405286343612334994e-04 4.405286343612334994e-04 4.405286343612334994e-04 4.405286343612334994e-04 1.986784140969163059e-01 4.405286343612334994e-04 4.405286343612334994e-04 4.845814977973568818e-03 4.405286343612334994e-04 7.973568281938327174e-02 4.405286343612334994e-04 3.127753303964757314e-02 4.405286343612334994e-04 4.405286343612334994e-04 2.118942731277533020e-01 3.127753303964757314e-02 1.722466960352422860e-01 4.405286343612334994e-04 4.405286343612334994e-04 4.405286343612334994e-04 4.405286343612334994e-04 4.405286343612334994e-04 4.405286343612334994e-04 3.127753303964757314e-02 4.405286343612334994e-04 4.405286343612334994e-04
1.251564455569461481e-04 1.514392991239048303e-02 1.376720901126407765e-03 1.251564455569461481e-04 4.142678347934917321e-02 1.251564455569461481e-04 5.131414267834791612e-03 4.294117647058822707e-01 1.251564455569461481e-04 1.251564455569461481e-04 1.251564455569461481e-04 1.251564455569461481e-04 1.251564455569461481e-04 2.704630788485606341e-01 1.251564455569461481e-04 1.889862327909886883e-02 1.251564455569461481e-04 1.251564455569461481e-04 1.251564455569461481e-04 1.251564455569461481e-04 3.879849812265330836e-03 1.251564455569461481e-04 1.251564455569461481e-04 1.002503128911138575e-01 1.138923654568209896e-02 1.376720901126407765e-03 6.020025031289109874e-02 1.251564455569461481e-04 3.892365456821025166e-02 1.251564455569461481e-04
4.291845493562232612e-04 1.330472103004291980e-02 4.291845493562232612e-04 4.291845493562232612e-04 8.197424892703863986e-02 4.291845493562232612e-04 4.291845493562232612e-04 4.291845493562232612e-04 4.291845493562232612e-04 9.055793991416311028e-02 6.909871244635194809e-02 4.721030042918456307e-03 5.283261802575107691e-01 3.047210300429184851e-02 9.012875536480688052e-03 4.291845493562232612e-04 4.291845493562232612e-04 4.721030042918456307e-03 4.291845493562232612e-04 4.291845493562232612e-04 2.188841201716738155e-02 4.721030042918456307e-03 4.291845493562232612e-04 4.291845493562232612e-04 4.291845493562232612e-04 4.291845493562232612e-04 4.763948497854077896e-02 4.291845493562232612e-04 4.291845493562232612e-04 8.626609442060087507e-02
7.042253521126762023e-04 7.042253521126762023e-04 7.042253521126762023e-04 7.042253521126762023e-04 7.042253521126762023e-04 7.042253521126762023e-04 7.042253521126762023e-04 7.746478873239438442e-03 7.042253521126762023e-04 7.746478873239438442e-03 1.478873239436620003e-02 1.478873239436620003e-02 1.626760563380282021e-01 1.274647887323943907e-01 7.746478873239438442e-03 7.042253521126762023e-04 7.042253521126762023e-04 7.746478873239438442e-03 7.042253521126762023e-04 7.042253521126762023e-04 7.042253521126762023e-04 7.042253521126762023e-04 7.042253521126762023e-04 7.042253521126762023e-04 6.274647887323944184e-01 7.042253521126762023e-04 7.042253521126762023e-04 7.042253521126762023e-04 7.042253521126762023e-04 7.746478873239438442e-03
4.803493449781661394e-03 4.366812227074236990e-04 4.366812227074236990e-04 6.593886462882098121e-02 4.366812227074236990e-04 4.366812227074236990e-04 4.803493449781661394e-03 4.803493449781661394e-03 1.353711790393013516e-02 8.340611353711793741e-02 4.371179039301311131e-01 4.366812227074236990e-04 4.366812227074236990e-04 3.537117903930131479e-02 4.366812227074236990e-04 4.366812227074236990e-04 4.366812227074236990e-04 4.366812227074236990e-04 4.366812227074236990e-04 4.803493449781661394e-03 4.803493449781661394e-03 4.366812227074236990e-04 4.366812227074236990e-04 1.707423580786026629e-01 4.366812227074236990e-04 4.366812227074236990e-04 3.100436681222707921e-02 4.366812227074236990e-04 1.314410480349345323e-01 4.366812227074236990e-04
1.792114695340501520e-04 3.064516129032257563e-02 1.792114695340501520e-04 8.082437275985661362e-02 1.792114695340501520e-04 1.792114695340501520e-04 1.792114695340501520e-04 1.792114695340501520e-04 1.792114695340501520e-04 4.318996415770608860e-02 1.093189964157705724e-02 3.763440860215053110e-03 3.854838709677418374e-01 1.274193548387096420e-01 1.792114695340501520e-04 1.792114695340501520e-04 1.792114695340501520e-04 1.792114695340501520e-04 1.971326164874551753e-03 1.792114695340501520e-04 1.792114695340501520e-04 1.792114695340501520e-04 3.763440860215053110e-03 1.792114695340501520e-04 1.971326164874551753e-03 1.792114695340501520e-04 2.976702508960572535e-01 9.139784946236555879e-03 1.792114695340501520e-04 1.792114695340501520e-04
1.116071428571428537e-04 3.247767857142856707e-02 1.116071428571428537e-04 1.116071428571428537e-04 1.116071428571428537e-04 1.116071428571428537e-04 1.116071428571428537e-04 1.116071428571428537e-04 8.270089285714284089e-02 2.801339285714285476e-02 2.801339285714285476e-02 1.116071428571428537e-04 1.796874999999999861e-02 1.697544642857142516e-01 1.116071428571428537e-04 4.921874999999999861e-02 1.116071428571428537e-04 1.116071428571428537e-04 1.116071428571428537e-04 1.116071428571428537e-04 1.061383928571428409e-01 1.116071428571428537e-04 1.685267857142857054e-02 3.805803571428571092e-02 1.116071428571428537e-04 1.116071428571428537e-04 4.108258928571428270e-01 1.116071428571428537e-04 1.116071428571428537e-04 1.796874999999999861e-02
1.228501228501228200e-04 1.131449631449631121e-01 1.228501228501228200e-04 1.303439803439802869e-01 1.977886977886977524e-02 1.228501228501228200e-04 2.592137592137591651e-02 1.228501228501228200e-04 1.228501228501228200e-04 1.228501228501228200e-04 6.400491400491398197e-02 2.346437346437346000e-02 6.265356265356263575e-03 4.092137592137591318e-01 1.351351351351350993e-03 1.609336609336608701e-02 1.351351351351350993e-03 1.228501228501228200e-04 3.697788697788696732e-02 1.228501228501228200e-04 1.228501228501228200e-04 1.228501228501228200e-04 6.646191646191644542e-02 1.363636363636363223e-02 1.228501228501228200e-04 1.228501228501228200e-04 6.523341523341522064e-02 5.036855036855035321e-03 1.228501228501228200e-04 1.228501228501228200e-04
2.732240437158469401e-04 2.732240437158469401e-04 2.732240437158469401e-04 3.336065573770490844e-01 6.038251366120216818e-02 2.732240437158469401e-04 2.732240437158469401e-04 2.732240437158469401e-04 5.218579234972676312e-02 6.311475409836063422e-02 4.398907103825135806e-02 2.732240437158469401e-04 3.852459016393441210e-02 1.068306010928961464e-01 2.732240437158469401e-04 2.732240437158469401e-04 2.732240437158469401e-04 2.732240437158469401e-04 2.732240437158469401e-04 3.005464480874316287e-03 9.863387978142074131e-02 3.579234972677594606e-02 1.393442622950819172e-02 2.759562841530053753e-02 2.732240437158469401e-04 2.759562841530053753e-02 3.005464480874316287e-03 4.945355191256829708e-02 3.852459016393441210e-02 2.732240437158469401e-04
1.256281407035175735e-04 6.407035175879395410e-03 1.256281407035175735e-04 5.917085427135677922e-02 1.232412060301507351e-01 1.256281407035175735e-04 1.256281407035175735e-04 1.256281407035175735e-04 5.037688442211054468e-02 2.638190954773869234e-03 1.559045226130653106e-01 1.256281407035175735e-04 8.178391959798993194e-02 1.646984924623115243e-01 1.256281407035175735e-04 2.273869346733668056e-02 1.256281407035175735e-04 1.256281407035175735e-04 5.150753768844220162e-03 1.381909547738693336e-03 1.256281407035175735e-04 3.894472361809044915e-03 1.381909547738693336e-03 7.675879396984923442e-02 1.256281407035175735e-04 1.256281407035175735e-04 2.400753768844220704e-01 1.256281407035175735e-04 1.256281407035175735e-04 2.638190954773869234e-03
1.355013550135501083e-04 1.355013550135501083e-04 1.504065040650406047e-02 8.550135501355010659e-02 5.298102981029809144e-02 7.737127371273710974e-02 1.355013550135501083e-04 1.355013550135501083e-04 1.355013550135501083e-04 4.756097560975608429e-02 1.490514905149051056e-03 1.355013550135501083e-04 6.910569105691054086e-03 8.550135501355010659e-02 3.265582655826557157e-02 1.355013550135501083e-04 2.181571815718156768e-02 1.355013550135501083e-04 1.355013550135501083e-04 1.355013550135501083e-04 2.968834688346882467e-01 2.859078590785907314e-02 1.355013550135501083e-04 1.490514905149051056e-03 4.200542005420053113e-03 1.355013550135501083e-04 1.166666666666666269e-01 1.234417344173441289e-01 1.355013550135501083e-04 1.355013550135501083e-04
2.499999999999999098e-02 3.086419753086418606e-04 4.351851851851850500e-02 8.672839506172837221e-02 1.453703703703703165e-01 3.086419753086418606e-04 3.086419753086418606e-04 3.395061728395060846e-03 3.086419753086418606e-04 3.086419753086418606e-04 2.688271604938270443e-01 3.086419753086418606e-04 3.086419753086418606e-04 1.114197530864197150e-01 3.086419753086418606e-04 3.086419753086418606e-04 3.086419753086418606e-04 3.086419753086418606e-04 5.895061728395060291e-02 9.567901234567898275e-03 7.438271604938269388e-02 1.361111111111110716e-01 3.086419753086418606e-04 3.086419753086418606e-04 3.086419753086418606e-04 3.086419753086418606e-04 3.086419753086418606e-04 3.086419753086418606e-04 3.117283950617282667e-02 3.086419753086418606e-04
3.184713375796178721e-04 3.184713375796178721e-04 3.184713375796178721e-04 4.171974522292993398e-02 3.184713375796178721e-04 9.872611464968152409e-03 3.184713375796178721e-04 3.184713375796178721e-04 3.184713375796178721e-04 3.184713375796178721e-04 6.719745222929936201e-02 3.184713375796178721e-04 2.837579617834394830e-01 1.404458598726114615e-01 3.184713375796178721e-04 3.184713375796178721e-04 3.184713375796178721e-04 3.184713375796178721e-04 3.184713375796178721e-04 3.184713375796178721e-04 1.181528662420382181e-01 3.184713375796178721e-04 3.184713375796178721e-04 2.898089171974522343e-02 3.184713375796178721e-04 3.184713375796178721e-04 2.359872611464967906e-01 6.719745222929936201e-02 3.184713375796178721e-04 3.184713375796178721e-04
3.084745762711862613e-02 3.389830508474574330e-04 3.389830508474574330e-04 1.867796610169490390e-01 1.799999999999999101e-01 3.389830508474574330e-04 3.389830508474574330e-04 3.389830508474574330e-04 1.359322033898304471e-01 3.389830508474574330e-04 1.050847457627118037e-02 1.050847457627118037e-02 3.389830508474574330e-04 1.461016949152541544e-01 3.389830508474574330e-04 3.389830508474574330e-04 3.389830508474574330e-04 3.389830508474574330e-04 1.050847457627118037e-02 1.389830508474575350e-02 2.037288135593219307e-01 3.389830508474574330e-04 3.389830508474574330e-04 3.389830508474574330e-04 3.389830508474574330e-04 3.389830508474574330e-04 3.389830508474574330e-04 5.118644067796607189e-02 1.389830508474575350e-02 3.389830508474574330e-04
1.381215469613259232e-04 1.381215469613259232e-04 8.425414364640880852e-03 5.676795580110495509e-02 6.091160220994473740e-02 8.024861878453036501e-02 1.381215469613259232e-04 1.381215469613259232e-04 2.223756906077347523e-02 7.058011049723754426e-02 1.381215469613259232e-04 1.381215469613259232e-04 1.671270718232043678e-02 1.617403314917126578e-01 1.381215469613259232e-04 9.806629834254140463e-03 1.381215469613259232e-04 1.519337016574585182e-03 1.381215469613259232e-04 1.381215469613259232e-04 2.321823204419888598e-01 1.381215469613259232e-04 3.328729281767955211e-02 1.381215469613259232e-04 5.662983425414362497e-03 1.381215469613259232e-04 1.147790055248618379e-01 1.230662983425413887e-01 1.381215469613259232e-04 1.381215469613259232e-04
1.088139281828073775e-04 1.088139281828073775e-04 1.196953210010881247e-03 7.736670293797603959e-02 3.819368879216539225e-02 1.196953210010881247e-03 1.751904243743198850e-02 1.088139281828073775e-04 1.196953210010881247e-03 1.807399347116430410e-01 3.373231773667028852e-03 1.088139281828073775e-04 5.886833514689879254e-02 1.110990206746463177e-01 1.088139281828073775e-04 1.088139281828073775e-04 5.549510337323176022e-03 1.088139281828073775e-04 9.902067464635471231e-03 1.088139281828073775e-04 2.275299238302501970e-01 1.088139281828073775e-04 2.285092491838954833e-03 1.088139281828073775e-04 1.088139281828073775e-04 8.813928182807396344e-03 1.502720348204569789e-01 8.171926006528833220e-02 2.187159956474428457e-02 1.088139281828073775e-04
2.849002849002848278e-04 2.849002849002848278e-04 5.982905982905981600e-03 2.022792022792022082e-02 2.849002849002848278e-04 8.831908831908829444e-03 2.849002849002848278e-04 2.849002849002848278e-04 3.162393162393161566e-02 8.290598290598288900e-02 2.849002849002848278e-04 2.849002849002848278e-04 8.831908831908829444e-03 2.168091168091167142e-01 2.849002849002848278e-04 2.849002849002848278e-04 3.133903133903133322e-03 7.720797720797718811e-02 2.849002849002848278e-04 3.133903133903133322e-03 2.908831908831907564e-01 8.831908831908829444e-03 2.849002849002848278e-04 2.849002849002848278e-04 2.849002849002848278e-04 2.849002849002848278e-04 1.427350427350426998e-01 9.145299145299143340e-02 3.133903133903133322e-03 2.849002849002848278e-04
2.212389380530973150e-04 2.212389380530973150e-04 9.070796460176987555e-03 1.440265486725663124e-01 2.789823008849556807e-01 2.455752212389379976e-02 2.212389380530973150e-04 2.212389380530973150e-04 2.212389380530973150e-04 2.212389380530973150e-04 2.212389380530973150e-04 2.212389380530973150e-04 2.212389380530973150e-04 1.838495575221238409e-01 2.212389380530973150e-04 4.225663716814158366e-02 9.070796460176987555e-03 2.212389380530973150e-04 1.792035398230087950e-02 2.212389380530973150e-04 1.506637168141592431e-01 2.013274336283185292e-02 2.212389380530973150e-04 4.646017699115043316e-03 3.340707964601768998e-02 2.212389380530973150e-04 1.792035398230087950e-02 5.995575221238937103e-02 2.212389380530973150e-04 2.212389380530973150e-04
3.376205787781350748e-03 1.607717041800643123e-04 9.501607717041800349e-02 1.607717041800643123e-04 1.673633440514469273e-01 1.607717041800643123e-04 1.607717041800643123e-04 1.754019292604501457e-01 1.607717041800643123e-04 1.607717041800643123e-04 9.807073954983923023e-03 1.607717041800643123e-04 1.255627009646302084e-01 1.641479099678456455e-01 1.607717041800643123e-04 1.607717041800643123e-04 1.607717041800643123e-04 1.303858520900321449e-01 1.607717041800643123e-04 1.302250803858520829e-02 1.607717041800643123e-04 4.678456591639871404e-02 1.607717041800643123e-04 1.607717041800643123e-04 5.964630225080386206e-02 4.983922829581993383e-03 1.607717041800643123e-04 1.607717041800643123e-04 1.768488745980707462e-03 1.607717041800643123e-04
1.147028154327424344e-03 1.042752867570385792e-04 1.042752867570385792e-04 3.764337851929092787e-02 1.043795620437956012e-01 1.042752867570385792e-04 1.574556830031282467e-02 1.042752867570385792e-04 3.764337851929092787e-02 4.285714285714285060e-02 1.042752867570385792e-04 1.042752867570385792e-04 2.095933263816475434e-02 1.043795620437956012e-01 1.042752867570385792e-04 1.042752867570385792e-04 1.042752867570385792e-04 1.042752867570385792e-04 1.042752867570385792e-04 1.042752867570385792e-04 2.461939520333680520e-01 8.039624608967672892e-02 1.042752867570385792e-04 1.042752867570385792e-04 1.042752867570385792e-04 1.042752867570385792e-04 8.248175182481749801e-02 2.242961418143899488e-01 1.042752867570385792e-04 1.042752867570385792e-04
1.406469760900140402e-04 1.406469760900140402e-04 8.579465541490855288e-03 3.811533052039380032e-02 3.952180028129394229e-02 9.985935302390995527e-03 1.406469760900140402e-04 1.406469760900140402e-04 4.796061884669478026e-02 1.406469760900140402e-04 1.406469760900140402e-04 1.406469760900140402e-04 1.139240506329113577e-02 2.139240506329113112e-01 1.406469760900140402e-04 2.953586497890294330e-03 1.406469760900140402e-04 1.406469760900140402e-04 2.953586497890294330e-03 5.766526019690573941e-03 2.842475386779182989e-01 5.780590717299576714e-02 1.406469760900140402e-04 1.406469760900140402e-04 1.406469760900140402e-04 1.406469760900140402e-04 8.452883263009842996e-02 1.900140646976089254e-01 1.406469760900140402e-04 1.406469760900140402e-04
8.971553610503280041e-03 2.188183807439824486e-04 2.188183807439824486e-04 8.118161925601748152e-02 2.188183807439824486e-04 9.649890590809626079e-02 2.188183807439824486e-04 2.188183807439824486e-04 4.398249452954047095e-02 2.188183807439824486e-04 2.188183807439824486e-04 2.188183807439824486e-04 2.188183807439824486e-04 8.118161925601748152e-02 2.188183807439824486e-04 2.188183807439824486e-04 7.242888402625818900e-02 4.595185995623631177e-03 2.188183807439824486e-04 2.188183807439824486e-04 4.617067833698029755e-02 2.387308533916848163e-01 2.188183807439824486e-04 2.188183807439824486e-04 7.461706783369800866e-02 2.188183807439824486e-04 2.188183807439824486e-04 6.586433260393871614e-02 1.818380743982493941e-01 2.188183807439824486e-04
2.358490566037735867e-04 9.221698113207547898e-02 2.358490566037735867e-04 2.358490566037735867e-04 2.358490566037735867e-04 2.594339622641509725e-03 2.358490566037735867e-04 2.358490566037735867e-04 2.358490566037735867e-04 1.393867924528301994e-01 2.594339622641509725e-03 4.033018867924528794e-02 2.358490566037735867e-04 2.358490566037735867e-04 2.358490566037735867e-04 4.952830188679245918e-03 7.311320754716981243e-03 2.358490566037735867e-04 2.358490566037735867e-04 2.358490566037735867e-04 5.448113207547169989e-02 3.561320754716981035e-02 1.438679245283018722e-02 1.558962264150943189e-01 2.358490566037735867e-04 7.311320754716981243e-03 4.176886792452830233e-01 2.358490566037735867e-04 2.358490566037735867e-04 2.146226415094339493e-02
2.801120448179270431e-04 2.801120448179270431e-04 2.801120448179270431e-04 1.375350140056021686e-01 4.789915966386552870e-02 2.801120448179270431e-04 2.801120448179270431e-04 2.801120448179270431e-04 9.271708683473385559e-02 2.801120448179270431e-04 4.229691876750698437e-02 2.801120448179270431e-04 1.515406162464985329e-01 1.039215686274509304e-01 2.801120448179270431e-04 2.801120448179270431e-04 2.801120448179270431e-04 2.801120448179270431e-04 2.801120448179270431e-04 2.801120448179270431e-04 1.627450980392156077e-01 2.549019607843135832e-02 3.081232492997197474e-03 3.669467787114844004e-02 2.801120448179270431e-04 3.081232492997197474e-03 1.347338935574229069e-01 5.070028011204479740e-02 2.801120448179270431e-04 3.081232492997197474e-03
1.428571428571429221e-03 1.428571428571429221e-03 1.428571428571429221e-03 5.857142857142858677e-02 1.428571428571429221e-03 1.014285714285714651e-01 1.428571428571429221e-03 1.428571428571429221e-03 1.428571428571429221e-03 1.428571428571429221e-03 1.428571428571429221e-03 1.428571428571429221e-03 1.571428571428572230e-02 1.428571428571429221e-03 1.428571428571429221e-03 1.571428571428572230e-02 1.157142857142857556e-01 1.428571428571429221e-03 1.428571428571429221e-03 1.728571428571429314e-01 1.428571428571429221e-03 1.157142857142857556e-01 1.728571428571429314e-01 1.871428571428572218e-01 1.428571428571429221e-03 1.428571428571429221e-03 1.428571428571429221e-03 1.428571428571429221e-03 1.428571428571429221e-03 1.571428571428572230e-02
1.253132832080200486e-04 1.378446115288220562e-03 3.884711779448621859e-03 1.166666666666666546e-01 8.157894736842104255e-02 5.902255639097744866e-02 1.253132832080200486e-04 7.644110275689222286e-03 2.518796992481203353e-02 1.253132832080200486e-04 1.253132832080200486e-04 1.378446115288220562e-03 1.378446115288220562e-03 1.705513784461152871e-01 1.253132832080200486e-04 1.378446115288220562e-03 1.253132832080200486e-04 1.516290726817042488e-02 2.631578947368420993e-03 1.253132832080200486e-04 2.507518796992481147e-01 1.253132832080200486e-04 4.649122807017543740e-02 1.253132832080200486e-04 1.253132832080200486e-04 1.253132832080200486e-04 7.656641604010025470e-02 1.204260651629072559e-01 1.253132832080200486e-04 1.641604010025062704e-02
1.031991744066047308e-04 1.031991744066047308e-04 1.031991744066047308e-04 1.135190918472651998e-03 2.487100103199173934e-02 1.031991744066047308e-04 3.107327141382868474e-01 1.031991744066047308e-04 1.208462332301341313e-01 2.487100103199173934e-02 5.995872033023734449e-02 1.351909184726521850e-02 1.031991744066047308e-04 9.091847265221875141e-02 7.327141382868935029e-03 1.867905056759545587e-02 2.693498452012383498e-02 3.519091847265221062e-02 1.031991744066047308e-04 2.177502579979359934e-02 1.031991744066047308e-04 1.351909184726521850e-02 8.575851393188851923e-02 2.280701754385964369e-02 1.115583075335396940e-01 3.199174406604746342e-03 1.031991744066047308e-04 3.199174406604746342e-03 1.031991744066047308e-04 2.167182662538699386e-03
2.202643171806166955e-04 2.885462555066078613e-02 2.202643171806166955e-04 2.202643171806166955e-04 2.202643171806166955e-04 1.367841409691629706e-01 2.202643171806166955e-04 2.422907488986783542e-03 1.343612334801761767e-02 2.202643171806166955e-04 2.665198237885461896e-02 2.665198237885461896e-02 2.422907488986783542e-03 7.511013215859028980e-02 2.202643171806166955e-04 7.951541850220263108e-02 2.050660792951541078e-01 2.202643171806166955e-04 2.202643171806166955e-04 2.202643171806166955e-04 1.081497797356827939e-01 5.748898678414095936e-02 2.202643171806166955e-04 2.202643171806166955e-04 2.202643171806166955e-04 1.632158590308369628e-01 2.202643171806166955e-04 6.629955947136562111e-02 4.625550660792950713e-03 2.202643171806166955e-04
2.016129032258063972e-04 1.633064516129031571e-02 5.463709677419353178e-02 2.016129032258063972e-04 5.062499999999998668e-01 2.016129032258063972e-04 8.266129032258061338e-03 2.016129032258063972e-04 2.016129032258063972e-04 7.076612903225804052e-02 2.016129032258063972e-04 2.016129032258063972e-04 2.016129032258063972e-04 1.231854838709676991e-01 2.217741935483870559e-03 6.249999999999997745e-03 2.016129032258063972e-04 1.633064516129031571e-02 2.217741935483870559e-03 2.016129032258063972e-04 9.294354838709674438e-02 8.084677419354836803e-02 2.016129032258063972e-04 2.016129032258063972e-04 2.016129032258063972e-04 2.016129032258063972e-04 1.633064516129031571e-02 2.016129032258063972e-04 2.016129032258063972e-04 2.016129032258063972e-04
1.579778830963664954e-04 1.279620853080568402e-02 1.579778830963664954e-04 1.579778830963664954e-04 2.402843601895734149e-01 1.579778830963664954e-04 5.860979462875196694e-02 1.579778830963664954e-04 1.579778830963664954e-04 1.579778830963664954e-04 2.069510268562400890e-02 1.579778830963664954e-04 1.579778830963664954e-04 1.202211690363348823e-01 1.753554502369667964e-02 1.579778830963664954e-04 1.579778830963664954e-04 1.737756714060031396e-03 3.965244865718799139e-02 1.753554502369667964e-02 1.579778830963664954e-04 1.375987361769351880e-01 1.579778830963664954e-04 1.579778830963664954e-04 1.723538704581358272e-01 1.579778830963664954e-04 1.579778830963664954e-04 6.477093206951025500e-03 5.703001579778830404e-02 9.494470774091626208e-02
3.952569169960474800e-04 3.952569169960474800e-04 3.952569169960474800e-04 1.225296442687747248e-02 1.031620553359683945e-01 3.952569169960474800e-04 3.952569169960474800e-04 3.952569169960474800e-04 3.952569169960474800e-04 3.952569169960474800e-04 3.952569169960474800e-04 3.952569169960474800e-04 3.952569169960474800e-04 1.664031620553359792e-01 3.952569169960474800e-04 3.952569169960474800e-04 4.347826086956522659e-03 7.549407114624506754e-02 3.952569169960474800e-04 5.573122529644269213e-02 3.201581027667984441e-02 3.952569169960474800e-04 3.952569169960474800e-04 3.952569169960474800e-04 1.225296442687747248e-02 4.347826086956522659e-03 4.347826086956522659e-03 3.952569169960474800e-04 3.952569169960474800e-04 5.221343873517786394e-01
1.901140684410645998e-04 1.901140684410645998e-04 1.901140684410645998e-04 1.901140684410645998e-04 2.264258555133079331e-01 2.091254752851710950e-03 2.091254752851710950e-03 1.901140684410645998e-04 7.794676806083648130e-03 2.091254752851710950e-03 1.901140684410645998e-04 1.901140684410645998e-04 7.623574144486690296e-02 2.091254752851710950e-03 1.901140684410645998e-04 1.901140684410645998e-04 1.920152091254752336e-02 1.901140684410645998e-04 1.901140684410645998e-04 1.901140684410645998e-04 2.568441064638782856e-01 2.093155893536121082e-01 1.901140684410645998e-04 1.901140684410645998e-04 1.901140684410645998e-04 1.901140684410645998e-04 4.771863117870722010e-02 1.446768060836501613e-01 1.901140684410645998e-04 1.901140684410645998e-04
4.545454545454547077e-04 4.545454545454547077e-04 4.545454545454547077e-04 4.545454545454547077e-04 1.368181818181818665e-01 4.545454545454547077e-04 4.545454545454547077e-04 3.231818181818182367e-01 5.000000000000001839e-03 5.000000000000001839e-03 4.545454545454547077e-04 4.545454545454547077e-04 4.545454545454547077e-04 4.545454545454547077e-04 4.545454545454547077e-04 4.545454545454547077e-04 4.545454545454547077e-04 1.368181818181818665e-01 3.140909090909091428e-01 5.000000000000001839e-03 1.409090909090909491e-02 5.000000000000001839e-03 5.000000000000001839e-03 4.136363636363637325e-02 4.545454545454547077e-04 4.545454545454547077e-04 4.545454545454547077e-04 4.545454545454547077e-04 4.545454545454547077e-04 4.545454545454547077e-04
3.736654804270463006e-03 3.754448398576512580e-02 1.779359430604982332e-04 3.736654804270463006e-03 2.154804270462633287e-01 1.779359430604982332e-04 1.263345195729537358e-02 1.478647686832740005e-01 1.957295373665480457e-03 8.202846975088967652e-02 1.779359430604982332e-04 1.779359430604982332e-04 1.211743772241992839e-01 2.101423487544483992e-01 1.957295373665480457e-03 1.779359430604982332e-04 1.779359430604982332e-04 1.779359430604982332e-04 1.779359430604982332e-04 1.957295373665480457e-03 1.957295373665480457e-03 1.779359430604982332e-04 1.779359430604982332e-04 3.736654804270463006e-03 1.779359430604982332e-04 1.779359430604982332e-04 1.514234875444839812e-01 1.779359430604982332e-04 1.779359430604982332e-04 1.779359430604982332e-04
2.475247524752475820e-04 2.475247524752475820e-04 2.475247524752475820e-04 2.475247524752475820e-04 9.925742574257427620e-02 6.707920792079209715e-02 3.242574257425742679e-02 2.475247524752475820e-04 2.475247524752475820e-04 2.475247524752475820e-04 2.995049504950495281e-02 2.475247524752475820e-04 2.475247524752475820e-04 1.289603960396039917e-01 2.475247524752475820e-04 2.475247524752475820e-04 2.475247524752475820e-04 2.475247524752475820e-04 5.198019801980199167e-03 2.475247524752475820e-04 2.475247524752475820e-04 7.673267326732674878e-03 2.475247524752475820e-04 7.673267326732674878e-03 2.475247524752475820e-04 2.475247524752475820e-04 2.475247524752475820e-04 5.965346534653466481e-02 2.475247524752475820e-04 5.571782178217822290e-01
3.412969283276450004e-04 2.423208191126279346e-02 3.412969283276450004e-04 5.836177474402729631e-02 7.542662116040954601e-02 3.412969283276450004e-04 3.412969283276450004e-04 3.412969283276450004e-04 2.081911262798634421e-02 3.412969283276450004e-04 2.358361774744026640e-01 3.412969283276450004e-04 3.412969283276450004e-04 1.675767918088736930e-01 3.412969283276450004e-04 3.412969283276450004e-04 3.412969283276450004e-04 3.412969283276450004e-04 3.412969283276450004e-04 3.412969283276450004e-04 3.412969283276450004e-04 3.412969283276450004e-04 3.412969283276450004e-04 1.300341296928327339e-01 3.412969283276450004e-04 3.412969283276450004e-04 2.631399317406142857e-01 1.740614334470989150e-02 3.412969283276450004e-04 3.412969283276450004e-04
1.245330012453299789e-04 1.245330012453299789e-04 6.737235367372351735e-02 1.245330012453299789e-04 1.433374844333747955e-01 2.129514321295142634e-02 1.245330012453299789e-04 4.744707347447072593e-02 3.748443337484432675e-02 1.245330012453299789e-04 1.245330012453299789e-04 1.245330012453299789e-04 1.245330012453299789e-04 1.458281444582814057e-01 1.245330012453299789e-04 2.615193026151929612e-03 7.596513075965128335e-03 3.499377334993772348e-02 4.073474470734743669e-01 1.245330012453299789e-04 1.245330012453299789e-04 7.110834371108341878e-02 1.245330012453299789e-04 1.369863013698629931e-03 1.245330012453299789e-04 8.841843088418427365e-03 1.245330012453299789e-04 1.369863013698629931e-03 1.245330012453299789e-04 1.245330012453299789e-04
6.496815286624201338e-03 1.273885350318470946e-04 1.262420382165604649e-01 1.273885350318470946e-04 1.759235668789808360e-01 1.401273885350318204e-03 2.675159235668789041e-03 1.273885350318470946e-04 1.273885350318470946e-04 1.273885350318470946e-04 1.273885350318470946e-04 1.273885350318470946e-04 4.230573248407642484e-01 3.707006369426750492e-02 1.273885350318470946e-04 2.675159235668789041e-03 1.273885350318470946e-04 5.222929936305730284e-03 1.273885350318470946e-04 1.273885350318470946e-04 6.636942675159233918e-02 6.891719745222928128e-02 1.273885350318470946e-04 1.273885350318470946e-04 2.675159235668789041e-03 1.273885350318470946e-04 6.127388535031845496e-02 1.541401273885349872e-02 1.273885350318470946e-04 2.675159235668789041e-03
3.401360544217685755e-04 3.401360544217685755e-04 3.401360544217685755e-04 3.401360544217685755e-04 3.401360544217685755e-04 3.401360544217685755e-04 3.401360544217685755e-04 3.401360544217685755e-04 3.775510204081630738e-02 3.401360544217685755e-04 3.401360544217685755e-04 3.401360544217685755e-04 3.401360544217685755e-04 1.193877551020407768e-01 3.401360544217685755e-04 5.751700680272106014e-01 3.401360544217685755e-04 3.401360544217685755e-04 3.401360544217685755e-04 3.401360544217685755e-04 3.401360544217685755e-04 3.401360544217685755e-04 3.401360544217685755e-04 3.401360544217685755e-04 2.112244897959182910e-01 3.401360544217685755e-04 2.074829931972788089e-02 2.414965986394556827e-02 3.401360544217685755e-04 3.741496598639454819e-03
1.524390243902438752e-04 1.524390243902438752e-04 9.314024390243900997e-02 9.771341463414631723e-02 3.096036585365852800e-01 6.249999999999998612e-03 1.524390243902438752e-04 1.524390243902438752e-04 7.774390243902437256e-03 5.045731707317072795e-02 1.844512195121950776e-02 1.524390243902438752e-04 5.655487804878048252e-02 1.692073170731707085e-02 1.524390243902438752e-04 1.524390243902438752e-04 1.524390243902438752e-04 4.893292682926828757e-02 1.524390243902438752e-04 1.524390243902438752e-04 1.327743902439024182e-01 8.246951219512194120e-02 1.524390243902438752e-04 2.606707317073170618e-02 1.524390243902438752e-04 6.249999999999998612e-03 2.301829268292682543e-02 1.692073170731707085e-02 4.725609756097559969e-03 1.524390243902438752e-04
3.507246376811593014e-02 2.898550724637680544e-04 6.115942028985505569e-02 4.956521739130433785e-02 8.434782608695649830e-02 2.898550724637680544e-04 2.898550724637680544e-04 2.898550724637680544e-04 8.985507246376808060e-03 2.898550724637680544e-04 5.536231884057969677e-02 2.898550724637680544e-04 5.915942028985504697e-01 2.057971014492752937e-02 2.898550724637680544e-04 2.898550724637680544e-04 2.898550724637680544e-04 2.898550724637680544e-04 2.898550724637680544e-04 8.985507246376808060e-03 5.826086956521737276e-02 2.898550724637680544e-04 2.898550724637680544e-04 6.086956521739128601e-03 1.188405797101448752e-02 2.898550724637680544e-04 3.188405797101448273e-03 2.898550724637680544e-04 2.898550724637680544e-04 2.898550724637680544e-04
1.319261213720316576e-04 1.319261213720316576e-04 1.319261213720316576e-04 3.311345646437994367e-02 1.188654353562005050e-01 1.319261213720316576e-04 1.319261213720316576e-04 1.319261213720316576e-04 1.319261213720316576e-04 1.571240105540896714e-01 1.030343007915567044e-01 1.319261213720316576e-04 4.894459102902374431e-02 5.026385224274405872e-02 1.319261213720316576e-04 1.319261213720316576e-04 1.319261213720316576e-04 2.770448548812664592e-03 1.319261213720316576e-04 1.319261213720316576e-04 1.319261213720316576e-04 1.319261213720316576e-04 1.319261213720316576e-04 1.319261213720316576e-04 1.451187335092348233e-03 1.200527704485487845e-02 3.101583113456463647e-01 1.319261213720316576e-04 1.597625329815303141e-01 1.319261213720316576e-04
9.090909090909086998e-03 1.509977827050997257e-01 2.217294900221728946e-04 2.217294900221728946e-04 2.239467849223946219e-02 2.439024390243902003e-03 6.873614190687360112e-03 2.217294900221728946e-04 7.117516629711749532e-02 2.217294900221728946e-04 1.796008869179600495e-02 2.439024390243902003e-03 2.217294900221728946e-04 1.155210643015520816e-01 9.090909090909086998e-03 2.217294900221728946e-04 2.217294900221728946e-04 2.217294900221728946e-04 1.576496674057649150e-01 4.656319290465630624e-03 2.217294900221728946e-04 8.669623059866959913e-02 4.656319290465630624e-03 2.217294900221728946e-04 2.682926829268291943e-02 2.217294900221728946e-04 2.217294900221728946e-04 3.084257206208425028e-01 2.217294900221728946e-04 2.217294900221728946e-04
3.470031545741325118e-03 3.154574132492113793e-04 3.154574132492113793e-04 6.025236593059937057e-02 3.154574132492113793e-04 2.239747634069400375e-02 3.154574132492113793e-04 3.154574132492113793e-04 1.924290220820189246e-02 3.154574132492113793e-04 3.154574132492113793e-04 3.154574132492113793e-04 4.763406940063091149e-02 9.495268138801261915e-02 3.154574132492113793e-04 9.779179810725551619e-03 1.293375394321766465e-02 3.154574132492113793e-04 3.154574132492113793e-04 6.624605678233438585e-03 5.078864353312303320e-02 2.085173501577286814e-01 1.293375394321766465e-02 3.154574132492113793e-04 3.154574132492113793e-04 8.233438485804417395e-02 3.154574132492113793e-04 3.154574132492113793e-04 3.630914826498422565e-01 3.154574132492113793e-04
6.896551724137932673e-04 4.896551724137931938e-02 6.896551724137932673e-04 6.275862068965518126e-02 6.896551724137932673e-04 6.896551724137932673e-04 6.896551724137932673e-04 6.896551724137932673e-04 6.896551724137932673e-04 6.896551724137932673e-04 6.896551724137932673e-04 6.896551724137932673e-04 7.586206896551725941e-03 1.524137931034483251e-01 6.896551724137932673e-04 3.593103448275862810e-01 6.896551724137932673e-04 6.896551724137932673e-04 6.896551724137932673e-04 5.586206896551725032e-02 7.586206896551725941e-03 6.896551724137932673e-04 6.896551724137932673e-04 6.965517241379311220e-02 2.213793103448276345e-01 6.896551724137932673e-04 6.896551724137932673e-04 6.896551724137932673e-04 6.896551724137932673e-04 6.896551724137932673e-04
3.021978021978021216e-03 2.747252747252746708e-04 2.774725274725273888e-02 2.747252747252746708e-04 4.782967032967031518e-01 5.769230769230767816e-03 2.499999999999999098e-02 2.747252747252746708e-04 2.747252747252746708e-04 2.747252747252746708e-04 2.747252747252746708e-04 2.747252747252746708e-04 2.747252747252746708e-04 2.747252747252746708e-04 2.747252747252746708e-04 2.747252747252746708e-04 2.747252747252746708e-04 2.747252747252746708e-04 2.747252747252746708e-04 2.747252747252746708e-04 1.211538461538461259e-01 3.107142857142856096e-01 2.747252747252746708e-04 2.747252747252746708e-04 2.747252747252746708e-04 2.747252747252746708e-04 1.950549450549449865e-02 3.021978021978021216e-03 2.747252747252746708e-04 2.747252747252746708e-04
