1.969111969111968577e-02 1.196911196911196705e-02 3.861003861003860444e-04 8.146718146718145981e-02 1.583011583011582554e-02 3.861003861003860444e-04 4.247104247104246597e-03 8.108108108108106823e-03 3.861003861003860444e-04 5.444015444015442434e-02 3.861003861003860444e-04 3.861003861003860444e-04 3.861003861003860444e-04 3.127413127413126298e-02 8.146718146718145981e-02 4.135135135135133977e-01 3.861003861003860444e-04 3.861003861003860444e-04 3.861003861003860444e-04 4.247104247104246597e-03 3.861003861003860444e-04 1.664092664092663709e-01 3.861003861003860444e-04 7.760617760617759264e-02 3.861003861003860444e-04 3.861003861003860444e-04 2.355212355212354600e-02 3.861003861003860444e-04 3.861003861003860444e-04 3.861003861003860444e-04
3.686131386861313947e-02 1.861313868613138564e-02 3.649635036496350678e-04 6.240875912408759552e-02 3.649635036496350678e-04 3.649635036496350678e-04 3.649635036496350678e-04 3.649635036496350678e-04 3.649635036496350678e-04 3.649635036496350678e-04 3.649635036496350678e-04 3.649635036496350678e-04 3.649635036496350678e-04 3.649635036496350678e-04 7.664233576642335774e-03 3.649635036496350678e-04 3.649635036496350678e-04 7.335766423357664712e-02 3.649635036496350678e-04 4.711678832116787952e-01 1.496350364963503453e-02 1.062043795620438019e-01 3.649635036496350678e-04 2.226277372262773502e-02 1.496350364963503453e-02 3.649635036496350678e-04 3.649635036496350678e-04 3.649635036496350678e-04 3.649635036496350678e-04 1.645985401459854058e-01
3.827586206896549381e-02 3.448275862068963626e-04 6.586206896551720369e-02 3.448275862068963626e-04 3.448275862068963626e-04 3.793103448275859935e-03 9.344827586206891357e-02 2.448275862068963887e-02 3.448275862068963626e-04 3.448275862068963626e-04 4.517241379310341781e-02 7.241379310344823669e-03 3.793103448275859935e-03 3.448275862068963626e-04 3.448275862068963626e-04 3.448275862068963626e-04 3.448275862068963626e-04 2.037931034482757531e-01 5.896551724137927969e-02 3.448275862068963626e-04 7.241379310344823669e-03 3.448275862068963626e-04 4.417241379310342109e-01 3.448275862068963626e-04 3.448275862068963626e-04 3.448275862068963626e-04 3.448275862068963626e-04 3.448275862068963626e-04 3.448275862068963626e-04 3.448275862068963626e-04
3.076923076923075945e-04 3.384615384615383919e-03 3.076923076923075945e-04 3.076923076923075945e-04 3.076923076923075945e-04 3.076923076923075945e-04 2.492307692307691239e-02 3.076923076923075945e-04 4.926153846153843996e-01 3.076923076923075945e-04 3.076923076923075945e-04 6.461538461538459538e-03 3.076923076923075945e-04 3.076923076923075945e-04 3.107692307692306449e-02 3.076923076923075945e-04 3.076923076923075945e-04 3.076923076923075945e-04 3.076923076923075945e-04 2.184615384615383807e-02 3.076923076923075945e-04 3.076923076923075945e-04 2.095384615384614513e-01 3.076923076923075945e-04 3.076923076923075945e-04 9.538461538461535591e-03 3.076923076923075945e-04 3.076923076923075945e-04 1.261538461538460991e-02 1.818461538461537963e-01
7.575757575757575751e-04 7.575757575757575751e-04 7.575757575757575751e-04 7.575757575757575751e-04 2.348484848484848689e-02 7.575757575757575751e-04 7.575757575757575751e-04 7.575757575757575751e-04 9.924242424242424310e-02 7.575757575757575751e-04 7.575757575757575751e-04 7.575757575757575751e-04 7.575757575757575751e-04 7.575757575757575751e-04 8.333333333333333218e-03 7.575757575757575751e-04 7.575757575757575751e-04 4.325757575757576134e-01 9.924242424242424310e-02 2.659090909090909283e-01 7.575757575757575751e-04 2.348484848484848689e-02 7.575757575757575751e-04 7.575757575757575751e-04 3.106060606060605939e-02 7.575757575757575751e-04 7.575757575757575751e-04 7.575757575757575751e-04 7.575757575757575751e-04 7.575757575757575751e-04
3.484320557491289196e-04 3.832752613240418549e-03 1.080139372822299694e-02 3.832752613240418549e-03 3.484320557491289196e-04 3.484320557491289196e-04 3.484320557491289196e-04 3.484320557491289196e-04 3.484320557491289196e-04 3.484320557491289196e-04 3.484320557491289196e-04 3.832752613240418549e-03 3.484320557491289196e-04 3.484320557491289196e-04 3.484320557491289196e-04 3.484320557491289196e-04 7.317073170731707744e-03 5.261324041811846902e-02 9.442508710801393590e-02 8.048780487804878259e-02 3.484320557491289196e-04 5.261324041811846902e-02 1.428571428571428527e-02 3.484320557491289196e-04 3.484320557491289196e-04 3.170731707317073211e-02 3.484320557491289196e-04 3.832752613240418549e-03 3.484320557491289196e-04 6.344947735191637239e-01
7.701149425287356909e-02 3.831417624521072924e-04 3.831417624521072924e-04 3.831417624521072924e-04 3.831417624521072924e-04 3.831417624521072924e-04 4.214559386973180596e-03 3.831417624521072924e-04 3.486590038314175966e-02 4.214559386973180596e-03 3.831417624521072924e-04 8.045977011494252762e-03 3.831417624521072924e-04 4.214559386973180596e-03 5.402298850574712569e-02 3.831417624521072924e-04 3.831417624521072924e-04 1.383141762452107237e-01 1.498084291187739558e-01 4.636015325670497789e-02 5.402298850574712569e-02 4.214559386973180596e-03 1.957854406130268288e-01 3.831417624521072924e-04 3.831417624521072924e-04 5.402298850574712569e-02 3.831417624521072924e-04 1.187739463601532666e-02 3.831417624521072924e-04 1.536398467432950332e-01
2.252747252747253418e-02 3.351648351648352231e-02 5.494505494505496669e-04 1.269230769230769718e-01 5.494505494505496669e-04 5.494505494505496669e-04 2.038461538461539269e-01 1.703296703296703837e-02 5.494505494505496669e-04 5.494505494505496669e-04 5.494505494505496669e-04 5.494505494505496669e-04 5.494505494505496669e-04 5.494505494505496669e-04 5.494505494505496669e-04 3.901098901098901811e-02 5.494505494505496669e-04 2.697802197802198765e-01 1.703296703296703837e-02 1.708791208791209382e-01 1.153846153846154257e-02 5.494505494505496669e-04 5.494505494505496669e-04 5.494505494505496669e-04 5.494505494505496669e-04 5.494505494505496669e-04 5.494505494505496669e-04 5.494505494505496669e-04 5.494505494505496669e-04 7.747252747252748872e-02
1.136363636363636092e-04 1.136363636363636092e-04 2.965909090909090232e-02 1.136363636363636092e-04 1.136363636363636092e-04 2.762499999999999400e-01 1.136363636363636092e-04 1.136363636363636092e-04 4.215909090909090301e-02 1.034090909090908811e-02 1.717045454545454153e-01 1.136363636363636092e-04 1.136363636363636092e-04 3.420454545454544582e-02 1.602272727272726835e-02 1.136363636363636092e-04 2.511363636363635882e-02 1.249999999999999809e-03 1.751136363636363047e-01 1.136363636363636092e-04 1.136363636363636092e-04 6.715909090909089052e-02 1.136363636363636092e-04 8.068181818181816359e-03 2.056818181818181532e-02 1.943181818181817858e-02 1.136363636363636092e-04 9.556818181818178826e-02 5.795454545454543742e-03 1.136363636363636092e-04
9.401041666666663799e-02 3.411458333333332316e-02 2.604166666666666088e-04 2.604166666666666088e-04 2.864583333333332697e-03 2.604166666666666088e-04 3.932291666666665186e-02 5.468749999999998786e-03 2.604166666666666088e-04 2.864583333333332697e-03 1.328124999999999445e-02 2.604166666666666088e-04 2.604166666666666088e-04 2.604166666666666088e-04 2.604166666666666088e-04 1.067708333333333010e-02 2.604166666666666088e-04 7.838541666666665186e-02 3.671874999999998751e-02 2.763020833333332260e-01 2.604166666666666088e-04 2.604166666666666088e-04 6.015624999999998751e-02 1.848958333333332663e-02 2.604166666666666088e-04 2.604166666666666088e-04 2.604166666666666088e-04 2.369791666666665880e-02 2.604166666666666088e-04 2.997395833333332260e-01
7.387755102040817479e-02 4.081632653061224641e-04 7.387755102040817479e-02 8.571428571428571855e-03 4.081632653061224641e-04 5.346938775510203662e-02 4.081632653061224641e-04 4.081632653061224641e-04 4.489795918367346997e-03 4.081632653061224641e-04 1.265306122448979671e-02 2.081632653061224469e-02 4.081632653061224641e-04 4.081632653061224641e-04 4.938775510204081176e-02 3.714285714285714413e-02 4.081632653061224641e-04 2.085714285714285743e-01 1.881632653061224569e-01 1.673469387755101984e-02 1.187755102040816413e-01 4.081632653061224641e-04 4.081632653061224641e-04 4.081632653061224641e-04 4.081632653061224641e-04 8.571428571428571855e-03 1.265306122448979671e-02 1.265306122448979671e-02 8.612244897959184242e-02 8.571428571428571855e-03
3.873239436619717053e-03 3.521126760563378843e-04 3.521126760563378843e-04 3.908450704225350375e-02 3.521126760563378843e-04 3.521126760563378843e-04 3.521126760563378843e-04 3.521126760563378843e-04 2.785211267605632313e-01 3.521126760563378843e-04 1.795774647887322939e-02 3.521126760563378843e-04 1.091549295774647474e-02 3.521126760563378843e-04 3.521126760563378843e-04 3.521126760563378843e-04 3.521126760563378843e-04 2.327464788732393208e-01 3.521126760563378843e-04 9.190140845070420006e-02 3.521126760563378843e-04 1.447183098591548756e-01 8.838028169014081059e-02 3.521126760563378843e-04 3.521126760563378843e-04 3.521126760563378843e-04 1.795774647887322939e-02 3.521126760563378843e-04 7.394366197183095679e-03 6.021126760563378505e-02
5.154639175257732077e-04 5.670103092783505827e-03 2.113402061855669881e-02 5.154639175257732077e-04 5.154639175257732077e-04 5.154639175257732077e-04 5.154639175257732077e-04 5.154639175257732077e-04 2.170103092783505216e-01 5.154639175257732077e-04 6.752577319587628468e-02 7.268041237113401221e-02 5.154639175257732077e-04 1.597938144329896781e-02 8.814432989690722253e-02 6.752577319587628468e-02 1.082474226804123682e-02 2.788659793814433074e-01 5.154639175257732077e-04 5.154639175257732077e-04 5.206185567010308823e-02 5.154639175257732077e-04 5.154639175257732077e-04 2.113402061855669881e-02 5.154639175257732077e-04 5.206185567010308823e-02 5.670103092783505827e-03 1.597938144329896781e-02 5.154639175257732077e-04 5.154639175257732077e-04
2.752043596730244582e-02 1.174386920980926285e-01 2.724795640326975053e-04 1.117166212534059615e-02 8.446866485013622070e-03 1.662125340599454604e-02 1.228882833787465767e-01 2.724795640326975053e-04 8.446866485013622070e-03 2.724795640326975053e-04 2.724795640326975053e-04 2.724795640326975053e-04 6.021798365122615210e-02 2.724795640326975053e-04 9.019073569482287389e-02 2.724795640326975053e-04 2.724795640326975053e-04 1.038147138964577582e-01 2.724795640326975053e-04 1.389645776566757196e-02 8.446866485013622070e-03 2.724795640326975053e-04 2.724795640326975053e-04 5.722070844686647992e-03 1.662125340599454604e-02 2.100817438692097749e-01 2.724795640326975053e-04 6.566757493188010719e-02 6.839237057220708127e-02 4.114441416893731968e-02
3.846153846153847235e-04 5.423076923076924211e-02 3.846153846153847235e-04 3.846153846153847235e-04 3.846153846153847235e-04 3.846153846153847235e-04 3.846153846153847235e-04 3.846153846153847235e-04 3.846153846153847235e-04 3.846153846153847235e-04 3.846153846153847235e-04 3.846153846153847235e-04 3.846153846153847235e-04 3.846153846153847235e-04 3.846153846153847235e-04 3.846153846153847235e-04 4.230769230769232392e-03 7.346153846153848088e-02 8.500000000000001998e-02 3.157692307692308020e-01 3.846153846153847235e-04 1.311538461538461764e-01 3.846153846153847235e-04 3.846153846153847235e-04 4.269230769230770300e-02 1.192307692307692686e-02 3.846153846153847235e-04 3.846153846153847235e-04 3.846153846153847235e-04 2.734615384615384781e-01
3.546099290780140457e-04 3.546099290780140457e-04 3.546099290780140457e-04 3.546099290780140457e-04 3.546099290780140457e-04 3.546099290780140457e-04 4.999999999999998196e-02 2.163120567375885483e-02 1.102836879432623762e-01 3.900709219858154719e-03 3.546099290780140457e-04 1.173758865248226563e-01 3.546099290780140457e-04 7.446808510638295610e-03 3.900709219858154719e-03 3.546099290780140457e-04 3.546099290780140457e-04 1.315602836879432025e-01 3.546099290780140457e-04 2.911347517730494827e-01 3.546099290780140457e-04 1.705673758865247636e-01 3.546099290780140457e-04 2.163120567375885483e-02 4.645390070921983500e-02 3.546099290780140457e-04 3.546099290780140457e-04 3.546099290780140457e-04 3.546099290780140457e-04 1.808510638297871481e-02
8.287461773700308121e-02 3.058103975535169088e-04 3.058103975535169088e-04 3.058103975535169088e-04 3.058103975535169088e-04 9.480122324159023089e-03 3.058103975535169088e-04 3.058103975535169088e-04 3.275229357798165597e-01 3.058103975535169088e-04 3.058103975535169088e-04 3.058103975535169088e-04 3.058103975535169088e-04 3.058103975535169088e-04 3.058103975535169088e-04 1.559633027522935866e-02 3.058103975535169088e-04 1.379204892966361118e-01 3.058103975535169088e-04 1.623853211009174680e-01 3.058103975535169088e-04 1.559633027522935866e-02 3.058103975535169088e-04 3.058103975535169088e-04 3.058103975535169088e-04 3.058103975535169088e-04 3.058103975535169088e-04 3.058103975535169088e-04 6.422018348623854435e-03 2.357798165137614810e-01
2.629310344827586604e-02 4.741379310344829255e-03 4.310344827586207921e-04 9.094827586206899461e-02 4.310344827586207921e-04 4.310344827586207921e-04 6.939655172413795869e-02 4.310344827586207921e-04 2.590517241379310942e-01 4.310344827586207921e-04 4.310344827586207921e-04 4.310344827586207921e-04 4.310344827586207921e-04 9.051724137931036959e-03 4.310344827586207921e-04 4.310344827586207921e-04 4.310344827586207921e-04 2.633620689655173375e-01 4.310344827586207921e-04 1.336206896551724553e-02 4.310344827586207921e-04 1.987068965517241881e-01 4.310344827586207921e-04 4.741379310344829255e-03 4.310344827586207921e-04 4.310344827586207921e-04 2.198275862068965747e-02 4.310344827586207921e-04 4.310344827586207921e-04 3.060344827586207461e-02
5.845410628019324234e-02 4.830917874396136228e-04 4.830917874396136228e-04 4.830917874396136228e-04 4.830917874396136228e-04 4.830917874396136228e-04 3.429951690821256283e-02 4.830917874396136228e-04 2.323671497584541557e-01 4.830917874396136228e-04 1.599033816425121102e-01 1.985507246376811974e-01 4.830917874396136228e-04 4.830917874396136228e-04 4.830917874396136228e-04 4.830917874396136228e-04 4.830917874396136228e-04 9.227053140096620754e-02 2.946859903381642692e-02 4.830917874396136228e-04 4.830917874396136228e-04 1.019323671497584793e-01 4.830917874396136228e-04 4.830917874396136228e-04 4.830917874396136228e-04 4.830917874396136228e-04 4.830917874396136228e-04 4.830917874396136228e-04 4.830917874396136228e-04 8.260869565217393573e-02
2.762430939226518463e-04 2.762430939226518463e-04 1.408839779005524248e-02 1.356353591160220640e-01 3.038674033149170364e-03 2.762430939226518463e-04 2.762430939226518463e-04 2.762430939226518463e-04 2.762430939226518463e-04 2.762430939226518463e-04 1.853591160220993683e-01 1.107734806629833979e-01 3.038674033149170364e-03 5.801104972375689152e-03 1.961325966850828093e-02 2.762430939226518463e-04 2.762430939226518463e-04 1.052486187845303595e-01 4.118784530386738751e-01 2.762430939226518463e-04 2.762430939226518463e-04 2.762430939226518463e-04 2.762430939226518463e-04 2.762430939226518463e-04 2.762430939226518463e-04 2.762430939226518463e-04 2.762430939226518463e-04 2.762430939226518463e-04 2.762430939226518463e-04 2.762430939226518463e-04
4.174311926605505513e-02 4.587155963302753632e-04 4.587155963302753632e-04 5.045871559633029538e-03 4.174311926605505513e-02 4.587155963302753632e-04 4.587155963302753632e-04 4.587155963302753632e-04 4.362385321100918367e-01 1.422018348623853637e-02 5.045871559633029538e-03 4.587155963302753632e-04 4.587155963302753632e-04 4.587155963302753632e-04 4.587155963302753632e-04 6.009174311926607226e-02 4.587155963302753632e-04 4.587155963302753632e-04 1.422018348623853637e-02 4.587155963302753632e-04 4.587155963302753632e-04 2.298165137614679443e-01 4.587155963302753632e-04 4.587155963302753632e-04 4.587155963302753632e-04 4.587155963302753632e-04 4.587155963302753632e-04 4.587155963302753632e-04 4.587155963302753632e-04 1.426605504587156459e-01
7.577174929840972337e-03 9.354536950420955092e-05 5.706267539756781915e-03 6.333956969130027925e-01 3.844714686623012384e-02 9.354536950420955092e-05 6.641721234798877126e-03 1.964452759588400637e-03 1.964452759588400637e-03 1.038353601496725884e-02 2.067352666043030876e-02 9.354536950420955092e-05 9.354536950420955092e-05 1.693171188026192792e-02 3.657623947614593168e-02 9.354536950420955092e-05 9.354536950420955092e-05 9.354536950420955092e-05 3.844714686623012384e-02 9.354536950420955092e-05 2.899906454630495848e-03 9.354536950420955092e-05 9.354536950420955092e-05 2.254443405051450092e-02 9.354536950420955092e-05 4.686623012160898161e-02 3.002806361085126260e-02 7.773620205799812444e-02 9.354536950420955092e-05 9.354536950420955092e-05
2.272727272727272183e-04 1.070454545454545270e-01 3.659090909090908367e-02 2.272727272727272183e-04 8.886363636363633911e-02 2.272727272727272183e-04 2.272727272727272183e-04 2.272727272727272183e-04 2.499999999999999618e-03 1.386363636363635923e-02 2.272727272727272183e-04 2.272727272727272183e-04 2.272727272727272183e-04 2.272727272727272183e-04 3.431818181818181018e-02 9.318181818181815734e-03 2.272727272727272183e-04 2.272727272727272183e-04 2.272727272727272183e-04 1.159090909090908748e-02 1.613636363636363272e-02 1.386363636363635923e-02 2.956818181818181013e-01 2.774999999999999134e-01 1.386363636363635923e-02 2.272727272727272183e-04 4.340909090909090412e-02 2.272727272727272183e-04 2.499999999999999618e-03 2.977272727272726321e-02
5.547396528704941210e-02 6.675567423230977426e-05 6.675567423230977426e-05 5.995327102803740260e-01 1.942590120160214359e-02 6.675567423230977426e-05 4.739652870493993309e-03 6.675567423230977426e-05 6.675567423230977426e-05 6.675567423230977426e-05 7.343124165554074491e-04 6.675567423230977426e-05 2.736982643524700325e-03 7.343124165554074491e-04 6.675567423230977426e-05 3.010680907877170617e-02 1.341789052069426377e-02 6.675567423230977426e-05 6.014686248331109486e-02 5.407209612817090970e-03 6.675567423230977426e-05 6.949265687583446038e-02 5.407209612817090970e-03 6.675567423230977426e-05 6.675567423230977426e-05 6.742323097463286292e-03 5.680907877169560916e-02 5.747663551401870768e-02 4.072096128170895647e-03 6.742323097463286292e-03
4.000000000000000083e-03 3.636363636363636686e-04 3.309090909090908750e-02 5.854545454545455330e-02 2.258181818181818346e-01 3.636363636363636686e-04 1.127272727272727280e-02 3.636363636363636686e-04 3.636363636363636686e-04 4.036363636363636542e-02 1.127272727272727280e-02 3.636363636363636686e-04 1.127272727272727280e-02 3.636363636363636686e-04 3.636363636363636686e-04 5.854545454545455330e-02 3.636363636363636686e-04 3.636363636363636686e-04 3.636363636363636686e-04 3.636363636363636686e-04 3.636363636363636686e-04 2.403636363636363349e-01 3.636363636363636686e-04 3.636363636363636686e-04 7.636363636363636444e-03 3.636363636363636686e-04 2.912727272727272387e-01 3.636363636363636686e-04 3.636363636363636686e-04 3.636363636363636686e-04
5.076142131979696770e-04 5.076142131979696770e-04 5.076142131979696770e-04 5.076142131979696770e-04 1.065989847715736322e-02 1.573604060913705999e-02 5.076142131979696770e-04 5.076142131979696770e-04 5.076142131979696770e-04 5.076142131979696770e-04 5.076142131979696770e-04 5.076142131979696770e-04 5.076142131979696770e-04 5.076142131979696770e-04 5.076142131979696770e-04 5.076142131979696770e-04 5.076142131979696770e-04 9.695431472081220137e-02 3.604060913705584013e-02 7.157360406091371752e-02 5.076142131979696770e-04 2.644670050761421809e-01 5.583756345177666447e-03 5.076142131979696770e-04 5.076142131979696770e-04 5.076142131979696770e-04 4.878172588832487833e-01 5.076142131979696770e-04 5.076142131979696770e-04 5.076142131979696770e-04
2.793689320388348385e-01 2.427184466019416832e-04 2.427184466019416832e-04 2.694174757281552618e-02 2.669902912621358732e-03 1.723300970873785712e-02 2.427184466019416832e-04 2.427184466019416832e-04 2.427184466019416832e-04 2.427184466019416832e-04 9.004854368932037334e-02 2.427184466019416832e-04 2.427184466019416832e-04 2.427184466019416832e-04 2.427184466019416832e-04 3.179611650485435898e-02 2.427184466019416832e-04 2.427184466019416832e-04 3.327669902912620548e-01 5.097087378640775129e-03 2.427184466019416832e-04 1.604368932038834350e-01 1.723300970873785712e-02 2.427184466019416832e-04 2.427184466019416832e-04 2.427184466019416832e-04 3.179611650485435898e-02 2.427184466019416832e-04 2.427184466019416832e-04 2.427184466019416832e-04
3.571428571428570341e-04 3.571428571428570341e-04 3.571428571428570341e-04 1.574999999999999456e-01 1.110714285714285293e-01 3.571428571428570341e-04 3.571428571428570341e-04 3.571428571428570341e-04 3.571428571428570341e-04 3.249999999999998723e-02 1.610714285714285043e-01 3.928571428571427104e-03 3.571428571428570341e-04 3.571428571428570341e-04 2.892857142857141461e-02 7.178571428571425828e-02 3.571428571428570341e-04 1.107142857142856714e-02 7.892857142857140351e-02 3.571428571428570341e-04 3.571428571428570341e-04 1.753571428571427948e-01 3.607142857142855291e-02 3.571428571428570341e-04 3.571428571428570341e-04 3.249999999999998723e-02 9.321428571428568011e-02 3.571428571428570341e-04 3.571428571428570341e-04 3.571428571428570341e-04
3.796992481203008418e-02 3.759398496240602271e-04 1.541353383458646774e-02 1.281954887218045569e-01 3.759398496240602271e-04 3.759398496240602271e-04 3.759398496240602271e-04 3.759398496240602271e-04 3.759398496240602271e-04 3.759398496240602271e-04 3.045112781954887812e-02 3.759398496240602271e-04 3.759398496240602271e-04 3.759398496240602271e-04 3.759398496240602271e-04 2.669172932330827336e-02 3.759398496240602271e-04 4.135338345864662986e-03 2.823308270676692100e-01 4.135338345864662986e-03 3.759398496240602271e-04 3.612781954887218649e-01 3.759398496240602271e-04 3.759398496240602271e-04 3.759398496240602271e-04 3.759398496240602271e-04 3.796992481203008418e-02 3.759398496240602271e-04 4.135338345864662986e-03 6.052631578947370583e-02
8.285714285714283756e-02 2.888888888888887715e-02 1.082539682539682135e-01 6.666666666666664492e-03 5.428571428571427049e-02 3.174603174603173516e-04 3.174603174603173516e-04 3.174603174603173516e-04 3.174603174603173516e-04 3.174603174603173516e-04 3.174603174603173516e-04 1.301587301587301022e-02 3.174603174603173516e-04 3.174603174603173516e-04 1.146031746031745679e-01 3.174603174603173516e-04 3.174603174603173516e-04 3.174603174603173516e-04 3.174603174603173516e-04 6.063492063492061795e-02 3.174603174603173516e-04 1.431746031746031211e-01 2.542857142857141706e-01 7.333333333333330595e-02 3.174603174603173516e-04 3.174603174603173516e-04 9.841269841269838226e-03 4.158730158730156862e-02 3.492063492063491193e-03 3.174603174603173516e-04
3.012048192771084603e-04 3.012048192771084603e-04 3.012048192771084603e-04 3.012048192771084603e-04 4.849397590361446270e-02 3.012048192771084603e-04 3.012048192771084603e-04 3.012048192771084603e-04 3.343373493975903415e-02 3.012048192771084603e-04 3.012048192771084603e-04 4.460843373493975639e-01 3.313253012048193117e-03 3.012048192771084603e-04 3.012048192771084603e-04 3.012048192771084603e-04 3.012048192771084603e-04 4.849397590361446270e-02 8.765060240963855331e-02 3.012048192771084603e-04 1.837349397590361255e-02 3.012048192771084603e-04 3.012048192771084603e-04 3.012048192771084603e-04 3.012048192771084603e-04 1.837349397590361255e-02 3.012048192771084603e-04 3.012048192771084603e-04 3.012048192771084603e-04 2.894578313253011737e-01
4.065040650406504604e-04 4.065040650406504604e-04 4.065040650406504604e-04 4.065040650406504604e-04 4.065040650406504604e-04 4.065040650406504604e-04 1.666666666666666644e-02 4.065040650406504604e-04 4.065040650406504604e-04 4.065040650406504604e-04 4.065040650406504604e-04 1.666666666666666644e-02 4.065040650406504604e-04 4.471544715447155552e-03 4.471544715447155552e-03 4.065040650406504604e-04 4.065040650406504604e-04 1.548780487804878314e-01 4.065040650406504604e-04 2.479674796747967716e-02 4.065040650406504604e-04 4.065040650406504604e-04 1.264227642276422869e-01 4.065040650406504604e-04 4.065040650406504604e-04 1.101626016260162794e-01 3.292682926829268442e-02 4.065040650406504604e-04 4.065040650406504604e-04 5.004065040650407248e-01
1.359633027522935411e-01 1.834862385321100640e-04 1.834862385321100640e-04 6.073394495412842709e-02 7.357798165137613422e-02 1.669724770642201303e-02 7.724770642201833626e-02 2.018348623853210948e-03 1.834862385321100640e-04 1.834862385321100640e-04 4.238532110091742383e-02 3.688073394495412077e-02 1.834862385321100640e-04 1.834862385321100640e-04 1.834862385321100640e-04 1.834862385321100640e-04 1.834862385321100640e-04 1.302752293577981273e-02 1.561467889908256523e-01 1.834862385321100640e-04 1.834862385321100640e-04 2.148623853211008572e-01 1.853211009174311405e-02 1.834862385321100640e-04 1.834862385321100640e-04 2.954128440366972017e-02 1.194495412844036319e-01 1.834862385321100640e-04 1.834862385321100640e-04 1.834862385321100640e-04
2.967359050445103207e-04 6.231454005934716246e-03 2.967359050445103207e-04 8.635014836795250337e-02 2.967359050445103207e-04 2.967359050445103207e-04 2.997032640949553670e-02 3.264094955489613582e-03 2.967359050445103207e-04 1.810089020771512777e-02 2.700296735905043446e-02 2.106824925816023000e-02 6.231454005934716246e-03 7.151335311572698528e-02 2.700296735905043446e-02 2.258160237388723013e-01 2.700296735905043446e-02 2.967359050445103207e-04 1.397626112759643435e-01 2.967359050445103207e-04 2.967359050445103207e-04 1.724035608308604750e-01 2.967359050445103207e-04 2.967359050445103207e-04 2.967359050445103207e-04 2.967359050445103207e-04 1.338278931750741529e-01 2.967359050445103207e-04 2.967359050445103207e-04 2.967359050445103207e-04
6.135593220338981385e-02 3.389830508474575414e-04 3.389830508474575414e-04 1.389830508474575697e-02 2.745762711864405473e-02 3.389830508474575414e-04 7.118644067796608098e-03 1.698305084745762028e-01 9.525423728813556257e-02 3.389830508474575414e-04 3.389830508474575414e-04 3.389830508474575414e-04 3.389830508474575414e-04 3.728813559322032792e-03 3.728813559322032792e-03 3.389830508474575414e-04 3.389830508474575414e-04 8.169491525423726308e-02 6.813559322033896359e-02 1.562711864406779172e-01 3.389830508474575414e-04 2.444067796610168430e-01 3.389830508474575414e-04 3.389830508474575414e-04 3.389830508474575414e-04 3.389830508474575414e-04 3.389830508474575414e-04 3.389830508474575414e-04 3.389830508474575414e-04 6.135593220338981385e-02
6.814621409921668704e-02 2.637075718015664816e-02 1.331592689295038601e-02 2.375979112271539573e-02 2.610966057441252647e-04 2.610966057441252647e-04 4.725848563968667454e-02 2.610966057441252647e-04 2.610966057441252647e-04 2.610966057441252647e-04 2.610966057441252647e-04 2.610966057441252647e-04 2.610966057441252647e-04 2.610966057441252647e-04 2.610966057441252647e-04 5.483028720626630451e-03 2.610966057441252647e-04 1.856396866840730464e-01 5.248041775456917940e-02 2.637075718015664816e-02 2.872062663185378020e-03 8.642297650130546793e-02 1.882506527415142850e-01 2.610966057441252647e-04 2.610966057441252647e-04 2.610966057441252647e-04 2.610966057441252647e-04 2.114882506527414330e-02 1.853785900783289087e-02 2.300261096605743238e-01
8.451851851851852060e-02 8.896296296296295203e-02 2.525925925925925908e-02 7.407407407407407311e-05 7.407407407407407311e-05 7.407407407407407311e-05 1.563703703703703540e-01 1.859259259259259459e-02 2.007407407407407404e-02 1.555555555555555684e-03 8.148148148148148719e-04 1.711111111111111166e-02 7.407407407407407311e-05 7.407407407407407311e-05 7.407407407407407311e-05 7.407407407407407311e-05 7.407407407407407311e-05 5.785185185185184875e-02 1.037777777777777743e-01 8.962962962962962507e-03 7.407407407407407311e-05 1.111851851851851786e-01 2.377777777777777962e-02 7.407407407407407311e-05 7.407407407407407311e-05 8.148148148148148719e-04 7.407407407407407311e-05 7.407407407407407311e-05 1.711111111111111166e-02 2.622962962962963052e-01
8.860759493670888193e-03 1.729957805907173310e-02 4.219409282700423104e-04 4.641350210970465739e-03 4.219409282700423104e-04 4.219409282700423104e-04 4.641350210970465739e-03 4.219409282700423104e-04 1.729957805907173310e-02 4.219409282700423104e-04 4.219409282700423104e-04 2.151898734177215555e-02 4.641350210970465739e-03 4.219409282700423104e-04 4.219409282700423104e-04 4.219409282700423104e-04 4.641350210970465739e-03 1.945147679324895074e-01 6.371308016877638702e-02 1.734177215189873777e-01 4.219409282700423104e-04 8.902953586497892868e-02 4.219409282700423104e-04 2.915611814345991926e-01 4.219409282700423104e-04 4.219409282700423104e-04 4.219409282700423104e-04 9.746835443037978053e-02 4.219409282700423104e-04 4.219409282700423104e-04
4.293333333333332336e-02 8.826666666666664607e-02 2.666666666666666252e-04 1.522666666666666335e-01 9.626666666666663930e-02 2.666666666666666252e-04 2.666666666666666252e-04 2.933333333333332498e-03 2.666666666666666252e-04 2.666666666666666252e-04 2.666666666666666252e-04 2.666666666666666252e-04 2.666666666666666252e-04 2.666666666666666252e-04 2.933333333333332498e-03 2.666666666666666252e-04 2.933333333333332498e-03 2.666666666666666252e-04 3.226666666666665878e-02 2.666666666666666252e-04 2.666666666666666252e-04 2.882666666666665600e-01 2.666666666666666252e-04 2.666666666666666252e-04 2.666666666666666252e-04 2.666666666666666252e-04 2.562666666666665871e-01 2.666666666666666252e-04 2.959999999999999090e-02 2.666666666666666252e-04
5.000000000000001188e-04 5.000000000000001188e-04 5.000000000000001188e-04 2.550000000000000183e-02 5.000000000000001188e-04 5.000000000000001188e-04 1.550000000000000336e-02 5.000000000000001188e-04 5.000000000000001188e-04 5.500000000000001416e-03 5.500000000000001416e-03 5.000000000000001188e-04 5.000000000000001188e-04 5.000000000000001188e-04 5.000000000000001188e-04 3.550000000000000377e-02 5.500000000000001416e-03 4.050000000000000128e-02 5.000000000000001188e-04 5.500000000000001416e-03 5.000000000000001188e-04 4.155000000000000360e-01 5.000000000000001188e-04 1.050000000000000239e-02 5.000000000000001188e-04 5.500000000000001416e-03 3.855000000000000093e-01 5.000000000000001188e-04 5.000000000000001188e-04 3.550000000000000377e-02
4.065040650406505146e-04 4.065040650406505146e-04 4.065040650406505146e-04 2.479674796747968063e-02 1.589430894308943576e-01 6.138211382113822195e-02 4.065040650406505146e-04 4.065040650406505146e-04 4.471544715447155552e-03 4.918699186991870587e-02 4.065040650406505146e-04 4.065040650406505146e-04 4.065040650406505146e-04 4.065040650406505146e-04 4.065040650406505146e-04 8.536585365853660914e-03 1.666666666666666990e-02 4.105691056910570208e-02 2.479674796747968063e-02 4.065040650406505146e-04 2.479674796747968063e-02 3.052845528455285229e-01 4.065040650406505146e-04 4.065040650406505146e-04 4.065040650406505146e-04 4.065040650406505146e-04 1.345528455284553115e-01 5.731707317073171659e-02 4.471544715447155552e-03 7.764227642276425034e-02
1.862197392923649569e-04 2.048417132216014472e-03 1.862197392923649569e-04 1.862197392923649569e-04 8.398510242085659161e-02 2.253258845437615746e-02 1.862197392923649569e-04 1.862197392923649569e-04 5.605214152700185165e-02 1.862197392923649569e-04 1.862197392923649569e-04 7.635009310986962637e-03 1.862197392923649569e-04 1.862197392923649569e-04 1.862197392923649569e-04 1.862197392923649569e-04 1.862197392923649569e-04 1.862197392923649569e-04 5.046554934823090782e-02 1.862197392923649569e-04 1.862197392923649569e-04 3.856610800744877943e-01 8.957169459962754932e-02 2.048417132216014472e-03 1.862197392923649569e-04 1.862197392923649569e-04 2.366852886405958478e-01 1.862197392923649569e-04 1.862197392923649569e-04 5.977653631284915448e-02
1.237012987012986870e-01 3.246753246753246208e-04 3.246753246753246208e-04 6.850649350649350156e-02 3.928571428571427798e-02 3.246753246753246208e-04 3.246753246753246208e-04 3.246753246753246208e-04 3.571428571428570883e-03 3.246753246753246208e-04 3.246753246753246208e-04 1.980519480519480138e-02 3.246753246753246208e-04 3.246753246753246208e-04 3.246753246753246208e-04 3.246753246753246208e-04 3.246753246753246208e-04 3.246753246753246208e-04 9.123376623376622252e-02 3.246753246753246208e-04 3.246753246753246208e-04 2.990259740259739729e-01 2.629870129870129358e-02 3.246753246753246208e-04 3.246753246753246208e-04 3.246753246753246208e-04 2.535714285714285032e-01 3.246753246753246208e-04 3.603896103896103015e-02 3.279220779220778231e-02
4.060402684563756831e-02 5.738255033557045082e-02 3.355704697986575916e-04 3.355704697986575916e-04 6.409395973154360937e-02 2.382550335570468927e-02 3.724832214765098903e-02 3.355704697986575916e-04 3.355704697986575916e-04 1.375838926174496012e-02 3.355704697986575916e-04 1.711409395973153419e-02 3.691275167785233995e-03 3.355704697986575916e-04 1.711409395973153419e-02 3.355704697986575916e-04 3.355704697986575916e-04 1.546979865771811458e-01 7.751677852348991260e-02 3.724832214765098903e-02 3.355704697986575916e-04 2.218120805369126480e-01 1.211409395973153946e-01 3.355704697986575916e-04 3.355704697986575916e-04 3.355704697986575916e-04 3.355704697986575916e-04 3.355704697986575916e-04 3.355704697986575916e-04 1.077181208053690914e-01
7.535714285714284477e-02 3.571428571428570883e-04 3.571428571428570883e-04 9.321428571428569398e-02 1.503571428571428281e-01 3.571428571428570883e-04 3.571428571428570883e-04 3.571428571428570883e-04 3.928571428571427972e-03 3.571428571428570883e-04 3.571428571428570883e-04 3.571428571428570883e-04 3.571428571428570883e-04 3.571428571428570883e-04 3.571428571428570883e-04 3.571428571428570883e-04 3.571428571428570883e-04 3.571428571428570883e-04 3.571428571428570883e-04 7.535714285714284477e-02 3.928571428571427972e-03 4.467857142857141750e-01 3.928571428571427972e-03 1.464285714285713802e-02 3.571428571428570883e-04 3.571428571428570883e-04 9.321428571428569398e-02 3.571428571428570883e-04 3.249999999999999417e-02 3.571428571428570883e-04
2.430278884462151387e-02 2.430278884462151387e-02 3.984063745019921009e-04 3.984063745019921009e-04 3.984063745019921009e-04 3.984063745019921009e-04 3.984063745019921009e-04 3.984063745019921009e-04 1.796812749003984244e-01 3.984063745019921009e-04 4.023904382470119834e-02 1.717131474103585909e-01 3.984063745019921009e-04 3.984063745019921009e-04 3.984063745019921009e-04 3.984063745019921009e-04 3.984063745019921009e-04 8.366533864541834606e-03 4.382470119521913489e-03 2.031872509960159362e-02 2.828685258964143759e-02 2.430278884462151387e-02 3.984063745019921009e-04 3.984063745019921009e-04 3.984063745019921009e-04 3.984063745019921009e-04 3.984063745019921009e-04 3.984063745019921009e-04 3.984063745019921009e-04 4.665338645418327101e-01
5.795006570302232290e-02 4.073587385019709732e-03 1.064388961892246722e-02 1.314060446780551553e-04 3.823915900131404783e-02 1.314060446780551553e-04 1.314060446780551553e-04 1.314060446780551553e-04 1.445466491458606735e-03 9.329829172141914859e-03 1.314060446780551553e-04 2.904073587385019167e-02 1.314060446780551553e-04 1.445466491458606735e-03 2.904073587385019167e-02 4.349540078843625729e-02 1.064388961892246722e-02 1.314060446780551553e-04 1.893561103810774693e-01 4.218134034165570839e-02 1.327201051248357022e-02 1.314060446780551553e-04 1.314060446780551553e-04 3.194480946123520737e-01 5.926412614980287180e-02 5.663600525624177401e-02 8.028909329829170272e-02 1.314060446780551553e-04 1.445466491458606735e-03 1.445466491458606735e-03
1.315789473684211147e-03 4.078947368421054209e-02 1.197368421052631970e-01 1.315789473684211147e-03 1.315789473684211147e-03 1.447368421052632262e-02 1.315789473684211147e-03 1.315789473684211147e-03 1.315789473684211147e-03 1.315789473684211147e-03 1.315789473684211147e-03 1.315789473684211147e-03 2.118421052631579982e-01 1.315789473684211147e-03 3.828947368421053987e-01 1.315789473684211147e-03 1.315789473684211147e-03 1.447368421052632262e-02 1.447368421052632262e-02 1.315789473684211147e-03 1.460526315789474061e-01 1.315789473684211147e-03 2.763157894736843409e-02 1.315789473684211147e-03 1.315789473684211147e-03 1.315789473684211147e-03 1.315789473684211147e-03 1.315789473684211147e-03 1.315789473684211147e-03 1.315789473684211147e-03
3.194888178913738103e-04 3.194888178913738103e-04 3.194888178913738103e-04 6.741214057507988189e-02 1.025559105431309986e-01 3.194888178913738103e-04 3.194888178913738103e-04 3.514376996805112022e-03 3.194888178913738103e-04 3.514376996805112022e-03 3.194888178913738103e-04 3.194888178913738103e-04 6.709265175718849908e-03 3.194888178913738103e-04 3.194888178913738103e-04 3.194888178913738103e-04 3.194888178913738103e-04 7.380191693290735766e-02 4.824281150159744069e-02 3.194888178913738103e-04 3.194888178913738103e-04 3.230031948881789128e-01 3.226837060702875126e-02 3.194888178913738103e-04 3.194888178913738103e-04 6.709265175718849908e-03 2.782747603833865546e-01 3.546325878594248915e-02 1.309904153354632395e-02 3.194888178913738103e-04
3.649635036496349052e-04 3.649635036496349052e-04 3.649635036496349052e-04 1.131386861313868168e-02 3.649635036496349052e-04 3.649635036496349052e-04 3.649635036496349052e-04 1.131386861313868168e-02 3.649635036496349052e-04 3.649635036496349052e-04 4.014598540145983795e-03 3.649635036496349052e-04 3.649635036496349052e-04 3.649635036496349052e-04 3.321167883211677274e-02 4.014598540145983795e-03 3.649635036496349052e-04 3.321167883211677274e-02 3.649635036496349052e-04 1.645985401459853503e-01 3.762773722627735240e-01 3.649635036496349052e-04 2.302919708029196044e-01 9.160583941605836278e-02 3.649635036496349052e-04 3.649635036496349052e-04 2.591240875912407399e-02 3.649635036496349052e-04 3.649635036496349052e-04 7.664233576642333172e-03
2.045454545454545442e-02 2.525252525252525250e-04 2.525252525252525250e-04 1.239898989898989973e-01 2.525252525252525250e-04 2.525252525252525250e-04 2.525252525252525250e-04 2.777777777777777884e-03 1.063131313131313177e-01 5.303030303030303351e-03 2.550505050505050275e-02 2.525252525252525250e-04 2.525252525252525250e-04 2.777777777777777884e-03 4.065656565656566163e-02 2.525252525252525250e-04 2.777777777777777884e-03 2.525252525252525250e-04 1.035353535353535255e-02 2.525252525252525250e-04 2.525252525252525250e-04 2.777777777777777884e-03 1.063131313131313177e-01 2.525252525252525250e-04 7.828282828282828384e-03 2.777777777777777884e-03 1.035353535353535255e-02 1.287878787878787845e-02 2.704545454545454475e-01 2.426767676767676574e-01
2.958333333333333995e-02 4.166666666666668018e-04 4.166666666666668018e-04 6.708333333333335591e-02 4.166666666666668018e-04 4.166666666666668018e-04 4.166666666666668018e-04 4.166666666666668018e-04 6.004166666666668206e-01 4.166666666666668018e-04 4.166666666666668018e-04 4.166666666666668018e-04 4.166666666666668018e-04 4.166666666666668018e-04 4.166666666666668018e-04 2.125000000000000500e-02 4.166666666666668018e-04 2.125000000000000500e-02 1.004166666666666957e-01 4.166666666666668018e-04 8.750000000000002567e-03 4.166666666666668018e-04 7.958333333333335313e-02 4.166666666666668018e-04 4.166666666666668018e-04 4.166666666666668018e-04 4.166666666666668018e-04 1.291666666666667004e-02 5.041666666666667906e-02 4.166666666666668018e-04
2.583979328165373918e-04 2.583979328165373918e-04 6.227390180878551729e-02 1.113695090439276170e-01 2.583979328165373918e-04 2.583979328165373918e-04 2.583979328165373918e-04 1.059431524547803198e-02 8.811369509043925907e-02 2.583979328165373918e-04 2.583979328165373918e-04 2.583979328165373918e-04 2.583979328165373918e-04 2.583979328165373918e-04 2.583979328165373918e-04 2.583979328165373918e-04 2.583979328165373918e-04 8.811369509043925907e-02 2.351421188630490114e-02 5.193798449612401641e-02 2.583979328165373918e-04 1.087855297157622469e-01 2.431524547803616820e-01 2.583979328165373918e-04 6.744186046511625732e-02 2.583979328165373918e-04 2.583979328165373918e-04 2.583979328165373918e-04 2.583979328165373918e-04 1.397932816537467426e-01
