1.657608695652173711e-02 4.918478260869564578e-02 2.717391304347825578e-04 2.989130434782608352e-03 5.706521739130433930e-03 2.717391304347825578e-04 1.904891304347825776e-01 2.717391304347825578e-04 1.442934782608695510e-01 3.535326086956521174e-01 4.918478260869564578e-02 5.706521739130433930e-03 2.744565217391303769e-02 2.717391304347825578e-04 2.717391304347825578e-04 5.706521739130433930e-03 1.929347826086956139e-02 2.717391304347825578e-04 2.201086956521738566e-02 2.717391304347825578e-04 7.364130434782607815e-02 2.717391304347825578e-04 2.717391304347825578e-04 2.717391304347825578e-04 2.989130434782608352e-03 2.201086956521738566e-02 2.717391304347825578e-04 2.717391304347825578e-04 2.717391304347825578e-04 5.706521739130433930e-03
3.936430317848409882e-02 2.469437652811735245e-02 4.425427872860634992e-02 5.134474327628361055e-03 5.134474327628361055e-03 3.691931540342296980e-02 1.246943765281173164e-02 2.129584352078238985e-01 2.444987775061123925e-04 9.070904645476771111e-02 1.491442542787285545e-02 2.444987775061123925e-04 2.444987775061123925e-04 2.444987775061123925e-04 2.276283618581906310e-01 2.444987775061123925e-04 5.134474327628361055e-03 2.444987775061123925e-04 1.640586797066014013e-01 2.444987775061123925e-04 4.914425427872859409e-02 2.444987775061123925e-04 5.892420537897308935e-02 2.444987775061123925e-04 2.444987775061123925e-04 2.444987775061123925e-04 2.444987775061123925e-04 5.134474327628361055e-03 2.444987775061123925e-04 2.444987775061123925e-04
1.069040697674418922e-01 1.824127906976744790e-02 3.786337209302326895e-02 1.388081395348837732e-02 3.059593023255815017e-02 5.457848837209303833e-02 2.340843023255815003e-01 4.585755813953489718e-02 4.585755813953489718e-02 4.585755813953489718e-02 1.315406976744186614e-02 7.267441860465118889e-05 9.018895348837212278e-02 2.478197674418605723e-02 7.267441860465118889e-05 7.994186046511631049e-04 1.606104651162791261e-02 7.267441860465118889e-05 7.267441860465118889e-05 7.267441860465118889e-05 6.620639534883722421e-02 7.267441860465118889e-05 1.170058139534884203e-02 7.267441860465118889e-05 1.526162790697675048e-03 7.267441860465118889e-05 4.433139534883722387e-03 1.076308139534884051e-01 1.024709302325581793e-02 1.896802325581396081e-02
2.502525252525251709e-01 2.525252525252524708e-04 2.525252525252524708e-04 6.590909090909088941e-02 2.525252525252524708e-04 6.085858585858584802e-02 2.525252525252524708e-04 2.525252525252524708e-04 2.525252525252524708e-04 2.525252525252524708e-04 2.525252525252524708e-04 2.148989898989898117e-01 5.580808080808079275e-02 1.391414141414140937e-01 2.525252525252524708e-04 2.525252525252524708e-04 1.315656565656565247e-01 2.525252525252524708e-04 2.525252525252524708e-04 2.525252525252524708e-04 2.525252525252524708e-04 1.035353535353534908e-02 2.525252525252524708e-04 2.525252525252524708e-04 2.777777777777777016e-03 2.525252525252524708e-04 2.525252525252524708e-04 5.303030303030301616e-03 5.580808080808079275e-02 2.777777777777777016e-03
1.215481171548116884e-01 4.393305439330543426e-03 2.092050209205020524e-04 2.092050209205020524e-04 8.179916317991629826e-02 2.092050209205020524e-04 4.393305439330543426e-03 2.092050209205020524e-04 2.092050209205020524e-04 8.179916317991629826e-02 2.092050209205020524e-04 1.069037656903765454e-01 2.301255230125522685e-03 6.485355648535563733e-03 2.092050209205020524e-04 1.843096234309622994e-01 2.092050209205020524e-04 3.995815899581589559e-02 8.577405857740583173e-03 2.322175732217572619e-02 2.092050209205020524e-04 2.092050209205020524e-04 3.158995815899581089e-02 2.092050209205020524e-04 2.092050209205020524e-04 2.092050209205020524e-04 2.092050209205020524e-04 2.092050209205020524e-04 2.993723849372383894e-01 2.092050209205020524e-04
1.694017094017093716e-01 3.589743589743589307e-03 1.709401709401709129e-04 3.094017094017093711e-02 1.213675213675213457e-02 1.555555555555555164e-02 1.591452991452990962e-01 1.709401709401709129e-04 1.709401709401709129e-04 4.119658119658119177e-02 3.589743589743589307e-03 1.709401709401709129e-04 2.923076923076922684e-02 4.461538461538461231e-02 1.709401709401709129e-04 1.709401709401709129e-04 1.709401709401709129e-04 1.709401709401709129e-04 1.709401709401709129e-04 6.683760683760682497e-02 2.239316239316238924e-02 1.213675213675213457e-02 1.709401709401709129e-04 5.299145299145297840e-03 2.752136752136752004e-02 3.589743589743589307e-03 1.709401709401709129e-04 1.709401709401709129e-04 3.437606837606836940e-01 7.008547008547006373e-03
3.459627329192545564e-01 2.070393374741200544e-04 3.293995859213249555e-01 1.884057971014492169e-02 2.070393374741200544e-04 2.070393374741200544e-04 2.277432712215320381e-03 2.070393374741200544e-04 2.277432712215320381e-03 2.070393374741200544e-04 8.488612836438921144e-03 6.418219461697721034e-03 2.070393374741200544e-04 2.505175983436852202e-02 2.070393374741200544e-04 1.223602484472049445e-01 6.024844720496893430e-02 2.070393374741200544e-04 2.070393374741200544e-04 2.070393374741200544e-04 2.070393374741200544e-04 2.070393374741200544e-04 2.070393374741200544e-04 4.782608695652173364e-02 2.505175983436852202e-02 2.277432712215320381e-03 2.070393374741200544e-04 2.070393374741200544e-04 2.070393374741200544e-04 2.070393374741200544e-04
5.197568389057749538e-02 3.039513677811549273e-04 4.653495440729481514e-01 6.382978723404253256e-03 3.039513677811549273e-04 1.854103343465044948e-02 3.039513677811549273e-04 2.252279635258357671e-01 3.039513677811549273e-04 3.981762917933129309e-02 3.039513677811549273e-04 6.413373860182368380e-02 6.413373860182368380e-02 3.039513677811549273e-04 3.039513677811549273e-04 3.039513677811549273e-04 3.039513677811549273e-04 1.246200607902735007e-02 3.039513677811549273e-04 3.343465045592704417e-03 3.039513677811549273e-04 1.550151975683889891e-02 2.462006079027354716e-02 3.039513677811549273e-04 3.039513677811549273e-04 3.039513677811549273e-04 3.039513677811549273e-04 3.343465045592704417e-03 3.039513677811549273e-04 3.039513677811549273e-04
1.648387096774193705e-01 3.225806451612903223e-04 1.970967741935484019e-01 2.290322580645161310e-02 3.225806451612903223e-04 3.903225806451612878e-02 3.225806451612903223e-04 3.225806451612903223e-04 3.225806451612903223e-04 3.225806451612903223e-04 3.225806451612903223e-04 3.225806451612903223e-04 6.774193548387097419e-03 3.225806451612903223e-04 3.225806451612903223e-04 1.938709677419354904e-01 3.258064516129031973e-02 3.225806451612903223e-04 3.225806451612903223e-04 3.225806451612903223e-04 3.225806451612903223e-04 3.225806451612903223e-04 3.225806451612903223e-04 9.387096774193548487e-02 1.322580645161290126e-02 3.225806451612903223e-04 1.000000000000000021e-02 3.225806451612903223e-04 3.225806451612903223e-04 2.196774193548386989e-01
1.006024096385541994e-01 2.008032128514055769e-04 2.753012048192770567e-01 2.008032128514055769e-04 5.642570281124496823e-02 2.008032128514055769e-04 1.006024096385541994e-01 2.008032128514055769e-04 2.008032128514055769e-04 2.010040160642569684e-01 2.008032128514055769e-04 2.008032128514055769e-04 2.008032128514055769e-04 2.008032128514055769e-04 4.437751004016063372e-02 2.208835341365461644e-03 2.008032128514055769e-04 6.646586345381524930e-02 3.835341365461846647e-02 1.626506024096385089e-02 5.843373493975902860e-02 2.008032128514055769e-04 2.008032128514055769e-04 1.626506024096385089e-02 2.008032128514055769e-04 2.008032128514055769e-04 2.008032128514055769e-04 2.028112449799196124e-02 2.008032128514055769e-04 2.008032128514055769e-04
1.683501683501683591e-04 1.683501683501683591e-04 3.047138047138047215e-02 1.683501683501683591e-04 1.683501683501683591e-04 1.683501683501683591e-04 9.781144781144780753e-02 1.683501683501683591e-04 4.057239057239057228e-02 2.813131313131312927e-01 1.112794612794612698e-01 1.683501683501683591e-04 6.902356902356901990e-03 1.683501683501683591e-04 1.683501683501683591e-04 1.683501683501683591e-04 2.205387205387205479e-02 1.683501683501683591e-04 3.267676767676767624e-01 1.683501683501683591e-04 6.077441077441077949e-02 1.363636363636363570e-02 1.683501683501683591e-04 1.683501683501683591e-04 1.683501683501683591e-04 1.851851851851851923e-03 1.683501683501683591e-04 1.851851851851851923e-03 1.851851851851851923e-03 1.683501683501683591e-04
8.813905930470346262e-02 2.044989775051124503e-04 1.392638036809815405e-01 2.044989775051124503e-04 3.314928425357872577e-01 7.382413087934558416e-02 2.044989775051124503e-04 3.292433537832310103e-02 2.044989775051124503e-04 5.132924335378322156e-02 8.384458077709608728e-03 2.044989775051124503e-04 2.044989775051124503e-04 4.294478527607361457e-03 2.249488752556236953e-03 2.374233128834355167e-01 2.044989775051124503e-04 2.044989775051124503e-04 2.044989775051124503e-04 2.044989775051124503e-04 2.044989775051124503e-04 2.044989775051124503e-04 2.249488752556236953e-03 6.339468302658485092e-03 2.044989775051124503e-04 2.044989775051124503e-04 2.044989775051124503e-04 2.044989775051124503e-04 2.249488752556236953e-03 1.656441717791410501e-02
9.464285714285712581e-02 2.551020408163264452e-04 2.502551020408162463e-01 2.551020408163264452e-04 2.551020408163264452e-04 7.678571428571426272e-02 1.811224489795917880e-02 2.551020408163264452e-04 2.551020408163264452e-04 2.551020408163264452e-04 2.551020408163264452e-04 7.908163265306120127e-03 5.382653061224488417e-02 2.551020408163264452e-04 2.551020408163264452e-04 2.170918367346937883e-01 7.908163265306120127e-03 1.301020408163264773e-02 2.551020408163264452e-04 2.551020408163264452e-04 2.551020408163264452e-04 2.551020408163264452e-04 2.806122448979591223e-03 2.576530612244897281e-02 2.551020408163264452e-04 7.908163265306120127e-03 2.806122448979591223e-03 2.551020408163264452e-04 3.852040816326529615e-02 1.788265306122448217e-01
1.193832599118942878e-01 4.405286343612335536e-04 7.092511013215860305e-02 4.405286343612335536e-04 4.449339207048458311e-02 1.370044052863436390e-01 4.405286343612335536e-04 1.365638766519823924e-02 4.405286343612335536e-04 4.405286343612335536e-04 4.405286343612335536e-04 4.405286343612335536e-04 4.405286343612335536e-04 4.405286343612335536e-04 2.246696035242290793e-02 2.246696035242290793e-02 4.405286343612335536e-04 4.405286343612335536e-04 9.251101321585904896e-03 4.008810572687224877e-02 4.405286343612335536e-04 4.405286343612335536e-04 4.405286343612335536e-04 9.251101321585904896e-03 1.365638766519823924e-02 4.277533039647577473e-01 1.365638766519823924e-02 4.405286343612335536e-04 4.405286343612335536e-04 4.889867841409691746e-02
1.092948717948717952e-01 3.205128205128205125e-04 3.205128205128205125e-04 1.060897435897435875e-01 3.205128205128205125e-04 3.205128205128205125e-04 3.205128205128205125e-04 3.205128205128205125e-04 3.205128205128205125e-04 3.205128205128205125e-04 3.205128205128205125e-04 3.205128205128205125e-04 3.205128205128205125e-04 5.160256410256410659e-02 3.205128205128205125e-04 6.730769230769231143e-03 3.205128205128205125e-04 3.205128205128205125e-04 3.205128205128205125e-04 3.205128205128205125e-04 3.205128205128205125e-04 3.525641025641026126e-03 6.762820512820513774e-02 3.205128205128205125e-04 3.881410256410256499e-01 3.205128205128205125e-04 3.205128205128205125e-04 3.205128205128205125e-04 2.278846153846153799e-01 3.237179487179486781e-02
1.240990990990990667e-01 2.252252252252251745e-04 1.466216216216215673e-01 2.252252252252251745e-04 7.229729729729728049e-02 2.252252252252251745e-04 1.824324324324323732e-02 9.707207207207205202e-02 2.930180180180179117e-01 2.252252252252251745e-04 2.252252252252251745e-04 2.252252252252251745e-04 2.252252252252251745e-04 2.252252252252251745e-04 2.252252252252251745e-04 2.252252252252251745e-04 6.981981981981980057e-03 2.252252252252251745e-04 1.488738738738738243e-01 2.049549549549549085e-02 2.252252252252251745e-04 2.252252252252251745e-04 2.252252252252251745e-04 1.148648648648648192e-02 2.252252252252251745e-04 3.851351351351350871e-02 2.252252252252251745e-04 1.599099099099098725e-02 2.477477477477476892e-03 2.252252252252251745e-04
1.103092783505154884e-01 3.436426116838488774e-04 2.237113402061856049e-01 2.439862542955326813e-02 3.436426116838488774e-04 3.436426116838488774e-04 3.436426116838488774e-04 3.436426116838488774e-04 3.436426116838488774e-04 3.436426116838488774e-04 3.780068728522337652e-03 3.436426116838488774e-04 3.436426116838488774e-04 3.436426116838488774e-04 3.436426116838488774e-04 4.195876288659794451e-01 3.436426116838488774e-04 5.532646048109967490e-02 3.780068728522337652e-03 3.436426116838488774e-04 3.436426116838488774e-04 3.436426116838488774e-04 3.436426116838488774e-04 3.436426116838488774e-04 3.436426116838488774e-04 3.436426116838488774e-04 3.436426116838488774e-04 7.216494845360826860e-03 3.780068728522337652e-03 1.412371134020618813e-01
7.052154195011337001e-02 3.424036281179137359e-02 1.997732426303854281e-01 2.970521541950112490e-02 2.494331065759636690e-03 7.029478458049884942e-03 2.267573696145124289e-04 3.335600907029477313e-01 1.045351473922902230e-01 2.267573696145124289e-04 2.267573696145124289e-04 2.267573696145124289e-04 2.267573696145124289e-04 2.267573696145124289e-04 2.517006802721087622e-02 5.464852607709749788e-02 1.136054421768707273e-01 2.267573696145124289e-04 2.267573696145124289e-04 2.267573696145124289e-04 2.267573696145124289e-04 2.267573696145124289e-04 2.267573696145124289e-04 2.267573696145124289e-04 2.267573696145124289e-04 2.267573696145124289e-04 2.063492063492062753e-02 2.267573696145124289e-04 2.267573696145124289e-04 2.267573696145124289e-04
1.740447957839262039e-01 1.462450592885375378e-02 2.504611330698287008e-01 1.317523056653491600e-04 1.462450592885375378e-02 1.317523056653491600e-04 8.445322793148879459e-02 1.317523056653491600e-04 4.756258234519104150e-02 1.317523056653491600e-04 7.654808959156784998e-02 1.317523056653491600e-04 4.084321475625823580e-03 1.317523056653491600e-04 1.317523056653491600e-04 3.306982872200263379e-02 1.449275362318840597e-03 3.175230566534914534e-02 8.445322793148879459e-02 6.073781291172595381e-02 1.317523056653491600e-04 1.067193675889327974e-02 1.317523056653491600e-04 5.019762845849802535e-02 1.317523056653491600e-04 1.198945981554677166e-02 1.317523056653491600e-04 4.756258234519104150e-02 1.317523056653491600e-04 1.317523056653491600e-04
4.423076923076921935e-02 2.747252747252746708e-04 3.409340659340658330e-01 2.747252747252746708e-04 2.499999999999999098e-02 2.747252747252746708e-04 5.769230769230767816e-03 3.931318681318680119e-01 2.747252747252746708e-04 8.516483516483513982e-03 2.747252747252746708e-04 2.747252747252746708e-04 3.021978021978021216e-03 2.747252747252746708e-04 2.747252747252746708e-04 2.747252747252746708e-04 3.598901098901097911e-02 3.021978021978021216e-03 4.423076923076921935e-02 2.747252747252746708e-04 4.423076923076921935e-02 2.747252747252746708e-04 3.021978021978021216e-03 2.747252747252746708e-04 5.769230769230767816e-03 2.747252747252746708e-04 3.021978021978021216e-03 2.747252747252746708e-04 2.747252747252746708e-04 3.598901098901097911e-02
1.032745591939546181e-02 2.770780856423173295e-03 1.614609571788412357e-01 5.314861460957177874e-02 6.826196473551635058e-02 2.518891687657430121e-04 2.518891687657430121e-04 4.662468513853902929e-01 2.518891687657430121e-04 2.518891687657430121e-04 2.518891687657430121e-04 2.518891687657430121e-04 2.518891687657430121e-04 2.518891687657430121e-04 7.808564231738032886e-03 4.055415617128462630e-02 3.803526448362719303e-02 2.518891687657430121e-04 7.808564231738032886e-03 2.518891687657430121e-04 1.536523929471032140e-02 2.770780856423173295e-03 2.518891687657430121e-04 2.040302267002518100e-02 8.085642317380350996e-02 2.518891687657430121e-04 2.518891687657430121e-04 1.788413098236775120e-02 2.518891687657430121e-04 2.770780856423173295e-03
8.306982872200265045e-02 6.587615283267459355e-05 6.587615283267459355e-05 8.629776021080370549e-03 4.288537549407115540e-02 6.587615283267459355e-05 2.773386034255600346e-02 1.383399209486166478e-03 4.683794466403162771e-02 3.761528326745719464e-02 6.587615283267459355e-05 6.587615283267459355e-05 5.210803689064559541e-02 2.700922266139658186e-03 6.587615283267459355e-05 6.587615283267459355e-05 8.629776021080370549e-03 4.018445322793149678e-03 2.312252964426878346e-02 1.476284584980237513e-01 1.126482213438735613e-02 6.587615283267459355e-05 6.587615283267459355e-05 2.839262187088275116e-02 1.225955204216074151e-01 3.393280632411068143e-01 1.383399209486166478e-03 6.587615283267459355e-05 9.947299077733862474e-03 6.587615283267459355e-05
1.839708561020035604e-02 1.821493624772312753e-04 7.486338797814204304e-02 1.821493624772312753e-04 4.754098360655736183e-02 1.821493624772312753e-04 1.821493624772312753e-04 4.719489981785062183e-01 1.821493624772312753e-04 1.821493624772312753e-04 1.821493624772312753e-04 1.821493624772312753e-04 1.821493624772312753e-04 3.114754098360654824e-02 1.821493624772312753e-04 9.854280510018210981e-02 1.404371584699452835e-01 1.821493624772312753e-04 7.468123861566480608e-03 1.821493624772312753e-04 1.821493624772312753e-04 2.003642987249543757e-03 1.821493624772312753e-04 1.821493624772312753e-04 1.821493624772312753e-04 3.296903460837886241e-02 1.821493624772312753e-04 1.821493624772312753e-04 6.939890710382511096e-02 2.003642987249543757e-03
3.471264367816091073e-02 2.298850574712643321e-04 2.298850574712643321e-04 2.298850574712643321e-04 2.298850574712643321e-04 5.770114942528734719e-02 2.298850574712643321e-04 9.425287356321835827e-03 2.091954022988505232e-02 4.827586206896550269e-03 2.298850574712643321e-04 4.531034482758619641e-01 2.298850574712643321e-04 2.298850574712643321e-04 8.988505747126435130e-02 2.781609195402297979e-02 2.298850574712643321e-04 4.390804597701148532e-02 4.850574712643677261e-02 2.298850574712643321e-04 2.298850574712643321e-04 2.298850574712643321e-04 2.298850574712643321e-04 2.298850574712643321e-04 7.126436781609193916e-03 1.542528735632183456e-01 2.528735632183907490e-03 4.160919540229884167e-02 2.298850574712643321e-04 2.298850574712643321e-04
9.297619047619046229e-02 1.190476190476190340e-04 1.727380952380952184e-01 5.845238095238094317e-02 1.548809523809523414e-01 1.190476190476190340e-04 4.535714285714285282e-02 1.190476190476190340e-04 1.190476190476190340e-04 6.071428571428570502e-03 1.179761904761904567e-01 2.499999999999999618e-03 7.749999999999998557e-02 1.190476190476190340e-04 1.190476190476190340e-04 4.297619047619047339e-02 6.797619047619046784e-02 1.190476190476190340e-04 8.345238095238093068e-02 1.190476190476190340e-04 1.190476190476190340e-04 1.190476190476190340e-04 3.702380952380952134e-02 1.190476190476190340e-04 2.154761904761904809e-02 1.083333333333333197e-02 1.190476190476190340e-04 1.190476190476190340e-04 1.190476190476190340e-04 6.071428571428570502e-03
1.781305114638447040e-02 3.703703703703702544e-03 1.201058201058200492e-01 3.703703703703702544e-03 1.763668430335096308e-04 1.763668430335096308e-04 1.763668430335096308e-04 4.040564373897705397e-01 1.763668430335096308e-04 1.763668430335096308e-04 6.366843033509697602e-02 1.763668430335096308e-04 1.763668430335096308e-04 1.763668430335096308e-04 1.763668430335096308e-04 1.024691358024690940e-01 2.029982363315695759e-01 1.763668430335096308e-04 7.072310405643736364e-02 1.763668430335096308e-04 1.763668430335096308e-04 1.763668430335096308e-04 1.763668430335096308e-04 5.467372134038799014e-03 1.763668430335096308e-04 1.763668430335096308e-04 1.763668430335096308e-04 1.763668430335096308e-04 1.940035273368606074e-03 1.763668430335096308e-04
2.563600782778864204e-02 5.890410958904108291e-02 8.825831702544029156e-02 1.780821917808218802e-02 1.469667318982386950e-01 6.066536203522503515e-03 1.956947162426614264e-04 3.837573385518590063e-01 1.956947162426614264e-04 1.956947162426614264e-04 6.066536203522503515e-03 9.980430528375730526e-03 4.109589041095890009e-03 5.107632093933463235e-02 8.023483365949116153e-03 1.956947162426614264e-04 4.716242661448140361e-02 1.956947162426614264e-04 1.956947162426614264e-04 1.956947162426614264e-04 2.172211350293541676e-02 1.956947162426614264e-04 1.956947162426614264e-04 1.956947162426614264e-04 1.956947162426614264e-04 6.477495107632093296e-02 1.956947162426614264e-04 1.956947162426614264e-04 5.694716242661446853e-02 1.956947162426614264e-04
7.157360406091371752e-02 5.076142131979696770e-04 5.583756345177667314e-03 5.076142131979696770e-04 5.076142131979696770e-04 5.583756345177667314e-03 5.076142131979696770e-04 1.573604060913705999e-02 6.142131979695433092e-02 1.065989847715736322e-02 5.076142131979696770e-04 5.583756345177667314e-03 5.076142131979696770e-04 5.076142131979696770e-04 5.076142131979696770e-04 5.076142131979696770e-04 6.649746192893402075e-02 5.076142131979696770e-04 3.604060913705584707e-02 5.076142131979696770e-04 5.076142131979696770e-04 5.076142131979696770e-04 5.076142131979696770e-04 5.842639593908630635e-01 4.619289340101524061e-02 5.076142131979696770e-04 5.076142131979696770e-04 5.126903553299493738e-02 5.076142131979696770e-04 3.096446700507615030e-02
1.305214723926380049e-01 1.533742331288343377e-04 3.743865030674846106e-01 2.469325153374232751e-02 5.996932515337422692e-02 2.469325153374232751e-02 1.533742331288343377e-04 1.703987730061349293e-01 1.533742331288343377e-04 1.533742331288343377e-04 5.230061349693251177e-02 1.533742331288343377e-04 1.533742331288343377e-04 1.687116564417177715e-03 6.288343558282206980e-03 7.530674846625766417e-02 1.395705521472392387e-02 1.533742331288343377e-04 1.533742331288343377e-04 1.533742331288343377e-04 1.533742331288343377e-04 1.687116564417177715e-03 1.533742331288343377e-04 5.690184049079753670e-02 1.533742331288343377e-04 1.533742331288343377e-04 1.687116564417177715e-03 1.533742331288343377e-04 1.533742331288343377e-04 3.220858895705521092e-03
1.599717114568598997e-01 1.414427157001414096e-04 2.236209335219235539e-01 2.560113154172559413e-02 1.953323903818952600e-01 3.408769448373407535e-02 3.550212164073549004e-02 6.661951909476659939e-02 1.428571428571428006e-02 4.384724186704383291e-03 1.414427157001414096e-04 4.384724186704383291e-03 1.994342291371993536e-02 1.414427157001414096e-04 8.628005657708624765e-03 8.642149929278639120e-02 6.379066478076377000e-02 1.414427157001414096e-04 4.384724186704383291e-03 1.414427157001414096e-04 1.414427157001414096e-04 1.414427157001414096e-04 1.414427157001414096e-04 2.277227722772276822e-02 2.970297029702969466e-03 1.414427157001414096e-04 1.414427157001414096e-04 1.414427157001414096e-04 8.628005657708624765e-03 1.711456859971710945e-02
1.865517241379309743e-01 3.448275862068964168e-04 3.072413793103446755e-01 3.448275862068964168e-04 3.448275862068964168e-04 7.620689655172410704e-02 2.448275862068964581e-02 6.586206896551721757e-02 3.448275862068964168e-04 3.448275862068964168e-04 1.413793103448275114e-02 3.448275862068964168e-04 7.241379310344825404e-03 3.827586206896550075e-02 3.448275862068964168e-04 4.517241379310343169e-02 4.517241379310343169e-02 3.448275862068964168e-04 3.448275862068964168e-04 3.448275862068964168e-04 3.448275862068964168e-04 3.793103448275860802e-03 3.448275862068964168e-04 8.655172413793101038e-02 3.137931034482756981e-02 3.448275862068964168e-04 3.448275862068964168e-04 3.448275862068964168e-04 1.068965517241378914e-02 5.206896551724135569e-02
1.213523131672597233e-01 3.558718861209962496e-04 1.427046263345194965e-01 4.661921708185050306e-02 2.170818505338076992e-02 1.355871886120995629e-01 7.508896797153020997e-02 3.914590747330959179e-03 3.558718861209962496e-04 3.914590747330959179e-03 6.441281138790032335e-02 3.558718861209962496e-04 1.459074733096084320e-02 1.103202846975088330e-02 3.558718861209962496e-04 3.558718861209962496e-04 1.818505338078290900e-01 3.914590747330959179e-03 3.558718861209962496e-04 3.558718861209962496e-04 3.558718861209962496e-04 7.153024911032024313e-02 3.558718861209962496e-04 3.914590747330959179e-03 7.508896797153020997e-02 7.473309608540920808e-03 3.558718861209962496e-04 3.558718861209962496e-04 1.103202846975088330e-02 3.558718861209962496e-04
5.325203252032521123e-02 4.065040650406505146e-04 4.065040650406505146e-04 3.134146341463415197e-01 8.536585365853660914e-03 4.065040650406505146e-04 4.065040650406505146e-04 8.536585365853660914e-03 4.065040650406505146e-04 4.065040650406505146e-04 4.065040650406505146e-04 4.065040650406505146e-04 3.292682926829269136e-02 5.325203252032521123e-02 4.065040650406505146e-04 4.065040650406505146e-04 4.065040650406505146e-04 4.065040650406505146e-04 4.065040650406505146e-04 4.065040650406505146e-04 4.065040650406505146e-04 4.065040650406505146e-04 4.471544715447155552e-03 4.065040650406505146e-04 5.085365853658537771e-01 4.065040650406505146e-04 4.065040650406505146e-04 8.536585365853660914e-03 4.065040650406505146e-04 4.065040650406505146e-04
8.373626373626372188e-02 2.197802197802197258e-04 2.197802197802197258e-04 2.197802197802197258e-04 2.197802197802197258e-04 2.197802197802197258e-04 1.340659340659340268e-02 2.197802197802197258e-04 3.318681318681317854e-02 1.430769230769230183e-01 1.628571428571428115e-01 2.197802197802197258e-04 2.197802197802197258e-04 2.197802197802197258e-04 2.197802197802197258e-04 2.197802197802197258e-04 1.189010989010988728e-01 6.175824175824174561e-02 1.848351648351647669e-01 4.857142857142856401e-02 5.076923076923076095e-02 7.274725274725273028e-02 2.197802197802197258e-04 2.197802197802197258e-04 2.197802197802197258e-04 2.417582417582417147e-03 2.197802197802197258e-04 6.813186813186811880e-03 2.197802197802197258e-04 1.340659340659340268e-02
1.474545454545454215e-01 1.999999999999999608e-03 1.129090909090908895e-01 1.999999999999999608e-03 5.290909090909089868e-02 1.818181818181817801e-04 9.272727272727271028e-03 2.565454545454544655e-01 1.818181818181817801e-04 1.818181818181817801e-04 1.999999999999999608e-03 1.836363636363635976e-02 1.818181818181817801e-04 1.818181818181817801e-04 3.109090909090908572e-02 3.818181818181817355e-03 1.256363636363636016e-01 1.818181818181817801e-04 1.818181818181817801e-04 9.272727272727271028e-03 2.381818181818181127e-02 6.563636363636363158e-02 1.818181818181817801e-04 1.818181818181817801e-04 1.290909090909090652e-02 2.563636363636363075e-02 1.818181818181817801e-04 1.818181818181817801e-04 9.290909090909088563e-02 3.818181818181817355e-03
4.110429447852759904e-02 2.044989775051124232e-04 4.787321063394681109e-01 1.860940695296522951e-02 9.018404907975456630e-02 2.044989775051124232e-04 2.249488752556236520e-03 1.924335378323107637e-01 2.044989775051124232e-04 2.044989775051124232e-04 4.928425357873209012e-02 2.044989775051124232e-04 2.249488752556236520e-03 2.044989775051124232e-04 2.044989775051124232e-04 2.474437627811859955e-02 6.155419222903883714e-02 2.044989775051124232e-04 1.042944785276073150e-02 2.044989775051124232e-04 2.044989775051124232e-04 1.042944785276073150e-02 2.044989775051124232e-04 2.044989775051124232e-04 2.044989775051124232e-04 4.294478527607360589e-03 2.044989775051124232e-04 2.044989775051124232e-04 1.042944785276073150e-02 2.044989775051124232e-04
2.160896130346231514e-01 1.509164969450101368e-01 2.036659877800406869e-04 1.649694501018329415e-02 2.036659877800406869e-04 5.112016293279021684e-02 3.482688391038696318e-02 8.778004073319753409e-02 2.036659877800406869e-04 2.036659877800406869e-04 2.036659877800406869e-04 4.276985743380854778e-03 2.057026476578410756e-02 2.036659877800406869e-04 2.036659877800406869e-04 4.276985743380854778e-03 2.036659877800406869e-04 2.036659877800406869e-04 2.036659877800406869e-04 6.537678207739305858e-02 4.501018329938899498e-02 2.036659877800406869e-04 6.130346232179224863e-02 2.036659877800406869e-04 2.036659877800406869e-04 2.384928716904276269e-01 2.036659877800406869e-04 2.036659877800406869e-04 2.036659877800406869e-04 2.036659877800406869e-04
3.238366571699904939e-02 9.496676163342830754e-05 1.169040835707502307e-01 2.668566001899335197e-02 7.226970560303892788e-02 3.893637226970560108e-03 9.496676163342830754e-05 2.536562203228870382e-01 9.496676163342830754e-05 8.641975308641974482e-03 9.496676163342830754e-05 2.383665716999050499e-02 1.528964862298195712e-02 1.623931623931624060e-02 2.573599240265907195e-02 1.178537511870845211e-01 7.416904083570749484e-02 9.496676163342830754e-05 9.496676163342830754e-05 9.496676163342830754e-05 9.496676163342830754e-05 2.478632478632478847e-02 4.567901234567901120e-02 9.496676163342830754e-05 2.098765432098765454e-02 3.713200379867046680e-02 9.496676163342830754e-05 9.496676163342830754e-05 7.701804368471035223e-02 5.792972459639125771e-03
7.924901185770749645e-02 4.150197628458497483e-03 2.173913043478260462e-03 1.976284584980236858e-04 3.577075098814228721e-02 1.976284584980236858e-04 1.839920948616600160e-01 1.976284584980236858e-04 2.314229249011857115e-01 2.413043478260868957e-01 1.976284584980236858e-04 1.976284584980236858e-04 7.332015810276679146e-02 6.936758893280631222e-02 1.976284584980236858e-04 5.553359683794465568e-02 1.976284584980236858e-04 1.976284584980236858e-04 1.976284584980236858e-04 1.976284584980236858e-04 1.798418972332015489e-02 1.976284584980236858e-04 2.173913043478260462e-03 1.976284584980236858e-04 1.976284584980236858e-04 1.976284584980236858e-04 1.976284584980236858e-04 1.976284584980236858e-04 1.976284584980236858e-04 1.976284584980236858e-04
9.888268156424578903e-02 1.862197392923649569e-04 1.862197392923649569e-04 1.435754189944133674e-01 2.106145251396647489e-01 1.862197392923649569e-04 5.232774674115455577e-02 1.322160148975791080e-02 1.862197392923649569e-04 2.048417132216014472e-03 1.862197392923649569e-04 1.135940409683426112e-02 9.143389199255119726e-02 1.862197392923649569e-04 1.862197392923649569e-04 1.862197392923649569e-04 4.860335195530725294e-02 2.048417132216014472e-03 2.439478584729980887e-02 1.862197392923649569e-04 1.862197392923649569e-04 8.770949720670390137e-02 2.253258845437615746e-02 2.048417132216014472e-03 1.137802607076349865e-01 1.880819366852885810e-02 1.862197392923649569e-04 1.862197392923649569e-04 5.418994413407820371e-02 1.862197392923649569e-04
2.708333333333332385e-02 1.517857142857142322e-02 5.684523809523808063e-02 2.976190476190475375e-04 2.976190476190475375e-04 1.014880952380952106e-01 2.800595238095237027e-01 2.976190476190475375e-04 1.223214285714285393e-01 1.758928571428571008e-01 1.758928571428571008e-01 3.273809523809523021e-03 2.976190476190475375e-04 2.976190476190475375e-04 2.976190476190475375e-04 2.976190476190475375e-04 2.976190476190475375e-04 3.273809523809523021e-03 6.249999999999997745e-03 2.976190476190475375e-04 3.273809523809523021e-03 3.273809523809523021e-03 2.976190476190475375e-04 6.249999999999997745e-03 2.976190476190475375e-04 2.976190476190475375e-04 2.976190476190475375e-04 1.517857142857142322e-02 2.976190476190475375e-04 2.976190476190475375e-04
1.772563176895306791e-01 3.610108303249097818e-04 3.610108303249097818e-04 3.610108303249097818e-04 3.610108303249097818e-04 3.610108303249097818e-04 4.007220216606498242e-02 3.610108303249097818e-04 3.610108303249097818e-04 7.617328519855595670e-02 3.610108303249097818e-04 3.610108303249097818e-04 3.610108303249097818e-04 3.610108303249097818e-04 3.610108303249097818e-04 3.610108303249097818e-04 6.173285198555956976e-02 3.610108303249097818e-04 3.610108303249097818e-04 3.610108303249097818e-04 3.610108303249097818e-04 3.610108303249097818e-04 3.610108303249097818e-04 3.610108303249097818e-04 5.310469314079422354e-01 3.610108303249097818e-04 3.610108303249097818e-04 7.581227436823104876e-03 9.783393501805054404e-02 3.610108303249097818e-04
6.604584527220629109e-02 3.008595988538681227e-03 1.032951289398280348e-01 1.432664756446991035e-04 1.432664756446991035e-04 1.432664756446991035e-04 1.432664756446991035e-04 7.177650429799424525e-02 1.432664756446991035e-04 1.118911174785099799e-01 3.882521489971345330e-02 1.432664756446991035e-04 5.873925501432662212e-03 1.432664756446991035e-04 3.739255014326646476e-02 1.432664756446991035e-04 3.411174785100285489e-01 1.575931232091690084e-03 2.093123209169053811e-01 4.441260744985671936e-03 1.432664756446991035e-04 1.432664756446991035e-04 1.432664756446991035e-04 1.432664756446991035e-04 1.432664756446991035e-04 1.432664756446991035e-04 1.432664756446991035e-04 1.432664756446991035e-04 1.432664756446991035e-04 3.008595988538681227e-03
4.081632653061225725e-04 4.081632653061225725e-04 4.081632653061225725e-04 4.081632653061225725e-04 2.004081632653061662e-01 8.204081632653063838e-02 5.346938775510205050e-02 4.081632653061225725e-04 8.571428571428573590e-03 1.265306122448979845e-02 2.081632653061224816e-02 5.346938775510205050e-02 1.677551020408163673e-01 4.081632653061225725e-04 2.489795918367347302e-02 4.081632653061225725e-04 4.081632653061225725e-04 4.489795918367348732e-03 4.081632653061225725e-04 1.265306122448979845e-02 4.081632653061225725e-04 4.081632653061225725e-04 2.983673469387755350e-01 4.081632653061225725e-04 4.081632653061225725e-04 4.081632653061225725e-04 4.081632653061225725e-04 5.346938775510205050e-02 4.081632653061225725e-04 4.081632653061225725e-04
3.641304347826086751e-02 3.804347826086955809e-03 1.487318840579709700e-01 3.804347826086955809e-03 1.811594202898550476e-04 2.916666666666666366e-02 1.811594202898550476e-04 3.552536231884056983e-01 3.804347826086955809e-03 1.811594202898550476e-04 5.615942028985506339e-03 4.728260869565216462e-02 2.192028985507245981e-02 1.811594202898550476e-04 1.269927536231883758e-01 5.996376811594202050e-02 1.829710144927535961e-02 2.010869565217390798e-02 1.811594202898550476e-04 1.811594202898550476e-04 1.811594202898550476e-04 9.239130434782605664e-03 3.822463768115941241e-02 7.427536231884055568e-03 1.811594202898550476e-04 9.239130434782605664e-03 1.811594202898550476e-04 1.467391304347825769e-02 3.641304347826086751e-02 1.992753623188405713e-03
1.159340659340659802e-01 5.494505494505496669e-04 1.703296703296703837e-02 1.153846153846154257e-02 3.302197802197803234e-01 2.252747252747253418e-02 5.549450549450551246e-02 5.494505494505496669e-04 5.494505494505496669e-04 6.098901098901100826e-02 5.494505494505496669e-04 5.494505494505496669e-04 2.532967032967033960e-01 6.043956043956045902e-03 2.252747252747253418e-02 5.494505494505496669e-04 5.494505494505496669e-04 5.494505494505496669e-04 5.494505494505496669e-04 2.252747252747253418e-02 6.043956043956045902e-03 5.494505494505496669e-04 1.703296703296703837e-02 5.494505494505496669e-04 5.494505494505496669e-04 6.043956043956045902e-03 5.494505494505496669e-04 4.450549450549452085e-02 5.494505494505496669e-04 5.494505494505496669e-04
1.085778781038374413e-01 2.257336343115123748e-04 8.600451467268621641e-02 2.257336343115123748e-04 2.257336343115123748e-04 1.602708803611737828e-02 2.257336343115123748e-04 1.785553047404062621e-01 2.257336343115123748e-04 2.257336343115123748e-04 2.257336343115123748e-04 2.257336343115123748e-04 2.257336343115123748e-04 2.257336343115123748e-04 2.483069977426636231e-03 2.936794582392775466e-01 1.446952595936794039e-01 2.257336343115123748e-04 2.257336343115123748e-04 2.257336343115123748e-04 2.257336343115123748e-04 3.408577878103836306e-02 2.257336343115123748e-04 2.257336343115123748e-04 4.740406320541759762e-03 4.740406320541759762e-03 2.257336343115123748e-04 2.257336343115123748e-04 9.277652370203158527e-02 2.957110609480811947e-02
2.201807228915661774e-01 3.012048192771083518e-04 1.234939759036144009e-02 1.027108433734939402e-01 3.012048192771083518e-04 1.840361445783131877e-01 3.644578313253010737e-02 3.012048192771083518e-04 3.313253012048191816e-03 3.313253012048191816e-03 3.012048192771083518e-04 3.012048192771083518e-04 1.117469879518071946e-01 3.012048192771083518e-04 3.012048192771083518e-04 3.012048192771083518e-04 3.012048192771083518e-04 3.313253012048191816e-03 3.012048192771083518e-04 3.313253012048191816e-03 3.012048192771083518e-04 2.740963855421685649e-02 3.012048192771083518e-04 3.012048192771083518e-04 1.057228915662650343e-01 3.012048192771083518e-04 3.012048192771083518e-04 3.012048192771083518e-04 1.810240963855421215e-01 3.012048192771083518e-04
1.040072859744990974e-01 1.821493624772313295e-04 6.939890710382513872e-02 1.821493624772313295e-04 1.821493624772313295e-04 3.262295081967213073e-01 1.258652094717668257e-01 1.821493624772313295e-04 1.821493624772313295e-04 1.821493624772313295e-04 1.293260473588342396e-02 1.821493624772313295e-04 2.021857923497267714e-02 6.757741347905282803e-02 1.821493624772313295e-04 1.495446265938069064e-01 2.750455373406193033e-02 2.003642987249544625e-03 1.111111111111110980e-02 1.821493624772313295e-04 1.821493624772313295e-04 1.111111111111110980e-02 1.821493624772313295e-04 2.003642987249544625e-03 5.646630236794171649e-03 1.821493624772313295e-04 1.821493624772313295e-04 1.821493624772313295e-04 6.211293260473588901e-02 1.821493624772313295e-04
3.831417624521072924e-04 3.831417624521072924e-04 1.076628352490421464e-01 3.831417624521072924e-04 1.306513409961685968e-01 7.701149425287356909e-02 3.831417624521072924e-04 3.222222222222221877e-01 4.252873563218390746e-02 8.045977011494252762e-03 3.831417624521072924e-04 6.168582375478928043e-02 3.831417624521072924e-04 3.831417624521072924e-04 3.831417624521072924e-04 1.038314176245210829e-01 3.831417624521072924e-04 5.402298850574712569e-02 3.831417624521072924e-04 3.831417624521072924e-04 3.831417624521072924e-04 3.831417624521072924e-04 4.214559386973180596e-03 1.570881226053639709e-02 2.337164750957854142e-02 3.831417624521072924e-04 1.187739463601532666e-02 3.831417624521072924e-04 1.954022988505747099e-02 1.187739463601532666e-02
4.599542334096108631e-02 2.517162471395880535e-03 2.517162471395880535e-03 2.288329519450800487e-04 2.288329519450800487e-04 2.288329519450800487e-04 6.659038901601829763e-02 2.288329519450800487e-04 2.288329519450800487e-04 1.283752860411898900e-01 2.288329519450800487e-04 2.288329519450800487e-04 1.624713958810067999e-02 6.430205949656749020e-02 2.288329519450800487e-04 1.167048054919908075e-02 2.288329519450800487e-04 7.093821510297481509e-03 2.288329519450800487e-04 2.288329519450800487e-04 2.288329519450800487e-04 2.288329519450800487e-04 4.372997711670479348e-01 2.288329519450800487e-04 2.288329519450800487e-04 5.057208237986268728e-02 1.558352402745994958e-01 7.093821510297481509e-03 2.288329519450800487e-04 2.288329519450800487e-04
9.944903581267214299e-02 2.754820936639117666e-04 1.462809917355371581e-01 2.754820936639117666e-04 1.187327823691459727e-01 5.261707988980714873e-02 2.754820936639117666e-04 2.754820936639117666e-04 2.754820936639117666e-04 2.754820936639117666e-04 2.754820936639117666e-04 2.151515151515150659e-01 2.754820936639117666e-04 2.754820936639117666e-04 2.754820936639117666e-04 1.214876033057850913e-01 2.754820936639117666e-04 4.986225895316803020e-02 2.754820936639117666e-04 2.754820936639117666e-04 2.754820936639117666e-04 1.129476584022038113e-02 2.754820936639117666e-04 2.754820936639117666e-04 1.404958677685949793e-02 2.754820936639117666e-04 2.754820936639117666e-04 1.655647382920109600e-01 2.754820936639117666e-04 2.754820936639117666e-04
6.351351351351353092e-02 4.504504504504505658e-04 4.504504504504505658e-04 4.504504504504505658e-04 4.504504504504505658e-04 2.747747747747748132e-02 4.504504504504505658e-04 2.297297297297297772e-02 4.504504504504505658e-04 4.099099099099100252e-02 4.504504504504505658e-04 4.504504504504505658e-04 5.000000000000000971e-02 1.536036036036036445e-01 4.504504504504505658e-04 4.504504504504505658e-04 4.504504504504505658e-04 4.504504504504505658e-04 4.504504504504505658e-04 4.504504504504505658e-04 4.504504504504505658e-04 4.504504504504505658e-04 5.409909909909911274e-01 4.504504504504505658e-04 4.504504504504505658e-04 4.504504504504505658e-04 9.054054054054057332e-02 4.504504504504505658e-04 4.504504504504505658e-04 4.504504504504505658e-04
