6.278106508875741509e-01 6.508875739644972777e-03 5.917159763313611714e-04 5.917159763313611714e-04 6.508875739644972777e-03 6.508875739644972777e-03 5.917159763313611714e-04 5.917159763313611714e-04 5.917159763313611714e-04 5.917159763313611714e-04 6.508875739644972777e-03 1.662721893491125036e-01 1.242603550295858471e-02 5.917159763313611714e-04 5.917159763313611714e-04 5.917159763313611714e-04 5.917159763313611714e-04 6.508875739644972777e-03 5.917159763313611714e-04 5.917159763313611714e-04 3.609467455621302723e-02 5.917159763313611714e-04 6.508875739644972777e-03 5.917159763313611714e-04 5.917159763313611714e-04 5.917159763313611714e-04 9.526627218934914654e-02 5.917159763313611714e-04 5.917159763313611714e-04 1.242603550295858471e-02
3.937007874015749061e-04 4.763779527559056093e-02 3.937007874015749061e-04 4.330708661417324509e-03 3.937007874015749061e-04 1.614173228346457017e-02 3.937007874015749061e-04 2.401574803149606613e-02 8.267716535433072486e-03 3.937007874015749061e-04 4.370078740157481295e-02 4.330708661417324509e-03 3.188976377952756208e-02 3.937007874015749061e-04 4.330708661417324509e-03 1.614173228346457017e-02 3.937007874015749061e-04 3.937007874015749061e-04 3.937007874015749061e-04 7.125984251968506267e-02 2.956692913385827182e-01 3.937007874015749061e-04 3.937007874015749061e-04 3.035433070866142002e-01 2.795275590551181757e-02 3.937007874015749061e-04 5.157480314960630891e-02 2.007874015748031815e-02 2.401574803149606613e-02 3.937007874015749061e-04
7.142857142857145019e-04 1.500000000000000291e-02 7.142857142857145019e-04 7.142857142857145019e-04 2.214285714285714815e-02 5.071428571428571869e-02 7.142857142857145019e-04 5.071428571428571869e-02 7.142857142857145019e-04 1.500000000000000291e-02 1.650000000000000355e-01 7.142857142857145019e-04 7.857142857142859413e-03 1.500000000000000291e-02 7.142857142857145019e-04 7.142857142857145019e-04 2.214285714285714815e-02 7.142857142857145019e-04 7.142857142857145019e-04 7.142857142857145019e-04 7.142857142857145019e-04 7.142857142857145019e-04 1.507142857142857451e-01 7.142857142857145019e-04 2.435714285714286331e-01 7.142857142857145019e-04 1.007142857142857284e-01 7.142857142857145019e-04 7.142857142857145019e-04 1.292857142857143093e-01
1.338652482269503743e-02 4.521276595744681305e-03 2.136524822695036116e-02 1.250886524822695245e-01 8.865248226950356563e-05 7.367021276595746293e-02 8.865248226950356563e-05 6.294326241134753051e-03 8.865248226950356563e-05 8.865248226950356563e-05 5.407801418439717178e-03 2.934397163120568142e-02 8.865248226950356563e-05 1.392730496453900846e-01 8.865248226950356563e-05 4.618794326241135867e-02 3.820921985815603494e-02 8.865248226950356563e-05 8.865248226950356563e-05 1.277482269503546208e-01 9.317375886524824347e-02 5.505319148936171220e-02 3.909574468085107168e-02 1.427304964539007591e-02 8.865248226950356563e-05 7.180851063829788057e-03 1.188829787234042673e-01 4.086879432624114517e-02 8.865248226950356563e-05 8.865248226950356563e-05
4.566210045662100854e-04 4.566210045662100854e-04 4.566210045662100854e-04 5.022831050228311264e-03 4.566210045662100854e-04 2.328767123287671034e-02 4.566210045662100854e-04 1.054794520547945313e-01 4.566210045662100854e-04 4.566210045662100854e-04 1.054794520547945313e-01 1.146118721461187318e-01 4.566210045662100854e-04 4.566210045662100854e-04 3.242009132420091422e-02 4.566210045662100854e-04 4.566210045662100854e-04 5.022831050228311264e-03 4.566210045662100854e-04 4.566210045662100854e-04 4.566210045662100854e-04 1.191780821917808320e-01 9.178082191780823074e-02 4.566210045662100854e-04 6.438356164383561564e-02 4.566210045662100854e-04 2.607305936073059383e-01 6.438356164383561564e-02 4.566210045662100854e-04 4.566210045662100854e-04
5.724576271186441190e-01 3.855932203389830781e-02 4.237288135593221300e-04 4.237288135593221300e-04 4.237288135593221300e-04 4.279661016949153074e-02 4.237288135593221300e-04 6.822033898305086830e-02 4.237288135593221300e-04 4.237288135593221300e-04 1.313559322033898587e-02 1.737288135593220359e-02 4.237288135593221300e-04 8.093220338983052320e-02 4.661016949152543484e-03 4.237288135593221300e-04 4.237288135593221300e-04 4.237288135593221300e-04 4.237288135593221300e-04 4.661016949152543484e-03 4.279661016949153074e-02 2.161016949152542652e-02 8.516949152542374613e-02 4.237288135593221300e-04 4.237288135593221300e-04 4.237288135593221300e-04 4.237288135593221300e-04 4.237288135593221300e-04 4.237288135593221300e-04 4.237288135593221300e-04
2.477477477477477326e-03 1.824324324324324079e-02 2.252252252252252016e-04 2.252252252252252016e-04 2.252252252252252016e-04 5.202702702702702298e-02 2.252252252252252016e-04 2.252252252252252016e-04 6.981981981981980924e-03 2.274774774774774438e-02 6.981981981981980924e-03 2.252252252252252016e-04 2.252252252252252016e-04 5.427927927927927304e-02 2.049549549549549085e-02 2.252252252252252016e-04 1.148648648648648365e-02 4.076576576576576572e-02 2.252252252252252016e-04 2.252252252252252016e-04 2.252252252252252016e-04 2.051801801801801384e-01 1.105855855855855802e-01 2.252252252252252016e-04 2.477477477477477326e-03 1.148648648648648365e-02 1.804054054054053668e-01 1.173423423423423373e-01 2.252252252252252016e-04 1.331081081081080808e-01
4.901960784313725422e-04 4.901960784313725422e-04 4.901960784313725422e-04 1.083333333333333370e-01 4.901960784313725422e-04 4.901960784313725422e-04 5.392156862745098832e-03 2.897058823529412019e-01 4.901960784313725422e-04 4.901960784313725422e-04 4.901960784313725422e-04 4.901960784313725422e-04 1.029411764705882339e-02 4.901960784313725422e-04 4.901960784313725422e-04 4.901960784313725422e-04 4.901960784313725422e-04 4.901960784313725422e-04 1.519607843137254881e-02 4.901960784313725422e-04 5.392156862745098832e-03 8.382352941176471339e-02 1.622549019607843201e-01 4.901960784313725422e-04 4.460784313725490308e-02 4.901960784313725422e-04 1.328431372549019607e-01 6.911764705882353366e-02 4.901960784313725422e-04 6.421568627450979783e-02
2.061855670103092343e-04 4.329896907216494381e-03 2.061855670103092343e-04 2.061855670103092343e-04 2.061855670103092343e-04 2.061855670103092343e-04 1.876288659793813943e-02 4.969072164948452885e-02 2.061855670103092343e-04 2.268041237113401550e-03 1.507216494845360355e-01 4.556701030927834406e-02 5.175257731958762125e-02 7.443298969072163762e-02 2.061855670103092343e-04 2.061855670103092343e-04 2.061855670103092343e-04 4.329896907216494381e-03 2.061855670103092343e-04 2.061855670103092343e-04 2.268041237113401550e-03 2.002061855670102530e-01 1.051546391752576984e-02 2.061855670103092343e-04 2.907216494845360141e-02 2.061855670103092343e-04 2.723711340206184661e-01 7.855670103092782242e-02 2.061855670103092343e-04 2.268041237113401550e-03
2.100840336134453365e-04 2.100840336134453365e-04 2.100840336134453365e-04 2.100840336134453365e-04 2.310924369747898756e-03 1.281512605042016417e-02 2.100840336134453365e-04 2.100840336134453365e-04 2.100840336134453365e-04 2.100840336134453365e-04 5.693277310924368950e-02 4.222689075630251671e-02 8.844537815126048141e-02 1.178571428571428270e-01 2.100840336134453365e-04 2.310924369747898756e-03 1.281512605042016417e-02 1.281512605042016417e-02 2.100840336134453365e-04 2.100840336134453365e-04 1.911764705882352394e-02 2.439075630252100224e-01 6.512605042016805269e-03 1.911764705882352394e-02 1.281512605042016417e-02 2.100840336134453365e-04 2.460084033613444687e-01 1.010504201680672010e-01 2.100840336134453365e-04 2.100840336134453365e-04
7.352941176470590302e-04 1.544117647058823942e-02 7.352941176470590302e-04 8.088235294117649549e-03 8.088235294117649549e-03 7.352941176470590302e-04 7.352941176470590302e-04 7.352941176470590302e-04 7.352941176470590302e-04 7.352941176470590302e-04 7.352941176470590302e-04 1.257352941176470840e-01 3.022058823529412686e-01 2.286764705882353421e-01 7.352941176470590302e-04 7.352941176470590302e-04 7.352941176470590302e-04 7.352941176470590302e-04 8.088235294117649549e-03 9.632352941176472449e-02 7.426470588235295489e-02 7.352941176470590302e-04 7.352941176470590302e-04 7.352941176470590302e-04 7.352941176470590302e-04 7.352941176470590302e-04 7.352941176470590302e-04 1.183823529411765080e-01 7.352941176470590302e-04 7.352941176470590302e-04
6.280334728033474256e-01 4.184100418410043216e-04 4.184100418410043216e-04 4.184100418410043216e-04 4.184100418410043216e-04 3.389121338912134268e-02 4.184100418410043216e-04 5.062761506276151902e-02 4.184100418410043216e-04 4.184100418410043216e-04 4.184100418410043216e-04 4.184100418410043216e-04 4.184100418410043216e-04 4.644351464435147320e-02 4.184100418410043216e-04 4.184100418410043216e-04 4.184100418410043216e-04 1.297071129707113267e-02 4.184100418410043216e-04 4.184100418410043216e-04 4.225941422594143432e-02 4.184100418410043216e-04 1.761506276150628103e-01 4.184100418410043216e-04 4.184100418410043216e-04 4.184100418410043216e-04 4.184100418410043216e-04 4.184100418410043216e-04 4.184100418410043216e-04 4.184100418410043216e-04
6.179775280898878141e-03 5.617977528089889219e-04 2.865168539325842895e-02 9.044943820224721209e-02 1.179775280898876649e-02 1.179775280898876649e-02 5.617977528089889219e-04 1.741573033707865398e-02 5.617977528089889219e-04 5.617977528089889219e-04 5.617977528089889219e-04 3.426966292134831643e-02 1.859550561797753132e-01 6.797752808988764828e-02 5.617977528089889219e-04 1.741573033707865398e-02 5.617977528089889219e-04 5.617977528089889219e-04 5.617977528089889219e-04 6.179775280898878141e-03 5.617977528089889219e-04 6.235955056179776079e-02 5.617977528089889219e-04 5.617977528089889219e-04 5.617977528089889219e-04 5.617977528089889219e-04 1.297752808988764384e-01 5.617977528089889219e-04 3.207865168539326683e-01 5.617977528089889219e-04
5.973384030418248392e-01 3.802281368821291453e-04 1.178707224334600220e-02 3.802281368821291453e-04 3.802281368821291453e-04 3.802281368821291453e-04 3.802281368821291453e-04 3.802281368821291453e-04 3.802281368821291453e-04 3.802281368821291453e-04 1.939163498098858338e-02 1.068441064638782911e-01 3.802281368821291453e-04 3.802281368821291453e-04 3.802281368821291453e-04 3.802281368821291453e-04 4.182509505703420165e-03 8.022813688212925010e-02 3.802281368821291453e-04 2.699619771863116455e-02 7.262357414448666892e-02 3.802281368821291453e-04 4.980988593155891153e-02 3.802281368821291453e-04 3.802281368821291453e-04 1.939163498098858338e-02 3.802281368821291453e-04 4.182509505703420165e-03 3.802281368821291453e-04 3.802281368821291453e-04
4.094252873563217210e-01 2.298850574712643321e-04 2.298850574712643321e-04 2.321839080459769597e-02 2.298850574712643321e-04 4.620689655172412896e-02 1.172413793103447947e-02 4.390804597701148532e-02 2.298850574712643321e-04 1.402298850574712138e-02 9.908045977011492589e-02 1.220689655172413485e-01 2.298850574712643321e-04 2.298850574712643321e-04 2.298850574712643321e-04 2.298850574712643321e-04 2.298850574712643321e-04 2.298850574712643321e-04 1.172413793103447947e-02 2.298850574712643321e-04 2.551724137931033615e-02 7.126436781609193916e-03 1.128735632183907739e-01 1.862068965517240868e-02 2.781609195402297979e-02 1.172413793103447947e-02 2.298850574712643321e-04 2.298850574712643321e-04 1.172413793103447947e-02 2.298850574712643321e-04
6.861635220125787971e-01 6.289308176100631871e-04 6.289308176100631871e-04 4.465408805031447631e-02 6.289308176100631871e-04 4.465408805031447631e-02 1.320754716981132650e-02 6.289308176100631871e-04 6.289308176100631871e-04 6.289308176100631871e-04 6.289308176100631871e-04 2.578616352201258677e-02 6.289308176100631871e-04 6.289308176100631871e-04 6.289308176100631871e-04 6.289308176100631871e-04 6.289308176100631871e-04 3.207547169811321430e-02 6.289308176100631871e-04 6.289308176100631871e-04 6.918238993710694625e-03 6.289308176100631871e-04 5.723270440251573832e-02 6.289308176100631871e-04 6.289308176100631871e-04 7.610062893081763480e-02 6.289308176100631871e-04 6.289308176100631871e-04 6.289308176100631871e-04 6.289308176100631871e-04
5.677551020408164728e-01 4.081632653061225725e-04 1.265306122448979845e-02 2.897959183673469788e-02 4.081632653061225725e-04 6.163265306122450021e-02 4.081632653061225725e-04 6.979591836734695687e-02 1.265306122448979845e-02 4.081632653061225725e-04 8.204081632653063838e-02 4.081632653061225725e-04 4.081632653061225725e-04 4.081632653061225725e-04 4.081632653061225725e-04 4.081632653061225725e-04 4.081632653061225725e-04 4.489795918367348732e-03 4.081632653061225725e-04 4.081632653061225725e-04 4.938775510204082564e-02 4.081632653061225725e-04 9.836734693877553781e-02 4.081632653061225725e-04 4.081632653061225725e-04 4.489795918367348732e-03 4.081632653061225725e-04 4.081632653061225725e-04 4.081632653061225725e-04 4.081632653061225725e-04
5.621794871794869586e-01 2.136752136752135937e-04 2.136752136752135937e-04 2.136752136752135937e-04 2.136752136752135937e-04 4.081196581196579187e-02 2.136752136752135937e-04 2.158119658119657044e-02 2.136752136752135937e-04 2.136752136752135937e-04 2.136752136752135937e-04 1.305555555555555081e-01 2.136752136752135937e-04 6.431623931623928203e-02 2.136752136752135937e-04 2.136752136752135937e-04 2.136752136752135937e-04 1.303418803418802778e-02 2.136752136752135937e-04 2.350427350427349450e-03 5.363247863247860847e-02 2.136752136752135937e-04 9.850427350427345963e-02 2.136752136752135937e-04 2.136752136752135937e-04 2.350427350427349450e-03 2.136752136752135937e-04 2.136752136752135937e-04 6.623931623931621215e-03 2.136752136752135937e-04
4.480952380952382685e-01 4.761904761904764069e-04 4.761904761904764069e-04 4.761904761904764069e-04 1.000000000000000368e-02 5.238095238095240476e-03 5.238095238095240476e-03 4.761904761904764069e-04 4.761904761904764069e-04 4.761904761904764069e-04 4.761904761904764069e-04 3.528571428571429802e-01 4.761904761904764069e-04 4.809523809523811450e-02 4.761904761904764069e-04 4.761904761904764069e-04 4.761904761904764069e-04 6.238095238095240497e-02 4.761904761904764069e-04 4.761904761904764069e-04 4.761904761904764069e-04 1.000000000000000368e-02 4.761904761904764069e-04 5.238095238095240476e-03 4.761904761904764069e-04 4.761904761904764069e-04 4.761904761904764069e-04 4.333333333333334869e-02 4.761904761904764069e-04 4.761904761904764069e-04
1.962616822429906482e-02 9.345794392523364873e-04 9.345794392523364873e-04 9.345794392523364873e-04 9.345794392523364873e-04 9.439252336448597513e-02 9.345794392523364873e-04 9.345794392523364873e-04 1.028037383177570104e-02 1.962616822429906482e-02 9.345794392523364873e-04 9.345794392523364873e-04 2.532710280373832168e-01 9.345794392523364873e-04 9.345794392523364873e-04 1.028037383177570104e-02 9.345794392523364873e-04 9.345794392523364873e-04 9.345794392523364873e-04 6.635514018691587856e-02 2.897196261682243035e-02 9.345794392523364873e-04 2.897196261682243035e-02 9.345794392523364873e-04 9.345794392523364873e-04 9.345794392523364873e-04 1.785046728971962648e-01 9.345794392523364873e-04 2.719626168224298923e-01 9.345794392523364873e-04
6.369426751592358526e-04 6.369426751592358526e-04 6.369426751592358526e-04 6.369426751592358526e-04 6.369426751592358526e-04 5.796178343949045381e-02 6.369426751592358526e-04 5.796178343949045381e-02 6.369426751592358526e-04 6.369426751592358526e-04 6.369426751592358526e-04 3.248407643312102577e-02 1.980891719745223323e-01 6.369426751592358526e-04 6.369426751592358526e-04 6.369426751592358526e-04 6.369426751592358526e-04 6.369426751592358526e-04 6.369426751592358526e-04 6.369426751592358526e-04 1.280254777070063965e-01 6.369426751592358526e-04 2.611464968152866356e-02 6.369426751592358526e-04 2.611464968152866356e-02 2.681528662420382680e-01 6.369426751592358526e-04 6.369426751592358526e-04 1.917197452229299770e-01 6.369426751592358526e-04
4.608294930875577117e-04 5.069124423963134937e-03 4.608294930875577117e-04 4.608294930875577117e-04 4.608294930875577117e-04 9.677419354838711837e-03 4.608294930875577117e-04 5.115207373271889874e-02 6.497695852534562944e-02 4.608294930875577117e-04 2.811059907834101423e-02 7.419354838709679711e-02 4.608294930875577117e-04 2.811059907834101423e-02 4.608294930875577117e-04 4.608294930875577117e-04 4.608294930875577117e-04 2.811059907834101423e-02 4.608294930875577117e-04 4.608294930875577117e-04 4.193548387096774493e-02 1.889400921658986390e-02 3.732718894009216803e-02 4.608294930875577117e-04 3.460829493087557718e-01 4.608294930875577117e-04 1.709677419354838912e-01 7.419354838709679711e-02 4.608294930875577117e-04 1.428571428571428874e-02
4.566210045662100854e-04 5.022831050228311264e-03 4.566210045662100854e-04 5.022831050228311264e-03 6.438356164383561564e-02 8.264840182648403033e-02 4.566210045662100854e-04 1.009132420091324311e-01 3.242009132420091422e-02 4.566210045662100854e-04 4.566210045662100854e-04 1.785388127853881346e-01 4.566210045662100854e-04 4.566210045662100854e-04 5.022831050228311264e-03 4.566210045662100854e-04 4.566210045662100854e-04 4.566210045662100854e-04 4.566210045662100854e-04 5.022831050228311264e-03 4.566210045662100854e-04 4.566210045662100854e-04 1.100456621004566315e-01 4.566210045662100854e-04 1.100456621004566315e-01 4.566210045662100854e-04 1.831050228310502348e-01 1.009132420091324311e-01 5.022831050228311264e-03 5.022831050228311264e-03
6.369426751592358526e-04 3.318471337579618763e-01 6.369426751592358526e-04 6.369426751592358526e-04 1.337579617834395128e-02 6.369426751592358526e-04 6.369426751592358526e-04 6.369426751592358526e-04 6.369426751592358526e-04 3.248407643312102577e-02 6.369426751592358526e-04 6.369426751592358526e-04 6.369426751592358526e-04 6.369426751592358526e-04 2.554140127388535575e-01 6.369426751592358526e-04 6.369426751592358526e-04 6.369426751592358526e-04 9.617834394904460626e-02 6.369426751592358526e-04 7.006369426751594270e-03 2.611464968152866356e-02 5.796178343949045381e-02 6.369426751592358526e-04 6.369426751592358526e-04 6.369426751592358526e-04 6.369426751592358526e-04 7.006369426751594270e-03 7.006369426751594270e-03 1.535031847133758454e-01
6.756756756756758216e-04 6.756756756756758216e-04 6.756756756756758216e-04 1.418918918918919171e-02 6.756756756756758216e-04 6.756756756756758216e-04 6.756756756756758216e-04 2.770270270270270424e-02 9.527027027027028250e-02 7.432432432432434580e-03 6.756756756756758216e-04 6.756756756756758216e-04 3.722972972972973804e-01 3.445945945945946137e-02 6.756756756756758216e-04 7.432432432432434580e-03 6.756756756756758216e-04 6.756756756756758216e-04 6.756756756756758216e-04 6.756756756756758216e-04 1.087837837837838106e-01 6.756756756756758216e-04 1.418918918918919171e-02 6.756756756756758216e-04 3.445945945945946137e-02 6.756756756756758216e-04 6.756756756756758216e-04 6.756756756756758216e-04 2.709459459459460096e-01 6.756756756756758216e-04
9.243697478991600228e-03 8.403361344537817797e-04 8.403361344537817797e-04 8.403361344537817797e-04 8.403361344537817797e-04 2.605042016806723496e-02 8.403361344537817797e-04 8.403361344537817797e-04 8.403361344537817797e-04 8.403361344537817797e-04 8.403361344537817797e-04 1.941176470588235892e-01 2.529411764705882804e-01 2.605042016806723496e-02 9.243697478991600228e-03 8.403361344537817797e-04 8.403361344537817797e-04 8.403361344537817797e-04 8.403361344537817797e-04 8.403361344537817797e-04 2.605042016806723496e-02 8.403361344537817797e-04 9.243697478991600228e-03 8.403361344537817797e-04 2.605042016806723496e-02 8.403361344537817797e-04 1.521008403361344963e-01 2.445378151260504951e-01 8.403361344537817797e-04 9.243697478991600228e-03
3.074324324324323454e-02 3.378378378378378024e-04 2.736486486486485945e-02 3.378378378378378024e-04 3.378378378378378024e-04 2.060810810810810231e-02 3.716216216216215989e-03 2.736486486486485945e-02 3.412162162162161311e-02 3.378378378378378024e-04 3.378378378378378024e-04 3.378378378378378024e-04 5.172297297297295815e-01 3.378378378378378024e-04 3.378378378378378024e-04 3.716216216216215989e-03 3.378378378378378024e-04 1.722972972972972375e-02 3.378378378378378024e-04 3.716216216216215989e-03 1.152027027027026918e-01 3.378378378378378024e-04 1.722972972972972375e-02 3.716216216216215989e-03 3.378378378378378024e-04 3.378378378378378024e-04 1.219594594594594350e-01 3.716216216216215989e-03 4.763513513513512737e-02 3.378378378378378024e-04
5.331775700934580087e-01 4.672897196261683521e-04 1.448598130841121864e-02 4.672897196261683521e-04 4.672897196261683521e-04 4.672897196261683521e-04 4.672897196261683521e-04 4.672897196261683521e-04 4.672897196261683521e-04 4.672897196261683521e-04 1.448598130841121864e-02 1.126168224299065740e-01 4.672897196261683521e-04 4.252336448598131868e-02 4.672897196261683521e-04 9.813084112149535881e-03 4.672897196261683521e-04 2.383177570093458417e-02 3.785046728971963592e-02 4.672897196261683521e-04 9.813084112149535881e-03 7.056074766355141525e-02 5.140186915887852252e-03 4.672897196261683521e-04 4.672897196261683521e-04 4.672897196261683521e-04 4.672897196261683521e-04 1.172897196261682567e-01 4.672897196261683521e-04 4.672897196261683521e-04
4.040000000000000535e-02 4.000000000000001276e-04 4.000000000000001276e-04 4.000000000000001276e-04 4.000000000000001276e-04 4.000000000000001276e-04 2.040000000000000493e-02 6.040000000000000924e-02 4.000000000000001276e-04 1.640000000000000138e-02 4.000000000000001276e-04 8.840000000000002023e-02 2.040000000000000493e-02 4.400000000000001132e-03 4.000000000000001276e-04 4.000000000000001276e-04 4.000000000000001276e-04 4.000000000000001276e-04 4.000000000000001276e-04 4.000000000000001276e-04 4.440000000000000890e-02 4.000000000000001276e-04 4.440000000000000890e-02 4.000000000000001276e-04 4.400000000000001132e-03 3.204000000000000736e-01 3.204000000000000736e-01 4.400000000000001132e-03 4.400000000000001132e-03 4.000000000000001276e-04
5.263157894736842854e-03 1.483253588516746449e-02 4.784688995215311143e-04 1.004784688995215280e-02 5.263157894736842854e-03 4.784688995215311143e-04 4.784688995215311143e-04 4.784688995215311143e-04 4.784688995215311143e-04 4.784688995215311143e-04 4.784688995215311143e-04 8.660287081339713977e-02 1.009569377990430644e-01 5.311004784688994756e-02 4.784688995215311143e-04 4.784688995215311143e-04 4.354066985645933113e-02 1.488038277511961882e-01 4.784688995215311143e-04 4.784688995215311143e-04 7.224880382775120125e-02 6.746411483253587915e-02 4.784688995215311143e-04 8.181818181818183155e-02 4.784688995215311143e-04 4.784688995215311143e-04 2.349282296650717639e-01 6.746411483253587915e-02 4.784688995215311143e-04 4.784688995215311143e-04
4.317365269461078126e-01 5.988023952095809397e-04 5.988023952095809397e-04 5.988023952095809397e-04 6.586826347305390662e-03 5.988023952095809397e-04 6.586826347305390662e-03 3.053892215568862478e-02 5.988023952095809397e-04 5.988023952095809397e-04 5.988023952095809397e-04 1.263473053892215925e-01 5.988023952095809397e-04 1.257485029940120028e-02 5.988023952095809397e-04 5.988023952095809397e-04 5.988023952095809397e-04 5.988023952095809397e-04 5.988023952095809397e-04 6.646706586826348073e-02 5.988023952095809397e-04 6.646706586826348073e-02 5.988023952095809397e-04 5.988023952095809397e-04 5.988023952095809397e-04 5.988023952095809397e-04 1.682634730538922485e-01 5.449101796407186671e-02 1.856287425149701076e-02 5.988023952095809397e-04
4.464285714285715773e-04 2.723214285714286101e-02 4.464285714285715773e-04 4.464285714285715773e-04 5.848214285714287142e-02 4.464285714285715773e-04 4.464285714285715773e-04 4.910714285714287350e-03 5.401785714285715218e-02 4.464285714285715773e-04 3.169642857142857678e-02 4.464285714285715773e-04 3.616071428571429602e-02 2.723214285714286101e-02 2.276785714285714871e-02 4.464285714285715773e-04 2.370535714285715023e-01 4.464285714285715773e-04 7.633928571428573451e-02 4.464285714285715773e-04 9.866071428571432378e-02 4.464285714285715773e-04 1.299107142857143238e-01 4.464285714285715773e-04 9.419642857142859760e-02 4.464285714285715773e-04 4.910714285714287350e-03 8.973214285714288529e-02 4.464285714285715773e-04 4.464285714285715773e-04
4.963680387409199167e-03 1.210653753026634115e-04 1.210653753026634115e-04 1.210653753026634115e-04 1.210653753026634115e-04 2.070217917675544472e-02 1.210653753026634115e-04 2.542372881355931587e-03 1.210653753026634115e-04 1.210653753026634115e-04 2.773607748184018784e-01 1.151331719128328851e-01 4.612590799031476146e-02 1.720338983050846982e-01 1.210653753026634115e-04 1.210653753026634115e-04 1.210653753026634115e-04 1.210653753026634115e-04 1.210653753026634115e-04 1.210653753026634115e-04 7.276029055690071135e-02 9.455205811138010785e-02 1.585956416464890523e-02 1.210653753026634115e-04 7.384987893462467180e-03 1.210653753026634115e-04 1.210653753026634115e-04 1.090799031476997194e-01 3.753026634382565594e-03 5.581113801452783352e-02
5.963730569948187954e-01 5.181347150259069285e-04 1.606217616580311522e-02 5.181347150259069285e-04 5.181347150259069285e-04 2.642487046632124859e-02 5.181347150259069285e-04 5.181347150259069285e-04 5.181347150259069285e-04 5.181347150259069285e-04 5.181347150259069285e-04 9.896373056994822726e-02 5.181347150259069285e-04 2.642487046632124859e-02 5.181347150259069285e-04 1.088082901554404507e-02 5.181347150259069285e-04 5.699481865284976648e-03 5.181347150259069285e-04 5.181347150259069285e-04 1.088082901554404507e-02 6.269430051813473792e-02 5.181347150259069285e-04 5.181347150259069285e-04 5.181347150259069285e-04 5.181347150259069285e-04 5.181347150259069285e-04 1.352331606217617166e-01 5.181347150259069285e-04 5.181347150259069285e-04
2.857142857142856273e-04 2.857142857142856273e-04 3.142857142857142117e-03 3.142857142857142117e-03 2.857142857142856273e-04 2.857142857142856273e-04 2.857142857142856273e-04 2.885714285714284510e-02 2.857142857142856273e-04 1.171428571428571007e-02 1.602857142857142259e-01 1.974285714285713422e-01 2.857142857142856273e-04 6.028571428571426888e-02 2.857142857142856273e-04 1.742857142857142175e-02 2.857142857142856273e-04 4.028571428571427193e-02 1.457142857142856504e-02 2.857142857142856273e-04 7.171428571428568877e-02 2.259999999999999232e-01 4.599999999999999228e-02 2.857142857142856273e-04 2.857142857142856273e-04 3.142857142857142117e-03 5.742857142857141217e-02 4.885714285714284205e-02 3.142857142857142117e-03 3.142857142857142117e-03
1.283697047496790557e-04 1.283697047496790557e-04 7.830551989730420714e-03 1.283697047496790557e-04 4.673940949935814215e-01 6.174582798459561650e-02 1.283697047496790557e-04 1.283697047496790557e-04 1.283697047496790557e-04 1.283697047496790557e-04 1.283697047496790557e-04 5.147625160462129812e-02 9.768934531450573777e-02 1.053915275994864870e-01 1.283697047496790557e-04 6.431322207958919956e-02 1.283697047496790557e-04 9.114249037227210512e-03 7.830551989730420714e-03 1.283697047496790557e-04 3.863928112965338973e-02 1.039794608472400204e-02 1.283697047496790557e-04 1.283697047496790557e-04 1.283697047496790557e-04 1.283697047496790557e-04 1.283697047496790557e-04 6.174582798459561650e-02 1.039794608472400204e-02 3.979460847240050454e-03
6.433333333333335347e-01 4.761904761904763527e-04 4.761904761904763527e-04 4.761904761904763527e-04 4.761904761904763527e-04 2.428571428571428895e-02 4.761904761904763527e-04 2.428571428571428895e-02 4.761904761904763527e-04 4.761904761904763527e-04 4.761904761904763527e-04 9.095238095238097897e-02 4.761904761904763527e-04 4.761904761904763527e-04 4.761904761904763527e-04 4.761904761904763527e-04 4.761904761904763527e-04 4.761904761904763527e-04 4.761904761904763527e-04 4.761904761904763527e-04 6.238095238095239803e-02 5.238095238095239609e-03 2.904761904761905475e-02 5.238095238095239609e-03 4.761904761904763527e-04 1.052380952380952694e-01 4.761904761904763527e-04 4.761904761904763527e-04 4.761904761904763527e-04 4.761904761904763527e-04
2.941176470588235579e-04 2.941176470588235579e-04 2.941176470588235579e-04 2.941176470588235579e-04 2.941176470588235579e-04 2.941176470588235579e-04 3.235294117647059299e-03 2.941176470588235579e-04 9.117647058823528938e-03 6.176470588235294552e-03 3.264705882352941096e-02 1.444117647058823506e-01 4.735294117647059070e-02 1.061764705882353027e-01 2.941176470588235579e-04 3.235294117647059299e-03 2.941176470588235579e-04 2.941176470588235579e-04 7.088235294117647967e-02 2.941176470588235579e-04 1.499999999999999944e-02 5.323529411764706121e-02 2.676470588235294046e-02 2.941176470588235579e-04 2.941176470588235579e-04 2.941176470588235579e-04 1.794117647058823470e-02 2.620588235294117330e-01 1.914705882352941146e-01 6.176470588235294552e-03
2.824858757062146991e-04 2.824858757062146991e-04 2.824858757062146991e-04 2.824858757062146991e-04 2.570621468926553507e-02 2.824858757062146991e-04 2.824858757062146991e-04 3.700564971751412607e-02 3.107344632768361745e-03 2.824858757062146991e-04 2.824858757062146991e-04 5.677966101694915946e-02 3.700564971751412607e-02 1.076271186440678068e-01 2.824858757062146991e-04 2.824858757062146991e-04 2.824858757062146991e-04 3.983050847457626775e-02 2.824858757062146991e-04 2.824858757062146991e-04 1.330508474576271305e-01 3.107344632768361745e-03 2.824858757062146991e-04 2.824858757062146991e-04 2.824858757062146991e-04 2.824858757062146991e-04 9.067796610169491511e-02 1.132768361581920902e-01 3.392655367231638408e-01 8.757062146892655510e-03
3.521126760563380470e-04 3.521126760563380470e-04 3.521126760563380470e-04 6.021126760563380587e-02 2.852112676056338045e-02 3.521126760563380470e-04 3.521126760563380470e-04 3.521126760563380470e-04 3.521126760563380470e-04 2.852112676056338045e-02 7.394366197183099149e-03 2.186619718309859295e-01 3.521126760563380470e-04 1.764084507042253669e-01 3.521126760563380470e-04 7.394366197183099149e-03 6.373239436619718146e-02 3.521126760563380470e-04 2.499999999999999792e-02 3.521126760563380470e-04 3.521126760563380470e-04 1.411971830985915555e-01 3.873239436619718788e-03 3.521126760563380470e-04 3.521126760563380470e-04 3.521126760563380470e-04 3.873239436619718788e-03 2.080985915492957750e-01 2.147887323943661886e-02 3.521126760563380470e-04
4.132231404958678668e-04 5.413223140495868752e-02 2.520661157024793944e-02 3.347107438016529851e-02 4.132231404958678668e-04 6.239669421487604312e-02 4.132231404958678668e-04 8.719008264462813074e-02 4.132231404958678668e-04 2.933884297520661724e-02 4.132231404958678668e-04 4.132231404958678668e-04 4.132231404958678668e-04 4.132231404958678668e-04 4.132231404958678668e-04 4.132231404958678668e-04 4.132231404958678668e-04 4.132231404958678668e-04 8.305785123966945294e-02 4.132231404958678668e-04 7.066115702479340566e-02 4.132231404958678668e-04 4.797520661157025912e-01 2.107438016528925817e-02 4.132231404958678668e-04 4.132231404958678668e-04 4.132231404958678668e-04 4.586776859504133191e-02 4.132231404958678668e-04 4.132231404958678668e-04
3.311258278145694277e-04 6.953642384105958307e-03 3.311258278145694277e-04 3.311258278145694277e-04 3.311258278145694277e-04 3.311258278145694277e-04 3.311258278145694277e-04 3.311258278145694277e-04 1.357615894039734469e-02 3.311258278145694277e-04 3.311258278145694277e-04 1.824503311258277582e-01 3.311258278145694277e-04 3.013245033112581586e-02 3.311258278145694277e-04 3.380794701986753470e-01 3.311258278145694277e-04 4.999999999999998196e-02 3.311258278145694277e-04 3.311258278145694277e-04 4.337748344370859210e-02 1.956953642384105241e-01 3.311258278145694277e-04 3.311258278145694277e-04 1.357615894039734469e-02 3.311258278145694277e-04 3.311258278145694277e-04 1.096026490066224768e-01 6.953642384105958307e-03 3.642384105960263813e-03
5.617977528089889219e-04 5.617977528089889219e-04 5.617977528089889219e-04 5.617977528089889219e-04 1.179775280898876649e-02 5.617977528089889219e-04 5.617977528089889219e-04 5.617977528089889219e-04 5.617977528089889219e-04 5.617977528089889219e-04 5.617977528089889219e-04 1.522471910112359883e-01 9.044943820224721209e-02 2.865168539325842895e-02 5.617977528089889219e-04 5.617977528089889219e-04 1.741573033707865398e-02 2.865168539325842895e-02 5.617977528089889219e-04 5.617977528089889219e-04 1.179775280898876649e-02 5.617977528089889219e-04 2.865168539325842895e-02 5.617977528089889219e-04 5.617977528089889219e-04 6.179775280898878141e-03 3.426966292134831643e-02 2.870786516853933157e-01 2.870786516853933157e-01 6.179775280898878141e-03
2.793296089385475167e-04 2.793296089385475167e-04 2.793296089385475167e-04 2.793296089385475167e-04 1.424581005586592064e-02 5.865921787709497091e-03 2.793296089385475167e-04 2.793296089385475167e-04 5.865921787709497091e-03 3.072625698324022575e-03 2.793296089385475167e-04 2.740223463687150862e-01 4.497206703910614639e-02 2.793296089385475167e-04 2.793296089385475167e-04 2.793296089385475167e-04 2.793296089385475167e-04 1.902234636871508178e-01 2.793296089385475167e-04 2.793296089385475167e-04 6.173184357541899869e-02 1.983240223463687141e-02 6.731843575418994252e-02 2.793296089385475167e-04 2.793296089385475167e-04 2.793296089385475167e-04 1.259776536312849082e-01 1.818435754189944020e-01 2.793296089385475167e-04 2.793296089385475167e-04
5.952380952380952918e-04 5.952380952380952918e-04 5.952380952380952918e-04 5.952380952380952918e-04 3.035714285714285338e-02 5.952380952380952918e-04 5.952380952380952918e-04 5.952380952380952918e-04 1.077380952380952439e-01 5.952380952380952918e-04 5.952380952380952918e-04 4.821428571428570953e-02 1.970238095238095455e-01 5.952380952380952918e-04 5.952380952380952918e-04 5.952380952380952918e-04 5.952380952380952918e-04 6.547619047619047776e-03 5.952380952380952918e-04 4.226190476190475748e-02 1.553571428571428603e-01 5.952380952380952918e-04 5.952380952380952918e-04 1.255952380952380931e-01 5.952380952380952918e-04 1.250000000000000069e-02 1.255952380952380931e-01 1.375000000000000111e-01 5.952380952380952918e-04 5.952380952380952918e-04
4.912844036697248673e-01 1.880733944954128892e-02 4.587155963302753632e-04 4.587155963302753632e-04 4.587155963302753632e-04 4.587155963302753632e-04 1.880733944954128892e-02 4.587155963302753632e-04 4.587155963302753632e-04 4.587155963302753632e-04 4.587155963302753632e-04 2.252293577981651918e-01 4.587155963302753632e-04 3.256880733944955003e-02 1.422018348623853637e-02 4.587155963302753632e-04 4.587155963302753632e-04 6.009174311926607226e-02 4.587155963302753632e-04 4.587155963302753632e-04 5.045871559633029538e-03 4.587155963302753632e-04 5.045871559633029538e-03 4.587155963302753632e-04 2.339449541284404147e-02 4.587155963302753632e-04 6.467889908256882481e-02 3.256880733944955003e-02 4.587155963302753632e-04 4.587155963302753632e-04
4.219409282700423104e-04 4.219409282700423104e-04 4.219409282700423104e-04 4.219409282700423104e-04 4.219409282700423104e-04 4.219409282700423104e-04 4.219409282700423104e-04 4.219409282700423104e-04 8.860759493670888193e-03 4.219409282700423104e-04 4.219409282700423104e-04 8.481012658227850276e-02 4.219409282700423104e-04 2.573839662447257801e-02 4.219409282700423104e-04 3.168776371308017481e-01 4.219409282700423104e-04 5.949367088607596110e-02 4.219409282700423104e-04 1.308016877637131238e-02 8.059071729957809072e-02 3.000000000000000444e-01 4.219409282700423104e-04 4.219409282700423104e-04 1.308016877637131238e-02 4.219409282700423104e-04 4.219409282700423104e-04 8.059071729957809072e-02 4.219409282700423104e-04 8.860759493670888193e-03
7.407407407407409208e-04 3.037037037037037396e-02 6.000000000000001166e-02 7.407407407407409208e-04 7.407407407407409208e-04 7.407407407407409208e-04 1.555555555555556031e-02 1.555555555555556031e-02 7.407407407407409208e-04 7.407407407407409208e-04 1.044444444444444647e-01 7.407407407407409208e-04 1.044444444444444647e-01 8.148148148148150888e-03 7.407407407407409208e-04 7.407407407407409208e-04 7.407407407407409208e-04 7.407407407407409208e-04 7.481481481481483398e-02 7.407407407407409208e-04 4.518518518518518934e-02 7.407407407407409208e-04 7.407407407407409208e-04 7.407407407407409208e-04 7.407407407407409208e-04 3.933333333333334236e-01 7.407407407407409208e-04 6.000000000000001166e-02 4.518518518518518934e-02 3.037037037037037396e-02
6.516279069767443310e-01 4.651162790697675764e-04 4.651162790697675764e-04 2.372093023255814406e-02 4.651162790697675764e-04 1.441860465116279535e-02 4.651162790697675764e-04 4.651162790697675764e-04 4.651162790697675764e-04 4.651162790697675764e-04 4.651162790697675764e-04 1.353488372093023806e-01 4.651162790697675764e-04 4.651162790697675764e-04 4.651162790697675764e-04 4.651162790697675764e-04 4.651162790697675764e-04 4.651162790697675764e-04 4.651162790697675764e-04 4.651162790697675764e-04 1.441860465116279535e-02 4.651162790697675764e-04 7.953488372093026060e-02 4.651162790697675764e-04 4.651162790697675764e-04 6.558139534883722366e-02 5.116279069767444045e-03 4.651162790697675764e-04 4.651162790697675764e-04 4.651162790697675764e-04
6.607142857142858650e-02 5.952380952380954002e-04 1.250000000000000243e-02 5.952380952380954002e-04 5.952380952380954002e-04 4.821428571428572341e-02 5.952380952380954002e-04 5.952380952380954002e-04 3.630952380952381237e-02 5.952380952380954002e-04 5.952380952380954002e-04 1.434523809523809978e-01 5.952380952380954002e-04 5.952380952380954002e-04 5.952380952380954002e-04 5.952380952380954002e-04 5.952380952380954002e-04 5.952380952380954002e-04 6.547619047619049511e-03 7.202380952380953161e-02 2.684523809523809978e-01 5.952380952380954002e-04 5.952380952380954002e-04 5.952380952380954002e-04 2.684523809523809978e-01 5.952380952380954002e-04 5.952380952380954002e-04 5.952380952380954002e-04 5.952380952380954002e-04 6.607142857142858650e-02
4.347826086956522659e-03 3.952569169960475342e-04 3.952569169960475342e-04 3.952569169960475342e-04 3.201581027667984441e-02 3.952569169960475342e-04 3.952569169960475342e-04 3.952569169960475342e-04 3.952569169960475342e-04 4.782608695652174752e-02 3.952569169960475342e-04 3.442687747035573786e-01 1.189723320158103115e-01 9.130434782608698452e-02 3.952569169960475342e-04 3.952569169960475342e-04 3.952569169960475342e-04 1.225296442687747421e-02 3.952569169960475342e-04 3.952569169960475342e-04 8.300395256916998435e-03 8.300395256916998435e-03 3.952569169960475342e-04 3.952569169960475342e-04 3.952569169960475342e-04 3.952569169960475342e-04 1.110671936758893530e-01 2.138339920948617023e-01 3.952569169960475342e-04 3.952569169960475342e-04
1.941747572815534116e-04 1.941747572815534116e-04 1.941747572815534116e-04 1.941747572815534116e-04 4.077669902912621318e-03 6.019417475728155650e-03 1.941747572815534116e-04 5.067961165048544270e-02 1.941747572815534116e-04 1.941747572815534116e-04 2.135922330097087419e-03 1.069902912621359253e-01 4.291262135922330190e-02 1.710679611650485210e-01 1.941747572815534116e-04 1.941747572815534116e-04 3.320388349514563631e-02 1.941747572815534116e-04 1.941747572815534116e-04 2.135922330097087419e-03 1.941747572815534116e-04 1.941747572815534116e-04 3.514563106796116804e-02 1.941747572815534116e-04 1.941747572815534116e-04 1.941747572815534116e-04 4.873786407766990403e-02 2.817475728155339754e-01 2.118446601941747498e-01 1.941747572815534116e-04
4.310344827586207921e-04 4.310344827586207921e-04 4.310344827586207921e-04 4.310344827586207921e-04 3.922413793103449176e-02 4.310344827586207921e-04 4.310344827586207921e-04 4.310344827586207921e-04 4.310344827586207921e-04 4.310344827586207921e-04 4.310344827586207921e-04 2.375000000000000722e-01 4.784482758620690890e-02 1.168103448275862460e-01 4.310344827586207921e-04 4.310344827586207921e-04 4.310344827586207921e-04 6.077586206896552767e-02 4.310344827586207921e-04 4.310344827586207921e-04 8.232758620689657747e-02 4.310344827586207921e-04 4.310344827586207921e-04 4.310344827586207921e-04 4.310344827586207921e-04 4.310344827586207921e-04 6.939655172413795869e-02 3.323275862068966191e-01 4.741379310344829255e-03 4.310344827586207921e-04
