1.126168224299065601e-01 4.672897196261682979e-04 9.813084112149534147e-03 8.925233644859814630e-02 3.785046728971962898e-02 4.672897196261682979e-04 4.672897196261682979e-04 4.672897196261682979e-04 4.672897196261682979e-04 4.672897196261682979e-04 4.672897196261682979e-04 4.672897196261682979e-04 4.672897196261682979e-04 4.672897196261682979e-04 4.672897196261682979e-04 4.672897196261682979e-04 4.672897196261682979e-04 4.672897196261682979e-04 9.813084112149534147e-03 2.383177570093458070e-02 4.672897196261682979e-04 4.672897196261682979e-04 1.546728971962617050e-01 1.079439252336448773e-01 4.672897196261682979e-04 4.672897196261682979e-04 1.733644859813084360e-01 2.714953271028037740e-01 4.672897196261682979e-04 4.672897196261682979e-04
3.467048710601717404e-02 2.865329512893981527e-04 6.618911174785097051e-02 5.186246418338106429e-02 2.865329512893981527e-04 2.034383954154726781e-02 2.865329512893981527e-04 2.865329512893981527e-04 2.865329512893981527e-04 2.865329512893981527e-04 2.865329512893981527e-04 8.624641833810883784e-02 2.865329512893981527e-04 8.338108882521486076e-02 2.865329512893981527e-04 2.865329512893981527e-04 2.865329512893981527e-04 1.435530085959884627e-01 2.865329512893981527e-04 1.349570200573065315e-01 1.461318051575930498e-02 2.865329512893981527e-04 8.051575931232088368e-02 2.865329512893981527e-04 5.472779369627504831e-02 2.865329512893981527e-04 6.045845272206300941e-02 6.332378223495699343e-02 2.320916905444124836e-02 7.765042979942690660e-02
2.958579881656803689e-04 9.171597633136092248e-03 1.896449704142011139e-01 3.582840236686389290e-01 2.958579881656803689e-04 5.650887573964495647e-02 1.508875739644969724e-02 6.213017751479288017e-03 2.958579881656803689e-04 2.958579881656803689e-04 1.804733727810650321e-02 1.213017751479289474e-02 3.254437869822484220e-03 2.958579881656803689e-04 2.958579881656803689e-04 1.508875739644969724e-02 3.579881656804732165e-02 6.213017751479288017e-03 2.958579881656803689e-04 2.958579881656803689e-04 2.958579881656803689e-04 2.958579881656803689e-04 2.100591715976330570e-02 1.245562130177514382e-01 2.958579881656803689e-04 3.875739644970412762e-02 8.609467455621298837e-02 2.958579881656803689e-04 2.958579881656803689e-04 2.958579881656803689e-04
1.116666666666666918e-01 1.166666666666666893e-02 5.555555555555556635e-04 5.555555555555556635e-04 5.555555555555556635e-04 5.555555555555556635e-04 5.555555555555556635e-04 5.555555555555556635e-04 7.833333333333333814e-02 5.555555555555556635e-04 5.555555555555556635e-04 5.555555555555556635e-04 5.555555555555556635e-04 5.555555555555556635e-04 1.394444444444444819e-01 7.277777777777778845e-02 3.944444444444444864e-02 2.833333333333333537e-02 2.277777777777777873e-02 5.055555555555556191e-02 1.722222222222222557e-02 5.555555555555556635e-04 2.950000000000000400e-01 5.611111111111111854e-02 5.555555555555556635e-04 1.166666666666666893e-02 5.555555555555556635e-04 2.277777777777777873e-02 3.388888888888889200e-02 5.555555555555556635e-04
5.022831050228312132e-03 9.589041095890413202e-03 3.698630136986302136e-02 8.721461187214614441e-02 4.566210045662101938e-04 4.566210045662101938e-04 4.566210045662101938e-04 4.566210045662101938e-04 4.566210045662101938e-04 1.415525114155251514e-02 4.155251141552512156e-02 4.566210045662101938e-04 1.054794520547945591e-01 4.566210045662101938e-04 3.698630136986302136e-02 4.566210045662101938e-04 4.799086757990868590e-01 4.566210045662101938e-04 4.566210045662101938e-04 4.566210045662101938e-04 4.566210045662101938e-04 3.698630136986302136e-02 4.566210045662101938e-04 5.068493150684932891e-02 8.721461187214614441e-02 4.566210045662101938e-04 4.566210045662101938e-04 4.566210045662101938e-04 4.566210045662101938e-04 4.566210045662101938e-04
4.198473282442747451e-03 3.816793893129770410e-04 2.328244274809159603e-02 2.713740458015266310e-01 1.183206106870228827e-02 1.110687022900763155e-01 3.816793893129770410e-04 3.816793893129770410e-04 3.816793893129770410e-04 3.816793893129770410e-04 7.671755725190838870e-02 6.145038167938930707e-02 1.148854961832060928e-01 3.816793893129770410e-04 3.816793893129770410e-04 8.015267175572517860e-03 3.816793893129770410e-04 3.816793893129770410e-04 3.816793893129770410e-04 3.816793893129770410e-04 3.816793893129770410e-04 9.961832061068701116e-02 6.145038167938930707e-02 4.999999999999998890e-02 2.328244274809159603e-02 3.816793893129770410e-04 4.999999999999998890e-02 2.709923664122136644e-02 3.816793893129770410e-04 3.816793893129770410e-04
2.481389578163771710e-04 2.481389578163771710e-04 2.481389578163771710e-04 5.210918114143921025e-03 7.692307692307692735e-03 2.481389578163771710e-04 4.243176178660049841e-02 2.481389578163771710e-04 2.729528535980149315e-03 1.265508684863523442e-02 7.965260545905707146e-02 2.481389578163771710e-04 2.481389578163771710e-04 2.481389578163771710e-04 2.481389578163771710e-04 5.210918114143921025e-03 5.483870967741935609e-02 2.481389578163771710e-04 4.739454094292804009e-02 2.481389578163771710e-04 6.724565756823822071e-02 2.481389578163771710e-04 2.481389578163771710e-04 1.714640198511166169e-01 2.481389578163771710e-04 1.789081885856079190e-01 2.086848635235731830e-01 1.094292803970223354e-01 2.729528535980149315e-03 2.481389578163771710e-04
4.661016949152543484e-03 4.661016949152543484e-03 4.661016949152543484e-03 4.237288135593221300e-04 4.661016949152543484e-03 8.898305084745764676e-03 4.237288135593221300e-04 4.237288135593221300e-04 4.237288135593221300e-04 6.822033898305086830e-02 2.161016949152542652e-02 4.237288135593221300e-04 4.237288135593221300e-04 4.237288135593221300e-04 4.237288135593221300e-04 4.237288135593221300e-04 4.237288135593221300e-04 4.237288135593221300e-04 4.237288135593221300e-04 4.237288135593221300e-04 4.237288135593221300e-04 4.237288135593221300e-04 4.237288135593221300e-04 8.516949152542374613e-02 4.237288135593221300e-04 4.237288135593221300e-04 4.707627118644068243e-01 3.139830508474576454e-01 4.661016949152543484e-03 4.237288135593221300e-04
4.184100418410043216e-04 2.552301255230126145e-02 4.184100418410043216e-04 4.184100418410043216e-04 1.297071129707113267e-02 8.786610878661090321e-03 1.297071129707113267e-02 2.552301255230126145e-02 4.184100418410043216e-04 4.184100418410043216e-04 4.184100418410043216e-04 5.778242677824269036e-01 2.552301255230126145e-02 4.184100418410043216e-04 4.184100418410043216e-04 4.184100418410043216e-04 4.184100418410043216e-04 4.184100418410043216e-04 4.644351464435147320e-02 4.184100418410043216e-04 4.602510460251047104e-03 1.259414225941422882e-01 2.133891213389121563e-02 4.225941422594143432e-02 8.786610878661090321e-03 5.062761506276151902e-02 4.602510460251047104e-03 4.184100418410043216e-04 4.184100418410043216e-04 4.184100418410043216e-04
1.392344497607655440e-01 2.440191387559808439e-02 6.746411483253587915e-02 4.784688995215311143e-04 4.784688995215311143e-04 4.784688995215311143e-04 4.784688995215311143e-04 4.784688995215311143e-04 5.263157894736842854e-03 1.004784688995215280e-02 5.263157894736842854e-03 2.636363636363636687e-01 4.784688995215311143e-04 1.004784688995215280e-02 2.440191387559808439e-02 5.263157894736842854e-03 4.784688995215311143e-04 4.784688995215311143e-04 8.660287081339713977e-02 1.583732057416268046e-01 4.784688995215311143e-04 4.784688995215311143e-04 4.784688995215311143e-04 5.789473684210526272e-02 4.784688995215311143e-04 2.440191387559808439e-02 4.784688995215311143e-04 1.004784688995215280e-02 4.784688995215311143e-04 1.009569377990430644e-01
2.422062350119903382e-02 9.832134292565943012e-03 4.798561151079135390e-01 2.398081534772181765e-04 2.398081534772181765e-04 2.398081534772181765e-04 2.398081534772181765e-04 2.398081534772181765e-04 2.398081534772181765e-04 2.398081534772181765e-04 1.223021582733812597e-02 2.398081534772181765e-04 1.702637889688249015e-02 5.035971223021581435e-03 2.398081534772181765e-04 3.141486810551558095e-02 7.697841726618703806e-02 1.942446043165467137e-02 2.398081534772181765e-04 2.398081534772181765e-04 2.901678657074339626e-02 2.398081534772181765e-04 5.035971223021581435e-03 3.860911270983212462e-02 7.434052757793763525e-03 2.398081534772181765e-04 2.182254196642685259e-02 2.184652278177457163e-01 2.398081534772181765e-04 2.398081534772181765e-04
4.545454545454546968e-03 4.132231404958678668e-04 1.285123966942149087e-01 4.132231404958678668e-04 4.132231404958678668e-04 1.280991735537190430e-02 4.132231404958678668e-04 2.933884297520661724e-02 4.132231404958678668e-04 4.132231404958678668e-04 4.132231404958678668e-04 2.933884297520661724e-02 1.694214876033058037e-02 4.132231404958678668e-04 4.132231404958678668e-04 4.545454545454546968e-03 4.545454545454546968e-03 3.103305785123967597e-01 4.132231404958678668e-04 1.367768595041322643e-01 4.132231404958678668e-04 4.132231404958678668e-04 4.132231404958678668e-04 1.326446280991736004e-01 4.132231404958678668e-04 1.698347107438016867e-01 4.132231404958678668e-04 8.677685950413224769e-03 4.132231404958678668e-04 4.545454545454546968e-03
5.092592592592593004e-03 4.629629629629629806e-04 4.629629629629629806e-04 4.629629629629629806e-04 7.453703703703704053e-02 1.162037037037037118e-01 4.629629629629629806e-04 4.629629629629629806e-04 4.629629629629629806e-04 2.361111111111111049e-02 4.212962962962962798e-02 2.226851851851851805e-01 4.629629629629629806e-04 4.629629629629629806e-04 4.629629629629629806e-04 4.629629629629629806e-04 1.254629629629629706e-01 4.629629629629629806e-04 4.675925925925925736e-02 1.115740740740740755e-01 4.629629629629629806e-04 1.300925925925925930e-01 5.138888888888888673e-02 4.629629629629629806e-04 2.824074074074073987e-02 4.629629629629629806e-04 4.629629629629629806e-04 4.629629629629629806e-04 4.629629629629629806e-04 1.435185185185185175e-02
3.508771929824560059e-04 3.508771929824560059e-04 3.508771929824560059e-04 3.543859649122805405e-02 1.438596491228069478e-02 2.491228070175437528e-02 9.508771929824558211e-02 3.508771929824560059e-04 3.508771929824560059e-04 3.508771929824560059e-04 1.617543859649122340e-01 6.350877192982454233e-02 8.807017543859646524e-02 3.508771929824560059e-04 3.508771929824560059e-04 3.508771929824560059e-04 5.298245614035085316e-02 3.508771929824560059e-04 1.438596491228069478e-02 1.091228070175438158e-01 1.091228070175438158e-01 9.157894736842102368e-02 5.298245614035085316e-02 3.508771929824560059e-04 3.508771929824560059e-04 7.754385964912277607e-02 3.508771929824560059e-04 3.508771929824560059e-04 3.508771929824560059e-04 3.859649122807016445e-03
1.489130434782608148e-01 1.123188405797101094e-02 1.452898550724637250e-01 3.623188405797100409e-04 3.623188405797100409e-04 3.623188405797100409e-04 3.985507246376810558e-03 3.623188405797100409e-04 3.623188405797100409e-04 3.985507246376810558e-03 3.623188405797100409e-04 3.623188405797100409e-04 3.623188405797100409e-04 3.623188405797100409e-04 5.833333333333331344e-02 3.623188405797100409e-04 3.623188405797100409e-04 1.452898550724637250e-01 3.623188405797100409e-04 1.199275362318840132e-01 3.623188405797100409e-04 3.623188405797100409e-04 1.485507246376810940e-02 1.199275362318840132e-01 3.985507246376810558e-03 1.525362318840579046e-01 5.108695652173910612e-02 3.623188405797100409e-04 3.985507246376810558e-03 1.123188405797101094e-02
8.546099290780140301e-02 3.900709219858155587e-03 3.546099290780141541e-04 1.099290780141843824e-02 3.546099290780141541e-04 1.453900709219857652e-02 3.546099290780141541e-04 3.546099290780141541e-04 1.280141843971631110e-01 3.546099290780141541e-04 3.546099290780141541e-04 3.546099290780141541e-04 3.546099290780141541e-04 3.546099290780141541e-04 5.709219858156027588e-02 3.546099290780141541e-04 3.546099290780141541e-04 5.354609929078012892e-02 3.546099290780141541e-04 7.127659574468084291e-02 3.546099290780141541e-04 2.872340425531914182e-02 2.485815602836878857e-01 9.964539007092197698e-02 1.099290780141843824e-02 3.226950354609928184e-02 1.457446808510638181e-01 3.900709219858155587e-03 3.546099290780141541e-04 3.546099290780141541e-04
3.584070796460177982e-02 4.424778761061948468e-04 5.889380530973452599e-01 4.424778761061948468e-04 4.424778761061948468e-04 4.424778761061948468e-04 1.814159292035398552e-02 4.424778761061948468e-04 4.424778761061948468e-04 4.424778761061948468e-04 4.026548672566372666e-02 4.424778761061948468e-04 1.371681415929203868e-02 4.424778761061948468e-04 4.424778761061948468e-04 4.867256637168143260e-03 4.867256637168143260e-03 4.424778761061948468e-04 4.424778761061948468e-04 4.424778761061948468e-04 4.424778761061948468e-04 4.424778761061948468e-04 8.893805309734516273e-02 4.469026548672567350e-02 4.026548672566372666e-02 4.424778761061948468e-04 4.424778761061948468e-04 1.110619469026549039e-01 4.424778761061948468e-04 4.424778761061948468e-04
8.606557377049180863e-03 4.098360655737704914e-04 1.270491803278688513e-02 4.098360655737704914e-04 4.549180327868852097e-02 1.397540983606557485e-01 4.098360655737704914e-04 4.508196721311475731e-03 4.098360655737704914e-04 2.909836065573770392e-02 4.098360655737704914e-04 9.057377049180329043e-02 4.098360655737704914e-04 1.479508196721311397e-01 1.479508196721311397e-01 4.098360655737704914e-04 4.098360655737704914e-04 6.188524590163934497e-02 4.098360655737704914e-04 4.098360655737704914e-04 4.098360655737704914e-04 1.438524590163934580e-01 4.098360655737704914e-04 4.098360655737704914e-04 4.098360655737704914e-04 4.098360655737704914e-04 4.098360655737704914e-04 1.151639344262295195e-01 4.098360655737704914e-04 4.549180327868852097e-02
3.663003663003662458e-04 3.663003663003662458e-04 2.600732600732600167e-02 2.967032967032966206e-02 4.029304029304028867e-03 3.663003663003662458e-04 3.663003663003662458e-04 3.663003663003662458e-04 3.663003663003662458e-04 3.699633699633698980e-02 3.663003663003662458e-04 1.542124542124541919e-01 3.663003663003662458e-04 3.663003663003662458e-04 3.663003663003662458e-04 3.663003663003662458e-04 3.333333333333332593e-02 3.080586080586079634e-01 7.692307692307691000e-03 4.029304029304028867e-03 1.835164835164834751e-01 7.692307692307691000e-03 3.699633699633698980e-02 3.663003663003662458e-04 3.663003663003662458e-04 1.358974358974358865e-01 2.234432234432233780e-02 3.663003663003662458e-04 4.029304029304028867e-03 3.663003663003662458e-04
4.166666666666666934e-04 4.166666666666666934e-04 1.291666666666666657e-02 4.166666666666666934e-04 8.750000000000000833e-03 1.291666666666666657e-02 1.837499999999999967e-01 4.166666666666666934e-04 4.166666666666666934e-04 4.166666666666666934e-04 4.166666666666666934e-04 1.708333333333333232e-02 8.375000000000000500e-02 4.166666666666666934e-04 4.166666666666666934e-04 4.166666666666666934e-04 5.041666666666666519e-02 1.295833333333333282e-01 3.791666666666666796e-02 4.166666666666666934e-04 7.958333333333333925e-02 4.166666666666666934e-04 7.958333333333333925e-02 3.791666666666666796e-02 4.166666666666666934e-04 8.791666666666667074e-02 7.125000000000000777e-02 1.004166666666666680e-01 4.166666666666666934e-04 4.166666666666666934e-04
4.761904761904761901e-04 4.761904761904761901e-04 4.761904761904761901e-04 2.904761904761904434e-02 4.761904761904761901e-04 8.142857142857143349e-02 4.761904761904761901e-04 4.761904761904761901e-04 1.528571428571428581e-01 4.761904761904761901e-04 1.100000000000000006e-01 4.761904761904761901e-04 4.761904761904761901e-04 1.952380952380952314e-02 1.000000000000000021e-02 4.761904761904761901e-04 4.761904761904761901e-04 4.761904761904761901e-04 4.761904761904761901e-04 5.285714285714285254e-02 4.761904761904761901e-04 4.809523809523809368e-02 4.761904761904761901e-04 2.957142857142857073e-01 4.761904761904761901e-04 4.761904761904761901e-04 4.761904761904761901e-04 1.242857142857142910e-01 4.761904761904761901e-04 6.714285714285714302e-02
2.808988764044942983e-04 2.808988764044942983e-04 8.707865168539323519e-03 2.808988764044942983e-04 2.808988764044942983e-04 2.808988764044942983e-04 2.808988764044942983e-04 2.808988764044942983e-04 2.275280898876403529e-02 1.713483146067415128e-02 1.713483146067415128e-02 3.089887640449437336e-03 2.808988764044942983e-04 3.089887640449437336e-03 1.994382022471909502e-02 1.994382022471909502e-02 2.980337078651684179e-01 2.556179775280897903e-02 2.808988764044942983e-04 6.207865168539324074e-02 1.994382022471909502e-02 2.808988764044942983e-04 2.474719101123594445e-01 8.174157303370784000e-02 2.808988764044942983e-04 1.432584269662920753e-02 2.808988764044942983e-04 8.455056179775279068e-02 5.084269662921347271e-02 2.808988764044942983e-04
3.521126760563378301e-04 3.521126760563378301e-04 3.521126760563378301e-04 1.091549295774647300e-02 3.873239436619716185e-03 1.091549295774647300e-02 3.521126760563378301e-04 3.521126760563378301e-04 1.764084507042252559e-01 3.521126760563378301e-04 2.147887323943660498e-02 1.795774647887322592e-02 7.781690140845065606e-02 1.517605633802815990e-01 3.521126760563378301e-04 3.521126760563378301e-04 3.521126760563378301e-04 3.521126760563378301e-04 3.908450704225349681e-02 1.795774647887322592e-02 3.521126760563378301e-04 9.542253521126754789e-02 1.095070422535210641e-01 1.869718309859153826e-01 3.521126760563378301e-04 2.852112676056336310e-02 3.873239436619716185e-03 3.908450704225349681e-02 3.521126760563378301e-04 3.873239436619716185e-03
2.906976744186045929e-04 2.906976744186045929e-04 4.389534883720928871e-02 2.906976744186045929e-04 2.906976744186045929e-04 3.197674418604650251e-03 2.906976744186045929e-04 2.906976744186045929e-04 9.011627906976741459e-03 2.906976744186045929e-04 2.906976744186045929e-04 2.906976744186045929e-04 7.587209302325578775e-02 2.906976744186045929e-04 2.063953488372092387e-02 2.906976744186045929e-04 9.622093023255810784e-02 1.020348837209301973e-01 2.906976744186045929e-04 1.427325581395348375e-01 2.906976744186045929e-04 1.191860465116278620e-02 8.168604651162787722e-02 2.154069767441859629e-01 2.906976744186045929e-04 2.354651162790696861e-02 2.906976744186045929e-04 1.688953488372092471e-01 2.906976744186045929e-04 2.906976744186045929e-04
1.799999999999999656e-01 3.389830508474575956e-04 3.389830508474575956e-04 1.389830508474575871e-02 3.389830508474575956e-04 3.389830508474575956e-04 9.864406779661015479e-02 3.389830508474575956e-04 3.389830508474575956e-04 3.389830508474575956e-04 3.389830508474575956e-04 2.884745762711863892e-01 3.389830508474575956e-04 3.389830508474575956e-04 7.118644067796608965e-03 1.050847457627118557e-02 3.389830508474575956e-04 1.088135593220338759e-01 3.389830508474575956e-04 5.118644067796609270e-02 3.389830508474575956e-04 7.118644067796608965e-03 3.084745762711863654e-02 3.389830508474575956e-04 3.389830508474575956e-04 1.389830508474575871e-02 1.528813559322033666e-01 3.084745762711863654e-02 3.389830508474575956e-04 3.389830508474575956e-04
3.344481605351170943e-04 3.344481605351170943e-04 3.344481605351170943e-04 3.344481605351170943e-04 3.344481605351170943e-04 3.344481605351170943e-04 3.344481605351170943e-04 3.377926421404681828e-02 3.344481605351170943e-04 3.344481605351170943e-04 2.374581939799330979e-02 3.344481605351170943e-04 1.474916387959866182e-01 3.344481605351170943e-04 2.374581939799330979e-02 3.344481605351170943e-04 3.344481605351170943e-04 8.394648829431439196e-02 3.344481605351170943e-04 2.709030100334448160e-02 3.377926421404681828e-02 7.023411371237458546e-03 1.073578595317725842e-01 6.722408026755853638e-02 3.712374581939799356e-02 1.705685618729096964e-02 2.374581939799330979e-02 3.615384615384615308e-01 3.344481605351170943e-04 3.344481605351170943e-04
2.543973941368077862e-01 3.257328990228013175e-04 3.257328990228013175e-04 3.257328990228013175e-04 3.257328990228013175e-04 3.257328990228013175e-04 3.257328990228013175e-04 3.583061889250814709e-03 3.257328990228013175e-04 3.257328990228013175e-04 3.257328990228013175e-04 3.583061889250814709e-03 7.198697068403908661e-02 2.638436482084690476e-02 1.335504885993485207e-02 3.257328990228013175e-04 2.312703583061889029e-02 3.257328990228013175e-04 3.257328990228013175e-04 4.592833876221498468e-02 3.257328990228013175e-04 3.257328990228013175e-04 2.638436482084690476e-02 1.009771986970684106e-02 3.257328990228013175e-04 4.592833876221498468e-02 6.872964169381108601e-02 3.977198697068403677e-01 3.583061889250814709e-03 3.257328990228013175e-04
2.022058823529411520e-03 1.838235294117646762e-04 3.108455882352940680e-01 2.224264705882352325e-02 1.838235294117646762e-04 5.698529411764704719e-03 1.838235294117646762e-04 1.838235294117646762e-04 3.143382352941176405e-02 5.349264705882351978e-02 1.838235294117646762e-04 7.536764705882350451e-03 5.698529411764704719e-03 1.488970588235293685e-02 3.511029411764705205e-02 1.838235294117646762e-04 1.931985294117646579e-01 1.305147058823529112e-02 1.838235294117646762e-04 2.022058823529411520e-03 1.838235294117646762e-04 1.838235294117646762e-04 1.838235294117646762e-04 5.533088235294116725e-02 1.838235294117646762e-04 3.694852941176469951e-02 8.474264705882351978e-02 1.233455882352940819e-01 1.838235294117646762e-04 1.838235294117646762e-04
4.424778761061947925e-04 9.292035398230090101e-03 7.123893805309736149e-02 4.424778761061947925e-04 4.424778761061947925e-04 6.238938053097346087e-02 4.424778761061947925e-04 4.424778761061947925e-04 4.424778761061947925e-04 4.424778761061947925e-04 7.123893805309736149e-02 2.216814159292035680e-01 4.026548672566371972e-02 4.424778761061947925e-04 4.424778761061947925e-04 4.424778761061947925e-04 3.584070796460177288e-02 1.066371681415929362e-01 4.424778761061947925e-04 1.243362831858407236e-01 1.154867256637168299e-01 4.424778761061947925e-04 4.867256637168142393e-03 1.371681415929203694e-02 4.424778761061947925e-04 5.796460176991150709e-02 1.814159292035398205e-02 4.424778761061947925e-04 4.424778761061947925e-04 4.026548672566371972e-02
3.276729559748428611e-01 6.289308176100630787e-04 6.289308176100630787e-04 6.289308176100630787e-04 6.289308176100630787e-04 2.578616352201257983e-02 6.289308176100630787e-04 6.289308176100630787e-04 6.289308176100630787e-04 6.289308176100630787e-04 6.289308176100630787e-04 6.289308176100630787e-04 2.578616352201257983e-02 6.289308176100630787e-04 7.610062893081762092e-02 6.289308176100630787e-04 6.289308176100630787e-04 1.138364779874214139e-01 6.289308176100630787e-04 1.075471698113207863e-01 6.918238993710693757e-03 6.289308176100630787e-04 6.289308176100630787e-04 6.289308176100630787e-04 2.578616352201257983e-02 6.918238993710693757e-03 1.320754716981132303e-02 2.584905660377359027e-01 6.289308176100630787e-04 6.289308176100630787e-04
2.338095238095238559e-01 1.290476190476190776e-01 4.333333333333333481e-02 4.761904761904762985e-04 4.761904761904762985e-04 4.761904761904762985e-04 4.761904761904762985e-04 4.761904761904762985e-04 4.761904761904762985e-04 4.761904761904762985e-04 4.809523809523810062e-02 2.100000000000000477e-01 5.238095238095239609e-03 7.666666666666668850e-02 4.761904761904762985e-04 1.476190476190476428e-02 4.761904761904762985e-04 4.761904761904762985e-04 5.761904761904762529e-02 4.761904761904762985e-04 4.761904761904762985e-04 5.238095238095239609e-03 4.761904761904762985e-04 4.761904761904762985e-04 4.761904761904762985e-04 5.238095238095239609e-03 4.761904761904762985e-04 4.333333333333333481e-02 4.761904761904762985e-04 1.195238095238095460e-01
9.689655172413789985e-02 3.448275862068964168e-04 7.241379310344825404e-03 3.448275862068964168e-04 3.448275862068964168e-04 4.862068965517239022e-02 3.448275862068964168e-04 3.448275862068964168e-04 3.448275862068964168e-04 3.448275862068964168e-04 1.313793103448275268e-01 4.624137931034481008e-01 1.068965517241378914e-02 3.448275862068964168e-04 3.448275862068964168e-04 3.448275862068964168e-04 1.068965517241378914e-02 1.348275862068964992e-01 3.793103448275860802e-03 3.793103448275860802e-03 3.448275862068964168e-04 2.793103448275860781e-02 3.448275862068964168e-04 3.448275862068964168e-04 3.448275862068964168e-04 4.172413793103446622e-02 3.448275862068964168e-04 3.448275862068964168e-04 3.448275862068964168e-04 1.413793103448275114e-02
4.098360655737704914e-04 4.098360655737704914e-04 1.397540983606557485e-01 4.098360655737704914e-04 4.098360655737704914e-04 4.508196721311475731e-03 4.098360655737704914e-04 4.098360655737704914e-04 2.909836065573770392e-02 4.098360655737704914e-04 4.098360655737704914e-04 9.467213114754098602e-02 4.098360655737704914e-04 4.098360655737704914e-04 2.499999999999999792e-02 4.098360655737704914e-04 4.098360655737704914e-04 9.877049180327869549e-02 4.098360655737704914e-04 4.098360655737704914e-04 1.930327868852459161e-01 4.098360655737704914e-04 3.319672131147540645e-02 9.877049180327869549e-02 4.098360655737704914e-04 4.098360655737704914e-04 1.889344262295082066e-01 8.647540983606558096e-02 4.098360655737704914e-04 4.098360655737704914e-04
4.716981132075473361e-04 4.716981132075473361e-04 4.716981132075473361e-04 4.716981132075473361e-04 2.929245283018868662e-01 4.292452830188680374e-02 4.716981132075473361e-04 4.716981132075473361e-04 1.183962264150943827e-01 4.716981132075473361e-04 9.905660377358493571e-03 4.716981132075473361e-04 4.716981132075473361e-04 5.707547169811322263e-02 4.716981132075473361e-04 5.188679245283020318e-03 5.188679245283020318e-03 4.716981132075473361e-04 4.716981132075473361e-04 6.650943396226416393e-02 4.716981132075473361e-04 1.561320754716981618e-01 4.716981132075473361e-04 4.716981132075473361e-04 4.716981132075473361e-04 4.716981132075473361e-04 8.537735849056606041e-02 4.716981132075473361e-04 4.716981132075473361e-04 1.514150943396226912e-01
3.802281368821291995e-04 3.802281368821291995e-04 8.403041825095056150e-02 3.802281368821291995e-04 3.802281368821291995e-04 4.600760456273762788e-02 3.802281368821291995e-04 1.939163498098858684e-02 3.802281368821291995e-04 3.802281368821291995e-04 3.501901140684409719e-01 1.790874524714828608e-01 2.319391634980988090e-02 5.361216730038021600e-02 3.802281368821291995e-04 4.182509505703421900e-03 3.802281368821291995e-04 8.403041825095056150e-02 3.802281368821291995e-04 3.802281368821291995e-04 3.840304182509504671e-02 2.319391634980988090e-02 7.984790874524713353e-03 3.802281368821291995e-04 3.802281368821291995e-04 6.121673003802280411e-02 1.939163498098858684e-02 3.802281368821291995e-04 3.802281368821291995e-04 3.802281368821291995e-04
3.717472118959107199e-04 1.152416356877323210e-02 1.524163568773233800e-02 3.717472118959107199e-04 3.717472118959107199e-04 3.754646840148698206e-02 3.717472118959107199e-04 4.089219330855017702e-03 3.717472118959107199e-04 3.717472118959107199e-04 2.903345724907062109e-01 2.197026022304832404e-01 3.382899628252786922e-02 3.717472118959107199e-04 3.717472118959107199e-04 3.717472118959107199e-04 1.152416356877323210e-02 7.100371747211894902e-02 3.717472118959107199e-04 3.717472118959107199e-04 7.472118959107805491e-02 3.717472118959107199e-04 3.717472118959107199e-04 1.524163568773233800e-02 7.806691449814125335e-03 1.750929368029739419e-01 3.717472118959107199e-04 2.639405204460965743e-02 3.717472118959107199e-04 3.717472118959107199e-04
3.080808080808081564e-02 5.050505050505052669e-04 5.050505050505052669e-04 1.565656565656566024e-02 5.050505050505052669e-04 5.050505050505052669e-04 5.555555555555557502e-03 2.070707070707071204e-02 5.050505050505052669e-04 5.050505050505052669e-04 5.050505050505052669e-04 4.146464646464647630e-01 5.050505050505052669e-04 5.050505050505052669e-04 5.050505050505052669e-04 1.565656565656566024e-02 5.050505050505052669e-04 5.101010101010102632e-02 5.050505050505052669e-04 4.090909090909091578e-02 5.050505050505052669e-04 5.555555555555557502e-03 5.050505050505052669e-04 5.050505050505052669e-04 5.050505050505052669e-04 7.121212121212122659e-02 1.469696969696970279e-01 9.646464646464650294e-02 5.050505050505052669e-04 7.626262626262628186e-02
7.484472049689441797e-02 3.105590062111801357e-04 3.416149068322981656e-03 9.627329192546583286e-03 3.105590062111801357e-04 3.105590062111801357e-04 4.068322981366459534e-02 3.105590062111801357e-04 3.416149068322981656e-03 3.105590062111801357e-04 3.105590062111801357e-04 2.204968944099378741e-02 3.105590062111801357e-04 3.105590062111801357e-04 3.105590062111801357e-04 3.105590062111801357e-04 3.105590062111801357e-04 9.347826086956521896e-02 9.627329192546583286e-03 2.145962732919254601e-01 3.105590062111801357e-04 3.105590062111801357e-04 3.105590062111801357e-04 4.689440993788819567e-02 3.105590062111801357e-04 4.068322981366459534e-02 9.347826086956521896e-02 3.419254658385093015e-01 3.105590062111801357e-04 3.105590062111801357e-04
3.816793893129772036e-04 3.816793893129772036e-04 8.053435114503819381e-02 3.816793893129772036e-04 5.000000000000000971e-02 6.908396946564887564e-02 3.816793893129772036e-04 3.816793893129772036e-04 2.751908396946565194e-01 1.225190839694656753e-01 3.091603053435115073e-02 3.816793893129772036e-04 3.816793893129772036e-04 1.564885496183206215e-02 3.816793893129772036e-04 3.816793893129772036e-04 3.816793893129772036e-04 3.816793893129772036e-04 3.816793893129772036e-04 4.198473282442749185e-03 3.816793893129772036e-04 7.671755725190841646e-02 3.816793893129772036e-04 7.290076335877865299e-02 3.816793893129772036e-04 3.816793893129772036e-04 3.473282442748092114e-02 1.301526717557252300e-01 3.816793893129772036e-04 3.091603053435115073e-02
6.583072100313477719e-03 9.717868338557989968e-03 4.611285266457678667e-01 5.360501567398117534e-02 3.134796238244513225e-04 3.134796238244513225e-04 3.448275862068964602e-03 3.134796238244513225e-04 3.134796238244513225e-04 3.448275862068964602e-03 1.912225705329152758e-02 9.435736677115984239e-02 3.134796238244513225e-04 2.539184952978055382e-02 3.134796238244513225e-04 6.583072100313477719e-03 3.134796238244513225e-04 3.134796238244513225e-04 3.134796238244513225e-04 6.583072100313477719e-03 2.539184952978055382e-02 3.448275862068964602e-03 1.664576802507836406e-01 4.733542319749214217e-02 3.134796238244513225e-04 1.598746081504701447e-02 3.134796238244513225e-04 4.733542319749214217e-02 3.134796238244513225e-04 3.134796238244513225e-04
5.000000000000000104e-04 5.000000000000000104e-04 1.549999999999999989e-02 5.000000000000000104e-04 1.549999999999999989e-02 5.000000000000000104e-04 5.000000000000000104e-04 5.000000000000000104e-04 2.154999999999999971e-01 2.805000000000000271e-01 6.049999999999999822e-02 5.000000000000000104e-04 5.000000000000000104e-04 5.500000000000000548e-03 5.000000000000000104e-04 5.000000000000000104e-04 1.005000000000000060e-01 5.000000000000000104e-04 5.000000000000000104e-04 5.000000000000000104e-04 1.549999999999999989e-02 1.005000000000000060e-01 5.000000000000000104e-04 8.550000000000000655e-02 5.000000000000000104e-04 5.000000000000000104e-04 5.000000000000000104e-04 9.050000000000001099e-02 5.500000000000000548e-03 5.000000000000000104e-04
3.584070796460177288e-02 4.867256637168142393e-03 4.424778761061947925e-04 4.424778761061947925e-04 7.566371681415930139e-02 1.371681415929203694e-02 4.424778761061947925e-04 4.424778761061947925e-04 2.256637168141592889e-02 4.424778761061947925e-04 1.814159292035398205e-02 6.681415929203540771e-02 4.424778761061947925e-04 4.424778761061947925e-04 1.022123893805309963e-01 3.141592920353982604e-02 4.424778761061947925e-04 1.685840707964602059e-01 4.424778761061947925e-04 2.438053097345133091e-01 4.424778761061947925e-04 1.199115044247787837e-01 4.867256637168142393e-03 4.424778761061947925e-04 4.867256637168142393e-03 4.424778761061947925e-04 4.424778761061947925e-04 4.026548672566371972e-02 4.424778761061947925e-04 4.026548672566371972e-02
3.717472118959108825e-04 7.806691449814128804e-03 1.152416356877323730e-02 3.011152416356877720e-02 3.717472118959108825e-04 1.524163568773234320e-02 3.717472118959108825e-04 3.717472118959108825e-04 3.717472118959108825e-04 3.717472118959108825e-04 3.717472118959108825e-04 2.643122676579925945e-01 3.717472118959108825e-04 3.717472118959108825e-04 3.717472118959108825e-04 3.717472118959108825e-04 7.806691449814128804e-03 3.717472118959108825e-04 3.717472118959108825e-04 1.267657992565056069e-01 3.717472118959108825e-04 7.806691449814128804e-03 2.828996282527881378e-01 3.717472118959108825e-04 7.806691449814128804e-03 4.089219330855019437e-03 3.717472118959108825e-04 1.152416356877323730e-02 3.717472118959108825e-04 2.159851301115242039e-01
2.808988764044944068e-04 1.994382022471909849e-02 3.089887640449438637e-03 2.808988764044944068e-04 2.808988764044944068e-04 2.808988764044944068e-04 2.808988764044944068e-04 2.808988764044944068e-04 2.808988764044944068e-04 2.808988764044944068e-04 8.707865168539325254e-03 3.679775280898876094e-02 2.808988764044944068e-04 2.808988764044944068e-04 2.808988764044944068e-04 2.808988764044944068e-04 2.808988764044944068e-04 7.331460674157304347e-02 8.707865168539325254e-03 3.089887640449438637e-03 2.808988764044944068e-04 2.808988764044944068e-04 2.808988764044944068e-04 4.803370786516854285e-02 2.808988764044944068e-04 4.553370786516853785e-01 9.859550561797753021e-02 2.390449438202247034e-01 2.808988764044944068e-04 2.808988764044944068e-04
4.291845493562232070e-04 4.721030042918455440e-03 3.476394849785407332e-02 4.291845493562232070e-04 2.188841201716738155e-02 4.291845493562232070e-04 9.012875536480686317e-03 4.291845493562232070e-04 5.193133047210300030e-02 1.892703862660944369e-01 2.021459227467811148e-01 4.291845493562232070e-04 1.759656652360514981e-02 4.291845493562232070e-04 4.291845493562232070e-04 4.291845493562232070e-04 4.291845493562232070e-04 4.291845493562232070e-04 7.339055793991416943e-02 4.291845493562232070e-04 4.291845493562232070e-04 4.291845493562232070e-04 1.330472103004291806e-02 2.622317596566523523e-01 3.047210300429184504e-02 4.291845493562232070e-04 4.291845493562232070e-04 8.197424892703862598e-02 4.291845493562232070e-04 4.291845493562232070e-04
9.090909090909093937e-03 3.073593073593074154e-02 4.506493506493507439e-01 3.939393939393940475e-02 4.329004329004330085e-04 4.329004329004330085e-04 9.090909090909093937e-03 4.329004329004330085e-04 4.761904761904763202e-03 4.329004329004330085e-04 4.329004329004330085e-04 1.129870129870130246e-01 4.329004329004330085e-04 9.567099567099569823e-02 4.329004329004330085e-04 4.329004329004330085e-04 2.207792207792208181e-02 2.207792207792208181e-02 4.329004329004330085e-04 4.329004329004330085e-04 4.329004329004330085e-04 4.329004329004330085e-04 6.969696969696971556e-02 8.268398268398270690e-02 4.329004329004330085e-04 4.761904761904763202e-03 2.207792207792208181e-02 1.774891774891775020e-02 4.329004329004330085e-04 4.329004329004330085e-04
2.695417789757411568e-04 2.695417789757411568e-04 1.105121293800538640e-02 6.226415094339621259e-02 2.695417789757411568e-04 2.964959568733153104e-03 2.695417789757411568e-04 5.660377358490564781e-03 2.695417789757411568e-04 4.070080862533691224e-02 7.304582210242585583e-02 5.417789757412397322e-02 8.355795148247975590e-03 1.105121293800538640e-02 2.964959568733153104e-03 2.695417789757411568e-04 5.956873315363880178e-02 9.999999999999997780e-02 2.695417789757411568e-04 1.350404312668463114e-01 2.695417789757411568e-04 2.695417789757411568e-04 9.460916442048515618e-02 1.808625336927222882e-01 4.609164420485174080e-02 2.722371967654985472e-02 2.695417789757411568e-04 7.843665768194067744e-02 2.964959568733153104e-03 2.695417789757411568e-04
2.604166666666666631e-04 1.328124999999999792e-02 2.604166666666666631e-04 8.072916666666665741e-03 2.604166666666666631e-04 2.604166666666666631e-04 2.864583333333333131e-03 2.604166666666666631e-04 2.604166666666666631e-04 2.604166666666666631e-04 1.122395833333333232e-01 2.632812499999999667e-01 5.494791666666665880e-02 2.604166666666666631e-04 3.671874999999999445e-02 2.604166666666666631e-04 6.015624999999999445e-02 3.151041666666665880e-02 1.067708333333333010e-02 2.604166666666666631e-04 2.369791666666666227e-02 2.864583333333333131e-03 2.604166666666666631e-04 2.864583333333333131e-03 3.671874999999999445e-02 1.617187499999999667e-01 1.588541666666666227e-02 1.486979166666666519e-01 5.468749999999999653e-03 5.468749999999999653e-03
1.602230483271375183e-01 3.717472118959107199e-04 7.806691449814125335e-03 3.717472118959107199e-04 3.717472118959107199e-04 3.717472118959107199e-04 4.869888475836429975e-02 7.806691449814125335e-03 3.717472118959107199e-04 3.717472118959107199e-04 3.717472118959107199e-04 1.895910780669144563e-02 4.089219330855017702e-03 3.717472118959107199e-04 3.717472118959107199e-04 3.717472118959107199e-04 3.717472118959107199e-04 3.717472118959107199e-04 3.717472118959107199e-04 1.524163568773233800e-02 1.152416356877323210e-02 3.717472118959107199e-04 3.717472118959107199e-04 4.869888475836429975e-02 3.717472118959107199e-04 3.907063197026021117e-01 3.382899628252786922e-02 2.159851301115241207e-01 3.011152416356876679e-02 3.717472118959107199e-04
5.263157894736844155e-04 1.105263157894737294e-02 5.263157894736844155e-04 5.263157894736844155e-04 5.263157894736844155e-04 4.263157894736843007e-02 2.742105263157895712e-01 5.789473684210528354e-03 5.263157894736844155e-04 2.157894736842105865e-02 5.263157894736844155e-04 5.263157894736844155e-04 5.263157894736844155e-04 5.263157894736844155e-04 2.157894736842105865e-02 5.315789473684211924e-02 6.894736842105264607e-02 7.947368421052633525e-02 5.263157894736844155e-04 5.263157894736844155e-04 2.684210526315789977e-02 5.263157894736844155e-04 5.263157894736844155e-04 1.426315789473684703e-01 5.842105263157896383e-02 5.315789473684211924e-02 2.157894736842105865e-02 1.110526315789474028e-01 5.263157894736844155e-04 5.263157894736844155e-04
2.865329512893982069e-04 3.467048710601718098e-02 1.174785100286532442e-02 2.865329512893982069e-04 2.865329512893982069e-04 4.613180515759311012e-02 3.151862464183380168e-03 2.865329512893982069e-04 2.865329512893982069e-04 3.151862464183380168e-03 2.865329512893982069e-04 2.667621776504296993e-01 3.467048710601718098e-02 2.865329512893982069e-04 3.467048710601718098e-02 2.865329512893982069e-04 2.607449856733523239e-02 2.381088825214898730e-01 2.865329512893982069e-04 3.151862464183380168e-03 2.607449856733523239e-02 2.607449856733523239e-02 2.865329512893982069e-04 3.151862464183380168e-03 4.326647564469912610e-02 2.865329512893982069e-04 1.951289398280801612e-01 2.865329512893982069e-04 2.865329512893982069e-04 2.865329512893982069e-04
7.851562500000001943e-02 3.906250000000001301e-04 3.906250000000001301e-04 1.601562500000000208e-02 3.906250000000001301e-04 1.992187500000000208e-02 3.906250000000001301e-04 3.906250000000001301e-04 3.906250000000001301e-04 3.906250000000001301e-04 3.906250000000001301e-04 4.144531250000000888e-01 3.554687500000000555e-02 4.296875000000001214e-03 6.289062500000001943e-02 3.906250000000001301e-04 3.906250000000001301e-04 9.023437500000001943e-02 3.906250000000001301e-04 6.679687500000001943e-02 1.992187500000000208e-02 4.335937500000000555e-02 3.906250000000001301e-04 8.203125000000002082e-03 3.906250000000001301e-04 3.164062500000000555e-02 3.906250000000001301e-04 8.203125000000002082e-03 3.906250000000001301e-04 9.414062500000003331e-02
4.149377593360996830e-04 4.564315352697096567e-03 4.149377593360996830e-04 4.149377593360996830e-04 5.435684647302905376e-02 4.149377593360996830e-04 4.149377593360996830e-04 4.149377593360996830e-04 4.564315352697096567e-03 4.149377593360996830e-04 4.149377593360996830e-04 2.784232365145228316e-01 4.149377593360996830e-04 4.149377593360996830e-04 4.149377593360996830e-04 4.149377593360996830e-04 4.564315352697096567e-03 8.755186721991703447e-02 4.149377593360996830e-04 6.265560165975103679e-02 8.713692946058093289e-03 4.149377593360996830e-04 4.149377593360996830e-04 1.286307053941908828e-02 9.585062240663902444e-02 4.149377593360996830e-04 1.912863070539419508e-01 1.871369294605809419e-01 4.149377593360996830e-04 4.149377593360996830e-04
