1.550387596899224622e-04 4.201550387596898750e-02 7.612403100775193276e-02 7.457364341085270798e-02 1.550387596899224622e-04 1.550387596899224622e-04 1.705426356589147220e-03 1.550387596899224622e-04 1.550387596899224622e-04 4.511627906976743707e-02 1.117829457364340751e-01 1.550387596899224622e-04 5.596899224806201056e-02 1.550387596899224622e-04 3.271317829457363879e-02 1.550387596899224622e-04 1.550387596899224622e-04 1.550387596899224622e-04 1.550387596899224622e-04 1.550387596899224622e-04 1.148837209302325246e-01 3.753488372093022329e-01 3.255813953488371788e-03 1.550387596899224622e-04 1.550387596899224622e-04 1.550387596899224622e-04 4.976744186046511143e-02 1.410852713178294311e-02 1.550387596899224622e-04 1.550387596899224622e-04
2.422779922779922518e-02 2.027027027027026706e-03 2.027027027027026706e-03 1.071428571428571092e-02 9.652509652509651109e-05 9.652509652509651109e-05 1.650579150579150473e-02 9.652509652509651109e-05 1.477799227799227455e-01 9.652509652509651109e-05 1.071428571428571092e-02 2.887065637065636681e-01 1.641891891891891497e-01 1.149613899613899370e-01 9.652509652509651109e-05 8.783783783783780802e-03 1.061776061776061649e-03 9.652509652509651109e-05 9.652509652509651109e-05 5.704633204633203364e-02 2.027027027027026706e-03 2.519305019305018850e-02 9.652509652509651109e-05 9.652509652509651109e-05 3.967181467181466609e-02 9.652509652509651109e-05 1.747104247104246805e-02 9.652509652509651109e-05 2.036679536679536495e-02 4.546332046332045296e-02
1.173708920187793128e-04 1.173708920187793128e-04 1.291079812206572495e-03 3.638497652582158969e-03 2.464788732394365516e-03 1.302816901408450356e-02 1.173708920187793128e-04 3.944835680751173079e-01 2.007042253521126515e-02 1.173708920187793128e-04 1.173708920187793128e-04 4.812206572769951556e-03 2.008215962441314006e-01 1.173708920187793128e-04 3.180751173708919188e-02 1.433098591549295253e-01 1.291079812206572495e-03 1.173708920187793128e-04 1.173708920187793128e-04 1.022300469483567731e-01 1.291079812206572495e-03 1.772300469483567564e-02 1.173708920187793128e-04 1.173708920187793128e-04 1.654929577464788262e-02 1.889671361502347213e-02 1.537558685446008960e-02 9.507042253521124503e-03 1.173708920187793128e-04 1.173708920187793128e-04
2.932551319648093297e-04 2.932551319648093297e-04 2.932551319648093297e-04 6.158357771260994894e-03 2.932551319648093297e-04 3.225806451612902356e-03 2.932551319648093297e-04 1.263929618768327989e-01 2.932551319648093297e-04 2.932551319648093297e-04 9.120234604105569021e-02 7.067448680351903767e-02 1.175953079178885252e-01 2.932551319648093297e-04 6.774193548387094643e-02 2.932551319648093297e-04 2.932551319648093297e-04 2.932551319648093297e-04 3.225806451612902356e-03 2.932551319648093297e-04 9.120234604105569021e-02 1.788856304985336418e-02 2.932551319648093297e-04 2.932551319648093297e-04 2.932551319648093297e-04 2.932551319648093297e-04 2.876832844574778725e-01 2.932551319648093297e-04 2.932551319648093297e-04 1.117302052785923427e-01
3.278688524590162847e-04 3.606557377049179457e-03 8.229508196721309343e-02 3.606557377049179457e-03 3.278688524590162847e-04 3.278688524590162847e-04 7.245901639344259904e-02 1.150819672131147137e-01 6.885245901639342088e-03 3.278688524590162847e-04 3.278688524590162847e-04 2.560655737704917168e-01 3.278688524590162847e-04 3.278688524590162847e-04 2.429508196721310298e-01 1.314754098360655377e-01 3.278688524590162847e-04 3.278688524590162847e-04 3.278688524590162847e-04 3.606557377049179457e-03 6.885245901639342088e-03 3.639344262295080706e-02 3.278688524590162847e-04 3.278688524590162847e-04 3.278688524590162847e-04 3.278688524590162847e-04 1.999999999999999001e-02 3.606557377049179457e-03 3.278688524590162847e-04 1.016393442622950428e-02
1.818518518518517924e-01 3.703703703703702436e-04 3.703703703703702436e-04 3.703703703703702436e-04 1.151851851851851405e-01 3.703703703703702436e-04 5.962962962962960883e-02 1.485185185185184664e-01 3.703703703703702436e-04 2.999999999999998501e-02 4.074074074074072842e-03 3.703703703703702436e-04 7.814814814814811939e-02 7.777777777777774952e-03 3.703703703703702436e-04 1.262962962962962399e-01 3.703703703703702436e-04 3.703703703703702436e-04 3.703703703703702436e-04 2.003703703703702821e-01 4.074074074074072842e-03 3.703703703703702436e-04 3.703703703703702436e-04 3.703703703703702436e-04 3.703703703703702436e-04 7.777777777777774952e-03 2.999999999999998501e-02 3.703703703703702436e-04 3.703703703703702436e-04 3.703703703703702436e-04
1.481481481481481191e-04 9.037037037037032663e-03 9.037037037037032663e-03 1.481481481481481191e-04 1.481481481481481191e-04 1.481481481481481191e-04 1.481481481481481191e-04 1.231111111111110601e-01 1.481481481481481191e-04 1.481481481481481191e-04 1.481481481481481191e-04 1.348148148148147624e-02 1.216296296296295737e-01 1.481481481481481191e-04 5.051851851851850428e-02 4.623703703703702650e-01 1.481481481481481191e-04 1.481481481481481191e-04 1.481481481481481191e-04 4.755555555555553843e-02 7.555555555555552340e-03 1.481481481481481191e-04 1.481481481481481191e-04 1.481481481481481191e-04 1.481481481481481191e-04 1.481481481481481191e-04 7.718518518518516225e-02 1.481481481481481191e-04 1.481481481481481191e-04 7.570370370370367585e-02
4.661016949152542617e-03 4.237288135593220758e-04 1.783898305084745950e-01 4.661016949152542617e-03 3.432203389830508489e-02 4.237288135593220758e-04 8.898305084745762941e-03 7.245762711864407735e-02 1.313559322033898413e-02 4.237288135593220758e-04 2.161016949152542305e-02 4.661016949152542617e-03 2.584745762711864250e-02 4.237288135593220758e-04 5.974576271186440857e-02 3.855932203389830087e-02 2.161016949152542305e-02 1.741525423728813582e-01 4.237288135593220758e-04 4.237288135593220758e-04 4.237288135593220758e-04 5.974576271186440857e-02 4.237288135593220758e-04 5.550847457627118564e-02 4.237288135593220758e-04 2.584745762711864250e-02 4.237288135593220758e-04 1.313559322033898413e-02 1.783898305084745950e-01 4.237288135593220758e-04
1.272264631043256984e-04 3.575063613231551501e-02 4.974554707379134216e-02 1.399491094147582628e-03 7.900763358778624401e-02 1.272264631043256984e-04 1.272264631043256984e-04 1.272264631043256984e-04 1.272264631043256984e-04 5.216284987277352604e-03 6.488549618320609697e-03 4.592875318066157175e-02 1.400763358778625567e-01 1.272264631043256984e-04 4.847328244274808767e-02 1.057251908396946299e-01 1.399491094147582628e-03 1.272264631043256984e-04 1.272264631043256984e-04 1.272264631043256984e-04 1.311704834605597614e-01 3.220101781170482957e-01 6.488549618320609697e-03 1.272264631043256984e-04 1.272264631043256984e-04 1.399491094147582628e-03 1.157760814249363633e-02 6.488549618320609697e-03 1.272264631043256984e-04 1.272264631043256984e-04
4.016064257028113707e-04 6.064257028112451237e-02 4.056224899598394329e-02 4.016064257028113707e-04 7.269076305220885381e-02 4.016064257028113707e-04 4.016064257028113707e-04 4.016064257028113707e-04 4.016064257028113707e-04 4.016064257028113707e-04 4.016064257028113707e-04 4.016064257028113707e-04 1.248995983935743265e-01 4.016064257028113707e-04 4.016064257028113707e-04 4.016064257028113707e-04 4.016064257028113707e-04 4.341365461847390139e-01 4.417670682730925023e-03 4.016064257028113707e-04 6.064257028112451237e-02 4.016064257028113707e-04 1.646586345381526387e-02 4.417670682730925023e-03 4.016064257028113707e-04 8.433734939759037971e-03 4.016064257028113707e-04 1.650602409638554646e-01 4.016064257028113707e-04 4.016064257028113707e-04
9.930486593843096963e-05 2.591857000993048193e-02 5.064548162859978421e-03 2.085402184707050091e-03 9.930486593843096963e-05 2.433962264150942856e-01 1.033763654419066202e-01 1.698113207547169434e-02 9.930486593843096963e-05 9.930486593843096963e-05 2.293942403177755274e-02 4.875868917576960115e-02 2.016881827209532629e-01 8.152929493545181538e-02 3.783515392254219872e-02 9.930486593843096963e-05 3.078450844091359679e-03 9.930486593843096963e-05 9.930486593843096963e-05 2.085402184707050091e-03 9.930486593843096963e-05 9.930486593843096963e-05 9.930486593843096963e-05 2.194637537239324532e-02 7.159880834160871343e-02 1.092353525322740720e-03 1.093346573982124786e-01 9.930486593843096963e-05 9.930486593843096963e-05 9.930486593843096963e-05
1.470588235294117518e-04 1.926470588235293727e-02 7.514705882352940014e-02 1.470588235294117518e-04 1.191176470588235087e-02 3.088235294117646842e-03 1.470588235294117518e-04 1.869117647058823051e-01 1.470588235294117518e-04 1.470588235294117518e-04 1.470588235294117518e-04 3.295588235294116819e-01 9.573529411764702957e-02 1.191176470588235087e-02 1.207352941176470240e-01 6.485294117647058543e-02 1.470588235294117518e-04 1.470588235294117518e-04 1.470588235294117518e-04 7.661764705882351256e-02 1.470588235294117518e-04 1.470588235294117518e-04 1.470588235294117518e-04 1.617647058823529216e-03 1.470588235294117518e-04 1.470588235294117518e-04 1.470588235294117518e-04 1.470588235294117518e-04 1.470588235294117518e-04 1.470588235294117518e-04
1.562499999999999490e-04 9.531249999999996322e-03 6.406249999999997016e-03 1.562499999999999490e-04 4.859374999999998418e-02 1.562499999999999490e-04 1.578124999999999320e-02 1.267187499999999356e-01 1.562499999999999490e-04 4.390624999999998695e-02 2.984374999999999181e-02 5.953124999999998002e-02 9.234374999999997446e-02 1.718749999999999575e-03 2.454687499999999023e-01 3.140624999999998973e-02 1.718749999999999575e-03 1.562499999999999490e-04 3.281249999999999011e-03 1.718749999999999575e-03 8.609374999999996891e-02 1.282812499999999578e-01 2.359374999999998973e-02 1.562499999999999490e-04 3.296874999999999112e-02 1.562499999999999490e-04 3.281249999999999011e-03 3.281249999999999011e-03 3.281249999999999011e-03 1.562499999999999490e-04
8.457249070631970775e-03 2.518587360594795599e-02 9.293680297397770708e-05 9.293680297397770708e-05 9.293680297397770708e-05 9.293680297397770708e-05 2.611524163568773246e-02 1.022304832713754642e-03 9.293680297397770708e-05 1.022304832713754642e-03 9.293680297397770708e-05 3.262081784386617472e-02 6.050185873605947590e-02 1.868029739776951720e-02 9.024163568773233002e-02 2.054832713754646822e-01 9.293680297397770708e-05 9.293680297397770708e-05 9.293680297397770708e-05 9.293680297397770708e-05 1.051115241635687675e-01 3.746282527881041324e-01 9.293680297397770708e-05 9.293680297397770708e-05 1.022304832713754642e-03 9.293680297397770708e-05 9.293680297397770708e-05 9.293680297397770708e-05 4.470260223048327236e-02 3.810408921933085367e-03
1.769911504424778520e-04 1.169911504424778481e-01 1.769911504424778520e-04 1.769911504424778520e-04 1.769911504424778520e-04 1.769911504424778520e-04 1.946902654867256480e-03 1.769911504424778520e-04 1.769911504424778520e-04 1.079646017699114821e-02 5.504424778761061315e-02 1.769911504424778520e-04 2.408849557522123319e-01 1.769911504424778520e-04 1.256637168141592521e-02 1.769911504424778520e-04 1.769911504424778520e-04 1.769911504424778520e-04 7.628318584070795105e-02 1.769911504424778520e-04 1.769911504424778520e-04 7.274336283185839358e-02 3.630088495575220509e-01 1.769911504424778520e-04 1.769911504424778520e-04 4.619469026548671947e-02 1.769911504424778520e-04 1.769911504424778520e-04 1.769911504424778520e-04 1.769911504424778520e-04
2.375296912114013977e-04 5.486935866983372323e-02 2.375296912114013977e-04 2.375296912114013977e-04 9.738717339667456521e-03 2.612826603325415619e-03 2.375296912114013977e-04 2.375296912114013977e-04 2.375296912114013977e-04 8.812351543942992249e-02 2.375296912114013977e-04 2.375296912114013977e-04 2.399049881235153919e-02 2.375296912114013977e-04 1.855106888361044704e-01 2.375296912114013977e-04 2.375296912114013977e-04 2.375296912114013977e-04 4.988123515439429542e-03 2.375296912114013977e-04 1.855106888361044704e-01 3.541567695961994611e-01 3.824228028503563054e-02 2.375296912114013977e-04 3.586698337292160838e-02 1.211401425178147001e-02 2.375296912114013977e-04 2.375296912114013977e-04 2.375296912114013977e-04 2.375296912114013977e-04
2.237136465324384305e-04 2.237136465324384305e-04 2.237136465324384305e-04 5.838926174496643362e-02 2.237136465324384305e-04 2.237136465324384305e-04 2.237136465324384305e-04 1.232662192393735728e-01 3.378076062639820409e-02 1.277404921700223406e-01 4.720357941834450732e-02 2.237136465324384305e-04 1.098434004474272696e-01 4.697986577181206824e-03 2.237136465324384305e-04 2.237136465324384305e-04 2.237136465324384305e-04 2.460850111856822953e-03 7.628635346756150459e-02 2.237136465324384305e-04 1.545861297539149470e-01 1.143176733780760373e-01 1.411633109619686577e-01 2.237136465324384305e-04 2.237136465324384305e-04 2.460850111856822953e-03 2.237136465324384305e-04 2.237136465324384305e-04 2.237136465324384305e-04 2.237136465324384305e-04
4.327586206896551213e-02 1.724137931034482626e-04 1.568965517241378838e-02 1.896551724137930835e-03 1.724137931034482626e-04 1.724137931034482626e-04 1.724137931034482626e-04 1.605172413793103103e-01 1.724137931034482626e-04 1.896551724137930835e-03 3.120689655172413299e-02 1.001724137931034320e-01 7.603448275862068062e-02 8.793103448275859171e-03 2.881034482758619841e-01 1.777586206896551169e-01 1.724137931034482626e-04 1.724137931034482626e-04 1.396551724137930738e-02 1.724137931034482626e-04 1.724137931034482626e-04 1.568965517241378838e-02 1.724137931034482626e-04 1.724137931034482626e-04 6.224137931034481874e-02 1.724137931034482626e-04 1.724137931034482626e-04 1.724137931034482626e-04 1.724137931034482626e-04 1.724137931034482626e-04
5.022601707684582042e-05 1.762933199397288125e-02 5.022601707684582042e-05 1.778503264691110586e-01 9.447513812154698098e-02 5.022601707684582042e-05 1.662481165243596612e-02 5.831240582621799451e-02 5.022601707684582042e-05 4.676042189854345138e-02 3.671521848317429310e-02 5.022601707684582042e-05 1.497237569060773932e-01 5.022601707684582042e-05 3.872425916624812336e-02 1.963837267704671499e-02 8.588648920140636370e-03 5.022601707684582042e-05 5.022601707684582042e-05 2.817679558011050578e-02 5.730788548468107590e-02 1.753390256152687621e-01 5.022601707684582042e-05 2.817679558011050578e-02 5.575087895529885762e-03 5.524861878453040179e-04 2.918131592164742091e-02 9.090909090909093937e-03 5.022601707684582042e-05 1.054746358613762236e-03
1.510574018126887945e-04 1.510574018126887945e-04 1.510574018126887945e-04 1.510574018126887945e-04 7.265861027190331778e-02 1.587613293051359231e-01 1.223564954682779260e-02 3.036253776435044946e-02 1.510574018126887945e-04 9.984894259818728746e-02 1.510574018126887945e-04 2.129909365558911929e-02 2.055891238670694288e-01 1.223564954682779260e-02 1.510574018126887945e-04 1.510574018126887945e-04 1.510574018126887945e-04 3.172205438066465037e-03 1.799093655589123486e-01 1.510574018126887945e-04 8.172205438066464100e-02 2.129909365558911929e-02 1.374622356495468038e-02 3.172205438066465037e-03 1.510574018126887945e-04 3.172205438066465037e-03 7.870090634441086197e-02 1.510574018126887945e-04 1.510574018126887945e-04 1.510574018126887945e-04
5.769881556683584961e-02 2.385786802030455747e-02 1.692047377326564596e-04 5.245346869712350438e-03 1.692047377326564596e-04 1.692047377326564596e-04 1.692047377326564596e-04 1.692047377326564596e-04 1.692047377326564596e-04 2.554991539763112190e-02 2.724196277495768981e-02 5.585448392554990260e-01 2.336717428087985438e-01 2.385786802030455747e-02 1.201353637901860644e-02 1.692047377326564596e-04 1.861252115059221137e-03 1.692047377326564596e-04 1.692047377326564596e-04 8.629441624365477570e-03 3.553299492385785571e-03 6.937394247038914004e-03 1.692047377326564596e-04 1.692047377326564596e-04 3.553299492385785571e-03 1.692047377326564596e-04 1.692047377326564596e-04 1.692047377326564596e-04 5.245346869712350438e-03 1.692047377326564596e-04
5.313001605136436628e-02 1.605136436597110741e-04 3.868378812199037287e-02 3.547351524879614748e-02 1.605136436597110741e-04 1.765650080256821923e-03 5.473515248796147897e-02 9.004815409309790963e-02 1.605136436597110741e-04 1.605136436597110741e-04 3.386837881219904173e-02 1.863563402889245602e-01 1.494382022471910099e-01 1.605136436597110741e-04 1.300160513643659581e-02 3.019261637239165075e-01 1.605136436597110741e-04 1.605136436597110741e-04 1.605136436597110741e-04 1.605136436597110741e-04 1.605136436597110741e-04 1.605136436597110741e-04 1.605136436597110741e-04 1.765650080256821923e-03 3.707865168539326017e-02 1.605136436597110741e-04 1.605136436597110741e-04 1.605136436597110741e-04 1.605136436597110741e-04 1.605136436597110741e-04
1.992031872509959691e-04 1.177290836653386158e-01 5.597609561752987101e-02 1.992031872509959691e-04 1.992031872509959691e-04 1.992031872509959691e-04 1.992031872509959691e-04 1.992031872509959691e-04 1.992031872509959691e-04 1.992031872509959691e-04 1.992031872509959691e-04 1.992031872509959691e-04 2.372509960159361886e-01 1.992031872509959691e-04 1.992031872509959691e-04 1.992031872509959691e-04 1.992031872509959691e-04 4.999999999999998890e-02 2.211155378486055062e-02 1.992031872509959691e-04 1.992031872509959691e-04 1.414342629482071359e-02 1.215139442231075347e-02 1.992031872509959691e-04 1.992031872509959691e-04 1.992031872509959691e-04 1.735059760956174923e-01 2.191235059760955877e-03 1.992031872509959691e-04 3.109561752988047045e-01
2.150537634408601878e-04 1.356989247311827518e-01 6.666666666666665360e-03 8.817204301075265774e-03 2.150537634408601878e-04 4.516129032258063211e-03 2.150537634408601878e-04 5.612903225806450264e-02 2.150537634408601878e-04 6.666666666666665360e-03 4.516129032258063211e-03 2.150537634408601878e-04 2.518279569892472591e-01 2.150537634408601878e-04 2.150537634408601878e-04 2.150537634408601878e-04 6.258064516129030475e-02 2.150537634408601878e-04 3.722580645161289170e-01 2.365591397849461930e-03 2.150537634408601878e-04 2.172043010752687520e-02 5.827956989247310565e-02 2.150537634408601878e-04 2.150537634408601878e-04 2.150537634408601878e-04 4.516129032258063211e-03 2.150537634408601878e-04 2.150537634408601878e-04 2.150537634408601878e-04
8.786610878661088586e-03 4.184100418410042132e-04 4.184100418410042132e-04 4.184100418410042132e-04 4.184100418410042132e-04 9.246861924686193557e-02 5.062761506276150514e-02 2.552301255230125451e-02 4.184100418410042132e-04 1.297071129707113094e-02 6.736401673640167453e-02 1.297071129707113094e-02 9.246861924686193557e-02 1.719665271966527298e-01 4.602510460251046237e-03 4.184100418410042132e-04 4.184100418410042132e-04 2.682008368200836657e-01 4.184100418410042132e-04 4.184100418410042132e-04 4.184100418410042132e-04 4.184100418410042132e-04 4.184100418410042132e-04 7.991631799163180505e-02 4.184100418410042132e-04 4.184100418410042132e-04 4.184100418410042132e-04 1.050209205020920522e-01 4.184100418410042132e-04 4.184100418410042132e-04
1.745200698080279049e-04 4.031413612565444560e-02 1.745200698080279049e-04 1.745200698080279049e-04 1.745200698080279049e-04 1.745200698080279049e-04 1.064572425828970090e-02 4.554973821989528188e-02 1.745200698080279049e-04 3.158813263525304948e-02 1.239092495636997908e-02 3.333333333333332593e-02 2.811518324607329422e-01 1.745200698080279049e-04 1.745200698080279049e-04 1.919720767888306954e-03 1.919720767888306954e-03 1.745200698080279049e-04 1.607329842931936870e-01 2.286212914485165337e-02 1.745200698080279049e-04 1.413612565445025900e-02 2.008726003490400869e-01 1.064572425828970090e-02 1.919720767888306954e-03 6.998254799301918683e-02 5.776614310645723088e-02 1.745200698080279049e-04 1.745200698080279049e-04 1.745200698080279049e-04
1.273885350318471488e-04 2.305732484076433372e-02 1.273885350318471488e-04 1.273885350318471488e-04 1.273885350318471488e-04 7.770700636942674995e-03 1.273885350318471488e-04 8.929936305732483204e-02 1.273885350318471488e-04 1.273885350318471488e-04 3.949044585987260964e-03 3.224203821656050906e-01 2.230573248407643205e-01 1.273885350318471488e-04 1.273885350318471488e-04 3.197452229299363458e-02 9.694267515923565837e-02 9.044585987261145182e-03 1.273885350318471488e-04 1.670063694267515941e-01 2.050955414012739161e-02 1.273885350318471488e-04 1.273885350318471488e-04 1.273885350318471488e-04 1.273885350318471488e-04 1.273885350318471488e-04 2.675159235668789909e-03 1.273885350318471488e-04 1.273885350318471488e-04 1.273885350318471488e-04
1.680672268907562801e-04 5.731092436974789123e-02 1.680672268907562801e-04 1.680672268907562801e-04 7.579831932773108127e-02 1.680672268907562801e-04 1.680672268907562801e-04 1.228571428571428176e-01 6.890756302521006127e-03 8.571428571428568385e-03 1.680672268907562801e-04 1.262184873949579456e-01 2.791596638655461371e-01 1.680672268907562801e-04 2.201680672268907166e-02 6.739495798319326825e-02 7.411764705882352422e-02 1.680672268907562801e-04 1.680672268907562801e-04 9.932773109243696330e-02 1.697478991596638315e-02 1.680672268907562801e-04 1.680672268907562801e-04 1.680672268907562801e-04 1.680672268907562801e-04 1.680672268907562801e-04 2.369747899159663218e-02 1.680672268907562801e-04 1.680672268907562801e-04 1.697478991596638315e-02
1.980620155038758934e-01 3.875968992248060335e-04 3.875968992248060335e-04 3.875968992248060335e-04 3.875968992248060335e-04 3.875968992248060335e-04 3.875968992248060335e-04 2.406976744186045403e-01 3.875968992248060335e-04 3.875968992248060335e-04 3.875968992248060335e-04 3.527131782945734650e-02 1.050387596899224341e-01 3.875968992248060335e-04 3.875968992248060335e-04 1.476744186046511087e-01 3.875968992248060335e-04 1.201550387596898688e-02 3.875968992248060335e-04 2.251937984496123202e-01 3.875968992248060335e-04 1.976744186046510560e-02 3.875968992248060335e-04 8.139534883720926650e-03 3.875968992248060335e-04 3.875968992248060335e-04 3.875968992248060335e-04 3.875968992248060335e-04 3.875968992248060335e-04 3.875968992248060335e-04
1.501501501501501434e-04 1.501501501501501434e-04 6.021021021021020353e-02 1.501501501501501434e-04 7.222222222222221544e-02 5.870870870870870117e-02 1.501501501501501434e-04 3.139639639639639213e-01 1.501501501501501434e-04 1.501501501501501434e-04 4.654654654654653660e-03 1.307807807807807587e-01 1.367867867867867682e-01 1.501501501501501434e-04 1.651651651651651551e-03 1.501501501501501434e-04 1.262762762762762447e-01 1.501501501501501434e-04 4.654654654654653660e-03 1.501501501501501434e-04 3.318318318318318194e-02 3.168168168168167959e-02 2.117117117117116656e-02 1.501501501501501434e-04 1.501501501501501434e-04 1.501501501501501434e-04 1.501501501501501434e-04 1.651651651651651551e-03 1.501501501501501434e-04 1.501501501501501434e-04
1.130524152106885836e-03 2.519013360739978946e-01 1.027749229188077860e-04 4.213771839671118929e-03 8.324768756423430588e-03 1.027749229188077860e-04 1.027749229188077860e-04 3.401849948612537672e-02 1.757451181911613355e-02 1.654676258992805390e-02 6.269270298047274759e-03 2.579650565262075687e-02 1.409044193216854590e-01 1.130524152106885836e-03 2.374100719424460104e-02 9.260020554984581265e-02 2.887975334018498888e-02 1.130524152106885836e-03 1.182939362795477622e-01 6.176772867420347868e-02 1.110996916752312186e-01 1.027749229188077860e-04 3.710174717368961567e-02 8.324768756423430588e-03 1.027749229188077860e-04 1.027749229188077860e-04 1.027749229188077860e-04 1.027749229188077860e-04 1.027749229188077860e-04 8.324768756423430588e-03
1.033057851239669396e-04 3.419421487603305221e-02 1.033057851239669396e-04 3.202479338842974775e-03 7.334710743801651708e-03 1.136363636363636308e-03 1.033057851239669396e-04 1.901859504132231149e-01 1.033057851239669396e-04 6.301652892561982258e-03 1.136363636363636308e-03 6.002066115702478499e-02 1.643595041322313821e-01 1.033057851239669396e-04 1.033057851239669396e-04 1.136363636363636308e-03 1.684917355371900460e-01 1.033057851239669396e-04 3.419421487603305221e-02 1.178719008264462603e-01 1.147727272727272485e-01 5.588842975206610719e-02 2.076446280991735283e-02 1.033057851239669396e-04 1.033057851239669396e-04 1.033057851239669396e-04 1.663223140495867849e-02 1.033057851239669396e-04 1.136363636363636308e-03 1.033057851239669396e-04
1.562499999999999761e-04 1.110937499999999772e-01 3.281249999999999445e-03 3.281249999999999445e-03 4.546874999999999528e-02 1.562499999999999761e-04 1.562499999999999761e-04 1.562499999999999761e-04 1.718749999999999792e-03 1.562499999999999761e-04 1.562499999999999761e-04 1.562499999999999761e-04 1.017187499999999689e-01 1.562499999999999761e-04 1.110937499999999772e-01 1.720312499999999689e-01 1.562499999999999761e-04 3.281249999999999445e-03 1.562499999999999761e-04 1.562499999999999761e-04 1.562499999999999761e-04 4.360937499999999467e-01 1.562499999999999761e-04 1.562499999999999761e-04 1.718749999999999792e-03 1.562499999999999761e-04 1.562499999999999761e-04 1.562499999999999761e-04 6.406249999999997884e-03 1.562499999999999761e-04
6.269270298047274759e-03 1.027749229188077860e-04 1.027749229188077860e-04 1.027749229188077860e-04 1.027749229188077860e-04 1.027749229188077860e-04 7.101747173689618164e-02 1.130524152106885836e-03 5.241521068859196844e-03 1.027749229188077860e-04 1.027749229188077860e-04 1.964028776978416768e-01 1.635149023638231836e-01 1.551901336073997599e-02 4.213771839671118929e-03 4.923946557040081440e-01 1.551901336073997599e-02 1.027749229188077860e-04 3.186022610483041449e-03 1.140801644398766433e-02 1.027749229188077860e-04 1.027749229188077860e-04 1.027749229188077860e-04 1.130524152106885836e-03 1.027749229188077860e-04 1.027749229188077860e-04 1.140801644398766433e-02 1.027749229188077860e-04 1.027749229188077860e-04 1.027749229188077860e-04
1.560062402496099302e-04 1.560062402496099302e-04 9.063962558502336453e-02 1.560062402496099302e-04 1.655226209048361319e-01 1.716068642745709368e-03 1.560062402496099302e-04 1.358814352574102269e-01 5.787831513260528749e-02 1.107644305772230442e-02 2.199687987519500024e-02 9.843993759750387096e-02 2.388455538221528063e-01 1.560062402496099302e-04 1.560062402496099302e-04 7.191887675507017963e-02 1.560062402496099302e-04 1.560062402496099302e-04 1.560062402496099302e-04 7.971918876755067218e-02 4.836193447737908296e-03 1.560062402496099302e-04 1.560062402496099302e-04 1.560062402496099302e-04 4.836193447737908296e-03 6.396255850234006460e-03 1.560062402496099302e-04 1.560062402496099302e-04 1.560062402496099302e-04 7.956318252730106358e-03
2.352941176470587758e-04 4.941176470588234428e-03 2.352941176470587758e-04 2.352941176470587758e-04 4.023529411764704966e-02 2.352941176470587758e-04 2.352941176470587758e-04 1.884705882352940565e-01 2.352941176470587758e-04 9.647058823529407884e-03 2.352941176470587758e-04 4.941176470588234428e-03 2.755294117647058005e-01 2.352941176470587758e-04 2.352941176470587758e-04 1.155294117647058527e-01 1.225882352941176229e-01 2.352941176470587758e-04 2.352941176470587758e-04 5.905882352941175389e-02 7.317647058823527340e-02 1.435294117647058394e-02 6.611764705882351711e-02 2.352941176470587758e-04 9.647058823529407884e-03 2.352941176470587758e-04 4.941176470588234428e-03 7.294117647058821589e-03 2.352941176470587758e-04 2.352941176470587758e-04
2.729528535980148447e-03 2.481389578163771168e-04 2.481389578163771168e-04 2.481389578163771168e-04 2.481389578163771168e-04 2.481389578163771168e-04 2.481389578163771168e-04 2.481389578163771168e-04 2.481389578163771168e-04 2.481389578163771168e-04 2.258064516129031432e-02 4.890818858560792570e-01 2.260545905707195269e-01 2.481389578163771168e-04 4.491315136476425884e-02 6.228287841191065821e-02 2.481389578163771168e-04 2.481389578163771168e-04 2.481389578163771168e-04 6.972704714640197421e-02 2.481389578163771168e-04 2.481389578163771168e-04 2.481389578163771168e-04 2.481389578163771168e-04 2.481389578163771168e-04 1.513647642679900179e-02 3.498759305210916853e-02 2.481389578163771168e-04 2.754342431761785601e-02 2.481389578163771168e-04
2.475247524752474735e-04 2.995049504950494240e-02 2.475247524752474735e-04 2.722772277227722155e-03 2.475247524752474735e-04 1.509900990099009334e-02 2.475247524752474735e-04 5.198019801980196565e-03 6.955445544554453297e-02 1.014851485148514539e-02 2.475247524752474735e-04 2.252475247524751700e-02 2.774752475247523886e-01 2.722772277227722155e-03 1.509900990099009334e-02 2.004950495049504303e-02 2.499999999999999098e-02 5.198019801980196565e-03 3.492574257425741235e-01 2.475247524752474735e-04 2.252475247524751700e-02 3.985148514851484525e-02 4.727722772277227065e-02 2.475247524752474735e-04 2.475247524752474735e-04 1.757425742574256905e-02 1.757425742574256905e-02 2.475247524752474735e-04 2.722772277227722155e-03 2.475247524752474735e-04
1.133786848072562415e-04 1.133786848072562415e-04 1.133786848072562415e-04 1.133786848072562415e-04 1.133786848072562415e-04 1.133786848072562415e-04 1.849206349206349020e-01 1.917233560090702837e-01 3.514739229024943339e-03 1.133786848072562415e-04 1.133786848072562415e-04 5.680272108843537754e-02 1.191609977324262909e-01 1.133786848072562415e-04 2.278911564625850372e-02 1.712018140589569026e-02 2.778911564625850539e-01 1.133786848072562415e-04 1.247165532879818779e-03 6.473922902494330667e-02 3.866213151927437586e-02 4.648526077097505510e-03 1.133786848072562415e-04 1.133786848072562415e-04 1.133786848072562415e-04 1.133786848072562415e-04 1.133786848072562415e-04 1.485260770975056592e-02 1.133786848072562415e-04 1.133786848072562415e-04
3.324175824175822774e-02 2.747252747252746708e-04 8.516483516483513982e-03 2.747252747252746708e-04 1.623626373626373132e-01 2.747252747252746708e-04 1.401098901098900631e-02 8.543956043956041357e-02 2.997252747252746041e-01 2.747252747252746708e-04 2.747252747252746708e-04 5.521978021978020401e-02 1.458791208791208327e-01 2.747252747252746708e-04 2.747252747252746708e-04 2.747252747252746708e-04 2.747252747252746708e-04 2.747252747252746708e-04 2.747252747252746708e-04 8.818681318681316494e-02 2.747252747252746708e-04 3.021978021978021216e-03 2.747252747252746708e-04 2.747252747252746708e-04 3.021978021978021216e-03 2.747252747252746708e-04 2.499999999999999098e-02 2.747252747252746708e-04 2.747252747252746708e-04 7.170329670329668448e-02
3.846153846153844524e-04 3.846153846153844524e-04 2.730769230769229325e-02 3.846153846153844524e-04 1.311538461538460931e-01 4.230769230769228922e-03 2.346153846153845035e-02 2.003846153846153000e-01 3.846153846153844524e-04 3.846153846153844524e-04 8.076923076923073555e-03 1.657692307692306966e-01 1.426923076923076461e-01 3.846153846153844524e-04 3.846153846153844524e-04 8.884615384615381084e-02 3.846153846153844524e-04 3.846153846153844524e-04 3.846153846153844524e-04 1.503846153846153111e-01 4.653846153846151468e-02 3.846153846153844524e-04 3.846153846153844524e-04 3.846153846153844524e-04 3.846153846153844524e-04 3.846153846153844524e-04 3.846153846153844524e-04 3.846153846153844524e-04 3.846153846153844524e-04 4.230769230769228922e-03
2.335456475583863600e-03 2.123142250530785091e-04 2.335456475583863600e-03 2.123142250530785091e-04 2.123142250530785091e-04 2.123142250530785091e-04 2.123142250530785091e-04 1.084925690021231182e-01 2.123142250530785091e-04 2.123142250530785091e-04 9.150743099787683743e-02 1.700636942675158580e-01 1.254777070063693989e-01 3.630573248407642506e-02 2.123142250530785091e-04 1.082802547770700223e-02 2.528662420382165044e-01 2.123142250530785091e-04 2.335456475583863600e-03 2.123142250530785091e-04 4.479830148619956542e-02 2.123142250530785091e-04 2.123142250530785091e-04 2.123142250530785091e-04 8.704883227176217139e-03 2.123142250530785091e-04 1.318471337579617542e-01 2.123142250530785091e-04 2.123142250530785091e-04 8.704883227176217139e-03
1.543209876543209845e-04 1.867283950617283986e-02 1.035493827160493679e-01 1.543209876543209845e-04 8.966049382716050065e-02 3.240740740740741081e-03 1.483024691358024727e-01 1.513888888888888784e-01 1.543209876543209845e-04 2.793209876543210207e-02 3.240740740740741081e-03 1.543209876543209845e-04 1.143518518518518434e-01 2.330246913580246923e-02 2.638888888888889228e-02 1.992283950617283750e-01 2.175925925925925944e-02 1.543209876543209845e-04 1.543209876543209845e-04 5.879629629629629789e-02 1.543209876543209845e-04 1.543209876543209845e-04 1.543209876543209845e-04 1.543209876543209845e-04 1.543209876543209845e-04 1.543209876543209845e-04 7.870370370370369587e-03 1.543209876543209845e-04 1.543209876543209845e-04 1.543209876543209845e-04
4.489795918367348732e-03 4.081632653061225725e-04 4.081632653061225725e-04 4.081632653061225725e-04 8.571428571428573590e-03 4.081632653061225725e-04 4.081632653061225725e-04 1.514285714285714679e-01 4.081632653061225725e-04 8.571428571428573590e-03 4.081632653061225725e-04 4.081632653061225725e-04 4.530612244897960078e-02 4.081632653061225725e-04 5.755102040816327535e-02 6.208163265306123613e-01 4.081632653061225725e-04 4.081632653061225725e-04 4.489795918367348732e-03 4.081632653061225725e-04 4.081632653061225725e-04 5.755102040816327535e-02 8.571428571428573590e-03 4.081632653061225725e-04 4.081632653061225725e-04 8.571428571428573590e-03 4.081632653061225725e-04 8.571428571428573590e-03 8.571428571428573590e-03 4.081632653061225725e-04
3.541315345699830915e-03 5.750421585160201549e-02 1.907251264755480125e-01 1.686340640809443254e-04 3.541315345699830915e-03 1.686340640809443254e-04 4.738617200674535845e-02 1.686340640809443254e-04 1.686340640809443254e-04 1.686340640809443254e-04 3.389544688026981112e-02 1.704890387858346845e-01 1.333895446880269398e-01 1.686340640809443254e-04 1.686340640809443254e-04 2.210792580101179905e-01 1.686340640809443254e-04 1.686340640809443254e-04 1.686340640809443254e-04 1.686340640809443254e-04 9.797639123102865055e-02 1.686340640809443254e-04 1.686340640809443254e-04 1.686340640809443254e-04 8.600337268128159865e-03 1.854974704890387715e-03 1.686340640809443254e-04 2.715008431703203745e-02 1.686340640809443254e-04 1.686340640809443254e-04
1.468428781204111303e-04 1.923641703377385395e-02 1.468428781204111303e-04 1.468428781204111303e-04 4.566813509544785654e-02 8.957415565345077865e-03 2.511013215859030090e-02 3.083700440528633520e-03 1.468428781204111303e-04 2.541850220264316174e-01 3.098384728340674785e-02 6.020558002936855259e-03 6.475770925110130305e-02 1.468428781204111303e-04 1.468428781204111303e-04 4.552129221732744389e-03 1.468428781204111303e-04 1.468428781204111303e-04 1.615271659324522434e-03 1.468428781204111303e-04 9.265785609397941824e-02 4.230543318649044315e-01 1.468428781204111303e-04 1.468428781204111303e-04 1.615271659324522434e-03 1.468428781204111303e-04 1.468428781204111303e-04 1.042584434654918873e-02 1.468428781204111303e-04 6.020558002936855259e-03
3.081232492997198341e-03 2.801120448179270973e-04 2.801120448179270973e-04 2.801120448179270973e-04 3.081232492997198341e-03 2.801120448179270973e-04 2.801120448179270973e-04 3.669467787114844698e-02 1.988795518207282093e-02 2.801120448179270973e-04 2.801120448179270973e-04 2.803921568627449901e-01 2.801120448179270973e-04 2.801120448179270973e-04 3.896358543417365317e-01 4.229691876750699131e-02 5.882352941176468772e-03 5.882352941176468772e-03 2.801120448179270973e-04 2.801120448179270973e-04 5.882352941176468772e-03 5.882352941176468772e-03 2.801120448179270973e-04 2.801120448179270973e-04 1.711484593837534485e-01 3.081232492997198341e-03 5.882352941176468772e-03 2.801120448179270973e-04 2.801120448179270973e-04 1.708683473389355223e-02
4.629629629629629806e-04 4.675925925925925736e-02 5.092592592592593004e-03 4.629629629629629806e-04 4.629629629629629806e-04 9.722222222222222376e-03 4.629629629629629806e-04 4.212962962962962798e-02 4.629629629629629806e-04 2.273148148148148306e-01 1.995370370370370405e-01 9.722222222222222376e-03 8.379629629629629928e-02 5.092592592592593004e-03 1.439814814814814881e-01 4.629629629629629806e-04 4.629629629629629806e-04 4.629629629629629806e-04 5.092592592592593004e-03 2.824074074074073987e-02 6.527777777777778179e-02 6.064814814814814548e-02 4.675925925925925736e-02 4.629629629629629806e-04 5.092592592592593004e-03 4.629629629629629806e-04 9.722222222222222376e-03 4.629629629629629806e-04 4.629629629629629806e-04 4.629629629629629806e-04
4.366812227074236990e-04 4.366812227074236990e-04 4.366812227074236990e-04 4.366812227074236990e-04 4.366812227074236990e-04 4.366812227074236990e-04 9.170305676855897842e-03 4.366812227074236990e-04 4.366812227074236990e-04 4.803493449781661394e-03 8.777292576419216952e-02 1.751091703056769089e-01 1.314410480349345323e-01 3.716157205240175343e-01 4.366812227074236990e-04 3.973799126637555384e-02 4.366812227074236990e-04 4.366812227074236990e-04 4.366812227074236990e-04 1.008733624454148797e-01 4.410480349344979289e-02 4.366812227074236990e-04 4.366812227074236990e-04 4.366812227074236990e-04 2.663755458515284363e-02 4.366812227074236990e-04 4.366812227074236990e-04 4.366812227074236990e-04 4.366812227074236990e-04 4.366812227074236990e-04
1.284228769497400280e-01 1.733102253032929010e-04 3.639514731369150949e-03 1.733102253032929010e-04 7.296360485268631180e-02 1.733102253032929010e-04 7.469670710571923999e-02 1.804159445407279017e-01 1.733102253032929010e-04 1.733102253032929010e-04 1.733102253032929010e-04 1.457538994800693100e-01 7.123050259965338360e-02 8.838821490467937275e-03 7.989601386481802459e-02 5.736568457538995108e-02 1.733102253032929010e-04 1.923743500866550993e-02 1.733102253032929010e-04 9.029462738301559377e-02 1.733102253032929010e-04 1.733102253032929010e-04 1.733102253032929010e-04 1.733102253032929010e-04 5.563258232235702289e-02 1.733102253032929010e-04 7.105719237435008211e-03 1.733102253032929010e-04 1.733102253032929010e-04 1.906412478336221884e-03
1.956947162426614264e-04 2.152641878669275637e-03 1.956947162426614264e-04 1.956947162426614264e-04 4.324853228962817486e-02 1.956947162426614264e-04 1.956947162426614264e-04 1.743639921722112962e-01 1.956947162426614264e-04 1.956947162426614264e-04 1.956947162426614264e-04 9.021526418786690593e-02 1.293542074363991656e-01 4.109589041095890009e-03 1.234833659491193503e-01 3.661448140900194770e-01 1.956947162426614264e-04 1.956947162426614264e-04 1.956947162426614264e-04 5.694716242661446853e-02 1.956947162426614264e-04 1.956947162426614264e-04 4.109589041095890009e-03 1.956947162426614264e-04 1.956947162426614264e-04 1.956947162426614264e-04 1.956947162426614264e-04 2.152641878669275637e-03 1.956947162426614264e-04 1.956947162426614264e-04
9.633911368015417125e-05 4.913294797687862286e-03 9.633911368015417125e-05 9.633911368015417125e-05 2.023121387283237718e-03 9.633911368015417125e-05 9.633911368015417125e-05 9.633911368015417125e-05 1.840077071290944707e-02 9.633911368015417125e-05 1.185934489402697689e-01 3.334296724470136031e-01 2.024084778420038866e-01 9.633911368015417125e-05 9.633911368015417125e-05 9.633911368015417125e-05 8.102119460500964432e-02 9.633911368015417125e-05 9.633911368015417125e-05 1.059730250481695979e-03 9.633911368015417125e-05 9.633911368015417125e-05 2.023121387283237718e-03 9.633911368015417125e-05 9.633911368015417125e-05 9.633911368015417125e-05 2.342003853564547655e-01 9.633911368015417125e-05 9.633911368015417125e-05 9.633911368015417125e-05
1.677852348993288771e-04 2.197986577181208073e-02 2.384228187919462949e-01 1.677852348993288771e-04 1.677852348993288771e-04 1.677852348993288771e-04 8.573825503355704536e-02 1.677852348993288771e-04 3.523489932885905986e-03 1.694630872483221529e-02 8.406040268456375919e-02 5.201342281879194757e-03 1.327181208053691275e-01 1.845637583892617648e-03 2.365771812080536690e-02 1.729865771812080510e-01 1.677852348993288771e-04 5.201342281879194757e-03 6.879194630872482660e-03 1.677852348993288771e-04 3.708053691275167707e-02 8.909395973154363157e-02 1.677852348993288771e-04 1.677852348993288771e-04 1.845637583892617648e-03 6.895973154362416979e-02 1.677852348993288771e-04 1.677852348993288771e-04 1.845637583892617648e-03 1.677852348993288771e-04
