4.658914728682172351e-02 2.798449612403101916e-02 8.534883720930235007e-02 2.333333333333334134e-02 7.751937984496127176e-05 7.751937984496127176e-05 3.883720930232559959e-02 7.751937984496127176e-05 2.256589147286822694e-01 5.201550387596900332e-02 6.279069767441862633e-03 4.813953488372094830e-02 3.263565891472869351e-02 1.325581395348837850e-02 7.751937984496127176e-05 7.751937984496127176e-05 3.186046511627908112e-02 4.658914728682172351e-02 1.558139534883721568e-02 1.186821705426356899e-01 5.046511627906977854e-02 3.496124031007753069e-02 7.751937984496127176e-05 7.751937984496127176e-05 7.751937984496127176e-05 2.798449612403101916e-02 3.341085271317830591e-02 7.751937984496127176e-05 3.961240310077521198e-02 7.751937984496127176e-05
2.277904328018222802e-04 2.277904328018222802e-04 7.539863325740317479e-02 2.277904328018222802e-04 2.277904328018222802e-04 2.277904328018222802e-04 2.277904328018222802e-04 5.717539863325739324e-02 2.277904328018222802e-04 9.134396355353073538e-02 2.505694760820045136e-03 2.277904328018222802e-04 2.505694760820045136e-03 2.277904328018222802e-04 2.416856492027334158e-01 2.277904328018222802e-04 2.277904328018222802e-04 7.767653758542139575e-02 4.783599088838267829e-03 2.300683371298404764e-02 2.528473804100227207e-02 2.277904328018222802e-04 2.940774487471525256e-01 2.277904328018222802e-04 6.400911161731205612e-02 2.277904328018222802e-04 3.667425968109339074e-02 2.277904328018222802e-04 2.277904328018222802e-04 2.277904328018222802e-04
9.082652134423255599e-05 1.372388737511353873e-01 8.819255222524979843e-02 8.265213442325161294e-03 9.082652134423255599e-05 9.082652134423255599e-05 3.914623069936423033e-02 1.907356948228883676e-03 1.862851952770209485e-01 4.822888283378748420e-02 7.356948228882836602e-03 3.188010899182562585e-02 9.082652134423255599e-05 2.552225249772934954e-02 1.825613079019074506e-02 2.815622161671209236e-03 7.366030881017258947e-02 8.265213442325161294e-03 2.370572207084469668e-02 5.549500454132608868e-02 5.731153496821074500e-02 6.276112624886469316e-02 2.733878292461399892e-02 9.082652134423255599e-05 9.082652134423255599e-05 3.914623069936423033e-02 2.915531335149865177e-02 9.082652134423255599e-05 2.643051771117167423e-02 9.990917347865581159e-04
3.653846153846153355e-02 1.348290598290597941e-01 1.797008547008546453e-01 8.760683760683757315e-03 2.136752136752136479e-04 2.136752136752136479e-04 1.519230769230768829e-01 2.350427350427349883e-03 8.782051282051279995e-02 8.568376068376067078e-02 2.136752136752136479e-04 6.623931623931622083e-03 2.136752136752136479e-04 8.568376068376067078e-02 2.136752136752136479e-04 8.760683760683757315e-03 2.585470085470084611e-02 2.350427350427349883e-03 2.136752136752136479e-04 1.517094017094016735e-02 2.136752136752136479e-04 5.149572649572648625e-02 2.350427350427349883e-03 2.136752136752136479e-04 4.487179487179485983e-03 8.354700854700852775e-02 2.371794871794871001e-02 2.136752136752136479e-04 2.136752136752136479e-04 2.136752136752136479e-04
2.036290322580644463e-02 2.217741935483870559e-03 2.016129032258063972e-04 2.016129032258063972e-04 8.266129032258061338e-03 2.016129032258063972e-04 2.217741935483870559e-03 9.495967741935480710e-02 2.016129032258063972e-04 5.262096774193546905e-02 2.016129032258063972e-04 2.016129032258063972e-04 8.689516129032255620e-02 1.171370967741935110e-01 7.278225806451610325e-02 1.937499999999999223e-01 2.016129032258063972e-04 2.016129032258063972e-04 2.016129032258063972e-04 2.016129032258063972e-04 4.052419354838708576e-02 8.266129032258061338e-03 1.877016129032257341e-01 6.673387096774191507e-02 2.016129032258063972e-04 2.016129032258063972e-04 2.237903225806450735e-02 1.633064516129031571e-02 2.016129032258063972e-04 4.233870967741934152e-03
2.331002331002331000e-04 2.331002331002331000e-04 2.331002331002331000e-04 2.331002331002331000e-04 2.564102564102564100e-03 3.519813519813519420e-02 2.331002331002331000e-04 4.895104895104895534e-03 2.564102564102564100e-03 2.331002331002331000e-04 7.249417249417250408e-02 7.226107226107226535e-03 2.331002331002331000e-04 3.286713286713286580e-02 4.452214452214452861e-02 2.331002331002331000e-04 3.752913752913752954e-02 4.219114219114219327e-02 2.331002331002331000e-04 1.447552447552447608e-01 2.331002331002331000e-04 3.986013986013986488e-02 2.331002331002331000e-04 2.331002331002331000e-04 2.331002331002331000e-04 2.100233100233100114e-01 3.172494172494172426e-01 2.331002331002331000e-04 2.331002331002331000e-04 2.564102564102564100e-03
4.087837837837836330e-02 3.378378378378377482e-04 3.378378378378377482e-04 7.094594594594592386e-03 3.378378378378377482e-04 1.793918918918918359e-01 1.047297297297297008e-02 3.378378378378377482e-04 3.378378378378377482e-04 8.141891891891889221e-02 2.233108108108106948e-01 3.716216216216215121e-03 9.493243243243240648e-02 1.287162162162161783e-01 3.378378378378377482e-04 5.439189189189187756e-02 7.128378378378376345e-02 7.094594594594592386e-03 3.749999999999998473e-02 3.378378378378377482e-04 3.378378378378377482e-04 3.378378378378377482e-04 3.378378378378377482e-04 1.047297297297297008e-02 3.378378378378377482e-04 3.378378378378377482e-04 1.047297297297297008e-02 3.378378378378377482e-04 3.074324324324323107e-02 3.716216216216215121e-03
5.372616984402079146e-03 1.457538994800692822e-01 4.003466204506065523e-02 1.733102253032928739e-04 1.733102253032928739e-04 1.733102253032928739e-04 6.603119584055458513e-02 1.733102253032928739e-04 1.230502599653379193e-02 2.289428076256498634e-01 4.003466204506065523e-02 4.696707105719236802e-02 1.733102253032928739e-04 1.526863084922009950e-01 1.733102253032928739e-04 1.750433275563257826e-02 1.733102253032928739e-04 2.097053726169843466e-02 1.923743500866550646e-02 1.230502599653379193e-02 1.577123050259965006e-02 9.896013864818022088e-02 1.906412478336221667e-03 1.733102253032928739e-04 1.906412478336221667e-03 2.616984402079722272e-02 1.733102253032928739e-04 1.733102253032928739e-04 2.443674176776429105e-02 2.097053726169843466e-02
1.610541727672035097e-03 5.578330893118593758e-02 1.464128843338213478e-04 1.464128843338213478e-04 8.931185944363102813e-03 1.464128843338213478e-04 4.699853587115665476e-02 4.553440702781844096e-02 1.464128843338213478e-04 5.431918008784772378e-02 8.067349926793557224e-02 1.202049780380673172e-01 1.216691068814055310e-01 1.070278184480234068e-01 8.931185944363102813e-03 6.017569546120057900e-02 2.210834553440702357e-02 1.158125915080526758e-01 3.967789165446558575e-02 1.185944363103952869e-02 7.467057101024888142e-03 1.464128843338213478e-04 1.464128843338213478e-04 1.464128843338213478e-04 1.464128843338213478e-04 2.357247437774524085e-02 1.464128843338213478e-04 2.210834553440702357e-02 4.407027818448022716e-02 1.464128843338213478e-04
2.785515320334261955e-04 2.785515320334261955e-04 5.320334261838440687e-02 2.785515320334261955e-04 2.785515320334261955e-04 2.785515320334261955e-04 2.785515320334261955e-04 2.785515320334261955e-04 3.064066852367688422e-03 9.777158774373259642e-02 2.785515320334261955e-04 2.785515320334261955e-04 5.849582172701949835e-03 1.420612813370473494e-02 2.785515320334261955e-04 2.785515320334261955e-04 2.785515320334261955e-04 5.849582172701949835e-03 2.785515320334261955e-04 2.785515320334261955e-04 2.785515320334261955e-04 8.635097493036212116e-03 2.785515320334261955e-04 2.481894150417827127e-01 2.785515320334261955e-04 2.785515320334261955e-04 2.785515320334261955e-04 5.462395543175487811e-01 1.142061281337047179e-02 2.785515320334261955e-04
9.019292604501606692e-02 1.143086816720256943e-01 9.501607717041798962e-02 1.607717041800642852e-04 1.607717041800642852e-04 1.607717041800642852e-04 3.553054662379420692e-02 1.607717041800642852e-04 1.287781350482314902e-01 6.607717041800642566e-02 3.376205787781349880e-03 1.607717041800642852e-04 1.768488745980707245e-03 1.014469453376205671e-01 3.231511254019292512e-02 1.607717041800642852e-04 1.607717041800642852e-04 9.807073954983921288e-03 3.392282958199356602e-02 1.607717041800642852e-04 8.054662379421220764e-02 1.623794212218649183e-02 4.999999999999999584e-02 1.607717041800642852e-04 9.019292604501606692e-02 4.356913183279742530e-02 1.607717041800642852e-04 1.768488745980707245e-03 3.376205787781349880e-03 1.607717041800642852e-04
9.182736455463731879e-05 7.438016528925622470e-03 6.519742883379249336e-03 1.570247933884298328e-02 1.386593204775023527e-02 9.182736455463731879e-05 3.039485766758495341e-02 6.519742883379249336e-03 9.182736455463731879e-05 7.722681359044998584e-02 3.314967860422407542e-02 1.111111111111111500e-02 3.774104683195594195e-02 6.988062442607899383e-02 5.977961432506889022e-02 9.182736455463731879e-05 9.182736455463731879e-05 1.662075298438935728e-02 9.182736455463731879e-05 3.682277318640956448e-02 8.356290174471996471e-03 4.416896235078054955e-02 9.182736455463731879e-05 9.182736455463731879e-05 9.182736455463731879e-05 3.325068870523417708e-01 1.910927456382002509e-01 9.182736455463731879e-05 9.182736455463731879e-05 9.182736455463731879e-05
1.379897785349233109e-02 1.379897785349233109e-02 5.298126064735944607e-02 1.703577512776830989e-04 5.281090289608176419e-03 1.703577512776830989e-04 3.289608177172060333e-01 1.703577512776830989e-04 6.660988074957409355e-02 1.039182282793866922e-02 1.379897785349233109e-02 3.577512776831345484e-03 1.703577512776830989e-04 9.386712095400338851e-02 1.703577512776830989e-04 3.083475298126064218e-02 4.957410562180578767e-02 1.703577512776830989e-04 1.703577512776830989e-04 8.688245315161838289e-03 1.703577512776830989e-04 5.298126064735944607e-02 5.281090289608176419e-03 8.688245315161838289e-03 1.703577512776830989e-04 1.228279386712095023e-01 1.703577512776830989e-04 1.039182282793866922e-02 1.057921635434412033e-01 1.703577512776830989e-04
3.048780487804876962e-04 3.048780487804876962e-04 3.048780487804876962e-04 3.048780487804876962e-04 3.048780487804876962e-04 3.048780487804876962e-04 3.048780487804876962e-04 3.048780487804876962e-04 5.213414634146339849e-02 1.557926829268292124e-01 7.652439024390242372e-02 3.048780487804876962e-04 3.048780487804876962e-04 1.192073170731706988e-01 3.079268292682925748e-02 6.402439024390241783e-03 1.859756097560974833e-02 3.048780487804876962e-04 3.353658536585364929e-03 2.469512195121950290e-02 6.128048780487803382e-02 1.249999999999999375e-02 3.048780487804876962e-04 2.774390243902438019e-02 3.048780487804876962e-04 6.737804878048778146e-02 3.204268292682925789e-01 3.048780487804876962e-04 1.859756097560974833e-02 3.048780487804876962e-04
4.237288135593221842e-04 4.072033898305085220e-01 1.233050847457627525e-01 4.237288135593221842e-04 1.737288135593220706e-02 4.237288135593221842e-04 4.237288135593221842e-04 4.237288135593221842e-04 4.237288135593221842e-04 4.237288135593221842e-04 4.237288135593221842e-04 2.161016949152542652e-02 1.105932203389830837e-01 4.237288135593221842e-04 8.898305084745764676e-03 4.661016949152543484e-03 1.737288135593220706e-02 8.940677966101698293e-02 1.783898305084746228e-01 4.237288135593221842e-04 4.237288135593221842e-04 4.237288135593221842e-04 4.237288135593221842e-04 8.898305084745764676e-03 4.237288135593221842e-04 4.237288135593221842e-04 4.237288135593221842e-04 4.237288135593221842e-04 4.661016949152543484e-03 4.237288135593221842e-04
1.019911504424778487e-01 2.212389380530973150e-04 2.212389380530973150e-04 2.212389380530973150e-04 2.212389380530973150e-04 2.212389380530973150e-04 2.212389380530973150e-04 2.212389380530973150e-04 2.212389380530973150e-04 2.789823008849556807e-01 1.570796460176990608e-02 2.212389380530973150e-04 6.858407079646015869e-03 1.307522123893805066e-01 2.212389380530973150e-04 5.553097345132742418e-02 2.455752212389379976e-02 5.553097345132742418e-02 2.212389380530973150e-04 2.212389380530973150e-04 9.070796460176987555e-03 6.858407079646015869e-03 2.212389380530973150e-04 6.659292035398228782e-02 2.212389380530973150e-04 2.212389380530973150e-04 2.212389380530973150e-04 2.236725663716813417e-01 1.570796460176990608e-02 4.646017699115043316e-03
1.304347826086956451e-02 1.610305958132045138e-04 1.610305958132045138e-04 1.610305958132045138e-04 1.610305958132045138e-04 1.610305958132045138e-04 1.610305958132045138e-04 9.822866344605473907e-03 1.080515297906602112e-01 4.847020933977456286e-02 2.304347826086956541e-01 9.822866344605473907e-03 1.610305958132045138e-04 5.330112721417069183e-02 3.381642512077294872e-03 1.032206119162640823e-01 3.558776167471820046e-02 2.270531400966183458e-02 1.610305958132045138e-04 1.048309178743961206e-01 1.610305958132045138e-04 3.381642512077294872e-03 2.431561996779387988e-02 9.194847020933977211e-02 1.771336553945249788e-03 1.143317230273751921e-02 2.109500805152978928e-02 5.330112721417069183e-02 4.524959742351047226e-02 3.381642512077294872e-03
3.780068728522336351e-03 3.436426116838487690e-04 3.436426116838487690e-04 3.436426116838487690e-04 7.250859106529208842e-02 3.436426116838487690e-04 3.436426116838487690e-04 6.907216494845359878e-02 3.436426116838487690e-04 3.436426116838487690e-04 3.127147766323023353e-02 4.501718213058418516e-02 3.436426116838487690e-04 4.158075601374569552e-02 6.219931271477662643e-02 5.532646048109964715e-02 1.034364261168384674e-01 6.219931271477662643e-02 2.439862542955325772e-02 6.219931271477662643e-02 3.436426116838487690e-04 1.752577319587628538e-02 7.938144329896906770e-02 3.436426116838487690e-04 3.436426116838487690e-04 7.216494845360823390e-03 2.030927835051546115e-01 3.436426116838487690e-04 3.436426116838487690e-04 5.532646048109964715e-02
1.703577512776830989e-04 1.703577512776830989e-04 7.512776831345825690e-02 1.703577512776830989e-04 2.061328790459965310e-02 6.984667802385006487e-03 1.703577512776830989e-04 1.703577512776830989e-04 1.483816013628619646e-01 1.703577512776830989e-04 1.858603066439522555e-01 3.577512776831345484e-03 1.379897785349233109e-02 9.557069846678022118e-02 1.703577512776830989e-04 9.045996592844972317e-02 1.873935264054514332e-03 8.688245315161838289e-03 1.039182282793866922e-02 5.638841567291311141e-02 1.703577512776830989e-04 3.577512776831345484e-03 1.873935264054514332e-03 1.245315161839863349e-01 1.703577512776830989e-04 2.231686541737648577e-02 3.424190800681430752e-02 1.703577512776830989e-04 7.342419080068142423e-02 2.061328790459965310e-02
3.033707865168537923e-02 2.101123595505617059e-01 3.745318352059923616e-04 4.119850187265915870e-03 3.745318352059923616e-04 3.745318352059923616e-04 3.745318352059923616e-04 3.745318352059923616e-04 1.910112359550560773e-02 3.033707865168537923e-02 3.745318352059923616e-04 3.745318352059923616e-04 3.745318352059923616e-04 3.745318352059923616e-04 1.161048689138576354e-02 3.745318352059923616e-04 3.745318352059923616e-04 5.655430711610484606e-02 5.284644194756551450e-01 4.119850187265915870e-03 3.782771535580522343e-02 3.745318352059923616e-04 5.655430711610484606e-02 3.745318352059923616e-04 3.745318352059923616e-04 3.745318352059923616e-04 3.745318352059923616e-04 3.745318352059923616e-04 4.119850187265915870e-03 3.745318352059923616e-04
3.676470588235293525e-04 4.268382352941175184e-01 2.503676470588234726e-01 3.676470588235293525e-04 3.676470588235293525e-04 3.676470588235293525e-04 4.044117647058823040e-03 3.676470588235293525e-04 3.676470588235293525e-04 3.676470588235293525e-04 3.676470588235293525e-04 3.676470588235293525e-04 7.720588235294116239e-03 5.183823529411763636e-02 1.874999999999999584e-02 3.676470588235293525e-04 3.676470588235293525e-04 9.227941176470587370e-02 3.345588235294116863e-02 3.676470588235293525e-04 1.507352941176470090e-02 3.676470588235293525e-04 3.676470588235293525e-04 2.977941176470587370e-02 3.676470588235293525e-04 2.242647058823528730e-02 3.676470588235293525e-04 3.676470588235293525e-04 3.345588235294116863e-02 7.720588235294116239e-03
1.808318264014466270e-04 5.081374321880650219e-02 4.358047016274863711e-02 1.808318264014466270e-04 1.808318264014466270e-04 1.808318264014466270e-04 2.840867992766726302e-01 1.808318264014466270e-04 1.645569620253164306e-02 6.708860759493669168e-02 5.443037974683543473e-02 1.808318264014466270e-04 1.103074141048824251e-02 3.815551537070523830e-02 1.808318264014466270e-04 4.358047016274863711e-02 3.453887884267630576e-02 3.453887884267630576e-02 1.808318264014466270e-04 4.358047016274863711e-02 1.808318264014466270e-04 3.815551537070523830e-02 5.443037974683543473e-02 1.989150090415912897e-03 1.808318264014466270e-04 8.698010849909582065e-02 1.808318264014466270e-04 1.808318264014466270e-04 9.059674502712475319e-02 3.797468354430379167e-03
2.564102564102564100e-04 2.564102564102564100e-04 6.948717948717948734e-02 2.564102564102564100e-04 7.948717948717948928e-03 2.820512820512820727e-03 2.564102564102564100e-04 1.051282051282051259e-02 2.564102564102564100e-04 1.028205128205128271e-01 5.384615384615385261e-03 1.307692307692307626e-02 3.358974358974358559e-02 2.846153846153846173e-02 2.564102564102564100e-04 2.820512820512820727e-03 2.564102564102564100e-04 2.564102564102564100e-04 2.564102564102564100e-04 2.564102564102564100e-04 2.564102564102564100e-04 2.564102564102564100e-04 2.564102564102564100e-04 2.053846153846153599e-01 2.564102564102564100e-04 2.564102564102564100e-04 5.384615384615385261e-03 5.079487179487179871e-01 2.564102564102564100e-04 2.564102564102564100e-04
2.352941176470587758e-04 1.435294117647058394e-02 2.190588235294116948e-01 2.352941176470587758e-04 2.588235294117646398e-03 2.588235294117646398e-03 4.258823529411764203e-02 2.352941176470587758e-04 2.331764705882352073e-01 8.258823529411762898e-02 2.352941176470587758e-04 2.352941176470587758e-04 2.352941176470587758e-04 2.352941176470587758e-04 2.352941176470587758e-04 2.352941176470587758e-04 6.141176470588233932e-02 1.249411764705882083e-01 2.588235294117646398e-03 2.352941176470587758e-04 9.647058823529407884e-03 4.941176470588234428e-03 1.696470588235293453e-01 2.352941176470587758e-04 2.352941176470587758e-04 1.435294117647058394e-02 2.352941176470587758e-04 2.352941176470587758e-04 1.199999999999999678e-02 2.352941176470587758e-04
9.701492537313430656e-03 1.066098081023454110e-04 3.848614072494669497e-02 9.701492537313430656e-03 1.289978678038379394e-02 6.503198294243069111e-03 1.066098081023454110e-04 1.066098081023454110e-04 1.066098081023454110e-04 9.712153518123665952e-02 1.066098081023454110e-04 1.066098081023454110e-04 1.066098081023454110e-04 1.289978678038379394e-02 1.066098081023454110e-04 1.066098081023454110e-04 1.066098081023454110e-04 3.528784648187632822e-02 1.066098081023454110e-04 1.066098081023454110e-04 1.066098081023454110e-04 1.066098081023454110e-04 4.701492537313432113e-02 2.410447761194029481e-01 1.066098081023454110e-04 1.066098081023454110e-04 7.569296375266523248e-03 4.798507462686567027e-01 1.066098081023454110e-04 1.066098081023454110e-04
2.881844380403456723e-04 2.881844380403456723e-04 2.881844380403456723e-04 2.881844380403456723e-04 2.881844380403456723e-04 5.504322766570603209e-02 2.881844380403456723e-04 2.622478386167145445e-02 2.881844380403456723e-04 8.386167146974059239e-02 2.881844380403456723e-04 3.170028818443802830e-03 2.881844380403456723e-04 6.051873198847259119e-03 1.731988472622477682e-01 3.170028818443802830e-03 2.881844380403456723e-04 2.881844380403456723e-04 3.170028818443802830e-03 2.881844380403456723e-04 1.530259365994235676e-01 2.881844380403456723e-04 4.383285302593657451e-01 2.881844380403456723e-04 2.046109510086454100e-02 2.881844380403456723e-04 2.910662824207491117e-02 2.881844380403456723e-04 2.881844380403456723e-04 2.881844380403456723e-04
1.042752867570385927e-04 2.200208550573514235e-02 1.574556830031282467e-02 3.232533889468196253e-03 1.042752867570385927e-04 5.641293013555787744e-02 1.042752867570385927e-04 3.555787278415015878e-02 1.042752867570385927e-04 1.148070907194994744e-01 1.042752867570385927e-04 1.147028154327424561e-03 1.053180396246089674e-02 5.328467153284671687e-02 1.888425443169968743e-01 1.678832116788321269e-02 2.200208550573514235e-02 1.042752867570385927e-04 1.261730969760166757e-02 1.042752867570385927e-04 5.849843587069864653e-02 1.147028154327424561e-03 3.775808133472367545e-01 1.042752867570385927e-04 1.042752867570385927e-04 8.446298227320124183e-03 1.042752867570385927e-04 1.042752867570385927e-04 1.042752867570385927e-04 1.042752867570385927e-04
3.496503496503494874e-04 3.846153846153844199e-03 3.496503496503494874e-04 3.496503496503494874e-04 3.496503496503494874e-04 4.930069930069926748e-02 3.496503496503494874e-04 9.825174825174819160e-02 3.496503496503494874e-04 1.332167832167831523e-01 8.776223776223771034e-02 3.496503496503494874e-04 7.342657342657338965e-03 2.132867132867131629e-02 2.206293706293704915e-01 3.496503496503494874e-04 3.496503496503494874e-04 7.342657342657338965e-03 6.678321678321674781e-02 3.496503496503494874e-04 4.930069930069926748e-02 3.496503496503494874e-04 2.486013986013984323e-01 3.496503496503494874e-04 3.496503496503494874e-04 3.496503496503494874e-04 3.496503496503494874e-04 3.496503496503494874e-04 3.496503496503494874e-04 3.496503496503494874e-04
2.578616352201257983e-02 6.289308176100630787e-04 6.289308176100630787e-04 6.289308176100630787e-04 6.289308176100630787e-04 1.201257861635220414e-01 6.918238993710693757e-03 6.918238993710693757e-03 6.289308176100630787e-04 8.238993710691824846e-02 6.289308176100630787e-04 6.289308176100630787e-04 6.918238993710693757e-03 5.723270440251573138e-02 2.899371069182390404e-01 1.320754716981132303e-02 6.289308176100630787e-04 6.289308176100630787e-04 6.289308176100630787e-04 6.289308176100630787e-04 6.289308176100630787e-04 6.289308176100630787e-04 3.088050314465409230e-01 6.289308176100630787e-04 6.289308176100630787e-04 6.918238993710693757e-03 6.289308176100630787e-04 6.289308176100630787e-04 6.352201257861636585e-02 6.289308176100630787e-04
4.276985743380854778e-03 1.183299389002036434e-01 5.112016293279021684e-02 2.036659877800406869e-04 2.036659877800406869e-04 2.036659877800406869e-04 1.590631364562117567e-01 2.036659877800406869e-04 3.890020366598777313e-02 1.038696537678207403e-02 2.036659877800406869e-04 2.036659877800406869e-04 2.036659877800406869e-04 1.610997963340121686e-01 2.036659877800406869e-04 2.464358452138492098e-02 1.446028513238288744e-02 2.036659877800406869e-04 2.036659877800406869e-04 2.036659877800406869e-04 4.501018329938899498e-02 6.741344195519347049e-02 2.036659877800406869e-04 2.036659877800406869e-04 2.036659877800406869e-04 1.855397148676170560e-01 2.240325865580447637e-03 2.240325865580447637e-03 1.122199592668024215e-01 2.036659877800406869e-04
3.536977491961413624e-03 3.215434083601285162e-04 3.215434083601285162e-04 9.967845659163983296e-03 6.752411575562698894e-03 2.575562700964629248e-01 3.215434083601285162e-04 2.926045016077169145e-02 9.967845659163983296e-03 5.498392282958197708e-02 3.215434083601285162e-04 3.215434083601285162e-04 6.463022508038583636e-02 7.106109324758839996e-02 1.318327974276526683e-02 3.215434083601285162e-04 7.427652733118968176e-02 3.215434083601285162e-04 2.604501607717040618e-02 3.215434083601285162e-04 1.546623794212218239e-01 3.215434083601285162e-04 2.157556270096462059e-01 3.536977491961413624e-03 3.215434083601285162e-04 3.215434083601285162e-04 3.215434083601285162e-04 3.215434083601285162e-04 3.215434083601285162e-04 3.215434083601285162e-04
8.436090225563906697e-02 1.503759398496240258e-04 1.503759398496240258e-04 1.503759398496240258e-04 1.503759398496240258e-04 6.631578947368418908e-02 6.165413533834583973e-03 3.022556390977442636e-02 1.503759398496240258e-04 5.428571428571427049e-02 6.932330827067667567e-02 1.368421052631578483e-02 1.503759398496240258e-04 1.218045112781954500e-02 2.120300751879698395e-02 2.270676691729322377e-02 1.114285714285713769e-01 1.503759398496240258e-04 4.676691729323306790e-02 1.503759398496240258e-04 1.294736842105262686e-01 7.233082706766914838e-02 1.503759398496240258e-04 1.503759398496240258e-04 1.700751879699247404e-01 7.383458646616539167e-02 1.503759398496240258e-04 1.368421052631578483e-02 1.503759398496240258e-04 1.503759398496240258e-04
4.718749999999997252e-02 1.906249999999998918e-02 3.124999999999998439e-04 3.124999999999998439e-04 3.124999999999998439e-04 5.343749999999997807e-02 6.562499999999997155e-03 3.437499999999998283e-03 7.218749999999996003e-02 8.781249999999996003e-02 3.124999999999998439e-04 3.124999999999998439e-04 1.281249999999999230e-02 3.124999999999998439e-04 6.562499999999997155e-03 1.593749999999998987e-02 3.659374999999998046e-01 2.218749999999998848e-02 4.718749999999997252e-02 3.124999999999998439e-04 5.343749999999997807e-02 3.781249999999997807e-02 6.562499999999997155e-03 3.124999999999998439e-04 3.124999999999998439e-04 1.284374999999999267e-01 3.124999999999998439e-04 9.687499999999994726e-03 3.124999999999998439e-04 3.124999999999998439e-04
2.197802197802197529e-04 1.804395604395604147e-01 2.485714285714285265e-01 2.197802197802197529e-04 2.197802197802197529e-04 2.197802197802197529e-04 1.496703296703296437e-01 4.615384615384614947e-03 3.098901098901098508e-02 5.956043956043955562e-02 2.197802197802197529e-04 2.197802197802197529e-04 2.197802197802197529e-04 1.474725274725274538e-01 2.197802197802197529e-04 2.417582417582417580e-03 2.197802197802197529e-04 2.197802197802197529e-04 2.197802197802197529e-04 2.197802197802197529e-04 2.197802197802197529e-04 6.395604395604395642e-02 2.197802197802197529e-04 2.417582417582417580e-03 2.197802197802197529e-04 5.736263736263735868e-02 2.197802197802197529e-04 2.197802197802197529e-04 4.857142857142857095e-02 2.197802197802197529e-04
4.065040650406505146e-04 4.065040650406505146e-04 2.886178861788618252e-02 4.065040650406505146e-04 4.065040650406505146e-04 4.065040650406505146e-04 4.065040650406505146e-04 1.101626016260162932e-01 4.471544715447155552e-03 1.182926829268293040e-01 1.223577235772358024e-01 4.065040650406505146e-04 4.065040650406505146e-04 4.918699186991870587e-02 4.065040650406505146e-04 4.065040650406505146e-04 4.065040650406505146e-04 4.471544715447155552e-03 4.065040650406505146e-04 4.065040650406505146e-04 4.065040650406505146e-04 1.101626016260162932e-01 4.918699186991870587e-02 4.471544715447155552e-03 1.182926829268293040e-01 2.073170731707317527e-02 2.524390243902439601e-01 4.065040650406505146e-04 4.065040650406505146e-04 4.065040650406505146e-04
1.132295719844357562e-01 1.984435797665368498e-02 6.653696498054471886e-02 3.891050583657586193e-04 3.891050583657586193e-04 4.708171206225678779e-02 3.891050583657586193e-04 3.891050583657586193e-04 3.891050583657586193e-04 3.891050583657586193e-04 3.891050583657586193e-04 3.891050583657586193e-04 8.171206225680930843e-03 4.708171206225678779e-02 3.891050583657586193e-04 8.171206225680930843e-03 3.933852140077819248e-01 4.708171206225678779e-02 4.280155642023344975e-03 3.891050583657586193e-04 8.210116731517506927e-02 3.891050583657586193e-04 1.984435797665368498e-02 3.891050583657586193e-04 4.280155642023344975e-03 1.093385214007781686e-01 2.373540856031127258e-02 3.891050583657586193e-04 3.891050583657586193e-04 3.891050583657586193e-04
1.197826086956521457e-01 8.065217391304346783e-02 1.045652173913043242e-01 2.173913043478260408e-04 2.173913043478260408e-04 3.499999999999999639e-02 2.173913043478260408e-04 2.173913043478260408e-04 2.173913043478260408e-04 2.089130434782608126e-01 2.173913043478260408e-04 2.173913043478260408e-04 2.391304347826086422e-03 1.045652173913043242e-01 4.565217391304347318e-03 1.326086956521738656e-02 2.391304347826086422e-03 3.717391304347825165e-02 6.739130434782606913e-03 2.173913043478260408e-04 3.934782608695651385e-02 2.173913043478260408e-04 1.023913043478260620e-01 2.173913043478260408e-04 1.263043478260869323e-01 8.913043478260867375e-03 2.173913043478260408e-04 2.173913043478260408e-04 2.173913043478260408e-04 2.173913043478260408e-04
7.092198581560284166e-04 7.092198581560284166e-04 1.780141843971631277e-01 7.092198581560284166e-04 2.198581560283687994e-02 1.141843971631205795e-01 7.092198581560284166e-04 1.070921985815602856e-01 7.092198581560284166e-04 1.638297872340425676e-01 7.092198581560284166e-04 7.092198581560284166e-04 6.453900709219857756e-02 7.092198581560284166e-04 7.092198581560284166e-04 2.198581560283687994e-02 7.092198581560284166e-04 7.092198581560284166e-04 7.092198581560284166e-04 7.092198581560284166e-04 7.092198581560284166e-04 7.801418439716312908e-03 2.985815602836879301e-01 7.092198581560284166e-04 7.092198581560284166e-04 7.092198581560284166e-04 7.092198581560284166e-04 7.092198581560284166e-04 7.801418439716312908e-03 7.092198581560284166e-04
2.849002849002848278e-04 4.133903133903132354e-01 2.310541310541309734e-01 3.133903133903133322e-03 2.849002849002848278e-04 2.849002849002848278e-04 2.849002849002848278e-04 2.849002849002848278e-04 5.982905982905981600e-03 2.849002849002848278e-04 2.849002849002848278e-04 2.849002849002848278e-04 5.982905982905981600e-03 6.866096866096864371e-02 2.849002849002848278e-04 2.849002849002848278e-04 3.447293447293445917e-02 5.441595441595440535e-02 1.056980056980056648e-01 2.849002849002848278e-04 2.849002849002848278e-04 2.849002849002848278e-04 3.133903133903133322e-03 2.849002849002848278e-04 1.452991452991452340e-02 1.452991452991452340e-02 2.592592592592591824e-02 2.849002849002848278e-04 1.452991452991452340e-02 2.849002849002848278e-04
4.638157894736839176e-02 1.450657894736841202e-01 6.282894736842102590e-02 3.289473684210524615e-04 3.289473684210524615e-04 6.282894736842102590e-02 6.907894736842101584e-03 3.289473684210524615e-04 3.289473684210524615e-04 1.019736842105262685e-02 3.289473684210524615e-04 3.289473684210524615e-04 3.289473684210524615e-04 1.348684210526314951e-02 3.289473684210524615e-04 3.618421052631577185e-03 3.325657894736839815e-01 6.611842105263154856e-02 7.598684210526311655e-02 3.289473684210524615e-04 7.269736842105259389e-02 3.289473684210524615e-04 3.618421052631577185e-03 3.289473684210524615e-04 3.289473684210524615e-04 8.914473684210522109e-02 3.289473684210524615e-04 3.289473684210524615e-04 3.618421052631577185e-03 3.289473684210524615e-04
2.188183807439824215e-04 2.407002188183806745e-03 2.188183807439824215e-04 1.052516411378555394e-01 2.188183807439824215e-04 2.188183807439824215e-04 2.188183807439824215e-04 2.188183807439824215e-04 8.971553610503278306e-03 7.024070021881835546e-02 3.960612691466081775e-02 2.188183807439824215e-04 2.188183807439824215e-04 6.148796498905906294e-02 2.188183807439824215e-04 2.407002188183806745e-03 7.461706783369800866e-02 2.188183807439824215e-04 2.188183807439824215e-04 5.669584245076584317e-01 2.188183807439824215e-04 3.522975929978117149e-02 2.188183807439824215e-04 1.991247264770239916e-02 2.188183807439824215e-04 2.188183807439824215e-04 2.188183807439824215e-04 2.188183807439824215e-04 8.971553610503278306e-03 2.188183807439824215e-04
4.807692307692309043e-04 1.971153846153846437e-02 1.879807692307692846e-01 4.807692307692309043e-04 4.807692307692309043e-04 1.971153846153846437e-02 4.807692307692309043e-04 5.336538461538462702e-02 4.807692307692309043e-04 4.807692307692309043e-04 1.254807692307692846e-01 4.807692307692309043e-04 4.807692307692309043e-04 4.807692307692309043e-04 6.298076923076924294e-02 1.971153846153846437e-02 4.807692307692309043e-04 4.807692307692309043e-04 1.110576923076923433e-01 6.778846153846156131e-02 5.288461538461540490e-03 4.807692307692309043e-04 1.735576923076923572e-01 4.807692307692309043e-04 4.807692307692309043e-04 4.807692307692309043e-04 9.182692307692311151e-02 4.807692307692309043e-04 4.807692307692309043e-04 5.336538461538462702e-02
4.230769230769228922e-02 3.496503496503495416e-04 3.496503496503495416e-04 3.496503496503495416e-04 7.027972027972025082e-02 3.496503496503495416e-04 3.496503496503495416e-04 1.783216783216782370e-02 3.496503496503495416e-04 3.496503496503495416e-04 4.580419580419578529e-02 2.486013986013984878e-01 3.639860139860138233e-01 5.279720279720277742e-02 3.496503496503495416e-04 3.496503496503495416e-04 3.496503496503495416e-04 2.482517482517481236e-02 1.157342657342656927e-01 3.496503496503495416e-04 3.496503496503495416e-04 3.846153846153845066e-03 3.846153846153845066e-03 3.496503496503495416e-04 3.496503496503495416e-04 3.496503496503495416e-04 3.496503496503495416e-04 3.496503496503495416e-04 3.496503496503495416e-04 3.846153846153845066e-03
3.507625272331153787e-02 2.636165577342047123e-02 4.575163398692809816e-03 2.178649237472766553e-04 2.178649237472766553e-04 7.864923747276686417e-02 2.178649237472766553e-04 6.775599128540303606e-02 2.178649237472766553e-04 6.339869281045749927e-02 2.854030501089323962e-02 2.178649237472766553e-04 4.575163398692809816e-03 2.178649237472766553e-04 2.180827886710239027e-01 2.396514161220043154e-03 4.575163398692809816e-03 2.178649237472766553e-04 8.518518518518516935e-02 2.178649237472766553e-04 4.814814814814814131e-02 2.178649237472766553e-04 2.812636165577341307e-01 2.178649237472766553e-04 4.379084967320260452e-02 2.178649237472766553e-04 2.178649237472766553e-04 4.575163398692809816e-03 2.178649237472766553e-04 2.178649237472766553e-04
1.587301587301587029e-04 4.619047619047618458e-02 6.206349206349205672e-02 1.746031746031745813e-03 2.238095238095237638e-02 1.587301587301587029e-04 2.303174603174602542e-01 1.587301587301587029e-04 9.698412698412696431e-02 3.190476190476190105e-02 1.587301587301587029e-04 1.587301587301587029e-04 1.587301587301587029e-04 4.936507936507936178e-02 9.682539682539679712e-03 6.507936507936505979e-03 3.031746031746031592e-02 1.587301587301587029e-04 1.587301587301587029e-04 1.587301587301587029e-04 2.396825396825396498e-02 2.079365079365078778e-02 1.587301587301587029e-04 9.682539682539679712e-03 1.587301587301587029e-04 2.334920634920634452e-01 2.396825396825396498e-02 1.587301587301587029e-04 9.857142857142855985e-02 1.587301587301587029e-04
2.475247524752474735e-04 4.259900990099008689e-01 1.363861386138613407e-01 2.475247524752474735e-04 2.475247524752474735e-04 2.475247524752474735e-04 7.673267326732671409e-03 2.475247524752474735e-04 2.475247524752474735e-04 1.240099009900989813e-01 2.722772277227722155e-03 2.995049504950494240e-02 1.014851485148514539e-02 1.091584158415841305e-01 2.475247524752474735e-04 2.475247524752474735e-04 2.475247524752474735e-04 1.509900990099009334e-02 5.965346534653463706e-02 2.475247524752474735e-04 3.242574257425741291e-02 1.262376237623761936e-02 2.475247524752474735e-04 2.475247524752474735e-04 2.475247524752474735e-04 2.499999999999999098e-02 2.475247524752474735e-04 2.475247524752474735e-04 2.722772277227722155e-03 2.722772277227722155e-03
4.504504504504505658e-04 1.846846846846847065e-02 4.504504504504505658e-04 4.504504504504505658e-04 4.954954954954956386e-03 4.504504504504505658e-04 4.504504504504505658e-04 4.504504504504505658e-04 4.504504504504505658e-04 5.000000000000000971e-02 9.504504504504507345e-02 4.504504504504505658e-04 3.648648648648649545e-02 6.801801801801803105e-02 9.054054054054057332e-02 4.504504504504505658e-04 9.459459459459461719e-03 1.806306306306306730e-01 9.504504504504507345e-02 4.504504504504505658e-04 4.504504504504505658e-04 4.504504504504505658e-04 2.662162162162162726e-01 4.504504504504505658e-04 4.504504504504505658e-04 4.504504504504505658e-04 2.747747747747748132e-02 4.504504504504505658e-04 5.000000000000000971e-02 4.504504504504505658e-04
3.484320557491288111e-04 2.822299651567942991e-02 3.484320557491288111e-04 3.484320557491288111e-04 3.484320557491288111e-04 1.080139372822299174e-02 3.484320557491288111e-04 1.362369337979093542e-01 3.484320557491288111e-04 3.832752613240416814e-03 3.484320557491288111e-04 3.383275261324040217e-01 2.999999999999998779e-01 2.822299651567942991e-02 3.484320557491288111e-04 3.484320557491288111e-04 1.080139372822299174e-02 3.170731707317071824e-02 7.317073170731705142e-03 3.484320557491288111e-04 3.484320557491288111e-04 3.484320557491288111e-04 7.003484320557488985e-02 3.484320557491288111e-04 3.484320557491288111e-04 3.484320557491288111e-04 3.484320557491288111e-04 3.484320557491288111e-04 3.484320557491288111e-04 2.822299651567942991e-02
1.713253012048192303e-01 8.698795180722890263e-02 1.327710843373493821e-01 2.409638554216867357e-04 2.409638554216867357e-04 2.409638554216867357e-04 2.409638554216867357e-04 2.409638554216867357e-04 1.014457831325301096e-01 1.954216867469878993e-01 2.409638554216867357e-04 2.409638554216867357e-04 2.409638554216867357e-04 5.060240963855421395e-03 2.674698795180722316e-02 2.409638554216867357e-04 2.409638554216867357e-04 2.674698795180722316e-02 3.638554216867469215e-02 1.710843373493975417e-02 7.469879518072288643e-03 2.409638554216867357e-04 9.903614457831323714e-02 2.650602409638554147e-03 7.975903614457829915e-02 2.409638554216867357e-04 5.060240963855421395e-03 2.650602409638554147e-03 2.409638554216867357e-04 2.409638554216867357e-04
4.081632653061225725e-04 3.269387755102041160e-01 3.306122448979592621e-02 4.081632653061225725e-04 4.081632653061225725e-04 4.081632653061225725e-04 4.489795918367348732e-03 8.571428571428573590e-03 4.081632653061225725e-04 7.387755102040818866e-02 4.081632653061225725e-04 4.489795918367348732e-03 9.020408163265308810e-02 6.163265306122450021e-02 4.081632653061225725e-04 8.571428571428573590e-03 4.081632653061225725e-04 4.122448979591837592e-02 2.738775510204082275e-01 4.081632653061225725e-04 4.489795918367348732e-03 4.081632653061225725e-04 4.081632653061225725e-04 4.081632653061225725e-04 4.081632653061225725e-04 4.081632653061225725e-04 4.938775510204082564e-02 4.081632653061225725e-04 1.265306122448979845e-02 4.081632653061225725e-04
2.061855670103092614e-04 2.061855670103092614e-04 1.051546391752577157e-02 2.061855670103092614e-04 2.061855670103092614e-04 2.268041237113401984e-03 2.061855670103092614e-04 9.505154639175257547e-02 2.061855670103092614e-04 7.649484536082473696e-02 2.061855670103092614e-04 2.061855670103092614e-04 2.701030927835051249e-02 2.022680412371133662e-01 3.113402061855669728e-02 2.435051546391752142e-01 2.061855670103092614e-04 2.061855670103092614e-04 1.670103092783505050e-02 2.268041237113401984e-03 4.329896907216494381e-03 2.061855670103092614e-04 7.855670103092782242e-02 1.692783505154638879e-01 2.061855670103092614e-04 2.268041237113401984e-03 2.268041237113401984e-03 3.319587628865978968e-02 2.061855670103092614e-04 2.061855670103092614e-04
3.179190751445086852e-03 2.890173410404624460e-04 1.043352601156069398e-01 2.890173410404624460e-04 2.890173410404624460e-04 2.890173410404624460e-04 2.890173410404624460e-04 1.184971098265895882e-02 2.890173410404624460e-04 3.497109826589595016e-02 3.179190751445086852e-03 1.184971098265895882e-02 2.890173410404624460e-04 2.890173410404624460e-04 2.890173410404624460e-04 2.890173410404624460e-04 3.179190751445086852e-03 3.179190751445086852e-03 2.890173410404624460e-04 2.890173410404624460e-04 2.890173410404624460e-04 2.890173410404624460e-04 2.890173410404624460e-04 2.690751445086704829e-01 2.890173410404624460e-04 2.890173410404624460e-04 2.890173410404624460e-04 5.494219653179190921e-01 2.890173410404624460e-04 2.890173410404624460e-04
2.127659574468084708e-03 2.127659574468084708e-03 2.127659574468084708e-03 2.127659574468084708e-03 2.127659574468084708e-03 2.127659574468084708e-03 2.127659574468084708e-03 1.510638297872339830e-01 2.127659574468084708e-03 2.127659574468084708e-03 2.127659574468084708e-03 2.127659574468084708e-03 2.127659574468084708e-03 2.127659574468084708e-03 2.127659574468084708e-03 6.595744680851062247e-02 2.127659574468084708e-03 2.127659574468084708e-03 2.127659574468084708e-03 4.468085106382977539e-02 2.127659574468084708e-03 2.127659574468084708e-03 1.723404255319148370e-01 4.276595744680850020e-01 8.723404255319144873e-02 2.127659574468084708e-03 2.127659574468084708e-03 2.127659574468084708e-03 2.127659574468084708e-03 2.127659574468084708e-03
