1.712195121951219923e-01 4.878048780487806500e-04 4.878048780487806500e-04 4.878048780487806500e-04 4.878048780487806500e-04 3.463414634146342458e-02 4.878048780487806500e-04 4.878048780487806500e-04 4.878048780487806500e-04 4.878048780487806500e-04 4.878048780487806500e-04 4.878048780487806500e-04 4.878048780487806500e-04 2.980487804878049762e-01 4.878048780487806500e-04 4.878048780487806500e-04 1.468292682926829740e-01 4.878048780487806500e-04 4.878048780487806500e-04 4.878048780487806500e-04 4.878048780487806500e-04 4.878048780487806500e-04 4.878048780487806500e-04 4.878048780487806500e-04 4.878048780487806500e-04 1.517073170731707832e-01 1.858536585365854199e-01 4.878048780487806500e-04 4.878048780487806500e-04 4.878048780487806500e-04
6.284722222222220711e-02 3.819444444444443452e-03 5.590277777777775958e-02 2.295138888888887674e-01 1.076388888888888534e-02 1.770833333333332593e-02 1.357638888888888506e-01 1.010416666666666269e-01 1.423611111111110390e-02 3.472222222222221271e-04 3.472222222222221271e-04 1.076388888888888534e-02 3.472222222222221271e-04 1.423611111111110390e-02 3.472222222222221271e-04 3.472222222222221271e-04 3.819444444444443452e-03 3.472222222222221271e-04 2.465277777777776652e-02 3.472222222222221271e-04 2.121527777777776902e-01 3.472222222222221271e-04 3.472222222222221271e-04 3.472222222222221271e-04 9.756944444444441700e-02 3.472222222222221271e-04 3.472222222222221271e-04 3.472222222222221271e-04 3.472222222222221271e-04 3.472222222222221271e-04
6.237897648686029778e-02 1.673582295988934598e-02 1.052558782849239011e-01 2.904564315352696751e-03 2.641770401106500327e-02 1.383125864453665249e-04 1.383125864453665249e-04 1.383125864453665249e-04 1.383125864453665249e-04 1.383125864453665249e-04 1.383125864453665249e-04 1.521438450899031611e-03 4.439834024896265052e-02 4.439834024896265052e-02 5.670816044260026598e-03 1.383125864453665249e-04 2.503457814661133943e-02 2.394190871369294149e-01 1.383125864453665249e-04 1.052558782849239011e-01 6.514522821576762546e-02 1.383125864453665249e-04 1.688796680497924863e-01 2.365145228215767559e-02 1.383125864453665249e-04 1.383125864453665249e-04 2.918395573997233441e-02 2.780082987551867058e-02 4.287690179806361891e-03 1.383125864453665249e-04
2.932242990654205031e-02 7.371495327102801920e-02 1.168224299065420338e-04 2.453271028037382669e-03 1.168224299065420338e-04 2.114485981308410895e-02 2.231308411214952964e-02 7.721962616822426739e-02 1.168224299065420338e-04 1.296728971962616411e-02 5.957943925233642572e-03 1.168224299065420338e-04 5.385514018691587440e-02 1.168224299065420338e-04 3.282710280373830891e-02 2.360981308411214397e-01 1.496495327102803363e-01 1.285046728971962413e-03 1.063084112149532447e-02 1.671728971962616328e-01 1.168224299065420338e-04 1.063084112149532447e-02 1.413551401869158480e-02 1.168224299065420338e-04 9.462616822429903776e-03 5.957943925233642572e-03 1.530373831775700549e-02 2.698598130841120893e-02 1.168224299065420338e-04 1.997663551401868826e-02
4.784688995215312770e-04 4.784688995215312770e-04 4.784688995215312770e-04 4.784688995215312770e-04 4.784688995215312770e-04 4.784688995215312770e-04 1.583732057416268324e-01 3.875598086124402986e-02 4.784688995215312770e-04 4.784688995215312770e-04 4.784688995215312770e-04 1.440191387559809078e-01 1.483253588516746796e-02 4.784688995215312770e-04 4.354066985645933807e-02 4.784688995215312770e-04 4.406698564593302114e-01 4.784688995215312770e-04 5.263157894736843721e-03 1.483253588516746796e-02 4.784688995215312770e-04 4.784688995215312770e-04 4.784688995215312770e-04 8.660287081339715365e-02 4.784688995215312770e-04 4.784688995215312770e-04 4.784688995215312770e-04 4.354066985645933807e-02 4.784688995215312770e-04 4.784688995215312770e-04
2.499999999999999792e-02 5.392156862745098832e-03 4.901960784313725422e-04 1.230392156862745168e-01 4.901960784313725422e-04 4.901960784313725422e-04 4.901960784313725422e-04 5.931372549019607587e-02 9.852941176470589313e-02 2.308823529411764830e-01 1.818627450980392357e-01 4.901960784313725422e-04 4.901960784313725422e-04 4.901960784313725422e-04 1.279411764705882526e-01 4.901960784313725422e-04 4.901960784313725422e-04 4.901960784313725422e-04 4.901960784313725422e-04 4.901960784313725422e-04 1.279411764705882526e-01 4.901960784313725422e-04 4.901960784313725422e-04 4.901960784313725422e-04 1.029411764705882339e-02 4.901960784313725422e-04 4.901960784313725422e-04 4.901960784313725422e-04 4.901960784313725422e-04 4.901960784313725422e-04
1.650326797385620603e-02 1.797385620915032583e-03 1.129084967320261174e-01 1.553921568627450733e-01 3.431372549019607362e-03 1.633986928104575050e-04 1.227124183006535613e-01 5.735294117647057877e-02 1.633986928104575050e-04 9.967320261437906045e-03 3.447712418300653142e-02 6.225490196078430766e-02 7.369281045751632786e-02 1.633986928104575050e-04 1.276143790849672832e-01 1.633986928104575050e-04 1.633986928104575050e-04 1.650326797385620603e-02 1.633986928104575050e-04 1.797385620915032583e-03 1.096405228758169648e-01 2.957516339869280600e-02 8.333333333333331483e-03 4.918300653594770422e-02 1.633986928104575050e-04 1.633986928104575050e-04 1.633986928104575050e-04 1.797385620915032583e-03 1.633986928104575050e-04 3.431372549019607362e-03
2.702702702702702744e-04 2.702702702702702744e-04 8.378378378378377803e-03 2.702702702702702744e-04 2.459459459459459318e-02 1.029729729729729759e-01 2.702702702702702744e-04 2.702702702702702744e-04 5.432432432432433150e-02 2.702702702702702744e-04 2.702702702702702744e-04 6.783783783783783883e-02 3.540540540540540460e-02 2.702702702702702744e-04 2.702702702702702744e-04 2.702702702702702744e-04 2.189189189189189033e-02 1.108108108108108066e-02 5.702702702702702742e-02 4.891891891891892580e-02 9.756756756756757021e-02 5.675675675675675817e-03 2.999999999999999889e-02 1.108108108108108066e-02 2.702702702702702744e-04 2.702702702702702744e-04 2.702702702702702744e-04 1.056756756756756788e-01 3.137837837837837429e-01 2.702702702702702744e-04
1.565891472868216616e-02 1.536434108527131026e-01 1.550387596899224351e-04 1.550387596899224351e-04 1.550387596899224351e-04 1.550387596899224351e-04 1.550387596899224351e-04 1.410852713178293964e-02 1.550387596899224351e-04 1.550387596899224351e-04 4.776744186046510410e-01 2.048062015503875066e-01 4.821705426356587970e-02 1.550387596899224351e-04 1.550387596899224351e-04 1.550387596899224351e-04 2.341085271317828662e-02 1.705426356589146786e-03 1.550387596899224351e-04 1.550387596899224351e-04 4.511627906976743013e-02 1.550387596899224351e-04 1.550387596899224351e-04 1.550387596899224351e-04 1.550387596899224351e-04 1.705426356589146786e-03 1.100775193798449181e-02 1.550387596899224351e-04 1.550387596899224351e-04 1.550387596899224351e-04
4.089219330855019437e-03 3.717472118959108825e-04 3.717472118959108825e-04 3.349442379182156482e-01 3.717472118959108825e-04 3.717472118959108825e-04 7.843866171003720245e-02 2.639405204460967130e-02 3.717472118959108825e-04 3.717472118959108825e-04 6.356877323420076498e-02 3.717472118959108825e-04 3.717472118959108825e-04 3.717472118959108825e-04 7.472118959107808267e-02 1.713754646840149054e-01 3.717472118959108825e-04 3.717472118959108825e-04 1.895910780669145257e-02 4.089219330855019437e-03 3.011152416356877720e-02 3.717472118959108825e-04 4.089219330855019437e-03 3.717472118959108825e-04 1.193308550185873951e-01 4.089219330855019437e-03 3.717472118959108825e-04 3.717472118959108825e-04 3.717472118959108825e-04 5.985130111524165214e-02
2.484848484848485584e-02 6.060606060606062769e-04 6.060606060606062769e-04 6.121212121212123158e-02 6.060606060606062769e-04 6.121212121212123158e-02 3.090909090909091730e-02 6.060606060606062769e-04 6.060606060606062769e-04 9.151515151515154933e-02 6.060606060606062769e-04 2.309090909090910082e-01 6.060606060606062769e-04 6.060606060606062769e-04 6.060606060606062769e-04 6.060606060606062769e-04 2.127272727272728203e-01 1.272727272727273290e-02 1.278787878787879251e-01 1.878787878787879437e-02 7.939393939393941946e-02 6.060606060606062769e-04 6.060606060606062769e-04 6.060606060606062769e-04 1.272727272727273290e-02 1.878787878787879437e-02 6.060606060606062769e-04 6.666666666666669697e-03 6.060606060606062769e-04 6.060606060606062769e-04
3.605220228384991427e-02 3.425774877650896756e-03 1.631321370309950810e-04 1.665579119086459670e-01 1.631321370309950810e-04 1.794453507340946054e-03 1.631321370309950810e-04 1.631321370309950810e-04 5.057096247960847675e-03 1.631321370309950810e-04 1.453507340946166015e-01 1.061990212071777795e-01 4.420880913539966539e-02 1.973898858075040508e-02 4.910277324632952162e-02 1.631321370309950810e-04 5.057096247960847675e-03 1.631321370309950810e-04 1.158238172920065048e-02 1.631321370309950810e-04 4.910277324632952162e-02 1.631321370309950810e-04 9.951060358890699564e-03 1.631321370309950810e-04 1.631321370309950810e-04 1.631321370309950810e-04 3.931484502446981610e-02 1.631321370309950810e-04 3.052202283849917985e-01 1.631321370309950810e-04
1.969924812030074759e-02 1.503759398496240529e-04 6.481203007518795967e-02 2.693233082706766313e-01 1.518796992481202639e-02 1.654135338345864500e-03 7.233082706766916226e-02 2.421052631578947054e-02 3.157894736842104758e-03 1.503759398496240529e-04 1.503759398496240529e-04 1.503759398496240529e-04 3.924812030075187225e-02 1.503759398496240529e-04 1.503759398496240529e-04 2.918796992481202390e-01 1.518796992481202639e-02 1.503759398496240529e-04 1.503759398496240529e-04 1.503759398496240529e-04 1.819548872180450777e-02 2.872180451127819348e-02 1.503759398496240529e-04 1.503759398496240529e-04 1.669172932330826795e-02 1.503759398496240529e-04 7.669172932330825532e-03 4.375939849624059519e-02 6.631578947368420296e-02 1.503759398496240529e-04
1.049382716049382380e-02 1.072016460905349522e-01 2.057613168724279522e-04 2.057613168724279522e-04 2.057613168724279522e-04 2.057613168724279522e-04 1.460905349794238209e-02 6.378600823045266384e-03 2.263374485596707664e-03 2.057613168724279522e-04 4.755144032921809205e-01 1.195473251028806305e-01 2.057613168724279522e-04 2.263374485596707664e-03 9.074074074074071905e-02 2.057613168724279522e-04 8.436213991769544659e-03 2.263374485596707664e-03 2.057613168724279522e-04 2.057613168724279522e-04 2.263374485596707664e-03 3.106995884773661870e-02 2.263374485596707664e-03 2.263374485596707664e-03 4.135802469135801962e-02 2.057613168724279522e-04 4.341563786008229703e-02 2.057613168724279522e-04 2.057613168724279522e-04 3.518518518518518046e-02
4.241842610364682936e-02 1.919385796545105389e-04 1.919385796545105389e-04 3.303262955854125993e-01 1.919385796545105389e-04 5.201535508637235294e-02 1.919385796545105389e-04 1.919385796545105389e-04 1.076775431861804050e-01 1.919385796545105389e-04 9.808061420345487447e-02 1.919385796545105389e-04 4.049904030710171909e-02 1.919385796545105389e-04 1.362763915547024647e-02 2.111324376199615657e-03 3.857965451055661577e-02 1.919385796545105389e-04 7.869481765834931281e-03 1.919385796545105389e-04 1.191938579654510388e-01 1.362763915547024647e-02 7.888675623800382730e-02 1.919385796545105389e-04 4.625719769673703602e-02 5.950095969289826217e-03 1.919385796545105389e-04 1.919385796545105389e-04 1.919385796545105389e-04 1.919385796545105389e-04
1.433333333333332849e-01 6.078431372549018136e-03 1.960784313725489844e-04 1.980392156862744585e-02 6.078431372549018136e-03 4.117647058823528834e-03 1.960784313725489844e-04 1.960784313725489844e-04 8.039215686274506570e-03 1.960784313725489844e-04 1.960784313725489844e-04 1.960784313725489844e-04 1.158823529411764502e-01 4.413725490196077073e-01 1.960784313725489844e-04 1.960784313725489844e-04 1.960784313725489844e-04 1.960784313725489844e-04 1.960784313725489844e-04 2.960784313725489322e-02 1.960784313725489844e-04 2.764705882352940652e-02 9.039215686274508499e-02 1.960784313725489844e-04 1.960784313725489844e-04 1.960784313725489844e-04 1.021568627450980260e-01 1.960784313725489844e-04 1.960784313725489844e-04 2.156862745098039099e-03
2.421307506053268230e-04 2.421307506053268230e-04 1.164648910411621996e-01 2.203389830508473840e-02 2.421307506053268230e-04 2.421307506053268230e-04 1.382566585956416239e-01 5.084745762711863175e-03 7.772397094430991138e-02 2.421307506053268230e-04 2.663438256658595162e-03 2.421307506053268230e-04 6.077481840193703355e-02 5.084745762711863175e-03 9.927360774818398334e-03 2.421307506053268230e-04 5.084745762711863175e-03 2.421307506053268230e-04 2.421307506053268230e-04 2.421307506053268230e-04 2.351089588377723305e-01 2.421307506053268230e-04 9.225181598062952293e-02 2.663438256658595162e-03 4.624697336561742200e-02 1.648910411622275529e-01 2.421307506053268230e-04 1.234866828087166635e-02 2.421307506053268230e-04 2.421307506053268230e-04
1.782531194295899587e-04 4.315508021390372373e-01 1.782531194295899587e-04 3.743315508021388942e-03 1.087344028520498621e-02 1.782531194295899587e-04 1.782531194295899587e-04 1.782531194295899587e-04 1.782531194295899587e-04 2.513368983957218333e-02 1.356506238859179481e-01 9.999999999999996392e-02 4.474153297682707808e-02 1.782531194295899587e-04 4.474153297682707808e-02 1.782531194295899587e-04 1.087344028520498621e-02 1.782531194295899587e-04 8.039215686274506223e-02 1.782531194295899587e-04 1.782531194295899587e-04 1.782531194295899587e-04 1.053475935828876581e-01 1.782531194295899587e-04 1.782531194295899587e-04 3.743315508021388942e-03 1.782531194295899587e-04 1.782531194295899587e-04 1.782531194295899587e-04 1.782531194295899587e-04
1.739130434782608543e-04 1.739130434782608543e-04 1.739130434782608543e-04 1.549565217391303817e-01 1.739130434782608543e-04 8.191304347826085241e-02 5.408695652173912266e-02 1.739130434782608543e-04 1.930434782608695179e-02 1.739130434782608543e-04 7.147826086956519942e-02 1.375652173913043119e-01 6.452173913043476872e-02 1.739130434782608543e-04 1.739130434782608543e-04 1.739130434782608543e-04 1.060869565217390995e-02 1.739130434782608543e-04 1.739130434782608543e-04 5.391304347826086051e-03 1.219130434782608324e-01 1.913043478260869398e-03 1.913043478260869398e-03 1.219130434782608324e-01 1.739130434782608543e-04 7.130434782608693726e-03 1.739130434782608543e-04 6.626086956521738680e-02 7.669565217391302592e-02 1.739130434782608543e-04
2.806122448979591223e-03 1.556122448979591240e-02 2.551020408163264452e-04 4.772959183673468053e-01 2.806122448979591223e-03 2.551020408163264452e-04 8.698979591836732139e-02 2.551020408163264452e-04 2.806122448979591223e-03 2.551020408163264452e-04 2.551020408163264452e-04 1.099489795918367069e-01 3.086734693877549868e-02 2.551020408163264452e-04 2.806122448979591223e-03 2.551020408163264452e-04 2.551020408163264452e-04 2.806122448979591223e-03 3.596938775510202801e-02 2.551020408163264452e-04 1.124999999999999750e-01 2.551020408163264452e-04 2.551020408163264452e-04 2.551020408163264452e-04 2.551020408163264452e-04 1.811224489795917880e-02 2.551020408163264452e-04 3.086734693877549868e-02 6.403061224489794978e-02 2.551020408163264452e-04
2.210526315789474588e-02 2.210526315789474588e-02 1.052631578947368831e-03 1.052631578947368831e-03 1.052631578947368831e-03 1.052631578947368831e-03 1.052631578947368831e-03 3.263157894736843506e-02 1.052631578947368831e-03 2.431578947368421839e-01 4.315789473684211730e-02 1.052631578947368831e-03 2.536842105263159008e-01 1.052631578947368831e-03 6.421052631578949565e-02 1.157894736842105671e-02 1.052631578947368831e-03 1.052631578947368831e-03 3.263157894736843506e-02 3.263157894736843506e-02 1.052631578947368831e-03 8.526315789473686013e-02 1.052631578947368831e-03 2.210526315789474588e-02 4.315789473684211730e-02 1.052631578947368831e-03 2.210526315789474588e-02 1.052631578947368831e-03 5.368421052631579954e-02 1.052631578947368831e-03
3.251155624036979053e-02 1.540832049306625090e-04 1.694915254237287653e-03 4.177195685670260783e-01 1.540832049306625090e-04 2.942989214175653970e-02 1.540832049306625090e-04 1.694915254237287653e-03 1.694915254237287653e-03 1.540832049306625090e-04 3.559322033898303789e-02 1.540832049306625090e-04 1.710323574730353638e-02 1.710323574730353638e-02 1.540832049306625090e-04 2.018489984591678721e-02 1.540832049306625090e-04 1.540832049306625090e-04 1.694915254237287653e-03 1.540832049306625090e-04 3.867488443759629219e-02 1.540832049306625090e-04 3.405238828967641768e-02 1.540832049306625090e-04 1.187981510015407860e-01 1.095531587057010370e-01 2.634822804314328887e-02 1.540832049306625090e-04 9.414483821263479324e-02 1.540832049306625090e-04
1.666666666666666557e-03 1.378787878787878472e-02 3.803030303030302539e-02 2.439393939393939142e-02 1.515151515151514879e-04 1.515151515151514879e-04 1.107575757575757353e-01 1.666666666666666557e-03 3.181818181818181490e-03 1.515151515151514879e-04 8.045454545454544526e-02 7.727272727272724989e-03 1.515151515151514879e-04 1.666666666666666557e-03 1.515151515151514879e-04 1.666666666666666557e-03 1.515151515151514879e-04 1.515151515151514879e-04 1.515151515151514879e-04 1.515151515151514879e-04 1.122727272727272463e-01 1.666666666666666557e-03 1.530303030303029922e-02 1.515151515151514879e-04 3.122727272727272019e-01 2.653030303030302628e-01 6.212121212121210490e-03 1.515151515151514879e-04 1.515151515151514879e-04 1.515151515151514879e-04
5.526315789473683002e-03 2.631578947368420451e-04 2.631578947368420451e-04 2.631578947368420451e-04 2.631578947368420451e-04 4.607894736842103600e-01 5.815789473684208899e-02 2.631578947368420451e-04 2.631578947368420451e-04 2.631578947368420451e-04 8.447368421052629806e-02 8.157894736842103561e-03 2.631578947368420451e-04 7.394736842105260888e-02 5.026315789473682905e-02 5.552631578947367363e-02 2.631578947368420451e-04 2.631578947368420451e-04 2.631578947368420451e-04 2.631578947368420451e-04 6.078947368421051128e-02 5.815789473684208899e-02 2.894736842105262442e-03 2.394736842105262345e-02 4.236842105263156910e-02 2.631578947368420451e-04 2.631578947368420451e-04 2.631578947368420451e-04 8.157894736842103561e-03 2.894736842105262442e-03
3.921568627450981314e-04 5.921568627450981420e-02 3.921568627450981314e-04 3.921568627450981314e-04 2.000000000000000389e-02 4.313725490196079933e-03 1.607843137254902008e-02 3.921568627450981314e-04 3.921568627450981314e-04 3.921568627450981314e-04 4.592156862745098711e-01 1.062745098039215991e-01 6.313725490196080148e-02 3.921568627450981314e-04 3.921568627450981314e-04 3.921568627450981314e-04 3.921568627450981314e-04 3.921568627450981314e-04 3.921568627450981314e-04 3.921568627450981314e-04 3.921568627450981314e-04 3.921568627450981314e-04 8.235294117647061138e-03 3.921568627450981314e-04 2.396078431372549722e-01 4.313725490196079933e-03 3.921568627450981314e-04 4.313725490196079933e-03 8.235294117647061138e-03 3.921568627450981314e-04
2.281081081081080819e-02 1.081081081081080935e-04 1.081081081081080935e-04 9.416216216216213852e-02 1.189189189189189056e-03 1.081081081081080935e-04 1.081081081081080935e-04 4.767567567567566889e-02 2.270270270270269720e-03 1.081081081081080935e-04 1.189189189189189056e-03 1.081081081081080935e-04 7.902702702702700532e-02 1.189189189189189056e-03 1.081081081081080935e-04 2.747027027027026391e-01 1.319999999999999507e-01 1.081081081081080935e-04 1.524324324324323986e-02 1.114594594594594257e-01 2.281081081081080819e-02 1.081081081081080935e-04 1.081081081081080935e-04 2.929729729729729087e-02 4.118918918918917926e-02 1.081081081081080935e-04 5.513513513513511495e-03 6.605405405405403996e-02 2.281081081081080819e-02 2.821621621621621043e-02
2.004008016032063854e-04 2.004008016032063854e-04 2.825651302605209844e-02 3.488977955911822804e-01 2.004008016032063854e-04 2.004008016032063854e-04 9.038076152304606870e-02 2.204408817635270402e-03 2.004008016032063854e-04 2.004008016032063854e-04 8.216432865731459687e-03 1.222444889779558848e-02 8.216432865731459687e-03 2.004008016032063854e-04 2.004008016032063854e-04 1.825651302605209858e-01 2.004008016032063854e-04 2.004008016032063854e-04 4.208416833667333497e-03 2.004008016032063854e-04 7.234468937875750127e-02 4.208416833667333497e-03 1.422845691382765114e-02 2.004008016032063854e-04 1.805611222444889197e-01 2.004008016032063854e-04 2.004008016032063854e-04 2.004008016032063854e-04 4.028056112224448482e-02 2.004008016032063854e-04
9.514767932489449909e-02 2.320675105485231569e-03 2.130801687763712524e-02 2.109704641350210468e-04 3.396624472573839260e-02 2.109704641350210468e-04 2.109704641350210468e-04 2.109704641350210468e-04 2.109704641350210468e-04 5.506329113924049445e-02 2.109704641350210468e-04 2.109704641350210468e-04 1.078059071729957630e-01 2.109704641350210468e-04 2.109704641350210468e-04 2.109704641350210468e-04 6.983122362869197131e-02 7.616033755274259631e-02 2.109704641350210468e-04 8.248945147679323520e-02 2.109704641350210468e-04 2.109704641350210468e-04 3.757383966244724482e-01 2.109704641350210468e-04 2.109704641350210468e-04 2.109704641350210468e-04 2.552742616033754422e-02 4.451476793248944352e-02 2.109704641350210468e-04 6.540084388185652721e-03
5.981735159817352238e-02 1.872146118721461361e-02 1.146118721461187456e-01 4.566210045662101396e-04 4.566210045662101396e-04 1.872146118721461361e-02 4.566210045662101396e-04 2.328767123287671381e-02 4.566210045662101396e-04 1.415525114155251341e-02 4.566210045662101396e-04 4.566210045662101396e-04 4.566210045662101396e-04 8.264840182648403033e-02 1.415525114155251341e-02 4.566210045662101396e-04 4.566210045662101396e-04 9.589041095890413202e-03 5.022831050228311264e-03 4.566210045662101396e-04 1.694063926940639619e-01 1.415525114155251341e-02 4.566210045662101396e-04 4.566210045662101396e-04 4.566210045662101396e-04 2.785388127853881401e-02 9.634703196347034482e-02 4.566210045662101396e-04 3.246575342465753411e-01 4.566210045662101396e-04
2.918395573997233094e-02 1.383125864453664978e-04 1.383125864453664978e-04 1.383125864453664978e-04 1.383125864453664978e-04 4.413554633471644673e-01 1.135546334716458772e-01 2.904564315352696317e-03 1.383125864453664978e-04 1.383125864453664978e-04 8.589211618257258651e-02 1.396957123098201484e-02 2.088520055325033750e-02 8.437067773167354276e-03 7.482710926694327580e-02 1.811894882434300982e-02 1.383125864453664978e-04 1.811894882434300982e-02 1.383125864453664978e-04 1.383125864453664978e-04 1.383125864453664978e-04 7.759336099585059654e-02 1.383125864453664978e-04 1.383125864453664978e-04 2.503457814661133596e-02 1.383125864453664978e-04 3.195020746887965862e-02 1.383125864453664978e-04 1.383125864453664978e-04 3.609958506224065361e-02
1.483679525222551874e-04 1.483679525222551874e-04 4.599406528189910540e-03 8.471810089020770373e-02 1.483679525222551874e-04 2.108308605341245867e-01 6.691394658753707647e-02 7.566765578635012771e-03 1.646884272997032467e-02 1.483679525222551874e-04 2.197329376854599003e-01 9.510385756676555113e-02 1.483679525222551874e-04 1.483679525222551874e-04 3.130563798219584276e-02 1.483679525222551874e-04 1.483679525222551874e-04 1.483679525222551874e-04 1.483679525222551874e-04 1.632047477744807008e-03 1.483679525222551874e-04 2.091988130563797801e-02 1.483679525222551874e-04 1.201780415430266785e-02 2.063798219584569438e-01 1.483679525222551874e-04 1.483679525222551874e-04 4.599406528189910540e-03 1.483679525222551874e-04 1.498516320474777182e-02
3.577981651376146294e-02 7.553516819571863550e-02 1.019367991845055821e-04 1.019367991845055821e-04 1.019367991845055821e-04 1.437308868501528669e-02 1.121304791029561565e-03 4.179408766564728268e-03 1.019367991845055821e-04 1.019367991845055821e-04 4.027522935779815905e-01 5.310907237512740853e-02 1.019367991845055821e-04 1.019367991845055821e-04 4.393476044852191037e-02 1.019367991845055821e-04 1.019367991845055821e-04 1.019367991845055821e-04 1.019367991845055821e-04 1.019367991845055821e-04 5.198776758409784197e-03 4.087665647298673738e-02 5.005096839959224247e-02 1.019367991845055821e-04 2.019367991845055499e-01 1.019367991845055821e-04 3.577981651376146294e-02 1.019367991845055821e-04 1.121304791029561565e-03 3.272171253822629688e-02
3.484320557491288111e-04 7.317073170731705142e-03 3.484320557491288111e-04 7.317073170731705142e-03 3.484320557491288111e-04 3.484320557491288111e-04 7.351916376306617817e-02 1.428571428571427833e-02 3.484320557491288111e-04 3.484320557491288111e-04 1.675958188153309492e-01 4.498257839721252482e-01 3.867595818815329489e-02 3.484320557491288111e-04 3.519163763066200656e-02 3.484320557491288111e-04 1.083623693379790615e-01 3.484320557491288111e-04 1.080139372822299174e-02 3.484320557491288111e-04 8.048780487804875483e-02 3.484320557491288111e-04 3.484320557491288111e-04 3.484320557491288111e-04 3.484320557491288111e-04 3.484320557491288111e-04 3.484320557491288111e-04 3.484320557491288111e-04 3.484320557491288111e-04 3.484320557491288111e-04
5.617977528089889219e-04 5.617977528089889219e-04 5.617977528089889219e-04 5.617977528089889219e-04 5.617977528089889219e-04 3.426966292134832337e-02 5.617977528089889219e-04 5.617977528089889219e-04 5.674157303370788025e-02 1.179775280898876823e-02 8.483146067415732461e-02 5.617977528089889219e-04 7.359550561797754964e-02 1.741573033707865745e-02 5.617977528089889219e-04 5.617977528089889219e-04 9.044943820224722597e-02 6.179775280898879009e-03 9.606741573033711346e-02 1.353932584269663397e-01 3.426966292134832337e-02 5.617977528089889219e-04 2.865168539325843242e-02 5.617977528089889219e-04 5.617977528089889219e-04 5.617977528089889219e-04 5.617977528089889219e-04 3.988764044943821085e-02 1.353932584269663397e-01 1.466292134831461147e-01
4.784688995215312770e-04 1.483253588516746796e-02 4.784688995215312770e-04 4.784688995215312770e-04 4.784688995215312770e-04 4.784688995215312770e-04 4.784688995215312770e-04 4.784688995215312770e-04 4.784688995215312770e-04 4.784688995215312770e-04 6.559808612440193309e-01 9.138755980861247574e-02 4.784688995215312770e-04 4.784688995215312770e-04 2.440191387559809133e-02 5.263157894736843721e-03 1.004784688995215627e-02 4.784688995215312770e-04 4.784688995215312770e-04 4.784688995215312770e-04 4.784688995215312770e-04 4.784688995215312770e-04 4.784688995215312770e-04 5.263157894736843721e-03 1.583732057416268324e-01 4.784688995215312770e-04 2.440191387559809133e-02 4.784688995215312770e-04 4.784688995215312770e-04 4.784688995215312770e-04
1.104972375690607738e-04 1.525966850828729127e-01 1.215469613259668579e-03 1.083977900552486190e-01 1.104972375690607738e-04 1.104972375690607738e-04 1.104972375690607738e-04 1.104972375690607738e-04 1.104972375690607738e-04 1.889502762430939412e-02 9.182320441988948978e-02 7.303867403314916185e-02 8.740331491712706458e-02 2.320441988950276181e-03 1.779005524861878781e-02 2.883977900552486470e-02 6.972375690607734988e-02 1.104972375690607738e-04 1.116022099447513787e-02 1.104972375690607738e-04 1.104972375690607738e-04 1.104972375690607738e-04 1.238674033149171211e-01 1.338121546961325847e-01 1.104972375690607738e-04 1.226519337016574590e-02 1.215469613259668579e-03 4.983425414364640871e-02 1.104972375690607738e-04 1.447513812154696024e-02
5.902688860435338636e-02 2.536491677336747408e-01 1.408450704225351971e-03 1.421254801536491440e-02 1.280409731113956362e-04 1.280409731113956362e-04 1.280409731113956362e-04 1.408450704225351971e-03 1.280409731113956362e-04 1.280409731113956362e-04 2.549295774647886703e-01 5.518565941101151451e-02 7.311139564660690260e-02 1.280409731113956362e-04 5.774647887323942907e-02 1.280409731113956362e-04 1.280409731113956362e-04 1.280409731113956362e-04 1.280409731113956362e-04 1.280409731113956362e-04 1.280409731113956362e-04 9.487836107554414866e-02 7.439180537772085988e-02 3.969270166453264803e-03 2.829705505761843584e-02 1.280409731113956362e-04 2.573623559539052474e-02 1.280409731113956362e-04 1.280409731113956362e-04 1.280409731113956362e-04
8.235294117647061138e-03 3.921568627450981314e-04 3.921568627450981314e-04 1.607843137254902008e-02 3.921568627450981314e-04 3.690196078431373095e-01 2.670588235294117929e-01 3.921568627450981314e-04 4.313725490196079933e-03 3.921568627450981314e-04 2.239215686274510231e-01 3.921568627450981314e-04 3.921568627450981314e-04 3.921568627450981314e-04 3.921568627450981314e-04 3.921568627450981314e-04 4.313725490196079933e-03 3.921568627450981314e-04 3.921568627450981314e-04 3.921568627450981314e-04 4.313725490196079933e-03 2.392156862745098422e-02 4.313725490196079933e-03 3.921568627450981314e-04 4.745098039215687319e-02 4.313725490196079933e-03 1.215686274509804148e-02 3.921568627450981314e-04 3.921568627450981314e-04 4.313725490196079933e-03
5.949008498583568082e-03 3.144475920679885850e-02 2.832861189801698983e-04 1.444759206798866373e-02 2.832861189801698983e-04 2.832861189801698983e-04 3.116147308781869098e-03 2.832861189801698983e-04 2.832861189801698983e-04 3.116147308781869098e-03 2.779036827195466297e-01 2.835694050991500181e-01 2.832861189801698983e-04 2.832861189801698983e-04 2.832861189801698983e-04 4.844192634560905153e-02 1.107648725212464214e-01 2.832861189801698983e-04 2.832861189801698983e-04 2.832861189801698983e-04 2.577903682719545966e-02 2.832861189801698983e-04 2.832861189801698983e-04 7.960339943342774338e-02 7.110481586402264687e-02 2.832861189801698983e-04 2.832861189801698983e-04 3.994334277620395501e-02 2.832861189801698983e-04 2.832861189801698983e-04
1.363905325443786620e-01 2.958579881656803689e-04 2.958579881656803689e-04 2.958579881656803689e-04 2.958579881656803689e-04 3.254437869822484220e-03 2.692307692307691416e-02 2.958579881656803689e-04 2.958579881656803689e-04 2.100591715976330570e-02 2.958579881656803689e-04 3.254437869822484220e-03 3.254437869822484220e-03 2.988165680473371666e-02 2.958579881656803689e-04 6.213017751479288017e-03 3.254437869822484220e-03 3.254437869822484220e-03 6.213017751479288017e-03 2.958579881656803689e-04 2.958579881656803689e-04 5.298816568047335362e-01 2.396449704142010820e-02 9.171597633136092248e-03 2.958579881656803689e-04 2.958579881656803689e-04 1.571005917159762899e-01 1.804733727810650321e-02 3.254437869822484220e-03 1.213017751479289474e-02
3.367003367003366097e-04 1.080808080808080412e-01 3.367003367003366097e-04 5.420875420875419237e-02 3.367003367003366097e-04 3.367003367003366097e-04 7.104377104377102015e-02 3.367003367003366097e-04 7.070707070707068533e-03 3.367003367003366097e-04 5.420875420875419237e-02 1.821548821548820973e-01 3.367003367003366097e-04 3.367003367003366097e-04 5.757575757575755793e-02 3.367003367003366097e-04 7.104377104377102015e-02 3.367003367003366097e-04 9.124579124579121348e-02 1.043771043771043322e-02 2.124579124579123734e-01 3.367003367003366097e-04 3.367003367003366097e-04 4.074074074074072321e-02 3.367003367003366097e-04 3.367003367003366097e-04 3.703703703703702544e-03 2.390572390572389544e-02 7.070707070707068533e-03 3.367003367003366097e-04
2.624671916010498109e-04 2.887139107611548083e-03 2.624671916010498109e-04 2.233595800524933450e-01 2.624671916010498109e-04 2.624671916010498109e-04 1.341207349081364464e-01 6.062992125984250497e-02 2.624671916010498109e-04 2.887139107611548083e-03 2.624671916010498109e-04 9.212598425196848184e-02 1.104986876640419724e-01 2.624671916010498109e-04 2.624671916010498109e-04 2.624671916010498109e-04 7.375328083989499128e-02 2.624671916010498109e-04 2.624671916010498109e-04 2.624671916010498109e-04 2.624671916010498109e-04 2.624671916010498109e-04 8.162729658792648724e-02 1.393700787401574437e-01 2.887139107611548083e-03 2.624671916010498109e-04 2.624671916010498109e-04 6.850393700787399398e-02 2.624671916010498109e-04 2.887139107611548083e-03
1.461988304093567008e-04 1.461988304093567008e-04 4.254385964912280049e-02 3.407894736842104755e-01 1.461988304093567008e-04 1.461988304093567008e-04 1.622807017543859490e-02 2.353801169590643075e-02 5.716374269005847220e-02 1.461988304093567008e-04 1.461988304093567008e-04 1.461988304093567008e-04 3.084795321637426660e-02 2.499999999999999792e-02 1.461988304093567008e-04 1.461988304093567008e-04 1.461988304093567008e-04 1.461988304093567008e-04 1.461988304093567008e-04 1.608187134502923844e-03 8.494152046783624843e-02 1.608187134502923844e-03 2.061403508771929294e-02 4.985380116959063634e-02 2.033625730994151615e-01 9.517543859649120475e-02 1.461988304093567008e-04 4.532163742690057534e-03 1.461988304093567008e-04 1.461988304093567008e-04
1.624229979466118856e-01 2.053388090349075944e-04 2.053388090349075944e-04 2.053388090349075944e-04 2.053388090349075944e-04 2.258726899383983484e-03 2.053388090349075944e-04 1.047227926078028552e-02 2.258726899383983484e-03 2.053388090349075944e-04 2.053388090349075944e-04 2.053388090349075944e-04 1.501026694045174137e-01 3.266940451745379281e-01 2.053388090349075944e-04 1.663244353182751281e-02 2.053388090349075944e-04 2.053388090349075944e-04 2.053388090349075944e-04 2.053388090349075944e-04 2.053388090349075944e-04 2.484599589322381702e-02 1.583162217659137283e-01 1.047227926078028552e-02 2.053388090349075944e-04 1.252566735112936071e-02 8.850102669404516509e-02 3.100616016427104257e-02 2.053388090349075944e-04 2.053388090349075944e-04
1.770718232044198315e-01 2.762430939226518463e-04 2.762430939226518463e-04 2.762430939226518463e-04 2.762430939226518463e-04 3.618784530386739279e-02 2.762430939226518463e-04 2.762430939226518463e-04 2.762430939226518463e-04 2.762430939226518463e-04 1.408839779005524248e-02 2.762430939226518463e-04 3.895027624309391201e-02 2.762430939226518463e-04 2.762430939226518463e-04 2.762430939226518463e-04 2.762430939226518463e-04 2.762430939226518463e-04 2.762430939226518463e-04 2.762430939226518463e-04 2.762430939226518463e-04 5.113259668508285394e-01 3.342541436464087357e-02 3.038674033149170364e-03 2.762430939226518463e-04 2.762430939226518463e-04 5.552486187845302734e-02 2.762430939226518463e-04 3.038674033149170364e-03 1.218232044198894748e-01
4.329004329004329543e-04 4.329004329004329543e-04 4.329004329004329543e-04 2.038961038961039363e-01 4.329004329004329543e-04 4.329004329004329543e-04 4.329004329004329543e-04 4.329004329004329543e-04 4.329004329004329543e-04 4.329004329004329543e-04 4.329004329004329543e-04 4.329004329004329543e-04 2.207792207792207834e-02 4.329004329004329543e-04 4.329004329004329543e-04 4.329004329004329543e-04 2.207792207792207834e-02 4.329004329004329543e-04 3.506493506493506968e-02 4.329004329004329543e-04 4.329004329004329543e-04 4.329004329004329543e-04 1.774891774891775020e-02 4.329004329004329543e-04 6.367965367965368051e-01 3.506493506493506968e-02 4.329004329004329543e-04 4.329004329004329543e-04 1.341991341991342207e-02 4.761904761904763202e-03
1.052631578947368208e-04 1.052631578947368208e-04 7.589473684210523707e-02 1.916842105263157348e-01 1.052631578947368208e-04 1.052631578947368208e-04 1.052631578947368208e-04 1.052631578947368208e-04 4.326315789473683671e-02 1.052631578947368208e-04 1.052631578947368208e-04 1.137894736842104959e-01 1.011578947368420717e-01 7.473684210526313799e-03 3.273684210526315447e-02 1.052631578947368208e-04 1.157894736842105150e-03 1.443157894736841751e-01 1.052631578947368208e-04 3.799999999999999212e-02 1.157894736842105150e-03 1.052631578947368208e-04 4.221052631578946224e-02 1.064210526315789163e-01 1.052631578947368208e-04 1.052631578947368208e-04 1.052631578947368208e-04 9.168421052631575696e-02 1.052631578947368208e-04 7.473684210526313799e-03
3.215434083601285704e-04 1.418006430868166967e-01 3.536977491961414491e-03 3.569131832797426546e-02 3.215434083601285704e-04 3.215434083601285704e-04 1.961414790996784258e-02 3.536977491961414491e-03 3.215434083601285704e-04 3.215434083601285704e-04 2.028938906752411342e-01 5.819935691318327275e-02 1.961414790996784258e-02 3.215434083601285704e-04 2.061093247588423882e-01 1.961414790996784258e-02 3.215434083601285704e-04 3.215434083601285704e-04 3.215434083601285704e-04 3.215434083601285704e-04 3.215434083601285704e-04 3.215434083601285704e-04 7.749196141479099131e-02 3.215434083601285704e-04 3.215434083601285704e-04 3.215434083601285704e-04 5.498392282958199095e-02 3.215434083601285704e-04 3.215434083601285704e-04 1.514469453376205421e-01
1.273584905660377076e-02 1.572327044025157155e-04 2.187106918238993225e-01 4.732704402515722913e-02 1.572327044025157155e-04 1.572327044025157155e-04 6.933962264150941857e-02 1.572327044025157155e-04 1.745283018867924141e-02 1.572327044025157155e-04 1.572327044025157155e-04 1.572327044025157155e-04 5.204402515723269979e-02 4.874213836477986339e-03 1.572327044025157155e-04 2.737421383647798412e-01 1.572327044025157155e-04 3.003144654088049995e-02 1.572327044025157155e-04 1.572327044025157155e-04 4.418238993710691537e-02 1.227987421383647526e-01 4.889937106918238602e-02 1.572327044025157155e-04 1.572327044025157155e-04 1.572327044025157155e-04 2.216981132075471206e-02 3.317610062893081718e-02 1.572327044025157155e-04 1.572327044025157155e-04
2.932551319648093297e-04 3.255131964809383077e-02 4.428152492668620266e-02 1.293255131964808902e-01 2.932551319648093297e-04 2.932551319648093297e-04 1.117302052785923427e-01 2.932551319648093297e-04 2.932551319648093297e-04 2.932551319648093297e-04 2.932551319648093297e-04 2.932551319648093297e-04 3.548387096774192201e-02 2.932551319648093297e-04 2.932551319648093297e-04 2.231671554252198375e-01 1.469208211143694653e-01 2.932551319648093297e-04 2.932551319648093297e-04 2.932551319648093297e-04 1.850439882697946514e-01 2.932551319648093297e-04 2.932551319648093297e-04 2.932551319648093297e-04 1.495601173020527294e-02 2.932551319648093297e-04 6.158357771260994894e-03 2.932551319648093297e-04 6.480938416422285520e-02 2.932551319648093297e-04
1.773049645390070771e-04 1.437943262411347234e-01 1.773049645390070771e-04 1.773049645390070771e-04 1.950354609929077793e-03 1.950354609929077793e-03 5.514184397163119505e-02 1.773049645390070771e-04 1.773049645390070771e-04 1.773049645390070771e-04 1.083333333333333093e-01 1.773049645390070771e-04 1.773049645390070771e-04 1.773049645390070771e-04 1.773049645390070771e-04 2.306737588652481574e-01 3.388297872340425010e-01 1.950354609929077793e-03 1.950354609929077793e-03 1.773049645390070771e-04 6.932624113475176209e-02 1.950354609929077793e-03 1.773049645390070771e-04 1.773049645390070771e-04 1.081560283687942915e-02 3.723404255319148239e-03 1.773049645390070771e-04 9.042553191489359141e-03 1.790780141843971093e-02 1.773049645390070771e-04
2.680965147453082836e-04 1.369973190348525161e-01 2.680965147453082836e-04 3.512064343163538022e-02 2.680965147453082836e-04 2.680965147453082836e-04 2.949061662198391390e-03 1.099195710455763871e-02 2.171581769436996961e-02 4.077747989276138685e-01 1.906166219839141585e-01 2.680965147453082836e-04 2.680965147453082836e-04 2.680965147453082836e-04 2.680965147453082836e-04 5.630026809651474118e-03 9.142091152815012833e-02 2.680965147453082836e-04 2.680965147453082836e-04 2.680965147453082836e-04 8.310991957104557279e-03 2.680965147453082836e-04 6.729222520107237815e-02 2.680965147453082836e-04 2.680965147453082836e-04 2.680965147453082836e-04 2.680965147453082836e-04 1.635388739946380329e-02 2.680965147453082836e-04 2.680965147453082836e-04
2.985074626865670587e-04 2.985074626865670587e-04 3.611940298507461400e-02 2.450746268656715521e-01 2.985074626865670587e-04 2.985074626865670587e-04 2.540298507462685484e-01 2.985074626865670587e-04 2.985074626865670587e-04 2.985074626865670587e-04 2.985074626865670587e-04 3.283582089552237755e-03 4.805970149253729895e-02 2.985074626865670587e-04 2.985074626865670587e-04 3.283582089552237755e-03 2.985074626865670587e-04 2.985074626865670587e-04 2.985074626865670587e-04 2.985074626865670587e-04 2.659701492537312473e-01 2.985074626865670587e-04 6.298507462686565861e-02 1.223880597014924930e-02 3.910447761194028177e-02 2.985074626865670587e-04 2.985074626865670587e-04 2.985074626865670587e-04 2.417910447761193252e-02 2.985074626865670587e-04
