1.062176165803108314e-02 2.590673575129532474e-04 2.590673575129532474e-04 5.725388601036267289e-02 4.170984455958547804e-02 1.556994818652849000e-01 2.590673575129532474e-04 2.849740932642486155e-03 2.590673575129532474e-04 2.590673575129532474e-04 7.020725388601033179e-02 2.590673575129532474e-04 2.590673575129532474e-04 7.279792746113987467e-02 2.849740932642486155e-03 2.590673575129532474e-04 2.590673575129532474e-04 2.098445595854921131e-02 2.590673575129532474e-04 1.839378238341967883e-02 2.489637305699480552e-01 9.352331606217613447e-02 2.590673575129532474e-04 2.590673575129532474e-04 2.590673575129532474e-04 2.590673575129532474e-04 1.090673575129533224e-01 9.093264248704659158e-02 2.590673575129532474e-04 2.590673575129532474e-04
3.012820512820512178e-02 2.136752136752136479e-04 1.303418803418802951e-02 2.136752136752136479e-04 2.136752136752136479e-04 6.858974358974358199e-02 1.517094017094016735e-02 2.136752136752136479e-04 2.136752136752136479e-04 2.136752136752136479e-04 3.570512820512819485e-01 2.136752136752136479e-04 2.136752136752136479e-04 2.136752136752136479e-04 1.517094017094016735e-02 8.760683760683757315e-03 2.136752136752136479e-04 4.487179487179485983e-03 1.089743589743589341e-02 2.136752136752136479e-04 2.136752136752136479e-04 4.508547008547007795e-02 2.136752136752136479e-04 2.136752136752136479e-04 5.149572649572648625e-02 1.198717948717948484e-01 4.935897435897435015e-02 8.995726495726494298e-02 2.136752136752136479e-04 1.177350427350427053e-01
2.169197396963123275e-04 2.169197396963123275e-04 1.106290672451192697e-02 2.169197396963123275e-04 2.169197396963123275e-04 3.060737527114966716e-01 2.169197396963123275e-04 2.169197396963123275e-04 2.169197396963123275e-04 2.169197396963123275e-04 3.275488069414315973e-02 2.169197396963123275e-04 2.169197396963123275e-04 2.169197396963123275e-04 2.386117136659435603e-03 4.555314533622558879e-03 6.724511930585682154e-03 2.169197396963123275e-04 2.169197396963123275e-04 2.323210412147504733e-01 2.624728850325378990e-02 2.841648590021691317e-02 2.386117136659435603e-03 2.169197396963123275e-04 2.169197396963123275e-04 4.793926247288502612e-02 9.132321041214748469e-02 1.498915401301517958e-01 5.444685466377439248e-02 2.169197396963123275e-04
2.031914893617020948e-02 1.063829787234042408e-04 1.063829787234042408e-04 9.053191489361699096e-02 6.393617021276594425e-02 1.777659574468084536e-01 1.170212765957446676e-03 2.234042553191489030e-03 1.063829787234042408e-04 1.819148936170212477e-02 1.393617021276595362e-02 1.063829787234042408e-04 1.499999999999999598e-02 1.001063829787233739e-01 1.063829787234042408e-04 1.074468085106382656e-02 1.063829787234042408e-04 9.680851063829784206e-03 4.585106382978722250e-02 1.063829787234042408e-04 2.245744680851063102e-01 3.308510638297871426e-02 1.063829787234042408e-04 2.351063829787233481e-02 6.489361702127658012e-03 1.063829787234042408e-04 5.755319148936168666e-02 8.414893617021274030e-02 1.063829787234042408e-04 1.063829787234042408e-04
4.761904761904761901e-04 4.761904761904761901e-04 4.761904761904761901e-04 4.761904761904761901e-04 4.761904761904761901e-04 1.242857142857142910e-01 7.666666666666667462e-02 4.761904761904761901e-04 2.100000000000000200e-01 7.666666666666667462e-02 2.433333333333333459e-01 5.761904761904761835e-02 4.761904761904761901e-04 4.761904761904761901e-04 4.761904761904761901e-04 4.761904761904761901e-04 4.761904761904761901e-04 1.952380952380952314e-02 2.428571428571428548e-02 5.238095238095238741e-03 4.761904761904761901e-04 5.238095238095238741e-03 4.761904761904761901e-04 4.761904761904761901e-04 4.761904761904761901e-04 5.238095238095238741e-03 4.761904761904761901e-04 1.433333333333333404e-01 4.761904761904761901e-04 4.761904761904761901e-04
1.908396946564885205e-04 7.824427480916027605e-03 1.908396946564885205e-04 2.444656488549617757e-01 1.908396946564885205e-04 1.927480916030533883e-02 3.263358778625953527e-02 2.099236641221373725e-03 1.908396946564885205e-04 2.099236641221373725e-03 4.026717557251907609e-02 1.908396946564885205e-04 2.099236641221373725e-03 5.935114503816792814e-02 1.908396946564885205e-04 1.908396946564885205e-04 1.908396946564885205e-04 2.690839694656487965e-02 9.942748091603051397e-02 1.908396946564885205e-04 3.379770992366411542e-01 8.797709923664120968e-02 1.908396946564885205e-04 1.164122137404579801e-02 2.099236641221373725e-03 1.908396946564885205e-04 1.908396946564885205e-04 1.908396946564885205e-04 2.118320610687022404e-02 1.908396946564885205e-04
1.581632653061224372e-02 5.102040816326531072e-04 5.102040816326531072e-04 5.102040816326531072e-04 5.102040816326531072e-04 7.193877551020408379e-02 1.280612244897959273e-01 5.102040816326531072e-04 5.102040816326531072e-04 1.994897959183673519e-01 5.102040816326531072e-04 5.102040816326531072e-04 2.607142857142857317e-01 2.250000000000000056e-01 5.102040816326531072e-04 5.102040816326531072e-04 5.102040816326531072e-04 2.091836734693877306e-02 1.071428571428571438e-02 5.102040816326531072e-04 2.091836734693877306e-02 5.102040816326531072e-04 5.102040816326531072e-04 5.102040816326531072e-04 5.102040816326531072e-04 3.622448979591836454e-02 5.102040816326531072e-04 5.102040816326531072e-04 5.102040816326531072e-04 5.102040816326531072e-04
3.636363636363635059e-04 1.127272727272726760e-02 3.636363636363635059e-04 2.112727272727271954e-01 7.636363636363633842e-03 6.581818181818178959e-02 3.636363636363635059e-04 8.036363636363633156e-02 3.636363636363635059e-04 8.399999999999996358e-02 3.636363636363635059e-04 3.636363636363635059e-04 3.636363636363635059e-04 3.636363636363635059e-04 3.636363636363635059e-04 8.763636363636360949e-02 1.490909090909090136e-02 3.636363636363635059e-04 3.636363636363635059e-04 8.399999999999996358e-02 4.763636363636361559e-02 7.636363636363633842e-03 7.309090909090906751e-02 3.636363636363635059e-04 3.636363636363635059e-04 8.399999999999996358e-02 1.130909090909090475e-01 2.218181818181817061e-02 3.636363636363635059e-04 3.636363636363635059e-04
3.778705636743214663e-02 2.087682672233820034e-04 6.283924843423797924e-02 2.611691022964508502e-01 8.559498956158661381e-03 2.087682672233820034e-04 2.087682672233820034e-04 2.087682672233820034e-04 2.087682672233820034e-04 2.087682672233820034e-04 2.296450939457201929e-03 2.087682672233820034e-04 2.087682672233820034e-04 5.448851774530270170e-02 2.087682672233820034e-04 2.087682672233820034e-04 2.087682672233820034e-04 2.087682672233820034e-04 3.778705636743214663e-02 2.087682672233820034e-04 1.567849686847598567e-01 1.818371607515656962e-01 2.087682672233820034e-04 4.384133611691021747e-03 2.317327766179540227e-02 2.087682672233820034e-04 2.087682672233820034e-04 1.691022964509394239e-02 1.275574112734864096e-01 2.108559498956158115e-02
1.666666666666666340e-04 1.666666666666666340e-04 1.666666666666666340e-04 1.683333333333332862e-02 1.833333333333333082e-03 2.268333333333332757e-01 1.666666666666666340e-04 1.666666666666666340e-04 1.666666666666666340e-04 1.666666666666666340e-04 2.349999999999999659e-02 1.666666666666666340e-04 4.183333333333332654e-02 1.833333333333333082e-03 1.349999999999999638e-02 1.666666666666666340e-04 1.666666666666666340e-04 2.683333333333333057e-02 1.666666666666666340e-04 1.833333333333333082e-03 2.168333333333332946e-01 4.683333333333332404e-02 1.666666666666666340e-04 1.666666666666666340e-04 1.666666666666666340e-04 1.666666666666666340e-04 3.251666666666666039e-01 8.499999999999997141e-03 4.516666666666666052e-02 1.666666666666666340e-04
6.810631229235878693e-03 1.661129568106312114e-04 1.661129568106312114e-04 2.360465116279069353e-01 1.661129568106312114e-04 5.149501661129567663e-03 1.661129568106312114e-04 1.661129568106312114e-04 1.661129568106312114e-04 1.280730897009966507e-01 1.661129568106312114e-04 1.661129568106312114e-04 1.862126245847175732e-01 1.661129568106312114e-04 1.677740863787375095e-02 1.179401993355481439e-02 1.661129568106312114e-04 1.843853820598006371e-02 3.671096345514949372e-02 1.661129568106312114e-04 1.446843853820597714e-01 1.013289036544850162e-02 1.661129568106312114e-04 1.661129568106312114e-04 1.247508305647840182e-01 4.169435215946843548e-02 1.661129568106312114e-04 1.661129568106312114e-04 3.006644518272424960e-02 1.661129568106312114e-04
2.808988764044942441e-04 2.808988764044942441e-04 3.117977528089885958e-02 1.351123595505617503e-01 2.808988764044942441e-04 2.808988764044942441e-04 2.808988764044942441e-04 2.808988764044942441e-04 2.808988764044942441e-04 1.432584269662920580e-02 1.994382022471909155e-02 4.803370786516852203e-02 2.808988764044942441e-04 2.808988764044942441e-04 2.808988764044942441e-04 9.297752808988760109e-02 2.808988764044942441e-04 1.379213483146066732e-01 2.808988764044942441e-04 1.323033707865167996e-01 1.151685393258426379e-02 1.294943820224718489e-01 2.808988764044942441e-04 2.808988764044942441e-04 2.808988764044942441e-04 3.089887640449436902e-03 9.297752808988760109e-02 1.151685393258426379e-02 1.351123595505617503e-01 2.808988764044942441e-04
4.522522522522522126e-02 2.073873873873873230e-01 2.236036036036035402e-01 1.801801801801801558e-04 1.801801801801801558e-04 1.118918918918918731e-01 1.801801801801801558e-04 1.801801801801801558e-04 1.801801801801801558e-04 1.981981981981981687e-03 9.189189189189187271e-03 1.801801801801801558e-04 8.126126126126125004e-02 3.783783783783783300e-03 3.783783783783783300e-03 3.441441441441440985e-02 1.801801801801801558e-04 1.279279279279278876e-02 4.162162162162161283e-02 1.981981981981981687e-03 1.801801801801801558e-04 1.801801801801801558e-04 1.801801801801801558e-04 1.801801801801801558e-04 1.819819819819819273e-02 9.747747747747745328e-02 1.801801801801801558e-04 1.801801801801801558e-04 1.028828828828828590e-01 1.801801801801801558e-04
1.226993865030674648e-04 2.576687116564416354e-03 1.226993865030674648e-04 6.760736196319017122e-02 2.576687116564416354e-03 3.325153374233127956e-02 2.576687116564416354e-03 1.226993865030674648e-04 1.226993865030674648e-04 1.226993865030674648e-04 7.484662576687114294e-03 2.576687116564416354e-03 8.723926380368095257e-02 1.361963190184048607e-02 3.079754601226993016e-02 1.975460122699386131e-02 1.226993865030674648e-04 1.116564417177913840e-02 9.092024539877296974e-02 1.226993865030674648e-04 3.743558282208588328e-01 1.116564417177913840e-02 9.938650306748463698e-03 4.797546012269937599e-02 1.975460122699386131e-02 1.349693251533742085e-03 1.375460122699385945e-01 1.226993865030674648e-04 2.220858895705521072e-02 2.576687116564416354e-03
2.032520325203251760e-04 4.898373983739836429e-02 2.032520325203251760e-04 2.032520325203251760e-04 5.914634146341462423e-02 1.689024390243901996e-01 3.678861788617885514e-02 2.032520325203251760e-04 3.475609756097560593e-02 1.465447154471544167e-01 1.646341463414633527e-02 2.032520325203251760e-04 4.085365853658536051e-02 7.337398373983738953e-02 4.288617886178860972e-02 2.459349593495934252e-02 2.032520325203251760e-04 1.036585365853658243e-02 2.032520325203251760e-04 2.032520325203251760e-04 2.052845528455284063e-02 2.032520325203251760e-04 2.032520325203251760e-04 2.032520325203251760e-04 2.032520325203251760e-04 3.272357723577234978e-02 2.865853658536584789e-02 1.140243902439024154e-01 8.760162601626014789e-02 1.036585365853658243e-02
2.828736369467608341e-02 6.414368184733805717e-05 1.347017318794099241e-03 6.414368184733805717e-05 2.700449005772932384e-02 6.414368184733805717e-05 7.761385503527904253e-03 6.414368184733805717e-05 1.481719050673509230e-02 6.414368184733805717e-05 3.413085311096857866e-01 6.414368184733805717e-05 6.414368184733805717e-05 6.414368184733805717e-05 3.341885824246312864e-02 6.414368184733805717e-05 6.414368184733805717e-05 1.353431686978833100e-02 6.414368184733805717e-05 1.347017318794099241e-03 6.414368184733805717e-05 7.447081462475947655e-02 9.044259140474665559e-03 1.200128287363694951e-01 6.414368184733805717e-05 3.021167415009622451e-02 5.195638229634382509e-03 4.881334188582425737e-02 6.677357280307891219e-02 1.758178319435536319e-01
2.066115702479338521e-04 2.066115702479338521e-04 1.673553719008263885e-02 2.068181818181817622e-01 2.130165289256197858e-01 2.066115702479338521e-04 2.066115702479338521e-04 1.053719008264462562e-02 2.066115702479338521e-04 2.086776859504131665e-02 1.055785123966941907e-01 2.706611570247933335e-02 2.066115702479338521e-04 2.066115702479338521e-04 2.066115702479338521e-04 2.066115702479338521e-04 2.272727272727272183e-03 2.066115702479338521e-04 3.946280991735536675e-02 2.066115702479338521e-04 9.938016528925618098e-02 5.805785123966940992e-02 2.066115702479338521e-04 2.066115702479338521e-04 2.066115702479338521e-04 2.272727272727272183e-03 9.318181818181815734e-02 2.066115702479338521e-04 6.838842975206610442e-02 3.326446280991735005e-02
2.457786116322701123e-02 1.165103189493433139e-01 1.784240150093808208e-01 1.876172607879924680e-04 1.876172607879924680e-04 1.296435272045027842e-01 1.519699812382738907e-02 1.876172607879924680e-04 3.208255159474671103e-02 3.395872420262664032e-02 1.876172607879924680e-04 2.063789868667917013e-03 2.984990619136959622e-01 1.876172607879924680e-04 1.876172607879924680e-04 1.876172607879924680e-04 1.876172607879924680e-04 3.771106941838648502e-02 2.082551594746716306e-02 1.876172607879924680e-04 1.876172607879924680e-04 1.876172607879924680e-04 1.876172607879924680e-04 1.876172607879924680e-04 3.395872420262664032e-02 3.395872420262664032e-02 1.876172607879924680e-04 3.958724202626640737e-02 1.876172607879924680e-04 1.876172607879924680e-04
2.590673575129532474e-04 5.440414507772018196e-03 2.590673575129532474e-04 2.590673575129532474e-04 2.590673575129532474e-04 8.031088082901550670e-03 2.590673575129532474e-04 5.440414507772018196e-03 2.590673575129532474e-04 2.590673575129532474e-04 8.031088082901550670e-03 1.062176165803108314e-02 6.243523316062173784e-02 5.466321243523313694e-02 2.590673575129532474e-04 2.590673575129532474e-04 2.590673575129532474e-04 2.590673575129532474e-04 1.660621761658030160e-01 5.440414507772018196e-03 4.821243523316059987e-01 2.590673575129532474e-04 3.911917098445594210e-02 1.116580310880828514e-01 8.031088082901550670e-03 2.590673575129532474e-04 8.031088082901550670e-03 2.590673575129532474e-04 8.031088082901550670e-03 1.321243523316061562e-02
3.703703703703704062e-04 1.151851851851851960e-01 7.814814814814814714e-02 3.703703703703704062e-04 3.703703703703704062e-04 3.703703703703704062e-04 4.074074074074074577e-03 2.629629629629629331e-02 3.703703703703704062e-04 3.703703703703704062e-04 6.333333333333333870e-02 3.703703703703704062e-04 3.703703703703704062e-04 7.777777777777778422e-03 5.962962962962963659e-02 7.777777777777778422e-03 9.666666666666667851e-02 3.703703703703704062e-04 3.703703703703704062e-04 3.703703703703704062e-04 3.703703703703704062e-04 6.703703703703704775e-02 3.703703703703704062e-04 3.703703703703704062e-04 3.703703703703704062e-04 1.888888888888888909e-02 3.703703703703704062e-04 1.148148148148148140e-02 2.114814814814814925e-01 2.262962962962963009e-01
6.203703703703702943e-02 4.351851851851851194e-02 2.533950617283949880e-01 3.086419753086419148e-04 3.086419753086419148e-04 3.086419753086419148e-04 1.114197530864197427e-01 3.086419753086419148e-04 3.086419753086419148e-04 6.481481481481480428e-03 3.086419753086419148e-04 2.191358024691357487e-02 3.086419753086419148e-04 3.086419753086419148e-04 3.086419753086419148e-04 3.086419753086419148e-04 3.086419753086419148e-04 3.086419753086419148e-04 3.086419753086419148e-04 3.086419753086419148e-04 3.086419753086419148e-04 3.117283950617283361e-02 3.395061728395061280e-03 1.574074074074073570e-02 9.598765432098764483e-02 2.194444444444443865e-01 3.086419753086419148e-04 5.895061728395060985e-02 6.512345679012344901e-02 6.481481481481480428e-03
8.047722342733186485e-02 1.757049891540129333e-02 1.323210412147504851e-02 2.169197396963123004e-04 2.169197396963123004e-04 1.325379609544468096e-01 2.169197396963123004e-04 2.169197396963123004e-04 2.169197396963123004e-04 2.169197396963123004e-04 2.407809110629066315e-02 2.169197396963123004e-04 2.624728850325378643e-02 2.169197396963123004e-04 2.169197396963123004e-04 1.021691973969630907e-01 2.386117136659435169e-03 2.169197396963123004e-04 8.893709327548803695e-03 2.169197396963123004e-04 1.195227765726680769e-01 2.624728850325378643e-02 8.264642082429497771e-02 6.529284164859000539e-02 5.661605206073751229e-02 1.303687635574836967e-01 2.169197396963123004e-04 2.169197396963123004e-04 9.566160520607372431e-02 1.323210412147504851e-02
1.063829787234042571e-03 1.063829787234042571e-03 2.244680851063829974e-01 1.063829787234042571e-03 9.680851063829787329e-02 1.170212765957446936e-02 1.063829787234042571e-03 1.063829787234042571e-03 1.063829787234042571e-03 1.063829787234042571e-03 1.063829787234042571e-03 1.063829787234042571e-03 1.170212765957446936e-02 1.063829787234042571e-03 1.063829787234042571e-03 1.063829787234042571e-03 1.063829787234042571e-03 1.063829787234042571e-03 1.063829787234042571e-03 4.361702127659573824e-02 1.170212765957446936e-02 4.361702127659573824e-02 1.063829787234042571e-03 1.063829787234042571e-03 1.063829787234042571e-03 1.063829787234042571e-03 1.063829787234042571e-03 2.351063829787234105e-01 2.989361702127659726e-01 1.063829787234042571e-03
1.865079365079364698e-02 1.322751322751322569e-04 1.322751322751322569e-04 1.033068783068782776e-01 1.322751322751322569e-04 2.765873015873015484e-01 1.322751322751322569e-04 1.322751322751322569e-04 1.322751322751322569e-04 1.322751322751322569e-04 8.068783068783067294e-03 1.732804232804232430e-02 8.082010582010580590e-02 1.322751322751322569e-04 1.203703703703703533e-02 1.322751322751322569e-04 1.322751322751322569e-04 1.322751322751322569e-04 6.746031746031744616e-03 1.322751322751322569e-04 3.003968253968253288e-01 4.113756613756613251e-02 1.322751322751322569e-04 9.391534391534389972e-03 1.322751322751322569e-04 1.322751322751322569e-04 6.626984126984125645e-02 1.071428571428571265e-02 2.261904761904761849e-02 2.394179894179894116e-02
4.044117647058823040e-03 1.139705882352940944e-02 3.676470588235293525e-04 7.720588235294116239e-03 3.676470588235293525e-04 5.183823529411763636e-02 8.860294117647057877e-02 3.676470588235293525e-04 3.676470588235293525e-04 6.286764705882352811e-02 3.676470588235293525e-04 3.345588235294116863e-02 6.654411764705880916e-02 1.874999999999999584e-02 3.676470588235293525e-04 3.676470588235293525e-04 3.676470588235293525e-04 4.044117647058823040e-03 1.253676470588235004e-01 3.676470588235293525e-04 3.863970588235293158e-01 2.977941176470587370e-02 2.242647058823528730e-02 3.676470588235293525e-04 3.676470588235293525e-04 7.720588235294116239e-03 7.389705882352939903e-02 3.676470588235293525e-04 3.676470588235293525e-04 3.676470588235293525e-04
7.812500000000002602e-04 7.812500000000002602e-04 7.812500000000002602e-04 7.812500000000002602e-04 7.812500000000002602e-04 7.812500000000002602e-04 7.812500000000002602e-04 2.507812500000000666e-01 7.812500000000002602e-04 1.101562500000000250e-01 1.257812500000000389e-01 7.812500000000002602e-04 7.812500000000002602e-04 7.812500000000002602e-04 7.812500000000002602e-04 1.882812500000000666e-01 7.812500000000002602e-04 2.421875000000000763e-02 7.812500000000002602e-04 7.812500000000002602e-04 7.812500000000002602e-04 8.593750000000002429e-03 7.812500000000002602e-04 8.593750000000002429e-03 7.812500000000002602e-04 1.492187500000000389e-01 7.812500000000002602e-04 1.179687500000000250e-01 7.812500000000002602e-04 7.812500000000002602e-04
8.825031928480203680e-02 1.545338441890166045e-02 1.277139208173691065e-04 9.719029374201787475e-02 1.277139208173691065e-04 1.404853128991060199e-03 6.513409961685823375e-03 1.277139208173691065e-04 1.277139208173691065e-04 1.928480204342273435e-02 1.277139208173691065e-04 1.277139208173691065e-04 2.249042145593869724e-01 2.950191570881226244e-02 1.277139208173691065e-04 1.277139208173691065e-04 1.277139208173691065e-04 3.959131545338442221e-03 1.035759897828863324e-01 1.277139208173691065e-04 1.584929757343550294e-01 1.277139208173691065e-04 1.277139208173691065e-04 1.277139208173691065e-04 1.559386973180076630e-01 4.865900383141762847e-02 1.277139208173691065e-04 1.277139208173691065e-04 4.482758620689655110e-02 1.277139208173691065e-04
3.875968992248061420e-04 3.875968992248061420e-04 3.875968992248061420e-04 3.875968992248061420e-04 4.689922480620153933e-02 1.282945736434108197e-01 3.875968992248061420e-04 3.875968992248061420e-04 2.751937984496123299e-02 2.364341085271317103e-02 4.302325581395347737e-02 3.875968992248061420e-04 1.976744186046510907e-02 4.689922480620153933e-02 9.341085271317828287e-02 6.627906976744185608e-02 8.953488372093021397e-02 1.976744186046510907e-02 1.976744186046510907e-02 3.875968992248061420e-04 2.174418604651162379e-01 3.875968992248061420e-04 3.875968992248061420e-04 8.139534883720928385e-03 3.875968992248061420e-04 3.875968992248061420e-04 1.437984496124030676e-01 3.875968992248061420e-04 3.875968992248061420e-04 3.875968992248061420e-04
1.845018450184501520e-04 1.845018450184501520e-04 6.845018450184500725e-02 1.863468634686346256e-02 1.845018450184501520e-04 6.660516605166050264e-02 1.845018450184501520e-04 1.845018450184501520e-04 1.845018450184501520e-04 7.564575645756455718e-03 9.059040590405902094e-02 4.446494464944648894e-02 1.330258302583025576e-01 1.845018450184501520e-04 1.845018450184501520e-04 1.845018450184501520e-04 1.845018450184501520e-04 1.845018450184501520e-04 1.053505535055350301e-01 1.845018450184501520e-04 3.101476014760146671e-01 1.125461254612545800e-02 1.845018450184501520e-04 7.952029520295202103e-02 3.874538745387453437e-03 1.845018450184501520e-04 1.845018450184501520e-04 5.738007380073800040e-02 1.845018450184501520e-04 1.845018450184501520e-04
1.027568922305763938e-02 2.506265664160399888e-04 2.506265664160399888e-04 6.541353383458643755e-02 2.506265664160399888e-04 7.042606516290723928e-02 4.035087719298244280e-02 1.779448621553883850e-02 2.506265664160399888e-04 2.506265664160399888e-04 2.506265664160399888e-04 7.769423558897240248e-03 1.581453634085212279e-01 4.536340852130324452e-02 2.756892230576440256e-03 3.032581453634083934e-02 2.756892230576440256e-03 2.506265664160399888e-04 4.035087719298244280e-02 2.030075187969923936e-02 4.313283208020048387e-01 2.506265664160399888e-04 2.506265664160399888e-04 2.506265664160399888e-04 2.506265664160399888e-04 2.506265664160399888e-04 2.531328320802003762e-02 2.506265664160399888e-04 2.781954887218043848e-02 2.506265664160399888e-04
1.597633136094674111e-02 2.189349112426034957e-02 1.224852071005916865e-01 5.345167652859959817e-02 4.556213017751478689e-02 1.343195266272188826e-01 1.972386587771202821e-04 1.972386587771202821e-04 1.972386587771202821e-04 2.169625246548323103e-03 1.972386587771202821e-04 1.972386587771202821e-04 1.972386587771202821e-04 1.992110453648914675e-02 1.597633136094674111e-02 1.972386587771202821e-04 1.972386587771202821e-04 1.597633136094674111e-02 1.972386587771202821e-04 2.169625246548323103e-03 1.597633136094674111e-02 7.120315581854042009e-02 1.972386587771202821e-04 1.972386587771202821e-04 1.972386587771202821e-04 1.972386587771202821e-04 2.980276134122287202e-01 3.372781065088756997e-02 1.284023668639052984e-01 1.972386587771202821e-04
8.850267379679141455e-02 3.235294117647057738e-02 7.513368983957217917e-02 6.176470588235292297e-02 2.673796791443849787e-04 4.839572192513368065e-02 2.673796791443849787e-04 2.673796791443849787e-04 2.673796791443849787e-04 4.037433155080212555e-02 2.673796791443849787e-04 2.673796791443849787e-04 7.780748663101602625e-02 3.665775401069517603e-01 2.673796791443849787e-04 2.967914438502672683e-02 2.673796791443849787e-04 2.673796791443849787e-04 7.780748663101602625e-02 5.614973262032084064e-03 2.673796791443849787e-04 2.967914438502672683e-02 2.673796791443849787e-04 2.673796791443849787e-04 2.673796791443849787e-04 2.165775401069517866e-02 5.614973262032084064e-03 2.673796791443849787e-04 3.502673796791442445e-02 2.673796791443849787e-04
2.369791666666665880e-02 2.604166666666666088e-04 2.604166666666666088e-04 2.604166666666666088e-04 1.148437499999999667e-01 9.921874999999998057e-02 2.604166666666666088e-04 1.122395833333333093e-01 2.604166666666666088e-04 2.604166666666666088e-04 2.604166666666666088e-04 1.877604166666665964e-01 2.604166666666666088e-04 2.604166666666666088e-04 1.877604166666665964e-01 2.604166666666666088e-04 1.643229166666666241e-01 2.604166666666666088e-04 2.604166666666666088e-04 2.604166666666666088e-04 1.328124999999999445e-02 4.713541666666665880e-02 2.604166666666666088e-04 2.630208333333332316e-02 1.848958333333332663e-02 2.604166666666666088e-04 2.604166666666666088e-04 2.604166666666666088e-04 2.604166666666666088e-04 2.604166666666666088e-04
9.957386363636359927e-02 1.420454545454545115e-04 8.536931818181815734e-02 4.701704545454544332e-02 1.420454545454545115e-04 5.269886363636362009e-02 1.420454545454545115e-04 1.420454545454545115e-04 1.420454545454545115e-04 7.244318181818179027e-03 1.420454545454545115e-04 1.420454545454545115e-04 7.826704545454543638e-02 1.492897727272726738e-01 1.420454545454545115e-04 1.420454545454545115e-04 1.292613636363635840e-02 1.420454545454545115e-04 4.985795454545453170e-02 1.420454545454545115e-04 2.245738636363635576e-01 8.664772727272724087e-03 2.982954545454544713e-03 1.562499999999999653e-03 7.400568181818178992e-02 1.420454545454545115e-04 7.244318181818179027e-03 1.420454545454545115e-04 5.838068181818180380e-02 3.849431818181817122e-02
2.320185614849187405e-04 2.320185614849187405e-04 2.320185614849187405e-04 2.320185614849187405e-04 2.320185614849187405e-04 1.765661252900231348e-01 2.320185614849187405e-04 2.320185614849187405e-04 2.320185614849187405e-04 4.872389791183293767e-03 2.320185614849187405e-04 4.895591647331785923e-02 2.320185614849187405e-04 2.320185614849187405e-04 2.552204176334106362e-03 1.069605568445475413e-01 2.552204176334106362e-03 4.663573085846867139e-02 3.967517401392110787e-02 2.320185614849187405e-04 7.679814385150809941e-02 1.647331786542922949e-02 4.663573085846867139e-02 3.735498839907192004e-02 2.320185614849187405e-04 2.067285382830625906e-01 2.343387470997678954e-02 5.823665893271460364e-02 1.023201856148491656e-01 2.320185614849187405e-04
2.857142857142856273e-03 1.360544217687074519e-04 1.360544217687074519e-04 1.360544217687074519e-04 8.448979591836731917e-02 1.565986394557822570e-01 1.360544217687074519e-04 1.360544217687074519e-04 9.659863945578228001e-03 1.360544217687074519e-04 2.857142857142856273e-03 8.585034013605440106e-02 1.360544217687074519e-04 1.076190476190475726e-01 1.360544217687074519e-04 1.360544217687074519e-04 1.360544217687074519e-04 1.918367346938774920e-02 5.319727891156460914e-02 1.360544217687074519e-04 2.341496598639455085e-01 1.360544217687074519e-04 1.360544217687074519e-04 3.414965986394556674e-02 1.360544217687074519e-04 4.639455782312924131e-02 6.952380952380950163e-02 7.904761904761901936e-02 1.238095238095237617e-02 1.360544217687074519e-04
6.464843749999997502e-02 7.832031249999996114e-02 4.511718749999998196e-02 1.017578124999999611e-01 4.101562499999998439e-03 2.753906249999998543e-02 1.953124999999999295e-04 1.953124999999999295e-04 1.953124999999999295e-04 1.953124999999999295e-04 1.953124999999999295e-04 1.191406249999999410e-02 1.953124999999999295e-04 3.730468749999998890e-02 4.101562499999998439e-03 7.050781249999997502e-02 9.199218749999996114e-02 4.101562499999998439e-03 1.953124999999999295e-04 1.953124999999999295e-04 6.269531249999997502e-02 8.007812499999995837e-03 1.095703124999999473e-01 1.953124999999999295e-04 1.953124999999999295e-04 1.173828124999999473e-01 1.953124999999999295e-04 1.953124999999999295e-04 1.466796874999999334e-01 1.191406249999999410e-02
7.147286821705425841e-02 4.806201550387596139e-03 3.116279069767441401e-02 9.007751937984494195e-02 1.550387596899224622e-04 2.341085271317829009e-02 7.906976744186043973e-03 3.255813953488371788e-03 7.906976744186043973e-03 2.186046511627906530e-02 1.550387596899224622e-04 2.496124031007751834e-02 3.272868217054262785e-01 1.550387596899224622e-04 1.705426356589147220e-03 1.705426356589147220e-03 1.705426356589147220e-03 1.550387596899224622e-04 1.705426356589147220e-03 1.550387596899224622e-04 2.451162790697673788e-01 1.550387596899224622e-04 1.100775193798449354e-02 1.550387596899224622e-04 6.837209302325580884e-02 7.906976744186043973e-03 1.550387596899224622e-04 1.550387596899224622e-04 4.511627906976743707e-02 1.550387596899224622e-04
2.227171492204898758e-04 2.227171492204898758e-04 2.227171492204898758e-04 1.026726057906458267e-01 2.227171492204898758e-04 6.035634743875275404e-02 2.227171492204898758e-04 2.227171492204898758e-04 2.227171492204898758e-04 6.703786191536745265e-02 2.227171492204898758e-04 2.227171492204898758e-04 4.476614699331846886e-02 1.338530066815144248e-01 4.476614699331846886e-02 2.227171492204898758e-04 2.449888641425388824e-03 8.040089086859684986e-02 2.449888641425388824e-03 2.227171492204898758e-04 3.253897550111357062e-01 4.677060133630287636e-03 2.227171492204898758e-04 4.699331848552336377e-02 2.227171492204898758e-04 2.227171492204898758e-04 2.026726057906457629e-02 2.227171492204898758e-04 6.035634743875275404e-02 2.227171492204898758e-04
1.097122302158273083e-02 1.097122302158273083e-02 9.370503597122301076e-02 1.440647482014388026e-01 1.798561151079136459e-04 1.728417266187049772e-01 1.798561151079136459e-04 1.798561151079136459e-04 1.798561151079136459e-04 1.798561151079136459e-04 1.097122302158273083e-02 1.798561151079136459e-04 1.798561151079136459e-04 1.798561151079136459e-04 1.798561151079136459e-04 1.798561151079136459e-04 1.798561151079136459e-04 1.816546762589927450e-02 1.798561151079136459e-04 7.374100719424458127e-03 3.615107913669064060e-02 1.296762589928057152e-01 2.176258992805754980e-02 2.535971223021582163e-02 1.798561151079136459e-04 1.798561151079136459e-04 8.111510791366904893e-02 1.978417266187049942e-03 1.386690647482013983e-01 9.370503597122301076e-02
2.277904328018222802e-04 2.277904328018222802e-04 4.783599088838267829e-03 5.717539863325739324e-02 1.528473804100227151e-01 1.482915717539862732e-01 2.505694760820045136e-03 1.617312072892938130e-02 2.277904328018222802e-04 2.300683371298404764e-02 2.277904328018222802e-04 2.277904328018222802e-04 4.783599088838267829e-03 3.350797266514805584e-01 2.277904328018222802e-04 2.277904328018222802e-04 2.277904328018222802e-04 2.277904328018222802e-04 2.277904328018222802e-04 2.505694760820045136e-03 7.995444191343961671e-02 2.277904328018222802e-04 2.277904328018222802e-04 2.277904328018222802e-04 4.783599088838267829e-03 2.505694760820045136e-03 1.072892938496582960e-01 2.277904328018222802e-04 2.277904328018222802e-04 5.489749430523917229e-02
4.888059701492537129e-02 3.731343283582089589e-04 2.093283582089552342e-01 1.902985074626865544e-02 3.731343283582089589e-04 3.731343283582089589e-04 3.731343283582089589e-04 2.649253731343283527e-02 3.731343283582089589e-04 3.731343283582089589e-04 7.835820895522389168e-03 3.731343283582089589e-04 2.649253731343283527e-02 1.272388059701492491e-01 3.731343283582089589e-04 3.731343283582089589e-04 3.731343283582089589e-04 2.649253731343283527e-02 8.619402985074627044e-02 3.731343283582089589e-04 2.391791044776119257e-01 1.902985074626865544e-02 3.731343283582089589e-04 8.246268656716418399e-02 7.835820895522389168e-03 4.104477611940299253e-03 3.731343283582089589e-04 3.731343283582089589e-04 6.007462686567164450e-02 4.104477611940299253e-03
2.666666666666666252e-04 2.666666666666666252e-04 1.469333333333333047e-01 5.626666666666665234e-02 1.015999999999999681e-01 1.229333333333332973e-01 3.493333333333332319e-02 2.666666666666666252e-04 2.666666666666666252e-04 2.426666666666665861e-02 1.893333333333332633e-02 2.666666666666666252e-04 2.666666666666666252e-04 1.309333333333332905e-01 2.666666666666666252e-04 2.666666666666666252e-04 4.559999999999998777e-02 8.266666666666665220e-03 2.666666666666666252e-04 2.666666666666666252e-04 3.759999999999998760e-02 2.666666666666666252e-04 2.666666666666666252e-04 5.599999999999998208e-03 2.933333333333332498e-03 2.666666666666666252e-04 6.693333333333331692e-02 2.666666666666666252e-04 1.709333333333332705e-01 2.159999999999999420e-02
4.347826086956522985e-04 4.347826086956522985e-04 4.347826086956522985e-04 4.347826086956522985e-04 4.347826086956522985e-04 2.004347826086957107e-01 4.347826086956522985e-04 3.956521739130435672e-02 4.347826086956522985e-04 1.178260869565217750e-01 4.347826086956522985e-04 4.347826086956522985e-04 4.347826086956522985e-04 2.265217391304348571e-01 5.260869565217392296e-02 2.217391304347826608e-02 4.347826086956522985e-04 1.308695652173913482e-01 4.347826086956522985e-04 4.347826086956522985e-04 4.347826086956522985e-04 4.347826086956522985e-04 4.347826086956522985e-04 4.826086956521739857e-02 4.347826086956522985e-04 1.347826086956522076e-02 1.352173913043478726e-01 4.347826086956522985e-04 4.347826086956522985e-04 4.782608695652175446e-03
1.261538461538460991e-02 3.384615384615383919e-03 3.076923076923075945e-04 3.076923076923075945e-04 3.076923076923075945e-04 3.076923076923075945e-04 3.076923076923075945e-04 6.184615384615382849e-02 3.076923076923075945e-04 2.184615384615383807e-02 6.461538461538459538e-03 4.833846153846151905e-01 4.030769230769229439e-02 3.076923076923075945e-04 3.076923076923075945e-04 3.076923076923075945e-04 3.449230769230767768e-01 3.076923076923075945e-04 3.076923076923075945e-04 1.261538461538460991e-02 3.384615384615383919e-03 3.076923076923075945e-04 3.076923076923075945e-04 3.384615384615383919e-03 3.076923076923075945e-04 3.076923076923075945e-04 3.076923076923075945e-04 3.076923076923075945e-04 3.076923076923075945e-04 3.076923076923075945e-04
7.083333333333331761e-02 3.525641025641024825e-03 9.935897435897431823e-03 9.967948717948714454e-02 3.205128205128204041e-04 3.205128205128204041e-04 3.205128205128204041e-04 3.205128205128204041e-04 3.205128205128204041e-04 4.198717948717946985e-02 3.525641025641024825e-03 9.935897435897431823e-03 3.205128205128204041e-04 3.913461538461536771e-01 1.634615384615384012e-02 1.955128205128204427e-02 3.205128205128204041e-04 8.365384615384613420e-02 6.730769230769228541e-03 3.205128205128204041e-04 6.730769230769228541e-03 8.044871794871792658e-02 3.205128205128204041e-04 3.205128205128204041e-04 1.634615384615384012e-02 6.730769230769228541e-03 3.205128205128204041e-04 3.205128205128204041e-04 1.157051282051281688e-01 1.314102564102563424e-02
4.545454545454547077e-04 4.545454545454547077e-04 4.545454545454547077e-04 2.322727272727273529e-01 5.000000000000001839e-03 4.545454545454547077e-04 2.095454545454546180e-01 4.545454545454547077e-04 4.545454545454547077e-04 4.545454545454547077e-04 5.000000000000001839e-03 1.413636363636364135e-01 6.863636363636364812e-02 1.863636363636363841e-02 4.545454545454547077e-04 4.545454545454547077e-04 2.318181818181818538e-02 4.545454545454547077e-04 1.863636363636363841e-02 4.545454545454547077e-04 6.409090909090910115e-02 7.318181818181820897e-02 4.545454545454547077e-04 4.545454545454547077e-04 4.545454545454547077e-04 4.545454545454547077e-04 5.954545454545456112e-02 4.545454545454547077e-04 5.954545454545456112e-02 1.409090909090909491e-02
1.727115716753021830e-04 1.727115716753021830e-04 1.727115716753021830e-04 1.571675302245249817e-02 8.307426597582034944e-02 8.652849740932638811e-02 1.226252158894645429e-02 1.727115716753021830e-04 2.953367875647667368e-02 1.727115716753021830e-04 1.727115716753021830e-04 2.607944732297062806e-02 4.507772020725386852e-02 2.108808290155439469e-01 1.398963730569947536e-02 1.727115716753021830e-04 1.727115716753021830e-04 2.089810017271156312e-02 2.953367875647667368e-02 1.727115716753021830e-04 3.006908462867010634e-01 3.626943005181345898e-03 4.162348877374782985e-02 2.953367875647667368e-02 1.899827288428324176e-03 8.808290155440410413e-03 2.780656303972365434e-02 1.727115716753021830e-04 1.727115716753021830e-04 1.053540587219343148e-02
1.231629392971245740e-01 1.597444089456868780e-04 1.757188498402555794e-03 1.453674121405750495e-02 1.597444089456868780e-04 1.597444089456868780e-04 1.597444089456868780e-04 1.757188498402555794e-03 1.597444089456868780e-04 1.597444089456868780e-04 1.597444089456868780e-04 1.597444089456868780e-04 1.039936102236421467e-01 1.453674121405750495e-02 1.597444089456868780e-04 1.757188498402555794e-03 1.597444089456868780e-04 1.597444089456868780e-04 2.573482428115015375e-01 1.597444089456868780e-04 8.146964856230029181e-03 3.690095846645367189e-02 3.530351437699680295e-02 5.926517571884983016e-02 1.982428115015973935e-01 9.440894568690094690e-02 1.597444089456868780e-04 1.597444089456868780e-04 2.891373801916932718e-02 1.773162939297124110e-02
2.342192691029899854e-02 1.661129568106312114e-04 1.661129568106312114e-04 1.661129568106312114e-04 1.661129568106312114e-04 7.159468438538205137e-02 1.661129568106312114e-04 1.661129568106312114e-04 1.661129568106312114e-04 1.661129568106312114e-04 1.661129568106312114e-04 1.661129568106312114e-04 1.661129568106312114e-04 4.335548172757474478e-02 1.661129568106312114e-04 1.661129568106312114e-04 1.661129568106312114e-04 1.661129568106312114e-04 1.579734219269102735e-01 1.661129568106312114e-04 2.725913621262457953e-01 5.498338870431893066e-02 1.677740863787375095e-02 9.318936877076409997e-02 2.009966777408637301e-02 1.098006644518272068e-01 1.661129568106312114e-04 1.661129568106312114e-04 6.162790697674417478e-02 7.159468438538205137e-02
4.201680672268908899e-04 4.201680672268908899e-04 4.201680672268908899e-04 4.201680672268908899e-04 3.449579831932773621e-01 4.621848739495800114e-03 4.201680672268908899e-04 2.142857142857143224e-02 1.222689075630252475e-01 1.722689075630252226e-02 4.201680672268908899e-04 4.201680672268908899e-04 1.054621848739496076e-01 4.201680672268908899e-04 4.201680672268908899e-04 4.201680672268908899e-04 2.983193277310924874e-02 4.201680672268908899e-04 4.201680672268908899e-04 8.823529411764709229e-03 4.201680672268908899e-04 5.924369747899160821e-02 8.823529411764709229e-03 1.138655462184874345e-01 4.201680672268908899e-04 4.201680672268908899e-04 1.222689075630252475e-01 3.403361344537815525e-02 4.201680672268908899e-04 4.201680672268908899e-04
2.309468822170900114e-04 2.309468822170900114e-04 1.408775981524248988e-02 6.951501154734410215e-02 2.309468822170900114e-04 1.318706697459584021e-01 1.064665127020784918e-01 4.849884526558890727e-03 2.309468822170900114e-04 2.540415704387990505e-03 2.309468822170900114e-04 2.309468822170900114e-04 2.658198614318705855e-01 3.256351039260969166e-02 6.027713625866049779e-02 3.487297921478058754e-02 4.849884526558890727e-03 2.309468822170900114e-04 2.309468822170900114e-04 2.309468822170900114e-04 6.951501154734410215e-02 5.334872979214779626e-02 2.309468822170900114e-04 2.563510392609699012e-02 2.309468822170900114e-04 1.870669745958428859e-02 2.309468822170900114e-04 2.309468822170900114e-04 1.018475750577367001e-01 2.309468822170900114e-04
2.358490566037735325e-04 4.952830188679244183e-03 7.311320754716979509e-03 3.870283018867923253e-01 2.358490566037735325e-04 2.358490566037735325e-04 1.040094339622641278e-01 7.311320754716979509e-03 3.089622641509432929e-02 5.212264150943395069e-02 7.099056603773583329e-02 2.358490566037735325e-04 2.358490566037735325e-04 2.358490566037735325e-04 2.358490566037735325e-04 2.358490566037735325e-04 2.358490566037735325e-04 1.016509433962263925e-01 1.087264150943395985e-01 2.358490566037735325e-04 4.976415094339621537e-02 7.311320754716979509e-03 4.740566037735848004e-02 2.358490566037735325e-04 1.674528301886792081e-02 2.358490566037735325e-04 2.358490566037735325e-04 2.358490566037735325e-04 2.358490566037735325e-04 2.358490566037735325e-04
