5.263157894736843721e-03 5.263157894736843721e-03 4.354066985645933807e-02 2.732057416267943406e-01 4.784688995215312770e-04 8.181818181818184543e-02 5.263157894736843721e-03 1.004784688995215627e-02 3.397129186602871470e-02 1.961722488038277964e-02 4.784688995215312770e-04 1.535885167464115242e-01 4.784688995215312770e-04 1.004784688995215627e-02 2.918660287081340302e-02 1.004784688995215627e-02 7.703349282296653722e-02 1.961722488038277964e-02 4.784688995215312770e-04 4.784688995215312770e-04 4.784688995215312770e-04 4.784688995215312770e-04 4.784688995215312770e-04 4.784688995215312770e-04 6.267942583732058481e-02 4.784688995215312770e-04 5.263157894736843721e-03 4.832535885167465323e-02 1.009569377990430922e-01 4.784688995215312770e-04
3.469387755102041476e-02 6.802721088435375848e-04 6.802721088435375848e-04 6.802721088435375848e-04 6.802721088435375848e-04 6.802721088435375848e-04 1.503401360544218135e-01 6.802721088435375848e-04 7.482993197278913974e-03 2.108843537414966524e-02 6.802721088435375848e-04 6.190476190476191382e-02 1.027210884353741693e-01 7.482993197278913974e-03 6.802721088435375848e-04 6.802721088435375848e-04 6.802721088435375848e-04 6.802721088435375848e-04 6.802721088435375848e-04 6.802721088435375848e-04 6.802721088435375848e-04 6.802721088435375848e-04 6.802721088435375848e-04 3.136054421768708078e-01 6.802721088435375848e-04 2.251700680272109290e-01 6.802721088435375848e-04 6.190476190476191382e-02 6.802721088435375848e-04 6.802721088435375848e-04
2.286995515695067552e-02 4.484304932735426593e-04 8.116591928251122579e-02 2.291479820627803088e-01 9.417040358744396822e-03 4.484304932735426593e-04 4.484304932735426593e-04 2.246636771300448698e-01 4.484304932735426593e-04 4.484304932735426593e-04 1.170403587443946403e-01 2.286995515695067552e-02 4.484304932735426593e-04 4.484304932735426593e-04 4.484304932735426593e-04 9.417040358744396822e-03 4.484304932735426593e-04 4.484304932735426593e-04 4.484304932735426593e-04 4.484304932735426593e-04 4.484304932735426593e-04 9.417040358744396822e-03 4.932735426008970012e-03 4.484304932735426593e-04 6.771300448430493668e-02 1.035874439461883650e-01 5.874439461883408653e-02 4.484304932735426593e-04 3.183856502242152914e-02 4.484304932735426593e-04
5.988023952095809397e-04 5.988023952095809397e-04 5.988023952095809397e-04 6.047904191616767372e-02 5.988023952095809397e-04 5.988023952095809397e-04 9.640718562874253661e-02 1.023952095808383506e-01 5.988023952095809397e-04 6.586826347305390662e-03 5.988023952095809397e-04 5.449101796407186671e-02 5.988023952095809397e-04 3.652694610778443179e-02 5.988023952095809397e-04 5.988023952095809397e-04 1.257485029940120028e-02 5.988023952095809397e-04 6.586826347305390662e-03 1.856287425149701076e-02 5.988023952095809397e-04 5.988023952095809397e-04 4.251497005988024575e-02 5.988023952095809397e-04 4.850299401197605276e-02 5.988023952095809397e-04 1.257485029940120028e-02 4.251497005988024575e-02 5.988023952095809397e-04 4.497005988023952683e-01
5.235602094240838231e-04 5.235602094240838231e-04 5.235602094240838231e-04 2.670157068062827335e-02 5.235602094240838231e-04 5.235602094240838231e-04 7.905759162303666043e-02 1.052356020942408626e-01 5.235602094240838231e-04 5.235602094240838231e-04 5.235602094240838231e-04 5.235602094240838231e-04 5.235602094240838231e-04 5.235602094240838231e-04 5.235602094240838231e-04 5.235602094240838231e-04 5.235602094240838231e-04 5.235602094240838231e-04 5.759162303664923030e-03 2.670157068062827335e-02 5.235602094240838231e-04 1.623036649214660079e-02 4.764397905759162888e-02 5.235602094240838231e-04 1.366492146596858803e-01 5.235602094240838231e-04 5.235602094240838231e-04 2.670157068062827335e-02 5.235602094240838231e-04 5.188481675392671022e-01
1.213592233009708822e-04 1.213592233009708822e-04 7.402912621359222962e-03 3.410194174757281982e-02 2.548543689320388432e-03 1.213592233009708822e-04 1.213592233009708822e-04 3.410194174757281982e-02 1.239077669902912543e-01 5.473300970873786614e-02 1.213592233009708822e-04 4.381067961165048541e-02 1.651699029126213469e-01 1.214805825242718379e-01 1.213592233009708822e-04 1.213592233009708822e-04 1.104368932038834843e-02 9.114077669902911905e-02 1.225728155339805836e-02 1.213592233009708822e-04 1.213592233009708822e-04 7.900485436893203706e-02 1.213592233009708822e-04 7.779126213592232886e-02 1.832524271844660282e-02 4.987864077669903334e-02 1.213592233009708822e-04 8.616504854368932029e-03 6.322815533980583047e-02 1.213592233009708822e-04
2.873563218390804016e-04 2.040229885057470369e-02 2.902298850574711736e-02 2.873563218390804016e-04 2.873563218390804016e-04 6.034482758620687837e-03 1.324712643678160606e-01 2.873563218390804016e-04 5.488505747126435491e-02 2.873563218390804016e-04 2.873563218390804016e-04 6.063218390804596403e-02 1.008620689655172070e-01 8.908045977011492395e-03 3.764367816091952756e-02 2.873563218390804016e-04 2.040229885057470369e-02 2.873563218390804016e-04 8.908045977011492395e-03 2.040229885057470369e-02 2.873563218390804016e-04 8.908045977011492395e-03 2.873563218390804016e-04 2.272988505747125521e-01 6.063218390804596403e-02 1.353448275862068617e-01 2.902298850574711736e-02 3.189655172413791845e-02 3.160919540229884146e-03 2.873563218390804016e-04
7.210796915167094756e-02 1.285347043701799393e-04 6.182519280205654721e-02 1.426735218508997163e-02 1.298200514138817159e-02 2.197943444730076842e-02 5.269922879177376535e-03 3.611825192802056023e-02 1.413881748071979440e-03 1.285347043701799393e-04 1.285347043701799393e-04 7.082262210796914925e-02 1.285347043701799393e-04 4.383033419023135702e-02 1.285347043701799393e-04 1.413881748071979440e-03 6.568123393316194214e-02 1.555269922879177168e-02 3.984575835475578226e-03 1.285347043701799393e-04 1.285347043701799393e-04 7.082262210796914925e-02 1.285347043701799393e-04 1.285347043701799393e-04 1.041131105398457324e-02 1.285347043701799393e-04 4.654241645244215353e-01 1.285347043701799393e-04 2.455012853470436851e-02 1.285347043701799393e-04
3.244837758112094784e-03 2.949852507374631227e-04 2.949852507374631227e-04 2.949852507374631227e-04 2.949852507374631227e-04 2.949852507374631227e-04 1.504424778761061926e-02 8.584070796460177566e-02 2.979351032448377540e-02 3.244837758112094784e-03 2.949852507374631227e-04 1.359882005899704926e-01 2.949852507374631227e-04 4.159292035398230031e-02 2.949852507374631227e-04 1.799410029498525049e-02 3.244837758112094784e-03 2.949852507374631227e-04 2.979351032448377540e-02 5.634218289085546338e-02 2.949852507374631227e-04 1.035398230088495630e-01 2.949852507374631227e-04 2.684365781710914417e-02 3.864306784660766908e-02 1.861356932153392374e-01 2.949852507374631227e-04 2.185840707964601670e-01 2.949852507374631227e-04 2.949852507374631227e-04
1.004784688995215454e-02 5.263157894736842854e-03 4.784688995215311685e-04 3.397129186602870776e-02 4.784688995215311685e-04 4.784688995215311685e-04 1.727272727272727570e-01 4.784688995215311685e-04 4.784688995215311685e-04 4.784688995215311685e-04 4.784688995215311685e-04 4.784688995215311685e-04 4.784688995215311685e-04 4.784688995215311685e-04 5.263157894736842854e-03 4.784688995215311685e-04 4.784688995215311685e-04 4.784688995215311685e-04 4.784688995215311685e-04 4.784688995215311685e-04 4.784688995215311685e-04 5.263157894736842854e-03 4.784688995215311685e-04 4.784688995215311685e-04 1.535885167464115242e-01 4.784688995215311685e-04 4.784688995215311685e-04 9.138755980861246186e-02 4.784688995215311685e-04 5.124401913875598069e-01
2.824858757062146991e-04 5.932203389830508627e-03 2.824858757062146991e-04 2.824858757062146991e-04 1.669491525423728862e-01 3.418079096045197746e-02 3.983050847457626775e-02 3.700564971751412607e-02 5.960451977401130114e-02 2.824858757062146991e-04 2.824858757062146991e-04 2.036723163841807627e-01 2.824858757062146991e-04 4.548022598870057193e-02 2.824858757062146991e-04 2.824858757062146991e-04 4.548022598870057193e-02 2.824858757062146991e-04 2.824858757062146991e-04 2.824858757062146991e-04 3.107344632768361745e-03 2.570621468926553507e-02 2.824858757062146991e-04 2.824858757062146991e-04 2.853107344632768369e-02 5.395480225988701084e-02 8.757062146892655510e-03 2.375706214689265461e-01 2.824858757062146991e-04 2.824858757062146991e-04
4.132231404958678668e-04 4.132231404958678668e-04 4.132231404958678668e-04 4.132231404958678668e-04 4.132231404958678668e-04 7.479338842975208346e-02 2.690082644628099540e-01 3.760330578512397631e-02 2.933884297520661724e-02 4.132231404958678668e-04 4.586776859504133191e-02 4.132231404958678668e-04 4.132231404958678668e-04 4.132231404958678668e-04 3.760330578512397631e-02 4.132231404958678668e-04 4.132231404958678668e-04 4.132231404958678668e-04 1.904958677685950896e-01 1.780991735537190424e-01 5.413223140495868752e-02 4.132231404958678668e-04 4.132231404958678668e-04 4.132231404958678668e-04 4.132231404958678668e-04 4.545454545454546968e-03 4.132231404958678668e-04 4.132231404958678668e-04 5.826446280991736532e-02 1.280991735537190430e-02
3.521126760563379927e-04 3.204225352112675257e-02 7.394366197183097414e-03 7.394366197183097414e-03 1.235915492957746220e-01 3.521126760563379927e-04 3.521126760563379927e-04 3.521126760563379927e-04 1.795774647887323286e-02 3.521126760563379927e-04 2.147887323943661539e-02 2.080985915492957472e-01 1.095070422535211058e-01 4.612676056338026881e-02 3.521126760563379927e-04 3.521126760563379927e-04 1.443661971830985553e-02 5.669014084507041640e-02 3.873239436619717920e-03 1.795774647887323286e-02 3.873239436619717920e-03 3.521126760563379927e-04 3.521126760563379927e-04 7.394366197183097414e-03 7.429577464788730823e-02 2.080985915492957472e-01 2.499999999999999445e-02 3.521126760563379927e-04 3.873239436619717920e-03 7.394366197183097414e-03
3.311258278145694819e-04 3.642384105960264681e-03 3.311258278145694819e-04 3.344370860927151773e-02 3.642384105960264681e-03 6.953642384105959175e-03 5.331125827814568729e-02 5.331125827814568729e-02 3.311258278145694819e-04 3.311258278145694819e-04 3.311258278145694819e-04 1.129139072847681891e-01 5.662251655629138569e-02 3.311258278145694819e-04 3.311258278145694819e-04 1.357615894039734643e-02 3.311258278145694819e-04 1.026490066225165323e-02 3.311258278145694819e-04 3.311258278145694819e-04 3.311258278145694819e-04 2.354304635761588771e-01 1.688741721854304309e-02 9.966887417218542322e-02 4.668874172185429744e-02 8.311258278145694511e-02 1.658940397350993079e-01 3.311258278145694819e-04 3.311258278145694819e-04 3.311258278145694819e-04
5.617977528089889219e-04 5.617977528089889219e-04 5.617977528089889219e-04 5.617977528089889219e-04 4.550561797752809834e-02 5.617977528089889219e-04 5.617977528089889219e-04 1.179775280898876649e-02 5.617977528089889219e-04 1.741573033707865398e-02 5.617977528089889219e-04 1.578651685393258897e-01 5.617977528089889219e-04 7.921348314606742325e-02 5.617977528089889219e-04 5.617977528089889219e-04 5.617977528089889219e-04 5.617977528089889219e-04 5.617977528089889219e-04 5.617977528089889219e-04 1.179775280898876649e-02 5.617977528089889219e-04 5.617977528089889219e-04 5.617977528089889219e-04 1.578651685393258897e-01 2.421348314606742158e-01 5.617977528089889219e-04 2.533707865168539630e-01 1.179775280898876649e-02 5.617977528089889219e-04
3.630952380952381237e-02 5.952380952380954002e-04 6.607142857142858650e-02 5.952380952380954002e-04 5.952380952380954002e-04 5.952380952380954002e-04 5.952380952380954002e-04 5.952380952380954002e-04 5.952380952380954002e-04 5.952380952380954002e-04 5.952380952380954002e-04 9.583333333333335369e-02 5.952380952380954002e-04 5.952380952380954002e-04 9.583333333333335369e-02 5.952380952380954002e-04 2.625000000000000666e-01 1.250000000000000243e-02 5.952380952380954002e-04 6.011904761904762751e-02 1.250000000000000243e-02 2.440476190476190826e-02 3.630952380952381237e-02 5.952380952380954002e-04 5.952380952380954002e-04 6.607142857142858650e-02 6.547619047619049511e-03 1.851190476190476553e-01 3.035714285714286031e-02 5.952380952380954002e-04
3.072625698324021274e-03 2.793296089385473541e-04 2.793296089385473541e-04 9.804469273743011970e-02 2.793296089385473541e-04 4.776536312849160443e-02 1.287709497206703246e-01 4.497206703910612557e-02 1.145251396648044005e-02 2.793296089385473541e-04 3.072625698324021274e-03 2.796089385474858635e-01 2.793296089385473541e-04 3.072625698324021274e-03 2.793296089385473541e-04 2.793296089385473541e-04 1.424581005586591370e-02 1.424581005586591370e-02 1.703910614525138909e-02 2.793296089385473541e-04 2.793296089385473541e-04 8.659217877094968138e-03 9.245810055865917587e-02 2.262569832402233291e-02 7.290502793296085859e-02 1.175977653631284370e-01 2.793296089385473541e-04 2.793296089385473541e-04 1.703910614525138909e-02 2.793296089385473541e-04
4.587155963302753090e-04 4.587155963302753090e-04 4.587155963302753090e-04 1.243119266055046079e-01 4.587155963302753090e-04 5.045871559633028670e-03 1.472477064220183707e-01 4.587155963302753090e-04 9.678899082568809265e-02 4.587155963302753090e-04 4.587155963302753090e-04 1.059633027522935977e-01 4.587155963302753090e-04 4.587155963302753090e-04 4.587155963302753090e-04 5.045871559633028670e-03 4.587155963302753090e-04 4.587155963302753090e-04 4.587155963302753090e-04 4.587155963302753090e-04 4.587155963302753090e-04 4.587155963302753090e-04 4.587155963302753090e-04 1.880733944954128545e-02 4.633027522935780074e-02 4.587155963302753090e-04 4.587155963302753090e-04 1.422018348623853463e-02 4.587155963302753090e-04 4.270642201834862761e-01
4.641350210970464872e-03 4.219409282700422020e-04 4.219409282700422020e-04 4.219409282700422020e-04 4.219409282700422020e-04 8.860759493670886458e-03 8.860759493670886458e-03 8.481012658227848888e-02 5.949367088607594722e-02 4.219409282700422020e-04 4.219409282700422020e-04 7.215189873417722499e-02 1.308016877637130891e-02 4.219409282700422020e-04 2.995780590717299352e-02 4.641350210970464872e-03 4.219409282700422020e-04 4.219409282700422020e-04 4.219409282700422020e-04 4.219409282700422020e-04 1.308016877637130891e-02 1.945147679324894519e-01 4.219409282700422020e-04 1.354430379746835444e-01 8.860759493670886458e-03 7.637130801687763704e-02 2.367088607594936833e-01 4.261603375527425741e-02 4.219409282700422020e-04 4.219409282700422020e-04
7.407407407407409208e-04 7.407407407407409208e-04 1.414814814814815136e-01 7.407407407407409208e-04 7.407407407407409208e-04 7.407407407407409208e-04 8.148148148148150888e-03 7.407407407407409208e-04 7.407407407407409208e-04 2.303703703703704198e-01 1.118518518518518690e-01 7.407407407407409208e-04 6.740740740740741588e-02 8.148148148148150888e-03 7.407407407407409208e-04 7.407407407407409208e-04 8.148148148148150888e-03 7.407407407407409208e-04 5.259259259259260050e-02 7.407407407407409208e-04 7.407407407407409208e-04 7.407407407407409208e-04 1.118518518518518690e-01 8.222222222222223820e-02 7.407407407407409208e-04 7.407407407407409208e-04 7.407407407407409208e-04 1.044444444444444647e-01 1.555555555555556031e-02 4.518518518518518934e-02
3.952569169960475342e-04 3.952569169960475342e-04 2.411067193675889633e-02 9.920948616600792913e-02 3.952569169960475342e-04 2.806324110671937211e-02 1.466403162055336384e-01 2.335968379446640986e-01 4.347826086956522659e-03 3.952569169960475342e-04 3.952569169960475342e-04 3.007905138339921347e-01 3.952569169960475342e-04 2.015810276679842056e-02 3.952569169960475342e-04 3.952569169960475342e-04 3.952569169960475342e-04 8.300395256916998435e-03 3.952569169960475342e-04 1.225296442687747421e-02 3.952569169960475342e-04 1.620553359683794825e-02 3.952569169960475342e-04 3.952569169960475342e-04 4.347826086956522659e-03 5.968379446640317137e-02 3.596837944664032366e-02 3.952569169960475342e-04 3.952569169960475342e-04 3.952569169960475342e-04
4.651162790697675221e-04 4.651162790697675221e-04 4.651162790697675221e-04 1.441860465116279362e-02 4.651162790697675221e-04 1.906976744186046624e-02 1.400000000000000133e-01 4.651162790697675221e-04 4.651162790697675221e-04 4.651162790697675221e-04 4.651162790697675221e-04 9.767441860465117531e-03 4.651162790697675221e-04 5.116279069767443177e-03 4.651162790697675221e-04 4.651162790697675221e-04 4.651162790697675221e-04 4.651162790697675221e-04 4.651162790697675221e-04 4.651162790697675221e-04 5.116279069767443177e-03 4.651162790697675221e-04 5.116279069767443177e-03 4.651162790697675221e-04 1.865116279069767846e-01 4.651162790697675221e-04 4.651162790697675221e-04 8.883720930232559543e-02 4.651162790697675221e-04 5.167441860465116221e-01
6.011904761904762751e-02 5.952380952380954002e-04 5.952380952380954002e-04 4.226190476190476442e-02 5.952380952380954002e-04 5.952380952380954002e-04 5.952380952380954002e-04 1.845238095238095621e-02 1.077380952380952717e-01 1.250000000000000243e-02 5.952380952380954002e-04 5.952380952380954002e-04 5.952380952380954002e-04 5.952380952380954002e-04 1.077380952380952717e-01 5.952380952380954002e-04 5.952380952380954002e-04 1.077380952380952717e-01 3.035714285714286031e-02 7.797619047619049060e-02 5.952380952380954002e-04 5.952380952380954002e-04 3.755952380952381486e-01 5.952380952380954002e-04 4.821428571428572341e-02 5.952380952380954002e-04 5.952380952380954002e-04 5.952380952380954002e-04 5.952380952380954002e-04 5.952380952380954002e-04
4.085603112840466289e-03 1.945525291828793368e-04 1.575875486381322563e-02 3.910505836575874777e-02 1.945525291828793368e-04 1.770428015564201943e-02 3.326848249027236637e-02 3.715953307392995397e-02 1.945525291828793368e-04 2.140077821011672921e-03 1.945525291828793368e-04 2.180933852140077289e-01 3.521400778210116017e-02 1.013618677042801425e-01 1.945525291828793368e-04 1.945525291828793368e-04 1.945525291828793368e-04 4.085603112840466289e-03 1.945525291828793368e-04 6.828793774319065479e-02 1.945525291828793368e-04 4.688715953307392298e-02 1.945525291828793368e-04 1.945525291828793368e-04 2.140077821011672921e-03 1.480544747081711521e-01 2.140077821011672921e-03 2.219844357976653026e-01 1.945525291828793368e-04 1.945525291828793368e-04
1.774891774891775020e-02 4.329004329004330085e-04 6.103896103896105235e-02 9.567099567099569823e-02 9.090909090909093937e-03 4.329004329004330085e-04 4.805194805194806101e-02 1.346320346320346584e-01 4.329004329004330085e-04 4.329004329004330085e-04 4.329004329004330085e-04 3.467532467532468132e-01 2.207792207792208181e-02 4.329004329004330085e-04 4.329004329004330085e-04 4.329004329004330085e-04 1.774891774891775020e-02 4.329004329004330085e-04 4.761904761904763202e-03 3.073593073593074154e-02 4.329004329004330085e-04 2.640692640692641341e-02 4.329004329004330085e-04 2.207792207792208181e-02 2.640692640692641341e-02 1.259740259740260160e-01 4.329004329004330085e-04 4.329004329004330085e-04 4.761904761904763202e-03 4.329004329004330085e-04
3.225806451612902681e-04 3.225806451612902681e-04 3.225806451612902681e-04 4.548387096774192395e-02 1.322580645161289953e-02 2.612903225806451069e-02 3.225806451612902681e-04 3.225806451612902681e-04 6.806451612903224868e-02 3.225806451612902681e-04 3.548387096774193328e-03 3.648387096774192706e-01 3.225806451612902681e-04 3.225806451612902681e-04 3.225806451612902681e-04 3.225806451612902681e-04 9.999999999999998473e-03 5.838709677419354205e-02 3.225806451612902681e-04 3.225806451612902681e-04 3.225806451612902681e-04 7.451612903225805773e-02 3.225806451612902681e-04 2.935483870967741174e-02 3.225806451612902681e-04 3.003225806451612079e-01 3.225806451612902681e-04 3.225806451612902681e-04 3.225806451612902681e-04 3.225806451612902681e-04
3.309090909090907362e-02 1.127272727272726760e-02 3.999999999999998349e-03 3.636363636363635059e-04 3.385454545454543718e-01 1.094545454545454155e-01 3.636363636363635059e-04 1.854545454545453512e-02 3.636363636363635059e-04 3.636363636363635059e-04 6.945454545454543549e-02 1.127272727272726760e-02 2.218181818181817061e-02 3.999999999999998349e-03 3.636363636363635059e-04 3.999999999999998349e-03 3.999999999999998349e-03 3.636363636363635059e-04 2.581818181818180610e-02 3.636363636363635059e-04 2.112727272727271954e-01 2.218181818181817061e-02 1.490909090909090136e-02 3.636363636363635059e-04 3.309090909090907362e-02 3.636363636363635059e-04 3.636363636363635059e-04 3.636363636363635059e-04 3.309090909090907362e-02 2.581818181818180610e-02
6.578947368421055736e-04 6.578947368421055736e-04 4.671052631578948705e-02 6.578947368421055736e-04 6.578947368421055736e-04 1.585526315789474450e-01 1.782894736842106087e-01 5.986842105263159852e-02 6.578947368421055736e-04 6.578947368421055736e-04 4.013157894736843478e-02 7.236842105263161309e-03 4.671052631578948705e-02 6.578947368421055736e-04 2.039473684210527105e-02 6.578947368421055736e-04 6.578947368421055736e-04 6.578947368421055736e-04 1.782894736842106087e-01 2.309210526315790546e-01 6.578947368421055736e-04 6.578947368421055736e-04 7.236842105263161309e-03 6.578947368421055736e-04 6.578947368421055736e-04 6.578947368421055736e-04 6.578947368421055736e-04 6.578947368421055736e-04 6.578947368421055736e-04 1.381578947368421705e-02
1.030927835051546849e-03 1.030927835051546849e-03 1.030927835051546849e-03 1.030927835051546849e-03 3.195876288659795644e-02 1.030927835051546849e-03 1.030927835051546849e-03 1.041237113402062320e-01 1.030927835051546849e-03 2.278350515463918591e-01 1.030927835051546849e-03 1.134020618556701686e-02 1.030927835051546849e-03 7.319587628865982520e-02 1.247422680412371698e-01 1.134020618556701686e-02 1.030927835051546849e-03 1.030927835051546849e-03 1.030927835051546849e-03 1.030927835051546849e-03 1.030927835051546849e-03 1.030927835051546849e-03 1.030927835051546849e-03 3.206185567010310655e-01 1.030927835051546849e-03 5.257731958762888735e-02 1.030927835051546849e-03 1.030927835051546849e-03 2.164948453608248405e-02 1.030927835051546849e-03
7.927631578947365310e-02 3.618421052631578053e-03 7.598684210526313043e-02 1.121710526315789075e-01 3.289473684210525157e-04 3.322368421052630111e-02 3.289473684210525157e-04 7.927631578947365310e-02 3.618421052631578053e-03 3.618421052631578053e-03 5.953947368421051017e-02 2.898026315789472562e-01 2.335526315789472618e-02 2.993421052631577844e-02 3.289473684210525157e-04 3.289473684210525157e-04 1.348684210526315125e-02 6.907894736842103318e-03 3.289473684210525157e-04 1.023026315789473395e-01 3.289473684210525157e-04 3.651315789473683071e-02 2.006578947368420351e-02 6.907894736842103318e-03 3.289473684210525157e-04 1.677631578947367738e-02 3.289473684210525157e-04 3.289473684210525157e-04 3.289473684210525157e-04 3.289473684210525157e-04
1.694915254237288086e-03 1.694915254237288086e-03 1.694915254237288086e-03 1.694915254237288086e-03 1.694915254237288086e-03 1.694915254237288086e-03 2.389830508474575788e-01 2.220338983050847148e-01 1.694915254237288086e-03 1.694915254237288086e-03 1.864406779661017047e-02 1.203389830508474340e-01 1.864406779661017047e-02 1.694915254237288086e-03 1.694915254237288086e-03 1.694915254237288086e-03 1.694915254237288086e-03 1.694915254237288086e-03 1.203389830508474340e-01 1.881355932203389592e-01 1.694915254237288086e-03 1.694915254237288086e-03 1.694915254237288086e-03 3.559322033898304483e-02 1.694915254237288086e-03 1.694915254237288086e-03 1.694915254237288086e-03 1.694915254237288086e-03 1.694915254237288086e-03 1.694915254237288086e-03
4.385964912280702378e-04 4.385964912280702378e-04 4.385964912280702378e-04 1.627192982456140691e-01 1.359649122807017781e-02 9.210526315789474561e-03 9.210526315789474561e-03 1.364035087719298600e-01 4.385964912280702378e-04 4.385964912280702378e-04 3.552631578947368363e-02 4.258771929824561875e-01 4.385964912280702378e-04 4.385964912280702378e-04 4.385964912280702378e-04 4.385964912280702378e-04 4.385964912280702378e-04 4.385964912280702378e-04 4.385964912280702378e-04 4.385964912280702378e-04 4.385964912280702378e-04 3.991228070175439208e-02 3.114035087719298558e-02 3.991228070175439208e-02 7.061403508771930959e-02 1.359649122807017781e-02 4.824561403508773050e-03 4.385964912280702378e-04 4.385964912280702378e-04 4.385964912280702378e-04
7.327935222672067594e-02 4.048582995951417914e-04 4.048582995951417914e-04 1.421052631578947623e-01 4.048582995951417914e-04 4.048582995951417914e-04 4.048582995951417914e-04 4.048582995951417914e-04 4.048582995951417914e-04 4.048582995951417914e-04 4.048582995951417914e-04 4.048582995951417914e-04 4.048582995951417914e-04 4.048582995951417914e-04 4.048582995951417914e-04 5.708502024291499388e-02 2.757085020242915352e-01 2.797570850202429349e-01 4.048582995951417914e-04 3.684210526315790518e-02 1.218623481781376805e-01 4.048582995951417914e-04 4.048582995951417914e-04 4.453441295546560139e-03 4.048582995951417914e-04 4.048582995951417914e-04 4.048582995951417914e-04 4.048582995951417914e-04 4.048582995951417914e-04 4.048582995951417914e-04
4.845814977973569686e-03 4.405286343612336078e-04 4.405286343612336078e-04 1.806167400881057705e-02 4.405286343612336078e-04 4.889867841409692439e-02 2.559471365638767426e-01 2.779735682819384213e-01 4.405286343612336078e-04 1.365638766519824097e-02 2.246696035242291140e-02 7.973568281938328561e-02 4.845814977973569686e-03 4.405286343612336078e-04 4.405286343612336078e-04 4.405286343612336078e-04 4.405286343612336078e-04 4.405286343612336078e-04 1.017621145374449643e-01 5.330396475770926568e-02 4.405286343612336078e-04 4.405286343612336078e-04 4.405286343612336078e-04 4.889867841409692439e-02 4.889867841409692439e-02 4.405286343612336078e-04 4.405286343612336078e-04 1.365638766519824097e-02 4.405286343612336078e-04 4.405286343612336078e-04
3.703703703703702436e-04 3.703703703703702436e-04 1.077777777777777363e-01 8.185185185185182843e-02 3.703703703703702436e-04 3.703703703703702436e-04 2.999999999999998501e-02 4.074074074074072842e-03 3.703703703703702436e-04 2.781481481481480333e-01 3.703703703703702436e-04 1.148148148148147620e-02 8.925925925925923266e-02 3.703703703703702436e-04 1.888888888888887868e-02 3.703703703703702436e-04 3.703703703703702436e-04 4.074074074074072842e-03 3.703703703703702436e-04 3.740740740740738923e-02 3.703703703703702436e-04 3.703703703703702436e-04 3.703703703703702436e-04 2.744444444444443243e-01 2.259259259259258079e-02 3.703703703703702436e-04 2.259259259259258079e-02 3.703703703703702436e-04 1.148148148148147620e-02 3.703703703703702436e-04
4.366812227074236990e-04 4.366812227074236990e-04 1.790393013100436900e-02 7.030567685589521332e-02 4.366812227074236990e-04 4.458515283842795496e-01 4.803493449781661394e-03 4.366812227074236990e-04 4.366812227074236990e-04 4.366812227074236990e-04 4.366812227074236990e-04 4.366812227074236990e-04 4.366812227074236990e-04 9.650655021834064762e-02 4.366812227074236990e-04 4.803493449781661394e-03 4.366812227074236990e-04 2.663755458515284363e-02 4.366812227074236990e-04 4.366812227074236990e-04 4.847161572052402501e-02 4.366812227074236990e-04 1.790393013100436900e-02 4.366812227074236990e-04 4.366812227074236990e-04 4.366812227074236990e-04 2.227074235807860805e-02 1.445414847161572425e-01 4.410480349344979289e-02 4.847161572052402501e-02
3.076923076923075945e-04 3.076923076923075945e-04 3.076923076923075945e-04 2.649230769230768168e-01 9.538461538461535591e-03 1.876923076923076028e-02 3.076923076923075945e-04 5.876923076923075417e-02 2.799999999999999017e-02 3.076923076923075945e-04 3.076923076923075945e-04 6.184615384615382849e-02 3.076923076923075945e-04 3.076923076923075945e-04 3.076923076923075945e-04 3.076923076923075945e-04 1.172307692307691940e-01 8.338461538461536260e-02 3.076923076923075945e-04 4.030769230769229439e-02 3.076923076923075945e-04 3.076923076923075945e-04 4.953846153846152428e-02 3.076923076923075945e-04 3.076923076923075945e-04 2.249230769230768368e-01 3.415384615384613881e-02 3.076923076923075945e-04 3.076923076923075945e-04 3.384615384615383919e-03
1.666666666666666557e-03 1.666666666666666557e-03 1.666666666666666557e-03 1.666666666666666557e-03 1.666666666666666557e-03 1.666666666666666557e-03 1.666666666666666557e-03 1.666666666666666557e-03 1.833333333333333343e-02 1.666666666666666557e-03 1.666666666666666557e-03 6.833333333333331538e-02 1.016666666666666552e-01 1.849999999999999700e-01 6.833333333333331538e-02 1.666666666666666557e-03 4.516666666666666607e-01 1.666666666666666557e-03 1.666666666666666557e-03 1.666666666666666557e-03 1.666666666666666557e-03 1.666666666666666557e-03 1.666666666666666557e-03 1.666666666666666557e-03 1.666666666666666557e-03 6.833333333333331538e-02 1.666666666666666557e-03 1.666666666666666557e-03 1.666666666666666557e-03 1.666666666666666557e-03
3.649635036496349052e-04 3.649635036496349052e-04 3.649635036496349052e-04 2.521897810218977076e-01 3.649635036496349052e-04 7.664233576642333172e-03 3.649635036496349052e-04 6.970802919708027345e-02 5.510948905109486901e-02 3.649635036496349052e-04 3.649635036496349052e-04 3.649635036496349052e-04 3.649635036496349052e-04 3.649635036496349052e-04 3.649635036496349052e-04 3.649635036496349052e-04 1.427007299270072471e-01 1.244525547445255037e-01 2.226277372262772808e-02 7.700729927007296527e-02 3.649635036496349052e-04 3.649635036496349052e-04 3.649635036496349052e-04 4.014598540145983795e-03 3.649635036496349052e-04 2.156934306569342208e-01 2.226277372262772808e-02 3.649635036496349052e-04 3.649635036496349052e-04 3.649635036496349052e-04
5.128205128205129285e-04 5.128205128205129285e-04 1.594871794871795256e-01 9.794871794871796988e-02 5.128205128205129285e-04 5.128205128205129285e-04 5.128205128205129285e-04 5.128205128205129285e-04 6.717948717948718507e-02 5.128205128205129285e-04 5.128205128205129285e-04 5.128205128205129285e-04 5.128205128205129285e-04 5.128205128205129285e-04 1.076923076923077052e-02 5.128205128205129285e-04 4.666666666666666879e-02 5.128205128205129285e-04 5.128205128205129285e-04 5.128205128205129285e-04 5.128205128205129285e-04 1.030769230769230937e-01 3.641025641025641413e-02 5.128205128205129285e-04 5.128205128205129285e-04 1.082051282051282315e-01 5.128205128205129285e-04 6.205128205128206120e-02 5.641025641025642322e-03 2.928205128205128571e-01
4.255319148936171259e-04 4.255319148936171259e-04 4.255319148936171259e-04 4.255319148936171259e-04 4.255319148936171259e-04 5.148936170212767283e-02 4.255319148936171259e-04 4.255319148936171259e-04 3.446808510638298823e-02 4.255319148936171259e-04 4.255319148936171259e-04 4.255319148936171259e-04 3.021276595744681534e-02 2.131914893617021800e-01 2.302127659574468577e-01 4.255319148936171259e-04 9.829787234042555721e-02 8.936170212765959589e-03 4.255319148936171259e-04 4.680851063829788439e-03 4.255319148936171259e-04 2.170212765957447304e-02 9.404255319148939474e-02 4.255319148936171259e-04 4.255319148936171259e-04 4.255319148936171259e-04 4.255319148936171259e-04 6.851063829787236437e-02 1.365957446808511166e-01 4.255319148936171259e-04
2.612456747404844071e-02 1.401384083044982659e-02 3.996539792387543422e-02 1.282006920415224849e-01 7.093425605536331571e-03 3.823529411764706176e-02 1.714532871972318240e-01 1.730103806228373918e-04 1.055363321799307821e-02 1.022491349480968842e-01 1.730103806228373918e-04 1.730103806228373918e-04 1.903114186851211174e-03 1.903114186851211174e-03 1.730103806228373918e-04 1.730103806228373918e-04 2.077854671280276733e-01 1.730103806228373918e-04 1.730103806228373918e-04 9.532871972318339437e-02 1.730103806228373918e-04 4.169550173010380667e-02 1.730103806228373918e-04 1.730103806228373918e-04 1.730103806228373918e-04 5.207612456747404833e-02 3.650519031141868931e-02 1.730103806228373918e-04 1.730103806228373918e-04 2.266435986159169580e-02
1.581818181818182012e-01 6.060606060606060601e-04 1.521212121212121293e-01 1.460606060606060574e-01 6.060606060606060601e-04 1.272727272727272770e-02 6.060606060606060601e-04 6.060606060606060601e-04 6.060606060606060601e-04 6.666666666666667095e-03 3.696969696969696489e-02 9.757575757575757958e-02 6.060606060606060601e-04 6.060606060606060601e-04 6.060606060606060601e-04 6.666666666666667095e-03 6.060606060606060601e-04 1.272727272727272770e-02 6.666666666666667095e-03 6.060606060606060601e-04 6.060606060606060601e-04 6.060606060606060601e-04 6.060606060606060601e-04 6.060606060606060601e-04 4.303030303030302983e-02 6.060606060606060601e-04 6.060606060606060601e-04 2.248484848484848531e-01 6.060606060606060601e-04 8.545454545454544970e-02
8.171206225680934312e-03 3.891050583657587819e-04 3.891050583657587819e-04 3.540856031128404580e-02 8.171206225680934312e-03 4.284046692607003659e-01 3.891050583657587819e-04 7.821011673151750943e-02 4.280155642023346710e-03 3.891050583657587819e-04 3.891050583657587819e-04 6.264591439688715901e-02 4.280155642023346710e-03 3.151750972762645819e-02 1.984435797665369539e-02 4.280155642023346710e-03 8.599221789883268463e-02 3.891050583657587819e-04 3.891050583657587819e-04 3.891050583657587819e-04 4.280155642023346710e-03 3.891050583657587819e-04 3.891050583657587819e-04 2.373540856031128299e-02 1.595330739299610778e-02 3.891050583657587819e-04 4.708171206225680860e-02 1.326848249027237359e-01 3.891050583657587819e-04 3.891050583657587819e-04
6.155963302752294475e-02 9.174311926605507265e-05 3.220183486238532844e-02 5.055045871559634557e-02 5.513761467889909812e-02 2.944954128440367691e-02 2.761467889908257589e-02 9.174311926605507265e-05 1.009174311926605691e-03 1.018348623853211274e-02 9.174311926605507265e-05 2.027522935779817181e-02 7.431192660550460342e-03 1.092660550458715712e-01 9.174311926605507265e-05 9.174311926605507265e-05 2.844036697247706927e-03 9.174311926605507265e-05 9.174311926605507265e-05 2.394495412844037385e-02 9.174311926605507265e-05 2.211009174311927283e-02 4.678899082568807946e-03 1.935779816513762130e-02 9.174311926605507265e-05 1.293577981651376427e-02 4.643119266055046879e-01 4.678899082568807946e-03 3.954128440366973252e-02 9.174311926605507265e-05
6.576923076923077427e-02 3.846153846153846151e-04 6.961538461538462064e-02 2.580769230769230371e-01 3.846153846153846151e-04 3.846153846153846151e-04 3.846153846153846151e-04 2.730769230769230713e-02 3.846153846153846151e-04 3.846153846153846151e-04 4.230769230769231525e-03 3.080769230769230815e-01 3.846153846153846151e-04 4.230769230769231525e-03 3.846153846153846151e-04 3.846153846153846151e-04 5.038461538461538186e-02 4.230769230769231525e-03 3.846153846153846151e-04 3.846153846153846151e-04 3.846153846153846151e-04 3.846153846153846151e-04 3.846153846153846151e-04 3.846153846153846151e-04 3.846153846153846151e-04 8.115384615384615974e-02 3.846153846153846151e-04 1.196153846153846234e-01 3.846153846153846151e-04 3.846153846153846151e-04
9.174311926605505096e-04 9.266055045871558760e-02 1.201834862385321029e-01 9.174311926605505096e-04 9.174311926605505096e-04 1.009174311926605561e-02 5.596330275229357415e-02 9.174311926605505096e-04 9.174311926605505096e-04 8.348623853211008250e-02 9.174311926605505096e-04 6.513761467889908618e-02 9.174311926605505096e-04 9.174311926605505096e-04 9.174311926605505096e-04 1.926605504587156070e-02 9.266055045871558760e-02 9.174311926605505096e-04 9.174311926605505096e-04 9.174311926605505096e-04 9.174311926605505096e-04 1.926605504587156070e-02 9.174311926605505096e-04 9.174311926605505096e-04 9.174311926605505096e-04 5.596330275229357415e-02 9.174311926605505096e-04 3.587155963302752215e-01 1.009174311926605561e-02 9.174311926605505096e-04
3.676470588235294067e-04 3.676470588235294067e-04 3.676470588235294067e-04 3.676470588235294067e-04 3.676470588235294067e-04 5.113970588235293713e-01 3.676470588235294067e-04 3.713235294117647051e-02 7.720588235294117974e-03 4.044117647058823907e-03 3.676470588235294067e-04 3.676470588235294067e-04 3.676470588235294067e-04 6.654411764705882304e-02 5.183823529411764330e-02 7.720588235294117974e-03 7.022058823529411797e-02 3.713235294117647051e-02 3.676470588235294067e-04 3.676470588235294067e-04 3.676470588235294067e-04 3.676470588235294067e-04 1.139705882352941291e-02 3.676470588235294067e-04 3.676470588235294067e-04 3.676470588235294067e-04 6.286764705882352811e-02 7.389705882352941291e-02 3.713235294117647051e-02 1.507352941176470437e-02
3.846153846153846151e-04 3.846153846153846151e-04 1.576923076923076802e-02 3.846153846153846151e-04 6.192307692307692790e-02 1.696153846153846123e-01 4.269230769230768913e-02 3.846153846153846151e-04 3.846153846153846151e-04 4.311538461538461098e-01 3.846153846153846151e-04 8.076923076923077024e-03 3.846153846153846151e-04 5.807692307692307460e-02 3.846153846153846151e-04 3.846153846153846151e-04 3.846153846153846151e-04 3.846153846153846151e-04 4.269230769230768913e-02 3.846153846153846151e-04 3.846153846153846151e-04 3.846153846153846151e-04 3.846153846153846151e-04 4.230769230769231525e-03 2.346153846153846076e-02 5.807692307692307460e-02 3.846153846153846151e-04 6.961538461538462064e-02 8.076923076923077024e-03 3.846153846153846151e-04
9.708737864077672747e-04 6.893203883495147011e-02 1.067961165048544013e-02 9.708737864077672747e-04 1.067961165048544013e-02 9.708737864077672747e-04 1.077669902912621602e-01 9.708737864077672747e-04 9.805825242718449464e-02 9.708737864077672747e-04 5.922330097087379758e-02 9.708737864077672747e-04 9.708737864077672747e-04 2.038834951456311440e-02 1.077669902912621602e-01 9.708737864077672747e-04 9.708737864077672747e-04 3.980582524271845252e-02 1.757281553398058749e-01 1.174757281553398397e-01 2.038834951456311440e-02 1.067961165048544013e-02 9.708737864077672747e-04 9.708737864077672747e-04 1.368932038834951848e-01 9.708737864077672747e-04 9.708737864077672747e-04 9.708737864077672747e-04 9.708737864077672747e-04 9.708737864077672747e-04
5.759493670886076805e-02 2.594936708860759791e-02 1.018987341772152194e-01 3.860759493670886527e-02 6.329113924050634114e-04 6.392405063291139999e-02 6.329113924050634114e-04 6.329113924050634114e-04 4.493670886075949722e-02 6.329113924050634114e-04 6.329113924050634114e-04 2.727848101265823444e-01 6.329113924050634114e-04 6.329113924050634114e-04 6.329113924050634114e-04 6.329113924050634114e-04 3.227848101265823333e-02 6.962025316455697742e-03 6.962025316455697742e-03 6.329113924050634114e-04 6.329113924050634114e-04 6.329113924050634114e-04 6.329113924050634114e-04 6.329113924050634114e-04 5.759493670886076805e-02 1.968354430379747333e-01 6.329113924050634114e-04 5.126582278481013610e-02 3.227848101265823333e-02 6.329113924050634114e-04
1.191860465116278966e-02 2.906976744186046471e-04 2.906976744186046471e-04 2.906976744186046471e-04 2.906976744186046471e-04 2.906976744186046471e-04 6.715116279069767435e-02 2.906976744186046471e-04 2.906976744186046471e-04 2.906976744186046471e-04 2.906976744186046471e-04 5.552325581395349541e-02 4.680232558139535426e-02 2.906976744186046471e-04 2.906976744186046471e-04 3.197674418604651552e-03 2.906976744186046471e-04 2.906976744186046471e-04 2.906976744186046471e-04 2.906976744186046471e-04 4.680232558139535426e-02 7.296511627906977770e-02 4.389534883720930258e-02 1.281976744186046624e-01 7.005813953488372603e-02 2.906976744186046471e-04 6.104651162790697590e-03 3.197674418604651552e-03 3.197674418604651552e-03 4.363372093023255571e-01
5.376344086021506456e-04 5.376344086021506456e-04 1.349462365591398150e-01 2.532258064516129670e-01 5.376344086021506456e-04 5.376344086021506456e-04 1.666666666666666990e-02 5.967741935483871635e-02 5.376344086021506456e-04 2.741935483870967805e-02 3.279569892473118559e-02 1.129032258064516410e-02 1.666666666666666990e-02 5.376344086021506456e-04 5.376344086021506456e-04 2.741935483870967805e-02 7.043010752688172449e-02 5.376344086021506456e-04 5.376344086021506456e-04 5.376344086021506456e-04 5.376344086021506456e-04 5.376344086021506456e-04 1.295698924731183144e-01 5.376344086021506456e-04 3.279569892473118559e-02 5.376344086021506456e-04 5.376344086021506456e-04 1.564516129032258451e-01 2.204301075268817398e-02 5.376344086021506456e-04
