1.054016620498614831e-01 1.385041551246537508e-04 1.385041551246537508e-04 1.095567867036010973e-01 1.385041551246537508e-04 1.385041551246537508e-04 1.385041551246537508e-04 1.523545706371191204e-03 1.385041551246537508e-04 1.675900277008310346e-02 1.261772853185595400e-01 1.260387811634348931e-02 1.385041551246537508e-04 1.385041551246537508e-04 1.385041551246537508e-04 1.814404432132963804e-02 1.523545706371191204e-03 8.739612188365651624e-02 1.121883656509695300e-02 5.000000000000000278e-02 1.385041551246537508e-04 1.497229916897506730e-01 1.523545706371191204e-03 2.908587257617728603e-03 1.289473684210526161e-01 2.783933518005540439e-02 1.675900277008310346e-02 5.831024930747922413e-02 2.229916897506925566e-02 5.000000000000000278e-02
2.932551319648093297e-04 2.932551319648093297e-04 2.932551319648093297e-04 2.932551319648093297e-04 2.932551319648093297e-04 2.932551319648093297e-04 6.158357771260994894e-03 5.838709677419352539e-01 3.225806451612902356e-03 1.175953079178885252e-01 2.932551319648093297e-04 2.932551319648093297e-04 6.774193548387094643e-02 2.932551319648093297e-04 2.932551319648093297e-04 2.932551319648093297e-04 6.158357771260994894e-03 1.495601173020527294e-02 2.932551319648093297e-04 2.932551319648093297e-04 1.058651026392961603e-01 6.158357771260994894e-03 2.932551319648093297e-04 2.961876832844573607e-02 2.932551319648093297e-04 2.932551319648093297e-04 9.090909090909088733e-03 6.158357771260994894e-03 3.255131964809383077e-02 6.158357771260994894e-03
1.329787234042552942e-04 1.329787234042552942e-04 1.476063829787233744e-02 1.329787234042552942e-04 1.329787234042552942e-04 7.460106382978722028e-02 4.122340425531914772e-03 1.329787234042552942e-04 1.329787234042552942e-04 1.329787234042552942e-04 2.940159574468084736e-01 1.329787234042552942e-04 3.736702127659573963e-02 1.343085106382978407e-02 1.329787234042552942e-04 1.329787234042552942e-04 1.329787234042552942e-04 2.938829787234042284e-02 3.071808510638297449e-02 4.401595744680850825e-02 1.025265957446808290e-01 6.781914893617019789e-03 4.401595744680850825e-02 1.329787234042552942e-04 2.208776595744680327e-01 1.329787234042552942e-04 4.534574468085105642e-02 1.329787234042552942e-04 1.329787234042552942e-04 3.603723404255318452e-02
4.016064257028113165e-04 4.016064257028113165e-04 4.016064257028113165e-04 4.016064257028113165e-04 4.016064257028113165e-04 4.016064257028113165e-04 4.016064257028113165e-04 4.016064257028113165e-04 1.168674698795180850e-01 1.646586345381526040e-02 4.016064257028113165e-04 1.570281124497992231e-01 4.016064257028113165e-04 4.016064257028113165e-04 4.016064257028113165e-04 4.016064257028113165e-04 4.016064257028113165e-04 4.016064257028113165e-04 4.016064257028113165e-04 4.016064257028113165e-04 2.052208835341365889e-01 4.016064257028113165e-04 4.016064257028113165e-04 3.654618473895582947e-02 2.212851405622490164e-01 3.253012048192771566e-02 2.052208835341365889e-01 4.016064257028113165e-04 4.016064257028113165e-04 4.016064257028113165e-04
1.609137055837563113e-01 1.692047377326564867e-04 1.692047377326564867e-04 6.954314720812181105e-02 3.570219966159052238e-02 1.692047377326564867e-04 1.692047377326564867e-04 1.692047377326564867e-04 1.692047377326564867e-04 1.692047377326564867e-04 2.047377326565143207e-02 3.553299492385786438e-03 2.893401015228426118e-02 1.878172588832486764e-02 1.861252115059221354e-03 1.692047377326564867e-04 1.878172588832486764e-02 1.084602368866327965e-01 6.937394247038914871e-03 1.778341793570219487e-01 1.692047377326564867e-04 2.641285956006767521e-01 2.385786802030456441e-02 1.539763113367173877e-02 1.692047377326564867e-04 1.692047377326564867e-04 1.692047377326564867e-04 1.692047377326564867e-04 5.245346869712351305e-03 3.739424703891708335e-02
2.505643340857787241e-02 2.257336343115124019e-04 2.257336343115124019e-04 2.279909706546275061e-02 2.257336343115124019e-04 2.257336343115124019e-04 2.483069977426636665e-03 2.257336343115124019e-04 2.257336343115124019e-04 2.257336343115124019e-04 2.257336343115124019e-04 3.182844243792324473e-02 2.257336343115124019e-04 2.257336343115124019e-04 2.257336343115124019e-04 2.257336343115124019e-04 2.257336343115124019e-04 2.483069977426636665e-03 2.257336343115124019e-04 2.257336343115124019e-04 7.471783295711059703e-02 2.257336343115124019e-04 2.257336343115124019e-04 2.257336343115124019e-04 2.688487584650112172e-01 7.020316027088036037e-02 4.720090293453723662e-01 2.279909706546275061e-02 2.483069977426636665e-03 2.257336343115124019e-04
1.859296482412059817e-02 1.675041876046900980e-04 5.192629815745392931e-03 4.706867671691791766e-02 3.517587939698491734e-03 1.675041876046900980e-04 1.675041876046900980e-04 1.675041876046900980e-04 2.194304857621440230e-02 2.529313232830820296e-02 2.864321608040200709e-02 6.046901172529312030e-02 1.675041876046900980e-04 6.381909547738692789e-02 1.675041876046900980e-04 3.517587939698491734e-03 1.675041876046900980e-04 1.675041876046900980e-04 3.517587939698491734e-03 1.356783919597989718e-02 1.157453936348408347e-01 1.675041876046900980e-04 1.842546063651591187e-03 1.675041876046900980e-04 2.229480737018424974e-01 3.517587939698491734e-03 2.966499162479061535e-01 5.192629815745392931e-03 4.874371859296481452e-02 8.542713567839194458e-03
4.830917874396136228e-04 4.830917874396136228e-04 4.830917874396136228e-04 1.019323671497584793e-01 4.830917874396136228e-04 4.830917874396136228e-04 4.830917874396136228e-04 4.830917874396136228e-04 4.830917874396136228e-04 1.014492753623188505e-02 2.463768115942029102e-02 7.294685990338165005e-02 4.830917874396136228e-04 6.328502415458937824e-02 2.463768115942029102e-02 4.830917874396136228e-04 4.830917874396136228e-04 4.830917874396136228e-04 4.830917874396136228e-04 4.830917874396136228e-04 1.357487922705314376e-01 7.777777777777779289e-02 1.014492753623188505e-02 4.830917874396136228e-04 1.454106280193236955e-01 4.830917874396136228e-04 5.362318840579710644e-02 2.710144927536232151e-01 4.830917874396136228e-04 4.830917874396136228e-04
1.516666666666666337e-02 3.499999999999999639e-03 7.683333333333332293e-02 3.516666666666666552e-02 1.666666666666666340e-04 1.666666666666666340e-04 1.666666666666666340e-04 1.666666666666666340e-04 1.666666666666666340e-04 3.849999999999999256e-02 2.183333333333332960e-02 5.849999999999998951e-02 1.851666666666666183e-01 1.666666666666666340e-04 2.016666666666666261e-02 6.516666666666665053e-02 1.666666666666666340e-04 9.349999999999998590e-02 1.666666666666666340e-04 1.833333333333333082e-03 1.833333333333333082e-03 8.683333333333331794e-02 2.683333333333333057e-02 1.666666666666666340e-04 1.666666666666666340e-04 6.516666666666665053e-02 4.016666666666666302e-02 1.501666666666666150e-01 1.833333333333333082e-03 1.016666666666666413e-02
1.428571428571428137e-04 4.428571428571427548e-03 7.157142857142854975e-02 1.428571428571428137e-04 1.428571428571428137e-04 3.401428571428570247e-01 1.428571428571428137e-04 1.428571428571428137e-04 1.428571428571428137e-04 1.014285714285713923e-02 3.115714285714284437e-01 1.428571428571428137e-04 3.299999999999999462e-02 1.144285714285713795e-01 1.428571428571428137e-04 1.428571428571428137e-04 1.871428571428570761e-02 8.714285714285710874e-03 1.428571428571428137e-04 8.714285714285710874e-03 1.428571428571428137e-04 1.428571428571428137e-04 2.728571428571427773e-02 1.428571428571428137e-04 4.871428571428570303e-02 1.428571428571428137e-04 1.428571428571428137e-04 1.428571428571428137e-04 1.428571428571428137e-04 1.428571428571428137e-04
1.655629139072847139e-04 1.655629139072847139e-04 1.341059602649006047e-02 1.655629139072847139e-04 1.655629139072847139e-04 5.132450331125825750e-03 1.655629139072847139e-04 1.655629139072847139e-04 3.493377483443707576e-02 1.655629139072847139e-04 5.465231788079468744e-01 1.655629139072847139e-04 1.655629139072847139e-04 1.309602649006622044e-01 1.655629139072847139e-04 1.655629139072847139e-04 1.821192052980131907e-03 1.655629139072847139e-04 1.655629139072847139e-04 3.824503311258276722e-02 3.162251655629138430e-02 6.788079470198672347e-03 2.665562913907284018e-02 1.655629139072847139e-04 8.294701986754964007e-02 1.655629139072847139e-04 2.499999999999999098e-02 1.655629139072847139e-04 1.655629139072847139e-04 5.314569536423839613e-02
1.669449081803004733e-04 1.437395659432386952e-01 6.360601001669448362e-02 6.844741235392319025e-03 1.669449081803004733e-04 2.520868113522536924e-02 4.524207011686143254e-02 1.669449081803004733e-04 1.669449081803004733e-04 1.669449081803004733e-04 1.669449081803004733e-04 2.020033388981635689e-02 2.272120200333889173e-01 1.669449081803004733e-04 1.669449081803004733e-04 1.669449081803004733e-04 1.669449081803004733e-04 1.270450751252086563e-01 2.020033388981635689e-02 1.853088480801335161e-02 1.669449081803004733e-04 1.287145242070116546e-01 3.188647746243739034e-02 2.854757929883138326e-02 1.669449081803004733e-04 3.188647746243739034e-02 1.669449081803004733e-04 1.669449081803004733e-04 2.353923205342236397e-02 5.525876460767945725e-02
4.126394052044608796e-02 6.728624535315984312e-02 3.717472118959107199e-04 3.717472118959107199e-04 4.089219330855017702e-03 3.717472118959107199e-04 1.602230483271375183e-01 3.717472118959107199e-04 7.100371747211894902e-02 1.044609665427509160e-01 3.717472118959107199e-04 3.717472118959107199e-04 3.717472118959107199e-04 3.717472118959107199e-04 7.100371747211894902e-02 3.717472118959107199e-04 3.717472118959107199e-04 4.869888475836429975e-02 5.613382899628251155e-02 3.717472118959107199e-04 1.490706319702601867e-01 1.304832713754646711e-01 3.717472118959107199e-04 3.717472118959107199e-04 3.382899628252786922e-02 3.717472118959107199e-04 3.717472118959107199e-04 2.639405204460965743e-02 3.717472118959107199e-04 3.011152416356876679e-02
1.440677966101694407e-02 2.824858757062145907e-04 3.418079096045196358e-02 2.824858757062145907e-04 2.824858757062145907e-04 2.824858757062145907e-04 2.824858757062145907e-04 2.824858757062145907e-04 2.824858757062145907e-04 2.824858757062145907e-04 4.494350282485873871e-01 2.824858757062145907e-04 2.005649717514123437e-02 4.830508474576269973e-02 2.824858757062145907e-04 3.135593220338982190e-02 2.824858757062145907e-04 5.932203389830506893e-03 2.824858757062145907e-04 2.824858757062145907e-04 1.189265536723163458e-01 6.807909604519772617e-02 2.824858757062145907e-04 1.158192090395479719e-02 1.217514124293784944e-01 2.824858757062145907e-04 2.570621468926552813e-02 3.107344632768360877e-03 8.757062146892652041e-03 3.418079096045196358e-02
6.046213093709883191e-02 2.580231065468548829e-02 1.553273427471116297e-02 6.431322207958919956e-02 1.169448010269575899e-01 1.412066752246469558e-03 1.283697047496790557e-04 1.283697047496790557e-04 3.979460847240050454e-03 1.412066752246469558e-03 1.283697047496790557e-04 1.283697047496790557e-04 2.066752246469832563e-02 1.810012836970474256e-02 1.283697047496790557e-04 1.283697047496790557e-04 1.283697047496790557e-04 1.283697047496790557e-04 8.870346598202820398e-02 5.917843388960204037e-02 4.762516046213092352e-02 2.414634146341462506e-01 1.296534017971758164e-02 3.093709884467265095e-02 1.283697047496790557e-04 1.412066752246469558e-03 1.681643132220795450e-02 8.228498074454425326e-02 4.377406931964055586e-02 4.505776636713734740e-02
1.354679802955664975e-03 1.231527093596059019e-04 1.231527093596059019e-04 1.231527093596059019e-04 1.354679802955664975e-03 3.817733990147783012e-03 1.859605911330048864e-02 1.231527093596059019e-04 1.231527093596059019e-04 1.231527093596059019e-04 2.698275862068965081e-01 1.231527093596059019e-04 1.231527093596059019e-04 9.987684729064037759e-02 5.431034482758620441e-02 1.982758620689654971e-02 1.231527093596059019e-04 2.586206896551724102e-03 4.445812807881772966e-02 1.231527093596059019e-04 7.278325123152708243e-02 9.975369458128076697e-03 1.231527093596059019e-04 9.618226600985219088e-02 1.589901477832512122e-01 1.231527093596059019e-04 3.337438423645319729e-02 1.231527093596059019e-04 1.231527093596059019e-04 1.109605911330049099e-01
1.165206508135168684e-01 1.251564455569461752e-04 1.251564455569461752e-04 8.898623279098871741e-02 1.251564455569461752e-04 1.251564455569461752e-04 1.251564455569461752e-04 1.251564455569461752e-04 8.886107634543177411e-03 1.251564455569461752e-04 1.251564455569461752e-04 1.889862327909886883e-02 3.266583229036294778e-02 2.265331664580725810e-02 1.639549436795994727e-02 1.828535669586983381e-01 1.251564455569461752e-04 8.886107634543177411e-03 1.251564455569461752e-04 3.642052565707133704e-02 6.145181476846056645e-02 8.773466833541924970e-02 6.020025031289110568e-02 5.394242803504380179e-02 1.251564455569461752e-04 1.251564455569461752e-04 1.251564455569461752e-04 6.770963704630787727e-02 1.190237797246557899e-01 1.514392991239048476e-02
4.651162790697675221e-04 4.651162790697675221e-04 4.651162790697675221e-04 4.651162790697675221e-04 4.651162790697675221e-04 4.651162790697675221e-04 5.116279069767443177e-03 4.651162790697675221e-04 4.651162790697675221e-04 4.651162790697675221e-04 9.813953488372094414e-02 4.651162790697675221e-04 4.651162790697675221e-04 9.767441860465117531e-03 4.651162790697675221e-04 4.651162790697675221e-04 4.651162790697675221e-04 4.651162790697675221e-04 1.260465116279070041e-01 2.372093023255814059e-02 1.818604651162790964e-01 4.651162790697675221e-04 5.116279069767443177e-03 4.232558139534883801e-02 2.702325581395349507e-01 4.651162790697675221e-04 8.418604651162792107e-02 4.651162790697675221e-04 1.441860465116279362e-02 1.306976744186046646e-01
1.499250374812593600e-04 1.499250374812593600e-04 1.499250374812593600e-04 1.064467766116941258e-02 2.413793103448275829e-02 4.647676161919039699e-03 1.514242878560719333e-02 1.649175412293852824e-03 6.146926536731632702e-03 5.862068965517240604e-02 8.860569715142427305e-02 4.062968515742128306e-02 1.499250374812593600e-04 2.655172413793102648e-01 1.499250374812593600e-04 1.499250374812593600e-04 1.499250374812593600e-04 1.499250374812593600e-04 1.499250374812593600e-04 1.499250374812593600e-04 6.461769115442278499e-02 6.161919040479759552e-02 3.163418290854572157e-02 7.646176911544225706e-03 1.410794602698650368e-01 2.113943028485756881e-02 5.712143928035981477e-02 9.760119940029982066e-02 1.499250374812593600e-04 1.499250374812593600e-04
1.479289940828402115e-04 1.479289940828402115e-04 1.983727810650887102e-01 1.362426035502958266e-01 1.479289940828402115e-04 5.784023668639052401e-02 1.479289940828402115e-04 1.479289940828402115e-04 1.479289940828402115e-04 1.479289940828402115e-04 1.479289940828402115e-04 2.279585798816567699e-01 4.896449704142011305e-02 1.479289940828402115e-04 2.529585798816567921e-02 1.479289940828402115e-04 1.479289940828402115e-04 1.479289940828402115e-04 8.742603550295856285e-02 1.479289940828402115e-04 1.479289940828402115e-04 7.544378698224850355e-03 1.096153846153845868e-01 8.446745562130175689e-02 1.479289940828402115e-04 1.346153846153845882e-02 1.479289940828402115e-04 1.479289940828402115e-04 1.479289940828402115e-04 1.479289940828402115e-04
3.673780487804877842e-02 3.216463414634145729e-02 2.911585365853658347e-02 1.524390243902438752e-04 1.234756097560975319e-02 1.524390243902438752e-04 1.524390243902438752e-04 1.524390243902438752e-04 3.368902439024389767e-02 5.350609756097560177e-02 2.013719512195121519e-01 1.524390243902438752e-04 1.524390243902438752e-04 1.038109756097560649e-01 1.524390243902438752e-04 1.524390243902438752e-04 1.524390243902438752e-04 1.676829268292682681e-03 1.524390243902438752e-04 1.524390243902438752e-04 1.007621951219511980e-01 2.301829268292682543e-02 1.524390243902438752e-04 1.524390243902438752e-04 2.227134146341462895e-01 1.676829268292682681e-03 9.009146341463412921e-02 1.524390243902438752e-04 1.524390243902438752e-04 5.503048780487804215e-02
1.197604790419161392e-04 3.712574850299400504e-03 1.126946107784430745e-01 1.197604790419161392e-04 1.197604790419161392e-04 3.067065868263472717e-01 1.089820359281436744e-02 9.700598802395207082e-03 2.646706586826346602e-02 1.197604790419161392e-04 1.197604790419161392e-04 1.197604790419161392e-04 7.916167664670656356e-02 8.994011976047901202e-02 1.317365269461077612e-03 1.197604790419161392e-04 2.646706586826346602e-02 1.197604790419161392e-04 3.005988023952095231e-02 9.700598802395207082e-03 4.562874251497005262e-02 1.197604790419161392e-04 7.437125748502991518e-02 1.197604790419161392e-04 7.796407185628739800e-02 1.197604790419161392e-04 1.197604790419161392e-04 1.197604790419161392e-04 1.197604790419161392e-04 9.353293413173649484e-02
2.591006423982868817e-02 2.355460385438971731e-03 2.141327623126337962e-04 2.141327623126337962e-04 4.089935760171305862e-02 2.141327623126337962e-04 2.141327623126337962e-04 2.141327623126337962e-04 5.374732334047108151e-02 1.329764453961455872e-01 6.638115631691647762e-03 1.520342612419699722e-02 4.496788008565309747e-03 5.588865096359742213e-02 2.141327623126337962e-04 1.158458244111348762e-01 6.638115631691647762e-03 2.141327623126337962e-04 2.141327623126337962e-04 5.160599571734474089e-02 1.372591006423982407e-01 2.141327623126337962e-04 2.141327623126337962e-04 2.141327623126337962e-04 6.017130620985009642e-02 6.445396145610277072e-02 7.301927194860811932e-02 1.501070663811562567e-01 2.141327623126337962e-04 2.141327623126337962e-04
1.150747986191024113e-04 1.150747986191024113e-04 1.277330264672036676e-02 2.416570771001150340e-03 1.082853855005753568e-01 1.150747986191024113e-04 5.868814729574222191e-03 1.150747986191024113e-04 1.737629459148446257e-02 1.174913693901035450e-01 1.150747986191024113e-04 1.150747986191024113e-04 1.150747986191024113e-04 1.150747986191024113e-04 1.150747986191024113e-04 1.150747986191024113e-04 1.150747986191024113e-04 1.150747986191024113e-04 2.197928653624856010e-02 1.150747986191024113e-04 9.792865362485614344e-02 1.150747986191024113e-04 5.868814729574222191e-03 1.150747986191024113e-04 2.658227848101265764e-02 1.382048331415419717e-01 4.039125431530494331e-02 4.005753739930955071e-01 2.416570771001150340e-03 1.150747986191024113e-04
1.397849462365591093e-02 1.599078341013824567e-01 1.689708141321044329e-03 2.780337941628263990e-02 1.536098310291858407e-04 1.689708141321044329e-03 1.689708141321044329e-03 1.536098310291858407e-04 1.397849462365591093e-02 1.168970814132104102e-01 1.536098310291858407e-04 1.536098310291858407e-04 4.316436251920122147e-02 4.761904761904761467e-03 1.536098310291858407e-04 8.617511520737325403e-02 1.090629800307219358e-02 2.428571428571427993e-01 4.761904761904761467e-03 7.081413210445466899e-02 1.536098310291858407e-04 9.231950844854069915e-02 1.397849462365591093e-02 2.012288786482334391e-02 3.087557603686635552e-02 3.548387096774192895e-02 1.536098310291858407e-04 4.761904761904761467e-03 1.536098310291858407e-04 1.536098310291858407e-04
1.059701492537313237e-02 1.492537313432835565e-04 1.180597014925372917e-01 1.492537313432835565e-04 1.641791044776119311e-03 4.194029850746268384e-02 1.641791044776119311e-03 3.149253731343282930e-02 1.805970149253731047e-02 1.492537313432835565e-04 1.492537313432835565e-04 1.492537313432835565e-04 1.389552238805969731e-01 1.492537313432835565e-04 1.492537313432835565e-04 1.492537313432835565e-04 4.791044776119402632e-02 5.089552238805969409e-02 1.492537313432835565e-04 1.492537313432835565e-04 8.223880597014923688e-02 6.582089552238805374e-02 1.955223880597014435e-02 1.492537313432835565e-04 1.507462686567163923e-02 4.194029850746268384e-02 1.492537313432835565e-04 6.119402985074625517e-03 1.492537313432835565e-04 3.061194029850745624e-01
2.421307506053268230e-04 2.421307506053268230e-04 2.203389830508473840e-02 2.687651331719127443e-02 2.421307506053268230e-04 2.203389830508473840e-02 2.421307506053268230e-04 2.421307506053268230e-04 2.929782082324454417e-02 1.234866828087166635e-02 3.924939467312347219e-01 2.421307506053268230e-04 4.382566585956415572e-02 1.842615012106536831e-01 2.421307506053268230e-04 2.421307506053268230e-04 2.421307506053268230e-04 2.421307506053268230e-04 2.421307506053268230e-04 2.663438256658595162e-03 5.084745762711863175e-03 2.421307506053268230e-04 9.225181598062952293e-02 5.084745762711863175e-03 6.561743341404356611e-02 2.421307506053268230e-04 2.421307506053268230e-04 2.421307506053268230e-04 2.421307506053268230e-04 9.225181598062952293e-02
5.835240274599542108e-03 6.876430205949657370e-02 2.402745995423340945e-03 1.144164759725400514e-04 1.144164759725400514e-04 1.258581235697940701e-03 3.546910755148741622e-03 1.144164759725400514e-04 1.270022883295194444e-02 2.083524027459954242e-01 1.144164759725400514e-04 1.431350114416475861e-01 2.185354691075514985e-02 1.144164759725400514e-04 2.402745995423340945e-03 1.144164759725400514e-04 1.144164759725400514e-04 1.144164759725400514e-04 2.986270022883295502e-02 4.244851258581235770e-02 1.144164759725400514e-04 6.990846681922197048e-02 4.588100686498856190e-02 2.140732265446224081e-01 1.144164759725400514e-04 1.270022883295194444e-02 2.185354691075514985e-02 2.299771167048055009e-02 6.418764302059497273e-02 4.691075514874141865e-03
1.314060446780551553e-04 1.314060446780551553e-04 1.195795006570301786e-02 1.327201051248357022e-02 1.314060446780551553e-04 4.875164257555845981e-02 1.445466491458606735e-03 3.035479632063074057e-02 2.641261498028908694e-02 2.904073587385019167e-02 3.654402102496713822e-01 1.314060446780551553e-04 2.378449408672798568e-02 1.604467805519053381e-01 1.314060446780551553e-04 1.314060446780551553e-04 2.759526938239158234e-03 9.329829172141914859e-03 1.314060446780551553e-04 3.298291721419184530e-02 7.371879106438894436e-02 1.314060446780551553e-04 5.006570302233901565e-02 1.314060446780551553e-04 4.875164257555845981e-02 3.166885676741129640e-02 8.015768725361364228e-03 2.759526938239158234e-03 1.314060446780551553e-04 2.772667542706963931e-02
4.080717488789238623e-02 4.484304932735427135e-04 4.484304932735427135e-04 1.838565022421525044e-02 4.484304932735427135e-04 4.484304932735427135e-04 4.484304932735427135e-04 4.484304932735427135e-04 4.484304932735427135e-04 3.183856502242152914e-02 9.013452914798208981e-02 4.484304932735427135e-04 4.484304932735427135e-04 2.560538116591928870e-01 4.484304932735427135e-04 4.484304932735427135e-04 4.484304932735427135e-04 4.484304932735427135e-04 3.183856502242152914e-02 2.291479820627803365e-01 8.565022421524666474e-02 4.484304932735427135e-04 4.484304932735427135e-04 5.874439461883409347e-02 2.735426008968610406e-02 1.390134529147982537e-02 8.116591928251123966e-02 2.735426008968610406e-02 4.484304932735427135e-04 4.484304932735427135e-04
9.496676163342830754e-05 2.573599240265907195e-02 9.496676163342830754e-05 1.044634377967711397e-03 9.496676163342830754e-05 9.496676163342830754e-05 9.496676163342830754e-05 3.011396011396011430e-01 1.074074074074073959e-01 1.586894586894586900e-01 9.496676163342830754e-05 1.718898385565052409e-02 5.042735042735042861e-02 9.496676163342830754e-05 9.496676163342830754e-05 1.908831908831909105e-02 9.496676163342830754e-05 1.244064577397910668e-02 9.496676163342830754e-05 1.994301994301994445e-03 9.496676163342830754e-05 4.377967711301044423e-02 2.953466286799620241e-02 1.596391263057929666e-01 1.044634377967711397e-03 2.383665716999050499e-02 9.591642924976257964e-03 9.496676163342830754e-05 3.618233618233618332e-02 9.496676163342830754e-05
1.715328467153284797e-02 1.216545012165450181e-04 1.327250608272506072e-01 5.000000000000000278e-02 1.120437956204379526e-01 5.121654501216545141e-02 1.216545012165450181e-04 1.216545012165450181e-04 4.987834549878345132e-03 1.216545012165450181e-04 1.216545012165450181e-04 2.190997566909975713e-01 3.540145985401459833e-02 1.107055961070559612e-02 1.715328467153284797e-02 1.216545012165450181e-04 5.364963503649634868e-02 1.715328467153284797e-02 5.243309002433090005e-02 1.216545012165450181e-04 1.216545012165450181e-04 5.000000000000000278e-02 9.744525547445254121e-02 1.216545012165450181e-04 1.216545012165450181e-04 1.216545012165450181e-04 1.216545012165450181e-04 4.878345498783455414e-02 2.566909975669099883e-02 2.554744525547445258e-03
2.040133779264213104e-02 3.344481605351169316e-04 3.344481605351169316e-04 3.344481605351169316e-04 3.344481605351169316e-04 1.371237458193979263e-02 2.040133779264213104e-02 3.344481605351169316e-04 2.374581939799329938e-02 3.344481605351169316e-04 6.387959866220734029e-02 3.344481605351169316e-04 3.344481605351169316e-04 6.424749163879596159e-01 7.023411371237455944e-03 3.678929765886286736e-03 3.344481605351169316e-04 3.344481605351169316e-04 3.344481605351169316e-04 8.394648829431435033e-02 3.344481605351169316e-04 3.344481605351169316e-04 3.377926421404681134e-02 3.344481605351169316e-04 1.371237458193979263e-02 3.344481605351169316e-04 3.344481605351169316e-04 6.722408026755850863e-02 3.344481605351169316e-04 3.344481605351169316e-04
3.003003003003002326e-04 3.003003003003002326e-04 3.003003003003002326e-04 1.831831831831830931e-02 3.003003003003002326e-04 3.003003003003002326e-04 3.003003003003002326e-04 5.978978978978977121e-01 9.039039039039035994e-02 1.144144144144143838e-01 3.003003003003002326e-04 3.003003003003002326e-04 3.003003003003002326e-04 3.003003003003002326e-04 3.003003003003002326e-04 3.003003003003002326e-04 3.003003003003002326e-04 1.231231231231230683e-02 1.231231231231230683e-02 3.003003003003002326e-04 3.033033033033031775e-02 2.432432432432431527e-02 2.132132132132131402e-02 5.735735735735734281e-02 3.303303303303302234e-03 3.003003003003002326e-04 3.003003003003002326e-04 3.003003003003002326e-04 3.003003003003002326e-04 1.231231231231230683e-02
2.000896860986547399e-01 2.878923766816144161e-02 8.968609865470854271e-05 8.977578475336324415e-02 8.968609865470854271e-05 8.968609865470854271e-05 8.968609865470854271e-05 4.573991031390134757e-03 1.174887892376681904e-02 3.237668161434978376e-02 4.941704035874440459e-02 8.968609865470854271e-05 8.968609865470854271e-05 3.417040358744395656e-02 9.955156950672647970e-03 3.677130044843049655e-03 8.968609865470854271e-05 1.077130044843049445e-01 1.443946188340807651e-02 9.156950672645741696e-02 8.968609865470854271e-05 1.211659192825112336e-01 8.968609865470854271e-05 3.677130044843049655e-03 6.286995515695067982e-02 1.802690582959641866e-02 5.659192825112108888e-02 4.134529147982064085e-02 8.161434977578476899e-03 9.058295964125561567e-03
6.382978723404253256e-03 3.039513677811549273e-04 3.039513677811549273e-04 3.039513677811549273e-04 3.039513677811549273e-04 3.039513677811549273e-04 3.039513677811549273e-04 3.039513677811549273e-04 9.148936170212763896e-02 3.039513677811549273e-04 1.310030395136777825e-01 3.039513677811549273e-04 3.039513677811549273e-04 1.978723404255318397e-01 6.382978723404253256e-03 3.039513677811549273e-04 3.677811550151974251e-02 3.039513677811549273e-04 3.039513677811549273e-04 1.613981762917932605e-01 2.221884498480242165e-01 9.422492401215802962e-03 3.039513677811549273e-04 3.039513677811549273e-04 5.805471124620058959e-02 3.039513677811549273e-04 3.677811550151974251e-02 3.039513677811549273e-04 6.382978723404253256e-03 3.069908814589664484e-02
1.808318264014466270e-04 1.808318264014466270e-04 1.303797468354430111e-01 1.989150090415912897e-03 1.808318264014466270e-04 1.032549728752260171e-01 2.188065099457503840e-02 1.808318264014466270e-04 1.808318264014466270e-04 1.808318264014466270e-04 9.240506329113921946e-02 1.808318264014466270e-04 6.166365280289329981e-02 1.611211573236889238e-01 1.808318264014466270e-04 1.808318264014466270e-04 1.808318264014466270e-04 9.222423146473776243e-03 1.808318264014466270e-04 4.719710669077756965e-02 1.808318264014466270e-04 1.464737793851717505e-02 2.714285714285713524e-01 1.808318264014466270e-04 1.808318264014466270e-04 2.730560578661843721e-02 1.808318264014466270e-04 5.081374321880650219e-02 1.808318264014466270e-04 3.797468354430379167e-03
2.669616519174040914e-02 1.474926253687315343e-04 1.474926253687315343e-04 1.474926253687315343e-04 1.474926253687315343e-04 1.474926253687315343e-04 1.474926253687315343e-04 1.474926253687315343e-04 9.159292035398228227e-02 8.716814159292034236e-02 1.474926253687315343e-04 1.622418879056046958e-03 2.374631268436578138e-02 3.097345132743362355e-03 3.097345132743362355e-03 1.474926253687315343e-04 1.474926253687315343e-04 1.474926253687315343e-04 1.474926253687315343e-04 3.039823008849557029e-01 1.137168141592920095e-01 2.522123893805309353e-02 1.474926253687315343e-04 3.097345132743362355e-03 1.314159292035397830e-01 1.474926253687315343e-04 1.830383480825958364e-01 1.474926253687315343e-04 1.474926253687315343e-04 1.474926253687315343e-04
4.716981132075471735e-04 4.716981132075471735e-04 4.716981132075471735e-04 4.716981132075471735e-04 4.716981132075471735e-04 4.716981132075471735e-04 4.716981132075471735e-04 4.716981132075471735e-04 1.278301886792452824e-01 1.702830188679245460e-01 4.716981132075471735e-04 1.702830188679245460e-01 4.716981132075471735e-04 4.716981132075471735e-04 4.716981132075471735e-04 4.716981132075471735e-04 5.188679245283019451e-03 4.716981132075471735e-04 5.188679245283019451e-03 4.716981132075471735e-04 1.089622641509433998e-01 3.820754716981131921e-02 4.716981132075471735e-04 4.716981132075471735e-04 2.599056603773585161e-01 4.716981132075471735e-04 1.042452830188679291e-01 4.716981132075471735e-04 4.716981132075471735e-04 4.716981132075471735e-04
1.587301587301587029e-04 3.333333333333332680e-03 1.587301587301587029e-04 8.428571428571426938e-02 1.587301587301587029e-04 1.587301587301587029e-04 1.587301587301587029e-04 1.587301587301587029e-04 1.444444444444444205e-02 1.746031746031745813e-03 8.269841269841268772e-02 3.031746031746031592e-02 1.587301587301587029e-04 1.826984126984126655e-01 1.414285714285714035e-01 1.587301587301587029e-04 1.587301587301587029e-04 1.587301587301587029e-04 1.587301587301587029e-04 5.888888888888887951e-02 1.826984126984126655e-01 2.555555555555555358e-02 2.555555555555555358e-02 1.746031746031745813e-03 3.031746031746031592e-02 1.587301587301587029e-04 4.142857142857142572e-02 8.904761904761902824e-02 1.587301587301587029e-04 1.746031746031745813e-03
6.895910780669144147e-02 1.858736059479553599e-04 2.044609665427508851e-03 7.081784386617098748e-02 1.858736059479553599e-04 2.044609665427508851e-03 1.319702602230482871e-02 1.858736059479553599e-04 2.620817843866170282e-02 6.152416356877322273e-02 1.858736059479553599e-04 1.858736059479553599e-04 1.858736059479553599e-04 1.858736059479553599e-04 1.858736059479553599e-04 1.858736059479553599e-04 1.858736059479553599e-04 1.319702602230482871e-02 3.903345724907062667e-03 2.659851301115240818e-01 1.005576208178438485e-01 5.223048327137545799e-02 1.858736059479553599e-04 1.858736059479553599e-04 9.684014869888474264e-02 7.620817843866168999e-03 1.953531598513010559e-01 1.858736059479553599e-04 1.858736059479553599e-04 1.691449814126393461e-02
1.492537313432835294e-04 1.492537313432835294e-04 1.492537313432835294e-04 1.492537313432835294e-04 1.492537313432835294e-04 3.479104477611938973e-01 1.492537313432835294e-04 1.492537313432835294e-04 1.641791044776118877e-03 1.492537313432835294e-04 2.762686567164178153e-01 1.492537313432835294e-04 4.044776119402983955e-02 2.701492537313432071e-02 1.492537313432835294e-04 1.492537313432835294e-04 1.492537313432835294e-04 1.641791044776118877e-03 1.492537313432835294e-04 1.492537313432835294e-04 1.492537313432835294e-04 2.701492537313432071e-02 1.598507462686566405e-01 1.492537313432835294e-04 5.238805970149252450e-02 1.492537313432835294e-04 5.238805970149252450e-02 1.492537313432835294e-04 1.059701492537313064e-02 1.492537313432835294e-04
1.150568181818181594e-02 1.420454545454545386e-04 1.420454545454545386e-04 1.420454545454545386e-04 5.823863636363634834e-03 4.133522727272726655e-02 1.420454545454545386e-04 1.420454545454545386e-04 1.420454545454545386e-04 2.428977272727272582e-02 2.245738636363635854e-01 1.420454545454545386e-04 1.420454545454545386e-04 2.061079545454544970e-01 1.576704545454545026e-02 1.420454545454545386e-04 1.420454545454545386e-04 1.420454545454545386e-04 1.420454545454545386e-04 1.420454545454545386e-04 1.066761363636363341e-01 3.565340909090908977e-02 1.576704545454545026e-02 1.420454545454545386e-04 5.696022727272726655e-02 3.849431818181817816e-02 1.038352272727272457e-01 5.838068181818181074e-02 5.269886363636362703e-02 1.420454545454545386e-04
2.291666666666666245e-03 2.083333333333332925e-04 2.083333333333332925e-04 4.604166666666666130e-02 2.312499999999999278e-02 1.479166666666666304e-02 2.083333333333332925e-04 2.083333333333332925e-04 2.083333333333332925e-04 2.937499999999999140e-02 2.083333333333332925e-04 6.895833333333331594e-02 4.395833333333332843e-02 1.085416666666666474e-01 2.937499999999999140e-02 2.104166666666665991e-02 2.083333333333332925e-04 1.189583333333333048e-01 2.291666666666666245e-03 2.083333333333332925e-04 2.083333333333332925e-04 1.022916666666666419e-01 8.145833333333331316e-02 2.083333333333332925e-04 1.522916666666666308e-01 2.312499999999999278e-02 1.252083333333333104e-01 4.374999999999999549e-03 2.083333333333332925e-04 2.083333333333332925e-04
1.964285714285714246e-02 1.623376623376623375e-04 1.349025974025973851e-01 1.754870129870129691e-01 1.623376623376623375e-04 8.279220779220778509e-03 1.623376623376623375e-04 1.623376623376623375e-04 1.623376623376623375e-04 1.623376623376623375e-04 9.902597402597402426e-03 1.623376623376623375e-04 6.347402597402597435e-02 6.655844155844155459e-03 1.623376623376623375e-04 1.623376623376623375e-04 9.902597402597402426e-03 1.576298701298701199e-01 2.775974025974026205e-02 6.672077922077922219e-02 1.785714285714285875e-03 1.008116883116883106e-01 4.237012987012987036e-02 3.409090909090909359e-03 1.623376623376623375e-04 3.409090909090909359e-03 2.126623376623376638e-02 1.785714285714285875e-03 1.623376623376623375e-04 1.430194805194805185e-01
1.365935919055648838e-02 1.957841483979763375e-01 1.534569983136593180e-02 1.686340640809443254e-04 1.686340640809443254e-04 1.686340640809443254e-04 7.436762225969645312e-02 6.593591905564923084e-02 3.541315345699830915e-03 1.686340640809443254e-04 1.686340640809443254e-04 1.686340640809443254e-04 1.839797639123102457e-01 2.040472175379426031e-02 3.541315345699830915e-03 1.686340640809443254e-04 1.686340640809443254e-04 1.367622259696458231e-01 1.686340640809443254e-04 1.854974704890387715e-03 1.686340640809443254e-04 1.013490725126475339e-01 1.854974704890387715e-03 6.913996627318716448e-03 1.686340640809443254e-04 8.600337268128159865e-03 3.052276559865092428e-02 1.703204047217537695e-02 1.686340640809443254e-04 1.165261382799325091e-01
1.560283687943262235e-03 1.418439716312056454e-04 1.418439716312056454e-04 1.858156028368793816e-02 1.560283687943262235e-03 1.418439716312056454e-04 1.432624113475177048e-02 1.418439716312056454e-04 2.709219858156028046e-02 7.531914893617019935e-02 1.418439716312056454e-04 1.560283687943262235e-03 8.652482269503544016e-03 9.234042553191487701e-02 2.994326241134750988e-01 1.148936170212765638e-02 1.418439716312056454e-04 1.418439716312056454e-04 2.851063829787233925e-02 1.858156028368793816e-02 1.150354609929077759e-01 3.134751773049645335e-02 3.418439716312056398e-02 1.418439716312056454e-04 2.992907801418439456e-02 4.553191489361701344e-02 2.567375886524822515e-02 1.178723404255318935e-01 1.418439716312056454e-04 1.418439716312056454e-04
7.296650717703349019e-03 9.342105263157894635e-02 2.643540669856459663e-02 2.045454545454545789e-02 1.315789473684210713e-03 1.340909090909090939e-01 1.196172248803827786e-04 8.492822966507176941e-03 1.196172248803827786e-04 1.196172248803827786e-04 1.925837320574162737e-02 1.196172248803827786e-04 1.221291866028708095e-01 3.002392344497607779e-02 1.196172248803827786e-04 1.196172248803827786e-04 1.196172248803827786e-04 5.633971291866028686e-02 1.196172248803827786e-04 2.511961722488038201e-03 1.196172248803827786e-04 3.600478468899522000e-02 3.361244019138755895e-02 1.388755980861244022e-01 2.404306220095693905e-02 7.547846889952153360e-02 1.196172248803827786e-04 2.511961722488038201e-03 1.196172248803827786e-04 1.663875598086124452e-01
9.348837209302328366e-02 4.651162790697675764e-04 4.651162790697675764e-04 1.539534883720930780e-01 4.232558139534884495e-02 1.441860465116279535e-02 4.651162790697675764e-04 1.906976744186046971e-02 9.767441860465119266e-03 4.651162790697675764e-04 1.906976744186046971e-02 3.767441860465117059e-02 2.837209302325581842e-02 3.772093023255814748e-01 4.651162790697675764e-04 4.651162790697675764e-04 4.651162790697675764e-04 4.651162790697675764e-04 9.813953488372095801e-02 4.651162790697675764e-04 4.651162790697675764e-04 4.651162790697675764e-04 4.651162790697675764e-04 5.116279069767444045e-03 4.651162790697675764e-04 4.651162790697675764e-04 2.837209302325581842e-02 1.441860465116279535e-02 4.651162790697675764e-04 5.162790697674420060e-02
6.097560975609757176e-04 6.097560975609757176e-04 4.329268292682927205e-02 6.158536585365854271e-02 4.329268292682927205e-02 6.097560975609757176e-04 6.097560975609757176e-04 6.097560975609757176e-04 6.097560975609757176e-04 6.097560975609757176e-04 6.097560975609757176e-04 6.097560975609757176e-04 6.097560975609757176e-04 6.097560975609757176e-04 6.097560975609757176e-04 1.890243902439024681e-02 6.707317073170733328e-03 6.097560975609757176e-04 9.817073170731710485e-02 6.707317073170733328e-03 1.530487804878049030e-01 5.548780487804878814e-02 6.097560975609757176e-04 6.097560975609757176e-04 6.707317073170733328e-03 2.810975609756098392e-01 6.097560975609757176e-04 6.097560975609757176e-04 6.097560975609757176e-04 2.140243902439024903e-01
1.400560224089636029e-04 1.400560224089636029e-04 2.535014005602241258e-02 6.456582633053221942e-02 1.400560224089636029e-04 7.142857142857142634e-03 1.400560224089636029e-04 1.400560224089636029e-04 2.941176470588235253e-03 2.955182072829131909e-02 1.233893557422969106e-01 1.400560224089636029e-04 1.414565826330532218e-02 2.872549019607842924e-01 1.471988795518207327e-01 1.400560224089636029e-04 2.941176470588235253e-03 1.400560224089636029e-04 1.400560224089636029e-04 1.400560224089636029e-04 6.876750700280112594e-02 8.543417366946777849e-03 5.756302521008403728e-02 1.400560224089636029e-04 5.056022408963585513e-02 1.400560224089636029e-04 5.896358543417366815e-02 4.775910364145658643e-02 1.540616246498599604e-03 1.400560224089636029e-04
3.112676056338027977e-02 1.408450704225351917e-04 1.408450704225351917e-04 2.957746478873239052e-03 1.408450704225351917e-04 1.408450704225351917e-04 1.408450704225351917e-04 1.408450704225351917e-04 4.366197183098590590e-03 4.366197183098590590e-03 1.140845070422535044e-02 1.408450704225351917e-04 1.408450704225351917e-04 7.338028169014083890e-02 7.901408450704223985e-02 1.408450704225351917e-04 1.408450704225351917e-04 5.774647887323942561e-03 6.633802816901407384e-02 2.126760563380281424e-02 2.690140845070422213e-02 1.408450704225351917e-04 2.549295774647887189e-02 3.535211267605633395e-02 2.649295774647886792e-01 1.549295774647887298e-03 3.184507042253520437e-01 1.408450704225351917e-04 1.408450704225351917e-04 2.549295774647887189e-02
1.121076233183856377e-04 1.121076233183856377e-04 1.121076233183856377e-04 1.121076233183856377e-04 2.119955156950672215e-01 1.121076233183856377e-04 2.926008968609865313e-02 1.121076233183856377e-04 2.365470852017937178e-02 3.475336322869954607e-03 1.121076233183856377e-04 1.121076233183856377e-04 1.020179372197309309e-02 2.589686098654708432e-02 1.121076233183856377e-04 2.198430493273542119e-01 1.121076233183856377e-04 2.029147982062780298e-02 1.121076233183856377e-04 3.038116591928250940e-02 2.477578475336322805e-02 8.195067264573989430e-02 2.701793721973094059e-02 5.056053811659192571e-02 1.121076233183856377e-04 5.728699551569506332e-02 1.121076233183856377e-04 1.615470852017936998e-01 1.121076233183856377e-04 2.029147982062780298e-02
