3.164556962025315431e-04 3.164556962025315431e-04 3.164556962025315431e-04 8.259493670886072780e-02 3.164556962025315431e-04 8.892405063291136669e-02 3.164556962025315431e-04 3.164556962025315431e-04 3.164556962025315431e-04 3.164556962025315431e-04 3.164556962025315431e-04 3.164556962025315431e-04 3.164556962025315431e-04 3.164556962025315431e-04 3.164556962025315431e-04 3.164556962025315431e-04 3.164556962025315431e-04 3.164556962025315431e-04 3.164556962025315431e-04 6.645569620253162675e-03 3.164556962025315431e-04 3.164556962025315431e-04 1.079113924050632556e-01 6.743670886075946447e-01 2.879746835443036668e-02 3.164556962025315431e-04 3.164556962025315431e-04 3.481012658227847136e-03 3.164556962025315431e-04 3.164556962025315431e-04
7.526881720430104485e-03 3.584229390681002497e-04 3.584229390681002497e-04 5.053763440860212924e-02 3.942652329749102638e-03 2.186379928315411100e-02 6.845878136200714281e-02 5.412186379928313196e-02 3.584229390681002497e-04 2.369175627240142079e-01 3.584229390681002497e-04 3.584229390681002497e-04 3.584229390681002497e-04 3.584229390681002497e-04 3.731182795698922972e-01 3.584229390681002497e-04 3.584229390681002497e-04 3.584229390681002497e-04 3.584229390681002497e-04 2.186379928315411100e-02 3.584229390681002497e-04 1.111111111111110633e-02 1.114695340501791754e-01 1.111111111111110633e-02 7.526881720430104485e-03 1.469534050179210731e-02 3.584229390681002497e-04 3.584229390681002497e-04 3.584229390681002497e-04 3.584229390681002497e-04
4.219409282700422020e-04 8.059071729957806296e-02 4.219409282700422020e-04 1.607594936708860722e-01 1.354430379746835444e-01 4.219409282700422020e-04 4.683544303797468333e-02 1.396624472573839704e-01 4.219409282700422020e-04 4.641350210970464872e-03 4.219409282700422020e-04 4.219409282700422020e-04 8.860759493670886458e-03 4.219409282700422020e-04 7.215189873417722499e-02 4.219409282700422020e-04 4.219409282700422020e-04 4.219409282700422020e-04 4.219409282700422020e-04 4.219409282700422020e-04 4.219409282700422020e-04 1.185654008438818685e-01 1.101265822784810167e-01 4.219409282700422020e-04 4.219409282700422020e-04 4.219409282700422020e-04 4.261603375527425741e-02 7.215189873417722499e-02 4.219409282700422020e-04 4.219409282700422020e-04
1.510574018126887945e-04 3.172205438066465037e-03 1.510574018126887945e-04 5.755287009063443648e-02 3.187311178247733551e-02 5.906344410876131906e-02 1.510574018126887945e-04 1.827794561933534373e-02 1.661631419939576821e-03 1.510574018126887945e-04 1.510574018126887945e-04 1.510574018126887945e-04 1.676737160120845421e-02 1.510574018126887945e-04 2.734138972809667389e-02 4.682779456193352820e-03 1.978851963746223325e-02 2.280966767371600881e-02 1.510574018126887945e-04 5.302114803625376793e-02 1.510574018126887945e-04 6.193353474320239735e-03 1.557401812688821441e-01 1.510574018126887945e-04 1.510574018126887945e-04 4.697885196374621680e-02 1.510574018126887945e-04 3.036253776435044946e-02 4.321752265861026898e-01 1.072507552870090482e-02
3.650234741784037090e-02 1.173708920187793128e-04 1.173708920187793128e-04 1.291079812206572495e-03 3.780516431924881848e-01 9.507042253521124503e-03 1.173708920187793128e-04 1.173708920187793128e-04 1.173708920187793128e-04 1.173708920187793128e-04 1.173708920187793128e-04 1.173708920187793128e-04 6.467136150234739644e-02 2.593896713615023025e-02 1.173708920187793128e-04 1.173708920187793128e-04 5.985915492957744576e-03 2.476525821596243723e-02 1.654929577464788262e-02 4.119718309859154298e-02 9.284037558685442892e-02 7.159624413145537596e-03 2.442488262910797459e-01 1.173708920187793128e-04 1.173708920187793128e-04 1.420187793427229658e-02 1.173708920187793128e-04 1.173708920187793128e-04 1.654929577464788262e-02 1.889671361502347213e-02
2.309468822170900927e-04 1.177829099307159226e-02 2.309468822170900927e-04 2.309468822170900927e-04 7.644341801385681756e-02 3.718244803695150424e-02 2.309468822170900927e-04 4.411085450346420578e-02 2.309468822170900927e-04 2.309468822170900927e-04 2.309468822170900927e-04 2.309468822170900927e-04 2.309468822170900927e-04 2.309468822170900927e-04 2.309468822170900927e-04 3.025404157043879924e-02 1.639722863741339270e-02 4.872979214780600449e-02 2.309468822170900927e-04 2.563510392609699706e-02 2.309468822170900927e-04 2.309468822170900927e-04 1.711316397228637154e-01 2.309468822170900927e-04 2.309468822170900927e-04 8.337182448036951909e-02 2.309468822170900927e-04 1.639722863741339270e-02 4.090069284064665189e-01 2.563510392609699706e-02
2.881844380403456723e-04 2.881844380403456723e-04 2.881844380403456723e-04 1.674351585014408339e-01 2.881844380403456723e-04 1.386167146974062736e-01 2.881844380403456723e-04 9.827089337175788641e-02 1.126801152737751666e-01 2.881844380403456723e-04 2.881844380403456723e-04 2.881844380403456723e-04 6.051873198847259119e-03 8.933717579250715843e-03 1.703170028818442872e-01 2.881844380403456723e-04 2.881844380403456723e-04 2.881844380403456723e-04 2.881844380403456723e-04 2.881844380403456723e-04 2.881844380403456723e-04 2.881844380403456723e-04 2.135446685878961415e-01 2.881844380403456723e-04 2.881844380403456723e-04 2.881844380403456723e-04 2.881844380403456723e-04 2.881844380403456723e-04 7.809798270893368588e-02 2.881844380403456723e-04
2.141327623126337962e-04 2.141327623126337962e-04 2.141327623126337962e-04 1.394004282655245675e-01 1.520342612419699722e-02 7.087794432548177870e-02 2.141327623126337962e-04 4.518201284796573292e-02 2.141327623126337962e-04 2.141327623126337962e-04 6.873661670235545196e-02 2.141327623126337962e-04 2.141327623126337962e-04 2.355460385438971731e-03 1.543897216274089379e-01 2.141327623126337962e-04 2.141327623126337962e-04 2.141327623126337962e-04 2.141327623126337962e-04 6.638115631691647762e-03 4.496788008565309747e-03 2.141327623126337962e-04 1.736616702355459896e-01 2.141327623126337962e-04 4.496788008565309747e-03 1.306209850107066008e-02 2.141327623126337962e-04 2.141327623126337962e-04 2.978586723768735789e-01 2.141327623126337962e-04
1.383125864453665249e-04 1.383125864453665249e-04 1.120331950207468889e-02 6.652835408022129970e-02 2.088520055325034444e-02 1.107883817427385842e-01 1.383125864453665249e-04 2.435684647302904515e-01 3.609958506224066749e-02 1.383125864453665249e-04 1.535269709543568388e-02 7.897648686030428467e-02 1.383125864453665249e-04 2.904564315352697185e-03 1.383125864453665249e-04 1.383125864453665249e-04 7.053941908713692172e-03 9.820193637621023319e-03 1.383125864453665249e-04 1.383125864453665249e-04 1.383125864453665249e-04 1.383125864453665249e-04 2.186721991701244816e-01 1.383125864453665249e-04 1.521438450899031828e-03 1.396957123098201831e-02 5.961272475795297704e-02 1.521438450899031828e-03 9.834024896265559923e-02 1.521438450899031828e-03
6.578947368421055736e-04 4.013157894736843478e-02 6.578947368421055736e-04 1.256578947368421628e-01 6.578947368421055736e-04 6.578947368421055736e-04 6.578947368421055736e-04 6.578947368421055736e-04 4.671052631578948705e-02 6.578947368421055736e-04 7.236842105263161309e-03 6.578947368421055736e-04 6.578947368421055736e-04 6.578947368421055736e-04 7.960526315789476226e-02 6.578947368421055736e-04 6.578947368421055736e-04 6.578947368421055736e-04 6.578947368421055736e-04 6.578947368421055736e-04 2.039473684210527105e-02 7.236842105263161309e-03 7.236842105263161309e-03 5.335526315789475005e-01 2.039473684210527105e-02 5.328947368421054626e-02 1.381578947368421705e-02 3.355263157894737558e-02 6.578947368421055736e-04 6.578947368421055736e-04
1.934235976789167965e-04 5.435203094777561750e-02 1.934235976789167965e-04 1.317214700193423127e-01 1.934235976789167965e-04 1.934235976789167965e-04 1.934235976789167965e-04 1.566731141199225949e-02 2.883945841392649423e-01 1.934235976789167965e-04 1.934235976789167965e-04 1.934235976789167965e-04 2.127659574468084708e-03 2.127659574468084708e-03 5.435203094777561750e-02 1.934235976789167965e-04 1.566731141199225949e-02 4.061895551257252782e-03 1.934235976789167965e-04 1.934235976789167965e-04 1.179883945841392334e-02 4.061895551257252782e-03 5.822050290135395711e-02 2.864603481624757308e-01 1.934235976789167965e-04 4.854932301740811501e-02 1.934235976789167965e-04 1.953578336557059564e-02 1.934235976789167965e-04 1.934235976789167965e-04
1.672240802675584929e-04 1.672240802675584929e-04 1.187290969899665316e-02 3.511705685618728406e-03 1.672240802675584929e-04 4.364548494983277321e-02 3.862876254180601376e-02 4.698996655518394155e-02 1.672240802675584929e-04 2.727424749163879225e-01 2.357859531772574582e-02 1.672240802675584929e-04 1.672240802675584929e-04 1.672240802675584929e-04 3.862876254180601376e-02 2.525083612040133346e-02 3.511705685618728406e-03 1.839464882943143585e-03 1.672240802675584929e-04 6.204013377926420603e-02 1.672240802675584929e-04 1.672240802675584929e-04 1.556856187290969473e-01 1.672240802675584929e-04 1.672240802675584929e-04 1.672240802675584929e-04 1.672240802675584929e-04 1.672240802675584929e-04 2.693979933110367542e-01 1.672240802675584929e-04
1.148148148148147620e-02 4.074074074074072842e-03 3.703703703703702436e-04 3.703703703703702436e-04 5.222222222222219767e-02 3.703703703703702436e-04 3.703703703703702436e-04 3.703703703703702436e-04 3.559259259259257568e-01 4.851851851851849556e-02 3.703703703703702436e-04 3.703703703703702436e-04 1.337037037037036580e-01 3.703703703703702436e-04 1.114814814814814453e-01 3.703703703703702436e-04 7.814814814814811939e-02 3.703703703703702436e-04 2.629629629629628290e-02 7.777777777777774952e-03 3.703703703703702436e-04 1.148148148148147620e-02 1.225925925925925447e-01 3.703703703703702436e-04 3.703703703703702436e-04 1.148148148148147620e-02 3.703703703703702436e-04 3.703703703703702436e-04 1.148148148148147620e-02 7.777777777777774952e-03
3.246753246753245666e-04 3.246753246753245666e-04 3.246753246753245666e-04 3.246753246753245666e-04 3.246753246753245666e-04 6.818181818181816116e-03 3.246753246753245666e-04 2.113636363636362536e-01 3.246753246753245666e-04 3.246753246753245666e-04 3.246753246753245666e-04 5.165584415584413280e-01 3.246753246753245666e-04 3.246753246753245666e-04 3.246753246753245666e-04 3.246753246753245666e-04 3.246753246753245666e-04 3.246753246753245666e-04 3.246753246753245666e-04 3.571428571428570450e-03 1.331168831168830571e-02 1.980519480519479791e-02 2.048701298701297857e-01 3.246753246753245666e-04 3.246753246753245666e-04 3.246753246753245666e-04 3.246753246753245666e-04 3.246753246753245666e-04 3.246753246753245666e-04 1.655844155844155008e-02
3.984063745019921551e-04 3.984063745019921551e-04 3.984063745019921551e-04 3.984063745019921551e-04 3.984063745019921551e-04 3.430278884462151789e-01 3.984063745019921551e-04 1.637450199203187573e-01 3.984063745019921551e-04 3.984063745019921551e-04 3.984063745019921551e-04 3.984063745019921551e-04 8.366533864541834606e-03 3.984063745019921551e-04 7.211155378486057421e-02 3.984063745019921551e-04 3.984063745019921551e-04 3.984063745019921551e-04 3.984063745019921551e-04 3.984063745019921551e-04 3.984063745019921551e-04 3.984063745019921551e-04 8.406374501992033843e-02 3.984063745019921551e-04 3.984063745019921551e-04 9.203187250996018587e-02 6.414342629482074065e-02 3.984063745019921551e-04 1.637450199203187573e-01 3.984063745019921551e-04
3.875968992248061420e-04 3.875968992248061420e-04 4.263565891472867291e-03 7.015503875968991110e-02 3.875968992248061420e-04 6.627906976744185608e-02 3.875968992248061420e-04 1.127906976744185857e-01 1.011627906976744068e-01 3.875968992248061420e-04 3.875968992248061420e-04 3.875968992248061420e-04 3.875968992248061420e-04 3.875968992248061420e-04 3.875968992248061420e-04 3.875968992248061420e-04 3.875968992248061420e-04 3.875968992248061420e-04 3.875968992248061420e-04 4.263565891472867291e-03 2.135658914728681690e-01 3.875968992248061420e-04 7.403100775193798000e-02 3.875968992248061420e-04 3.875968992248061420e-04 1.360465116279069575e-01 5.852713178294572521e-02 1.127906976744185857e-01 3.914728682170541540e-02 3.875968992248061420e-04
2.222222222222221787e-04 2.222222222222221787e-04 2.222222222222221787e-04 7.355555555555554070e-02 2.222222222222221787e-04 1.202222222222221887e-01 2.466666666666665966e-02 1.491111111111110554e-01 2.222222222222221787e-04 1.799999999999999517e-02 4.466666666666666008e-02 2.222222222222221787e-04 2.222222222222221787e-04 2.222222222222221787e-04 2.222222222222221787e-04 2.222222222222221787e-04 2.222222222222221787e-04 1.577777777777777252e-02 2.222222222222221787e-04 4.688888888888888273e-02 2.222222222222221787e-04 2.222222222222221787e-04 1.491111111111110554e-01 2.222222222222221787e-04 2.222222222222221787e-04 1.799999999999999517e-02 1.133333333333332894e-02 2.222222222222221787e-04 3.246666666666665479e-01 2.222222222222221787e-04
4.975124378109454593e-04 1.542288557213930891e-02 4.975124378109454593e-04 4.029850746268657385e-02 4.975124378109454593e-04 5.472636815920400161e-03 4.975124378109454593e-04 4.975124378109454593e-04 1.646766169154229298e-01 4.975124378109454593e-04 4.975124378109454593e-04 4.975124378109454593e-04 4.975124378109454593e-04 4.975124378109454593e-04 4.029850746268657385e-02 4.975124378109454593e-04 2.537313432835821420e-02 4.975124378109454593e-04 4.975124378109454593e-04 4.975124378109454593e-04 4.975124378109454593e-04 4.975124378109454593e-04 6.019900497512439136e-02 4.283582089552239736e-01 4.975124378109454593e-04 6.517412935323384227e-02 1.099502487562189490e-01 3.034825870646766857e-02 5.472636815920400161e-03 4.975124378109454593e-04
3.404634581105168978e-02 1.782531194295899858e-04 1.782531194295899858e-04 4.830659536541889038e-02 2.869875222816398869e-02 8.039215686274508998e-02 1.978609625668448571e-02 2.604278074866309689e-01 1.782531194295899858e-04 1.782531194295899858e-04 1.980392156862744724e-01 1.782531194295899858e-04 1.782531194295899858e-04 6.791443850267378513e-02 6.078431372549018830e-02 7.308377896613188658e-03 1.800356506238858650e-02 1.782531194295899858e-04 1.782531194295899858e-04 1.782531194295899858e-04 1.782531194295899858e-04 1.782531194295899858e-04 8.217468805704097878e-02 1.960784313725490169e-03 3.939393939393939087e-02 1.782531194295899858e-04 5.008912655971478611e-02 1.782531194295899858e-04 1.782531194295899858e-04 1.782531194295899858e-04
2.012072434607645557e-04 4.849094567404425848e-02 2.012072434607645557e-04 5.050301810865190366e-02 5.452716297786719402e-02 1.428571428571428180e-02 4.225352112676055913e-03 6.237424547283701090e-03 8.249496981891346267e-03 1.227364185110663662e-02 4.225352112676055913e-03 2.012072434607645557e-04 2.012072434607645557e-04 2.012072434607645557e-04 2.012072434607645557e-04 2.012072434607645557e-04 1.026156941649899144e-02 5.855130784708248437e-02 2.012072434607645557e-04 7.464788732394364579e-02 2.012072434607645557e-04 1.026156941649899144e-02 1.229376257545271439e-01 6.237424547283701090e-03 2.012072434607645557e-04 4.849094567404425848e-02 8.249496981891346267e-03 3.038229376257544495e-02 4.247484909456739621e-01 2.012072434607645557e-04
1.845018450184501520e-04 1.845018450184501520e-04 1.845018450184501520e-04 7.214022140221401647e-02 8.874538745387451633e-02 1.309963099630995914e-02 9.409594095940956859e-03 1.845018450184501520e-04 1.845018450184501520e-04 2.437269372693726399e-01 5.553505535055349579e-02 1.845018450184501520e-04 3.874538745387453437e-03 1.845018450184501520e-04 3.874538745387453437e-03 3.154981549815497749e-02 2.047970479704796717e-02 1.845018450184501520e-04 1.845018450184501520e-04 4.261992619926198433e-02 1.845018450184501520e-04 1.845018450184501520e-04 1.809963099630995942e-01 1.845018450184501520e-04 1.494464944649446202e-02 6.107011070110700268e-02 1.845018450184501520e-04 1.678966789667896142e-02 1.385608856088560437e-01 1.845018450184501520e-04
2.645502645502644597e-04 2.645502645502644597e-04 2.645502645502644597e-04 1.907407407407406552e-01 2.645502645502644597e-04 3.730158730158728703e-02 2.910052910052909544e-03 2.595238095238094345e-01 2.645502645502644597e-04 2.645502645502644597e-04 2.645502645502644597e-04 7.962962962962960578e-02 2.645502645502644597e-04 1.878306878306877647e-02 2.910052910052909544e-03 2.645502645502644597e-04 2.645502645502644597e-04 2.142857142857142183e-02 2.645502645502644597e-04 2.645502645502644597e-04 2.645502645502644597e-04 8.201058201058198521e-03 1.484126984126983850e-01 2.645502645502644597e-04 2.645502645502644597e-04 2.645502645502644597e-04 1.007936507936507686e-01 2.645502645502644597e-04 1.219576719576719315e-01 2.910052910052909544e-03
4.310344827586207921e-04 4.310344827586207921e-04 4.310344827586207921e-04 8.663793103448277910e-02 4.310344827586207921e-04 1.038793103448276134e-01 4.310344827586207921e-04 4.741379310344829255e-03 3.491379310344828318e-02 4.310344827586207921e-04 4.310344827586207921e-04 4.310344827586207921e-04 4.310344827586207921e-04 4.310344827586207921e-04 6.077586206896552767e-02 4.310344827586207921e-04 4.741379310344829255e-03 4.310344827586207921e-04 4.310344827586207921e-04 4.310344827586207921e-04 4.310344827586207921e-04 4.310344827586207921e-04 3.060344827586207461e-02 6.125000000000001554e-01 3.922413793103449176e-02 1.336206896551724553e-02 4.310344827586207921e-04 4.310344827586207921e-04 4.310344827586207921e-04 4.310344827586207921e-04
8.270676691729325972e-03 7.518796992481204542e-04 7.518796992481204542e-04 1.060150375939849787e-01 7.518796992481204542e-04 7.518796992481204542e-04 7.518796992481204542e-04 3.315789473684211397e-01 3.466165413533835449e-01 7.518796992481204542e-04 7.518796992481204542e-04 7.518796992481204542e-04 7.518796992481204542e-04 7.518796992481204542e-04 7.518796992481204542e-04 7.518796992481204542e-04 7.518796992481204542e-04 7.518796992481204542e-04 7.518796992481204542e-04 7.518796992481204542e-04 7.518796992481204542e-04 7.518796992481204542e-04 2.330827067669173636e-02 1.210526315789474117e-01 7.518796992481204542e-04 3.082706766917293548e-02 7.518796992481204542e-04 7.518796992481204542e-04 1.578947368421053030e-02 7.518796992481204542e-04
2.028397565922920593e-04 2.028397565922920593e-04 2.028397565922920593e-04 6.105476673427991108e-02 2.028397565922920593e-04 2.028397565922920593e-04 4.482758620689654416e-02 8.316430020283973809e-03 4.259634888438132948e-03 2.882352941176469785e-01 2.028397565922920593e-04 2.028397565922920593e-04 2.028397565922920593e-04 2.028397565922920593e-04 2.231237322515212517e-03 1.034482758620689294e-02 2.028397565922920593e-04 1.643002028397565553e-02 2.028397565922920593e-04 1.198782961460446023e-01 2.028397565922920593e-04 2.028397565922920593e-04 1.847870182555780283e-01 2.028397565922920593e-04 2.028397565922920593e-04 4.482758620689654416e-02 2.028397565922920593e-04 2.028397565922920593e-04 2.111561866125760134e-01 2.028397565922920593e-04
3.105590062111800273e-04 6.521739130434780519e-03 2.515527950310558064e-02 3.105590062111800273e-04 3.105590062111800273e-04 6.521739130434780519e-03 3.416149068322980355e-03 1.524844720496894013e-01 3.105590062111800273e-04 3.105590062111800273e-04 3.416149068322980355e-03 4.754658385093165629e-01 3.105590062111800273e-04 3.105590062111800273e-04 3.105590062111800273e-04 3.105590062111800273e-04 3.105590062111800273e-04 3.105590062111800273e-04 3.105590062111800273e-04 3.105590062111800273e-04 3.105590062111800273e-04 3.105590062111800273e-04 2.580745341614905652e-01 3.105590062111800273e-04 3.105590062111800273e-04 5.931677018633538939e-02 3.416149068322980355e-03 3.105590062111800273e-04 3.105590062111800273e-04 3.105590062111800273e-04
1.388888888888888617e-04 8.472222222222219531e-03 1.388888888888888617e-04 1.388888888888888617e-04 4.904166666666665564e-01 3.902777777777776541e-02 1.388888888888888617e-04 1.388888888888888617e-04 1.388888888888888617e-04 1.527777777777777424e-03 5.708333333333331927e-02 1.388888888888888617e-04 3.208333333333332482e-02 3.347222222222221572e-02 1.388888888888888617e-04 1.527777777777777424e-03 1.388888888888888617e-04 1.388888888888888617e-04 2.097222222222221502e-02 1.541666666666666186e-02 1.388888888888888617e-04 3.208333333333332482e-02 1.987499999999999267e-01 1.388888888888888617e-04 1.388888888888888617e-04 3.624999999999999056e-02 1.263888888888888354e-02 2.916666666666665932e-03 1.541666666666666186e-02 1.388888888888888617e-04
6.711409395973156168e-04 6.711409395973156168e-04 6.711409395973156168e-04 6.711409395973156168e-04 6.711409395973156168e-04 6.711409395973156168e-04 6.711409395973156168e-04 3.161073825503356582e-01 3.295302013422819476e-01 6.711409395973156168e-04 6.711409395973156168e-04 6.711409395973156168e-04 6.711409395973156168e-04 4.765100671140939936e-02 6.711409395973156168e-04 6.711409395973156168e-04 6.711409395973156168e-04 6.711409395973156168e-04 6.711409395973156168e-04 6.711409395973156168e-04 6.711409395973156168e-04 6.711409395973156168e-04 1.013422818791946539e-01 1.483221476510067360e-01 6.711409395973156168e-04 6.711409395973156168e-04 6.711409395973156168e-04 2.080536912751678250e-02 2.080536912751678250e-02 6.711409395973156168e-04
1.175324675324675577e-01 6.493506493506494585e-04 6.493506493506494585e-04 6.493506493506494585e-04 3.311688311688312097e-02 6.493506493506494585e-04 3.961038961038961664e-02 6.493506493506494585e-04 7.142857142857144369e-03 6.493506493506494585e-04 6.493506493506494585e-04 1.175324675324675577e-01 6.493506493506494585e-04 7.142857142857144369e-03 6.493506493506494585e-04 6.493506493506494585e-04 1.045454545454545803e-01 6.493506493506494585e-04 7.142857142857144369e-03 6.493506493506494585e-04 1.045454545454545803e-01 7.142857142857144369e-03 2.662337662337662531e-02 2.662337662337662531e-02 2.474025974025974572e-01 6.493506493506494585e-04 1.110389610389610621e-01 6.493506493506494585e-04 6.493506493506494585e-04 3.311688311688312097e-02
3.778195488721804163e-02 1.879699248120300322e-04 1.879699248120300322e-04 1.879699248120300322e-04 4.530075187969924422e-02 1.898496240601503168e-02 1.879699248120300322e-04 1.879699248120300322e-04 1.879699248120300322e-04 3.310150375939848733e-01 3.402255639097744033e-02 1.879699248120300322e-04 3.947368421052630839e-03 1.879699248120300322e-04 1.879699248120300322e-04 1.879699248120300322e-04 3.590225563909774098e-02 1.879699248120300322e-04 1.879699248120300322e-04 3.966165413533834228e-02 1.879699248120300322e-04 1.710526315789473104e-02 1.712406015037593598e-01 1.879699248120300322e-04 1.879699248120300322e-04 6.033834586466164246e-02 5.827067669172931487e-03 1.334586466165413147e-02 1.355263157894736337e-01 4.718045112781954487e-02
2.118644067796609837e-04 2.330508474576270875e-03 2.118644067796609837e-04 2.078389830508473868e-01 2.118644067796609837e-04 4.046610169491524772e-02 2.118644067796609837e-04 2.118644067796609837e-04 6.588983050847456446e-02 2.118644067796609837e-04 1.927966101694914697e-02 2.118644067796609837e-04 2.118644067796609837e-04 2.330508474576270875e-03 2.118644067796609837e-04 2.118644067796609837e-04 2.118644067796609837e-04 2.118644067796609837e-04 2.118644067796609837e-04 2.118644067796609837e-04 2.118644067796609837e-04 2.330508474576270875e-03 1.527542372881355581e-01 4.557203389830506990e-01 2.118644067796609837e-04 4.682203389830507517e-02 2.118644067796609837e-04 2.118644067796609837e-04 2.118644067796609837e-04 2.118644067796609837e-04
4.280155642023347577e-03 3.891050583657588362e-04 3.891050583657588362e-04 3.891050583657588362e-04 3.891050583657588362e-04 3.891050583657588362e-04 3.891050583657588362e-04 2.762645914396887753e-02 3.891050583657588362e-04 3.891050583657588362e-04 3.891050583657588362e-04 5.334630350194553561e-01 5.486381322957199769e-02 3.891050583657588362e-04 3.891050583657588362e-04 3.891050583657588362e-04 3.891050583657588362e-04 3.891050583657588362e-04 3.891050583657588362e-04 3.891050583657588362e-04 3.540856031128405274e-02 2.373540856031128646e-02 2.260700389105058938e-01 3.891050583657588362e-04 3.891050583657588362e-04 3.891050583657588362e-04 3.891050583657588362e-04 3.891050583657588362e-04 3.891050583657588362e-04 8.599221789883271239e-02
1.114130434782608335e-02 2.717391304347825578e-04 2.717391304347825578e-04 2.285326086956520897e-01 2.717391304347825578e-04 6.277173913043476716e-02 2.717391304347825578e-04 2.717391304347825578e-04 2.717391304347825578e-04 2.717391304347825578e-04 2.717391304347825578e-04 2.472826086956520994e-02 2.717391304347825578e-04 2.717391304347825578e-04 2.201086956521738219e-02 2.717391304347825578e-04 2.744565217391303422e-02 2.717391304347825578e-04 2.717391304347825578e-04 2.717391304347825578e-04 1.657608695652173364e-02 2.717391304347825578e-04 1.415760869565217128e-01 3.019021739130433590e-01 2.717391304347825578e-04 2.717391304347825578e-04 2.989130434782607919e-03 2.717391304347825578e-04 1.551630434782608203e-01 2.717391304347825578e-04
2.173913043478260137e-04 2.173913043478260137e-04 2.173913043478260137e-04 2.241304347826086063e-01 2.173913043478260137e-04 2.173913043478260137e-04 2.173913043478260137e-04 4.586956521739129350e-02 2.173913043478260137e-04 2.173913043478260137e-04 1.108695652173912610e-02 2.630434782608694760e-02 2.173913043478260137e-04 2.173913043478260137e-04 2.173913043478260137e-04 2.173913043478260137e-04 2.391304347826086422e-03 2.173913043478260137e-04 2.173913043478260137e-04 2.173913043478260137e-04 1.326086956521738483e-02 2.173913043478260137e-04 1.023913043478260482e-01 4.654347826086954742e-01 2.195652173913042668e-02 2.195652173913042668e-02 5.239130434782607315e-02 8.913043478260865640e-03 2.173913043478260137e-04 2.173913043478260137e-04
2.028397565922920593e-04 2.028397565922920593e-04 2.028397565922920593e-04 1.685598377281946891e-01 2.028397565922920593e-04 9.148073022312371017e-02 8.316430020283973809e-03 2.231237322515212517e-03 6.916835699797159454e-02 2.028397565922920593e-04 2.028397565922920593e-04 2.028397565922920593e-04 2.028397565922920593e-04 2.028397565922920593e-04 2.028397565922920593e-04 2.028397565922920593e-04 2.231237322515212517e-03 2.028397565922920593e-04 2.028397565922920593e-04 2.028397565922920593e-04 2.028397565922920593e-04 2.028397565922920593e-04 1.077079107505070771e-01 4.931034482758619442e-01 2.028397565922920593e-04 1.440162271805273467e-02 2.028397565922920593e-04 2.028397565922920593e-04 3.468559837728193984e-02 4.259634888438132948e-03
2.873563218390804016e-04 2.873563218390804016e-04 1.209770114942528424e-01 2.873563218390804016e-04 2.873563218390804016e-04 7.212643678160918226e-02 2.873563218390804016e-04 2.873563218390804016e-04 2.873563218390804016e-04 1.465517241379309804e-02 4.913793103448274580e-02 2.873563218390804016e-04 2.873563218390804016e-04 2.873563218390804016e-04 2.873563218390804016e-04 2.873563218390804016e-04 2.873563218390804016e-04 3.160919540229884146e-03 2.873563218390804016e-04 3.160919540229884146e-03 2.873563218390804016e-04 6.034482758620687837e-03 1.554597701149424693e-01 4.514367816091952590e-01 2.873563218390804016e-04 1.181034482758620413e-01 2.873563218390804016e-04 2.873563218390804016e-04 2.873563218390804016e-04 2.873563218390804016e-04
2.697368421052632331e-02 6.578947368421055736e-04 6.578947368421055736e-04 1.190789473684211036e-01 1.381578947368421705e-02 6.578947368421055736e-04 6.578947368421055736e-04 1.381578947368421705e-02 6.578947368421055736e-04 6.578947368421055736e-04 5.986842105263159852e-02 1.256578947368421628e-01 6.578947368421055736e-04 6.578947368421055736e-04 6.578947368421055736e-04 6.578947368421055736e-04 1.381578947368421705e-02 6.644736842105265773e-02 6.578947368421055736e-04 6.578947368421055736e-04 6.578947368421055736e-04 6.578947368421055736e-04 8.618421052631582147e-02 4.611842105263159186e-01 6.578947368421055736e-04 6.578947368421055736e-04 6.578947368421055736e-04 6.578947368421055736e-04 6.578947368421055736e-04 6.578947368421055736e-04
8.291873963515758558e-05 2.570480928689884963e-03 1.741293532338309162e-03 4.402985074626867418e-02 8.291873963515758558e-05 6.475953565505805642e-02 8.291873963515758558e-05 2.164179104477612775e-02 8.291873963515758558e-05 8.291873963515758558e-05 2.570480928689884963e-03 9.121061359867334685e-04 9.121061359867334685e-04 8.291873963515758558e-05 8.291873963515758558e-05 8.291873963515758558e-05 2.164179104477612775e-02 8.291873963515758558e-05 8.291873963515758558e-05 8.291873963515758558e-05 8.291873963515758558e-05 1.741293532338309162e-03 5.978441127694860552e-02 7.082089552238808317e-01 8.291873963515758558e-05 6.807628524046437091e-02 8.291873963515758558e-05 8.291873963515758558e-05 8.291873963515758558e-05 8.291873963515758558e-05
2.107279693486589865e-03 1.915708812260536191e-04 1.915708812260536191e-04 7.490421455938696405e-02 2.107279693486589865e-03 1.915708812260536191e-04 1.915708812260536191e-04 7.854406130268196812e-03 2.107279693486589865e-03 1.915708812260536191e-04 1.915708812260536191e-04 7.107279693486588668e-02 2.107279693486589865e-03 8.639846743295018228e-02 4.999999999999998890e-02 1.915708812260536191e-04 4.233716475095784804e-02 1.915708812260536191e-04 1.915708812260536191e-04 1.915708812260536191e-04 1.915708812260536191e-04 1.915708812260536191e-04 1.362068965517241048e-01 4.618773946360152372e-01 2.126436781609195026e-02 1.915708812260536191e-04 1.168582375478926898e-02 2.509578544061302069e-02 1.915708812260536191e-04 1.915708812260536191e-04
2.727659574468085379e-01 8.936170212765959589e-03 4.723404255319149647e-02 4.255319148936171259e-04 4.255319148936171259e-04 3.446808510638298823e-02 4.255319148936171259e-04 8.936170212765959589e-03 4.255319148936171259e-04 4.255319148936171259e-04 4.255319148936171259e-04 4.255319148936171259e-04 1.319148936170213074e-02 3.446808510638298823e-02 4.255319148936171259e-04 4.680851063829788439e-03 1.025531914893617336e-01 4.255319148936171259e-04 4.255319148936171259e-04 4.723404255319149647e-02 1.621276595744681193e-01 4.255319148936171259e-04 6.425531914893618801e-02 4.255319148936171259e-04 9.404255319148939474e-02 4.255319148936171259e-04 9.404255319148939474e-02 4.680851063829788439e-03 4.255319148936171259e-04 4.255319148936171259e-04
3.174603174603173516e-04 3.174603174603173516e-04 3.492063492063491193e-03 3.492063492063491193e-03 3.174603174603173516e-04 3.174603174603173516e-04 3.174603174603173516e-04 2.003174603174602553e-01 6.666666666666664492e-03 3.174603174603173516e-04 6.063492063492061795e-02 3.082539682539681136e-01 3.174603174603173516e-04 9.238095238095235529e-02 3.174603174603173516e-04 3.174603174603173516e-04 3.492063492063491193e-03 3.174603174603173516e-04 3.174603174603173516e-04 3.174603174603173516e-04 3.174603174603173516e-04 1.717460317460317021e-01 1.146031746031745679e-01 3.492063492063491193e-03 2.253968253968252969e-02 3.492063492063491193e-03 3.174603174603173516e-04 3.174603174603173516e-04 3.174603174603173516e-04 3.174603174603173516e-04
4.366812227074235906e-04 8.777292576419214176e-02 4.366812227074235906e-04 9.650655021834061986e-02 4.366812227074235906e-04 4.366812227074235906e-04 4.366812227074235906e-04 1.838427947598253454e-01 5.720524017467248923e-02 4.366812227074235906e-04 4.366812227074235906e-04 4.366812227074235906e-04 4.366812227074235906e-04 4.366812227074235906e-04 8.777292576419214176e-02 4.366812227074235906e-04 4.366812227074235906e-04 1.353711790393013169e-02 4.366812227074235906e-04 4.366812227074235906e-04 4.366812227074235906e-04 1.882096069868995636e-01 2.711790393013100431e-01 4.366812227074235906e-04 4.366812227074235906e-04 4.803493449781659659e-03 4.366812227074235906e-04 4.366812227074235906e-04 4.366812227074235906e-04 4.366812227074235906e-04
5.405405405405406573e-04 1.135135135135135337e-02 5.405405405405406573e-04 5.405405405405406573e-04 1.681081081081081396e-01 5.405405405405406573e-04 2.756756756756757049e-02 5.405405405405406573e-04 1.248648648648648940e-01 5.945945945945947664e-03 1.135135135135135337e-02 5.405405405405406573e-04 1.248648648648648940e-01 4.378378378378378760e-02 3.897297297297297458e-01 5.405405405405406573e-04 5.405405405405406573e-04 5.405405405405406573e-04 5.405405405405406573e-04 5.405405405405406573e-04 5.405405405405406573e-04 6.000000000000000472e-02 5.405405405405406573e-04 5.405405405405406573e-04 5.405405405405406573e-04 5.405405405405406573e-04 2.216216216216216478e-02 5.405405405405406573e-04 5.405405405405406573e-04 5.405405405405406573e-04
2.114164904862578882e-04 2.114164904862578882e-04 1.249471458773784016e-01 9.957716701902746825e-02 2.114164904862578882e-04 3.004228329809724429e-01 2.114164904862578882e-04 1.923890063424946520e-02 2.114164904862578882e-04 1.078224101479915119e-02 2.114164904862578882e-04 2.114164904862578882e-04 1.501057082452430906e-02 2.114164904862578882e-04 5.306553911205073165e-02 6.553911205073994183e-03 2.114164904862578882e-04 8.477801268498941223e-02 2.114164904862578882e-04 4.439746300211415246e-03 4.439746300211415246e-03 1.501057082452430906e-02 1.186046511627906752e-01 2.325581395348836743e-03 2.114164904862578882e-04 2.114164904862578882e-04 1.376321353065538544e-01 2.114164904862578882e-04 2.114164904862578882e-04 2.114164904862578882e-04
2.770083102493073931e-04 7.783933518005538288e-02 2.770083102493073931e-04 2.770083102493073931e-04 1.166204986149584205e-01 2.770083102493073931e-04 2.770083102493073931e-04 1.803324099722991014e-01 1.387811634349030154e-01 2.770083102493073931e-04 2.770083102493073931e-04 5.817174515235455472e-03 5.013850415512464270e-02 8.587257617728528969e-03 2.770083102493073931e-04 2.770083102493073931e-04 3.047091412742381541e-03 6.398891966759001626e-02 2.770083102493073931e-04 2.770083102493073931e-04 2.770083102493073931e-04 1.221606648199445588e-01 2.274238227146813396e-01 2.770083102493073931e-04 2.770083102493073931e-04 2.770083102493073931e-04 2.770083102493073931e-04 2.770083102493073931e-04 2.770083102493073931e-04 2.770083102493073931e-04
5.365853658536587530e-03 5.365853658536587530e-03 1.024390243902439414e-02 4.878048780487806500e-04 1.078048780487805280e-01 4.878048780487806500e-04 5.902439024390245675e-02 4.926829268292683833e-02 5.414634146341464754e-02 4.878048780487806500e-04 4.878048780487806500e-04 4.878048780487806500e-04 4.878048780487806500e-04 2.975609756097561537e-02 4.443902439024391415e-01 4.878048780487806500e-04 4.878048780487806500e-04 5.365853658536587530e-03 2.000000000000000389e-02 4.878048780487806500e-04 3.463414634146342458e-02 4.878048780487806500e-04 4.878048780487806500e-04 2.000000000000000389e-02 4.878048780487806500e-04 1.024390243902439414e-02 4.878048780487806500e-04 4.878048780487806500e-04 4.878048780487806500e-04 1.370731707317073556e-01
4.255319148936171259e-04 1.319148936170213074e-02 4.255319148936171259e-04 4.680851063829788439e-03 1.110638297872340724e-01 4.255319148936171259e-04 4.255319148936171259e-04 2.595744680851064246e-02 1.238297872340425876e-01 1.536170212765957943e-01 4.255319148936171259e-04 1.744680851063830015e-02 4.255319148936171259e-04 4.297872340425532706e-02 4.259574468085107202e-01 4.255319148936171259e-04 4.255319148936171259e-04 4.255319148936171259e-04 3.446808510638298823e-02 4.255319148936171259e-04 4.255319148936171259e-04 1.744680851063830015e-02 8.936170212765959589e-03 4.255319148936171259e-04 1.319148936170213074e-02 4.255319148936171259e-04 4.255319148936171259e-04 4.255319148936171259e-04 4.255319148936171259e-04 4.255319148936171259e-04
6.802721088435374763e-04 1.095238095238095372e-01 6.802721088435374763e-04 8.231292517006802423e-02 1.843537414965986387e-01 6.802721088435374763e-04 6.802721088435374763e-04 6.802721088435374763e-04 1.299319727891156684e-01 6.802721088435374763e-04 6.802721088435374763e-04 1.027210884353741416e-01 3.469387755102040782e-02 6.802721088435374763e-04 7.482993197278912240e-03 6.802721088435374763e-04 6.802721088435374763e-04 6.802721088435374763e-04 6.802721088435374763e-04 6.802721088435374763e-04 6.802721088435374763e-04 2.047619047619047838e-01 1.163265306122449050e-01 6.802721088435374763e-04 6.802721088435374763e-04 6.802721088435374763e-04 6.802721088435374763e-04 1.428571428571428700e-02 6.802721088435374763e-04 6.802721088435374763e-04
4.405286343612336078e-04 1.806167400881057705e-02 6.651982378854627564e-02 4.405286343612336078e-04 9.735682819383262299e-02 4.405286343612336078e-04 4.405286343612336078e-04 8.414096916299562690e-02 2.687224669603524574e-02 1.061674008810573056e-01 4.845814977973569686e-03 4.449339207048459005e-02 4.405286343612336078e-04 4.405286343612336078e-04 3.572687224669603978e-01 4.405286343612336078e-04 4.405286343612336078e-04 4.405286343612336078e-04 4.449339207048459005e-02 4.405286343612336078e-04 4.405286343612336078e-04 4.405286343612336078e-04 4.405286343612336078e-04 4.405286343612336078e-04 4.405286343612336078e-04 4.845814977973569686e-03 4.405286343612336078e-04 1.061674008810573056e-01 4.405286343612336078e-04 3.127753303964758008e-02
1.972386587771202549e-04 3.175542406311636368e-02 1.992110453648914328e-02 5.147928994082838494e-02 1.972386587771202549e-04 1.972386587771202549e-04 1.972386587771202549e-04 1.972386587771202549e-04 2.978303747534515739e-02 1.972386587771202549e-04 1.972386587771202549e-04 2.169625246548323103e-03 1.972386587771202549e-04 8.895463510848124200e-02 1.972386587771202549e-04 1.972386587771202549e-04 3.372781065088756303e-02 1.972386587771202549e-04 1.972386587771202549e-04 1.972386587771202549e-04 1.972386587771202549e-04 1.972386587771202549e-04 1.027613412228796513e-01 5.426035502958578283e-01 1.972386587771202549e-04 7.909270216962521749e-02 1.972386587771202549e-04 1.972386587771202549e-04 8.086785009861929829e-03 6.114398422090727876e-03
1.694915254237287978e-04 8.644067796610166790e-03 3.559322033898304483e-03 8.830508474576269362e-02 1.864406779661016830e-03 3.237288135593219957e-02 1.372881355932203083e-02 1.694915254237287978e-04 1.694915254237287978e-04 1.730508474576270828e-01 3.745762711864406014e-02 1.694915254237287978e-04 3.237288135593219957e-02 1.033898305084745423e-02 1.694915254237287978e-04 4.254237288135592765e-02 1.694915254237287978e-04 1.694915254237287978e-04 1.711864406779660744e-02 8.661016949152540445e-02 1.694915254237287978e-04 1.694915254237287978e-04 1.747457627118643719e-01 1.694915254237287978e-04 2.728813559322033552e-02 1.694915254237287978e-04 1.694915254237287978e-04 1.694915254237287978e-04 2.459322033898304616e-01 1.864406779661016830e-03
1.981981981981981687e-03 1.801801801801801558e-04 3.783783783783783300e-03 1.801801801801801558e-04 1.801801801801801558e-04 4.342342342342341704e-02 1.981981981981981687e-03 5.585585585585584913e-03 1.801801801801801558e-04 2.974774774774773811e-01 1.801801801801801558e-04 1.801801801801801558e-04 1.801801801801801558e-04 1.801801801801801558e-04 1.801801801801801558e-04 1.801801801801801558e-04 1.801801801801801558e-04 1.279279279279278876e-02 1.801801801801801558e-04 2.758558558558558138e-01 1.801801801801801558e-04 1.801801801801801558e-04 1.677477477477476997e-01 1.801801801801801558e-04 1.801801801801801558e-04 4.162162162162161283e-02 1.801801801801801558e-04 1.801801801801801558e-04 1.443243243243242935e-01 1.801801801801801558e-04
1.291989664082687230e-04 1.291989664082687230e-04 1.291989664082687230e-04 9.173126614987078820e-03 1.291989664082687230e-04 2.080103359173126470e-02 1.046511627906976556e-02 1.291989664082687230e-04 1.291989664082687230e-04 1.304909560723513905e-02 1.563307493540051427e-02 1.291989664082687230e-04 1.291989664082687230e-04 1.291989664082687230e-04 2.338501291989663819e-02 1.291989664082687230e-04 6.589147286821703600e-03 2.209302325581395318e-02 1.291989664082687230e-04 1.034883720930232370e-01 1.291989664082687230e-04 1.291989664082687230e-04 2.947028423772609096e-01 1.291989664082687230e-04 1.291989664082687230e-04 3.372093023255813560e-02 1.291989664082687230e-04 1.421188630490955980e-03 4.432816537467699769e-01 1.291989664082687230e-04
