1.572327044025157155e-04 3.789308176100628783e-02 1.116352201257861387e-02 1.572327044025157155e-04 8.018867924528300106e-03 8.034591194968551675e-02 3.301886792452829889e-03 1.572327044025157155e-04 1.572327044025157155e-04 1.572327044025157155e-04 1.572327044025157155e-04 1.729559748427672789e-03 1.572327044025157155e-04 1.729559748427672789e-03 1.729559748427672789e-03 8.018867924528300106e-03 3.474842767295597407e-02 4.592767295597484090e-01 1.572327044025157155e-04 9.591194968553456990e-03 2.374213836477986894e-02 1.572327044025157155e-04 1.039308176100628700e-01 1.572327044025157155e-04 1.572327044025157155e-04 1.572327044025157155e-04 3.632075471698113095e-02 3.003144654088049995e-02 1.572327044025157155e-04 1.463836477987421059e-01
1.090512540894220253e-04 2.356597600872409604e-01 6.990185387131950256e-02 1.090512540894220253e-04 1.319520174482006342e-02 1.090512540894220253e-04 1.090512540894220253e-04 1.537622682660850365e-02 1.090512540894220253e-04 1.090512540894220253e-04 1.199563794983642346e-03 1.090512540894220253e-04 1.210468920392584330e-02 1.090512540894220253e-04 1.090512540894220253e-04 1.090512540894220253e-04 1.199563794983642346e-03 1.090512540894220253e-04 1.090512540894220253e-04 1.090512540894220253e-04 6.553980370774263597e-02 1.211559432933478481e-01 1.276990185387131826e-01 1.319520174482006342e-02 1.090512540894220253e-04 1.090512540894220253e-04 3.391494002181024564e-02 1.090512540894220253e-04 9.716466739367500549e-02 1.909487459105779494e-01
4.761904761904762985e-04 4.761904761904762985e-04 4.809523809523810062e-02 4.761904761904762985e-04 3.380952380952381015e-02 4.761904761904762985e-04 4.761904761904762985e-04 8.142857142857144737e-02 4.761904761904762985e-04 4.761904761904762985e-04 4.761904761904762985e-04 4.761904761904762985e-04 1.480952380952381131e-01 3.857142857142857595e-02 2.428571428571428895e-02 1.000000000000000194e-02 4.761904761904762985e-04 1.242857142857143049e-01 1.476190476190476428e-02 1.476190476190476428e-02 1.000000000000000194e-02 3.857142857142857595e-02 5.285714285714285948e-02 4.809523809523810062e-02 2.904761904761905128e-02 4.761904761904762985e-04 4.761904761904762985e-04 4.761904761904762985e-04 1.719047619047619213e-01 1.052380952380952556e-01
3.204225352112674563e-02 9.542253521126757565e-02 3.521126760563378843e-04 3.521126760563378843e-04 3.521126760563378843e-04 3.521126760563378843e-04 3.873239436619717053e-03 5.316901408450701999e-02 3.521126760563378843e-04 3.521126760563378843e-04 3.521126760563378843e-04 1.130281690140844675e-01 3.521126760563378843e-04 3.521126760563378843e-04 3.521126760563378843e-04 4.757042253521124864e-01 2.852112676056336657e-02 7.394366197183095679e-03 3.521126760563378843e-04 3.521126760563378843e-04 1.447183098591548756e-01 3.521126760563378843e-04 1.443661971830985206e-02 2.499999999999998751e-02 3.521126760563378843e-04 3.521126760563378843e-04 3.521126760563378843e-04 3.521126760563378843e-04 3.521126760563378843e-04 3.521126760563378843e-04
1.494768310911808503e-04 9.282511210762330045e-02 1.494768310911808503e-04 3.872944693572495933e-01 3.139013452914797640e-03 1.331838565022421261e-01 1.494768310911808503e-04 1.494768310911808503e-04 3.139013452914797640e-03 6.128550074738414212e-03 1.509715994020926523e-02 1.494768310911808503e-04 1.210762331838564736e-02 1.494768310911808503e-04 1.494768310911808503e-04 1.494768310911808503e-04 1.494768310911808503e-04 1.494768310911808503e-04 1.494768310911808503e-04 1.494768310911808503e-04 1.944693572496262735e-01 1.494768310911808503e-04 1.494768310911808503e-04 1.494768310911808503e-04 1.494768310911808503e-04 1.494768310911808503e-04 1.659192825112107417e-02 1.331838565022421261e-01 1.494768310911808503e-04 1.494768310911808503e-04
1.484662576687116077e-02 1.228220858895705120e-01 2.576687116564416354e-03 1.226993865030674648e-04 5.030674846625764890e-03 1.226993865030674648e-04 1.226993865030674648e-04 2.576687116564416354e-03 1.226993865030674648e-04 7.484662576687114294e-03 2.576687116564416354e-03 1.484662576687116077e-02 3.325153374233127956e-02 1.226993865030674648e-04 1.226993865030674648e-04 1.226993865030674648e-04 1.349693251533742085e-03 2.711656441717790952e-02 2.576687116564416354e-03 1.105521472392637650e-01 5.533742331288342420e-02 1.226993865030674648e-04 3.964417177914109636e-01 1.226993865030674648e-04 9.938650306748463698e-03 1.226993865030674648e-04 1.473619631901839921e-01 1.730061349693250844e-02 2.098159509202453601e-02 3.803680981595091055e-03
5.076759061833687747e-01 6.204690831556502334e-02 2.132196162046907950e-04 2.132196162046907950e-04 2.132196162046907950e-04 2.132196162046907950e-04 2.132196162046907950e-04 2.132196162046907950e-04 2.132196162046907950e-04 2.132196162046907950e-04 2.132196162046907950e-04 2.132196162046907950e-04 1.940298507462686131e-02 2.132196162046907950e-04 2.132196162046907950e-04 1.921108742004263847e-01 2.132196162046907950e-04 2.345415778251598582e-03 4.477611940298506857e-03 2.793176972281449094e-02 1.494669509594882262e-01 2.132196162046907950e-04 2.132196162046907950e-04 2.132196162046907950e-04 2.132196162046907950e-04 2.132196162046907950e-04 2.793176972281449094e-02 2.345415778251598582e-03 2.132196162046907950e-04 2.132196162046907950e-04
5.330396475770926568e-02 4.405286343612336078e-04 4.405286343612336078e-04 2.427312775330397188e-01 4.405286343612336078e-04 4.845814977973569686e-03 4.405286343612336078e-04 4.405286343612336078e-04 4.405286343612336078e-04 4.405286343612336078e-04 4.845814977973569686e-03 4.405286343612336078e-04 4.405286343612336078e-04 4.405286343612336078e-04 4.405286343612336078e-04 4.845814977973569686e-03 4.405286343612336078e-04 4.405286343612336078e-04 4.405286343612336078e-04 1.017621145374449643e-01 9.295154185022029558e-02 4.405286343612336078e-04 3.220264317180617231e-01 4.405286343612336078e-04 4.405286343612336078e-04 4.405286343612336078e-04 1.193832599118943155e-01 4.405286343612336078e-04 4.449339207048459005e-02 4.405286343612336078e-04
1.251564455569461481e-04 1.002503128911138575e-01 1.140175219023779329e-01 1.251564455569461481e-04 1.251564455569461481e-04 9.274092615769709280e-02 1.251564455569461481e-04 1.251564455569461481e-04 7.634543178973714900e-03 1.389236545682102225e-02 1.251564455569461481e-04 7.634543178973714900e-03 3.767209011264079088e-02 3.543178973717145963e-01 1.376720901126407765e-03 8.886107634543175676e-03 1.251564455569461481e-04 1.264080100125155974e-02 1.251564455569461481e-04 1.251564455569461481e-04 2.066332916145180720e-01 1.251564455569461481e-04 1.251564455569461481e-04 1.251564455569461481e-04 1.376720901126407765e-03 1.251564455569461481e-04 1.251564455569461481e-04 1.251564455569461481e-04 1.251564455569461481e-04 3.892365456821025166e-02
4.291845493562232612e-04 8.626609442060087507e-02 4.291845493562232612e-04 4.291845493562232612e-04 5.622317596566524245e-02 3.905579399141631547e-02 4.291845493562232612e-04 4.291845493562232612e-04 4.291845493562232612e-04 4.291845493562232612e-04 4.291845493562232612e-04 4.291845493562232612e-04 4.291845493562232612e-04 4.291845493562232612e-04 4.291845493562232612e-04 4.291845493562232612e-04 4.291845493562232612e-04 6.484978540772532440e-01 3.905579399141631547e-02 4.291845493562232612e-04 1.077253218884120373e-01 4.291845493562232612e-04 4.721030042918456307e-03 4.291845493562232612e-04 4.291845493562232612e-04 4.291845493562232612e-04 4.291845493562232612e-04 4.291845493562232612e-04 9.012875536480688052e-03 4.291845493562232612e-04
7.042253521126764192e-04 3.591549295774649347e-02 7.042253521126764192e-04 7.042253521126764192e-04 2.183098591549296683e-02 7.042253521126764192e-04 7.042253521126764192e-04 6.408450704225354677e-02 3.591549295774649347e-02 7.042253521126764192e-04 7.042253521126764192e-04 7.042253521126764192e-04 7.746478873239440177e-03 7.042253521126764192e-04 7.042253521126764192e-04 2.887323943661972842e-02 5.359154929577466531e-01 6.408450704225354677e-02 7.042253521126764192e-04 7.746478873239440177e-03 7.112676056338031183e-02 7.042253521126764192e-04 7.042253521126764192e-04 7.112676056338031183e-02 7.042253521126764192e-04 7.042253521126764192e-04 4.295774647887325159e-02 7.042253521126764192e-04 7.042253521126764192e-04 7.042253521126764192e-04
4.366812227074236990e-04 4.847161572052402501e-02 1.882096069868996191e-01 4.366812227074236990e-04 4.410480349344979289e-02 4.366812227074236990e-04 4.366812227074236990e-04 4.366812227074236990e-04 4.366812227074236990e-04 4.366812227074236990e-04 4.366812227074236990e-04 4.366812227074236990e-04 4.366812227074236990e-04 9.170305676855897842e-03 4.366812227074236990e-04 4.366812227074236990e-04 1.353711790393013516e-02 4.410480349344979289e-02 9.170305676855897842e-03 4.366812227074236990e-04 5.283842794759826406e-02 4.589519650655022875e-01 8.340611353711793741e-02 4.366812227074236990e-04 4.366812227074236990e-04 4.366812227074236990e-04 4.366812227074236990e-04 4.366812227074236990e-04 4.803493449781661394e-03 3.537117903930131479e-02
9.139784946236555879e-03 1.148745519713261359e-01 1.792114695340501520e-04 1.792114695340501520e-04 1.792114695340501520e-04 1.792114695340501520e-04 1.792114695340501520e-04 1.792114695340501520e-04 1.792114695340501520e-04 1.792114695340501520e-04 1.792114695340501520e-04 1.792114695340501520e-04 9.139784946236555879e-03 1.792114695340501520e-04 1.792114695340501520e-04 1.792114695340501520e-04 1.792114695340501520e-04 3.532258064516128337e-01 1.792114695340501520e-04 1.792114695340501520e-04 4.677419354838709131e-02 1.971326164874551753e-03 2.044802867383511968e-01 1.792114695340501520e-04 1.792114695340501520e-04 1.792114695340501520e-04 1.792114695340501520e-04 1.792114695340501520e-04 4.498207885304658649e-02 2.116487455197132161e-01
1.116071428571428537e-04 1.362723214285714024e-01 9.040178571428570536e-03 1.116071428571428537e-04 3.805803571428571092e-02 1.116071428571428537e-04 1.116071428571428537e-04 1.116071428571428537e-04 1.116071428571428537e-04 1.116071428571428537e-04 1.116071428571428537e-04 1.116071428571428537e-04 1.116071428571428537e-04 1.116071428571428537e-04 1.116071428571428537e-04 3.359374999999999861e-02 1.116071428571428537e-04 1.796874999999999861e-02 1.116071428571428537e-04 1.116071428571428537e-04 1.407366071428571286e-01 1.116071428571428537e-04 1.116071428571428537e-04 1.116071428571428537e-04 1.116071428571428537e-04 1.116071428571428537e-04 1.116071428571428537e-04 3.459821428571428423e-03 1.329241071428571286e-01 4.856026785714285254e-01
6.265356265356263575e-03 2.028255528255527573e-01 2.837837837837837301e-02 4.926289926289924986e-02 1.228501228501228200e-04 2.579852579852579247e-03 1.228501228501228200e-04 2.469287469287468825e-02 1.228501228501228200e-04 1.070024570024569605e-01 1.609336609336608701e-02 3.697788697788696732e-02 6.277641277641275719e-02 6.646191646191644542e-02 1.228501228501228200e-04 2.346437346437346000e-02 1.228501228501228200e-04 1.117936117936117572e-02 2.579852579852579247e-03 1.228501228501228200e-04 1.180589680589680251e-01 1.228501228501228200e-04 9.103194103194099662e-02 1.228501228501228200e-04 6.265356265356263575e-03 1.228501228501228200e-04 1.228501228501228200e-04 1.228501228501228200e-04 7.014742014742013365e-02 7.260442260442258322e-02
2.732240437158469401e-04 1.286885245901638886e-01 4.672131147540982410e-02 2.732240437158469401e-04 5.737704918032784929e-03 8.224043715846991731e-02 2.486338797814206802e-02 2.732240437158469401e-04 2.732240437158469401e-04 2.732240437158469401e-04 2.732240437158469401e-04 2.732240437158469401e-04 7.131147540983605315e-02 2.732240437158469401e-04 2.732240437158469401e-04 5.737704918032784929e-03 2.732240437158469401e-04 3.306010928961747308e-02 2.732240437158469401e-04 1.642076502732240095e-01 2.732240437158469401e-04 6.038251366120216818e-02 3.581967213114752857e-01 2.732240437158469401e-04 2.732240437158469401e-04 2.732240437158469401e-04 2.732240437158469401e-04 2.732240437158469401e-04 1.120218579234972221e-02 3.005464480874316287e-03
2.638190954773868800e-03 1.182160804020100098e-01 8.052763819095475062e-02 1.394472361809044776e-02 1.256281407035175464e-04 1.394472361809044776e-02 1.256281407035175464e-04 3.530150753768843130e-02 1.256281407035175464e-04 3.894472361809044048e-03 1.256281407035175464e-04 1.256281407035175464e-04 2.463567839195979214e-01 1.256281407035175464e-04 1.256281407035175464e-04 1.256281407035175464e-04 1.256281407035175464e-04 4.283919597989948452e-02 1.256281407035175464e-04 1.256281407035175464e-04 7.927135678391958318e-02 2.022613065326632834e-02 6.670854271356782550e-02 1.381909547738693119e-03 1.256281407035175464e-04 2.638190954773868800e-03 1.256281407035175464e-04 1.381909547738693119e-03 6.922110552763817426e-02 1.998743718592964069e-01
1.355013550135501354e-04 1.315718157181571812e-01 1.355013550135501354e-04 1.355013550135501354e-04 1.355013550135501354e-04 1.207317073170731669e-01 1.112466124661246475e-01 1.355013550135501354e-04 1.355013550135501354e-04 2.588075880758807651e-02 2.845528455284553060e-03 1.355013550135501354e-04 3.265582655826558545e-02 1.355013550135501354e-04 5.555555555555554900e-03 2.046070460704606936e-02 1.355013550135501354e-04 2.588075880758807651e-02 2.845528455284553060e-03 1.058265582655826542e-01 7.872628726287263234e-02 1.355013550135501354e-04 2.575880758807588267e-01 1.490514905149051706e-03 1.639566395663956747e-02 5.555555555555554900e-03 1.490514905149051706e-03 2.845528455284553060e-03 1.355013550135501354e-04 4.891598915989159996e-02
3.086419753086418606e-04 4.969135802469134416e-02 3.086419753086418606e-04 6.820987654320985472e-02 3.086419753086418606e-04 1.175925925925925541e-01 3.086419753086418606e-04 6.203703703703702249e-02 3.086419753086418606e-04 6.481481481481479560e-03 3.086419753086418606e-04 3.086419753086418606e-04 1.854938271604937572e-01 3.086419753086418606e-04 3.086419753086418606e-04 3.086419753086418606e-04 3.086419753086418606e-04 3.086419753086418606e-04 2.808641975308640709e-02 1.391975308641974773e-01 3.086419753086418606e-04 2.564814814814813659e-01 7.438271604938269388e-02 3.086419753086418606e-04 3.086419753086418606e-04 3.086419753086418606e-04 3.086419753086418606e-04 3.086419753086418606e-04 3.395061728395060846e-03 3.395061728395060846e-03
3.184713375796177637e-04 6.719745222929934814e-02 2.579617834394903539e-02 3.184713375796177637e-04 1.305732484076432484e-02 3.184713375796177637e-04 2.579617834394903539e-02 3.184713375796177637e-04 3.184713375796177637e-04 3.184713375796177637e-04 3.184713375796177637e-04 3.184713375796177637e-04 2.009554140127387811e-01 3.184713375796177637e-04 3.184713375796177637e-04 3.184713375796177637e-04 3.184713375796177637e-04 1.977707006369426035e-01 3.184713375796177637e-04 4.490445859872609774e-02 7.038216560509552577e-02 6.082802547770698592e-02 1.659235668789808271e-01 3.184713375796177637e-04 3.184713375796177637e-04 3.184713375796177637e-04 3.184713375796177637e-04 3.184713375796177637e-04 3.184713375796177637e-04 1.213375796178343541e-01
3.389830508474575956e-04 7.491525423728812028e-02 1.389830508474575871e-02 1.050847457627118557e-02 3.389830508474575956e-04 2.918644067796609676e-01 3.389830508474575956e-04 7.118644067796608965e-03 3.389830508474575956e-04 3.389830508474575956e-04 3.389830508474575956e-04 3.389830508474575956e-04 3.389830508474575956e-04 3.389830508474575956e-04 3.389830508474575956e-04 3.389830508474575956e-04 3.389830508474575956e-04 3.389830508474575956e-04 3.389830508474575956e-04 7.152542372881355581e-02 4.440677966101693602e-02 7.118644067796608965e-03 2.647457627118643408e-01 1.728813559322033358e-02 3.389830508474575956e-04 3.389830508474575956e-04 1.596610169491525233e-01 1.389830508474575871e-02 1.728813559322033358e-02 3.389830508474575956e-04
1.519337016574585615e-03 1.451657458563535563e-01 2.900552486187845010e-03 2.900552486187845010e-03 1.381215469613259503e-04 5.676795580110496203e-02 1.037292817679557749e-01 1.381215469613259503e-04 1.381215469613259503e-04 1.037292817679557749e-01 1.381215469613259503e-04 1.381215469613259503e-04 3.052486187845303636e-02 1.381215469613259503e-04 1.381215469613259503e-04 5.662983425414363364e-03 1.533149171270717891e-02 1.381215469613259503e-04 1.381215469613259503e-04 9.820441988950273648e-02 1.381215469613259503e-04 1.381215469613259503e-04 3.191988950276242742e-01 1.381215469613259503e-04 1.381215469613259503e-04 1.381215469613259503e-04 1.381215469613259503e-04 1.519337016574585615e-03 2.900552486187845010e-03 1.078729281767955572e-01
1.088139281828073775e-04 2.699673558215450742e-01 1.088139281828073775e-04 2.285092491838954833e-03 1.088139281828073775e-04 3.057671381936887325e-02 1.207834602829161753e-02 7.725788900979323193e-03 1.088139281828073775e-04 4.472252448313383116e-02 1.088139281828073775e-04 2.622415669205657718e-02 5.778019586507071592e-02 1.088139281828073775e-04 1.088139281828073775e-04 1.088139281828073775e-04 1.534276387377583872e-02 1.196953210010881247e-03 1.088139281828073775e-04 4.689880304678997747e-02 1.088139281828073775e-04 1.088139281828073775e-04 3.004352557127311640e-01 1.088139281828073775e-04 1.207834602829161753e-02 1.196953210010881247e-03 1.088139281828073775e-04 1.088139281828073775e-04 1.088139281828073775e-04 1.698585418933623026e-01
5.982905982905981600e-03 2.054131054131053402e-01 2.849002849002848278e-04 2.849002849002848278e-04 2.849002849002848278e-04 8.290598290598288900e-02 2.022792022792022082e-02 2.849002849002848278e-04 2.849002849002848278e-04 2.849002849002848278e-04 2.849002849002848278e-04 2.849002849002848278e-04 2.022792022792022082e-02 2.849002849002848278e-04 2.849002849002848278e-04 2.849002849002848278e-04 2.849002849002848278e-04 3.162393162393161566e-02 2.849002849002848278e-04 1.797720797720797070e-01 5.982905982905981600e-03 2.849002849002848278e-04 2.538461538461537215e-01 2.849002849002848278e-04 1.452991452991452340e-02 2.849002849002848278e-04 5.156695156695155491e-02 2.849002849002848278e-04 2.849002849002848278e-04 1.227920227920227536e-01
2.212389380530973150e-04 1.440265486725663124e-01 1.792035398230087950e-02 6.858407079646015869e-03 2.212389380530973150e-04 3.033185840707963710e-01 2.898230088495574314e-02 2.212389380530973150e-04 2.212389380530973150e-04 1.792035398230087950e-02 2.212389380530973150e-04 2.212389380530973150e-04 1.130530973451327192e-01 2.212389380530973150e-04 2.212389380530973150e-04 3.340707964601768998e-02 9.070796460176987555e-03 1.570796460176990608e-02 4.646017699115043316e-03 4.446902654867256055e-02 5.331858407079644729e-02 2.212389380530973150e-04 9.314159292035396887e-02 2.212389380530973150e-04 4.646017699115043316e-03 2.212389380530973150e-04 7.544247787610618150e-02 2.234513274336282634e-02 2.212389380530973150e-04 9.070796460176987555e-03
1.463022508038584919e-02 1.302250803858520656e-02 1.607717041800642852e-04 5.160771704180063674e-02 1.607717041800642852e-04 1.689710610932475543e-01 1.607717041800642852e-04 1.607717041800642852e-04 3.376205787781349880e-03 1.607717041800642852e-04 1.607717041800642852e-04 1.607717041800642852e-04 1.641479099678456177e-01 4.983922829581992515e-03 1.607717041800642852e-04 1.607717041800642852e-04 8.215434083601284854e-02 1.287781350482314902e-01 1.607717041800642852e-04 1.607717041800642852e-04 1.078778135048231168e-01 1.623794212218649183e-02 1.607717041800642852e-04 1.768488745980707245e-03 9.019292604501606692e-02 1.607717041800642852e-04 1.175241157556269761e-01 3.070739549839228075e-02 1.607717041800642852e-04 1.768488745980707245e-03
9.489051094890508728e-03 1.460896767466110246e-01 1.042752867570385656e-04 1.783107403545359376e-02 1.042752867570385656e-04 1.575599582898852546e-01 1.042752867570385656e-04 9.489051094890508728e-03 1.042752867570385656e-04 1.042752867570385656e-04 1.042752867570385656e-04 5.318039624608966211e-03 4.389989572471323515e-02 1.042752867570385656e-04 1.042752867570385656e-04 1.042752867570385656e-04 1.042752867570385656e-04 5.318039624608966211e-03 1.042752867570385656e-04 3.004171011470281316e-01 6.360792492179351623e-03 4.275286757038580798e-03 2.347236704900937942e-01 1.042752867570385656e-04 1.042752867570385656e-04 1.042752867570385656e-04 1.042752867570385656e-04 1.042752867570385656e-04 1.042752867570385656e-04 5.745568300312824811e-02
1.406469760900140402e-04 1.534458509142053173e-01 1.547116736990154524e-03 1.406469760900140402e-04 1.406469760900140402e-04 6.905766526019689600e-02 4.360056258790435436e-03 1.547116736990154524e-03 1.406469760900140402e-04 5.358649789029535510e-02 1.406469760900140402e-04 5.766526019690574809e-03 2.953586497890295197e-03 1.406469760900140402e-04 1.406469760900140402e-04 7.172995780590715915e-03 9.985935302390997262e-03 1.406469760900140402e-04 1.406469760900140402e-04 3.194092827004219037e-01 1.406469760900140402e-04 1.406469760900140402e-04 2.814345991561180704e-01 1.406469760900140402e-04 1.406469760900140402e-04 4.360056258790435436e-03 5.766526019690574809e-03 1.406469760900140402e-04 5.766526019690574809e-03 7.187060478199717994e-02
6.783369803063456042e-03 5.054704595185994381e-02 2.188183807439824486e-04 2.188183807439824486e-04 2.210065645514222576e-02 4.595185995623631177e-03 1.840262582056892138e-01 1.074398249452953868e-01 2.188183807439824486e-04 4.595185995623631177e-03 2.407002188183807179e-03 2.188183807439824486e-04 2.188183807439824486e-04 2.188183807439824486e-04 2.188183807439824486e-04 2.407002188183807179e-03 2.407002188183807179e-03 2.188183807439824486e-04 2.188183807439824486e-04 1.862144420131290334e-01 2.188183807439824486e-04 1.621444201312909894e-01 6.783369803063456042e-03 1.334792122538292804e-02 2.407002188183807179e-03 2.188183807439824486e-04 2.387308533916848163e-01 2.188183807439824486e-04 2.188183807439824486e-04 2.188183807439824486e-04
2.358490566037735867e-04 8.278301886792453768e-02 1.464622641509434053e-01 2.358490566037735867e-04 2.358490566037735867e-04 2.358490566037735867e-04 1.674528301886792428e-02 2.358490566037735867e-04 2.382075471698113026e-02 2.358490566037735867e-04 6.627358490566037652e-02 2.382075471698113026e-02 2.594339622641509725e-03 7.099056603773584717e-02 2.853773584905660438e-02 2.358490566037735867e-04 2.358490566037735867e-04 2.358490566037735867e-04 2.358490566037735867e-04 2.358490566037735867e-04 5.212264150943396457e-02 2.358490566037735867e-04 3.561320754716981035e-02 2.358490566037735867e-04 2.358490566037735867e-04 2.358490566037735867e-04 2.358490566037735867e-04 2.358490566037735867e-04 5.212264150943396457e-02 3.941037735849056700e-01
2.801120448179270973e-04 7.030812324929970603e-02 8.431372549019605644e-02 2.801120448179270973e-04 2.801120448179270973e-04 2.549019607843136179e-02 2.801120448179270973e-04 2.801120448179270973e-04 2.801120448179270973e-04 2.801120448179270973e-04 2.801120448179270973e-04 2.801120448179270973e-04 2.187675070028010371e-01 2.801120448179270973e-04 2.801120448179270973e-04 2.801120448179270973e-04 2.801120448179270973e-04 2.801120448179270973e-04 3.081232492997198341e-03 1.515406162464985607e-01 8.683473389355739203e-03 2.801120448179270973e-04 2.523809523809522615e-01 2.801120448179270973e-04 2.801120448179270973e-04 2.801120448179270973e-04 2.801120448179270973e-04 3.109243697478990612e-02 6.190476190476188606e-02 8.711484593837533208e-02
1.442857142857142672e-01 4.428571428571428936e-02 1.585714285714285576e-01 1.428571428571428570e-03 1.428571428571428570e-03 1.428571428571428570e-03 1.428571428571428570e-03 3.000000000000000236e-02 5.857142857142856596e-02 1.428571428571428570e-03 1.428571428571428570e-03 1.428571428571428570e-03 1.428571428571428570e-03 1.571428571428571536e-02 1.428571428571428570e-03 1.428571428571428570e-03 1.428571428571428570e-03 1.428571428571428570e-03 1.014285714285714235e-01 1.428571428571428570e-03 2.585714285714286187e-01 1.428571428571428570e-03 3.000000000000000236e-02 1.428571428571428570e-03 1.428571428571428570e-03 1.428571428571428570e-03 3.000000000000000236e-02 1.428571428571428570e-03 1.014285714285714235e-01 1.428571428571428570e-03
1.253132832080200215e-04 5.776942355889722741e-02 1.253132832080200215e-04 8.897243107769420983e-03 1.253132832080200215e-04 1.379699248120300203e-01 6.528822055137842306e-02 1.253132832080200215e-04 1.253132832080200215e-04 6.904761904761902436e-02 1.253132832080200215e-04 1.253132832080200215e-04 1.253132832080200215e-04 1.253132832080200215e-04 1.253132832080200215e-04 1.378446115288220345e-03 1.253132832080200215e-04 2.631578947368420560e-03 1.253132832080200215e-04 1.417293233082706216e-01 3.897243107769422787e-02 1.378446115288220345e-03 3.422305764411026630e-01 1.253132832080200215e-04 4.147869674185462874e-02 1.253132832080200215e-04 5.137844611528820556e-03 7.644110275689220552e-03 1.766917293233082054e-02 5.902255639097742784e-02
1.031991744066047308e-04 6.099071207430339231e-02 2.177502579979359934e-02 3.199174406604746342e-03 1.248710010319917067e-02 2.074303405572755152e-02 1.031991744066047308e-04 2.280701754385964369e-02 1.031991744066047308e-04 2.796697626418988281e-02 1.867905056759545587e-02 2.715170278637770718e-01 5.263157894736840252e-03 1.031991744066047308e-04 4.860681114551082538e-02 1.661506707946336023e-02 8.472652218782247835e-02 1.031991744066047308e-04 1.031991744066047308e-04 8.359133126934982852e-03 7.543859649122804101e-02 3.199174406604746342e-03 1.031991744066047308e-04 5.263157894736840252e-03 1.208462332301341313e-01 1.031991744066047308e-04 2.177502579979359934e-02 1.031991744066047308e-04 1.487100103199174017e-01 1.031991744066047308e-04
2.202643171806166955e-04 2.224669603524228462e-02 2.202643171806166955e-04 2.202643171806166955e-04 2.202643171806166955e-04 3.766519823788545829e-02 1.742290748898677744e-01 2.202643171806166955e-04 2.138766519823787904e-01 2.202643171806166955e-04 6.409691629955946435e-02 2.202643171806166955e-04 2.202643171806166955e-04 2.665198237885461896e-02 2.202643171806166955e-04 3.766519823788545829e-02 2.422907488986783542e-03 2.202643171806166955e-04 2.202643171806166955e-04 1.742290748898677744e-01 1.103524229074889645e-01 2.202643171806166955e-04 2.202643171806166955e-04 2.202643171806166955e-04 2.202643171806166955e-04 3.986784140969162199e-02 2.202643171806166955e-04 2.202643171806166955e-04 5.969162995594712307e-02 3.325991189427311701e-02
2.016129032258063701e-04 1.574596774193547655e-01 2.016129032258063701e-04 4.233870967741934152e-03 2.842741935483869553e-02 5.183467741935482431e-01 2.016129032258063701e-04 2.016129032258063701e-04 2.016129032258063701e-04 2.016129032258063701e-04 2.016129032258063701e-04 2.217741935483870126e-03 8.487903225806447960e-02 2.016129032258063701e-04 2.217741935483870126e-03 1.431451612903225125e-02 2.036290322580644116e-02 2.016129032258063701e-04 2.016129032258063701e-04 3.044354838709675826e-02 4.455645161290321121e-02 2.016129032258063701e-04 4.233870967741934152e-03 2.217741935483870126e-03 2.016129032258063701e-04 2.016129032258063701e-04 2.016129032258063701e-04 5.665322580645158757e-02 2.016129032258063701e-04 2.641129032258063281e-02
4.123222748815165428e-02 7.282780410742495381e-02 1.579778830963664954e-04 2.385466034755133816e-02 1.028436018957345766e-01 2.007898894154817870e-01 1.579778830963664954e-04 2.086887835703001015e-01 1.579778830963664954e-04 1.579778830963664954e-04 1.579778830963664954e-04 8.862559241706159663e-02 5.229067930489730842e-02 1.579778830963664954e-04 1.579778830963664954e-04 1.579778830963664954e-04 1.579778830963664954e-04 1.579778830963664954e-04 8.056872037914690129e-03 6.334913112164296256e-02 7.598736176935227959e-02 4.755134281200631280e-02 1.579778830963664954e-04 1.579778830963664954e-04 8.056872037914690129e-03 3.317535545023696242e-03 1.579778830963664954e-04 1.579778830963664954e-04 1.579778830963664954e-04 1.579778830963664954e-04
5.573122529644269907e-02 7.154150197628460217e-02 3.952569169960475342e-04 3.952569169960475342e-04 5.142292490118578474e-01 3.201581027667984441e-02 3.952569169960475342e-04 1.620553359683794825e-02 3.952569169960475342e-04 3.952569169960475342e-04 3.952569169960475342e-04 3.952569169960475342e-04 1.505928853754941177e-01 8.300395256916998435e-03 3.952569169960475342e-04 3.952569169960475342e-04 3.952569169960475342e-04 3.952569169960475342e-04 2.806324110671937211e-02 3.952569169960475342e-04 5.968379446640317137e-02 1.225296442687747421e-02 3.952569169960475342e-04 3.952569169960475342e-04 4.387351778656127521e-02 3.952569169960475342e-04 3.952569169960475342e-04 3.952569169960475342e-04 3.952569169960475342e-04 3.952569169960475342e-04
5.893536121673002837e-03 2.680608365019010800e-02 1.349809885931558574e-02 1.901140684410645998e-04 1.901140684410645998e-04 3.024714828897337449e-01 5.152091254752851068e-02 1.901140684410645998e-04 1.901140684410645998e-04 1.901140684410645998e-04 1.901140684410645998e-04 1.901140684410645998e-04 8.003802281368820049e-02 1.901140684410645998e-04 1.901140684410645998e-04 1.901140684410645998e-04 2.091254752851710950e-03 4.201520912547528075e-02 1.901140684410645998e-04 3.519011406844105849e-01 7.794676806083648130e-03 2.091254752851710950e-03 6.102661596958174062e-02 1.901140684410645998e-04 2.091254752851710950e-03 1.901140684410645998e-04 2.091254752851710950e-03 1.901140684410645998e-04 1.901140684410645998e-04 4.581749049429657134e-02
2.772727272727273581e-02 4.545454545454547619e-04 4.545454545454547619e-04 3.686363636363637619e-01 4.545454545454547619e-04 3.004545454545455296e-01 4.545454545454547619e-04 4.545454545454547619e-04 4.545454545454547619e-04 4.545454545454547619e-04 4.545454545454547619e-04 4.545454545454547619e-04 4.545454545454547619e-04 4.545454545454547619e-04 4.545454545454547619e-04 4.545454545454547619e-04 4.545454545454547619e-04 3.227272727272728625e-02 4.545454545454547619e-04 4.545454545454547619e-04 4.545454545454547619e-04 4.545454545454547619e-04 9.545454545454549675e-03 5.000000000000002706e-03 4.545454545454547619e-04 4.545454545454547619e-04 2.459090909090910215e-01 4.545454545454547619e-04 4.545454545454547619e-04 4.545454545454547619e-04
3.042704626334519213e-02 2.101423487544483437e-01 1.441281138790035179e-02 5.533807829181493915e-02 1.779359430604982061e-04 1.104982206405693695e-01 1.779359430604982061e-04 1.779359430604982061e-04 1.779359430604982061e-04 1.779359430604982061e-04 1.779359430604982061e-04 1.779359430604982061e-04 2.243772241992882110e-01 1.779359430604982061e-04 1.779359430604982061e-04 1.779359430604982061e-04 5.516014234875444254e-03 1.816725978647686368e-01 1.779359430604982061e-04 1.779359430604982061e-04 3.398576512455515897e-02 9.074733096085406750e-03 1.779359430604982061e-04 1.085409252669038843e-02 1.779359430604982061e-04 3.736654804270462139e-03 1.779359430604982061e-04 9.074733096085406750e-03 1.779359430604982061e-04 9.804270462633450645e-02
2.475247524752474735e-04 5.717821782178216655e-02 1.262376237623761936e-02 1.509900990099009334e-02 2.551980198019800916e-01 2.475247524752474735e-04 2.475247524752474735e-04 2.475247524752474735e-04 2.475247524752474735e-04 1.388613861386138182e-01 2.475247524752474735e-04 4.232673267326731575e-02 8.193069306930690632e-02 2.722772277227722155e-03 2.475247524752474735e-04 2.475247524752474735e-04 2.475247524752474735e-04 2.475247524752474735e-04 2.997524752475246301e-01 2.475247524752474735e-04 5.717821782178216655e-02 2.475247524752474735e-04 1.757425742574256905e-02 2.475247524752474735e-04 2.475247524752474735e-04 2.475247524752474735e-04 5.198019801980196565e-03 2.475247524752474735e-04 1.014851485148514539e-02 2.475247524752474735e-04
3.412969283276451630e-04 3.412969283276451630e-04 1.709897610921502220e-01 3.412969283276451630e-04 3.412969283276451630e-04 3.412969283276451630e-04 3.412969283276451630e-04 3.412969283276451630e-04 3.412969283276451630e-04 3.412969283276451630e-04 3.412969283276451630e-04 3.412969283276451630e-04 3.006825938566553558e-01 3.754266211604096685e-03 3.412969283276451630e-04 3.412969283276451630e-04 3.412969283276451630e-04 3.412969283276451630e-04 3.412969283276451630e-04 4.129692832764506050e-02 1.300341296928327894e-01 2.423208191126280039e-02 4.812286689419795899e-02 3.412969283276451630e-04 3.412969283276451630e-04 3.412969283276451630e-04 3.412969283276451630e-04 3.412969283276451630e-04 5.153583617747441170e-02 2.221843003412969642e-01
1.245330012453300060e-04 6.612702366127022613e-02 2.615193026151930045e-03 4.359900373599003287e-01 1.369863013698630148e-03 1.570361145703611239e-01 7.596513075965129203e-03 1.245330012453300060e-04 1.008717310087172900e-02 3.250311332503112716e-02 1.245330012453300060e-04 1.245330012453300060e-04 1.245330012453300060e-04 1.245330012453300060e-04 1.245330012453300060e-04 1.245330012453300060e-04 1.245330012453300060e-04 1.245330012453300060e-04 1.245330012453300060e-04 4.744707347447073287e-02 8.978829389788292592e-02 1.245330012453300060e-04 1.245330012453300060e-04 1.245330012453300060e-04 1.506849315068492859e-02 1.245330012453300060e-04 1.009962640099626163e-01 6.351183063511829305e-03 2.503113325031133124e-02 1.245330012453300060e-04
1.273885350318470946e-04 1.031847133757961450e-02 1.273885350318470946e-04 1.273885350318470946e-04 1.796178343949043910e-02 2.549044585987260136e-01 1.273885350318470946e-04 1.273885350318470946e-04 1.273885350318470946e-04 1.273885350318470946e-04 1.273885350318470946e-04 1.401273885350318204e-03 9.044585987261143448e-03 1.273885350318470946e-04 1.273885350318470946e-04 1.273885350318470946e-04 3.834394904458597597e-02 4.447133757961782563e-01 1.668789808917196804e-02 5.108280254777068652e-02 4.598726114649680230e-02 1.273885350318470946e-04 1.273885350318470946e-04 2.675159235668789041e-03 1.273885350318470946e-04 1.401273885350318204e-03 1.273885350318470946e-04 3.197452229299362070e-02 1.273885350318470946e-04 7.146496815286622339e-02
3.401360544217685755e-04 4.455782312925168215e-02 3.401360544217685755e-04 3.401360544217685755e-04 3.401360544217685755e-04 3.741496598639454819e-03 3.401360544217685755e-04 3.401360544217685755e-04 3.401360544217685755e-04 3.401360544217685755e-04 3.401360544217685755e-04 3.401360544217685755e-04 3.401360544217685755e-04 3.401360544217685755e-04 3.401360544217685755e-04 5.037414965986392046e-01 2.010204081632652462e-01 3.401360544217685755e-04 3.401360544217685755e-04 4.795918367346936606e-02 1.908163265306121736e-01 3.401360544217685755e-04 3.401360544217685755e-04 3.401360544217685755e-04 3.401360544217685755e-04 3.401360544217685755e-04 3.401360544217685755e-04 3.401360544217685755e-04 3.401360544217685755e-04 3.401360544217685755e-04
1.524390243902438752e-04 8.094512195121950082e-02 2.301829268292682543e-02 1.676829268292682681e-03 7.774390243902437256e-03 3.187499999999999223e-01 1.524390243902438752e-04 1.524390243902438752e-04 1.524390243902438752e-04 1.524390243902438752e-04 6.249999999999998612e-03 1.524390243902438752e-04 7.942073170731706044e-02 1.524390243902438752e-04 1.524390243902438752e-04 6.249999999999998612e-03 1.524390243902438752e-04 6.265243902439023016e-02 1.524390243902438752e-04 4.283536585365853300e-02 4.725609756097559969e-03 9.298780487804875899e-03 7.027439024390243205e-02 1.524390243902438752e-04 1.539634146341463047e-02 1.524390243902438752e-04 1.769817073170731336e-01 8.551829268292682196e-02 1.524390243902438752e-04 6.249999999999998612e-03
2.898550724637680544e-04 2.898550724637680544e-04 2.898550724637680544e-04 2.898550724637680544e-04 2.898550724637680544e-04 2.347826086956520883e-02 2.898550724637680544e-04 2.898550724637680544e-04 2.898550724637680544e-04 2.898550724637680544e-04 2.898550724637680544e-04 2.898550724637680544e-04 1.104347826086956169e-01 2.898550724637680544e-04 2.898550724637680544e-04 2.898550724637680544e-04 2.347826086956520883e-02 5.857971014492751038e-01 2.898550724637680544e-04 2.898550724637680544e-04 7.275362318840578046e-02 4.086956521739128906e-02 5.536231884057969677e-02 8.985507246376808060e-03 2.898550724637680544e-04 2.898550724637680544e-04 2.637681159420288829e-02 1.188405797101448752e-02 3.188405797101448273e-03 3.217391304347824721e-02
1.319261213720316576e-04 2.204485488126648740e-01 1.319261213720316576e-04 1.319261213720316576e-04 1.451187335092348233e-03 1.319261213720316576e-04 1.319261213720316576e-04 2.770448548812664592e-03 1.319261213720316576e-04 2.770448548812664592e-03 1.319261213720316576e-04 1.319261213720316576e-04 2.072559366754617161e-01 1.319261213720316576e-04 1.319261213720316576e-04 1.319261213720316576e-04 1.319261213720316576e-04 4.089709762532980734e-03 1.319261213720316576e-04 5.408970976253296876e-03 5.408970976253296876e-03 2.507915567282321678e-01 1.860158311345646090e-02 1.319261213720316576e-04 4.089709762532980734e-03 2.770448548812664592e-03 1.319261213720316576e-04 1.319261213720316576e-04 2.387862796833772894e-02 2.481530343007915251e-01
5.121951219512192732e-02 3.569844789356983045e-02 4.656319290465629757e-03 1.088691796008868645e-01 2.217294900221728404e-04 4.235033259423501284e-02 2.217294900221728404e-04 2.439024390243901570e-03 2.217294900221728404e-04 3.791574279379155560e-02 2.217294900221728404e-04 2.217294900221728404e-04 2.217294900221728404e-04 6.873614190687358377e-03 2.217294900221728404e-04 2.217294900221728404e-04 6.873614190687358377e-03 2.217294900221728404e-04 2.217294900221728404e-04 4.126385809312636543e-01 9.556541019955649974e-02 9.334811529933476071e-02 2.217294900221728404e-04 2.439024390243901570e-03 8.669623059866958525e-02 2.217294900221728404e-04 2.217294900221728404e-04 2.217294900221728404e-04 2.217294900221728404e-04 9.090909090909085263e-03
3.154574132492113793e-04 7.602523659305994441e-02 3.470031545741325118e-03 3.154574132492113793e-04 6.624605678233438585e-03 6.624605678233438585e-03 5.394321766561514797e-02 3.154574132492113793e-04 4.763406940063091149e-02 3.154574132492113793e-04 3.154574132492113793e-04 3.154574132492113793e-04 6.624605678233438585e-03 3.154574132492113793e-04 3.154574132492113793e-04 3.154574132492113793e-04 3.154574132492113793e-04 3.154574132492113793e-04 3.154574132492113793e-04 1.012618296529968487e-01 5.709779179810726274e-02 2.747634069400630707e-01 8.548895899053628178e-02 3.154574132492113793e-04 3.154574132492113793e-04 3.154574132492113793e-04 2.526813880126183021e-01 3.154574132492113793e-04 2.239747634069400375e-02 3.154574132492113793e-04
5.586206896551726420e-02 6.896551724137933758e-04 6.896551724137933758e-04 6.896551724137933758e-04 6.896551724137933758e-04 6.896551724137933758e-04 6.896551724137933758e-04 1.662068965517242147e-01 6.896551724137933758e-04 7.586206896551727676e-03 6.896551724137933758e-04 6.896551724137933758e-04 6.896551724137933758e-04 7.586206896551727676e-03 6.896551724137933758e-04 3.800000000000001710e-01 4.896551724137932632e-02 6.896551724137933758e-04 2.137931034482759562e-02 6.896551724137933758e-04 2.006896551724138833e-01 6.896551724137933758e-04 6.965517241379312607e-02 2.827586206896552656e-02 6.896551724137933758e-04 6.896551724137933758e-04 6.896551724137933758e-04 6.896551724137933758e-04 6.896551724137933758e-04 6.896551724137933758e-04
2.747252747252746708e-04 3.324175824175822774e-02 2.747252747252746708e-04 1.126373626373625841e-02 1.401098901098900631e-02 5.744505494505492971e-01 2.747252747252746708e-04 2.747252747252746708e-04 2.747252747252746708e-04 2.747252747252746708e-04 2.747252747252746708e-04 1.950549450549449865e-02 2.747252747252746708e-04 2.747252747252746708e-04 2.747252747252746708e-04 2.747252747252746708e-04 5.769230769230767816e-03 2.747252747252746708e-04 2.747252747252746708e-04 2.612637362637361682e-01 2.747252747252746708e-04 2.747252747252746708e-04 2.747252747252746708e-04 2.747252747252746708e-04 3.021978021978021216e-03 2.747252747252746708e-04 6.895604395604393311e-02 2.747252747252746708e-04 2.747252747252746708e-04 3.021978021978021216e-03
