1.586872586872586366e-01 3.861003861003859360e-04 3.861003861003859360e-04 3.861003861003859360e-04 3.861003861003859360e-04 3.861003861003859360e-04 6.602316602316600502e-02 4.285714285714283672e-02 3.861003861003859360e-04 8.146718146718143205e-02 3.861003861003859360e-04 6.602316602316600502e-02 3.861003861003859360e-04 2.127413127413126659e-01 3.861003861003859360e-04 1.509652509652509023e-01 5.444015444015441740e-02 3.861003861003859360e-04 3.861003861003859360e-04 3.861003861003859360e-04 3.861003861003859360e-04 3.861003861003859360e-04 6.602316602316600502e-02 1.196911196911196358e-02 3.861003861003859360e-04 8.146718146718143205e-02 3.861003861003859360e-04 3.861003861003859360e-04 3.861003861003859360e-04 3.861003861003859360e-04
3.649635036496351220e-04 3.649635036496351220e-04 3.649635036496351220e-04 3.649635036496351220e-04 4.416058394160584516e-02 3.649635036496351220e-04 3.649635036496351220e-04 1.861313868613138911e-02 3.649635036496351220e-04 1.861313868613138911e-02 4.014598540145986397e-03 1.131386861313868862e-02 3.649635036496351220e-04 3.649635036496351220e-04 3.649635036496351220e-04 1.317518248175182927e-01 3.649635036496351220e-04 3.649635036496351220e-04 5.040145985401460749e-01 4.014598540145986397e-03 2.956204379562044418e-02 3.649635036496351220e-04 2.591240875912409133e-02 3.649635036496351220e-04 1.861313868613138911e-02 3.649635036496351220e-04 3.649635036496351220e-04 3.649635036496351220e-04 3.649635036496351220e-04 1.828467153284671909e-01
7.241379310344828006e-03 3.448275862068965795e-04 1.758620689655172181e-02 3.448275862068965795e-04 3.448275862068965795e-04 3.448275862068965795e-04 1.068965517241379261e-02 2.793103448275861822e-02 3.448275862068965795e-04 3.448275862068965795e-04 3.448275862068965795e-04 3.448275862068965795e-04 3.448275862068965795e-04 1.758620689655172181e-02 5.624137931034483007e-01 3.448275862068965795e-04 3.448275862068965795e-04 3.448275862068965795e-04 5.896551724137931438e-02 3.448275862068965795e-04 7.241379310344828006e-03 3.448275862068965795e-04 3.793103448275862537e-03 3.793103448275862537e-03 3.448275862068965795e-04 1.068965517241379261e-02 3.448275862068965795e-04 3.448275862068965795e-04 1.865517241379310298e-01 7.965517241379310720e-02
3.076923076923077029e-04 7.415384615384615352e-02 3.076923076923077029e-04 3.076923076923077029e-04 2.492307692307692280e-02 3.384615384615384786e-03 3.076923076923077029e-04 3.076923076923077029e-04 3.076923076923077029e-04 3.076923076923077029e-04 3.076923076923077029e-04 3.076923076923077029e-04 3.384615384615384786e-03 3.076923076923077029e-04 1.633846153846153781e-01 3.076923076923077029e-04 3.076923076923077029e-04 3.076923076923077029e-04 3.076923076923077029e-04 3.076923076923077029e-04 3.076923076923077029e-04 3.941538461538461324e-01 3.076923076923077029e-04 2.184615384615384501e-02 6.184615384615384931e-02 1.261538461538461511e-02 3.076923076923077029e-04 3.384615384615384786e-03 3.076923076923077029e-04 2.310769230769230687e-01
7.575757575757577919e-04 7.575757575757577919e-04 8.333333333333334952e-03 7.575757575757577919e-04 7.575757575757577919e-04 7.575757575757577919e-04 7.575757575757577919e-04 7.575757575757577919e-04 1.590909090909091439e-02 7.575757575757577919e-04 7.575757575757577919e-04 7.575757575757577919e-04 1.143939393939394228e-01 5.378787878787879423e-02 2.348484848484849036e-02 1.522727272727273096e-01 7.575757575757577919e-04 7.575757575757577919e-04 2.583333333333334147e-01 7.575757575757577919e-04 7.575757575757577919e-04 7.575757575757577919e-04 7.575757575757577919e-04 7.575757575757577919e-04 7.575757575757577919e-04 8.333333333333334952e-03 7.575757575757577919e-04 7.575757575757577919e-04 2.583333333333334147e-01 9.166666666666668795e-02
7.317073170731707744e-03 7.317073170731707744e-03 3.484320557491289196e-04 3.484320557491289196e-04 3.484320557491289196e-04 3.867595818815330877e-02 3.484320557491289196e-04 3.484320557491289196e-04 3.484320557491289196e-04 3.484320557491289196e-04 3.484320557491289196e-04 3.484320557491289196e-04 8.048780487804878259e-02 3.484320557491289196e-04 3.832752613240418549e-03 3.484320557491289196e-04 3.484320557491289196e-04 3.832752613240418549e-03 1.048780487804878148e-01 3.484320557491289196e-04 2.473867595818815199e-02 3.484320557491289196e-04 3.484320557491289196e-04 3.484320557491289196e-04 3.484320557491289196e-04 7.700348432055749426e-02 3.484320557491289196e-04 3.484320557491289196e-04 5.261324041811846902e-02 5.926829268292682640e-01
3.831417624521074009e-04 4.214559386973181464e-03 3.831417624521074009e-04 3.831417624521074009e-04 3.831417624521074009e-04 3.831417624521074009e-04 1.187739463601532840e-02 1.421455938697318289e-01 9.233716475095787857e-02 3.831417624521074009e-04 3.831417624521074009e-04 3.831417624521074009e-04 3.831417624521074009e-04 3.103448275862069616e-02 2.340996168582376025e-01 3.831417624521074009e-04 3.831417624521074009e-04 3.831417624521074009e-04 9.616858237547895594e-02 3.831417624521074009e-04 3.486590038314176659e-02 3.831417624521074009e-04 3.831417624521074009e-04 4.214559386973181464e-03 6.551724137931036474e-02 3.831417624521074009e-04 3.831417624521074009e-04 3.831417624521074009e-04 8.467432950191573771e-02 1.919540229885058069e-01
5.494505494505495585e-04 5.494505494505495585e-04 5.494505494505495585e-04 5.494505494505495585e-04 1.153846153846154084e-02 5.494505494505495585e-04 5.494505494505495585e-04 8.846153846153848033e-02 5.494505494505495585e-04 5.494505494505495585e-04 6.043956043956045035e-03 5.494505494505495585e-04 5.494505494505495585e-04 5.494505494505495585e-04 9.945054945054947193e-02 5.494505494505495585e-04 5.494505494505495585e-04 5.494505494505495585e-04 3.357142857142857983e-01 5.494505494505495585e-04 5.494505494505495585e-04 1.703296703296703490e-02 5.494505494505495585e-04 5.494505494505495585e-04 1.153846153846154084e-02 4.450549450549451391e-02 5.494505494505495585e-04 6.043956043956045035e-03 3.631868131868132288e-01 6.043956043956045035e-03
2.965909090909090232e-02 2.170454545454545206e-02 1.136363636363636092e-04 1.136363636363636092e-04 5.795454545454543742e-03 9.204545454545451366e-03 2.738636363636363230e-02 1.546590909090908572e-01 2.511363636363635882e-02 1.249999999999999809e-03 8.068181818181816359e-03 3.522727272727271992e-03 1.136363636363636092e-04 1.296590909090908628e-01 1.034090909090908811e-02 6.034090909090907701e-02 1.829545454545454183e-02 2.386363636363635684e-03 1.136363636363636092e-04 2.421590909090908517e-01 1.136363636363636092e-04 2.852272727272726557e-02 3.522727272727271992e-03 1.136363636363636092e-04 4.659090909090907867e-03 1.364772727272726971e-01 1.136363636363636092e-04 7.624999999999997058e-02 1.136363636363636092e-04 1.136363636363636092e-04
2.604166666666667173e-04 2.604166666666667173e-04 2.604166666666667173e-04 2.604166666666667173e-04 5.468750000000001388e-03 2.604166666666667173e-04 2.604166666666667173e-04 2.890625000000000486e-02 2.604166666666667173e-04 2.604166666666667173e-04 2.604166666666667173e-04 3.151041666666667268e-02 2.604166666666667173e-04 2.604166666666667173e-04 1.328125000000000139e-02 3.151041666666667268e-02 2.604166666666667173e-04 2.604166666666667173e-04 3.570312500000000222e-01 2.604166666666667173e-04 2.604166666666667173e-04 2.604166666666667173e-04 3.151041666666667268e-02 2.604166666666667173e-04 2.604166666666667173e-04 2.604166666666667173e-04 1.328125000000000139e-02 1.588541666666666921e-02 8.359375000000002220e-02 3.830729166666667074e-01
1.187755102040816552e-01 4.081632653061225183e-04 1.673469387755101984e-02 1.673469387755101984e-02 3.714285714285714413e-02 2.081632653061224469e-02 4.122448979591836898e-02 8.612244897959185630e-02 4.081632653061225183e-04 4.081632653061225183e-04 4.081632653061225183e-04 4.081632653061225183e-04 4.081632653061225183e-04 2.081632653061224469e-02 8.571428571428573590e-03 1.024489795918367557e-01 4.081632653061225183e-04 4.081632653061225183e-04 8.612244897959185630e-02 1.269387755102041049e-01 4.081632653061225183e-04 4.081632653061225183e-04 4.081632653061225183e-04 4.081632653061225183e-04 2.081632653061224469e-02 9.836734693877552393e-02 1.265306122448979845e-02 5.346938775510204356e-02 1.269387755102041049e-01 4.081632653061225183e-04
3.521126760563380470e-04 6.021126760563380587e-02 3.521126760563380470e-04 3.521126760563380470e-04 3.521126760563380470e-04 3.521126760563380470e-04 3.521126760563380470e-04 3.521126760563380470e-04 3.521126760563380470e-04 3.204225352112675951e-02 3.521126760563380470e-04 3.521126760563380470e-04 3.873239436619718788e-03 3.521126760563380470e-04 1.024647887323943685e-01 1.940140845070422448e-01 3.521126760563380470e-04 3.521126760563380470e-04 1.376760563380281799e-01 3.521126760563380470e-04 3.873239436619718788e-03 1.306338028169014009e-01 1.795774647887323980e-02 3.521126760563380470e-04 3.521126760563380470e-04 3.521126760563380470e-04 3.521126760563380470e-04 3.521126760563380470e-04 1.235915492957746498e-01 1.869718309859154937e-01
5.154639175257732077e-04 5.154639175257732077e-04 5.154639175257732077e-04 5.154639175257732077e-04 5.154639175257732077e-04 5.154639175257732077e-04 5.206185567010308823e-02 1.190721649484536154e-01 2.273195876288659767e-01 5.154639175257732077e-04 5.154639175257732077e-04 3.659793814432989179e-02 5.154639175257732077e-04 1.551546391752577359e-01 3.659793814432989179e-02 6.752577319587628468e-02 5.154639175257732077e-04 5.154639175257732077e-04 5.154639175257732077e-04 5.154639175257732077e-04 5.154639175257732077e-04 1.654639175257731909e-01 5.154639175257732077e-04 5.670103092783505827e-03 2.113402061855669881e-02 5.154639175257732077e-04 5.154639175257732077e-04 1.082474226804123682e-02 8.814432989690722253e-02 5.670103092783505827e-03
2.724795640326975053e-04 5.722070844686647124e-03 4.659400544959126783e-02 2.752043596730244235e-02 2.724795640326975053e-04 2.100817438692097194e-01 1.092643051771116924e-01 6.566757493188009331e-02 5.722070844686647124e-03 2.724795640326975053e-04 2.724795640326975053e-04 2.724795640326975053e-04 1.174386920980926147e-01 2.724795640326975053e-04 2.724795640326975053e-04 2.724795640326975053e-04 2.724795640326975053e-04 2.207084468664849419e-02 8.446866485013622070e-03 5.722070844686647124e-03 2.724795640326975053e-04 8.746594005449588594e-02 2.724795640326975053e-04 2.997275204359672179e-03 2.724795640326975053e-04 1.419618528610353814e-01 2.724795640326975053e-04 2.997275204359672179e-03 1.365122615803814332e-01 2.724795640326975053e-04
3.846153846153847235e-04 3.846153846153847235e-04 3.846153846153847235e-04 3.846153846153847235e-04 3.846153846153847235e-04 8.076923076923078759e-03 3.846153846153847235e-04 4.269230769230770300e-02 1.576923076923077149e-02 3.846153846153847235e-04 4.230769230769232392e-03 3.846153846153847235e-04 3.115384615384616043e-02 3.846153846153847235e-04 3.846153846153847235e-04 9.269230769230771272e-02 3.846153846153847235e-04 1.961538461538461786e-02 3.850000000000000644e-01 3.846153846153847235e-04 1.576923076923077149e-02 3.846153846153847235e-04 3.846153846153847235e-04 3.846153846153847235e-04 3.846153846153847235e-04 5.807692307692308847e-02 3.846153846153847235e-04 3.846153846153847235e-04 5.423076923076924211e-02 2.657692307692308131e-01
1.099290780141843997e-02 7.446808510638298212e-03 7.446808510638298212e-03 3.936170212765957577e-02 1.808510638297872175e-02 3.546099290780142083e-04 3.546099290780142083e-04 3.546099290780142083e-04 3.546099290780142083e-04 3.900709219858156454e-03 3.546099290780142083e-04 1.808510638297872175e-02 3.546099290780142083e-04 3.546099290780142083e-04 2.163120567375886524e-02 1.882978723404255261e-01 3.546099290780142083e-04 3.546099290780142083e-04 2.769503546099290614e-01 3.546099290780142083e-04 1.812056737588652600e-01 1.067375886524822709e-01 3.546099290780142083e-04 2.163120567375886524e-02 3.546099290780142083e-04 3.546099290780142083e-04 3.546099290780142083e-04 3.546099290780142083e-04 5.354609929078014280e-02 3.936170212765957577e-02
3.058103975535169088e-04 3.058103975535169088e-04 3.058103975535169088e-04 3.058103975535169088e-04 3.058103975535169088e-04 3.058103975535169088e-04 3.058103975535169088e-04 3.058103975535169088e-04 3.058103975535169088e-04 3.058103975535169088e-04 3.058103975535169088e-04 3.058103975535169088e-04 3.058103975535169088e-04 3.058103975535169088e-04 3.058103975535169088e-04 1.318042813455657658e-01 3.058103975535169088e-04 3.058103975535169088e-04 1.501529051987767760e-01 3.058103975535169088e-04 3.058103975535169088e-04 2.143730886850153117e-01 3.058103975535169088e-04 9.204892966360858630e-02 3.058103975535169088e-04 3.058103975535169088e-04 3.058103975535169088e-04 3.058103975535169088e-04 9.204892966360858630e-02 3.122324159021407364e-01
4.310344827586207921e-04 5.646551724137932604e-02 1.767241379310345237e-02 9.051724137931036959e-03 1.767241379310345237e-02 4.310344827586207921e-04 4.310344827586207921e-04 2.198275862068965747e-02 4.741379310344829255e-03 3.060344827586207461e-02 4.310344827586207921e-04 4.310344827586207921e-04 2.198275862068965747e-02 4.310344827586207921e-04 4.310344827586207921e-04 2.935344827586207628e-01 4.310344827586207921e-04 4.310344827586207921e-04 7.801724137931037584e-02 4.310344827586207921e-04 4.310344827586207921e-04 9.525862068965519625e-02 3.060344827586207461e-02 4.310344827586207921e-04 4.310344827586207921e-04 4.310344827586207921e-04 4.310344827586207921e-04 2.629310344827586604e-02 1.599137931034483318e-01 1.297413793103448787e-01
3.429951690821256977e-02 5.314009661835750881e-03 4.830917874396136770e-04 4.830917874396136770e-04 6.328502415458939212e-02 4.830917874396136770e-04 4.830917874396136770e-04 8.260869565217393573e-02 5.314009661835750881e-03 4.830917874396136770e-04 4.830917874396136770e-04 4.830917874396136770e-04 4.830917874396136770e-04 1.014492753623188678e-02 3.429951690821256977e-02 4.304347826086957207e-01 4.830917874396136770e-04 4.830917874396136770e-04 4.830917874396136770e-04 4.830917874396136770e-04 5.362318840579711338e-02 1.405797101449275943e-01 4.830917874396136770e-04 4.830917874396136770e-04 4.830917874396136770e-04 4.830917874396136770e-04 4.830917874396136770e-04 4.830917874396136770e-04 4.830917874396136770e-04 1.309178743961353086e-01
4.447513812154694351e-02 2.762430939226517921e-04 6.933701657458560264e-02 8.563535911602205772e-03 2.762430939226517921e-04 3.895027624309390507e-02 2.762430939226517921e-04 5.140883977900549962e-01 2.762430939226517921e-04 5.801104972375688285e-03 2.762430939226517921e-04 5.801104972375688285e-03 2.762430939226517921e-04 5.801104972375688285e-03 2.762430939226517921e-04 1.660220994475137268e-01 2.762430939226517921e-04 5.801104972375688285e-03 2.762430939226517921e-04 2.762430939226517921e-04 2.762430939226517921e-04 2.762430939226517921e-04 2.762430939226517921e-04 6.657458563535909035e-02 2.762430939226517921e-04 6.381215469613256419e-02 2.762430939226517921e-04 2.762430939226517921e-04 2.762430939226517921e-04 2.762430939226517921e-04
2.798165137614679401e-02 1.880733944954128892e-02 4.587155963302753632e-04 4.587155963302753632e-04 4.587155963302753632e-04 4.587155963302753632e-04 4.587155963302753632e-04 4.587155963302753632e-04 4.587155963302753632e-04 9.633027522935782086e-03 1.422018348623853637e-02 4.587155963302753632e-04 4.587155963302753632e-04 4.633027522935780768e-02 4.174311926605505513e-02 2.894495412844037552e-01 4.587155963302753632e-04 4.587155963302753632e-04 5.045871559633029538e-03 4.587155963302753632e-04 6.009174311926607226e-02 2.848623853211009749e-01 1.422018348623853637e-02 4.587155963302753632e-04 4.587155963302753632e-04 4.587155963302753632e-04 1.880733944954128892e-02 4.587155963302753632e-04 4.587155963302753632e-04 1.610091743119266561e-01
1.028999064546304992e-03 9.354536950420955092e-05 1.028999064546304992e-03 9.354536950420955092e-05 9.354536950420955092e-05 9.354536950420955092e-05 1.973807296538821615e-02 1.394761459307764240e-01 1.412535079513563968e-02 1.318989710009354534e-02 2.628624883068288176e-02 1.412535079513563968e-02 9.354536950420955092e-05 9.448082319925162759e-03 9.354536950420955092e-05 9.354536950420955092e-05 9.354536950420955092e-05 3.751169317118802776e-02 9.354536950420955092e-05 9.354536950420955092e-05 9.354536950420955092e-05 9.354536950420955092e-05 5.782039289055191933e-01 1.131898971000935492e-02 1.131898971000935492e-02 1.599625818521983184e-02 1.028999064546304992e-03 8.054256314312441267e-02 2.441534144059869307e-02 9.354536950420955092e-05
2.272727272727272183e-04 2.068181818181817622e-02 2.272727272727272183e-04 2.499999999999999618e-03 9.318181818181815734e-03 2.272727272727272183e-04 6.386363636363634466e-02 2.272727272727272183e-04 2.272727272727272183e-04 8.431818181818180602e-02 2.272727272727272183e-04 2.547727272727272063e-01 1.411363636363636154e-01 2.272727272727272183e-04 3.229545454545453831e-01 2.272727272727272183e-04 2.272727272727272183e-04 2.272727272727272183e-04 4.772727272727271368e-03 2.272727272727272183e-04 2.272727272727272183e-04 2.272727272727272183e-04 2.749999999999999320e-02 2.272727272727272183e-04 2.272727272727272183e-04 6.386363636363634466e-02 2.272727272727272183e-04 2.272727272727272183e-04 2.272727272727272183e-04 2.272727272727272183e-04
3.404539385847797986e-03 1.408544726301736230e-02 7.343124165554074491e-04 6.675567423230977426e-05 6.675567423230977426e-05 1.275033377837116698e-02 6.675567423230977426e-05 8.951935914552738849e-02 2.610146862483311847e-02 2.610146862483311847e-02 2.069425901201602663e-03 6.675567423230977426e-05 6.675567423230977426e-05 6.742323097463286292e-03 6.675567423230977426e-05 8.417890520694261414e-02 1.401869158878505219e-03 6.675567423230977426e-05 6.675567423230977426e-05 7.343124165554074491e-04 6.675567423230977426e-05 6.675567423230977426e-05 5.915220293724968714e-01 7.343124165554074491e-04 7.343124165554074491e-04 4.145527369826436381e-02 4.345794392523365246e-02 3.811748998664887811e-02 2.069425901201602663e-03 1.341789052069426377e-02
7.636363636363633842e-03 1.676363636363635834e-01 1.854545454545453512e-02 3.999999999999998349e-03 2.945454545454544160e-02 1.127272727272726760e-02 3.636363636363635059e-04 1.127272727272726760e-02 3.636363636363635059e-04 4.112727272727270678e-01 3.636363636363635059e-04 3.636363636363635059e-04 3.636363636363635059e-04 5.127272727272724762e-02 3.636363636363635059e-04 9.490909090909087353e-02 3.636363636363635059e-04 3.636363636363635059e-04 3.636363636363635059e-04 3.636363636363635059e-04 3.636363636363635059e-04 3.636363636363635059e-04 1.094545454545454155e-01 1.127272727272726760e-02 3.636363636363635059e-04 6.581818181818178959e-02 3.636363636363635059e-04 3.636363636363635059e-04 3.636363636363635059e-04 3.636363636363635059e-04
5.076142131979696770e-04 1.426395939086294862e-01 5.076142131979696770e-04 5.076142131979696770e-04 5.076142131979696770e-04 5.076142131979696770e-04 5.076142131979696770e-04 2.588832487309645353e-02 5.076142131979696770e-04 4.725888324873097623e-01 5.076142131979696770e-04 5.076142131979696770e-04 5.076142131979696770e-04 5.076142131979696770e-04 1.065989847715736322e-02 2.492385786802031322e-01 5.583756345177667314e-03 5.076142131979696770e-04 5.076142131979696770e-04 2.588832487309645353e-02 5.076142131979696770e-04 3.096446700507615030e-02 5.076142131979696770e-04 5.076142131979696770e-04 5.076142131979696770e-04 2.081218274111675676e-02 5.583756345177667314e-03 5.076142131979696770e-04 5.076142131979696770e-04 5.076142131979696770e-04
2.427184466019416560e-04 2.427184466019416560e-04 2.427184466019416560e-04 2.427184466019416560e-04 2.427184466019416560e-04 2.669902912621358298e-03 2.427184466019416560e-04 4.152912621359221568e-01 2.427184466019416560e-04 6.334951456310677909e-02 2.427184466019416560e-04 2.427184466019416560e-04 2.427184466019416560e-04 4.393203883495144096e-02 5.121359223300969016e-02 2.575242718446600909e-01 2.427184466019416560e-04 2.427184466019416560e-04 2.427184466019416560e-04 2.427184466019416560e-04 9.951456310679606190e-03 2.427184466019416560e-04 2.427184466019416560e-04 4.878640776699027376e-02 2.427184466019416560e-04 1.021844660194174415e-01 2.427184466019416560e-04 2.427184466019416560e-04 2.427184466019416560e-04 2.427184466019416560e-04
5.749999999999998168e-02 9.321428571428568011e-02 3.571428571428570341e-04 3.571428571428570341e-04 3.964285714285712553e-02 3.571428571428570341e-04 3.928571428571427104e-03 1.682142857142856496e-01 7.499999999999997120e-03 1.610714285714285043e-01 1.107142857142856714e-02 7.499999999999997120e-03 3.571428571428570341e-04 1.646428571428570908e-01 3.571428571428570341e-04 1.217857142857142472e-01 3.571428571428570341e-04 3.571428571428570341e-04 3.571428571428570341e-04 3.571428571428570341e-04 3.571428571428570341e-04 3.571428571428570341e-04 5.392857142857140212e-02 3.964285714285712553e-02 7.499999999999997120e-03 3.964285714285712553e-02 7.499999999999997120e-03 3.571428571428570341e-04 1.107142857142856714e-02 3.571428571428570341e-04
3.759398496240600645e-04 1.093984962406014810e-01 3.759398496240600645e-04 3.759398496240600645e-04 8.308270676691728585e-02 3.759398496240600645e-04 3.759398496240600645e-04 3.011278195488720777e-01 3.759398496240600645e-04 3.759398496240600645e-04 3.759398496240600645e-04 3.759398496240600645e-04 3.759398496240600645e-04 3.759398496240600645e-04 3.759398496240600645e-04 2.898496240601503016e-01 3.759398496240600645e-04 3.759398496240600645e-04 4.924812030075186725e-02 3.759398496240600645e-04 3.759398496240600645e-04 3.045112781954886425e-02 3.759398496240600645e-04 3.759398496240600645e-04 3.759398496240600645e-04 1.281954887218045014e-01 3.759398496240600645e-04 3.759398496240600645e-04 3.759398496240600645e-04 3.759398496240600645e-04
3.174603174603173516e-04 3.146031746031744958e-01 3.174603174603173516e-04 3.174603174603173516e-04 3.174603174603173516e-04 3.174603174603173516e-04 2.765079365079363694e-01 3.174603174603173516e-04 3.174603174603173516e-04 3.174603174603173516e-04 3.174603174603173516e-04 6.380952380952378822e-02 3.174603174603173516e-04 3.174603174603173516e-04 4.793650793650791608e-02 3.174603174603173516e-04 3.174603174603173516e-04 3.174603174603173516e-04 6.063492063492061795e-02 3.174603174603173516e-04 5.746031746031744075e-02 3.492063492063491193e-03 9.841269841269838226e-03 3.174603174603173516e-04 3.492063492063491193e-03 3.174603174603173516e-04 5.746031746031744075e-02 3.492063492063491193e-03 8.285714285714283756e-02 1.301587301587301022e-02
3.012048192771085145e-04 3.012048192771085145e-04 3.012048192771085145e-04 3.012048192771085145e-04 3.012048192771085145e-04 3.343373493975904109e-02 3.012048192771085145e-04 6.957831325301205849e-02 9.337349397590363406e-03 2.138554216867470312e-02 3.012048192771085145e-04 3.012048192771085145e-04 3.012048192771085145e-04 3.313253012048193551e-03 3.012048192771085145e-04 3.945783132530120835e-02 3.012048192771085145e-04 1.234939759036144703e-02 3.012048192771085145e-04 3.012048192771085145e-04 8.765060240963856719e-02 4.159638554216867901e-01 3.012048192771085145e-04 3.012048192771085145e-04 6.325301204819278045e-03 3.012048192771085145e-04 3.012048192771085145e-04 3.012048192771085145e-04 3.012048192771085145e-04 2.954819277108434172e-01
4.065040650406504604e-04 4.065040650406504604e-04 8.536585365853659180e-03 4.065040650406504604e-04 4.065040650406504604e-04 6.544715447154472732e-02 4.065040650406504604e-04 4.471544715447155552e-03 4.065040650406504604e-04 5.731707317073170965e-02 4.065040650406504604e-04 4.065040650406504604e-04 2.886178861788617905e-02 4.065040650406504604e-04 1.223577235772357885e-01 4.065040650406504604e-04 4.065040650406504604e-04 4.065040650406504604e-04 6.138211382113821502e-02 4.065040650406504604e-04 3.699186991869918978e-02 4.065040650406504604e-04 4.065040650406504604e-04 4.065040650406504604e-04 4.065040650406504604e-04 1.260162601626016454e-02 4.065040650406504604e-04 4.065040650406504604e-04 3.292682926829268442e-02 5.613821138211382289e-01
1.834862385321100640e-04 9.926605504587153461e-02 1.834862385321100640e-04 1.834862385321100640e-04 1.834862385321100640e-04 5.688073394495412119e-03 1.834862385321100640e-04 1.634862385321100564e-01 1.834862385321100640e-04 1.194495412844036319e-01 1.834862385321100640e-04 1.834862385321100640e-04 1.119266055045871344e-02 2.018348623853210948e-03 2.036697247706421507e-02 1.818348623853210388e-01 1.834862385321100640e-04 1.834862385321100640e-04 3.853211009174311100e-03 1.302752293577981273e-02 1.834862385321100640e-04 2.036697247706421507e-02 4.055045871559632281e-02 4.788990825688072689e-02 1.834862385321100640e-04 1.451376146788990462e-01 1.834862385321100640e-04 1.834862385321100640e-04 1.231192660550458340e-01 1.834862385321100640e-04
4.183976261127594909e-02 2.700296735905043446e-02 2.967359050445103207e-04 2.967359050445103207e-04 2.967359050445103207e-04 2.967359050445103207e-04 2.700296735905043446e-02 1.160237388724035257e-01 3.293768545994064240e-02 1.249258160237388393e-01 2.403560830860533223e-02 2.967359050445103207e-04 2.967359050445103207e-04 1.397626112759643435e-01 2.967359050445103207e-04 2.614243323442135281e-01 2.967359050445103207e-04 3.590504451038574463e-02 2.967359050445103207e-04 2.967359050445103207e-04 2.967359050445103207e-04 2.967359050445103207e-04 7.744807121661718974e-02 2.967359050445103207e-04 9.198813056379819345e-03 7.151335311572698528e-02 2.967359050445103207e-04 2.967359050445103207e-04 6.231454005934716246e-03 2.967359050445103207e-04
3.389830508474575414e-04 1.291525423728813182e-01 3.389830508474575414e-04 1.935593220338982234e-01 3.389830508474575414e-04 3.389830508474575414e-04 3.084745762711862960e-02 3.423728813559320794e-02 3.389830508474575414e-04 8.169491525423726308e-02 4.101694915254235768e-02 3.389830508474575414e-04 3.389830508474575414e-04 3.389830508474575414e-04 3.389830508474575414e-04 1.461016949152541822e-01 3.389830508474575414e-04 3.389830508474575414e-04 2.003389830508473801e-01 3.389830508474575414e-04 3.389830508474575414e-04 3.762711864406777934e-02 3.389830508474575414e-04 3.389830508474575414e-04 3.389830508474575414e-04 3.389830508474575414e-04 3.389830508474575414e-04 2.067796610169490498e-02 6.813559322033896359e-02 1.050847457627118210e-02
2.610966057441253189e-04 7.336814621409921966e-02 2.872062663185378888e-03 2.610966057441253189e-04 2.872062663185378888e-03 4.725848563968668842e-02 2.610966057441253189e-04 8.120104438642297695e-02 2.610966057441253189e-04 2.610966057441253189e-04 2.610966057441253189e-04 2.610966057441253189e-04 2.872062663185378888e-03 2.610966057441253189e-04 2.013054830287206165e-01 2.114882506527415024e-02 2.610966057441253189e-04 2.610966057441253189e-04 1.804177545691905971e-01 2.610966057441253189e-04 2.375979112271540267e-02 2.610966057441253189e-04 2.872062663185378888e-03 2.610966057441253189e-04 2.610966057441253189e-04 2.610966057441253189e-04 2.610966057441253189e-04 2.610966057441253189e-04 1.856396866840731019e-01 1.699738903394255596e-01
7.407407407407407311e-05 7.637037037037036624e-02 7.407407407407407311e-05 2.007407407407407404e-02 2.296296296296296280e-03 7.407407407407407311e-05 4.518518518518518066e-03 8.007407407407407529e-02 7.407407407407407311e-05 7.407407407407407311e-05 7.407407407407407311e-05 7.407407407407407311e-05 9.340740740740739734e-02 7.407407407407407311e-05 1.555555555555555684e-03 5.340740740740740344e-02 7.407407407407407311e-05 7.407407407407407311e-05 7.407407407407407311e-05 8.148148148148148719e-04 5.259259259259258662e-03 3.414814814814814969e-02 7.407407407407407311e-05 1.711111111111111166e-02 8.222222222222222779e-03 6.748148148148147563e-02 9.703703703703703970e-03 1.555555555555555684e-03 2.393333333333333424e-01 2.837777777777777954e-01
4.219409282700423104e-04 1.729957805907173310e-02 4.219409282700423104e-04 4.219409282700423104e-04 4.219409282700423104e-04 4.219409282700423104e-04 2.573839662447257801e-02 1.729957805907173310e-02 4.219409282700423104e-04 4.219409282700423104e-04 4.219409282700423104e-04 2.409282700421941648e-01 4.219409282700423104e-04 4.219409282700423104e-04 4.219409282700423104e-04 4.219409282700423104e-04 4.219409282700423104e-04 4.219409282700423104e-04 3.253164556962025999e-01 8.860759493670888193e-03 4.219409282700423104e-04 4.219409282700423104e-04 4.219409282700423104e-04 4.641350210970465739e-03 4.219409282700423104e-04 4.261603375527427129e-02 8.860759493670888193e-03 6.371308016877638702e-02 1.776371308016878037e-01 5.949367088607596110e-02
2.666666666666666252e-04 1.895999999999999353e-01 2.666666666666666252e-04 2.666666666666666252e-04 2.666666666666666252e-04 1.359999999999999577e-02 2.666666666666666252e-04 6.959999999999998133e-02 2.666666666666666252e-04 2.455999999999999017e-01 2.666666666666666252e-04 2.666666666666666252e-04 4.559999999999998777e-02 2.666666666666666252e-04 2.666666666666666252e-04 1.495999999999999552e-01 2.666666666666666252e-04 2.666666666666666252e-04 3.759999999999998760e-02 2.666666666666666252e-04 2.666666666666666252e-04 2.666666666666666252e-04 1.893333333333332633e-02 4.559999999999998777e-02 2.666666666666666252e-04 1.789333333333332776e-01 2.666666666666666252e-04 2.666666666666666252e-04 2.666666666666666252e-04 2.666666666666666252e-04
5.000000000000001188e-04 3.655000000000001026e-01 5.000000000000001188e-04 5.000000000000001188e-04 5.000000000000001188e-04 5.000000000000001188e-04 5.000000000000001188e-04 5.000000000000001188e-04 5.500000000000002283e-03 3.755000000000000560e-01 5.000000000000001188e-04 5.000000000000001188e-04 5.000000000000001188e-04 4.050000000000000822e-02 5.000000000000001188e-04 1.055000000000000382e-01 5.000000000000001188e-04 5.000000000000001188e-04 5.000000000000001188e-04 5.000000000000001188e-04 5.000000000000001188e-04 5.000000000000001188e-04 2.050000000000000433e-02 5.000000000000001188e-04 2.050000000000000433e-02 5.050000000000001016e-02 5.000000000000001188e-04 5.000000000000001188e-04 5.500000000000002283e-03 5.000000000000001188e-04
5.325203252032521123e-02 1.101626016260162932e-01 4.065040650406505146e-04 4.065040650406505146e-04 4.065040650406505146e-04 1.666666666666666990e-02 4.065040650406505146e-04 6.951219512195123962e-02 4.065040650406505146e-04 2.808943089430894768e-01 4.065040650406505146e-04 4.065040650406505146e-04 1.260162601626016628e-02 2.886178861788618252e-02 4.065040650406505146e-04 2.361788617886179387e-01 4.065040650406505146e-04 4.065040650406505146e-04 2.886178861788618252e-02 4.471544715447155552e-03 4.065040650406505146e-04 4.105691056910570208e-02 4.065040650406505146e-04 4.065040650406505146e-04 4.065040650406505146e-04 6.138211382113822195e-02 4.471544715447155552e-03 4.512195121951220744e-02 4.065040650406505146e-04 4.065040650406505146e-04
1.862197392923649298e-04 2.497206703910613279e-01 1.862197392923649298e-04 1.862197392923649298e-04 1.862197392923649298e-04 1.862197392923649298e-04 1.862197392923649298e-04 5.232774674115454189e-02 5.772811918063312092e-03 2.720670391061451032e-01 1.862197392923649298e-04 1.862197392923649298e-04 1.862197392923649298e-04 1.862197392923649298e-04 4.860335195530724600e-02 2.162011173184356649e-01 1.862197392923649298e-04 3.910614525139663282e-03 4.860335195530724600e-02 1.862197392923649298e-04 1.862197392923649298e-04 7.467411545623833802e-02 1.862197392923649298e-04 1.862197392923649298e-04 3.910614525139663282e-03 1.880819366852885463e-02 1.862197392923649298e-04 2.048417132216014038e-03 1.862197392923649298e-04 1.862197392923649298e-04
3.246753246753246208e-04 2.243506493506493005e-01 3.246753246753246208e-04 3.246753246753246208e-04 1.655844155844155355e-02 3.246753246753246208e-04 3.246753246753246208e-04 3.571428571428570883e-03 3.246753246753246208e-04 2.535714285714285032e-01 3.246753246753246208e-04 6.818181818181816983e-03 3.246753246753246208e-04 3.246753246753246208e-04 3.571428571428570883e-03 1.918831168831168499e-01 3.246753246753246208e-04 3.246753246753246208e-04 3.246753246753246208e-04 3.246753246753246208e-04 3.246753246753246208e-04 1.006493506493506308e-02 5.227272727272726932e-02 3.246753246753246208e-04 6.818181818181816983e-03 1.431818181818181601e-01 3.246753246753246208e-04 3.246753246753246208e-04 3.246753246753246208e-04 8.149350649350647902e-02
1.040268456375838951e-02 1.043624161073825607e-01 3.355704697986577542e-04 3.355704697986577542e-04 3.355704697986577542e-04 3.355704697986577542e-04 3.691275167785235296e-03 3.355704697986577542e-04 3.724832214765100291e-02 1.312080536912751672e-01 3.355704697986577542e-04 3.355704697986577542e-04 3.355704697986577542e-04 3.355704697986577542e-04 1.614093959731543737e-01 7.751677852348994036e-02 3.691275167785235296e-03 3.355704697986577542e-04 1.781879194630872631e-01 3.053691275167785130e-02 3.355704697986577542e-04 3.355704697986577542e-04 3.355704697986577542e-04 5.738255033557047163e-02 3.355704697986577542e-04 3.053691275167785130e-02 7.046979865771811971e-03 3.355704697986577542e-04 4.060402684563758219e-02 1.211409395973154363e-01
3.571428571428570341e-04 1.467857142857142416e-01 3.571428571428570341e-04 3.571428571428570341e-04 3.571428571428570341e-04 3.928571428571427104e-03 3.571428571428570341e-04 3.571428571428570341e-04 3.571428571428570341e-04 2.860714285714284211e-01 7.499999999999997120e-03 3.571428571428570341e-04 3.571428571428570341e-04 3.571428571428570341e-04 7.499999999999997120e-03 2.039285714285713480e-01 3.571428571428570341e-04 3.571428571428570341e-04 8.249999999999997613e-02 3.928571428571427104e-03 3.571428571428570341e-04 3.571428571428570341e-04 7.178571428571425828e-02 1.432142857142856551e-01 3.571428571428570341e-04 3.607142857142855291e-02 3.571428571428570341e-04 3.571428571428570341e-04 3.571428571428570341e-04 3.571428571428570341e-04
3.984063745019921009e-04 3.984063745019921009e-04 3.984063745019921009e-04 3.984063745019921009e-04 4.382470119521913489e-03 3.625498007968127462e-02 2.031872509960159362e-02 3.984063745019921009e-04 3.227091633466135784e-02 3.984063745019921009e-04 3.984063745019921009e-04 3.984063745019921009e-04 2.828685258964143759e-02 3.984063745019921009e-04 3.984063745019921009e-04 3.984063745019921009e-04 3.984063745019921009e-04 3.984063745019921009e-04 5.617529880478087934e-02 3.984063745019921009e-04 3.984063745019921009e-04 3.151394422310757060e-01 3.984063745019921009e-04 4.382470119521913489e-03 1.039840637450199362e-01 3.984063745019921009e-04 8.366533864541834606e-03 3.984063745019921009e-04 2.828685258964143759e-02 3.549800796812749293e-01
8.028909329829171659e-02 1.590013140604467495e-02 1.314060446780551824e-04 1.314060446780551824e-04 1.314060446780551824e-04 1.195795006570301959e-02 1.314060446780551824e-04 8.685939553219446108e-02 3.429697766097240114e-02 7.371879106438895823e-02 1.590013140604467495e-02 3.220762155059131993e-01 1.314060446780551824e-04 1.195795006570301959e-02 1.314060446780551824e-04 1.314060446780551824e-04 5.387647831800261231e-03 4.612352168199736896e-02 1.314060446780551824e-04 1.314060446780551824e-04 3.035479632063074751e-02 4.086727989487515950e-02 1.314060446780551824e-04 1.314060446780551824e-04 1.314060446780551824e-04 1.827858081471747387e-01 1.314060446780551824e-04 1.064388961892246896e-02 2.904073587385019514e-02 1.314060446780551824e-04
1.315789473684211147e-03 1.315789473684211147e-03 2.118421052631579982e-01 1.315789473684211147e-03 1.315789473684211147e-03 1.328947368421053155e-01 1.986842105263158520e-01 2.763157894736843409e-02 1.460526315789474061e-01 1.315789473684211147e-03 1.315789473684211147e-03 1.315789473684211147e-03 1.315789473684211147e-03 1.065789473684210925e-01 1.315789473684211147e-03 1.315789473684211147e-03 1.315789473684211147e-03 1.197368421052631970e-01 1.315789473684211147e-03 1.315789473684211147e-03 1.315789473684211147e-03 1.315789473684211147e-03 1.315789473684211147e-03 1.315789473684211147e-03 1.315789473684211147e-03 1.315789473684211147e-03 1.315789473684211147e-03 1.447368421052632262e-02 1.315789473684211147e-03 1.447368421052632262e-02
3.194888178913737561e-04 2.239616613418529689e-01 3.194888178913737561e-04 3.194888178913737561e-04 3.194888178913737561e-04 1.629392971246005836e-02 3.194888178913737561e-04 3.226837060702874432e-02 3.194888178913737561e-04 3.293929712460063053e-01 3.514376996805111588e-03 3.194888178913737561e-04 3.194888178913737561e-04 3.194888178913737561e-04 3.514376996805111588e-03 9.616613418530349511e-02 3.194888178913737561e-04 3.194888178913737561e-04 8.019169329073481955e-02 3.194888178913737561e-04 3.194888178913737561e-04 3.194888178913737561e-04 6.709265175718849041e-03 6.709265175718849041e-03 3.194888178913737561e-04 1.440894568690095634e-01 2.268370607028753413e-02 2.907348242811500991e-02 3.194888178913737561e-04 3.194888178913737561e-04
3.649635036496349052e-04 4.014598540145983795e-03 3.649635036496349052e-04 1.131386861313868168e-02 3.649635036496349052e-04 3.649635036496349052e-04 3.649635036496349052e-04 7.664233576642333172e-03 3.649635036496349052e-04 4.416058394160581740e-02 7.664233576642333172e-03 8.795620437956201687e-02 3.649635036496349052e-04 2.956204379562042336e-02 3.361313868613137190e-01 3.649635036496349052e-04 3.649635036496349052e-04 3.649635036496349052e-04 1.208029197080291578e-01 3.649635036496349052e-04 3.649635036496349052e-04 3.649635036496349052e-04 3.649635036496349052e-04 3.649635036496349052e-04 3.434306569343064108e-01 3.649635036496349052e-04 3.649635036496349052e-04 3.649635036496349052e-04 3.649635036496349052e-04 3.649635036496349052e-04
2.525252525252524708e-04 3.813131313131312011e-02 2.525252525252524708e-04 1.540404040404039915e-02 2.297979797979797165e-02 2.098484848484847842e-01 2.525252525252524708e-04 9.116161616161613801e-02 2.777777777777777016e-03 1.792929292929292331e-02 2.525252525252524708e-04 2.525252525252524708e-04 2.525252525252524708e-04 2.525252525252524708e-04 7.601010101010098607e-02 2.777777777777777016e-03 1.540404040404039915e-02 2.525252525252524708e-04 2.525252525252524708e-04 2.525252525252524708e-04 2.525252525252524708e-04 1.012626262626262347e-01 5.075757575757574441e-02 7.348484848484847232e-02 2.525252525252524708e-04 2.525252525252524708e-04 2.525252525252524708e-04 5.303030303030301616e-03 7.828282828282826650e-03 2.654040404040403089e-01
1.291666666666667004e-02 4.166666666666668018e-04 4.166666666666668018e-04 1.291666666666667004e-02 4.625000000000000638e-02 4.166666666666668018e-04 2.125000000000000500e-02 9.208333333333336423e-02 4.166666666666668018e-04 4.166666666666668018e-04 4.166666666666668018e-04 4.166666666666668018e-04 4.166666666666668018e-04 4.583333333333335091e-03 4.625000000000000638e-02 1.295833333333333837e-01 4.166666666666668018e-04 4.166666666666668018e-04 4.166666666666668018e-04 4.166666666666668018e-04 4.166666666666668018e-04 3.795833333333333837e-01 4.166666666666668018e-04 3.791666666666667490e-02 7.125000000000002165e-02 4.625000000000000638e-02 4.166666666666668018e-04 4.583333333333335091e-03 4.166666666666668018e-04 8.791666666666669849e-02
2.583979328165373918e-04 8.811369509043925907e-02 2.583979328165373918e-04 1.059431524547803198e-02 3.643410852713176856e-02 2.583979328165373918e-04 7.519379844961238124e-02 1.576227390180878069e-02 2.583979328165373918e-04 2.583979328165373918e-04 2.583979328165373918e-04 2.842377260981911527e-03 9.586563307493536912e-02 2.583979328165373918e-04 2.224806201550386664e-01 4.677002583979326944e-02 2.583979328165373918e-04 2.583979328165373918e-04 3.643410852713176856e-02 2.842377260981911527e-03 2.842377260981911527e-03 7.260981912144701123e-02 9.069767441860462909e-02 2.583979328165373918e-04 8.010335917312660231e-03 6.485788113695088730e-02 2.583979328165373918e-04 5.426356589147285879e-03 2.583979328165373918e-04 1.191214470284237409e-01
