5.461956521739129433e-02 2.717391304347825578e-04 4.051630434782607093e-01 2.989130434782607919e-03 2.717391304347825578e-04 2.717391304347825578e-04 2.989130434782607919e-03 2.717391304347825578e-04 2.717391304347825578e-04 2.717391304347825578e-04 2.717391304347825578e-04 3.016304347826085849e-02 2.717391304347825578e-04 4.646739130434781456e-02 3.016304347826085849e-02 2.717391304347825578e-04 9.809782608695649664e-02 2.717391304347825578e-04 1.741847826086955764e-01 3.559782608695651052e-02 2.717391304347825578e-04 2.717391304347825578e-04 6.548913043478259144e-02 2.717391304347825578e-04 2.717391304347825578e-04 2.717391304347825578e-04 2.717391304347825578e-04 2.717391304347825578e-04 2.717391304347825578e-04 4.918478260869563884e-02
2.444987775061123925e-04 2.444987775061123925e-04 4.669926650366747201e-02 5.647921760391196727e-02 2.444987775061123925e-04 2.444987775061123925e-04 2.444987775061123925e-04 4.914425427872859409e-02 2.689486552567236805e-03 2.689486552567236805e-03 2.444987775061123925e-04 1.493887530562346688e-01 2.444987775061123925e-04 2.444987775061123925e-04 3.447432762836184772e-02 2.444987775061123925e-04 5.134474327628361055e-03 1.002444987775060782e-02 1.689486552567236455e-01 2.444987775061123925e-04 2.444987775061123925e-04 9.559902200488995527e-02 2.958435207823960009e-02 3.278728606356967057e-01 2.444987775061123925e-04 1.246943765281173164e-02 2.444987775061123925e-04 2.444987775061123925e-04 2.444987775061123925e-04 5.134474327628361055e-03
9.454941860465118642e-02 1.315406976744186614e-02 1.686773255813953931e-01 7.267441860465118889e-05 1.839389534883721367e-01 3.713662790697675603e-02 1.315406976744186614e-02 2.550872093023256668e-02 5.159883720930234438e-03 7.267441860465118889e-05 7.267441860465118889e-05 7.267441860465118889e-05 2.332848837209303139e-02 1.242732558139535322e-02 6.039244186046513474e-02 1.751453488372093845e-02 4.295058139534885244e-02 2.623546511627907959e-02 2.768895348837210196e-02 9.520348837209305012e-03 5.748546511627908306e-02 7.267441860465118889e-05 5.312500000000001249e-02 3.786337209302326895e-02 7.994186046511631049e-04 7.267441860465118889e-05 7.267441860465118889e-05 8.873546511627909694e-02 7.267441860465118889e-05 7.267441860465118889e-05
2.525252525252524708e-04 2.525252525252524708e-04 2.525252525252524708e-04 2.803030303030301998e-02 9.873737373737370704e-02 2.525252525252524708e-04 2.525252525252524708e-04 3.055555555555554761e-02 2.803030303030301998e-02 2.525252525252524708e-04 2.525252525252524708e-04 2.525252525252524708e-04 2.525252525252524708e-04 2.777777777777777016e-03 2.525252525252524708e-04 2.351010101010100328e-01 2.525252525252524708e-04 5.833333333333332038e-02 2.777777777777777016e-03 7.348484848484847232e-02 1.239898989898989556e-01 2.525252525252524708e-04 1.138888888888888590e-01 1.035353535353534908e-02 1.896464646464645909e-01 2.525252525252524708e-04 2.525252525252524708e-04 2.525252525252524708e-04 2.525252525252524708e-04 2.525252525252524708e-04
2.092050209205020524e-04 2.092050209205020524e-04 5.460251046025103860e-02 2.301255230125522685e-03 1.006276150627614802e-01 2.092050209205020524e-04 1.152719665271966232e-01 2.092050209205020524e-04 8.179916317991629826e-02 4.393305439330543426e-03 2.092050209205020524e-04 5.878661087866107748e-02 2.092050209205020524e-04 2.092050209205020524e-04 2.092050209205020524e-04 2.092050209205020524e-04 2.092050209205020524e-04 2.949790794979078798e-02 2.531380753138074563e-02 2.092050209205020524e-04 1.382845188284518301e-01 7.552301255230124688e-02 1.485355648535564496e-02 2.092050209205020524e-04 2.889121338912132853e-01 2.092050209205020524e-04 2.092050209205020524e-04 6.485355648535563733e-03 2.092050209205020524e-04 2.092050209205020524e-04
1.213675213675213457e-02 1.384615384615384311e-02 7.196581196581194884e-02 1.709401709401709129e-04 1.967521367521367082e-01 1.709401709401709129e-04 1.709401709401709129e-04 1.709401709401709129e-04 3.010256410256409443e-01 5.299145299145297840e-03 3.589743589743589307e-03 1.709401709401709129e-04 5.299145299145297840e-03 5.316239316239315671e-02 5.487179487179486698e-02 1.709401709401709129e-04 1.880341880341880123e-03 1.709401709401709129e-04 1.709401709401709129e-04 2.581196581196580631e-02 7.367521367521366604e-02 1.709401709401709129e-04 1.181196581196580914e-01 1.709401709401709129e-04 2.923076923076922684e-02 1.880341880341880123e-03 1.555555555555555164e-02 1.709401709401709129e-04 3.589743589743589307e-03 1.042735042735042431e-02
2.277432712215320815e-03 1.469979296066252321e-02 2.070393374741200815e-04 2.070393374741200815e-04 1.244306418219461585e-01 2.070393374741200815e-04 2.070393374741200815e-04 2.070393374741200815e-04 2.070393374741200815e-04 2.070393374741200815e-04 2.919254658385092918e-02 2.070393374741200815e-04 2.070393374741200815e-04 2.277432712215320815e-03 2.070393374741200815e-04 1.368530020703933592e-01 4.347826086956521792e-03 8.716356107660454267e-02 2.070393374741200815e-04 2.070393374741200815e-04 2.070393374741200815e-04 3.563146997929605986e-01 2.362318840579709645e-01 2.070393374741200815e-04 2.277432712215320815e-03 2.070393374741200815e-04 2.070393374741200815e-04 2.070393374741200815e-04 2.070393374741200815e-04 2.070393374741200815e-04
4.893617021276595175e-02 3.343465045592704851e-03 3.039513677811549815e-04 1.246200607902735180e-02 6.382978723404254123e-03 3.039513677811549815e-04 3.039513677811549815e-04 3.373860182370819888e-02 3.039513677811549815e-04 3.343465045592704851e-03 3.039513677811549815e-04 1.246200607902735180e-02 3.039513677811549815e-04 2.158054711246200005e-02 3.677811550151974945e-02 3.039513677811549815e-04 3.039513677811549815e-04 3.343465045592704851e-03 3.039513677811549815e-04 3.039513677811549815e-04 1.066869300911853918e-01 1.948328267477203168e-01 6.109422492401215404e-02 4.501519756838904818e-01 3.039513677811549815e-04 3.039513677811549815e-04 3.039513677811549815e-04 3.039513677811549815e-04 3.039513677811549815e-04 3.039513677811549815e-04
3.225806451612902139e-04 3.225806451612902139e-04 3.225806451612902139e-04 6.774193548387094817e-03 1.003225806451612523e-01 3.225806451612902139e-04 3.225806451612902139e-04 3.548387096774192461e-03 3.225806451612902139e-04 3.225806451612902139e-04 3.225806451612902139e-04 3.225806451612902139e-04 2.290322580645160269e-02 3.225806451612902139e-04 3.225806451612902139e-04 1.067741935483870613e-01 3.225806451612902139e-04 3.225806451612902139e-04 6.774193548387094817e-03 3.225806451612902139e-04 8.419354838709675048e-02 2.616129032258063258e-01 1.680645161290321987e-01 3.225806451612902139e-04 3.225806451612902139e-04 3.225806451612902139e-04 2.229032258064514993e-01 3.225806451612902139e-04 3.225806451612902139e-04 9.999999999999996739e-03
2.008032128514055769e-04 2.008032128514055769e-04 1.608433734939758442e-01 8.232931726907626729e-03 9.658634538152607862e-02 2.008032128514055769e-04 2.008032128514055769e-04 4.839357429718874060e-02 2.008032128514055769e-04 2.008032128514055769e-04 2.008032128514055769e-04 9.859437751004013206e-02 2.008032128514055769e-04 2.008032128514055769e-04 5.642570281124496129e-02 2.429718875502007158e-02 2.008032128514055769e-04 2.008032128514055769e-04 1.267068273092369080e-01 2.008032128514055769e-04 2.008032128514055769e-04 1.909638554216866735e-01 2.008032128514055769e-04 1.246987951807228545e-01 2.008032128514055769e-04 2.008032128514055769e-04 2.008032128514055769e-04 3.032128514056223884e-02 2.630522088353412849e-02 4.216867469879516384e-03
2.205387205387204438e-02 1.683501683501683048e-04 2.341750841750840639e-01 6.902356902356899387e-03 3.720538720538719285e-02 1.851851851851851272e-03 5.218855218855216610e-03 1.683501683501683048e-04 1.683501683501683048e-04 1.851851851851851272e-03 1.683501683501683048e-04 1.683501683501683048e-04 1.683501683501683048e-04 2.037037037037036161e-02 1.045454545454545109e-01 1.531986531986531327e-02 1.683501683501683048e-04 1.683501683501683048e-04 4.479797979797978669e-01 1.683501683501683048e-04 1.683501683501683048e-04 1.683501683501683048e-04 1.851851851851851272e-03 9.612794612794609006e-02 1.683501683501683048e-04 1.683501683501683048e-04 1.683501683501683048e-04 1.683501683501683048e-04 1.851851851851851272e-03 1.683501683501683048e-04
2.044989775051124232e-04 8.384458077709606993e-03 2.044989775051124232e-04 2.044989775051124232e-04 5.337423312883433912e-02 2.044989775051124232e-04 2.865030674846624770e-01 5.950920245398771263e-02 2.044989775051124232e-04 2.044989775051124232e-04 1.860940695296522951e-02 2.044989775051124232e-04 2.249488752556236520e-03 2.269938650306747505e-02 2.044989775051124232e-04 3.701431492842535004e-02 2.044989775051124232e-04 2.044989775051124232e-04 2.044989775051124232e-04 6.339468302658485092e-03 2.496932515337422220e-01 1.862985685071573971e-01 2.044989775051124232e-04 1.656441717791410501e-02 2.883435582822084856e-02 2.044989775051124232e-04 6.339468302658485092e-03 1.042944785276073150e-02 2.044989775051124232e-04 4.294478527607360589e-03
2.551020408163264452e-04 2.551020408163264452e-04 2.551020408163264452e-04 2.551020408163264452e-04 1.533163265306121958e-01 2.806122448979591223e-03 2.551020408163264452e-04 2.551020408163264452e-04 3.852040816326529615e-02 2.551020408163264452e-04 2.551020408163264452e-04 3.341836734693876682e-02 2.551020408163264452e-04 2.551020408163264452e-04 5.357142857142855458e-03 2.551020408163264452e-04 2.551020408163264452e-04 2.066326530612244347e-02 2.551020408163264452e-04 2.551020408163264452e-04 1.124999999999999750e-01 3.548469387755101012e-01 4.617346938775509363e-02 2.551020408163264452e-04 1.301020408163264773e-02 5.357142857142855458e-03 1.992346938775509391e-01 2.551020408163264452e-04 2.551020408163264452e-04 1.045918367346938306e-02
4.405286343612335536e-04 4.449339207048458311e-02 4.405286343612335536e-04 7.092511013215860305e-02 4.405286343612335536e-04 4.405286343612335536e-04 4.845814977973569686e-03 2.687224669603524574e-02 4.405286343612335536e-04 3.568281938325991443e-02 4.845814977973569686e-03 1.365638766519823924e-02 4.405286343612335536e-04 4.405286343612335536e-04 4.405286343612335536e-04 1.365638766519823924e-02 4.405286343612335536e-04 6.651982378854626177e-02 4.405286343612335536e-04 3.127753303964758008e-02 1.546255506607929764e-01 4.405286343612335536e-04 1.502202643171806351e-01 4.405286343612335536e-04 4.405286343612335536e-04 4.405286343612335536e-04 4.405286343612335536e-04 4.405286343612335536e-04 3.748898678414097074e-01 4.405286343612335536e-04
3.205128205128204041e-04 3.205128205128204041e-04 3.205128205128204041e-04 3.205128205128204041e-04 4.519230769230767747e-02 3.205128205128204041e-04 3.205128205128204041e-04 3.205128205128204041e-04 1.894230769230768607e-01 3.205128205128204041e-04 3.368589743589742169e-01 7.403846153846151135e-02 2.596153846153845257e-02 1.314102564102563424e-02 3.205128205128204041e-04 3.205128205128204041e-04 3.205128205128204041e-04 3.205128205128204041e-04 3.205128205128204041e-04 1.573717948717948123e-01 9.647435897435893692e-02 3.205128205128204041e-04 3.205128205128204041e-04 3.205128205128204041e-04 5.160256410256408577e-02 3.205128205128204041e-04 3.205128205128204041e-04 3.205128205128204041e-04 3.205128205128204041e-04 3.525641025641024825e-03
2.252252252252251745e-04 9.234234234234231856e-03 2.252252252252251745e-04 4.977477477477476597e-02 9.932432432432430902e-02 2.252252252252251745e-04 4.301801801801800884e-02 2.252252252252251745e-04 2.252252252252251745e-04 4.729729729729729125e-03 9.234234234234231856e-03 2.252252252252251745e-04 2.252252252252251745e-04 2.252252252252251745e-04 2.049549549549549085e-02 6.981981981981980057e-03 2.975225225225224257e-01 2.252252252252251745e-04 1.804054054054053391e-01 1.148648648648648192e-02 2.252252252252251745e-04 4.301801801801800884e-02 2.252252252252251745e-04 1.623873873873873386e-01 2.252252252252251745e-04 4.729729729729729125e-03 6.981981981981980057e-03 1.599099099099098725e-02 6.981981981981980057e-03 2.499999999999999445e-02
3.436426116838487690e-04 3.436426116838487690e-04 3.780068728522336351e-03 3.436426116838487690e-04 3.780068728522336351e-03 3.436426116838487690e-04 3.436426116838487690e-04 3.436426116838487690e-04 2.096219931271477155e-02 3.436426116838487690e-04 3.780068728522336351e-03 3.436426116838487690e-04 3.436426116838487690e-04 1.065292096219931130e-02 3.436426116838487690e-04 3.436426116838487690e-04 3.436426116838487690e-04 1.549828178694157843e-01 3.436426116838487690e-04 3.436426116838487690e-04 1.034364261168384674e-01 3.783505154639174584e-01 4.501718213058418516e-02 3.436426116838487690e-04 1.206185567010309156e-01 1.408934707903779747e-02 1.171821305841924260e-01 3.436426116838487690e-04 1.408934707903779747e-02 3.780068728522336351e-03
4.761904761904760600e-03 9.297052154195007551e-03 2.267573696145124018e-04 3.877551020408161880e-02 3.197278911564624404e-02 2.494331065759636257e-03 2.267573696145124018e-04 4.761904761904760600e-03 2.267573696145124018e-04 2.267573696145124018e-04 2.267573696145124018e-04 2.267573696145124018e-04 1.383219954648525450e-02 7.278911564625847874e-02 2.267573696145124018e-04 1.181405895691609587e-01 3.650793650793649620e-02 7.029478458049884075e-03 2.267573696145124018e-04 2.063492063492062753e-02 1.476190476190475387e-01 2.088435374149658907e-01 4.104308390022674141e-02 2.179138321995463812e-01 1.609977324263037884e-02 2.267573696145124018e-04 2.267573696145124018e-04 2.267573696145124018e-04 4.761904761904760600e-03 2.267573696145124018e-04
2.779973649538866262e-02 1.317523056653491058e-04 4.492753623188404377e-02 1.317523056653491058e-04 1.648221343873517153e-01 5.401844532279312903e-03 1.317523056653491058e-04 2.766798418972331221e-03 1.449275362318840164e-03 1.317523056653491058e-04 1.317523056653491058e-04 8.036890645586294152e-03 1.449275362318840164e-03 1.330698287220025838e-02 1.449275362318840164e-03 5.151515151515149993e-02 5.019762845849801147e-02 8.036890645586294152e-03 1.595520421607377615e-01 1.317523056653491058e-04 1.317523056653491058e-04 3.150197628458497046e-01 1.317523056653491058e-04 3.043478260869564647e-02 1.462450592885375031e-02 1.317523056653491058e-04 1.317523056653491058e-04 3.570487483530961070e-02 1.317523056653491058e-04 6.205533596837942839e-02
2.747252747252746166e-04 2.747252747252746166e-04 2.747252747252746166e-04 2.747252747252746166e-04 5.247252747252745264e-02 2.747252747252746166e-04 9.093406593406588856e-02 2.747252747252746166e-04 2.747252747252746166e-04 2.747252747252746166e-04 2.747252747252746166e-04 3.021978021978020783e-03 2.747252747252746166e-04 2.747252747252746166e-04 2.747252747252746166e-04 4.972527472527470821e-02 2.747252747252746166e-04 2.747252747252746166e-04 1.678571428571427882e-01 2.747252747252746166e-04 6.071428571428569287e-02 2.282967032967031795e-01 5.769230769230766949e-03 3.052197802197800791e-01 2.747252747252746166e-04 2.747252747252746166e-04 3.049450549450547984e-02 2.747252747252746166e-04 2.747252747252746166e-04 2.747252747252746166e-04
5.289672544080602223e-03 2.518891687657429579e-04 2.518891687657429579e-04 1.536523929471031967e-02 2.518891687657429579e-04 1.788413098236775120e-02 5.289672544080602223e-03 2.518891687657429579e-04 2.518891687657429579e-04 7.808564231738032019e-03 7.833753148614606976e-02 2.518891687657429579e-04 2.518891687657429579e-04 2.518891687657429579e-04 2.518891687657429579e-04 9.345088161209064159e-02 2.518891687657429579e-04 5.289672544080602223e-03 2.040302267002517753e-02 5.289672544080602223e-03 1.186397984886649465e-01 1.413098236775817973e-01 5.289672544080602223e-03 4.511335012594456240e-01 2.770780856423172862e-03 1.284634760705288987e-02 2.770780856423172862e-03 7.808564231738032019e-03 2.518891687657429579e-04 2.518891687657429579e-04
1.587615283267457267e-02 4.677206851119894773e-03 4.749670619235836500e-02 7.246376811594202987e-04 6.594202898550724501e-02 6.587615283267458000e-05 2.509881422924901268e-02 1.192358366271409863e-02 4.677206851119894773e-03 6.587615283267458000e-05 1.305006587615283320e-01 5.144927536231883730e-02 1.383399209486166044e-03 4.354413702239788575e-02 1.389986824769433478e-02 4.677206851119894773e-03 6.587615283267458000e-05 6.587615283267458000e-05 3.893280632411067615e-02 1.324110671936759055e-02 4.486166007905138114e-02 6.587615283267458000e-05 9.947299077733860739e-03 6.587615283267458000e-05 4.677206851119894773e-03 1.060606060606060670e-02 6.587615283267458000e-05 6.587615283267458000e-05 4.552700922266139649e-01 6.587615283267458000e-05
1.821493624772313024e-04 4.389799635701274738e-02 1.821493624772313024e-04 1.821493624772313024e-04 1.821493624772313024e-04 1.293260473588342049e-02 3.296903460837886934e-02 1.821493624772313024e-04 4.389799635701274738e-02 1.821493624772313024e-04 9.289617486338795638e-03 1.821493624772313024e-04 1.821493624772313024e-04 1.821493624772313024e-04 1.821493624772313024e-04 2.515482695810564162e-01 1.821493624772313024e-04 1.821493624772313024e-04 3.825136612021857486e-03 1.821493624772313024e-04 2.861566484517303333e-01 4.025500910746811906e-02 1.821493624772313024e-04 2.551912568306010098e-01 1.821493624772313024e-04 2.003642987249544191e-03 1.821493624772313024e-04 1.821493624772313024e-04 2.003642987249544191e-03 1.293260473588342049e-02
2.508045977011493233e-01 2.528735632183907490e-03 2.298850574712643321e-04 1.013793103448275695e-01 2.321839080459769597e-02 2.298850574712643321e-04 2.298850574712643321e-04 2.298850574712643321e-04 2.298850574712643321e-04 2.298850574712643321e-04 9.425287356321835827e-03 1.818390804597700416e-01 2.298850574712643321e-04 1.632183908045976503e-02 2.298850574712643321e-04 2.298850574712643321e-04 2.298850574712643321e-04 2.298850574712643321e-04 2.528735632183907490e-03 2.298850574712643321e-04 2.298850574712643321e-04 9.678160919540228224e-02 1.172413793103447947e-02 8.298850574712642036e-02 3.011494252873562344e-02 2.298850574712643321e-04 2.298850574712643321e-04 4.827586206896550269e-03 1.105747126436781302e-01 7.149425287356320213e-02
1.190476190476190204e-04 1.190476190476190204e-04 1.190476190476190204e-04 1.190476190476190204e-04 9.416666666666663466e-02 3.940476190476189383e-02 5.964285714285712942e-02 1.190476190476190204e-04 1.190476190476190204e-04 1.190476190476190204e-04 2.630952380952380348e-02 9.642857142857140518e-03 8.452380952380949067e-03 5.726190476190474998e-02 1.190476190476190204e-04 8.464285714285711693e-02 6.440476190476189522e-02 4.880952380952379051e-03 1.132142857142856701e-01 4.059523809523808702e-02 1.001190476190475798e-01 8.821428571428568954e-02 5.488095238095237055e-02 1.334523809523809057e-01 1.190476190476190204e-04 1.190476190476190204e-04 1.321428571428570967e-02 1.190476190476190204e-04 1.190476190476190204e-04 6.071428571428569634e-03
1.763668430335096850e-04 1.763668430335096850e-04 1.763668430335096850e-04 1.763668430335096850e-04 1.763668430335096850e-04 1.763668430335096850e-04 1.763668430335096850e-04 1.763668430335096850e-04 1.763668430335096850e-04 1.763668430335096850e-04 1.940035273368606508e-03 1.763668430335096850e-04 1.763668430335096850e-04 1.763668430335096850e-04 1.763668430335096850e-04 3.035273368606701272e-01 1.763668430335096850e-04 1.763668430335096850e-04 5.132275132275131158e-02 1.763668430335096850e-04 1.342151675485008522e-01 1.818342151675484408e-01 3.721340388007054328e-02 2.858906525573191582e-01 1.763668430335096850e-04 1.763668430335096850e-04 1.763668430335096850e-04 1.763668430335096850e-04 1.763668430335096850e-04 1.763668430335096850e-04
1.956947162426613993e-04 2.152641878669275203e-03 1.956947162426613993e-04 3.150684931506848863e-02 1.956947162426613993e-04 1.956947162426613993e-04 5.107632093933462542e-02 3.737769080234832481e-02 2.563600782778864204e-02 1.956947162426613993e-04 1.956947162426613993e-04 1.956947162426613993e-04 9.980430528375730526e-03 1.956947162426613993e-04 2.152641878669275203e-03 9.217221135029352030e-02 6.066536203522502647e-03 1.956947162426613993e-04 2.367906066536202767e-02 4.324853228962816792e-02 2.095890410958903272e-01 3.542074363992171043e-02 5.107632093933462542e-02 2.761252446183952158e-01 4.129158512720155355e-02 3.737769080234832481e-02 1.956947162426613993e-04 1.956947162426613993e-04 2.172211350293541329e-02 1.956947162426613993e-04
5.076142131979696770e-04 5.076142131979696770e-04 5.076142131979696770e-04 5.076142131979696770e-04 3.604060913705584013e-02 5.583756345177666447e-03 5.076142131979696770e-04 5.076142131979696770e-04 5.076142131979696770e-04 5.076142131979696770e-04 2.588832487309645006e-02 9.695431472081220137e-02 5.076142131979696770e-04 5.076142131979696770e-04 5.076142131979696770e-04 1.578680203045685626e-01 5.076142131979696770e-04 5.076142131979696770e-04 7.157360406091371752e-02 5.076142131979696770e-04 5.076142131979696770e-04 5.076142131979696770e-04 6.142131979695432398e-02 5.076142131979696770e-04 5.583756345177666447e-03 3.604060913705584013e-02 5.583756345177666447e-03 5.076142131979696770e-04 5.076142131979696770e-04 4.878172588832487833e-01
1.533742331288343106e-04 1.533742331288343106e-04 1.533742331288343106e-04 1.533742331288343106e-04 6.610429447852758655e-02 1.533742331288343106e-04 6.763803680981593514e-02 1.533742331288343106e-04 4.754601226993863602e-03 1.533742331288343106e-04 1.533742331288343106e-04 3.220858895705520659e-03 1.533742331288343106e-04 1.533742331288343106e-04 1.533742331288343106e-04 5.843558282208587140e-02 1.533742331288343106e-04 1.533742331288343106e-04 1.533742331288343106e-04 4.754601226993863602e-03 1.259202453987729453e-01 4.219325153374232085e-01 8.911042944785273201e-02 1.381901840490797062e-01 1.533742331288343106e-04 1.702453987730060542e-02 1.533742331288343106e-04 1.533742331288343106e-04 1.533742331288343106e-04 1.533742331288343106e-04
1.555869872701555424e-03 1.414427157001414096e-04 1.852899575671852414e-02 1.004243281471003946e-02 1.246110325318245671e-01 1.555869872701555424e-03 1.797736916548797192e-01 1.555869872701555424e-03 1.414427157001414096e-04 1.414427157001414096e-04 4.384724186704383291e-03 1.414427157001414096e-04 1.414427157001414096e-04 5.388967468175387410e-02 1.414427157001414096e-04 7.934936350777932468e-02 1.555869872701555424e-03 2.135785007072135006e-02 2.277227722772276822e-02 1.414427157001414096e-04 9.632248939179628711e-02 8.500707213578498345e-02 8.217821782178215406e-02 1.514851485148514254e-01 1.414427157001414096e-04 4.257425742574256350e-02 1.287128712871286711e-02 1.414427157001414096e-04 4.384724186704383291e-03 2.970297029702969466e-03
3.448275862068964168e-04 1.068965517241378914e-02 7.241379310344825404e-03 3.448275862068964168e-04 9.344827586206892744e-02 3.793103448275860802e-03 3.448275862068964168e-04 3.448275862068964168e-04 3.448275862068964168e-04 3.448275862068964168e-04 3.448275862068964168e-04 3.448275862068964168e-04 3.448275862068964168e-04 1.758620689655171487e-02 3.448275862068964168e-04 1.693103448275861400e-01 3.448275862068964168e-04 1.175862068965516788e-01 3.448275862068964168e-04 3.448275862068964168e-04 9.689655172413789985e-02 2.348275862068964492e-01 1.624137931034482230e-01 3.448275862068964168e-04 3.448275862068964168e-04 3.793103448275860802e-03 5.896551724137929357e-02 3.448275862068964168e-04 3.448275862068964168e-04 1.758620689655171487e-02
3.558718861209963038e-04 3.558718861209963038e-04 7.473309608540922543e-03 3.558718861209963038e-04 1.249110320284697040e-01 3.558718861209963038e-04 3.558718861209963038e-04 3.914590747330959179e-03 2.170818505338077339e-02 1.814946619217081003e-02 1.814946619217081003e-02 3.914590747330959179e-03 3.558718861209963038e-04 7.864768683274019068e-02 3.558718861209963038e-04 1.462633451957294772e-01 3.558718861209963038e-04 3.558718861209963038e-04 3.558718861209963038e-04 1.103202846975088504e-02 1.814946619217081003e-02 2.565836298932382964e-01 2.637010676156582578e-01 3.558718861209963038e-04 3.558718861209963038e-04 2.170818505338077339e-02 3.558718861209963038e-04 3.558718861209963038e-04 3.558718861209963038e-04 3.558718861209963038e-04
4.065040650406505146e-04 4.065040650406505146e-04 4.065040650406505146e-04 4.065040650406505146e-04 4.065040650406505146e-04 4.471544715447155552e-03 4.065040650406505146e-04 4.065040650406505146e-04 4.065040650406505146e-04 4.065040650406505146e-04 3.621951219512195563e-01 4.065040650406505146e-04 4.471544715447155552e-03 4.471544715447155552e-03 4.065040650406505146e-04 4.065040650406505146e-04 4.065040650406505146e-04 2.479674796747968063e-02 4.065040650406505146e-04 4.272357723577236421e-01 6.138211382113822195e-02 4.065040650406505146e-04 8.983739837398375949e-02 4.065040650406505146e-04 4.065040650406505146e-04 1.260162601626016628e-02 4.065040650406505146e-04 4.065040650406505146e-04 4.065040650406505146e-04 4.065040650406505146e-04
2.197802197802197258e-04 2.197802197802197258e-04 1.145054945054944789e-01 9.010989010989008813e-03 2.197802197802197258e-04 6.813186813186811880e-03 2.197802197802197258e-04 2.197802197802197258e-04 2.197802197802197258e-04 4.857142857142856401e-02 2.197802197802197258e-04 2.197802197802197258e-04 2.197802197802197258e-04 1.780219780219779654e-02 1.782417582417581969e-01 6.615384615384614642e-02 7.714285714285712414e-02 2.197802197802197258e-04 1.584615384615384037e-01 2.197802197802197258e-04 1.340659340659340268e-02 9.032967032967030574e-02 1.474725274725274260e-01 2.197802197802197258e-04 2.197802197802197258e-04 2.197802197802197258e-04 4.615384615384614080e-03 5.296703296703295788e-02 1.120879120879120575e-02 2.197802197802197258e-04
9.272727272727271028e-03 1.818181818181817801e-04 4.018181818181817272e-02 3.472727272727272468e-02 1.999999999999999608e-03 3.818181818181817355e-03 2.563636363636363075e-02 1.818181818181817801e-04 4.745454545454545064e-02 3.472727272727272468e-02 4.199999999999999567e-02 1.109090909090908877e-02 1.818181818181817801e-04 1.818181818181817801e-04 3.290909090909090173e-02 1.819999999999999396e-01 1.818181818181817801e-04 1.818181818181817801e-04 5.636363636363635535e-03 1.818181818181817801e-04 2.729090909090908235e-01 8.018181818181817355e-02 1.692727272727272136e-01 1.818181818181817801e-04 1.818181818181817801e-04 1.818181818181817801e-04 1.818181818181817801e-04 1.818181818181817801e-04 3.818181818181817355e-03 1.818181818181817801e-04
2.044989775051124232e-04 2.044989775051124232e-04 2.044989775051124232e-04 2.249488752556236520e-03 1.451942740286298050e-02 2.044989775051124232e-04 6.359918200408995470e-02 2.044989775051124232e-04 1.860940695296522951e-02 1.656441717791410501e-02 2.044989775051124232e-04 2.044989775051124232e-04 2.044989775051124232e-04 2.044989775051124232e-04 4.294478527607360589e-03 1.085889570552146938e-01 2.044989775051124232e-04 2.044989775051124232e-04 1.656441717791410501e-02 1.247443762781185600e-02 7.382413087934558416e-02 1.638036809815950345e-01 5.746421267893658813e-02 4.398773006134967800e-01 2.044989775051124232e-04 4.294478527607360589e-03 2.044989775051124232e-04 2.044989775051124232e-04 2.044989775051124232e-04 2.044989775051124232e-04
2.240325865580448071e-03 2.240325865580448071e-03 1.038696537678207750e-02 2.036659877800407411e-04 1.468431771894093685e-01 2.036659877800407411e-04 4.276985743380855645e-03 4.276985743380855645e-03 2.036659877800407411e-04 3.279022403258655821e-02 1.446028513238289091e-02 3.890020366598778007e-02 6.313645621181263219e-03 2.240325865580448071e-03 6.741344195519348437e-02 2.036659877800407411e-04 2.240325865580448071e-03 1.242362525458248421e-02 2.036659877800407411e-04 6.313645621181263219e-03 9.592668024439918173e-02 2.036659877800407411e-04 2.057026476578411450e-02 2.036659877800407411e-04 2.036659877800407411e-04 2.036659877800407411e-04 2.036659877800407411e-04 2.057026476578411450e-02 1.183299389002036711e-01 3.892057026476578030e-01
9.496676163342830754e-05 6.742640075973409253e-03 9.496676163342830754e-05 1.908831908831909105e-02 9.496676163342830754e-05 3.428300094966761635e-02 3.048433048433048589e-02 9.496676163342830754e-05 6.847103513770179395e-02 1.054131054131054145e-02 2.003798670465337106e-02 2.573599240265907195e-02 9.496676163342830754e-05 1.623931623931624060e-02 9.496676163342830754e-05 1.112060778727445298e-01 9.496676163342830754e-05 7.692307692307691867e-03 1.528964862298195712e-02 9.496676163342830754e-05 1.957264957264957250e-01 8.081671415004747228e-02 7.701804368471035223e-02 2.128205128205128138e-01 3.238366571699904939e-02 9.496676163342830754e-05 9.496676163342830754e-05 9.496676163342830754e-05 3.143399810066476591e-02 2.943969610636277493e-03
6.126482213438733636e-03 4.150197628458497483e-03 2.788537549407114069e-01 1.976284584980236858e-04 1.918972332015809745e-01 2.173913043478260462e-03 1.976284584980236858e-04 1.403162055335967912e-02 1.976284584980236858e-04 1.976284584980236858e-04 1.976284584980236858e-04 1.976284584980236858e-04 1.976284584980236858e-04 2.511857707509880799e-01 6.343873517786560723e-02 1.976284584980236858e-04 1.007905138339920681e-02 1.205533596837944296e-02 6.126482213438733636e-03 1.976284584980236858e-04 4.960474308300394375e-02 4.150197628458497483e-03 1.976284584980236858e-04 1.976284584980236858e-04 6.739130434782607260e-02 1.976284584980236858e-04 1.976284584980236858e-04 1.996047430830039104e-02 1.403162055335967912e-02 2.173913043478260462e-03
1.862197392923649569e-04 1.862197392923649569e-04 5.772811918063313827e-03 1.862197392923649569e-04 1.862197392923649569e-04 1.862197392923649569e-04 1.230912476722532262e-01 7.281191806331470395e-02 5.605214152700185165e-02 6.536312849162009830e-02 1.324022346368714798e-01 2.067039106145250951e-02 1.880819366852885810e-02 8.398510242085659161e-02 5.605214152700185165e-02 5.772811918063313827e-03 1.862197392923649569e-04 5.772811918063313827e-03 3.929236499068900629e-02 6.536312849162009830e-02 1.862197392923649569e-04 1.862197392923649569e-04 1.789571694599627061e-01 1.862197392923649569e-04 1.135940409683426112e-02 7.635009310986962637e-03 2.048417132216014472e-03 2.048417132216014472e-03 2.048417132216014472e-03 4.301675977653630911e-02
1.815476190476189924e-02 9.226190476190472903e-03 3.127976190476189355e-01 2.708333333333332385e-02 1.401785714285713746e-01 2.976190476190475375e-04 2.976190476190475375e-04 2.976190476190475375e-04 2.976190476190475375e-04 2.976190476190475375e-04 2.976190476190475375e-04 2.976190476190475375e-04 2.976190476190475375e-04 2.976190476190475375e-04 2.976190476190475375e-04 1.815476190476189924e-02 2.383928571428570453e-01 6.279761904761903268e-02 7.172619047619045729e-02 2.976190476190475375e-04 2.976190476190475375e-04 7.767857142857140240e-02 2.976190476190475375e-04 2.976190476190475375e-04 2.976190476190475375e-04 2.976190476190475375e-04 6.249999999999997745e-03 1.220238095238094719e-02 2.976190476190475375e-04 2.976190476190475375e-04
3.610108303249096192e-04 3.610108303249096192e-04 6.895306859205774241e-02 3.610108303249096192e-04 9.422382671480140914e-02 3.610108303249096192e-04 1.119133574007219814e-02 3.610108303249096192e-04 5.090252707581225528e-02 3.610108303249096192e-04 4.805054151624546521e-01 3.610108303249096192e-04 3.971119133574005540e-03 1.841155234657038814e-02 3.610108303249096192e-04 1.480144404332129314e-02 3.610108303249096192e-04 3.610108303249096192e-04 3.971119133574005540e-03 3.610108303249096192e-04 3.610108303249096192e-04 3.610108303249096192e-04 2.350180505415161158e-01 7.581227436823102274e-03 3.610108303249096192e-04 3.610108303249096192e-04 3.971119133574005540e-03 3.610108303249096192e-04 3.610108303249096192e-04 3.610108303249096192e-04
1.432664756446991306e-04 1.432664756446991306e-04 4.885386819484240084e-02 1.432664756446991306e-04 6.318051575931231401e-02 1.432664756446991306e-04 1.432664756446991306e-04 3.022922636103151511e-02 1.432664756446991306e-04 1.432664756446991306e-04 1.432664756446991306e-04 1.575931232091690518e-03 1.432664756446991306e-04 1.432664756446991306e-04 1.432664756446991306e-04 3.253581661891116750e-01 1.432664756446991306e-04 1.432664756446991306e-04 2.895415472779369059e-01 1.432664756446991306e-04 1.575931232091690518e-03 5.171919770773638486e-02 8.180515759312319279e-02 9.326647564469911500e-02 1.432664756446991306e-04 1.432664756446991306e-04 1.432664756446991306e-04 1.432664756446991306e-04 7.306590257879654222e-03 3.008595988538681661e-03
6.571428571428572507e-02 4.081632653061225183e-04 7.795918367346940658e-02 4.081632653061225183e-04 4.081632653061225183e-04 1.432653061224490043e-01 5.755102040816326842e-02 2.044897959183673841e-01 4.081632653061225183e-04 1.265306122448979845e-02 4.081632653061225183e-04 1.310204081632653228e-01 4.081632653061225183e-04 1.677551020408163396e-01 2.489795918367346955e-02 4.489795918367347864e-03 4.081632653061225183e-04 4.081632653061225183e-04 4.081632653061225183e-04 4.081632653061225183e-04 1.024489795918367557e-01 4.081632653061225183e-04 4.081632653061225183e-04 4.081632653061225183e-04 4.081632653061225183e-04 4.081632653061225183e-04 4.081632653061225183e-04 4.081632653061225183e-04 4.081632653061225183e-04 4.081632653061225183e-04
7.427536231884054700e-03 1.811594202898550205e-04 1.811594202898550205e-04 4.547101449275360585e-02 1.811594202898550205e-04 2.373188405797100470e-02 1.811594202898550205e-04 1.811594202898550205e-04 4.909420289855070951e-02 1.992753623188405279e-03 1.811594202898550205e-04 8.351449275362315960e-02 1.992753623188405279e-03 1.467391304347825422e-02 3.097826086956520855e-02 5.090579710144925440e-02 1.811594202898550205e-04 4.547101449275360585e-02 1.811594202898550205e-04 1.811594202898550205e-04 9.619565217391300160e-02 9.800724637681156037e-02 1.811594202898550205e-04 4.077898550724635696e-01 2.373188405797100470e-02 3.804347826086954942e-03 1.811594202898550205e-04 3.804347826086954942e-03 1.992753623188405279e-03 7.427536231884054700e-03
6.043956043956045902e-03 5.494505494505496669e-04 1.214285714285714690e-01 5.494505494505496669e-04 2.258241758241759101e-01 5.494505494505496669e-04 5.494505494505496669e-04 2.917582417582418319e-01 5.494505494505496669e-04 5.494505494505496669e-04 5.494505494505496669e-04 7.197802197802199986e-02 6.043956043956045902e-03 7.747252747252748872e-02 5.494505494505496669e-04 5.494505494505496669e-04 6.648351648351649712e-02 5.494505494505496669e-04 5.494505494505496669e-04 6.043956043956045902e-03 1.153846153846154257e-02 3.901098901098901811e-02 2.802197802197802998e-02 5.494505494505496669e-04 5.494505494505496669e-04 5.494505494505496669e-04 2.252747252747253418e-02 5.494505494505496669e-04 1.703296703296703837e-02 5.494505494505496669e-04
2.257336343115123748e-04 2.257336343115123748e-04 2.257336343115123748e-04 1.151241534988712949e-02 2.257336343115123748e-04 2.257336343115123748e-04 2.257336343115123748e-04 2.257336343115123748e-04 8.148984198645596588e-02 4.085778781038373886e-02 2.054176072234762535e-02 2.257336343115123748e-04 2.257336343115123748e-04 9.255079006772005956e-03 2.257336343115123748e-04 1.582392776523701416e-01 6.997742663656883293e-03 9.277652370203158527e-02 2.257336343115123748e-04 2.257336343115123748e-04 2.259593679458238580e-01 2.033860045146726192e-01 5.440180586907448351e-02 6.117381489841985237e-02 2.257336343115123748e-04 2.483069977426636231e-03 2.279909706546274714e-02 2.483069977426636231e-03 2.483069977426636231e-03 2.257336343115123748e-04
3.012048192771083518e-04 3.012048192771083518e-04 3.313253012048191816e-03 3.313253012048191816e-03 3.045180722891565051e-01 3.012048192771083518e-04 3.012048192771083518e-04 3.012048192771083518e-04 1.780120481927710274e-01 3.012048192771083518e-04 6.656626506024095058e-02 3.343373493975902028e-02 3.012048192771083518e-04 1.388554216867469437e-01 3.313253012048191816e-03 3.012048192771083518e-04 3.012048192771083518e-04 6.957831325301203074e-02 3.012048192771083518e-04 7.560240963855419105e-02 3.012048192771083518e-04 3.012048192771083518e-04 1.147590361445782747e-01 3.012048192771083518e-04 3.012048192771083518e-04 3.313253012048191816e-03 3.012048192771083518e-04 3.012048192771083518e-04 3.012048192771083518e-04 3.012048192771083518e-04
1.821493624772313024e-04 3.296903460837886934e-02 1.821493624772313024e-04 1.657559198542804535e-02 2.661202185792349018e-01 1.821493624772313024e-04 5.664845173041893611e-02 1.821493624772313024e-04 7.850637522768669219e-02 2.750455373406192339e-02 2.003642987249544191e-03 1.821493624772313024e-04 1.821493624772313024e-04 8.943533697632057022e-02 1.821493624772313024e-04 5.118397085610199709e-02 1.821493624772313024e-04 2.788706739526410905e-01 1.821493624772313024e-04 2.003642987249544191e-03 1.821493624772313024e-04 1.475409836065573466e-02 5.118397085610199709e-02 1.821493624772313024e-04 2.750455373406192339e-02 1.821493624772313024e-04 1.821493624772313024e-04 1.821493624772313024e-04 2.003642987249544191e-03 1.821493624772313024e-04
3.103448275862068922e-02 3.831417624521072924e-04 8.045977011494252762e-03 4.214559386973180596e-03 5.019157088122605526e-02 3.831417624521072924e-04 8.467432950191570995e-02 2.720306513409961532e-02 5.785440613026819612e-02 3.831417624521072924e-04 3.831417624521072924e-04 3.831417624521072924e-04 3.831417624521072924e-04 3.486590038314175966e-02 3.831417624521072924e-04 5.402298850574712569e-02 1.187739463601532666e-02 3.831417624521072924e-04 3.831417624521072924e-04 3.831417624521072924e-04 1.957854406130268288e-01 8.045977011494252762e-03 3.831417624521072924e-04 3.528735632183908066e-01 1.570881226053639709e-02 3.831417624521072924e-04 3.486590038314175966e-02 1.954022988505747099e-02 3.831417624521072924e-04 4.214559386973180596e-03
2.288329519450800216e-04 2.288329519450800216e-04 1.421052631578946790e-01 2.288329519450800216e-04 5.972540045766588229e-02 1.993135011441646565e-01 2.288329519450800216e-04 2.288329519450800216e-04 2.288329519450800216e-04 2.288329519450800216e-04 2.288329519450800216e-04 1.924485125858122758e-01 1.443935926773454725e-01 3.913043478260868485e-02 2.288329519450800216e-04 2.288329519450800216e-04 2.288329519450800216e-04 4.370709382151028582e-02 2.288329519450800216e-04 2.288329519450800216e-04 1.489702517162470596e-01 2.288329519450800216e-04 2.288329519450800216e-04 2.288329519450800216e-04 4.805491990846680155e-03 2.288329519450800216e-04 2.288329519450800216e-04 2.082379862700228096e-02 2.288329519450800216e-04 2.288329519450800216e-04
7.741046831955920859e-02 2.754820936639117666e-04 2.754820936639117666e-04 5.785123966942147533e-03 5.537190082644626726e-02 3.030303030303029433e-03 1.600550964187327230e-01 2.754820936639117666e-04 3.030303030303029433e-03 2.231404958677685180e-02 2.754820936639117666e-04 1.325068870523415654e-01 2.754820936639117666e-04 2.754820936639117666e-04 2.754820936639117666e-04 2.754820936639117666e-04 2.754820936639117666e-04 1.404958677685949793e-02 5.785123966942147533e-03 2.754820936639117666e-04 2.754820936639117666e-04 1.655647382920109600e-01 2.754820936639117666e-04 6.914600550964185299e-02 7.465564738292009006e-02 2.754820936639117666e-04 2.754820936639117666e-04 2.068870523415977103e-01 2.754820936639117666e-04 2.754820936639117666e-04
4.504504504504505658e-04 3.648648648648649545e-02 5.450450450450451678e-02 4.504504504504505658e-04 5.000000000000000971e-02 2.256756756756757298e-01 4.504504504504505658e-04 4.504504504504505658e-04 9.459459459459461719e-03 4.504504504504505658e-04 4.954954954954956386e-03 3.427927927927928442e-01 1.400900900900901302e-01 4.504504504504505658e-04 4.504504504504505658e-04 4.504504504504505658e-04 4.504504504504505658e-04 1.220720720720721159e-01 4.504504504504505658e-04 4.504504504504505658e-04 4.954954954954956386e-03 4.504504504504505658e-04 4.504504504504505658e-04 4.504504504504505658e-04 4.504504504504505658e-04 4.504504504504505658e-04 4.504504504504505658e-04 4.504504504504505658e-04 4.504504504504505658e-04 4.504504504504505658e-04
