6.508875739644972777e-03 5.917159763313611714e-04 6.218934911242605112e-01 1.307692307692308320e-01 6.508875739644972777e-03 7.159763313609469881e-02 6.508875739644972777e-03 5.917159763313611714e-04 5.917159763313611714e-04 5.917159763313611714e-04 5.917159763313611714e-04 5.917159763313611714e-04 5.917159763313611714e-04 5.917159763313611714e-04 5.917159763313611714e-04 5.917159763313611714e-04 3.609467455621302723e-02 5.917159763313611714e-04 5.917159763313611714e-04 7.159763313609469881e-02 6.508875739644972777e-03 5.917159763313611714e-04 5.917159763313611714e-04 5.917159763313611714e-04 5.917159763313611714e-04 3.017751479289941530e-02 5.917159763313611714e-04 5.917159763313611714e-04 5.917159763313611714e-04 5.917159763313611714e-04
2.681102362204724199e-01 3.937007874015748519e-04 3.937007874015748519e-04 6.732283464566929387e-02 3.937007874015748519e-04 3.937007874015748519e-04 3.937007874015748519e-04 6.732283464566929387e-02 3.937007874015748519e-04 1.027559055118110326e-01 3.937007874015748519e-04 3.937007874015748519e-04 7.913385826771654474e-02 4.763779527559054705e-02 2.401574803149606266e-02 3.937007874015748519e-04 3.582677165354330312e-02 3.937007874015748519e-04 4.330708661417322775e-03 3.937007874015748519e-04 3.937007874015748519e-04 3.937007874015748519e-04 8.267716535433070751e-03 1.618110236220472453e-01 3.937007874015748519e-04 3.937007874015748519e-04 3.937007874015748519e-04 1.263779527559055205e-01 3.937007874015748519e-04 3.937007874015748519e-04
7.142857142857145019e-04 7.142857142857145019e-04 7.142857142857145019e-04 1.150000000000000328e-01 7.142857142857145019e-04 2.928571428571428992e-02 3.642857142857143515e-02 7.142857142857145019e-04 7.142857142857145019e-04 7.142857142857145019e-04 6.500000000000001610e-02 6.500000000000001610e-02 7.857142857142859413e-03 1.792857142857143260e-01 7.142857142857145019e-04 1.500000000000000291e-02 1.221428571428571780e-01 7.142857142857145019e-04 7.857142857142859413e-03 1.500000000000000291e-02 7.142857142857145019e-04 7.142857142857145019e-04 7.142857142857145019e-04 7.142857142857145019e-04 7.142857142857145019e-04 7.142857142857145019e-04 3.292857142857143482e-01 7.142857142857145019e-04 7.142857142857145019e-04 7.142857142857145019e-04
2.536347517730497825e-01 8.953900709219860671e-03 2.579787234042554486e-02 8.874113475177307364e-02 3.111702127659575837e-02 3.732269503546101208e-02 2.402482269503547138e-02 1.693262411347518440e-02 5.407801418439718046e-03 3.466312056737590186e-02 8.865248226950359274e-05 1.959219858156029115e-02 5.407801418439718046e-03 4.530141843971632887e-02 4.707446808510640235e-02 8.865248226950359274e-05 1.401595744680851630e-01 2.313829787234043464e-02 5.407801418439718046e-03 7.101063829787236659e-02 9.751773049645394388e-04 9.751773049645394388e-04 4.530141843971632887e-02 3.909574468085107862e-02 8.865248226950359274e-05 1.338652482269504090e-02 8.865248226950359274e-05 1.604609929078015113e-02 8.865248226950359274e-05 8.865248226950359274e-05
9.589041095890413202e-03 4.566210045662101938e-04 4.566210045662101938e-04 1.420091324200913607e-01 4.566210045662101938e-04 2.105022831050228915e-01 4.566210045662101938e-04 4.566210045662101938e-04 4.566210045662101938e-04 5.022831050228312132e-03 6.894977168949772972e-02 3.698630136986302136e-02 4.566210045662101938e-04 1.237442922374429599e-01 4.566210045662101938e-04 4.566210045662101938e-04 2.287671232876712923e-01 4.566210045662101938e-04 4.566210045662101938e-04 3.698630136986302136e-02 4.566210045662101938e-04 4.566210045662101938e-04 5.022831050228312132e-03 4.566210045662101938e-04 4.566210045662101938e-04 4.566210045662101938e-04 6.438356164383562952e-02 4.566210045662101938e-04 5.022831050228312132e-03 5.525114155251142911e-02
3.855932203389831475e-02 4.237288135593221842e-04 5.131355932203390813e-01 1.190677966101695295e-01 4.237288135593221842e-04 9.364406779661019198e-02 4.237288135593221842e-04 3.855932203389831475e-02 1.737288135593220706e-02 4.237288135593221842e-04 4.237288135593221842e-04 3.855932203389831475e-02 4.237288135593221842e-04 1.737288135593220706e-02 4.279661016949153768e-02 4.237288135593221842e-04 8.898305084745764676e-03 4.237288135593221842e-04 4.661016949152543484e-03 4.237288135593221842e-04 4.661016949152543484e-03 4.237288135593221842e-04 4.237288135593221842e-04 4.703389830508475367e-02 4.237288135593221842e-04 4.661016949152543484e-03 4.661016949152543484e-03 4.237288135593221842e-04 4.237288135593221842e-04 4.237288135593221842e-04
2.252252252252251745e-04 4.301801801801800884e-02 1.373873873873873372e-02 7.004504504504502349e-02 4.729729729729729125e-03 1.240990990990990667e-01 2.049549549549549085e-02 9.031531531531529489e-02 2.252252252252251745e-04 2.252252252252251745e-04 2.049549549549549085e-02 7.454954954954953750e-02 2.252252252252251745e-04 8.130630630630629463e-02 2.252252252252251745e-04 6.981981981981980057e-03 2.952702702702701965e-01 4.729729729729729125e-03 2.252252252252251745e-04 2.725225225225224451e-02 2.499999999999999445e-02 2.252252252252251745e-04 2.252252252252251745e-04 4.729729729729729125e-03 9.234234234234231856e-03 4.729729729729729125e-03 2.252252252252251745e-04 2.252252252252251745e-04 7.004504504504502349e-02 6.981981981981980057e-03
4.901960784313725422e-04 3.970588235294117418e-02 4.901960784313725422e-04 1.083333333333333370e-01 4.901960784313725422e-04 2.112745098039215674e-01 1.867647058823529438e-01 4.901960784313725422e-04 1.029411764705882339e-02 4.901960784313725422e-04 4.901960784313725422e-04 1.671568627450980560e-01 3.480392156862745223e-02 8.382352941176471339e-02 1.029411764705882339e-02 4.901960784313725422e-04 8.872549019607843535e-02 2.009803921568627250e-02 4.901960784313725422e-04 4.901960784313725422e-04 4.901960784313725422e-04 4.901960784313725422e-04 4.901960784313725422e-04 4.901960784313725422e-04 4.901960784313725422e-04 4.901960784313725422e-04 4.901960784313725422e-04 4.901960784313725422e-04 2.990196078431372334e-02 4.901960784313725422e-04
2.061855670103092343e-04 2.061855670103092343e-04 2.061855670103092343e-04 5.587628865979380605e-02 2.494845360824741662e-02 1.156701030927834856e-01 2.268041237113401550e-03 2.268041237113401550e-03 1.051546391752576984e-02 2.061855670103092343e-04 5.175257731958762125e-02 2.061855670103092343e-04 5.381443298969071365e-02 2.620618556701030388e-01 6.391752577319585911e-03 2.061855670103092343e-04 2.909278350515462908e-01 2.061855670103092343e-04 4.329896907216494381e-03 8.474226804123709267e-02 2.061855670103092343e-04 2.061855670103092343e-04 2.061855670103092343e-04 2.061855670103092343e-04 2.061855670103092343e-04 2.268041237113401550e-03 2.082474226804123182e-02 2.061855670103092343e-04 8.453608247422677441e-03 2.061855670103092343e-04
1.491596638655461743e-02 2.100840336134453365e-04 2.100840336134453365e-04 3.382352941176470368e-02 2.310924369747898756e-03 4.222689075630251671e-02 2.100840336134453365e-04 7.163865546218485536e-02 2.100840336134453365e-04 2.310924369747898756e-03 2.100840336134453365e-04 2.100840336134453365e-04 4.012605042016806345e-02 1.661764705882352311e-01 2.542016806722688371e-02 2.100840336134453365e-04 4.203781512605040960e-01 2.100840336134453365e-04 2.100840336134453365e-04 1.094537815126050140e-01 1.071428571428571092e-02 2.100840336134453365e-04 2.100840336134453365e-04 6.512605042016805269e-03 1.071428571428571092e-02 2.100840336134453365e-04 3.802521008403361019e-02 2.100840336134453365e-04 2.310924369747898756e-03 2.100840336134453365e-04
7.352941176470590302e-04 7.352941176470590302e-04 7.352941176470590302e-04 3.750000000000000555e-02 5.220588235294118529e-02 2.279411764705882928e-02 1.544117647058823942e-02 9.632352941176472449e-02 7.352941176470590302e-04 1.330882352941176738e-01 7.352941176470590302e-04 7.352941176470590302e-04 7.352941176470590302e-04 7.352941176470590302e-04 7.352941176470590302e-04 7.352941176470590302e-04 2.875000000000000888e-01 7.352941176470590302e-04 7.352941176470590302e-04 7.352941176470590302e-04 3.169117647058824483e-01 7.352941176470590302e-04 7.352941176470590302e-04 7.352941176470590302e-04 7.352941176470590302e-04 7.352941176470590302e-04 7.352941176470590302e-04 1.544117647058823942e-02 8.088235294117649549e-03 7.352941176470590302e-04
4.184100418410042674e-04 4.184100418410042674e-04 6.364016736401674201e-01 1.050209205020920661e-01 4.184100418410042674e-04 7.573221757322176617e-02 4.184100418410042674e-04 4.602510460251047104e-03 4.184100418410042674e-04 4.184100418410042674e-04 4.184100418410042674e-04 7.991631799163181893e-02 4.184100418410042674e-04 4.184100418410042674e-04 4.184100418410042674e-04 4.184100418410042674e-04 4.184100418410042674e-04 4.184100418410042674e-04 1.715481171548117328e-02 4.184100418410042674e-04 4.184100418410042674e-04 4.184100418410042674e-04 4.184100418410042674e-04 4.184100418410042674e-04 4.184100418410042674e-04 3.807531380753138156e-02 4.184100418410042674e-04 3.389121338912134268e-02 4.184100418410042674e-04 4.184100418410042674e-04
5.617977528089889219e-04 5.617977528089889219e-04 1.741573033707865745e-02 6.797752808988766215e-02 9.044943820224722597e-02 5.617977528089889219e-04 3.426966292134832337e-02 5.617977528089889219e-04 5.617977528089889219e-04 5.617977528089889219e-04 6.179775280898879009e-03 5.674157303370788025e-02 1.185393258426966773e-01 5.617977528089889219e-04 6.235955056179776773e-02 1.179775280898876823e-02 5.617977528089889219e-04 5.617977528089889219e-04 5.617977528089889219e-04 5.617977528089889219e-04 5.617977528089889219e-04 3.882022471910113182e-01 2.303370786516854493e-02 1.016853932584270009e-01 5.617977528089889219e-04 5.617977528089889219e-04 5.617977528089889219e-04 1.179775280898876823e-02 5.617977528089889219e-04 5.617977528089889219e-04
8.022813688212925010e-02 3.802281368821291453e-04 5.897338403041821886e-01 8.022813688212925010e-02 3.802281368821291453e-04 8.783269961977183127e-02 3.802281368821291453e-04 6.882129277566537140e-02 3.802281368821291453e-04 7.984790874524711618e-03 3.802281368821291453e-04 2.319391634980987396e-02 1.558935361216729279e-02 3.802281368821291453e-04 3.802281368821291453e-04 3.802281368821291453e-04 7.984790874524711618e-03 3.802281368821291453e-04 7.984790874524711618e-03 3.802281368821291453e-04 1.178707224334600220e-02 3.802281368821291453e-04 3.802281368821291453e-04 3.802281368821291453e-04 3.802281368821291453e-04 7.984790874524711618e-03 3.802281368821291453e-04 4.182509505703420165e-03 3.802281368821291453e-04 3.802281368821291453e-04
2.091954022988505232e-02 2.298850574712643321e-04 3.887356321839079420e-01 1.381609195402298540e-01 9.425287356321835827e-03 1.726436781609194948e-01 2.091954022988505232e-02 3.471264367816091073e-02 2.298850574712643321e-04 4.827586206896550269e-03 4.827586206896550269e-03 3.011494252873562344e-02 2.298850574712643321e-04 5.770114942528734719e-02 2.298850574712643321e-04 2.298850574712643321e-04 2.298850574712643321e-04 2.298850574712643321e-04 2.298850574712643321e-04 2.528735632183907490e-03 9.425287356321835827e-03 2.528735632183907490e-03 2.298850574712643321e-04 2.298850574712643321e-04 2.298850574712643321e-04 2.298850574712643321e-04 2.321839080459769597e-02 4.390804597701148532e-02 3.241379310344826709e-02 2.298850574712643321e-04
6.289308176100631871e-04 6.289308176100631871e-04 6.547169811320756594e-01 6.289308176100631871e-04 6.289308176100631871e-04 1.641509433962264897e-01 6.289308176100631871e-04 6.289308176100631871e-04 6.289308176100631871e-04 6.289308176100631871e-04 6.289308176100631871e-04 6.289308176100631871e-04 6.289308176100631871e-04 6.289308176100631871e-04 2.578616352201258677e-02 6.289308176100631871e-04 6.289308176100631871e-04 6.289308176100631871e-04 6.289308176100631871e-04 6.289308176100631871e-04 6.289308176100631871e-04 6.289308176100631871e-04 6.289308176100631871e-04 6.289308176100631871e-04 6.289308176100631871e-04 1.012578616352201727e-01 6.289308176100631871e-04 1.320754716981132650e-02 2.578616352201258677e-02 6.289308176100631871e-04
4.081632653061225725e-04 4.489795918367348732e-03 5.595918367346940370e-01 7.387755102040818866e-02 4.081632653061225725e-04 1.228571428571428870e-01 4.081632653061225725e-04 2.489795918367347302e-02 4.081632653061225725e-04 1.673469387755102331e-02 3.714285714285715106e-02 1.146938775510204372e-01 4.081632653061225725e-04 4.081632653061225725e-04 4.081632653061225725e-04 4.081632653061225725e-04 4.081632653061225725e-04 1.673469387755102331e-02 4.081632653061225725e-04 4.081632653061225725e-04 4.081632653061225725e-04 4.081632653061225725e-04 4.489795918367348732e-03 4.081632653061225725e-04 4.081632653061225725e-04 4.081632653061225725e-04 4.489795918367348732e-03 1.265306122448979845e-02 4.081632653061225725e-04 4.081632653061225725e-04
4.935897435897433627e-02 2.136752136752135937e-04 5.878205128205126195e-01 9.209401709401705827e-02 2.136752136752135937e-04 1.433760683760682830e-01 2.136752136752135937e-04 3.012820512820511137e-02 4.487179487179485116e-03 2.136752136752135937e-04 2.136752136752135937e-04 2.136752136752135937e-04 2.136752136752135937e-04 2.350427350427349450e-03 2.136752136752135937e-04 2.136752136752135937e-04 2.136752136752135937e-04 2.136752136752135937e-04 2.136752136752135937e-04 2.136752136752135937e-04 2.136752136752135937e-04 2.158119658119657044e-02 2.136752136752135937e-04 4.081196581196579187e-02 2.136752136752135937e-04 2.136752136752135937e-04 2.136752136752135937e-04 2.158119658119657044e-02 2.136752136752135937e-04 2.350427350427349450e-03
4.761904761904763527e-04 4.761904761904763527e-04 4.766666666666667940e-01 4.761904761904763527e-04 2.904761904761905475e-02 3.147619047619047983e-01 4.761904761904763527e-04 4.761904761904763527e-04 4.761904761904763527e-04 4.761904761904763527e-04 1.000000000000000368e-02 4.761904761904763527e-04 4.761904761904763527e-04 2.904761904761905475e-02 4.761904761904763527e-04 4.761904761904763527e-04 9.571428571428575172e-02 5.238095238095239609e-03 1.000000000000000368e-02 4.761904761904763527e-04 4.761904761904763527e-04 4.761904761904763527e-04 4.761904761904763527e-04 1.952380952380952661e-02 4.761904761904763527e-04 4.761904761904763527e-04 4.761904761904763527e-04 4.761904761904763527e-04 4.761904761904763527e-04 4.761904761904763527e-04
9.345794392523365957e-04 9.345794392523365957e-04 1.962616822429906829e-02 1.224299065420560856e-01 9.345794392523365957e-04 1.962616822429906829e-02 8.504672897196262349e-02 9.345794392523365957e-04 9.345794392523365957e-04 9.345794392523365957e-04 9.345794392523365957e-04 9.345794392523365957e-04 1.504672897196261960e-01 9.345794392523365957e-04 9.439252336448598901e-02 9.345794392523365957e-04 8.504672897196262349e-02 9.345794392523365957e-04 9.345794392523365957e-04 9.345794392523365957e-04 9.345794392523365957e-04 2.719626168224299478e-01 1.028037383177570277e-02 1.130841121495327201e-01 1.028037383177570277e-02 9.345794392523365957e-04 9.345794392523365957e-04 9.345794392523365957e-04 9.345794392523365957e-04 9.345794392523365957e-04
1.337579617834395128e-02 6.369426751592358526e-04 6.369426751592358526e-04 1.917197452229299770e-01 6.369426751592358526e-04 1.337579617834395128e-02 6.433121019108281602e-02 6.369426751592358526e-04 6.369426751592358526e-04 7.006369426751594270e-03 6.369426751592358526e-04 6.369426751592358526e-04 2.108280254777070428e-01 6.369426751592358526e-04 6.369426751592358526e-04 6.369426751592358526e-04 3.885350318471338105e-02 6.369426751592358526e-04 6.369426751592358526e-04 6.369426751592358526e-04 6.369426751592358526e-04 2.808917197452229786e-01 6.369426751592358526e-04 3.248407643312102577e-02 6.369426751592358526e-04 1.216560509554140412e-01 1.337579617834395128e-02 6.369426751592358526e-04 6.369426751592358526e-04 6.369426751592358526e-04
4.608294930875577659e-04 6.036866359447005947e-02 4.608294930875577659e-04 9.262672811059910472e-02 5.115207373271890567e-02 1.847926267281106427e-01 4.608294930875577659e-04 4.608294930875577659e-04 4.608294930875577659e-04 4.608294930875577659e-04 4.608294930875577659e-04 8.801843317972353475e-02 4.608294930875577659e-04 4.608294930875577659e-04 4.608294930875577659e-04 4.608294930875577659e-04 4.193548387096775187e-02 5.115207373271890567e-02 4.608294930875577659e-04 4.608294930875577659e-04 4.654377880184332877e-02 6.497695852534564331e-02 4.608294930875577659e-04 4.608294930875577659e-04 4.608294930875577659e-04 4.608294930875577659e-04 3.046082949308756560e-01 5.069124423963135805e-03 4.608294930875577659e-04 4.608294930875577659e-04
4.566210045662101938e-04 5.525114155251142911e-02 4.566210045662101938e-04 1.968036529680365909e-01 1.922374429223744907e-01 1.237442922374429599e-01 4.566210045662101938e-04 4.566210045662101938e-04 4.566210045662101938e-04 4.566210045662101938e-04 6.438356164383562952e-02 9.634703196347034482e-02 5.022831050228312132e-03 4.566210045662101938e-04 4.566210045662101938e-04 4.566210045662101938e-04 4.566210045662101938e-04 4.566210045662101938e-04 4.566210045662101938e-04 5.068493150684932891e-02 4.611872146118722177e-02 8.264840182648404421e-02 9.589041095890413202e-03 4.566210045662101938e-04 4.566210045662101938e-04 4.566210045662101938e-04 6.894977168949772972e-02 4.566210045662101938e-04 4.566210045662101938e-04 4.566210045662101938e-04
7.006369426751594270e-03 6.369426751592358526e-04 3.248407643312102577e-02 6.369426751592358526e-04 6.369426751592358526e-04 1.974522292993630829e-02 6.369426751592358526e-04 2.872611464968153339e-01 1.337579617834395128e-02 6.369426751592358526e-04 6.369426751592358526e-04 1.974522292993630829e-02 6.369426751592358526e-04 6.369426751592358526e-04 6.369426751592358526e-04 1.337579617834395128e-02 1.337579617834395128e-02 1.337579617834395128e-02 6.369426751592358526e-04 6.369426751592358526e-04 6.369426751592358526e-04 6.369426751592358526e-04 3.248407643312102577e-02 1.974522292993630829e-02 6.369426751592358526e-04 6.369426751592358526e-04 6.369426751592358526e-04 6.369426751592358526e-04 1.089171974522293307e-01 4.082802547770700841e-01
1.418918918918919171e-02 6.756756756756758216e-04 6.756756756756758216e-04 4.797297297297298257e-02 6.756756756756758216e-04 6.756756756756758216e-04 6.756756756756758216e-04 6.756756756756758216e-04 6.756756756756758216e-04 6.756756756756758216e-04 6.756756756756758216e-04 4.797297297297298257e-02 4.060810810810811522e-01 6.756756756756758216e-04 2.094594594594595058e-02 6.756756756756758216e-04 6.756756756756758216e-04 6.756756756756758216e-04 6.756756756756758216e-04 6.756756756756758216e-04 6.756756756756758216e-04 2.439189189189189810e-01 6.756756756756758216e-04 9.527027027027028250e-02 1.418918918918919171e-02 8.175675675675676823e-02 6.756756756756758216e-04 1.418918918918919171e-02 6.756756756756758216e-04 6.756756756756758216e-04
8.403361344537817797e-04 8.403361344537817797e-04 8.403361344537817797e-04 2.605042016806723496e-02 3.445378151260504451e-02 8.403361344537817797e-04 8.403361344537817797e-04 8.403361344537817797e-04 8.403361344537817797e-04 8.487394957983195043e-02 8.403361344537817797e-04 1.764705882352941846e-02 1.268907563025210294e-01 9.243697478991600228e-03 8.403361344537817797e-04 8.403361344537817797e-04 4.462184873949581188e-01 8.403361344537817797e-04 8.403361344537817797e-04 2.277310924369748690e-01 9.243697478991600228e-03 8.403361344537817797e-04 8.403361344537817797e-04 8.403361344537817797e-04 8.403361344537817797e-04 8.403361344537817797e-04 8.403361344537817797e-04 8.403361344537817797e-04 8.403361344537817797e-04 8.403361344537817797e-04
3.378378378378377482e-04 1.722972972972972028e-02 1.385135135135134518e-02 9.831081081081077810e-02 3.378378378378377482e-04 2.060810810810809884e-02 3.378378378378377482e-04 1.047297297297297008e-02 3.378378378378377482e-04 1.152027027027026640e-01 3.378378378378377482e-04 7.094594594594592386e-03 3.449324324324322677e-01 3.378378378378377482e-04 3.378378378378377482e-04 3.378378378378377482e-04 7.466216216216213508e-02 3.074324324324323107e-02 3.378378378378377482e-04 1.047297297297297008e-02 1.185810810810810356e-01 2.736486486486485251e-02 7.094594594594592386e-03 6.790540540540537795e-02 3.716216216216215121e-03 3.716216216216215121e-03 3.378378378378377482e-04 2.060810810810809884e-02 3.716216216216215121e-03 3.378378378378377482e-04
4.672897196261683521e-04 1.915887850467290140e-02 4.724299065420561883e-01 7.056074766355141525e-02 4.672897196261683521e-04 1.359813084112150017e-01 4.672897196261683521e-04 2.850467289719626693e-02 6.121495327102804973e-02 4.672897196261683521e-04 4.672897196261683521e-04 4.672897196261683521e-04 4.672897196261683521e-04 3.785046728971963592e-02 4.672897196261683521e-04 4.672897196261683521e-04 1.500000000000000500e-01 4.672897196261683521e-04 4.672897196261683521e-04 9.813084112149535881e-03 4.672897196261683521e-04 4.672897196261683521e-04 4.672897196261683521e-04 5.140186915887852252e-03 4.672897196261683521e-04 4.672897196261683521e-04 4.672897196261683521e-04 4.672897196261683521e-04 4.672897196261683521e-04 4.672897196261683521e-04
4.000000000000000192e-04 1.723999999999999977e-01 4.000000000000000192e-04 6.439999999999999891e-02 4.000000000000000192e-04 1.363999999999999935e-01 1.444000000000000006e-01 8.400000000000001216e-03 4.000000000000000192e-04 6.039999999999999536e-02 1.239999999999999956e-02 4.400000000000000265e-03 4.000000000000000192e-04 4.000000000000000192e-04 4.000000000000000192e-04 4.000000000000000192e-04 2.444000000000000061e-01 4.400000000000000265e-03 4.000000000000000192e-04 4.400000000000000265e-03 4.000000000000000192e-04 4.039999999999999841e-02 4.000000000000000192e-04 4.839999999999999858e-02 4.000000000000000192e-04 4.039999999999999841e-02 4.000000000000000192e-04 8.400000000000001216e-03 4.000000000000000192e-04 4.000000000000000192e-04
4.354066985645933113e-02 4.784688995215311685e-04 1.961722488038277618e-02 4.784688995215311685e-04 1.488038277511961882e-01 7.224880382775120125e-02 4.784688995215311685e-04 7.224880382775120125e-02 4.784688995215311685e-04 4.784688995215311685e-04 4.784688995215311685e-04 4.784688995215311685e-04 1.009569377990430783e-01 4.784688995215311685e-04 8.181818181818183155e-02 4.784688995215311685e-04 3.497607655502392721e-01 4.784688995215311685e-04 4.784688995215311685e-04 4.784688995215311685e-04 4.784688995215311685e-04 4.784688995215311685e-04 1.961722488038277618e-02 3.875598086124402292e-02 4.784688995215311685e-04 4.784688995215311685e-04 3.875598086124402292e-02 5.263157894736842854e-03 4.784688995215311685e-04 4.784688995215311685e-04
5.988023952095810482e-04 5.988023952095810482e-04 4.736526946107785796e-01 1.622754491017964762e-01 5.988023952095810482e-04 4.251497005988025268e-02 5.988023952095810482e-04 5.988023952095810482e-04 5.988023952095810482e-04 1.323353293413174203e-01 5.988023952095810482e-04 5.988023952095810482e-04 5.988023952095810482e-04 5.988023952095810482e-04 5.988023952095810482e-04 6.586826347305392397e-03 1.263473053892216202e-01 5.988023952095810482e-04 5.988023952095810482e-04 5.988023952095810482e-04 5.988023952095810482e-04 5.988023952095810482e-04 5.988023952095810482e-04 6.586826347305392397e-03 1.257485029940120201e-02 2.455089820359282124e-02 5.988023952095810482e-04 5.988023952095810482e-04 5.988023952095810482e-04 5.988023952095810482e-04
4.464285714285715773e-04 4.464285714285715773e-04 4.464285714285715773e-04 4.910714285714287350e-03 3.084821428571429269e-01 1.700892857142857761e-01 4.464285714285715773e-04 7.633928571428573451e-02 8.973214285714288529e-02 4.464285714285715773e-04 4.464285714285715773e-04 4.910714285714287350e-03 4.464285714285715773e-04 4.464285714285715773e-04 2.276785714285714871e-02 4.464285714285715773e-04 2.102678571428572007e-01 9.375000000000003123e-03 2.276785714285714871e-02 4.464285714285715773e-04 4.464285714285715773e-04 4.910714285714287350e-03 4.464285714285715773e-04 6.741071428571429602e-02 4.464285714285715773e-04 4.464285714285715773e-04 4.464285714285715773e-04 4.464285714285715773e-04 4.464285714285715773e-04 4.464285714285715773e-04
7.384987893462467180e-03 1.210653753026634115e-04 1.210653753026634115e-04 6.307506053268763235e-02 7.397094430992734448e-02 1.042372881355931868e-01 1.210653753026634115e-04 4.612590799031476146e-02 1.210653753026634115e-04 1.210653753026634115e-04 7.384987893462467180e-03 9.806295399515736061e-03 4.963680387409199167e-03 3.814769975786924117e-01 1.331719128329297581e-03 1.210653753026634115e-04 1.453995157384987413e-01 6.174334140435833174e-03 1.210653753026634115e-04 8.244552058111377646e-02 4.963680387409199167e-03 1.210653753026634115e-04 1.331719128329297581e-03 3.644067796610168941e-02 1.210653753026634115e-04 1.331719128329297581e-03 1.707021791767553837e-02 1.331719128329297581e-03 2.542372881355931587e-03 1.210653753026634115e-04
5.181347150259069285e-04 5.699481865284976648e-03 6.015544041450778812e-01 8.341968911917101159e-02 5.181347150259069285e-04 6.269430051813473792e-02 5.181347150259069285e-04 5.181347150259069285e-04 5.181347150259069285e-04 5.181347150259069285e-04 5.181347150259069285e-04 5.181347150259069285e-04 5.181347150259069285e-04 5.181347150259069285e-04 3.160621761658032047e-02 5.181347150259069285e-04 1.455958549222798326e-01 5.699481865284976648e-03 5.181347150259069285e-04 5.181347150259069285e-04 5.181347150259069285e-04 5.181347150259069285e-04 3.160621761658032047e-02 5.181347150259069285e-04 5.181347150259069285e-04 1.088082901554404507e-02 5.699481865284976648e-03 5.181347150259069285e-04 5.181347150259069285e-04 5.699481865284976648e-03
2.857142857142856273e-04 2.857142857142856273e-04 2.857142857142856273e-04 1.059999999999999692e-01 2.857142857142856273e-04 1.945714285714284786e-01 2.857142857142856273e-04 3.457142857142855852e-02 3.142857142857142117e-03 2.857142857142856273e-04 2.857142857142856273e-04 3.457142857142855852e-02 2.857142857142856273e-04 3.202857142857141737e-01 2.857142857142856273e-04 5.999999999999998390e-03 1.088571428571428190e-01 5.999999999999998390e-03 1.171428571428571007e-02 2.857142857142856273e-04 3.142857142857142117e-03 2.857142857142856273e-04 2.599999999999999187e-02 9.457142857142854242e-02 2.857142857142856273e-04 2.028571428571427845e-02 2.857142857142856273e-04 5.999999999999998390e-03 1.171428571428571007e-02 8.857142857142855097e-03
1.283697047496790557e-04 1.283697047496790557e-04 3.979460847240050454e-03 7.073170731707315029e-02 1.424903722721437317e-02 6.559691912708598416e-02 1.283697047496790557e-04 1.283697047496790557e-04 1.283697047496790557e-04 1.283697047496790557e-04 1.283697047496790557e-04 7.830551989730420714e-03 4.762516046213092352e-02 1.412066752246469558e-03 1.105263157894736392e-01 4.648267008985878523e-01 7.458279845956351795e-02 3.979460847240050454e-03 1.412066752246469558e-03 1.681643132220795450e-02 1.283697047496790557e-04 1.283697047496790557e-04 5.789473684210524884e-02 5.532734274711166578e-02 1.412066752246469558e-03 1.283697047496790557e-04 1.283697047496790557e-04 1.283697047496790557e-04 1.283697047496790557e-04 1.283697047496790557e-04
4.761904761904763527e-04 4.761904761904763527e-04 5.957142857142858627e-01 6.238095238095239803e-02 4.761904761904763527e-04 1.147619047619048011e-01 5.761904761904763222e-02 2.428571428571428895e-02 4.761904761904763527e-04 4.761904761904763527e-04 4.761904761904763527e-04 4.761904761904763527e-04 4.761904761904763527e-04 4.761904761904763527e-04 4.761904761904763527e-04 4.761904761904763527e-04 4.761904761904763527e-04 4.761904761904763527e-04 4.761904761904763527e-04 4.761904761904763527e-04 4.761904761904763527e-04 2.428571428571428895e-02 4.761904761904763527e-04 8.142857142857146124e-02 4.761904761904763527e-04 2.904761904761905475e-02 4.761904761904763527e-04 4.761904761904763527e-04 4.761904761904763527e-04 4.761904761904763527e-04
2.941176470588234494e-04 6.176470588235291950e-03 3.235294117647057998e-03 6.205882352941174962e-02 2.941176470588234494e-04 1.473529411764705477e-01 2.941176470588234494e-04 1.499999999999999424e-02 2.941176470588234494e-04 2.941176470588234494e-04 9.117647058823527204e-03 4.735294117647057682e-02 2.941176470588234494e-04 3.264705882352939709e-02 2.941176470588234494e-04 2.941176470588234494e-04 2.061764705882352111e-01 2.088235294117646301e-02 2.941176470588234494e-04 5.029411764705880861e-02 4.441176470588233810e-02 2.941176470588234494e-04 2.941176470588234494e-04 6.176470588235291950e-03 3.355882352941175206e-01 2.941176470588234494e-04 2.941176470588234494e-04 2.941176470588234494e-04 6.176470588235291950e-03 3.235294117647057998e-03
2.824858757062145907e-04 2.824858757062145907e-04 2.824858757062145907e-04 3.983050847457626081e-02 3.700564971751411220e-02 1.104519774011299138e-01 2.824858757062145907e-04 2.005649717514123437e-02 2.824858757062145907e-04 2.824858757062145907e-04 2.824858757062145907e-04 2.824858757062145907e-04 2.824858757062145907e-04 2.824858757062145907e-04 1.158192090395479719e-02 2.824858757062145907e-04 2.177966101694914502e-01 2.824858757062145907e-04 2.824858757062145907e-04 2.824858757062145907e-04 1.158192090395479719e-02 3.107344632768360877e-03 2.824858757062145907e-04 5.677966101694913864e-02 4.720338983050845760e-01 2.824858757062145907e-04 2.824858757062145907e-04 2.824858757062145907e-04 2.824858757062145907e-04 1.440677966101694407e-02
3.521126760563378843e-04 3.873239436619717053e-03 3.521126760563378843e-04 1.443661971830985206e-02 1.271126760563379698e-01 1.799295774647886592e-01 3.521126760563378843e-04 7.394366197183095679e-03 3.521126760563378843e-04 3.521126760563378843e-04 3.521126760563378843e-04 2.147887323943660845e-02 3.521126760563378843e-04 2.499999999999998751e-02 3.908450704225350375e-02 2.147887323943660845e-02 1.165492957746478431e-01 3.521126760563378843e-04 3.873239436619717053e-03 2.926056338028167891e-01 5.669014084507040252e-02 3.521126760563378843e-04 3.873239436619717053e-03 3.873239436619717053e-03 3.873239436619717053e-03 3.521126760563378843e-04 3.521126760563378843e-04 7.429577464788729435e-02 3.521126760563378843e-04 3.521126760563378843e-04
4.132231404958678668e-04 5.826446280991735838e-02 4.132231404958678668e-04 1.078512396694215059e-01 4.132231404958678668e-04 2.152892561983471287e-01 2.107438016528925817e-02 2.933884297520661377e-02 1.367768595041322643e-01 4.545454545454546101e-03 4.132231404958678668e-04 1.326446280991735727e-01 4.132231404958678668e-04 4.132231404958678668e-04 4.545454545454546101e-03 4.132231404958678668e-04 4.132231404958678668e-04 4.545454545454546101e-03 2.111570247933884648e-01 4.132231404958678668e-04 4.132231404958678668e-04 4.132231404958678668e-04 4.132231404958678668e-04 5.000000000000000278e-02 4.132231404958678668e-04 4.132231404958678668e-04 4.132231404958678668e-04 4.545454545454546101e-03 1.280991735537190257e-02 4.132231404958678668e-04
3.311258278145694277e-04 3.311258278145694277e-04 3.311258278145694277e-04 2.350993377483442601e-02 3.311258278145694277e-04 1.692052980132449647e-01 3.311258278145694277e-04 3.311258278145694277e-04 3.311258278145694277e-04 3.311258278145694277e-04 3.311258278145694277e-04 3.311258278145694277e-04 3.311258278145694277e-04 1.195364238410595581e-01 3.642384105960263813e-03 3.311258278145694277e-04 1.195364238410595581e-01 3.311258278145694277e-04 6.655629139072845313e-02 1.559602649006621988e-01 3.311258278145694277e-04 3.311258278145694277e-04 3.182119205298011844e-01 1.357615894039734469e-02 3.311258278145694277e-04 3.311258278145694277e-04 3.311258278145694277e-04 3.642384105960263813e-03 3.311258278145694277e-04 3.311258278145694277e-04
5.617977528089889219e-04 5.617977528089889219e-04 5.617977528089889219e-04 1.016853932584269871e-01 9.606741573033709958e-02 1.241573033707865509e-01 5.617977528089889219e-04 5.617977528089889219e-04 5.617977528089889219e-04 2.865168539325842895e-02 5.617977528089889219e-04 5.617977528089889219e-04 5.617977528089889219e-04 5.617977528089889219e-04 5.617977528089889219e-04 1.179775280898876649e-02 2.477528089887640894e-01 5.617977528089889219e-04 2.303370786516854146e-02 5.617977528089889219e-04 5.617977528089889219e-04 5.617977528089889219e-04 5.617977528089889219e-04 6.235955056179776079e-02 2.870786516853933157e-01 5.617977528089889219e-04 5.617977528089889219e-04 6.179775280898878141e-03 5.617977528089889219e-04 5.617977528089889219e-04
2.793296089385474083e-04 2.793296089385474083e-04 3.072625698324021708e-03 6.173184357541897788e-02 1.650837988826815150e-01 2.572625698324021437e-01 2.793296089385474083e-04 2.793296089385474083e-04 2.793296089385474083e-04 2.793296089385474083e-04 2.793296089385474083e-04 5.055865921787708328e-02 2.793296089385474083e-04 2.793296089385474083e-04 1.145251396648044179e-02 2.793296089385474083e-04 2.991620111731842502e-01 2.793296089385474083e-04 1.424581005586591544e-02 1.424581005586591544e-02 3.100558659217875906e-02 2.793296089385474083e-04 2.793296089385474083e-04 8.407821229050277401e-02 2.793296089385474083e-04 2.793296089385474083e-04 3.072625698324021708e-03 2.793296089385474083e-04 2.793296089385474083e-04 2.793296089385474083e-04
6.547619047619050378e-03 5.952380952380955086e-04 5.952380952380955086e-04 7.797619047619050447e-02 5.952380952380955086e-04 6.607142857142858650e-02 5.952380952380955086e-04 5.952380952380955086e-04 5.952380952380955086e-04 6.547619047619050378e-03 1.250000000000000416e-02 5.952380952380955086e-04 3.934523809523810534e-01 5.952380952380955086e-04 6.607142857142858650e-02 2.440476190476191173e-02 1.375000000000000666e-01 5.952380952380955086e-04 5.952380952380955086e-04 5.952380952380955086e-04 5.952380952380955086e-04 3.630952380952381930e-02 5.952380952380955086e-04 9.583333333333336757e-02 5.952380952380955086e-04 5.952380952380955086e-04 6.607142857142858650e-02 5.952380952380955086e-04 5.952380952380955086e-04 5.952380952380955086e-04
4.587155963302753632e-04 4.587155963302753632e-04 4.729357798165138571e-01 9.633027522935782086e-03 2.798165137614679401e-02 1.885321100917431714e-01 4.587155963302753632e-04 1.013761467889908591e-01 4.587155963302753632e-04 4.587155963302753632e-04 4.587155963302753632e-04 4.587155963302753632e-04 4.587155963302753632e-04 4.587155963302753632e-04 1.880733944954128892e-02 4.587155963302753632e-04 9.220183486238535397e-02 4.587155963302753632e-04 7.385321100917434378e-02 4.587155963302753632e-04 4.587155963302753632e-04 4.587155963302753632e-04 4.587155963302753632e-04 5.045871559633029538e-03 4.587155963302753632e-04 4.587155963302753632e-04 4.587155963302753632e-04 4.587155963302753632e-04 4.587155963302753632e-04 4.587155963302753632e-04
8.860759493670888193e-03 4.219409282700423104e-04 4.219409282700423104e-04 4.219409282700423104e-04 1.729957805907173310e-02 8.481012658227850276e-02 4.219409282700423104e-04 4.219409282700423104e-04 4.219409282700423104e-04 8.860759493670888193e-03 4.641350210970465739e-03 4.219409282700423104e-04 4.219409282700423104e-04 8.902953586497892868e-02 4.219409282700423104e-04 4.219409282700423104e-04 1.270042194092827481e-01 4.219409282700423104e-04 5.527426160337554212e-02 9.324894514767935461e-02 8.860759493670888193e-03 4.219409282700423104e-04 4.139240506329114888e-01 7.637130801687766479e-02 4.219409282700423104e-04 4.219409282700423104e-04 4.219409282700423104e-04 4.219409282700423104e-04 4.641350210970465739e-03 4.219409282700423104e-04
7.407407407407409208e-04 1.555555555555556031e-02 1.555555555555556031e-02 8.148148148148150888e-03 5.259259259259260050e-02 7.407407407407409208e-04 7.407407407407409208e-04 7.407407407407409208e-04 1.488888888888889317e-01 7.407407407407409208e-04 7.407407407407409208e-04 3.037037037037037396e-02 6.000000000000001166e-02 7.407407407407409208e-04 5.259259259259260050e-02 7.407407407407409208e-04 7.407407407407409208e-04 2.296296296296296974e-02 7.407407407407409208e-04 2.296296296296296974e-02 7.407407407407409208e-04 1.555555555555556031e-02 7.407407407407409208e-04 6.740740740740741588e-02 7.407407407407409208e-04 4.377777777777778767e-01 8.148148148148150888e-03 7.407407407407409208e-04 3.037037037037037396e-02 7.407407407407409208e-04
4.651162790697675764e-04 4.651162790697675764e-04 6.376744186046513496e-01 1.120930232558139950e-01 4.651162790697675764e-04 1.493023255813953898e-01 5.162790697674420060e-02 3.302325581395349624e-02 4.651162790697675764e-04 4.651162790697675764e-04 4.651162790697675764e-04 4.651162790697675764e-04 4.651162790697675764e-04 4.651162790697675764e-04 4.651162790697675764e-04 4.651162790697675764e-04 4.651162790697675764e-04 4.651162790697675764e-04 4.651162790697675764e-04 5.116279069767444045e-03 4.651162790697675764e-04 4.651162790697675764e-04 4.651162790697675764e-04 4.651162790697675764e-04 4.651162790697675764e-04 4.651162790697675764e-04 4.651162790697675764e-04 4.651162790697675764e-04 4.651162790697675764e-04 4.651162790697675764e-04
5.952380952380955086e-04 5.952380952380955086e-04 4.821428571428573034e-02 1.136904761904762307e-01 5.952380952380955086e-04 5.416666666666668239e-02 5.952380952380955086e-04 5.952380952380955086e-04 5.952380952380955086e-04 4.410714285714286698e-01 5.952380952380955086e-04 5.952380952380955086e-04 5.952380952380955086e-04 6.547619047619050378e-03 5.952380952380955086e-04 5.952380952380955086e-04 5.952380952380955086e-04 7.797619047619050447e-02 5.952380952380955086e-04 5.952380952380955086e-04 5.952380952380955086e-04 5.952380952380955086e-04 5.952380952380955086e-04 1.017857142857143266e-01 5.952380952380955086e-04 1.845238095238095968e-02 5.416666666666668239e-02 5.952380952380955086e-04 3.035714285714286378e-02 4.226190476190477135e-02
4.347826086956522659e-03 4.347826086956522659e-03 3.952569169960474800e-04 5.968379446640316444e-02 7.944664031620554678e-02 2.375494071146245501e-01 3.952569169960474800e-04 3.952569169960474800e-04 3.952569169960474800e-04 3.952569169960474800e-04 3.952569169960474800e-04 3.952569169960474800e-04 3.952569169960474800e-04 3.952569169960474800e-04 4.387351778656126827e-02 3.952569169960474800e-04 3.521739130434782816e-01 3.952569169960474800e-04 3.952569169960474800e-04 3.952569169960474800e-04 1.861660079051383754e-01 3.952569169960474800e-04 3.952569169960474800e-04 2.411067193675889286e-02 3.952569169960474800e-04 3.952569169960474800e-04 3.952569169960474800e-04 3.952569169960474800e-04 3.952569169960474800e-04 3.952569169960474800e-04
1.941747572815533574e-04 1.941747572815533574e-04 2.135922330097086985e-03 8.368932038834950293e-02 6.233009708737863308e-02 8.757281553398056639e-02 7.961165048543687381e-03 1.941747572815533574e-04 1.941747572815533574e-04 1.941747572815533574e-04 6.038834951456309441e-02 1.941747572815533574e-04 1.941747572815533574e-04 1.941747572815533574e-04 4.097087378640776323e-02 1.941747572815533574e-04 2.933980582524270964e-01 1.941747572815533574e-04 6.019417475728153916e-03 2.349514563106795684e-02 7.961165048543687381e-03 1.941747572815533574e-04 1.941747572815533574e-04 1.572815533980581951e-02 3.050485436893203284e-01 1.941747572815533574e-04 1.941747572815533574e-04 1.941747572815533574e-04 1.941747572815533574e-04 1.941747572815533574e-04
4.310344827586207921e-04 4.310344827586207921e-04 4.310344827586207921e-04 1.336206896551724380e-02 6.939655172413794482e-02 2.159482758620689946e-01 4.310344827586207921e-04 4.310344827586207921e-04 4.310344827586207921e-04 4.310344827586207921e-04 4.310344827586207921e-04 4.310344827586207921e-04 3.491379310344827624e-02 4.741379310344828388e-03 4.310344827586207921e-04 9.051724137931035225e-03 3.538793103448276134e-01 4.310344827586207921e-04 4.741379310344828388e-03 1.081896551724138150e-01 9.956896551724139788e-02 4.310344827586207921e-04 4.310344827586207921e-04 5.646551724137931910e-02 2.198275862068965747e-02 4.310344827586207921e-04 4.310344827586207921e-04 4.310344827586207921e-04 4.310344827586207921e-04 4.310344827586207921e-04
