4.672897196261682979e-04 4.672897196261682979e-04 4.672897196261682979e-04 4.672897196261682979e-04 7.523364485981309802e-02 4.672897196261682979e-04 8.457943925233646354e-02 4.672897196261682979e-04 4.672897196261682979e-04 3.785046728971962898e-02 1.126168224299065601e-01 4.672897196261682979e-04 4.672897196261682979e-04 4.672897196261682979e-04 4.672897196261682979e-04 2.341121495327103119e-01 4.672897196261682979e-04 4.672897196261682979e-04 4.672897196261682979e-04 4.672897196261682979e-04 4.672897196261682979e-04 4.672897196261682979e-04 4.672897196261682979e-04 7.056074766355141525e-02 4.672897196261682979e-04 3.785046728971962898e-02 5.186915887850467727e-02 5.140186915887851385e-03 1.032710280373831946e-01 1.780373831775701188e-01
2.865329512893983153e-04 8.882521489971347342e-03 2.865329512893983153e-04 2.865329512893983153e-04 4.040114613180515596e-02 1.206303724928366738e-01 3.180515759312321084e-02 6.618911174785101215e-02 1.747851002865329420e-02 2.865329512893983153e-04 1.174785100286532789e-02 2.865329512893983153e-04 1.320916905444126099e-01 2.865329512893983153e-04 2.865329512893983153e-04 4.613180515759312400e-02 2.865329512893983153e-04 2.865329512893983153e-04 2.865329512893983153e-04 2.034383954154727822e-02 2.320916905444125877e-02 3.151862464183381469e-03 2.865329512893983153e-04 2.865329512893983153e-04 6.017191977077364189e-03 6.618911174785101215e-02 2.553008595988538465e-01 2.865329512893983153e-04 3.753581661891117194e-02 1.091690544412607516e-01
2.958579881656803689e-04 1.213017751479289474e-02 2.958579881656803689e-04 2.958579881656803689e-04 2.958579881656803689e-04 5.355029585798815051e-02 3.316568047337276615e-01 1.689349112426034860e-01 2.958579881656803689e-04 1.804733727810650321e-02 2.958579881656803689e-04 1.213017751479289474e-02 3.254437869822484220e-03 2.958579881656803689e-04 9.171597633136092248e-03 9.792899408284021223e-02 9.171597633136092248e-03 2.988165680473371666e-02 1.213017751479289474e-02 2.958579881656803689e-04 6.213017751479288017e-03 2.396449704142010820e-02 2.958579881656803689e-04 7.721893491124258435e-02 9.171597633136092248e-03 5.355029585798815051e-02 2.958579881656803689e-04 2.958579881656803689e-04 2.958579881656803689e-04 6.834319526627216645e-02
1.166666666666666893e-02 5.555555555555556635e-04 7.277777777777778845e-02 1.005555555555555786e-01 6.111111111111112298e-03 5.555555555555556635e-04 3.944444444444444864e-02 5.555555555555556635e-04 5.555555555555556635e-04 5.555555555555556635e-04 5.611111111111111854e-02 5.611111111111111854e-02 5.555555555555556635e-04 9.500000000000002887e-02 5.555555555555556635e-04 5.555555555555556635e-04 5.555555555555556635e-04 2.833333333333333537e-02 3.388888888888889200e-02 5.555555555555556635e-04 5.555555555555556635e-04 5.555555555555556635e-04 5.555555555555556635e-04 6.111111111111112298e-03 5.555555555555556635e-04 5.555555555555556635e-04 5.555555555555556635e-04 5.611111111111111854e-02 1.672222222222222443e-01 2.616666666666667140e-01
4.566210045662101938e-04 2.328767123287671728e-02 4.566210045662101938e-04 4.566210045662101938e-04 4.566210045662101938e-04 4.566210045662101938e-04 3.840182648401826992e-01 4.566210045662101938e-04 4.566210045662101938e-04 5.022831050228312132e-03 4.566210045662101938e-04 5.981735159817352931e-02 4.566210045662101938e-04 3.242009132420092116e-02 4.566210045662101938e-04 4.566210045662101938e-04 1.785388127853881901e-01 4.566210045662101938e-04 7.808219178082194400e-02 9.589041095890413202e-03 4.566210045662101938e-04 2.328767123287671728e-02 4.566210045662101938e-04 4.566210045662101938e-04 4.566210045662101938e-04 4.566210045662101938e-04 4.566210045662101938e-04 4.566210045662101938e-04 8.264840182648404421e-02 1.146118721461187595e-01
3.816793893129770410e-04 4.198473282442747451e-03 3.816793893129770410e-04 3.816793893129770410e-04 1.564885496183205521e-02 8.053435114503815218e-02 1.950381679389312506e-01 3.854961832061067767e-02 3.816793893129770410e-04 3.816793893129770410e-04 4.198473282442747451e-03 3.816793893129770410e-04 3.816793893129770410e-04 3.816793893129770410e-04 3.816793893129770410e-04 1.072519083969465520e-01 1.721374045801526420e-01 3.816793893129770410e-04 1.148854961832060928e-01 4.198473282442747451e-03 1.263358778625953971e-01 3.816793893129770410e-04 3.816793893129770410e-04 8.015267175572517860e-03 3.816793893129770410e-04 3.816793893129770410e-04 6.145038167938930707e-02 4.236641221374044808e-02 3.816793893129770410e-04 1.946564885496182562e-02
2.481389578163770626e-04 2.481389578163770626e-04 2.481389578163770626e-04 2.481389578163770626e-04 2.481389578163770626e-04 2.481389578163770626e-04 2.258064516129031085e-02 2.481389578163770626e-04 2.481389578163770626e-04 2.481389578163770626e-04 2.729528535980148014e-03 3.498759305210916853e-02 2.481389578163770626e-04 2.481389578163770626e-04 2.481389578163770626e-04 1.416873449131512974e-01 2.481389578163770626e-04 5.210918114143918423e-03 5.483870967741933528e-02 1.265508684863522922e-02 2.481389578163770626e-04 3.995037220843671022e-02 2.285359801488832665e-01 1.466501240694788599e-01 7.717121588089327633e-02 7.692307692307689265e-03 2.481389578163770626e-04 9.454094292803966182e-02 2.481389578163770626e-04 1.267990074441686932e-01
8.898305084745762941e-03 4.237288135593220758e-04 4.237288135593220758e-04 4.237288135593220758e-04 4.237288135593220758e-04 4.237288135593220758e-04 4.237288135593220758e-04 5.550847457627118564e-02 2.584745762711864250e-02 4.237288135593220758e-04 1.826271186440678040e-01 4.237288135593220758e-04 4.237288135593220758e-04 4.237288135593220758e-04 3.432203389830508489e-02 2.461864406779661063e-01 4.237288135593220758e-04 4.237288135593220758e-04 4.237288135593220758e-04 4.237288135593220758e-04 4.237288135593220758e-04 4.237288135593220758e-04 3.432203389830508489e-02 3.394067796610168997e-01 4.237288135593220758e-04 4.661016949152542617e-03 4.237288135593220758e-04 4.237288135593220758e-04 4.237288135593220758e-04 5.974576271186440857e-02
2.133891213389121563e-02 2.970711297071130033e-02 4.184100418410042674e-04 8.786610878661088586e-03 5.481171548117155096e-02 4.184100418410042674e-04 4.184100418410042674e-04 4.184100418410042674e-04 4.184100418410042674e-04 4.184100418410042674e-04 4.602510460251047104e-03 4.184100418410042674e-04 1.343096234309623660e-01 4.184100418410042674e-04 4.184100418410042674e-04 4.184100418410042674e-04 5.062761506276151208e-02 4.184100418410042674e-04 2.133891213389121563e-02 4.184100418410042674e-04 4.983263598326360122e-01 2.552301255230125798e-02 1.715481171548117328e-02 2.552301255230125798e-02 4.184100418410042674e-04 5.481171548117155096e-02 4.225941422594142738e-02 4.184100418410042674e-04 4.602510460251047104e-03 4.184100418410042674e-04
1.344497607655502636e-01 4.784688995215311685e-04 4.784688995215311685e-04 4.784688995215311685e-04 4.784688995215311685e-04 5.263157894736842854e-03 4.784688995215311685e-04 3.875598086124402292e-02 4.784688995215311685e-04 6.267942583732058481e-02 4.784688995215311685e-04 4.784688995215311685e-04 4.784688995215311685e-04 7.224880382775120125e-02 4.784688995215311685e-04 4.784688995215311685e-04 4.784688995215311685e-04 4.784688995215311685e-04 9.138755980861246186e-02 4.784688995215311685e-04 2.779904306220096211e-01 4.784688995215311685e-04 4.784688995215311685e-04 4.784688995215311685e-04 4.784688995215311685e-04 5.311004784688995450e-02 1.966507177033493259e-01 4.784688995215311685e-04 4.784688995215311685e-04 5.789473684210526966e-02
2.398081534772181765e-04 2.901678657074339626e-02 2.398081534772181765e-04 2.398081534772181765e-04 2.398081534772181765e-04 2.398081534772181765e-04 7.458033573141485684e-02 4.750599520383691488e-01 2.398081534772181765e-04 2.398081534772181765e-04 1.129496402877697564e-01 2.398081534772181765e-04 2.398081534772181765e-04 2.398081534772181765e-04 2.398081534772181765e-04 2.398081534772181765e-04 2.398081534772181765e-04 2.398081534772181765e-04 4.820143884892085645e-02 9.832134292565943012e-03 9.832134292565943012e-03 2.398081534772181765e-04 3.621103117505994340e-02 2.398081534772181765e-04 2.398081534772181765e-04 5.779376498800958134e-02 3.621103117505994340e-02 2.182254196642685259e-02 2.398081534772181765e-04 8.417266187050358173e-02
4.132231404958678668e-04 4.132231404958678668e-04 4.545454545454546968e-03 2.107438016528925817e-02 4.132231404958678668e-04 4.132231404958678668e-04 4.132231404958678668e-04 4.132231404958678668e-04 2.933884297520661724e-02 4.132231404958678668e-04 4.132231404958678668e-04 4.132231404958678668e-04 2.111570247933884925e-01 4.132231404958678668e-04 4.132231404958678668e-04 2.938016528925620485e-01 4.545454545454546968e-03 4.132231404958678668e-04 4.132231404958678668e-04 5.826446280991736532e-02 7.066115702479340566e-02 4.132231404958678668e-04 4.132231404958678668e-04 2.933884297520661724e-02 4.132231404958678668e-04 4.132231404958678668e-04 4.545454545454546968e-03 4.132231404958678668e-04 1.491735537190083116e-01 1.161157024793388753e-01
5.092592592592593004e-03 3.287037037037036924e-02 5.138888888888888673e-02 5.092592592592593004e-03 4.629629629629629806e-04 8.379629629629629928e-02 6.064814814814814548e-02 3.749999999999999861e-02 4.629629629629629806e-04 4.629629629629629806e-04 5.601851851851851610e-02 9.722222222222222376e-03 4.629629629629629806e-04 4.629629629629629806e-04 3.287037037037036924e-02 4.629629629629629806e-04 1.578703703703703831e-01 4.629629629629629806e-04 4.629629629629629806e-04 4.629629629629629806e-04 2.550925925925925930e-01 3.749999999999999861e-02 4.629629629629629806e-04 4.629629629629629806e-04 4.629629629629629806e-04 9.722222222222222376e-03 1.578703703703703831e-01 4.629629629629629806e-04 4.629629629629629806e-04 4.629629629629629806e-04
3.508771929824560059e-04 7.368421052631576179e-03 1.438596491228069478e-02 3.508771929824560059e-04 3.859649122807016445e-03 1.438596491228069478e-02 7.403508771929821763e-02 3.508771929824560059e-04 1.789473684210525495e-02 1.087719298245613635e-02 1.438596491228069478e-02 3.508771929824560059e-04 3.508771929824560059e-04 1.789473684210525495e-02 3.508771929824560059e-04 3.508771929824560059e-04 1.371929824561403111e-01 3.508771929824560059e-04 3.508771929824560059e-04 2.143859649122806244e-01 1.091228070175438158e-01 5.649122807017541853e-02 5.298245614035085316e-02 2.140350877192981338e-02 1.196491228070175050e-01 3.508771929824560059e-04 1.091228070175438158e-01 3.508771929824560059e-04 3.508771929824560059e-04 3.508771929824560059e-04
1.271739130434783038e-01 3.623188405797102577e-04 3.985507246376813160e-03 3.623188405797102577e-04 3.623188405797102577e-04 3.623188405797102577e-04 3.623188405797102577e-04 2.934782608695652578e-02 3.623188405797102577e-04 3.623188405797102577e-04 1.123188405797101788e-02 3.623188405797102577e-04 9.094202898550726721e-02 1.485507246376811807e-02 3.985507246376813160e-03 2.938405797101449890e-01 3.623188405797102577e-04 1.485507246376811807e-02 3.623188405797102577e-04 1.090579710144927855e-01 1.344202898550724834e-01 3.985507246376813160e-03 3.623188405797102577e-04 4.021739130434782983e-02 3.623188405797102577e-04 2.210144927536232193e-02 3.623188405797102577e-04 3.623188405797102577e-04 7.608695652173915087e-03 8.731884057971016355e-02
2.517730496453900527e-02 3.546099290780142083e-04 4.290780141843971579e-02 3.546099290780142083e-04 3.546099290780142083e-04 3.546099290780142083e-04 3.546099290780142083e-04 3.546099290780142083e-04 3.546099290780142083e-04 3.546099290780142083e-04 7.446808510638298212e-03 3.546099290780142083e-04 3.546099290780142083e-04 3.546099290780142083e-04 3.546099290780142083e-04 9.609929078014184389e-02 4.645390070921985581e-02 3.546099290780142083e-04 3.546099290780142083e-04 3.546099290780142083e-04 5.354609929078014280e-02 4.290780141843971579e-02 4.999999999999999584e-02 1.244680851063829780e-01 3.546099290780142083e-04 3.546099290780142083e-04 2.872340425531914876e-02 3.546099290780142083e-04 9.609929078014184389e-02 3.797872340425531568e-01
4.424778761061948468e-04 4.867256637168143260e-03 4.424778761061948468e-04 4.424778761061948468e-04 4.424778761061948468e-04 4.424778761061948468e-04 4.424778761061948468e-04 5.800884955752213523e-01 4.424778761061948468e-04 4.424778761061948468e-04 4.424778761061948468e-04 6.681415929203540771e-02 4.867256637168143260e-03 4.424778761061948468e-04 4.424778761061948468e-04 4.424778761061948468e-04 9.292035398230091836e-03 4.424778761061948468e-04 4.424778761061948468e-04 4.424778761061948468e-04 1.814159292035398552e-02 4.424778761061948468e-04 4.424778761061948468e-04 4.026548672566372666e-02 4.424778761061948468e-04 4.424778761061948468e-04 1.371681415929203868e-02 4.424778761061948468e-04 7.123893805309737537e-02 1.818584070796460672e-01
4.098360655737705999e-04 5.778688524590164938e-02 7.418032786885248031e-02 4.098360655737705999e-04 8.647540983606559484e-02 1.069672131147541283e-01 4.098360655737705999e-04 4.098360655737705999e-04 4.098360655737705999e-04 3.319672131147541339e-02 2.135245901639344912e-01 4.098360655737705999e-04 2.909836065573771086e-02 4.098360655737705999e-04 4.508196721311476599e-03 4.098360655737705999e-04 4.098360655737705999e-04 1.680327868852459286e-02 4.098360655737705999e-04 4.098360655737705999e-04 1.151639344262295472e-01 8.606557377049182597e-03 4.098360655737705999e-04 4.098360655737705999e-04 4.098360655737705999e-04 1.356557377049180668e-01 4.139344262295082538e-02 4.098360655737705999e-04 4.098360655737705999e-04 7.008196721311477084e-02
3.663003663003664085e-04 2.234432234432234821e-02 3.663003663003664085e-04 3.663003663003664085e-04 3.663003663003664085e-04 3.663003663003664085e-04 3.663003663003664085e-04 2.967032967032967594e-02 3.663003663003664085e-04 3.663003663003664085e-04 3.663003663003664085e-04 2.234432234432234821e-02 3.007326007326007744e-01 3.663003663003664085e-04 3.663003663003664085e-04 2.967032967032967594e-02 3.663003663003664085e-04 3.663003663003664085e-04 3.663003663003664085e-04 2.787545787545788190e-01 3.663003663003664085e-04 3.663003663003664085e-04 1.029304029304029533e-01 1.501831501831502047e-02 3.663003663003664085e-04 3.663003663003664085e-04 3.663003663003664085e-04 3.663003663003664085e-04 8.095238095238097009e-02 1.102564102564102810e-01
8.750000000000000833e-03 4.166666666666667476e-04 4.166666666666667476e-04 4.166666666666667476e-04 4.166666666666667476e-04 4.166666666666667476e-04 2.125000000000000153e-02 5.875000000000000361e-02 4.166666666666667476e-04 1.291666666666666831e-02 1.291666666666666831e-02 4.166666666666667476e-04 2.958333333333333648e-02 4.166666666666667476e-04 4.166666666666667476e-04 4.166666666666667476e-04 5.041666666666667213e-02 4.583333333333334224e-03 4.166666666666667476e-04 1.504166666666666985e-01 4.166666666666667476e-04 4.166666666666667476e-04 4.166666666666667476e-04 1.129166666666666791e-01 1.670833333333333615e-01 4.166666666666667476e-04 4.166666666666667476e-04 4.166666666666667476e-04 1.962500000000000355e-01 1.670833333333333615e-01
8.619047619047619235e-02 4.761904761904761901e-04 8.619047619047619235e-02 4.761904761904761901e-04 1.952380952380952314e-02 4.761904761904761901e-04 3.857142857142856901e-02 4.761904761904761901e-04 4.761904761904761901e-04 4.761904761904761901e-04 1.242857142857142910e-01 1.952380952380952314e-02 4.761904761904761901e-04 4.761904761904761901e-04 4.761904761904761901e-04 4.761904761904761901e-04 5.238095238095238741e-03 4.761904761904761901e-04 1.100000000000000006e-01 4.761904761904761901e-04 4.761904761904761901e-04 2.338095238095238282e-01 2.904761904761904434e-02 4.761904761904761901e-04 5.238095238095238741e-03 5.761904761904761835e-02 5.238095238095238741e-03 4.761904761904761901e-04 4.761904761904761901e-04 1.719047619047619213e-01
2.808988764044944610e-04 2.556179775280899291e-02 2.808988764044944610e-04 1.713483146067415822e-02 2.808988764044944610e-04 2.808988764044944610e-04 1.519662921348314821e-01 1.994382022471910196e-02 3.117977528089888040e-02 3.679775280898876788e-02 2.808988764044944610e-04 2.808988764044944610e-04 2.808988764044944610e-04 3.089887640449439071e-03 1.994382022471910196e-02 1.151685393258427073e-02 2.808988764044944610e-04 8.707865168539326989e-03 5.646067415730338102e-02 3.960674157303371162e-02 2.556179775280899291e-02 5.898876404494383247e-03 2.275280898876404917e-02 5.898876404494383247e-03 2.808988764044944610e-04 2.808988764044944610e-04 6.769662921348315598e-02 4.241573033707865537e-02 8.455056179775283232e-02 3.205056179775281344e-01
5.669014084507043028e-02 3.521126760563380470e-04 1.658450704225352124e-01 3.521126760563380470e-04 1.091549295774647994e-02 1.693661971830985880e-01 3.521126760563380470e-04 7.394366197183099149e-03 2.147887323943661886e-02 3.521126760563380470e-04 1.795774647887323980e-02 3.521126760563380470e-04 3.521126760563380470e-04 3.521126760563380470e-04 3.521126760563380470e-04 3.521126760563380470e-04 1.376760563380281799e-01 3.521126760563380470e-04 3.521126760563380470e-04 3.521126760563380470e-04 2.852112676056338045e-02 7.781690140845071157e-02 3.521126760563380470e-04 3.908450704225351763e-02 3.521126760563380470e-04 2.852112676056338045e-02 3.521126760563380470e-04 3.521126760563380470e-04 1.091549295774647994e-02 2.221830985915493051e-01
1.165697674418604696e-01 3.197674418604651552e-03 4.970930232558139900e-02 2.906976744186046471e-04 3.197674418604651552e-03 2.906976744186046471e-04 2.906976744186046471e-04 6.133720930232558488e-02 2.906976744186046471e-04 2.906976744186046471e-04 4.389534883720930258e-02 2.906976744186046471e-04 3.517441860465116144e-02 2.906976744186046471e-04 2.906976744186046471e-04 5.843023255813954014e-02 2.906976744186046471e-04 2.906976744186046471e-04 3.197674418604651552e-03 3.197674418604651552e-03 2.906976744186046471e-04 3.226744186046511670e-02 2.906976744186046471e-04 1.191860465116278966e-02 2.906976744186046471e-04 6.424418604651163656e-02 3.197674418604651552e-03 2.906976744186046471e-04 2.154069767441860184e-01 2.909883720930232509e-01
1.223728813559321615e-01 3.389830508474575414e-04 3.389830508474575414e-04 3.389830508474575414e-04 1.389830508474575697e-02 3.389830508474575414e-04 7.118644067796608098e-03 3.389830508474575414e-04 3.728813559322032792e-03 2.067796610169490498e-02 1.728813559322033011e-02 3.389830508474575414e-04 8.508474576271184142e-02 3.389830508474575414e-04 3.389830508474575414e-04 3.389830508474575414e-04 3.728813559322032792e-03 2.406779661016947985e-02 3.389830508474575414e-04 3.389830508474575414e-04 2.003389830508473801e-01 3.389830508474575414e-04 3.389830508474575414e-04 2.071186440677965368e-01 4.101694915254235768e-02 3.389830508474575414e-04 1.901694915254236729e-01 3.389830508474575414e-04 2.406779661016947985e-02 3.423728813559320794e-02
2.040133779264214145e-02 3.344481605351171485e-04 3.344481605351171485e-04 3.377926421404682522e-02 3.344481605351171485e-04 3.344481605351171485e-04 3.344481605351171485e-04 3.344481605351171485e-04 3.344481605351171485e-04 3.344481605351171485e-04 1.876254180602007215e-01 3.344481605351171485e-04 3.344481605351171485e-04 3.344481605351171485e-04 3.344481605351171485e-04 3.344481605351171485e-04 1.371237458193980130e-02 3.344481605351171485e-04 3.344481605351171485e-04 1.474916387959866459e-01 3.344481605351171485e-04 3.344481605351171485e-04 3.377926421404682522e-02 1.371237458193980130e-02 4.381270903010034412e-02 7.391304347826088694e-02 3.344481605351171485e-04 3.344481605351171485e-04 1.976588628762542266e-01 2.277591973244147416e-01
8.501628664495115839e-02 3.257328990228013717e-04 3.257328990228013717e-04 3.257328990228013717e-04 3.257328990228013717e-04 3.257328990228013717e-04 3.257328990228013717e-04 3.257328990228013717e-04 3.583061889250815143e-03 3.257328990228013717e-04 2.185667752442996825e-01 3.257328990228013717e-04 3.583061889250815143e-03 3.257328990228013717e-04 3.257328990228013717e-04 1.335504885993485553e-02 2.964169381107492271e-02 3.257328990228013717e-04 3.257328990228013717e-04 3.257328990228013717e-04 3.257328990228013717e-04 3.257328990228013717e-04 7.198697068403910049e-02 6.547231270358308541e-02 3.257328990228013717e-04 8.827361563517917287e-02 3.257328990228013717e-04 3.257328990228013717e-04 1.599348534201954775e-01 2.543973941368078417e-01
1.838235294117646762e-04 1.838235294117646762e-04 2.224264705882352325e-02 3.860294117647058119e-03 1.838235294117646762e-04 5.698529411764704719e-03 8.841911764705880084e-02 4.027573529411763720e-01 1.838235294117646762e-04 5.349264705882351978e-02 7.187499999999999445e-02 1.838235294117646762e-04 1.838235294117646762e-04 1.838235294117646762e-04 1.838235294117646762e-04 5.698529411764704719e-03 2.408088235294117072e-02 1.838235294117646762e-04 1.672794117647058432e-02 7.536764705882350451e-03 2.959558823529411312e-02 1.838235294117646762e-04 9.374999999999997918e-03 5.349264705882351978e-02 2.775735294117646565e-02 2.022058823529411520e-03 1.121323529411764365e-02 1.838235294117646762e-04 9.393382352941175018e-02 6.819852941176469951e-02
4.424778761061947383e-04 4.469026548672565963e-02 4.424778761061947383e-04 4.424778761061947383e-04 4.424778761061947383e-04 4.424778761061947383e-04 4.424778761061947383e-04 1.066371681415929223e-01 4.424778761061947383e-04 4.424778761061947383e-04 4.867256637168142393e-03 4.424778761061947383e-04 4.424778761061947383e-04 4.424778761061947383e-04 4.424778761061947383e-04 4.424778761061947383e-04 2.699115044247787573e-02 4.424778761061947383e-04 4.867256637168142393e-03 1.862831858407079655e-01 2.084070796460177066e-01 4.424778761061947383e-04 1.066371681415929223e-01 4.424778761061947383e-04 4.867256637168142393e-03 4.424778761061947383e-04 1.597345132743362983e-01 4.424778761061947383e-04 1.376106194690265572e-01 4.424778761061947383e-04
2.207547169811321375e-01 6.289308176100630787e-04 6.918238993710693757e-03 6.289308176100630787e-04 6.289308176100630787e-04 6.289308176100630787e-04 1.320754716981132303e-02 6.289308176100630787e-04 6.289308176100630787e-04 6.289308176100630787e-04 2.018867924528302271e-01 6.289308176100630787e-04 6.289308176100630787e-04 6.289308176100630787e-04 6.289308176100630787e-04 6.289308176100630787e-04 6.918238993710693757e-03 6.289308176100630787e-04 6.289308176100630787e-04 6.289308176100630787e-04 6.289308176100630787e-04 6.918238993710693757e-03 1.578616352201258344e-01 6.981132075471699339e-02 6.289308176100630787e-04 6.352201257861636585e-02 5.723270440251573138e-02 6.289308176100630787e-04 1.012578616352201588e-01 8.238993710691824846e-02
6.714285714285715689e-02 5.285714285714286642e-02 4.761904761904763527e-04 4.761904761904763527e-04 4.333333333333334175e-02 1.052380952380952694e-01 4.761904761904763527e-04 4.761904761904763527e-04 4.761904761904763527e-04 4.761904761904763527e-04 7.190476190476191576e-02 5.238095238095239609e-03 4.761904761904763527e-04 4.761904761904763527e-04 5.238095238095239609e-03 1.476190476190476601e-02 4.761904761904763527e-04 4.761904761904763527e-04 4.761904761904763527e-04 4.761904761904763527e-04 1.957142857142857850e-01 6.238095238095239803e-02 9.571428571428575172e-02 4.761904761904763527e-04 4.761904761904763527e-04 4.761904761904763527e-04 1.528571428571429136e-01 1.195238095238095599e-01 4.761904761904763527e-04 4.761904761904763527e-04
3.448275862068965253e-04 3.448275862068965253e-04 3.827586206896550769e-02 3.448275862068965253e-04 3.793103448275861669e-03 3.448275862068965253e-04 3.448275862068965253e-04 3.448275862068965253e-04 3.448275862068965253e-04 3.793103448275861669e-03 3.448275862068965253e-04 3.793103448275861669e-03 1.417241379310344718e-01 1.413793103448275461e-02 3.448275862068965253e-04 3.448275862068965253e-04 3.448275862068965253e-04 3.448275862068965253e-04 2.793103448275861475e-02 8.310344827586205185e-02 3.417241379310343996e-01 3.793103448275861669e-03 7.275862068965516238e-02 3.448275862068965253e-04 7.241379310344826271e-03 3.793103448275861669e-03 1.899999999999999745e-01 3.448275862068965253e-04 3.448275862068965253e-04 5.896551724137930051e-02
4.098360655737705457e-04 4.098360655737705457e-04 4.508196721311476599e-03 4.098360655737705457e-04 4.098360655737705457e-04 4.098360655737705457e-04 1.680327868852458939e-02 1.479508196721311675e-01 4.098360655737705457e-04 4.098360655737705457e-04 4.098360655737705457e-04 1.680327868852458939e-02 1.438524590163934580e-01 4.508196721311476599e-03 4.098360655737705457e-04 4.098360655737705457e-04 4.098360655737705457e-04 4.549180327868852791e-02 7.008196721311477084e-02 5.368852459016393991e-02 4.098360655737705457e-04 1.680327868852458939e-02 4.098360655737705457e-04 4.098360655737705457e-04 4.098360655737705457e-04 4.098360655737705457e-04 5.368852459016393991e-02 2.176229508196721729e-01 4.139344262295082538e-02 1.602459016393442959e-01
4.716981132075473361e-04 4.716981132075473361e-04 2.316037735849057200e-01 9.905660377358493571e-03 7.122641509433963458e-02 4.292452830188680374e-02 2.877358490566038485e-02 4.716981132075473361e-04 5.188679245283020318e-03 4.716981132075473361e-04 4.716981132075473361e-04 4.716981132075473361e-04 4.716981132075473361e-04 6.650943396226416393e-02 3.495283018867925140e-01 4.716981132075473361e-04 4.716981132075473361e-04 4.716981132075473361e-04 4.716981132075473361e-04 4.716981132075473361e-04 4.716981132075473361e-04 4.716981132075473361e-04 4.716981132075473361e-04 3.349056603773585550e-02 4.716981132075473361e-04 8.537735849056606041e-02 5.707547169811322263e-02 9.905660377358493571e-03 4.716981132075473361e-04 4.716981132075473361e-04
7.984790874524715087e-03 3.802281368821293079e-04 3.802281368821293079e-04 3.802281368821293079e-04 3.802281368821293079e-04 5.361216730038022987e-02 3.802281368821293079e-04 3.802281368821293079e-04 3.802281368821293079e-04 3.802281368821293079e-04 3.802281368821293079e-04 2.319391634980988437e-02 8.783269961977187290e-02 7.984790874524715087e-03 3.802281368821293079e-04 2.319391634980988437e-02 7.984790874524715087e-03 3.802281368821293079e-04 1.866920152091254836e-01 1.942965779467680787e-01 1.486692015209125639e-01 4.182509505703422767e-03 1.562737642585551312e-01 3.802281368821293079e-04 3.802281368821293079e-04 3.802281368821293079e-04 4.182509505703422767e-03 7.984790874524715087e-03 2.699619771863117842e-02 5.361216730038022987e-02
3.717472118959107199e-04 3.717472118959107199e-04 2.639405204460965743e-02 3.717472118959107199e-04 3.717472118959107199e-04 3.717472118959107199e-04 7.806691449814125335e-03 3.717472118959107199e-04 3.717472118959107199e-04 3.717472118959107199e-04 6.728624535315984312e-02 3.717472118959107199e-04 1.156133828996282337e-01 3.717472118959107199e-04 3.717472118959107199e-04 3.717472118959107199e-04 3.011152416356876679e-02 3.717472118959107199e-04 3.754646840148698206e-02 2.828996282527880268e-01 8.959107806691447851e-02 3.717472118959107199e-04 2.754646840148697873e-01 4.089219330855017702e-03 3.717472118959107199e-04 3.717472118959107199e-04 2.267657992565055153e-02 3.717472118959107199e-04 3.382899628252786922e-02 3.717472118959107199e-04
5.050505050505051585e-04 3.585858585858586051e-02 5.050505050505051585e-04 1.565656565656566024e-02 5.050505050505051585e-04 2.070707070707070857e-02 5.050505050505051585e-04 2.070707070707070857e-02 5.050505050505051585e-04 5.050505050505051585e-04 8.131313131313133713e-02 5.050505050505051585e-04 1.419191919191919449e-01 5.050505050505051585e-04 5.050505050505051585e-04 5.050505050505051585e-04 5.050505050505051585e-04 5.050505050505051585e-04 3.585858585858586051e-02 5.050505050505051585e-04 3.085858585858586300e-01 5.050505050505051585e-04 5.050505050505051585e-04 7.121212121212122659e-02 5.050505050505051585e-04 5.050505050505051585e-04 1.419191919191919449e-01 1.166666666666666963e-01 5.050505050505051585e-04 5.050505050505051585e-04
4.689440993788818873e-02 3.105590062111800815e-04 3.416149068322981222e-03 3.105590062111800815e-04 3.105590062111800815e-04 3.105590062111800815e-04 2.204968944099378395e-02 3.105590062111800815e-04 3.105590062111800815e-04 3.105590062111800815e-04 2.301242236024844123e-01 3.105590062111800815e-04 7.484472049689440409e-02 3.105590062111800815e-04 3.105590062111800815e-04 3.416149068322981222e-03 3.105590062111800815e-04 3.105590062111800815e-04 2.204968944099378395e-02 3.105590062111800815e-04 3.105590062111800815e-04 3.105590062111800815e-04 6.521739130434781387e-03 2.114906832298135975e-01 3.105590062111800815e-04 8.105590062111800442e-02 1.680124223602484090e-01 3.416149068322981222e-03 3.416149068322981222e-03 1.183229813664596064e-01
1.183206106870229000e-02 4.198473282442748318e-03 7.671755725190840258e-02 3.816793893129770952e-04 3.816793893129770952e-04 1.946564885496182909e-02 3.816793893129770952e-04 9.961832061068702504e-02 3.816793893129770952e-04 3.816793893129770952e-04 1.263358778625954248e-01 3.816793893129770952e-04 3.816793893129770952e-04 3.816793893129770952e-04 6.908396946564886176e-02 1.564885496183205868e-02 8.053435114503817993e-02 2.709923664122137338e-02 2.904580152671755733e-01 3.816793893129770952e-04 3.816793893129770952e-04 2.709923664122137338e-02 3.816793893129770952e-04 3.816793893129770952e-04 3.816793893129770952e-04 5.763358778625954359e-02 4.198473282442748318e-03 3.816793893129770952e-04 1.183206106870229000e-02 7.290076335877862523e-02
3.134796238244513767e-04 3.134796238244513767e-04 3.134796238244513767e-04 3.134796238244513767e-04 3.448275862068965036e-03 6.583072100313478586e-03 1.037617554858934060e-01 3.670846394984325078e-01 2.852664576802507387e-02 3.134796238244513767e-04 3.134796238244513767e-04 6.583072100313478586e-03 5.987460815047021545e-02 3.134796238244513767e-04 3.134796238244513767e-04 3.134796238244513767e-04 3.134796238244513767e-04 3.134796238244513767e-04 6.300940438871473204e-02 3.134796238244513767e-04 3.166144200626958699e-02 1.598746081504701794e-02 2.539184952978055729e-02 8.181818181818180380e-02 3.134796238244513767e-04 3.166144200626958699e-02 3.134796238244513767e-04 1.285266457680250482e-02 3.134796238244513767e-04 1.570532915360501325e-01
5.000000000000001188e-04 2.050000000000000086e-02 1.305000000000000326e-01 5.000000000000001188e-04 5.000000000000001188e-04 2.550000000000000183e-02 5.500000000000001416e-03 1.050000000000000239e-02 5.000000000000001188e-04 5.000000000000001188e-04 1.050000000000000239e-02 5.500000000000001416e-03 5.000000000000001188e-04 5.000000000000001188e-04 3.050000000000000280e-02 5.000000000000001188e-04 5.000000000000001188e-04 2.550000000000000183e-02 5.604999999999999982e-01 5.500000000000001416e-03 5.000000000000001188e-04 5.050000000000000322e-02 5.000000000000001188e-04 5.000000000000001188e-04 5.000000000000001188e-04 5.000000000000001188e-04 5.000000000000001188e-04 5.000000000000001188e-04 5.000000000000001188e-04 1.105000000000000288e-01
1.199115044247787837e-01 1.371681415929203694e-02 4.911504424778761341e-02 4.424778761061947925e-04 3.584070796460177288e-02 4.424778761061947925e-04 4.424778761061947925e-04 4.424778761061947925e-04 4.424778761061947925e-04 4.424778761061947925e-04 1.066371681415929362e-01 5.353982300884956025e-02 7.123893805309736149e-02 4.424778761061947925e-04 1.814159292035398205e-02 4.424778761061947925e-04 4.867256637168142393e-03 1.814159292035398205e-02 4.424778761061947925e-04 4.424778761061947925e-04 1.066371681415929362e-01 4.424778761061947925e-04 4.424778761061947925e-04 4.424778761061947925e-04 4.424778761061947925e-04 4.469026548672566657e-02 2.659292035398230225e-01 4.424778761061947925e-04 8.451327433628320895e-02 4.424778761061947925e-04
3.717472118959108825e-04 3.717472118959108825e-04 3.717472118959108825e-04 3.717472118959108825e-04 4.869888475836432057e-02 3.717472118959108825e-04 4.126394052044610183e-02 3.717472118959108825e-04 2.639405204460967130e-02 3.717472118959108825e-04 3.717472118959108825e-04 4.498141263940521467e-02 3.717472118959108825e-04 1.524163568773234320e-02 3.717472118959108825e-04 7.843866171003720245e-02 3.717472118959108825e-04 3.717472118959108825e-04 3.717472118959108825e-04 4.089219330855019437e-03 2.234200743494424435e-01 3.717472118959108825e-04 3.717472118959108825e-04 3.717472118959108825e-04 3.717472118959108825e-04 1.152416356877323730e-02 3.981412639405205178e-01 3.717472118959108825e-04 3.717472118959108825e-04 1.007434944237918517e-01
2.808988764044942983e-04 2.808988764044942983e-04 2.808988764044942983e-04 2.808988764044942983e-04 2.808988764044942983e-04 3.089887640449437336e-03 2.808988764044942983e-04 4.803370786516852897e-02 2.808988764044942983e-04 2.808988764044942983e-04 6.488764044943819143e-02 2.808988764044942983e-04 6.207865168539324074e-02 2.808988764044942983e-04 3.089887640449437336e-03 1.151685393258426553e-02 2.808988764044942983e-04 2.808988764044942983e-04 2.808988764044942983e-04 8.174157303370784000e-02 2.808988764044942983e-04 2.808988764044942983e-04 4.778089887640447619e-01 1.463483146067415253e-01 2.808988764044942983e-04 2.808988764044942983e-04 2.808988764044942983e-04 2.808988764044942983e-04 2.808988764044942983e-04 9.578651685393255177e-02
4.721030042918456307e-03 4.291845493562233154e-04 4.291845493562233154e-04 4.291845493562233154e-04 4.291845493562233154e-04 3.905579399141631547e-02 4.291845493562233154e-04 4.291845493562233154e-04 4.721030042918456307e-03 2.188841201716738502e-02 6.480686695278971288e-02 4.291845493562233154e-04 4.291845493562233154e-04 1.759656652360515328e-02 2.618025751072962024e-02 4.291845493562233154e-04 4.291845493562233154e-04 4.291845493562233154e-04 3.609442060085837345e-01 4.291845493562233154e-04 4.291845493562233154e-04 2.321888412017167891e-01 4.291845493562233154e-04 4.291845493562233154e-04 1.330472103004292153e-02 1.759656652360515328e-02 4.291845493562233154e-04 4.291845493562233154e-04 3.905579399141631547e-02 1.506437768240343755e-01
4.329004329004330085e-04 1.774891774891775020e-02 4.329004329004330085e-04 4.329004329004330085e-04 4.329004329004330085e-04 6.103896103896105235e-02 7.402597402597405063e-02 4.246753246753247613e-01 4.329004329004330085e-04 4.329004329004330085e-04 4.329004329004330085e-04 4.329004329004330085e-04 3.506493506493506968e-02 4.329004329004330085e-04 4.329004329004330085e-04 4.329004329004330085e-04 4.329004329004330085e-04 6.536796536796538049e-02 5.670995670995672422e-02 2.640692640692641341e-02 5.238095238095238915e-02 4.329004329004330085e-04 1.774891774891775020e-02 3.073593073593074154e-02 4.329004329004330085e-04 4.329004329004330085e-04 4.329004329004330085e-04 4.329004329004330085e-04 4.329004329004330085e-04 1.303030303030303372e-01
2.964959568733153972e-03 2.964959568733153972e-03 2.695417789757412652e-04 2.695417789757412652e-04 2.695417789757412652e-04 5.660377358490566516e-03 6.765498652291106196e-02 1.913746630727762577e-02 2.695417789757412652e-04 6.226415094339623341e-02 2.695417789757412652e-04 2.183288409703504004e-02 2.695417789757412652e-04 2.695417789757412652e-04 2.695417789757412652e-04 2.695417789757412652e-04 4.070080862533692612e-02 2.964959568733153972e-03 4.609164420485175467e-02 1.913746630727762577e-02 2.722371967654986513e-02 1.913746630727762577e-02 4.070080862533692612e-02 1.913746630727762577e-02 1.374663072776280241e-02 1.644204851752021496e-02 1.862533692722371792e-01 2.695417789757412652e-04 1.000000000000000056e-01 2.832884097035040516e-01
1.848958333333332663e-02 5.468749999999998786e-03 1.328124999999999445e-02 2.864583333333332697e-03 5.468749999999998786e-03 2.604166666666666088e-04 4.453124999999998751e-02 2.604166666666666088e-04 2.604166666666666088e-04 2.604166666666666088e-04 1.148437499999999667e-01 2.604166666666666088e-04 1.018229166666666380e-01 2.109374999999999445e-02 2.604166666666666088e-04 2.604166666666666088e-04 8.072916666666664007e-03 2.604166666666666088e-04 2.890624999999999098e-02 4.973958333333332316e-02 2.033854166666665964e-01 2.890624999999999098e-02 2.111979166666665964e-01 4.713541666666665880e-02 5.468749999999998786e-03 2.864583333333332697e-03 2.604166666666666088e-04 2.604166666666666088e-04 5.234374999999998751e-02 3.151041666666665880e-02
1.152416356877323730e-02 3.717472118959108825e-04 3.717472118959108825e-04 3.717472118959108825e-04 1.524163568773234320e-02 3.717472118959108825e-04 3.717472118959108825e-04 4.089219330855019437e-03 3.717472118959108825e-04 3.717472118959108825e-04 1.007434944237918517e-01 1.152416356877323730e-02 3.717472118959108825e-04 3.754646840148699594e-02 3.717472118959108825e-04 3.717472118959108825e-04 4.089219330855019437e-03 3.717472118959108825e-04 2.639405204460967130e-02 3.717472118959108825e-04 3.717472118959108825e-04 3.717472118959108825e-04 4.613382899628253320e-01 1.895910780669145257e-02 6.356877323420076498e-02 2.639405204460967130e-02 7.806691449814128804e-03 3.717472118959108825e-04 1.524163568773234320e-02 1.899628252788104488e-01
5.789473684210527486e-03 5.263157894736843071e-04 5.263157894736843071e-04 5.263157894736843071e-04 5.263157894736843071e-04 5.789473684210527486e-03 5.263157894736843071e-04 5.263157894736843071e-04 5.263157894736843071e-04 5.263157894736843071e-04 1.215789473684210781e-01 5.263157894736843071e-04 4.789473684210526772e-02 5.789473684210527486e-03 1.631578947368421406e-02 5.789473684210527486e-03 5.263157894736843071e-04 5.842105263157895689e-02 3.736842105263158548e-02 5.263157894736843071e-04 5.263157894736843071e-04 5.263157894736843071e-04 4.789473684210526772e-02 4.263157894736842313e-02 3.900000000000000133e-01 9.526315789473686901e-02 5.263157894736843071e-04 5.315789473684211230e-02 5.263157894736843071e-04 5.842105263157895689e-02
2.865329512893982069e-04 2.865329512893982069e-04 4.040114613180514208e-02 2.865329512893982069e-04 8.882521489971343873e-03 2.865329512893982069e-04 2.865329512893982069e-04 2.865329512893982069e-04 2.865329512893982069e-04 2.865329512893982069e-04 2.865329512893982069e-04 2.865329512893982069e-04 2.037249283667620925e-01 6.045845272206302329e-02 2.865329512893982069e-04 1.320916905444125822e-01 2.865329512893982069e-04 4.613180515759311012e-02 1.461318051575930671e-02 2.865329512893982069e-04 1.808022922636102481e-01 2.865329512893982069e-04 6.017191977077362454e-03 1.005730659025787649e-01 2.865329512893982069e-04 6.017191977077362454e-03 1.034383954154727558e-01 2.320916905444125183e-02 6.905444126074496147e-02 2.865329512893982069e-04
4.726562500000000555e-02 3.906250000000000759e-04 4.296875000000001214e-03 3.906250000000000759e-04 4.726562500000000555e-02 7.460937500000001943e-02 3.906250000000000759e-04 3.906250000000000759e-04 3.906250000000000759e-04 3.906250000000000759e-04 5.117187500000000555e-02 3.906250000000000759e-04 1.605468750000000333e-01 4.296875000000001214e-03 3.906250000000000759e-04 3.906250000000000759e-04 8.242187500000001943e-02 3.906250000000000759e-04 3.906250000000000759e-04 3.906250000000000759e-04 1.488281250000000333e-01 8.203125000000002082e-03 1.210937500000000208e-02 3.906250000000000759e-04 3.906250000000000759e-04 3.906250000000000759e-04 3.011718750000000333e-01 4.296875000000001214e-03 4.726562500000000555e-02 3.906250000000000759e-04
4.149377593360996830e-04 1.286307053941908828e-02 4.149377593360996830e-04 4.149377593360996830e-04 2.531120331950207497e-02 4.149377593360996830e-04 4.149377593360996830e-04 7.510373443983403563e-02 4.149377593360996830e-04 4.149377593360996830e-04 7.925311203319503062e-02 4.149377593360996830e-04 2.369294605809129095e-01 4.149377593360996830e-04 6.680497925311204566e-02 4.149377593360996830e-04 4.149377593360996830e-04 4.149377593360996830e-04 4.149377593360996830e-04 4.564315352697096567e-03 2.946058091286307343e-02 4.149377593360996830e-04 4.149377593360996830e-04 1.082987551867220094e-01 4.149377593360996830e-04 1.373443983402489743e-01 1.165975103734439994e-01 5.850622406639004874e-02 4.564315352697096567e-03 3.775933609958506687e-02
