5.286821705426354712e-02 2.961240310077518575e-02 1.550387596899224351e-04 6.062015503875967104e-02 1.550387596899224351e-04 1.550387596899224351e-04 1.550387596899224351e-04 1.550387596899224351e-04 1.550387596899224351e-04 7.906976744186043973e-03 1.319379844961239834e-01 1.550387596899224351e-04 1.550387596899224351e-04 7.906976744186043973e-03 1.550387596899224351e-04 1.705426356589146786e-03 1.550387596899224351e-04 1.705426356589146786e-03 9.937984496124026290e-02 3.582945736434107187e-01 7.302325581395346932e-02 1.550387596899224351e-04 1.550387596899224351e-04 6.837209302325579496e-02 1.550387596899224351e-04 6.217054263565889582e-02 1.550387596899224351e-04 3.255813953488370920e-03 1.550387596899224351e-04 3.891472868217053099e-02
9.652509652509657886e-05 8.600386100386103738e-02 9.652509652509657886e-05 1.457528957528958155e-02 5.888030888030889969e-03 2.905405405405406954e-02 7.818532818532820949e-03 9.652509652509657886e-05 9.652509652509657886e-05 9.652509652509657886e-05 9.652509652509657886e-05 4.353281853281855407e-02 9.469111969111972116e-02 5.222007722007724478e-02 9.652509652509657886e-05 2.172779922779923545e-01 1.361003861003861649e-02 1.255791505791506169e-01 1.767374517374518117e-01 4.922779922779924912e-03 9.652509652509657886e-05 3.870656370656372358e-02 3.957528957528958988e-03 9.652509652509657886e-05 5.994208494208497218e-02 2.422779922779923906e-02 9.652509652509657886e-05 9.652509652509657886e-05 9.652509652509657886e-05 9.652509652509657886e-05
8.333333333333331483e-03 1.173708920187793399e-04 1.173708920187793399e-04 2.359154929577464768e-02 5.058685446009389408e-02 1.173708920187793399e-04 1.139671361502347241e-01 1.961267605633802424e-01 1.173708920187793399e-04 5.985915492957745443e-03 1.173708920187793399e-04 1.291079812206572712e-03 1.291079812206572712e-03 1.173708920187793399e-04 1.173708920187793399e-04 1.173708920187793399e-04 1.503521126760563043e-01 1.173708920187793399e-04 1.315727699530516159e-01 1.420187793427229832e-02 3.415492957746478486e-02 4.812206572769952423e-03 1.173708920187793399e-04 1.173708920187793399e-04 2.476525821596244070e-02 4.002347417840375343e-02 1.173708920187793399e-04 1.173708920187793399e-04 2.593896713615023372e-02 1.714788732394365856e-01
2.932551319648093297e-04 1.674486803519061040e-01 2.932551319648093297e-04 2.348973607038122302e-01 2.932551319648093297e-04 2.932551319648093297e-04 6.158357771260994894e-03 6.774193548387094643e-02 2.932551319648093297e-04 2.932551319648093297e-04 2.932551319648093297e-04 2.932551319648093297e-04 2.932551319648093297e-04 1.202346041055717997e-02 2.932551319648093297e-04 3.225806451612902356e-03 9.090909090909088733e-03 2.932551319648093297e-04 2.055718475073312901e-01 2.668621700879764483e-02 9.999999999999996392e-02 2.932551319648093297e-04 2.932551319648093297e-04 2.932551319648093297e-04 2.932551319648093297e-04 9.090909090909088733e-03 2.932551319648093297e-04 2.932551319648093297e-04 2.932551319648093297e-04 1.527859237536656478e-01
3.278688524590162847e-04 6.885245901639342088e-03 3.278688524590162847e-04 1.999999999999999001e-02 3.278688524590162847e-04 3.278688524590162847e-04 1.806557377049179680e-01 8.885245901639340915e-02 3.278688524590162847e-04 1.344262295081966561e-02 1.016393442622950428e-02 3.278688524590162847e-04 3.278688524590162847e-04 3.278688524590162847e-04 3.278688524590162847e-04 7.901639344262292863e-02 3.278688524590162847e-04 2.068852459016392586e-01 4.950819672131145238e-02 3.278688524590162847e-04 2.232786885245900688e-01 3.278688524590162847e-04 1.999999999999999001e-02 1.672131147540982868e-02 3.278688524590162847e-04 3.278688524590162847e-04 3.278688524590162847e-04 3.278688524590162847e-04 3.278688524590162847e-04 7.901639344262292863e-02
3.703703703703702436e-04 4.074074074074072842e-03 3.703703703703702436e-04 1.518518518518517831e-02 1.188888888888888495e-01 3.703703703703702436e-04 6.333333333333331094e-02 2.485185185185183887e-01 2.188888888888887996e-01 3.703703703703702436e-04 3.703703703703702436e-04 3.740740740740738923e-02 2.999999999999998501e-02 3.703703703703702436e-04 3.703703703703702436e-04 3.703703703703702436e-04 1.299999999999999489e-01 3.703703703703702436e-04 1.040740740740740411e-01 1.888888888888887868e-02 4.074074074074072842e-03 3.703703703703702436e-04 3.703703703703702436e-04 3.703703703703702436e-04 3.703703703703702436e-04 3.703703703703702436e-04 3.703703703703702436e-04 3.703703703703702436e-04 3.703703703703702436e-04 3.703703703703702436e-04
1.629629629629629310e-03 4.311111111111110006e-02 1.481481481481481191e-04 9.644444444444440212e-02 1.481481481481481191e-04 3.111111111111110068e-03 4.208888888888887569e-01 1.157037037037036559e-01 1.481481481481481191e-04 1.481481481481481191e-04 1.481481481481481191e-04 1.481481481481481191e-04 1.481481481481481191e-04 1.481481481481481191e-04 1.481481481481481191e-04 2.088888888888888046e-02 2.237037037037036338e-02 1.481481481481481191e-04 1.468148148148147591e-01 1.051851851851851385e-02 1.644444444444443862e-02 1.481481481481481191e-04 1.481481481481481191e-04 1.481481481481481191e-04 2.088888888888888046e-02 2.829629629629628815e-02 1.481481481481481191e-04 1.481481481481481191e-04 1.481481481481481191e-04 5.051851851851850428e-02
4.237288135593221842e-04 7.669491525423731415e-02 4.237288135593221842e-04 4.237288135593221842e-04 1.313559322033898587e-02 4.237288135593221842e-04 6.398305084745764537e-02 1.529661016949152852e-01 2.584745762711864944e-02 4.237288135593221842e-04 4.237288135593221842e-04 4.661016949152543484e-03 4.237288135593221842e-04 4.237288135593221842e-04 4.279661016949153768e-02 8.898305084745764676e-03 4.237288135593221842e-04 4.237288135593221842e-04 6.398305084745764537e-02 3.432203389830509183e-02 5.974576271186442245e-02 1.737288135593220706e-02 3.309322033898305371e-01 8.898305084745764676e-03 8.898305084745764676e-03 4.237288135593221842e-04 4.237288135593221842e-04 8.093220338983053708e-02 4.237288135593221842e-04 4.237288135593221842e-04
1.272264631043256713e-04 1.272264631043256713e-04 1.272264631043256713e-04 1.157760814249363460e-02 1.399491094147582411e-03 1.272264631043256713e-04 1.272264631043256713e-04 4.465648854961831032e-02 4.592875318066156481e-02 1.399491094147582411e-03 6.628498727735367135e-02 1.399491094147582411e-03 1.272264631043256713e-04 1.272264631043256713e-04 1.272264631043256713e-04 3.575063613231551501e-02 1.272264631043256713e-04 1.030534351145037837e-02 1.807888040712467559e-01 2.851145038167938184e-01 9.936386768447832973e-02 1.272264631043256713e-04 1.272264631043256713e-04 1.793893129770991746e-02 1.272264631043256713e-04 8.918575063613227993e-02 6.488549618320607962e-03 1.272264631043256713e-04 1.272264631043256713e-04 1.006361323155215981e-01
4.016064257028113707e-04 4.016064257028113707e-04 8.433734939759037971e-03 4.016064257028113707e-04 4.056224899598394329e-02 4.016064257028113707e-04 4.016064257028113707e-04 4.016064257028113707e-04 2.449799196787149150e-02 1.650602409638554646e-01 2.048192771084337768e-02 4.417670682730925023e-03 3.654618473895582947e-02 4.016064257028113707e-04 2.048192771084337768e-02 4.016064257028113707e-04 4.016064257028113707e-04 4.016064257028113707e-04 2.052208835341365889e-01 4.417670682730925023e-03 4.016064257028113707e-04 4.016064257028113707e-04 3.979919678714859965e-01 4.016064257028113707e-04 4.016064257028113707e-04 4.457831325301205710e-02 4.016064257028113707e-04 4.016064257028113707e-04 4.016064257028113707e-04 2.048192771084337768e-02
1.092353525322740720e-03 9.930486593843096963e-05 9.930486593843096963e-05 1.162859980139026445e-01 9.930486593843096963e-05 5.769612711022838875e-02 9.930486593843096963e-05 9.930486593843096963e-05 9.930486593843096963e-05 9.930486593843096963e-05 1.092353525322740720e-03 1.709036742800396913e-01 4.677259185700098632e-02 1.896722939424031612e-02 2.085402184707050091e-03 2.492552135054617105e-02 2.691161866931479282e-02 2.293942403177755274e-02 1.619662363455808829e-01 9.930486593843096963e-05 3.485600794438926953e-02 2.085402184707050091e-03 2.085402184707050091e-03 1.092353525322740720e-03 9.930486593843096963e-05 6.663356504468716246e-02 2.492552135054617105e-02 9.930486593843096963e-05 1.808341608738827655e-01 3.485600794438926953e-02
1.470588235294117247e-04 1.470588235294117247e-04 1.470588235294117247e-04 1.617647058823528999e-03 1.470588235294117247e-04 2.514705882352940430e-02 8.397058823529408855e-02 2.369117647058822662e-01 1.470588235294117247e-04 1.470588235294117247e-04 1.470588235294117247e-04 1.338235294117646502e-02 2.073529411764704969e-02 1.191176470588234913e-02 1.470588235294117247e-04 2.707352941176469630e-01 6.779411764705879639e-02 1.470588235294117247e-04 1.133823529411764203e-01 1.470588235294117247e-04 3.249999999999999417e-02 1.470588235294117247e-04 1.617647058823528999e-03 1.470588235294117247e-04 1.470588235294117247e-04 3.838235294117645774e-02 3.088235294117645975e-03 1.470588235294117247e-04 1.470588235294117247e-04 7.661764705882351256e-02
1.562500000000000033e-04 1.562500000000000033e-04 1.562500000000000033e-04 1.562500000000000033e-04 2.046875000000000083e-02 1.578125000000000014e-02 2.203124999999999875e-02 1.267187499999999911e-01 3.453124999999999944e-02 1.562500000000000033e-04 1.562500000000000033e-04 1.562500000000000033e-04 1.562500000000000033e-04 3.281250000000000312e-03 1.562500000000000033e-04 2.671875000000000291e-02 1.562500000000000033e-04 1.562500000000000033e-04 1.376562499999999800e-01 1.157812499999999883e-01 2.642187500000000022e-01 1.578125000000000014e-02 1.562500000000000033e-04 1.890624999999999944e-02 1.562500000000000033e-04 5.953125000000000083e-02 1.562500000000000033e-04 1.562500000000000033e-04 4.843749999999999965e-03 1.314062500000000022e-01
9.293680297397772063e-05 1.960966542750930061e-02 9.293680297397772063e-05 9.293680297397772063e-05 2.704460966542751588e-02 9.293680297397772063e-05 1.478624535315985478e-01 9.293680297397772063e-05 2.881040892193309326e-03 9.293680297397772063e-05 9.293680297397772063e-05 4.377323420074350629e-02 9.293680297397772063e-05 1.022304832713754859e-03 9.293680297397772063e-05 2.146840148698885356e-02 9.293680297397772063e-05 9.293680297397772063e-05 6.236059479553904272e-02 4.564126394052046010e-01 1.227695167286245587e-01 1.022304832713754859e-03 9.293680297397772063e-05 1.403345724907063483e-02 9.293680297397772063e-05 5.399628252788105098e-02 2.881040892193309326e-03 9.293680297397772063e-05 9.293680297397772063e-05 2.146840148698885356e-02
1.769911504424778520e-04 1.769911504424778520e-04 1.769911504424778520e-04 2.849557522123893558e-02 1.769911504424778520e-04 3.716814159292035000e-03 1.769911504424778520e-04 1.769911504424778520e-04 1.946902654867256480e-03 1.769911504424778520e-04 9.221238938053095968e-02 1.769911504424778520e-04 1.769911504424778520e-04 7.256637168141590738e-03 1.769911504424778520e-04 5.486725663716812869e-03 1.079646017699114821e-02 1.769911504424778520e-04 1.063716814159291896e-01 4.796460176991149821e-02 1.769911504424778520e-04 1.769911504424778520e-04 1.769911504424778520e-04 2.318584070796459590e-02 1.769911504424778520e-04 2.550442477876105341e-01 3.559292035398229359e-01 5.681415929203539189e-02 1.946902654867256480e-03 1.769911504424778520e-04
2.375296912114013706e-04 2.375296912114013706e-04 2.612826603325415185e-03 2.375296912114013706e-04 2.375296912114013706e-04 4.774346793349167756e-02 2.375296912114013706e-04 7.363420427553442164e-03 2.375296912114013706e-04 2.375296912114013706e-04 2.375296912114013706e-04 2.375296912114013706e-04 2.612826603325415185e-03 2.375296912114013706e-04 2.612826603325415185e-03 2.375296912114013706e-04 2.612826603325415185e-03 2.375296912114013706e-04 1.923990498812350874e-02 2.686460807600949408e-01 3.636579572446554942e-01 2.612826603325415185e-03 2.375296912114013706e-04 1.095011876484560248e-01 2.375296912114013706e-04 6.674584323040379241e-02 2.375296912114013706e-04 2.375296912114013706e-04 2.612826603325415185e-03 9.762470308788596951e-02
2.237136465324384305e-04 2.237136465324384305e-04 2.237136465324384305e-04 2.237136465324384305e-04 2.460850111856822953e-03 2.237136465324384305e-04 2.237136465324384305e-04 6.733780760626396911e-02 2.460850111856822953e-03 2.237136465324384305e-04 6.062639821029081749e-02 2.237136465324384305e-04 2.237136465324384305e-04 2.237136465324384305e-04 2.237136465324384305e-04 2.237136465324384305e-04 9.172259507829974567e-03 2.237136465324384305e-04 1.568232662192393101e-01 8.523489932885904008e-02 2.237136465324384305e-04 1.411633109619686577e-01 2.237136465324384305e-04 1.120805369127516465e-01 1.140939597315435844e-02 2.930648769574943288e-02 5.838926174496643362e-02 6.935123042505591563e-03 2.237136465324384305e-04 2.530201342281878651e-01
1.724137931034482626e-04 1.724137931034482626e-04 1.896551724137930835e-03 1.724137931034482626e-04 1.568965517241378838e-02 8.637931034482757009e-02 1.743103448275861722e-01 1.967241379310344374e-01 2.775862068965517099e-02 3.620689655172413136e-03 1.896551724137930835e-03 1.224137931034482464e-02 1.724137931034482626e-04 1.896551724137930835e-03 3.620689655172413136e-03 6.741379310344826348e-02 1.896551724137930835e-03 1.724137931034482626e-04 1.208620689655172109e-01 1.724137931034482626e-04 2.381034482758620230e-01 1.741379310344827111e-02 1.724137931034482626e-04 1.724137931034482626e-04 1.724137931034482626e-04 3.620689655172413136e-03 1.724137931034482626e-04 1.724137931034482626e-04 1.724137931034482626e-04 2.258620689655171931e-02
1.617780010045203887e-01 5.022601707684582042e-05 1.562029131089904925e-02 2.466097438473129760e-02 4.324460070316424321e-02 2.059266700150678454e-03 5.022601707684582042e-05 4.073329984932195363e-02 8.242089402310398549e-02 2.516323455549975691e-02 1.813159216474134056e-02 5.022601707684582042e-05 2.415871421396283830e-02 4.068307383224511325e-03 1.662481165243596612e-02 1.054746358613762236e-03 8.588648920140636370e-03 5.022601707684582042e-05 1.542440984429935269e-01 1.733299849321949249e-01 2.466097438473129760e-02 1.009542943244601081e-02 5.022601707684582042e-05 3.119035660472125465e-02 3.063787041687594890e-03 7.287795077850327263e-02 5.022601707684582042e-05 5.022601707684582042e-05 5.022601707684582042e-05 6.182822702159719574e-02
1.510574018126887945e-04 1.510574018126887945e-04 1.510574018126887945e-04 7.265861027190331778e-02 2.129909365558911929e-02 7.703927492447128385e-03 1.510574018126887945e-04 1.510574018126887945e-04 3.036253776435044946e-02 1.510574018126887945e-04 1.510574018126887945e-04 1.510574018126887945e-04 3.172205438066465037e-03 7.703927492447128385e-03 1.510574018126887945e-04 1.223564954682779260e-02 4.682779456193352820e-03 1.510574018126887945e-04 1.300604229607250362e-01 2.432024169184289833e-02 1.510574018126887945e-04 1.510574018126887945e-04 1.510574018126887945e-04 7.567975830815708294e-02 1.510574018126887945e-04 1.089123867069486107e-01 1.361027190332325942e-01 1.510574018126887945e-04 1.572507552870090197e-01 2.055891238670694288e-01
1.692047377326564596e-04 1.692047377326564596e-04 2.047377326565142860e-02 1.692047377326564596e-04 1.692047377326564596e-04 5.600676818950928865e-02 1.692047377326564596e-04 1.692047377326564596e-04 1.692047377326564596e-04 1.692047377326564596e-04 3.553299492385785571e-03 1.861252115059221137e-03 1.692047377326564596e-04 1.539763113367173704e-02 1.692047377326564596e-04 4.536379018612519687e-01 3.553299492385785571e-03 1.016920473773265249e-01 2.065989847715735128e-01 1.692047377326564596e-04 1.692047377326564596e-04 1.692047377326564596e-04 1.692047377326564596e-04 2.216582064297799304e-02 1.370558375634517261e-02 8.646362098138744845e-02 3.553299492385785571e-03 1.861252115059221137e-03 1.692047377326564596e-04 6.937394247038914004e-03
5.313001605136435934e-02 1.605136436597110470e-04 1.765650080256821707e-03 6.581059390048151977e-03 2.744783306581059096e-02 1.460674157303370503e-02 2.505617977528089568e-01 1.189406099518458826e-01 2.102728731942214713e-02 4.975922953451042755e-03 1.605136436597110470e-04 2.905296950240770018e-02 3.370786516853932231e-03 1.605136436597110470e-04 1.605136436597110470e-04 1.943820224719100542e-01 4.975922953451042755e-03 4.670947030497591551e-02 2.072231139646869558e-01 1.605136436597110470e-04 1.605136436597110470e-04 1.605136436597110470e-04 1.605136436597110470e-04 1.605136436597110470e-04 9.791332263242373893e-03 3.370786516853932231e-03 1.605136436597110470e-04 1.605136436597110470e-04 1.605136436597110470e-04 1.605136436597110470e-04
2.191235059760956311e-03 2.073705179282868405e-01 1.992031872509960233e-04 1.954183266932270902e-01 2.191235059760956311e-03 1.992031872509960233e-04 1.992031872509960233e-04 2.191235059760956311e-03 8.187250996015936477e-02 1.992031872509960233e-04 2.191235059760956311e-03 1.992031872509960233e-04 1.992031872509960233e-04 1.992031872509960233e-04 1.992031872509960233e-04 1.992031872509960233e-04 1.992031872509960233e-04 2.191235059760956311e-03 1.635458167330677282e-01 1.215139442231075693e-02 1.992031872509960233e-04 1.992031872509960233e-04 3.406374501992032178e-02 2.191235059760956311e-03 1.992031872509960233e-04 2.173306772908366324e-01 7.191235059760955894e-02 1.992031872509960233e-04 1.992031872509960233e-04 1.992031872509960233e-04
2.150537634408602149e-04 2.150537634408602149e-04 7.763440860215053974e-02 2.150537634408602149e-04 2.150537634408602149e-04 2.150537634408602149e-04 2.150537634408602149e-04 2.150537634408602149e-04 2.150537634408602149e-04 2.150537634408602149e-04 2.150537634408602149e-04 2.150537634408602149e-04 1.311827956989247181e-02 4.516129032258064946e-03 2.150537634408602149e-04 2.150537634408602149e-04 2.150537634408602149e-04 2.150537634408602149e-04 3.892473118279569932e-02 3.677419354838710325e-02 2.150537634408602149e-04 8.817204301075267509e-03 2.150537634408602149e-04 1.311827956989247181e-02 2.365591397849462364e-03 2.991397849462365532e-01 3.443010752688172027e-01 1.956989247311827912e-02 2.150537634408602149e-04 1.378494623655913964e-01
4.184100418410043759e-04 4.184100418410043759e-04 4.184100418410043759e-04 4.184100418410043759e-04 4.184100418410043759e-04 4.184100418410043759e-04 4.184100418410043759e-04 4.184100418410043759e-04 4.184100418410043759e-04 3.058577405857741405e-01 4.184100418410043759e-04 3.769874476987448708e-01 4.184100418410043759e-04 4.184100418410043759e-04 4.184100418410043759e-04 4.225941422594143432e-02 4.184100418410043759e-04 1.715481171548117675e-02 1.259414225941423160e-01 4.602510460251047972e-03 4.602510460251047972e-03 4.184100418410043759e-04 4.184100418410043759e-04 8.786610878661092056e-03 4.184100418410043759e-04 4.602510460251047972e-03 4.184100418410043759e-04 4.184100418410043759e-04 1.008368200836820550e-01 4.184100418410043759e-04
1.919720767888307388e-03 3.664921465968586436e-03 1.413612565445026073e-02 5.078534031413612509e-02 1.588132635253054065e-02 1.762652705061082056e-02 1.745200698080279320e-04 1.745200698080279320e-04 1.745200698080279320e-04 1.064572425828970263e-02 1.745200698080279320e-04 1.919720767888307388e-03 1.745200698080279320e-04 1.745200698080279320e-04 1.745200698080279320e-04 3.158813263525305642e-02 1.745200698080279320e-04 1.745200698080279320e-04 9.790575916230366549e-02 1.762652705061082056e-02 1.745200698080279320e-04 1.919720767888307388e-03 1.745200698080279320e-04 3.856893542757417609e-02 1.745200698080279320e-04 2.183246073298429346e-01 3.038394415357765777e-01 5.776614310645724476e-02 1.745200698080279320e-04 1.136125654450261674e-01
1.273885350318470946e-04 1.273885350318470946e-04 5.108280254777068652e-02 1.273885350318470946e-04 3.452229299363056281e-02 1.273885350318470946e-04 1.273885350318470946e-04 1.273885350318470946e-04 1.401273885350318204e-03 1.273885350318470946e-04 1.273885350318470946e-04 1.159235668789808556e-02 1.517197452229298860e-01 1.273885350318470946e-04 1.401273885350318204e-03 3.109554140127387400e-01 7.528662420382163656e-02 1.273885350318470946e-04 2.217834394904457940e-01 1.401273885350318204e-03 1.273885350318470946e-04 1.273885350318470946e-04 1.273885350318470946e-04 1.273885350318470946e-04 1.401273885350318204e-03 5.745222929936304179e-02 2.675159235668789041e-03 1.273885350318470946e-04 1.273885350318470946e-04 7.528662420382163656e-02
1.680672268907562801e-04 1.680672268907562801e-04 5.394957983193276324e-02 3.378151260504201614e-02 1.026890756302520774e-01 1.361344537815125690e-02 6.739495798319326825e-02 8.571428571428568385e-03 1.680672268907562801e-04 1.680672268907562801e-04 1.529411764705881915e-02 1.680672268907562801e-04 5.563025210084032723e-02 5.210084033613444736e-03 1.680672268907562801e-04 1.430252100840335716e-01 5.058823529411764219e-02 1.680672268907562801e-04 1.715966386554621526e-01 6.890756302521006127e-03 1.680672268907562801e-04 1.680672268907562801e-04 1.680672268907562801e-04 5.210084033613444736e-03 1.025210084033613238e-02 1.262184873949579456e-01 1.680672268907562801e-04 1.680672268907562801e-04 1.680672268907562801e-04 1.278991596638655026e-01
3.875968992248061962e-04 3.875968992248061962e-04 3.875968992248061962e-04 3.875968992248061962e-04 1.589147286821705404e-02 3.875968992248061962e-04 1.011627906976744207e-01 1.864341085271317977e-01 1.941860465116279078e-01 3.875968992248061962e-04 3.875968992248061962e-04 4.689922480620154627e-02 3.875968992248061962e-04 3.875968992248061962e-04 3.875968992248061962e-04 6.240310077519380105e-02 2.019379844961240456e-01 3.875968992248061962e-04 1.709302325581395499e-01 3.875968992248061962e-04 3.875968992248061962e-04 3.875968992248061962e-04 3.875968992248061962e-04 3.875968992248061962e-04 3.875968992248061962e-04 3.875968992248061962e-04 3.875968992248061962e-04 3.875968992248061962e-04 4.263565891472868158e-03 8.139534883720930120e-03
1.501501501501501163e-04 1.501501501501501163e-04 8.123123123123120182e-02 1.501501501501501163e-04 9.324324324324320679e-02 1.501501501501501163e-04 1.651651651651651117e-03 2.689189189189188367e-01 1.501501501501501163e-04 1.501501501501501163e-04 1.501501501501501163e-04 1.501501501501501163e-04 5.120120120120118246e-02 1.501501501501501163e-04 1.501501501501501163e-04 1.217717717717717169e-01 3.153153153153152172e-03 3.153153153153152172e-03 9.324324324324320679e-02 3.318318318318317500e-02 9.159159159159154656e-03 1.501501501501501163e-04 9.159159159159154656e-03 2.567567567567567016e-02 1.501501501501501163e-04 3.618618618618617278e-02 4.219219219219218220e-02 1.501501501501501163e-04 5.270270270270268481e-02 7.222222222222220156e-02
1.027749229188077996e-04 1.027749229188077996e-04 6.279547790339157221e-02 1.027749229188077996e-04 1.027749229188077996e-04 1.027749229188077996e-04 6.690647482014387692e-02 1.027749229188077996e-04 1.027749229188077996e-04 1.027749229188077996e-04 1.027749229188077996e-04 1.027749229188077996e-04 1.027749229188077996e-04 1.027749229188077996e-04 1.027749229188077996e-04 4.224049331963000697e-02 4.635149023638231863e-02 1.027749229188077996e-04 3.504624871531346331e-02 2.271325796505652486e-02 2.168550873586844868e-02 1.027749229188077996e-04 1.027749229188077996e-04 9.352517985611508503e-03 5.149023638232270994e-02 3.402877697841726334e-01 7.101747173689618164e-02 1.027749229188077996e-04 1.027749229188077996e-04 2.282631038026721182e-01
1.033057851239669396e-04 3.202479338842974775e-03 1.158057851239669284e-01 1.663223140495867849e-02 1.251033057851239361e-01 1.033057851239669396e-04 1.033057851239669396e-04 1.146694214876032951e-02 1.033057851239669396e-04 1.033057851239669396e-04 4.235537190082643358e-03 1.033057851239669396e-04 1.261363636363636020e-01 1.033057851239669396e-04 1.033057851239669396e-04 6.518595041322312877e-02 2.076446280991735283e-02 1.136363636363636308e-03 1.023760330578512151e-01 6.828512396694214059e-02 1.033057851239669396e-04 1.033057851239669396e-04 1.033057851239669396e-04 1.146694214876032951e-02 1.033057851239669396e-04 1.158057851239669284e-01 1.033057851239669396e-04 1.033057851239669396e-04 2.169421487603305759e-03 2.087809917355371581e-01
3.281249999999999445e-03 1.562499999999999761e-04 7.968749999999998404e-03 1.562499999999999761e-04 5.953124999999999389e-02 1.562499999999999761e-04 1.298437499999999800e-01 1.562499999999999761e-04 1.562499999999999761e-04 1.562499999999999761e-04 1.562499999999999761e-04 1.562499999999999761e-04 1.562499999999999761e-04 1.562499999999999761e-04 1.562499999999999761e-04 1.562499999999999761e-04 1.562499999999999761e-04 1.562499999999999761e-04 1.298437499999999800e-01 3.657812499999999467e-01 1.954687499999999689e-01 1.562499999999999761e-04 1.562499999999999761e-04 1.562499999999999761e-04 1.718749999999999792e-03 9.859374999999998002e-02 1.562499999999999761e-04 4.843749999999999098e-03 1.562499999999999761e-04 1.562499999999999761e-04
1.027749229188077860e-04 1.027749229188077860e-04 1.027749229188077860e-04 7.297019527235352673e-03 1.027749229188077860e-04 1.027749229188077860e-04 4.173689619732784406e-01 1.027749229188077860e-04 1.027749229188077860e-04 1.027749229188077860e-04 1.027749229188077860e-04 2.785200411099691270e-02 1.213771839671119873e-01 1.130524152106885836e-03 1.130524152106885836e-03 1.953751284686535972e-01 1.027749229188077860e-04 1.027749229188077860e-04 2.035971223021582066e-01 1.027749229188077860e-04 1.027749229188077860e-04 1.027749229188077860e-04 1.027749229188077860e-04 1.027749229188077860e-04 1.140801644398766433e-02 9.352517985611508503e-03 2.158273381294963534e-03 1.027749229188077860e-04 1.027749229188077860e-04 1.027749229188077860e-04
1.560062402496099573e-04 1.560062402496099573e-04 1.560062402496099573e-04 1.560062402496099573e-04 1.327613104524180687e-01 1.560062402496099573e-04 6.411856474258970096e-02 1.514820592823712675e-01 1.560062402496099573e-04 1.716068642745709584e-03 1.560062402496099573e-04 1.560062402496099573e-04 1.560062402496099573e-04 1.560062402496099573e-04 1.560062402496099573e-04 7.815912636505459310e-02 8.283931357254288586e-02 1.560062402496099573e-04 2.216848673946957282e-01 2.511700468018720697e-02 1.560062402496099573e-04 2.043681747269890381e-02 4.227769110764430238e-02 6.396255850234007327e-03 6.411856474258970096e-02 2.043681747269890381e-02 1.560062402496099573e-04 1.560062402496099573e-04 1.560062402496099573e-04 8.595943837753508565e-02
2.352941176470587758e-04 2.352941176470587758e-04 5.199999999999999067e-02 4.941176470588234428e-03 7.317647058823527340e-02 9.647058823529407884e-03 1.084705882352940964e-01 1.037647058823529117e-01 2.352941176470587758e-04 2.352941176470587758e-04 4.494117647058822745e-02 2.352941176470587758e-04 5.670588235294116153e-02 2.352941176470587758e-04 2.352941176470587758e-04 1.199999999999999678e-02 2.141176470588234543e-02 2.352941176470587758e-04 1.461176470588234910e-01 9.647058823529407884e-03 2.352941176470587758e-04 2.352941176470587758e-04 7.294117647058821589e-03 2.352941176470587758e-04 2.352941176470587758e-04 1.367058823529411493e-01 2.376470588235293432e-02 2.352941176470587758e-04 2.352941176470587758e-04 1.861176470588234710e-01
2.481389578163771168e-04 2.729528535980148447e-03 2.481389578163771168e-04 2.481389578163771168e-04 2.729528535980148447e-03 2.506203473945408516e-02 1.761786600496277264e-02 2.481389578163771168e-04 2.481389578163771168e-04 2.481389578163771168e-04 2.481389578163771168e-04 2.481389578163771168e-04 3.995037220843671716e-02 2.481389578163771168e-04 2.481389578163771168e-04 4.642679900744415278e-01 3.995037220843671716e-02 4.243176178660048453e-02 1.838709677419354260e-01 2.481389578163771168e-04 4.987593052109180053e-02 2.258064516129031432e-02 2.481389578163771168e-04 2.481389578163771168e-04 2.481389578163771168e-04 5.483870967741934221e-02 2.481389578163771168e-04 5.210918114143919290e-03 2.481389578163771168e-04 4.491315136476425884e-02
2.475247524752474735e-04 2.475247524752474735e-04 4.480198019801979320e-02 1.509900990099009334e-02 2.475247524752474735e-04 1.757425742574256905e-02 3.490099009900989036e-02 2.475247524752474735e-04 1.262376237623761936e-02 2.475247524752474735e-04 1.757425742574256905e-02 2.475247524752474735e-04 2.475247524752474735e-04 2.722772277227722155e-03 1.757425742574256905e-02 2.475247524752474735e-04 1.262376237623761936e-02 1.757425742574256905e-02 9.678217821782175712e-02 2.475247524752474735e-04 2.252475247524751700e-02 2.475247524752474735e-04 2.475247524752474735e-04 3.737623762376236780e-02 7.450495049504948786e-02 2.353960396039603276e-01 2.378712871287127772e-01 2.252475247524751700e-02 3.490099009900989036e-02 4.232673267326731575e-02
1.133786848072562280e-04 1.133786848072562280e-04 2.109977324263038190e-01 1.133786848072562280e-04 1.133786848072562280e-04 1.133786848072562280e-04 4.648526077097504643e-03 1.588435374149659574e-01 1.133786848072562280e-04 1.133786848072562280e-04 4.648526077097504643e-03 1.133786848072562280e-04 2.869614512471654888e-01 1.133786848072562280e-04 1.133786848072562280e-04 5.566893424036280930e-02 1.133786848072562280e-04 1.133786848072562280e-04 1.100907029478457866e-01 1.133786848072562280e-04 2.380952380952380733e-03 1.133786848072562280e-04 1.133786848072562280e-04 2.380952380952380733e-03 1.133786848072562280e-04 4.319727891156462107e-02 1.133786848072562280e-04 1.133786848072562280e-04 1.247165532879818562e-03 1.168934240362811544e-01
2.747252747252746708e-04 2.747252747252746708e-04 2.747252747252746708e-04 2.225274725274725002e-02 1.760989010989010561e-01 2.747252747252746708e-04 5.769230769230768684e-03 1.760989010989010561e-01 3.873626373626373048e-02 2.747252747252746708e-04 2.747252747252746708e-04 2.747252747252746708e-04 2.747252747252746708e-04 2.747252747252746708e-04 2.747252747252746708e-04 2.225274725274725002e-02 1.348901098901098827e-01 2.747252747252746708e-04 8.269230769230768996e-02 2.747252747252746708e-04 2.747252747252746708e-04 2.747252747252746708e-04 2.747252747252746708e-04 2.747252747252746708e-04 3.134615384615384026e-01 2.747252747252746708e-04 2.747252747252746708e-04 2.747252747252746708e-04 1.950549450549450212e-02 3.021978021978021650e-03
3.846153846153847235e-04 3.846153846153847235e-04 3.846153846153847235e-04 3.846153846153847235e-04 1.234615384615384975e-01 3.846153846153847235e-04 1.961538461538461786e-02 1.965384615384615785e-01 3.846153846153847235e-04 3.846153846153847235e-04 3.846153846153847235e-04 1.576923076923077149e-02 3.846153846153847235e-04 3.846153846153847235e-04 3.846153846153847235e-04 1.619230769230769751e-01 1.119230769230769584e-01 3.846153846153847235e-04 1.657692307692308076e-01 3.846153846153847235e-04 3.846153846153847235e-04 3.846153846153847235e-04 3.846153846153847235e-04 1.961538461538461786e-02 3.846153846153847235e-04 1.192307692307692686e-02 3.846153846153847235e-04 2.346153846153846423e-02 3.846153846153847235e-04 1.426923076923077294e-01
2.123142250530785091e-04 2.123142250530785091e-04 2.295116772823778406e-01 7.876857749469212688e-02 2.123142250530785091e-04 8.704883227176217139e-03 2.123142250530785091e-04 2.335456475583863600e-03 2.123142250530785091e-04 2.123142250530785091e-04 3.418259023354563997e-02 1.295116772823778732e-02 4.055201698513799524e-02 4.479830148619956542e-02 2.123142250530785091e-04 1.233545647558386138e-01 6.581740976645433783e-03 2.335456475583863600e-03 2.210191082802547002e-01 2.335456475583863600e-03 2.123142250530785091e-04 3.205944798301485488e-02 2.123142250530785091e-04 2.123142250530785091e-04 2.123142250530785091e-04 2.123142250530785091e-04 4.458598726114648692e-03 2.123142250530785091e-04 2.123142250530785091e-04 1.530785562632695773e-01
1.543209876543209574e-04 1.543209876543209574e-04 1.543209876543209574e-04 1.543209876543209574e-04 7.885802469135801129e-02 1.249999999999999722e-02 2.115740740740740256e-01 8.966049382716048677e-02 1.543209876543209574e-04 1.543209876543209574e-04 1.543209876543209574e-04 3.873456790123456367e-02 1.436728395061727948e-01 3.240740740740740214e-03 1.543209876543209574e-04 1.543209876543209574e-04 4.182098765432098325e-02 1.543209876543209574e-04 1.575617283950616898e-01 2.330246913580246576e-02 1.543209876543209574e-04 1.543209876543209574e-04 3.101851851851851471e-02 4.490740740740740283e-02 1.543209876543209574e-04 1.543209876543209574e-04 2.638888888888888534e-02 1.543209876543209574e-04 1.543209876543209574e-04 9.429012345679010920e-02
4.081632653061225725e-04 4.081632653061225725e-04 4.081632653061225725e-04 4.081632653061225725e-04 2.489795918367347302e-02 4.081632653061225725e-04 5.187755102040817468e-01 1.555102040816326858e-01 4.081632653061225725e-04 4.081632653061225725e-04 1.673469387755102331e-02 2.489795918367347302e-02 4.081632653061225725e-04 4.081632653061225725e-04 4.081632653061225725e-04 4.081632653061225725e-04 4.081632653061225725e-04 4.081632653061225725e-04 6.163265306122450021e-02 4.489795918367348732e-03 4.938775510204082564e-02 4.081632653061225725e-04 4.081632653061225725e-04 7.387755102040818866e-02 4.081632653061225725e-04 2.489795918367347302e-02 4.081632653061225725e-04 4.081632653061225725e-04 4.081632653061225725e-04 3.714285714285715106e-02
1.686340640809443254e-04 1.854974704890387715e-03 1.854974704890387715e-03 1.686340640809443254e-04 1.686340640809443254e-04 6.913996627318716448e-03 2.261382799325463155e-01 6.913996627318716448e-03 1.686340640809443254e-04 3.052276559865092428e-02 3.558178752107925280e-02 3.220910623946036944e-02 1.686340640809443254e-04 1.686340640809443254e-04 1.686340640809443254e-04 1.738617200674535956e-01 1.686340640809443254e-04 6.913996627318716448e-03 2.750421585160201521e-01 3.726812816188869448e-02 3.220910623946036944e-02 1.854974704890387715e-03 8.111298482293421985e-02 1.686340640809443254e-04 1.686340640809443254e-04 4.738617200674535845e-02 1.686340640809443254e-04 1.686340640809443254e-04 1.686340640809443254e-04 1.686340640809443254e-04
1.468428781204111303e-04 8.957415565345077865e-03 1.468428781204111303e-04 1.468428781204111303e-04 9.412628487518351350e-02 1.468428781204111303e-04 1.615271659324522434e-03 1.468428781204111303e-04 6.020558002936855259e-03 2.217327459618207569e-02 8.531571218795885869e-02 1.468428781204111303e-04 1.468428781204111303e-04 1.468428781204111303e-04 1.468428781204111303e-04 6.020558002936855259e-03 1.468428781204111303e-04 1.468428781204111303e-04 7.356828193832597174e-02 3.657856093979440781e-01 6.020558002936855259e-03 8.957415565345077865e-03 1.468428781204111303e-04 2.439060205580028395e-01 1.615271659324522434e-03 6.328928046989719391e-02 1.468428781204111303e-04 1.468428781204111303e-04 1.042584434654918873e-02 1.468428781204111303e-04
3.081232492997198341e-03 2.801120448179270973e-04 2.801120448179270973e-04 1.708683473389355223e-02 2.801120448179270973e-04 1.683473389355741867e-01 2.801120448179270973e-04 1.767507002801119997e-01 2.801120448179270973e-04 2.801120448179270973e-04 2.801120448179270973e-04 2.801120448179270973e-04 2.801120448179270973e-04 5.882352941176468772e-03 2.801120448179270973e-04 1.991596638655461493e-01 2.801120448179270973e-04 4.229691876750699131e-02 4.509803921568626695e-02 2.801120448179270973e-04 3.364145658263303917e-01 2.801120448179270973e-04 2.801120448179270973e-04 2.801120448179270973e-04 2.801120448179270973e-04 2.801120448179270973e-04 2.801120448179270973e-04 2.801120448179270973e-04 2.801120448179270973e-04 2.801120448179270973e-04
4.629629629629630891e-04 4.629629629629630891e-04 4.629629629629630891e-04 4.629629629629630891e-04 9.722222222222225846e-03 3.287037037037037618e-02 5.092592592592594739e-03 1.898148148148148459e-02 4.629629629629630891e-04 4.629629629629630891e-04 3.750000000000000555e-02 4.629629629629630891e-04 4.629629629629630891e-04 4.629629629629630891e-04 4.629629629629630891e-04 1.898148148148148459e-02 4.629629629629630891e-04 4.629629629629630891e-04 1.208333333333333759e-01 8.842592592592594947e-02 1.300925925925926208e-01 4.629629629629630891e-04 4.629629629629630891e-04 3.708333333333334036e-01 4.629629629629630891e-04 5.138888888888890061e-02 9.722222222222225846e-03 4.629629629629630891e-04 1.898148148148148459e-02 7.916666666666669072e-02
4.366812227074236990e-04 4.366812227074236990e-04 4.366812227074236990e-04 4.366812227074236990e-04 9.170305676855897842e-03 9.170305676855897842e-03 4.366812227074236990e-04 4.366812227074236990e-04 4.366812227074236990e-04 4.366812227074236990e-04 4.366812227074236990e-04 4.366812227074236990e-04 4.366812227074236990e-04 2.842794759825327811e-01 4.803493449781661394e-03 3.100436681222707921e-02 1.620087336244541987e-01 2.100436681222707935e-01 1.489082969432314885e-01 4.366812227074236990e-04 4.366812227074236990e-04 4.366812227074236990e-04 4.366812227074236990e-04 4.366812227074236990e-04 4.366812227074236990e-04 4.366812227074236990e-04 2.227074235807860805e-02 1.353711790393013516e-02 4.366812227074236990e-04 9.650655021834064762e-02
1.733102253032928739e-04 1.733102253032928739e-04 1.733102253032928739e-04 1.403812824956672187e-02 6.256499133448872874e-02 6.776429809358751333e-02 7.469670710571922612e-02 2.185441941074522942e-01 1.405545927209705115e-01 1.733102253032928739e-04 1.733102253032928739e-04 1.733102253032928739e-04 1.733102253032928739e-04 1.733102253032928739e-04 1.906412478336221667e-03 1.890814558058925010e-01 4.696707105719236802e-02 2.097053726169843466e-02 9.029462738301557989e-02 1.733102253032928739e-04 4.176776429809358343e-02 1.733102253032928739e-04 1.733102253032928739e-04 1.733102253032928739e-04 1.733102253032928739e-04 1.733102253032928739e-04 1.733102253032928739e-04 1.733102253032928739e-04 1.733102253032928739e-04 2.790294627383015438e-02
1.956947162426614264e-04 1.956947162426614264e-04 1.956947162426614264e-04 8.023483365949116153e-03 4.911937377690801798e-02 9.980430528375730526e-03 3.387475538160468758e-01 9.217221135029352030e-02 8.023483365949116153e-03 1.956947162426614264e-04 1.956947162426614264e-04 9.980430528375730526e-03 1.956947162426614264e-04 1.956947162426614264e-04 1.956947162426614264e-04 1.019569471624265922e-01 9.608610567514674905e-02 1.956947162426614264e-04 1.567514677103717669e-01 1.956947162426614264e-04 7.847358121330721969e-02 1.956947162426614264e-04 1.956947162426614264e-04 1.956947162426614264e-04 1.956947162426614264e-04 1.193737769080234490e-02 2.152641878669275637e-03 1.956947162426614264e-04 2.152641878669275637e-03 3.150684931506848863e-02
9.633911368015417125e-05 1.551059730250482251e-02 6.657032755298651627e-02 2.168593448940270285e-01 9.633911368015417125e-05 9.633911368015417125e-05 2.023121387283237718e-03 9.633911368015417125e-05 9.633911368015417125e-05 9.633911368015417125e-05 9.633911368015417125e-05 2.023121387283237718e-03 2.032755298651253012e-02 9.633911368015417125e-05 9.633911368015417125e-05 2.736994219653179905e-01 9.633911368015417125e-05 6.175337186897881386e-02 2.814065510597303366e-01 9.633911368015417125e-05 9.633911368015417125e-05 9.633911368015417125e-05 9.633911368015417125e-05 1.059730250481695979e-03 2.321772639691715642e-02 3.188824662813102839e-02 9.633911368015417125e-05 2.023121387283237718e-03 9.633911368015417125e-05 9.633911368015417125e-05
1.677852348993288229e-04 1.677852348993288229e-04 1.677852348993288229e-04 1.677852348993288229e-04 1.677852348993288229e-04 1.677852348993288229e-04 1.662751677852348509e-01 1.677852348993288229e-04 1.677852348993288229e-04 1.677852348993288229e-04 1.677852348993288229e-04 1.159395973154362103e-01 5.201342281879193889e-03 1.677852348993288229e-04 1.677852348993288229e-04 1.677852348993288229e-04 1.677852348993288229e-04 1.023489932885905847e-02 1.645973154362415647e-01 2.115771812080536329e-01 1.677852348993288229e-04 1.677852348993288229e-04 1.427852348993288167e-01 2.197986577181207726e-02 1.677852348993288229e-04 3.540268456375838396e-02 1.359060402684563428e-02 7.567114093959730059e-02 1.677852348993288229e-04 3.372483221476509779e-02
