3.164556962025316515e-04 3.164556962025316515e-04 3.164556962025316515e-04 3.164556962025316515e-04 3.164556962025316515e-04 3.164556962025316515e-04 3.164556962025316515e-04 3.164556962025316515e-04 3.164556962025316515e-04 3.164556962025316515e-04 3.164556962025316515e-04 3.164556962025316515e-04 3.164556962025316515e-04 3.164556962025316515e-04 3.164556962025316515e-04 3.164556962025316515e-04 1.613924050632911320e-02 3.164556962025316515e-04 3.164556962025316515e-04 3.164556962025316515e-04 3.164556962025316515e-04 1.297468354430379549e-02 1.395569620253164500e-01 9.810126582278481250e-03 3.164556962025316515e-04 6.079113924050633111e-01 3.164556962025316515e-04 3.164556962025316515e-04 3.164556962025316515e-04 2.060126582278480889e-01
3.584229390681004665e-04 1.111111111111111327e-02 3.584229390681004665e-04 3.584229390681004665e-04 1.111111111111111327e-02 3.620071684587813921e-02 4.336917562724015157e-02 3.584229390681004665e-04 7.526881720430109689e-03 3.584229390681004665e-04 3.620071684587813921e-02 3.584229390681004665e-04 3.584229390681004665e-04 7.526881720430109689e-03 3.584229390681004665e-04 3.584229390681004665e-04 6.845878136200718445e-02 1.827956989247312217e-02 1.827956989247312217e-02 1.111111111111111327e-02 3.584229390681004665e-04 3.480286738351254794e-01 3.584229390681004665e-04 7.204301075268819410e-02 3.584229390681004665e-04 1.469534050179211598e-02 3.584229390681004665e-04 3.584229390681004665e-04 1.759856630824373214e-01 1.150537634408602405e-01
4.219409282700422562e-04 4.641350210970464872e-03 4.219409282700422562e-04 4.219409282700422562e-04 1.649789029535865259e-01 1.523206751054852481e-01 4.219409282700422562e-04 4.219409282700422562e-04 9.324894514767934073e-02 4.219409282700422562e-04 4.219409282700422562e-04 1.308016877637131065e-02 8.860759493670888193e-03 4.219409282700422562e-04 4.219409282700422562e-04 4.219409282700422562e-04 9.324894514767934073e-02 1.729957805907172963e-02 1.729957805907172963e-02 4.641350210970464872e-03 4.219409282700422562e-04 7.215189873417722499e-02 4.219409282700422562e-04 4.219409282700422562e-04 4.219409282700422562e-04 4.219409282700422562e-04 6.371308016877637315e-02 1.729957805907172963e-02 1.308016877637131065e-02 2.578059071729958407e-01
3.036253776435044599e-02 1.510574018126887674e-04 1.661631419939576604e-03 1.510574018126887674e-04 1.510574018126887674e-04 2.583081570996978091e-02 1.510574018126887674e-04 1.889728096676736302e-01 1.072507552870090135e-02 4.395770392749243083e-02 1.510574018126887674e-04 1.510574018126887674e-04 1.661631419939576604e-03 1.510574018126887674e-04 1.510574018126887674e-04 1.950151057401811883e-01 1.510574018126887674e-04 1.510574018126887674e-04 1.510574018126887674e-04 1.285498489425981328e-01 1.510574018126887674e-04 4.999999999999998196e-02 4.395770392749243083e-02 6.661631419939574583e-02 1.510574018126887674e-04 1.510574018126887674e-04 7.703927492447126650e-03 1.510574018126887674e-04 1.072507552870090135e-02 1.919939577039274092e-01
1.173708920187793399e-04 1.173708920187793399e-04 4.002347417840375343e-02 1.173708920187793399e-04 4.823943661971830804e-02 1.173708920187793399e-04 1.889671361502347213e-02 1.173708920187793399e-04 3.298122065727699531e-02 2.653755868544600549e-01 2.007042253521126515e-02 1.068075117370891752e-02 1.173708920187793399e-04 1.173708920187793399e-04 1.173708920187793399e-04 4.471830985915492551e-02 1.173708920187793399e-04 1.173708920187793399e-04 3.884976525821595694e-02 3.063380281690140580e-02 5.997652582159623824e-02 1.173708920187793399e-04 1.173708920187793399e-04 1.173708920187793399e-04 1.173708920187793399e-04 1.173708920187793399e-04 1.597417840375586484e-01 2.946009389671361278e-02 5.985915492957745443e-03 1.926056338028168669e-01
2.794457274826788948e-02 2.309468822170900114e-04 2.540415704387990505e-03 2.309468822170900114e-04 2.101616628175519141e-02 1.408775981524248988e-02 2.309468822170900114e-04 2.034642032332562855e-01 4.411085450346419190e-02 4.180138568129329601e-02 2.309468822170900114e-04 2.309468822170900114e-04 2.309468822170900114e-04 2.309468822170900114e-04 4.849884526558890727e-03 2.796766743648959608e-01 2.540415704387990505e-03 2.309468822170900114e-04 2.309468822170900114e-04 6.951501154734410215e-02 2.101616628175519141e-02 2.309468822170900114e-04 4.849884526558890727e-03 3.949191685912239319e-02 4.849884526558890727e-03 2.309468822170900114e-04 2.309468822170900114e-04 2.309468822170900114e-04 4.411085450346419190e-02 1.711316397228636876e-01
8.933717579250721047e-03 2.881844380403458350e-04 2.881844380403458350e-04 2.881844380403458350e-04 2.881844380403458350e-04 6.945244956772335387e-02 2.881844380403458350e-04 2.881844380403458350e-04 2.622478386167146833e-02 2.881844380403458350e-04 2.881844380403458350e-04 2.881844380403458350e-04 2.881844380403458350e-04 3.170028818443804131e-03 8.933717579250721047e-03 6.080691642651297329e-02 1.587896253602305574e-01 2.881844380403458350e-04 2.881844380403458350e-04 7.521613832853026038e-02 2.881844380403458350e-04 1.069164265129683017e-01 7.233429394812680713e-02 2.881844380403458350e-04 2.881844380403458350e-04 2.881844380403458350e-04 2.881844380403458350e-04 6.051873198847262589e-03 3.170028818443804131e-03 3.951008645533141128e-01
2.141327623126337962e-04 2.141327623126337962e-04 2.141327623126337962e-04 2.141327623126337962e-04 1.306209850107066008e-02 3.019271948608136247e-02 2.141327623126337962e-04 4.518201284796573292e-02 2.355460385438971731e-03 2.141327623126337962e-04 8.779443254817984044e-03 2.141327623126337962e-04 2.141327623126337962e-04 2.141327623126337962e-04 2.141327623126337962e-04 2.355460385438971731e-03 3.233404710920770309e-02 2.141327623126337962e-04 1.520342612419699722e-02 1.458244111349036032e-01 2.141327623126337962e-04 1.693790149892933083e-01 4.518201284796573292e-02 1.800856531049249976e-01 2.141327623126337962e-04 2.141327623126337962e-04 2.141327623126337962e-04 2.141327623126337962e-04 2.141327623126337962e-04 3.064239828693789414e-01
1.383125864453664978e-04 1.521438450899031394e-03 1.383125864453664978e-04 1.383125864453664978e-04 2.641770401106499980e-02 2.145228215767634172e-01 1.383125864453664978e-04 1.258644536652834926e-02 3.333333333333332593e-02 2.904564315352696317e-03 1.383125864453664978e-04 1.383125864453664978e-04 5.408022130013830087e-02 1.121715076071922168e-01 1.521438450899031394e-03 3.609958506224065361e-02 2.904564315352696317e-03 1.383125864453664978e-04 1.383125864453664978e-04 4.854771784232363857e-02 1.383125864453664978e-04 4.163208852005531591e-02 6.652835408022128583e-02 5.961272475795295622e-02 2.904564315352696317e-03 1.383125864453664978e-04 1.383125864453664978e-04 1.383125864453664978e-04 1.383125864453664978e-04 2.809128630705393093e-01
6.578947368421054652e-04 6.578947368421054652e-04 6.578947368421054652e-04 6.578947368421054652e-04 2.039473684210526758e-02 6.578947368421054652e-04 7.236842105263159575e-03 7.236842105263159575e-03 6.578947368421054652e-04 6.578947368421054652e-04 6.578947368421054652e-04 1.381578947368421358e-02 7.236842105263159575e-03 7.236842105263159575e-03 7.236842105263159575e-03 6.578947368421054652e-04 8.618421052631580759e-02 6.578947368421054652e-04 4.013157894736842785e-02 6.578947368421054652e-04 6.578947368421054652e-04 7.236842105263159575e-03 6.578947368421054652e-04 6.578947368421054652e-04 6.578947368421054652e-04 5.796052631578948455e-01 1.381578947368421358e-02 6.578947368421054652e-04 1.381578947368421358e-02 1.782894736842105810e-01
1.934235976789168508e-04 1.934235976789168508e-04 1.934235976789168508e-04 1.934235976789168508e-04 3.500967117988394717e-02 1.934235976789168508e-04 1.934235976789168508e-04 4.061895551257253649e-03 4.061895551257253649e-03 4.061895551257253649e-03 1.934235976789168508e-04 1.934235976789168508e-04 1.934235976789168508e-04 2.533849129593810506e-02 1.373307543520309489e-02 1.934235976789168508e-04 2.052224371373307377e-01 1.934235976789168508e-04 7.369439071566731558e-02 1.934235976789168508e-04 1.934235976789168508e-04 1.953578336557059911e-02 2.127659574468085141e-03 1.934235976789168508e-04 1.934235976789168508e-04 3.580270793036750554e-01 2.340425531914893525e-02 1.934235976789168508e-04 2.127659574468085141e-03 2.264990328820115917e-01
1.672240802675584929e-04 1.672240802675584929e-04 1.672240802675584929e-04 1.839464882943143585e-03 1.672240802675584929e-04 4.364548494983277321e-02 1.672240802675584929e-04 3.695652173913042959e-02 1.672240802675584929e-04 1.672240802675584929e-04 1.020066889632106726e-02 1.672240802675584929e-04 1.672240802675584929e-04 1.672240802675584929e-04 1.672240802675584929e-04 1.856187290969899331e-02 1.839464882943143585e-03 1.672240802675584929e-04 3.193979933110367708e-02 3.479933110367892102e-01 1.672240802675584929e-04 3.862876254180601376e-02 5.183946488294313877e-03 8.043478260869564578e-02 1.672240802675584929e-04 1.672240802675584929e-04 1.672240802675584929e-04 1.672240802675584929e-04 2.392976588628762113e-01 1.406354515050166898e-01
1.518518518518518698e-02 3.703703703703704604e-04 3.703703703703704604e-04 4.074074074074075444e-03 3.370370370370370794e-02 3.703703703703704604e-04 3.703703703703704604e-04 3.703703703703704604e-04 3.703703703703704604e-04 3.703703703703704604e-04 4.481481481481482121e-02 3.703703703703704604e-04 3.703703703703704604e-04 3.703703703703704604e-04 3.703703703703704604e-04 3.703703703703704604e-04 1.781481481481481943e-01 3.703703703703704604e-04 2.485185185185185552e-01 3.703703703703704604e-04 3.703703703703704604e-04 7.814814814814817490e-02 3.703703703703704604e-04 3.703703703703704604e-04 3.703703703703704604e-04 4.074074074074075444e-03 5.962962962962965047e-02 1.485185185185185497e-01 9.666666666666669239e-02 8.185185185185187007e-02
3.246753246753246208e-04 3.246753246753246208e-04 3.246753246753246208e-04 3.246753246753246208e-04 3.246753246753246208e-04 1.594155844155843993e-01 3.246753246753246208e-04 3.571428571428570883e-03 3.571428571428570883e-03 3.246753246753246208e-04 3.246753246753246208e-04 3.279220779220778231e-02 3.246753246753246208e-04 6.107142857142855430e-01 3.246753246753246208e-04 3.571428571428570883e-03 3.246753246753246208e-04 3.246753246753246208e-04 3.246753246753246208e-04 3.246753246753246208e-04 3.571428571428570883e-03 3.246753246753246208e-04 3.246753246753246208e-04 3.246753246753246208e-04 3.246753246753246208e-04 3.246753246753246208e-04 7.824675324675323118e-02 3.246753246753246208e-04 3.571428571428570883e-03 9.448051948051947035e-02
3.984063745019921551e-04 3.984063745019921551e-04 3.984063745019921551e-04 3.984063745019921551e-04 2.031872509960159709e-02 1.239043824701195617e-01 4.382470119521913489e-03 2.031872509960159709e-02 3.984063745019921551e-04 3.984063745019921551e-04 3.984063745019921551e-04 3.984063745019921551e-04 4.382470119521913489e-03 3.984063745019921551e-04 3.984063745019921551e-04 4.422310756972112206e-02 1.235059760956175659e-02 4.382470119521913489e-03 3.984063745019921551e-04 1.235059760956175659e-02 3.984063745019921551e-04 8.804780876494026909e-02 4.864541832669323496e-01 1.000000000000000333e-01 3.984063745019921551e-04 3.984063745019921551e-04 3.984063745019921551e-04 4.382470119521913489e-03 3.984063745019921551e-04 6.812749003984065743e-02
3.875968992248063046e-04 3.875968992248063046e-04 3.875968992248063046e-04 3.875968992248063046e-04 3.875968992248063046e-04 9.728682170542637953e-02 8.139534883720931854e-03 3.875968992248063046e-04 3.875968992248063046e-04 4.689922480620156015e-02 3.875968992248063046e-04 3.875968992248063046e-04 3.875968992248063046e-04 3.875968992248063046e-04 3.139534883720930536e-02 3.875968992248063046e-04 1.589147286821705751e-02 3.875968992248063046e-04 5.465116279069768407e-02 3.875968992248063046e-04 3.608527131782946484e-01 3.875968992248063046e-04 1.244186046511628202e-01 1.976744186046511947e-02 4.263565891472869893e-03 3.875968992248063046e-04 3.875968992248063046e-04 1.201550387596899555e-02 3.875968992248063046e-04 2.174418604651163212e-01
2.222222222222221787e-04 2.222222222222221787e-04 2.222222222222221787e-04 2.222222222222221787e-04 1.577777777777777252e-02 6.688888888888887274e-02 2.222222222222221787e-04 8.688888888888887663e-02 2.222222222222221787e-04 2.222222222222221787e-04 2.222222222222221787e-04 2.222222222222221787e-04 8.022222222222220867e-02 2.222222222222221787e-04 2.222222222222221787e-04 1.046666666666666440e-01 2.222222222222221787e-04 6.888888888888887105e-03 2.222222222222221787e-04 2.713333333333332598e-01 2.222222222222221787e-04 2.222222222222221787e-04 8.911111111111108540e-02 7.355555555555554070e-02 2.444444444444443965e-03 2.222222222222221787e-04 2.222222222222221787e-04 2.222222222222221787e-04 2.222222222222221787e-04 1.979999999999999261e-01
5.472636815920399293e-03 4.975124378109453509e-04 4.975124378109453509e-04 4.975124378109453509e-04 8.009950248756220192e-02 4.975124378109453509e-04 5.472636815920399293e-03 4.975124378109453509e-04 4.975124378109453509e-04 4.975124378109453509e-04 4.975124378109453509e-04 4.975124378109453509e-04 4.029850746268657385e-02 4.975124378109453509e-04 4.975124378109453509e-04 4.975124378109453509e-04 1.000000000000000194e-01 4.975124378109453509e-04 5.522388059701493351e-02 4.975124378109453509e-04 5.472636815920399293e-03 4.975124378109453509e-04 3.034825870646766510e-02 4.975124378109453509e-04 4.975124378109453509e-04 5.079601990049751326e-01 5.472636815920399293e-03 4.975124378109453509e-04 4.975124378109453509e-04 1.547263681592040141e-01
1.782531194295899858e-04 1.782531194295899858e-04 1.265597147950088888e-02 8.752228163992868681e-02 1.622103386809268730e-02 2.443850267379678587e-01 6.078431372549018830e-02 1.265597147950088888e-02 1.782531194295899858e-04 1.782531194295899858e-04 1.087344028520498794e-02 1.782531194295899858e-04 3.939393939393939087e-02 1.782531194295899858e-04 1.782531194295899858e-04 1.782531194295899858e-04 2.691622103386808601e-02 1.782531194295899858e-04 5.008912655971478611e-02 1.782531194295899858e-04 1.782531194295899858e-04 1.106951871657753800e-01 1.782531194295899858e-04 1.552584670231728636e-01 1.782531194295899858e-04 1.782531194295899858e-04 3.743315508021389810e-03 1.782531194295899858e-04 1.960784313725490169e-03 1.641711229946523631e-01
8.249496981891346267e-03 2.012072434607645557e-04 2.012072434607645557e-04 1.227364185110663662e-02 2.635814889336015460e-02 2.213279678068410302e-03 2.012072434607645557e-04 1.128772635814889042e-01 2.837022132796779977e-02 1.227364185110663662e-02 2.012072434607645557e-04 2.837022132796779977e-02 1.830985915492957389e-02 2.012072434607645557e-04 2.012072434607645557e-04 2.657947686116699515e-01 2.012072434607645557e-04 2.012072434607645557e-04 1.830985915492957389e-02 8.470824949698187167e-02 2.012072434607645557e-04 2.012072434607645557e-04 2.012072434607645557e-04 1.028169014084506783e-01 2.012072434607645557e-04 3.641851106639838742e-02 2.434607645875250942e-02 2.012072434607645557e-04 3.038229376257544495e-02 1.853118712273641444e-01
1.845018450184502062e-04 7.564575645756456586e-03 2.047970479704797064e-02 1.845018450184502062e-04 1.845018450184502062e-04 2.029520295202952296e-03 2.029520295202952296e-03 4.815498154981549817e-02 2.029520295202952296e-03 1.071955719557195624e-01 3.874538745387453870e-03 1.845018450184502062e-04 7.564575645756456586e-03 1.845018450184502062e-04 1.845018450184502062e-04 3.339483394833948904e-02 5.719557195571956312e-03 1.845018450184502062e-04 1.845018450184502062e-04 7.952029520295203491e-02 1.845018450184502062e-04 1.845018450184502062e-04 1.845018450184502062e-04 9.797047970479705326e-02 1.845018450184502062e-04 1.845018450184502062e-04 2.029520295202952296e-03 5.719557195571956312e-03 3.156826568265682642e-01 2.566420664206641722e-01
2.645502645502644597e-04 2.645502645502644597e-04 2.645502645502644597e-04 2.645502645502644597e-04 2.645502645502644597e-04 2.304232804232803355e-01 1.878306878306877647e-02 2.645502645502644597e-04 8.201058201058198521e-03 2.910052910052909544e-03 2.645502645502644597e-04 2.645502645502644597e-04 9.021164021164018720e-02 1.272486772486772222e-01 2.645502645502644597e-04 3.994708994708993238e-02 2.645502645502644597e-04 2.645502645502644597e-04 2.645502645502644597e-04 7.962962962962960578e-02 2.645502645502644597e-04 2.645502645502644597e-04 2.645502645502644597e-04 8.756613756613754185e-02 2.645502645502644597e-04 2.645502645502644597e-04 2.910052910052909544e-03 2.645502645502644597e-04 2.910052910052909544e-03 3.044973544973543778e-01
4.310344827586207921e-04 4.310344827586207921e-04 4.310344827586207921e-04 4.310344827586207921e-04 4.310344827586207921e-04 4.310344827586207921e-04 4.310344827586207921e-04 9.051724137931035225e-03 4.310344827586207921e-04 4.310344827586207921e-04 4.310344827586207921e-04 4.310344827586207921e-04 4.310344827586207921e-04 1.336206896551724380e-02 4.310344827586207921e-04 4.310344827586207921e-04 5.646551724137931910e-02 1.767241379310344890e-02 4.310344827586207921e-04 4.310344827586207921e-04 4.310344827586207921e-04 9.525862068965519625e-02 4.310344827586207921e-04 4.353448275862069339e-02 4.310344827586207921e-04 6.297413793103449065e-01 4.310344827586207921e-04 4.310344827586207921e-04 4.310344827586207921e-04 1.254310344827586354e-01
7.518796992481204542e-04 7.518796992481204542e-04 7.518796992481204542e-04 7.518796992481204542e-04 2.330827067669173636e-02 2.488721804511278834e-01 7.518796992481204542e-04 8.270676691729325972e-03 7.518796992481204542e-04 7.518796992481204542e-04 7.518796992481204542e-04 7.518796992481204542e-04 7.518796992481204542e-04 8.270676691729325972e-03 7.518796992481204542e-04 7.518796992481204542e-04 2.563909774436091138e-01 7.518796992481204542e-04 7.518796992481204542e-04 7.518796992481204542e-04 7.518796992481204542e-04 7.518796992481204542e-04 7.518796992481204542e-04 7.518796992481204542e-04 7.518796992481204542e-04 2.338345864661654783e-01 7.518796992481204542e-04 7.518796992481204542e-04 7.518796992481204542e-04 2.037593984962406679e-01
2.028397565922921135e-04 2.028397565922921135e-04 2.028397565922921135e-04 2.028397565922921135e-04 2.028397565922921135e-04 1.440162271805273814e-02 2.028397565922921135e-04 1.237322515212981727e-02 2.028397565922921135e-04 2.028397565922921135e-04 2.028397565922921135e-04 2.028397565922921135e-04 4.259634888438133815e-03 4.259634888438133815e-03 2.231237322515212951e-03 5.294117647058824150e-02 2.028397565922921135e-04 2.028397565922921135e-04 2.028397565922921135e-04 1.705882352941176239e-01 2.028397565922921135e-04 6.288032454361054679e-03 2.231237322515212951e-03 9.959432048681542138e-02 2.028397565922921135e-04 2.028397565922921135e-04 2.028397565922921135e-04 2.028397565922921135e-04 3.754563894523326728e-01 2.517241379310344862e-01
3.105590062111801899e-04 3.105590062111801899e-04 3.416149068322982089e-03 3.105590062111801899e-04 3.105590062111801899e-04 1.680124223602484923e-01 3.105590062111801899e-04 3.105590062111801899e-04 3.105590062111801899e-04 3.105590062111801899e-04 3.105590062111801899e-04 3.105590062111801899e-04 3.105590062111801899e-04 5.127329192546584702e-01 3.416149068322982089e-03 3.105590062111801899e-04 3.105590062111801899e-04 3.416149068322982089e-03 3.105590062111801899e-04 3.105590062111801899e-04 3.105590062111801899e-04 3.105590062111801899e-04 3.105590062111801899e-04 3.105590062111801899e-04 3.447204968944100195e-02 3.105590062111801899e-04 5.310559006211181682e-02 3.105590062111801899e-04 3.105590062111801899e-04 2.145962732919254878e-01
1.388888888888888617e-04 1.388888888888888617e-04 1.098611111111110900e-01 1.388888888888888617e-04 1.001388888888888606e-01 1.388888888888888617e-04 3.624999999999999750e-02 1.388888888888888617e-04 1.388888888888888617e-04 2.598611111111110428e-01 1.388888888888888617e-04 2.097222222222221849e-02 1.388888888888888617e-04 1.388888888888888617e-04 1.388888888888888617e-04 1.958333333333333107e-02 1.527777777777777641e-03 1.388888888888888617e-04 1.388888888888888617e-04 1.124999999999999785e-02 1.388888888888888617e-04 1.388888888888888617e-04 2.652777777777777513e-02 1.029166666666666424e-01 4.305555555555554657e-03 1.527777777777777641e-03 1.612499999999999767e-01 2.236111111111110938e-02 1.388888888888888617e-04 1.195833333333333054e-01
6.711409395973156168e-04 6.711409395973156168e-04 6.711409395973156168e-04 6.711409395973156168e-04 7.382550335570471460e-03 3.832214765100672160e-01 6.711409395973156168e-04 6.711409395973156168e-04 6.711409395973156168e-04 6.711409395973156168e-04 6.711409395973156168e-04 6.711409395973156168e-04 6.711409395973156168e-04 6.711409395973156168e-04 2.751677852348993411e-02 6.711409395973156168e-04 1.483221476510067360e-01 6.711409395973156168e-04 1.147651006711409710e-01 6.711409395973156168e-04 7.382550335570471460e-03 6.711409395973156168e-04 6.711409395973156168e-04 6.711409395973156168e-04 6.711409395973156168e-04 1.818791946308725149e-01 6.711409395973156168e-04 6.711409395973156168e-04 6.711409395973156168e-04 1.147651006711409710e-01
6.493506493506494585e-04 8.506493506493507939e-02 6.493506493506494585e-04 6.493506493506494585e-04 7.142857142857144369e-03 5.909090909090909671e-02 6.493506493506494585e-04 6.493506493506494585e-04 6.493506493506494585e-04 6.493506493506494585e-04 2.538961038961039529e-01 6.493506493506494585e-04 7.207792207792208805e-02 1.363636363636363917e-02 2.662337662337662531e-02 6.493506493506494585e-04 7.142857142857144369e-03 4.610389610389611231e-02 1.363636363636363917e-02 6.493506493506494585e-04 2.214285714285714746e-01 6.493506493506494585e-04 6.493506493506494585e-04 6.493506493506494585e-04 3.961038961038961664e-02 1.363636363636363917e-02 9.805194805194807073e-02 3.311688311688312097e-02 6.493506493506494585e-04 6.493506493506494585e-04
1.879699248120300864e-04 1.879699248120300864e-04 7.706766917293232134e-03 7.706766917293232134e-03 1.879699248120300864e-04 1.879699248120300864e-04 1.334586466165413494e-02 1.879699248120300864e-04 3.947368421052631707e-03 1.898496240601503862e-02 7.349624060150376781e-02 2.067669172932331059e-03 1.879699248120300864e-04 7.706766917293232134e-03 1.879699248120300864e-04 1.035714285714285782e-01 5.827067669172932354e-03 1.522556390977443559e-02 1.710526315789473450e-02 9.605263157894737558e-02 3.947368421052631707e-03 1.879699248120300864e-04 1.879699248120300864e-04 5.845864661654135569e-02 9.586466165413533649e-03 1.879699248120300864e-04 6.785714285714286587e-02 5.827067669172932354e-03 3.498120300751879630e-01 1.298872180451127734e-01
2.118644067796609837e-04 2.118644067796609837e-04 2.330508474576270875e-03 2.118644067796609837e-04 2.330508474576270875e-03 2.118644067796609837e-04 2.118644067796609837e-04 2.118644067796609837e-04 2.118644067796609837e-04 2.118644067796609837e-04 2.118644067796609837e-04 8.686440677966098325e-03 2.118644067796609837e-04 2.330508474576270875e-03 2.118644067796609837e-04 2.118644067796609837e-04 4.470338983050846371e-02 2.118644067796609837e-04 2.118644067796609837e-04 2.118644067796609837e-04 2.775423728813558588e-02 1.504237288135592751e-02 1.040254237288135430e-01 1.080508474576270805e-02 2.118644067796609837e-04 4.239406779661015756e-01 2.118644067796609837e-04 2.118644067796609837e-04 2.118644067796609837e-04 3.540254237288134598e-01
8.171206225680936047e-03 3.891050583657588362e-04 3.891050583657588362e-04 3.891050583657588362e-04 3.891050583657588362e-04 3.891050583657588362e-04 3.891050583657588362e-04 3.891050583657588362e-04 3.891050583657588362e-04 1.206225680933852365e-02 1.206225680933852365e-02 3.544747081712062986e-01 4.280155642023347577e-03 3.466926070038910956e-01 3.891050583657588362e-04 2.762645914396887753e-02 3.891050583657588362e-04 3.891050583657588362e-04 3.891050583657588362e-04 3.891050583657588362e-04 1.984435797665369886e-02 3.891050583657588362e-04 3.891050583657588362e-04 3.891050583657588362e-04 3.891050583657588362e-04 3.891050583657588362e-04 5.486381322957199769e-02 3.151750972762646513e-02 3.891050583657588362e-04 1.210116731517510008e-01
2.717391304347826120e-04 2.717391304347826120e-04 1.657608695652173711e-02 2.717391304347826120e-04 2.717391304347826120e-04 2.717391304347826120e-04 2.717391304347826120e-04 2.717391304347826120e-04 2.717391304347826120e-04 2.717391304347826120e-04 2.472826086956521688e-02 2.717391304347826120e-04 2.717391304347826120e-04 2.201086956521738913e-02 2.717391304347826120e-04 2.717391304347826120e-04 2.989130434782608786e-03 5.706521739130434798e-03 2.989130434782608786e-03 2.717391304347826120e-04 3.831521739130434867e-02 2.717391304347826120e-04 4.375000000000000416e-02 7.364130434782609202e-02 2.989130434782608786e-03 3.426630434782608758e-01 2.717391304347826120e-04 2.717391304347826120e-04 2.717391304347826120e-04 4.187500000000000111e-01
4.565217391304347318e-03 2.173913043478260408e-04 3.717391304347825165e-02 2.173913043478260408e-04 2.173913043478260408e-04 2.847826086956520980e-02 2.173913043478260408e-04 2.391304347826086422e-03 2.391304347826086422e-03 1.108695652173912610e-02 2.173913043478260408e-04 8.913043478260867375e-03 1.978260869565216795e-02 7.630434782608694344e-02 2.173913043478260408e-04 2.173913043478260408e-04 8.913043478260867375e-03 2.173913043478260408e-04 4.565217391304347318e-03 2.173913043478260408e-04 2.173913043478260408e-04 8.913043478260867375e-03 4.152173913043477604e-02 2.173913043478260408e-04 2.173913043478260408e-04 4.132608695652172925e-01 2.173913043478260408e-04 2.173913043478260408e-04 2.173913043478260408e-04 3.284782608695651085e-01
2.028397565922920593e-04 2.028397565922920593e-04 2.028397565922920593e-04 2.028397565922920593e-04 2.028397565922920593e-04 2.028397565922920593e-04 2.028397565922920593e-04 2.028397565922920593e-04 2.028397565922920593e-04 2.028397565922920593e-04 2.028397565922920593e-04 2.028397565922920593e-04 2.028397565922920593e-04 2.028397565922920593e-04 6.288032454361053812e-03 2.028397565922920593e-04 1.440162271805273467e-02 6.288032454361053812e-03 2.028397565922920593e-04 1.237322515212981380e-02 2.028397565922920593e-04 1.237322515212981380e-02 8.945233265720078930e-02 8.316430020283973809e-03 2.028397565922920593e-04 5.458417849898579144e-01 2.028397565922920593e-04 4.259634888438132948e-03 2.028397565922920593e-04 2.963488843813386620e-01
2.873563218390804016e-04 2.873563218390804016e-04 2.873563218390804016e-04 3.160919540229884146e-03 3.160919540229884146e-03 2.873563218390804016e-04 2.873563218390804016e-04 2.873563218390804016e-04 2.873563218390804016e-04 2.873563218390804016e-04 2.873563218390804016e-04 2.873563218390804016e-04 2.873563218390804016e-04 4.339080459770113668e-02 2.873563218390804016e-04 2.873563218390804016e-04 2.873563218390804016e-04 2.873563218390804016e-04 2.873563218390804016e-04 2.873563218390804016e-04 1.465517241379309804e-02 2.873563218390804016e-04 1.583333333333332982e-01 2.873563218390804016e-04 1.066091954022988231e-01 4.543103448275860323e-01 2.873563218390804016e-04 2.614942528735631280e-02 2.873563218390804016e-04 1.841954022988505080e-01
7.236842105263159575e-03 6.578947368421054652e-04 6.578947368421054652e-04 6.578947368421054652e-04 6.578947368421054652e-04 6.578947368421054652e-04 6.578947368421054652e-04 6.578947368421054652e-04 7.236842105263159575e-03 6.578947368421054652e-04 6.578947368421054652e-04 6.578947368421054652e-04 6.578947368421054652e-04 1.059210526315789713e-01 6.578947368421054652e-04 2.697368421052631984e-02 1.381578947368421358e-02 2.039473684210526758e-02 5.328947368421053238e-02 6.578947368421054652e-04 4.013157894736842785e-02 8.618421052631580759e-02 6.578947368421054652e-04 6.578947368421054652e-04 7.236842105263159575e-03 4.677631578947368807e-01 6.578947368421054652e-04 6.578947368421054652e-04 6.578947368421054652e-04 1.519736842105263441e-01
8.291873963515758558e-05 8.291873963515758558e-05 8.291873963515758558e-05 8.291873963515758558e-05 8.291873963515758558e-05 1.003316749585406696e-02 8.291873963515758558e-05 8.291873963515758558e-05 8.291873963515758558e-05 8.291873963515758558e-05 9.121061359867334685e-04 8.291873963515758558e-05 9.121061359867334685e-04 8.291873963515758558e-05 8.291873963515758558e-05 8.291873963515758558e-05 9.203980099502490075e-03 8.291873963515758558e-05 8.291873963515758558e-05 8.291873963515758558e-05 8.291873963515758558e-05 8.291873963515758558e-05 1.194859038142620650e-01 9.121061359867334685e-04 9.203980099502490075e-03 7.082089552238808317e-01 8.291873963515758558e-05 6.716417910447763755e-03 8.291873963515758558e-05 1.327529021558872813e-01
1.915708812260536191e-04 5.938697318007661596e-03 1.915708812260536191e-04 1.915708812260536191e-04 1.915708812260536191e-04 2.107279693486589865e-03 1.915708812260536191e-04 1.915708812260536191e-04 1.915708812260536191e-04 1.915708812260536191e-04 3.275862068965516849e-02 4.022988505747125514e-03 7.854406130268196812e-03 7.873563218390802754e-02 7.107279693486588668e-02 1.915708812260536191e-04 1.915708812260536191e-04 1.915708812260536191e-04 8.831417624521070708e-02 1.915708812260536191e-04 1.915708812260536191e-04 2.107279693486589865e-03 1.915708812260536191e-04 1.915708812260536191e-04 7.854406130268196812e-03 4.446360153256703751e-01 3.275862068965516849e-02 1.915708812260536191e-04 1.915708812260536191e-04 2.185823754789271434e-01
4.680851063829787571e-03 4.255319148936170717e-04 3.021276595744680840e-02 1.493617021276595902e-01 4.255319148936170717e-04 1.319148936170212727e-02 4.255319148936170717e-04 4.255319148936170717e-04 4.255319148936170717e-04 4.255319148936170717e-04 1.663829787234042679e-01 4.255319148936170717e-04 1.748936170212765928e-01 4.255319148936170717e-04 7.276595744680851297e-02 4.255319148936170717e-04 3.446808510638297435e-02 4.255319148936170717e-04 4.255319148936170717e-04 1.744680851063829669e-02 1.748936170212765928e-01 4.255319148936170717e-04 4.255319148936170717e-04 8.127659574468085180e-02 4.255319148936170717e-04 4.255319148936170717e-04 3.021276595744680840e-02 4.680851063829787571e-03 4.255319148936170717e-04 3.872340425531915070e-02
3.174603174603173516e-04 9.841269841269838226e-03 3.174603174603173516e-04 3.174603174603173516e-04 3.492063492063491193e-03 2.765079365079363694e-01 5.111111111111110022e-02 3.174603174603173516e-04 1.431746031746031211e-01 3.174603174603173516e-04 3.174603174603173516e-04 8.603174603174600088e-02 3.174603174603173516e-04 1.844444444444443831e-01 3.492063492063491193e-03 3.174603174603173516e-04 3.174603174603173516e-04 3.174603174603173516e-04 1.558730158730158299e-01 3.174603174603173516e-04 3.174603174603173516e-04 3.174603174603173516e-04 3.174603174603173516e-04 3.174603174603173516e-04 3.174603174603173516e-04 3.174603174603173516e-04 3.174603174603173516e-04 3.492063492063491193e-03 3.174603174603173516e-04 7.650793650793648315e-02
4.366812227074236448e-04 4.803493449781660526e-03 4.366812227074236448e-04 4.366812227074236448e-04 2.227074235807860458e-02 2.144104803493450118e-01 4.366812227074236448e-04 4.366812227074236448e-04 1.183406113537118082e-01 4.366812227074236448e-04 4.803493449781660526e-03 4.803493449781660526e-03 4.366812227074236448e-04 4.366812227074236448e-04 4.366812227074236448e-04 4.366812227074236448e-04 1.270742358078602863e-01 4.366812227074236448e-04 4.366812227074236448e-04 4.366812227074236448e-04 4.366812227074236448e-04 4.366812227074236448e-04 4.366812227074236448e-04 4.366812227074236448e-04 4.366812227074236448e-04 4.803493449781660526e-03 4.847161572052402501e-02 4.366812227074236448e-04 4.366812227074236448e-04 4.414847161572052481e-01
5.405405405405407657e-04 5.405405405405407657e-04 4.378378378378379454e-02 5.405405405405407657e-04 9.783783783783787935e-02 2.216216216216216825e-02 1.135135135135135510e-02 5.405405405405407657e-04 5.405405405405407657e-04 6.540540540540541736e-02 5.405405405405407657e-04 5.405405405405407657e-04 5.405405405405407657e-04 5.405405405405407657e-04 5.405405405405407657e-04 5.405405405405407657e-04 1.627027027027027617e-01 5.405405405405407657e-04 1.086486486486486908e-01 5.405405405405407657e-04 5.405405405405407657e-04 2.437837837837838750e-01 1.135135135135135510e-02 5.405405405405407657e-04 5.405405405405407657e-04 5.405405405405407657e-04 9.783783783783787935e-02 1.194594594594595022e-01 5.945945945945948531e-03 5.405405405405407657e-04
2.114164904862578882e-04 2.114164904862578882e-04 3.192389006342493535e-02 2.325581395348836743e-03 2.114164904862578882e-04 2.114164904862578882e-04 2.114164904862578882e-04 2.114164904862578882e-04 2.114164904862578882e-04 2.114164904862578882e-04 2.114164904862578882e-04 1.289640591966173012e-02 2.769556025369978094e-02 2.325581395348836743e-03 2.114164904862578882e-04 9.112050739957715251e-02 2.114164904862578882e-04 2.114164904862578882e-04 2.114164904862578882e-04 2.114164904862578882e-04 2.114164904862578882e-04 1.186046511627906752e-01 4.124735729386890815e-01 2.114164904862578882e-04 2.558139534883720201e-02 2.114164904862578882e-04 3.403805496828752469e-02 5.095137420718814925e-02 6.553911205073994183e-03 1.799154334038054470e-01
2.770083102493074473e-04 2.770083102493074473e-04 2.770083102493074473e-04 2.770083102493074473e-04 1.941828254847645097e-01 1.941828254847645097e-01 2.770083102493074473e-04 2.770083102493074473e-04 1.360110803324099671e-01 2.770083102493074473e-04 2.770083102493074473e-04 2.770083102493074473e-04 2.770083102493074473e-04 2.770083102493074473e-04 2.770083102493074473e-04 1.412742382271467770e-02 1.138504155124653583e-01 2.770083102493074473e-04 2.770083102493074473e-04 2.770083102493074473e-04 2.770083102493074473e-04 2.770083102493074473e-04 5.817174515235456339e-03 2.770083102493074473e-04 2.770083102493074473e-04 1.689750692520775380e-02 9.445983379501383947e-02 5.567867036011080184e-02 2.770083102493074473e-04 1.692520775623268525e-01
6.878048780487806824e-02 4.878048780487806500e-04 2.487804878048780963e-02 4.878048780487806500e-04 3.463414634146342458e-02 5.414634146341464754e-02 4.439024390243903606e-02 1.024390243902439414e-02 4.878048780487806500e-04 4.878048780487806500e-04 4.878048780487806500e-04 4.878048780487806500e-04 2.975609756097561537e-02 4.878048780487806500e-04 4.878048780487806500e-04 4.878048780487806500e-04 1.712195121951219923e-01 4.878048780487806500e-04 4.878048780487806500e-04 4.878048780487806500e-04 4.878048780487806500e-04 3.712195121951220034e-01 4.878048780487806500e-04 4.878048780487806500e-04 2.975609756097561537e-02 4.878048780487806500e-04 1.419512195121951648e-01 4.878048780487806500e-04 4.878048780487806500e-04 1.024390243902439414e-02
4.255319148936170717e-04 4.255319148936170717e-04 3.446808510638298129e-02 4.255319148936170717e-04 1.025531914893617197e-01 4.255319148936170717e-04 2.595744680851063899e-02 4.255319148936170717e-04 1.319148936170212900e-02 7.702127659574468932e-02 4.255319148936170717e-04 4.255319148936170717e-04 4.255319148936170717e-04 4.255319148936170717e-04 4.255319148936170717e-04 4.255319148936170717e-04 1.876595744680851219e-01 4.255319148936170717e-04 6.851063829787235049e-02 4.255319148936170717e-04 4.255319148936170717e-04 3.068085106382978933e-01 4.680851063829788439e-03 4.255319148936170717e-04 1.319148936170212900e-02 4.255319148936170717e-04 4.255319148936170717e-04 3.872340425531915070e-02 2.170212765957446957e-02 9.829787234042554334e-02
6.802721088435375848e-04 6.802721088435375848e-04 6.802721088435375848e-04 6.802721088435375848e-04 2.795918367346939548e-01 7.482993197278913974e-03 6.802721088435375848e-04 6.802721088435375848e-04 2.183673469387755750e-01 6.802721088435375848e-04 6.802721088435375848e-04 6.802721088435375848e-04 6.802721088435375848e-04 6.802721088435375848e-04 6.802721088435375848e-04 6.802721088435375848e-04 1.231292517006803006e-01 3.469387755102041476e-02 2.108843537414966524e-02 6.802721088435375848e-04 6.802721088435375848e-04 6.802721088435375848e-04 6.802721088435375848e-04 6.802721088435375848e-04 5.510204081632653905e-02 7.482993197278913974e-03 6.802721088435375848e-04 4.829931972789116429e-02 6.802721088435375848e-04 1.911564625850340482e-01
4.405286343612336078e-04 4.405286343612336078e-04 4.405286343612336078e-04 4.405286343612336078e-04 4.449339207048459005e-02 8.854625550660795430e-02 4.405286343612336078e-04 4.405286343612336078e-04 4.405286343612336078e-04 6.651982378854627564e-02 4.405286343612336078e-04 1.414096916299559803e-01 9.251101321585906631e-03 4.405286343612336078e-04 4.405286343612336078e-04 4.405286343612336078e-04 1.017621145374449643e-01 2.246696035242291140e-02 4.405286343612336078e-04 4.405286343612336078e-04 4.405286343612336078e-04 3.176211453744494095e-01 4.405286343612336078e-04 4.405286343612336078e-04 1.193832599118943155e-01 4.405286343612336078e-04 7.973568281938328561e-02 4.405286343612336078e-04 4.405286343612336078e-04 4.405286343612336078e-04
2.781065088757395803e-02 1.972386587771202821e-04 1.972386587771202821e-04 2.169625246548323103e-03 1.972386587771202821e-04 1.972386587771202821e-04 2.583826429980275521e-02 6.114398422090728744e-03 4.142011834319525923e-03 8.086785009861929829e-03 1.972386587771202821e-04 1.972386587771202821e-04 6.114398422090728744e-03 1.972386587771202821e-04 1.205128205128204871e-01 1.972386587771202821e-04 1.972386587771202821e-04 1.972386587771202821e-04 2.169625246548323103e-03 2.169625246548323103e-03 2.386587771203155239e-02 1.972386587771202821e-04 3.372781065088756997e-02 1.972386587771202821e-04 6.114398422090728744e-03 5.504930966469426812e-01 1.972386587771202821e-04 8.086785009861929829e-03 1.972386587771202821e-04 1.698224852071005542e-01
1.203389830508474340e-02 1.694915254237287978e-04 1.033898305084745423e-02 1.694915254237287978e-04 1.694915254237287978e-04 1.694915254237287978e-04 2.389830508474575718e-02 7.474576271186439413e-02 1.694915254237287978e-04 6.949152542372879354e-03 1.694915254237287978e-04 1.694915254237287978e-04 1.694915254237287978e-04 1.694915254237287978e-04 3.559322033898304483e-03 3.406779661016948874e-02 1.694915254237287978e-04 1.694915254237287978e-04 2.559322033898304635e-02 1.866101694915253684e-01 1.694915254237287978e-04 1.694915254237287978e-04 5.440677966101693797e-02 8.999999999999998279e-02 1.694915254237287978e-04 3.559322033898304483e-03 1.881355932203389314e-02 1.694915254237287978e-04 2.188135593220338349e-01 2.340677966101694374e-01
1.801801801801801830e-04 3.783783783783783734e-03 1.801801801801801830e-04 1.801801801801801830e-04 9.189189189189189005e-03 1.981981981981982121e-03 1.981981981981982121e-03 1.801801801801801830e-04 1.801801801801801830e-04 1.801801801801801830e-04 1.801801801801801830e-04 1.801801801801801830e-04 1.801801801801801830e-04 4.162162162162162671e-02 1.801801801801801830e-04 4.702702702702703241e-02 1.801801801801801830e-04 1.801801801801801830e-04 1.801801801801801830e-04 1.947747747747747560e-01 1.801801801801801830e-04 1.801801801801801830e-04 3.783783783783783734e-03 6.504504504504504681e-02 1.801801801801801830e-04 1.981981981981982121e-03 1.981981981981982121e-03 3.783783783783783734e-03 4.776576576576577193e-01 1.425225225225225101e-01
1.291989664082686959e-04 1.291989664082686959e-04 1.291989664082686959e-04 1.291989664082686959e-04 4.005167958656330116e-03 1.291989664082686959e-04 1.421188630490955764e-03 4.405684754521962954e-02 1.291989664082686959e-04 1.291989664082686959e-04 1.291989664082686959e-04 5.297157622739015990e-03 1.046511627906976383e-02 1.291989664082686959e-04 1.291989664082686959e-04 1.422480620155038289e-01 1.291989664082686959e-04 2.713178294573642940e-03 1.291989664082686959e-04 3.644702842377260388e-01 1.291989664082686959e-04 1.291989664082686959e-04 1.291989664082686959e-04 1.060723514211885932e-01 1.291989664082686959e-04 1.291989664082686959e-04 1.291989664082686959e-04 1.291989664082686959e-04 5.310077519379843847e-02 2.636950904392764139e-01
