1.572327044025156884e-04 3.474842767295596713e-02 1.165094339622640973e-01 1.572327044025156884e-04 1.572327044025156884e-04 4.889937106918237214e-02 4.874213836477985472e-03 3.301886792452829022e-03 1.572327044025156884e-04 1.572327044025156884e-04 6.446540880503141488e-03 5.518867924528299967e-02 1.572327044025156884e-04 1.572327044025156884e-04 1.572327044025156884e-04 1.729559748427672572e-03 1.572327044025156884e-04 1.572327044025156884e-04 1.572327044025156884e-04 1.572327044025156884e-04 7.405660377358487534e-02 1.572327044025156884e-04 4.732704402515721526e-02 4.388364779874212585e-01 5.047169811320752902e-02 5.047169811320752902e-02 4.874213836477985472e-03 1.572327044025156884e-04 1.572327044025156884e-04 5.990566037735847033e-02
9.716466739367501937e-02 1.090512540894220388e-04 1.636859323882224604e-01 1.090512540894220388e-04 1.090512540894220388e-04 5.561613958560523464e-03 1.199563794983642346e-03 1.090512540894220388e-04 1.090512540894220388e-04 1.090512540894220388e-04 9.934569247546345960e-02 1.996728462377317381e-01 1.090512540894220388e-04 1.090512540894220388e-04 1.090512540894220388e-04 7.535441657579061703e-02 1.090512540894220388e-04 1.090512540894220388e-04 1.090512540894220388e-04 1.090512540894220388e-04 1.090512540894220388e-04 1.428571428571428527e-02 3.718647764449291293e-02 9.923664122137404800e-03 1.724100327153762213e-01 1.090512540894220388e-04 3.173391494002181235e-02 1.090512540894220388e-04 2.955288985823337211e-02 6.117775354416576244e-02
4.761904761904762985e-04 2.904761904761905128e-02 4.761904761904762985e-04 4.761904761904762985e-04 2.428571428571428895e-02 9.571428571428573784e-02 7.190476190476191576e-02 4.809523809523810062e-02 4.761904761904762985e-04 4.761904761904762985e-04 4.761904761904762985e-04 1.385714285714285954e-01 4.761904761904762985e-04 4.761904761904762985e-04 1.952380952380952314e-02 4.761904761904762985e-04 5.238095238095239609e-03 4.761904761904762985e-04 4.761904761904762985e-04 4.761904761904762985e-04 2.904761904761905128e-02 2.904761904761905128e-02 9.095238095238096510e-02 5.238095238095239609e-03 3.719047619047619047e-01 3.380952380952381015e-02 4.761904761904762985e-04 4.761904761904762985e-04 4.761904761904762985e-04 4.761904761904762985e-04
2.499999999999999792e-02 3.521126760563380470e-04 8.485915492957747663e-02 3.521126760563380470e-04 7.394366197183099149e-03 3.521126760563380470e-04 3.873239436619718788e-03 1.517605633802816822e-01 3.521126760563380470e-04 7.077464788732394652e-02 3.521126760563380470e-04 3.521126760563380470e-04 3.521126760563380470e-04 3.521126760563380470e-04 3.521126760563380470e-04 3.521126760563380470e-04 2.147887323943661886e-02 3.873239436619718788e-03 3.521126760563380470e-04 3.521126760563380470e-04 3.521126760563380470e-04 4.440140845070422171e-01 7.077464788732394652e-02 3.521126760563380470e-04 3.521126760563380470e-04 3.521126760563380470e-04 3.873239436619718788e-03 5.669014084507043028e-02 3.521126760563380470e-04 4.964788732394365828e-02
3.452914798206278141e-02 2.572496263079222523e-01 1.257100149476831075e-01 3.529147982062780242e-01 1.494768310911808774e-04 1.494768310911808774e-04 1.494768310911808774e-04 1.494768310911808774e-04 1.494768310911808774e-04 1.494768310911808774e-04 1.644245142002989570e-03 1.494768310911808774e-04 1.494768310911808774e-04 1.494768310911808774e-04 1.494768310911808774e-04 1.494768310911808774e-04 1.494768310911808774e-04 1.494768310911808774e-04 6.128550074738415079e-03 1.494768310911808774e-04 6.143497757847533880e-02 1.494768310911808774e-04 1.077727952167413933e-01 1.494768310911808774e-04 1.494768310911808774e-04 1.494768310911808774e-04 1.494768310911808774e-04 1.494768310911808774e-04 1.494768310911808774e-04 4.947683109118086731e-02
1.975460122699386478e-02 1.226993865030674648e-04 9.460122699386501466e-02 1.226993865030674648e-04 3.803680981595091489e-03 4.674846625766870822e-02 3.803680981595091489e-03 1.226993865030674648e-04 2.576687116564416787e-03 1.226993865030674648e-04 1.226993865030674648e-04 1.226993865030674648e-04 1.226993865030674648e-04 6.147239263803680465e-02 1.226993865030674648e-04 1.226993865030674648e-04 8.711656441717788996e-03 5.030674846625765757e-03 1.226993865030674648e-04 1.226993865030674648e-04 1.349693251533742302e-03 2.576687116564416787e-03 5.533742331288343114e-02 1.852760736196318661e-02 1.179141104294478271e-01 1.804907975460122438e-01 1.350920245398772868e-01 1.361963190184048780e-02 5.030674846625765757e-03 2.222085889570551698e-01
4.477611940298507724e-03 2.132196162046908492e-04 8.976545842217484306e-02 2.132196162046908492e-04 2.132196162046908492e-04 2.132196162046908492e-04 1.513859275053304823e-02 2.132196162046908492e-04 2.132196162046908492e-04 2.132196162046908492e-04 2.132196162046908492e-04 2.132196162046908492e-04 2.132196162046908492e-04 6.609808102345415999e-03 2.132196162046908492e-04 2.132196162046908492e-04 2.132196162046908492e-04 2.345415778251599449e-03 2.132196162046908492e-04 2.132196162046908492e-04 2.132196162046908492e-04 3.776119402985074758e-01 3.006396588486140789e-02 2.132196162046908492e-04 2.132196162046908492e-04 2.132196162046908492e-04 4.925373134328358410e-02 4.095948827292110739e-01 2.132196162046908492e-04 1.087420042643923168e-02
1.365638766519824097e-02 4.405286343612336078e-04 4.405286343612336078e-04 2.823788546255506793e-01 4.405286343612336078e-04 4.405286343612336078e-04 4.405286343612336078e-04 4.405286343612336078e-04 4.405286343612336078e-04 4.405286343612336078e-04 4.405286343612336078e-04 4.405286343612336078e-04 4.405286343612336078e-04 3.127753303964758008e-02 4.405286343612336078e-04 4.405286343612336078e-04 4.405286343612336078e-04 4.405286343612336078e-04 4.405286343612336078e-04 4.405286343612336078e-04 4.405286343612336078e-04 4.008810572687225571e-02 7.092511013215861693e-02 1.806167400881057705e-02 1.370044052863436668e-01 2.118942731277533575e-01 7.533039647577094433e-02 4.449339207048459005e-02 4.405286343612336078e-04 6.651982378854627564e-02
2.628285356695869192e-03 9.274092615769709280e-02 2.078848560700875536e-01 1.251564455569461481e-04 1.251564455569461481e-04 2.628285356695869192e-03 1.013767209011263819e-02 1.251564455569461481e-04 5.131414267834791612e-03 3.879849812265330836e-03 1.251564455569461481e-04 4.643304130162702326e-02 1.251564455569461481e-04 1.251564455569461481e-04 1.251564455569461481e-04 2.390488110137671540e-02 1.251564455569461481e-04 2.390488110137671540e-02 2.628285356695869192e-03 1.251564455569461481e-04 3.605757196495618655e-01 4.518147684605756248e-02 1.640801001251563918e-01 6.382978723404253256e-03 1.251564455569461481e-04 1.251564455569461481e-04 1.251564455569461481e-04 1.251564455569461481e-04 1.251564455569461481e-04 1.251564455569461481e-04
6.909871244635194809e-02 4.721030042918456307e-03 4.291845493562232612e-04 4.291845493562232612e-04 4.291845493562232612e-04 7.339055793991418331e-02 3.905579399141631547e-02 4.291845493562232612e-04 4.291845493562232612e-04 4.291845493562232612e-04 4.291845493562232612e-04 4.291845493562232612e-04 4.291845493562232612e-04 4.291845493562232612e-04 4.291845493562232612e-04 9.012875536480688052e-03 4.291845493562232612e-04 4.291845493562232612e-04 4.291845493562232612e-04 4.291845493562232612e-04 9.012875536480688052e-03 4.291845493562232612e-04 1.291845493562231995e-01 5.283261802575107691e-01 4.291845493562232612e-04 4.291845493562232612e-04 2.188841201716738155e-02 4.291845493562232612e-04 1.034334763948498020e-01 4.721030042918456307e-03
7.042253521126760939e-04 7.042253521126760939e-04 7.746478873239437575e-03 7.042253521126760939e-04 5.704225352112676090e-02 7.042253521126760939e-04 7.042253521126760939e-04 7.042253521126760939e-04 7.746478873239437575e-03 7.042253521126760939e-04 7.042253521126760939e-04 7.042253521126760939e-04 7.042253521126760939e-04 7.042253521126760939e-04 7.042253521126760939e-04 7.042253521126760939e-04 7.042253521126760939e-04 7.042253521126760939e-04 7.042253521126760939e-04 7.042253521126760939e-04 1.478873239436619830e-02 3.591549295774647960e-02 7.042253521126760939e-04 2.887323943661971454e-02 1.345070422535211419e-01 3.591549295774647960e-02 8.521126760563380031e-02 5.781690140845070491e-01 7.042253521126760939e-04 7.042253521126760939e-04
5.283842794759825712e-02 4.366812227074236448e-04 4.366812227074236448e-04 4.366812227074236448e-04 4.366812227074236448e-04 4.366812227074236448e-04 4.803493449781660526e-03 4.366812227074236448e-04 4.366812227074236448e-04 4.366812227074236448e-04 8.777292576419215564e-02 1.314410480349345323e-01 4.366812227074236448e-04 4.366812227074236448e-04 4.366812227074236448e-04 2.580786026200873606e-01 4.366812227074236448e-04 4.366812227074236448e-04 4.366812227074236448e-04 4.366812227074236448e-04 4.366812227074236448e-04 4.366812227074236448e-04 1.314410480349345323e-01 2.227074235807860458e-02 2.537117903930131146e-01 4.366812227074236448e-04 4.366812227074236448e-04 4.366812227074236448e-04 4.847161572052402501e-02 4.366812227074236448e-04
1.792114695340501520e-04 1.792114695340501520e-04 2.313620071684587276e-01 1.792114695340501520e-04 1.792114695340501520e-04 7.724014336917561785e-02 1.792114695340501520e-04 1.792114695340501520e-04 7.347670250896055390e-03 1.792114695340501520e-04 5.752688172043009945e-02 9.695340501792112931e-02 3.763440860215053110e-03 1.971326164874551753e-03 1.792114695340501520e-04 1.792114695340501520e-04 1.792114695340501520e-04 1.792114695340501520e-04 1.792114695340501520e-04 1.792114695340501520e-04 3.763440860215053110e-03 1.792114695340501520e-04 1.792114695340501520e-04 3.335125448028672945e-01 8.082437275985661362e-02 5.573476702508959463e-02 1.792114695340501520e-04 1.792114695340501520e-04 1.451612903225806168e-02 3.243727598566308046e-02
1.127232142857142495e-02 1.116071428571428401e-04 2.568080357142856207e-01 1.116071428571428401e-04 1.116071428571428401e-04 1.116071428571428401e-04 3.582589285714284782e-02 3.459821428571427989e-03 1.116071428571428401e-04 1.116071428571428401e-04 1.284598214285714024e-01 2.724330357142856207e-01 1.116071428571428401e-04 1.116071428571428401e-04 1.116071428571428401e-04 4.575892857142855631e-03 1.116071428571428401e-04 1.127232142857142495e-02 1.116071428571428401e-04 1.116071428571428401e-04 9.040178571428568802e-03 3.136160714285713552e-02 1.172991071428571008e-01 1.116071428571428401e-04 1.227678571428571187e-03 9.720982142857140240e-02 1.116071428571428401e-04 1.116071428571428401e-04 1.350446428571428110e-02 4.575892857142855631e-03
6.265356265356263575e-03 1.228501228501228200e-04 2.187960687960687212e-01 4.803439803439802508e-02 1.228501228501228200e-04 3.697788697788696732e-02 6.646191646191644542e-02 1.240786240786240398e-02 1.228501228501228200e-04 2.837837837837837301e-02 1.106879606879606487e-01 3.820638820638819905e-02 1.228501228501228200e-04 1.228501228501228200e-04 3.808353808353807501e-03 1.609336609336608701e-02 1.228501228501228200e-04 1.228501228501228200e-04 2.469287469287468825e-02 1.228501228501228200e-04 1.486486486486486049e-02 4.803439803439802508e-02 5.909090909090907590e-02 1.228501228501228200e-04 3.206388206388205431e-02 1.228501228501228200e-04 1.228501228501228200e-04 2.579852579852579247e-03 1.228501228501228200e-04 2.310810810810809968e-01
3.852459016393441210e-02 8.224043715846991731e-02 3.579234972677594606e-02 2.732240437158469401e-04 2.732240437158469401e-04 2.486338797814206802e-02 2.732240437158469401e-04 2.732240437158469401e-04 2.732240437158469401e-04 2.732240437158469401e-04 3.852459016393441210e-02 2.732240437158469401e-04 2.732240437158469401e-04 7.950819672131145821e-02 2.732240437158469401e-04 5.491803278688523610e-02 2.213114754098359852e-02 2.732240437158469401e-04 2.732240437158469401e-04 1.120218579234972221e-02 2.732240437158469401e-04 2.732240437158469401e-04 6.584699453551910719e-02 2.732240437158469401e-04 9.590163934426226833e-02 1.915300546448086561e-01 2.759562841530053753e-02 2.732240437158469401e-04 3.005464480874316287e-03 2.243169398907103040e-01
1.143216080402010074e-02 2.525125628140703626e-02 1.483668341708542504e-01 6.407035175879396277e-03 1.256281407035176006e-04 1.898241206030150674e-01 5.150753768844221030e-03 1.017587939698492462e-02 1.256281407035176006e-04 1.256281407035176006e-04 2.273869346733668403e-02 1.734924623115577935e-01 1.256281407035176006e-04 2.148241206030150965e-02 1.256281407035176006e-04 6.168341708542713492e-02 1.143216080402010074e-02 3.530150753768844518e-02 1.256281407035176006e-04 1.256281407035176006e-04 1.256281407035176006e-04 1.256281407035176006e-04 1.307788944723617952e-01 1.256281407035176006e-04 1.094221105527638099e-01 7.663316582914572392e-03 1.256281407035176006e-04 1.256281407035176006e-04 1.256281407035176006e-04 2.776381909547738849e-02
5.162601626016259659e-02 2.994579945799457840e-02 1.031165311653116229e-01 1.355013550135501354e-04 1.355013550135501354e-04 3.943089430894308745e-02 1.355013550135501354e-04 1.355013550135501354e-04 3.265582655826557851e-02 1.355013550135501354e-04 1.355013550135501354e-04 1.355013550135501354e-04 1.355013550135501354e-04 8.956639566395661889e-02 1.355013550135501354e-04 1.490514905149051489e-03 1.355013550135501354e-04 1.355013550135501354e-04 1.368563685636856042e-02 9.634146341463412089e-02 9.620596205962056793e-03 1.355013550135501354e-04 4.620596205962058944e-02 1.355013550135501354e-04 1.355013550135501354e-04 3.348238482384823245e-01 5.704607046070459681e-02 1.355013550135501354e-04 2.845528455284552626e-03 8.956639566395661889e-02
3.086419753086419148e-04 3.086419753086419148e-04 5.277777777777777068e-02 1.361111111111110994e-01 3.086419753086419148e-04 2.688271604938270998e-01 3.395061728395061280e-03 1.882716049382715529e-02 3.086419753086419148e-04 3.086419753086419148e-04 3.086419753086419148e-04 3.086419753086419148e-04 3.086419753086419148e-04 1.265432098765431786e-02 3.086419753086419148e-04 3.086419753086419148e-04 2.191358024691357487e-02 2.808641975308641403e-02 1.882716049382715529e-02 3.086419753086419148e-04 3.086419753086419148e-04 3.086419753086419148e-04 6.820987654320986859e-02 3.395061728395061280e-03 3.086419753086419148e-04 8.055555555555554692e-02 1.638888888888888618e-01 3.086419753086419148e-04 4.043209876543209236e-02 7.746913580246912734e-02
3.184713375796177637e-04 3.184713375796177637e-04 2.200636942675158192e-01 3.503184713375795400e-03 3.184713375796177637e-04 3.251592356687896812e-01 3.184713375796177637e-04 3.503184713375795400e-03 3.184713375796177637e-04 3.184713375796177637e-04 3.184713375796177637e-04 2.898089171974521303e-02 3.184713375796177637e-04 4.490445859872609774e-02 3.184713375796177637e-04 2.261146496815285775e-02 3.503184713375795400e-03 6.687898089171972170e-03 3.535031847133756483e-02 3.184713375796177637e-04 3.184713375796177637e-04 3.184713375796177637e-04 3.184713375796177637e-04 1.468152866242037613e-01 9.872611464968148939e-03 9.267515923566875535e-02 3.184713375796177637e-04 3.184713375796177637e-04 3.503184713375795400e-03 4.808917197452227538e-02
6.474576271186438525e-02 1.155932203389830049e-01 3.389830508474575414e-04 1.728813559322033011e-02 7.118644067796608098e-03 3.389830508474575414e-04 3.389830508474575414e-04 3.389830508474575414e-04 3.389830508474575414e-04 3.389830508474575414e-04 3.728813559322032792e-03 3.389830508474575414e-04 3.389830508474575414e-04 6.474576271186438525e-02 3.389830508474575414e-04 1.728813559322033011e-02 3.389830508474575414e-04 3.389830508474575414e-04 3.389830508474575414e-04 3.389830508474575414e-04 3.389830508474575414e-04 1.050847457627118210e-02 1.257627118644067399e-01 2.067796610169490498e-02 1.325423728813558966e-01 3.291525423728812183e-01 3.389830508474575414e-04 3.389830508474575414e-04 3.389830508474575414e-04 8.508474576271184142e-02
1.381215469613259503e-04 9.806629834254142197e-03 1.810773480662982993e-01 1.381215469613259503e-04 1.519337016574585615e-03 2.776243093922651714e-02 1.381215469613259503e-04 1.381215469613259503e-04 1.381215469613259503e-04 1.519337016574585615e-03 2.085635359116021562e-02 3.604972375690607134e-02 1.381215469613259503e-04 9.820441988950273648e-02 1.381215469613259503e-04 1.519337016574585615e-03 1.381215469613259503e-04 1.381215469613259503e-04 1.381215469613259503e-04 9.129834254143644190e-02 1.381215469613259503e-04 1.381215469613259503e-04 1.381215469613259503e-04 1.256906077348065968e-02 1.381215469613259503e-04 2.860497237569060158e-01 1.381215469613259503e-04 1.381215469613259503e-04 1.381215469613259503e-04 2.294198895027623752e-01
1.143634385201305753e-01 1.088139281828074046e-04 2.394994559303590675e-01 1.088139281828074046e-04 1.088139281828074046e-04 1.002176278563656070e-01 1.088139281828074046e-04 1.088139281828074046e-04 1.088139281828074046e-04 1.969532100108814174e-02 1.425462459194776904e-02 1.316648531011969415e-02 1.196953210010881464e-03 1.643090315560391534e-02 7.725788900979324927e-03 1.088139281828074046e-04 1.088139281828074046e-04 2.078346028291621489e-02 1.088139281828074046e-04 1.316648531011969415e-02 1.088139281828074046e-04 1.088139281828074046e-04 1.088139281828074046e-04 9.902067464635472965e-03 1.088139281828074046e-04 3.396082698585419224e-01 1.088139281828074046e-04 1.088139281828074046e-04 1.088139281828074046e-04 8.824809575625679192e-02
1.484330484330483868e-01 2.849002849002848278e-04 1.142450142450142092e-01 2.849002849002848278e-04 2.849002849002848278e-04 1.168091168091167642e-02 2.849002849002848278e-04 2.849002849002848278e-04 1.452991452991452340e-02 2.849002849002848278e-04 2.849002849002848278e-04 5.156695156695155491e-02 2.849002849002848278e-04 1.142450142450142092e-01 2.849002849002848278e-04 2.849002849002848278e-04 2.849002849002848278e-04 2.849002849002848278e-04 2.849002849002848278e-04 2.849002849002848278e-04 2.849002849002848278e-04 2.849002849002848278e-04 9.430199430199427690e-02 1.737891737891737384e-02 3.133903133903133322e-03 2.937321937321936138e-01 2.307692307692306780e-02 2.849002849002848278e-04 3.133903133903133322e-03 1.056980056980056648e-01
2.212389380530973150e-04 2.546460176991149904e-01 1.440265486725663124e-01 4.646017699115043316e-03 2.212389380530973150e-04 3.119469026548671656e-02 2.212389380530973150e-04 2.433628318584070329e-03 2.212389380530973150e-04 2.212389380530973150e-04 2.212389380530973150e-04 2.212389380530973150e-04 2.212389380530973150e-04 2.212389380530973150e-04 4.646017699115043316e-03 2.234513274336282634e-02 2.212389380530973150e-04 1.128318584070796098e-02 4.646017699115043316e-03 4.004424778761061371e-02 2.212389380530973150e-04 5.110619469026547734e-02 4.668141592920353050e-02 2.212389380530973150e-04 3.783185840707963682e-02 1.860619469026548178e-01 2.433628318584070329e-03 9.070796460176987555e-03 2.212389380530973150e-04 1.440265486725663124e-01
1.607717041800642581e-04 3.056270096463021280e-01 4.517684887459805926e-02 2.427652733118969980e-02 9.983922829581989844e-02 8.376205787781347556e-02 1.607717041800642581e-04 4.983922829581991648e-03 1.607717041800642581e-04 1.607717041800642581e-04 1.607717041800642581e-04 1.463022508038584572e-02 1.607717041800642581e-04 1.768488745980706812e-03 6.591639871382633416e-03 1.607717041800642581e-04 1.607717041800642581e-04 1.607717041800642581e-04 1.607717041800642581e-04 1.607717041800642581e-04 3.553054662379419998e-02 1.607717041800642581e-04 1.143086816720256665e-01 1.127009646302250256e-01 1.768488745980706812e-03 1.607717041800642581e-04 5.321543408360127070e-02 6.607717041800641178e-02 1.607717041800642581e-04 2.749196141479098854e-02
5.015641293013555629e-02 9.395203336809174188e-02 9.708029197080289552e-02 1.042752867570385792e-04 1.042752867570385792e-04 2.304483837330552690e-02 1.042752867570385792e-04 1.042752867570385792e-04 1.042752867570385792e-04 7.403545359749737903e-03 1.042752867570385792e-04 2.304483837330552690e-02 1.042752867570385792e-04 2.169968717413972570e-01 1.042752867570385792e-04 1.042752867570385792e-04 1.042752867570385792e-04 1.042752867570385792e-04 1.042752867570385792e-04 3.232533889468195819e-03 8.446298227320124183e-03 2.189781021897809973e-03 6.162669447340979323e-02 3.232533889468195819e-03 1.042752867570385792e-04 3.275286757038581853e-01 3.034410844629822565e-02 5.318039624608967078e-03 1.042752867570385792e-04 4.494264859228362663e-02
3.530239099859352331e-02 7.172995780590715915e-03 1.618846694796061414e-01 1.406469760900140402e-04 1.406469760900140402e-04 1.406469760900140402e-04 1.406469760900140402e-04 1.406469760900140402e-04 1.406469760900140402e-04 1.406469760900140402e-04 1.406469760900140402e-04 1.406469760900140402e-04 1.406469760900140402e-04 2.715893108298171321e-01 1.406469760900140402e-04 1.406469760900140402e-04 1.406469760900140402e-04 8.579465541490855288e-03 1.406469760900140402e-04 2.405063291139240486e-02 1.547116736990154524e-03 4.360056258790435436e-03 2.405063291139240486e-02 1.420534458509141798e-02 1.406469760900140402e-04 2.983122362869197741e-01 4.092827004219409121e-02 1.406469760900140402e-04 1.406469760900140402e-04 1.056258790436005318e-01
2.188183807439824486e-04 2.188183807439824486e-04 2.188183807439824486e-04 2.188183807439824486e-04 2.188183807439824486e-04 2.188183807439824486e-04 2.188183807439824486e-04 5.929978118161924328e-02 2.188183807439824486e-04 2.188183807439824486e-04 2.188183807439824486e-04 2.188183807439824486e-04 2.188183807439824486e-04 9.431072210065644112e-02 2.407002188183807179e-03 2.188183807439824486e-04 1.553610503282275290e-02 2.407002188183807179e-03 2.188183807439824486e-04 2.978118161925600860e-01 2.188183807439824486e-04 2.188183807439824486e-04 7.024070021881836934e-02 2.407002188183807179e-03 4.179431072210065129e-02 1.096280087527352065e-01 2.212253829321662313e-01 2.188183807439824486e-04 3.085339168490152176e-02 4.835886214442012415e-02
1.110849056603773338e-01 2.358490566037735325e-04 5.212264150943395069e-02 2.358490566037735325e-04 7.311320754716979509e-03 2.358490566037735325e-04 6.627358490566036264e-02 2.358490566037735325e-04 2.358490566037735325e-04 2.358490566037735325e-04 2.853773584905659397e-02 4.624999999999998557e-01 2.358490566037735325e-04 2.358490566037735325e-04 2.358490566037735325e-04 1.205188679245282751e-01 2.358490566037735325e-04 2.358490566037735325e-04 2.146226415094338799e-02 2.382075471698112332e-02 2.358490566037735325e-04 2.358490566037735325e-04 9.693396226415092187e-02 2.358490566037735325e-04 4.952830188679244183e-03 2.358490566037735325e-04 2.358490566037735325e-04 2.358490566037735325e-04 2.358490566037735325e-04 2.358490566037735325e-04
2.801120448179270973e-04 3.949579831932771568e-02 1.291316526610643833e-01 2.801120448179270973e-04 2.801120448179270973e-04 1.795518207282912337e-01 2.801120448179270973e-04 2.801120448179270973e-04 2.801120448179270973e-04 2.801120448179270973e-04 1.988795518207282093e-02 6.190476190476188606e-02 2.801120448179270973e-04 9.831932773109240686e-02 2.801120448179270973e-04 6.190476190476188606e-02 3.081232492997198341e-03 3.081232492997198341e-03 2.801120448179270973e-04 2.801120448179270973e-04 2.801120448179270973e-04 2.801120448179270973e-04 3.081232492997198341e-03 2.801120448179270973e-04 1.347338935574229346e-01 1.291316526610643833e-01 5.070028011204480434e-02 2.801120448179270973e-04 2.801120448179270973e-04 8.151260504201678081e-02
1.428571428571429221e-03 3.000000000000001277e-02 4.428571428571430324e-02 1.428571428571429221e-03 1.428571428571429221e-03 1.428571428571429221e-03 1.428571428571429221e-03 1.428571428571429221e-03 1.428571428571429221e-03 1.428571428571429221e-03 2.014285714285715123e-01 1.428571428571429221e-03 1.428571428571429221e-03 1.428571428571429221e-03 4.428571428571430324e-02 1.300000000000000600e-01 1.571428571428572230e-02 1.428571428571429221e-03 1.428571428571429221e-03 5.857142857142858677e-02 5.857142857142858677e-02 3.300000000000001266e-01 1.428571428571429221e-03 1.428571428571429221e-03 1.428571428571429221e-03 1.428571428571429221e-03 1.428571428571429221e-03 5.857142857142858677e-02 1.428571428571429221e-03 1.428571428571429221e-03
1.253132832080200486e-04 5.275689223057643262e-02 1.354636591478696472e-01 1.253132832080200486e-04 2.017543859649122834e-02 1.253132832080200486e-04 1.253132832080200486e-04 1.253132832080200486e-04 1.140350877192982185e-02 3.884711779448620991e-03 5.776942355889723435e-02 7.644110275689221419e-03 1.253132832080200486e-04 1.179197994987468412e-01 1.253132832080200486e-04 1.253132832080200486e-04 1.253132832080200486e-04 1.253132832080200486e-04 1.378446115288220562e-03 5.776942355889723435e-02 2.631578947368420993e-03 1.253132832080200486e-04 1.253132832080200486e-04 1.516290726817042314e-02 1.378446115288220562e-03 2.895989974937343003e-01 1.253132832080200486e-04 1.378446115288220562e-03 1.253132832080200486e-04 2.219298245614034770e-01
1.764705882352940805e-02 3.003095975232197498e-02 5.583075335397315320e-02 1.031991744066047308e-04 1.280701754385964453e-01 1.031991744066047308e-04 1.031991744066047308e-04 4.138286893704849756e-02 1.031991744066047308e-04 2.921568627450980005e-01 9.401444788441690181e-02 1.031991744066047308e-04 4.231166150670793297e-03 1.031991744066047308e-04 2.177502579979359934e-02 1.661506707946336023e-02 1.031991744066047308e-04 1.031991744066047308e-04 3.415892672858616280e-02 1.031991744066047308e-04 1.031991744066047308e-04 7.327141382868935029e-03 1.352941176470587870e-01 1.031991744066047308e-04 3.415892672858616280e-02 4.231166150670793297e-03 1.031991744066047308e-04 6.408668730650153578e-02 1.764705882352940805e-02 1.031991744066047308e-04
9.030837004405283322e-03 1.563876651982378310e-02 7.290748898678411916e-02 2.202643171806166955e-04 2.202643171806166955e-04 2.202643171806166955e-04 6.629955947136562111e-02 2.224669603524228462e-02 2.202643171806166955e-04 2.202643171806166955e-04 2.202643171806166955e-04 4.625550660792950713e-03 2.202643171806166955e-04 1.059471365638766233e-01 2.160792951541849471e-01 2.202643171806166955e-04 2.202643171806166955e-04 2.202643171806166955e-04 5.748898678414095936e-02 1.698237885462554608e-01 2.422907488986783542e-03 5.088105726872245438e-02 1.235682819383259606e-01 2.202643171806166955e-04 2.202643171806166955e-04 7.951541850220263108e-02 2.202643171806166955e-04 2.202643171806166955e-04 2.202643171806166955e-04 2.202643171806166955e-04
4.455645161290321815e-02 4.397177419354837413e-01 1.131048387096773994e-01 2.016129032258064243e-04 2.016129032258064243e-04 2.036290322580644463e-02 2.016129032258064243e-04 2.016129032258064243e-04 2.016129032258064243e-04 2.016129032258064243e-04 2.016129032258064243e-04 2.016129032258064243e-04 2.016129032258064243e-04 2.016129032258064243e-04 2.016129032258064243e-04 2.016129032258064243e-04 2.016129032258064243e-04 1.431451612903225472e-02 4.233870967741935019e-03 2.016129032258064243e-04 2.641129032258063974e-02 1.633064516129031918e-02 8.487903225806449348e-02 2.016129032258064243e-04 2.016129032258064243e-04 1.171370967741935248e-01 1.110887096774193367e-01 2.217741935483870559e-03 2.217741935483870559e-03 2.016129032258064243e-04
4.897314375987360871e-03 2.150078988941547808e-01 5.703001579778830404e-02 3.175355450236966304e-02 8.056872037914690129e-03 1.753554502369667964e-02 1.579778830963664954e-04 1.739336492890994901e-01 1.579778830963664954e-04 4.913112164296997569e-02 1.737756714060031396e-03 1.579778830963664954e-04 1.279620853080568402e-02 4.897314375987360871e-03 1.911532385466034253e-02 3.317535545023696242e-03 1.579778830963664954e-04 5.071090047393364553e-02 1.579778830963664954e-04 1.579778830963664954e-04 1.579778830963664954e-04 1.579778830963664954e-04 1.691943127962085014e-01 1.579778830963664954e-04 1.737756714060031396e-03 1.579778830963664954e-04 3.175355450236966304e-02 1.579778830963664954e-04 1.186413902053712194e-01 2.701421800947867088e-02
4.347826086956522659e-03 8.300395256916996700e-03 8.339920948616602603e-02 3.952569169960474800e-04 5.177865612648221982e-02 1.189723320158102976e-01 3.952569169960474800e-04 3.952569169960474800e-04 3.952569169960474800e-04 3.952569169960474800e-04 3.952569169960474800e-04 3.952569169960474800e-04 3.952569169960474800e-04 3.952569169960474800e-04 3.952569169960474800e-04 4.347826086956522659e-03 3.952569169960474800e-04 3.952569169960474800e-04 3.952569169960474800e-04 3.952569169960474800e-04 3.952569169960474800e-04 4.347826086956522659e-03 7.944664031620554678e-02 3.952569169960474800e-04 3.952569169960474800e-04 2.015810276679842056e-02 3.952569169960474800e-04 4.782608695652174058e-02 4.865612648221344094e-01 8.339920948616602603e-02
1.349809885931558574e-02 1.712927756653991884e-01 4.581749049429657134e-02 2.091254752851710950e-03 1.901140684410645998e-04 1.730038022813687806e-02 1.901140684410645998e-04 1.901140684410645998e-04 1.901140684410645998e-04 1.901140684410645998e-04 1.901140684410645998e-04 1.901140684410645998e-04 1.901140684410645998e-04 1.370722433460075662e-01 1.901140684410645998e-04 1.901140684410645998e-04 1.901140684410645998e-04 1.901140684410645998e-04 1.901140684410645998e-04 5.152091254752851068e-02 1.901140684410645998e-04 1.901140684410645998e-04 1.522813688212927286e-01 7.053231939163497055e-02 1.901140684410645998e-04 2.644486692015208251e-01 7.053231939163497055e-02 1.901140684410645998e-04 1.901140684410645998e-04 1.901140684410645998e-04
4.545454545454547077e-04 3.095454545454546236e-01 5.000000000000001839e-03 3.640909090909091317e-01 4.545454545454547077e-04 6.409090909090910115e-02 5.000000000000001839e-03 4.545454545454547077e-04 4.545454545454547077e-04 4.545454545454547077e-04 4.545454545454547077e-04 4.545454545454547077e-04 4.545454545454547077e-04 4.545454545454547077e-04 4.545454545454547077e-04 4.545454545454547077e-04 4.545454545454547077e-04 9.545454545454547940e-03 4.545454545454547077e-04 4.545454545454547077e-04 4.545454545454547077e-04 4.545454545454547077e-04 1.550000000000000544e-01 4.545454545454547077e-04 5.500000000000001416e-02 4.545454545454547077e-04 1.409090909090909491e-02 5.000000000000001839e-03 4.545454545454547077e-04 5.000000000000001839e-03
2.508896797153024188e-02 2.421708185053380313e-01 2.403914590747330271e-01 1.779359430604982061e-04 1.957295373665480023e-03 1.816725978647686368e-01 1.779359430604982061e-04 1.779359430604982061e-04 1.779359430604982061e-04 1.779359430604982061e-04 1.779359430604982061e-04 1.016014234875444594e-01 1.779359430604982061e-04 1.779359430604982061e-04 1.779359430604982061e-04 5.516014234875444254e-03 1.779359430604982061e-04 3.220640569395017555e-02 1.779359430604982061e-04 1.779359430604982061e-04 1.779359430604982061e-04 1.779359430604982061e-04 9.626334519572951609e-02 6.957295373665479954e-02 1.779359430604982061e-04 1.779359430604982061e-04 1.779359430604982061e-04 1.779359430604982061e-04 1.779359430604982061e-04 1.779359430604982061e-04
5.198019801980198300e-03 3.737623762376237474e-02 8.193069306930693407e-02 1.262376237623762283e-02 2.475247524752475278e-04 8.935643564356436641e-02 2.475247524752475278e-04 2.475247524752475278e-04 1.339108910891089188e-01 3.737623762376237474e-02 1.014851485148514712e-02 2.475247524752475278e-04 2.722772277227723022e-03 2.475247524752475278e-04 2.475247524752475278e-04 2.499999999999999792e-02 2.475247524752475278e-04 2.475247524752475278e-04 2.475247524752475278e-04 2.722772277227723022e-03 2.475247524752475278e-04 2.475247524752475278e-04 5.470297029702970992e-02 2.475247524752475278e-04 2.475247524752475278e-04 2.475247524752475278e-04 1.014851485148514712e-02 2.475247524752475278e-04 4.928217821782178154e-01 2.475247524752475278e-04
3.412969283276449462e-04 3.412969283276449462e-04 1.266211604095562604e-01 3.412969283276449462e-04 3.412969283276449462e-04 2.392491467576790820e-01 7.167235494880543761e-03 3.412969283276449462e-04 3.754266211604094516e-03 3.754266211604094516e-03 3.412969283276449462e-04 2.051194539249145965e-01 3.412969283276449462e-04 3.447098976109213425e-02 3.412969283276449462e-04 1.232081911262798146e-01 3.412969283276449462e-04 1.058020477815699301e-02 3.412969283276449462e-04 3.412969283276449462e-04 3.412969283276449462e-04 3.754266211604094516e-03 3.788395904436858697e-02 3.412969283276449462e-04 1.778156996587030025e-01 1.740614334470988803e-02 3.412969283276449462e-04 3.412969283276449462e-04 3.412969283276449462e-04 3.754266211604094516e-03
1.245330012453299789e-04 1.570361145703610961e-01 6.239103362391031776e-02 4.347447073474469681e-01 2.615193026151929612e-03 1.245330012453299789e-04 1.245330012453299789e-04 6.351183063511828437e-03 1.245330012453299789e-04 1.245330012453299789e-04 1.245330012453299789e-04 1.245330012453299789e-04 1.245330012453299789e-04 1.245330012453299789e-04 1.245330012453299789e-04 1.369863013698629931e-03 1.245330012453299789e-04 1.245330012453299789e-04 1.245330012453299789e-04 1.755915317559152491e-02 1.245330012453299789e-04 1.245330012453299789e-04 1.707347447073473967e-01 1.245330012453299789e-04 2.004981320049812818e-02 2.615193026151929612e-03 5.616438356164382001e-02 1.369863013698629931e-03 1.133250311332502716e-02 5.367372353673722368e-02
1.273885350318470946e-04 1.542675159235668281e-01 4.089171974522291808e-02 1.273885350318470946e-04 1.273885350318470946e-04 3.961783439490444703e-02 1.273885350318470946e-04 1.273885350318470946e-04 1.273885350318470946e-04 1.273885350318470946e-04 1.273885350318470946e-04 2.305732484076432678e-02 1.273885350318470946e-04 4.726114649681527335e-02 1.273885350318470946e-04 1.273885350318470946e-04 1.273885350318470946e-04 1.273885350318470946e-04 1.273885350318470946e-04 1.273885350318470946e-04 6.127388535031845496e-02 1.273885350318470946e-04 3.834394904458597597e-02 4.396178343949043721e-01 9.044585987261143448e-03 9.439490445859868850e-02 1.273885350318470946e-04 3.197452229299362070e-02 1.796178343949043910e-02 1.273885350318470946e-04
3.401360544217686840e-04 3.401360544217686840e-04 7.517006802721087899e-02 3.741496598639455252e-03 2.414965986394557174e-02 3.741496598639455252e-03 3.401360544217686840e-04 7.142857142857141767e-03 3.401360544217686840e-04 3.401360544217686840e-04 3.741496598639455252e-03 3.401360544217686840e-04 3.401360544217686840e-04 3.435374149659863041e-02 3.401360544217686840e-04 3.401360544217686840e-04 3.401360544217686840e-04 3.401360544217686840e-04 3.401360544217686840e-04 3.401360544217686840e-04 3.401360544217686840e-04 5.853741496598637850e-01 4.455782312925168909e-02 3.401360544217686840e-04 7.142857142857141767e-03 3.401360544217686840e-04 3.401360544217686840e-04 1.976190476190475831e-01 3.401360544217686840e-04 7.142857142857141767e-03
4.435975609756097338e-02 2.486280487804877481e-01 1.524390243902438752e-04 1.524390243902438752e-04 1.234756097560975319e-02 5.045731707317072795e-02 1.524390243902438752e-04 1.524390243902438752e-04 1.676829268292682681e-03 1.524390243902438752e-04 1.524390243902438752e-04 1.524390243902438752e-04 1.524390243902438752e-04 2.759146341463414309e-02 1.524390243902438752e-04 1.082317073170731454e-02 1.524390243902438752e-04 1.524390243902438752e-04 1.676829268292682681e-03 1.524390243902438752e-04 2.454268292682926580e-02 1.676829268292682681e-03 2.149390243902438505e-02 5.503048780487804215e-02 5.198170731707316139e-02 1.724085365853658125e-01 1.830792682926828951e-01 1.524390243902438752e-04 1.524390243902438752e-04 9.009146341463412921e-02
2.898550724637680544e-04 6.086956521739128601e-03 2.898550724637680544e-04 6.086956521739128601e-03 2.898550724637680544e-04 1.423188405797101153e-01 2.927536231884056775e-02 2.898550724637680544e-04 2.898550724637680544e-04 2.898550724637680544e-04 3.188405797101448273e-03 2.898550724637680544e-04 2.898550724637680544e-04 2.898550724637680544e-04 2.898550724637680544e-04 2.898550724637680544e-04 2.898550724637680544e-04 2.057971014492752937e-02 2.898550724637680544e-04 2.898550724637680544e-04 7.565217391304346339e-02 2.898550724637680544e-04 7.855072463768113245e-02 4.901449275362317337e-01 6.115942028985505569e-02 6.985507246376809753e-02 3.188405797101448273e-03 2.898550724637680544e-04 2.898550724637680544e-04 8.985507246376808060e-03
1.030343007915567044e-01 1.451187335092348233e-03 1.439313984168865135e-01 1.319261213720316576e-04 4.089709762532980734e-03 1.624010554089709568e-01 1.319261213720316576e-04 1.319261213720316576e-04 1.319261213720316576e-04 1.319261213720316576e-04 6.728232189973613019e-03 3.893139841688654235e-01 1.319261213720316576e-04 1.319261213720316576e-04 1.992084432717677878e-02 1.319261213720316576e-04 1.319261213720316576e-04 1.319261213720316576e-04 1.319261213720316576e-04 1.319261213720316576e-04 1.319261213720316576e-04 1.319261213720316576e-04 3.707124010554089383e-02 2.770448548812664592e-03 4.762532981530342296e-02 7.401055408970975968e-02 1.319261213720316576e-04 1.319261213720316576e-04 4.089709762532980734e-03 1.451187335092348233e-03
2.217294900221728946e-04 2.217294900221728946e-04 4.456762749445675187e-02 1.332594235033259245e-01 1.130820399113081735e-02 1.796008869179600495e-02 2.217294900221728946e-04 6.873614190687360112e-03 1.130820399113081735e-02 2.217294900221728946e-04 2.217294900221728946e-04 2.217294900221728946e-04 2.439024390243902003e-03 3.727272727272726294e-01 2.439024390243902003e-03 2.439024390243902003e-03 4.656319290465630624e-03 2.019955654101995013e-01 2.217294900221728946e-04 2.217294900221728946e-04 2.217294900221728946e-04 1.352549889135254597e-02 4.900221729490020911e-02 4.656319290465630624e-03 1.130820399113081735e-02 3.348115299334810530e-02 5.343680709534367329e-02 2.217294900221728946e-04 2.017738359201773357e-02 2.217294900221728946e-04
3.154574132492112709e-04 3.154574132492112709e-04 3.154574132492112709e-04 3.154574132492112709e-04 3.154574132492112709e-04 3.154574132492112709e-04 3.154574132492112709e-04 1.608832807570977075e-02 3.154574132492112709e-04 3.154574132492112709e-04 3.154574132492112709e-04 1.801261829652996138e-01 1.293375394321765945e-02 3.154574132492112709e-04 1.170347003154573740e-01 3.154574132492112709e-04 3.154574132492112709e-04 3.154574132492112709e-04 3.154574132492112709e-04 5.394321766561512715e-02 3.470031545741323817e-03 6.624605678233435983e-03 1.517350157728706017e-01 1.293375394321765945e-02 1.643533123028390608e-01 1.075709779179810366e-01 1.454258675078863861e-01 3.154574132492112709e-04 3.154574132492112709e-04 2.239747634069399682e-02
6.896551724137931589e-04 6.896551724137931589e-04 1.041379310344827530e-01 6.896551724137931589e-04 6.896551724137931589e-04 7.586206896551725073e-03 7.586206896551725073e-03 2.420689655172413857e-01 6.896551724137931589e-04 6.896551724137931589e-04 7.586206896551725073e-03 6.896551724137931589e-04 6.896551724137931589e-04 6.896551724137931589e-04 6.896551724137931589e-04 7.586206896551725073e-03 6.896551724137931589e-04 4.206896551724137456e-02 7.586206896551725073e-03 6.896551724137931589e-04 6.896551724137931589e-04 3.731034482758620596e-01 9.034482758620689113e-02 6.896551724137931589e-04 8.344827586206896020e-02 7.586206896551725073e-03 6.896551724137931589e-04 6.896551724137931589e-04 6.896551724137931589e-04 7.586206896551725073e-03
3.049450549450549025e-02 4.178571428571427604e-01 2.747252747252746708e-04 2.747252747252746708e-04 2.747252747252746708e-04 2.747252747252746708e-04 2.747252747252746708e-04 2.747252747252746708e-04 2.747252747252746708e-04 2.225274725274725002e-02 2.747252747252746708e-04 2.747252747252746708e-04 2.747252747252746708e-04 2.774725274725274235e-02 2.747252747252746708e-04 2.747252747252746708e-04 2.747252747252746708e-04 2.747252747252746708e-04 2.747252747252746708e-04 5.769230769230768684e-03 8.516483516483515717e-03 2.747252747252746708e-04 1.293956043956043800e-01 2.747252747252746708e-04 2.747252747252746708e-04 1.788461538461537936e-01 1.706043956043955812e-01 2.747252747252746708e-04 2.747252747252746708e-04 3.021978021978021650e-03
