6.602316602316603278e-02 3.861003861003860986e-04 3.861003861003860986e-04 1.583011583011582901e-02 4.285714285714285754e-02 3.861003861003860986e-04 3.861003861003860986e-04 3.861003861003860986e-04 3.861003861003860986e-04 1.393822393822393979e-01 9.305019305019306131e-02 3.861003861003860986e-04 3.861003861003860986e-04 1.196911196911196879e-02 4.135135135135135087e-01 3.127413127413126992e-02 3.861003861003860986e-04 3.861003861003860986e-04 5.444015444015443822e-02 3.861003861003860986e-04 3.861003861003860986e-04 3.861003861003860986e-04 3.861003861003860986e-04 3.861003861003860986e-04 3.861003861003860986e-04 3.127413127413126992e-02 4.671814671814671777e-02 2.741312741312741316e-02 3.861003861003860986e-04 1.969111969111968924e-02
1.131386861313868168e-02 1.390510948905109012e-01 3.649635036496349052e-04 3.649635036496349052e-04 4.014598540145983795e-03 1.861313868613137870e-02 1.496350364963502932e-02 4.014598540145983795e-03 3.649635036496349052e-04 1.682481751824816962e-01 6.605839416058391367e-02 3.649635036496349052e-04 3.649635036496349052e-04 3.649635036496349052e-04 3.649635036496349052e-04 3.649635036496349052e-04 3.649635036496349052e-04 3.649635036496349052e-04 3.649635036496349052e-04 1.131386861313868168e-02 5.368613138686129105e-01 3.649635036496349052e-04 3.649635036496349052e-04 3.649635036496349052e-04 3.649635036496349052e-04 3.649635036496349052e-04 7.664233576642333172e-03 1.131386861313868168e-02 3.649635036496349052e-04 3.649635036496349052e-04
3.448275862068964168e-04 8.310344827586203797e-02 3.448275862068964168e-04 3.448275862068964168e-04 3.448275862068964168e-04 3.482758620689653528e-02 3.793103448275860802e-03 3.137931034482756981e-02 3.448275862068964168e-04 3.448275862068964168e-04 3.448275862068964168e-04 3.448275862068964168e-04 3.448275862068964168e-04 3.448275862068964168e-04 3.448275862068964168e-04 3.448275862068964168e-04 3.793103448275860802e-03 1.313793103448275268e-01 1.413793103448275114e-02 4.862068965517239022e-02 1.003448275862068584e-01 3.448275862068964168e-04 4.934482758620687415e-01 3.448275862068964168e-04 3.448275862068964168e-04 3.448275862068964168e-04 3.137931034482756981e-02 1.758620689655171487e-02 3.448275862068964168e-04 3.448275862068964168e-04
3.076923076923075945e-04 9.876923076923073419e-02 3.076923076923075945e-04 3.076923076923075945e-04 3.076923076923075945e-04 5.849230769230766569e-01 1.876923076923076028e-02 3.076923076923075945e-04 3.076923076923075945e-04 3.076923076923075945e-04 3.076923076923075945e-04 7.415384615384612577e-02 3.076923076923075945e-04 3.076923076923075945e-04 3.076923076923075945e-04 3.076923076923075945e-04 3.076923076923075945e-04 3.076923076923075945e-04 1.261538461538460991e-02 3.076923076923075945e-04 3.076923076923075945e-04 3.076923076923075945e-04 3.384615384615383919e-03 3.076923076923075945e-04 3.723076923076922007e-02 3.076923076923075945e-04 5.569230769230767986e-02 3.076923076923075945e-04 3.076923076923075945e-04 1.079999999999999710e-01
7.575757575757577919e-04 8.409090909090910504e-02 7.575757575757577919e-04 7.575757575757577919e-04 7.575757575757577919e-04 1.068181818181818399e-01 7.575757575757577919e-04 8.409090909090910504e-02 7.575757575757577919e-04 5.378787878787879423e-02 7.575757575757577919e-04 7.575757575757577919e-04 7.575757575757577919e-04 7.575757575757577919e-04 7.575757575757577919e-04 7.575757575757577919e-04 7.575757575757577919e-04 2.431818181818182489e-01 3.106060606060606633e-02 8.333333333333334952e-03 2.659090909090909838e-01 7.575757575757577919e-04 7.575757575757577919e-04 7.575757575757577919e-04 7.575757575757577919e-04 3.106060606060606633e-02 3.863636363636364229e-02 3.863636363636364229e-02 7.575757575757577919e-04 7.575757575757577919e-04
3.484320557491288653e-04 5.857142857142856318e-01 3.484320557491288653e-04 3.484320557491288653e-04 3.484320557491288653e-04 3.484320557491288653e-04 3.484320557491288653e-04 3.484320557491288653e-04 3.484320557491288653e-04 9.790940766550521035e-02 3.832752613240417681e-03 3.484320557491288653e-04 3.484320557491288653e-04 3.484320557491288653e-04 3.484320557491288653e-04 3.484320557491288653e-04 3.484320557491288653e-04 3.484320557491288653e-04 3.484320557491288653e-04 3.484320557491288653e-04 1.118466898954703637e-01 1.777003484320557186e-02 3.484320557491288653e-04 3.484320557491288653e-04 3.170731707317072517e-02 3.484320557491288653e-04 1.362369337979093820e-01 3.484320557491288653e-04 3.484320557491288653e-04 7.317073170731706010e-03
3.831417624521072382e-04 2.685823754789271045e-01 3.831417624521072382e-04 3.831417624521072382e-04 3.831417624521072382e-04 3.831417624521072382e-04 3.831417624521072382e-04 9.233716475095783693e-02 3.831417624521072382e-04 3.831417624521072382e-04 3.831417624521072382e-04 1.187739463601532319e-02 3.831417624521072382e-04 3.831417624521072382e-04 3.831417624521072382e-04 3.831417624521072382e-04 3.831417624521072382e-04 1.954022988505746405e-02 1.187739463601532319e-02 5.019157088122604138e-02 6.168582375478926655e-02 9.616858237547891430e-02 2.494252873563217732e-01 3.831417624521072382e-04 3.831417624521072382e-04 3.831417624521072382e-04 1.229885057471264143e-01 3.831417624521072382e-04 3.831417624521072382e-04 8.045977011494251027e-03
6.043956043956045902e-03 7.747252747252748872e-02 5.494505494505496669e-04 5.494505494505496669e-04 5.494505494505496669e-04 5.494505494505496669e-04 5.494505494505496669e-04 5.494505494505496669e-04 5.494505494505496669e-04 5.494505494505496669e-04 5.494505494505496669e-04 5.494505494505496669e-04 5.494505494505496669e-04 5.494505494505496669e-04 5.494505494505496669e-04 5.494505494505496669e-04 5.494505494505496669e-04 3.741758241758242343e-01 5.494505494505496669e-04 7.197802197802199986e-02 2.532967032967033960e-01 5.494505494505496669e-04 5.494505494505496669e-04 8.846153846153849420e-02 5.494505494505496669e-04 5.494505494505496669e-04 1.159340659340659802e-01 5.494505494505496669e-04 5.494505494505496669e-04 5.494505494505496669e-04
1.136363636363636227e-04 1.136363636363636227e-04 6.829545454545453420e-02 1.136363636363636227e-04 1.228409090909090701e-01 8.068181818181816359e-03 1.261363636363636159e-02 1.374999999999999833e-02 1.136363636363636227e-04 2.603409090909090673e-01 1.136363636363636227e-04 9.204545454545453101e-03 9.784090909090907562e-02 2.624999999999999903e-02 3.874999999999999972e-02 1.147727272727272485e-02 1.136363636363636227e-04 1.136363636363636227e-04 3.534090909090908950e-02 2.170454545454545206e-02 2.738636363636363577e-02 1.136363636363636227e-04 1.136363636363636227e-04 9.204545454545453101e-03 1.136363636363636227e-04 6.931818181818180484e-03 2.285227272727272385e-01 1.136363636363636227e-04 1.136363636363636227e-04 1.136363636363636227e-04
4.453124999999998751e-02 3.283854166666665408e-01 5.468749999999998786e-03 2.604166666666666088e-04 2.604166666666666088e-04 7.057291666666665186e-02 2.864583333333332697e-03 2.604166666666666088e-04 2.604166666666666088e-04 2.604166666666666088e-04 2.604166666666666088e-04 2.604166666666666088e-04 8.072916666666664007e-03 2.604166666666666088e-04 2.604166666666666088e-04 2.604166666666666088e-04 2.604166666666666088e-04 1.200520833333332954e-01 2.604166666666666088e-04 2.604166666666666088e-04 3.205729166666665408e-01 2.604166666666666088e-04 2.604166666666666088e-04 2.604166666666666088e-04 2.604166666666666088e-04 2.604166666666666088e-04 6.796874999999998057e-02 2.604166666666666088e-04 2.604166666666666088e-04 2.630208333333332316e-02
1.265306122448979845e-02 4.081632653061225183e-04 4.081632653061225183e-04 4.081632653061225183e-04 8.204081632653062450e-02 4.081632653061225183e-04 4.081632653061225183e-04 6.571428571428572507e-02 8.571428571428573590e-03 5.755102040816326842e-02 1.673469387755101984e-02 4.081632653061225183e-04 2.897959183673469441e-02 1.265306122448979845e-02 1.106122448979592054e-01 1.265306122448979845e-02 1.265306122448979845e-02 8.612244897959185630e-02 4.081632653061225183e-04 5.755102040816326842e-02 2.208163265306122836e-01 4.081632653061225183e-04 4.489795918367347864e-03 4.081632653061225183e-04 4.081632653061225183e-04 4.081632653061225183e-04 2.044897959183673841e-01 4.081632653061225183e-04 4.081632653061225183e-04 4.081632653061225183e-04
3.521126760563378843e-04 1.095070422535210919e-01 3.521126760563378843e-04 3.521126760563378843e-04 3.521126760563378843e-04 2.890845070422533580e-01 3.521126760563378843e-04 1.443661971830985206e-02 3.521126760563378843e-04 1.764084507042252836e-01 3.873239436619717053e-03 3.521126760563378843e-04 3.521126760563378843e-04 3.521126760563378843e-04 1.795774647887322939e-02 2.852112676056336657e-02 3.873239436619717053e-03 1.447183098591548756e-01 3.521126760563378843e-04 3.521126760563378843e-04 1.728873239436619080e-01 3.521126760563378843e-04 2.852112676056336657e-02 3.521126760563378843e-04 3.521126760563378843e-04 3.521126760563378843e-04 3.873239436619717053e-03 3.521126760563378843e-04 3.521126760563378843e-04 3.521126760563378843e-04
5.154639175257732077e-04 3.659793814432989179e-02 5.154639175257732077e-04 5.670103092783505827e-03 6.752577319587628468e-02 7.783505154639175361e-02 5.154639175257732077e-04 1.082474226804123682e-02 5.154639175257732077e-04 5.670103092783505827e-03 5.670103092783505827e-03 1.082474226804123682e-02 1.087628865979381465e-01 5.670103092783505827e-03 8.298969072164949501e-02 5.154639175257732077e-04 5.154639175257732077e-04 1.139175257731958879e-01 5.206185567010308823e-02 2.685567010309278246e-01 5.154639175257732077e-04 1.345360824742267980e-01 5.154639175257732077e-04 5.154639175257732077e-04 5.154639175257732077e-04 5.154639175257732077e-04 5.154639175257732077e-04 5.154639175257732077e-04 5.154639175257732077e-04 5.670103092783505827e-03
5.722070844686647124e-03 2.724795640326975053e-04 3.569482288828336458e-02 1.065395095367847184e-01 2.479564032697546827e-02 6.294277929155311924e-02 2.724795640326975053e-04 5.722070844686647124e-03 2.264305177111715639e-01 2.724795640326975053e-04 2.724795640326975053e-04 2.997275204359672179e-03 2.724795640326975053e-04 2.724795640326975053e-04 5.722070844686647124e-03 2.724795640326975053e-04 1.934604904632152012e-02 1.910081743869209148e-01 4.386920980926429375e-02 2.724795640326975053e-04 2.724795640326975053e-04 9.564032697547680817e-02 2.724795640326975053e-04 3.024523160762941643e-02 1.389645776566757022e-02 2.724795640326975053e-04 9.836512261580378225e-02 2.724795640326975053e-04 1.934604904632152012e-02 8.446866485013622070e-03
3.846153846153845608e-04 2.273076923076922662e-01 3.846153846153845608e-04 3.846153846153845608e-04 1.576923076923076456e-02 3.846153846153845608e-04 3.846153846153845608e-04 3.115384615384614655e-02 3.846153846153845608e-04 8.115384615384614586e-02 2.346153846153845382e-02 3.846153846153845608e-04 4.230769230769229790e-03 3.846153846153845608e-04 3.846153846153845608e-04 3.846153846153845608e-04 3.846153846153845608e-04 1.192307692307692166e-02 3.846153846153845608e-04 8.076923076923075290e-03 4.465384615384614397e-01 3.846153846153845608e-04 3.846153846153845608e-04 3.846153846153845608e-04 1.080769230769230566e-01 3.846153846153845608e-04 3.499999999999998945e-02 3.846153846153845608e-04 3.846153846153845608e-04 3.846153846153845608e-04
2.163120567375885483e-02 3.546099290780140457e-04 3.546099290780140457e-04 3.546099290780140457e-04 3.546099290780140457e-04 4.999999999999998196e-02 3.226950354609927490e-02 7.446808510638295610e-03 3.546099290780140457e-04 1.918439716312055898e-01 3.546099290780140457e-04 3.546099290780140457e-04 3.546099290780140457e-04 3.546099290780140457e-04 3.900709219858154719e-03 1.453900709219857479e-02 1.453900709219857479e-02 9.964539007092194922e-02 7.446808510638295610e-03 3.546099290780140457e-04 2.982269503546097766e-01 3.546099290780140457e-04 1.453900709219857479e-02 3.546099290780140457e-04 1.882978723404254706e-01 3.546099290780140457e-04 2.163120567375885483e-02 3.546099290780140457e-04 2.872340425531913488e-02 3.546099290780140457e-04
3.058103975535167462e-04 1.929663608562690591e-01 3.058103975535167462e-04 3.058103975535167462e-04 3.058103975535167462e-04 3.489296636085625347e-01 6.422018348623850965e-03 6.758409785932720237e-02 3.058103975535167462e-04 1.287461773700305512e-01 3.058103975535167462e-04 1.865443425076451778e-02 3.058103975535167462e-04 3.058103975535167462e-04 3.363914373088684046e-03 3.058103975535167462e-04 3.058103975535167462e-04 3.700305810397552103e-02 3.058103975535167462e-04 3.058103975535167462e-04 1.623853211009173847e-01 3.058103975535167462e-04 3.058103975535167462e-04 3.058103975535167462e-04 3.058103975535167462e-04 3.058103975535167462e-04 3.363914373088684046e-03 6.422018348623850965e-03 6.422018348623850965e-03 1.253822629969418394e-02
4.310344827586207379e-04 3.922413793103447788e-02 3.491379310344827624e-02 4.310344827586207379e-04 4.310344827586207379e-04 1.728448275862068950e-01 9.051724137931035225e-03 4.784482758620689502e-02 4.310344827586207379e-04 2.245689655172413979e-01 2.629310344827585910e-02 4.310344827586207379e-04 3.060344827586206767e-02 4.310344827586207379e-04 4.310344827586207379e-04 6.508620689655172931e-02 4.310344827586207379e-04 2.245689655172413979e-01 4.310344827586207379e-04 1.336206896551724206e-02 4.310344827586207379e-04 4.310344827586207379e-04 2.629310344827585910e-02 4.310344827586207379e-04 4.310344827586207379e-04 4.310344827586207379e-04 4.784482758620689502e-02 4.310344827586207379e-04 4.310344827586207379e-04 3.060344827586206767e-02
4.830917874396136228e-04 1.405797101449275666e-01 4.830917874396136228e-04 4.830917874396136228e-04 4.830917874396136228e-04 2.227053140096618700e-01 2.946859903381642692e-02 2.855072463768116298e-01 4.830917874396136228e-04 1.599033816425121102e-01 5.314009661835750013e-03 2.463768115942029102e-02 4.830917874396136228e-04 4.830917874396136228e-04 4.830917874396136228e-04 4.830917874396136228e-04 4.830917874396136228e-04 1.014492753623188505e-02 4.830917874396136228e-04 4.830917874396136228e-04 5.314009661835750013e-03 5.314009661835750013e-03 4.830917874396136228e-04 4.830917874396136228e-04 8.260869565217393573e-02 4.830917874396136228e-04 4.830917874396136228e-04 4.830917874396136228e-04 4.830917874396136228e-04 1.980676328502415512e-02
2.762430939226518463e-04 3.038674033149170364e-03 2.762430939226518463e-04 2.762430939226518463e-04 5.801104972375689152e-03 2.762430939226518463e-04 2.762430939226518463e-04 2.820441988950275203e-01 5.801104972375689152e-03 2.762430939226518463e-04 1.052486187845303595e-01 2.762430939226518463e-04 2.599447513812153665e-01 2.762430939226518463e-04 2.762430939226518463e-04 2.762430939226518463e-04 2.762430939226518463e-04 2.762430939226518463e-04 4.171270718232043123e-02 2.762430939226518463e-04 2.762430939226518463e-04 2.762430939226518463e-04 2.762430939226518463e-04 1.685082872928176170e-02 2.762430939226518463e-04 2.762430939226518463e-04 2.737569060773479834e-01 2.762430939226518463e-04 2.762430939226518463e-04 2.762430939226518463e-04
4.587155963302753632e-04 6.926605504587157736e-02 4.587155963302753632e-04 4.587155963302753632e-04 4.587155963302753632e-04 3.903669724770643112e-01 4.587155963302753632e-04 1.013761467889908591e-01 4.587155963302753632e-04 1.885321100917431714e-01 4.587155963302753632e-04 4.587155963302753632e-04 9.633027522935782086e-03 4.587155963302753632e-04 1.197247706422018693e-01 3.256880733944955003e-02 4.587155963302753632e-04 4.587155963302753632e-04 4.587155963302753632e-04 4.587155963302753632e-04 5.045871559633029538e-03 4.587155963302753632e-04 4.587155963302753632e-04 5.091743119266056022e-02 4.587155963302753632e-04 4.587155963302753632e-04 4.587155963302753632e-04 2.339449541284404147e-02 4.587155963302753632e-04 4.587155963302753632e-04
1.131898971000935665e-02 9.354536950420956447e-05 7.118802619270346577e-02 7.577174929840974071e-03 1.318989710009354707e-02 9.354536950420956447e-05 9.354536950420956447e-05 9.354536950420956447e-05 9.354536950420956447e-05 9.354536950420956447e-05 6.062675397567821589e-01 9.354536950420956447e-05 2.254443405051450439e-02 2.254443405051450439e-02 1.028999064546305209e-03 1.786716557530402746e-02 9.354536950420956447e-05 1.225444340505145273e-02 1.225444340505145273e-02 9.354536950420956447e-05 9.354536950420956447e-05 5.341440598690366109e-02 9.354536950420956447e-05 9.354536950420956447e-05 1.964452759588401071e-03 8.512628624883070150e-03 1.263797942001871066e-01 1.038353601496726057e-02 9.354536950420956447e-05 9.354536950420956447e-05
2.411363636363635654e-01 8.204545454545453254e-02 2.272727272727272183e-04 4.568181818181817067e-02 2.272727272727272183e-04 2.272727272727272183e-04 2.272727272727272183e-04 4.772727272727271368e-03 2.272727272727272183e-04 2.272727272727272183e-04 2.272727272727272183e-04 2.272727272727272183e-04 2.272727272727272183e-04 2.272727272727272183e-04 2.272727272727272183e-04 5.477272727272726460e-02 2.272727272727272183e-04 2.272727272727272183e-04 2.272727272727272183e-04 2.068181818181817622e-02 2.272727272727272183e-04 2.272727272727272183e-04 3.115909090909089740e-01 2.272727272727272183e-04 7.045454545454543985e-03 2.272727272727272183e-04 7.522727272727271208e-02 1.252272727272726871e-01 2.272727272727272183e-04 2.749999999999999320e-02
6.675567423230977426e-05 3.404539385847797986e-03 1.475300400534045910e-02 6.675567423230977426e-05 4.612817089452604657e-02 6.675567423230977426e-05 6.675567423230977426e-05 2.736982643524700325e-03 1.475300400534045910e-02 7.349799732977305156e-02 6.035380507343126588e-01 8.744993324432579276e-03 6.675567423230977426e-05 6.675567423230977426e-05 1.742323097463285148e-02 6.081441922563419339e-02 6.675567423230977426e-05 2.009345794392524212e-02 2.476635514018692488e-02 6.675567423230977426e-05 6.675567423230977426e-05 6.074766355140188631e-03 6.675567423230977426e-05 7.343124165554074491e-04 6.675567423230977426e-05 6.675567423230977426e-05 6.615487316421897468e-02 1.275033377837116698e-02 6.675567423230977426e-05 2.276368491321763277e-02
3.636363636363636686e-04 3.636363636363636686e-04 3.636363636363636686e-04 3.636363636363636686e-04 3.636363636363636686e-04 3.636363636363636686e-04 1.490909090909090830e-02 3.636363636363636686e-04 7.636363636363636444e-03 1.712727272727272709e-01 7.672727272727272729e-02 7.636363636363636444e-03 1.127272727272727280e-02 4.000000000000000083e-03 9.127272727272728314e-02 2.912727272727272387e-01 2.945454545454545200e-02 3.636363636363636686e-04 3.636363636363636686e-04 3.636363636363636686e-04 4.000000000000000083e-03 3.636363636363636686e-04 3.636363636363636686e-04 4.000000000000000083e-03 3.636363636363636686e-04 3.636363636363636686e-04 3.636363636363636686e-04 1.749090909090909030e-01 4.000000000000000083e-03 1.021818181818181931e-01
5.076142131979696770e-04 5.076142131979696770e-04 5.583756345177667314e-03 5.583756345177667314e-03 5.076142131979696770e-04 5.076142131979696770e-04 5.076142131979696770e-04 5.076142131979696770e-04 5.076142131979696770e-04 2.644670050761422364e-01 1.065989847715736322e-02 5.076142131979696770e-04 5.076142131979696770e-04 5.076142131979696770e-04 1.065989847715736322e-02 4.573604060913706859e-01 5.076142131979696770e-04 5.076142131979696770e-04 5.583756345177667314e-03 2.588832487309645353e-02 9.187817258883251847e-02 5.583756345177667314e-03 5.076142131979696770e-04 5.583756345177667314e-03 5.076142131979696770e-04 5.076142131979696770e-04 5.634517766497463415e-02 4.619289340101524061e-02 5.076142131979696770e-04 5.076142131979696770e-04
5.097087378640776864e-03 2.427184466019417645e-04 2.427184466019417645e-04 2.427184466019417645e-04 2.427184466019417645e-04 2.427184466019417645e-04 2.427184466019417645e-04 2.694174757281553312e-02 2.427184466019417645e-04 3.449029126213591923e-01 5.121359223300971097e-02 2.427184466019417645e-04 5.121359223300971097e-02 2.427184466019417645e-04 3.907766990291262205e-02 2.427184466019417645e-04 7.524271844660194129e-03 2.427184466019417645e-04 4.393203883495146178e-02 2.427184466019417645e-04 1.237864077669902779e-02 2.427184466019417645e-04 1.723300970873786406e-02 2.427184466019417645e-04 2.427184466019417645e-04 2.427184466019417645e-04 3.716019417475728281e-01 2.208737864077669685e-02 2.427184466019417645e-04 2.669902912621359599e-03
3.571428571428570883e-04 3.571428571428570883e-04 3.571428571428570883e-04 3.571428571428570883e-04 3.571428571428570883e-04 3.571428571428570883e-04 2.178571428571427979e-02 3.571428571428570883e-04 3.571428571428570883e-04 1.574999999999999734e-01 1.682142857142856773e-01 3.928571428571427972e-03 1.182142857142856884e-01 3.571428571428570883e-04 1.360714285714285376e-01 5.749999999999999556e-02 3.571428571428570883e-04 3.571428571428570883e-04 3.571428571428570883e-04 3.928571428571427972e-03 3.571428571428570883e-04 7.178571428571427215e-02 7.499999999999998855e-03 3.571428571428570883e-04 3.571428571428570883e-04 5.392857142857141600e-02 2.535714285714285240e-02 9.678571428571426660e-02 2.535714285714285240e-02 4.678571428571427770e-02
3.759398496240601729e-04 6.052631578947369195e-02 3.759398496240601729e-04 4.135338345864662118e-03 3.759398496240601729e-04 3.759398496240601729e-04 6.804511278195489454e-02 7.556390977443609713e-02 3.759398496240601729e-04 3.462406015037594043e-01 1.131578947368421101e-01 3.759398496240601729e-04 3.759398496240601729e-04 3.759398496240601729e-04 3.759398496240601729e-04 2.293233082706766859e-02 3.759398496240601729e-04 3.759398496240601729e-04 3.759398496240601729e-04 4.135338345864662118e-03 3.759398496240601729e-04 3.759398496240601729e-04 3.759398496240601729e-04 3.759398496240601729e-04 3.759398496240601729e-04 3.759398496240601729e-04 2.146616541353383589e-01 3.759398496240601729e-04 3.759398496240601729e-04 8.308270676691729972e-02
3.174603174603174600e-04 3.174603174603174600e-04 9.841269841269841695e-03 9.873015873015873745e-02 1.301587301587301543e-02 3.174603174603174600e-04 3.174603174603174600e-04 3.174603174603174600e-04 3.174603174603174600e-04 6.666666666666667095e-03 3.174603174603174600e-04 3.174603174603174600e-04 3.174603174603174600e-04 3.174603174603174600e-04 3.174603174603174600e-04 3.174603174603174600e-04 3.174603174603174600e-04 4.793650793650793690e-02 1.273015873015873045e-01 3.174603174603174600e-04 1.936507936507936289e-02 3.174603174603174600e-04 1.209523809523809501e-01 3.174603174603174600e-04 3.174603174603174600e-04 3.174603174603174600e-04 3.174603174603174600e-04 6.063492063492063877e-02 3.174603174603174600e-04 4.892063492063492003e-01
3.012048192771083518e-04 2.231927710843372437e-01 6.325301204819275443e-03 3.012048192771083518e-04 3.012048192771083518e-04 3.012048192771083518e-04 3.012048192771083518e-04 6.957831325301203074e-02 6.325301204819275443e-03 3.012048192771083518e-04 3.012048192771083518e-04 3.012048192771083518e-04 3.012048192771083518e-04 1.536144578313252372e-02 3.012048192771083518e-04 3.012048192771083518e-04 3.012048192771083518e-04 3.012048192771083518e-04 3.012048192771083518e-04 2.439759036144577287e-02 3.012048192771083518e-04 3.012048192771083518e-04 3.012048192771083518e-04 3.012048192771083518e-04 5.334337349397588746e-01 3.012048192771083518e-04 6.957831325301203074e-02 4.548192771084335478e-02 3.012048192771083518e-04 3.012048192771083518e-04
4.065040650406505146e-04 4.800813008130082049e-01 1.260162601626016628e-02 4.065040650406505146e-04 4.065040650406505146e-04 4.065040650406505146e-04 4.065040650406505146e-04 4.065040650406505146e-04 4.065040650406505146e-04 5.731707317073171659e-02 4.065040650406505146e-04 4.065040650406505146e-04 4.065040650406505146e-04 2.073170731707317527e-02 4.065040650406505146e-04 1.260162601626016628e-02 4.065040650406505146e-04 2.073170731707317527e-02 4.065040650406505146e-04 4.065040650406505146e-04 6.951219512195123962e-02 3.292682926829269136e-02 4.065040650406505146e-04 4.471544715447155552e-03 1.101626016260162932e-01 4.065040650406505146e-04 4.918699186991870587e-02 4.065040650406505146e-04 4.065040650406505146e-04 1.223577235772358024e-01
1.834862385321100640e-04 1.834862385321100640e-04 1.834862385321100640e-04 1.834862385321100640e-04 1.834862385321100640e-04 1.834862385321100640e-04 1.834862385321100640e-04 3.688073394495412077e-02 1.834862385321100640e-04 1.671559633027522584e-01 4.972477064220182791e-02 1.834862385321100640e-04 3.321100917431192567e-02 1.834862385321100640e-04 1.834862385321100640e-04 1.414678899082568442e-01 1.834862385321100640e-04 1.377981651376146421e-01 1.834862385321100640e-04 2.403669724770641711e-02 1.834862385321100640e-04 1.302752293577981273e-02 2.018348623853210948e-03 9.357798165137612423e-03 5.706422018348623199e-02 1.834862385321100640e-04 2.111926605504586552e-01 3.871559633027522179e-02 2.036697247706421507e-02 5.522935779816513097e-02
2.967359050445103207e-04 2.967359050445103207e-04 2.967359050445103207e-04 2.967359050445103207e-04 2.967359050445103207e-04 2.967359050445103207e-04 2.403560830860533223e-02 5.074183976261126272e-02 2.967359050445103207e-04 1.753709198813055703e-01 9.821958456973291229e-02 2.967359050445103207e-04 2.967359050445103207e-04 4.183976261127594909e-02 2.436201780415429285e-01 1.575667655786349708e-01 2.967359050445103207e-04 4.183976261127594909e-02 6.261127596439167164e-02 2.967359050445103207e-04 2.967359050445103207e-04 2.967359050445103207e-04 2.967359050445103207e-04 2.967359050445103207e-04 6.231454005934716246e-03 3.887240356083084686e-02 5.370919881305636495e-02 2.967359050445103207e-04 2.967359050445103207e-04 2.967359050445103207e-04
1.050847457627118731e-02 3.389830508474576498e-04 2.406779661016949026e-02 3.389830508474576498e-04 3.389830508474576498e-04 1.325423728813559243e-01 1.728813559322033705e-02 3.389830508474576498e-04 3.389830508474576498e-04 6.813559322033899135e-02 3.389830508474576498e-04 3.389830508474576498e-04 7.118644067796610700e-03 3.389830508474576498e-04 3.389830508474576498e-04 3.423728813559322182e-02 3.728813559322034094e-03 8.169491525423729084e-02 1.050847457627118731e-02 3.389830508474576498e-04 1.732203389830508644e-01 3.389830508474576498e-04 3.389830508474576498e-04 9.864406779661016866e-02 1.728813559322033705e-02 3.389830508474576498e-04 2.067796610169491539e-02 1.728813559322033705e-02 1.698305084745762861e-01 1.088135593220339037e-01
2.610966057441252647e-04 2.639686684073105916e-01 2.610966057441252647e-04 2.610966057441252647e-04 2.610966057441252647e-04 2.610966057441252647e-04 2.610966057441252647e-04 2.610966057441252647e-04 2.898172323759790059e-02 3.942558746736291031e-02 2.610966057441252647e-04 2.610966057441252647e-04 2.610966057441252647e-04 5.483028720626630451e-03 2.610966057441252647e-04 1.070496083550913358e-02 2.610966057441252647e-04 1.308093994778067592e-01 2.610966057441252647e-04 2.610966057441252647e-04 6.814621409921668704e-02 2.610966057441252647e-04 1.569190600522192836e-01 2.610966057441252647e-04 2.637075718015664816e-02 2.872062663185378020e-03 1.830287206266317801e-01 2.610966057441252647e-04 2.610966057441252647e-04 7.859007832898169676e-02
7.407407407407408666e-05 2.237777777777778254e-01 7.481481481481482183e-03 7.407407407407408666e-05 7.407407407407408666e-05 6.822222222222222576e-02 7.407407407407408666e-05 2.296296296296296714e-03 1.711111111111111513e-02 6.970370370370371216e-02 7.407407407407408666e-05 7.407407407407408666e-05 8.148148148148149804e-04 7.407407407407408666e-05 7.407407407407408666e-05 7.407407407407408666e-05 7.407407407407408666e-05 2.585925925925926516e-01 7.407407407407408666e-05 1.555555555555555901e-03 7.407407407407408666e-05 7.407407407407408666e-05 7.407407407407408666e-05 7.407407407407408666e-05 2.748148148148148867e-02 7.407407407407408666e-05 2.015555555555555989e-01 7.407407407407408666e-05 1.637037037037037540e-02 1.037777777777777882e-01
2.324894514767933129e-01 4.219409282700423104e-04 6.371308016877638702e-02 4.219409282700423104e-04 4.261603375527427129e-02 1.308016877637131238e-02 4.219409282700423104e-04 4.219409282700423104e-04 4.641350210970465739e-03 3.839662447257384537e-02 4.219409282700423104e-04 4.641350210970465739e-03 4.219409282700423104e-04 4.219409282700423104e-04 4.219409282700423104e-04 4.641350210970465739e-03 4.219409282700423104e-04 1.734177215189873777e-01 4.219409282700423104e-04 1.308016877637131238e-02 3.337552742616034518e-01 4.219409282700423104e-04 4.219409282700423104e-04 4.219409282700423104e-04 4.219409282700423104e-04 4.219409282700423104e-04 6.793248945147681295e-02 4.219409282700423104e-04 4.219409282700423104e-04 4.219409282700423104e-04
2.666666666666666794e-04 2.959999999999999784e-02 2.666666666666666794e-04 2.666666666666666794e-04 2.666666666666666794e-04 2.666666666666666794e-04 2.666666666666666794e-04 2.666666666666666794e-04 2.666666666666666794e-04 2.882666666666666710e-01 2.959999999999999784e-02 2.666666666666666794e-04 2.666666666666666794e-04 2.666666666666666794e-04 2.666666666666666794e-04 1.975999999999999979e-01 2.666666666666666794e-04 2.666666666666666794e-04 2.666666666666666794e-04 2.666666666666666794e-04 2.933333333333333365e-03 2.666666666666666794e-04 2.666666666666666794e-04 2.666666666666666794e-04 2.666666666666666794e-04 2.666666666666666794e-04 1.709333333333333260e-01 1.416000000000000036e-01 2.666666666666666794e-04 1.335999999999999965e-01
1.050000000000000239e-02 5.000000000000001188e-04 5.000000000000001188e-04 5.000000000000001188e-04 5.000000000000001188e-04 5.000000000000001188e-04 5.000000000000001188e-04 5.000000000000001188e-04 5.000000000000001188e-04 2.605000000000000648e-01 5.000000000000001188e-04 5.000000000000001188e-04 5.000000000000001188e-04 5.000000000000001188e-04 5.500000000000001416e-03 3.055000000000000493e-01 5.000000000000001188e-04 5.000000000000001188e-04 5.000000000000001188e-04 5.500000000000001416e-03 5.000000000000001188e-04 5.000000000000001188e-04 5.000000000000001188e-04 5.000000000000001188e-04 5.000000000000001188e-04 1.050000000000000239e-02 8.550000000000002043e-02 5.000000000000001188e-04 1.050000000000000239e-02 2.955000000000000404e-01
4.065040650406505146e-04 4.065040650406505146e-04 4.512195121951220744e-02 4.065040650406505146e-04 4.065040650406505146e-04 4.065040650406505146e-04 4.065040650406505146e-04 4.471544715447155552e-03 3.699186991869919672e-02 3.256097560975610428e-01 3.292682926829269136e-02 4.065040650406505146e-04 4.065040650406505146e-04 4.065040650406505146e-04 6.544715447154474119e-02 1.995934959349593973e-01 4.065040650406505146e-04 4.065040650406505146e-04 4.065040650406505146e-04 4.065040650406505146e-04 4.065040650406505146e-04 4.065040650406505146e-04 4.065040650406505146e-04 4.065040650406505146e-04 4.065040650406505146e-04 1.260162601626016628e-02 8.170731707317076264e-02 1.792682926829268775e-01 4.065040650406505146e-04 8.536585365853660914e-03
7.635009310986962637e-03 4.487895716945995706e-02 1.862197392923649569e-04 1.862197392923649569e-04 3.910614525139664149e-03 6.908752327746739419e-02 1.862197392923649569e-04 1.862197392923649569e-04 1.862197392923649569e-04 2.851024208566107498e-01 1.862197392923649569e-04 1.862197392923649569e-04 9.497206703910611447e-03 1.862197392923649569e-04 1.862197392923649569e-04 2.013035381750465092e-01 1.862197392923649569e-04 1.862197392923649569e-04 1.862197392923649569e-04 1.862197392923649569e-04 2.048417132216014472e-03 1.862197392923649569e-04 2.048417132216014472e-03 1.862197392923649569e-04 1.862197392923649569e-04 1.862197392923649569e-04 1.862197392923649569e-04 1.268156424581005082e-01 1.862197392923649569e-04 2.441340782122904396e-01
3.246753246753246750e-04 3.246753246753246750e-04 3.246753246753246750e-04 3.246753246753246750e-04 3.246753246753246750e-04 3.246753246753246750e-04 3.246753246753246750e-04 3.246753246753246750e-04 2.629870129870129705e-02 2.925324675324675328e-01 3.279220779220778925e-02 3.246753246753246750e-04 3.246753246753246750e-04 3.571428571428571751e-03 3.246753246753246750e-04 2.405844155844155674e-01 3.246753246753246750e-04 3.246753246753246750e-04 3.571428571428571751e-03 3.246753246753246750e-04 3.571428571428571751e-03 6.818181818181818718e-03 1.331168831168831092e-02 3.246753246753246750e-04 2.954545454545454489e-02 3.246753246753246750e-04 1.237012987012987009e-01 6.850649350649351543e-02 3.246753246753246750e-04 1.496753246753246835e-01
3.355704697986577542e-04 1.244966442953020225e-01 3.355704697986577542e-04 3.355704697986577542e-04 3.355704697986577542e-04 3.355704697986577542e-04 3.355704697986577542e-04 3.355704697986577542e-04 3.355704697986577542e-04 1.177852348993288639e-01 3.355704697986577542e-04 7.046979865771811971e-03 3.355704697986577542e-04 3.355704697986577542e-04 3.355704697986577542e-04 3.355704697986577542e-04 3.355704697986577542e-04 8.758389261744967125e-02 3.355704697986577542e-04 3.355704697986577542e-04 1.647651006711409460e-01 3.355704697986577542e-04 7.080536912751678180e-02 3.691275167785235296e-03 2.718120805369127549e-02 3.355704697986577542e-04 9.093959731543624359e-02 1.177852348993288639e-01 1.040268456375838951e-02 1.714765100671140907e-01
3.571428571428572510e-04 3.571428571428572510e-04 3.571428571428572510e-04 7.500000000000001457e-03 3.571428571428572510e-04 3.571428571428572510e-04 3.571428571428572510e-04 3.571428571428572510e-04 1.821428571428571758e-02 3.110714285714286098e-01 1.110714285714285987e-01 3.571428571428572510e-04 3.571428571428572510e-04 3.571428571428572510e-04 3.571428571428572510e-04 1.253571428571428892e-01 3.571428571428572510e-04 1.821428571428571758e-02 3.571428571428572510e-04 3.571428571428572510e-04 5.035714285714286420e-02 3.571428571428572510e-04 3.571428571428572510e-04 3.571428571428572510e-04 3.571428571428572510e-04 3.571428571428572510e-04 1.464285714285714496e-02 1.503571428571428836e-01 3.571428571428572510e-04 1.860714285714286098e-01
3.984063745019921551e-04 3.828685258964144023e-01 3.984063745019921551e-04 3.984063745019921551e-04 3.984063745019921551e-04 1.717131474103586186e-01 3.984063745019921551e-04 1.235059760956175659e-02 6.812749003984065743e-02 3.984063745019921551e-04 3.984063745019921551e-04 3.984063745019921551e-04 3.984063745019921551e-04 3.227091633466135784e-02 3.984063745019921551e-04 3.984063745019921551e-04 3.984063745019921551e-04 3.984063745019921551e-04 1.235059760956175659e-02 3.227091633466135784e-02 4.023904382470120528e-02 1.633466135458167684e-02 3.984063745019921551e-04 3.984063745019921551e-04 2.155378486055777310e-01 3.984063745019921551e-04 3.984063745019921551e-04 8.366533864541834606e-03 3.984063745019921551e-04 3.984063745019921551e-04
3.049934296977660497e-01 1.314060446780551824e-04 1.064388961892246896e-02 1.314060446780551824e-04 1.314060446780551824e-04 5.387647831800261231e-03 1.314060446780551824e-04 1.314060446780551824e-04 1.314060446780551824e-04 1.314060446780551824e-04 1.314060446780551824e-04 1.314060446780551824e-04 1.314060446780551824e-04 1.590013140604467495e-02 4.612352168199736896e-02 9.080157687253612164e-02 1.314060446780551824e-04 1.314060446780551824e-04 4.743758212877791786e-02 2.378449408672798915e-02 3.955321944809461060e-02 6.846254927726674877e-02 1.314060446780551824e-04 1.314060446780551824e-04 4.349540078843626423e-02 1.314060446780551824e-04 2.550591327201050529e-01 3.955321944809461060e-02 1.314060446780551824e-04 6.701708278580813596e-03
1.315789473684211147e-03 2.763157894736843409e-02 1.315789473684211147e-03 1.723684210526316429e-01 1.315789473684211147e-03 1.447368421052632262e-02 1.315789473684211147e-03 1.315789473684211147e-03 4.078947368421054209e-02 1.315789473684211147e-03 1.315789473684211147e-03 1.447368421052632262e-02 1.315789473684211147e-03 1.592105263157895245e-01 1.315789473684211147e-03 1.315789473684211147e-03 2.907894736842106531e-01 1.315789473684211147e-03 1.447368421052632262e-02 4.078947368421054209e-02 1.315789473684211147e-03 1.315789473684211147e-03 1.315789473684211147e-03 8.026315789473686957e-02 1.315789473684211147e-03 4.078947368421054209e-02 8.026315789473686957e-02 1.315789473684211147e-03 1.315789473684211147e-03 1.315789473684211147e-03
3.194888178913738645e-04 3.194888178913738645e-04 4.185303514376997186e-02 3.194888178913738645e-04 3.194888178913738645e-04 3.194888178913738645e-04 6.709265175718851643e-03 3.194888178913738645e-04 9.904153354632589529e-03 1.568690095846645705e-01 3.194888178913738645e-04 3.194888178913738645e-04 3.194888178913738645e-04 3.194888178913738645e-04 3.194888178913738645e-04 2.431309904153354795e-01 3.194888178913738645e-04 3.194888178913738645e-04 3.194888178913738645e-04 3.194888178913738645e-04 2.907348242811502032e-02 1.629392971246006530e-02 3.194888178913738645e-04 1.948881789137380319e-02 3.194888178913738645e-04 3.194888178913738645e-04 1.057507987220447504e-01 1.792332268370607495e-01 3.194888178913738645e-04 1.856230031948882253e-01
7.335766423357666099e-02 3.649635036496351220e-04 1.131386861313868862e-02 3.649635036496351220e-04 3.649635036496351220e-04 2.226277372262774196e-02 3.649635036496351220e-04 3.649635036496351220e-04 3.649635036496351220e-04 3.649635036496351220e-04 3.649635036496351220e-04 7.664233576642337509e-03 3.649635036496351220e-04 4.014598540145986397e-03 3.649635036496351220e-04 1.861313868613138911e-02 3.649635036496351220e-04 3.649635036496351220e-04 1.131386861313868862e-02 4.310218978102190457e-01 9.525547445255476420e-02 7.664233576642337509e-03 1.791970802919708450e-01 1.496350364963503800e-02 3.649635036496351220e-04 3.649635036496351220e-04 4.051094890510949925e-02 3.649635036496351220e-04 7.664233576642337509e-03 6.970802919708031509e-02
2.525252525252524708e-04 1.542929292929292595e-01 1.792929292929292331e-02 2.525252525252524708e-04 5.303030303030301616e-03 2.123737373737372980e-01 1.792929292929292331e-02 2.525252525252524708e-04 2.351010101010100328e-01 2.525252525252524708e-04 1.113636363636363313e-01 2.525252525252524708e-04 3.813131313131312011e-02 2.525252525252524708e-04 2.525252525252524708e-04 7.828282828282826650e-03 2.525252525252524708e-04 2.525252525252524708e-04 2.525252525252524708e-04 2.525252525252524708e-04 2.525252525252524708e-04 2.525252525252524708e-04 2.525252525252524708e-04 2.525252525252524708e-04 3.055555555555554761e-02 2.525252525252524708e-04 8.611111111111109662e-02 5.303030303030301616e-03 2.525252525252524708e-04 7.348484848484847232e-02
4.166666666666668018e-04 4.166666666666668018e-04 3.791666666666667490e-02 4.166666666666668018e-04 4.166666666666668018e-04 4.545833333333333948e-01 5.041666666666667906e-02 1.004166666666666957e-01 4.166666666666668018e-04 1.254166666666667040e-01 6.291666666666667629e-02 3.375000000000000916e-02 4.166666666666668018e-04 4.166666666666668018e-04 3.375000000000000916e-02 4.166666666666668018e-04 4.166666666666668018e-04 4.166666666666668018e-04 1.708333333333333579e-02 3.375000000000000916e-02 4.583333333333335091e-03 4.166666666666668018e-04 4.166666666666668018e-04 4.166666666666668018e-04 4.166666666666668018e-04 4.583333333333335091e-03 3.375000000000000916e-02 4.166666666666668018e-04 4.166666666666668018e-04 4.166666666666668018e-04
2.583979328165373918e-04 1.656330749354004428e-01 2.583979328165373918e-04 2.583979328165373918e-04 2.583979328165373918e-04 2.198966408268732964e-01 4.160206718346252247e-02 6.227390180878551729e-02 2.583979328165373918e-04 2.583979328165373918e-04 7.777777777777776513e-02 2.842377260981911527e-03 2.842377260981911527e-03 2.583979328165373918e-04 2.583979328165373918e-04 2.583979328165373918e-04 2.583979328165373918e-04 2.093023255813952765e-02 2.583979328165373918e-04 2.583979328165373918e-04 4.935400516795864639e-02 2.583979328165373918e-04 6.227390180878551729e-02 1.834625322997415417e-02 5.426356589147285879e-03 2.583979328165373918e-04 6.485788113695088730e-02 2.583979328165373918e-04 1.834625322997415417e-02 1.837209302325580607e-01
