2.989130434782607919e-03 1.225543478260869290e-01 1.470108695652173614e-01 1.114130434782608335e-02 2.717391304347825578e-04 2.717391304347825578e-04 2.717391304347825578e-04 2.717391304347825578e-04 2.717391304347825578e-04 2.717391304347825578e-04 2.717391304347825578e-04 2.717391304347825578e-04 2.717391304347825578e-04 2.717391304347825578e-04 2.717391304347825578e-04 2.717391304347825578e-04 2.989130434782607919e-03 2.717391304347825578e-04 2.717391304347825578e-04 3.915760869565216296e-01 2.339673913043477382e-01 8.423913043478259075e-03 2.717391304347825578e-04 2.989130434782607919e-03 2.717391304347825578e-04 2.717391304347825578e-04 2.989130434782607919e-03 1.385869565217390763e-02 2.989130434782607919e-03 5.190217391304346312e-02
1.616136919315402931e-01 1.249388753056234341e-01 2.444987775061123925e-04 2.444987775061123925e-04 2.444987775061123925e-04 2.444987775061123925e-04 2.224938875305622690e-02 2.444987775061123925e-04 2.444987775061123925e-04 2.444987775061123925e-04 2.958435207823960009e-02 2.444987775061123925e-04 3.447432762836184772e-02 3.058679706601465931e-01 2.444987775061123925e-04 1.246943765281173164e-02 6.625916870415646254e-02 5.134474327628361055e-03 1.491442542787285545e-02 9.804400977995107735e-02 1.127139364303178237e-01 2.444987775061123925e-04 2.444987775061123925e-04 2.444987775061123925e-04 2.444987775061123925e-04 2.444987775061123925e-04 2.444987775061123925e-04 7.579462102689484872e-03 2.444987775061123925e-04 2.444987775061123925e-04
7.267441860465118889e-05 7.267441860465118889e-05 4.658430232558140316e-02 1.526162790697675048e-03 6.693313953488373713e-02 2.979651162790698284e-03 3.859011627906978187e-02 7.267441860465118889e-05 2.260174418604651847e-02 2.550872093023256668e-02 4.433139534883722387e-03 7.267441860465118889e-05 2.768895348837210196e-02 9.520348837209305012e-03 7.267441860465118889e-05 8.793604651162793828e-03 1.460755813953489024e-02 1.526162790697675048e-03 1.606104651162791261e-02 1.323401162790698027e-01 2.202761627906977548e-01 7.267441860465118889e-05 7.129360465116281464e-02 5.603197674418606417e-02 7.267441860465118889e-05 1.083575581395349180e-01 1.388081395348837732e-02 7.994186046511631049e-04 1.003633720930232898e-01 8.793604651162793828e-03
2.525252525252524708e-04 2.525252525252524708e-04 2.525252525252524708e-04 1.035353535353534908e-02 8.611111111111109662e-02 2.525252525252524708e-04 8.358585858585856898e-02 7.828282828282826650e-03 2.525252525252524708e-04 2.704545454545453365e-01 4.065656565656564775e-02 2.525252525252524708e-04 2.525252525252524708e-04 2.777777777777777016e-03 2.525252525252524708e-04 1.287878787878787498e-02 3.813131313131312011e-02 2.022727272727271874e-01 2.525252525252524708e-04 2.525252525252524708e-04 1.088383838383838176e-01 7.828282828282826650e-03 2.525252525252524708e-04 4.318181818181817538e-02 2.525252525252524708e-04 2.525252525252524708e-04 2.525252525252524708e-04 6.843434343434341705e-02 2.525252525252524708e-04 1.287878787878787498e-02
4.393305439330543426e-03 3.995815899581589559e-02 2.092050209205020524e-04 2.092050209205020524e-04 4.832635983263597335e-02 2.092050209205020524e-04 2.092050209205020524e-04 2.740585774058576507e-02 6.485355648535563733e-03 1.466527196652719078e-01 1.485355648535564496e-02 2.092050209205020524e-04 2.301255230125522685e-03 2.301255230125522685e-03 2.092050209205020524e-04 2.135983263598325854e-01 8.577405857740583173e-03 2.092050209205020524e-04 2.092050209205020524e-04 2.092050209205020524e-04 9.644351464435144128e-02 4.414225941422593447e-02 2.092050209205020524e-04 1.612970711297070647e-01 1.801255230125522466e-01 2.092050209205020524e-04 2.092050209205020524e-04 2.092050209205020524e-04 2.092050209205020524e-04 2.092050209205020524e-04
1.709401709401709129e-04 1.880341880341880123e-03 1.709401709401709129e-04 3.435897435897435764e-02 1.779487179487179160e-01 1.709401709401709129e-04 1.880341880341880123e-03 1.709401709401709129e-04 5.299145299145297840e-03 3.094017094017093711e-02 1.726495726495726191e-02 8.717948717948715773e-03 5.145299145299144644e-02 1.709401709401709129e-04 1.880341880341880123e-03 1.709401709401709129e-04 1.709401709401709129e-04 1.709401709401709129e-04 1.709401709401709129e-04 6.170940170940170111e-02 1.830769230769230260e-01 1.709401709401709129e-04 1.709401709401709129e-04 2.239316239316238924e-02 3.147008547008546264e-01 3.948717948717948151e-02 5.299145299145297840e-03 2.923076923076922684e-02 1.042735042735042431e-02 1.709401709401709129e-04
2.070393374741200272e-04 2.070393374741200272e-04 2.070393374741200272e-04 4.161490683229812637e-02 1.886128364389233203e-01 2.070393374741200272e-04 2.505175983436852202e-02 5.447204968944098225e-01 2.070393374741200272e-04 4.989648033126292681e-02 2.070393374741200272e-04 4.347826086956520057e-03 3.126293995859211888e-02 1.055900621118011952e-02 2.070393374741200272e-04 2.277432712215320381e-03 2.070393374741200272e-04 2.070393374741200272e-04 2.070393374741200272e-04 2.070393374741200272e-04 8.509316770186332868e-02 2.070393374741200272e-04 2.070393374741200272e-04 2.070393374741200272e-04 4.347826086956520057e-03 4.347826086956520057e-03 2.070393374741200272e-04 2.070393374741200272e-04 2.070393374741200272e-04 4.347826086956520057e-03
3.039513677811549273e-04 3.039513677811549273e-04 3.039513677811549273e-04 3.343465045592704417e-03 6.717325227963523437e-02 3.039513677811549273e-04 3.039513677811549273e-04 3.039513677811549273e-04 3.039513677811549273e-04 3.039513677811549273e-04 3.039513677811549273e-04 3.039513677811549273e-04 4.589665653495438730e-02 5.686930091185408154e-01 3.039513677811549273e-04 4.893617021276594481e-02 3.039513677811549273e-04 3.039513677811549273e-04 3.039513677811549273e-04 4.285714285714284366e-02 3.039513677811549273e-04 3.677811550151974251e-02 5.501519756838904596e-02 1.158054711246200297e-01 3.039513677811549273e-04 3.343465045592704417e-03 3.039513677811549273e-04 3.343465045592704417e-03 3.039513677811549273e-04 3.343465045592704417e-03
3.225806451612902681e-04 3.225806451612902681e-04 3.225806451612902681e-04 3.225806451612902681e-04 1.487096774193548132e-01 3.225806451612902681e-04 6.806451612903224868e-02 2.519354838709677025e-01 6.774193548387095684e-03 7.451612903225805773e-02 3.225806451612902681e-04 3.225806451612902681e-04 6.774193548387095684e-03 3.225806451612902681e-04 3.225806451612902681e-04 3.225806451612902681e-04 3.225806451612902681e-04 3.580645161290321732e-02 3.225806451612902681e-04 3.225806451612902681e-04 2.612903225806451069e-02 3.225806451612902681e-04 1.322580645161289953e-02 1.422580645161290180e-01 6.774193548387095684e-03 3.225806451612902681e-04 1.970967741935483464e-01 3.225806451612902681e-04 3.225806451612902681e-04 1.645161290322580058e-02
3.232931726907629921e-02 1.307228915662650148e-01 2.008032128514055769e-04 2.008032128514055769e-04 1.626506024096385089e-02 2.008032128514055769e-04 2.008032128514055769e-04 7.449799196787147693e-02 2.208835341365461644e-03 2.008032128514055769e-04 2.008032128514055769e-04 2.008032128514055769e-04 1.425702811244979572e-02 1.588353413654617907e-01 2.008032128514055769e-04 2.008032128514055769e-04 2.008032128514055769e-04 2.008032128514055769e-04 2.008032128514055769e-04 1.668674698795180322e-01 1.728915662650601925e-01 1.668674698795180322e-01 1.224899598393573881e-02 2.008032128514055769e-04 2.008032128514055769e-04 2.008032128514055769e-04 2.008032128514055769e-04 2.008032128514055769e-04 4.839357429718874753e-02 2.008032128514055769e-04
1.683501683501683320e-04 4.025252525252524527e-01 8.097643097643096588e-02 1.683501683501683320e-04 1.683501683501683320e-04 1.683501683501683320e-04 4.393939393939393090e-02 1.683501683501683320e-04 1.683501683501683320e-04 1.683501683501683320e-04 1.683501683501683320e-04 2.205387205387204785e-02 1.683501683501683320e-04 4.057239057239056534e-02 1.683501683501683320e-04 1.026936026936026668e-02 1.683501683501683320e-04 1.683501683501683320e-04 1.683501683501683320e-04 2.813131313131312372e-01 7.592592592592591061e-02 1.683501683501683320e-04 5.218855218855218345e-03 8.585858585858583900e-03 1.851851851851851706e-03 1.868686868686868230e-02 1.683501683501683320e-04 1.683501683501683320e-04 5.218855218855218345e-03 1.683501683501683320e-04
2.044989775051124503e-04 2.044989775051124503e-04 2.044989775051124503e-04 2.044989775051124503e-04 7.586912065439671560e-02 2.044989775051124503e-04 2.065439672801635401e-02 2.435582822085888832e-01 2.044989775051124503e-04 2.044989775051124503e-04 2.044989775051124503e-04 2.044989775051124503e-04 2.883435582822085202e-02 1.860940695296522951e-02 2.044989775051124503e-04 1.860940695296522951e-02 6.339468302658485092e-03 2.044989775051124503e-04 2.044989775051124503e-04 2.044989775051124503e-04 2.474437627811860302e-02 2.044989775051124503e-04 1.208588957055214408e-01 2.312883435582821501e-01 1.247443762781185773e-02 2.249488752556236953e-03 8.384458077709608728e-03 1.842535787321062934e-01 2.044989775051124503e-04 2.044989775051124503e-04
2.551020408163264452e-04 2.551020408163264452e-04 2.551020408163264452e-04 2.551020408163264452e-04 2.551020408163264452e-04 2.551020408163264452e-04 2.551020408163264452e-04 2.451530612244897100e-01 2.551020408163264452e-04 2.321428571428570814e-02 3.086734693877549868e-02 5.357142857142855458e-03 1.045918367346938306e-02 6.658163265306120404e-02 2.551020408163264452e-04 2.551020408163264452e-04 2.551020408163264452e-04 2.551020408163264452e-04 1.301020408163264773e-02 2.806122448979591223e-03 1.303571428571428104e-01 3.086734693877549868e-02 6.403061224489794978e-02 1.686224489795917769e-01 5.892857142857141350e-02 2.551020408163264452e-04 1.431122448979591510e-01 2.551020408163264452e-04 2.551020408163264452e-04 2.806122448979591223e-03
4.405286343612336078e-04 4.405286343612336078e-04 4.405286343612336078e-04 5.330396475770926568e-02 3.127753303964758008e-02 1.365638766519824097e-02 4.845814977973569686e-03 4.449339207048459005e-02 4.405286343612336078e-04 4.405286343612336078e-04 4.405286343612336078e-04 4.405286343612336078e-04 4.405286343612336078e-04 4.405286343612336078e-04 2.867841409691630483e-01 4.405286343612336078e-04 4.405286343612336078e-04 4.405286343612336078e-04 4.845814977973569686e-03 4.405286343612336078e-04 2.246696035242291140e-02 4.405286343612336078e-04 1.766519823788546828e-01 9.251101321585906631e-03 4.405286343612336078e-04 4.405286343612336078e-04 4.008810572687225571e-02 3.000000000000000444e-01 4.845814977973569686e-03 4.405286343612336078e-04
9.935897435897431823e-03 3.205128205128204041e-04 3.525641025641024825e-03 4.266025641025639192e-01 4.839743589743587815e-02 3.525641025641024825e-03 3.205128205128204041e-04 3.525641025641024825e-03 1.634615384615384012e-02 4.198717948717946985e-02 1.124999999999999611e-01 3.205128205128204041e-04 1.314102564102563424e-02 3.205128205128204041e-04 3.205128205128204041e-04 3.205128205128204041e-04 6.730769230769228541e-03 3.205128205128204041e-04 3.205128205128204041e-04 3.205128205128204041e-04 1.314102564102563424e-02 3.205128205128204041e-04 3.205128205128204041e-04 9.326923076923074318e-02 1.990384615384614697e-01 3.205128205128204041e-04 3.205128205128204041e-04 3.525641025641024825e-03 3.205128205128204041e-04 3.205128205128204041e-04
1.599099099099098725e-02 1.781531531531530821e-01 2.952702702702701965e-01 4.729729729729729125e-03 1.173423423423423095e-01 2.252252252252251745e-04 2.477477477477476892e-03 2.252252252252251745e-04 2.252252252252251745e-04 1.148648648648648192e-02 2.252252252252251745e-04 2.252252252252251745e-04 2.252252252252251745e-04 2.074324324324323676e-01 1.599099099099098725e-02 2.252252252252251745e-04 2.252252252252251745e-04 1.373873873873873372e-02 2.252252252252251745e-04 2.252252252252251745e-04 5.878378378378377317e-02 2.252252252252251745e-04 9.234234234234231856e-03 2.252252252252251745e-04 4.729729729729729125e-03 2.252252252252251745e-04 2.252252252252251745e-04 2.477477477477476892e-03 5.878378378378377317e-02 2.252252252252251745e-04
3.436426116838487690e-04 7.216494845360823390e-03 3.436426116838487690e-04 7.216494845360823390e-03 2.096219931271477155e-02 3.436426116838487690e-04 3.780068728522336351e-03 2.993127147766322382e-01 3.436426116838487690e-04 3.814432989690720588e-02 3.127147766323023353e-02 3.436426116838487690e-04 3.436426116838487690e-04 9.999999999999999167e-02 7.216494845360823390e-03 3.436426116838487690e-04 3.436426116838487690e-04 3.436426116838487690e-04 7.216494845360823390e-03 3.436426116838487690e-04 7.216494845360823390e-03 3.780068728522336351e-03 9.312714776632301239e-02 1.274914089347078949e-01 1.103092783505154467e-01 3.436426116838487690e-04 1.309278350515463707e-01 3.436426116838487690e-04 3.436426116838487690e-04 3.436426116838487690e-04
2.743764172335600229e-02 2.494331065759636690e-03 7.052154195011337001e-02 4.104308390022674835e-02 8.185941043083898305e-02 2.267573696145124289e-04 1.975056689342402916e-01 2.267573696145124289e-04 1.609977324263037884e-02 7.732426303854873784e-02 2.063492063492062753e-02 2.267573696145124289e-04 7.029478458049884942e-03 2.405895691609976628e-01 2.267573696145124289e-04 2.267573696145124289e-04 2.267573696145124289e-04 2.267573696145124289e-04 2.267573696145124289e-04 2.267573696145124289e-04 2.267573696145124289e-04 1.609977324263037884e-02 2.267573696145124289e-04 1.816326530612244194e-01 2.267573696145124289e-04 7.029478458049884942e-03 2.267573696145124289e-04 2.267573696145124289e-04 2.494331065759636690e-03 7.029478458049884942e-03
8.036890645586297621e-03 1.608695652173912916e-01 5.678524374176548151e-02 1.317523056653491600e-04 2.346508563899868116e-01 1.317523056653491600e-04 1.317523056653491600e-04 2.056653491436100101e-01 1.317523056653491600e-04 1.317523056653491600e-04 1.317523056653491600e-04 1.449275362318840597e-03 1.317523056653491600e-04 1.121212121212121077e-01 8.036890645586297621e-03 1.317523056653491600e-04 1.317523056653491600e-04 1.317523056653491600e-04 1.317523056653491600e-04 1.067193675889327974e-02 1.094861660079051308e-01 2.252964426877470533e-02 1.317523056653491600e-04 1.317523056653491600e-04 4.084321475625823580e-03 8.036890645586297621e-03 1.317523056653491600e-04 1.317523056653491600e-04 3.965744400527009689e-02 1.594202898550724570e-02
2.747252747252746708e-04 6.895604395604393311e-02 2.747252747252746708e-04 2.747252747252746708e-04 2.499999999999999098e-02 2.747252747252746708e-04 2.447802197802196877e-01 1.266483516483516147e-01 2.747252747252746708e-04 2.747252747252746708e-04 2.747252747252746708e-04 3.021978021978021216e-03 5.769230769230767816e-03 2.365384615384614475e-01 2.747252747252746708e-04 2.747252747252746708e-04 2.747252747252746708e-04 2.747252747252746708e-04 2.747252747252746708e-04 3.049450549450548331e-02 5.247252747252745958e-02 2.747252747252746708e-04 5.769230769230767816e-03 1.733516483516482909e-01 2.747252747252746708e-04 2.747252747252746708e-04 2.225274725274724655e-02 2.747252747252746708e-04 2.747252747252746708e-04 2.747252747252746708e-04
1.788413098236775120e-02 2.544080604534003712e-02 2.518891687657429579e-04 6.070528967254405772e-02 2.518891687657429579e-04 2.518891687657429579e-04 3.831234256926950299e-01 7.581863979848862956e-02 2.518891687657429579e-04 2.518891687657429579e-04 4.055415617128461936e-02 2.518891687657429579e-04 2.518891687657429579e-04 8.085642317380349609e-02 5.289672544080602223e-03 2.518891687657429579e-04 2.518891687657429579e-04 2.770780856423172862e-03 2.518891687657429579e-04 2.518891687657429579e-04 2.518891687657429579e-04 2.544080604534003712e-02 2.518891687657429579e-04 2.647355163727958538e-01 2.518891687657429579e-04 2.518891687657429579e-04 2.518891687657429579e-04 5.289672544080602223e-03 7.808564231738032019e-03 2.518891687657429579e-04
6.587615283267459355e-05 2.971014492753624309e-02 4.090909090909092272e-02 9.558629776021082547e-02 4.222661396574441117e-02 6.587615283267459355e-05 6.587615283267459355e-05 6.587615283267459355e-05 6.587615283267459355e-05 2.700922266139658186e-03 6.587615283267459355e-05 6.587615283267459355e-05 6.587615283267459355e-05 6.587615283267459355e-05 2.839920948616601604e-01 6.587615283267459355e-05 6.587615283267459355e-05 1.324110671936759402e-02 1.785243741765481576e-02 2.707509881422925924e-02 6.396574440052701926e-02 1.041501976284585212e-01 2.971014492753624309e-02 6.587615283267459355e-05 8.629776021080370549e-03 6.587615283267459355e-05 6.587615283267459355e-05 1.383399209486166478e-03 1.383399209486166478e-03 2.365612648221344649e-01
2.003642987249544191e-03 7.468123861566482342e-03 1.821493624772313024e-04 1.293260473588342049e-02 1.821493624772313024e-04 1.821493624772313024e-04 4.300546448087430584e-01 4.389799635701274738e-02 1.821493624772313024e-04 5.118397085610199709e-02 1.821493624772313024e-04 1.821493624772313024e-04 1.821493624772313024e-04 2.932604735883424102e-02 1.821493624772313024e-04 1.821493624772313024e-04 1.821493624772313024e-04 1.821493624772313024e-04 1.821493624772313024e-04 1.821493624772313024e-04 1.821493624772313024e-04 1.821493624772313024e-04 1.821493624772313024e-04 2.351548269581055783e-01 6.393442622950819276e-02 2.003642987249544191e-03 1.821493624772313024e-04 8.032786885245900288e-02 2.003642987249544191e-03 3.661202185792349073e-02
4.160919540229884167e-02 2.551724137931033615e-02 2.298850574712643321e-04 1.172413793103447947e-02 2.298850574712643321e-04 4.827586206896550269e-03 2.298850574712643321e-04 2.091954022988505232e-02 2.298850574712643321e-04 2.091954022988505232e-02 2.298850574712643321e-04 2.298850574712643321e-04 2.298850574712643321e-04 2.298850574712643321e-04 1.632183908045976503e-02 4.301149425287354999e-01 2.298850574712643321e-04 2.528735632183907490e-03 2.298850574712643321e-04 2.298850574712643321e-04 2.321839080459769597e-02 2.094252873563217654e-01 2.298850574712643321e-04 5.080459770114941626e-02 2.298850574712643321e-04 2.298850574712643321e-04 4.827586206896550269e-03 3.241379310344826709e-02 1.402298850574712138e-02 8.758620689655170766e-02
1.190476190476190475e-04 8.226190476190475831e-02 8.452380952380952536e-03 1.309523809523809685e-03 3.821428571428571452e-02 1.309523809523809685e-03 1.167857142857142844e-01 1.797619047619047547e-02 1.190476190476190475e-04 1.190476190476190475e-04 7.749999999999999944e-02 1.190476190476190475e-04 1.190476190476190475e-04 1.941666666666666541e-01 1.190476190476190475e-04 1.190476190476190475e-04 5.726190476190476386e-02 1.190476190476190475e-04 4.416666666666666657e-02 1.559523809523809430e-02 1.024999999999999939e-01 4.654761904761904601e-02 7.630952380952379932e-02 8.821428571428570342e-02 1.190476190476190475e-04 1.190476190476190475e-04 2.035714285714285837e-02 1.190476190476190475e-04 1.190476190476190475e-04 9.642857142857142252e-03
1.763668430335096308e-04 9.894179894179890022e-02 1.940035273368606074e-03 7.231040564373894183e-03 1.957671957671956731e-02 1.763668430335096308e-04 4.922398589065254404e-01 1.589065255731921533e-01 3.703703703703702544e-03 1.763668430335096308e-04 1.763668430335096308e-04 1.763668430335096308e-04 1.763668430335096308e-04 1.763668430335096308e-04 1.763668430335096308e-04 1.763668430335096308e-04 1.763668430335096308e-04 1.763668430335096308e-04 1.763668430335096308e-04 1.763668430335096308e-04 1.763668430335096308e-04 1.763668430335096308e-04 1.940035273368606074e-03 2.047619047619046728e-01 1.763668430335096308e-04 1.763668430335096308e-04 1.763668430335096308e-04 1.763668430335096308e-04 7.231040564373894183e-03 1.763668430335096308e-04
3.542074363992171737e-02 1.956947162426614264e-04 1.956947162426614264e-04 1.585127201565557364e-02 6.066536203522503515e-03 1.956947162426614264e-04 2.585127201565556865e-01 1.956947162426614264e-04 1.956947162426614264e-04 7.455968688845400483e-02 5.694716242661446853e-02 1.956947162426614264e-04 1.956947162426614264e-04 1.352250489236790087e-01 2.172211350293541676e-02 1.389432485322895927e-02 6.066536203522503515e-03 5.303326810176124673e-02 1.956947162426614264e-04 1.956947162426614264e-04 1.956947162426614264e-04 2.563600782778864204e-02 2.152641878669275637e-03 2.428571428571427993e-01 1.193737769080234490e-02 1.956947162426614264e-04 1.956947162426614264e-04 3.737769080234833174e-02 1.956947162426614264e-04 1.956947162426614264e-04
5.076142131979696770e-04 4.619289340101523367e-02 5.076142131979696770e-04 2.588832487309645006e-02 9.187817258883250460e-02 5.076142131979696770e-04 1.573604060913705999e-02 5.076142131979696770e-04 5.076142131979696770e-04 5.076142131979696770e-04 5.076142131979696770e-04 5.076142131979696770e-04 5.076142131979696770e-04 5.076142131979696770e-04 5.076142131979696770e-04 5.076142131979696770e-04 5.076142131979696770e-04 1.573604060913705999e-02 4.675126903553299962e-01 5.076142131979696770e-04 5.076142131979696770e-04 1.781725888324873497e-01 5.076142131979696770e-04 9.695431472081220137e-02 5.076142131979696770e-04 5.076142131979696770e-04 5.076142131979696770e-04 5.076142131979696770e-04 3.096446700507614336e-02 2.081218274111675329e-02
1.533742331288343377e-04 4.003067484662576475e-02 1.687116564417177715e-03 1.687116564417177715e-03 9.677914110429446104e-02 1.533742331288343377e-04 9.524539877300612634e-02 2.900306748466257023e-01 1.533742331288343377e-04 1.533742331288343377e-04 1.395705521472392387e-02 1.533742331288343377e-04 1.687116564417177715e-03 1.842024539877300249e-01 1.533742331288343377e-04 1.533742331288343377e-04 1.533742331288343377e-04 2.469325153374232751e-02 1.533742331288343377e-04 1.533742331288343377e-04 7.377300613496931558e-02 1.533742331288343377e-04 1.855828220858895400e-02 1.550613496932514990e-01 1.533742331288343377e-04 1.533742331288343377e-04 1.533742331288343377e-04 1.533742331288343377e-04 1.533742331288343377e-04 1.533742331288343377e-04
1.555869872701555424e-03 1.414427157001414096e-04 8.628005657708624765e-03 4.384724186704383291e-03 6.661951909476659939e-02 2.970297029702969466e-03 1.414427157001414096e-04 4.964639321074963002e-02 1.414427157001414096e-04 4.964639321074963002e-02 2.560113154172559413e-02 1.414427157001414096e-04 1.414427157001414096e-04 2.886845827439885603e-01 1.414427157001414096e-04 1.414427157001414096e-04 1.852899575671852414e-02 6.520509193776519163e-02 7.652050919377649529e-02 1.414427157001414096e-04 1.415841584158415434e-01 1.414427157001414096e-04 1.415841584158415434e-01 2.418670438472417944e-02 1.287128712871286711e-02 1.414427157001414096e-04 1.994342291371993536e-02 1.414427157001414096e-04 1.414427157001414096e-04 1.414427157001414096e-04
3.448275862068964168e-04 3.448275862068964168e-04 3.448275862068964168e-04 2.793103448275860781e-02 1.451724137931033887e-01 3.448275862068964168e-04 5.551724137931032810e-02 3.417241379310343441e-01 3.448275862068964168e-04 3.137931034482756981e-02 3.793103448275860802e-03 3.448275862068964168e-04 3.448275862068964168e-04 3.448275862068964168e-04 3.448275862068964168e-04 3.448275862068964168e-04 3.448275862068964168e-04 3.448275862068964168e-04 3.448275862068964168e-04 3.793103448275860802e-03 6.586206896551721757e-02 1.758620689655171487e-02 7.620689655172410704e-02 1.762068965517240848e-01 3.448275862068964168e-04 3.448275862068964168e-04 4.517241379310343169e-02 3.793103448275860802e-03 3.448275862068964168e-04 3.448275862068964168e-04
3.558718861209962496e-04 3.558718861209962496e-04 3.558718861209962496e-04 1.142348754448397896e-01 8.576512455516009659e-02 3.558718861209962496e-04 1.498220640569394024e-01 8.932384341637006342e-02 3.558718861209962496e-04 3.558718861209962496e-04 9.644128113878998321e-02 5.017793594306046989e-02 2.882562277580069318e-02 3.558718861209962496e-04 3.558718861209962496e-04 3.558718861209962496e-04 3.558718861209962496e-04 3.558718861209962496e-04 3.558718861209962496e-04 3.914590747330959179e-03 1.320284697508896099e-01 3.558718861209962496e-04 1.533807829181493831e-01 8.576512455516009659e-02 3.558718861209962496e-04 3.914590747330959179e-03 3.558718861209962496e-04 3.558718861209962496e-04 3.558718861209962496e-04 3.558718861209962496e-04
4.065040650406505146e-04 4.065040650406505146e-04 4.065040650406505146e-04 2.077235772357724219e-01 8.170731707317076264e-02 4.065040650406505146e-04 4.065040650406505146e-04 4.065040650406505146e-04 4.065040650406505146e-04 2.479674796747968063e-02 5.329268292682928232e-01 4.065040650406505146e-04 1.666666666666666990e-02 4.065040650406505146e-04 8.536585365853660914e-03 4.065040650406505146e-04 4.065040650406505146e-04 1.260162601626016628e-02 4.065040650406505146e-04 4.065040650406505146e-04 4.065040650406505146e-04 1.666666666666666990e-02 1.260162601626016628e-02 6.951219512195123962e-02 4.471544715447155552e-03 4.471544715447155552e-03 4.065040650406505146e-04 4.065040650406505146e-04 4.065040650406505146e-04 4.065040650406505146e-04
2.197802197802197258e-04 1.386813186813186383e-01 3.758241758241757935e-02 6.813186813186811880e-03 7.054945054945054028e-02 2.197802197802197258e-04 1.474725274725274260e-01 1.340659340659340268e-02 2.197802197802197258e-04 2.197802197802197258e-04 2.197802197802197258e-04 3.035164835164834152e-01 2.417582417582417147e-03 4.615384615384614080e-03 2.197802197802197258e-04 2.197802197802197258e-04 2.197802197802197258e-04 2.197802197802197258e-04 4.615384615384614080e-03 1.848351648351647669e-01 3.098901098901098161e-02 2.197802197802197258e-04 2.197802197802197258e-04 2.197802197802197258e-04 2.197802197802197258e-04 2.197802197802197258e-04 5.076923076923076095e-02 2.197802197802197258e-04 2.197802197802197258e-04 2.197802197802197258e-04
9.272727272727271028e-03 1.818181818181817801e-04 1.818181818181817801e-04 5.290909090909089868e-02 1.456363636363635916e-01 1.818181818181817801e-04 1.801818181818181375e-01 7.472727272727271164e-02 1.818181818181817801e-04 1.818181818181817801e-04 1.818181818181817801e-04 6.199999999999999262e-02 1.818181818181817801e-04 1.818181818181817801e-04 1.818181818181817801e-04 1.818181818181817801e-04 1.818181818181817801e-04 1.836363636363635976e-02 1.818181818181817801e-04 3.818181818181817355e-03 3.654545454545454070e-02 1.818181818181817801e-04 4.381818181818181168e-02 3.147272727272726334e-01 3.654545454545454070e-02 1.818181818181817801e-04 1.818181818181817801e-04 1.836363636363635976e-02 1.818181818181817801e-04 1.818181818181817801e-04
2.044989775051124503e-04 2.678936605316972752e-02 2.044989775051124503e-04 2.044989775051124503e-04 1.451942740286298224e-02 4.294478527607361457e-03 2.353783231083843852e-01 5.337423312883434606e-02 2.044989775051124503e-04 2.269938650306747852e-02 2.269938650306747852e-02 8.200408997955008217e-02 2.044989775051124503e-04 4.173824130879344452e-01 6.339468302658485092e-03 2.044989775051124503e-04 2.044989775051124503e-04 2.249488752556236953e-03 2.044989775051124503e-04 2.044989775051124503e-04 2.249488752556236953e-03 2.044989775051124503e-04 8.384458077709608728e-03 9.018404907975458018e-02 2.044989775051124503e-04 2.249488752556236953e-03 2.044989775051124503e-04 2.044989775051124503e-04 6.339468302658485092e-03 2.044989775051124503e-04
2.036659877800406869e-04 4.276985743380854778e-03 1.038696537678207403e-02 2.036659877800406869e-04 1.529531568228105487e-01 2.036659877800406869e-04 2.036659877800406869e-04 2.036659877800406869e-04 2.036659877800406869e-04 2.036659877800406869e-04 4.276985743380854778e-03 7.352342158859469234e-02 2.036659877800406869e-04 2.036659877800406869e-04 4.908350305498980493e-02 2.036659877800406869e-04 6.313645621181261484e-03 2.036659877800406869e-04 2.036659877800406869e-04 5.315682281059062181e-02 1.244399185336048652e-01 3.890020366598777313e-02 2.036659877800406869e-04 8.167006109979631223e-02 2.036659877800406869e-04 2.036659877800406869e-04 2.036659877800406869e-04 1.853360488798370259e-02 2.464358452138492098e-02 3.545824847250508283e-01
4.093067426400761460e-02 9.496676163342834820e-05 9.496676163342834820e-05 4.093067426400761460e-02 1.149097815764482840e-02 9.496676163342834820e-05 1.976258309591643614e-01 7.986704653371322349e-02 9.496676163342834820e-05 4.093067426400761460e-02 1.044634377967711830e-03 4.093067426400761460e-02 1.908831908831909799e-02 1.292497625830959784e-01 1.813865147198481451e-02 2.383665716999051540e-02 2.858499525166193281e-02 8.641975308641977951e-03 9.496676163342834820e-05 1.813865147198481451e-02 9.496676163342834820e-05 9.496676163342834820e-05 9.496676163342834820e-05 2.042735042735043527e-01 7.226970560303895563e-02 9.496676163342834820e-05 9.496676163342834820e-05 1.528964862298196406e-02 9.496676163342834820e-05 7.692307692307695337e-03
1.976284584980236858e-04 1.976284584980236858e-04 2.452569169960473749e-01 1.976284584980236858e-04 1.976284584980236858e-04 3.379446640316204759e-02 1.976284584980236858e-04 1.976284584980236858e-04 1.976284584980236858e-04 9.505928853754938568e-02 1.976284584980236858e-04 1.976284584980236858e-04 7.332015810276679146e-02 1.976284584980236858e-04 1.976284584980236858e-04 1.976284584980236858e-04 1.976284584980236858e-04 1.976284584980236858e-04 1.976284584980236858e-04 1.820158102766797903e-01 2.926877470355730426e-01 1.976284584980236858e-04 3.972332015810275951e-02 3.379446640316204759e-02 1.976284584980236858e-04 1.976284584980236858e-04 1.976284584980236858e-04 1.976284584980236858e-04 1.976284584980236858e-04 1.976284584980236858e-04
1.862197392923649569e-04 2.811918063314710822e-02 1.862197392923649569e-04 1.566108007448789030e-01 8.770949720670390137e-02 1.862197392923649569e-04 1.862197392923649569e-04 7.635009310986962637e-03 1.862197392923649569e-04 1.862197392923649569e-04 1.119180633147113385e-01 1.975791433891992133e-01 1.305400372439478318e-01 2.048417132216014472e-03 1.862197392923649569e-04 1.694599627560521016e-02 2.253258845437615746e-02 1.862197392923649569e-04 1.862197392923649569e-04 1.322160148975791080e-02 1.880819366852885810e-02 3.184357541899440758e-02 5.791433891992549959e-02 1.862197392923649569e-04 6.350093109869645036e-02 1.862197392923649569e-04 1.862197392923649569e-04 1.862197392923649569e-04 1.694599627560521016e-02 3.370577281191805552e-02
2.976190476190475375e-04 8.065476190476188190e-02 6.577380952380951218e-02 2.976190476190475375e-04 2.976190476190475375e-04 3.273809523809523021e-03 2.976190476190475375e-04 3.898809523809522448e-02 2.976190476190475375e-04 2.976190476190475375e-04 2.976190476190475375e-04 3.005952380952379988e-02 2.976190476190475375e-04 2.976190476190475375e-04 3.273809523809523021e-03 2.976190476190475375e-04 2.976190476190475375e-04 1.220238095238094719e-02 3.005952380952379988e-02 2.086309523809523059e-01 3.008928571428570176e-01 3.273809523809523021e-03 1.520833333333332926e-01 1.220238095238094719e-02 2.976190476190475375e-04 5.386904761904760808e-02 2.976190476190475375e-04 2.976190476190475375e-04 2.976190476190475375e-04 2.976190476190475375e-04
3.610108303249096192e-04 1.480144404332129314e-02 3.610108303249096192e-04 5.671480144404329460e-01 2.061371841155233975e-01 3.610108303249096192e-04 1.480144404332129314e-02 3.610108303249096192e-04 3.610108303249096192e-04 3.610108303249096192e-04 3.610108303249096192e-04 3.610108303249096192e-04 3.610108303249096192e-04 3.610108303249096192e-04 3.610108303249096192e-04 3.610108303249096192e-04 3.610108303249096192e-04 3.610108303249096192e-04 3.610108303249096192e-04 2.563176895306858161e-02 9.783393501805050241e-02 3.971119133574005540e-03 1.480144404332129314e-02 4.368231046931406181e-02 3.971119133574005540e-03 3.610108303249096192e-04 3.610108303249096192e-04 3.610108303249096192e-04 3.610108303249096192e-04 3.610108303249096192e-04
1.432664756446991035e-04 2.351002865329512026e-01 1.432664756446991035e-04 1.432664756446991035e-04 1.305157593123208726e-01 3.008595988538681227e-03 4.156160458452721196e-01 1.432664756446991035e-04 1.432664756446991035e-04 1.432664756446991035e-04 1.432664756446991035e-04 1.432664756446991035e-04 1.432664756446991035e-04 1.733524355300859049e-02 1.432664756446991035e-04 1.432664756446991035e-04 1.432664756446991035e-04 1.432664756446991035e-04 2.020057306590257104e-02 6.461318051575928867e-02 3.595988538681947622e-02 1.432664756446991035e-04 2.020057306590257104e-02 2.449856733524354707e-02 1.432664756446991035e-04 1.432664756446991035e-04 1.432664756446991035e-04 1.432664756446991035e-04 1.432664756446991035e-04 3.022922636103151164e-02
4.081632653061225725e-04 4.081632653061225725e-04 3.306122448979592621e-02 4.081632653061225725e-04 2.081632653061224816e-02 4.081632653061225725e-04 4.081632653061225725e-04 8.571428571428573590e-03 4.081632653061225725e-04 8.571428571428573590e-03 4.081632653061225725e-04 4.081632653061225725e-04 1.636734693877551494e-01 4.081632653061225725e-04 4.081632653061225725e-04 4.938775510204082564e-02 2.983673469387755350e-01 4.081632653061225725e-04 4.081632653061225725e-04 8.571428571428573590e-03 7.795918367346940658e-02 9.020408163265308810e-02 9.020408163265308810e-02 7.387755102040818866e-02 4.081632653061225725e-04 4.081632653061225725e-04 4.081632653061225725e-04 4.081632653061225725e-04 6.571428571428573895e-02 4.489795918367348732e-03
7.807971014492753881e-02 1.811594202898550747e-04 2.010869565217391144e-02 1.992753623188406147e-03 3.460144927536232262e-02 1.811594202898550747e-04 1.813405797101449168e-01 2.554347826086956347e-02 1.992753623188406147e-03 1.648550724637681125e-02 1.811594202898550747e-04 1.648550724637681125e-02 1.811594202898550747e-04 2.356884057971014301e-01 1.811594202898550747e-04 4.003623188405797118e-02 2.554347826086956347e-02 1.648550724637681125e-02 1.811594202898550747e-04 3.804347826086956676e-03 1.811594202898550747e-04 9.438405797101449834e-02 5.615942028985507206e-03 1.233695652173912999e-01 3.641304347826087445e-02 1.811594202898550747e-04 7.427536231884057302e-03 2.192028985507246328e-02 1.811594202898550747e-04 1.105072463768115923e-02
5.494505494505494501e-04 5.494505494505494501e-04 6.043956043956044168e-03 5.494505494505494501e-04 8.296703296703296371e-02 5.494505494505494501e-04 5.494505494505494501e-04 2.252747252747252724e-02 5.494505494505494501e-04 5.494505494505494501e-04 5.494505494505494501e-04 5.494505494505494501e-04 1.324175824175824190e-01 2.252747252747252724e-02 5.494505494505494501e-04 5.494505494505494501e-04 1.324175824175824190e-01 5.494505494505494501e-04 5.494505494505494501e-04 5.494505494505494501e-04 2.587912087912088155e-01 6.648351648351648324e-02 2.038461538461538436e-01 1.703296703296703490e-02 5.494505494505494501e-04 5.494505494505494501e-04 5.494505494505494501e-04 5.494505494505494501e-04 2.802197802197801957e-02 1.703296703296703490e-02
2.257336343115123748e-04 2.257336343115123748e-04 4.740406320541759762e-03 4.537246049661398939e-02 2.257336343115123748e-04 2.257336343115123748e-04 2.033860045146726192e-01 2.395033860045145957e-01 2.257336343115123748e-04 5.440180586907448351e-02 1.151241534988712949e-02 5.665914221218960184e-02 2.257336343115123748e-04 2.257336343115123748e-04 2.257336343115123748e-04 2.483069977426636231e-03 2.483069977426636231e-03 2.257336343115123748e-04 2.257336343115123748e-04 2.257336343115123748e-04 2.257336343115123748e-04 2.257336343115123748e-04 2.257336343115123748e-04 2.575620767494355978e-01 4.537246049661398939e-02 2.483069977426636231e-03 2.957110609480811947e-02 4.085778781038373886e-02 2.257336343115123748e-04 2.257336343115123748e-04
3.012048192771082976e-04 3.012048192771082976e-04 3.012048192771082976e-04 1.117469879518071807e-01 5.753012048192768235e-02 5.451807228915660219e-02 3.012048192771082976e-04 3.012048192771082976e-04 3.012048192771082976e-04 3.012048192771082976e-04 1.057228915662650065e-01 9.337349397590356467e-03 1.328313253012047557e-01 3.012048192771082976e-04 3.012048192771082976e-04 3.012048192771082976e-04 3.012048192771082976e-04 3.012048192771082976e-04 3.012048192771082976e-04 3.012048192771082976e-04 2.111445783132528953e-01 4.246987951807226769e-02 1.268072289156625954e-01 3.012048192771082976e-04 1.418674698795180100e-01 3.012048192771082976e-04 3.012048192771082976e-04 3.012048192771082976e-04 3.012048192771082976e-04 3.012048192771082976e-04
1.821493624772313295e-04 7.468123861566484077e-03 3.825136612021857920e-03 1.839708561020036298e-02 9.289617486338797372e-03 2.021857923497267714e-02 1.821493624772313295e-04 1.276867030965391503e-01 1.821493624772313295e-04 1.786885245901639330e-01 3.825136612021857920e-03 7.468123861566484077e-03 1.821493624772313295e-04 7.468123861566484077e-03 2.003642987249544625e-03 9.289617486338797372e-03 1.821493624772313295e-04 1.821493624772313295e-04 1.821493624772313295e-04 2.003642987249544625e-03 2.278688524590163911e-01 2.003642987249544625e-03 2.897996357012750379e-01 1.821493624772313295e-04 7.486338797814208468e-02 2.003642987249544625e-03 2.003642987249544625e-03 1.821493624772313295e-04 2.003642987249544625e-03 1.821493624772313295e-04
3.831417624521072924e-04 3.831417624521072924e-04 4.214559386973180596e-03 4.214559386973180596e-03 4.214559386973180596e-03 3.831417624521072924e-04 1.268199233716475194e-01 3.831417624521072924e-04 3.831417624521072924e-04 8.045977011494252762e-03 3.831417624521072924e-04 3.831417624521072924e-04 3.831417624521072924e-04 1.651340996168582376e-01 3.831417624521072924e-04 3.831417624521072924e-04 4.252873563218390746e-02 6.551724137931035086e-02 8.045977011494252762e-03 3.831417624521072924e-04 3.103448275862068922e-02 3.831417624521072924e-04 7.701149425287356909e-02 3.068965517241379337e-01 1.954022988505747099e-02 3.831417624521072924e-04 3.486590038314175966e-02 6.168582375478928043e-02 3.103448275862068922e-02 4.214559386973180596e-03
7.093821510297479774e-03 2.288329519450799945e-04 4.805491990846679287e-03 2.288329519450799945e-04 2.288329519450799945e-04 7.093821510297479774e-03 2.288329519450799945e-04 2.288329519450799945e-04 1.398169336384438577e-01 4.370709382151027889e-02 2.288329519450799945e-04 2.288329519450799945e-04 2.288329519450799945e-04 2.288329519450799945e-04 2.288329519450799945e-04 2.517162471395880102e-03 3.983981693363842225e-01 2.288329519450799945e-04 2.288329519450799945e-04 8.260869565217388022e-02 1.352402745995422706e-01 5.972540045766587535e-02 2.288329519450799945e-04 7.116704805491987085e-02 2.288329519450799945e-04 2.288329519450799945e-04 2.288329519450799945e-04 3.684210526315787743e-02 7.093821510297479774e-03 2.288329519450799945e-04
2.754820936639117666e-04 3.030303030303029433e-03 2.754820936639117666e-04 2.754820936639117666e-04 3.884297520661155606e-02 1.129476584022038113e-02 2.754820936639117666e-04 1.132231404958677357e-01 5.785123966942147533e-03 2.754820936639117666e-04 2.754820936639117666e-04 2.754820936639117666e-04 2.754820936639117666e-04 8.842975206611568273e-02 2.754820936639117666e-04 1.958677685950412362e-01 2.754820936639117666e-04 2.754820936639117666e-04 2.754820936639117666e-04 2.754820936639117666e-04 5.261707988980714873e-02 2.261707988980715400e-01 4.986225895316803020e-02 2.782369146005508539e-02 5.537190082644626726e-02 2.754820936639117666e-04 5.785123966942147533e-03 1.955922865013773326e-02 1.022038567493112615e-01 2.754820936639117666e-04
4.504504504504505116e-04 4.504504504504505116e-04 4.954954954954956386e-03 4.504504504504505116e-04 2.297297297297297425e-02 4.504504504504505116e-04 4.504504504504505116e-04 4.504504504504505116e-04 9.954954954954957358e-02 1.085585585585585738e-01 4.504504504504505116e-04 4.504504504504505116e-04 1.846846846846847065e-02 4.504504504504505116e-04 4.504504504504505116e-04 1.396396396396396532e-02 5.319819819819819884e-01 4.504504504504505116e-04 4.504504504504505116e-04 4.954954954954956386e-03 1.085585585585585738e-01 7.702702702702704518e-02 4.504504504504505116e-04 4.504504504504505116e-04 4.504504504504505116e-04 4.504504504504505116e-04 4.504504504504505116e-04 4.504504504504505116e-04 4.504504504504505116e-04 4.504504504504505116e-04
