6.455621301775149590e-01 5.917159763313611714e-04 6.568047337278108688e-02 5.917159763313611714e-04 5.917159763313611714e-04 5.917159763313611714e-04 5.917159763313611714e-04 4.792899408284025109e-02 1.834319526627219490e-02 5.917159763313611714e-04 5.917159763313611714e-04 1.834319526627219490e-02 6.508875739644972777e-03 5.917159763313611714e-04 5.917159763313611714e-04 4.792899408284025109e-02 1.834319526627219490e-02 5.917159763313611714e-04 5.917159763313611714e-04 6.508875739644972777e-03 5.917159763313611714e-04 5.917159763313611714e-04 1.242603550295858471e-02 5.917159763313611714e-04 5.917159763313611714e-04 7.751479289940831074e-02 1.834319526627219490e-02 6.508875739644972777e-03 5.917159763313611714e-04 5.917159763313611714e-04
3.937007874015748519e-04 3.937007874015748519e-04 3.937007874015748519e-04 3.937007874015748519e-04 1.614173228346456671e-02 3.976377952755905804e-02 3.937007874015748519e-04 4.370078740157480601e-02 1.614173228346456671e-02 8.267716535433072486e-03 3.937007874015748519e-04 3.937007874015748519e-04 3.937007874015748519e-04 5.551181102362204994e-02 2.007874015748031468e-02 1.696850393700787551e-01 3.937007874015748519e-04 4.330708661417323642e-03 1.303149606299212893e-01 1.614173228346456671e-02 3.937007874015748519e-04 1.220472440944882046e-02 3.937007874015748519e-04 3.937007874015748519e-04 3.153543307086614234e-01 3.937007874015748519e-04 4.330708661417323642e-03 9.488188976377955053e-02 4.763779527559055399e-02 3.937007874015748519e-04
7.142857142857142851e-04 3.078571428571428847e-01 1.150000000000000050e-01 7.857142857142857678e-03 6.500000000000000222e-02 7.142857142857142851e-04 7.142857142857142851e-04 7.857142857142857678e-03 1.507142857142857173e-01 7.142857142857142851e-04 7.142857142857142851e-04 7.142857142857142851e-04 7.142857142857142851e-04 7.142857142857142851e-04 4.357142857142856651e-02 7.142857142857142851e-04 7.142857142857142851e-04 7.142857142857142851e-04 7.857142857142857678e-03 7.142857142857142851e-04 7.142857142857142851e-04 7.142857142857142851e-04 7.142857142857142851e-04 7.142857142857142851e-04 7.142857142857142851e-04 7.142857142857142851e-04 7.142857142857142851e-04 1.864285714285714435e-01 4.357142857142856651e-02 5.071428571428571175e-02
2.136524822695036463e-02 8.865248226950359274e-05 1.604609929078015113e-02 8.865248226950359274e-05 2.757092198581561487e-02 2.313829787234043464e-02 8.865248226950359274e-05 1.046985815602837211e-01 8.865248226950359274e-05 8.865248226950359274e-05 6.746453900709221962e-02 5.328014184397165259e-02 3.643617021276597534e-02 1.870567375886525788e-02 1.861702127659575203e-03 1.153368794326241481e-01 7.180851063829789792e-03 2.225177304964540137e-02 4.521276595744682172e-03 6.835106382978725637e-02 3.634751773049646733e-03 8.865248226950359274e-05 1.338652482269504090e-02 8.253546099290783034e-02 1.809397163120567975e-01 5.239361702127661585e-02 8.865248226950359274e-05 7.632978723404257315e-02 8.865248226950359274e-05 1.861702127659575203e-03
4.566210045662101396e-04 6.894977168949772972e-02 2.744292237442922944e-01 4.566210045662101396e-04 4.566210045662101396e-04 4.566210045662101396e-04 4.566210045662101396e-04 4.566210045662101396e-04 1.009132420091324450e-01 4.566210045662101396e-04 4.566210045662101396e-04 6.438356164383562952e-02 1.872146118721461361e-02 5.022831050228311264e-03 5.525114155251142217e-02 2.785388127853881401e-02 4.566210045662101396e-04 4.566210045662101396e-04 4.566210045662101396e-04 4.566210045662101396e-04 4.566210045662101396e-04 4.566210045662101396e-04 4.566210045662101396e-04 4.566210045662101396e-04 4.566210045662101396e-04 7.808219178082193013e-02 5.022831050228311264e-03 2.926940639269406397e-01 4.566210045662101396e-04 4.566210045662101396e-04
4.538135593220339881e-01 4.237288135593221842e-04 1.148305084745763066e-01 4.661016949152543484e-03 4.237288135593221842e-04 1.313559322033898587e-02 4.237288135593221842e-04 1.190677966101695295e-01 1.313559322033898587e-02 4.237288135593221842e-04 4.237288135593221842e-04 4.237288135593221842e-04 4.237288135593221842e-04 4.237288135593221842e-04 4.279661016949153768e-02 5.974576271186442245e-02 4.237288135593221842e-04 4.237288135593221842e-04 4.237288135593221842e-04 4.237288135593221842e-04 4.237288135593221842e-04 4.237288135593221842e-04 4.237288135593221842e-04 4.237288135593221842e-04 4.237288135593221842e-04 7.245762711864409122e-02 8.898305084745764676e-03 4.661016949152543484e-03 8.516949152542376000e-02 4.237288135593221842e-04
6.981981981981980057e-03 2.252252252252251745e-04 2.049549549549549085e-02 9.234234234234231856e-03 1.105855855855855663e-01 2.252252252252251745e-04 2.049549549549549085e-02 4.527027027027025891e-02 5.427927927927926610e-02 4.729729729729729125e-03 2.252252252252251745e-04 2.252252252252251745e-04 1.824324324324323732e-02 2.252252252252251745e-04 5.427927927927926610e-02 7.454954954954953750e-02 2.252252252252251745e-04 2.252252252252251745e-04 2.252252252252251745e-04 3.626126126126125171e-02 2.252252252252251745e-04 2.252252252252251745e-04 3.626126126126125171e-02 2.252252252252251745e-04 2.252252252252251745e-04 1.826576576576575961e-01 2.252252252252251745e-04 2.659909909909908832e-01 2.252252252252251745e-04 5.653153153153152310e-02
4.901960784313726506e-04 2.009803921568627597e-02 1.916666666666667074e-01 5.392156862745098832e-03 1.818627450980392357e-01 5.392156862745098832e-03 4.901960784313726506e-04 5.441176470588236086e-02 7.892156862745099144e-02 4.901960784313726506e-04 4.901960784313726506e-04 4.901960784313726506e-04 4.901960784313726506e-04 4.901960784313726506e-04 4.901960784313726506e-04 4.901960784313726506e-04 4.901960784313726506e-04 1.519607843137255228e-02 4.901960784313726506e-04 3.970588235294118112e-02 4.901960784313726506e-04 5.392156862745098832e-03 4.901960784313726506e-04 1.671568627450980560e-01 4.901960784313726506e-04 4.901960784313726506e-04 2.009803921568627597e-02 1.573529411764706121e-01 4.950980392156863197e-02 4.901960784313726506e-04
2.061855670103092343e-04 3.319587628865978968e-02 6.824742268041235349e-02 2.268041237113401550e-03 2.061855670103092343e-04 2.061855670103092343e-04 1.257731958762886224e-02 7.649484536082472308e-02 2.063917525773195372e-01 2.061855670103092343e-04 2.061855670103092343e-04 2.061855670103092343e-04 1.876288659793813943e-02 2.268041237113401550e-03 2.061855670103092343e-04 3.938144329896906687e-02 2.061855670103092343e-04 2.061855670103092343e-04 2.061855670103092343e-04 8.453608247422677441e-03 2.061855670103092343e-04 2.061855670103092343e-04 7.030927835051545283e-02 2.061855670103092343e-04 2.061855670103092343e-04 1.239175257731958552e-01 8.453608247422677441e-03 3.012371134020617736e-01 1.670103092783504703e-02 8.453608247422677441e-03
2.100840336134453365e-04 1.491596638655461743e-02 1.071428571428571092e-02 2.100840336134453365e-04 2.310924369747898756e-03 2.100840336134453365e-04 2.100840336134453365e-04 7.163865546218485536e-02 9.684873949579829444e-02 8.613445378151257659e-03 2.100840336134453365e-04 9.684873949579829444e-02 2.100840336134453365e-04 2.100840336134453365e-04 2.100840336134453365e-04 1.073529411764705677e-01 2.100840336134453365e-04 2.100840336134453365e-04 4.222689075630251671e-02 2.100840336134453365e-04 2.100840336134453365e-04 2.100840336134453365e-04 1.094537815126050140e-01 2.100840336134453365e-04 2.100840336134453365e-04 1.850840336134453312e-01 2.100840336134453365e-04 2.502100840336133891e-01 2.100840336134453365e-04 2.100840336134453365e-04
7.352941176470591386e-04 8.088235294117651283e-03 6.691176470588237890e-02 7.352941176470591386e-04 7.352941176470591386e-04 7.352941176470591386e-04 7.352941176470591386e-04 7.426470588235296877e-02 7.352941176470591386e-04 7.352941176470591386e-04 7.352941176470591386e-04 2.139705882352942179e-01 7.352941176470591386e-04 3.750000000000001249e-02 7.352941176470591386e-04 9.632352941176473837e-02 8.088235294117651283e-03 7.352941176470591386e-04 7.352941176470591386e-04 3.750000000000001249e-02 7.352941176470591386e-04 7.352941176470591386e-04 3.169117647058825038e-01 9.632352941176473837e-02 3.014705882352942262e-02 7.352941176470591386e-04 7.352941176470591386e-04 7.352941176470591386e-04 7.352941176470591386e-04 7.352941176470591386e-04
6.029288702928871091e-01 4.184100418410043216e-04 9.665271966527200220e-02 4.184100418410043216e-04 9.246861924686194945e-02 4.184100418410043216e-04 4.184100418410043216e-04 4.184100418410043216e-04 4.184100418410043216e-04 4.184100418410043216e-04 4.184100418410043216e-04 4.184100418410043216e-04 4.184100418410043216e-04 2.552301255230126145e-02 4.184100418410043216e-04 9.246861924686194945e-02 4.184100418410043216e-04 4.184100418410043216e-04 4.184100418410043216e-04 4.184100418410043216e-04 1.715481171548117328e-02 4.184100418410043216e-04 4.184100418410043216e-04 4.184100418410043216e-04 4.184100418410043216e-04 6.317991631799164953e-02 4.184100418410043216e-04 4.184100418410043216e-04 4.184100418410043216e-04 4.184100418410043216e-04
5.617977528089889219e-04 5.617977528089889219e-04 5.617977528089889219e-04 1.741573033707865745e-02 5.617977528089889219e-04 1.741573033707865745e-02 5.617977528089889219e-04 5.112359550561799276e-02 5.617977528089889219e-04 5.617977528089889219e-04 3.988764044943821085e-02 5.617977528089889219e-04 5.617977528089889219e-04 5.617977528089889219e-04 5.617977528089889219e-04 1.016853932584270009e-01 3.151685393258428225e-01 3.988764044943821085e-02 1.691011235955056924e-01 5.674157303370788025e-02 5.617977528089889219e-04 5.617977528089889219e-04 1.741573033707865745e-02 4.550561797752810528e-02 5.617977528089889219e-04 5.617977528089889219e-04 5.617977528089889219e-04 6.797752808988766215e-02 5.112359550561799276e-02 5.617977528089889219e-04
5.555133079847908162e-01 3.802281368821293079e-04 8.022813688212927785e-02 3.802281368821293079e-04 3.802281368821293079e-04 3.802281368821293079e-04 3.802281368821293079e-04 3.079847908745246901e-02 1.178707224334600741e-02 1.178707224334600741e-02 4.182509505703422767e-03 3.802281368821293079e-04 3.802281368821293079e-04 3.802281368821293079e-04 4.182509505703422767e-03 1.258555133079848065e-01 3.802281368821293079e-04 3.802281368821293079e-04 3.802281368821293079e-04 1.178707224334600741e-02 4.182509505703422767e-03 3.802281368821293079e-04 3.802281368821293079e-04 3.802281368821293079e-04 4.220532319391635118e-02 6.121673003802281798e-02 2.319391634980988437e-02 3.802281368821293079e-04 2.699619771863117842e-02 3.802281368821293079e-04
3.818390804597699972e-01 5.080459770114941626e-02 1.427586206896551413e-01 2.298850574712643321e-04 5.080459770114941626e-02 2.298850574712643321e-04 3.241379310344826709e-02 4.850574712643677261e-02 9.218390804597699495e-02 2.298850574712643321e-04 2.298850574712643321e-04 2.298850574712643321e-04 2.298850574712643321e-04 2.298850574712643321e-04 4.827586206896550269e-03 4.160919540229884167e-02 2.298850574712643321e-04 2.298850574712643321e-04 2.298850574712643321e-04 2.298850574712643321e-04 2.298850574712643321e-04 2.298850574712643321e-04 4.827586206896550269e-03 5.310344827586205990e-02 2.528735632183907490e-03 7.149425287356320213e-02 2.298850574712643321e-04 2.298850574712643321e-04 1.862068965517240868e-02 2.298850574712643321e-04
6.421383647798744043e-01 6.289308176100631871e-04 1.201257861635220692e-01 6.289308176100631871e-04 6.289308176100631871e-04 6.289308176100631871e-04 6.289308176100631871e-04 6.289308176100631871e-04 6.289308176100631871e-04 6.289308176100631871e-04 6.289308176100631871e-04 6.289308176100631871e-04 6.289308176100631871e-04 6.289308176100631871e-04 6.289308176100631871e-04 5.094339622641511078e-02 6.918238993710694625e-03 6.289308176100631871e-04 6.289308176100631871e-04 6.289308176100631871e-04 6.289308176100631871e-04 6.289308176100631871e-04 6.289308176100631871e-04 5.094339622641511078e-02 6.289308176100631871e-04 5.723270440251573832e-02 6.289308176100631871e-04 6.289308176100631871e-04 5.723270440251573832e-02 6.289308176100631871e-04
5.432653061224490543e-01 8.571428571428573590e-03 1.106122448979592193e-01 4.081632653061225725e-04 6.163265306122450021e-02 4.081632653061225725e-04 4.081632653061225725e-04 1.673469387755102331e-02 6.979591836734695687e-02 4.081632653061225725e-04 4.081632653061225725e-04 4.081632653061225725e-04 4.081632653061225725e-04 2.489795918367347302e-02 4.081632653061225725e-04 4.938775510204082564e-02 4.081632653061225725e-04 4.081632653061225725e-04 4.081632653061225725e-04 4.081632653061225725e-04 4.081632653061225725e-04 4.081632653061225725e-04 4.081632653061225725e-04 4.081632653061225725e-04 4.081632653061225725e-04 6.571428571428573895e-02 4.081632653061225725e-04 4.081632653061225725e-04 4.122448979591837592e-02 4.081632653061225725e-04
5.429487179487177961e-01 2.136752136752136479e-04 1.049145299145298887e-01 2.136752136752136479e-04 4.487179487179485983e-03 2.136752136752136479e-04 1.730769230769230171e-02 7.499999999999998335e-02 2.136752136752136479e-04 1.303418803418802951e-02 2.136752136752136479e-04 2.136752136752136479e-04 4.487179487179485983e-03 2.136752136752136479e-04 2.136752136752136479e-04 1.049145299145298887e-01 2.136752136752136479e-04 2.136752136752136479e-04 6.623931623931622083e-03 1.730769230769230171e-02 2.136752136752136479e-04 2.136752136752136479e-04 2.136752136752136479e-04 1.089743589743589341e-02 2.136752136752136479e-04 6.431623931623930979e-02 2.136752136752136479e-04 2.350427350427349883e-03 2.799145299145298221e-02 2.136752136752136479e-04
4.385714285714286675e-01 4.761904761904763527e-04 2.100000000000000755e-01 4.761904761904763527e-04 4.761904761904763527e-04 1.000000000000000368e-02 4.761904761904763527e-04 4.761904761904763527e-04 4.761904761904763527e-04 4.761904761904763527e-04 4.761904761904763527e-04 8.142857142857146124e-02 4.761904761904763527e-04 4.761904761904763527e-04 4.761904761904763527e-04 7.190476190476191576e-02 4.761904761904763527e-04 4.761904761904763527e-04 4.761904761904763527e-04 4.761904761904763527e-04 4.761904761904763527e-04 4.761904761904763527e-04 4.761904761904763527e-04 5.238095238095239609e-03 4.761904761904763527e-04 1.433333333333333681e-01 1.000000000000000368e-02 1.952380952380952661e-02 4.761904761904763527e-04 4.761904761904763527e-04
9.345794392523369210e-04 9.345794392523369210e-04 1.224299065420561133e-01 9.345794392523369210e-04 9.345794392523369210e-04 4.766355140186917527e-02 9.345794392523369210e-04 1.028037383177570624e-02 9.345794392523369210e-04 1.028037383177570624e-02 1.962616822429907523e-02 9.345794392523369210e-04 1.028037383177570624e-02 9.345794392523369210e-04 9.345794392523369210e-04 1.962616822429907523e-02 3.373831775700936175e-01 1.962616822429907523e-02 1.037383177570093823e-01 8.504672897196265124e-02 1.028037383177570624e-02 9.345794392523369210e-04 1.878504672897197136e-01 9.345794392523369210e-04 9.345794392523369210e-04 9.345794392523369210e-04 9.345794392523369210e-04 9.345794392523369210e-04 9.345794392523369210e-04 9.345794392523369210e-04
6.369426751592358526e-04 6.369426751592358526e-04 1.726114649681529112e-01 6.369426751592358526e-04 6.369426751592358526e-04 6.369426751592358526e-04 7.006369426751594270e-03 6.369426751592358526e-04 6.369426751592358526e-04 1.974522292993630829e-02 6.369426751592358526e-04 6.369426751592358526e-04 6.369426751592358526e-04 6.369426751592358526e-04 6.369426751592358526e-04 6.369426751592358526e-04 3.191082802547771102e-01 6.369426751592358526e-04 1.471337579617834623e-01 1.974522292993630829e-02 6.369426751592358526e-04 6.369426751592358526e-04 8.343949044585988184e-02 6.369426751592358526e-04 6.369426751592358526e-04 6.369426751592358526e-04 6.369426751592358526e-04 1.337579617834395128e-02 2.044585987261146875e-01 6.369426751592358526e-04
4.608294930875577659e-04 3.460829493087558273e-01 1.894009216589862266e-01 9.677419354838711837e-03 9.677419354838711837e-03 5.069124423963135805e-03 4.608294930875577659e-04 2.350230414746544080e-02 9.677419354838711837e-03 4.608294930875577659e-04 4.608294930875577659e-04 1.428571428571429047e-02 3.271889400921659807e-02 4.608294930875577659e-04 4.608294930875577659e-04 4.608294930875577659e-04 4.608294930875577659e-04 4.654377880184332877e-02 4.608294930875577659e-04 1.248847926267281500e-01 4.608294930875577659e-04 4.608294930875577659e-04 4.654377880184332877e-02 4.608294930875577659e-04 4.608294930875577659e-04 3.271889400921659807e-02 4.608294930875577659e-04 1.018433179723502585e-01 4.608294930875577659e-04 4.608294930875577659e-04
4.566210045662101938e-04 1.465753424657534609e-01 3.200913242009132964e-01 4.566210045662101938e-04 4.566210045662101938e-04 4.566210045662101938e-04 4.566210045662101938e-04 2.328767123287671728e-02 9.589041095890413202e-03 4.566210045662101938e-04 9.589041095890413202e-03 7.808219178082194400e-02 4.566210045662101938e-04 2.328767123287671728e-02 4.566210045662101938e-04 4.566210045662101938e-04 4.566210045662101938e-04 4.566210045662101938e-04 2.328767123287671728e-02 2.150684931506849917e-01 1.872146118721461361e-02 1.872146118721461361e-02 7.808219178082194400e-02 2.328767123287671728e-02 5.022831050228312132e-03 4.566210045662101938e-04 4.566210045662101938e-04 4.566210045662101938e-04 4.566210045662101938e-04 4.566210045662101938e-04
7.006369426751594270e-03 6.369426751592358526e-04 6.369426751592358526e-04 1.974522292993630829e-02 7.006369426751594270e-03 6.369426751592358526e-04 6.369426751592358526e-04 6.369426751592358526e-04 6.369426751592358526e-04 1.337579617834395128e-02 6.369426751592358526e-04 6.369426751592358526e-04 6.369426751592358526e-04 6.369426751592358526e-04 3.955414012738854290e-01 3.000000000000000444e-01 6.369426751592358526e-04 1.974522292993630829e-02 6.369426751592358526e-04 6.369426751592358526e-04 6.369426751592358526e-04 6.369426751592358526e-04 3.248407643312102577e-02 6.369426751592358526e-04 6.369426751592358526e-04 6.369426751592358526e-04 1.152866242038216860e-01 6.369426751592358526e-04 1.337579617834395128e-02 6.433121019108281602e-02
6.756756756756758216e-04 6.756756756756758216e-04 2.770270270270270424e-02 6.756756756756758216e-04 6.756756756756758216e-04 6.756756756756758216e-04 6.756756756756758216e-04 6.756756756756758216e-04 6.756756756756758216e-04 6.756756756756758216e-04 6.756756756756758216e-04 6.756756756756758216e-04 6.756756756756758216e-04 6.756756756756758216e-04 6.756756756756758216e-04 6.756756756756758216e-04 3.655405405405406372e-01 6.756756756756758216e-04 1.628378378378378677e-01 6.756756756756758216e-04 6.756756756756758216e-04 6.756756756756758216e-04 2.574324324324324675e-01 7.432432432432434580e-03 7.432432432432434580e-03 6.756756756756758216e-04 6.756756756756758216e-04 2.770270270270270424e-02 1.290540540540540959e-01 6.756756756756758216e-04
8.403361344537817797e-04 8.403361344537817797e-04 2.605042016806723496e-02 8.403361344537817797e-04 8.403361344537817797e-04 8.403361344537817797e-04 9.243697478991600228e-03 9.243697478991600228e-03 8.403361344537817797e-04 8.403361344537817797e-04 8.403361344537817797e-04 2.025210084033614022e-01 2.605042016806723496e-02 8.487394957983195043e-02 8.403361344537817797e-04 8.403361344537817797e-04 8.403361344537817797e-04 8.403361344537817797e-04 8.403361344537817797e-04 8.403361344537817797e-04 9.243697478991600228e-03 8.403361344537817797e-04 3.957983193277311851e-01 1.764705882352941846e-02 8.403361344537817797e-04 7.647058823529413740e-02 8.403361344537817797e-04 1.268907563025210294e-01 8.403361344537817797e-04 8.403361344537817797e-04
1.385135135135134518e-02 3.378378378378377482e-04 3.716216216216215121e-03 3.378378378378377482e-04 1.047297297297297008e-02 3.378378378378377482e-04 3.716216216216215121e-03 7.094594594594592386e-03 3.378378378378377482e-04 3.378378378378377482e-04 3.716216216216215121e-03 3.378378378378377482e-04 3.378378378378377482e-04 7.804054054054052059e-02 7.094594594594592386e-03 6.790540540540537795e-02 3.378378378378377482e-04 1.047297297297297008e-02 5.101351351351349206e-02 8.141891891891889221e-02 3.749999999999998473e-02 3.378378378378377482e-04 5.037162162162159840e-01 3.378378378378377482e-04 3.378378378378377482e-04 3.716216216216215121e-03 3.378378378378377482e-04 6.114864864864862776e-02 5.101351351351349206e-02 3.378378378378377482e-04
4.724299065420561883e-01 4.672897196261683521e-04 1.219626168224299395e-01 4.672897196261683521e-04 4.672897196261683521e-04 4.672897196261683521e-04 4.672897196261683521e-04 4.672897196261683521e-04 1.448598130841121864e-02 5.140186915887852252e-03 4.672897196261683521e-04 6.121495327102804973e-02 4.672897196261683521e-04 4.672897196261683521e-04 4.672897196261683521e-04 7.056074766355141525e-02 4.672897196261683521e-04 4.672897196261683521e-04 4.672897196261683521e-04 5.140186915887852252e-03 4.672897196261683521e-04 4.672897196261683521e-04 4.672897196261683521e-04 4.672897196261683521e-04 4.672897196261683521e-04 1.546728971962617327e-01 3.317757009345795316e-02 4.719626168224300145e-02 5.140186915887852252e-03 4.672897196261683521e-04
4.400000000000001132e-03 4.000000000000000734e-04 1.084000000000000241e-01 4.000000000000000734e-04 4.400000000000001132e-03 1.240000000000000130e-02 4.000000000000000734e-04 9.240000000000000990e-02 4.000000000000000734e-04 4.000000000000000734e-04 4.000000000000000734e-04 4.000000000000000734e-04 4.000000000000000734e-04 6.840000000000001634e-02 4.000000000000000734e-04 1.204000000000000209e-01 3.240000000000000518e-02 1.240000000000000130e-02 4.000000000000000734e-04 2.840000000000000163e-02 4.000000000000000734e-04 4.000000000000000734e-04 4.400000000000001132e-03 4.000000000000000734e-04 4.000000000000000734e-04 4.000000000000000734e-04 4.000000000000000734e-04 2.364000000000000268e-01 2.684000000000000274e-01 4.000000000000000734e-04
4.784688995215311143e-04 4.784688995215311143e-04 6.746411483253587915e-02 2.918660287081339608e-02 4.784688995215311143e-04 1.004784688995215280e-02 4.784688995215311143e-04 4.784688995215311143e-04 4.784688995215311143e-04 4.784688995215311143e-04 4.784688995215311143e-04 4.784688995215311143e-04 4.784688995215311143e-04 4.784688995215311143e-04 4.784688995215311143e-04 1.535885167464114964e-01 4.784688995215311143e-04 4.784688995215311143e-04 8.181818181818183155e-02 1.057416267942583865e-01 4.784688995215311143e-04 3.397129186602870776e-02 1.392344497607655440e-01 4.784688995215311143e-04 2.440191387559808439e-02 1.009569377990430644e-01 4.784688995215311143e-04 2.444976076555024080e-01 4.784688995215311143e-04 4.784688995215311143e-04
4.556886227544911239e-01 5.988023952095810482e-04 1.143712574850299923e-01 1.257485029940120201e-02 5.988023952095810482e-04 5.988023952095810482e-04 5.988023952095810482e-04 5.988023952095810482e-04 1.856287425149701423e-02 1.257485029940120201e-02 5.988023952095810482e-04 3.652694610778443873e-02 5.988023952095810482e-04 1.023952095808383644e-01 6.586826347305392397e-03 4.251497005988025268e-02 5.988023952095810482e-04 5.988023952095810482e-04 5.988023952095810482e-04 5.988023952095810482e-04 5.988023952095810482e-04 5.988023952095810482e-04 5.988023952095810482e-04 7.245508982035930856e-02 5.988023952095810482e-04 4.850299401197605970e-02 5.988023952095810482e-04 6.646706586826349461e-02 5.988023952095810482e-04 5.988023952095810482e-04
4.464285714285714688e-04 4.464285714285714688e-04 1.388392857142857206e-01 1.383928571428571543e-02 4.464285714285714688e-04 9.374999999999999653e-03 4.464285714285714688e-04 9.374999999999999653e-03 4.464285714285714688e-04 9.419642857142858372e-02 4.464285714285714688e-04 2.147321428571428714e-01 4.464285714285714688e-04 4.464285714285714688e-04 4.464285714285714688e-04 8.080357142857143293e-02 4.464285714285714688e-04 3.169642857142856984e-02 4.910714285714286483e-03 4.464285714285714688e-04 4.464285714285714688e-04 1.834821428571428714e-01 6.294642857142856984e-02 4.464285714285714688e-04 4.464285714285714688e-04 3.616071428571428215e-02 5.401785714285713830e-02 5.848214285714285754e-02 4.464285714285714688e-04 4.464285714285714688e-04
1.210653753026634251e-04 2.070217917675544819e-02 6.549636803874091251e-02 1.210653753026634251e-04 1.210653753026634251e-04 1.210653753026634251e-04 9.818401937046002115e-02 6.912832929782081193e-02 2.313559322033897914e-01 2.796610169491525050e-02 1.210653753026634251e-04 4.491525423728812833e-02 1.210653753026634251e-04 1.210653753026634251e-04 1.210653753026634251e-04 1.647699757869248993e-01 1.210653753026634251e-04 4.963680387409200034e-03 1.210653753026634251e-04 2.312348668280871447e-02 1.210653753026634251e-04 1.210653753026634251e-04 4.007263922518159577e-02 4.007263922518159577e-02 1.210653753026634251e-04 1.066585956416464670e-01 1.331719128329297798e-03 5.823244552058110673e-02 1.331719128329297798e-03 1.210653753026634251e-04
5.445595854922281598e-01 5.181347150259069285e-04 8.341968911917101159e-02 5.181347150259069285e-04 5.181347150259069285e-04 5.181347150259069285e-04 5.181347150259069285e-04 5.699481865284976648e-03 5.181347150259069285e-04 5.181347150259069285e-04 5.181347150259069285e-04 1.606217616580311522e-02 5.181347150259069285e-04 5.181347150259069285e-04 5.181347150259069285e-04 5.233160621761659415e-02 5.181347150259069285e-04 5.181347150259069285e-04 5.699481865284976648e-03 5.181347150259069285e-04 5.181347150259069285e-04 5.181347150259069285e-04 5.181347150259069285e-04 2.642487046632124859e-02 5.181347150259069285e-04 1.611398963730570622e-01 5.181347150259069285e-04 8.860103626943008348e-02 5.699481865284976648e-03 5.181347150259069285e-04
2.857142857142856273e-04 2.857142857142856273e-04 1.774285714285713800e-01 8.857142857142855097e-03 2.599999999999999187e-02 2.857142857142856273e-04 1.171428571428571007e-02 2.857142857142856273e-04 2.688571428571427391e-01 6.599999999999998923e-02 3.742857142857141522e-02 2.314285714285713516e-02 2.857142857142856273e-04 2.857142857142856273e-04 2.857142857142856273e-04 1.459999999999999631e-01 2.857142857142856273e-04 5.999999999999998390e-03 2.857142857142856273e-04 5.457142857142855547e-02 2.028571428571427845e-02 2.857142857142856273e-04 2.857142857142856273e-04 2.857142857142856273e-04 2.857142857142856273e-04 4.599999999999999228e-02 1.171428571428571007e-02 8.599999999999997924e-02 3.142857142857142117e-03 3.142857142857142117e-03
3.979460847240050454e-03 1.283697047496790557e-04 2.323491655969190869e-02 4.635430038510910400e-01 1.283697047496790557e-04 3.863928112965338973e-02 1.283697047496790557e-04 5.789473684210524884e-02 1.283697047496790557e-04 3.979460847240050454e-03 7.586649550706031642e-02 3.222079589216943901e-02 1.283697047496790557e-04 1.283697047496790557e-04 1.283697047496790557e-04 6.174582798459561650e-02 1.283697047496790557e-04 9.114249037227210512e-03 1.168164313222079184e-02 4.762516046213092352e-02 7.830551989730420714e-03 2.323491655969190869e-02 1.028241335044929039e-01 2.066752246469832563e-02 1.283697047496790557e-04 1.168164313222079184e-02 1.283697047496790557e-04 1.283697047496790557e-04 2.695763799743259789e-03 1.283697047496790557e-04
5.052380952380952639e-01 4.761904761904762985e-04 1.433333333333333681e-01 4.761904761904762985e-04 4.761904761904762985e-04 4.761904761904762985e-04 4.761904761904762985e-04 5.238095238095239609e-03 4.761904761904762985e-04 4.761904761904762985e-04 4.761904761904762985e-04 4.761904761904762985e-04 4.761904761904762985e-04 4.761904761904762985e-04 4.761904761904762985e-04 8.619047619047620623e-02 4.761904761904762985e-04 4.761904761904762985e-04 4.761904761904762985e-04 1.476190476190476428e-02 1.000000000000000194e-02 4.761904761904762985e-04 4.761904761904762985e-04 4.761904761904762985e-04 1.000000000000000194e-02 1.147619047619047872e-01 4.761904761904762985e-04 4.761904761904762985e-04 1.004761904761904967e-01 4.761904761904762985e-04
2.941176470588234494e-04 2.941176470588234494e-04 1.179411764705882021e-01 2.941176470588234494e-04 4.441176470588233810e-02 1.499999999999999424e-02 2.941176470588234494e-04 3.852941176470586759e-02 2.088235294117646301e-02 4.708823529411763076e-01 1.499999999999999424e-02 5.617647058823527911e-02 1.499999999999999424e-02 2.941176470588234494e-04 1.499999999999999424e-02 9.735294117647055878e-02 2.941176470588234494e-04 9.117647058823527204e-03 2.941176470588234494e-04 3.235294117647057998e-03 2.941176470588234494e-04 3.235294117647057998e-03 2.941176470588234494e-04 2.941176470588234494e-04 2.941176470588234494e-04 2.941176470588234494e-04 2.941176470588234494e-04 7.382352941176469063e-02 2.941176470588234494e-04 2.941176470588234494e-04
2.824858757062145907e-04 2.824858757062145907e-04 8.220338983050845538e-02 3.418079096045196358e-02 2.824858757062145907e-04 4.265536723163840249e-02 4.830508474576269973e-02 2.824858757062145907e-04 2.824858757062145907e-04 4.437853107344631454e-01 2.824858757062145907e-04 2.824858757062145907e-04 2.824858757062145907e-04 2.824858757062145907e-04 2.824858757062145907e-04 1.245762711864406430e-01 2.824858757062145907e-04 2.824858757062145907e-04 2.824858757062145907e-04 1.440677966101694407e-02 2.824858757062145907e-04 2.824858757062145907e-04 6.807909604519772617e-02 2.824858757062145907e-04 3.107344632768360877e-03 2.824858757062145907e-04 2.824858757062145907e-04 1.330508474576270750e-01 2.824858757062145907e-04 2.824858757062145907e-04
2.147887323943661886e-02 3.521126760563380470e-04 8.838028169014085222e-02 3.521126760563380470e-04 7.394366197183099149e-03 1.443661971830985727e-02 3.521126760563380470e-04 3.521126760563380470e-04 1.091549295774647994e-02 3.521126760563380470e-04 7.394366197183099149e-03 3.630281690140844675e-01 3.521126760563380470e-04 3.521126760563380470e-04 3.521126760563380470e-04 3.908450704225351763e-02 3.521126760563380470e-04 1.091549295774647994e-02 3.521126760563380470e-04 1.443661971830985727e-02 3.873239436619718788e-03 3.521126760563380470e-04 3.521126760563380470e-04 7.077464788732394652e-02 3.521126760563380470e-04 2.186619718309859295e-01 1.795774647887323980e-02 1.024647887323943685e-01 3.521126760563380470e-04 3.873239436619718788e-03
8.677685950413224769e-03 4.132231404958678668e-04 4.219008264462810742e-01 4.132231404958678668e-04 1.615702479338843311e-01 4.132231404958678668e-04 4.132231404958678668e-04 2.107438016528925817e-02 4.132231404958678668e-04 4.132231404958678668e-04 4.132231404958678668e-04 4.132231404958678668e-04 4.132231404958678668e-04 4.132231404958678668e-04 4.132231404958678668e-04 7.892561983471077514e-02 5.000000000000000971e-02 8.677685950413224769e-03 5.000000000000000971e-02 4.132231404958678668e-04 1.280991735537190430e-02 4.132231404958678668e-04 4.132231404958678668e-04 4.132231404958678668e-04 4.132231404958678668e-04 4.132231404958678668e-04 1.491735537190083116e-01 4.132231404958678668e-04 2.933884297520661724e-02 4.132231404958678668e-04
3.311258278145694819e-04 3.311258278145694819e-04 9.966887417218542322e-02 3.311258278145694819e-04 3.675496688741720919e-02 1.688741721854304309e-02 2.122516556291390022e-01 3.311258278145694819e-04 6.986754966887416540e-02 3.311258278145694819e-04 1.162251655629138875e-01 5.331125827814568729e-02 1.688741721854304309e-02 3.311258278145694819e-04 3.311258278145694819e-04 7.649006622516554832e-02 3.311258278145694819e-04 3.311258278145694819e-04 3.311258278145694819e-04 4.337748344370859904e-02 3.311258278145694819e-04 3.311258278145694819e-04 3.311258278145694819e-04 3.311258278145694819e-04 3.311258278145694819e-04 1.956953642384105518e-01 3.311258278145694819e-04 5.662251655629138569e-02 3.311258278145694819e-04 3.311258278145694819e-04
5.617977528089889219e-04 5.617977528089889219e-04 7.359550561797754964e-02 5.617977528089889219e-04 5.617977528089889219e-04 5.617977528089889219e-04 5.617977528089889219e-04 6.797752808988766215e-02 5.617977528089889219e-04 4.387640449438203194e-01 6.179775280898879009e-03 5.617977528089889219e-04 6.797752808988766215e-02 1.741573033707865745e-02 5.617977528089889219e-04 1.016853932584270009e-01 6.179775280898879009e-03 5.617977528089889219e-04 5.617977528089889219e-04 1.741573033707865745e-02 5.617977528089889219e-04 5.617977528089889219e-04 8.483146067415732461e-02 5.617977528089889219e-04 5.617977528089889219e-04 5.617977528089889219e-04 5.617977528089889219e-04 1.016853932584270009e-01 5.617977528089889219e-04 6.179775280898879009e-03
2.793296089385474083e-04 2.793296089385474083e-04 1.706703910614524589e-01 3.379888268156423098e-02 1.287709497206703524e-01 2.793296089385474083e-04 2.793296089385474083e-04 2.793296089385474083e-04 2.793296089385474083e-04 3.659217877094970983e-02 2.793296089385474083e-04 5.055865921787708328e-02 2.793296089385474083e-04 2.793296089385474083e-04 2.793296089385474083e-04 9.245810055865918975e-02 2.793296089385474083e-04 2.793296089385474083e-04 2.793296089385474083e-04 3.072625698324021708e-03 3.072625698324021708e-03 5.865921787709495357e-03 1.539106145251396274e-01 1.703910614525138909e-02 2.793296089385474083e-04 1.455307262569832116e-01 2.793296089385474083e-04 1.539106145251396274e-01 2.793296089385474083e-04 2.793296089385474083e-04
5.952380952380954002e-04 5.952380952380954002e-04 1.553571428571428881e-01 5.416666666666667546e-02 5.952380952380954002e-04 3.630952380952381237e-02 5.952380952380954002e-04 1.017857142857143127e-01 5.952380952380954002e-04 3.630952380952381237e-02 5.952380952380954002e-04 5.952380952380954002e-04 5.952380952380954002e-04 1.250000000000000243e-02 5.952380952380954002e-04 5.952380952380954002e-04 6.547619047619049511e-03 5.952380952380954002e-04 4.470238095238095455e-01 5.952380952380954002e-04 5.952380952380954002e-04 5.952380952380954002e-04 1.315476190476190799e-01 6.547619047619049511e-03 5.952380952380954002e-04 5.952380952380954002e-04 5.952380952380954002e-04 5.952380952380954002e-04 5.952380952380954002e-04 5.952380952380954002e-04
4.500000000000000666e-01 4.587155963302753632e-04 1.610091743119266561e-01 4.587155963302753632e-04 4.587155963302753632e-04 1.422018348623853637e-02 4.587155963302753632e-04 6.009174311926607226e-02 4.587155963302753632e-04 4.587155963302753632e-04 4.587155963302753632e-04 1.422018348623853637e-02 4.587155963302753632e-04 4.587155963302753632e-04 4.587155963302753632e-04 1.747706422018349137e-01 4.587155963302753632e-04 4.587155963302753632e-04 4.587155963302753632e-04 4.587155963302753632e-04 1.880733944954128892e-02 4.587155963302753632e-04 4.587155963302753632e-04 4.587155963302753632e-04 4.587155963302753632e-04 4.587155963302753632e-04 4.587155963302753632e-04 8.302752293577984888e-02 4.587155963302753632e-04 1.422018348623853637e-02
4.641350210970465739e-03 4.219409282700423104e-04 4.261603375527427129e-02 4.641350210970465739e-03 4.219409282700423104e-04 4.219409282700423104e-04 2.704641350210970629e-01 4.219409282700423104e-04 4.219409282700423104e-04 3.839662447257384537e-02 1.691983122362869796e-01 5.949367088607596110e-02 1.308016877637131238e-02 4.219409282700423104e-04 4.219409282700423104e-04 3.839662447257384537e-02 4.219409282700423104e-04 4.219409282700423104e-04 3.839662447257384537e-02 1.308016877637131238e-02 4.219409282700423104e-04 4.219409282700423104e-04 4.219409282700423104e-04 4.219409282700423104e-04 4.219409282700423104e-04 1.734177215189873777e-01 4.641350210970465739e-03 9.746835443037978053e-02 4.641350210970465739e-03 2.151898734177215555e-02
7.407407407407409208e-04 7.407407407407409208e-04 3.777777777777778512e-02 7.407407407407409208e-04 8.148148148148150888e-03 7.407407407407409208e-04 6.000000000000001166e-02 7.407407407407409208e-04 1.266666666666667052e-01 7.407407407407409208e-04 7.407407407407409208e-04 7.407407407407409208e-04 7.407407407407409208e-04 7.407407407407409208e-04 7.407407407407409208e-04 1.118518518518518690e-01 3.859259259259260055e-01 8.148148148148150888e-03 7.407407407407409208e-04 7.407407407407409208e-04 7.407407407407409208e-04 7.407407407407409208e-04 1.192592592592593009e-01 7.407407407407409208e-04 7.407407407407409208e-04 1.555555555555556031e-02 8.962962962962964242e-02 2.296296296296296974e-02 7.407407407407409208e-04 7.407407407407409208e-04
4.702325581395349063e-01 5.116279069767443177e-03 1.632558139534883990e-01 4.651162790697675221e-04 4.651162790697675221e-04 4.651162790697675221e-04 4.651162790697675221e-04 9.767441860465117531e-03 4.651162790697675221e-04 4.651162790697675221e-04 4.651162790697675221e-04 4.651162790697675221e-04 1.441860465116279362e-02 4.651162790697675221e-04 4.651162790697675221e-04 8.883720930232559543e-02 4.651162790697675221e-04 4.651162790697675221e-04 4.651162790697675221e-04 4.651162790697675221e-04 4.651162790697675221e-04 4.651162790697675221e-04 4.651162790697675221e-04 4.651162790697675221e-04 4.651162790697675221e-04 1.493023255813953620e-01 4.651162790697675221e-04 4.651162790697675221e-04 8.883720930232559543e-02 4.651162790697675221e-04
5.952380952380955086e-04 5.952380952380955086e-04 1.196428571428571896e-01 5.952380952380955086e-04 5.952380952380955086e-04 5.952380952380955086e-04 5.952380952380955086e-04 1.250000000000000416e-02 5.952380952380955086e-04 5.952380952380955086e-04 6.547619047619050378e-03 5.952380952380955086e-04 5.952380952380955086e-04 4.470238095238096565e-01 5.952380952380955086e-04 2.267857142857143682e-01 5.952380952380955086e-04 5.416666666666668239e-02 1.250000000000000416e-02 5.952380952380955086e-04 5.952380952380955086e-04 5.952380952380955086e-04 5.952380952380955086e-04 3.630952380952381930e-02 5.952380952380955086e-04 3.630952380952381930e-02 5.952380952380955086e-04 5.952380952380955086e-04 3.035714285714286378e-02 6.547619047619050378e-03
3.952569169960474800e-04 3.952569169960474800e-04 2.217391304347826331e-01 2.411067193675889286e-02 3.952569169960474800e-04 3.952569169960474800e-04 3.952569169960474800e-04 3.596837944664031672e-02 3.952569169960474800e-04 4.387351778656126827e-02 3.952569169960474800e-04 2.177865612648221538e-01 1.620553359683794478e-02 3.952569169960474800e-04 3.952569169960474800e-04 2.411067193675889286e-02 3.952569169960474800e-04 4.347826086956522659e-03 3.952569169960474800e-04 3.952569169960474800e-04 3.952569169960474800e-04 2.015810276679842056e-02 3.166007905138339962e-01 3.952569169960474800e-04 3.952569169960474800e-04 3.952569169960474800e-04 4.347826086956522659e-03 6.363636363636364368e-02 3.952569169960474800e-04 3.952569169960474800e-04
2.135922330097086985e-03 1.941747572815533574e-04 1.205825242718446405e-01 1.941747572815533574e-04 1.941747572815533574e-04 4.077669902912620450e-03 7.961165048543687381e-03 4.485436893203882669e-02 1.941747572815533574e-04 4.759223300970872872e-01 1.941747572815533574e-04 5.844660194174756268e-02 5.067961165048542882e-02 6.019417475728153916e-03 2.135922330097086985e-03 6.427184466019415787e-02 1.941747572815533574e-04 1.941747572815533574e-04 2.135922330097086985e-03 3.514563106796116110e-02 1.941747572815533574e-04 2.135922330097086985e-03 4.097087378640776323e-02 1.941747572815533574e-04 1.941747572815533574e-04 1.941747572815533574e-04 1.941747572815533574e-04 7.980582524271842559e-02 1.941747572815533574e-04 1.941747572815533574e-04
4.310344827586207379e-04 4.310344827586207379e-04 1.728448275862068950e-01 9.051724137931035225e-03 4.310344827586207379e-04 4.310344827586207379e-04 4.310344827586207379e-04 2.198275862068965400e-02 4.310344827586207379e-04 9.525862068965518237e-02 4.310344827586207379e-04 1.254310344827586354e-01 6.077586206896551380e-02 4.310344827586207379e-04 4.310344827586207379e-04 9.525862068965518237e-02 4.310344827586207379e-04 4.310344827586207379e-04 4.310344827586207379e-04 4.310344827586207379e-04 4.310344827586207379e-04 4.741379310344828388e-03 2.073275862068965636e-01 4.310344827586207379e-04 4.310344827586207379e-04 9.051724137931035225e-03 4.310344827586207379e-04 1.900862068965517293e-01 4.310344827586207379e-04 4.310344827586207379e-04
