4.672897196261682437e-04 4.672897196261682437e-04 4.672897196261682437e-04 7.523364485981308414e-02 4.672897196261682437e-04 4.672897196261682437e-04 7.056074766355140138e-02 7.990654205607476690e-02 1.499999999999999944e-01 2.387850467289719669e-01 4.672897196261682437e-04 4.672897196261682437e-04 5.186915887850467033e-02 4.672897196261682437e-04 1.313084112149532912e-01 4.672897196261682437e-04 4.719626168224298757e-02 9.859813084112149795e-02 4.672897196261682437e-04 5.140186915887850518e-03 2.383177570093457723e-02 1.915887850467289447e-02 4.672897196261682437e-04 4.672897196261682437e-04 4.672897196261682437e-04 4.672897196261682437e-04 4.672897196261682437e-04 4.672897196261682437e-04 4.672897196261682437e-04 4.672897196261682437e-04
2.865329512893981527e-04 2.893982808022921294e-02 8.911174785100282880e-02 2.865329512893981527e-04 2.865329512893981527e-04 2.865329512893981527e-04 3.151862464183379734e-03 2.865329512893981527e-04 1.636103151862463301e-01 7.191977077363893855e-02 3.151862464183379734e-03 2.865329512893981527e-04 4.613180515759310318e-02 1.174785100286532269e-02 6.045845272206300941e-02 2.865329512893981527e-04 2.865329512893981527e-04 5.759312320916903233e-02 2.865329512893981527e-04 2.865329512893981527e-04 4.613180515759310318e-02 5.186246418338106429e-02 1.234957020057306093e-01 2.034383954154726781e-02 1.461318051575930498e-02 2.865329512893981527e-04 9.484240687679078297e-02 3.180515759312319002e-02 2.865329512893981527e-04 7.765042979942690660e-02
9.201183431952660030e-02 2.958579881656803689e-04 9.201183431952660030e-02 3.254437869822484220e-03 2.958579881656803689e-04 5.355029585798815051e-02 6.242603550295856146e-02 5.946745562130176244e-02 1.213017751479289474e-02 3.284023668639052262e-02 2.958579881656803689e-04 2.958579881656803689e-04 2.692307692307691416e-02 1.804733727810650321e-02 2.958579881656803689e-04 2.958579881656803689e-04 2.958579881656803689e-04 3.434911242603548853e-01 2.692307692307691416e-02 2.958579881656803689e-04 3.875739644970412762e-02 2.958579881656803689e-04 2.958579881656803689e-04 2.958579881656803689e-04 2.100591715976330570e-02 9.792899408284021223e-02 2.958579881656803689e-04 1.213017751479289474e-02 3.254437869822484220e-03 2.958579881656803689e-04
5.555555555555556635e-04 5.555555555555556635e-04 5.555555555555556635e-04 1.166666666666666893e-02 5.555555555555556635e-04 5.555555555555556635e-04 6.722222222222222487e-02 5.555555555555556635e-04 1.227777777777778051e-01 5.611111111111111854e-02 2.833333333333333537e-02 5.555555555555556635e-04 3.283333333333333659e-01 1.166666666666666893e-02 8.944444444444446529e-02 5.555555555555556635e-04 1.116666666666666918e-01 5.555555555555556635e-04 3.944444444444444864e-02 5.555555555555556635e-04 5.555555555555556635e-04 5.555555555555556635e-04 5.555555555555556635e-04 5.555555555555556635e-04 1.166666666666666893e-02 5.555555555555556635e-04 5.555555555555556635e-04 1.116666666666666918e-01 5.555555555555556635e-04 5.555555555555556635e-04
4.566210045662101938e-04 4.566210045662101938e-04 4.566210045662101938e-04 1.415525114155251514e-02 4.566210045662101938e-04 2.328767123287671728e-02 4.296803652968037568e-01 5.022831050228312132e-03 4.566210045662101938e-04 4.566210045662101938e-04 7.808219178082194400e-02 4.566210045662101938e-04 8.264840182648404421e-02 4.566210045662101938e-04 4.566210045662101938e-04 4.566210045662101938e-04 4.566210045662101938e-04 4.611872146118722177e-02 4.566210045662101938e-04 1.415525114155251514e-02 2.196347031963470919e-01 4.566210045662101938e-04 4.566210045662101938e-04 4.566210045662101938e-04 4.155251141552512156e-02 2.785388127853881748e-02 4.566210045662101938e-04 4.566210045662101938e-04 9.589041095890413202e-03 4.566210045662101938e-04
3.816793893129770952e-04 3.816793893129770952e-04 1.797709923664122245e-01 6.526717557251908441e-02 1.946564885496182909e-02 4.236641221374045502e-02 9.198473282442748422e-02 8.435114503816794340e-02 3.816793893129770952e-04 3.816793893129770952e-04 2.709923664122137338e-02 8.015267175572519595e-03 6.908396946564886176e-02 3.816793893129770952e-04 3.816793893129770952e-04 1.183206106870229000e-02 3.816793893129770952e-04 7.671755725190840258e-02 3.816793893129770952e-04 3.816793893129770952e-04 8.435114503816794340e-02 4.198473282442748318e-03 3.816793893129770952e-04 4.198473282442748318e-03 3.816793893129770952e-04 1.072519083969465659e-01 5.763358778625954359e-02 1.946564885496182909e-02 3.816793893129770952e-04 4.236641221374045502e-02
9.454094292803964794e-02 2.481389578163770626e-04 2.481389578163770626e-04 6.476426799007441171e-02 2.481389578163770626e-04 2.481389578163770626e-04 1.491315136476425995e-01 1.491315136476425995e-01 2.481389578163770626e-04 7.220843672456571383e-02 2.481389578163770626e-04 1.265508684863522748e-02 3.995037220843670328e-02 3.995037220843670328e-02 5.732009925558309571e-02 2.481389578163770626e-04 2.481389578163770626e-04 2.729528535980147580e-03 2.481389578163770626e-04 2.729528535980147580e-03 2.481389578163770626e-04 2.481389578163770626e-04 2.481389578163770626e-04 2.483870967741934055e-01 2.481389578163770626e-04 2.481389578163770626e-04 2.481389578163770626e-04 4.491315136476424497e-02 1.761786600496276917e-02 2.481389578163770626e-04
8.516949152542376000e-02 4.237288135593221842e-04 2.584745762711864944e-02 4.237288135593221842e-04 6.822033898305086830e-02 4.237288135593221842e-04 4.237288135593221842e-04 6.398305084745764537e-02 4.237288135593221842e-04 3.055084745762712273e-01 4.237288135593221842e-04 4.237288135593221842e-04 4.237288135593221842e-04 4.237288135593221842e-04 3.055084745762712273e-01 8.898305084745764676e-03 1.313559322033898587e-02 4.237288135593221842e-04 4.237288135593221842e-04 4.237288135593221842e-04 4.237288135593221842e-04 4.237288135593221842e-04 8.898305084745764676e-03 7.245762711864409122e-02 4.237288135593221842e-04 4.237288135593221842e-04 4.237288135593221842e-04 3.432203389830509183e-02 4.237288135593221842e-04 4.237288135593221842e-04
4.184100418410042674e-04 4.184100418410042674e-04 8.786610878661088586e-03 4.184100418410042674e-04 4.184100418410042674e-04 4.184100418410042674e-04 1.297071129707113094e-02 4.184100418410042674e-04 4.602510460251047104e-03 3.807531380753138156e-02 4.184100418410042674e-04 4.184100418410042674e-04 4.184100418410042674e-04 1.715481171548117328e-02 4.184100418410042674e-04 6.317991631799163565e-02 4.184100418410042674e-04 4.184100418410042674e-04 4.184100418410042674e-04 4.184100418410042674e-04 2.970711297071130033e-02 7.154811715481172729e-02 1.297071129707113094e-02 3.389121338912134268e-02 4.184100418410042674e-04 8.786610878661088586e-03 5.025104602510460650e-01 4.184100418410042674e-04 4.184100418410042674e-04 1.887029288702929131e-01
4.784688995215311685e-04 4.784688995215311685e-04 4.784688995215311685e-04 4.784688995215311685e-04 1.004784688995215454e-02 4.784688995215311685e-04 4.784688995215311685e-04 1.153110047846890168e-01 1.296650717703349553e-01 5.311004784688995450e-02 1.004784688995215454e-02 4.784688995215311685e-04 4.784688995215311685e-04 4.784688995215311685e-04 4.784688995215311685e-04 4.784688995215311685e-04 3.397129186602870776e-02 7.224880382775120125e-02 4.784688995215311685e-04 4.784688995215311685e-04 5.263157894736842854e-03 4.784688995215311685e-04 4.784688995215311685e-04 5.263157894736842854e-03 1.961722488038277618e-02 4.784688995215311685e-04 2.875598086124402375e-01 1.961722488038277618e-02 4.784688995215311685e-04 2.301435406698565111e-01
2.398081534772181765e-04 2.398081534772181765e-04 1.462829736211030719e-02 2.637889688249399778e-03 2.398081534772181765e-04 1.462829736211030719e-02 1.824940047961630119e-01 2.398081534772181765e-04 7.218225419664267561e-02 2.184652278177457163e-01 2.398081534772181765e-04 5.035971223021581435e-03 5.035971223021581435e-03 2.398081534772181765e-04 2.398081534772181765e-04 2.398081534772181765e-04 2.398081534772181765e-04 3.935251798561149594e-01 2.398081534772181765e-04 2.398081534772181765e-04 2.398081534772181765e-04 9.832134292565943012e-03 2.398081534772181765e-04 1.462829736211030719e-02 7.434052757793763525e-03 2.398081534772181765e-04 2.398081534772181765e-04 4.580335731414867523e-02 5.035971223021581435e-03 5.035971223021581435e-03
2.070247933884298008e-01 4.132231404958678668e-04 4.132231404958678668e-04 4.132231404958678668e-04 1.280991735537190430e-02 4.132231404958678668e-04 4.132231404958678668e-04 4.132231404958678668e-04 7.892561983471077514e-02 4.132231404958678668e-04 4.132231404958678668e-04 4.132231404958678668e-04 4.132231404958678668e-04 4.132231404958678668e-04 1.822314049586777340e-01 4.132231404958678668e-04 4.132231404958678668e-04 9.545454545454548634e-02 1.694214876033058037e-02 4.132231404958678668e-04 4.173553719008265411e-02 4.545454545454546968e-03 3.061983471074380403e-01 4.132231404958678668e-04 4.545454545454546968e-03 4.132231404958678668e-04 4.132231404958678668e-04 4.173553719008265411e-02 4.132231404958678668e-04 4.132231404958678668e-04
4.629629629629630348e-04 1.435185185185185348e-02 6.990740740740741810e-02 4.629629629629630348e-04 4.675925925925926430e-02 4.629629629629630348e-04 1.300925925925926208e-01 4.629629629629630348e-04 5.138888888888889367e-02 6.527777777777778179e-02 5.092592592592593871e-03 4.629629629629630348e-04 4.675925925925926430e-02 4.629629629629630348e-04 4.629629629629630348e-04 4.212962962962963492e-02 4.629629629629630348e-04 2.361111111111111396e-02 4.629629629629630348e-04 9.722222222222224111e-03 4.629629629629630348e-04 4.629629629629630348e-04 4.629629629629630348e-04 4.629629629629630348e-04 4.629629629629630348e-04 9.768518518518520821e-02 2.643518518518518934e-01 4.629629629629630348e-04 4.629629629629630348e-04 1.254629629629629983e-01
3.543859649122806099e-02 3.508771929824561144e-04 3.192982456140350256e-02 3.508771929824561144e-04 3.508771929824561144e-04 7.368421052631577914e-03 5.649122807017543241e-02 3.508771929824561144e-04 6.701754385964911465e-02 3.508771929824561144e-04 3.508771929824561144e-04 2.810526315789472762e-01 6.350877192982455621e-02 9.859649122807015442e-02 3.508771929824561144e-04 3.894736842105261942e-02 4.947368421052630166e-02 3.508771929824561144e-04 1.087719298245613808e-02 3.859649122807016879e-03 1.438596491228069825e-02 3.508771929824561144e-04 3.508771929824561144e-04 3.508771929824561144e-04 3.508771929824561144e-04 9.157894736842103756e-02 9.508771929824559599e-02 3.543859649122806099e-02 3.859649122807016879e-03 1.087719298245613808e-02
1.960144927536231485e-01 3.623188405797100951e-04 3.623188405797100951e-04 3.623188405797100951e-04 3.623188405797100951e-04 7.608695652173911618e-03 3.659420289855071923e-02 3.623188405797100951e-04 1.235507246376811447e-01 3.985507246376811426e-03 3.623188405797100951e-04 2.934782608695651537e-02 3.623188405797100951e-04 3.623188405797100951e-04 2.358695652173912471e-01 3.623188405797100951e-04 3.623188405797100951e-04 9.818840579710143290e-02 3.623188405797100951e-04 3.623188405797100951e-04 3.623188405797100951e-04 7.608695652173911618e-03 1.706521739130434367e-01 3.623188405797100951e-04 3.985507246376811426e-03 3.623188405797100951e-04 3.659420289855071923e-02 3.623188405797100951e-04 3.623188405797100951e-04 4.384057971014491961e-02
5.709219858156026894e-02 1.808510638297871481e-02 3.900709219858154719e-03 3.546099290780140457e-04 3.546099290780140457e-04 3.546099290780140457e-04 1.808510638297871481e-02 8.546099290780138913e-02 5.354609929078012198e-02 3.581560283687941493e-02 3.546099290780140457e-04 3.546099290780140457e-04 3.017730496453899236e-01 3.936170212765955495e-02 1.528368794326240565e-01 3.900709219858154719e-03 3.546099290780140457e-04 3.546099290780140457e-04 3.546099290780140457e-04 3.546099290780140457e-04 2.872340425531913488e-02 3.546099290780140457e-04 8.191489361702124217e-02 1.102836879432623762e-01 3.900709219858154719e-03 3.546099290780140457e-04 3.546099290780140457e-04 3.546099290780140457e-04 3.546099290780140457e-04 3.546099290780140457e-04
4.424778761061948468e-04 9.292035398230091836e-03 4.424778761061948468e-04 4.424778761061948468e-04 4.424778761061948468e-04 4.424778761061948468e-04 1.641592920353982799e-01 4.469026548672567350e-02 7.566371681415931527e-02 7.566371681415931527e-02 4.424778761061948468e-04 7.123893805309737537e-02 4.424778761061948468e-04 4.424778761061948468e-04 2.699115044247788267e-02 4.424778761061948468e-04 1.371681415929203868e-02 4.340707964601770996e-01 4.424778761061948468e-04 4.424778761061948468e-04 4.424778761061948468e-04 4.424778761061948468e-04 2.699115044247788267e-02 4.867256637168143260e-03 4.424778761061948468e-04 4.424778761061948468e-04 4.424778761061948468e-04 4.026548672566372666e-02 4.867256637168143260e-03 4.424778761061948468e-04
4.098360655737705999e-04 2.500000000000000486e-02 1.315573770491803574e-01 4.098360655737705999e-04 3.729508196721312285e-02 1.680327868852459286e-02 4.098360655737705999e-04 3.319672131147541339e-02 4.549180327868853485e-02 3.200819672131148264e-01 1.315573770491803574e-01 4.098360655737705999e-04 4.098360655737705999e-04 4.098360655737705999e-04 4.508196721311476599e-03 1.807377049180328432e-01 4.098360655737705999e-04 4.098360655737705999e-04 4.098360655737705999e-04 4.098360655737705999e-04 4.098360655737705999e-04 1.680327868852459286e-02 4.098360655737705999e-04 4.098360655737705999e-04 4.098360655737705999e-04 4.098360655737705999e-04 4.098360655737705999e-04 4.098360655737705999e-04 4.098360655737705999e-04 4.959016393442623738e-02
3.663003663003662458e-04 3.663003663003662458e-04 3.663003663003662458e-04 3.663003663003662458e-04 3.663003663003662458e-04 3.663003663003662458e-04 3.663003663003662458e-04 3.663003663003662458e-04 3.663003663003662458e-04 3.663003663003662458e-04 3.663003663003662458e-04 3.446886446886445743e-01 6.996336996336995073e-02 3.663003663003662458e-04 4.029304029304028867e-03 3.663003663003662458e-04 3.663003663003662458e-04 3.663003663003662458e-04 3.663003663003662458e-04 1.868131868131867740e-02 1.501831501831501353e-02 3.663003663003662458e-04 2.457875457875457192e-01 2.054945054945054583e-01 2.600732600732600167e-02 4.029304029304028867e-03 5.897435897435896607e-02 3.663003663003662458e-04 3.663003663003662458e-04 3.663003663003662458e-04
1.708333333333333579e-02 4.166666666666668018e-04 4.166666666666668018e-04 2.541666666666667074e-02 4.166666666666668018e-04 4.166666666666668018e-04 5.458333333333334481e-02 1.708333333333333579e-02 8.375000000000001887e-02 4.166666666666668018e-04 4.166666666666668018e-04 1.337500000000000355e-01 5.041666666666667906e-02 1.879166666666667040e-01 1.462500000000000466e-01 4.166666666666668018e-04 4.166666666666668018e-04 4.166666666666668018e-04 4.166666666666668018e-04 4.166666666666668018e-04 6.291666666666667629e-02 4.166666666666668018e-04 1.045833333333333615e-01 4.208333333333334064e-02 4.166666666666668018e-04 2.958333333333333995e-02 4.166666666666668018e-04 3.791666666666667490e-02 4.166666666666668018e-04 4.166666666666668018e-04
4.761904761904763527e-04 4.761904761904763527e-04 3.380952380952381708e-02 4.761904761904763527e-04 4.761904761904763527e-04 4.761904761904763527e-04 4.761904761904763527e-04 2.766666666666667274e-01 1.476190476190476601e-02 2.290476190476191110e-01 1.476190476190476601e-02 4.761904761904763527e-04 4.761904761904763527e-04 4.761904761904763527e-04 4.761904761904763527e-04 1.671428571428572041e-01 2.428571428571428895e-02 4.761904761904763527e-04 4.761904761904763527e-04 4.761904761904763527e-04 4.761904761904763527e-04 1.952380952380952661e-02 4.761904761904763527e-04 4.761904761904763527e-04 4.761904761904763527e-04 1.385714285714286231e-01 4.761904761904763527e-04 1.476190476190476601e-02 4.761904761904763527e-04 5.761904761904763222e-02
1.432584269662920753e-02 2.556179775280897903e-02 2.808988764044942983e-04 4.522471910112358523e-02 2.808988764044942983e-04 2.808988764044942983e-04 3.036516853932583193e-01 5.926966292134829700e-02 7.331460674157301571e-02 7.893258426966290320e-02 2.808988764044942983e-04 1.432584269662920753e-02 1.800561797752808224e-01 2.808988764044942983e-04 2.808988764044942983e-04 2.808988764044942983e-04 3.679775280898875400e-02 3.960674157303369081e-02 2.808988764044942983e-04 1.432584269662920753e-02 3.089887640449437336e-03 2.808988764044942983e-04 3.117977528089886652e-02 2.808988764044942983e-04 2.837078651685392278e-02 2.808988764044942983e-04 2.808988764044942983e-04 4.803370786516852897e-02 2.808988764044942983e-04 2.808988764044942983e-04
1.091549295774647647e-02 7.394366197183097414e-03 1.552816901408450578e-01 3.521126760563379927e-04 3.521126760563379927e-04 3.521126760563379927e-04 3.521126760563379927e-04 1.869718309859154659e-01 3.521126760563379927e-04 7.781690140845069770e-02 2.499999999999999445e-02 1.795774647887323286e-02 1.095070422535211058e-01 3.521126760563379927e-04 3.521126760563379927e-04 1.623239436619718090e-01 3.521126760563379927e-04 3.521126760563379927e-04 3.521126760563379927e-04 3.521126760563379927e-04 9.542253521126758953e-02 3.521126760563379927e-04 2.852112676056337351e-02 3.521126760563379927e-04 3.521126760563379927e-04 7.077464788732393264e-02 3.521126760563379927e-04 3.521126760563379927e-04 3.521126760563379927e-04 4.612676056338026881e-02
3.197674418604650251e-03 2.906976744186045929e-04 2.906976744186045929e-04 2.906976744186045929e-04 2.906976744186045929e-04 2.906976744186045929e-04 1.223837209302325174e-01 1.747093023255813504e-01 1.979651162790696806e-01 1.252906976744185552e-01 2.906976744186045929e-04 2.906976744186045929e-04 3.808139534883719229e-02 2.906976744186045929e-04 1.252906976744185552e-01 6.104651162790695855e-03 2.906976744186045929e-04 2.906976744186045929e-04 2.906976744186045929e-04 2.906976744186045929e-04 6.715116279069766048e-02 2.906976744186045929e-04 9.040697674418601837e-02 2.906976744186045929e-04 2.906976744186045929e-04 9.011627906976741459e-03 2.906976744186045929e-04 2.936046511627905808e-02 2.906976744186045929e-04 6.104651162790695855e-03
9.525423728813557644e-02 3.389830508474575956e-04 3.389830508474575956e-04 3.389830508474575956e-04 3.389830508474575956e-04 1.728813559322033358e-02 3.389830508474575956e-04 3.389830508474575956e-04 1.189830508474576110e-01 1.728813559322033358e-02 7.118644067796608965e-03 3.389830508474575956e-04 3.389830508474575956e-04 5.796610169491524939e-02 1.122033898305084543e-01 3.728813559322033660e-03 3.389830508474575956e-04 3.389830508474575956e-04 3.389830508474575956e-04 1.728813559322033358e-02 3.389830508474575956e-04 3.389830508474575956e-04 9.186440677966099810e-02 3.389830508474575956e-04 3.389830508474575956e-04 3.389830508474575956e-04 3.393220338983050088e-01 3.389830508474575956e-04 3.389830508474575956e-04 1.155932203389830326e-01
4.046822742474914802e-02 3.344481605351169316e-04 3.678929765886286736e-03 3.344481605351169316e-04 3.344481605351169316e-04 3.344481605351169316e-04 6.053511705685617195e-02 3.344481605351169316e-04 1.274247491638795526e-01 3.414715719063543542e-01 3.344481605351169316e-04 1.575250836120400677e-01 6.387959866220734029e-02 1.371237458193979263e-02 6.387959866220734029e-02 3.344481605351169316e-04 3.344481605351169316e-04 3.344481605351169316e-04 1.705685618729096270e-02 3.344481605351169316e-04 4.046822742474914802e-02 3.344481605351169316e-04 3.344481605351169316e-04 2.709030100334447119e-02 3.344481605351169316e-04 3.344481605351169316e-04 3.344481605351169316e-04 3.712374581939797968e-02 3.344481605351169316e-04 3.344481605351169316e-04
2.638436482084689436e-02 3.583061889250813408e-03 2.638436482084689436e-02 3.257328990228012091e-04 3.257328990228012091e-04 3.257328990228012091e-04 3.257328990228012091e-04 3.615635179153092738e-02 1.794788273615634533e-01 3.097719869706839213e-01 3.257328990228012091e-04 1.009771986970683759e-02 1.661237785016285787e-02 3.257328990228012091e-04 2.348534201954396439e-01 3.257328990228012091e-04 3.257328990228012091e-04 3.257328990228012091e-04 3.257328990228012091e-04 3.583061889250813408e-03 5.244299674267099282e-02 3.257328990228012091e-04 3.257328990228012091e-04 9.153094462540713183e-02 3.257328990228012091e-04 3.257328990228012091e-04 3.583061889250813408e-03 3.257328990228012091e-04 3.257328990228012091e-04 3.257328990228012091e-04
1.838235294117646762e-04 1.838235294117646762e-04 2.022058823529411520e-03 1.838235294117646762e-04 1.838235294117646762e-04 1.838235294117646762e-04 2.887867647058822707e-01 3.143382352941176405e-02 1.838235294117646762e-04 1.159926470588235059e-01 1.838235294117646762e-04 1.838235294117646762e-04 8.106617647058822484e-02 2.022058823529411520e-03 6.084558823529410965e-02 1.838235294117646762e-04 2.022058823529411520e-03 2.685661764705881693e-01 9.374999999999997918e-03 1.838235294117646762e-04 3.511029411764705205e-02 1.838235294117646762e-04 5.698529411764704719e-03 3.694852941176469951e-02 1.838235294117646762e-04 3.327205882352940458e-02 5.698529411764704719e-03 1.856617647058823178e-02 1.838235294117646762e-04 1.838235294117646762e-04
4.424778761061948468e-04 4.424778761061948468e-04 4.424778761061948468e-04 4.424778761061948468e-04 4.424778761061948468e-04 4.424778761061948468e-04 1.371681415929203868e-02 4.424778761061948468e-04 1.420353982300885387e-01 4.867256637168143260e-03 4.424778761061948468e-04 2.836283185840708376e-01 4.424778761061948468e-04 4.424778761061948468e-04 4.424778761061948468e-04 9.292035398230091836e-03 4.424778761061948468e-04 3.141592920353982604e-02 4.424778761061948468e-04 4.424778761061948468e-04 1.243362831858407513e-01 4.424778761061948468e-04 1.814159292035398552e-02 8.008849557522126905e-02 8.893805309734516273e-02 4.424778761061948468e-04 1.597345132743363261e-01 4.424778761061948468e-04 4.424778761061948468e-04 3.584070796460177982e-02
6.289308176100630787e-04 6.289308176100630787e-04 6.289308176100630787e-04 1.320754716981132303e-02 6.289308176100630787e-04 1.949685534591195230e-02 6.289308176100630787e-04 6.289308176100630787e-04 1.201257861635220414e-01 3.150943396226415505e-01 2.578616352201257983e-02 6.289308176100630787e-04 6.918238993710693757e-03 6.289308176100630787e-04 2.962264150943396679e-01 6.289308176100630787e-04 6.289308176100630787e-04 6.289308176100630787e-04 6.289308176100630787e-04 6.289308176100630787e-04 5.723270440251573138e-02 6.289308176100630787e-04 1.949685534591195230e-02 6.289308176100630787e-04 6.289308176100630787e-04 6.289308176100630787e-04 1.320754716981132303e-02 6.289308176100630787e-04 8.238993710691824846e-02 1.949685534591195230e-02
4.761904761904762985e-04 4.761904761904762985e-04 1.385714285714285954e-01 1.476190476190476428e-02 4.761904761904762985e-04 4.761904761904762985e-04 4.761904761904762985e-04 4.761904761904762985e-04 6.714285714285715689e-02 4.809523809523810062e-02 4.761904761904762985e-04 1.000000000000000194e-02 4.761904761904762985e-04 4.761904761904762985e-04 9.571428571428573784e-02 5.238095238095239609e-03 4.761904761904762985e-04 5.238095238095239609e-03 4.761904761904762985e-04 4.761904761904762985e-04 5.238095238095239609e-03 4.761904761904762985e-04 4.761904761904762985e-04 4.761904761904762985e-04 9.571428571428573784e-02 9.095238095238096510e-02 2.100000000000000477e-01 4.761904761904762985e-04 5.238095238095239609e-03 2.004761904761905023e-01
3.448275862068965795e-04 3.448275862068965795e-04 3.448275862068965795e-04 3.448275862068965795e-04 3.448275862068965795e-04 3.448275862068965795e-04 3.793103448275862537e-03 3.448275862068965795e-04 3.793103448275862537e-03 3.448275862068965795e-04 1.413793103448275808e-02 1.658620689655172509e-01 3.448275862068965795e-04 3.448275862068965795e-04 1.758620689655172181e-02 3.448275862068965795e-04 1.413793103448275808e-02 3.448275862068965795e-04 3.793103448275862537e-03 3.448275862068965795e-04 1.758620689655172181e-02 3.448275862068965795e-04 1.141379310344827619e-01 6.586206896551724532e-02 3.448275862068965795e-04 3.448275862068965795e-04 4.141379310344827647e-01 3.448275862068965795e-04 3.448275862068965795e-04 1.589655172413793061e-01
2.090163934426229886e-02 4.098360655737705999e-04 4.098360655737705999e-04 2.627049180327869493e-01 4.508196721311476599e-03 4.098360655737705999e-04 1.680327868852459286e-02 8.647540983606559484e-02 7.418032786885248031e-02 7.827868852459018978e-02 4.098360655737705999e-04 6.598360655737707525e-02 4.959016393442623738e-02 4.098360655737705999e-04 4.098360655737705999e-04 1.270491803278688860e-02 4.098360655737705999e-04 1.233606557377049523e-01 4.098360655737705999e-04 4.098360655737705999e-04 4.098360655737705999e-04 4.098360655737705999e-04 3.319672131147541339e-02 4.098360655737705999e-04 4.508196721311476599e-03 4.098360655737705999e-04 1.602459016393442959e-01 4.098360655737705999e-04 4.098360655737705999e-04 4.098360655737705999e-04
4.716981132075473361e-04 4.716981132075473361e-04 8.066037735849058976e-02 8.066037735849058976e-02 4.014150943396227467e-01 4.716981132075473361e-04 4.716981132075473361e-04 4.716981132075473361e-04 7.122641509433963458e-02 5.707547169811322263e-02 4.716981132075473361e-04 4.716981132075473361e-04 4.716981132075473361e-04 4.292452830188680374e-02 4.716981132075473361e-04 1.750000000000000444e-01 4.716981132075473361e-04 4.716981132075473361e-04 4.716981132075473361e-04 1.462264150943396596e-02 4.716981132075473361e-04 1.462264150943396596e-02 4.716981132075473361e-04 4.716981132075473361e-04 4.716981132075473361e-04 9.905660377358493571e-03 4.716981132075473361e-04 4.716981132075473361e-04 4.716981132075473361e-04 4.292452830188680374e-02
3.802281368821293622e-04 3.802281368821293622e-04 7.642585551330800808e-02 3.802281368821293622e-04 3.802281368821293622e-04 3.802281368821293622e-04 3.079847908745247595e-02 1.558935361216730320e-02 3.802281368821293622e-04 3.460076045627377000e-02 3.802281368821293622e-04 4.072243346007605180e-01 3.802281368821293622e-04 3.802281368821293622e-04 3.802281368821293622e-04 8.783269961977188678e-02 3.802281368821293622e-04 3.802281368821293622e-04 3.802281368821293622e-04 3.802281368821293622e-04 3.802281368821293622e-04 3.802281368821293622e-04 8.783269961977188678e-02 6.121673003802283186e-02 3.802281368821293622e-04 4.220532319391635812e-02 6.121673003802283186e-02 2.699619771863118189e-02 3.802281368821293622e-04 6.121673003802283186e-02
3.717472118959107199e-04 3.717472118959107199e-04 3.717472118959107199e-04 3.717472118959107199e-04 3.717472118959107199e-04 3.717472118959107199e-04 4.089219330855017702e-03 1.524163568773233800e-02 3.717472118959107199e-04 9.330855018587359828e-02 1.152416356877323210e-02 4.762081784386615890e-01 3.717472118959107199e-04 3.717472118959107199e-04 3.717472118959107199e-04 1.524163568773233800e-02 3.717472118959107199e-04 2.267657992565055153e-02 3.717472118959107199e-04 3.717472118959107199e-04 3.717472118959107199e-04 3.717472118959107199e-04 9.702602230483270418e-02 1.825278810408921537e-01 3.717472118959107199e-04 3.717472118959107199e-04 7.472118959107805491e-02 3.717472118959107199e-04 3.717472118959107199e-04 3.717472118959107199e-04
5.101010101010101244e-02 5.050505050505051585e-04 5.050505050505051585e-04 1.015151515151515305e-01 5.050505050505051585e-04 5.050505050505051585e-04 5.050505050505051585e-04 5.050505050505051585e-04 1.565656565656566024e-02 1.065656565656565857e-01 5.050505050505051585e-04 5.050505050505051585e-04 5.050505050505051585e-04 5.050505050505051585e-04 5.050505050505051585e-04 5.555555555555556635e-03 5.050505050505051585e-04 5.050505050505051585e-04 4.595959595959596411e-02 5.050505050505051585e-04 5.050505050505051585e-04 1.060606060606060844e-02 3.585858585858586051e-02 5.606060606060606771e-02 5.555555555555556635e-03 5.050505050505051585e-04 4.095959595959596244e-01 5.050505050505051585e-04 5.050505050505051585e-04 1.469696969696970001e-01
3.105590062111800273e-04 3.105590062111800273e-04 3.105590062111800273e-04 3.105590062111800273e-04 3.105590062111800273e-04 3.416149068322980355e-03 1.894409937888198031e-02 1.121118012422359922e-01 2.270186335403725775e-01 3.450310559006209976e-01 3.105590062111800273e-04 3.105590062111800273e-04 3.105590062111800273e-04 3.105590062111800273e-04 1.245341614906831929e-01 3.105590062111800273e-04 3.105590062111800273e-04 6.521739130434780519e-03 3.105590062111800273e-04 6.521739130434780519e-03 3.105590062111800273e-04 6.521739130434780519e-03 3.105590062111800273e-04 3.105590062111800273e-04 3.105590062111800273e-04 3.105590062111800273e-04 6.552795031055898278e-02 6.521739130434780519e-03 7.173913043478258311e-02 3.105590062111800273e-04
3.816793893129772036e-04 1.183206106870229347e-02 7.671755725190841646e-02 4.198473282442749185e-03 5.000000000000000971e-02 3.816793893129772036e-04 8.015267175572521330e-03 8.435114503816795728e-02 3.816793893129772036e-04 2.522900763358779108e-01 3.816793893129772036e-04 3.816793893129772036e-04 1.645038167938931706e-01 4.198473282442749185e-03 4.198473282442749185e-03 3.816793893129772036e-04 3.816793893129772036e-04 5.763358778625955053e-02 3.816793893129772036e-04 1.301526717557252300e-01 3.816793893129772036e-04 3.816793893129772036e-04 3.816793893129772036e-04 3.816793893129772036e-04 3.816793893129772036e-04 9.961832061068705280e-02 3.816793893129772036e-04 3.816793893129772036e-04 3.816793893129772036e-04 4.618320610687023930e-02
3.134796238244513225e-04 3.134796238244513225e-04 2.539184952978055382e-02 4.420062695924763252e-02 3.448275862068964602e-03 3.134796238244513225e-04 1.100313479623824114e-01 4.106583072100311593e-02 3.134796238244513225e-04 2.852664576802506693e-02 3.134796238244513225e-04 5.673981191222569193e-02 6.614420062695923475e-02 3.134796238244513225e-04 6.300940438871471816e-02 3.134796238244513225e-04 1.285266457680250135e-02 4.642633228840123416e-01 3.134796238244513225e-04 3.134796238244513225e-04 3.134796238244513225e-04 3.134796238244513225e-04 3.134796238244513225e-04 3.134796238244513225e-04 3.134796238244513225e-04 3.134796238244513225e-04 7.868338557993728721e-02 3.134796238244513225e-04 3.134796238244513225e-04 3.134796238244513225e-04
5.000000000000000104e-04 5.000000000000000104e-04 5.000000000000000104e-04 5.000000000000000104e-04 2.049999999999999739e-02 1.549999999999999989e-02 1.105000000000000010e-01 1.455000000000000182e-01 5.000000000000000104e-04 1.355000000000000093e-01 5.000000000000000104e-04 1.050000000000000065e-02 2.454999999999999960e-01 5.000000000000000104e-04 5.000000000000000104e-04 3.049999999999999933e-02 5.000000000000000104e-04 5.000000000000000104e-04 5.000000000000000104e-04 9.050000000000001099e-02 5.000000000000000104e-04 5.000000000000000104e-04 5.000000000000000104e-04 5.000000000000000104e-04 5.000000000000000104e-04 1.854999999999999982e-01 5.000000000000000104e-04 5.000000000000000104e-04 5.000000000000000104e-04 5.000000000000000104e-04
4.424778761061948468e-04 4.424778761061948468e-04 4.424778761061948468e-04 4.424778761061948468e-04 7.123893805309737537e-02 4.867256637168143260e-03 4.424778761061948468e-04 4.867256637168143260e-03 3.500000000000000888e-01 7.123893805309737537e-02 3.141592920353982604e-02 4.424778761061948468e-04 4.424778761061948468e-04 4.424778761061948468e-04 4.424778761061948468e-04 4.424778761061948468e-04 4.424778761061948468e-04 2.699115044247788267e-02 4.424778761061948468e-04 4.424778761061948468e-04 4.867256637168143260e-03 2.256637168141593236e-02 9.778761061946905642e-02 4.424778761061948468e-04 4.424778761061948468e-04 4.424778761061948468e-04 7.566371681415931527e-02 3.584070796460177982e-02 4.424778761061948468e-04 1.951327433628319008e-01
7.100371747211897677e-02 2.639405204460967130e-02 3.717472118959108825e-04 3.717472118959108825e-04 1.524163568773234320e-02 3.717472118959108825e-04 4.498141263940521467e-02 4.089219330855019437e-03 2.828996282527881378e-01 3.717472118959108825e-04 3.717472118959108825e-04 3.717472118959108825e-04 3.717472118959108825e-04 3.717472118959108825e-04 3.717472118959108825e-04 3.382899628252789004e-02 1.152416356877323730e-02 3.754646840148699594e-02 3.717472118959108825e-04 3.717472118959108825e-04 4.089219330855019437e-03 3.717472118959108825e-04 4.089219330855019437e-03 4.089219330855019437e-03 3.717472118959108825e-04 3.717472118959108825e-04 2.457249070631970511e-01 3.717472118959108825e-04 3.717472118959108825e-04 2.085501858736059921e-01
5.084269662921346578e-02 2.808988764044942441e-04 5.898876404494379777e-03 2.808988764044942441e-04 2.808988764044942441e-04 8.707865168539321785e-03 5.898876404494379777e-03 7.893258426966288932e-02 2.808988764044942441e-04 1.716292134831459981e-01 2.808988764044942441e-04 5.365168539325840258e-02 2.808988764044942441e-04 2.808988764044942441e-04 4.241573033707862761e-02 2.808988764044942441e-04 3.089887640449436902e-03 1.994382022471909155e-02 2.808988764044942441e-04 2.808988764044942441e-04 2.808988764044942441e-04 2.808988764044942441e-04 1.151685393258426379e-02 4.778089887640447064e-01 1.432584269662920580e-02 2.808988764044942441e-04 4.803370786516852203e-02 3.089887640449436902e-03 2.808988764044942441e-04 2.808988764044942441e-04
4.291845493562232612e-04 4.291845493562232612e-04 4.334763948497854374e-02 4.291845493562232612e-04 2.188841201716738155e-02 4.291845493562232612e-04 2.188841201716738155e-02 1.806866952789699943e-01 4.291845493562232612e-04 1.377682403433476699e-01 4.291845493562232612e-04 4.291845493562232612e-04 8.626609442060087507e-02 4.291845493562232612e-04 3.476394849785408026e-02 4.721030042918456307e-03 4.721030042918456307e-03 4.291845493562232612e-04 4.291845493562232612e-04 1.163090128755365077e-01 1.759656652360514981e-02 4.291845493562232612e-04 4.291845493562232612e-04 4.291845493562232612e-04 4.291845493562232612e-04 2.708154506437768783e-01 4.291845493562232612e-04 5.193133047210300723e-02 4.291845493562232612e-04 4.291845493562232612e-04
3.073593073593074154e-02 1.341991341991342380e-02 5.238095238095238915e-02 4.329004329004330085e-04 4.329004329004330085e-04 4.329004329004330085e-04 1.779220779220779813e-01 6.536796536796538049e-02 4.329004329004330085e-04 3.506493506493506968e-02 4.329004329004330085e-04 4.329004329004330085e-04 4.329004329004330085e-04 4.329004329004330085e-04 4.329004329004330085e-04 4.761904761904763202e-03 4.329004329004330085e-04 4.419913419913421015e-01 1.341991341991342380e-02 9.090909090909093937e-03 4.329004329004330085e-04 4.761904761904763202e-03 6.103896103896105235e-02 4.329004329004330085e-04 1.341991341991342380e-02 9.090909090909093937e-03 4.329004329004330085e-04 4.329004329004330085e-04 4.761904761904763202e-03 5.670995670995672422e-02
2.695417789757411568e-04 2.695417789757411568e-04 2.695417789757411568e-04 2.695417789757411568e-04 2.695417789757411568e-04 2.695417789757411568e-04 1.053908355795147994e-01 1.700808625336926727e-01 1.646900269541778372e-01 1.026954177897573817e-01 1.374663072776279721e-02 2.695417789757411568e-04 7.304582210242585583e-02 5.660377358490564781e-03 2.695417789757411568e-04 2.695417789757411568e-04 2.695417789757411568e-04 5.660377358490564781e-03 2.695417789757411568e-04 5.148247978436656241e-02 3.261455525606467981e-02 2.964959568733153104e-03 3.800539083557950143e-02 3.261455525606467981e-02 2.695417789757411568e-04 9.730458221024256005e-02 7.843665768194067744e-02 2.183288409703503311e-02 2.695417789757411568e-04 2.695417789757411568e-04
2.604166666666666631e-04 2.604166666666666631e-04 1.067708333333333183e-02 2.604166666666666631e-04 2.604166666666666631e-04 2.864583333333333565e-03 4.453125000000000139e-02 3.671875000000000139e-02 8.072916666666667476e-03 1.539062499999999944e-01 2.604166666666666631e-04 6.276041666666666574e-02 8.072916666666667476e-03 5.468750000000000520e-03 2.864583333333333565e-03 2.604166666666666631e-04 2.604166666666666631e-04 2.604166666666666631e-04 2.604166666666666631e-04 2.604166666666666631e-04 2.890624999999999792e-02 2.604166666666666631e-04 5.468750000000000520e-03 1.903645833333333093e-01 2.604166666666666631e-04 1.122395833333333370e-01 2.606770833333333370e-01 2.604166666666666631e-04 2.604166666666666631e-04 6.276041666666666574e-02
1.524163568773233106e-02 3.717472118959105573e-04 3.717472118959105573e-04 4.089219330855015967e-03 3.717472118959105573e-04 3.717472118959105573e-04 7.806691449814121865e-03 1.230483271375463900e-01 1.267657992565054959e-01 2.308550185873604610e-01 3.717472118959105573e-04 3.717472118959105573e-04 3.717472118959105573e-04 2.267657992565054112e-02 3.717472118959105573e-04 3.717472118959105573e-04 5.985130111524160357e-02 3.717472118959105573e-04 3.717472118959105573e-04 3.717472118959105573e-04 3.717472118959105573e-04 3.717472118959105573e-04 3.717472118959105573e-04 4.018587360594793045e-01 3.717472118959105573e-04 3.717472118959105573e-04 3.717472118959105573e-04 3.717472118959105573e-04 3.717472118959105573e-04 3.717472118959105573e-04
5.263157894736843071e-04 5.789473684210527486e-03 5.263157894736843071e-04 5.315789473684211230e-02 5.263157894736843071e-04 2.684210526315789630e-02 5.263157894736843071e-04 1.005263157894737136e-01 2.157894736842105518e-02 2.478947368421053066e-01 6.894736842105264607e-02 5.263157894736843071e-04 5.263157894736843071e-04 2.952631578947368940e-01 5.789473684210527486e-03 5.263157894736843071e-04 5.263157894736843071e-04 5.263157894736843071e-04 5.789473684210527486e-03 5.263157894736843071e-04 1.105263157894737121e-02 5.263157894736843071e-04 4.789473684210526772e-02 5.263157894736843071e-04 5.263157894736843071e-04 1.631578947368421406e-02 5.263157894736843071e-04 6.368421052631580148e-02 2.157894736842105518e-02 5.263157894736843071e-04
2.865329512893982069e-04 2.865329512893982069e-04 2.865329512893982069e-04 2.865329512893982069e-04 2.865329512893982069e-04 3.180515759312319696e-02 6.618911174785098439e-02 2.865329512893982069e-04 8.882521489971343873e-03 3.753581661891116500e-02 2.865329512893982069e-04 8.882521489971343873e-03 2.865329512893982069e-04 2.034383954154727128e-02 1.808022922636102481e-01 2.893982808022921641e-02 5.759312320916903927e-02 2.865329512893982069e-04 2.865329512893982069e-04 2.865329512893982069e-04 2.865329512893982069e-04 2.865329512893982069e-04 2.553008595988537910e-01 2.865329512893982069e-04 2.865329512893982069e-04 2.865329512893982069e-04 2.438395415472778549e-01 4.613180515759311012e-02 2.865329512893982069e-04 8.882521489971343873e-03
3.906250000000000759e-04 3.906250000000000759e-04 5.507812500000000555e-02 4.296875000000001214e-03 3.906250000000000759e-04 3.906250000000000759e-04 3.906250000000000759e-04 3.906250000000000759e-04 1.800781250000000333e-01 8.632812500000001943e-02 3.906250000000000759e-04 3.906250000000000759e-04 3.906250000000000759e-04 3.906250000000000759e-04 6.679687500000001943e-02 3.906250000000000759e-04 3.906250000000000759e-04 3.906250000000000759e-04 1.992187500000000208e-02 3.906250000000000759e-04 4.335937500000000555e-02 3.906250000000000759e-04 3.906250000000000759e-04 2.382812500000000208e-02 8.203125000000002082e-03 4.296875000000001214e-03 4.222656250000000333e-01 3.906250000000000759e-04 3.906250000000000759e-04 7.851562500000001943e-02
4.149377593360996830e-04 4.149377593360996830e-04 4.149377593360996830e-04 4.149377593360996830e-04 5.020746887966805183e-02 4.149377593360996830e-04 4.149377593360996830e-04 4.564315352697096567e-03 2.369294605809129095e-01 1.705394190871369620e-01 4.564315352697096567e-03 4.149377593360996830e-04 4.149377593360996830e-04 4.149377593360996830e-04 1.165975103734439994e-01 4.149377593360996830e-04 4.149377593360996830e-04 4.149377593360996830e-04 4.149377593360996830e-04 4.149377593360996830e-04 1.286307053941908828e-02 4.149377593360996830e-04 4.149377593360996830e-04 4.149377593360996830e-04 1.286307053941908828e-02 4.149377593360996830e-04 3.489626556016597880e-01 4.149377593360996830e-04 3.360995850622407188e-02 4.149377593360996830e-04
