1.550387596899224622e-04 1.550387596899224622e-04 1.550387596899224622e-04 1.550387596899224622e-04 1.550387596899224622e-04 1.550387596899224622e-04 2.854263565891472232e-01 5.751937984496123535e-02 4.821705426356588664e-02 3.255813953488371788e-03 3.255813953488371788e-03 1.550387596899224622e-04 1.550387596899224622e-04 5.596899224806201056e-02 1.550387596899224622e-04 1.024806201550387263e-01 3.255813953488371788e-03 1.550387596899224622e-04 4.806201550387596139e-03 1.550387596899224622e-04 3.116279069767441401e-02 2.186046511627906530e-02 8.542635658914726760e-02 1.255813953488371833e-02 1.550387596899224622e-04 1.550387596899224622e-04 2.172093023255813604e-01 1.550387596899224622e-04 6.372093023255813449e-02 1.705426356589147220e-03
1.650579150579150819e-02 1.457528957528957461e-02 9.652509652509652465e-05 1.061776061776061866e-03 9.652509652509652465e-05 3.098455598455598578e-02 3.001930501930501899e-02 1.361003861003860956e-02 1.197876447876447814e-01 5.704633204633204752e-02 5.318532818532818729e-02 5.994208494208494442e-02 9.652509652509652465e-05 1.024131274131274139e-01 2.027027027027027140e-03 9.652509652509652465e-05 5.125482625482625371e-02 9.652509652509652465e-05 4.739382239382239348e-02 7.152509652509651816e-02 9.652509652509652465e-05 9.652509652509652465e-05 9.652509652509652465e-05 9.652509652509652465e-05 7.345559845559844481e-02 9.652509652509652465e-05 9.749034749034749328e-03 1.061776061776061866e-03 9.652509652509652465e-05 2.433397683397683364e-01
2.149061032863849030e-01 1.173708920187793128e-04 1.173708920187793128e-04 1.173708920187793128e-04 1.515258215962440869e-01 1.173708920187793128e-04 5.985915492957744576e-03 3.415492957746477792e-02 1.573943661971830554e-01 1.654929577464788262e-02 1.173708920187793128e-04 1.173708920187793128e-04 1.291079812206572495e-03 1.173708920187793128e-04 1.173708920187793128e-04 1.185446009389671054e-02 2.711267605633802327e-02 1.173708920187793128e-04 1.173708920187793128e-04 2.184272300469482786e-01 5.645539906103284877e-02 1.173708920187793128e-04 1.173708920187793128e-04 5.176056338028167669e-02 1.173708920187793128e-04 1.185446009389671054e-02 1.291079812206572495e-03 3.298122065727698837e-02 4.812206572769951556e-03 1.173708920187793128e-04
8.533724340175950773e-02 2.932551319648093297e-04 2.932551319648093297e-04 2.932551319648093297e-04 6.158357771260994894e-03 2.932551319648093297e-04 2.961876832844573607e-02 4.431085043988268191e-01 1.029325513196480690e-01 4.428152492668620266e-02 2.932551319648093297e-04 4.428152492668620266e-02 2.932551319648093297e-04 2.932551319648093297e-04 2.932551319648093297e-04 9.090909090909088733e-03 2.932551319648093297e-04 2.932551319648093297e-04 2.932551319648093297e-04 2.932551319648093297e-04 1.351906158357770726e-01 2.932551319648093297e-04 3.548387096774192201e-02 2.932551319648093297e-04 2.932551319648093297e-04 2.932551319648093297e-04 2.932551319648093297e-04 2.932551319648093297e-04 2.932551319648093297e-04 5.894428152492667272e-02
3.773770491803278282e-01 3.278688524590163932e-04 3.278688524590163932e-04 2.655737704918032654e-02 3.278688524590163932e-04 3.278688524590163932e-04 3.278688524590163932e-04 3.278688524590163932e-04 3.278688524590163932e-04 9.213114754098361558e-02 6.918032786885246199e-02 3.278688524590163932e-04 2.327868852459016175e-02 3.278688524590163932e-04 3.278688524590163932e-04 1.347540983606557441e-01 5.606557377049180974e-02 3.278688524590163932e-04 3.278688524590163932e-04 3.278688524590163932e-04 3.606557377049180758e-03 3.278688524590163932e-04 3.278688524590163932e-04 3.278688524590163932e-04 3.278688524590163932e-04 3.278688524590163932e-04 1.016393442622950775e-02 3.278688524590163932e-04 9.213114754098361558e-02 1.085245901639344257e-01
1.299999999999999489e-01 3.703703703703702436e-04 1.707407407407406652e-01 3.703703703703702436e-04 1.966666666666666008e-01 3.703703703703702436e-04 8.185185185185182843e-02 5.222222222222219767e-02 3.703703703703702436e-04 3.370370370370368712e-02 3.703703703703702436e-04 3.703703703703702436e-04 3.703703703703702436e-04 3.703703703703702436e-04 3.703703703703702436e-04 3.703703703703702436e-04 3.703703703703702436e-04 4.074074074074072842e-03 1.518518518518517831e-02 3.040740740740739412e-01 3.703703703703702436e-04 4.074074074074072842e-03 3.703703703703702436e-04 3.703703703703702436e-04 3.703703703703702436e-04 3.703703703703702436e-04 3.703703703703702436e-04 3.703703703703702436e-04 3.703703703703702436e-04 3.703703703703702436e-04
5.468148148148146426e-01 1.629629629629629310e-03 1.481481481481481191e-04 1.481481481481481191e-04 8.014814814814812116e-02 1.481481481481481191e-04 1.481481481481481191e-04 1.186666666666666148e-01 1.157037037037036559e-01 1.481481481481481191e-04 1.481481481481481191e-04 4.592592592592590825e-03 1.481481481481481191e-04 1.481481481481481191e-04 1.481481481481481191e-04 3.866666666666665475e-02 1.481481481481481191e-04 1.481481481481481191e-04 1.481481481481481191e-04 3.718518518518517529e-02 1.481481481481481191e-04 2.385185185185184631e-02 1.481481481481481191e-04 9.037037037037032663e-03 1.481481481481481191e-04 1.481481481481481191e-04 4.592592592592590825e-03 1.629629629629629310e-03 3.111111111111110068e-03 1.199999999999999505e-02
1.313559322033898587e-02 4.661016949152543484e-03 1.656779661016949678e-01 2.161016949152542652e-02 4.237288135593221842e-04 1.313559322033898587e-02 4.237288135593221842e-04 3.855932203389831475e-02 4.237288135593221842e-04 2.800847457627119175e-01 4.237288135593221842e-04 4.237288135593221842e-04 4.237288135593221842e-04 4.237288135593221842e-04 4.661016949152543484e-03 3.855932203389831475e-02 2.584745762711864944e-02 1.313559322033898587e-02 4.237288135593221842e-04 4.237288135593221842e-04 1.313559322033898587e-02 4.237288135593221842e-04 4.237288135593221842e-04 1.105932203389830837e-01 4.237288135593221842e-04 4.237288135593221842e-04 4.237288135593221842e-04 4.237288135593221842e-04 2.504237288135593986e-01 4.237288135593221842e-04
1.171755725190839481e-01 1.272264631043256984e-04 1.272264631043256984e-04 1.399491094147582628e-03 2.811704834605597766e-02 1.272264631043256984e-04 2.380407124681933329e-01 7.760814249363865922e-03 6.246819338422390788e-02 1.272264631043256984e-04 1.030534351145038011e-02 1.272264631043256984e-04 6.488549618320609697e-03 1.272264631043256984e-04 1.272264631043256984e-04 5.229007633587785808e-02 1.399491094147582628e-03 1.272264631043256984e-04 5.216284987277352604e-03 5.216284987277352604e-03 1.272264631043256984e-04 4.847328244274808767e-02 1.921119592875317889e-02 4.211195928753180134e-02 1.272264631043256984e-04 1.272264631043256984e-04 2.024173027989821516e-01 1.272264631043256984e-04 1.082697201017811528e-01 4.211195928753180134e-02
4.016064257028113707e-04 8.433734939759037971e-03 4.421686746987952832e-01 1.248995983935743265e-01 1.646586345381526387e-02 4.016064257028113707e-04 4.016064257028113707e-04 4.016064257028113707e-04 6.465863453815262618e-02 1.851405622489960268e-01 4.016064257028113707e-04 4.016064257028113707e-04 2.851405622489960184e-02 4.016064257028113707e-04 4.417670682730925023e-03 4.016064257028113707e-04 4.016064257028113707e-04 4.016064257028113707e-04 1.646586345381526387e-02 4.016064257028113707e-04 4.016064257028113707e-04 9.277108433734942983e-02 4.417670682730925023e-03 4.016064257028113707e-04 4.016064257028113707e-04 4.016064257028113707e-04 4.016064257028113707e-04 4.417670682730925023e-03 4.016064257028113707e-04 4.016064257028113707e-04
1.996027805362462701e-02 9.930486593843098318e-05 9.930486593843098318e-05 9.930486593843098318e-05 5.074478649453822987e-02 6.961271102284011247e-02 9.930486593843098318e-05 2.334657398212512114e-01 1.073485600794438777e-01 1.560079443892750384e-01 6.961271102284011247e-02 9.930486593843098318e-05 9.930486593843098318e-05 9.930486593843098318e-05 9.930486593843098318e-05 2.691161866931479629e-02 2.194637537239324532e-02 7.050645481628598464e-03 9.930486593843098318e-05 1.092353525322740720e-03 9.930486593843098318e-05 5.074478649453822987e-02 9.930486593843098318e-05 9.930486593843098318e-05 5.273088381330684471e-02 6.057596822244289310e-03 9.930486593843098318e-05 1.202581926514399019e-01 4.071499503475669267e-03 1.092353525322740720e-03
2.810294117647058054e-01 1.470588235294117518e-04 1.470588235294117518e-04 1.470588235294117518e-04 4.867647058823528633e-02 2.955882352941176239e-02 4.558823529411764469e-03 1.470588235294117518e-04 5.455882352941175684e-02 3.691176470588235226e-02 1.470588235294117518e-04 1.470588235294117518e-04 1.470588235294117518e-04 1.470588235294117518e-04 1.470588235294117518e-04 1.470588235294117518e-04 1.470588235294117518e-04 1.470588235294117518e-04 4.558823529411764469e-03 1.119117647058823217e-01 1.470588235294117518e-04 3.102941176470587828e-02 1.470588235294117518e-04 1.470588235294117518e-04 2.514705882352941124e-02 1.470588235294117518e-04 6.029411764705881228e-03 1.470588235294117518e-04 6.632352941176469785e-02 2.972058823529410976e-01
1.548437500000000022e-01 3.281250000000000312e-03 1.562500000000000033e-04 7.968750000000000139e-03 1.562500000000000033e-04 4.078125000000000500e-02 1.595312499999999856e-01 1.562500000000000033e-04 3.609375000000000083e-02 3.281250000000000312e-03 1.562500000000000033e-04 1.562500000000000033e-04 1.562500000000000033e-04 3.281250000000000312e-03 1.562500000000000033e-04 1.329687499999999967e-01 1.562500000000000033e-04 1.562500000000000033e-04 1.562500000000000033e-04 8.296875000000000777e-02 1.767187499999999800e-01 1.718750000000000226e-03 1.562500000000000033e-04 1.562500000000000033e-04 1.562500000000000033e-04 1.562500000000000033e-04 1.001562499999999883e-01 1.562500000000000033e-04 7.046874999999999667e-02 2.359375000000000014e-02
1.413568773234200882e-01 9.293680297397772063e-05 9.293680297397772063e-05 9.293680297397772063e-05 9.293680297397772063e-05 7.527881040892194300e-03 2.259293680297398133e-01 9.293680297397772063e-05 9.293680297397772063e-05 4.842007434944239214e-02 2.239776951672863003e-02 1.496282527881041303e-02 2.881040892193309326e-03 9.293680297397772063e-05 1.022304832713754859e-03 1.692379182156134032e-01 3.810408921933085800e-03 9.293680297397772063e-05 1.310408921933085662e-02 1.022304832713754859e-03 5.399628252788105098e-02 4.377323420074350629e-02 9.293680297397772063e-05 3.447955390334573461e-02 1.951672862453532201e-03 1.951672862453532201e-03 1.562267657992565395e-01 9.293680297397772063e-05 2.983271375464684877e-02 2.518587360594796293e-02
1.769911504424778520e-04 1.769911504424778520e-04 1.769911504424778520e-04 1.769911504424778520e-04 1.769911504424778520e-04 1.433628318584070395e-02 1.258407079646017279e-01 1.433628318584070395e-02 1.718584070796459751e-01 5.486725663716812869e-03 1.769911504424778520e-04 1.769911504424778520e-04 7.451327433628317232e-02 1.769911504424778520e-04 3.789380530973450734e-01 1.946902654867256480e-03 1.769911504424778520e-04 1.769911504424778520e-04 1.769911504424778520e-04 1.769911504424778520e-04 1.769911504424778520e-04 1.134513274336282906e-01 1.946902654867256480e-03 1.769911504424778520e-04 1.769911504424778520e-04 5.486725663716812869e-03 8.867256637168140221e-02 1.769911504424778520e-04 1.769911504424778520e-04 1.769911504424778520e-04
4.774346793349168450e-02 2.375296912114013977e-04 2.375296912114013977e-04 2.375296912114013977e-04 2.375296912114013977e-04 3.111638954869358140e-02 2.852731591448930404e-01 2.375296912114013977e-04 2.375296912114013977e-04 2.375296912114013977e-04 2.375296912114013977e-04 2.375296912114013977e-04 2.375296912114013977e-04 2.375296912114013977e-04 5.249406175771970801e-02 2.401425178147267858e-01 2.375296912114013977e-04 2.375296912114013977e-04 2.375296912114013977e-04 2.375296912114013977e-04 1.783847980997624316e-01 2.375296912114013977e-04 4.988123515439429542e-03 4.988123515439429542e-03 2.375296912114013977e-04 4.988123515439429542e-03 1.403800475059382158e-01 2.375296912114013977e-04 2.612826603325415619e-03 2.612826603325415619e-03
2.237136465324384305e-04 2.237136465324384305e-04 2.237136465324384305e-04 2.237136465324384305e-04 4.496644295302012345e-02 2.237136465324384305e-04 1.657718120805368456e-01 2.237136465324384305e-04 1.389261744966442669e-01 5.167785234899328201e-02 2.237136465324384305e-04 2.237136465324384305e-04 2.237136465324384305e-04 1.140939597315435844e-02 5.838926174496643362e-02 2.237136465324384305e-04 3.154362416107381328e-02 2.237136465324384305e-04 2.237136465324384305e-04 3.825503355704697184e-02 2.149888143176733046e-01 2.237136465324384305e-04 5.838926174496643362e-02 9.194630872483219863e-02 2.237136465324384305e-04 8.299776286353466315e-02 2.237136465324384305e-04 2.237136465324384305e-04 6.935123042505591563e-03 2.237136465324384305e-04
5.191379310344825804e-01 1.724137931034482084e-04 2.603448275862067784e-02 1.724137931034482084e-04 1.724137931034482084e-04 2.603448275862067784e-02 5.534482758620687393e-02 1.724137931034482084e-04 5.706896551724136013e-02 2.258620689655171584e-02 1.724137931034482084e-04 1.724137931034482084e-04 1.724137931034482084e-04 1.724137931034482084e-04 1.741379310344826764e-02 4.499999999999998446e-02 1.724137931034482084e-04 1.724137931034482084e-04 5.344827586206894569e-03 5.189655172413791540e-02 8.293103448275858380e-02 1.724137931034482084e-04 1.724137931034482084e-04 1.724137931034482084e-04 1.724137931034482084e-04 1.724137931034482084e-04 1.724137931034482084e-04 1.724137931034482084e-04 1.724137931034482084e-04 8.810344827586204242e-02
2.315419387242592317e-02 3.018583626318433605e-02 5.022601707684582042e-05 6.579608237066801764e-03 3.922651933701658267e-02 5.022601707684582042e-05 1.472124560522350967e-01 3.269713711702662562e-02 1.180813661476645127e-01 6.032144650929182478e-02 5.022601707684582042e-05 5.022601707684582042e-05 5.022601707684582042e-05 1.416875941737820721e-01 5.524861878453040179e-04 6.032144650929182478e-02 1.210447011551984281e-02 1.557006529382220453e-03 5.022601707684582042e-05 5.881466599698644687e-02 5.524861878453040179e-04 2.717227523857358717e-02 3.571069814163737449e-02 2.415871421396283830e-02 5.022601707684582042e-05 3.972877950778504197e-02 6.484178804620795156e-02 3.566047212456052891e-03 7.137117026619790860e-02 5.022601707684582042e-05
1.510574018126887945e-04 1.510574018126887945e-04 7.703927492447128385e-03 9.214501510574015300e-03 1.028700906344410665e-01 1.223564954682779260e-02 5.151057401812687842e-02 7.870090634441086197e-02 2.055891238670694288e-01 1.510574018126887945e-04 1.510574018126887945e-04 1.510574018126887945e-04 3.172205438066465037e-03 1.510574018126887945e-04 1.285498489425981605e-01 1.510574018126887945e-04 1.510574018126887945e-04 1.510574018126887945e-04 1.510574018126887945e-04 1.510574018126887945e-04 1.525679758308156816e-02 6.193353474320239735e-03 1.374622356495468038e-02 3.036253776435044946e-02 1.510574018126887945e-04 1.330815709969788152e-01 3.187311178247733551e-02 1.315709969788519396e-01 1.827794561933534373e-02 1.827794561933534373e-02
3.553299492385786872e-03 2.047377326565143901e-02 1.692047377326565138e-04 1.692047377326565138e-04 1.692047377326565138e-04 4.416243654822335496e-02 6.108291032148900623e-02 1.692047377326565138e-04 1.236886632825719007e-01 1.692047377326565138e-04 1.692047377326565138e-04 1.692047377326565138e-04 1.692047377326565138e-04 2.385786802030456788e-02 2.893401015228426465e-02 2.385786802030456788e-02 2.047377326565143901e-02 1.692047377326565138e-04 1.692047377326565138e-04 1.861252115059221788e-03 1.692047377326565138e-04 4.754653130287648383e-02 1.692047377326565138e-04 1.692047377326565138e-04 1.708967851099830668e-02 1.032148900169204721e-02 5.245346869712352172e-03 1.692047377326565138e-04 1.692047377326565138e-04 5.653130287648054919e-01
2.971107544141251555e-01 1.605136436597110470e-04 2.423756019261636904e-02 1.605136436597110470e-04 5.152487961476724665e-02 1.781701444622792521e-02 1.605136436597110470e-04 1.605136436597110470e-04 1.028892455858747695e-01 5.152487961476724665e-02 1.605136436597110470e-04 1.605136436597110470e-04 1.605136436597110470e-04 6.918138041733545851e-02 1.605136436597110470e-04 1.605136436597110470e-04 1.605136436597110470e-04 1.605136436597110470e-04 1.942215088282503443e-02 6.757624398073834582e-02 5.152487961476724665e-02 1.765650080256821707e-03 1.605136436597110470e-04 1.781701444622792521e-02 4.975922953451042755e-03 1.605136436597110470e-04 1.605136436597110470e-04 1.605136436597110470e-04 1.605136436597110470e-04 2.200642054574638296e-01
1.992031872509959691e-04 1.992031872509959691e-04 2.211155378486055062e-02 6.175298804780875693e-03 1.992031872509959691e-04 1.992031872509959691e-04 1.992031872509959691e-04 4.025896414342628460e-01 1.954183266932270346e-01 1.992031872509959691e-04 1.992031872509959691e-04 4.183266932270915568e-03 1.992031872509959691e-04 1.992031872509959691e-04 3.406374501992031484e-02 2.191235059760955877e-03 1.992031872509959691e-04 1.992031872509959691e-04 1.992031872509959691e-04 1.992031872509959691e-04 1.992031872509959691e-04 1.356573705179282552e-01 2.191235059760955877e-03 1.992031872509959691e-04 2.191235059760955877e-03 1.992031872509959691e-04 5.796812749003982940e-02 6.175298804780875693e-03 1.256972111553784632e-01 1.992031872509959691e-04
2.150537634408601878e-04 9.698924731182793912e-02 2.150537634408601878e-04 2.150537634408601878e-04 2.150537634408601878e-04 2.150537634408601878e-04 2.602150537634407776e-02 2.150537634408601878e-04 3.184946236559139110e-01 2.150537634408601878e-04 2.150537634408601878e-04 2.150537634408601878e-04 6.666666666666665360e-03 2.365591397849461930e-03 2.561290322580644374e-01 2.150537634408601878e-04 2.150537634408601878e-04 2.150537634408601878e-04 2.150537634408601878e-04 2.150537634408601878e-04 9.913978494623654214e-02 9.268817204301073309e-02 2.150537634408601878e-04 2.817204301075268078e-02 2.150537634408601878e-04 6.473118279569890776e-02 2.150537634408601878e-04 2.150537634408601878e-04 2.150537634408601878e-04 4.516129032258063211e-03
4.184100418410043216e-04 4.184100418410043216e-04 4.184100418410043216e-04 2.012552301255230713e-01 4.184100418410043216e-04 4.184100418410043216e-04 4.184100418410043216e-04 4.184100418410043216e-04 5.899581589958160371e-02 4.355648535564854429e-01 4.184100418410043216e-04 4.184100418410043216e-04 4.184100418410043216e-04 4.184100418410043216e-04 4.184100418410043216e-04 4.602510460251047104e-03 4.184100418410043216e-04 4.184100418410043216e-04 1.552301255230126020e-01 4.184100418410043216e-04 1.297071129707113267e-02 4.602510460251047104e-03 4.184100418410043216e-04 4.184100418410043216e-04 4.184100418410043216e-04 4.184100418410043216e-04 4.184100418410043216e-04 8.828451882845191057e-02 4.184100418410043216e-04 2.970711297071130380e-02
1.745200698080278507e-04 2.984293193717276610e-02 1.745200698080278507e-04 1.745200698080278507e-04 4.729493891797555138e-02 8.900523560209419247e-03 1.919720767888306520e-03 6.125654450261777684e-02 2.689354275741709377e-01 1.745200698080278507e-04 1.745200698080278507e-04 1.745200698080278507e-04 6.649214659685862006e-02 1.745200698080278507e-04 3.020942408376962041e-01 1.745200698080278507e-04 1.745200698080278507e-04 1.745200698080278507e-04 1.919720767888306520e-03 1.745200698080278507e-04 9.965095986038390030e-02 9.092495636998251807e-02 1.745200698080278507e-04 1.745200698080278507e-04 1.762652705061081362e-02 1.745200698080278507e-04 1.745200698080278507e-04 1.745200698080278507e-04 1.745200698080278507e-04 1.745200698080278507e-04
1.273885350318471488e-04 1.122292993630573110e-01 1.273885350318471488e-04 1.273885350318471488e-04 4.853503184713375829e-02 1.273885350318471488e-04 1.273885350318471488e-04 1.273885350318471488e-04 1.797452229299363047e-01 1.273885350318471488e-04 3.961783439490446090e-02 1.273885350318471488e-04 1.273885350318471488e-04 1.273885350318471488e-04 1.273885350318471488e-04 1.273885350318471488e-04 1.273885350318471488e-04 1.273885350318471488e-04 2.178343949044586267e-02 1.746496815286624205e-01 5.745222929936305567e-02 1.159235668789808903e-02 1.273885350318471488e-04 1.273885350318471488e-04 1.273885350318471488e-04 1.273885350318471488e-04 6.496815286624203073e-03 1.273885350318471488e-04 1.273885350318471488e-04 3.453503184713376251e-01
1.615126050420167547e-01 1.161344537815125755e-01 3.529411764705882044e-03 1.680672268907562801e-04 1.680672268907562801e-04 1.680672268907562801e-04 1.680672268907562801e-04 1.680672268907562801e-04 2.909243697478990920e-01 1.680672268907562801e-04 5.210084033613444736e-03 1.680672268907562801e-04 1.680672268907562801e-04 1.680672268907562801e-04 1.680672268907562801e-04 1.680672268907562801e-04 1.680672268907562801e-04 1.680672268907562801e-04 1.680672268907562801e-04 1.178151260504201325e-01 9.428571428571426438e-02 4.554621848739495021e-02 6.890756302521006127e-03 1.848739495798319135e-03 1.680672268907562801e-04 1.680672268907562801e-04 6.890756302521006127e-03 1.680672268907562801e-04 1.680672268907562801e-04 1.463865546218487135e-01
1.244186046511628202e-01 3.875968992248063046e-04 2.251937984496124590e-01 3.875968992248063046e-04 2.949612403100775881e-01 3.875968992248063046e-04 3.875968992248063046e-04 3.875968992248063046e-04 4.263565891472869893e-03 3.875968992248063046e-04 1.976744186046511947e-02 3.875968992248063046e-04 3.875968992248063046e-04 3.875968992248063046e-04 3.875968992248063046e-04 3.875968992248063046e-04 3.875968992248063046e-04 3.875968992248063046e-04 3.875968992248063046e-04 1.980620155038760044e-01 8.139534883720931854e-03 3.875968992248063046e-04 3.875968992248063046e-04 3.875968992248063046e-04 3.875968992248063046e-04 3.875968992248063046e-04 3.875968992248063046e-04 3.875968992248063046e-04 3.875968992248063046e-04 1.166666666666666963e-01
4.069069069069069372e-02 1.232732732732732678e-01 1.501501501501501705e-04 1.501501501501501705e-04 1.216216216216216110e-02 1.501501501501501705e-04 1.501501501501501705e-04 1.501501501501501705e-04 1.112612612612612489e-01 1.651651651651651767e-03 1.501501501501501705e-04 1.501501501501501705e-04 1.501501501501501705e-04 1.501501501501501705e-04 1.501501501501501705e-04 1.501501501501501705e-04 1.501501501501501705e-04 3.153153153153153473e-03 1.501501501501501705e-04 1.803303303303303295e-01 2.088588588588588535e-01 1.501501501501501705e-04 3.018018018018018070e-02 1.501501501501501705e-04 1.501501501501501705e-04 9.159159159159158126e-03 2.267267267267267239e-02 5.270270270270270563e-02 9.024024024024024371e-02 1.112612612612612489e-01
1.100719424460431389e-01 9.773895169578619702e-02 1.027749229188077860e-04 1.027749229188077860e-04 5.765673175745116702e-02 1.027749229188077860e-04 4.018499486125384768e-02 1.027749229188077860e-04 1.131551901336073640e-01 1.027749229188077860e-04 1.027749229188077860e-04 1.140801644398766433e-02 1.130524152106885836e-03 6.269270298047274759e-03 1.090441932168550593e-01 1.654676258992805390e-02 5.241521068859196844e-03 1.027749229188077860e-04 1.027749229188077860e-04 7.297019527235352673e-03 1.532374100719424148e-01 2.334018499486124887e-01 1.027749229188077860e-04 3.186022610483041449e-03 1.027749229188077860e-04 1.027749229188077860e-04 1.027749229188077860e-04 1.027749229188077860e-04 1.027749229188077860e-04 3.299075025693730401e-02
1.033057851239669396e-04 2.139462809917355157e-01 1.033057851239669396e-04 8.367768595041321159e-03 4.865702479338842451e-02 1.033057851239669396e-04 4.969008264462809743e-02 2.179752066115702228e-02 1.313016528925619597e-01 1.033057851239669396e-04 1.033057851239669396e-04 1.033057851239669396e-04 1.033057851239669396e-04 1.033057851239669396e-04 1.033057851239669396e-04 1.033057851239669396e-04 1.033057851239669396e-04 1.033057851239669396e-04 1.033057851239669396e-04 1.994834710743801365e-01 1.767561983471074016e-01 4.349173553719008073e-02 1.033057851239669396e-04 2.592975206611570008e-02 1.136363636363636308e-03 1.033057851239669396e-04 1.353305785123966667e-02 1.033057851239669396e-04 1.033057851239669396e-04 6.415289256198346279e-02
1.173437499999999689e-01 4.843749999999999098e-03 1.562499999999999761e-04 1.562499999999999761e-04 1.562499999999999761e-04 1.562499999999999761e-04 2.126562499999999634e-01 6.406249999999997884e-03 7.828124999999998279e-02 1.562499999999999761e-04 1.562499999999999761e-04 1.562499999999999761e-04 1.562499999999999761e-04 1.562499999999999761e-04 1.562499999999999761e-04 2.423437499999999412e-01 1.562499999999999761e-04 1.562499999999999761e-04 1.562499999999999761e-04 7.968749999999998404e-03 3.296874999999999806e-02 4.234374999999999251e-02 1.562499999999999761e-04 1.562499999999999761e-04 3.281249999999999445e-03 1.562499999999999761e-04 2.470312499999999523e-01 1.562499999999999761e-04 1.718749999999999792e-03 1.562499999999999761e-04
3.998972250770811421e-01 3.915724563206576803e-02 1.027749229188077860e-04 1.027749229188077860e-04 1.027749229188077860e-04 4.213771839671118929e-03 1.027749229188077860e-04 7.297019527235352673e-03 1.840698869475847488e-01 1.027749229188077860e-04 1.850976361767728284e-01 1.027749229188077860e-04 1.027749229188077860e-04 1.027749229188077860e-04 1.027749229188077860e-04 1.027749229188077860e-04 1.027749229188077860e-04 1.027749229188077860e-04 1.027749229188077860e-04 2.579650565262075687e-02 1.027749229188077860e-04 1.027749229188077860e-04 1.027749229188077860e-04 1.027749229188077860e-04 1.027749229188077860e-04 1.027749229188077860e-04 1.027749229188077860e-04 1.027749229188077860e-04 1.027749229188077860e-04 1.522096608427543352e-01
1.560062402496099302e-04 1.560062402496099302e-04 1.560062402496099302e-04 1.560062402496099302e-04 6.567862714508578004e-02 1.107644305772230442e-02 2.979719188767549973e-02 1.560062402496099302e-04 2.357254290171605926e-01 1.560062402496099302e-04 2.355694227769110013e-02 3.915756630265209565e-02 6.396255850234006460e-03 1.560062402496099302e-04 1.560062402496099302e-04 1.560062402496099302e-04 6.396255850234006460e-03 1.560062402496099302e-04 1.560062402496099302e-04 1.639625585023400389e-01 3.915756630265209565e-02 1.560062402496099302e-04 1.560062402496099302e-04 3.759750390015599575e-02 1.560062402496099302e-04 3.276131045241808832e-03 1.560062402496099302e-04 1.560062402496099302e-04 2.279251170046801001e-01 1.078003120124804565e-01
1.555294117647058327e-01 1.508235294117646619e-01 2.352941176470587758e-04 9.647058823529407884e-03 2.352941176470587758e-04 7.294117647058821589e-03 4.258823529411764203e-02 2.352941176470587758e-04 2.072941176470587676e-01 2.352941176470587758e-04 2.352941176470587758e-04 2.352941176470587758e-04 2.352941176470587758e-04 2.588235294117646398e-03 9.647058823529407884e-03 2.352941176470587758e-04 2.352941176470587758e-04 2.352941176470587758e-04 2.352941176470587758e-04 1.435294117647058394e-02 2.872941176470587554e-01 1.199999999999999678e-02 2.352941176470587758e-04 2.352941176470587758e-04 2.352941176470587758e-04 2.352941176470587758e-04 5.435294117647057610e-02 2.352941176470587758e-04 2.588235294117646398e-03 4.023529411764704966e-02
1.689826302729528495e-01 6.972704714640200196e-02 2.481389578163772252e-04 2.481389578163772252e-04 2.481389578163772252e-04 2.481389578163772252e-04 2.729528535980149315e-03 1.265508684863523615e-02 1.665012406947890822e-01 2.481389578163772252e-04 2.009925558312655389e-02 2.481389578163772252e-04 1.265508684863523615e-02 2.481389578163772252e-04 2.481389578163772252e-04 3.002481389578164073e-02 3.995037220843673104e-02 2.729528535980149315e-03 2.481389578163772252e-04 2.481389578163772252e-04 5.210918114143921892e-03 1.513647642679900873e-02 2.481389578163772252e-04 2.481389578163772252e-04 2.481389578163772252e-04 2.481389578163772252e-04 2.481389578163772252e-04 2.729528535980149315e-03 7.692307692307693602e-03 4.394540942928040206e-01
2.995049504950494240e-02 5.470297029702968911e-02 2.475247524752474735e-04 2.722772277227722155e-03 1.014851485148514539e-02 2.475247524752474735e-04 1.014851485148514539e-02 2.995049504950494240e-02 2.527227722772276142e-01 2.475247524752474735e-04 5.198019801980196565e-03 7.450495049504948786e-02 2.475247524752474735e-04 2.475247524752474735e-04 2.477722772277226870e-01 1.509900990099009334e-02 2.475247524752474735e-04 7.673267326732671409e-03 2.499999999999999098e-02 2.475247524752474735e-04 2.475247524752474735e-04 8.440594059405938376e-02 4.975247524752474115e-02 2.722772277227722155e-03 2.475247524752474735e-04 3.985148514851484525e-02 2.722772277227722155e-03 2.747524752475246496e-02 2.475247524752474735e-04 2.499999999999999098e-02
6.814058956916098364e-02 3.221088435374149239e-01 1.133786848072562144e-04 1.258503401360543811e-02 4.648526077097503775e-03 1.133786848072562144e-04 1.133786848072562144e-04 1.133786848072562144e-04 7.607709750566890583e-02 1.133786848072562144e-04 9.308390022675733233e-02 1.133786848072562144e-04 1.133786848072562144e-04 1.133786848072562144e-04 1.133786848072562144e-04 1.133786848072562144e-04 1.133786848072562144e-04 1.133786848072562144e-04 2.380952380952380300e-03 2.212018140589568638e-01 1.622448979591836205e-01 1.133786848072562144e-04 2.380952380952380300e-03 1.133786848072562144e-04 1.133786848072562144e-04 1.133786848072562144e-04 3.514739229024942471e-03 1.133786848072562144e-04 1.133786848072562144e-04 2.959183673469387155e-02
2.747252747252746708e-04 2.747252747252746708e-04 2.747252747252746708e-04 2.747252747252746708e-04 1.184065934065933745e-01 2.747252747252746708e-04 2.747252747252746708e-04 2.774725274725273888e-02 1.156593406593406231e-01 2.747252747252746708e-04 1.126373626373625841e-02 2.612637362637361682e-01 3.021978021978021216e-03 2.747252747252746708e-04 5.769230769230767816e-03 2.747252747252746708e-04 2.747252747252746708e-04 5.769230769230767816e-03 3.021978021978021216e-03 2.667582417582416432e-01 1.675824175824175075e-02 2.747252747252746708e-04 2.747252747252746708e-04 2.747252747252746708e-04 2.747252747252746708e-04 2.747252747252746708e-04 2.747252747252746708e-04 2.225274725274724655e-02 9.917582417582414267e-02 3.873626373626372354e-02
6.192307692307692790e-02 4.230769230769231525e-03 3.846153846153846151e-04 3.846153846153846151e-04 3.846153846153846151e-04 3.846153846153846151e-04 8.076923076923077024e-03 3.846153846153846151e-04 1.657692307692307798e-01 3.846153846153846151e-04 8.500000000000000611e-02 1.961538461538461439e-02 8.076923076923077024e-03 4.230769230769231525e-03 3.846153846153846151e-04 3.846153846153846151e-04 4.230769230769231525e-03 3.846153846153846151e-04 3.846153846153846151e-04 1.388461538461538414e-01 1.192307692307692339e-02 3.846153846153846151e-04 1.192307692307692339e-02 3.884615384615384276e-02 3.846153846153846151e-04 3.846153846153846151e-04 3.846153846153846151e-04 3.846153846153846151e-04 2.696153846153845901e-01 1.619230769230769196e-01
7.239915074309977161e-02 3.208067940552016273e-01 4.458598726114648692e-03 2.123142250530785091e-04 7.664543524416134179e-02 1.082802547770700223e-02 8.704883227176217139e-03 8.301486199575369707e-02 1.382165605095540817e-01 2.123142250530785091e-04 2.123142250530785091e-04 2.123142250530785091e-04 6.581740976645433783e-03 2.123142250530785091e-04 2.123142250530785091e-04 2.123142250530785091e-04 2.569002123142249960e-02 2.335456475583863600e-03 2.123142250530785091e-04 2.144373673036092942e-02 2.335456475583863600e-03 2.123142250530785091e-04 8.301486199575369707e-02 2.123142250530785091e-04 3.630573248407642506e-02 2.123142250530785091e-04 2.123142250530785091e-04 2.123142250530785091e-04 2.123142250530785091e-04 1.042462845010615480e-01
2.655864197530863891e-01 1.543209876543209574e-04 1.697530864197530640e-03 1.543209876543209574e-04 8.811728395061727004e-02 1.543209876543209574e-04 3.873456790123456367e-02 1.543209876543209574e-04 6.033950617283950074e-02 1.697530864197530640e-03 1.297839506172839275e-01 1.543209876543209574e-04 1.543209876543209574e-04 1.543209876543209574e-04 3.240740740740740214e-03 4.783950617283950005e-03 1.543209876543209574e-04 1.543209876543209574e-04 1.867283950617283639e-02 1.390432098765431723e-01 5.262345679012345179e-02 5.570987654320987137e-02 1.543209876543209574e-04 1.404320987654320702e-02 7.870370370370367852e-03 1.543209876543209574e-04 1.543209876543209574e-04 1.543209876543209574e-04 1.158950617283950324e-01 1.543209876543209574e-04
6.167346938775510878e-01 4.081632653061225725e-04 4.081632653061225725e-04 4.081632653061225725e-04 4.081632653061225725e-04 4.081632653061225725e-04 4.122448979591837592e-02 4.081632653061225725e-04 5.755102040816327535e-02 4.081632653061225725e-04 4.081632653061225725e-04 4.081632653061225725e-04 8.571428571428573590e-03 4.081632653061225725e-04 4.081632653061225725e-04 6.571428571428573895e-02 4.081632653061225725e-04 4.081632653061225725e-04 4.081632653061225725e-04 4.489795918367348732e-03 1.555102040816326858e-01 4.081632653061225725e-04 4.081632653061225725e-04 3.306122448979592621e-02 4.081632653061225725e-04 4.081632653061225725e-04 4.081632653061225725e-04 4.081632653061225725e-04 8.571428571428573590e-03 4.081632653061225725e-04
2.345699831365935240e-01 1.686340640809443254e-04 1.686340640809443254e-04 1.534569983136593180e-02 1.686340640809443254e-04 2.377740303541314715e-02 7.436762225969645312e-02 1.686340640809443254e-04 6.424957841483978915e-02 1.030354131534569756e-01 1.686340640809443254e-04 1.686340640809443254e-04 1.686340640809443254e-04 1.686340640809443254e-04 1.686340640809443254e-04 2.209106239460370547e-02 1.686340640809443254e-04 1.686340640809443254e-04 2.040472175379426031e-02 1.686340640809443254e-04 1.686340640809443254e-04 6.087689713322089885e-02 1.686340640809443254e-04 1.080944350758853006e-01 1.686340640809443254e-04 1.686340640809443254e-04 1.686340640809443254e-04 1.686340640809443254e-04 6.256323777403034747e-02 2.075885328836424570e-01
1.468428781204111303e-04 1.468428781204111303e-04 1.468428781204111303e-04 2.511013215859030784e-02 1.629955947136563568e-02 1.468428781204111303e-04 1.822320117474302004e-01 1.468428781204111303e-04 4.566813509544786348e-02 1.468428781204111303e-04 1.468428781204111303e-04 1.468428781204111303e-04 1.468428781204111303e-04 1.468428781204111303e-04 1.468428781204111303e-04 7.063142437591775347e-02 1.468428781204111303e-04 1.468428781204111303e-04 1.615271659324522650e-03 1.615271659324522650e-03 1.468428781204111303e-04 2.217327459618208263e-02 6.035242290748897565e-02 1.615271659324522650e-03 1.468428781204111303e-04 1.616740088105726447e-01 3.834067547723934988e-01 1.483113069016152481e-02 6.020558002936856126e-03 4.552129221732745257e-03
3.532212885154060178e-01 2.801120448179270973e-04 2.801120448179270973e-04 2.801120448179270973e-04 5.882352941176468772e-03 1.627450980392156354e-01 2.801120448179270973e-04 3.081232492997198341e-03 2.801120448179270973e-04 2.268907563025209309e-02 2.801120448179270973e-04 2.801120448179270973e-04 3.081232492997198341e-03 2.801120448179270973e-04 2.801120448179270973e-04 1.487394957983192711e-01 2.801120448179270973e-04 2.801120448179270973e-04 2.801120448179270973e-04 3.389355742296917828e-02 2.801120448179270973e-04 2.801120448179270973e-04 2.801120448179270973e-04 3.081232492997198341e-03 2.801120448179270973e-04 2.801120448179270973e-04 2.801120448179270973e-04 5.882352941176468772e-03 2.801120448179270973e-04 2.523809523809522615e-01
4.629629629629630891e-04 4.629629629629630891e-04 5.092592592592594739e-03 4.629629629629630891e-04 4.629629629629630891e-04 6.064814814814815935e-02 2.273148148148148862e-01 4.629629629629630891e-04 4.629629629629630891e-04 5.092592592592594739e-03 4.629629629629630891e-04 4.629629629629630891e-04 4.629629629629630891e-04 4.629629629629630891e-04 5.601851851851852998e-02 4.629629629629630891e-04 4.629629629629630891e-04 4.629629629629630891e-04 4.629629629629630891e-04 4.629629629629630891e-04 1.671296296296296835e-01 5.092592592592594739e-03 4.675925925925927124e-02 6.064814814814815935e-02 4.629629629629630891e-04 2.226851851851852637e-01 6.064814814814815935e-02 3.287037037037037618e-02 4.629629629629630891e-04 4.212962962962964186e-02
4.366812227074236448e-04 9.170305676855896107e-03 4.366812227074236448e-04 4.366812227074236448e-04 1.227074235807860542e-01 4.803493449781660526e-03 9.170305676855896107e-03 4.366812227074236448e-04 1.227074235807860542e-01 5.283842794759825712e-02 2.100436681222707658e-01 3.537117903930131479e-02 4.803493449781660526e-03 4.366812227074236448e-04 4.366812227074236448e-04 4.366812227074236448e-04 4.366812227074236448e-04 4.366812227074236448e-04 1.353711790393013342e-02 9.170305676855896107e-03 4.366812227074236448e-04 4.366812227074236448e-04 4.366812227074236448e-04 4.366812227074236448e-04 2.842794759825327811e-01 4.366812227074236448e-04 4.366812227074236448e-04 4.366812227074236448e-04 4.366812227074236448e-04 1.139737991266375761e-01
1.700173310225303325e-01 1.733102253032929010e-04 1.284228769497400280e-01 1.733102253032929010e-04 1.665511265164644483e-01 4.523396880415944676e-02 1.733102253032929010e-04 1.733102253032929010e-04 1.733102253032929010e-04 4.870017331022530316e-02 1.057192374350086547e-02 1.733102253032929010e-04 1.733102253032929010e-04 1.403812824956672360e-02 1.733102253032929010e-04 2.790294627383015785e-02 1.733102253032929010e-04 1.906412478336221884e-03 1.733102253032929010e-04 2.046793760831888964e-01 2.790294627383015785e-02 1.733102253032929010e-04 3.639514731369150949e-03 1.733102253032929010e-04 1.733102253032929010e-04 1.733102253032929010e-04 1.733102253032929010e-04 1.733102253032929010e-04 1.733102253032929010e-04 1.474870017331022520e-01
5.129158512720154439e-01 1.956947162426613722e-04 1.956947162426613722e-04 1.956947162426613722e-04 4.520547945205477536e-02 1.956947162426613722e-04 1.956947162426613722e-04 1.956947162426613722e-04 1.313111545988257522e-01 2.152641878669275203e-03 8.023483365949114418e-03 1.956947162426613722e-04 1.956947162426613722e-04 1.956947162426613722e-04 1.956947162426613722e-04 1.956947162426613722e-04 1.956947162426613722e-04 1.193737769080234316e-02 2.152641878669275203e-03 7.847358121330720582e-02 1.976516634050879545e-02 1.956947162426613722e-04 1.956947162426613722e-04 1.956947162426613722e-04 2.152641878669275203e-03 8.023483365949114418e-03 4.109589041095889142e-03 1.956947162426613722e-04 4.129158512720154661e-02 1.293542074363991379e-01
9.633911368015414414e-05 1.792870905587668484e-01 9.633911368015414414e-05 9.633911368015414414e-05 9.633911368015414414e-05 2.023121387283237285e-03 2.225433526011560970e-02 2.351637764932562602e-01 1.407514450867052014e-01 4.922928709055876539e-02 2.418111753371869274e-02 2.225433526011560970e-02 4.913294797687860552e-03 1.059730250481695762e-03 9.633911368015414414e-05 9.633911368015414414e-05 9.633911368015414414e-05 9.633911368015414414e-05 9.633911368015414414e-05 9.633911368015414414e-05 9.633911368015414414e-05 2.225433526011560970e-02 9.633911368015414414e-05 9.633911368015414414e-05 9.633911368015414414e-05 3.949903660886319896e-03 9.633911368015414414e-05 9.633911368015414414e-05 9.633911368015414414e-05 2.910404624277456720e-01
2.869127516778523235e-02 5.201342281879193889e-03 1.677852348993288229e-04 1.677852348993288229e-04 1.677852348993288229e-04 1.677852348993288229e-04 1.092281879194630517e-01 1.677852348993288229e-04 1.359060402684563428e-02 2.182885906040268054e-01 1.025167785234899209e-01 1.677852348993288229e-04 1.677852348993288229e-04 1.677852348993288229e-04 1.862416107382549799e-02 3.036912751677851852e-02 1.845637583892617214e-03 1.677852348993288229e-04 1.677852348993288229e-04 1.677852348993288229e-04 1.023489932885905847e-02 3.204697986577181162e-02 1.677852348993288229e-04 2.484899328859059842e-01 1.677852348993288229e-04 1.677852348993288229e-04 5.889261744966441808e-02 1.677852348993288229e-04 1.192953020134227826e-01 1.677852348993288229e-04
