3.829113924050633194e-02 3.164556962025317057e-04 3.164556962025317057e-04 3.164556962025317057e-04 3.164556962025317057e-04 3.164556962025317057e-04 3.164556962025317057e-04 3.164556962025317057e-04 3.164556962025317057e-04 3.164556962025317057e-04 6.645569620253166145e-03 3.164556962025317057e-04 3.164556962025317057e-04 3.164556962025317057e-04 3.164556962025317057e-04 3.164556962025317057e-04 3.164556962025317057e-04 3.164556962025317057e-04 3.164556962025317057e-04 3.481012658227848871e-03 3.164556962025317057e-04 1.613924050632911666e-02 2.060126582278481167e-01 1.237341772151898944e-01 3.481012658227848871e-03 3.164556962025317057e-04 3.164556962025317057e-04 3.164556962025317057e-04 3.164556962025317057e-04 5.952531645569620888e-01
4.336917562724014463e-02 3.584229390681003581e-04 3.942652329749104373e-03 3.584229390681003581e-04 1.469534050179211425e-02 3.584229390681003581e-04 6.487455197132617479e-02 3.584229390681003581e-04 3.584229390681003581e-04 3.584229390681003581e-04 3.584229390681003581e-04 2.186379928315412141e-02 1.111111111111111154e-02 3.584229390681003581e-04 3.978494623655914192e-02 2.620071684587813587e-01 4.336917562724014463e-02 3.584229390681003581e-04 3.584229390681003581e-04 3.584229390681003581e-04 3.584229390681003581e-04 3.942652329749104373e-03 6.487455197132617479e-02 2.544802867383512412e-02 2.154121863799283165e-01 5.412186379928315277e-02 3.584229390681003581e-04 3.584229390681003581e-04 1.258064516129032417e-01 3.584229390681003581e-04
2.535864978902954148e-01 4.219409282700422562e-04 4.219409282700422562e-04 1.016877637130801926e-01 4.219409282700422562e-04 8.860759493670888193e-03 8.481012658227850276e-02 4.219409282700422562e-04 4.219409282700422562e-04 4.219409282700422562e-04 4.219409282700422562e-04 4.219409282700422562e-04 4.219409282700422562e-04 4.219409282700422562e-04 1.270042194092827204e-01 4.641350210970464872e-03 4.641350210970464872e-03 4.219409282700422562e-04 2.995780590717299699e-02 4.219409282700422562e-04 4.219409282700422562e-04 4.219409282700422562e-04 1.860759493670886278e-01 4.219409282700422562e-04 4.219409282700422562e-04 1.860759493670886278e-01 4.219409282700422562e-04 4.219409282700422562e-04 4.641350210970464872e-03 4.219409282700422562e-04
1.510574018126887945e-04 1.510574018126887945e-04 1.661631419939576821e-03 4.395770392749244471e-02 1.510574018126887945e-04 1.510574018126887945e-04 6.057401812688820858e-02 1.510574018126887945e-04 1.510574018126887945e-04 1.374622356495468038e-02 3.219033232628398244e-01 2.252265861027189786e-01 3.172205438066465037e-03 3.172205438066465037e-03 1.525679758308156816e-02 1.510574018126887945e-04 1.510574018126887945e-04 1.510574018126887945e-04 3.172205438066465037e-03 1.510574018126887945e-04 1.510574018126887945e-04 1.510574018126887945e-04 1.965256797583081194e-01 5.755287009063443648e-02 1.510574018126887945e-04 3.036253776435044946e-02 1.510574018126887945e-04 1.510574018126887945e-04 1.525679758308156816e-02 6.193353474320239735e-03
1.173708920187793128e-04 1.173708920187793128e-04 1.173708920187793128e-04 1.654929577464788262e-02 1.291079812206572495e-03 1.173708920187793128e-04 1.173708920187793128e-04 1.173708920187793128e-04 1.173708920187793128e-04 4.471830985915491857e-02 5.645539906103284877e-02 1.291079812206572495e-03 3.475352112676055594e-01 7.406103286384974060e-02 9.636150234741780451e-02 1.173708920187793128e-04 1.173708920187793128e-04 1.173708920187793128e-04 5.176056338028167669e-02 1.173708920187793128e-04 2.828638497652581629e-02 3.298122065727698837e-02 1.597417840375586484e-01 1.173708920187793128e-04 2.828638497652581629e-02 1.173708920187793128e-04 3.650234741784037090e-02 1.173708920187793128e-04 1.302816901408450356e-02 9.507042253521124503e-03
2.309468822170900114e-04 2.309468822170900114e-04 1.177829099307158879e-02 4.642032332563509472e-02 2.309468822170900114e-04 1.870669745958428859e-02 2.309468822170900114e-04 2.309468822170900114e-04 2.309468822170900114e-04 2.309468822170900114e-04 4.159353348729790678e-01 1.572748267898382846e-01 3.487297921478058754e-02 3.718244803695149731e-02 3.256351039260969166e-02 2.309468822170900114e-04 2.309468822170900114e-04 2.563510392609699012e-02 2.563510392609699012e-02 2.309468822170900114e-04 9.468822170900689436e-03 4.849884526558890727e-03 9.722863741339489441e-02 3.487297921478058754e-02 2.309468822170900114e-04 2.309468822170900114e-04 2.332563510392609077e-02 2.101616628175519141e-02 2.309468822170900114e-04 2.309468822170900114e-04
2.279538904899134633e-01 2.881844380403457266e-04 3.170028818443803263e-03 2.881844380403457266e-04 2.881844380403457266e-04 1.181556195965417430e-02 4.063400576368874501e-02 2.334293948126800120e-02 2.881844380403457266e-04 3.170028818443803263e-03 1.357348703170028481e-01 2.881844380403457266e-04 2.881844380403457266e-04 2.881844380403457266e-04 2.910662824207491811e-02 2.881844380403457266e-04 2.881844380403457266e-04 2.881844380403457266e-04 2.881844380403457266e-04 2.881844380403457266e-04 2.881844380403457266e-04 2.881844380403457266e-04 3.115273775216136909e-01 1.443804034582132079e-01 2.881844380403457266e-04 5.504322766570603903e-02 6.051873198847260854e-03 2.881844380403457266e-04 2.881844380403457266e-04 3.170028818443803263e-03
1.520342612419699722e-02 1.092077087794432293e-02 2.141327623126337962e-04 2.141327623126337962e-04 2.141327623126337962e-04 2.141327623126337962e-04 1.137044967880085355e-01 2.141327623126337962e-04 2.141327623126337962e-04 2.141327623126337962e-04 1.137044967880085355e-01 1.907922912205566868e-01 4.496788008565309747e-03 2.141327623126337962e-04 2.141327623126337962e-04 3.019271948608136247e-02 2.141327623126337962e-04 2.141327623126337962e-04 2.141327623126337962e-04 6.873661670235545196e-02 2.141327623126337962e-04 4.496788008565309747e-03 2.807280513918628539e-01 1.008565310492505196e-01 1.734475374732333611e-02 4.089935760171305862e-02 2.141327623126337962e-04 4.496788008565309747e-03 2.141327623126337962e-04 2.141327623126337962e-04
4.287690179806361891e-03 1.383125864453665249e-04 2.904564315352696751e-03 1.811894882434301329e-02 1.383125864453665249e-04 8.174273858921160540e-02 2.780082987551867058e-02 1.383125864453665249e-04 2.503457814661133943e-02 1.383125864453665249e-04 1.024896265560165803e-01 5.961272475795296316e-02 1.120331950207468716e-02 1.383125864453665249e-04 3.748271092669432786e-02 1.383125864453665249e-04 1.383125864453665249e-04 1.383125864453665249e-04 1.383125864453665249e-04 2.088520055325034097e-02 1.383125864453665249e-04 1.521438450899031611e-03 2.380359612724757545e-01 6.791147994467496007e-02 1.383125864453665249e-04 2.809128630705393648e-01 4.287690179806361891e-03 1.396957123098201657e-02 1.383125864453665249e-04 1.383125864453665249e-04
9.276315789473683904e-02 6.578947368421052483e-04 6.578947368421052483e-04 1.381578947368421184e-02 6.578947368421052483e-04 1.381578947368421184e-02 6.578947368421052483e-04 6.578947368421052483e-04 6.578947368421052483e-04 6.578947368421052483e-04 6.578947368421052483e-04 2.039473684210526411e-02 6.578947368421052483e-04 6.578947368421052483e-04 6.578947368421052483e-04 4.013157894736842091e-02 6.578947368421052483e-04 6.578947368421052483e-04 6.578947368421052483e-04 6.578947368421052483e-04 2.697368421052631290e-02 6.578947368421052483e-04 1.453947368421052710e-01 6.578947368421052483e-04 7.236842105263158707e-03 6.578947368421052483e-04 6.578947368421052483e-04 1.381578947368421184e-02 6.578947368421052483e-04 6.124999999999999334e-01
2.400386847195357110e-01 1.934235976789167965e-04 5.996131528046420855e-03 2.920696324951643427e-02 4.061895551257252782e-03 1.934235976789167965e-04 4.061895551257252782e-03 1.934235976789167965e-04 1.934235976789167965e-04 1.934235976789167965e-04 1.934235976789167965e-04 1.934235976789167965e-04 1.934235976789167965e-04 1.934235976789167965e-04 3.114119922630560408e-02 2.727272727272726446e-02 1.934235976789167965e-04 1.934235976789167965e-04 5.241779497098645463e-02 1.934235976789167965e-04 1.934235976789167965e-04 1.934235976789167965e-04 2.226305609284331966e-01 2.127659574468084708e-03 1.760154738878142583e-02 1.934235976789167965e-04 1.934235976789167965e-04 1.934235976789167965e-04 1.934235976789167965e-04 3.599613152804641003e-01
3.511705685618728406e-03 6.856187290969898047e-03 1.672240802675584929e-04 1.672240802675584929e-04 1.672240802675584929e-04 2.190635451505016165e-02 1.672240802675584929e-04 1.672240802675584929e-04 8.528428093645483085e-03 1.672240802675584929e-04 8.210702341137122995e-02 2.275919732441470944e-01 1.672240802675584929e-04 1.672240802675584929e-04 1.672240802675584929e-04 1.672240802675584929e-04 2.190635451505016165e-02 2.692307692307692110e-02 1.672240802675584929e-04 1.672240802675584929e-04 1.672240802675584929e-04 1.521739130434782324e-02 1.122073578595317450e-01 1.839464882943143585e-03 9.882943143812707165e-02 4.531772575250835738e-02 1.672240802675584929e-04 1.672240802675584929e-04 3.245819397993310318e-01 1.672240802675584929e-04
2.707407407407406152e-01 3.703703703703702436e-04 3.703703703703702436e-04 4.074074074074072842e-03 3.703703703703702436e-04 3.703703703703702436e-04 3.703703703703702436e-04 4.074074074074072842e-03 3.703703703703702436e-04 5.592592592592589978e-02 2.259259259259258079e-02 3.703703703703702436e-04 1.518518518518517831e-02 3.703703703703702436e-04 4.111111111111109134e-02 3.703703703703702436e-04 4.074074074074072842e-03 3.703703703703702436e-04 2.259259259259258079e-02 1.888888888888887868e-02 1.518518518518517831e-02 2.151851851851850905e-01 5.962962962962960883e-02 3.703703703703702436e-04 2.225925925925925086e-01 3.703703703703702436e-04 1.888888888888887868e-02 3.703703703703702436e-04 4.074074074074072842e-03 3.703703703703702436e-04
3.246753246753245666e-04 3.246753246753245666e-04 3.246753246753245666e-04 7.824675324675321730e-02 1.561688311688311237e-01 1.331168831168830571e-02 3.246753246753245666e-04 3.571428571428570450e-03 3.246753246753245666e-04 3.246753246753245666e-04 1.006493506493506135e-02 3.246753246753245666e-04 3.246753246753245666e-04 3.246753246753245666e-04 1.006493506493506135e-02 3.246753246753245666e-04 3.246753246753245666e-04 3.246753246753245666e-04 3.571428571428570450e-03 3.246753246753245666e-04 3.246753246753245666e-04 3.246753246753245666e-04 1.237012987012986592e-01 3.246753246753245666e-04 3.246753246753245666e-04 5.944805194805192761e-01 3.246753246753245666e-04 3.246753246753245666e-04 3.246753246753245666e-04 3.246753246753245666e-04
3.984063745019921551e-04 3.984063745019921551e-04 3.984063745019921551e-04 3.984063745019921551e-04 3.984063745019921551e-04 9.601593625498010265e-02 1.633466135458167684e-02 3.984063745019921551e-04 3.984063745019921551e-04 3.984063745019921551e-04 4.422310756972112206e-02 1.358565737051793121e-01 3.984063745019921551e-04 3.984063745019921551e-04 4.382470119521913489e-03 3.984063745019921551e-04 3.984063745019921551e-04 3.984063745019921551e-04 3.984063745019921551e-04 3.984063745019921551e-04 3.984063745019921551e-04 3.984063745019921551e-04 1.079681274900398669e-01 3.908366533864542358e-01 2.031872509960159709e-02 1.717131474103586186e-01 4.382470119521913489e-03 3.984063745019921551e-04 3.984063745019921551e-04 3.984063745019921551e-04
3.875968992248061962e-04 3.875968992248061962e-04 3.875968992248061962e-04 3.875968992248061962e-04 3.875968992248061962e-04 8.178294573643411780e-02 3.875968992248061962e-04 3.875968992248061962e-04 4.263565891472868158e-03 8.139534883720930120e-03 3.875968992248061962e-04 7.015503875968992498e-02 3.875968992248061962e-04 9.728682170542636565e-02 3.875968992248061962e-04 3.875968992248061962e-04 8.139534883720930120e-03 3.875968992248061962e-04 3.841085271317829508e-01 3.875968992248061962e-04 3.875968992248061962e-04 3.139534883720929842e-02 1.903100775193798389e-01 3.875968992248061962e-04 1.589147286821705404e-02 7.790697674418604890e-02 4.263565891472868158e-03 1.976744186046511600e-02 3.875968992248061962e-04 3.875968992248061962e-04
2.444444444444443965e-03 2.222222222222221787e-04 2.222222222222221787e-04 2.222222222222221787e-04 2.222222222222221787e-04 5.133333333333332110e-02 3.799999999999999212e-02 2.222222222222221787e-04 2.222222222222221787e-04 2.222222222222221787e-04 1.646666666666666001e-01 2.179999999999999438e-01 2.222222222222221787e-04 2.222222222222221787e-04 2.222222222222221787e-04 2.222222222222221787e-04 6.888888888888887105e-03 2.911111111111110150e-02 2.444444444444443965e-03 2.222222222222221787e-04 2.222222222222221787e-04 2.222222222222221787e-04 2.246666666666665979e-01 8.911111111111108540e-02 2.222222222222221787e-04 1.157777777777777573e-01 2.222222222222221787e-04 4.666666666666665318e-03 4.911111111111109845e-02 2.222222222222221787e-04
1.497512437810945563e-01 4.975124378109453509e-04 4.975124378109453509e-04 4.975124378109453509e-04 4.975124378109453509e-04 3.034825870646766510e-02 2.039800995024875635e-02 4.975124378109453509e-04 4.975124378109453509e-04 4.975124378109453509e-04 4.975124378109453509e-04 4.975124378109453509e-04 4.975124378109453509e-04 4.975124378109453509e-04 4.975124378109453509e-04 4.975124378109453509e-04 4.975124378109453509e-04 4.975124378109453509e-04 1.000000000000000194e-01 4.975124378109453509e-04 5.472636815920399293e-03 2.039800995024875635e-02 1.248756218905472948e-01 4.975124378109453509e-04 4.029850746268657385e-02 4.975124378109453509e-04 4.975124378109453509e-04 3.034825870646766510e-02 4.975124378109453509e-04 4.681592039800995253e-01
2.513368983957218680e-02 5.365418894830658453e-02 1.782531194295899858e-04 1.960784313725490169e-03 1.782531194295899858e-04 4.295900178253118928e-02 4.295900178253118928e-02 1.782531194295899858e-04 7.308377896613188658e-03 1.782531194295899858e-04 1.782531194295899858e-04 1.782531194295899858e-04 1.782531194295899858e-04 1.782531194295899858e-04 1.782531194295899858e-04 8.217468805704097878e-02 3.939393939393939087e-02 2.691622103386808601e-02 1.960784313725490169e-03 1.017825311942958805e-01 4.295900178253118928e-02 1.782531194295899858e-04 1.142602495543671715e-01 7.326203208556147928e-02 7.308377896613188658e-03 2.283422459893047485e-01 1.960784313725490169e-03 9.821746880570408900e-02 5.525846702317289451e-03 1.782531194295899858e-04
2.434607645875250942e-02 2.012072434607645557e-04 4.225352112676055913e-03 4.446680080482896813e-02 2.012072434607645557e-04 3.038229376257544495e-02 2.012072434607645557e-04 2.012072434607645557e-04 2.213279678068410302e-03 2.012072434607645557e-04 3.663983903420522381e-01 1.873239436619717757e-01 3.038229376257544495e-02 3.239436619718309707e-02 3.239436619718309707e-02 2.012072434607645557e-04 2.032193158953721907e-02 2.012072434607645557e-04 1.428571428571428180e-02 1.428571428571428180e-02 1.227364185110663662e-02 2.012072434607645557e-04 1.470824949698188722e-01 2.012072434607645557e-04 1.830985915492957389e-02 2.012072434607645557e-04 6.237424547283701090e-03 2.012072434607645557e-04 1.026156941649899144e-02 2.012072434607645557e-04
5.719557195571954578e-03 1.845018450184501520e-04 5.719557195571954578e-03 1.863468634686346256e-02 1.845018450184501520e-04 1.845018450184501520e-04 1.845018450184501520e-04 1.845018450184501520e-04 1.845018450184501520e-04 5.719557195571954578e-03 9.612546125461253477e-02 1.699261992619925665e-01 9.981549815498153011e-02 1.845018450184501520e-04 5.719557195571954578e-03 1.845018450184501520e-04 1.845018450184501520e-04 3.523985239852397977e-02 9.409594095940956859e-03 1.845018450184501520e-04 4.815498154981549123e-02 3.874538745387453437e-03 2.142066420664206217e-01 1.845018450184501520e-04 1.845018450184501520e-04 1.845018450184501520e-04 1.845018450184501520e-04 1.845018450184501520e-04 2.787822878228781720e-01 1.845018450184501520e-04
2.645502645502644597e-04 5.555555555555554033e-03 2.645502645502644597e-04 2.645502645502644597e-04 2.645502645502644597e-04 1.748677248677248108e-01 2.645502645502644597e-04 2.645502645502644597e-04 2.645502645502644597e-04 5.555555555555554033e-03 1.193121693121692861e-01 7.962962962962960578e-02 2.645502645502644597e-04 2.645502645502644597e-04 1.613756613756613112e-02 2.645502645502644597e-04 2.645502645502644597e-04 2.645502645502644597e-04 2.407407407407406719e-02 2.645502645502644597e-04 2.645502645502644597e-04 2.671957671957670907e-02 2.886243386243385056e-01 2.645502645502644597e-04 2.645502645502644597e-04 2.515873015873014706e-01 2.910052910052909544e-03 2.645502645502644597e-04 2.645502645502644597e-04 2.645502645502644597e-04
4.784482758620690890e-02 4.310344827586207921e-04 4.310344827586207921e-04 4.310344827586207921e-04 4.310344827586207921e-04 4.310344827586207921e-04 3.060344827586207461e-02 1.336206896551724553e-02 4.310344827586207921e-04 4.310344827586207921e-04 4.310344827586207921e-04 4.310344827586207921e-04 4.310344827586207921e-04 4.741379310344829255e-03 4.310344827586207921e-04 4.784482758620690890e-02 4.310344827586207921e-04 4.310344827586207921e-04 4.310344827586207921e-04 4.310344827586207921e-04 4.310344827586207921e-04 4.310344827586207921e-04 1.168103448275862460e-01 9.525862068965519625e-02 9.051724137931036959e-03 4.310344827586207921e-04 4.310344827586207921e-04 4.310344827586207921e-04 4.741379310344829255e-03 6.211206896551725309e-01
2.714285714285715190e-01 7.518796992481204542e-04 7.518796992481204542e-04 7.518796992481204542e-04 7.518796992481204542e-04 7.518796992481204542e-04 8.270676691729325972e-03 7.518796992481204542e-04 7.518796992481204542e-04 7.518796992481204542e-04 8.270676691729325972e-03 7.518796992481204542e-04 8.270676691729325972e-03 7.518796992481204542e-04 1.578947368421053030e-02 7.518796992481204542e-04 7.518796992481204542e-04 7.518796992481204542e-04 7.518796992481204542e-04 7.518796992481204542e-04 4.586466165413534413e-02 7.518796992481204542e-04 1.511278195488722220e-01 7.518796992481204542e-04 7.518796992481204542e-04 2.338345864661654783e-01 2.330827067669173636e-02 7.518796992481204542e-04 7.518796992481204542e-04 2.187969924812030731e-01
1.034482758620689294e-02 2.028397565922920593e-04 1.643002028397565553e-02 2.028397565922920593e-04 2.028397565922920593e-04 2.028397565922920593e-04 1.440162271805273467e-02 2.028397565922920593e-04 2.028397565922920593e-04 2.028397565922920593e-04 5.496957403651114848e-02 1.726166328600405031e-01 2.028397565922920593e-04 2.028397565922920593e-04 2.231237322515212517e-03 2.028397565922920593e-04 1.034482758620689294e-02 1.237322515212981380e-02 4.259634888438132948e-03 2.657200811359025638e-02 2.028397565922920593e-04 2.028397565922920593e-04 2.273833671399593803e-01 1.034482758620689294e-02 2.048681541582149726e-02 1.440162271805273467e-02 2.028397565922920593e-04 2.028397565922920593e-04 3.997971602434076122e-01 2.028397565922920593e-04
3.105590062111800815e-04 3.416149068322981222e-03 3.105590062111800815e-04 4.068322981366458840e-02 1.214285714285714135e-01 3.105590062111800815e-04 3.105590062111800815e-04 3.105590062111800815e-04 3.447204968944098807e-02 3.105590062111800815e-04 3.105590062111800815e-04 3.105590062111800815e-04 3.105590062111800815e-04 3.105590062111800815e-04 2.826086956521738427e-02 3.105590062111800815e-04 3.105590062111800815e-04 3.105590062111800815e-04 3.105590062111800815e-04 3.105590062111800815e-04 3.105590062111800815e-04 3.105590062111800815e-04 1.835403726708074168e-01 2.826086956521738427e-02 3.105590062111800815e-04 5.531055900621116850e-01 3.105590062111800815e-04 3.105590062111800815e-04 3.105590062111800815e-04 3.105590062111800815e-04
8.472222222222219531e-03 1.388888888888888617e-04 4.305555555555554657e-03 7.083333333333330373e-03 2.374999999999999334e-02 1.388888888888888617e-04 1.388888888888888617e-04 1.388888888888888617e-04 3.069444444444443740e-02 8.472222222222219531e-03 1.819444444444443670e-02 7.083333333333330373e-03 4.265277777777776724e-01 1.388888888888888617e-04 3.486111111111109967e-02 1.388888888888888617e-04 4.458333333333332205e-02 1.388888888888888617e-04 1.388888888888888617e-04 5.569444444444442838e-02 2.374999999999999334e-02 2.097222222222221502e-02 1.168055555555555097e-01 8.069444444444441589e-02 1.388888888888888617e-04 1.388888888888888617e-04 3.763888888888888146e-02 4.874999999999998779e-02 1.388888888888888617e-04 1.388888888888888617e-04
2.624161073825503898e-01 6.711409395973156168e-04 6.711409395973156168e-04 6.711409395973156168e-04 6.711409395973156168e-04 6.711409395973156168e-04 6.711409395973156168e-04 6.711409395973156168e-04 6.711409395973156168e-04 6.711409395973156168e-04 7.382550335570471460e-03 6.711409395973156168e-04 6.711409395973156168e-04 6.711409395973156168e-04 6.711409395973156168e-04 6.711409395973156168e-04 6.711409395973156168e-04 6.711409395973156168e-04 4.093959731543624775e-02 6.711409395973156168e-04 6.711409395973156168e-04 1.409395973154362741e-02 1.214765100671141296e-01 6.711409395973156168e-04 6.711409395973156168e-04 2.489932885906040727e-01 6.711409395973156168e-04 8.120805369127517825e-02 6.711409395973156168e-04 2.087248322147651491e-01
2.012987012987013311e-02 6.493506493506494585e-04 7.142857142857144369e-03 3.311688311688312097e-02 1.363636363636363917e-02 8.506493506493507939e-02 6.493506493506494585e-04 3.311688311688312097e-02 6.493506493506494585e-04 6.493506493506494585e-04 7.142857142857144369e-03 6.493506493506494585e-04 2.012987012987013311e-02 2.798701298701299356e-01 6.493506493506494585e-04 6.493506493506494585e-04 3.311688311688312097e-02 6.493506493506494585e-04 2.012987012987013311e-02 2.012987012987013311e-02 2.019480519480519876e-01 6.493506493506494585e-04 6.493506493506494585e-04 6.493506493506494585e-04 1.045454545454545803e-01 9.805194805194807073e-02 1.363636363636363917e-02 6.493506493506494585e-04 6.493506493506494585e-04 6.493506493506494585e-04
1.879699248120300322e-04 1.879699248120300322e-04 5.827067669172931487e-03 1.710526315789473104e-02 1.879699248120300322e-04 1.879699248120300322e-04 1.879699248120300322e-04 2.067669172932330626e-03 1.879699248120300322e-04 2.086466165413533233e-02 2.577067669172931619e-01 6.033834586466164246e-02 1.522556390977443212e-02 1.879699248120300322e-04 3.947368421052630839e-03 1.879699248120300322e-04 3.947368421052630839e-03 2.067669172932330626e-03 1.879699248120300322e-04 1.879699248120300322e-04 8.477443609022554394e-02 1.898496240601503168e-02 1.618421052631578427e-01 1.879699248120300322e-04 6.033834586466164246e-02 7.706766917293230400e-03 2.067669172932330626e-03 1.879699248120300322e-04 2.727443609022555671e-01 1.879699248120300322e-04
2.563559322033897442e-02 2.118644067796609837e-04 2.118644067796609837e-04 2.330508474576270875e-03 1.292372881355931778e-02 2.118644067796609837e-04 2.118644067796609837e-04 2.118644067796609837e-04 2.330508474576270875e-03 2.118644067796609837e-04 2.118644067796609837e-04 2.118644067796609837e-04 4.449152542372880603e-03 2.118644067796609837e-04 2.118644067796609837e-04 2.118644067796609837e-04 2.118644067796609837e-04 2.118644067796609837e-04 4.449152542372880603e-03 2.118644067796609837e-04 1.292372881355931778e-02 2.330508474576270875e-03 3.730932203389829560e-01 1.442796610169491123e-01 2.118644067796609837e-04 2.118644067796609837e-04 2.118644067796609837e-04 4.449152542372880603e-03 2.118644067796609837e-04 4.069915254237286839e-01
3.891050583657586735e-04 3.891050583657586735e-04 1.595330739299610431e-02 3.540856031128403886e-02 6.424124513618675314e-01 3.891050583657586735e-04 8.171206225680932578e-03 3.891050583657586735e-04 3.891050583657586735e-04 1.206225680933851845e-02 3.891050583657586735e-04 3.891050583657586735e-04 3.891050583657586735e-04 4.280155642023345842e-03 2.373540856031127605e-02 4.280155642023345842e-03 3.891050583657586735e-04 3.891050583657586735e-04 6.653696498054473274e-02 3.891050583657586735e-04 3.891050583657586735e-04 4.280155642023345842e-03 6.264591439688714514e-02 3.891050583657586735e-04 3.891050583657586735e-04 1.132295719844357840e-01 3.891050583657586735e-04 3.891050583657586735e-04 3.891050583657586735e-04 3.891050583657586735e-04
2.717391304347825578e-04 2.717391304347825578e-04 2.717391304347825578e-04 2.717391304347825578e-04 5.706521739130433063e-03 2.717391304347825578e-04 2.989130434782607919e-03 2.717391304347825578e-04 2.717391304347825578e-04 2.989130434782607919e-03 2.717391304347825578e-04 1.633152173913043070e-01 2.717391304347825578e-04 4.374999999999999029e-02 2.717391304347825578e-04 2.717391304347825578e-04 2.201086956521738219e-02 2.717391304347825578e-04 5.706521739130433063e-03 2.989130434782607919e-03 3.016304347826085849e-02 2.717391304347825578e-04 3.480978260869563856e-01 7.364130434782606427e-02 2.717391304347825578e-04 1.385869565217390763e-02 2.717391304347825578e-04 2.717391304347825578e-04 2.717391304347825578e-04 2.801630434782607648e-01
2.173913043478260408e-04 2.173913043478260408e-04 2.391304347826086422e-03 3.499999999999999639e-02 4.565217391304347318e-03 1.326086956521738656e-02 2.173913043478260408e-04 2.173913043478260408e-04 5.673913043478259755e-02 2.173913043478260408e-04 2.173913043478260408e-04 2.173913043478260408e-04 4.565217391304347318e-03 6.739130434782606913e-03 2.173913043478260408e-04 1.108695652173912610e-02 2.173913043478260408e-04 2.173913043478260408e-04 3.934782608695651385e-02 2.391304347826086422e-03 2.173913043478260408e-04 2.173913043478260408e-04 2.871739130434781684e-01 5.239130434782608009e-02 2.173913043478260408e-04 8.065217391304346783e-02 2.173913043478260408e-04 2.173913043478260408e-04 2.173913043478260408e-04 4.002173913043476916e-01
3.062880324543610505e-02 2.028397565922921135e-04 2.231237322515212951e-03 2.028397565922921135e-04 2.028397565922921135e-04 2.028397565922921135e-04 2.231237322515212951e-03 2.231237322515212951e-03 2.028397565922921135e-04 2.028397565922921135e-04 2.028397565922921135e-04 3.265720081135902592e-02 2.028397565922921135e-04 2.028397565922921135e-04 2.028397565922921135e-04 2.028397565922921135e-04 2.028397565922921135e-04 2.028397565922921135e-04 2.231237322515212951e-03 4.259634888438133815e-03 2.028397565922921135e-04 2.028397565922921135e-04 2.598377281947261697e-01 1.056795131845841840e-01 2.028397565922921135e-04 2.028397565922921135e-04 2.028397565922921135e-04 2.028397565922921135e-04 2.028397565922921135e-04 5.539553752535497644e-01
2.873563218390804558e-04 2.873563218390804558e-04 2.873563218390804558e-04 2.873563218390804558e-04 2.873563218390804558e-04 3.160919540229885447e-03 2.873563218390804558e-04 2.873563218390804558e-04 1.439655172413793205e-01 2.873563218390804558e-04 2.873563218390804558e-04 2.873563218390804558e-04 2.873563218390804558e-04 2.873563218390804558e-04 2.873563218390804558e-04 2.873563218390804558e-04 2.873563218390804558e-04 1.178160919540229869e-02 1.123563218390804669e-01 2.873563218390804558e-04 2.873563218390804558e-04 3.160919540229885447e-03 1.727011494252873591e-01 9.798850574712644756e-02 2.873563218390804558e-04 2.873563218390804558e-04 2.873563218390804558e-04 1.178160919540229869e-02 2.873563218390804558e-04 4.370689655172413368e-01
2.697368421052631984e-02 2.697368421052631984e-02 6.578947368421054652e-04 6.578947368421054652e-04 2.039473684210526758e-02 6.578947368421054652e-04 4.671052631578948011e-02 6.578947368421054652e-04 2.039473684210526758e-02 6.578947368421054652e-04 6.578947368421054652e-04 6.578947368421054652e-04 6.578947368421054652e-04 6.578947368421054652e-04 7.236842105263159575e-03 6.578947368421054652e-04 6.578947368421054652e-04 6.578947368421054652e-04 6.578947368421054652e-04 6.578947368421054652e-04 6.644736842105264385e-02 6.578947368421054652e-04 9.934210526315791212e-02 6.578947368421054652e-04 6.578947368421054652e-04 1.322368421052631804e-01 6.578947368421054652e-04 3.355263157894737558e-02 6.578947368421054652e-04 5.072368421052632081e-01
8.374792703150911455e-03 8.291873963515754493e-05 8.291873963515754493e-05 8.291873963515754493e-05 8.291873963515754493e-05 1.417910447761194098e-02 9.121061359867330348e-04 8.291873963515754493e-05 6.716417910447761153e-03 8.291873963515754493e-05 8.291873963515754493e-05 8.291873963515754493e-05 8.291873963515754493e-05 8.291873963515754493e-05 8.291873963515754493e-05 1.741293532338308511e-03 8.291873963515754493e-05 8.291873963515754493e-05 2.661691542288557172e-02 8.291873963515754493e-05 8.291873963515754493e-05 1.741293532338308511e-03 1.087064676616915360e-01 9.709784411276947691e-02 9.121061359867330348e-04 1.252072968490878895e-02 8.291873963515754493e-05 1.998341625207297051e-02 2.570480928689884096e-03 6.966003316749586061e-01
1.915708812260536462e-04 2.701149425287356284e-02 2.107279693486590298e-03 2.509578544061302763e-02 1.168582375478927071e-02 1.915708812260536462e-04 1.915708812260536462e-04 4.042145593869732323e-02 1.915708812260536462e-04 1.915708812260536462e-04 1.915708812260536462e-04 1.915708812260536462e-04 2.509578544061302763e-02 2.318007662835248894e-02 9.770114942528735497e-03 1.915708812260536462e-04 1.915708812260536462e-04 1.915708812260536462e-04 1.915708812260536462e-04 1.915708812260536462e-04 1.915708812260536462e-04 5.383141762452107321e-02 1.802681992337164529e-01 1.915708812260536462e-04 1.915708812260536462e-04 6.724137931034483706e-02 1.915708812260536462e-04 1.017241379310344918e-01 1.915708812260536462e-04 4.293103448275861767e-01
4.255319148936171259e-04 1.876595744680851496e-01 4.255319148936171259e-04 3.446808510638298823e-02 4.255319148936171259e-04 7.276595744680854072e-02 4.255319148936171259e-04 3.021276595744681534e-02 8.936170212765959589e-03 2.170212765957447304e-02 4.255319148936171259e-04 4.255319148936171259e-04 4.255319148936171259e-04 2.259574468085107091e-01 4.255319148936171259e-04 4.255319148936171259e-04 4.255319148936171259e-04 4.255319148936171259e-04 4.255319148936171259e-04 8.553191489361704203e-02 1.791489361702128247e-01 4.255319148936171259e-04 5.148936170212767283e-02 4.255319148936171259e-04 2.595744680851064246e-02 4.255319148936171259e-04 4.255319148936171259e-04 4.723404255319149647e-02 4.255319148936171259e-04 2.170212765957447304e-02
3.174603174603173516e-04 3.174603174603173516e-04 3.174603174603173516e-04 3.174603174603173516e-04 1.082539682539682135e-01 3.174603174603173516e-04 3.174603174603173516e-04 3.492063492063491193e-03 3.174603174603173516e-04 3.174603174603173516e-04 3.174603174603173516e-04 3.174603174603173516e-04 3.174603174603173516e-04 3.174603174603173516e-04 1.273015873015872490e-01 3.174603174603173516e-04 3.174603174603173516e-04 3.174603174603173516e-04 3.523809523809522115e-02 3.174603174603173516e-04 3.174603174603173516e-04 5.111111111111110022e-02 4.158730158730156862e-02 3.174603174603173516e-04 3.174603174603173516e-04 4.542857142857141262e-01 3.174603174603173516e-04 1.717460317460317021e-01 3.174603174603173516e-04 3.174603174603173516e-04
2.406113537117904599e-01 4.366812227074236990e-04 4.366812227074236990e-04 4.847161572052402501e-02 4.366812227074236990e-04 4.366812227074236990e-04 4.366812227074236990e-04 4.366812227074236990e-04 4.366812227074236990e-04 4.366812227074236990e-04 4.366812227074236990e-04 4.366812227074236990e-04 4.366812227074236990e-04 4.366812227074236990e-04 1.270742358078602863e-01 9.170305676855897842e-03 4.366812227074236990e-04 4.366812227074236990e-04 1.353711790393013516e-02 3.100436681222707921e-02 4.803493449781661394e-03 4.366812227074236990e-04 2.799126637554585351e-01 4.366812227074236990e-04 5.720524017467250311e-02 1.794759825327511549e-01 4.366812227074236990e-04 4.366812227074236990e-04 4.366812227074236990e-04 4.366812227074236990e-04
9.783783783783785160e-02 5.405405405405405489e-04 5.405405405405405489e-04 5.405405405405405489e-04 5.945945945945946796e-03 1.135135135135135163e-02 1.675675675675675561e-02 5.405405405405405489e-04 2.756756756756756702e-02 2.216216216216216131e-02 5.405405405405405489e-04 5.405405405405405489e-04 1.356756756756756777e-01 5.405405405405405489e-04 5.459459459459459207e-02 2.491891891891891975e-01 5.405405405405405489e-04 5.405405405405405489e-04 5.405405405405405489e-04 5.405405405405405489e-04 5.405405405405405489e-04 3.297297297297296925e-02 5.405405405405405489e-04 5.405405405405405489e-04 3.356756756756756888e-01 5.405405405405405489e-04 5.405405405405405489e-04 5.405405405405405489e-04 5.405405405405405489e-04 5.405405405405405489e-04
1.712473572938688973e-02 2.558139534883720548e-02 6.363636363636362980e-02 2.114164904862579153e-04 1.501057082452431080e-02 1.904862579281183521e-01 4.883720930232558072e-02 2.114164904862579153e-04 2.980972515856236335e-02 2.114164904862579153e-04 2.114164904862579153e-04 2.114164904862579153e-04 2.114164904862579153e-04 2.114164904862579153e-04 8.668076109936573986e-03 2.114164904862579153e-04 8.668076109936573986e-03 2.114164904862579153e-04 2.114164904862579153e-04 4.460887949260042284e-02 2.114164904862579153e-04 2.114164904862579153e-04 1.841437632135306257e-01 3.405919661733614601e-01 8.668076109936573986e-03 2.325581395348837177e-03 2.114164904862579153e-04 2.114164904862579153e-04 8.668076109936573986e-03 2.114164904862579153e-04
2.218836565096952151e-01 2.770083102493073931e-04 5.567867036011078796e-02 4.459833795013849744e-02 8.587257617728528969e-03 3.047091412742381541e-03 3.047091412742381541e-03 2.770083102493073931e-04 2.770083102493073931e-04 5.013850415512464270e-02 2.770083102493073931e-04 2.770083102493073931e-04 6.675900277008307848e-02 3.047091412742381541e-03 1.803324099722991014e-01 2.770083102493073931e-04 2.770083102493073931e-04 2.770083102493073931e-04 1.135734072022160160e-02 3.047091412742381541e-03 2.770083102493073931e-04 2.770083102493073931e-04 1.387811634349030154e-01 2.770083102493073931e-04 2.770083102493073931e-04 1.997229916897506063e-01 3.047091412742381541e-03 3.047091412742381541e-03 2.770083102493073931e-04 2.770083102493073931e-04
8.341463414634149587e-02 4.878048780487806500e-04 5.365853658536587530e-03 5.365853658536587530e-03 4.878048780487806500e-04 4.878048780487806500e-04 5.902439024390245675e-02 4.878048780487806500e-04 4.878048780487806500e-04 4.878048780487806500e-04 4.878048780487806500e-04 4.878048780487806500e-04 1.663414634146342108e-01 5.365853658536587530e-03 1.512195121951219988e-02 3.517073170731708220e-01 1.512195121951219988e-02 4.878048780487806500e-04 4.878048780487806500e-04 4.926829268292683833e-02 5.365853658536587530e-03 2.975609756097561537e-02 4.878048780487806500e-04 4.878048780487806500e-04 3.951219512195122685e-02 2.000000000000000389e-02 4.926829268292683833e-02 3.951219512195122685e-02 4.878048780487806500e-04 5.414634146341464754e-02
4.680851063829788439e-03 4.255319148936171259e-04 4.255319148936171259e-04 4.680851063829788439e-03 8.936170212765959589e-03 4.255319148936171259e-04 3.872340425531915764e-02 4.680851063829788439e-03 8.936170212765959589e-03 4.255319148936171259e-04 4.255319148936171259e-04 4.255319148936171259e-04 1.238297872340425876e-01 4.255319148936171259e-04 1.744680851063830015e-02 3.536170212765958332e-01 4.255319148936171259e-04 4.255319148936171259e-04 4.255319148936171259e-04 3.021276595744681534e-02 4.680851063829788439e-03 6.425531914893618801e-02 6.000000000000001166e-02 2.595744680851064246e-02 1.876595744680851496e-01 4.723404255319149647e-02 8.936170212765959589e-03 4.255319148936171259e-04 4.255319148936171259e-04 4.255319148936171259e-04
2.183673469387755750e-01 6.802721088435375848e-04 6.802721088435375848e-04 1.911564625850340482e-01 3.469387755102041476e-02 7.482993197278913974e-03 6.802721088435375848e-04 6.802721088435375848e-04 6.802721088435375848e-04 4.829931972789116429e-02 6.802721088435375848e-04 6.802721088435375848e-04 2.789115646258503653e-02 6.802721088435375848e-04 1.843537414965986942e-01 6.802721088435375848e-04 6.802721088435375848e-04 6.802721088435375848e-04 6.802721088435375848e-04 6.802721088435375848e-04 6.802721088435375848e-04 7.482993197278913974e-03 1.435374149659864318e-01 6.802721088435375848e-04 1.428571428571428874e-02 1.027210884353741693e-01 6.802721088435375848e-04 6.802721088435375848e-04 6.802721088435375848e-04 7.482993197278913974e-03
4.405286343612336620e-04 4.845814977973570553e-03 4.405286343612336620e-04 1.806167400881057705e-02 4.405286343612336620e-04 1.365638766519824271e-02 5.770925110132160696e-02 4.405286343612336620e-04 3.568281938325992136e-02 4.405286343612336620e-04 4.405286343612336620e-04 4.405286343612336620e-04 2.955947136563877309e-01 4.405286343612336620e-04 4.405286343612336620e-04 3.528634361233481398e-01 4.405286343612336620e-04 4.405286343612336620e-04 4.405286343612336620e-04 4.405286343612336620e-04 4.405286343612336620e-04 4.405286343612336620e-04 1.365638766519824271e-02 4.405286343612336620e-04 4.845814977973570553e-03 1.017621145374449781e-01 4.889867841409693133e-02 4.405286343612336620e-04 4.449339207048459699e-02 4.405286343612336620e-04
2.169625246548323536e-03 2.169625246548323536e-03 1.972386587771203363e-04 5.345167652859960511e-02 1.972386587771203363e-04 1.972386587771203363e-04 1.972386587771203363e-04 1.203155818540433894e-02 1.005917159763313612e-02 1.972386587771203363e-04 4.142011834319526790e-03 1.203155818540433894e-02 1.972386587771203363e-04 1.972386587771203363e-04 1.972386587771203363e-04 1.972386587771203363e-04 1.972386587771203363e-04 1.972386587771203363e-04 5.147928994082840576e-02 1.972386587771203363e-04 1.400394477317554176e-02 1.972386587771203363e-04 1.500986193293885607e-01 1.972386587771203363e-04 2.169625246548323536e-03 2.169625246548323536e-03 1.972386587771203363e-04 1.185404339250493155e-01 2.169625246548323536e-03 5.603550295857988583e-01
1.694915254237287978e-04 1.694915254237287978e-04 1.694915254237287978e-04 1.542372881355931827e-02 5.254237288135592786e-03 1.694915254237287978e-04 1.372881355932203083e-02 1.694915254237287978e-04 1.864406779661016830e-03 1.203389830508474340e-02 7.474576271186439413e-02 2.476271186440677508e-01 1.694915254237287978e-04 1.694915254237287978e-04 1.694915254237287978e-04 1.694915254237287978e-04 1.372881355932203083e-02 3.745762711864406014e-02 1.694915254237287978e-04 1.864406779661016830e-03 1.694915254237287978e-04 2.898305084745762469e-02 2.035593220338982601e-01 3.237288135593219957e-02 1.694915254237287978e-04 1.694915254237287978e-04 1.694915254237287978e-04 3.576271186440677791e-02 2.730508474576270328e-01 1.694915254237287978e-04
1.801801801801801558e-04 1.801801801801801558e-04 1.801801801801801558e-04 1.801801801801801558e-04 1.801801801801801558e-04 3.783783783783783300e-03 9.189189189189187271e-03 1.981981981981981687e-03 1.801801801801801558e-04 1.801801801801801558e-04 8.666666666666665575e-02 1.353153153153152655e-01 1.801801801801801558e-04 1.801801801801801558e-04 1.801801801801801558e-04 1.801801801801801558e-04 1.801801801801801558e-04 1.801801801801801558e-04 1.801801801801801558e-04 4.342342342342341704e-02 1.981981981981981687e-03 1.801801801801801558e-04 1.064864864864864674e-01 1.459459459459459124e-02 6.144144144144143144e-02 2.540540540540539918e-02 1.981981981981981687e-03 1.801801801801801558e-04 5.046846846846846368e-01 1.801801801801801558e-04
2.713178294573642940e-03 1.291989664082686959e-04 1.291989664082686959e-04 1.291989664082686959e-04 1.421188630490955764e-03 1.291989664082686959e-04 5.310077519379843847e-02 1.291989664082686959e-04 1.421188630490955764e-03 1.291989664082686959e-04 3.864341085271317255e-01 2.766149870801032917e-01 1.291989664082686959e-04 1.291989664082686959e-04 1.291989664082686959e-04 1.291989664082686959e-04 1.434108527131782405e-02 1.421188630490955764e-03 1.291989664082686959e-04 1.291989664082686959e-04 1.421188630490955764e-03 1.291989664082686959e-04 1.797157622739017357e-01 1.291989664082686959e-04 2.713178294573642940e-03 5.297157622739015990e-03 1.291989664082686959e-04 1.046511627906976383e-02 6.085271317829455545e-02 1.291989664082686959e-04
