1.572327044025157426e-04 1.572327044025157426e-04 1.572327044025157426e-04 1.572327044025157426e-04 1.572327044025157426e-04 1.133647798742138252e-01 1.872641509433962126e-01 8.018867924528301841e-03 1.572327044025157426e-04 1.572327044025157426e-04 1.572327044025157426e-04 1.572327044025157426e-04 8.018867924528301841e-03 3.789308176100629477e-02 2.845911949685534653e-02 1.572327044025157426e-04 3.474842767295597407e-02 3.633647798742138391e-01 1.572327044025157426e-04 4.874213836477987206e-03 1.290880503144654079e-01 1.273584905660377249e-02 1.572327044025157426e-04 5.990566037735849114e-02 1.572327044025157426e-04 6.446540880503144090e-03 1.572327044025157426e-04 3.301886792452830323e-03 1.572327044025157426e-04 1.572327044025157426e-04
1.090512540894220117e-04 5.561613958560521730e-03 5.245365321701198763e-02 1.090512540894220117e-04 1.090512540894220117e-04 1.090512540894220117e-04 1.865866957470010412e-01 6.652126499454741847e-03 3.827699018538712611e-02 1.090512540894220117e-04 1.199563794983642129e-03 1.090512540894220117e-04 4.263904034896400658e-02 1.090512540894220117e-04 1.178844056706651738e-01 1.090512540894220117e-04 1.396946564885495901e-01 1.090512540894220117e-04 1.090512540894220117e-04 1.090512540894220117e-04 4.471101417666301613e-03 1.429661941112322365e-01 5.136314067611776751e-02 1.669574700109050791e-01 1.755725190839694388e-02 1.646673936750272030e-02 1.090512540894220117e-04 7.742639040348961964e-03 1.090512540894220117e-04 1.090512540894220117e-04
4.761904761904763527e-04 2.428571428571428895e-02 4.761904761904763527e-04 4.761904761904763527e-04 4.761904761904763527e-04 8.619047619047622011e-02 9.095238095238097897e-02 4.761904761904763527e-04 1.952380952380952661e-02 4.761904761904763527e-04 7.190476190476191576e-02 1.952380952380952661e-02 8.619047619047622011e-02 4.761904761904763527e-04 4.761904761904763527e-04 1.476190476190476601e-02 4.761904761904763527e-04 7.666666666666668850e-02 5.238095238095239609e-03 4.761904761904763527e-04 1.000000000000000368e-02 4.761904761904763527e-04 1.290476190476190776e-01 3.290476190476190888e-01 2.428571428571428895e-02 4.761904761904763527e-04 4.761904761904763527e-04 5.238095238095239609e-03 4.761904761904763527e-04 4.761904761904763527e-04
3.521126760563380470e-04 1.443661971830985727e-02 3.521126760563380470e-04 3.521126760563380470e-04 3.521126760563380470e-04 3.521126760563380470e-04 3.873239436619718788e-03 5.672535211267605293e-01 3.521126760563380470e-04 3.521126760563380470e-04 1.091549295774647994e-02 3.521126760563380470e-04 3.521126760563380470e-04 3.873239436619718788e-03 1.443661971830985727e-02 3.521126760563380470e-04 1.447183098591549311e-01 3.521126760563380470e-04 3.521126760563380470e-04 3.873239436619718788e-03 3.521126760563380470e-04 3.521126760563380470e-04 3.521126760563380470e-04 3.204225352112675951e-02 3.521126760563380470e-04 1.443661971830985727e-02 8.133802816901408717e-02 9.894366197183099287e-02 3.521126760563380470e-04 3.873239436619718788e-03
1.644245142002989570e-03 1.494768310911808774e-04 6.128550074738415079e-03 1.494768310911808774e-04 3.155455904334827921e-01 2.557548579970104763e-01 1.494768310911808774e-04 1.494768310911808774e-04 1.494768310911808774e-04 1.958146487294469204e-02 7.623318385650224016e-03 1.494768310911808774e-04 1.061285500747384189e-02 1.494768310911808774e-04 6.591928251121076388e-02 1.494768310911808774e-04 1.884902840059790585e-01 1.494768310911808774e-04 1.494768310911808774e-04 1.494768310911808774e-04 1.047832585949177858e-01 7.623318385650224016e-03 1.494768310911808774e-04 1.494768310911808774e-04 1.061285500747384189e-02 1.494768310911808774e-04 1.494768310911808774e-04 1.644245142002989570e-03 1.494768310911808774e-04 1.644245142002989570e-03
1.730061349693251538e-02 1.277300613496932524e-01 1.226993865030674919e-04 8.355828220858894928e-02 1.226993865030674919e-04 1.226993865030674919e-04 1.349693251533742519e-03 1.226993865030674919e-04 1.226993865030674919e-04 1.349693251533742519e-03 1.142331288343558238e-01 1.226993865030674919e-04 5.533742331288343808e-02 1.226993865030674919e-04 2.834355828220859116e-02 1.226993865030674919e-04 2.774233128834355799e-01 9.705521472392637794e-02 1.226993865030674919e-04 1.226993865030674919e-04 6.257668711656441327e-03 1.852760736196319008e-02 1.226993865030674919e-04 1.559509202453987775e-01 1.226993865030674919e-04 1.226993865030674919e-04 1.361963190184048954e-02 1.226993865030674919e-04 1.226993865030674919e-04 1.226993865030674919e-04
2.132196162046907950e-04 4.477611940298506857e-03 2.132196162046907950e-04 8.742004264392321672e-03 6.609808102345414264e-03 6.609808102345414264e-03 2.132196162046907950e-04 4.010660980810233367e-01 6.609808102345414264e-03 2.132196162046907950e-04 2.132196162046907950e-04 2.132196162046907950e-04 2.132196162046907950e-04 3.219616204690830402e-02 2.132196162046907950e-04 2.132196162046907950e-04 1.537313432835820393e-01 2.132196162046907950e-04 2.132196162046907950e-04 2.132196162046907950e-04 2.132196162046907950e-04 2.132196162046907950e-04 2.132196162046907950e-04 4.477611940298506857e-03 6.609808102345414264e-03 2.132196162046907950e-04 3.584221748400852059e-01 2.132196162046907950e-04 2.132196162046907950e-04 6.609808102345414264e-03
4.845814977973568818e-03 1.237885462555066152e-01 4.405286343612334994e-04 1.105726872246696052e-01 2.559471365638766316e-01 4.405286343612334994e-04 4.405286343612334994e-04 4.405286343612334994e-04 4.405286343612334994e-04 4.405286343612334994e-04 1.149779735682819465e-01 4.405286343612334994e-04 4.845814977973568818e-03 4.405286343612334994e-04 4.405286343612334994e-04 4.405286343612334994e-04 7.092511013215860305e-02 4.405286343612334994e-04 4.405286343612334994e-04 4.405286343612334994e-04 4.405286343612334994e-04 4.405286343612334994e-04 4.405286343612334994e-04 1.193832599118942739e-01 1.634361233480176312e-01 4.405286343612334994e-04 1.806167400881057011e-02 4.405286343612334994e-04 4.845814977973568818e-03 4.405286343612334994e-04
1.251564455569461481e-04 1.251564455569461481e-04 3.843554443053816549e-01 1.251564455569461481e-04 1.251564455569461481e-04 1.615769712140174563e-01 7.521902377972464193e-02 1.251564455569461481e-04 1.251564455569461481e-04 1.376720901126407765e-03 1.251564455569461481e-04 1.251564455569461481e-04 2.390488110137671540e-02 1.251564455569461481e-04 2.140175219023779385e-02 1.251564455569461481e-04 1.953692115143929320e-01 7.634543178973714900e-03 1.251564455569461481e-04 1.251564455569461481e-04 2.265331664580725463e-02 2.765957446808510120e-02 2.628285356695869192e-03 1.251564455569461481e-04 6.382978723404253256e-03 1.251564455569461481e-04 1.251564455569461481e-04 1.251564455569461481e-04 6.770963704630786340e-02 1.251564455569461481e-04
4.291845493562233154e-04 4.291845493562233154e-04 1.759656652360515328e-02 4.291845493562233154e-04 4.291845493562233154e-04 2.879828326180258191e-01 4.291845493562233154e-04 4.291845493562233154e-04 4.291845493562233154e-04 4.291845493562233154e-04 2.618025751072962024e-02 4.291845493562233154e-04 3.905579399141631547e-02 4.291845493562233154e-04 9.484978540772534550e-02 4.291845493562233154e-04 4.291845493562233154e-04 3.738197424892704679e-01 4.291845493562233154e-04 4.291845493562233154e-04 4.291845493562233154e-04 6.051502145922747766e-02 4.291845493562233154e-04 4.291845493562233154e-04 4.291845493562233154e-04 3.476394849785408719e-02 4.291845493562233154e-04 4.291845493562233154e-04 4.334763948497855068e-02 1.330472103004292153e-02
1.478873239436620003e-02 1.063380281690141094e-01 7.042253521126762023e-04 7.042253521126762023e-04 7.042253521126762023e-04 7.746478873239438442e-03 7.746478873239438442e-03 7.042253521126762023e-04 2.183098591549296336e-02 7.042253521126762023e-04 7.042253521126762023e-04 7.042253521126762023e-04 1.478873239436620003e-02 7.042253521126762023e-04 7.042253521126762023e-04 7.042253521126762023e-04 7.112676056338029795e-02 1.485915492957746997e-01 7.042253521126762023e-04 7.746478873239438442e-03 7.042253521126762023e-04 1.478873239436620003e-02 7.042253521126762023e-04 7.042253521126762023e-04 7.042253521126762023e-04 7.042253521126762023e-04 5.711267605633804090e-01 7.042253521126762023e-04 7.042253521126762023e-04 7.042253521126762023e-04
4.366812227074236990e-04 4.366812227074236990e-04 1.489082969432314885e-01 4.366812227074236990e-04 4.366812227074236990e-04 9.170305676855897842e-03 5.283842794759826406e-02 4.366812227074236990e-04 4.803493449781661394e-03 4.366812227074236990e-04 4.366812227074236990e-04 4.366812227074236990e-04 1.139737991266375899e-01 4.366812227074236990e-04 3.537117903930131479e-02 4.366812227074236990e-04 4.366812227074236990e-04 4.366812227074236990e-04 4.366812227074236990e-04 4.366812227074236990e-04 4.366812227074236990e-04 2.231441048034935037e-01 1.790393013100436900e-02 2.493449781659389242e-01 4.366812227074236990e-04 4.366812227074236990e-04 4.366812227074236990e-04 1.353711790393013516e-02 1.227074235807860680e-01 4.366812227074236990e-04
1.792114695340501520e-04 1.792114695340501520e-04 1.792114695340501520e-04 3.064516129032257563e-02 1.971326164874551753e-03 1.792114695340501520e-04 2.707885304659497505e-01 1.792114695340501520e-04 6.827956989247310760e-02 1.792114695340501520e-04 1.272401433691756033e-02 1.792114695340501520e-04 1.792114695340501520e-04 1.792114695340501520e-04 5.573476702508959463e-02 1.792114695340501520e-04 1.274193548387096420e-01 3.657706093189963537e-01 1.792114695340501520e-04 1.792114695340501520e-04 1.630824372759856131e-02 1.792114695340501520e-04 1.792114695340501520e-04 3.781362007168458106e-02 1.792114695340501520e-04 7.347670250896055390e-03 1.792114695340501520e-04 1.971326164874551753e-03 1.792114695340501520e-04 1.792114695340501520e-04
1.116071428571428401e-04 1.116071428571428401e-04 4.698660714285713552e-02 1.116071428571428401e-04 1.116071428571428401e-04 1.116071428571428401e-04 4.353794642857142239e-01 2.243303571428571092e-02 8.939732142857140240e-02 2.343749999999999480e-03 1.796874999999999861e-02 1.116071428571428401e-04 3.805803571428570398e-02 1.116071428571428401e-04 9.944196428571425161e-02 1.116071428571428401e-04 1.150669642857142516e-01 1.116071428571428401e-04 1.116071428571428401e-04 1.116071428571428401e-04 3.459821428571427989e-03 1.116071428571428401e-04 5.926339285714284089e-02 1.116071428571428401e-04 3.359374999999999167e-02 2.343749999999999480e-03 1.116071428571428401e-04 1.116071428571428401e-04 3.247767857142856707e-02 1.116071428571428401e-04
2.579852579852579247e-03 3.808353808353807501e-03 3.697788697788696732e-02 1.228501228501228200e-04 4.066339066339065555e-02 1.228501228501228200e-04 7.751842751842749624e-02 9.950859950859947470e-03 5.171990171990170637e-02 3.206388206388205431e-02 1.228501228501228200e-04 1.228501228501228200e-04 2.346437346437346000e-02 1.228501228501228200e-04 1.228501228501228200e-04 1.609336609336608701e-02 4.018427518427517553e-01 1.117936117936117572e-02 1.228501228501228200e-04 1.228501228501228200e-04 1.228501228501228200e-04 1.363636363636363223e-02 1.094594594594594239e-01 1.205159705159704747e-01 1.977886977886977524e-02 1.228501228501228200e-04 1.228501228501228200e-04 2.714987714987714476e-02 1.228501228501228200e-04 1.228501228501228200e-04
2.732240437158469401e-04 2.732240437158469401e-04 1.120218579234972221e-02 1.040983606557376734e-01 2.732240437158469401e-04 2.486338797814206802e-02 2.732240437158469401e-04 2.732240437158469401e-04 4.125683060109288508e-02 2.732240437158469401e-04 1.969945355191256020e-01 1.393442622950819172e-02 5.765027322404370214e-02 2.732240437158469401e-04 7.950819672131145821e-02 2.732240437158469401e-04 1.259562841530054156e-01 4.945355191256829708e-02 2.732240437158469401e-04 2.732240437158469401e-04 2.732240437158469401e-04 4.125683060109288508e-02 2.732240437158469401e-04 2.489071038251365053e-01 2.732240437158469401e-04 2.732240437158469401e-04 2.732240437158469401e-04 2.732240437158469401e-04 2.732240437158469401e-04 2.732240437158469401e-04
1.256281407035176006e-04 1.256281407035176006e-04 6.168341708542713492e-02 1.256281407035176006e-04 2.638190954773869668e-03 8.919597989949748507e-03 1.898241206030150674e-01 1.256281407035176006e-04 1.256281407035176006e-04 1.256281407035176006e-04 7.927135678391959706e-02 1.256281407035176006e-04 1.370603015075376740e-01 1.256281407035176006e-04 3.781407035175879394e-02 1.256281407035176006e-04 1.370603015075376740e-01 1.383165829145728554e-01 1.256281407035176006e-04 1.256281407035176006e-04 7.663316582914572392e-03 6.042713567839196054e-02 3.894472361809045349e-03 1.043969849246231124e-01 2.650753768844221411e-02 1.256281407035176006e-04 1.381909547738693553e-03 1.256281407035176006e-04 1.381909547738693553e-03 1.256281407035176006e-04
1.355013550135501083e-04 1.355013550135501083e-04 1.355013550135501083e-04 1.654471544715446496e-01 1.355013550135501083e-04 1.355013550135501083e-04 6.924119241192409901e-02 1.355013550135501083e-04 6.910569105691054086e-03 1.233062330623305863e-02 3.456639566395662833e-01 1.355013550135501083e-04 2.859078590785907314e-02 5.569105691056908808e-02 8.143631436314360816e-02 1.058265582655826126e-01 8.414634146341461174e-02 1.097560975609755685e-02 9.620596205962056793e-03 1.355013550135501083e-04 1.775067750677506231e-02 1.355013550135501083e-04 2.845528455284552193e-03 1.490514905149051056e-03 1.355013550135501083e-04 1.355013550135501083e-04 1.355013550135501083e-04 1.355013550135501083e-04 1.355013550135501083e-04 1.355013550135501083e-04
3.086419753086419690e-04 3.086419753086419690e-04 3.086419753086419690e-04 3.086419753086419690e-04 8.981481481481481954e-02 3.086419753086419690e-04 3.086419753086419690e-04 3.086419753086419690e-04 3.395061728395062147e-03 3.086419753086419690e-04 1.731481481481481621e-01 3.086419753086419690e-04 1.882716049382715875e-02 3.425925925925926013e-02 4.043209876543209930e-02 3.395061728395062147e-03 1.145061728395061762e-01 1.237654320987654349e-01 3.086419753086419690e-04 3.086419753086419690e-04 3.086419753086419690e-04 8.364197530864198038e-02 3.086419753086419690e-04 6.820987654320988247e-02 1.265432098765431959e-02 3.395061728395062147e-03 3.086419753086419690e-04 3.395061728395062147e-03 2.132716049382715751e-01 9.567901234567901744e-03
3.184713375796177637e-04 3.184713375796177637e-04 2.579617834394903539e-02 8.630573248407640008e-02 3.184713375796177637e-04 3.184713375796177637e-04 1.595541401273884718e-01 3.184713375796177637e-04 3.184713375796177637e-04 3.184713375796177637e-04 3.184713375796177637e-04 3.184713375796177637e-04 3.184713375796177637e-04 3.184713375796177637e-04 2.579617834394903539e-02 2.579617834394903539e-02 2.136942675159234639e-01 3.920382165605094116e-01 3.184713375796177637e-04 3.184713375796177637e-04 3.184713375796177637e-04 1.624203821656050248e-02 3.184713375796177637e-04 3.184713375796177637e-04 3.184713375796177637e-04 3.184713375796177637e-04 3.184713375796177637e-04 3.184713375796177637e-04 4.808917197452227538e-02 3.184713375796177637e-04
3.728813559322032792e-03 3.389830508474575414e-04 3.389830508474575414e-04 1.155932203389830049e-01 1.050847457627118210e-02 1.054237288135592837e-01 3.389830508474575414e-04 2.406779661016947985e-02 3.389830508474575414e-04 3.728813559322032792e-03 3.155932203389829049e-01 3.389830508474575414e-04 1.393220338983050255e-01 3.389830508474575414e-04 3.728813559322032792e-03 3.389830508474575414e-04 1.291525423728813182e-01 3.389830508474575414e-04 3.389830508474575414e-04 3.389830508474575414e-04 3.389830508474575414e-04 3.389830508474575414e-04 3.389830508474575414e-04 1.427118644067796038e-01 3.389830508474575414e-04 3.389830508474575414e-04 3.389830508474575414e-04 3.389830508474575414e-04 3.389830508474575414e-04 3.389830508474575414e-04
1.381215469613259774e-04 1.381215469613259774e-04 1.381215469613259774e-04 1.451657458563535841e-01 1.381215469613259774e-04 1.381215469613259774e-04 8.301104972375690505e-02 8.425414364640884321e-03 2.085635359116021909e-02 1.381215469613259774e-04 2.777624309392265345e-01 1.381215469613259774e-04 2.900552486187845443e-03 1.381215469613259774e-04 1.009668508287292765e-01 8.991712707182319964e-02 2.225138121546961223e-01 1.947513812154695947e-02 1.381215469613259774e-04 1.381215469613259774e-04 1.947513812154695947e-02 1.381215469613259774e-04 1.381215469613259774e-04 1.381215469613259774e-04 1.381215469613259774e-04 1.381215469613259774e-04 7.044198895027623843e-03 1.381215469613259774e-04 1.381215469613259774e-04 1.381215469613259774e-04
1.088139281828073775e-04 3.601741022850923901e-02 1.088139281828073775e-04 1.034820457018498091e-01 7.725788900979323193e-03 1.088139281828073775e-04 1.470076169749727490e-01 1.088139281828073775e-04 3.057671381936887325e-02 1.088139281828073775e-04 1.655059847660499961e-01 2.285092491838954833e-03 1.088139281828073775e-04 1.088139281828073775e-04 2.819368879216539447e-01 8.813928182807396344e-03 6.866158868335145438e-02 7.954298150163217895e-02 1.088139281828073775e-04 1.088139281828073775e-04 1.088139281828073775e-04 1.088139281828073775e-04 1.088139281828073775e-04 4.363438520130575454e-02 7.725788900979323193e-03 1.088139281828073775e-04 1.088139281828073775e-04 1.534276387377583872e-02 1.088139281828073775e-04 1.088139281828073775e-04
2.849002849002848278e-04 2.849002849002848278e-04 2.849002849002848278e-04 1.997150997150996254e-01 2.849002849002848278e-04 2.849002849002848278e-04 5.441595441595440535e-02 2.849002849002848278e-04 3.133903133903133322e-03 2.849002849002848278e-04 2.424501424501423474e-01 2.849002849002848278e-04 5.982905982905981600e-03 6.011396011396009931e-02 1.512820512820512442e-01 3.162393162393161566e-02 1.740740740740740200e-01 4.017094017094016006e-02 2.592592592592591824e-02 2.849002849002848278e-04 2.849002849002848278e-04 2.849002849002848278e-04 2.849002849002848278e-04 5.982905982905981600e-03 2.849002849002848278e-04 2.849002849002848278e-04 2.849002849002848278e-04 2.849002849002848278e-04 2.849002849002848278e-04 2.849002849002848278e-04
2.212389380530973150e-04 2.212389380530973150e-04 2.433628318584070329e-03 5.995575221238937103e-02 1.349557522123893440e-02 5.774336283185839414e-02 2.212389380530973150e-04 4.668141592920353050e-02 2.212389380530973150e-04 3.119469026548671656e-02 3.652654867256636129e-01 2.212389380530973150e-04 2.013274336283185292e-02 2.212389380530973150e-04 3.561946902654866687e-02 1.570796460176990608e-02 2.192477876106193879e-01 4.889380530973450739e-02 2.212389380530973150e-04 2.212389380530973150e-04 4.004424778761061371e-02 2.212389380530973150e-04 2.212389380530973150e-04 3.119469026548671656e-02 2.212389380530973150e-04 2.212389380530973150e-04 4.646017699115043316e-03 2.212389380530973150e-04 4.646017699115043316e-03 2.212389380530973150e-04
1.607717041800642581e-04 9.340836012861733484e-02 1.607717041800642581e-04 1.607717041800642581e-04 1.141479099678456045e-02 3.184887459807072552e-01 1.607717041800642581e-04 1.607717041800642581e-04 1.607717041800642581e-04 1.768488745980706812e-03 1.607717041800642581e-04 4.983922829581991648e-03 3.070739549839227381e-02 9.340836012861733484e-02 1.607717041800642581e-04 1.607717041800642581e-04 1.432475884244372444e-01 6.125401929260448214e-02 1.607717041800642581e-04 1.607717041800642581e-04 8.054662379421219376e-02 1.607717041800642581e-04 1.607717041800642581e-04 5.482315112540191160e-02 6.591639871382633416e-03 1.607717041800642581e-04 5.964630225080384124e-02 1.607717041800642581e-04 3.713826366559484088e-02 1.607717041800642581e-04
1.042752867570385656e-04 1.042752867570385656e-04 1.042752867570385656e-04 2.931178310740353843e-01 6.360792492179351623e-03 4.285714285714285060e-02 5.119916579770593390e-02 1.042752867570385656e-04 1.042752867570385656e-04 1.042752867570385656e-04 3.171011470281542843e-01 1.147028154327424127e-03 7.831074035453594595e-02 4.275286757038580798e-03 7.831074035453594595e-02 1.042752867570385656e-04 9.082377476538057437e-02 1.053180396246089327e-02 1.042752867570385656e-04 1.042752867570385656e-04 1.042752867570385656e-04 1.042752867570385656e-04 1.042752867570385656e-04 1.887382690302398178e-02 1.042752867570385656e-04 1.042752867570385656e-04 1.042752867570385656e-04 3.232533889468195386e-03 1.042752867570385656e-04 2.189781021897809973e-03
1.547116736990154741e-03 1.406469760900140673e-04 1.406469760900140673e-04 2.842475386779184099e-01 4.360056258790436304e-03 1.406469760900140673e-04 7.890295358649788982e-02 1.406469760900140673e-04 1.406469760900140673e-04 2.953586497890295631e-03 2.898734177215189778e-01 1.406469760900140673e-04 5.780590717299578102e-02 1.406469760900140673e-04 3.811533052039381420e-02 2.123769338959212438e-02 1.970464135021096908e-01 1.406469760900140673e-04 1.406469760900140673e-04 1.406469760900140673e-04 9.985935302390997262e-03 1.406469760900140673e-04 1.406469760900140673e-04 1.406469760900140673e-04 9.985935302390997262e-03 1.547116736990154741e-03 1.406469760900140673e-04 1.406469760900140673e-04 1.406469760900140673e-04 1.406469760900140673e-04
2.188183807439824486e-04 2.188183807439824486e-04 2.188183807439824486e-04 5.711159737417941668e-02 1.115973741794310317e-02 2.188183807439824486e-04 2.188183807439824486e-04 2.188183807439824486e-04 2.188183807439824486e-04 2.188183807439824486e-04 2.428884026258204890e-02 2.188183807439824486e-04 1.205689277899343326e-01 2.234135667396060509e-01 2.188183807439824486e-04 1.621444201312909894e-01 8.118161925601748152e-02 2.188183807439824486e-04 2.188183807439824486e-04 8.971553610503280041e-03 2.188183807439824486e-04 1.796498905908095745e-01 2.188183807439824486e-04 8.993435448577678792e-02 4.595185995623631177e-03 4.595185995623631177e-03 2.188183807439824486e-04 2.407002188183807179e-03 2.188183807439824486e-04 2.647702407002187550e-02
2.358490566037735054e-04 2.358490566037735054e-04 8.514150943396223137e-02 2.594339622641508424e-03 2.358490566037735054e-04 2.358490566037735054e-04 4.695754716981129784e-01 2.358490566037735054e-04 2.358490566037735054e-04 6.863207547169808409e-02 2.358490566037735054e-04 2.358490566037735054e-04 1.040094339622641140e-01 2.358490566037735054e-04 1.346698113207546732e-01 4.952830188679243316e-03 2.358490566037735054e-04 2.358490566037735054e-04 2.358490566037735054e-04 2.358490566037735054e-04 2.358490566037735054e-04 2.594339622641508424e-03 9.693396226415090799e-02 1.674528301886791734e-02 2.594339622641508424e-03 2.358490566037735054e-04 2.358490566037735054e-04 2.358490566037735054e-04 2.358490566037735054e-04 7.311320754716978641e-03
2.801120448179270973e-04 2.801120448179270973e-04 3.949579831932771568e-02 1.207282913165265703e-01 2.801120448179270973e-04 5.882352941176468772e-03 7.310924369747896778e-02 2.801120448179270973e-04 2.801120448179270973e-04 2.801120448179270973e-04 1.151260504201680329e-01 2.801120448179270973e-04 4.229691876750699131e-02 3.109243697478990612e-02 2.549019607843136179e-02 2.801120448179270973e-04 1.067226890756302199e-01 2.355742296918766632e-01 2.801120448179270973e-04 2.801120448179270973e-04 2.801120448179270973e-04 3.949579831932771568e-02 2.801120448179270973e-04 1.571428571428570842e-01 2.801120448179270973e-04 2.801120448179270973e-04 2.801120448179270973e-04 2.801120448179270973e-04 2.801120448179270973e-04 3.081232492997198341e-03
1.428571428571429004e-03 1.571428571428571883e-02 3.300000000000000711e-01 1.428571428571429004e-03 1.428571428571429004e-03 1.428571428571429004e-03 1.428571428571429004e-03 1.428571428571429004e-03 1.585714285714285854e-01 1.428571428571429004e-03 7.285714285714287031e-02 1.428571428571429004e-03 1.428571428571429004e-03 4.428571428571429630e-02 1.428571428571429004e-03 1.428571428571429004e-03 1.014285714285714374e-01 1.428571428571429004e-03 1.428571428571429004e-03 1.014285714285714374e-01 1.428571428571429004e-03 1.428571428571429004e-03 1.428571428571429004e-03 3.000000000000000583e-02 1.428571428571429004e-03 1.428571428571429004e-03 1.157142857142857278e-01 1.428571428571429004e-03 1.428571428571429004e-03 1.428571428571429004e-03
1.253132832080200215e-04 7.644110275689220552e-03 1.378446115288220345e-03 1.692982456140350311e-01 7.644110275689220552e-03 2.142857142857142530e-02 6.403508771929822263e-02 1.253132832080200215e-04 5.526315789473682655e-02 1.253132832080200215e-04 2.808270676691728696e-01 1.253132832080200215e-04 1.253132832080200215e-04 1.378446115288220345e-03 3.145363408521302528e-02 6.779448621553882393e-02 1.893483709273182380e-01 1.892230576441102097e-02 8.897243107769420983e-03 1.253132832080200215e-04 1.378446115288220345e-03 3.884711779448620558e-03 1.253132832080200215e-04 6.654135338345862349e-02 1.253132832080200215e-04 1.378446115288220345e-03 1.253132832080200215e-04 1.253132832080200215e-04 1.253132832080200215e-04 1.253132832080200215e-04
1.031991744066047579e-04 1.208462332301341591e-01 1.031991744066047579e-04 1.558307533539731587e-02 1.031991744066047579e-04 2.693498452012384192e-02 1.031991744066047579e-04 2.899896800825593410e-02 1.043343653250773939e-01 1.031991744066047579e-04 1.031991744066047579e-04 1.031991744066047579e-04 7.234262125902991836e-02 1.031991744066047579e-04 2.899896800825593410e-02 1.031991744066047579e-04 8.679050567595458787e-02 1.031991744066047579e-04 9.391124871001032409e-03 3.312693498452012192e-02 1.031991744066047579e-04 1.135190918472652214e-03 3.003095975232198192e-02 1.145510835913312632e-02 3.199174406604747209e-03 3.199174406604747209e-03 9.711042311661506610e-02 3.117647058823529438e-01 4.231166150670794164e-03 9.391124871001032409e-03
2.202643171806166955e-04 2.202643171806166955e-04 2.202643171806166955e-04 9.493392070484579781e-02 2.202643171806166955e-04 2.202643171806166955e-04 1.784140969162995027e-02 9.493392070484579781e-02 2.202643171806166955e-04 1.784140969162995027e-02 5.528634361233478872e-02 1.455947136563876254e-01 1.257709251101321313e-01 2.202643171806166955e-04 2.202643171806166955e-04 5.528634361233478872e-02 2.885462555066078613e-02 4.625550660792950713e-03 2.422907488986783542e-03 2.513215859030836219e-01 2.202643171806166955e-04 2.202643171806166955e-04 9.713656387665195457e-02 2.202643171806166955e-04 2.202643171806166955e-04 4.625550660792950713e-03 2.202643171806166955e-04 2.202643171806166955e-04 2.202643171806166955e-04 2.202643171806166955e-04
2.016129032258064514e-04 2.016129032258064514e-04 2.016129032258064514e-04 2.016129032258064514e-04 2.016129032258064514e-04 2.522177419354838523e-01 2.641129032258063974e-02 1.229838709677419199e-02 2.016129032258064514e-04 2.217741935483870993e-03 3.368951612903225423e-01 2.016129032258064514e-04 1.431451612903225645e-02 9.294354838709677213e-02 1.090725806451612739e-01 2.016129032258064514e-04 8.084677419354838190e-02 2.016129032258064514e-04 2.016129032258064514e-04 2.016129032258064514e-04 5.866935483870967111e-02 2.016129032258064514e-04 2.016129032258064514e-04 2.016129032258064514e-04 2.016129032258064514e-04 4.233870967741935019e-03 2.016129032258064514e-04 4.233870967741935019e-03 2.016129032258064514e-04 2.217741935483870993e-03
1.579778830963664954e-04 1.579778830963664954e-04 1.579778830963664954e-04 8.056872037914690129e-03 3.333333333333333287e-02 1.123222748815165539e-01 1.579778830963664954e-04 1.579778830963664954e-04 1.579778830963664954e-04 1.579778830963664954e-04 8.230647709320694505e-02 1.579778830963664954e-04 6.018957345971562983e-02 6.176935229067929273e-02 1.579778830963664954e-04 1.579778830963664954e-04 1.218009478672985452e-01 1.579778830963664954e-04 1.579778830963664954e-04 1.911532385466034253e-02 3.317535545023696242e-03 4.439178515007898007e-02 1.579778830963664954e-04 1.579778830963664954e-04 1.091627172195892281e-01 1.579778830963664954e-04 3.491311216429699577e-02 6.492890995260662546e-02 2.276461295418640840e-01 1.437598736176934865e-02
3.201581027667984441e-02 3.992094861660079597e-02 3.952569169960474800e-04 3.952569169960474800e-04 3.952569169960474800e-04 3.952569169960474800e-04 3.952569169960474800e-04 3.952569169960474800e-04 3.952569169960474800e-04 3.952569169960474800e-04 1.426877470355731314e-01 3.952569169960474800e-04 5.177865612648221982e-02 3.952569169960474800e-04 3.952569169960474800e-04 3.952569169960474800e-04 1.150197628458498184e-01 1.225296442687747248e-02 3.952569169960474800e-04 3.952569169960474800e-04 3.952569169960474800e-04 3.952569169960474800e-04 3.952569169960474800e-04 3.952569169960474800e-04 3.952569169960474800e-04 3.952569169960474800e-04 7.944664031620554678e-02 3.952569169960474800e-04 5.181818181818181879e-01 3.952569169960474800e-04
1.901140684410645998e-04 5.893536121673002837e-03 9.695817490494293422e-03 1.922053231939163109e-01 1.901140684410645998e-04 8.003802281368820049e-02 1.901140684410645998e-04 2.091254752851710950e-03 1.901140684410645998e-04 1.901140684410645998e-04 3.309885931558934624e-01 1.901140684410645998e-04 2.036121673003801757e-01 1.901140684410645998e-04 1.920152091254752336e-02 1.901140684410645998e-04 2.091254752851710950e-03 7.243346007604561931e-02 2.091254752851710950e-03 5.152091254752851068e-02 5.893536121673002837e-03 1.901140684410645998e-04 2.091254752851710950e-03 1.901140684410645998e-04 1.901140684410645998e-04 1.901140684410645998e-04 1.730038022813687806e-02 1.901140684410645998e-04 1.901140684410645998e-04 1.901140684410645998e-04
4.545454545454547077e-04 4.545454545454547077e-04 1.863636363636363841e-02 4.545454545454547077e-04 4.050000000000000822e-01 3.095454545454546236e-01 4.545454545454547077e-04 4.545454545454547077e-04 4.545454545454547077e-04 4.545454545454547077e-04 5.954545454545456112e-02 4.545454545454547077e-04 4.545454545454547077e-04 1.277272727272727726e-01 4.545454545454547077e-04 4.545454545454547077e-04 1.409090909090909491e-02 4.545454545454547077e-04 4.545454545454547077e-04 4.545454545454547077e-04 4.545454545454547077e-04 4.545454545454547077e-04 4.545454545454547077e-04 3.681818181818182628e-02 4.545454545454547077e-04 4.545454545454547077e-04 1.863636363636363841e-02 4.545454545454547077e-04 4.545454545454547077e-04 4.545454545454547077e-04
1.779359430604982061e-04 1.779359430604982061e-04 1.779359430604982061e-04 1.779359430604982061e-04 1.779359430604982061e-04 2.741992882562276912e-01 1.496441281138789769e-01 1.779359430604982061e-04 1.779359430604982061e-04 1.779359430604982061e-04 1.975088967971529857e-02 1.779359430604982061e-04 9.448398576512453961e-02 1.957295373665480023e-03 1.122775800711743599e-01 1.779359430604982061e-04 9.448398576512453961e-02 2.101423487544483437e-01 1.779359430604982061e-04 1.779359430604982061e-04 3.736654804270462139e-03 3.736654804270462139e-03 1.779359430604982061e-04 1.779359430604982061e-04 2.330960854092526194e-02 1.779359430604982061e-04 1.779359430604982061e-04 7.295373665480425068e-03 1.779359430604982061e-04 1.957295373665480023e-03
3.987623762376236169e-01 2.475247524752474735e-04 2.475247524752474735e-04 2.475247524752474735e-04 1.014851485148514539e-02 4.480198019801979320e-02 2.475247524752474735e-04 2.475247524752474735e-04 2.722772277227722155e-03 2.475247524752474735e-04 5.222772277227721860e-02 2.475247524752474735e-04 6.707920792079206940e-02 2.475247524752474735e-04 2.475247524752474735e-04 4.727722772277227065e-02 1.215346534653465038e-01 6.955445544554453297e-02 2.475247524752474735e-04 2.475247524752474735e-04 2.475247524752474735e-04 2.475247524752474735e-04 2.475247524752474735e-04 2.475247524752474735e-04 2.475247524752474735e-04 1.014851485148514539e-02 2.475247524752474735e-04 2.995049504950494240e-02 1.413366336633662956e-01 2.475247524752474735e-04
3.412969283276449462e-04 3.412969283276449462e-04 8.907849829351532911e-02 3.412969283276449462e-04 3.412969283276449462e-04 3.412969283276449462e-04 2.767918088737200133e-01 3.412969283276449462e-04 7.167235494880543761e-03 3.412969283276449462e-04 3.412969283276449462e-04 3.412969283276449462e-04 9.931740614334468031e-02 3.412969283276449462e-04 3.412969283276449462e-04 3.412969283276449462e-04 9.590443686006822066e-02 1.266211604095562604e-01 3.412969283276449462e-04 3.412969283276449462e-04 3.412969283276449462e-04 5.153583617747438395e-02 1.399317406143344052e-02 1.539249146757678544e-01 5.836177474402728937e-02 3.754266211604094516e-03 3.412969283276449462e-04 3.412969283276449462e-04 1.740614334470988803e-02 3.412969283276449462e-04
1.245330012453299789e-04 1.245330012453299789e-04 1.245330012453299789e-04 1.245330012453299789e-04 4.496886674968865738e-01 1.657534246575342041e-01 1.245330012453299789e-04 1.245330012453299789e-04 5.105853051058528540e-03 1.008717310087172726e-02 2.503113325031132777e-02 1.245330012453299789e-04 7.733499377334991653e-02 4.869240348692402409e-02 1.369863013698629931e-03 1.257783312577832706e-02 1.844333748443336973e-01 1.245330012453299789e-04 1.369863013698629931e-03 7.596513075965128335e-03 1.245330012453299789e-04 1.245330012453299789e-04 2.615193026151929612e-03 1.245330012453299789e-04 1.245330012453299789e-04 1.245330012453299789e-04 1.245330012453299789e-04 1.245330012453299789e-04 1.245330012453299789e-04 6.351183063511828437e-03
3.949044585987260096e-03 1.273885350318470946e-04 1.273885350318470946e-04 1.796178343949043910e-02 1.273885350318470946e-04 1.109554140127388122e-01 4.471337579617833125e-02 9.044585987261143448e-03 1.273885350318470946e-04 1.273885350318470946e-04 1.478980891719744728e-01 1.273885350318470946e-04 3.579617834394903386e-02 5.222929936305730284e-03 1.273885350318470946e-04 1.273885350318470946e-04 5.108280254777068652e-02 4.052229299363056536e-01 1.401273885350318204e-03 1.273885350318470946e-04 1.517197452229298860e-01 1.273885350318470946e-04 1.273885350318470946e-04 1.273885350318470946e-04 1.273885350318470946e-04 1.159235668789808556e-02 1.273885350318470946e-04 1.401273885350318204e-03 1.273885350318470946e-04 1.273885350318470946e-04
3.401360544217687382e-04 3.741496598639456120e-03 3.401360544217687382e-04 1.054421768707483088e-02 3.401360544217687382e-04 3.401360544217687382e-04 3.401360544217687382e-04 5.921768707482992777e-01 3.401360544217687382e-04 3.401360544217687382e-04 3.401360544217687382e-04 3.401360544217687382e-04 1.054421768707483088e-02 3.401360544217687382e-04 3.401360544217687382e-04 3.401360544217687382e-04 1.363945578231292588e-01 3.401360544217687382e-04 3.401360544217687382e-04 3.401360544217687382e-04 3.401360544217687382e-04 3.401360544217687382e-04 3.401360544217687382e-04 3.401360544217687382e-04 3.401360544217687382e-04 3.741496598639456120e-03 2.350340136054421547e-01 3.401360544217687382e-04 3.401360544217687382e-04 3.401360544217687382e-04
1.676829268292682465e-03 2.606707317073169924e-02 7.774390243902435521e-03 1.524390243902438481e-04 3.201219512195120891e-03 1.068597560975609317e-01 1.844512195121950429e-02 1.676829268292682465e-03 1.524390243902438481e-04 1.524390243902438481e-04 3.111280487804876649e-01 1.524390243902438481e-04 3.216463414634145729e-02 1.708841463414633444e-01 5.503048780487803521e-02 1.524390243902438481e-04 5.503048780487803521e-02 8.399390243902436770e-02 1.524390243902438481e-04 4.725609756097559101e-03 6.417682926829265666e-02 1.524390243902438481e-04 1.524390243902438481e-04 5.350609756097559483e-02 1.524390243902438481e-04 1.524390243902438481e-04 1.524390243902438481e-04 1.524390243902438481e-04 1.676829268292682465e-03 1.524390243902438481e-04
2.898550724637680544e-04 2.898550724637680544e-04 2.898550724637680544e-04 2.057971014492752937e-02 2.898550724637680544e-04 1.478260869565216871e-02 2.637681159420288829e-02 2.898550724637680544e-04 2.898550724637680544e-04 2.898550724637680544e-04 4.086956521739128906e-02 8.985507246376808060e-03 4.376811594202897199e-02 2.898550724637680544e-04 2.898550724637680544e-04 2.898550724637680544e-04 5.246376811594201384e-02 5.394202898550722880e-01 2.898550724637680544e-04 2.898550724637680544e-04 1.104347826086956169e-01 1.188405797101448752e-02 2.898550724637680544e-04 8.724637681159418123e-02 3.797101449275361307e-02 2.898550724637680544e-04 2.898550724637680544e-04 2.898550724637680544e-04 2.898550724637680544e-04 2.898550724637680544e-04
1.451187335092348017e-03 1.319261213720316305e-04 1.319261213720316305e-04 1.319261213720316305e-04 1.319261213720316305e-04 1.319261213720316305e-04 2.310026385224273615e-01 1.319261213720316305e-04 1.319261213720316305e-04 1.319261213720316305e-04 6.213720316622689532e-02 1.319261213720316305e-04 4.234828496042215146e-02 1.319261213720316305e-04 1.782321899736147019e-01 1.319261213720316305e-04 5.817941952506594516e-02 7.928759894459100344e-02 2.770448548812664159e-03 1.319261213720316305e-04 1.319261213720316305e-04 2.943271767810025641e-01 1.319261213720316305e-04 4.762532981530341603e-02 1.319261213720316305e-04 1.319261213720316305e-04 1.319261213720316305e-04 1.319261213720316305e-04 1.319261213720316305e-04 1.319261213720316305e-04
2.217294900221728946e-04 1.352549889135254597e-02 2.217294900221728946e-04 3.949002217294899086e-01 6.008869179600885568e-02 2.217294900221728946e-04 9.090909090909086998e-03 2.904656319290464805e-02 1.130820399113081735e-02 1.352549889135254597e-02 2.461197339246119081e-02 2.217294900221728946e-04 2.239467849223946219e-02 4.900221729490020911e-02 1.796008869179600495e-02 2.217294900221728946e-04 9.999999999999997780e-02 2.217294900221728946e-04 6.873614190687360112e-03 2.217294900221728946e-04 2.217294900221728946e-04 1.574279379157427633e-02 1.352549889135254597e-02 2.217294900221728946e-04 2.086474501108646906e-01 2.217294900221728946e-04 2.217294900221728946e-04 2.217294900221728946e-04 6.873614190687360112e-03 2.217294900221728946e-04
3.154574132492112166e-04 1.548895899053626957e-01 3.154574132492112166e-04 3.154574132492112166e-04 6.624605678233435116e-03 3.154574132492112166e-04 1.924290220820188205e-02 3.154574132492112166e-04 3.154574132492112166e-04 3.154574132492112166e-04 3.154574132492112166e-04 4.447949526813877591e-02 1.611987381703469113e-01 9.179810725552045580e-02 3.154574132492112166e-04 5.394321766561512022e-02 1.170347003154573601e-01 6.624605678233435116e-03 3.154574132492112166e-04 3.154574132492112166e-04 3.154574132492112166e-04 3.283911671924288345e-01 3.154574132492112166e-04 9.779179810725546415e-03 3.154574132492112166e-04 3.154574132492112166e-04 3.154574132492112166e-04 3.154574132492112166e-04 3.154574132492112166e-04 3.154574132492112166e-04
6.896551724137933758e-04 6.896551724137933758e-04 6.896551724137933758e-04 6.896551724137933758e-04 6.896551724137933758e-04 6.896551724137933758e-04 2.137931034482759562e-02 4.558620689655173974e-01 6.896551724137933758e-04 6.896551724137933758e-04 6.896551724137933758e-04 6.896551724137933758e-04 1.448275862068966122e-02 6.896551724137933758e-04 6.896551724137933758e-04 6.896551724137933758e-04 1.179310344827586704e-01 6.896551724137933758e-04 6.896551724137933758e-04 6.896551724137933758e-04 7.586206896551727676e-03 6.896551724137933758e-04 7.586206896551727676e-03 1.731034482758621595e-01 8.344827586206900183e-02 6.896551724137933758e-04 1.041379310344827946e-01 6.896551724137933758e-04 6.896551724137933758e-04 6.896551724137933758e-04
2.747252747252746708e-04 5.769230769230767816e-03 2.747252747252746708e-04 5.521978021978020401e-02 2.747252747252746708e-04 1.706043956043955534e-01 2.747252747252746708e-04 3.021978021978021216e-03 2.747252747252746708e-04 2.747252747252746708e-04 4.920329670329668392e-01 3.021978021978021216e-03 8.543956043956041357e-02 9.917582417582414267e-02 2.747252747252746708e-04 2.747252747252746708e-04 3.598901098901097911e-02 3.021978021978021216e-03 2.747252747252746708e-04 2.747252747252746708e-04 1.401098901098900631e-02 2.747252747252746708e-04 2.747252747252746708e-04 2.747252747252746708e-04 2.747252747252746708e-04 2.747252747252746708e-04 2.747252747252746708e-04 2.774725274725273888e-02 2.747252747252746708e-04 2.747252747252746708e-04
