3.861003861003859360e-04 1.162162162162161672e-01 4.247104247104245729e-03 3.861003861003859360e-04 6.216216216216213786e-02 3.861003861003859360e-04 3.899613899613897650e-02 3.861003861003859360e-04 8.146718146718143205e-02 3.899613899613897650e-02 3.861003861003859360e-04 3.861003861003859360e-04 3.861003861003859360e-04 4.366795366795364619e-01 1.196911196911196358e-02 1.583011583011582207e-02 3.861003861003859360e-04 3.861003861003859360e-04 1.969111969111968230e-02 3.861003861003859360e-04 3.861003861003859360e-04 1.664092664092663432e-01 3.861003861003859360e-04 3.861003861003859360e-04 3.861003861003859360e-04 3.861003861003859360e-04 3.861003861003859360e-04 3.861003861003859360e-04 3.861003861003859360e-04 3.861003861003859360e-04
3.649635036496349052e-04 2.591240875912407399e-02 4.014598540145983795e-03 3.649635036496349052e-04 1.496350364963502932e-02 1.463503649635035930e-01 3.649635036496349052e-04 3.649635036496349052e-04 3.649635036496349052e-04 3.649635036496349052e-04 3.649635036496349052e-04 3.649635036496349052e-04 3.649635036496349052e-04 3.649635036496349052e-04 3.649635036496349052e-04 4.014598540145983795e-03 3.649635036496349052e-04 4.784671532846713204e-01 3.321167883211677274e-02 2.226277372262772808e-02 3.649635036496349052e-04 1.645985401459853503e-01 4.051094890510947150e-02 3.649635036496349052e-04 3.649635036496349052e-04 5.875912408759122185e-02 3.649635036496349052e-04 3.649635036496349052e-04 3.649635036496349052e-04 3.649635036496349052e-04
3.448275862068964168e-04 3.448275862068964168e-04 2.103448275862068034e-02 3.448275862068964168e-04 3.448275862068964168e-04 5.206896551724135569e-02 3.448275862068964168e-04 3.448275862068964168e-04 3.448275862068964168e-04 3.448275862068964168e-04 3.448275862068964168e-04 5.896551724137929357e-02 3.448275862068964168e-04 3.448275862068964168e-04 3.448275862068964168e-04 1.727586206896551124e-01 3.448275862068964168e-04 3.827586206896550075e-02 2.448275862068964581e-02 3.448275862068964168e-04 3.448275862068964168e-04 3.448275862068964168e-04 3.448275862068964168e-04 3.175862068965515927e-01 3.448275862068964168e-04 3.448275862068964168e-04 2.934482758620688414e-01 3.448275862068964168e-04 3.448275862068964168e-04 1.413793103448275114e-02
3.076923076923075945e-04 3.076923076923075945e-04 3.076923076923075945e-04 3.076923076923075945e-04 3.076923076923075945e-04 1.510769230769230254e-01 3.076923076923075945e-04 3.076923076923075945e-04 3.076923076923075945e-04 9.538461538461535591e-03 3.076923076923075945e-04 3.384615384615383919e-03 1.569230769230768596e-02 3.076923076923075945e-04 1.261538461538460991e-02 6.461538461538459538e-03 3.076923076923075945e-04 3.076923076923075945e-04 3.076923076923075945e-04 1.569230769230768596e-02 4.341538461538460014e-01 3.076923076923075945e-04 3.076923076923075945e-04 2.864615384615383231e-01 1.876923076923076028e-02 3.723076923076922007e-02 3.384615384615383919e-03 3.076923076923075945e-04 3.076923076923075945e-04 3.076923076923075945e-04
7.575757575757579004e-04 7.575757575757579004e-04 8.333333333333338422e-03 7.575757575757579004e-04 7.575757575757579004e-04 9.924242424242428473e-02 7.575757575757579004e-04 8.333333333333338422e-03 8.333333333333338422e-03 3.106060606060606979e-02 7.575757575757579004e-04 7.575757575757579004e-04 8.333333333333338422e-03 3.863636363636364923e-02 7.575757575757579004e-04 2.356060606060607077e-01 7.575757575757579004e-04 2.886363636363637464e-01 1.446969696969697683e-01 7.575757575757579004e-04 9.924242424242428473e-02 7.575757575757579004e-04 7.575757575757579004e-04 8.333333333333338422e-03 8.333333333333338422e-03 7.575757575757579004e-04 7.575757575757579004e-04 7.575757575757579004e-04 7.575757575757579004e-04 7.575757575757579004e-04
3.484320557491288111e-04 3.484320557491288111e-04 9.442508710801390814e-02 3.484320557491288111e-04 3.484320557491288111e-04 5.439024390243900609e-01 3.484320557491288111e-04 7.317073170731705142e-03 3.484320557491288111e-04 3.484320557491288111e-04 1.428571428571427833e-02 4.564459930313587155e-02 3.484320557491288111e-04 3.832752613240416814e-03 3.484320557491288111e-04 3.484320557491288111e-04 3.484320557491288111e-04 8.745644599303133149e-02 3.484320557491288111e-04 1.777003484320556492e-02 3.484320557491288111e-04 3.484320557491288111e-04 2.125435540069685325e-02 1.153310104529616381e-01 3.867595818815329489e-02 3.484320557491288111e-04 3.484320557491288111e-04 3.484320557491288111e-04 3.484320557491288111e-04 3.832752613240416814e-03
3.831417624521072924e-04 3.831417624521072924e-04 3.103448275862068922e-02 3.831417624521072924e-04 1.187739463601532666e-02 2.111111111111111105e-01 3.831417624521072924e-04 1.570881226053639709e-02 3.831417624521072924e-04 3.831417624521072924e-04 3.831417624521072924e-04 1.187739463601532666e-02 3.831417624521072924e-04 3.831417624521072924e-04 4.214559386973180596e-03 7.318007662835249172e-02 9.233716475095786469e-02 9.233716475095786469e-02 3.831417624521072924e-04 3.831417624521072924e-04 3.831417624521072924e-04 3.831417624521072924e-04 3.831417624521072924e-04 1.842911877394635967e-01 3.831417624521072924e-04 3.831417624521072924e-04 1.842911877394635967e-01 3.831417624521072924e-04 3.831417624521072924e-04 8.084291187739464646e-02
5.494505494505494501e-04 1.049450549450549469e-01 7.747252747252747485e-02 5.494505494505494501e-04 5.494505494505494501e-04 2.802197802197801957e-02 5.494505494505494501e-04 5.494505494505494501e-04 5.494505494505494501e-04 5.494505494505494501e-04 5.494505494505494501e-04 1.543956043956044022e-01 5.494505494505494501e-04 3.351648351648351537e-02 6.043956043956044168e-03 1.434065934065934245e-01 5.494505494505494501e-04 2.917582417582417764e-01 5.494505494505494501e-04 5.494505494505494501e-04 5.494505494505494501e-04 5.494505494505494501e-04 6.043956043956044168e-03 1.104395604395604497e-01 5.494505494505494501e-04 3.351648351648351537e-02 5.494505494505494501e-04 5.494505494505494501e-04 5.494505494505494501e-04 5.494505494505494501e-04
1.136363636363636363e-04 1.136363636363636363e-04 9.329545454545454253e-02 8.534090909090907839e-02 3.522727272727272860e-03 1.250000000000000026e-03 1.250000000000000026e-03 1.136363636363636363e-04 1.943181818181818205e-02 1.694318181818181834e-01 1.467045454545454486e-01 1.136363636363636363e-04 1.136363636363636363e-04 1.136363636363636363e-04 1.250000000000000026e-03 1.136363636363636363e-04 3.420454545454545275e-02 2.251136363636363491e-01 1.136363636363636363e-04 1.136363636363636363e-04 1.602272727272727182e-02 7.170454545454545137e-02 1.250000000000000026e-03 6.931818181818181351e-03 3.522727272727272860e-03 3.193181818181818621e-02 3.079545454545454600e-02 1.136363636363636363e-04 1.136363636363636363e-04 5.579545454545454392e-02
2.604166666666666088e-04 2.604166666666666088e-04 7.057291666666665186e-02 2.604166666666666088e-04 3.411458333333332316e-02 2.763020833333332260e-01 2.604166666666666088e-04 2.604166666666666088e-04 2.604166666666666088e-04 2.604166666666666088e-04 1.848958333333332663e-02 3.932291666666665186e-02 2.604166666666666088e-04 1.848958333333332663e-02 2.864583333333332697e-03 4.453124999999998751e-02 2.604166666666666088e-04 3.179687499999999112e-01 2.604166666666666088e-04 2.604166666666666088e-04 2.864583333333332697e-03 4.713541666666665880e-02 2.604166666666666088e-04 1.096354166666666380e-01 2.604166666666666088e-04 8.072916666666664007e-03 2.604166666666666088e-04 2.604166666666666088e-04 5.468749999999998786e-03 2.604166666666666088e-04
4.081632653061224641e-04 4.081632653061224641e-04 6.571428571428572507e-02 4.122448979591836898e-02 4.081632653061224641e-04 4.122448979591836898e-02 4.081632653061224641e-04 4.081632653061224641e-04 4.081632653061224641e-04 1.269387755102040771e-01 4.081632653061224641e-04 4.081632653061224641e-04 4.081632653061224641e-04 4.938775510204081176e-02 4.081632653061224641e-04 1.391836734693877586e-01 4.489795918367346997e-03 2.004081632653061384e-01 2.081632653061224469e-02 4.081632653061224641e-04 4.081632653061224641e-04 4.081632653061224641e-04 8.571428571428571855e-03 4.081632653061224641e-04 1.265306122448979671e-02 4.938775510204081176e-02 4.489795918367346997e-03 9.020408163265306034e-02 6.979591836734694299e-02 6.979591836734694299e-02
3.521126760563378843e-04 2.147887323943660845e-02 3.521126760563378843e-04 3.521126760563378843e-04 3.521126760563378843e-04 9.190140845070420006e-02 3.521126760563378843e-04 3.521126760563378843e-04 3.521126760563378843e-04 3.521126760563378843e-04 3.521126760563378843e-04 3.521126760563378843e-04 3.521126760563378843e-04 3.521126760563378843e-04 3.873239436619717053e-03 1.059859154929577024e-01 3.521126760563378843e-04 1.271126760563379698e-01 3.521126760563378843e-04 3.521126760563378843e-04 2.609154929577463533e-01 2.292253521126759452e-01 3.521126760563378843e-04 7.077464788732391876e-02 3.521126760563378843e-04 3.521126760563378843e-04 8.133802816901405941e-02 3.521126760563378843e-04 3.521126760563378843e-04 3.521126760563378843e-04
5.154639175257734246e-04 5.154639175257734246e-04 3.144329896907217120e-02 2.628865979381444021e-02 4.690721649484537459e-02 4.690721649484537459e-02 5.154639175257734246e-04 3.659793814432990566e-02 5.154639175257734246e-04 5.154639175257734246e-04 5.154639175257734246e-04 5.154639175257734246e-04 5.154639175257734246e-04 6.752577319587631244e-02 5.154639175257734246e-04 2.737113402061856493e-01 5.206185567010310905e-02 5.154639175257734246e-04 5.154639175257734246e-04 5.154639175257734246e-04 7.783505154639176749e-02 5.154639175257734246e-04 5.154639175257734246e-04 5.154639175257734246e-04 1.082474226804124029e-02 5.154639175257734246e-04 1.293814432989691121e-01 5.154639175257734246e-04 5.154639175257734246e-04 1.912371134020619257e-01
2.724795640326975053e-04 5.722070844686647124e-03 1.119891008174386665e-01 5.722070844686647124e-03 2.724795640326975053e-04 2.724795640326975053e-04 2.724795640326975053e-04 4.659400544959126783e-02 2.724795640326975053e-04 1.389645776566757022e-02 2.724795640326975053e-04 7.929155313351496370e-02 1.117166212534059441e-02 8.446866485013622070e-03 8.201634877384193778e-02 1.528610354223432777e-01 2.427792915531334361e-01 2.724795640326975053e-04 2.724795640326975053e-04 2.479564032697546827e-02 4.386920980926429375e-02 2.724795640326975053e-04 1.389645776566757022e-02 2.724795640326975053e-04 2.752043596730244235e-02 2.724795640326975053e-04 2.724795640326975053e-04 2.724795640326975053e-04 9.836512261580378225e-02 2.752043596730244235e-02
3.846153846153844524e-04 3.884615384615382888e-02 3.846153846153844524e-04 3.846153846153844524e-04 3.846153846153844524e-04 2.273076923076922107e-01 3.846153846153844524e-04 3.846153846153844524e-04 3.846153846153844524e-04 3.846153846153844524e-04 3.846153846153844524e-04 3.846153846153844524e-04 3.846153846153844524e-04 3.846153846153844524e-04 3.846153846153844524e-04 3.846153846153844524e-04 1.961538461538460398e-02 3.773076923076921219e-01 8.076923076923073555e-03 5.423076923076920741e-02 3.846153846153844524e-04 1.503846153846153111e-01 1.080769230769230288e-01 3.846153846153844524e-04 8.076923076923073555e-03 3.846153846153844524e-04 3.846153846153844524e-04 3.846153846153844524e-04 3.846153846153844524e-04 3.846153846153844524e-04
3.900709219858154719e-03 3.546099290780140457e-04 1.808510638297871481e-02 3.546099290780140457e-04 1.808510638297871481e-02 5.354609929078012198e-02 7.446808510638295610e-03 3.546099290780140457e-04 3.546099290780140457e-04 3.546099290780140457e-04 3.546099290780140457e-04 3.546099290780140457e-04 2.872340425531913488e-02 3.546099290780140457e-04 3.546099290780140457e-04 5.709219858156026894e-02 3.900709219858154719e-03 2.804964539007090973e-01 3.546099290780140457e-04 1.457446808510637626e-01 1.031914893617020962e-01 1.670212765957446166e-01 7.127659574468082904e-02 3.546099290780140457e-04 3.546099290780140457e-04 3.581560283687941493e-02 3.546099290780140457e-04 3.546099290780140457e-04 3.546099290780140457e-04 3.546099290780140457e-04
3.058103975535167462e-04 9.480122324159017885e-03 3.058103975535167462e-04 3.058103975535167462e-04 3.058103975535167462e-04 2.235474006116207057e-01 3.058103975535167462e-04 3.058103975535167462e-04 3.058103975535167462e-04 3.363914373088684046e-03 3.058103975535167462e-04 3.058103975535167462e-04 1.253822629969418394e-02 3.058103975535167462e-04 1.253822629969418394e-02 1.165137614678898731e-01 3.058103975535167462e-04 1.379204892966360285e-01 3.058103975535167462e-04 3.058103975535167462e-04 2.969418960244646910e-01 1.073394495412843680e-01 6.422018348623850965e-03 4.617737003058101919e-02 3.058103975535167462e-04 1.559633027522935173e-02 3.058103975535167462e-04 3.363914373088684046e-03 3.058103975535167462e-04 3.363914373088684046e-03
4.310344827586207379e-04 4.310344827586207379e-04 4.310344827586207379e-04 2.198275862068965400e-02 4.310344827586207379e-04 1.168103448275862183e-01 3.060344827586206767e-02 4.310344827586207379e-04 4.310344827586207379e-04 9.051724137931035225e-03 4.310344827586207379e-04 4.310344827586207379e-04 4.310344827586207379e-04 4.310344827586207379e-04 4.310344827586207379e-04 1.512931034482758730e-01 4.741379310344828388e-03 1.383620689655172542e-01 4.310344827586207379e-04 4.310344827586207379e-04 1.125000000000000028e-01 2.547413793103448509e-01 4.310344827586207379e-04 4.310344827586207379e-04 4.741379310344828388e-03 7.801724137931034808e-02 4.310344827586207379e-04 4.310344827586207379e-04 4.310344827586207379e-04 6.939655172413793094e-02
4.830917874396135686e-04 4.830917874396135686e-04 4.830917874396135686e-04 4.830917874396135686e-04 4.830917874396135686e-04 1.309178743961352809e-01 4.830917874396135686e-04 4.830917874396135686e-04 4.830917874396135686e-04 1.497584541062801922e-02 2.946859903381642345e-02 4.830917874396135686e-04 4.830917874396135686e-04 4.830917874396135686e-04 4.830917874396135686e-04 1.647342995169082114e-01 4.830917874396135686e-04 4.830917874396135686e-04 4.830917874396135686e-04 1.550724637681159535e-01 2.033816425120772986e-01 1.405797101449275388e-01 4.830917874396135686e-04 4.830917874396135686e-04 4.830917874396135686e-04 1.014492753623188505e-02 1.980676328502415165e-02 4.830917874396135686e-04 4.830917874396135686e-04 1.212560386473429952e-01
2.762430939226520089e-04 1.107734806629834534e-01 3.342541436464088744e-02 2.762430939226520089e-04 2.762430939226520089e-04 2.762430939226520089e-04 2.762430939226520089e-04 2.762430939226520089e-04 2.762430939226520089e-04 2.157458563535911700e-01 4.723756906077349049e-02 2.762430939226520089e-04 8.563535911602210976e-03 2.762430939226520089e-04 2.762430939226520089e-04 2.599447513812154775e-01 3.038674033149172098e-03 2.762430939226520089e-04 2.762430939226520089e-04 2.762430939226520089e-04 2.762430939226520089e-04 2.762430939226520089e-04 2.762430939226520089e-04 2.762430939226520089e-04 2.762430939226520089e-04 2.762430939226520089e-04 2.762430939226520089e-04 2.762430939226520089e-04 2.762430939226520089e-04 3.151933701657458897e-01
5.045871559633027803e-03 4.587155963302752548e-04 4.587155963302752548e-04 4.587155963302752548e-04 4.587155963302752548e-04 1.288990825688073327e-01 4.587155963302752548e-04 9.633027522935780351e-03 4.587155963302752548e-04 4.587155963302752548e-04 4.587155963302752548e-04 4.587155963302752548e-04 4.587155963302752548e-04 7.385321100917431603e-02 4.587155963302752548e-04 8.761467889908257367e-02 4.587155963302752548e-04 5.045871559633027803e-03 7.844036697247706857e-02 1.880733944954128198e-02 3.444954128440366747e-01 2.206422018348623837e-01 4.587155963302752548e-04 9.633027522935780351e-03 9.633027522935780351e-03 4.587155963302752548e-04 4.587155963302752548e-04 4.587155963302752548e-04 4.587155963302752548e-04 4.587155963302752548e-04
4.031805425631432988e-02 6.146866230121611485e-01 3.835360149672592360e-03 5.528531337698786713e-02 1.412535079513564662e-02 9.354536950420959157e-05 2.815715622076708433e-02 4.770813844714688438e-03 9.354536950420959157e-05 5.154349859681948282e-02 1.131898971000935838e-02 5.247895229186157889e-02 9.354536950420959157e-05 2.899906454630497149e-03 2.628624883068289217e-02 9.354536950420959157e-05 5.902712815715624450e-02 9.354536950420959157e-05 9.354536950420959157e-05 9.354536950420959157e-05 9.354536950420959157e-05 9.354536950420959157e-05 9.354536950420959157e-05 1.028999064546305426e-03 9.354536950420959157e-05 9.354536950420959157e-05 2.899906454630497149e-03 9.354536950420959157e-05 9.354536950420959157e-05 3.002806361085127648e-02
2.272727272727272183e-04 2.272727272727272183e-04 1.159090909090908748e-02 2.272727272727272183e-04 2.752272727272726538e-01 2.272727272727272183e-04 3.431818181818181018e-02 2.272727272727272183e-04 2.272727272727272183e-04 7.045454545454543985e-03 2.272727272727272183e-04 2.272727272727272183e-04 2.499999999999999618e-03 4.772727272727271368e-03 3.886363636363635715e-02 2.272727272727272183e-04 2.272727272727272183e-04 2.272727272727272183e-04 9.795454545454543305e-02 2.272727272727272183e-04 2.499999999999999618e-03 2.272727272727272183e-04 2.272727272727272183e-04 1.456818181818181346e-01 2.272727272727272183e-04 3.204545454545453670e-02 2.274999999999999245e-01 2.272727272727272183e-04 1.161363636363636070e-01 2.272727272727272183e-04
1.401869158878505219e-03 6.188918558077438625e-01 1.208277703604806845e-02 5.413885180240321504e-02 6.675567423230977426e-05 4.739652870493993309e-03 4.813084112149533522e-02 6.742323097463286292e-03 6.675567423230977426e-05 5.747663551401870768e-02 7.343124165554074491e-04 3.411214953271029388e-02 6.675567423230977426e-05 4.739652870493993309e-03 6.675567423230977426e-05 1.401869158878505219e-03 2.409879839786382635e-02 6.675567423230977426e-05 2.610146862483311847e-02 6.675567423230977426e-05 6.675567423230977426e-05 8.684913217623500825e-02 6.675567423230977426e-05 6.675567423230977426e-05 5.407209612817090970e-03 6.675567423230977426e-05 6.675567423230977426e-05 6.675567423230977426e-05 8.744993324432579276e-03 3.404539385847797986e-03
3.999999999999998349e-03 7.672727272727269954e-02 3.636363636363635059e-04 3.636363636363635059e-04 3.636363636363635059e-04 3.636363636363635059e-04 2.512727272727271477e-01 3.636363636363635059e-04 3.636363636363635059e-04 3.636363636363635059e-04 4.399999999999998357e-02 2.945454545454544160e-02 3.636363636363635059e-04 3.636363636363635059e-04 4.763636363636361559e-02 3.999999999999998349e-03 3.636363636363635059e-04 3.636363636363635059e-04 2.330909090909089876e-01 3.999999999999998349e-03 3.636363636363635059e-04 2.621818181818180715e-01 1.127272727272726760e-02 3.636363636363635059e-04 1.490909090909090136e-02 3.636363636363635059e-04 3.636363636363635059e-04 3.999999999999998349e-03 3.636363636363635059e-04 7.636363636363633842e-03
5.076142131979696770e-04 1.065989847715736322e-02 5.076142131979696770e-04 5.076142131979696770e-04 5.076142131979696770e-04 5.076142131979696770e-04 3.761421319796955376e-01 1.065989847715736322e-02 3.096446700507615030e-02 5.076142131979696770e-04 5.583756345177667314e-03 5.076142131979696770e-04 5.076142131979696770e-04 5.076142131979696770e-04 5.076142131979696770e-04 5.076142131979696770e-04 5.076142131979696770e-04 6.649746192893402075e-02 1.573604060913705999e-02 5.076142131979696770e-04 3.604060913705584707e-02 3.406091370558376186e-01 9.695431472081221524e-02 5.076142131979696770e-04 5.076142131979696770e-04 5.076142131979696770e-04 5.076142131979696770e-04 5.076142131979696770e-04 5.076142131979696770e-04 5.076142131979696770e-04
2.427184466019416832e-04 1.143203883495145373e-01 2.936893203883494258e-02 2.427184466019416832e-04 7.524271844660192395e-03 2.427184466019416832e-04 2.427184466019416832e-04 2.427184466019416832e-04 2.427184466019416832e-04 3.449029126213591367e-01 5.364077669902911349e-02 2.427184466019416832e-04 9.951456310679607925e-03 2.427184466019416832e-04 2.427184466019416832e-04 2.427184466019416832e-04 2.427184466019416832e-04 2.427184466019416832e-04 2.427184466019416832e-04 2.427184466019416832e-04 2.427184466019416832e-04 2.890776699029125041e-01 2.427184466019416832e-04 9.951456310679607925e-03 2.427184466019416832e-04 5.097087378640775129e-03 3.665048543689319177e-02 2.427184466019416832e-04 2.427184466019416832e-04 9.490291262135920614e-02
3.571428571428570883e-04 1.146428571428571297e-01 3.571428571428570883e-04 3.571428571428570883e-04 3.928571428571427972e-03 3.571428571428570883e-04 3.964285714285713247e-02 3.571428571428570883e-04 7.499999999999998855e-03 1.610714285714285321e-01 1.821428571428571064e-02 3.571428571428570883e-04 3.571428571428570883e-04 1.289285714285714202e-01 3.571428571428570883e-04 3.571428571428570883e-04 3.249999999999999417e-02 3.571428571428570883e-04 1.503571428571428281e-01 1.107142857142856887e-02 3.571428571428570883e-04 2.360714285714285154e-01 3.571428571428570883e-04 3.571428571428570883e-04 3.571428571428570883e-04 3.571428571428570883e-04 1.464285714285713802e-02 3.571428571428570883e-04 3.571428571428570883e-04 7.535714285714284477e-02
3.759398496240600645e-04 5.676691729323306984e-02 5.676691729323306984e-02 3.759398496240600645e-04 3.759398496240600645e-04 7.894736842105261679e-03 7.894736842105261679e-03 3.759398496240600645e-04 3.759398496240600645e-04 2.184210526315789047e-01 2.293233082706766165e-02 1.541353383458646080e-02 3.759398496240600645e-04 3.759398496240600645e-04 3.759398496240600645e-04 3.759398496240600645e-04 3.759398496240600645e-04 3.759398496240600645e-04 3.759398496240600645e-04 3.759398496240600645e-04 4.172932330827066466e-02 3.800751879699247326e-01 3.759398496240600645e-04 2.293233082706766165e-02 3.759398496240600645e-04 1.281954887218045014e-01 3.421052631578946207e-02 3.759398496240600645e-04 3.759398496240600645e-04 3.759398496240600645e-04
3.174603174603173516e-04 3.174603174603173516e-04 5.746031746031744075e-02 1.301587301587301022e-02 1.177777777777777451e-01 3.174603174603173516e-04 3.174603174603173516e-04 3.174603174603173516e-04 3.174603174603173516e-04 3.174603174603173516e-04 3.174603174603173516e-04 3.174603174603173516e-04 3.174603174603173516e-04 3.492063492063491193e-03 1.812698412698412198e-01 1.936507936507935596e-02 3.492063492063491193e-03 3.174603174603173516e-04 1.209523809523809085e-01 9.841269841269838226e-03 3.174603174603173516e-04 1.431746031746031211e-01 3.841269841269839835e-02 2.161904761904760996e-01 3.174603174603173516e-04 3.174603174603173516e-04 3.174603174603173516e-04 3.174603174603173516e-04 7.015873015873014262e-02 3.174603174603173516e-04
3.012048192771083518e-04 3.012048192771083518e-04 3.012048192771083518e-04 3.012048192771083518e-04 3.012048192771083518e-04 2.322289156626504980e-01 3.012048192771083518e-04 3.012048192771083518e-04 3.012048192771083518e-04 1.087349397590361144e-01 3.012048192771083518e-04 3.012048192771083518e-04 3.012048192771083518e-04 3.012048192771083518e-04 3.012048192771083518e-04 1.536144578313252372e-02 4.548192771084335478e-02 3.012048192771083518e-04 1.837349397590360561e-02 3.737951807228914181e-01 1.388554216867469437e-01 3.012048192771083518e-04 3.012048192771083518e-04 3.012048192771083518e-04 3.012048192771083518e-04 3.012048192771083518e-04 3.012048192771083518e-04 6.325301204819275443e-03 3.012048192771083518e-04 5.451807228915660913e-02
4.065040650406504062e-04 4.065040650406504062e-04 1.260162601626016281e-02 4.065040650406504062e-04 4.065040650406504062e-04 1.548780487804878037e-01 2.886178861788617905e-02 4.065040650406504062e-04 4.065040650406504062e-04 4.065040650406504062e-04 4.065040650406504062e-04 4.065040650406504062e-04 4.065040650406504062e-04 4.065040650406504062e-04 8.536585365853659180e-03 1.264227642276422869e-01 1.060975609756097671e-01 8.577235772357724719e-02 4.065040650406504062e-04 4.065040650406504062e-04 1.304878048780487854e-01 8.983739837398374561e-02 4.065040650406504062e-04 2.280487804878048863e-01 1.260162601626016281e-02 4.471544715447154685e-03 4.065040650406504062e-04 4.065040650406504062e-04 4.065040650406504062e-04 4.471544715447154685e-03
2.018348623853210948e-03 8.275229357798163932e-02 3.853211009174311100e-03 1.834862385321100640e-04 1.834862385321100640e-04 1.834862385321100640e-04 1.029357798165137367e-01 1.834862385321100640e-04 7.522935779816511404e-03 1.488073394495412483e-01 2.954128440366972017e-02 9.926605504587153461e-02 1.834862385321100640e-04 1.853211009174311405e-02 1.834862385321100640e-04 4.972477064220182791e-02 2.036697247706421507e-02 1.834862385321100640e-04 3.688073394495412077e-02 1.119266055045871344e-02 1.834862385321100640e-04 2.607339449541283827e-01 1.669724770642201303e-02 4.605504587155962587e-02 2.018348623853210948e-03 1.834862385321100640e-04 1.119266055045871344e-02 1.834862385321100640e-04 1.834862385321100640e-04 4.788990825688072689e-02
7.744807121661718974e-02 9.821958456973291229e-02 2.967359050445103207e-04 2.967359050445103207e-04 2.967359050445103207e-04 6.231454005934716246e-03 1.041543026706231168e-01 3.264094955489613582e-03 4.777448071216616049e-02 1.991097922848663881e-01 2.967359050445103207e-04 4.183976261127594909e-02 2.967359050445103207e-04 1.338278931750741529e-01 2.967359050445103207e-04 3.887240356083084686e-02 2.967359050445103207e-04 2.967359050445103207e-04 2.967359050445103207e-04 1.216617210682491984e-02 2.967359050445103207e-04 1.961424332344212929e-01 2.967359050445103207e-04 2.967359050445103207e-04 2.967359050445103207e-04 2.967359050445103207e-04 2.967359050445103207e-04 3.293768545994064240e-02 2.967359050445103207e-04 3.264094955489613582e-03
3.389830508474575414e-04 3.389830508474575414e-04 1.728813559322033011e-02 1.050847457627118210e-02 3.389830508474575414e-04 3.389830508474575414e-04 3.728813559322032792e-03 3.389830508474575414e-04 3.389830508474575414e-04 1.050847457627118210e-02 3.389830508474575414e-04 4.779661016949150742e-02 1.596610169491524955e-01 4.440677966101692908e-02 6.474576271186438525e-02 3.389830508474575414e-04 3.389830508474575414e-04 1.393220338983050255e-01 7.830508474576268474e-02 1.728813559322033011e-02 5.118644067796607883e-02 2.105084745762711151e-01 3.389830508474575414e-04 1.257627118644067399e-01 3.389830508474575414e-04 3.389830508474575414e-04 3.389830508474575414e-04 1.389830508474575697e-02 3.389830508474575414e-04 3.389830508474575414e-04
2.610966057441252105e-04 2.610966057441252105e-04 6.292428198433416831e-02 2.610966057441252105e-04 2.375979112271538879e-02 1.125326370757179506e-01 2.610966057441252105e-04 2.610966057441252105e-04 2.610966057441252105e-04 2.610966057441252105e-04 2.610966057441252105e-04 2.610966057441252105e-04 2.610966057441252105e-04 2.610966057441252105e-04 2.610966057441252105e-04 1.229765013054829603e-01 4.464751958224540823e-02 1.151436031331592030e-01 1.592689295039163497e-02 4.725848563968666066e-02 2.610966057441252105e-04 7.336814621409917803e-02 2.610966057441252105e-04 3.422976501305480812e-01 1.592689295039163497e-02 2.610966057441252105e-04 1.853785900783288740e-02 2.610966057441252105e-04 2.610966057441252105e-04 2.610966057441252105e-04
7.407407407407410021e-05 7.407407407407410021e-05 9.118518518518521632e-02 7.407407407407410021e-05 7.407407407407410021e-05 1.748888888888889548e-01 7.407407407407410021e-05 7.407407407407410021e-05 7.407407407407410021e-05 2.822222222222223187e-02 7.407407407407410021e-05 1.941481481481482363e-01 2.674074074074075241e-02 7.407407407407410021e-05 1.555555555555556118e-03 1.089629629629629975e-01 8.148148148148151972e-04 8.148148148148151972e-04 7.407407407407410021e-05 6.000000000000001860e-03 4.674074074074075630e-02 1.274814814814815289e-01 7.407407407407410021e-05 1.422962962962963374e-01 4.518518518518519801e-03 7.407407407407410021e-05 7.407407407407410021e-05 7.407407407407410021e-05 2.155555555555556391e-02 2.303703703703704683e-02
4.219409282700423104e-04 4.219409282700423104e-04 8.481012658227850276e-02 1.270042194092827481e-01 2.156118143459916092e-01 4.219409282700423104e-04 4.219409282700423104e-04 4.219409282700423104e-04 4.219409282700423104e-04 4.219409282700423104e-04 4.219409282700423104e-04 4.261603375527427129e-02 4.219409282700423104e-04 4.219409282700423104e-04 4.219409282700423104e-04 4.219409282700423104e-04 4.219409282700423104e-04 4.223628691983123407e-01 4.219409282700423104e-04 2.151898734177215555e-02 4.219409282700423104e-04 5.949367088607596110e-02 4.219409282700423104e-04 1.729957805907173310e-02 4.219409282700423104e-04 4.219409282700423104e-04 4.219409282700423104e-04 4.219409282700423104e-04 4.219409282700423104e-04 4.219409282700423104e-04
1.093333333333332963e-02 1.015999999999999681e-01 6.159999999999998810e-02 2.666666666666666252e-04 2.666666666666666252e-04 1.093333333333332963e-02 2.482666666666665800e-01 2.666666666666666252e-04 2.666666666666666252e-04 1.893333333333332633e-02 2.666666666666666252e-04 2.666666666666666252e-04 2.666666666666666252e-04 2.666666666666666252e-04 2.666666666666666252e-04 2.666666666666666252e-04 2.666666666666666252e-04 2.666666666666666252e-04 1.602666666666666129e-01 2.693333333333332302e-02 2.666666666666666252e-04 3.122666666666665813e-01 2.666666666666666252e-04 8.266666666666665220e-03 2.666666666666666252e-04 1.093333333333332963e-02 2.666666666666666252e-04 2.666666666666666252e-04 5.599999999999998208e-03 1.893333333333332633e-02
5.000000000000001188e-04 5.500000000000002283e-03 3.550000000000001071e-02 5.500000000000002283e-03 5.000000000000001188e-04 3.550000000000001071e-02 3.155000000000001137e-01 5.000000000000001188e-04 5.000000000000001188e-04 5.000000000000001188e-04 5.000000000000001188e-04 5.000000000000001188e-04 5.000000000000001188e-04 5.000000000000001188e-04 5.000000000000001188e-04 5.000000000000001188e-04 3.550000000000001071e-02 5.000000000000001188e-04 5.550000000000001460e-02 5.000000000000001188e-04 5.000000000000001188e-04 4.905000000000001026e-01 1.050000000000000412e-02 5.000000000000001188e-04 5.000000000000001188e-04 5.000000000000001188e-04 5.000000000000001188e-04 5.000000000000001188e-04 5.000000000000001188e-04 5.000000000000001188e-04
4.065040650406504604e-04 4.512195121951220050e-02 7.357723577235773804e-02 4.918699186991870587e-02 4.065040650406504604e-04 8.536585365853659180e-03 1.223577235772357885e-01 4.065040650406504604e-04 4.065040650406504604e-04 4.918699186991870587e-02 4.065040650406504604e-04 4.065040650406504604e-04 4.065040650406504604e-04 4.471544715447155552e-03 4.065040650406504604e-04 4.065040650406504604e-04 4.065040650406504604e-04 8.536585365853659180e-03 1.873983739837398743e-01 4.065040650406504604e-04 4.065040650406504604e-04 3.784552845528455500e-01 4.471544715447155552e-03 2.479674796747967716e-02 4.065040650406504604e-04 4.065040650406504604e-04 4.065040650406504604e-04 1.666666666666666644e-02 4.065040650406504604e-04 2.073170731707317180e-02
1.862197392923649569e-04 1.862197392923649569e-04 7.094972067039105601e-02 1.862197392923649569e-04 1.862197392923649569e-04 1.862197392923649569e-04 1.826815642458100020e-01 1.862197392923649569e-04 1.862197392923649569e-04 7.635009310986962637e-03 1.862197392923649569e-04 1.862197392923649569e-04 1.862197392923649569e-04 1.862197392923649569e-04 1.862197392923649569e-04 1.862197392923649569e-04 1.862197392923649569e-04 1.862197392923649569e-04 8.584729981378023955e-02 1.862197392923649569e-04 9.143389199255119726e-02 4.191806331471135127e-01 1.862197392923649569e-04 1.379888268156424236e-01 1.862197392923649569e-04 1.862197392923649569e-04 1.862197392923649569e-04 1.862197392923649569e-04 1.862197392923649569e-04 1.862197392923649569e-04
6.818181818181816116e-03 8.474025974025971297e-02 3.603896103896102321e-02 3.246753246753245666e-04 3.571428571428570450e-03 3.246753246753245666e-04 2.535714285714284477e-01 3.246753246753245666e-04 3.246753246753245666e-04 4.577922077922075977e-02 3.246753246753245666e-04 3.246753246753245666e-04 3.571428571428570450e-03 3.246753246753245666e-04 3.246753246753245666e-04 3.246753246753245666e-04 3.246753246753245666e-04 3.246753246753245666e-04 4.577922077922075977e-02 3.246753246753245666e-04 6.201298701298699201e-02 3.834415584415583056e-01 3.571428571428570450e-03 1.655844155844155008e-02 1.980519480519479791e-02 3.246753246753245666e-04 3.246753246753245666e-04 3.246753246753245666e-04 2.954545454545453448e-02 3.246753246753245666e-04
3.355704697986575916e-04 2.046979865771811347e-02 3.355704697986575916e-04 3.355704697986575916e-04 3.355704697986575916e-04 3.355704697986575916e-04 3.355704697986575916e-04 3.355704697986575916e-04 3.691275167785233995e-03 3.389261744966441670e-02 3.355704697986575916e-04 4.395973154362414065e-02 3.355704697986575916e-04 7.046979865771809369e-03 1.375838926174496012e-02 3.691275167785233995e-03 3.355704697986575916e-04 2.218120805369126480e-01 1.278523489932885393e-01 3.355704697986575916e-04 7.416107382550332638e-02 1.614093959731543182e-01 1.040268456375838604e-02 2.352348993288589651e-01 3.691275167785233995e-03 3.355704697986575916e-04 3.691275167785233995e-03 1.375838926174496012e-02 1.711409395973153419e-02 3.355704697986575916e-04
3.571428571428570341e-04 1.217857142857142472e-01 1.107142857142856714e-02 3.571428571428570341e-04 3.571428571428570341e-04 3.571428571428570341e-04 7.892857142857140351e-02 3.571428571428570341e-04 3.571428571428570341e-04 1.821428571428570717e-02 3.571428571428570341e-04 3.571428571428570341e-04 3.571428571428570341e-04 3.571428571428570341e-04 3.571428571428570341e-04 3.571428571428570341e-04 3.571428571428570341e-04 3.571428571428570341e-04 1.860714285714284988e-01 3.571428571428570341e-04 2.535714285714284547e-02 4.717857142857140862e-01 3.571428571428570341e-04 1.107142857142856714e-02 3.571428571428570341e-04 3.571428571428570341e-04 3.571428571428570341e-04 3.571428571428570341e-04 6.821428571428568566e-02 3.571428571428570341e-04
3.984063745019921551e-04 4.382470119521913489e-03 3.984063745019921551e-04 3.984063745019921551e-04 3.984063745019921551e-04 4.067729083665339584e-01 3.984063745019921551e-04 3.984063745019921551e-04 8.366533864541834606e-03 3.984063745019921551e-04 3.984063745019921551e-04 3.984063745019921551e-04 3.984063745019921551e-04 3.984063745019921551e-04 3.984063745019921551e-04 4.382470119521913489e-03 4.820717131474104578e-02 4.023904382470120528e-02 3.984063745019921551e-04 1.876494023904382857e-01 2.035856573705179806e-01 5.219123505976096949e-02 3.984063745019921551e-04 4.382470119521913489e-03 2.828685258964143759e-02 3.984063745019921551e-04 3.984063745019921551e-04 4.382470119521913489e-03 3.984063745019921551e-04 3.984063745019921551e-04
2.759526938239159101e-03 1.445466491458607169e-03 8.685939553219447495e-02 5.387647831800262098e-03 2.813403416557161418e-01 1.314060446780552095e-04 8.423127463863336328e-02 4.073587385019710599e-03 1.314060446780552095e-04 1.670170827858081519e-01 1.314060446780552095e-04 4.073587385019710599e-03 2.759526938239159101e-03 5.269382391590013426e-02 1.445466491458607169e-03 1.852825229960577968e-02 8.685939553219447495e-02 3.166885676741130334e-02 2.772667542706964625e-02 3.166885676741130334e-02 4.073587385019710599e-03 1.445466491458607169e-03 6.701708278580814464e-03 1.984231274638633205e-02 1.314060446780552095e-04 6.701708278580814464e-03 1.314060446780552095e-04 1.064388961892247069e-02 1.314060446780552095e-04 5.926412614980289262e-02
1.315789473684210497e-03 1.315789473684210497e-03 4.078947368421052821e-02 1.315789473684210497e-03 1.315789473684210497e-03 1.315789473684210497e-03 1.315789473684210497e-03 3.565789473684210509e-01 1.315789473684210497e-03 1.315789473684210497e-03 1.315789473684210497e-03 1.315789473684210497e-03 1.315789473684210497e-03 9.342105263157894635e-02 1.986842105263157965e-01 1.315789473684210497e-03 1.315789473684210497e-03 1.315789473684210497e-03 1.315789473684210497e-03 1.315789473684210497e-03 5.394736842105262581e-02 1.315789473684210497e-03 1.315789473684210497e-03 1.315789473684210497e-03 1.315789473684210497e-03 1.315789473684210497e-03 5.394736842105262581e-02 6.710526315789473728e-02 1.315789473684210497e-03 1.065789473684210509e-01
2.268370607028753067e-02 3.514376996805110721e-03 8.977635782747600546e-02 3.546325878594247527e-02 3.194888178913737019e-04 3.194888178913737019e-04 2.015974440894567898e-01 3.194888178913737019e-04 3.194888178913737019e-04 3.194888178913737019e-04 3.194888178913737019e-04 3.514376996805110721e-03 3.194888178913737019e-04 3.514376996805110721e-03 3.194888178913737019e-04 3.194888178913737019e-04 3.194888178913737019e-04 3.194888178913737019e-04 2.463258785942490925e-01 3.194888178913737019e-04 3.514376996805110721e-03 3.261980830670925258e-01 3.194888178913737019e-04 2.907348242811500297e-02 2.907348242811500297e-02 3.194888178913737019e-04 3.194888178913737019e-04 3.194888178913737019e-04 3.194888178913737019e-04 3.194888178913737019e-04
3.649635036496350678e-04 4.014598540145985529e-03 3.649635036496350678e-04 3.649635036496350678e-04 9.525547445255475032e-02 1.131386861313868689e-02 7.664233576642335774e-03 3.649635036496350678e-04 3.649635036496350678e-04 3.649635036496350678e-04 3.649635036496350678e-04 3.649635036496350678e-04 1.131386861313868689e-02 3.686131386861313947e-02 3.686131386861313947e-02 4.014598540145985529e-03 3.686131386861313947e-02 1.281021897810218912e-01 3.649635036496350678e-04 3.649635036496350678e-04 3.649635036496350678e-04 3.649635036496350678e-04 3.649635036496350678e-04 2.521897810218977631e-01 3.649635036496350678e-04 3.649635036496350678e-04 5.145985401459853698e-02 3.142335766423357546e-01 4.014598540145985529e-03 3.649635036496350678e-04
2.525252525252524708e-04 5.580808080808079275e-02 2.525252525252524708e-04 2.525252525252524708e-04 2.525252525252524708e-04 1.138888888888888590e-01 2.045454545454544748e-02 2.525252525252524708e-04 1.287878787878787498e-02 2.525252525252524708e-04 2.525252525252524708e-04 2.525252525252524708e-04 2.525252525252524708e-04 1.035353535353534908e-02 2.525252525252524708e-04 2.525252525252524708e-04 2.525252525252524708e-04 5.303030303030301616e-03 5.303030303030301616e-03 2.550505050505049581e-02 9.621212121212119328e-02 2.525252525252524708e-04 2.525252525252524708e-04 2.047979797979797290e-01 3.487373737373736238e-01 7.828282828282826650e-03 2.525252525252524708e-04 2.525252525252524708e-04 1.540404040404039915e-02 7.348484848484847232e-02
4.166666666666668018e-04 1.708333333333333579e-02 4.166666666666668018e-04 4.583333333333335091e-03 4.166666666666668018e-04 1.337500000000000355e-01 4.166666666666668018e-04 4.166666666666668018e-04 4.166666666666668018e-04 1.291666666666667004e-02 4.166666666666668018e-04 4.166666666666668018e-04 4.583333333333335091e-03 4.166666666666668018e-04 4.166666666666668018e-04 5.458333333333334481e-02 4.166666666666668018e-04 2.125000000000000500e-02 4.166666666666668018e-04 4.166666666666668018e-04 4.129166666666667651e-01 4.166666666666668018e-04 4.166666666666668018e-04 7.125000000000002165e-02 4.166666666666668018e-04 8.375000000000001887e-02 3.375000000000000916e-02 4.166666666666668018e-04 4.166666666666668018e-04 1.420833333333333670e-01
2.583979328165373918e-04 9.069767441860462909e-02 2.842377260981911527e-03 2.583979328165373918e-04 2.583979328165373918e-04 1.191214470284237409e-01 2.583979328165373918e-04 2.583979328165373918e-04 2.583979328165373918e-04 2.583979328165373918e-04 2.583979328165373918e-04 2.583979328165373918e-04 1.576227390180878069e-02 2.583979328165373918e-04 2.583979328165373918e-04 3.643410852713176856e-02 2.583979328165373918e-04 9.586563307493536912e-02 4.418604651162789942e-02 2.583979328165373918e-04 6.227390180878551729e-02 7.002583979328164121e-02 2.583979328165373918e-04 3.490956072351419914e-01 8.010335917312660231e-03 6.485788113695088730e-02 2.842377260981911527e-03 2.583979328165373918e-04 3.385012919896639855e-02 2.583979328165373918e-04
