2.717391304347825036e-04 1.660326086956520897e-01 2.989130434782607485e-03 5.461956521739128045e-02 2.717391304347825036e-04 2.717391304347825036e-04 2.989130434782607485e-03 9.266304347826083421e-02 1.114130434782608162e-02 5.706521739130432196e-03 5.190217391304345618e-02 2.717391304347825036e-04 2.717391304347825036e-04 2.717391304347825036e-04 2.717391304347825036e-04 2.717391304347825036e-04 2.717391304347825036e-04 5.247282608695649220e-01 2.989130434782607485e-03 2.717391304347825036e-04 2.717391304347825036e-04 2.717391304347825036e-04 2.717391304347825036e-04 8.423913043478257340e-03 2.717391304347825036e-04 2.717391304347825036e-04 2.717391304347825036e-04 2.717391304347825036e-04 4.103260869565215213e-02 3.016304347826085502e-02
4.134474327628360757e-01 2.444987775061123925e-04 1.273838630806845562e-01 2.444987775061123925e-04 1.002444987775060782e-02 2.444987775061123925e-04 5.134474327628361055e-03 9.559902200488995527e-02 2.444987775061123925e-04 2.444987775061123925e-04 2.444987775061123925e-04 2.444987775061123925e-04 2.444987775061123925e-04 6.625916870415646254e-02 2.444987775061123925e-04 2.444987775061123925e-04 2.444987775061123925e-04 1.616136919315402931e-01 2.444987775061123925e-04 5.134474327628361055e-03 2.444987775061123925e-04 2.444987775061123925e-04 2.958435207823960009e-02 2.444987775061123925e-04 2.444987775061123925e-04 2.444987775061123925e-04 2.444987775061123925e-04 8.092909535452320891e-02 2.444987775061123925e-04 2.444987775061123925e-04
1.896802325581396081e-02 9.818313953488375101e-02 8.510174418604653235e-02 5.167151162790698665e-02 2.252906976744186666e-03 2.114825581395349610e-02 7.994186046511631049e-04 2.986918604651163725e-02 2.979651162790698284e-03 7.267441860465118889e-05 2.210029069767442678e-01 7.267441860465118889e-05 7.267441860465118889e-05 5.159883720930234438e-03 2.252906976744186666e-03 1.024709302325581793e-02 7.267441860465118889e-05 2.021075581395349596e-01 4.004360465116280771e-02 7.994186046511631049e-04 2.914244186046512780e-02 1.024709302325581793e-02 7.267441860465118889e-05 8.066860465116280909e-03 7.267441860465118889e-05 1.751453488372093845e-02 9.520348837209305012e-03 1.388081395348837732e-02 7.267441860465118889e-05 1.185319767441860850e-01
7.828282828282826650e-03 2.525252525252524708e-04 2.525252525252524708e-04 7.348484848484847232e-02 2.525252525252524708e-04 1.214646464646464280e-01 2.525252525252524708e-04 2.525252525252524708e-04 1.012626262626262347e-01 5.580808080808079275e-02 2.073232323232322427e-01 2.525252525252524708e-04 2.803030303030301998e-02 2.777777777777777016e-03 2.525252525252524708e-04 1.542929292929292595e-01 1.035353535353534908e-02 2.525252525252524708e-04 1.035353535353534908e-02 2.525252525252524708e-04 2.525252525252524708e-04 2.525252525252524708e-04 2.525252525252524708e-04 4.318181818181817538e-02 1.669191919191918561e-01 2.525252525252524708e-04 2.525252525252524708e-04 1.287878787878787498e-02 2.525252525252524708e-04 2.525252525252524708e-04
2.092050209205020524e-04 2.092050209205020524e-04 3.577405857740584977e-02 2.092050209205020524e-04 2.112970711297070675e-02 2.092050209205020524e-04 2.092050209205020524e-04 2.322175732217572619e-02 1.110878661087865843e-01 2.092050209205020524e-04 1.738493723849371952e-01 2.092050209205020524e-04 9.016736401673638990e-02 2.092050209205020524e-04 1.696652719665271425e-01 2.721757322175731297e-01 3.577405857740584977e-02 1.066945606694560261e-02 2.092050209205020524e-04 2.092050209205020524e-04 2.301255230125522685e-03 2.092050209205020524e-04 1.276150627615062379e-02 3.786610878661086921e-02 2.092050209205020524e-04 2.092050209205020524e-04 2.092050209205020524e-04 2.092050209205020524e-04 2.092050209205020524e-04 2.092050209205020524e-04
1.709401709401708858e-04 1.709401709401708858e-04 1.880341880341879690e-03 1.061538461538461126e-01 1.709401709401708858e-04 1.709401709401708858e-04 4.461538461538459843e-02 1.709401709401708858e-04 3.164102564102562742e-01 4.290598290598289510e-02 1.967521367521366527e-01 1.709401709401708858e-04 5.999999999999997696e-02 1.709401709401708858e-04 5.299145299145296972e-03 1.726495726495725844e-02 1.709401709401708858e-04 9.247863247863244429e-02 8.717948717948714038e-03 3.606837606837605403e-02 1.880341880341879690e-03 3.094017094017093017e-02 1.880341880341879690e-03 1.709401709401708858e-04 7.008547008547005505e-03 2.581196581196580284e-02 1.709401709401708858e-04 1.709401709401708858e-04 1.880341880341879690e-03 1.709401709401708858e-04
2.070393374741200272e-04 2.070393374741200272e-04 2.070393374741200272e-04 2.070393374741200272e-04 2.070393374741200272e-04 4.782608695652172670e-02 3.540372670807452604e-02 2.070393374741200272e-04 2.070393374741200272e-04 5.403726708074532703e-02 2.424430641821945231e-01 2.070393374741200272e-04 2.070393374741200272e-04 5.260869565217389798e-01 2.070393374741200272e-04 7.060041407867492791e-02 2.070393374741200272e-04 2.070393374741200272e-04 2.070393374741200272e-04 4.347826086956520057e-03 6.418219461697720167e-03 2.070393374741200272e-04 2.070393374741200272e-04 2.070393374741200272e-04 8.488612836438919410e-03 2.070393374741200272e-04 2.070393374741200272e-04 2.070393374741200272e-04 2.070393374741200272e-04 2.070393374741200272e-04
3.039513677811549273e-04 3.039513677811549273e-04 2.434650455927050705e-01 3.039513677811549273e-04 4.136778115501518194e-01 3.039513677811549273e-04 3.039513677811549273e-04 3.039513677811549273e-04 3.039513677811549273e-04 3.039513677811549273e-04 1.158054711246200297e-01 3.039513677811549273e-04 3.343465045592704417e-03 1.246200607902735007e-02 3.039513677811549273e-04 3.039513677811549273e-04 5.197568389057749538e-02 3.039513677811549273e-04 9.756838905775072623e-02 4.589665653495438730e-02 3.039513677811549273e-04 3.039513677811549273e-04 3.039513677811549273e-04 3.039513677811549273e-04 3.343465045592704417e-03 6.382978723404253256e-03 3.039513677811549273e-04 3.039513677811549273e-04 3.039513677811549273e-04 3.039513677811549273e-04
3.225806451612902681e-04 3.225806451612902681e-04 9.999999999999998473e-03 3.225806451612902681e-04 3.225806451612902681e-04 6.806451612903224868e-02 3.548387096774193328e-03 3.225806451612902681e-04 3.225806451612902681e-04 2.612903225806451069e-02 1.422580645161290180e-01 3.225806451612902681e-04 6.161290322580644657e-02 3.196774193548386211e-01 3.225806451612902681e-04 3.225806451612902681e-04 3.225806451612902681e-04 3.225806451612902681e-04 9.999999999999998473e-03 3.548387096774193328e-03 3.225806451612902681e-04 3.225806451612902681e-04 3.225806451612902681e-04 3.225806451612902681e-04 9.064516129032257341e-02 2.487096774193547633e-01 9.999999999999998473e-03 3.225806451612902681e-04 3.225806451612902681e-04 3.225806451612902681e-04
6.445783132530119586e-02 2.008032128514055769e-04 9.859437751004014594e-02 2.008032128514055769e-04 1.206827309236947476e-01 2.008032128514055769e-04 2.208835341365461644e-03 5.642570281124496823e-02 2.008032128514055769e-04 2.208835341365461644e-03 1.146586345381525873e-01 1.224899598393573881e-02 1.327309236947790683e-01 7.048192771084335617e-02 2.008032128514055769e-04 2.008032128514055769e-04 1.024096385542168364e-02 2.471887550200802530e-01 2.008032128514055769e-04 2.008032128514055769e-04 6.224899598393573291e-03 2.008032128514055769e-04 2.008032128514055769e-04 2.008032128514055769e-04 2.008032128514055769e-04 2.008032128514055769e-04 2.008032128514055769e-04 2.008032128514055769e-04 2.208835341365461644e-03 5.642570281124496823e-02
1.683501683501683320e-04 1.683501683501683320e-04 1.683501683501683320e-04 1.026936026936026668e-02 1.230639730639730284e-01 4.898989898989898617e-02 1.683501683501683320e-04 3.806397306397305558e-01 1.683501683501683320e-04 1.683501683501683320e-04 1.683501683501683320e-04 6.077441077441076561e-02 1.683501683501683320e-04 1.683501683501683320e-04 1.683501683501683320e-04 1.683501683501683320e-04 1.683501683501683320e-04 3.301346801346800586e-01 1.683501683501683320e-04 3.215488215488215146e-02 1.683501683501683320e-04 1.026936026936026668e-02 1.683501683501683320e-04 1.683501683501683320e-04 1.683501683501683320e-04 1.683501683501683320e-04 1.683501683501683320e-04 1.683501683501683320e-04 1.683501683501683320e-04 1.683501683501683320e-04
2.044989775051124503e-04 2.044989775051124503e-04 4.519427402862984805e-02 2.044989775051124503e-04 2.044989775051124503e-04 5.746421267893659507e-02 2.044989775051124503e-04 2.249488752556236953e-03 3.701431492842535004e-02 2.065439672801635401e-02 1.085889570552147076e-01 2.883435582822085202e-02 2.044989775051124503e-04 1.965235173824130266e-01 2.456032719836400147e-01 4.294478527607361457e-03 2.044989775051124503e-04 2.044989775051124503e-04 1.147239263803680742e-01 2.044989775051124503e-04 4.294478527607361457e-03 2.249488752556236953e-03 2.044989775051124503e-04 1.126789366053169567e-01 1.656441717791410501e-02 2.044989775051124503e-04 2.044989775051124503e-04 2.044989775051124503e-04 2.044989775051124503e-04 2.044989775051124503e-04
2.551020408163264452e-04 2.806122448979591223e-03 2.551020408163264452e-04 2.831632653061223748e-02 2.551020408163264452e-04 2.551020408163264452e-04 2.551020408163264452e-04 2.551020408163264452e-04 3.086734693877549868e-02 2.066326530612244347e-02 2.170918367346937883e-01 2.551020408163264452e-04 2.576530612244897281e-02 3.242346938775509391e-01 3.852040816326529615e-02 1.045918367346938306e-02 2.551020408163264452e-04 2.551020408163264452e-04 1.124999999999999750e-01 2.551020408163264452e-04 2.551020408163264452e-04 2.551020408163264452e-04 2.551020408163264452e-04 2.806122448979591223e-03 1.556122448979591240e-02 1.558673469387754640e-01 2.806122448979591223e-03 2.806122448979591223e-03 2.551020408163264452e-04 5.357142857142855458e-03
9.251101321585906631e-03 4.405286343612336078e-04 4.405286343612336078e-04 4.405286343612336078e-04 4.405286343612336078e-04 1.365638766519824097e-02 4.405286343612336078e-04 4.405286343612336078e-04 3.440528634361234017e-01 4.405286343612336078e-04 6.211453744493393436e-02 4.008810572687225571e-02 4.405286343612336078e-04 1.414096916299559803e-01 4.405286343612336078e-04 4.405286343612336078e-04 4.405286343612336078e-04 4.405286343612336078e-04 4.405286343612336078e-04 4.405286343612336078e-04 4.405286343612336078e-04 4.845814977973569686e-03 4.405286343612336078e-04 9.251101321585906631e-03 9.251101321585906631e-03 4.405286343612336078e-04 4.405286343612336078e-04 4.405286343612336078e-04 3.572687224669603978e-01 4.405286343612336078e-04
3.205128205128204041e-04 3.205128205128204041e-04 3.205128205128204041e-04 3.205128205128204041e-04 3.205128205128204041e-04 3.205128205128204041e-04 3.400641025641024107e-01 3.205128205128204041e-04 2.310897435897434904e-01 1.509615384615384248e-01 6.442307692307690237e-02 3.205128205128204041e-04 6.121794871794870169e-02 3.205128205128204041e-04 2.275641025641024842e-02 5.801282051282049407e-02 3.205128205128204041e-04 1.955128205128204427e-02 4.519230769230767747e-02 3.205128205128204041e-04 3.205128205128204041e-04 3.205128205128204041e-04 3.205128205128204041e-04 3.205128205128204041e-04 3.205128205128204041e-04 3.205128205128204041e-04 3.205128205128204041e-04 3.205128205128204041e-04 3.205128205128204041e-04 3.205128205128204041e-04
5.427927927927925916e-02 2.344594594594593684e-01 6.103603603603601629e-02 1.599099099099098378e-02 1.173423423423422957e-01 2.477477477477476892e-03 2.499999999999999098e-02 1.218468468468468097e-01 9.234234234234230121e-03 2.252252252252251474e-04 1.128378378378377955e-01 2.252252252252251474e-04 1.195945945945945527e-01 3.851351351351350177e-02 2.252252252252251474e-04 2.252252252252251474e-04 2.252252252252251474e-04 2.252252252252251474e-04 2.252252252252251474e-04 2.252252252252251474e-04 4.752252252252250897e-02 2.274774774774773745e-02 9.234234234234230121e-03 2.252252252252251474e-04 2.252252252252251474e-04 2.252252252252251474e-04 2.252252252252251474e-04 2.252252252252251474e-04 2.252252252252251474e-04 4.729729729729728258e-03
3.780068728522336351e-03 3.436426116838487690e-04 3.436426116838487690e-04 3.436426116838487690e-04 3.436426116838487690e-04 3.436426116838487690e-04 3.436426116838487690e-04 3.780068728522336351e-03 3.470790378006872318e-02 3.436426116838487690e-04 9.656357388316150203e-02 3.436426116838487690e-04 4.501718213058418516e-02 3.405498281786940584e-01 2.030927835051546115e-01 9.312714776632301239e-02 3.436426116838487690e-04 3.436426116838487690e-04 3.127147766323023353e-02 3.436426116838487690e-04 3.436426116838487690e-04 3.436426116838487690e-04 3.436426116838487690e-04 3.436426116838487690e-04 3.436426116838487690e-04 1.206185567010309156e-01 3.780068728522336351e-03 3.780068728522336351e-03 1.408934707903779747e-02 3.436426116838487690e-04
5.918367346938774309e-02 5.691609977324262049e-02 5.011337868480724572e-02 1.113378684807256047e-01 1.272108843537414768e-01 2.088435374149659185e-01 2.267573696145124289e-04 2.267573696145124289e-04 2.267573696145124289e-04 2.743764172335600229e-02 2.970521541950112490e-02 2.267573696145124289e-04 2.267573696145124289e-04 1.090702947845804682e-01 3.197278911564625098e-02 2.267573696145124289e-04 4.761904761904760600e-03 2.267573696145124289e-04 1.498866213151927029e-01 4.761904761904760600e-03 2.267573696145124289e-04 2.267573696145124289e-04 4.761904761904760600e-03 2.267573696145124289e-04 4.761904761904760600e-03 2.267573696145124289e-04 1.609977324263037884e-02 2.267573696145124289e-04 2.267573696145124289e-04 2.267573696145124289e-04
1.725955204216073763e-02 3.306982872200263379e-02 1.449275362318840597e-03 3.438735177865612919e-02 1.094861660079051308e-01 1.317523056653491600e-04 1.317523056653491600e-04 1.252964426877470339e-01 1.067193675889327974e-02 1.317523056653491600e-04 1.990777338603425539e-01 1.317523056653491600e-04 8.445322793148879459e-02 2.201581027667984247e-01 1.317523056653491600e-04 1.317523056653491600e-04 1.317523056653491600e-04 6.732542819499341691e-02 1.317523056653491600e-04 1.317523056653491600e-04 1.317523056653491600e-04 1.449275362318840597e-03 1.317523056653491600e-04 1.317523056653491600e-04 5.019762845849802535e-02 1.317523056653491600e-04 1.317523056653491600e-04 4.084321475625823580e-03 1.462450592885375378e-02 2.516469038208168918e-02
2.499999999999999098e-02 2.747252747252746708e-04 2.747252747252746708e-04 2.747252747252746708e-04 2.612637362637361682e-01 1.431318681318680952e-01 2.747252747252746708e-04 1.293956043956043522e-01 2.747252747252746708e-04 3.021978021978021216e-03 9.368131868131865381e-02 8.516483516483513982e-03 2.747252747252746708e-04 1.706043956043955534e-01 9.642857142857140518e-02 2.747252747252746708e-04 2.747252747252746708e-04 2.747252747252746708e-04 3.324175824175822774e-02 2.747252747252746708e-04 1.401098901098900631e-02 2.747252747252746708e-04 2.747252747252746708e-04 2.747252747252746708e-04 2.747252747252746708e-04 1.675824175824175075e-02 2.747252747252746708e-04 2.747252747252746708e-04 2.747252747252746708e-04 2.747252747252746708e-04
3.551637279596975977e-02 2.518891687657430121e-04 6.322418136020149793e-02 7.808564231738032886e-03 1.715365239294709687e-01 2.798488664987404673e-01 7.833753148614608364e-02 5.062972292191434548e-02 2.518891687657430121e-04 3.551637279596975977e-02 2.518891687657430121e-04 2.518891687657430121e-04 2.518891687657430121e-04 1.287153652392946657e-01 2.518891687657430121e-04 2.518891687657430121e-04 2.518891687657430121e-04 2.518891687657430121e-04 7.078085642317379078e-02 2.518891687657430121e-04 2.518891687657430121e-04 2.518891687657430121e-04 1.788413098236775120e-02 2.518891687657430121e-04 2.770780856423173295e-03 2.518891687657430121e-04 2.770780856423173295e-03 2.518891687657430121e-04 2.518891687657430121e-04 5.062972292191434548e-02
6.587615283267458000e-05 4.677206851119894773e-03 3.959156785243742038e-02 2.378129117259552075e-02 6.587615283267458000e-05 2.114624505928853690e-02 8.306982872200263657e-02 4.486166007905138114e-02 8.629776021080368814e-03 9.288537549407114777e-03 9.031620553359683001e-02 7.246376811594202987e-04 1.225955204216073735e-01 6.587615283267458000e-05 9.947299077733860739e-03 6.587615283267458000e-05 3.359683794466402848e-03 5.606060606060605384e-02 1.383399209486166044e-03 6.587615283267458000e-05 1.324110671936759055e-02 6.587615283267458000e-05 2.180500658761528460e-02 2.700922266139657319e-03 6.587615283267458000e-05 6.587615283267458000e-05 6.587615283267458000e-05 6.587615283267458000e-05 4.420948616600790526e-01 6.587615283267458000e-05
1.821493624772313024e-04 1.821493624772313024e-04 1.821493624772313024e-04 1.821493624772313024e-04 1.714025500910746347e-01 4.154826958105645729e-01 5.646630236794169914e-03 2.003642987249544191e-03 9.854280510018213757e-02 2.021857923497267367e-02 1.821493624772313024e-04 1.821493624772313024e-04 1.821493624772313024e-04 4.754098360655736877e-02 7.850637522768669219e-02 3.479052823315118004e-02 1.821493624772313024e-04 2.003642987249544191e-03 1.094717668488160156e-01 1.821493624772313024e-04 1.821493624772313024e-04 1.821493624772313024e-04 1.821493624772313024e-04 3.825136612021857486e-03 1.821493624772313024e-04 2.003642987249544191e-03 1.821493624772313024e-04 1.821493624772313024e-04 5.646630236794169914e-03 1.821493624772313024e-04
4.620689655172412202e-02 1.172413793103447774e-02 9.908045977011491201e-02 2.298850574712642779e-04 2.298850574712642779e-04 2.298850574712642779e-04 2.298850574712642779e-04 1.862068965517240521e-02 3.931034482758619802e-02 2.781609195402297632e-02 3.471264367816090379e-02 2.528735632183907057e-03 1.450574712643677711e-01 2.528735632183907057e-03 2.298850574712642779e-04 2.298850574712642779e-04 5.358620689655170244e-01 2.298850574712642779e-04 2.298850574712642779e-04 4.827586206896550269e-03 7.126436781609193048e-03 9.425287356321834092e-03 2.298850574712642779e-04 2.298850574712642779e-04 2.298850574712642779e-04 2.298850574712642779e-04 2.298850574712642779e-04 9.425287356321834092e-03 2.528735632183907057e-03 2.298850574712642779e-04
1.190476190476190340e-04 2.749999999999999667e-02 1.596428571428571141e-01 5.488095238095237749e-02 1.239285714285714018e-01 9.773809523809522115e-02 2.630952380952380695e-02 1.072619047619047389e-01 3.690476190476190202e-03 7.035714285714285421e-02 1.215476190476190294e-01 1.190476190476190340e-04 2.511904761904761724e-02 6.440476190476189522e-02 8.452380952380950802e-03 1.190476190476190340e-04 1.309523809523809468e-03 1.190476190476190340e-04 4.297619047619047339e-02 1.190476190476190340e-04 1.190476190476190340e-04 1.190476190476190340e-04 1.309523809523809468e-03 1.190476190476190340e-04 1.190476190476190340e-04 1.916666666666666519e-02 1.190476190476190340e-04 4.297619047619047339e-02 1.190476190476190340e-04 1.190476190476190340e-04
7.231040564373894183e-03 1.763668430335096308e-04 1.763668430335096308e-04 5.467372134038799014e-03 1.253968253968253399e-01 5.539682539682537765e-01 1.763668430335096308e-04 5.132275132275130464e-02 1.763668430335096308e-04 1.763668430335096308e-04 1.763668430335096308e-04 1.763668430335096308e-04 1.763668430335096308e-04 1.359788359788359213e-01 3.897707231040563325e-02 1.763668430335096308e-04 1.763668430335096308e-04 1.763668430335096308e-04 6.719576719576716983e-02 1.940035273368606074e-03 1.763668430335096308e-04 1.763668430335096308e-04 1.763668430335096308e-04 1.763668430335096308e-04 1.763668430335096308e-04 1.940035273368606074e-03 5.467372134038799014e-03 1.940035273368606074e-03 1.763668430335096308e-04 1.763668430335096308e-04
2.172211350293541676e-02 1.956947162426614264e-04 4.520547945205478924e-02 1.956947162426614264e-04 1.782778864970645250e-01 2.135029354207435837e-01 1.956947162426614264e-04 1.956947162426614264e-04 5.694716242661446853e-02 6.673189823874754734e-02 1.976516634050880239e-02 1.956947162426614264e-04 1.956947162426614264e-04 1.956947162426614264e-04 9.608610567514674905e-02 1.956947162426614264e-04 4.911937377690801798e-02 1.956947162426614264e-04 1.821917808219177537e-01 1.956947162426614264e-04 4.109589041095890009e-03 2.152641878669275637e-03 4.520547945205478924e-02 1.956947162426614264e-04 1.956947162426614264e-04 1.956947162426614264e-04 1.956947162426614264e-04 1.956947162426614264e-04 1.585127201565557364e-02 1.956947162426614264e-04
5.076142131979696770e-04 5.076142131979696770e-04 5.076142131979696770e-04 5.076142131979696770e-04 5.076142131979696770e-04 6.649746192893402075e-02 2.081218274111675329e-02 8.680203045685280783e-02 5.076142131979696770e-04 5.076142131979696770e-04 9.695431472081220137e-02 5.076142131979696770e-04 2.137055837563452132e-01 1.065989847715736322e-02 1.573604060913705999e-02 5.076142131979696770e-04 5.076142131979696770e-04 5.076142131979696770e-04 5.076142131979696770e-04 5.076142131979696770e-04 5.076142131979696770e-04 5.076142131979696770e-04 5.583756345177666447e-03 5.076142131979696770e-04 4.167512690355330007e-01 5.076142131979696770e-04 5.076142131979696770e-04 5.583756345177666447e-03 5.076142131979696770e-04 5.126903553299493044e-02
9.355828220858892000e-03 1.533742331288343106e-04 1.059815950920244970e-01 1.533742331288343106e-04 1.197852760736195787e-01 1.121165644171778636e-01 1.533742331288343106e-04 1.855828220858895053e-02 1.533742331288343106e-04 2.622699386503066915e-02 1.228527607361962620e-01 1.533742331288343106e-04 3.082822085889569755e-02 3.636503067484661011e-01 3.236196319018404266e-02 1.533742331288343106e-04 1.533742331288343106e-04 3.220858895705520659e-03 2.469325153374232404e-02 1.533742331288343106e-04 1.533742331288343106e-04 1.533742331288343106e-04 2.469325153374232404e-02 1.533742331288343106e-04 1.687116564417177498e-03 1.533742331288343106e-04 1.533742331288343106e-04 1.533742331288343106e-04 1.687116564417177498e-03 1.533742331288343106e-04
1.414427157001414096e-04 8.628005657708624765e-03 1.995756718528995111e-01 4.257425742574256350e-02 1.401697312588401079e-01 4.540311173974539288e-02 1.711456859971710945e-02 4.540311173974539288e-02 1.414427157001414096e-04 2.842998585572842352e-02 1.882602545968881935e-01 1.414427157001414096e-04 1.711456859971710945e-02 5.388967468175387410e-02 7.086280056577083653e-02 1.414427157001414096e-04 1.414427157001414096e-04 2.970297029702969466e-03 7.652050919377649529e-02 1.555869872701555424e-03 1.145685997171145241e-02 1.414427157001414096e-04 4.681753889674680758e-02 1.414427157001414096e-04 1.414427157001414096e-04 1.414427157001414096e-04 1.414427157001414096e-04 1.555869872701555424e-03 1.414427157001414096e-04 1.414427157001414096e-04
3.448275862068964168e-04 3.448275862068964168e-04 4.862068965517239022e-02 3.448275862068964168e-04 3.793103448275860802e-03 1.831034482758620019e-01 2.793103448275860781e-02 3.448275862068964168e-04 1.068965517241378914e-02 2.448275862068964581e-02 1.899999999999999190e-01 3.448275862068964168e-04 2.448275862068964581e-02 3.727586206896549847e-01 2.793103448275860781e-02 5.206896551724135569e-02 3.448275862068964168e-04 3.448275862068964168e-04 3.448275862068964168e-04 7.241379310344825404e-03 3.448275862068964168e-04 3.448275862068964168e-04 3.448275862068964168e-04 3.448275862068964168e-04 3.793103448275860802e-03 7.241379310344825404e-03 3.448275862068964168e-04 3.448275862068964168e-04 3.448275862068964168e-04 1.068965517241378914e-02
3.914590747330959179e-03 3.558718861209963038e-04 3.558718861209963038e-04 1.177935943060497842e-01 3.558718861209963038e-04 1.533807829181494109e-01 8.932384341637007730e-02 3.558718861209963038e-04 3.558718861209963038e-04 1.142348754448398174e-01 2.032028469750888910e-01 3.558718861209963038e-04 7.473309608540922543e-03 1.960854092526689574e-01 3.558718861209963038e-04 3.558718861209963038e-04 3.558718861209963038e-04 3.558718861209963038e-04 3.558718861209963038e-04 5.017793594306047683e-02 3.558718861209963038e-04 7.473309608540922543e-03 3.914590747330959179e-03 3.558718861209963038e-04 3.558718861209963038e-04 1.814946619217081003e-02 1.814946619217081003e-02 3.558718861209963038e-04 3.914590747330959179e-03 7.473309608540922543e-03
4.065040650406504604e-04 4.065040650406504604e-04 5.325203252032521123e-02 4.065040650406504604e-04 4.065040650406504604e-04 4.065040650406504604e-04 6.951219512195123962e-02 4.065040650406504604e-04 5.731707317073170965e-02 6.955284552845528712e-01 3.292682926829268442e-02 4.065040650406504604e-04 4.065040650406504604e-04 4.065040650406504604e-04 4.065040650406504604e-04 7.764227642276423647e-02 4.065040650406504604e-04 4.065040650406504604e-04 4.065040650406504604e-04 4.065040650406504604e-04 4.065040650406504604e-04 4.065040650406504604e-04 4.065040650406504604e-04 4.065040650406504604e-04 4.471544715447155552e-03 4.065040650406504604e-04 4.065040650406504604e-04 4.065040650406504604e-04 4.065040650406504604e-04 4.065040650406504604e-04
2.197802197802197258e-04 2.197802197802197258e-04 2.197802197802197258e-04 2.197802197802197258e-04 2.197802197802197258e-04 1.057142857142856912e-01 1.560439560439559961e-02 1.320879120879120683e-01 2.197802197802197258e-04 2.197802197802197258e-04 5.516483516483515481e-02 1.079120879120878951e-01 2.197802197802197258e-04 7.054945054945054028e-02 2.197802197802197258e-04 2.197802197802197258e-04 2.197802197802197258e-04 1.562637362637362137e-01 2.197802197802197258e-04 2.199999999999999456e-01 1.254945054945054705e-01 2.197802197802197258e-04 2.197802197802197258e-04 2.197802197802197258e-04 2.197802197802197258e-04 6.813186813186811880e-03 2.197802197802197258e-04 2.197802197802197258e-04 2.197802197802197258e-04 2.197802197802197258e-04
2.018181818181817230e-02 1.818181818181817530e-04 6.745454545454543371e-02 1.818181818181817530e-04 1.818181818181817530e-04 1.638181818181817517e-01 7.836363636363632978e-02 1.818181818181817530e-04 8.018181818181814580e-02 1.818181818181817530e-04 1.347272727272726678e-01 6.018181818181816273e-02 5.636363636363633800e-03 9.836363636363631979e-02 1.818181818181817530e-04 1.818181818181817530e-04 1.818181818181817530e-04 1.999999999999999174e-03 1.656363636363635539e-01 7.654545454545451377e-02 1.818181818181817530e-04 3.818181818181816921e-03 1.999999999999999174e-03 1.654545454545453681e-02 2.018181818181817230e-02 1.818181818181817530e-04 1.818181818181817530e-04 1.818181818181817530e-04 1.999999999999999174e-03 1.818181818181817530e-04
2.249488752556236953e-03 2.044989775051124503e-04 9.836400817995907819e-02 2.044989775051124503e-04 3.764826175869119829e-01 2.251533742331287835e-01 2.044989775051124503e-04 1.247443762781185773e-02 2.044989775051124503e-04 2.474437627811860302e-02 3.905930470347647454e-02 2.044989775051124503e-04 2.044989775051124503e-04 8.813905930470346262e-02 2.474437627811860302e-02 2.044989775051124503e-04 6.339468302658485092e-03 2.044989775051124503e-04 5.746421267893659507e-02 4.110429447852759904e-02 2.044989775051124503e-04 2.044989775051124503e-04 2.044989775051124503e-04 2.044989775051124503e-04 2.044989775051124503e-04 2.044989775051124503e-04 2.044989775051124503e-04 2.044989775051124503e-04 2.044989775051124503e-04 2.044989775051124503e-04
2.036659877800406869e-04 1.038696537678207403e-02 2.036659877800406869e-04 6.313645621181261484e-03 2.036659877800406869e-04 2.036659877800406869e-04 2.036659877800406869e-04 1.242362525458248074e-02 4.276985743380854778e-03 5.723014256619143869e-02 1.672097759674134043e-01 2.871690427698573439e-02 5.315682281059062181e-02 2.036659877800406869e-04 1.446028513238288744e-02 2.036659877800406869e-04 2.036659877800406869e-04 5.723014256619143869e-02 2.260692464358451600e-02 8.778004073319753409e-02 2.036659877800406869e-04 4.276985743380854778e-03 2.036659877800406869e-04 2.036659877800406869e-04 2.240325865580447637e-03 2.036659877800406869e-04 2.036659877800406869e-04 4.276985743380854778e-03 2.507128309572300706e-01 2.140529531568227395e-01
2.573599240265907542e-02 9.496676163342832109e-05 7.037037037037037479e-02 2.193732193732194496e-02 1.520417853751187265e-01 1.653371320037987091e-01 5.612535612535613644e-02 1.044634377967711613e-03 6.277302943969612081e-02 9.496676163342832109e-05 1.528964862298196059e-02 1.994301994301994879e-03 5.792972459639127505e-03 6.847103513770180783e-02 5.802469135802470340e-02 2.193732193732194496e-02 6.742640075973410120e-03 9.591642924976259699e-03 1.235517568850902359e-01 4.377967711301045811e-02 9.496676163342832109e-05 9.496676163342832109e-05 9.496676163342832109e-05 9.496676163342832109e-05 9.591642924976259699e-03 9.496676163342832109e-05 9.496676163342832109e-05 5.897435897435898688e-02 2.003798670465337800e-02 9.496676163342832109e-05
1.976284584980237129e-04 1.976284584980237129e-04 1.403162055335968085e-02 2.966403162055335496e-01 2.173913043478260896e-03 1.976284584980237129e-04 1.976284584980237129e-04 1.976284584980237129e-04 1.976284584980237129e-04 1.976284584980237129e-04 1.820158102766798180e-01 1.976284584980237129e-04 1.976284584980237129e-04 1.976284584980237129e-04 1.976284584980237129e-04 4.565217391304347838e-02 1.976284584980237129e-04 3.144268774703556923e-01 7.134387351778655184e-02 1.976284584980237129e-04 4.150197628458497483e-03 1.007905138339920681e-02 1.976284584980237129e-04 4.762845849802371107e-02 1.976284584980237129e-04 8.102766798418970656e-03 1.976284584980237129e-04 1.976284584980237129e-04 1.976284584980237129e-04 1.976284584980237129e-04
1.862197392923649569e-04 1.862197392923649569e-04 1.528864059590316071e-01 7.094972067039105601e-02 1.862197392923649569e-04 3.556797020484171040e-02 1.212290502793295782e-01 3.743016759776535834e-02 7.839851024208564778e-02 1.882681564245809458e-01 7.094972067039105601e-02 1.862197392923649569e-04 1.880819366852885810e-02 1.862197392923649569e-04 1.862197392923649569e-04 1.862197392923649569e-04 1.508379888268156048e-02 3.184357541899440758e-02 1.862197392923649569e-04 1.156424581005586344e-01 1.862197392923649569e-04 1.862197392923649569e-04 1.862197392923649569e-04 4.860335195530725294e-02 1.862197392923649569e-04 1.862197392923649569e-04 1.862197392923649569e-04 1.862197392923649569e-04 1.862197392923649569e-04 1.135940409683426112e-02
2.976190476190475375e-04 5.089285714285712858e-02 2.976190476190475375e-04 8.065476190476188190e-02 2.976190476190475375e-04 2.976190476190475375e-04 2.976190476190475375e-04 1.014880952380952106e-01 2.976190476190475375e-04 2.976190476190475375e-04 1.074404761904761557e-01 3.038690476190474832e-01 3.273809523809523021e-03 2.708333333333332385e-02 2.976190476190475375e-04 2.976190476190475375e-04 2.976190476190475375e-04 2.800595238095237027e-01 2.976190476190475375e-04 2.976190476190475375e-04 1.517857142857142322e-02 2.976190476190475375e-04 2.976190476190475375e-04 2.976190476190475375e-04 9.226190476190472903e-03 1.517857142857142322e-02 2.976190476190475375e-04 2.976190476190475375e-04 2.976190476190475375e-04 2.976190476190475375e-04
3.610108303249096192e-04 7.581227436823102274e-03 2.924187725631767487e-02 3.610108303249096192e-04 3.610108303249096192e-04 5.451263537906134854e-02 6.212996389891694005e-01 5.451263537906134854e-02 3.610108303249096192e-04 1.480144404332129314e-02 1.953068592057760899e-01 3.610108303249096192e-04 3.610108303249096192e-04 3.610108303249096192e-04 3.610108303249096192e-04 3.610108303249096192e-04 3.610108303249096192e-04 3.610108303249096192e-04 3.610108303249096192e-04 3.610108303249096192e-04 3.610108303249096192e-04 3.610108303249096192e-04 3.610108303249096192e-04 3.610108303249096192e-04 3.610108303249096192e-04 3.610108303249096192e-04 3.610108303249096192e-04 3.610108303249096192e-04 1.480144404332129314e-02 3.610108303249096192e-04
1.575931232091690084e-03 1.432664756446991035e-04 1.160458452722062592e-02 1.432664756446991035e-04 1.434097421203437972e-01 3.611747851002863885e-01 5.873925501432662212e-03 2.393982808022921682e-01 1.432664756446991035e-04 1.733524355300859049e-02 1.405444126074497924e-01 7.306590257879653355e-03 1.432664756446991035e-04 1.446991404011460820e-02 1.432664756446991035e-04 1.432664756446991035e-04 4.441260744985671936e-03 4.598853868194840988e-02 1.432664756446991035e-04 1.432664756446991035e-04 1.432664756446991035e-04 3.008595988538681227e-03 1.575931232091690084e-03 1.432664756446991035e-04 1.432664756446991035e-04 1.432664756446991035e-04 1.432664756446991035e-04 1.432664756446991035e-04 1.432664756446991035e-04 1.432664756446991035e-04
4.081632653061224641e-04 1.673469387755101984e-02 2.044897959183673564e-01 1.759183673469387754e-01 4.489795918367346997e-03 4.081632653061224641e-04 4.081632653061224641e-04 4.081632653061224641e-04 4.081632653061224641e-04 4.081632653061224641e-04 2.897959183673469094e-02 4.081632653061224641e-04 9.428571428571429214e-02 4.081632653061224641e-04 4.081632653061224641e-04 4.081632653061224641e-04 2.081632653061224469e-02 9.020408163265306034e-02 4.489795918367346997e-03 4.081632653061224641e-04 4.081632653061224641e-04 4.489795918367346997e-03 4.081632653061224641e-04 1.351020408163265407e-01 8.571428571428571855e-03 4.081632653061224641e-04 4.081632653061224641e-04 1.922448979591836749e-01 4.489795918367346997e-03 8.571428571428571855e-03
2.735507246376810836e-02 1.811594202898550476e-04 5.271739130434782011e-02 5.090579710144926828e-02 2.556159420289854656e-01 1.342391304347825831e-01 1.992753623188405713e-03 1.811594202898550476e-04 4.909420289855071645e-02 1.811594202898550476e-04 1.811594202898550476e-04 7.427536231884055568e-03 7.445652173913042127e-02 6.902173913043477271e-02 1.811594202898550476e-04 2.554347826086956000e-02 5.634057971014491684e-02 7.427536231884055568e-03 4.728260869565216462e-02 2.916666666666666366e-02 7.427536231884055568e-03 1.811594202898550476e-04 1.811594202898550476e-04 1.811594202898550476e-04 1.286231884057970759e-02 1.811594202898550476e-04 1.811594202898550476e-04 8.351449275362317348e-02 1.811594202898550476e-04 5.615942028985506339e-03
5.494505494505496669e-04 5.494505494505496669e-04 2.532967032967033960e-01 1.489010989010989550e-01 5.494505494505496669e-04 5.494505494505496669e-04 5.494505494505496669e-04 2.802197802197802998e-02 5.494505494505496669e-04 5.494505494505496669e-04 2.148351648351649046e-01 5.494505494505496669e-04 2.802197802197802998e-02 5.494505494505496669e-04 8.296703296703299146e-02 5.494505494505496669e-04 5.494505494505496669e-04 1.159340659340659802e-01 5.494505494505496669e-04 5.494505494505496669e-04 2.252747252747253418e-02 5.494505494505496669e-04 5.494505494505496669e-04 6.098901098901100826e-02 5.494505494505496669e-04 5.494505494505496669e-04 5.494505494505496669e-04 5.494505494505496669e-04 5.494505494505496669e-04 3.351648351648352231e-02
2.054176072234762535e-02 2.257336343115123748e-04 2.483069977426636231e-03 4.740406320541759762e-03 2.505643340857787241e-02 1.830699774266364988e-01 2.054176072234762535e-02 2.257336343115123748e-04 8.826185101580133474e-02 6.997742663656883293e-03 2.257336343115123748e-04 2.257336343115123748e-04 2.483069977426636231e-03 2.507900677200902151e-01 1.446952595936794039e-01 2.257336343115123748e-04 2.257336343115123748e-04 2.483069977426636231e-03 1.424379232505643134e-01 4.762979683972910772e-02 2.257336343115123748e-04 2.257336343115123748e-04 2.257336343115123748e-04 2.257336343115123748e-04 1.828442437923250008e-02 3.634311512415349527e-02 2.257336343115123748e-04 2.257336343115123748e-04 2.257336343115123748e-04 2.257336343115123748e-04
3.012048192771084060e-04 3.012048192771084060e-04 3.012048192771084060e-04 2.442771084337348741e-01 3.012048192771084060e-04 3.012048192771084060e-04 2.382530120481927138e-01 3.012048192771084060e-04 3.012048192771084060e-04 8.463855421686745928e-02 2.774096385542167975e-01 3.012048192771084060e-04 2.138554216867469271e-02 4.246987951807228157e-02 3.012048192771084060e-04 3.012048192771084060e-04 3.012048192771084060e-04 3.012048192771084060e-04 3.012048192771084060e-04 1.234939759036144183e-02 3.012048192771084060e-04 3.945783132530119447e-02 3.012048192771084060e-04 3.343373493975902722e-02 3.012048192771084060e-04 3.012048192771084060e-04 3.012048192771084060e-04 3.012048192771084060e-04 3.012048192771084060e-04 3.012048192771084060e-04
1.821493624772313024e-04 1.821493624772313024e-04 1.821493624772313024e-04 2.005464480874316335e-01 3.825136612021857486e-03 8.032786885245900288e-02 2.932604735883424102e-02 2.386156648451729853e-02 3.479052823315118004e-02 1.821493624772313024e-04 2.460837887067394703e-01 6.939890710382512484e-02 2.003642987249544191e-03 4.389799635701274738e-02 1.805100182149362020e-01 6.393442622950819276e-02 1.821493624772313024e-04 1.821493624772313024e-04 1.821493624772313024e-04 7.468123861566482342e-03 1.821493624772313024e-04 1.111111111111110807e-02 1.821493624772313024e-04 1.821493624772313024e-04 1.821493624772313024e-04 1.821493624772313024e-04 1.821493624772313024e-04 1.821493624772313024e-04 1.821493624772313024e-04 1.821493624772313024e-04
3.831417624521071298e-04 3.831417624521071298e-04 1.383141762452106682e-01 3.869731800766281621e-02 2.072796934865899499e-01 4.214559386973178862e-03 3.831417624521071298e-04 4.214559386973178862e-03 7.318007662835246396e-02 3.831417624521071298e-04 2.720306513409960492e-02 3.831417624521071298e-04 3.831417624521071298e-04 3.831417624521071298e-04 1.038314176245210274e-01 3.831417624521071298e-04 5.785440613026817530e-02 3.486590038314174578e-02 1.651340996168581821e-01 4.214559386973178862e-03 2.337164750957853102e-02 3.831417624521071298e-04 3.831417624521071298e-04 2.720306513409960492e-02 4.252873563218388664e-02 4.252873563218388664e-02 3.831417624521071298e-04 3.831417624521071298e-04 3.831417624521071298e-04 3.831417624521071298e-04
2.288329519450800758e-04 2.288329519450800758e-04 2.288329519450800758e-04 5.514874141876429520e-02 2.288329519450800758e-04 2.288329519450800758e-04 2.288329519450800758e-04 2.288329519450800758e-04 2.288329519450800758e-04 2.517162471395880969e-03 8.718535469107550895e-02 2.288329519450800758e-04 5.057208237986269422e-02 2.288329519450800758e-04 3.913043478260869179e-02 1.853546910755148394e-02 1.395881006864988297e-02 1.146453089244851148e-01 2.540045766590388540e-02 2.517162471395880969e-03 2.288329519450800758e-04 4.805491990846681889e-03 2.288329519450800758e-04 2.288329519450800758e-04 2.517162471395880969e-03 2.517162471395880969e-03 1.329519450800915326e-01 4.121281464530892058e-01 2.288329519450800758e-04 3.226544622425629033e-02
2.754820936639117666e-04 2.754820936639117666e-04 1.435261707988980395e-01 3.030303030303029433e-03 7.465564738292009006e-02 2.754820936639117666e-04 2.754820936639117666e-04 2.754820936639117666e-04 2.506887052341597033e-02 2.754820936639117666e-04 7.190082644628097153e-02 3.608815426997243753e-02 1.958677685950412362e-01 2.754820936639117666e-04 1.132231404958677357e-01 2.754820936639117666e-04 2.454545454545453698e-01 2.754820936639117666e-04 2.754820936639117666e-04 2.754820936639117666e-04 2.754820936639117666e-04 3.030303030303029433e-03 3.030303030303029433e-03 2.754820936639117666e-04 8.539944903581264332e-03 2.754820936639117666e-04 2.754820936639117666e-04 2.754820936639117666e-04 2.754820936639117666e-04 7.190082644628097153e-02
4.954954954954956386e-03 4.504504504504505116e-04 4.504504504504505116e-04 1.310810810810811022e-01 4.504504504504505116e-04 4.504504504504505116e-04 4.504504504504505116e-04 4.504504504504505116e-04 4.504504504504505116e-04 4.504504504504505116e-04 5.000000000000000278e-02 4.504504504504505116e-04 3.198198198198198144e-02 4.504504504504505116e-04 1.310810810810811022e-01 4.504504504504505116e-04 9.459459459459461719e-03 4.504504504504505116e-04 4.504504504504505116e-04 4.504504504504505116e-04 4.504504504504505116e-04 4.504504504504505116e-04 4.504504504504505116e-04 4.504504504504505116e-04 4.504504504504505116e-04 4.504504504504505116e-04 1.175675675675675880e-01 5.139639639639640434e-01 4.504504504504505116e-04 4.504504504504505116e-04
