5.917159763313611714e-04 5.804733727810652555e-01 4.792899408284025109e-02 5.917159763313611714e-04 4.792899408284025109e-02 1.071005917159763704e-01 5.917159763313611714e-04 5.917159763313611714e-04 5.917159763313611714e-04 1.721893491124261155e-01 5.917159763313611714e-04 5.917159763313611714e-04 5.917159763313611714e-04 5.917159763313611714e-04 5.917159763313611714e-04 5.917159763313611714e-04 6.508875739644972777e-03 5.917159763313611714e-04 1.242603550295858471e-02 5.917159763313611714e-04 5.917159763313611714e-04 5.917159763313611714e-04 5.917159763313611714e-04 5.917159763313611714e-04 5.917159763313611714e-04 5.917159763313611714e-04 5.917159763313611714e-04 5.917159763313611714e-04 1.242603550295858471e-02 5.917159763313611714e-04
3.937007874015749061e-04 3.937007874015749061e-04 8.267716535433072486e-03 3.937007874015749061e-04 9.881889763779530544e-02 2.795275590551181757e-02 3.783464566929134465e-01 3.937007874015749061e-04 3.937007874015749061e-04 8.267716535433072486e-03 3.937007874015749061e-04 1.220472440944882220e-02 3.937007874015749061e-04 4.370078740157481295e-02 3.937007874015749061e-04 3.937007874015749061e-04 7.519685039370080371e-02 3.937007874015749061e-04 9.881889763779530544e-02 2.401574803149606613e-02 1.614173228346457017e-02 3.937007874015749061e-04 3.937007874015749061e-04 8.267716535433072486e-03 3.937007874015749061e-04 2.007874015748031815e-02 4.330708661417324509e-03 4.370078740157481295e-02 3.937007874015749061e-04 1.263779527559055482e-01
7.142857142857145019e-04 7.142857142857145019e-04 7.142857142857145019e-04 7.142857142857145019e-04 7.142857142857145019e-04 2.007142857142857617e-01 7.142857142857145019e-04 7.142857142857145019e-04 1.007142857142857284e-01 1.364285714285714546e-01 2.928571428571428992e-02 7.142857142857145019e-04 2.214285714285714815e-02 7.142857142857145019e-04 7.142857142857145019e-04 7.142857142857145019e-04 7.142857142857145019e-04 2.214285714285714815e-02 7.142857142857145019e-04 7.857142857142859413e-03 2.928571428571428992e-02 7.142857142857145019e-04 7.142857142857145019e-04 7.142857142857145019e-04 3.650000000000001021e-01 7.142857142857145019e-04 7.142857142857145019e-04 5.071428571428571869e-02 2.214285714285714815e-02 7.142857142857145019e-04
8.865248226950359274e-05 2.748226950354611293e-03 1.338652482269504090e-02 2.579787234042554486e-02 8.785460992907805078e-02 1.020390070921986109e-01 2.004432624113476058e-01 1.064716312056737946e-01 1.338652482269504090e-02 9.937943262411351453e-02 2.047872340425532789e-02 4.707446808510640235e-02 8.865248226950359274e-05 1.338652482269504090e-02 2.402482269503547138e-02 8.865248226950359274e-05 8.865248226950359274e-05 8.865248226950359274e-05 3.909574468085107862e-02 6.746453900709221962e-02 8.865248226950359274e-05 8.865248226950359274e-05 9.751773049645394388e-04 8.865248226950359274e-05 8.865248226950359274e-05 8.874113475177307364e-02 8.865248226950359274e-05 3.289007092198582838e-02 1.072695035460993242e-02 2.748226950354611293e-03
4.566210045662101396e-04 4.566210045662101396e-04 4.566210045662101396e-04 4.566210045662101396e-04 6.438356164383562952e-02 1.831050228310502626e-01 4.566210045662101396e-04 4.566210045662101396e-04 1.054794520547945452e-01 9.178082191780823074e-02 1.872146118721461361e-02 4.566210045662101396e-04 4.566210045662101396e-04 4.566210045662101396e-04 4.566210045662101396e-04 4.566210045662101396e-04 1.872146118721461361e-02 4.566210045662101396e-04 4.566210045662101396e-04 4.566210045662101396e-04 4.566210045662101396e-04 1.415525114155251341e-02 4.566210045662101396e-04 4.566210045662101396e-04 7.351598173515982992e-02 7.808219178082193013e-02 5.525114155251142217e-02 1.328767123287671603e-01 1.557077625570776613e-01 4.566210045662101396e-04
4.237288135593221842e-04 5.046610169491526632e-01 4.237288135593221842e-04 4.237288135593221842e-04 3.855932203389831475e-02 1.313559322033898587e-02 4.661016949152543484e-03 4.237288135593221842e-04 4.661016949152543484e-03 1.741525423728814137e-01 4.237288135593221842e-04 4.237288135593221842e-04 4.237288135593221842e-04 4.237288135593221842e-04 2.584745762711864944e-02 4.237288135593221842e-04 1.313559322033898587e-02 8.898305084745764676e-03 8.940677966101698293e-02 4.237288135593221842e-04 4.237288135593221842e-04 4.237288135593221842e-04 4.237288135593221842e-04 4.237288135593221842e-04 8.898305084745764676e-03 4.237288135593221842e-04 4.237288135593221842e-04 4.237288135593221842e-04 1.021186440677966378e-01 4.661016949152543484e-03
2.252252252252251745e-04 1.599099099099098725e-02 2.252252252252251745e-04 2.252252252252251745e-04 4.301801801801800884e-02 2.029279279279278536e-01 2.252252252252251745e-04 4.729729729729729125e-03 3.175675675675674464e-02 1.488738738738738243e-01 8.355855855855853775e-02 2.252252252252251745e-04 2.252252252252251745e-04 6.981981981981980057e-03 2.252252252252251745e-04 2.252252252252251745e-04 2.252252252252251745e-04 4.752252252252251591e-02 9.707207207207205202e-02 2.252252252252251745e-04 2.252252252252251745e-04 9.234234234234231856e-03 2.252252252252251745e-04 2.252252252252251745e-04 2.252252252252251745e-04 2.252252252252251745e-04 7.680180180180178062e-02 2.029279279279278536e-01 2.499999999999999445e-02 2.252252252252251745e-04
4.901960784313726506e-04 4.901960784313726506e-04 1.029411764705882512e-02 2.500000000000000139e-02 2.500000000000000139e-02 5.441176470588236086e-02 4.901960784313726506e-04 4.901960784313726506e-04 2.009803921568627597e-02 1.426470588235294323e-01 4.460784313725490308e-02 4.901960784313726506e-04 4.901960784313726506e-04 4.901960784313726506e-04 4.901960784313726506e-04 4.901960784313726506e-04 4.901960784313726506e-04 3.970588235294118112e-02 4.901960784313726506e-04 1.029411764705882512e-02 8.872549019607844922e-02 4.901960784313726506e-04 5.392156862745098832e-03 1.029411764705882512e-02 1.029411764705882512e-02 1.279411764705882526e-01 4.901960784313726506e-04 1.279411764705882526e-01 2.504901960784314263e-01 4.901960784313726506e-04
2.061855670103092343e-04 2.061855670103092343e-04 2.061855670103092343e-04 1.257731958762886224e-02 1.177319587628865710e-01 1.507216494845360355e-01 2.061855670103092343e-04 2.268041237113401550e-03 2.084536082474226226e-01 5.999999999999999084e-02 2.288659793814432422e-02 2.061855670103092343e-04 6.391752577319585911e-03 2.061855670103092343e-04 2.061855670103092343e-04 2.061855670103092343e-04 2.061855670103092343e-04 2.061855670103092343e-04 2.061855670103092343e-04 2.061855670103092343e-04 2.061855670103092343e-04 2.061855670103092343e-04 2.268041237113401550e-03 2.061855670103092343e-04 3.113402061855669381e-02 1.177319587628865710e-01 2.061855670103092343e-04 1.486597938144329500e-01 7.237113402061853829e-02 4.350515463917525166e-02
2.100840336134453365e-04 2.100840336134453365e-04 2.100840336134453365e-04 2.100840336134453365e-04 2.922268907563024265e-01 1.556722689075629718e-01 2.100840336134453365e-04 2.100840336134453365e-04 8.004201680672266839e-02 5.063025210084032973e-02 2.100840336134453365e-04 2.100840336134453365e-04 2.100840336134453365e-04 2.100840336134453365e-04 2.100840336134453365e-04 2.100840336134453365e-04 6.323529411764704233e-02 2.100840336134453365e-04 2.100840336134453365e-04 1.701680672268907069e-02 2.100840336134453365e-04 2.100840336134453365e-04 2.100840336134453365e-04 2.100840336134453365e-04 3.172268907563024348e-02 6.323529411764704233e-02 2.100840336134453365e-04 2.123949579831932166e-01 2.100840336134453365e-04 2.962184873949579023e-02
3.014705882352942262e-02 7.352941176470591386e-04 7.352941176470591386e-04 7.352941176470591386e-04 2.507352941176471672e-01 7.426470588235296877e-02 2.279411764705883275e-02 7.352941176470591386e-04 7.352941176470591386e-04 7.352941176470591386e-04 8.088235294117651283e-03 7.352941176470591386e-04 7.352941176470591386e-04 7.352941176470591386e-04 7.352941176470591386e-04 5.955882352941178903e-02 4.198529411764707620e-01 7.352941176470591386e-04 4.485294117647060236e-02 7.352941176470591386e-04 7.352941176470591386e-04 7.352941176470591386e-04 7.426470588235296877e-02 7.352941176470591386e-04 7.352941176470591386e-04 7.352941176470591386e-04 7.352941176470591386e-04 7.352941176470591386e-04 7.352941176470591386e-04 7.352941176470591386e-04
1.297071129707113267e-02 6.322175732217574229e-01 4.184100418410043216e-04 4.184100418410043216e-04 8.786610878661090321e-03 4.184100418410043216e-04 4.602510460251047104e-03 1.297071129707113267e-02 4.184100418410043216e-04 1.217573221757322494e-01 4.184100418410043216e-04 4.184100418410043216e-04 4.184100418410043216e-04 4.184100418410043216e-04 4.184100418410043216e-04 4.184100418410043216e-04 8.786610878661090321e-03 4.184100418410043216e-04 2.552301255230126145e-02 4.184100418410043216e-04 4.184100418410043216e-04 4.184100418410043216e-04 4.184100418410043216e-04 8.786610878661090321e-03 8.786610878661090321e-03 4.184100418410043216e-04 4.184100418410043216e-04 4.184100418410043216e-04 1.468619246861924965e-01 4.184100418410043216e-04
5.617977528089888135e-04 6.179775280898877274e-03 4.550561797752808446e-02 5.617977528089888135e-04 6.235955056179775385e-02 5.617977528089888135e-04 6.179775280898877274e-03 4.550561797752808446e-02 5.617977528089888135e-04 1.016853932584269732e-01 5.617977528089888135e-04 3.426966292134830949e-02 1.016853932584269732e-01 1.741573033707865051e-02 3.988764044943819698e-02 2.814606741573033588e-01 5.617977528089888135e-04 5.617977528089888135e-04 5.617977528089888135e-04 1.179775280898876476e-02 5.617977528089888135e-04 5.617977528089888135e-04 5.617977528089888135e-04 1.179775280898876476e-02 5.617977528089888135e-04 1.185393258426966356e-01 5.617977528089888135e-04 5.617977528089888135e-04 5.617977528089888135e-04 1.073033707865168607e-01
2.699619771863117842e-02 5.517110266159696019e-01 4.220532319391635118e-02 3.802281368821293079e-04 4.220532319391635118e-02 3.802281368821293079e-04 2.699619771863117842e-02 3.802281368821293079e-04 3.802281368821293079e-04 5.741444866920152046e-02 3.802281368821293079e-04 3.802281368821293079e-04 7.984790874524715087e-03 3.802281368821293079e-04 3.802281368821293079e-04 3.802281368821293079e-04 1.178707224334600741e-02 3.802281368821293079e-04 3.802281368821293079e-04 1.558935361216729973e-02 1.558935361216729973e-02 8.022813688212927785e-02 3.802281368821293079e-04 2.699619771863117842e-02 3.802281368821293079e-04 3.802281368821293079e-04 3.802281368821293079e-04 3.802281368821293079e-04 8.783269961977187290e-02 3.802281368821293079e-04
2.781609195402297632e-02 4.347126436781607595e-01 2.298850574712642779e-04 2.298850574712642779e-04 7.149425287356318826e-02 2.298850574712642779e-04 1.632183908045976156e-02 4.390804597701147838e-02 5.080459770114940932e-02 1.542528735632183179e-01 2.528735632183907057e-03 2.298850574712642779e-04 2.298850574712642779e-04 2.298850574712642779e-04 2.528735632183907057e-03 7.126436781609193048e-03 2.298850574712642779e-04 2.298850574712642779e-04 4.827586206896550269e-03 2.298850574712642779e-04 2.298850574712642779e-04 2.298850574712642779e-04 2.298850574712642779e-04 2.298850574712642779e-04 5.310344827586205296e-02 2.298850574712642779e-04 5.080459770114940932e-02 2.298850574712642779e-04 7.609195402298847555e-02 2.298850574712642779e-04
6.289308176100631871e-04 6.484276729559750319e-01 6.289308176100631871e-04 6.289308176100631871e-04 5.723270440251573832e-02 6.289308176100631871e-04 6.289308176100631871e-04 2.578616352201258677e-02 6.289308176100631871e-04 4.465408805031447631e-02 6.289308176100631871e-04 6.289308176100631871e-04 6.289308176100631871e-04 6.289308176100631871e-04 6.289308176100631871e-04 6.289308176100631871e-04 6.289308176100631871e-04 6.289308176100631871e-04 6.289308176100631871e-04 6.289308176100631871e-04 1.201257861635220692e-01 6.289308176100631871e-04 6.289308176100631871e-04 6.289308176100631871e-04 6.289308176100631871e-04 6.289308176100631871e-04 1.949685534591195576e-02 6.289308176100631871e-04 6.981132075471700726e-02 6.289308176100631871e-04
1.265306122448979845e-02 5.759183673469389086e-01 4.081632653061225725e-04 8.571428571428573590e-03 4.081632653061225725e-04 4.081632653061225725e-04 4.122448979591837592e-02 2.081632653061224816e-02 7.795918367346940658e-02 9.836734693877553781e-02 4.081632653061225725e-04 4.081632653061225725e-04 4.081632653061225725e-04 8.571428571428573590e-03 4.081632653061225725e-04 4.081632653061225725e-04 4.081632653061225725e-04 4.081632653061225725e-04 4.530612244897960078e-02 4.081632653061225725e-04 4.081632653061225725e-04 4.081632653061225725e-04 4.081632653061225725e-04 4.081632653061225725e-04 4.081632653061225725e-04 4.081632653061225725e-04 4.081632653061225725e-04 4.081632653061225725e-04 1.024489795918367696e-01 4.081632653061225725e-04
2.136752136752135937e-04 5.749999999999997335e-01 5.790598290598288067e-02 2.136752136752135937e-04 7.072649572649569727e-02 2.136752136752135937e-04 2.136752136752135937e-04 2.136752136752135937e-04 2.136752136752135937e-04 1.091880341880341332e-01 2.136752136752135937e-04 2.136752136752135937e-04 8.760683760683755580e-03 2.350427350427349450e-03 2.350427350427349450e-03 6.623931623931621215e-03 2.136752136752135937e-04 2.136752136752135937e-04 8.568376068376064303e-02 1.089743589743589168e-02 2.136752136752135937e-04 2.136752136752135937e-04 2.136752136752135937e-04 2.136752136752135937e-04 6.623931623931621215e-03 2.136752136752135937e-04 2.136752136752135937e-04 2.136752136752135937e-04 6.004273504273501677e-02 2.136752136752135937e-04
4.761904761904763527e-04 4.290476190476191221e-01 4.761904761904763527e-04 4.761904761904763527e-04 1.909523809523810123e-01 8.142857142857146124e-02 1.000000000000000368e-02 4.761904761904763527e-04 1.476190476190476601e-02 1.195238095238095599e-01 1.952380952380952661e-02 4.761904761904763527e-04 1.000000000000000368e-02 4.761904761904763527e-04 4.761904761904763527e-04 4.761904761904763527e-04 4.761904761904763527e-04 4.761904761904763527e-04 4.761904761904763527e-04 4.761904761904763527e-04 4.761904761904763527e-04 4.761904761904763527e-04 4.761904761904763527e-04 1.000000000000000368e-02 4.761904761904763527e-04 4.761904761904763527e-04 4.761904761904763527e-04 4.761904761904763527e-04 1.052380952380952694e-01 4.761904761904763527e-04
3.831775700934580281e-02 9.345794392523367041e-04 9.345794392523367041e-04 9.345794392523367041e-04 9.345794392523367041e-04 2.897196261682243729e-02 2.897196261682243729e-02 1.028037383177570450e-02 9.345794392523367041e-04 1.504672897196262238e-01 9.345794392523367041e-04 2.897196261682243729e-02 1.028037383177570450e-02 9.345794392523367041e-04 7.570093457943927184e-02 2.345794392523365135e-01 1.130841121495327339e-01 9.345794392523367041e-04 9.345794392523367041e-04 9.345794392523367041e-04 1.028037383177570450e-02 9.345794392523367041e-04 1.028037383177570450e-02 9.345794392523367041e-04 9.345794392523367041e-04 1.317757009345794650e-01 9.345794392523367041e-04 9.345794392523367041e-04 9.345794392523367041e-04 1.130841121495327339e-01
1.337579617834395128e-02 6.369426751592358526e-04 6.369426751592358526e-04 6.369426751592358526e-04 6.369426751592358526e-04 6.369426751592358526e-04 6.369426751592358526e-04 6.369426751592358526e-04 6.369426751592358526e-04 1.407643312101911071e-01 6.369426751592358526e-04 6.369426751592358526e-04 7.006369426751594270e-03 3.248407643312102577e-02 6.369426751592358526e-04 3.764331210191083632e-01 7.006369426751594270e-03 6.369426751592358526e-04 6.369426751592358526e-04 6.369426751592358526e-04 1.343949044585987518e-01 6.369426751592358526e-04 7.006369426751594270e-03 6.369426751592358526e-04 6.369426751592358526e-04 6.369426751592358526e-04 6.369426751592358526e-04 6.369426751592358526e-04 4.522292993630573632e-02 2.235668789808917811e-01
4.608294930875577117e-04 4.608294930875577117e-04 4.608294930875577117e-04 5.115207373271889874e-02 8.341013824884793704e-02 6.958525345622119940e-02 4.608294930875577117e-04 4.608294930875577117e-04 3.271889400921659113e-02 2.811059907834101423e-02 8.341013824884793704e-02 4.608294930875577117e-04 4.608294930875577117e-04 4.608294930875577117e-04 4.608294930875577117e-04 4.608294930875577117e-04 2.350230414746544080e-02 4.608294930875577117e-04 4.608294930875577117e-04 4.608294930875577117e-04 4.608294930875577117e-04 2.350230414746544080e-02 4.608294930875577117e-04 4.608294930875577117e-04 2.723502304147465969e-01 2.124423963133640902e-01 4.608294930875577117e-04 4.608294930875577117e-04 1.064516129032258285e-01 5.069124423963134937e-03
4.566210045662101396e-04 4.566210045662101396e-04 4.566210045662101396e-04 4.566210045662101396e-04 9.634703196347034482e-02 1.872146118721461361e-02 4.566210045662101396e-04 4.566210045662101396e-04 4.566210045662101396e-04 6.438356164383562952e-02 9.178082191780823074e-02 5.022831050228311264e-03 9.589041095890413202e-03 1.872146118721461361e-02 4.566210045662101396e-04 4.566210045662101396e-04 4.566210045662101396e-04 5.022831050228311264e-03 1.415525114155251341e-02 4.566210045662101396e-04 4.566210045662101396e-04 4.566210045662101396e-04 5.068493150684932197e-02 4.566210045662101396e-04 4.155251141552511462e-02 1.876712328767123628e-01 2.785388127853881401e-02 5.022831050228311264e-03 3.383561643835616417e-01 1.872146118721461361e-02
6.369426751592359610e-04 6.369426751592359610e-04 5.796178343949046768e-02 6.369426751592359610e-04 7.006369426751595138e-03 6.369426751592359610e-04 6.369426751592359610e-04 1.337579617834395475e-02 6.369426751592359610e-04 7.006369426751595138e-03 1.974522292993631176e-02 6.369426751592359610e-04 2.611464968152867050e-02 6.369426751592359610e-04 6.369426751592359610e-04 6.369426751592359610e-04 6.369426751592359610e-04 1.980891719745223600e-01 4.337579617834396162e-01 6.369426751592359610e-04 6.369426751592359610e-04 6.369426751592359610e-04 6.369426751592359610e-04 4.522292993630574326e-02 6.369426751592359610e-04 6.369426751592359610e-04 1.789808917197452942e-01 6.369426751592359610e-04 6.369426751592359610e-04 6.369426751592359610e-04
6.756756756756758216e-04 6.756756756756758216e-04 6.756756756756758216e-04 6.756756756756758216e-04 6.756756756756758216e-04 6.756756756756758216e-04 6.756756756756758216e-04 6.756756756756758216e-04 6.756756756756758216e-04 1.087837837837838106e-01 6.756756756756758216e-04 6.756756756756758216e-04 6.756756756756758216e-04 6.756756756756758216e-04 7.500000000000001110e-02 2.777027027027027528e-01 7.500000000000001110e-02 6.756756756756758216e-04 6.756756756756758216e-04 6.756756756756758216e-04 6.756756756756758216e-04 6.756756756756758216e-04 1.425675675675676102e-01 6.756756756756758216e-04 6.756756756756758216e-04 6.756756756756758216e-04 6.756756756756758216e-04 6.756756756756758216e-04 6.756756756756758216e-04 3.047297297297297813e-01
8.403361344537819966e-04 8.403361344537819966e-04 8.403361344537819966e-04 2.605042016806723842e-02 6.806722689075633825e-02 5.890756302521010790e-01 8.403361344537819966e-04 8.403361344537819966e-04 9.243697478991601962e-03 8.487394957983196431e-02 8.403361344537819966e-04 8.403361344537819966e-04 8.403361344537819966e-04 8.403361344537819966e-04 8.403361344537819966e-04 8.403361344537819966e-04 5.126050420168069138e-02 8.403361344537819966e-04 8.403361344537819966e-04 8.403361344537819966e-04 8.403361344537819966e-04 8.403361344537819966e-04 1.016806722689076042e-01 8.403361344537819966e-04 8.403361344537819966e-04 8.403361344537819966e-04 8.403361344537819966e-04 5.126050420168069138e-02 8.403361344537819966e-04 8.403361344537819966e-04
3.378378378378379108e-04 7.094594594594595856e-03 3.378378378378379108e-04 2.398648648648649129e-02 3.378378378378379108e-04 1.422297297297297480e-01 7.128378378378380509e-02 1.722972972972973069e-02 3.378378378378379108e-04 1.152027027027027334e-01 3.378378378378379108e-04 3.716216216216217290e-03 3.378378378378379108e-04 1.385135135135135212e-02 3.378378378378379108e-04 3.378378378378379108e-04 1.625000000000000333e-01 3.378378378378379108e-04 3.378378378378379108e-04 3.378378378378379108e-04 3.378378378378379108e-04 7.094594594594595856e-03 2.334459459459459763e-01 2.060810810810810925e-02 3.378378378378379108e-04 3.716216216216217290e-03 3.378378378378379108e-04 1.722972972972973069e-02 2.060810810810810925e-02 1.354729729729730048e-01
4.672897196261683521e-04 4.537383177570094572e-01 2.850467289719626693e-02 4.672897196261683521e-04 5.654205607476636697e-02 4.672897196261683521e-04 4.672897196261683521e-04 4.672897196261683521e-04 5.654205607476636697e-02 1.500000000000000500e-01 5.654205607476636697e-02 4.672897196261683521e-04 4.672897196261683521e-04 4.672897196261683521e-04 5.140186915887852252e-03 4.672897196261683521e-04 4.672897196261683521e-04 4.672897196261683521e-04 4.672897196261683521e-04 4.672897196261683521e-04 4.672897196261683521e-04 4.672897196261683521e-04 4.672897196261683521e-04 1.448598130841121864e-02 4.672897196261683521e-04 4.672897196261683521e-04 9.813084112149535881e-03 1.453271028037383672e-01 9.813084112149535881e-03 5.140186915887852252e-03
4.000000000000000734e-04 8.400000000000001216e-03 1.640000000000000138e-02 1.240000000000000130e-02 1.044000000000000206e-01 1.724000000000000254e-01 4.000000000000000734e-04 8.400000000000001216e-03 4.400000000000001132e-03 1.364000000000000212e-01 4.000000000000000734e-04 4.000000000000000734e-04 4.000000000000000734e-04 8.400000000000001216e-03 4.000000000000000734e-04 3.484000000000000430e-01 4.040000000000000535e-02 2.440000000000000155e-02 4.000000000000000734e-04 4.000000000000000734e-04 4.000000000000000734e-04 4.000000000000000734e-04 4.000000000000000734e-04 4.000000000000000734e-04 4.000000000000000734e-04 4.000000000000000734e-04 4.000000000000000734e-04 4.400000000000001132e-03 1.044000000000000206e-01 4.000000000000000734e-04
4.784688995215312770e-04 4.784688995215312770e-04 4.784688995215312770e-04 4.784688995215312770e-04 1.870813397129187095e-01 3.928229665071771293e-01 4.784688995215312770e-04 4.784688995215312770e-04 4.784688995215312770e-04 6.746411483253590691e-02 4.784688995215312770e-04 4.784688995215312770e-04 4.784688995215312770e-04 4.784688995215312770e-04 4.784688995215312770e-04 4.784688995215312770e-04 1.153110047846890307e-01 4.784688995215312770e-04 4.784688995215312770e-04 4.784688995215312770e-04 4.784688995215312770e-04 3.397129186602871470e-02 4.784688995215312770e-04 4.784688995215312770e-04 4.784688995215312770e-04 4.354066985645933807e-02 5.263157894736843721e-03 4.832535885167465323e-02 4.784688995215312770e-04 9.617224880382778396e-02
5.988023952095810482e-04 4.556886227544911239e-01 5.988023952095810482e-04 2.455089820359282124e-02 6.586826347305392397e-03 5.988023952095810482e-04 1.856287425149701423e-02 5.988023952095810482e-04 5.988023952095810482e-04 2.221556886227545879e-01 6.586826347305392397e-03 5.988023952095810482e-04 1.856287425149701423e-02 3.053892215568863172e-02 5.988023952095810482e-04 3.053892215568863172e-02 8.443113772455092259e-02 5.988023952095810482e-04 1.257485029940120201e-02 5.988023952095810482e-04 5.988023952095810482e-04 5.988023952095810482e-04 5.988023952095810482e-04 5.988023952095810482e-04 5.988023952095810482e-04 4.850299401197605970e-02 6.586826347305392397e-03 2.455089820359282124e-02 5.988023952095810482e-04 5.988023952095810482e-04
2.281250000000000777e-01 9.375000000000003123e-03 4.464285714285715773e-04 1.830357142857143293e-02 4.464285714285715773e-04 3.129464285714286254e-01 4.464285714285715773e-04 4.464285714285715773e-04 4.464285714285715773e-04 1.830357142857143293e-02 4.464285714285715773e-04 4.910714285714287350e-03 4.062500000000000833e-02 4.464285714285715773e-04 4.464285714285715773e-04 4.464285714285715773e-04 1.477678571428571730e-01 4.464285714285715773e-04 4.062500000000000833e-02 4.910714285714287350e-03 4.464285714285715773e-04 4.464285714285715773e-04 1.830357142857143293e-02 4.910714285714287350e-03 4.464285714285715773e-04 4.910714285714287350e-03 3.616071428571429602e-02 2.723214285714286101e-02 7.633928571428573451e-02 4.464285714285715773e-04
4.007263922518158883e-02 1.331719128329297581e-03 1.210653753026634115e-04 1.210653753026634115e-04 1.684019370460047849e-01 5.823244552058109980e-02 1.210653753026634115e-04 1.210653753026634115e-04 3.197336561743340799e-01 9.697336561743337413e-02 7.397094430992734448e-02 1.210653753026634115e-04 1.210653753026634115e-04 7.384987893462467180e-03 1.210653753026634115e-04 1.210653753026634115e-04 1.210653753026634115e-04 2.542372881355931587e-03 5.702179176755446666e-02 1.210653753026634115e-04 1.210653753026634115e-04 1.210653753026634115e-04 1.210653753026634115e-04 1.210653753026634115e-04 1.828087167070217497e-02 6.670702179176753177e-02 1.210653753026634115e-04 8.728813559322030902e-02 1.210653753026634115e-04 1.210653753026634115e-04
5.699481865284975780e-03 5.549222797927462203e-01 5.181347150259068201e-04 5.181347150259068201e-04 9.896373056994821338e-02 5.699481865284975780e-03 5.181347150259068201e-04 5.181347150259068201e-04 5.181347150259068201e-04 1.559585492227979486e-01 6.787564766839379593e-02 5.181347150259068201e-04 5.181347150259068201e-04 5.181347150259068201e-04 5.699481865284975780e-03 5.181347150259068201e-04 5.181347150259068201e-04 5.181347150259068201e-04 5.181347150259068201e-04 2.124352331606217670e-02 5.181347150259068201e-04 5.181347150259068201e-04 5.181347150259068201e-04 5.181347150259068201e-04 5.181347150259068201e-04 5.181347150259068201e-04 5.181347150259068201e-04 6.787564766839379593e-02 5.181347150259068201e-04 5.699481865284975780e-03
2.857142857142857357e-04 8.857142857142856832e-03 2.857142857142857357e-04 2.857142857142857357e-04 1.260000000000000009e-01 1.457142857142857024e-02 2.857142857142857357e-04 2.857142857142857357e-04 2.602857142857142869e-01 7.457142857142858017e-02 2.857142857142857357e-04 3.171428571428571569e-02 8.857142857142856832e-03 2.857142857142857357e-04 2.857142857142857357e-04 2.857142857142857357e-04 1.031428571428571472e-01 2.857142857142857357e-04 2.857142857142857357e-04 2.857142857142857357e-04 1.171428571428571354e-02 1.171428571428571354e-02 2.857142857142857357e-04 2.599999999999999881e-02 2.857142857142857357e-04 3.742857142857142910e-02 2.857142857142857357e-04 1.088571428571428606e-01 1.717142857142857082e-01 2.857142857142857357e-04
1.283697047496790557e-04 1.283697047496790557e-04 1.283697047496790557e-04 1.296534017971758164e-02 5.019255455712450659e-02 1.681643132220795450e-02 1.283697047496790557e-04 1.283697047496790557e-04 1.283697047496790557e-04 1.362002567394094421e-01 3.992297817715018127e-02 7.329910141206673335e-02 4.609756097560974708e-01 2.066752246469832563e-02 1.424903722721437317e-02 1.283697047496790557e-04 4.377406931964055586e-02 1.283697047496790557e-04 1.283697047496790557e-04 2.195121951219511716e-02 1.283697047496790557e-04 9.114249037227210512e-03 1.296534017971758164e-02 1.283697047496790557e-04 1.283697047496790557e-04 1.424903722721437317e-02 1.283697047496790557e-04 3.979460847240050454e-03 3.979460847240050454e-03 6.302952503209241497e-02
4.761904761904763527e-04 5.385714285714287008e-01 4.761904761904763527e-04 4.761904761904763527e-04 1.052380952380952694e-01 4.761904761904763527e-04 2.428571428571428895e-02 5.238095238095239609e-03 4.761904761904763527e-04 9.095238095238097897e-02 4.761904761904763527e-04 4.761904761904763527e-04 1.000000000000000368e-02 5.238095238095239609e-03 4.761904761904763527e-04 8.142857142857146124e-02 4.761904761904763527e-04 4.761904761904763527e-04 4.761904761904763527e-04 4.761904761904763527e-04 4.761904761904763527e-04 4.761904761904763527e-04 4.761904761904763527e-04 4.761904761904763527e-04 4.761904761904763527e-04 4.761904761904763527e-04 5.238095238095239609e-03 3.857142857142858289e-02 8.619047619047622011e-02 4.761904761904763527e-04
1.032352941176470223e-01 2.941176470588234494e-04 2.941176470588234494e-04 1.794117647058822776e-02 6.205882352941174962e-02 1.297058823529411431e-01 2.941176470588234494e-04 2.941176470588234494e-04 6.176470588235291950e-03 8.558823529411761777e-02 1.591176470588234748e-01 9.117647058823527204e-03 6.176470588235291950e-03 2.444117647058822451e-01 2.941176470588234494e-04 2.941176470588234494e-04 1.499999999999999424e-02 2.382352941176469827e-02 2.941176470588234494e-04 1.499999999999999424e-02 2.941176470588234494e-04 9.117647058823527204e-03 2.941176470588234494e-04 2.941176470588234494e-04 2.941176470588234494e-04 4.441176470588233810e-02 2.941176470588234494e-04 2.941176470588234494e-04 6.499999999999998834e-02 2.941176470588234494e-04
8.757062146892652041e-03 2.824858757062145907e-04 2.824858757062145907e-04 2.824858757062145907e-04 2.853107344632767328e-02 1.980225988700564099e-01 2.824858757062145907e-04 5.932203389830506893e-03 2.824858757062145907e-04 1.019774011299434680e-01 2.824858757062145907e-04 2.824858757062145907e-04 3.418079096045196358e-02 3.929378531073444702e-01 3.983050847457626081e-02 2.824858757062145907e-04 5.112994350282484834e-02 5.932203389830506893e-03 6.525423728813557755e-02 1.158192090395479719e-02 2.824858757062145907e-04 2.824858757062145907e-04 5.932203389830506893e-03 2.824858757062145907e-04 2.824858757062145907e-04 1.158192090395479719e-02 2.824858757062145907e-04 1.440677966101694407e-02 2.005649717514123437e-02 2.824858757062145907e-04
7.781690140845069770e-02 3.521126760563379927e-04 3.521126760563379927e-04 1.795774647887323286e-02 1.271126760563379976e-01 2.116197183098591228e-01 3.521126760563379927e-04 8.133802816901407329e-02 3.521126760563379927e-04 7.429577464788730823e-02 1.904929577464788415e-01 1.443661971830985553e-02 1.443661971830985553e-02 3.521126760563379927e-04 3.873239436619717920e-03 3.521126760563379927e-04 3.873239436619717920e-03 3.521126760563379927e-04 3.521126760563379927e-04 7.077464788732393264e-02 3.521126760563379927e-04 3.521126760563379927e-04 3.521126760563379927e-04 3.521126760563379927e-04 3.521126760563379927e-04 3.521126760563379927e-04 3.521126760563379927e-04 5.316901408450702693e-02 5.316901408450702693e-02 3.521126760563379927e-04
4.132231404958678126e-04 4.132231404958678126e-04 2.520661157024793250e-02 4.132231404958678126e-04 4.132231404958678126e-04 4.132231404958678126e-04 7.066115702479339178e-02 4.132231404958678126e-04 4.132231404958678126e-04 1.202479338842975254e-01 4.173553719008264024e-02 4.132231404958678126e-04 4.132231404958678126e-04 4.132231404958678126e-04 4.132231404958678126e-04 4.132231404958678126e-04 4.132231404958678126e-04 4.132231404958678126e-04 3.760330578512396243e-02 4.132231404958678126e-04 4.132231404958678126e-04 1.657024793388429673e-01 4.132231404958678126e-04 1.946280991735537258e-01 4.132231404958678126e-04 4.132231404958678126e-04 1.694214876033057690e-02 4.132231404958678126e-04 3.185950413223140321e-01 4.132231404958678126e-04
3.311258278145695361e-04 3.311258278145695361e-04 3.311258278145695361e-04 3.311258278145695361e-04 1.990066225165562919e-01 3.311258278145695361e-04 3.311258278145695361e-04 3.311258278145695361e-04 8.642384105960265739e-02 5.662251655629139263e-02 6.655629139072848088e-02 3.016556291390728450e-01 3.311258278145695361e-04 3.311258278145695361e-04 3.311258278145695361e-04 3.311258278145695361e-04 3.311258278145695361e-04 3.311258278145695361e-04 4.337748344370860598e-02 3.642384105960265114e-03 3.311258278145695361e-04 3.675496688741721613e-02 3.311258278145695361e-04 3.311258278145695361e-04 3.311258278145695361e-04 3.311258278145695361e-04 3.311258278145695361e-04 1.228476821192052981e-01 7.649006622516556220e-02 3.311258278145695361e-04
6.179775280898879009e-03 5.617977528089889219e-04 5.617977528089889219e-04 5.617977528089889219e-04 6.179775280898879009e-03 2.533707865168540185e-01 5.617977528089889219e-04 5.617977528089889219e-04 5.617977528089889219e-04 1.016853932584270009e-01 1.297752808988764661e-01 6.179775280898879009e-03 1.179775280898876823e-02 2.758426966292135685e-01 5.617977528089889219e-04 5.617977528089889219e-04 3.426966292134832337e-02 5.617977528089889219e-04 1.185393258426966773e-01 5.617977528089889219e-04 5.617977528089889219e-04 5.617977528089889219e-04 5.617977528089889219e-04 5.617977528089889219e-04 5.617977528089889219e-04 5.617977528089889219e-04 5.617977528089889219e-04 5.617977528089889219e-04 4.550561797752810528e-02 5.617977528089889219e-04
2.793296089385474083e-04 2.793296089385474083e-04 2.793296089385474083e-04 2.793296089385474083e-04 7.011173184357540056e-02 2.712290502793295310e-01 5.865921787709495357e-03 2.793296089385474083e-04 2.793296089385474083e-04 1.427374301675977120e-01 1.008379888268156194e-01 2.793296089385474083e-04 4.497206703910613251e-02 8.659217877094969873e-03 2.793296089385474083e-04 2.793296089385474083e-04 4.217877094972065366e-02 2.793296089385474083e-04 2.793296089385474083e-04 2.793296089385474083e-04 2.793296089385474083e-04 1.315642458100558243e-01 2.793296089385474083e-04 2.793296089385474083e-04 3.072625698324021708e-03 8.659217877094969873e-03 5.865921787709495357e-03 5.055865921787708328e-02 1.092178770949720351e-01 2.793296089385474083e-04
5.952380952380954002e-04 5.952380952380954002e-04 5.952380952380954002e-04 5.952380952380954002e-04 5.952380952380954002e-04 5.952380952380954002e-04 5.952380952380954002e-04 5.952380952380954002e-04 5.952380952380954002e-04 1.077380952380952717e-01 7.202380952380953161e-02 5.952380952380954002e-04 3.630952380952381237e-02 5.416666666666667546e-02 1.250000000000000243e-02 1.250000000000000243e-02 7.202380952380953161e-02 5.952380952380954002e-04 3.035714285714286031e-02 5.952380952380954002e-04 5.952380952380954002e-04 1.845238095238095621e-02 1.250000000000000243e-02 5.952380952380954002e-04 5.952380952380954002e-04 3.035714285714286031e-02 1.250000000000000243e-02 5.952380952380954002e-04 5.952380952380954002e-04 5.184523809523809978e-01
4.587155963302753632e-04 4.775229357798166374e-01 9.633027522935782086e-03 4.587155963302753632e-04 1.518348623853211510e-01 1.059633027522936116e-01 4.587155963302753632e-04 4.587155963302753632e-04 4.587155963302753632e-04 4.587155963302753632e-04 4.587155963302753632e-04 4.587155963302753632e-04 4.587155963302753632e-04 4.587155963302753632e-04 4.587155963302753632e-04 4.587155963302753632e-04 9.633027522935782086e-03 4.587155963302753632e-04 7.844036697247709633e-02 4.587155963302753632e-04 4.587155963302753632e-04 6.009174311926607226e-02 4.587155963302753632e-04 4.587155963302753632e-04 4.587155963302753632e-04 4.587155963302753632e-04 4.587155963302753632e-04 4.587155963302753632e-04 9.678899082568810652e-02 4.587155963302753632e-04
4.219409282700422562e-04 4.219409282700422562e-04 4.219409282700422562e-04 4.219409282700422562e-04 1.565400843881856741e-01 8.059071729957807684e-02 4.219409282700422562e-04 4.219409282700422562e-04 8.902953586497891481e-02 4.219409282700422562e-04 3.839662447257384537e-02 2.999999999999999889e-01 4.219409282700422562e-04 1.308016877637131065e-02 4.219409282700422562e-04 4.219409282700422562e-04 5.105485232067510926e-02 4.641350210970464872e-03 2.151898734177215208e-02 4.219409282700422562e-04 4.219409282700422562e-04 4.219409282700422562e-04 1.308016877637131065e-02 4.219409282700422562e-04 8.860759493670888193e-03 4.219409282700422562e-04 4.219409282700422562e-04 1.945147679324894796e-01 2.151898734177215208e-02 4.219409282700422562e-04
7.407407407407409208e-04 7.407407407407409208e-04 7.481481481481483398e-02 7.407407407407409208e-04 7.407407407407409208e-04 7.407407407407409208e-04 7.407407407407409208e-04 7.407407407407409208e-04 2.296296296296296974e-02 8.222222222222223820e-02 7.407407407407409208e-04 7.407407407407409208e-04 7.407407407407409208e-04 2.296296296296296974e-02 7.407407407407409208e-04 7.407407407407409208e-04 7.407407407407409208e-04 7.407407407407409208e-04 8.222222222222223820e-02 5.259259259259260050e-02 3.933333333333334236e-01 7.407407407407409208e-04 7.407407407407409208e-04 1.266666666666667052e-01 1.555555555555556031e-02 7.407407407407409208e-04 7.407407407407409208e-04 7.407407407407409208e-04 7.407407407407409208e-04 1.118518518518518690e-01
4.651162790697675764e-04 5.911627906976745228e-01 4.651162790697675764e-04 4.651162790697675764e-04 3.767441860465117059e-02 1.441860465116279535e-02 4.651162790697675764e-04 4.651162790697675764e-04 5.116279069767444045e-03 1.725581395348837754e-01 4.651162790697675764e-04 4.651162790697675764e-04 4.651162790697675764e-04 4.651162790697675764e-04 4.651162790697675764e-04 3.767441860465117059e-02 4.651162790697675764e-04 4.651162790697675764e-04 4.697674418604651930e-02 4.651162790697675764e-04 4.651162790697675764e-04 4.651162790697675764e-04 4.651162790697675764e-04 4.651162790697675764e-04 4.651162790697675764e-04 4.651162790697675764e-04 4.651162790697675764e-04 4.651162790697675764e-04 8.418604651162793495e-02 4.651162790697675764e-04
5.952380952380952918e-04 5.952380952380952918e-04 5.952380952380952918e-04 3.035714285714285338e-02 2.440476190476190133e-02 5.952380952380952918e-04 1.017857142857142988e-01 5.952380952380952918e-04 6.547619047619047776e-03 1.494047619047619013e-01 5.952380952380952918e-04 5.952380952380952918e-04 5.952380952380952918e-04 6.547619047619047776e-03 5.952380952380952918e-04 5.952380952380952918e-04 2.089285714285714357e-01 2.440476190476190133e-02 1.255952380952380931e-01 5.952380952380952918e-04 5.952380952380952918e-04 5.952380952380952918e-04 6.547619047619047776e-03 5.952380952380952918e-04 1.910714285714285865e-01 5.952380952380952918e-04 5.952380952380952918e-04 5.952380952380952918e-04 7.797619047619047672e-02 3.630952380952380543e-02
3.952569169960475342e-04 3.952569169960475342e-04 3.952569169960475342e-04 3.952569169960475342e-04 2.015810276679842056e-02 2.691699604743083563e-01 4.347826086956522659e-03 3.952569169960475342e-04 3.952569169960475342e-04 1.150197628458498322e-01 8.735177865612650527e-02 3.952569169960475342e-04 2.806324110671937211e-02 3.952569169960475342e-04 3.952569169960475342e-04 3.952569169960475342e-04 2.256916996047431401e-01 3.952569169960475342e-04 3.952569169960475342e-04 2.015810276679842056e-02 3.952569169960475342e-04 3.952569169960475342e-04 3.952569169960475342e-04 3.952569169960475342e-04 3.952569169960475342e-04 3.952569169960475342e-04 3.952569169960475342e-04 8.300395256916998435e-03 2.138339920948617023e-01 3.952569169960475342e-04
1.941747572815533574e-04 1.941747572815533574e-04 1.941747572815533574e-04 1.941747572815533574e-04 2.543689320388348857e-02 2.293203883495145146e-01 1.941747572815533574e-04 1.941747572815533574e-04 1.572815533980581951e-02 1.574757281553397503e-01 1.322330097087378309e-01 1.941747572815533574e-04 1.961165048543688991e-02 2.700970873786406878e-01 1.941747572815533574e-04 1.941747572815533574e-04 1.941747572815533574e-04 1.941747572815533574e-04 9.902912621359220846e-03 4.077669902912620450e-03 2.737864077669902377e-02 1.941747572815533574e-04 1.941747572815533574e-04 1.941747572815533574e-04 1.941747572815533574e-04 6.233009708737863308e-02 1.941747572815533574e-04 1.941747572815533574e-04 4.291262135922329496e-02 1.941747572815533574e-04
4.310344827586207921e-04 4.310344827586207921e-04 4.310344827586207921e-04 4.310344827586207921e-04 6.508620689655174318e-02 3.021551724137931383e-01 4.310344827586207921e-04 4.310344827586207921e-04 4.310344827586207921e-04 9.525862068965519625e-02 2.504310344827586632e-01 4.310344827586207921e-04 1.336206896551724553e-02 1.767241379310345237e-02 4.310344827586207921e-04 4.310344827586207921e-04 6.508620689655174318e-02 4.310344827586207921e-04 4.310344827586207921e-04 4.310344827586207921e-04 4.310344827586207921e-04 4.310344827586207921e-04 2.629310344827586604e-02 4.310344827586207921e-04 4.310344827586207921e-04 4.310344827586207921e-04 4.310344827586207921e-04 4.310344827586207921e-04 1.254310344827586632e-01 3.060344827586207461e-02
