4.672897196261683521e-04 4.672897196261683521e-04 5.186915887850468421e-02 1.448598130841121864e-02 4.672897196261683521e-04 9.813084112149535881e-03 4.672897196261683521e-04 9.813084112149535881e-03 4.672897196261683521e-04 4.672897196261683521e-04 1.448598130841121864e-02 4.672897196261683521e-04 5.140186915887852252e-03 4.672897196261683521e-04 4.672897196261683521e-04 4.672897196261683521e-04 4.672897196261683521e-04 2.434579439252337052e-01 6.588785046728973249e-02 2.383177570093458417e-02 1.126168224299065740e-01 8.925233644859816018e-02 3.317757009345795316e-02 4.672897196261683521e-04 1.967289719626168776e-01 4.672897196261683521e-04 1.079439252336448912e-01 1.448598130841121864e-02 4.672897196261683521e-04 4.672897196261683521e-04
2.865329512893982069e-04 6.332378223495700731e-02 8.338108882521487464e-02 2.865329512893982069e-04 2.865329512893982069e-04 2.865329512893982069e-04 3.151862464183380168e-03 2.865329512893982069e-04 2.893982808022921641e-02 1.234957020057306232e-01 2.865329512893982069e-04 2.865329512893982069e-04 2.865329512893982069e-04 2.865329512893982069e-04 4.326647564469912610e-02 2.865329512893982069e-04 2.865329512893982069e-04 4.613180515759311012e-02 1.922636103151861564e-01 2.865329512893982069e-04 1.461318051575930671e-02 8.338108882521487464e-02 1.578796561604584037e-01 2.865329512893982069e-04 7.478510028653292951e-02 2.865329512893982069e-04 2.865329512893982069e-04 3.467048710601718098e-02 4.613180515759311012e-02 2.865329512893982069e-04
1.804733727810650668e-02 2.958579881656804773e-04 3.254437869822485521e-03 2.958579881656804773e-04 1.213017751479289821e-02 2.100591715976331264e-02 2.958579881656804773e-04 3.579881656804733553e-02 1.393491124260355096e-01 2.958579881656804773e-04 1.213017751479289821e-02 2.958579881656804773e-04 2.958579881656804773e-04 2.958579881656804773e-04 2.958579881656804773e-04 2.958579881656804773e-04 1.213017751479289821e-02 1.508875739644970244e-02 3.254437869822485521e-03 5.946745562130177631e-02 2.958579881656804773e-04 2.369822485207100371e-01 2.958579881656804773e-04 2.100591715976331264e-02 6.834319526627219421e-02 2.958579881656804773e-04 3.139053254437869644e-01 2.958579881656804773e-04 2.958579881656804773e-04 2.396449704142011861e-02
3.944444444444444864e-02 5.555555555555556635e-04 5.555555555555556635e-04 5.555555555555556635e-04 5.555555555555556635e-04 1.722222222222222557e-02 5.555555555555556635e-04 5.555555555555556635e-04 3.388888888888889200e-02 5.555555555555556635e-04 5.555555555555556635e-04 5.555555555555556635e-04 2.833333333333333537e-02 1.166666666666666893e-02 5.555555555555556635e-04 3.388888888888889200e-02 5.555555555555556635e-04 1.116666666666666918e-01 5.555555555555556635e-04 2.277777777777777873e-02 2.338888888888889239e-01 6.166666666666667518e-02 2.833333333333333537e-02 1.166666666666666893e-02 3.388888888888889200e-02 5.555555555555556635e-04 5.555555555555556635e-04 3.227777777777778301e-01 5.555555555555556635e-04 5.555555555555556635e-04
4.566210045662101938e-04 4.566210045662101938e-04 4.566210045662101938e-04 3.242009132420092116e-02 5.022831050228312132e-03 4.566210045662101938e-04 5.068493150684932891e-02 4.566210045662101938e-04 5.022831050228312132e-03 1.415525114155251514e-02 3.931506849315068997e-01 4.566210045662101938e-04 4.566210045662101938e-04 4.566210045662101938e-04 9.589041095890413202e-03 4.566210045662101938e-04 9.589041095890413202e-03 4.566210045662101938e-04 5.022831050228312132e-03 4.566210045662101938e-04 4.566210045662101938e-04 3.018264840182648956e-01 6.438356164383562952e-02 5.981735159817352931e-02 4.566210045662101938e-04 4.566210045662101938e-04 4.566210045662101938e-04 3.242009132420092116e-02 4.566210045662101938e-04 9.589041095890413202e-03
3.816793893129770952e-04 4.198473282442748318e-03 3.816793893129770952e-04 3.816793893129770952e-04 3.816793893129770952e-04 3.816793893129770952e-04 3.816793893129770952e-04 3.816793893129770952e-04 3.816793893129770952e-04 3.816793893129770952e-04 9.198473282442748422e-02 3.816793893129770952e-04 3.816793893129770952e-04 3.816793893129770952e-04 4.999999999999999584e-02 8.015267175572519595e-03 2.675572519083969092e-01 3.816793893129770952e-04 4.236641221374045502e-02 3.816793893129770952e-04 3.816793893129770952e-04 2.103053435114503877e-01 3.816793893129770952e-04 3.816793893129770952e-04 1.416030534351145065e-01 3.816793893129770952e-04 1.301526717557252022e-01 2.328244274809160297e-02 2.328244274809160297e-02 3.816793893129770952e-04
2.729528535980148447e-03 2.729528535980148447e-03 2.481389578163771168e-04 1.513647642679900179e-02 2.481389578163771168e-04 1.513647642679900179e-02 2.481389578163771168e-04 5.235732009925557484e-02 2.481389578163771168e-04 2.481389578163771168e-04 9.205955334987590832e-02 2.481389578163771168e-04 2.481389578163771168e-04 5.210918114143919290e-03 2.481389578163771168e-04 6.476426799007442558e-02 2.481389578163771168e-04 1.218362282878411584e-01 2.481389578163771168e-04 1.491315136476426551e-01 2.481389578163771168e-04 1.267990074441686932e-01 2.481389578163771168e-04 2.481389578163771168e-04 2.607940446650123256e-01 8.461538461538459233e-02 2.729528535980148447e-03 2.481389578163771168e-04 2.481389578163771168e-04 2.481389578163771168e-04
4.237288135593221300e-04 4.237288135593221300e-04 4.237288135593221300e-04 4.237288135593221300e-04 4.237288135593221300e-04 4.237288135593221300e-04 4.237288135593221300e-04 1.313559322033898587e-02 4.237288135593221300e-04 4.237288135593221300e-04 4.237288135593221300e-04 3.008474576271186543e-02 8.898305084745764676e-03 3.432203389830508489e-02 4.237288135593221300e-04 4.237288135593221300e-04 4.237288135593221300e-04 2.292372881355932424e-01 4.237288135593221300e-04 4.661016949152543484e-03 4.237288135593221300e-04 2.584745762711864597e-02 4.237288135593221300e-04 4.237288135593221300e-04 6.105932203389831114e-01 8.898305084745764676e-03 4.237288135593221300e-04 4.237288135593221300e-04 2.584745762711864597e-02 4.237288135593221300e-04
4.184100418410042674e-04 4.184100418410042674e-04 1.175732217573221966e-01 1.297071129707113094e-02 4.184100418410042674e-04 4.184100418410042674e-04 1.715481171548117328e-02 4.184100418410042674e-04 4.184100418410042674e-04 1.635983263598326520e-01 1.715481171548117328e-02 4.184100418410042674e-04 4.184100418410042674e-04 4.184100418410042674e-04 4.062761506276150736e-01 4.184100418410042674e-04 4.184100418410042674e-04 4.184100418410042674e-04 4.602510460251047104e-03 3.807531380753138156e-02 4.184100418410042674e-04 9.246861924686193557e-02 7.154811715481172729e-02 4.225941422594142738e-02 8.786610878661088586e-03 4.184100418410042674e-04 4.184100418410042674e-04 4.184100418410042674e-04 4.184100418410042674e-04 4.184100418410042674e-04
5.263157894736843721e-03 4.784688995215312770e-04 1.966507177033493536e-01 5.263157894736843721e-03 3.397129186602871470e-02 4.784688995215312770e-04 4.784688995215312770e-04 2.918660287081340302e-02 4.784688995215312770e-04 4.784688995215312770e-04 4.784688995215312770e-04 4.784688995215312770e-04 4.784688995215312770e-04 4.784688995215312770e-04 3.258373205741627587e-01 4.784688995215312770e-04 4.784688995215312770e-04 8.181818181818184543e-02 1.918660287081340177e-01 4.784688995215312770e-04 4.784688995215312770e-04 4.784688995215312770e-04 4.784688995215312770e-04 4.784688995215312770e-04 6.746411483253590691e-02 5.263157894736843721e-03 2.440191387559809133e-02 1.961722488038277964e-02 5.263157894736843721e-03 4.784688995215312770e-04
2.398081534772181765e-04 2.398081534772181765e-04 2.398081534772181765e-04 2.398081534772181765e-04 2.398081534772181765e-04 2.398081534772181765e-04 2.398081534772181765e-04 1.462829736211030719e-02 3.695443645083931750e-01 7.434052757793763525e-03 3.141486810551558095e-02 2.398081534772181765e-04 4.340527577937648707e-02 2.398081534772181765e-04 2.637889688249399778e-03 1.223021582733812597e-02 9.832134292565943012e-03 2.544364508393284763e-01 2.422062350119903382e-02 2.398081534772181765e-04 2.398081534772181765e-04 1.417266187050359449e-01 1.702637889688249015e-02 1.462829736211030719e-02 2.398081534772181765e-04 2.901678657074339626e-02 1.942446043165467137e-02 5.035971223021581435e-03 2.398081534772181765e-04 2.398081534772181765e-04
2.107438016528925817e-02 4.132231404958678668e-04 4.132231404958678668e-04 4.132231404958678668e-04 4.545454545454546101e-03 4.132231404958678668e-04 3.347107438016529157e-02 4.132231404958678668e-04 4.132231404958678668e-04 2.607438016528926261e-01 4.132231404958678668e-04 4.132231404958678668e-04 4.132231404958678668e-04 4.132231404958678668e-04 4.132231404958678668e-04 1.280991735537190257e-02 4.132231404958678668e-04 4.132231404958678668e-04 1.161157024793388615e-01 2.933884297520661377e-02 1.161157024793388615e-01 3.351239669421487988e-01 4.132231404958678668e-04 4.132231404958678668e-04 6.239669421487603618e-02 4.132231404958678668e-04 4.132231404958678668e-04 4.132231404958678668e-04 4.132231404958678668e-04 4.132231404958678668e-04
4.629629629629630891e-04 4.629629629629630891e-04 3.750000000000000555e-02 9.722222222222225846e-03 4.629629629629630891e-04 4.629629629629630891e-04 5.092592592592594739e-03 1.898148148148148459e-02 4.629629629629630891e-04 4.629629629629630891e-04 6.064814814814815935e-02 9.722222222222225846e-03 4.629629629629630891e-04 4.212962962962964186e-02 2.226851851851852637e-01 4.629629629629630891e-04 1.439814814814815158e-01 4.629629629629630891e-04 1.254629629629629983e-01 4.629629629629630891e-04 4.629629629629630891e-04 1.763888888888889284e-01 4.675925925925927124e-02 1.898148148148148459e-02 4.629629629629630891e-04 4.629629629629630891e-04 4.629629629629630891e-04 4.212962962962964186e-02 4.629629629629630891e-04 3.287037037037037618e-02
6.701754385964910077e-02 3.508771929824560059e-04 3.508771929824560059e-04 3.508771929824560059e-04 5.999999999999998390e-02 3.508771929824560059e-04 3.508771929824560059e-04 3.508771929824560059e-04 3.508771929824560059e-04 2.842105263157893372e-02 6.350877192982454233e-02 3.508771929824560059e-04 3.508771929824560059e-04 7.368421052631576179e-03 1.266666666666666219e-01 3.508771929824560059e-04 5.649122807017541853e-02 3.508771929824560059e-04 6.701754385964910077e-02 6.350877192982454233e-02 3.508771929824560059e-04 7.052631578947365920e-02 2.140350877192981338e-02 3.508771929824560059e-04 1.438596491228069478e-02 2.950877192982454544e-01 3.508771929824560059e-04 3.543859649122805405e-02 1.087719298245613635e-02 7.368421052631576179e-03
3.623188405797100409e-04 3.623188405797100409e-04 3.623188405797100409e-04 3.623188405797100409e-04 7.608695652173909883e-03 4.021739130434780901e-02 3.623188405797100409e-04 3.623188405797100409e-04 5.108695652173910612e-02 1.489130434782608148e-01 3.985507246376810558e-03 3.623188405797100409e-04 3.623188405797100409e-04 3.623188405797100409e-04 1.123188405797101094e-02 3.623188405797100409e-04 3.623188405797100409e-04 7.608695652173909883e-03 6.557971014492751383e-02 9.818840579710141903e-02 1.706521739130434090e-01 2.612318840579708756e-01 3.623188405797100409e-04 3.623188405797100409e-04 1.271739130434782206e-01 3.623188405797100409e-04 3.623188405797100409e-04 3.623188405797100409e-04 3.623188405797100409e-04 3.623188405797100409e-04
3.546099290780142083e-04 3.546099290780142083e-04 3.546099290780142083e-04 3.546099290780142083e-04 3.900709219858156454e-03 3.546099290780142083e-04 3.900709219858156454e-03 7.446808510638298212e-03 3.546099290780142083e-04 3.546099290780142083e-04 3.546099290780142083e-04 3.546099290780142083e-04 3.900709219858156454e-03 3.900709219858156454e-03 3.546099290780142083e-04 3.546099290780142083e-04 2.872340425531914876e-02 6.773049645390070983e-02 7.482269503546100375e-02 8.900709219858156385e-02 6.063829787234042978e-02 4.645390070921985581e-02 4.645390070921985581e-02 3.546099290780142083e-04 2.308510638297872064e-01 3.546099290780142083e-04 2.872340425531914876e-02 2.769503546099290614e-01 1.099290780141843997e-02 1.099290780141843997e-02
4.424778761061948468e-04 4.424778761061948468e-04 4.424778761061948468e-04 4.424778761061948468e-04 4.424778761061948468e-04 4.424778761061948468e-04 4.424778761061948468e-04 4.424778761061948468e-04 4.207964601769912383e-01 4.424778761061948468e-04 4.424778761061948468e-04 4.424778761061948468e-04 4.424778761061948468e-04 4.424778761061948468e-04 4.424778761061948468e-04 4.424778761061948468e-04 4.424778761061948468e-04 9.778761061946905642e-02 2.256637168141593236e-02 4.424778761061948468e-04 9.292035398230091836e-03 2.836283185840708376e-01 4.424778761061948468e-04 3.141592920353982604e-02 7.566371681415931527e-02 2.699115044247788267e-02 4.424778761061948468e-04 2.256637168141593236e-02 4.424778761061948468e-04 4.424778761061948468e-04
4.098360655737704914e-04 4.549180327868852097e-02 4.098360655737704914e-04 4.098360655737704914e-04 4.098360655737704914e-04 1.680327868852458939e-02 4.098360655737704914e-04 4.098360655737704914e-04 4.098360655737704914e-04 4.098360655737704914e-04 4.508196721311475731e-03 2.499999999999999792e-02 1.684426229508196871e-01 9.467213114754098602e-02 1.397540983606557485e-01 4.098360655737704914e-04 6.598360655737706137e-02 4.098360655737704914e-04 4.098360655737704914e-04 4.098360655737704914e-04 4.508196721311475731e-03 4.098360655737704914e-04 2.012295081967213073e-01 4.098360655737704914e-04 7.418032786885246643e-02 4.098360655737704914e-04 1.270491803278688513e-02 4.098360655737704914e-04 4.098360655737704914e-04 1.397540983606557485e-01
3.663003663003663000e-04 3.663003663003663000e-04 3.663003663003663000e-04 3.663003663003663000e-04 3.663003663003663000e-04 3.663003663003663000e-04 3.663003663003663000e-04 3.663003663003663000e-04 3.333333333333333287e-02 3.446886446886446853e-01 7.692307692307692735e-03 3.663003663003663000e-04 3.663003663003663000e-04 3.663003663003663000e-04 3.663003663003663000e-04 3.663003663003663000e-04 3.663003663003663000e-04 5.164835164835164527e-02 3.663003663003663000e-04 3.663003663003663000e-04 6.630036630036630074e-02 1.501831501831501700e-02 3.663003663003663000e-04 4.065934065934066061e-02 3.699633699633699674e-02 2.970695970695970689e-01 2.967032967032966900e-02 6.996336996336996461e-02 3.663003663003663000e-04 3.663003663003663000e-04
7.541666666666668739e-02 4.166666666666667476e-04 1.708333333333333232e-02 4.166666666666667476e-04 4.166666666666667476e-04 1.708333333333333232e-02 4.625000000000000638e-02 8.750000000000000833e-03 4.166666666666667476e-04 9.625000000000001610e-02 1.708333333333333232e-02 4.166666666666667476e-04 4.166666666666667476e-04 4.583333333333334224e-03 4.166666666666667476e-04 4.166666666666667476e-04 4.166666666666667476e-04 1.879166666666667040e-01 4.166666666666667476e-04 4.166666666666667476e-04 5.875000000000000361e-02 5.041666666666667213e-02 4.166666666666667476e-04 4.166666666666667476e-04 1.879166666666667040e-01 9.208333333333335036e-02 4.583333333333334224e-03 9.208333333333335036e-02 4.166666666666667476e-04 3.791666666666666796e-02
4.761904761904761901e-04 4.761904761904761901e-04 4.761904761904761901e-04 4.761904761904761901e-04 4.761904761904761901e-04 4.761904761904761901e-04 4.761904761904761901e-04 2.957142857142857073e-01 2.428571428571428548e-02 4.761904761904761901e-04 4.761904761904761901e-04 4.761904761904761901e-04 7.666666666666667462e-02 3.380952380952381015e-02 4.761904761904761901e-04 4.761904761904761901e-04 5.761904761904761835e-02 1.623809523809523758e-01 4.761904761904761901e-04 4.761904761904761901e-04 7.666666666666667462e-02 6.714285714285714302e-02 5.761904761904761835e-02 4.761904761904761901e-04 3.380952380952381015e-02 4.761904761904761901e-04 4.809523809523809368e-02 4.761904761904761901e-04 4.761904761904761901e-04 5.761904761904761835e-02
2.808988764044942983e-04 2.808988764044942983e-04 3.679775280898875400e-02 2.808988764044942983e-04 2.808988764044942983e-04 2.808988764044942983e-04 5.898876404494380644e-03 1.151685393258426553e-02 2.556179775280897903e-02 2.808988764044942983e-04 2.783707865168538187e-01 2.808988764044942983e-04 3.398876404494381026e-02 2.808988764044942983e-04 2.808988764044942983e-04 2.556179775280897903e-02 2.808988764044942983e-04 8.735955056179772749e-02 9.859550561797750245e-02 2.837078651685392278e-02 2.808988764044942983e-04 7.612359550561795252e-02 2.808988764044942983e-04 2.808988764044942983e-04 5.084269662921347271e-02 1.151685393258426553e-02 2.808988764044942983e-04 1.884831460674156467e-01 3.679775280898875400e-02 2.808988764044942983e-04
3.521126760563380470e-04 7.394366197183099149e-03 4.260563380281690016e-02 3.521126760563380470e-04 3.521126760563380470e-04 3.521126760563380470e-04 7.077464788732394652e-02 2.503521126760563376e-01 3.521126760563380470e-04 3.908450704225351763e-02 3.521126760563380470e-04 3.521126760563380470e-04 7.394366197183099149e-03 3.521126760563380470e-04 3.521126760563380470e-04 3.521126760563380470e-04 1.588028169014084612e-01 3.521126760563380470e-04 7.394366197183099149e-03 4.612676056338028269e-02 3.521126760563380470e-04 1.795774647887323980e-02 1.130281690140845091e-01 3.521126760563380470e-04 4.260563380281690016e-02 3.521126760563380470e-04 3.521126760563380470e-04 9.894366197183099287e-02 3.521126760563380470e-04 9.190140845070422781e-02
2.906976744186045929e-04 2.906976744186045929e-04 1.773255813953487567e-02 2.906976744186045929e-04 6.104651162790695855e-03 2.906976744186045929e-04 7.296511627906974995e-02 9.622093023255810784e-02 2.906976744186045929e-04 2.906976744186045929e-04 2.906976744186045929e-04 2.906976744186045929e-04 2.906976744186045929e-04 2.906976744186045929e-04 9.011627906976741459e-03 2.906976744186045929e-04 2.906976744186045929e-04 1.281976744186046069e-01 5.843023255813951933e-02 7.005813953488369827e-02 2.299418604651161935e-01 8.749999999999998057e-02 2.906976744186045929e-04 3.197674418604650251e-03 1.049418604651162490e-01 2.906976744186045929e-04 2.906976744186045929e-04 7.005813953488369827e-02 2.906976744186045929e-04 4.098837209302324397e-02
2.745762711864405473e-02 3.389830508474575414e-04 1.596610169491524955e-01 3.389830508474575414e-04 3.389830508474575414e-04 3.389830508474575414e-04 3.389830508474575414e-04 3.389830508474575414e-04 3.389830508474575414e-04 1.461016949152541822e-01 3.389830508474575414e-04 3.389830508474575414e-04 3.389830508474575414e-04 3.389830508474575414e-04 2.274576271186439513e-01 7.118644067796608098e-03 3.389830508474575414e-04 3.084745762711862960e-02 1.189830508474575832e-01 3.762711864406777934e-02 3.389830508474575414e-04 3.389830508474575414e-04 3.389830508474575414e-04 3.389830508474575414e-04 2.206779661016948224e-01 3.389830508474575414e-04 3.389830508474575414e-04 1.389830508474575697e-02 3.728813559322032792e-03 3.389830508474575414e-04
2.709030100334447119e-02 3.344481605351169316e-04 3.678929765886286736e-03 3.344481605351169316e-04 3.344481605351169316e-04 3.344481605351169316e-04 1.371237458193979263e-02 3.344481605351169316e-04 3.344481605351169316e-04 3.344481605351169316e-04 3.344481605351169316e-04 7.023411371237455944e-03 1.508361204013377310e-01 3.344481605351169316e-04 3.344481605351169316e-04 3.344481605351169316e-04 3.344481605351169316e-04 3.046822742474915025e-01 3.344481605351169316e-04 7.391304347826084531e-02 1.341137123745818893e-01 1.374581939799330577e-01 3.344481605351169316e-04 3.344481605351169316e-04 3.344481605351169316e-04 3.678929765886286736e-03 3.344481605351169316e-04 1.341137123745818893e-01 3.344481605351169316e-04 3.678929765886286736e-03
3.257328990228012091e-04 3.257328990228012091e-04 3.257328990228012091e-04 3.257328990228012091e-04 3.257328990228012091e-04 3.583061889250813408e-03 3.941368078175894185e-02 3.257328990228012091e-04 3.257328990228012091e-04 3.257328990228012091e-04 1.661237785016285787e-02 3.257328990228012091e-04 1.892508143322474967e-01 3.257328990228012091e-04 3.257328990228012091e-04 3.257328990228012091e-04 3.257328990228012091e-04 2.381107491856676583e-01 6.547231270358304378e-02 7.850162866449508781e-02 1.762214983713354388e-01 5.895765472312702177e-02 3.257328990228012091e-04 3.257328990228012091e-04 8.175895765472310228e-02 1.986970684039087234e-02 3.257328990228012091e-04 2.312703583061888335e-02 3.583061889250813408e-03 3.257328990228012091e-04
1.838235294117646762e-04 1.838235294117646762e-04 1.838235294117646762e-04 1.838235294117646762e-04 1.838235294117646762e-04 1.838235294117646762e-04 4.062499999999999445e-02 9.374999999999997918e-03 2.097426470588234781e-01 1.838235294117646762e-04 1.251838235294117363e-01 1.838235294117646762e-04 3.860294117647058119e-03 2.022058823529411520e-03 1.305147058823529112e-02 1.838235294117646762e-04 1.838235294117646762e-04 1.012867647058823400e-01 1.838235294117646762e-04 1.838235294117646762e-04 1.856617647058823178e-02 1.968749999999999389e-01 2.959558823529411312e-02 1.838235294117646762e-04 1.325367647058823262e-01 3.860294117647058119e-03 1.856617647058823178e-02 9.209558823529409577e-02 1.838235294117646762e-04 1.838235294117646762e-04
4.424778761061948468e-04 9.292035398230091836e-03 6.681415929203540771e-02 4.424778761061948468e-04 1.371681415929203868e-02 4.424778761061948468e-04 1.022123893805310102e-01 4.424778761061948468e-04 2.699115044247788267e-02 1.199115044247787976e-01 4.424778761061948468e-04 4.424778761061948468e-04 4.867256637168143260e-03 4.424778761061948468e-04 1.022123893805310102e-01 4.424778761061948468e-04 9.292035398230091836e-03 1.814159292035398552e-02 7.566371681415931527e-02 4.867256637168143260e-03 4.424778761061948468e-04 3.584070796460177982e-02 4.424778761061948468e-04 7.123893805309737537e-02 4.424778761061948468e-04 3.323008849557522737e-01 4.424778761061948468e-04 4.424778761061948468e-04 4.424778761061948468e-04 4.424778761061948468e-04
6.289308176100629703e-04 6.289308176100629703e-04 2.578616352201257636e-02 6.289308176100629703e-04 6.289308176100629703e-04 6.289308176100629703e-04 9.496855345911948965e-02 6.289308176100629703e-04 6.289308176100629703e-04 5.723270440251572444e-02 6.289308176100629703e-04 6.289308176100629703e-04 2.836477987421383573e-01 6.289308176100629703e-04 1.012578616352201311e-01 6.289308176100629703e-04 6.289308176100629703e-04 1.264150943396226412e-01 1.320754716981132129e-02 3.836477987421383490e-02 1.578616352201258066e-01 6.289308176100629703e-04 6.289308176100629703e-04 6.289308176100629703e-04 7.610062893081760704e-02 1.320754716981132129e-02 6.289308176100629703e-04 6.289308176100629703e-04 6.289308176100629703e-04 6.289308176100629703e-04
4.761904761904763527e-04 3.857142857142858289e-02 2.004761904761905300e-01 4.761904761904763527e-04 4.761904761904763527e-04 1.952380952380952661e-02 4.761904761904763527e-04 5.285714285714286642e-02 4.761904761904763527e-04 4.761904761904763527e-04 4.761904761904763527e-04 4.761904761904763527e-04 8.142857142857146124e-02 4.761904761904763527e-04 3.290476190476190888e-01 3.857142857142858289e-02 6.238095238095239803e-02 4.761904761904763527e-04 4.761904761904763527e-04 4.761904761904763527e-04 1.952380952380952661e-02 4.761904761904763527e-04 8.142857142857146124e-02 3.857142857142858289e-02 1.000000000000000368e-02 4.761904761904763527e-04 1.952380952380952661e-02 4.761904761904763527e-04 4.761904761904763527e-04 4.761904761904763527e-04
3.448275862068965253e-04 3.793103448275861669e-03 1.589655172413792783e-01 3.793103448275861669e-03 3.448275862068965253e-04 3.448275862068965253e-04 2.448275862068964928e-02 3.448275862068965253e-04 3.448275862068965253e-04 2.244827586206895875e-01 1.758620689655171834e-02 1.068965517241379087e-02 3.448275862068965253e-04 3.448275862068965253e-04 2.831034482758619797e-01 3.448275862068965253e-04 3.448275862068965253e-04 3.448275862068965253e-04 1.068965517241379087e-02 3.448275862068965253e-04 4.862068965517240410e-02 3.448275862068965253e-04 3.448275862068965253e-04 2.103448275862068381e-02 2.103448275862068381e-02 1.555172413793103059e-01 3.448275862068965253e-04 1.068965517241379087e-02 3.448275862068965253e-04 3.448275862068965253e-04
4.098360655737704914e-04 4.098360655737704914e-04 1.520491803278688492e-01 4.098360655737704914e-04 4.508196721311475731e-03 4.098360655737704914e-04 1.270491803278688513e-02 8.606557377049180863e-03 7.008196721311475696e-02 1.479508196721311397e-01 4.098360655737704914e-04 1.270491803278688513e-02 1.270491803278688513e-02 4.098360655737704914e-04 4.098360655737704914e-04 1.438524590163934580e-01 4.098360655737704914e-04 1.356557377049180391e-01 4.098360655737704914e-04 4.098360655737704914e-04 4.098360655737704914e-04 8.237704918032787149e-02 1.680327868852458939e-02 4.098360655737704914e-04 9.057377049180329043e-02 5.778688524590163550e-02 4.098360655737704914e-04 4.549180327868852097e-02 4.098360655737704914e-04 4.098360655737704914e-04
4.716981132075471735e-04 9.952830188679245849e-02 8.066037735849057588e-02 4.716981132075471735e-04 8.066037735849057588e-02 4.716981132075471735e-04 4.716981132075471735e-04 4.716981132075471735e-04 4.716981132075471735e-04 4.716981132075471735e-04 4.716981132075471735e-04 2.834905660377358694e-01 4.716981132075471735e-04 4.716981132075471735e-04 4.716981132075471735e-04 4.716981132075471735e-04 1.938679245283018993e-01 3.349056603773584856e-02 4.716981132075471735e-04 4.716981132075471735e-04 4.716981132075471735e-04 4.716981132075471735e-04 9.905660377358491836e-03 4.716981132075471735e-04 5.707547169811320875e-02 4.716981132075471735e-04 4.716981132075471735e-04 4.716981132075471735e-04 4.716981132075471735e-04 1.514150943396226356e-01
4.182509505703422767e-03 3.802281368821293079e-04 8.783269961977187290e-02 7.984790874524715087e-03 3.802281368821293079e-04 3.802281368821293079e-04 7.984790874524715087e-03 1.558935361216729973e-02 3.802281368821293079e-04 6.882129277566539916e-02 3.802281368821293079e-04 3.802281368821293079e-04 3.802281368821293079e-04 4.182509505703422767e-03 1.144486692015209139e-01 3.802281368821293079e-04 3.840304182509505365e-02 3.802281368821293079e-04 3.802281368821293079e-04 3.802281368821293079e-04 1.558935361216729973e-02 3.802281368821293079e-04 5.361216730038022987e-02 3.802281368821293079e-04 5.361216730038022987e-02 4.566539923954372471e-01 3.802281368821293079e-04 1.558935361216729973e-02 3.802281368821293079e-04 4.980988593155893235e-02
3.717472118959106657e-04 3.717472118959106657e-04 8.215613382899625283e-02 3.717472118959106657e-04 3.717472118959106657e-04 3.717472118959106657e-04 3.754646840148697512e-02 3.717472118959106657e-04 3.717472118959106657e-04 1.267657992565055236e-01 3.717472118959106657e-04 3.717472118959106657e-04 4.126394052044608102e-02 3.717472118959106657e-04 1.152416356877323037e-02 3.717472118959106657e-04 3.717472118959106657e-04 8.215613382899625283e-02 1.524163568773233453e-02 4.126394052044608102e-02 3.717472118959106657e-04 1.152416356877323037e-02 3.717472118959106657e-04 3.717472118959106657e-04 3.717472118959106657e-04 5.356877323420071724e-01 3.717472118959106657e-04 3.717472118959106657e-04 7.806691449814123600e-03 3.717472118959106657e-04
5.050505050505051585e-04 5.050505050505051585e-04 1.823232323232323593e-01 5.050505050505051585e-04 5.050505050505051585e-04 5.050505050505051585e-04 5.050505050505051585e-04 5.050505050505051585e-04 5.050505050505051585e-04 1.520202020202020554e-01 5.050505050505051585e-04 5.050505050505051585e-04 5.050505050505051585e-04 5.555555555555556635e-03 2.378787878787879118e-01 2.575757575757576037e-02 5.050505050505051585e-04 1.116161616161616410e-01 7.626262626262626798e-02 5.050505050505051585e-04 5.050505050505051585e-04 3.080808080808081217e-02 4.090909090909091578e-02 5.555555555555556635e-03 6.111111111111111605e-02 5.555555555555556635e-03 5.050505050505051585e-04 4.595959595959596411e-02 1.060606060606060844e-02 5.050505050505051585e-04
3.416149068322980355e-03 6.521739130434780519e-03 7.484472049689439022e-02 1.273291925465837998e-02 3.105590062111800273e-04 3.105590062111800273e-04 3.105590062111800273e-04 3.105590062111800273e-04 3.105590062111800273e-04 4.378881987577638163e-02 3.136645962732918097e-02 3.105590062111800273e-04 1.059006211180123919e-01 3.105590062111800273e-04 3.105590062111800273e-04 3.105590062111800273e-04 3.105590062111800273e-04 2.487577639751551717e-01 6.552795031055898278e-02 1.583850931677018015e-02 1.400621118012422006e-01 3.105590062111800273e-04 3.105590062111800273e-04 3.105590062111800273e-04 2.363354037267079710e-01 3.105590062111800273e-04 3.105590062111800273e-04 3.105590062111800273e-04 3.105590062111800273e-04 9.627329192546581552e-03
3.816793893129770952e-04 3.816793893129770952e-04 1.946564885496182909e-02 4.618320610687022543e-02 3.816793893129770952e-04 8.015267175572519595e-03 3.816793893129770952e-04 1.187022900763358840e-01 7.290076335877862523e-02 3.816793893129770952e-04 1.683206106870228924e-01 9.961832061068702504e-02 1.454198473282442838e-01 3.816793893129770952e-04 3.816793893129770952e-04 3.816793893129770952e-04 8.435114503816794340e-02 4.236641221374045502e-02 3.816793893129770952e-04 3.816793893129770952e-04 1.183206106870229000e-02 4.198473282442748318e-03 2.328244274809160297e-02 3.816793893129770952e-04 3.816793893129770952e-04 3.816793893129770952e-04 3.816793893129770952e-04 9.961832061068702504e-02 8.015267175572519595e-03 4.236641221374045502e-02
3.134796238244513225e-04 3.134796238244513225e-04 3.134796238244513225e-04 3.134796238244513225e-04 3.134796238244513225e-04 3.134796238244513225e-04 3.448275862068964602e-03 3.134796238244513225e-04 2.605015673981190272e-01 6.927899686520373745e-02 4.733542319749214217e-02 3.134796238244513225e-04 3.134796238244513225e-04 3.134796238244513225e-04 4.106583072100311593e-02 2.225705329153604070e-02 3.134796238244513225e-04 3.134796238244513225e-04 3.134796238244513225e-04 4.106583072100311593e-02 3.134796238244513225e-04 2.730407523510970380e-01 3.134796238244513225e-04 1.912225705329152758e-02 1.006269592476488756e-01 4.733542319749214217e-02 2.852664576802506693e-02 4.106583072100311593e-02 3.134796238244513225e-04 3.134796238244513225e-04
5.000000000000000104e-04 5.000000000000000104e-04 5.000000000000000104e-04 5.000000000000000104e-04 5.000000000000000104e-04 5.500000000000000548e-03 5.000000000000000104e-04 4.050000000000000128e-02 5.000000000000000104e-04 5.000000000000000104e-04 3.155000000000000027e-01 2.549999999999999836e-02 1.005000000000000060e-01 5.500000000000000548e-03 5.000000000000000104e-04 5.000000000000000104e-04 1.905000000000000027e-01 1.205000000000000099e-01 5.000000000000000104e-04 5.000000000000000104e-04 5.000000000000000104e-04 5.500000000000000548e-03 5.000000000000000104e-04 5.000000000000000104e-04 5.000000000000000104e-04 5.500000000000000548e-03 5.000000000000000104e-04 1.105000000000000010e-01 5.000000000000000104e-04 6.550000000000000266e-02
4.424778761061948468e-04 4.424778761061948468e-04 5.353982300884956719e-02 4.424778761061948468e-04 4.424778761061948468e-04 2.699115044247788267e-02 4.424778761061948468e-04 4.424778761061948468e-04 4.424778761061948468e-04 6.681415929203540771e-02 4.867256637168143260e-03 4.026548672566372666e-02 4.026548672566372666e-02 4.424778761061948468e-04 2.261061946902655495e-01 4.424778761061948468e-04 2.256637168141593236e-02 4.026548672566372666e-02 2.438053097345133369e-01 4.424778761061948468e-04 2.039823008849558084e-01 4.424778761061948468e-04 4.424778761061948468e-04 4.867256637168143260e-03 4.424778761061948468e-04 1.814159292035398552e-02 4.424778761061948468e-04 4.424778761061948468e-04 4.424778761061948468e-04 4.424778761061948468e-04
3.717472118959108283e-04 3.717472118959108283e-04 1.490706319702602145e-01 3.717472118959108283e-04 1.152416356877323383e-02 3.717472118959108283e-04 3.717472118959108283e-04 4.089219330855018569e-03 3.717472118959108283e-04 3.717472118959108283e-04 3.717472118959108283e-04 3.717472118959108283e-04 3.717472118959108283e-04 3.717472118959108283e-04 3.498141263940520163e-01 3.717472118959108283e-04 3.754646840148698900e-02 1.895910780669144910e-02 2.420074349442379036e-01 1.895910780669144910e-02 3.717472118959108283e-04 3.754646840148698900e-02 3.717472118959108283e-04 3.717472118959108283e-04 3.717472118959108283e-04 3.717472118959108283e-04 5.241635687732341953e-02 4.126394052044609490e-02 3.011152416356877026e-02 3.717472118959108283e-04
2.808988764044942983e-04 2.808988764044942983e-04 2.808988764044942983e-04 2.808988764044942983e-04 2.808988764044942983e-04 2.808988764044942983e-04 2.808988764044942983e-04 2.808988764044942983e-04 3.398876404494381026e-02 5.926966292134829700e-02 2.808988764044942983e-04 2.808988764044942983e-04 2.808988764044942983e-04 2.808988764044942983e-04 5.898876404494380644e-03 2.808988764044942983e-04 2.808988764044942983e-04 2.334269662921347466e-01 2.808988764044942983e-04 2.643258426966291208e-01 2.808988764044942983e-04 2.808988764044942983e-04 2.808988764044942983e-04 2.808988764044942983e-04 1.660112359550561245e-01 2.278089887640448452e-01 3.089887640449437336e-03 2.808988764044942983e-04 2.808988764044942983e-04 2.808988764044942983e-04
4.291845493562232612e-04 4.291845493562232612e-04 4.291845493562232612e-04 7.768240343347640464e-02 4.291845493562232612e-04 4.291845493562232612e-04 4.291845493562232612e-04 3.137339055793991749e-01 1.759656652360514981e-02 4.291845493562232612e-04 6.480686695278971288e-02 1.330472103004291980e-02 9.012875536480688052e-03 4.291845493562232612e-04 4.291845493562232612e-04 4.291845493562232612e-04 6.909871244635194809e-02 1.721030042918455238e-01 4.291845493562232612e-04 4.291845493562232612e-04 2.188841201716738155e-02 1.206008583690987290e-01 3.047210300429184851e-02 4.291845493562232612e-04 4.291845493562232612e-04 4.291845493562232612e-04 4.291845493562232612e-04 7.339055793991418331e-02 4.291845493562232612e-04 9.012875536480688052e-03
4.329004329004330085e-04 1.774891774891775020e-02 4.329004329004330085e-04 4.761904761904763202e-03 4.329004329004330085e-04 1.341991341991342380e-02 4.329004329004330085e-04 4.805194805194806101e-02 3.597402597402598046e-01 5.670995670995672422e-02 4.761904761904763202e-03 4.329004329004330085e-04 4.329004329004330085e-04 4.329004329004330085e-04 4.761904761904763202e-03 1.341991341991342380e-02 4.329004329004330085e-04 4.329004329004330085e-04 2.640692640692641341e-02 4.329004329004330085e-04 4.329004329004330085e-04 2.601731601731602228e-01 1.043290043290043545e-01 4.329004329004330085e-04 4.761904761904763202e-03 5.238095238095238915e-02 4.329004329004330085e-04 1.341991341991342380e-02 9.090909090909093937e-03 4.329004329004330085e-04
2.722371967654985472e-02 2.695417789757411568e-04 5.956873315363880178e-02 2.964959568733153104e-03 2.695417789757411568e-04 2.695417789757411568e-04 1.644204851752020802e-02 5.687331536388139097e-02 1.644204851752020802e-02 3.261455525606467981e-02 6.765498652291103421e-02 2.695417789757411568e-04 2.695417789757411568e-04 2.695417789757411568e-04 2.695417789757411568e-04 2.695417789757411568e-04 2.695417789757411568e-04 1.727762803234500766e-01 2.024258760107816024e-01 2.695417789757411568e-04 1.374663072776279721e-02 8.382749326145549906e-02 2.183288409703503311e-02 2.695417789757411568e-04 8.355795148247975590e-03 3.261455525606467981e-02 1.913746630727762230e-02 1.619946091644204333e-01 2.695417789757411568e-04 2.695417789757411568e-04
8.072916666666664007e-03 2.369791666666665533e-02 8.098958333333329540e-02 2.604166666666665546e-04 2.604166666666665546e-04 2.604166666666665546e-04 3.932291666666664492e-02 2.604166666666665546e-04 2.604166666666665546e-04 1.513020833333332815e-01 5.234374999999998057e-02 2.604166666666665546e-04 7.057291666666663799e-02 2.604166666666665546e-04 9.401041666666662411e-02 2.604166666666665546e-04 3.671874999999998057e-02 6.276041666666663799e-02 2.604166666666665546e-04 1.122395833333332815e-01 2.604166666666665546e-04 6.276041666666663799e-02 2.604166666666665546e-04 1.328124999999999271e-02 2.604166666666665546e-04 1.591145833333332538e-01 5.468749999999997918e-03 2.369791666666665533e-02 2.604166666666665546e-04 2.604166666666665546e-04
3.717472118959106657e-04 4.089219330855016835e-03 3.717472118959106657e-04 3.717472118959106657e-04 4.869888475836429281e-02 4.089219330855016835e-03 3.717472118959106657e-04 3.717472118959106657e-04 3.717472118959106657e-04 3.717472118959106657e-04 3.717472118959106657e-04 3.717472118959106657e-04 3.382899628252786228e-02 3.717472118959106657e-04 3.717472118959106657e-04 3.717472118959106657e-04 3.717472118959106657e-04 2.122676579925649731e-01 3.717472118959106657e-04 2.122676579925649731e-01 1.118959107806691000e-01 3.717472118959106657e-04 3.717472118959106657e-04 3.717472118959106657e-04 1.267657992565055236e-01 2.382899628252787005e-01 3.717472118959106657e-04 3.717472118959106657e-04 3.717472118959106657e-04 3.717472118959106657e-04
1.952631578947369162e-01 5.263157894736844155e-04 1.631578947368421753e-02 1.105263157894737294e-02 5.263157894736844155e-04 2.684210526315789977e-02 5.263157894736844155e-04 5.263157894736844155e-04 5.263157894736844155e-04 5.315789473684211924e-02 5.789473684210528354e-03 5.263157894736844155e-04 1.005263157894737275e-01 5.263157894736844155e-04 5.263157894736844155e-04 3.736842105263158548e-02 5.263157894736844155e-04 3.057894736842106109e-01 5.263157894736844155e-04 5.263157894736844155e-04 2.684210526315789977e-02 2.684210526315789977e-02 5.263157894736844155e-04 5.263157894736844155e-04 1.426315789473684703e-01 4.263157894736843007e-02 5.263157894736844155e-04 5.263157894736844155e-04 5.263157894736844155e-04 5.263157894736844155e-04
2.865329512893982069e-04 2.865329512893982069e-04 9.770773638968478780e-02 2.865329512893982069e-04 4.899713467048709414e-02 4.040114613180514208e-02 2.865329512893982069e-04 2.865329512893982069e-04 2.865329512893982069e-04 3.154727793696273652e-01 2.865329512893982069e-04 8.882521489971343873e-03 2.865329512893982069e-04 2.865329512893982069e-04 1.120343839541547010e-01 2.865329512893982069e-04 2.865329512893982069e-04 2.865329512893982069e-04 2.865329512893982069e-04 2.865329512893982069e-04 2.320916905444125183e-02 2.865329512893982069e-04 2.865329512893982069e-04 2.865329512893982069e-04 2.323782234957019188e-01 2.893982808022921641e-02 2.865329512893982069e-04 2.865329512893982069e-04 2.865329512893982069e-04 8.624641833810885172e-02
1.601562500000000208e-02 3.906250000000000759e-04 1.761718750000000333e-01 1.210937500000000208e-02 3.906250000000000759e-04 3.906250000000000759e-04 3.906250000000000759e-04 3.906250000000000759e-04 3.906250000000000759e-04 2.035156250000000333e-01 3.906250000000000759e-04 3.906250000000000759e-04 3.906250000000000759e-04 3.906250000000000759e-04 1.800781250000000333e-01 3.906250000000000759e-04 4.726562500000000555e-02 1.992187500000000208e-02 1.058593750000000194e-01 4.296875000000001214e-03 1.175781250000000194e-01 2.382812500000000208e-02 5.507812500000000555e-02 3.164062500000000555e-02 3.906250000000000759e-04 3.906250000000000759e-04 3.906250000000000759e-04 3.906250000000000759e-04 3.906250000000000759e-04 3.906250000000000759e-04
4.149377593360996288e-04 4.564315352697095700e-03 2.078838174273859030e-01 8.713692946058091554e-03 4.149377593360996288e-04 4.149377593360996288e-04 4.149377593360996288e-04 4.149377593360996288e-04 4.149377593360996288e-04 2.037344398340248941e-01 4.149377593360996288e-04 5.850622406639004180e-02 4.605809128630704991e-02 8.713692946058091554e-03 4.149377593360996288e-04 4.149377593360996288e-04 4.149377593360996288e-04 3.775933609958505993e-02 4.149377593360996288e-04 4.149377593360996288e-04 6.680497925311204566e-02 1.539419087136929543e-01 4.149377593360996288e-04 4.149377593360996288e-04 1.954356846473029041e-01 4.149377593360996288e-04 4.149377593360996288e-04 4.149377593360996288e-04 4.149377593360996288e-04 4.149377593360996288e-04
