1.846511627906976261e-01 6.682170542635658406e-02 6.356589147286820056e-03 1.550387596899224622e-04 1.705426356589147220e-03 1.550387596899224622e-04 1.550387596899224622e-04 4.806201550387596139e-03 1.102325581395348503e-01 1.550387596899224622e-04 1.550387596899224622e-04 5.131782945736433621e-02 1.550387596899224622e-04 1.565891472868216616e-02 1.550387596899224622e-04 1.550387596899224622e-04 1.550387596899224622e-04 1.550387596899224622e-04 1.550387596899224622e-04 7.612403100775193276e-02 1.550387596899224622e-04 2.482170542635658284e-01 1.550387596899224622e-04 3.891472868217053793e-02 1.550387596899224622e-04 1.908527131782945252e-01 1.550387596899224622e-04 1.550387596899224622e-04 1.705426356589147220e-03 1.550387596899224622e-04
9.565637065637067060e-02 1.554054054054054487e-02 9.652509652509655175e-05 2.027027027027027573e-03 1.101351351351351482e-01 2.905405405405406261e-02 1.255791505791505891e-01 9.652509652509655175e-05 9.652509652509655175e-05 1.061776061776062083e-03 9.652509652509655175e-05 4.546332046332047377e-02 2.422779922779923559e-02 7.635135135135136253e-02 5.608108108108109807e-02 9.652509652509655175e-05 9.652509652509655175e-05 9.652509652509655175e-05 9.652509652509655175e-05 9.652509652509655175e-05 2.819498069498070358e-01 9.652509652509655175e-05 9.652509652509655175e-05 9.652509652509655175e-05 9.652509652509655175e-05 1.843629343629344178e-02 1.168918918918919053e-01 9.652509652509655175e-05 9.652509652509655175e-05 9.652509652509655175e-05
9.049295774647886370e-02 1.185446009389671401e-02 1.291079812206572929e-03 2.711267605633803021e-02 1.057511737089201764e-01 2.593896713615023719e-02 1.173708920187793535e-04 1.889671361502347560e-02 1.173708920187793535e-04 2.630281690140844897e-01 1.609154929577464588e-01 4.237089201877934641e-02 1.173708920187793535e-04 1.173708920187793535e-04 1.339201877934272367e-01 1.173708920187793535e-04 1.173708920187793535e-04 1.173708920187793535e-04 1.173708920187793535e-04 3.532863849765258135e-02 1.173708920187793535e-04 1.173708920187793535e-04 4.354460093896713596e-02 2.946009389671361625e-02 1.173708920187793535e-04 4.812206572769952423e-03 1.173708920187793535e-04 1.173708920187793535e-04 3.638497652582159837e-03 1.173708920187793535e-04
6.480938416422285520e-02 2.932551319648093297e-04 6.158357771260994894e-03 1.469208211143694653e-01 2.932551319648093297e-04 9.706744868035187268e-02 2.932551319648093297e-04 2.932551319648093297e-04 2.932551319648093297e-04 2.932551319648093297e-04 2.375366568914955012e-02 1.997067448680351076e-01 2.932551319648093297e-04 2.583577712609969601e-01 1.410557184750732829e-01 2.932551319648093297e-04 2.932551319648093297e-04 2.932551319648093297e-04 2.932551319648093297e-04 4.721407624633430083e-02 2.932551319648093297e-04 2.932551319648093297e-04 3.225806451612902356e-03 2.932551319648093297e-04 2.932551319648093297e-04 3.225806451612902356e-03 3.225806451612902356e-03 2.932551319648093297e-04 2.932551319648093297e-04 2.932551319648093297e-04
3.278688524590162847e-04 3.278688524590162847e-04 3.278688524590162847e-04 3.278688524590162847e-04 3.278688524590162847e-04 4.691803278688522760e-01 7.573770491803276383e-02 3.278688524590162847e-04 6.918032786885243424e-02 3.606557377049179457e-03 1.019672131147540683e-01 3.278688524590162847e-04 3.278688524590162847e-04 2.655737704918031614e-02 1.937704918032786272e-01 3.278688524590162847e-04 3.278688524590162847e-04 3.278688524590162847e-04 3.278688524590162847e-04 3.606557377049179457e-03 3.278688524590162847e-04 3.278688524590162847e-04 3.278688524590162847e-04 3.278688524590162847e-04 3.278688524590162847e-04 4.950819672131145238e-02 3.278688524590162847e-04 3.278688524590162847e-04 3.278688524590162847e-04 3.278688524590162847e-04
3.703703703703704062e-04 3.703703703703704062e-04 3.703703703703704062e-04 5.962962962962963659e-02 1.670370370370370394e-01 3.703703703703704062e-04 1.518518518518518351e-02 3.703703703703704062e-04 3.703703703703704062e-04 1.744444444444444575e-01 3.703703703703704062e-04 3.703703703703704062e-04 2.259259259259259120e-02 3.703703703703704062e-04 2.337037037037037190e-01 4.074074074074074577e-03 3.703703703703704062e-04 3.703703703703704062e-04 3.703703703703704062e-04 3.703703703703704062e-04 3.703703703703704062e-04 3.703703703703704062e-04 3.703703703703704062e-04 3.703703703703704062e-04 3.703703703703704062e-04 4.851851851851851638e-02 3.703703703703704062e-04 3.703703703703704062e-04 2.670370370370370172e-01 3.703703703703704062e-04
7.718518518518516225e-02 1.481481481481481191e-04 1.481481481481481191e-04 2.533333333333332577e-02 1.481481481481481191e-04 1.481481481481481191e-04 1.112592592592592106e-01 1.481481481481481191e-04 6.074074074074071149e-03 5.644444444444442904e-02 4.386666666666665382e-01 5.348148148148146319e-02 1.481481481481481191e-04 1.082962962962962516e-01 7.125925925925923055e-02 1.481481481481481191e-04 1.481481481481481191e-04 1.481481481481481191e-04 1.481481481481481191e-04 1.199999999999999505e-02 1.481481481481481191e-04 1.629629629629629310e-03 1.481481481481481191e-04 1.481481481481481191e-04 3.111111111111110068e-03 2.681481481481480869e-02 1.481481481481481191e-04 1.481481481481481191e-04 6.074074074074071149e-03 1.481481481481481191e-04
4.237288135593221842e-04 4.661016949152543484e-03 4.237288135593221842e-04 4.237288135593221842e-04 4.237288135593221842e-04 4.237288135593221842e-04 4.237288135593221842e-04 4.703389830508475367e-02 2.165254237288136152e-01 4.237288135593221842e-04 8.516949152542376000e-02 3.432203389830509183e-02 4.237288135593221842e-04 4.237288135593221842e-04 1.868644067796610686e-01 4.237288135593221842e-04 5.550847457627119952e-02 3.008474576271186890e-02 2.584745762711864944e-02 2.122881355932204062e-01 4.237288135593221842e-04 4.237288135593221842e-04 4.237288135593221842e-04 4.237288135593221842e-04 4.237288135593221842e-04 9.364406779661019198e-02 4.237288135593221842e-04 4.237288135593221842e-04 4.237288135593221842e-04 4.237288135593221842e-04
1.922391857506360602e-01 1.272264631043256713e-04 1.272264631043256713e-04 1.272264631043256713e-04 3.944020356234095512e-03 2.175572519083969134e-02 7.391857506361321217e-02 1.272264631043256713e-04 1.159033078880406659e-01 4.974554707379133522e-02 1.272264631043256713e-04 1.272264631043256713e-04 1.284987277353689082e-02 2.671755725190838853e-03 8.027989821882949850e-02 1.272264631043256713e-04 1.272264631043256713e-04 1.272264631043256713e-04 1.399491094147582411e-03 2.175572519083969134e-02 1.030534351145037837e-02 1.896946564885495512e-01 1.272264631043256713e-04 4.847328244274808073e-02 2.671755725190838853e-03 1.706106870229007200e-01 1.272264631043256713e-04 1.272264631043256713e-04 1.272264631043256713e-04 1.272264631043256713e-04
1.369477911646586610e-01 4.016064257028113165e-04 4.417670682730924156e-03 4.016064257028113165e-04 2.449799196787148803e-02 4.016064257028113165e-04 4.016064257028113165e-04 4.016064257028113165e-04 4.016064257028113165e-04 1.646586345381526040e-02 4.016064257028113165e-04 4.016064257028113165e-04 4.016064257028113165e-04 4.016064257028113165e-04 9.678714859437752283e-02 4.016064257028113165e-04 4.016064257028113165e-04 4.016064257028113165e-04 4.457831325301205017e-02 3.654618473895582947e-02 4.016064257028113165e-04 2.851405622489960184e-02 8.433734939759037971e-03 4.016064257028113165e-04 4.461847389558233345e-01 4.016064257028113165e-04 4.016064257028113165e-04 1.289156626506024195e-01 4.417670682730924156e-03 1.646586345381526040e-02
1.023833167825223128e-01 2.085402184707050091e-03 9.930486593843096963e-05 5.471698113207545955e-02 1.092353525322740720e-03 3.386295928500496211e-02 9.930486593843096963e-05 1.201588877855014510e-02 9.930486593843096963e-05 1.598808341608738692e-02 9.930486593843096963e-05 6.057596822244288443e-03 2.453823237338629004e-01 9.036742800397217640e-03 1.838133068520357016e-01 9.930486593843096963e-05 1.201588877855014510e-02 9.930486593843096963e-05 9.930486593843096963e-05 4.577954319761667196e-02 2.691161866931479282e-02 9.930486593843096963e-05 9.245283018867922475e-02 1.102284011916583595e-02 9.930486593843096963e-05 1.102284011916583595e-02 9.145978152929490346e-02 1.092353525322740720e-03 9.930486593843096963e-05 4.081429990069512792e-02
9.867647058823528217e-02 1.470588235294117789e-04 1.470588235294117789e-04 6.338235294117647300e-02 3.691176470588235226e-02 2.324999999999999845e-01 1.442647058823529338e-01 1.470588235294117789e-04 6.191176470588235364e-02 5.308823529411765135e-02 2.955882352941176586e-02 1.470588235294117789e-04 1.470588235294117789e-04 1.470588235294117789e-04 1.545588235294117485e-01 1.470588235294117789e-04 1.470588235294117789e-04 1.470588235294117789e-04 1.470588235294117789e-04 1.470588235294117789e-04 1.163235294117647006e-01 1.470588235294117789e-04 1.470588235294117789e-04 1.617647058823529650e-03 1.470588235294117789e-04 1.470588235294117789e-04 4.558823529411764469e-03 1.470588235294117789e-04 1.470588235294117789e-04 1.470588235294117789e-04
1.126562499999999717e-01 1.718749999999999792e-03 1.562499999999999761e-04 6.406249999999997884e-03 6.109374999999998834e-02 1.173437499999999689e-01 1.265624999999999736e-02 1.562499999999999761e-04 1.109374999999999771e-02 6.265624999999999667e-02 2.017187499999999467e-01 1.562499999999999761e-04 9.531249999999998057e-03 1.562499999999999761e-04 7.046874999999998279e-02 1.718749999999999792e-03 1.562499999999999761e-04 1.562499999999999761e-04 1.562499999999999761e-04 1.718749999999999792e-03 4.843749999999999098e-03 1.032812499999999772e-01 4.843749999999999098e-03 1.048437499999999717e-01 1.562499999999999761e-04 7.671874999999998834e-02 1.562499999999999761e-04 1.562499999999999761e-04 2.203124999999999528e-02 1.109374999999999771e-02
1.385687732342008038e-01 9.293680297397773418e-05 9.293680297397773418e-05 9.293680297397773418e-05 1.124535315985130540e-02 1.124535315985130540e-02 6.143122676579927666e-02 1.682156133828997119e-02 2.332713754646841345e-02 9.293680297397773418e-05 1.627323420074349991e-01 9.293680297397773418e-05 9.293680297397773418e-05 1.031598513011152893e-02 9.293680297397773418e-05 2.881040892193309760e-03 1.022304832713755076e-03 9.293680297397773418e-05 9.293680297397773418e-05 1.190520446096654666e-01 1.022304832713755076e-03 6.328996282527883654e-02 9.293680297397773418e-05 9.293680297397773418e-05 9.293680297397773418e-05 3.355947955390335968e-01 1.775092936802974766e-02 9.293680297397773418e-05 2.146840148698885703e-02 1.022304832713755076e-03
2.762831858407078789e-01 3.716814159292035000e-03 1.946902654867256480e-03 1.769911504424778520e-04 1.769911504424778520e-04 1.946902654867256480e-03 3.716814159292035000e-03 1.769911504424778520e-04 1.946902654867256480e-03 4.265486725663716200e-02 1.769911504424778520e-04 1.769911504424778520e-04 1.769911504424778520e-04 3.734513274336282579e-02 1.769911504424778520e-04 3.683185840707963732e-01 1.769911504424778520e-04 5.858407079646017063e-02 3.716814159292035000e-03 2.318584070796459590e-02 2.495575221238937463e-02 3.380530973451326832e-02 1.769911504424778520e-04 2.495575221238937463e-02 1.769911504424778520e-04 1.769911504424778520e-04 1.769911504424778520e-04 1.769911504424778520e-04 1.769911504424778520e-04 9.044247787610618095e-02
1.261282660332541383e-01 2.375296912114013706e-04 2.375296912114013706e-04 1.686460807600949699e-02 1.686460807600949699e-02 8.812351543942990861e-02 2.375296912114013706e-04 2.375296912114013706e-04 2.612826603325415185e-03 2.375296912114013706e-04 2.399049881235153572e-02 2.375296912114013706e-04 2.874109263657956270e-02 2.375296912114013706e-04 2.375296912114013706e-04 2.375296912114013706e-04 2.375296912114013706e-04 2.375296912114013706e-04 2.375296912114013706e-04 2.375296912114013706e-04 2.375296912114013706e-04 1.522565320665082711e-01 2.375296912114013706e-04 2.496437054631828190e-01 2.375296912114013706e-04 2.900237529691210292e-01 2.375296912114013706e-04 2.375296912114013706e-04 2.375296912114013706e-04 2.375296912114013706e-04
8.970917225950780782e-02 5.838926174496643362e-02 2.237136465324384305e-04 1.364653243847874231e-02 2.237136465324384305e-04 2.237136465324384305e-04 2.460850111856822953e-03 2.706935123042504901e-02 2.237136465324384305e-04 9.194630872483219863e-02 2.237136465324384305e-04 2.483221476510066514e-02 6.935123042505591563e-03 4.697986577181206824e-03 5.167785234899328201e-02 3.378076062639820409e-02 2.237136465324384305e-04 2.237136465324384305e-04 2.237136465324384305e-04 1.588366890380312618e-02 2.237136465324384305e-04 1.434004474272930207e-01 2.237136465324384305e-04 3.425055928411632200e-01 2.237136465324384305e-04 5.615212527964204975e-02 2.460850111856822953e-03 2.237136465324384305e-04 2.237136465324384305e-04 3.154362416107381328e-02
4.672413793103447760e-02 1.724137931034482626e-04 1.724137931034482626e-04 3.982758620689654666e-02 1.724137931034482626e-04 2.174137931034482163e-01 1.036206896551723905e-01 1.724137931034482626e-04 1.724137931034482626e-04 1.724137931034482626e-04 2.622413793103447466e-01 1.724137931034482626e-04 5.344827586206895437e-03 1.724137931034482626e-04 1.587931034482758241e-01 1.724137931034482626e-04 1.724137931034482626e-04 1.724137931034482626e-04 1.724137931034482626e-04 1.724137931034482626e-04 1.724137931034482626e-04 7.068965517241377304e-03 1.724137931034482626e-04 4.155172413793102593e-02 1.724137931034482626e-04 5.344827586206895437e-03 2.431034482758620205e-02 1.896551724137930835e-03 6.741379310344826348e-02 1.568965517241378838e-02
1.567553992968357957e-01 1.492214967353089339e-01 2.365645404319438247e-02 5.022601707684582042e-05 4.023103967855349433e-02 6.077348066298343329e-03 4.570567553992968893e-03 3.018583626318433605e-02 1.361125062782521725e-02 5.881466599698644687e-02 1.762933199397288125e-02 1.562029131089904925e-02 5.524861878453040179e-04 1.963837267704671499e-02 8.242089402310398549e-02 2.561526870919136455e-03 1.054746358613762236e-03 2.561526870919136455e-03 5.022601707684582042e-05 4.274234053239579084e-02 5.022601707684582042e-05 6.885986941235561209e-02 5.022601707684582042e-05 4.726268206931191068e-02 5.022601707684582042e-05 1.215971873430437278e-01 5.022601707684582042e-05 1.310899045705675968e-02 8.091411351079860759e-02 5.022601707684582042e-05
1.436555891238670279e-01 1.510574018126887945e-04 1.978851963746223325e-02 3.338368580060422502e-02 1.510574018126887945e-04 1.510574018126887945e-04 1.978851963746223325e-02 1.510574018126887945e-04 2.129909365558911929e-02 1.013595166163141770e-01 1.510574018126887945e-04 9.214501510574015300e-03 6.510574018126887019e-02 1.510574018126887945e-04 1.510574018126887945e-04 6.193353474320239735e-03 1.510574018126887945e-04 1.510574018126887945e-04 1.510574018126887945e-04 1.223564954682779260e-02 1.510574018126887945e-04 1.510574018126887945e-04 1.859516616314199067e-01 1.542296072507552407e-01 1.510574018126887945e-04 2.432024169184289833e-02 1.510574018126887945e-04 1.510574018126887945e-04 5.604229607250754697e-02 1.451661631419939313e-01
1.541455160744500674e-01 1.692047377326565138e-04 1.692047377326565138e-04 1.692047377326565138e-04 2.554991539763113231e-02 2.216582064297800345e-02 2.573604060913705638e-01 1.692047377326565138e-04 1.692047377326565138e-04 1.692047377326565138e-04 1.539763113367174224e-02 1.692047377326565138e-04 1.692047377326565138e-04 1.692047377326565138e-04 1.692047377326565138e-04 2.216582064297800345e-02 1.692047377326565138e-04 1.692047377326565138e-04 1.692047377326565138e-04 5.431472081218274156e-02 4.011844331641286066e-01 1.692047377326565138e-04 1.539763113367174224e-02 5.245346869712352172e-03 1.692047377326565138e-04 1.692047377326565138e-04 1.201353637901861164e-02 3.553299492385786872e-03 1.692047377326565138e-04 8.629441624365481039e-03
4.831460674157302820e-02 3.547351524879614054e-02 1.605136436597110470e-04 1.605136436597110470e-04 1.605136436597110470e-04 5.634028892455857779e-02 2.377207062600320553e-01 1.605136436597110470e-04 4.028892455858747168e-02 5.152487961476724665e-02 1.863563402889245046e-01 1.781701444622792521e-02 6.581059390048151977e-03 1.605136436597110470e-04 1.141252006420545445e-01 1.605136436597110470e-04 1.605136436597110470e-04 1.605136436597110470e-04 1.765650080256821707e-03 5.955056179775280317e-02 6.115569823434990893e-02 3.370786516853932231e-03 1.605136436597110470e-04 3.065810593900481287e-02 3.370786516853932231e-03 1.605136436597110470e-04 1.765650080256821707e-03 1.605136436597110470e-04 3.707865168539325323e-02 4.975922953451042755e-03
2.671314741035855644e-01 1.992031872509959691e-04 1.992031872509959691e-04 1.992031872509959691e-04 1.992031872509959691e-04 1.992031872509959691e-04 6.175298804780875693e-03 1.992031872509959691e-04 4.800796812749003051e-02 4.203187250996015534e-02 1.992031872509959691e-04 9.581673306772905963e-02 1.992031872509959691e-04 3.388446215139441220e-01 1.015936254980079334e-02 2.211155378486055062e-02 1.992031872509959691e-04 1.992031872509959691e-04 1.992031872509959691e-04 4.183266932270915568e-03 1.992031872509959691e-04 2.211155378486055062e-02 1.992031872509959691e-04 1.015936254980079334e-02 7.589641434262946185e-02 1.992031872509959691e-04 1.992031872509959691e-04 1.992031872509959691e-04 1.992031872509959691e-04 5.398406374501991262e-02
2.453763440860215195e-01 8.817204301075269243e-03 3.032258064516129420e-02 6.258064516129033250e-02 2.387096774193548515e-02 6.666666666666667962e-03 6.666666666666667962e-03 4.516129032258064946e-03 6.666666666666667962e-03 2.150537634408602420e-04 2.150537634408602420e-04 2.150537634408602420e-04 2.150537634408602420e-04 2.150537634408602420e-04 2.150537634408602420e-04 3.892473118279570626e-02 2.150537634408602420e-04 2.150537634408602420e-04 2.150537634408602420e-04 2.150537634408602420e-04 2.150537634408602420e-04 2.150537634408602420e-04 2.150537634408602420e-04 9.483870967741936386e-02 2.150537634408602420e-04 1.526881720430107656e-02 2.150537634408602420e-04 2.150537634408602420e-04 2.150537634408602420e-04 4.518279569892473813e-01
3.389121338912134268e-02 4.184100418410042674e-04 4.184100418410042674e-04 4.184100418410042674e-04 4.184100418410042674e-04 4.184100418410042674e-04 2.970711297071130033e-02 5.062761506276151208e-02 4.184100418410042674e-04 4.184100418410042674e-04 4.184100418410042674e-04 1.297071129707113094e-02 1.715481171548117328e-02 4.184100418410042674e-04 2.347280334728033824e-01 4.184100418410042674e-04 4.184100418410042674e-04 4.602510460251047104e-03 4.602510460251047104e-03 1.301255230125523132e-01 4.184100418410042674e-04 4.184100418410042674e-04 8.828451882845189669e-02 4.184100418410042674e-04 8.828451882845189669e-02 4.184100418410042674e-04 1.635983263598326520e-01 1.343096234309623660e-01 4.184100418410042674e-04 4.184100418410042674e-04
2.008726003490400869e-01 2.984293193717277304e-02 1.064572425828970090e-02 4.205933682373472204e-02 1.745200698080279049e-04 1.745200698080279049e-04 2.809773123909249312e-02 5.410122164048864618e-03 1.745200698080279049e-04 9.092495636998253195e-02 1.745200698080279049e-04 2.635253054101220974e-02 5.427574171029667799e-02 1.745200698080279049e-04 1.745200698080279049e-04 2.305410122164048281e-01 1.745200698080279049e-04 5.951134380453751427e-02 1.919720767888306954e-03 1.745200698080279049e-04 1.745200698080279049e-04 1.745200698080279049e-04 1.745200698080279049e-04 2.111692844677137346e-02 1.745200698080279049e-04 1.745200698080279049e-04 1.745200698080279049e-04 1.745200698080279049e-04 1.919720767888306954e-03 1.938917975567189811e-01
1.300636942675159058e-01 1.273885350318471488e-04 5.617834394904458462e-02 8.929936305732483204e-02 1.988535031847133705e-01 1.668789808917197498e-02 3.084076433121019090e-01 1.414012738853503114e-02 1.273885350318471488e-04 1.173248407643312091e-01 1.273885350318471488e-04 1.273885350318471488e-04 1.273885350318471488e-04 1.401273885350318637e-03 1.273885350318471488e-04 1.273885350318471488e-04 1.273885350318471488e-04 1.273885350318471488e-04 1.273885350318471488e-04 1.273885350318471488e-04 3.324840764331210563e-02 1.273885350318471488e-04 1.273885350318471488e-04 1.273885350318471488e-04 1.273885350318471488e-04 1.273885350318471488e-04 1.923566878980891709e-02 1.273885350318471488e-04 1.273885350318471488e-04 1.286624203821656008e-02
2.068907563025209617e-01 5.210084033613444736e-03 9.596638655462183531e-02 6.739495798319326825e-02 1.060504201680672054e-01 6.739495798319326825e-02 1.346218487394957586e-01 1.848739495798319135e-03 5.210084033613444736e-03 9.092436974789915027e-02 6.235294117647057627e-02 1.025210084033613238e-02 1.680672268907562801e-04 1.680672268907562801e-04 2.537815126050419617e-02 1.680672268907562801e-04 1.680672268907562801e-04 1.680672268907562801e-04 1.680672268907562801e-04 1.680672268907562801e-04 5.563025210084032723e-02 5.210084033613444736e-03 1.680672268907562801e-04 1.680672268907562801e-04 1.680672268907562801e-04 1.680672268907562801e-04 1.680672268907562801e-04 1.848739495798319135e-03 2.873949579831932416e-02 2.705882352941176364e-02
1.201550387596899208e-02 3.875968992248061962e-04 3.875968992248061962e-04 1.976744186046511600e-02 3.875968992248061962e-04 3.875968992248061962e-04 2.329457364341085412e-01 3.875968992248061962e-04 3.875968992248061962e-04 2.368217054263565824e-01 3.875968992248061962e-04 4.263565891472868158e-03 3.875968992248061962e-04 3.875968992248061962e-04 2.445736434108527202e-01 3.875968992248061962e-04 3.875968992248061962e-04 3.875968992248061962e-04 4.263565891472868158e-03 1.589147286821705404e-02 3.875968992248061962e-04 3.875968992248061962e-04 8.139534883720930120e-03 3.875968992248061962e-04 3.875968992248061962e-04 3.875968992248061962e-04 3.875968992248061962e-04 3.875968992248061962e-04 2.096899224806201556e-01 4.263565891472868158e-03
7.072072072072069227e-02 1.501501501501501163e-04 7.372372372372369698e-02 1.893393393393392743e-01 1.683183183183182552e-01 3.318318318318317500e-02 7.372372372372369698e-02 1.501501501501501163e-04 9.474474474474471608e-02 1.501501501501501163e-04 1.501501501501501163e-04 1.501501501501501163e-04 1.501501501501501163e-04 1.501501501501501163e-04 8.573573573573570195e-02 4.654654654654652793e-03 1.501501501501501163e-04 1.501501501501501163e-04 1.501501501501501163e-04 9.159159159159154656e-03 1.366366366366365825e-02 1.501501501501501163e-04 6.771771771771770143e-02 2.867867867867867140e-02 1.501501501501501163e-04 1.501501501501501163e-04 1.501501501501501163e-04 1.501501501501501163e-04 8.423423423423420653e-02 1.501501501501501163e-04
3.094552929085302440e-01 4.213771839671118929e-03 7.204522096608424742e-02 9.157245632065773300e-02 2.785200411099691270e-02 1.027749229188077860e-04 1.654676258992805390e-02 9.352517985611508503e-03 1.027749229188077860e-04 3.710174717368961567e-02 1.049331963001027407e-01 1.027749229188077860e-04 7.297019527235352673e-03 7.297019527235352673e-03 1.027749229188077860e-04 7.204522096608424742e-02 1.027749229188077860e-04 1.027749229188077860e-04 1.027749229188077860e-04 1.027749229188077860e-04 2.374100719424460104e-02 1.027749229188077860e-04 1.027749229188077860e-04 9.157245632065773300e-02 1.027749229188077860e-04 1.027749229188077860e-04 1.027749229188077860e-04 1.027749229188077860e-04 1.027749229188077860e-04 1.234326824254881466e-01
1.622933884297520502e-01 1.033057851239669531e-04 1.416322314049586750e-01 1.354338842975206514e-01 1.963842975206611385e-01 2.902892561983471190e-02 3.935950413223140987e-02 1.033057851239669531e-04 1.033057851239669531e-04 1.374999999999999833e-01 1.136363636363636525e-03 2.489669421487603410e-02 3.202479338842975209e-03 3.202479338842975209e-03 1.033057851239669531e-04 1.033057851239669531e-04 1.033057851239669531e-04 1.033057851239669531e-04 1.033057851239669531e-04 2.592975206611570355e-02 3.202479338842975209e-03 1.663223140495867849e-02 1.033057851239669531e-04 3.212809917355372025e-02 1.033057851239669531e-04 3.212809917355372025e-02 1.033057851239669531e-04 1.033057851239669531e-04 1.033057851239669531e-04 1.456611570247933786e-02
2.689062499999999578e-01 3.281249999999999445e-03 9.531249999999998057e-03 1.562499999999999761e-04 1.562499999999999761e-04 6.406249999999997884e-03 1.562499999999999761e-04 3.281249999999999445e-03 1.562499999999999761e-04 1.562499999999999761e-04 2.204687499999999634e-01 1.562499999999999761e-04 1.562499999999999761e-04 1.562499999999999761e-04 7.968749999999998404e-03 1.562499999999999761e-04 1.562499999999999761e-04 1.562499999999999761e-04 1.562499999999999761e-04 5.484374999999998973e-02 1.562499999999999761e-04 1.329687499999999689e-01 1.562499999999999761e-04 1.562499999999999761e-04 1.562499999999999761e-04 2.595312499999999356e-01 1.562499999999999761e-04 1.718749999999999792e-03 2.828124999999999736e-02 1.562499999999999761e-04
7.923946557040079108e-02 1.027749229188077860e-04 1.963001027749228938e-02 6.587872559095578340e-02 2.579650565262075687e-02 2.168550873586844521e-02 4.163412127440903610e-01 1.027749229188077860e-04 1.027749229188077860e-04 5.457348406988693501e-02 2.662898252826310097e-01 3.186022610483041449e-03 1.027749229188077860e-04 1.130524152106885836e-03 1.551901336073997599e-02 1.027749229188077860e-04 1.027749229188077860e-04 1.130524152106885836e-03 1.027749229188077860e-04 1.027749229188077860e-04 8.324768756423430588e-03 1.027749229188077860e-04 1.027749229188077860e-04 1.027749229188077860e-04 1.027749229188077860e-04 1.027749229188077860e-04 1.027749229188077860e-04 1.027749229188077860e-04 1.140801644398766433e-02 8.324768756423430588e-03
8.595943837753508565e-02 1.560062402496099573e-04 1.560062402496099573e-04 2.511700468018720697e-02 1.560062402496099573e-04 1.560062402496099573e-04 2.014040561622464365e-01 1.716068642745709584e-03 1.296411856474258550e-01 1.858034321372854514e-01 1.560062402496099573e-04 5.475819032761309463e-02 1.560062402496099573e-04 1.560062402496099573e-04 1.249609984399375623e-01 1.560062402496099573e-04 1.560062402496099573e-04 1.716068642745709584e-03 1.560062402496099573e-04 2.823712948517940330e-02 3.135725429017160309e-02 1.560062402496099573e-04 1.560062402496099573e-04 4.695787831513260208e-02 1.560062402496099573e-04 1.560062402496099573e-04 1.560062402496099573e-04 1.716068642745709584e-03 7.815912636505459310e-02 1.560062402496099573e-04
1.672941176470587599e-01 2.352941176470587758e-04 5.435294117647057610e-02 1.814117647058823002e-01 1.225882352941176229e-01 2.588235294117646398e-03 1.272941176470587799e-01 2.588235294117646398e-03 2.352941176470587758e-04 5.199999999999999067e-02 8.023529411764704355e-02 2.352941176470587758e-04 1.670588235294117110e-02 4.941176470588234428e-03 2.352941176470587758e-04 6.376470588235293169e-02 2.588235294117646398e-03 2.352941176470587758e-04 2.352941176470587758e-04 2.352941176470587758e-04 2.352941176470587758e-04 2.611764705882352322e-02 2.352941176470587758e-04 2.352941176470587758e-04 2.352941176470587758e-04 2.352941176470587758e-04 2.588235294117646398e-03 2.352941176470587758e-04 8.964705882352938526e-02 2.352941176470587758e-04
8.709677419354835970e-02 2.258064516129031432e-02 2.729528535980148447e-03 6.972704714640197421e-02 6.972704714640197421e-02 1.416873449131513252e-01 2.459057071960296936e-01 2.481389578163771168e-04 2.481389578163771168e-04 6.228287841191065821e-02 4.491315136476425884e-02 2.258064516129031432e-02 2.258064516129031432e-02 2.481389578163771168e-04 1.761786600496277264e-02 7.692307692307690133e-03 2.481389578163771168e-04 2.481389578163771168e-04 2.481389578163771168e-04 2.481389578163771168e-04 1.789081885856078635e-01 2.481389578163771168e-04 2.481389578163771168e-04 2.481389578163771168e-04 2.481389578163771168e-04 2.481389578163771168e-04 2.481389578163771168e-04 2.481389578163771168e-04 2.481389578163771168e-04 2.481389578163771168e-04
2.131188118811881416e-01 2.475247524752475820e-04 8.440594059405942540e-02 5.198019801980199167e-03 2.475247524752475820e-04 2.475247524752475820e-04 5.198019801980199167e-03 2.475247524752475820e-04 2.475247524752475820e-04 2.475247524752475820e-04 3.242574257425742679e-02 6.707920792079209715e-02 2.475247524752475820e-04 2.475247524752475820e-04 2.475247524752475820e-04 2.004950495049504997e-02 7.673267326732674878e-03 2.500000000000000139e-02 1.757425742574257599e-02 2.475247524752475820e-04 3.490099009900990423e-02 2.475247524752475820e-04 2.747524752475247883e-02 4.975247524752476197e-02 2.475247524752475820e-04 2.252475247524752741e-02 1.509900990099010028e-02 2.475247524752475820e-04 2.475247524752475820e-04 3.690594059405941096e-01
3.185941043083900109e-02 1.133786848072562280e-04 2.189342403628117550e-01 2.223356009070294459e-01 2.880952380952380709e-01 2.278911564625850372e-02 4.206349206349205977e-02 1.133786848072562280e-04 1.133786848072562280e-04 1.938775510204081634e-02 3.299319727891156240e-02 1.133786848072562280e-04 1.133786848072562280e-04 1.133786848072562280e-04 9.648526077097503706e-02 1.133786848072562280e-04 1.133786848072562280e-04 1.133786848072562280e-04 1.133786848072562280e-04 1.133786848072562280e-04 6.916099773242628986e-03 1.133786848072562280e-04 1.133786848072562280e-04 4.648526077097504643e-03 1.133786848072562280e-04 1.133786848072562280e-04 1.133786848072562280e-04 8.049886621315191157e-03 1.133786848072562280e-04 3.514739229024942905e-03
2.225274725274724655e-02 2.747252747252746708e-04 2.747252747252746708e-04 1.401098901098900631e-02 1.706043956043955534e-01 1.675824175824175075e-02 2.747252747252746708e-04 2.747252747252746708e-04 2.747252747252746708e-04 2.640109890109889057e-01 2.747252747252746708e-04 1.953296703296702463e-01 2.747252747252746708e-04 3.021978021978021216e-03 1.019230769230768940e-01 2.747252747252746708e-04 3.021978021978021216e-03 2.747252747252746708e-04 2.747252747252746708e-04 2.747252747252746708e-04 3.049450549450548331e-02 2.747252747252746708e-04 6.071428571428569981e-02 2.747252747252746708e-04 2.747252747252746708e-04 2.747252747252746708e-04 2.747252747252746708e-04 2.747252747252746708e-04 1.129120879120878856e-01 2.747252747252746708e-04
6.576923076923074651e-02 3.846153846153844524e-04 3.846153846153844524e-04 1.961538461538460398e-02 1.576923076923076109e-02 2.730769230769229325e-02 2.773076923076921441e-01 3.846153846153844524e-04 1.234615384615384143e-01 2.426923076923075961e-01 3.846153846153844524e-04 3.846153846153844524e-04 3.846153846153844524e-04 3.846153846153844524e-04 1.542307692307691713e-01 3.846153846153844524e-04 3.846153846153844524e-04 3.846153846153844524e-04 3.846153846153844524e-04 6.192307692307690015e-02 3.846153846153844524e-04 3.846153846153844524e-04 4.230769230769228922e-03 3.846153846153844524e-04 3.846153846153844524e-04 3.846153846153844524e-04 3.846153846153844524e-04 3.846153846153844524e-04 3.846153846153844524e-04 3.846153846153844524e-04
2.123142250530785091e-04 2.123142250530785091e-04 3.101910828025477018e-01 9.363057324840762252e-02 7.664543524416134179e-02 4.692144373673035052e-02 1.764331210191082133e-01 2.123142250530785091e-04 2.123142250530785091e-04 1.063694267515923331e-01 4.458598726114648692e-03 4.479830148619956542e-02 8.513800424628448216e-02 2.123142250530785091e-04 2.123142250530785091e-04 2.335456475583863600e-03 2.123142250530785091e-04 2.123142250530785091e-04 2.123142250530785091e-04 2.123142250530785091e-04 1.932059447983014433e-02 1.507430997876857241e-02 2.123142250530785091e-04 2.123142250530785091e-04 8.704883227176217139e-03 6.581740976645433783e-03 2.123142250530785091e-04 2.123142250530785091e-04 2.123142250530785091e-04 2.123142250530785091e-04
5.416666666666666852e-02 1.543209876543209845e-04 1.543209876543209845e-04 1.421296296296296335e-01 9.120370370370370350e-02 1.543209876543209845e-04 1.543209876543209845e-04 1.543209876543209845e-04 9.737654320987654266e-02 1.128086419753086267e-01 2.115740740740740533e-01 1.543209876543209845e-04 1.867283950617283986e-02 1.543209876543209845e-04 1.452160493827160392e-01 1.697530864197531074e-03 1.543209876543209845e-04 1.543209876543209845e-04 6.327160493827159796e-03 1.404320987654320875e-02 3.240740740740741081e-03 1.543209876543209845e-04 1.543209876543209845e-04 7.870370370370369587e-03 1.543209876543209845e-04 4.182098765432099019e-02 3.564814814814815103e-02 1.543209876543209845e-04 1.249999999999999896e-02 1.697530864197531074e-03
4.081632653061225183e-04 4.081632653061225183e-04 4.081632653061225183e-04 1.473469387755102222e-01 4.081632653061225183e-04 4.081632653061225183e-04 8.612244897959185630e-02 4.081632653061225183e-04 4.489795918367347864e-03 4.081632653061225183e-04 5.432653061224490543e-01 4.081632653061225183e-04 4.081632653061225183e-04 4.081632653061225183e-04 2.897959183673469441e-02 4.081632653061225183e-04 8.571428571428573590e-03 4.489795918367347864e-03 4.081632653061225183e-04 5.346938775510204356e-02 4.081632653061225183e-04 4.489795918367347864e-03 4.081632653061225183e-04 4.489795918367347864e-03 4.081632653061225183e-04 7.387755102040817479e-02 8.571428571428573590e-03 4.081632653061225183e-04 2.489795918367346955e-02 4.081632653061225183e-04
1.097807757166947423e-01 1.686340640809443254e-04 3.541315345699830915e-03 4.738617200674535845e-02 1.686340640809443254e-04 1.686340640809443254e-04 2.295109612141651989e-01 1.686340640809443254e-04 8.785834738617198658e-02 1.686340640809443254e-04 1.654300168634063595e-01 1.686340640809443254e-04 1.686340640809443254e-04 1.686340640809443254e-04 1.097807757166947423e-01 1.854974704890387715e-03 1.686340640809443254e-04 1.686340640809443254e-04 2.715008431703203745e-02 4.907251264755480014e-02 6.930860033726811420e-02 5.750421585160201549e-02 1.686340640809443254e-04 1.854974704890387715e-03 1.686340640809443254e-04 2.040472175379426031e-02 1.854974704890387715e-03 1.534569983136593180e-02 1.686340640809443254e-04 1.686340640809443254e-04
1.602055800293685495e-01 1.468428781204111303e-04 1.468428781204111303e-04 1.468428781204111303e-04 1.468428781204111303e-04 1.468428781204111303e-04 1.468428781204111303e-04 1.468428781204111303e-04 1.468428781204111303e-04 7.488986784140966996e-03 1.468428781204111303e-04 1.468428781204111303e-04 1.468428781204111303e-04 1.468428781204111303e-04 1.468428781204111303e-04 1.468428781204111303e-04 1.468428781204111303e-04 1.468428781204111303e-04 3.083700440528633954e-03 2.571218795888398634e-01 1.468428781204111303e-04 1.088105726872246465e-01 4.566813509544786348e-02 1.866372980910425416e-01 1.468428781204111303e-04 2.086637298091042203e-01 1.468428781204111303e-04 1.189427312775330134e-02 6.020558002936856126e-03 1.615271659324522650e-03
2.801120448179271515e-04 2.801120448179271515e-04 2.801120448179271515e-04 2.801120448179271515e-04 2.801120448179271515e-04 3.896358543417366427e-01 2.801120448179271515e-04 2.801120448179271515e-04 2.801120448179271515e-04 2.801120448179271515e-04 1.935574229691876258e-01 2.801120448179271515e-04 6.190476190476189994e-02 2.801120448179271515e-04 5.910364145658262430e-02 2.801120448179271515e-04 2.801120448179271515e-04 2.801120448179271515e-04 2.801120448179271515e-04 1.148459383753501137e-02 1.851540616246498128e-01 2.801120448179271515e-04 1.428571428571428180e-02 2.801120448179271515e-04 2.801120448179271515e-04 7.871148459383753293e-02 2.801120448179271515e-04 2.801120448179271515e-04 2.801120448179271515e-04 2.801120448179271515e-04
1.162037037037037257e-01 4.629629629629630348e-04 5.092592592592593871e-03 3.287037037037037618e-02 4.629629629629630348e-04 6.527777777777778179e-02 4.629629629629630348e-04 4.629629629629630348e-04 4.629629629629630348e-04 4.629629629629630348e-04 9.305555555555557190e-02 4.629629629629630348e-04 2.361111111111111396e-02 4.629629629629630348e-04 9.305555555555557190e-02 4.629629629629630348e-04 4.629629629629630348e-04 5.092592592592593871e-03 4.629629629629630348e-04 1.949074074074074459e-01 5.092592592592593871e-03 6.527777777777778179e-02 4.629629629629630348e-04 2.828703703703704386e-01 9.722222222222224111e-03 4.629629629629630348e-04 4.629629629629630348e-04 4.629629629629630348e-04 4.629629629629630348e-04 4.629629629629630348e-04
1.790393013100436900e-02 4.366812227074236448e-04 9.170305676855896107e-03 4.366812227074236448e-04 4.803493449781660526e-03 4.366812227074236448e-04 2.275109170305677220e-01 1.790393013100436900e-02 4.366812227074236448e-04 1.314410480349345323e-01 4.366812227074236448e-04 4.366812227074236448e-04 4.803493449781660526e-03 4.366812227074236448e-04 4.847161572052402501e-02 4.366812227074236448e-04 4.366812227074236448e-04 4.366812227074236448e-04 4.366812227074236448e-04 4.366812227074236448e-04 5.720524017467249617e-02 4.366812227074236448e-04 1.790393013100436900e-02 4.366812227074236448e-04 4.803493449781660526e-03 4.366812227074236448e-04 4.502183406113537401e-01 4.366812227074236448e-04 4.366812227074236448e-04 4.366812227074236448e-04
1.733102253032928739e-04 1.733102253032928739e-04 1.733102253032928739e-04 1.093587521663778039e-01 5.389948006932408081e-02 7.296360485268629792e-02 9.376083188908143629e-02 1.906412478336221667e-03 1.906412478336221667e-03 1.093587521663778039e-01 5.216637781629115261e-02 1.733102253032928739e-04 3.830155979202772704e-02 1.733102253032928739e-04 1.769497400346619898e-01 1.733102253032928739e-04 1.733102253032928739e-04 1.733102253032928739e-04 1.733102253032928739e-04 7.105719237435006476e-03 9.896013864818022088e-02 1.733102253032928739e-04 3.639514731369150081e-03 1.733102253032928739e-04 1.733102253032928739e-04 1.057192374350086374e-02 1.906412478336221667e-03 1.733102253032928739e-04 1.630849220103985642e-01 1.906412478336221667e-03
4.109589041095890009e-03 1.956947162426614264e-04 2.152641878669275637e-03 5.107632093933463235e-02 1.956947162426614264e-04 4.716242661448140361e-02 1.998043052837572831e-01 1.956947162426614264e-04 2.152641878669275637e-03 1.313111545988257800e-01 3.113502935420742745e-01 1.956947162426614264e-04 1.956947162426614264e-04 1.956947162426614264e-04 1.821917808219177537e-01 1.956947162426614264e-04 1.956947162426614264e-04 1.956947162426614264e-04 1.956947162426614264e-04 1.956947162426614264e-04 1.956947162426614264e-04 1.956947162426614264e-04 1.956947162426614264e-04 1.956947162426614264e-04 1.956947162426614264e-04 1.956947162426614264e-04 1.956947162426614264e-04 2.152641878669275637e-03 3.933463796477494612e-02 2.367906066536202767e-02
7.524084778420039865e-02 9.633911368015417125e-05 1.157032755298651461e-01 9.633911368015417125e-05 4.344894026974952667e-02 2.986512524084779241e-03 3.334296724470136031e-01 9.633911368015417125e-05 9.633911368015417125e-05 9.633911368015417125e-05 9.633911368015417125e-05 2.264932562620424472e-01 1.059730250481695979e-03 2.514450867052023947e-02 3.949903660886320764e-03 9.633911368015417125e-05 9.633911368015417125e-05 2.610789980732177926e-02 9.633911368015417125e-05 5.308285163776494536e-02 7.042389210019268930e-02 9.633911368015417125e-05 9.633911368015417125e-05 9.633911368015417125e-05 9.633911368015417125e-05 9.633911368015417125e-05 1.840077071290944707e-02 9.633911368015417125e-05 9.633911368015417125e-05 2.986512524084779241e-03
1.343959731543623859e-01 1.677852348993288229e-04 1.677852348993288229e-04 3.036912751677851852e-02 1.677852348993288229e-04 1.677852348993288229e-04 1.545302013422818477e-01 1.058724832214764933e-01 1.931208053691274573e-01 1.677852348993288229e-04 4.211409395973153558e-02 1.677852348993288229e-04 1.677852348993288229e-04 1.677852348993288229e-04 7.734899328859058676e-02 3.036912751677851852e-02 1.677852348993288229e-04 5.553691275167784575e-02 3.523489932885905552e-03 3.875838926174496324e-02 1.845637583892617214e-03 1.677852348993288229e-04 1.677852348993288229e-04 1.677852348993288229e-04 1.677852348993288229e-04 1.109060402684563518e-01 1.023489932885905847e-02 1.677852348993288229e-04 1.677852348993288229e-04 8.557046979865768829e-03
