3.164556962025315431e-04 3.164556962025315431e-04 3.164556962025315431e-04 3.164556962025315431e-04 3.164556962025315431e-04 3.164556962025315431e-04 3.481012658227847136e-03 3.164556962025315431e-04 3.164556962025315431e-04 3.164556962025315431e-04 3.481012658227847136e-03 3.164556962025315431e-04 3.164556962025315431e-04 1.297468354430379202e-02 3.164556962025315431e-04 3.164556962025315431e-04 9.810126582278477780e-03 3.164556962025315431e-04 3.164556962025315431e-04 1.079113924050632556e-01 3.164556962025315431e-04 1.237341772151898389e-01 3.164556962025315431e-04 7.155063291139237558e-01 3.481012658227847136e-03 3.164556962025315431e-04 3.164556962025315431e-04 3.164556962025315431e-04 1.297468354430379202e-02 3.164556962025315431e-04
3.584229390681003581e-04 3.584229390681003581e-04 3.584229390681003581e-04 3.584229390681003581e-04 3.584229390681003581e-04 3.978494623655914192e-02 3.584229390681003581e-04 3.584229390681003581e-04 4.336917562724014463e-02 1.437275985663082623e-01 7.526881720430107954e-03 3.942652329749104373e-03 3.584229390681003581e-04 3.584229390681003581e-04 3.584229390681003581e-04 3.978494623655914192e-02 1.759856630824372936e-01 3.942652329749104373e-03 7.526881720430107954e-03 1.007168458781362019e-01 3.584229390681003581e-04 1.258064516129032417e-01 7.526881720430107954e-03 3.942652329749104373e-03 3.584229390681003581e-04 3.584229390681003581e-04 3.584229390681003581e-04 2.906810035842293805e-01 3.584229390681003581e-04 3.584229390681003581e-04
4.641350210970465739e-03 3.417721518987342638e-02 4.219409282700423104e-04 4.219409282700423104e-04 4.219409282700423104e-04 1.227848101265823083e-01 4.219409282700423104e-04 1.438818565400844240e-01 4.641350210970465739e-03 3.417721518987342638e-02 4.219409282700423104e-04 2.573839662447257801e-02 4.219409282700423104e-04 4.219409282700423104e-04 4.219409282700423104e-04 8.860759493670888193e-03 4.261603375527427129e-02 1.396624472573839981e-01 4.219409282700423104e-04 2.156118143459916092e-01 4.219409282700423104e-04 4.683544303797469027e-02 4.641350210970465739e-03 4.219409282700423104e-04 4.219409282700423104e-04 1.312236286919831463e-01 4.219409282700423104e-04 2.995780590717300046e-02 4.641350210970465739e-03 4.219409282700423104e-04
1.510574018126887674e-04 1.510574018126887674e-04 1.510574018126887674e-04 1.510574018126887674e-04 3.506042296072506281e-01 3.640483383685799712e-02 1.510574018126887674e-04 1.223564954682778913e-02 1.510574018126887674e-04 1.510574018126887674e-04 7.416918429003019342e-02 2.734138972809667043e-02 8.927492447129906084e-02 1.510574018126887674e-04 1.510574018126887674e-04 1.072507552870090135e-02 1.510574018126887674e-04 6.510574018126885631e-02 1.510574018126887674e-04 8.021148036253773761e-02 1.510574018126887674e-04 1.799093655589123208e-01 1.510574018126887674e-04 7.703927492447126650e-03 1.510574018126887674e-04 1.510574018126887674e-04 3.942598187311176922e-02 2.129909365558911583e-02 1.510574018126887674e-04 3.172205438066464170e-03
5.176056338028167669e-02 3.063380281690140233e-02 1.173708920187793128e-04 3.415492957746477792e-02 1.173708920187793128e-04 1.173708920187793128e-04 5.293427230046947318e-02 3.487089201877933697e-01 1.173708920187793128e-04 3.638497652582158969e-03 1.302816901408450356e-02 1.173708920187793128e-04 2.241784037558685119e-02 1.173708920187793128e-04 1.537558685446008960e-02 1.173708920187793128e-04 1.291079812206572495e-03 2.241784037558685119e-02 3.638497652582158969e-03 5.985915492957744576e-03 1.173708920187793128e-04 2.642018779342722445e-01 4.589201877934271506e-02 1.173708920187793128e-04 1.291079812206572495e-03 1.173708920187793128e-04 7.053990610328636501e-02 1.068075117370891752e-02 1.173708920187793128e-04 1.173708920187793128e-04
2.563510392609699012e-02 2.309468822170900114e-04 2.309468822170900114e-04 2.540415704387990505e-03 3.512702078521938720e-01 9.468822170900689436e-03 2.794457274826788948e-02 6.720554272517319239e-02 2.309468822170900114e-04 2.309468822170900114e-04 5.565819861431869214e-02 3.487297921478058754e-02 6.720554272517319239e-02 2.309468822170900114e-04 2.540415704387990505e-03 2.563510392609699012e-02 2.540415704387990505e-03 1.249422632794457005e-01 2.309468822170900114e-04 2.309468822170900114e-04 2.540415704387990505e-03 1.503464203233255692e-01 2.309468822170900114e-04 2.309468822170900114e-04 2.309468822170900114e-04 2.309468822170900114e-04 2.309468822170900114e-04 2.309468822170900114e-04 2.309468822170900114e-04 4.642032332563509472e-02
2.881844380403457266e-04 2.881844380403457266e-04 2.881844380403457266e-04 2.881844380403457266e-04 8.962536023054752665e-02 1.469740634005763102e-02 1.469740634005763102e-02 3.775216138328529175e-02 4.639769452449566539e-02 8.097982708933715301e-02 2.881844380403457266e-04 3.170028818443803263e-03 8.386167146974060627e-02 2.881844380403457266e-04 2.881844380403457266e-04 6.080691642651295248e-02 1.155619596541786337e-01 2.881844380403457266e-04 2.881844380403457266e-04 2.798270893371757051e-01 2.881844380403457266e-04 1.559077809798270486e-01 2.881844380403457266e-04 8.933717579250717578e-03 2.881844380403457266e-04 2.881844380403457266e-04 2.881844380403457266e-04 2.881844380403457266e-04 2.881844380403457266e-04 3.170028818443803263e-03
2.141327623126337962e-04 2.141327623126337962e-04 2.141327623126337962e-04 2.141327623126337962e-04 3.278372591006423198e-01 2.141327623126337962e-04 2.141327623126337962e-04 2.141327623126337962e-04 2.141327623126337962e-04 4.304068522483939230e-02 3.661670235546037738e-02 2.591006423982868817e-02 2.141327623126337962e-04 8.779443254817984044e-03 2.141327623126337962e-04 5.160599571734474089e-02 9.229122055674515712e-02 2.141327623126337962e-04 1.520342612419699722e-02 1.800856531049249976e-01 2.141327623126337962e-04 2.122055674518200652e-01 2.141327623126337962e-04 2.141327623126337962e-04 2.355460385438971731e-03 2.141327623126337962e-04 2.141327623126337962e-04 2.141327623126337962e-04 2.141327623126337962e-04 2.141327623126337962e-04
1.383125864453665249e-04 1.383125864453665249e-04 1.383125864453665249e-04 5.670816044260026598e-03 1.080221300138312357e-01 2.365145228215767559e-02 1.383125864453665249e-04 1.950207468879667713e-02 1.521438450899031611e-03 1.383125864453665249e-04 1.383125864453665249e-04 1.383125864453665249e-04 2.641770401106500327e-02 4.287690179806361891e-03 1.383125864453665249e-04 1.564315352697095152e-01 1.521438450899031611e-03 2.365145228215767559e-02 4.287690179806361891e-03 1.024896265560165803e-01 1.383125864453665249e-04 1.979253112033194650e-01 2.641770401106500327e-02 1.383125864453665249e-04 1.396957123098201657e-02 1.813278008298754851e-01 1.383125864453665249e-04 1.383125864453665249e-04 1.011065006915629061e-01 1.383125864453665249e-04
7.236842105263161309e-03 6.578947368421055736e-04 6.578947368421055736e-04 1.381578947368421705e-02 3.355263157894737558e-02 6.578947368421055736e-04 6.578947368421055736e-04 6.578947368421055736e-04 2.039473684210527105e-02 6.578947368421055736e-04 6.578947368421055736e-04 6.578947368421055736e-04 7.236842105263161309e-03 7.302631578947370306e-02 1.381578947368421705e-02 6.578947368421055736e-04 2.039473684210527105e-02 2.039473684210527105e-02 7.236842105263161309e-03 1.519736842105263719e-01 6.578947368421055736e-04 6.578947368421055736e-04 6.578947368421055736e-04 5.993421052631581203e-01 6.578947368421055736e-04 6.578947368421055736e-04 6.578947368421055736e-04 2.039473684210527105e-02 6.578947368421055736e-04 6.578947368421055736e-04
2.127659574468084708e-03 5.996131528046420855e-03 5.822050290135395711e-02 7.930367504835587195e-03 1.934235976789167965e-04 1.934235976789167965e-04 1.934235976789167965e-04 1.934235976789167965e-04 1.934235976789167965e-04 7.930367504835587195e-03 5.996131528046420855e-03 7.949709864603479725e-02 1.934235976789167965e-04 2.920696324951643427e-02 2.127659574468084708e-03 1.934235976789167965e-04 1.626692456479690019e-01 3.500967117988394023e-02 1.934235976789167965e-04 2.090909090909090218e-01 1.934235976789167965e-04 2.727272727272726446e-02 1.934235976789167965e-04 3.367504835589941181e-01 1.934235976789167965e-04 2.127659574468084708e-03 1.760154738878142583e-02 1.934235976789167965e-04 7.930367504835587195e-03 1.934235976789167965e-04
1.672240802675584929e-04 1.672240802675584929e-04 1.672240802675584929e-04 1.672240802675584929e-04 2.175585284280935894e-01 1.672240802675584929e-04 1.672240802675584929e-04 1.672240802675584929e-04 2.190635451505016165e-02 1.672240802675584929e-04 4.698996655518394155e-02 1.672240802675584929e-04 1.672240802675584929e-04 1.672240802675584929e-04 3.511705685618728406e-03 6.371237458193979020e-02 2.190635451505016165e-02 1.672240802675584929e-04 1.672240802675584929e-04 2.859531772575250527e-02 1.672240802675584929e-04 1.707357859531772049e-01 1.856187290969899331e-02 1.672240802675584929e-04 1.672240802675584929e-04 1.672240802675584929e-04 1.839464882943143585e-03 3.797658862876253094e-01 1.672240802675584929e-04 2.190635451505016165e-02
4.074074074074073709e-03 2.259259259259258773e-02 1.518518518518518004e-02 3.703703703703702978e-04 3.703703703703702978e-04 4.074074074074073709e-03 1.888888888888888215e-02 1.888888888888888215e-02 7.777777777777776687e-03 3.703703703703702978e-04 3.703703703703702978e-04 4.851851851851850944e-02 7.777777777777776687e-03 3.703703703703702978e-04 9.666666666666665075e-02 4.074074074074073709e-03 3.522222222222221033e-01 3.703703703703702978e-04 3.703703703703702978e-04 3.703703703703702978e-04 3.703703703703702978e-04 1.374074074074073948e-01 3.703703703703702978e-04 1.003703703703703598e-01 3.703703703703702978e-04 3.703703703703702978e-04 1.337037037037036857e-01 2.259259259259258773e-02 3.703703703703702978e-04 3.703703703703702978e-04
3.246753246753246208e-04 3.246753246753246208e-04 3.571428571428570883e-03 3.246753246753246208e-04 3.246753246753246208e-04 3.246753246753246208e-04 3.571428571428570883e-03 6.818181818181816983e-03 3.246753246753246208e-04 3.246753246753246208e-04 3.246753246753246208e-04 2.629870129870129358e-02 3.571428571428570883e-03 3.246753246753246208e-04 3.246753246753246208e-04 3.246753246753246208e-04 3.246753246753246208e-04 3.246753246753246208e-04 3.246753246753246208e-04 3.246753246753246208e-04 3.246753246753246208e-04 2.178571428571428048e-01 3.246753246753246208e-04 3.246753246753246208e-04 3.246753246753246208e-04 7.243506493506491895e-01 3.246753246753246208e-04 3.246753246753246208e-04 6.818181818181816983e-03 3.246753246753246208e-04
3.984063745019921551e-04 3.984063745019921551e-04 3.984063745019921551e-04 3.984063745019921551e-04 2.593625498007968710e-01 3.984063745019921551e-04 3.984063745019921551e-04 4.382470119521913489e-03 3.984063745019921551e-04 4.382470119521913489e-03 3.984063745019921551e-04 3.984063745019921551e-04 3.984063745019921551e-04 3.984063745019921551e-04 3.984063745019921551e-04 2.394422310756972594e-01 3.984063745019921551e-04 3.984063745019921551e-04 3.984063745019921551e-04 1.235059760956175659e-02 4.382470119521913489e-03 1.557768924302789237e-01 2.430278884462151734e-02 9.203187250996018587e-02 3.984063745019921551e-04 3.984063745019921551e-04 3.984063745019921551e-04 3.984063745019921551e-04 1.956175298804781471e-01 3.984063745019921551e-04
1.786821705426355766e-01 4.263565891472866423e-03 3.139534883720928454e-02 3.875968992248060335e-04 6.627906976744184220e-02 3.875968992248060335e-04 3.875968992248060335e-04 1.589147286821704710e-02 4.263565891472866423e-03 3.875968992248060335e-04 3.875968992248060335e-04 2.368217054263564991e-01 3.875968992248060335e-04 3.875968992248060335e-04 8.139534883720926650e-03 1.282945736434107920e-01 3.875968992248060335e-04 1.589147286821704710e-02 3.875968992248060335e-04 1.244186046511627369e-01 3.875968992248060335e-04 1.050387596899224341e-01 1.589147286821704710e-02 1.589147286821704710e-02 3.875968992248060335e-04 3.875968992248060335e-04 4.302325581395347043e-02 3.875968992248060335e-04 3.875968992248060335e-04 3.875968992248060335e-04
2.222222222222221787e-04 2.222222222222221787e-04 2.222222222222221787e-04 2.222222222222221787e-04 3.735555555555554741e-01 2.222222222222221787e-04 2.222222222222221787e-04 2.222222222222221787e-04 5.355555555555554376e-02 2.222222222222221787e-04 4.244444444444443743e-02 2.222222222222221787e-04 4.466666666666666008e-02 2.222222222222221787e-04 2.222222222222221787e-04 1.646666666666666001e-01 2.444444444444443965e-03 2.222222222222221787e-04 2.444444444444443965e-03 1.024444444444444213e-01 2.222222222222221787e-04 1.557777777777777373e-01 1.577777777777777252e-02 2.222222222222221787e-04 2.222222222222221787e-04 4.666666666666665318e-03 2.222222222222221787e-04 2.688888888888888232e-02 2.222222222222221787e-04 6.888888888888887105e-03
4.975124378109454593e-04 4.975124378109454593e-04 4.975124378109454593e-04 3.532338308457712295e-02 4.975124378109454593e-04 4.975124378109454593e-04 4.975124378109454593e-04 4.975124378109454593e-04 5.472636815920400161e-03 4.975124378109454593e-04 4.975124378109454593e-04 1.945273631840796769e-01 4.975124378109454593e-04 4.975124378109454593e-04 4.975124378109454593e-04 9.502487562189057546e-02 1.199004975124378508e-01 4.975124378109454593e-04 4.975124378109454593e-04 5.522388059701494045e-02 4.975124378109454593e-04 3.532338308457712295e-02 4.975124378109454593e-04 4.432835820895523193e-01 4.975124378109454593e-04 4.975124378109454593e-04 4.975124378109454593e-04 4.975124378109454593e-04 5.472636815920400161e-03 4.975124378109454593e-04
1.782531194295899587e-04 4.295900178253118235e-02 1.782531194295899587e-04 3.743315508021388942e-03 1.782531194295899587e-04 4.474153297682707808e-02 5.525846702317288583e-03 1.782531194295899587e-04 5.721925133689837600e-02 1.782531194295899587e-04 1.265597147950088541e-02 1.782531194295899587e-04 1.782531194295899587e-04 4.117647058823527967e-02 1.782531194295899587e-04 3.299465240641709651e-01 3.226381461675578016e-02 1.782531194295899587e-04 1.285204991087343374e-01 3.761140819964348125e-02 2.335115864527628066e-02 1.819964349376113344e-01 9.090909090909086998e-03 1.782531194295899587e-04 1.782531194295899587e-04 1.782531194295899587e-04 2.156862745098038145e-02 1.782531194295899587e-04 1.782531194295899587e-04 2.513368983957218333e-02
2.012072434607645557e-04 2.012072434607645557e-04 2.012072434607645557e-04 2.012072434607645557e-04 3.261569416498993346e-01 1.428571428571428180e-02 8.249496981891346267e-03 3.239436619718309707e-02 2.012072434607645557e-04 2.012072434607645557e-04 8.470824949698187167e-02 2.012072434607645557e-04 1.209255533199194987e-01 4.044265593561367778e-02 2.012072434607645557e-04 6.237424547283701090e-03 2.012072434607645557e-04 4.849094567404425848e-02 2.012072434607645557e-04 7.867203219315893614e-02 2.213279678068410302e-03 1.490945674044265035e-01 2.012072434607645557e-04 1.830985915492957389e-02 2.012072434607645557e-04 8.249496981891346267e-03 8.249496981891346267e-03 1.830985915492957389e-02 6.237424547283701090e-03 2.635814889336015460e-02
1.845018450184501520e-04 1.863468634686346256e-02 1.845018450184501520e-04 1.845018450184501520e-04 1.035055350553505393e-01 3.874538745387453437e-03 1.845018450184501520e-04 6.845018450184500725e-02 1.845018450184501520e-04 3.874538745387453437e-03 3.154981549815497749e-02 9.409594095940956859e-03 3.154981549815497749e-02 5.719557195571954578e-03 1.845018450184501520e-04 1.845018450184501520e-04 2.029520295202951862e-03 2.601476014760147060e-02 4.077490774907748666e-02 8.690036900369002559e-02 1.845018450184501520e-04 2.142066420664206217e-01 1.845018450184501520e-04 1.845018450184501520e-04 1.845018450184501520e-04 1.845018450184501520e-04 1.845018450184501520e-04 3.064575645756456579e-01 1.845018450184501520e-04 4.446494464944648894e-02
2.910052910052909544e-03 1.349206349206348750e-02 2.645502645502644597e-04 2.645502645502644597e-04 1.140211640211639954e-01 2.142857142857142183e-02 2.645502645502644597e-04 2.645502645502644597e-04 2.645502645502644597e-04 2.645502645502644597e-04 2.645502645502644597e-04 1.613756613756613112e-02 4.788359788359787539e-02 2.645502645502644597e-04 2.645502645502644597e-04 2.542328042328041438e-01 2.645502645502644597e-04 2.645502645502644597e-04 2.645502645502644597e-04 2.145502645502644634e-01 2.645502645502644597e-04 1.219576719576719315e-01 1.349206349206348750e-02 2.645502645502644597e-04 2.645502645502644597e-04 1.298941798941798675e-01 3.201058201058200325e-02 2.645502645502644597e-04 1.349206349206348750e-02 2.645502645502644597e-04
4.310344827586207921e-04 4.310344827586207921e-04 4.310344827586207921e-04 4.310344827586207921e-04 4.741379310344829255e-03 4.310344827586207921e-04 4.310344827586207921e-04 4.310344827586207921e-04 4.310344827586207921e-04 4.741379310344829255e-03 4.310344827586207921e-04 9.051724137931036959e-03 4.310344827586207921e-04 6.939655172413795869e-02 4.310344827586207921e-04 4.310344827586207921e-04 6.508620689655174318e-02 4.310344827586207921e-04 4.310344827586207921e-04 4.784482758620690890e-02 4.310344827586207921e-04 1.038793103448276134e-01 4.310344827586207921e-04 6.728448275862070060e-01 9.051724137931036959e-03 4.310344827586207921e-04 4.741379310344829255e-03 4.310344827586207921e-04 4.310344827586207921e-04 4.310344827586207921e-04
7.518796992481203458e-04 7.518796992481203458e-04 7.518796992481203458e-04 7.518796992481203458e-04 8.270676691729324237e-03 7.518796992481203458e-04 7.518796992481203458e-04 9.849624060150376226e-02 7.518796992481203458e-04 7.518796992481203458e-04 7.518796992481203458e-04 7.518796992481203458e-04 7.518796992481203458e-04 8.270676691729324237e-03 1.578947368421052683e-02 1.962406015037594098e-01 1.511278195488721943e-01 7.518796992481203458e-04 7.518796992481203458e-04 2.037593984962406124e-01 1.578947368421052683e-02 8.345864661654135708e-02 7.518796992481203458e-04 2.037593984962406124e-01 7.518796992481203458e-04 7.518796992481203458e-04 7.518796992481203458e-04 7.518796992481203458e-04 7.518796992481203458e-04 7.518796992481203458e-04
2.028397565922920593e-04 2.028397565922920593e-04 2.028397565922920593e-04 2.028397565922920593e-04 2.010141987829613952e-01 2.028397565922920593e-04 2.028397565922920593e-04 2.028397565922920593e-04 2.048681541582149726e-02 2.028397565922920593e-04 9.148073022312371017e-02 2.028397565922920593e-04 1.845841784989857640e-02 2.028397565922920593e-04 2.028397565922920593e-04 2.028397565922920593e-04 2.028397565922920593e-04 2.028397565922920593e-04 5.294117647058822762e-02 1.016227180527383145e-01 2.028397565922920593e-04 1.482758620689654805e-01 2.028397565922920593e-04 2.028397565922920593e-04 2.028397565922920593e-04 2.048681541582149726e-02 2.231237322515212517e-03 3.348884381338741445e-01 2.231237322515212517e-03 2.231237322515212517e-03
3.105590062111800815e-04 3.105590062111800815e-04 3.105590062111800815e-04 3.105590062111800815e-04 3.105590062111800815e-04 3.105590062111800815e-04 3.105590062111800815e-04 3.105590062111800815e-04 3.105590062111800815e-04 3.105590062111800815e-04 3.105590062111800815e-04 4.068322981366458840e-02 3.105590062111800815e-04 3.105590062111800815e-04 3.105590062111800815e-04 3.105590062111800815e-04 3.105590062111800815e-04 3.136645962732918791e-02 3.105590062111800815e-04 3.416149068322981222e-03 3.105590062111800815e-04 2.549689440993788137e-01 1.583850931677018362e-02 3.105590062111800815e-04 6.521739130434781387e-03 5.965838509316768734e-01 3.105590062111800815e-04 3.105590062111800815e-04 4.068322981366458840e-02 3.416149068322981222e-03
1.388888888888888617e-04 2.930555555555554997e-02 1.388888888888888617e-04 1.388888888888888617e-04 1.402777777777777270e-02 1.388888888888888617e-04 1.958333333333332760e-02 3.862499999999999267e-01 1.958333333333332760e-02 1.388888888888888617e-04 1.402777777777777270e-02 1.527777777777777424e-03 1.958333333333332760e-02 1.388888888888888617e-04 1.388888888888888617e-04 1.263888888888888354e-02 1.388888888888888617e-04 1.388888888888888617e-04 4.041666666666665630e-02 2.236111111111110591e-02 1.388888888888888617e-04 1.862499999999999434e-01 1.154166666666666258e-01 1.388888888888888617e-04 4.597222222222221294e-02 1.388888888888888617e-04 6.958333333333331649e-02 1.388888888888888617e-04 1.527777777777777424e-03 1.388888888888888617e-04
2.751677852348993411e-02 7.382550335570471460e-03 6.107382550335571647e-02 6.711409395973156168e-04 2.080536912751678250e-02 1.953020134228188320e-01 6.711409395973156168e-04 1.409395973154362741e-02 7.382550335570471460e-03 1.409395973154362741e-02 6.711409395973156168e-04 1.409395973154362741e-02 6.711409395973156168e-04 6.711409395973156168e-04 6.711409395973156168e-04 2.489932885906040727e-01 6.107382550335571647e-02 6.711409395973156168e-04 6.711409395973156168e-04 2.080536912751678250e-02 6.711409395973156168e-04 7.449664429530201970e-02 6.711409395973156168e-04 2.087248322147651491e-01 6.711409395973156168e-04 7.382550335570471460e-03 7.382550335570471460e-03 6.711409395973156168e-04 6.711409395973156168e-04 6.711409395973156168e-04
1.240259740259740534e-01 6.493506493506494585e-04 3.961038961038961664e-02 6.493506493506494585e-04 6.493506493506494585e-04 6.493506493506494585e-04 6.493506493506494585e-04 6.493506493506494585e-04 4.610389610389611231e-02 6.493506493506494585e-04 6.493506493506494585e-04 6.493506493506494585e-04 6.493506493506494585e-04 7.142857142857144369e-03 1.363636363636363917e-02 1.435064935064935543e-01 6.493506493506494585e-04 6.493506493506494585e-04 6.493506493506494585e-04 6.493506493506494585e-04 6.493506493506494585e-04 2.662337662337662531e-02 6.493506493506494585e-04 6.493506493506494585e-04 2.012987012987013311e-02 3.311688311688312097e-02 5.331168831168832112e-01 6.493506493506494585e-04 6.493506493506494585e-04 6.493506493506494585e-04
1.879699248120300322e-04 1.879699248120300322e-04 1.879699248120300322e-04 3.214285714285713969e-02 8.477443609022554394e-02 1.879699248120300322e-04 2.650375939849623427e-02 3.214285714285713969e-02 1.879699248120300322e-04 1.879699248120300322e-04 3.402255639097744033e-02 3.947368421052630839e-03 4.718045112781954487e-02 1.879699248120300322e-04 1.879699248120300322e-04 1.879699248120300322e-04 1.879699248120300322e-04 2.086466165413533233e-02 1.879699248120300322e-04 1.522556390977443212e-02 1.879699248120300322e-04 1.994360902255638557e-01 1.879699248120300322e-04 1.146616541353383083e-02 1.879699248120300322e-04 7.706766917293230400e-03 1.016917293233082498e-01 3.592105263157893691e-01 1.879699248120300322e-04 2.086466165413533233e-02
2.118644067796609837e-04 2.118644067796609837e-04 2.330508474576270875e-03 2.118644067796609837e-04 2.118644067796609837e-04 2.118644067796609837e-04 2.118644067796609837e-04 2.118644067796609837e-04 2.118644067796609837e-04 2.118644067796609837e-04 2.118644067796609837e-04 3.411016949152542027e-02 2.118644067796609837e-04 1.716101694915253897e-02 2.118644067796609837e-04 2.118644067796609837e-04 2.118644067796609837e-04 8.686440677966098325e-03 2.775423728813558588e-02 3.137711864406778628e-01 2.118644067796609837e-04 1.082627118644067521e-01 2.118644067796609837e-04 4.832627118644066688e-01 2.118644067796609837e-04 2.118644067796609837e-04 2.118644067796609837e-04 2.118644067796609837e-04 2.118644067796609837e-04 2.118644067796609837e-04
3.891050583657586735e-04 3.891050583657586735e-04 3.891050583657586735e-04 3.891050583657586735e-04 3.891050583657586735e-04 3.891050583657586735e-04 1.365758754863813096e-01 3.891050583657586735e-04 3.891050583657586735e-04 3.891050583657586735e-04 3.891050583657586735e-04 1.093385214007781964e-01 3.891050583657586735e-04 8.171206225680932578e-03 5.486381322957196993e-02 3.891050583657586735e-04 3.891050583657586735e-04 4.280155642023345842e-03 3.891050583657586735e-04 3.891050583657586735e-04 3.891050583657586735e-04 1.677042801556419827e-01 3.891050583657586735e-04 3.891050583657586735e-04 3.891050583657586735e-04 5.062256809338520069e-01 4.280155642023345842e-03 3.891050583657586735e-04 3.891050583657586735e-04 3.891050583657586735e-04
2.744565217391303422e-02 2.717391304347825578e-04 5.706521739130433063e-03 3.831521739130433479e-02 1.361413043478260365e-01 2.717391304347825578e-04 2.717391304347825578e-04 2.717391304347825578e-04 8.423913043478259075e-03 2.717391304347825578e-04 2.717391304347825578e-04 1.114130434782608335e-02 5.706521739130433063e-03 2.717391304347825578e-04 2.989130434782607919e-03 2.717391304347825578e-04 2.717391304347825578e-04 2.717391304347825578e-04 2.717391304347825578e-04 2.964673913043477382e-01 2.717391304347825578e-04 1.252717391304347394e-01 2.744565217391303422e-02 3.073369565217390353e-01 2.717391304347825578e-04 2.989130434782607919e-03 2.717391304347825578e-04 2.717391304347825578e-04 2.717391304347825578e-04 2.717391304347825578e-04
2.173913043478260137e-04 2.173913043478260137e-04 6.739130434782606045e-03 2.173913043478260137e-04 2.173913043478260137e-04 2.173913043478260137e-04 8.913043478260865640e-03 2.173913043478260137e-04 2.173913043478260137e-04 2.173913043478260137e-04 2.173913043478260137e-04 8.913043478260865640e-03 2.173913043478260137e-04 2.391304347826086422e-03 2.173913043478260137e-04 3.717391304347825165e-02 2.173913043478260137e-04 2.173913043478260137e-04 4.565217391304346450e-03 2.415217391304346761e-01 8.913043478260865640e-03 1.176086956521738697e-01 4.565217391304346450e-03 4.458695652173911284e-01 1.978260869565216448e-02 5.673913043478259061e-02 3.282608695652172726e-02 2.173913043478260137e-04 2.173913043478260137e-04 2.173913043478260137e-04
2.028397565922920322e-04 2.028397565922920322e-04 1.034482758620689294e-02 2.028397565922920322e-04 4.888438133874237895e-02 2.028397565922920322e-04 2.028397565922920322e-04 4.259634888438132948e-03 1.034482758620689294e-02 2.028397565922920322e-04 2.028397565922920322e-04 2.028397565922920322e-04 2.028397565922920322e-04 2.028397565922920322e-04 2.231237322515212517e-03 2.028397565922920322e-04 1.440162271805273293e-02 2.028397565922920322e-04 4.259634888438132948e-03 2.273833671399593526e-01 2.028397565922920322e-04 7.119675456389450152e-02 2.028397565922920322e-04 5.681541582150100300e-01 2.028397565922920322e-04 2.028397565922920322e-04 2.028397565922920322e-04 2.028397565922920322e-04 3.468559837728193984e-02 2.028397565922920322e-04
2.873563218390804016e-04 3.160919540229884146e-03 2.873563218390804016e-04 2.873563218390804016e-04 2.873563218390804016e-04 3.160919540229884146e-03 2.873563218390804016e-04 2.873563218390804016e-04 2.873563218390804016e-04 3.160919540229884146e-03 3.160919540229884146e-03 2.873563218390804016e-04 6.034482758620687837e-03 2.873563218390804016e-04 8.908045977011492395e-03 2.873563218390804016e-04 2.873563218390804016e-04 8.908045977011492395e-03 4.339080459770113668e-02 4.626436781609194471e-02 2.873563218390804016e-04 6.350574712643676512e-02 5.775862068965515600e-02 5.318965517241377450e-01 3.189655172413791845e-02 2.873563218390804016e-04 3.764367816091952756e-02 2.873563218390804016e-04 1.468390804597700661e-01 2.873563218390804016e-04
7.236842105263159575e-03 6.578947368421054652e-04 6.578947368421054652e-04 6.578947368421054652e-04 6.578947368421054652e-04 6.578947368421054652e-04 6.578947368421054652e-04 7.302631578947368918e-02 6.578947368421054652e-04 6.578947368421054652e-04 6.578947368421054652e-04 2.039473684210526758e-02 2.039473684210526758e-02 6.578947368421054652e-04 6.578947368421054652e-04 6.578947368421054652e-04 2.697368421052631984e-02 6.578947368421054652e-04 2.039473684210526758e-02 1.125000000000000305e-01 6.578947368421054652e-04 6.578947368421054652e-04 6.578947368421054652e-04 5.072368421052632081e-01 5.328947368421053238e-02 9.934210526315791212e-02 4.671052631578948011e-02 6.578947368421054652e-04 6.578947368421054652e-04 6.578947368421054652e-04
2.570480928689884963e-03 8.291873963515758558e-05 8.291873963515758558e-05 8.291873963515758558e-05 8.291873963515758558e-05 8.291873963515758558e-05 8.291873963515758558e-05 8.291873963515758558e-05 8.291873963515758558e-05 8.291873963515758558e-05 4.228855721393035699e-03 9.121061359867334685e-04 8.291873963515758558e-05 2.570480928689884963e-03 1.741293532338309162e-03 8.291873963515758558e-05 1.417910447761194619e-02 8.291873963515758558e-05 8.291873963515758558e-05 4.983416252072970370e-02 8.291873963515758558e-05 7.968490878938642996e-02 8.291873963515758558e-05 7.753731343283585264e-01 8.291873963515758558e-05 1.749585406301824853e-02 8.291873963515758558e-05 8.291873963515758558e-05 4.983416252072970370e-02 8.291873963515758558e-05
1.915708812260536191e-04 1.915708812260536191e-04 7.490421455938696405e-02 1.915708812260536191e-04 1.915708812260536191e-04 1.934865900383141157e-02 1.915708812260536191e-04 1.915708812260536191e-04 1.915708812260536191e-04 7.854406130268196812e-03 1.915708812260536191e-04 1.915708812260536191e-04 1.915708812260536191e-04 1.915708812260536191e-04 1.915708812260536191e-04 1.915708812260536191e-04 1.915708812260536191e-04 1.743295019157087636e-02 1.915708812260536191e-04 1.189655172413792844e-01 2.107279693486589865e-03 1.266283524904214253e-01 1.915708812260536191e-04 4.350574712643677233e-01 1.551724137931034114e-02 6.149425287356320713e-02 1.170498084291187457e-01 1.915708812260536191e-04 1.915708812260536191e-04 1.915708812260536191e-04
8.127659574468086567e-02 4.255319148936170717e-04 5.148936170212766589e-02 3.872340425531915070e-02 4.255319148936170717e-04 4.255319148936170717e-04 8.936170212765959589e-03 4.255319148936170717e-04 4.255319148936170717e-04 1.744680851063830015e-02 8.936170212765959589e-03 4.255319148936170717e-04 4.255319148936170717e-04 4.255319148936170717e-04 4.680851063829788439e-03 3.872340425531915070e-02 8.936170212765959589e-03 4.255319148936170717e-04 4.255319148936170717e-04 4.255319148936170717e-04 1.451063829787234416e-01 5.148936170212766589e-02 6.851063829787235049e-02 4.255319148936170717e-04 4.255319148936170717e-04 4.255319148936170717e-04 4.514893617021276673e-01 4.255319148936170717e-04 1.744680851063830015e-02 4.255319148936170717e-04
3.174603174603173516e-04 3.174603174603173516e-04 9.841269841269838226e-03 3.174603174603173516e-04 3.174603174603173516e-04 1.114285714285713907e-01 3.174603174603173516e-04 3.174603174603173516e-04 3.174603174603173516e-04 3.174603174603173516e-04 3.174603174603173516e-04 3.174603174603173516e-04 3.174603174603173516e-04 9.555555555555553249e-02 3.174603174603173516e-04 1.114285714285713907e-01 3.174603174603173516e-04 3.174603174603173516e-04 4.158730158730156862e-02 3.492063492063491193e-03 3.174603174603173516e-04 1.368253968253967667e-01 3.174603174603173516e-04 3.174603174603173516e-04 3.174603174603173516e-04 4.796825396825394883e-01 3.174603174603173516e-04 3.492063492063491193e-03 3.174603174603173516e-04 3.174603174603173516e-04
4.366812227074235906e-04 4.366812227074235906e-04 4.366812227074235906e-04 4.366812227074235906e-04 4.366812227074235906e-04 4.366812227074235906e-04 4.366812227074235906e-04 1.227074235807860264e-01 4.366812227074235906e-04 4.366812227074235906e-04 1.353711790393013169e-02 4.366812227074235906e-04 4.366812227074235906e-04 7.030567685589519944e-02 4.366812227074235906e-04 9.650655021834061986e-02 1.532751091703056789e-01 6.157205240174672134e-02 4.366812227074235906e-04 1.620087336244541432e-01 4.366812227074235906e-04 2.362445414847161584e-01 4.366812227074235906e-04 4.366812227074235906e-04 4.366812227074235906e-04 7.030567685589519944e-02 4.366812227074235906e-04 4.366812227074235906e-04 4.366812227074235906e-04 4.803493449781659659e-03
5.405405405405407657e-04 2.216216216216216825e-02 5.405405405405407657e-04 5.405405405405407657e-04 5.405405405405407657e-04 2.756756756756757396e-02 5.405405405405407657e-04 1.140540540540540965e-01 2.756756756756757396e-02 5.459459459459461289e-02 5.405405405405407657e-04 5.459459459459461289e-02 5.405405405405407657e-04 5.405405405405407657e-04 1.194594594594595022e-01 2.756756756756757396e-02 4.275675675675676413e-01 5.405405405405407657e-04 5.405405405405407657e-04 5.405405405405407657e-04 5.945945945945948531e-03 2.756756756756757396e-02 6.540540540540541736e-02 5.405405405405407657e-04 1.675675675675676254e-02 5.405405405405407657e-04 5.405405405405407657e-04 5.405405405405407657e-04 5.405405405405407657e-04 5.405405405405407657e-04
2.114164904862578882e-04 2.114164904862578882e-04 2.114164904862578882e-04 2.114164904862578882e-04 2.114164904862578882e-04 2.114164904862578882e-04 2.114164904862578882e-04 2.325581395348836743e-03 4.249471458773783350e-02 3.615221987315010016e-02 2.325581395348836743e-03 2.114164904862578882e-04 9.534883720930230344e-02 2.114164904862578882e-04 2.558139534883720201e-02 7.209302325581394555e-02 2.135306553911204414e-02 2.114164904862578882e-04 2.135306553911204414e-02 6.575052854122620527e-02 2.114164904862578882e-04 1.376321353065538544e-01 1.101479915433403595e-01 6.553911205073994183e-03 1.501057082452430906e-02 2.114164904862578882e-04 2.114164904862578882e-04 1.501057082452430906e-02 3.279069767441859518e-01 2.114164904862578882e-04
2.770083102493073931e-04 3.047091412742381541e-03 2.770083102493073931e-04 2.770083102493073931e-04 2.770083102493073931e-04 5.817174515235455472e-03 5.817174515235455472e-03 2.578947368421051767e-01 2.770083102493073931e-04 2.770083102493073931e-04 2.770083102493073931e-04 2.770083102493073931e-04 2.243767313019389906e-02 2.770083102493073931e-04 5.844875346260386406e-02 6.675900277008307848e-02 1.083102493074791922e-01 8.891966759002767340e-02 2.770083102493073931e-04 3.628808864265926915e-02 2.770083102493073931e-04 2.440443213296397962e-01 2.770083102493073931e-04 5.817174515235455472e-03 2.770083102493073931e-04 9.168975069252074950e-02 2.770083102493073931e-04 2.770083102493073931e-04 2.770083102493073931e-04 2.770083102493073931e-04
3.463414634146341764e-02 4.878048780487805958e-04 2.487804878048780616e-02 4.878048780487805958e-04 4.878048780487805958e-04 7.853658536585367278e-02 1.175609756097561187e-01 1.024390243902439240e-02 4.926829268292683139e-02 9.317073170731708653e-02 4.878048780487805958e-04 4.878048780487805958e-04 4.878048780487805958e-04 4.878048780487805958e-04 4.878048780487805958e-04 9.317073170731708653e-02 3.175609756097561021e-01 4.878048780487805958e-04 4.878048780487805958e-04 4.878048780487805958e-04 4.878048780487805958e-04 3.951219512195121991e-02 6.390243902439024515e-02 3.463414634146341764e-02 1.512195121951219814e-02 4.878048780487805958e-04 1.512195121951219814e-02 4.878048780487805958e-04 4.878048780487805958e-04 5.365853658536586662e-03
1.319148936170213074e-02 3.021276595744681534e-02 4.255319148936171259e-04 4.255319148936171259e-04 4.255319148936171259e-04 6.851063829787236437e-02 4.255319148936171259e-04 1.068085106382979099e-01 4.255319148936171259e-04 1.493617021276596180e-01 4.255319148936171259e-04 4.255319148936171259e-04 4.255319148936171259e-04 4.255319148936171259e-04 4.255319148936171259e-04 4.255319148936171259e-04 3.876595744680851885e-01 4.255319148936171259e-04 3.021276595744681534e-02 4.255319148936171259e-04 4.255319148936171259e-04 6.851063829787236437e-02 6.000000000000001166e-02 4.255319148936171259e-04 4.680851063829788439e-03 4.680851063829788439e-03 2.595744680851064246e-02 4.297872340425532706e-02 4.255319148936171259e-04 4.255319148936171259e-04
6.802721088435375848e-04 6.802721088435375848e-04 6.802721088435375848e-04 6.802721088435375848e-04 6.802721088435375848e-04 6.802721088435375848e-04 6.802721088435375848e-04 3.204081632653061895e-01 3.469387755102041476e-02 6.802721088435375848e-04 6.802721088435375848e-04 6.802721088435375848e-04 6.802721088435375848e-04 1.428571428571428874e-02 6.802721088435375848e-04 6.802721088435375848e-04 6.870748299319728858e-02 2.455782312925170741e-01 6.802721088435375848e-04 1.027210884353741693e-01 6.802721088435375848e-04 1.027210884353741693e-01 6.802721088435375848e-04 6.802721088435375848e-04 6.802721088435375848e-04 9.591836734693878763e-02 6.802721088435375848e-04 6.802721088435375848e-04 6.802721088435375848e-04 6.802721088435375848e-04
4.405286343612334994e-04 4.405286343612334994e-04 4.405286343612334994e-04 4.405286343612334994e-04 4.405286343612334994e-04 1.193832599118942739e-01 4.845814977973568818e-03 4.405286343612334994e-04 4.008810572687224183e-02 1.149779735682819465e-01 4.405286343612334994e-04 8.854625550660794042e-02 4.405286343612334994e-04 4.405286343612334994e-04 4.405286343612334994e-04 1.017621145374449365e-01 2.207048458149779846e-01 4.405286343612334994e-04 4.845814977973568818e-03 4.845814977973568818e-03 4.405286343612334994e-04 4.405286343612334994e-04 1.105726872246696052e-01 4.405286343612334994e-04 7.973568281938327174e-02 4.405286343612334994e-04 4.405286343612334994e-04 1.017621145374449365e-01 4.405286343612334994e-04 4.405286343612334994e-04
1.972386587771202549e-04 1.972386587771202549e-04 1.362919132149900681e-01 1.972386587771202549e-04 1.972386587771202549e-04 1.972386587771202549e-04 1.972386587771202549e-04 1.972386587771202549e-04 1.972386587771202549e-04 1.972386587771202549e-04 1.972386587771202549e-04 1.972386587771202549e-04 1.972386587771202549e-04 1.972386587771202549e-04 2.169625246548323103e-03 1.972386587771202549e-04 1.972386587771202549e-04 3.570019723865876932e-02 1.972386587771202549e-04 8.303747534516763007e-02 1.972386587771202549e-04 1.145956607495068613e-01 1.972386587771202549e-04 5.504930966469426812e-01 2.169625246548323103e-03 1.972386587771202549e-04 3.964497041420117496e-02 1.972386587771202549e-04 3.175542406311636368e-02 1.972386587771202549e-04
1.694915254237287978e-04 2.728813559322033552e-02 1.694915254237287978e-04 1.694915254237287978e-04 2.662711864406779316e-01 1.694915254237287978e-04 1.694915254237287978e-04 1.694915254237287978e-04 4.084745762711863848e-02 1.694915254237287978e-04 6.118644067796609465e-02 1.694915254237287978e-04 1.203389830508474340e-02 1.033898305084745423e-02 1.033898305084745423e-02 1.694915254237287978e-04 1.694915254237287978e-04 3.237288135593219957e-02 1.542372881355931827e-02 1.442372881355931946e-01 1.694915254237287978e-04 9.508474576271185030e-02 1.881355932203389314e-02 1.694915254237287978e-04 1.864406779661016830e-03 1.694915254237287978e-04 1.864406779661016830e-03 2.171186440677965457e-01 1.694915254237287978e-04 4.254237288135592765e-02
1.801801801801801558e-04 1.981981981981981687e-03 1.801801801801801558e-04 1.801801801801801558e-04 1.100900900900900758e-01 1.801801801801801558e-04 1.801801801801801558e-04 1.801801801801801558e-04 1.801801801801801558e-04 1.801801801801801558e-04 2.596396396396395967e-01 1.459459459459459124e-02 4.342342342342341704e-02 1.801801801801801558e-04 2.540540540540539918e-02 1.801801801801801558e-04 1.801801801801801558e-04 1.801801801801801558e-04 1.801801801801801558e-04 1.801801801801801558e-04 1.801801801801801558e-04 2.001801801801801339e-01 1.801801801801801558e-04 1.801801801801801558e-04 1.801801801801801558e-04 9.189189189189187271e-03 1.801801801801801558e-04 3.172972972972972205e-01 1.459459459459459124e-02 1.801801801801801558e-04
1.291989664082687230e-04 1.291989664082687230e-04 1.291989664082687230e-04 1.291989664082687230e-04 3.709302325581395054e-01 1.291989664082687230e-04 1.291989664082687230e-04 1.291989664082687230e-04 1.821705426356588775e-02 1.291989664082687230e-04 9.573643410852711311e-02 1.291989664082687230e-04 4.018087855297157451e-02 1.291989664082687230e-04 1.291989664082687230e-04 1.563307493540051427e-02 1.421188630490955980e-03 1.291989664082687230e-04 1.291989664082687230e-04 2.984496124031007364e-02 1.291989664082687230e-04 3.295865633074934742e-01 1.291989664082687230e-04 1.291989664082687230e-04 1.291989664082687230e-04 1.304909560723513905e-02 1.304909560723513905e-02 6.343669250645994628e-02 1.291989664082687230e-04 6.589147286821703600e-03
