1.572327044025157155e-04 1.572327044025157155e-04 3.806603773584905093e-01 2.531446540880502930e-02 1.588050314465408452e-02 1.511006289308175765e-01 1.572327044025157155e-04 1.572327044025157155e-04 1.572327044025157155e-04 1.572327044025157155e-04 1.572327044025157155e-04 1.572327044025157155e-04 1.572327044025157155e-04 1.572327044025157155e-04 2.216981132075471206e-02 1.572327044025157155e-04 1.572327044025157155e-04 9.591194968553456990e-03 1.572327044025157155e-04 1.430817610062892764e-02 1.572327044025157155e-04 1.794025157232704004e-01 1.259433962264150664e-01 1.572327044025157155e-04 1.572327044025157155e-04 6.462264150943394792e-02 8.018867924528300106e-03 1.572327044025157155e-04 1.572327044025157155e-04 1.572327044025157155e-04
1.233369683751362744e-01 1.090512540894220117e-04 1.090512540894220117e-04 3.391494002181024564e-02 1.090512540894220117e-04 1.090512540894220117e-04 1.090512540894220117e-04 8.833151581243181213e-03 1.090512540894220117e-04 1.090512540894220117e-04 8.833151581243181213e-03 1.090512540894220117e-04 1.090512540894220117e-04 5.354416575790620081e-02 2.846237731733914506e-02 1.090512540894220117e-04 3.380588876772081929e-03 1.090512540894220117e-04 7.742639040348961964e-03 2.498364231188658080e-01 1.199563794983642129e-03 2.018538713195201229e-01 1.090512540894220117e-04 1.090512540894220117e-04 7.742639040348961964e-03 1.582333696837513182e-01 8.080697928026168986e-02 1.090512540894220117e-04 3.064340239912758529e-02 1.090512540894220117e-04
4.761904761904762985e-04 3.857142857142857595e-02 1.000000000000000194e-02 4.761904761904762985e-04 8.142857142857144737e-02 4.761904761904762985e-04 4.761904761904762985e-04 8.619047619047620623e-02 4.761904761904762985e-04 4.761904761904762985e-04 4.761904761904762985e-04 4.761904761904762985e-04 4.761904761904762985e-04 4.761904761904762985e-04 6.714285714285715689e-02 5.285714285714285948e-02 4.809523809523810062e-02 4.761904761904762985e-04 4.761904761904762985e-04 3.671428571428571597e-01 4.761904761904762985e-04 1.195238095238095460e-01 4.761904761904762985e-04 4.761904761904762985e-04 4.761904761904762985e-04 4.761904761904762985e-04 8.619047619047620623e-02 3.380952380952381015e-02 4.761904761904762985e-04 4.761904761904762985e-04
2.147887323943661539e-02 3.521126760563379927e-04 3.521126760563379927e-04 5.669014084507041640e-02 3.521126760563379927e-04 3.521126760563379927e-04 3.521126760563379927e-04 3.521126760563379927e-04 3.521126760563379927e-04 1.091549295774647647e-02 7.394366197183097414e-03 3.521126760563379927e-04 8.485915492957744888e-02 3.521126760563379927e-04 1.795774647887323286e-02 2.499999999999999445e-02 7.077464788732393264e-02 3.521126760563379927e-04 5.390845070422534135e-01 3.521126760563379927e-04 3.521126760563379927e-04 3.521126760563379927e-04 3.521126760563379927e-04 3.521126760563379927e-04 4.260563380281689322e-02 1.165492957746478708e-01 3.521126760563379927e-04 3.521126760563379927e-04 3.521126760563379927e-04 3.521126760563379927e-04
2.107623318385649577e-02 3.139013452914797206e-03 7.638266068759340388e-02 2.705530642750373152e-02 1.242152466367712482e-01 1.494768310911808232e-04 4.037369207772794066e-01 7.488789237668158627e-02 1.494768310911808232e-04 3.139013452914797206e-03 1.061285500747383669e-02 1.494768310911808232e-04 1.494768310911808232e-04 1.494768310911808232e-04 2.705530642750373152e-02 1.494768310911808232e-04 1.494768310911808232e-04 1.494768310911808232e-04 1.494768310911808232e-04 1.494768310911808232e-04 1.494768310911808232e-04 1.494768310911808232e-04 1.644245142002989137e-03 1.494768310911808232e-04 1.494768310911808232e-04 1.735426008968609102e-01 1.061285500747383669e-02 1.494768310911808232e-04 1.494768310911808232e-04 4.050822122571000328e-02
1.226993865030674648e-04 1.226993865030674648e-04 1.852760736196318661e-02 2.430674846625766328e-01 2.098159509202453948e-02 9.705521472392636406e-02 1.226993865030674648e-04 2.576687116564416787e-03 1.349693251533742302e-03 1.226993865030674648e-04 1.361963190184048780e-02 1.226993865030674648e-04 9.938650306748463698e-03 1.226993865030674648e-04 1.226993865030674648e-04 1.349693251533742302e-03 2.576687116564416787e-03 5.042944785276073233e-02 1.226993865030674648e-04 2.834355828220858770e-02 1.226993865030674648e-04 2.576687116564416787e-03 2.946012269938649841e-01 1.226993865030674648e-04 6.257668711656440459e-03 1.988957055214723713e-01 1.226993865030674648e-04 1.226993865030674648e-04 6.257668711656440459e-03 1.226993865030674648e-04
2.132196162046907950e-04 2.132196162046907950e-04 2.132196162046907950e-04 4.477611940298506857e-03 2.132196162046907950e-04 2.345415778251598582e-03 6.609808102345414264e-03 3.219616204690830402e-02 2.132196162046907950e-04 6.609808102345414264e-03 2.132196162046907950e-04 8.742004264392321672e-03 2.132196162046907950e-04 2.132196162046907950e-04 1.899786780383794782e-01 2.132196162046907950e-04 4.820895522388058407e-01 2.132196162046907950e-04 1.430703624733475066e-01 2.132196162046907950e-04 2.132196162046907950e-04 2.132196162046907950e-04 2.132196162046907950e-04 2.132196162046907950e-04 2.132196162046907950e-04 1.196162046908315346e-01 2.132196162046907950e-04 2.132196162046907950e-04 2.132196162046907950e-04 2.132196162046907950e-04
4.405286343612334994e-04 9.251101321585903162e-03 4.405286343612334994e-04 1.546255506607929486e-01 2.687224669603524227e-02 4.405286343612334994e-04 2.339207048458149807e-01 4.405286343612334994e-04 4.405286343612334994e-04 4.845814977973568818e-03 9.251101321585903162e-03 4.405286343612334994e-04 4.405286343612334994e-04 4.405286343612334994e-04 1.365638766519823750e-02 4.405286343612334994e-04 6.651982378854624789e-02 4.405286343612334994e-04 4.405286343612334994e-04 4.405286343612334994e-04 4.405286343612334994e-04 4.405286343612334994e-04 3.969162995594713306e-01 2.246696035242290446e-02 4.405286343612334994e-04 3.127753303964757314e-02 2.246696035242290446e-02 4.405286343612334994e-04 4.405286343612334994e-04 4.405286343612334994e-04
2.628285356695869192e-03 1.251564455569461481e-04 6.770963704630786340e-02 1.251564455569461481e-04 2.640801001251564042e-02 1.251564455569461481e-04 3.192740926157696113e-01 3.391739674593240855e-02 1.264080100125155974e-02 8.648310387984978198e-02 1.251564455569461481e-04 1.251564455569461481e-04 1.251564455569461481e-04 8.898623279098870353e-02 4.392991239048810170e-02 1.251564455569461481e-04 1.251564455569461481e-04 1.251564455569461481e-04 1.251564455569461481e-04 1.251564455569461481e-04 1.251564455569461481e-04 8.523153942428031427e-02 1.251564455569461481e-04 1.251564455569461481e-04 1.251564455569461481e-04 1.928660826032539966e-01 1.376720901126407765e-03 1.251564455569461481e-04 1.251564455569461481e-04 3.642052565707133011e-02
6.051502145922747766e-02 4.291845493562233154e-04 4.467811158798283833e-01 4.291845493562233154e-04 4.334763948497855068e-02 1.248927038626609781e-01 4.291845493562233154e-04 8.626609442060088895e-02 4.291845493562233154e-04 4.291845493562233154e-04 4.291845493562233154e-04 4.291845493562233154e-04 4.291845493562233154e-04 9.055793991416312416e-02 4.291845493562233154e-04 2.618025751072962024e-02 4.291845493562233154e-04 4.291845493562233154e-04 4.291845493562233154e-04 4.291845493562233154e-04 4.291845493562233154e-04 4.291845493562233154e-04 4.721030042918456307e-03 4.291845493562233154e-04 4.291845493562233154e-04 2.188841201716738502e-02 4.291845493562233154e-04 4.291845493562233154e-04 9.012875536480689787e-03 7.768240343347641852e-02
7.042253521126762023e-04 7.042253521126762023e-04 5.704225352112676783e-02 7.042253521126762023e-04 7.042253521126762023e-04 7.042253521126762023e-04 7.042253521126762023e-04 4.295774647887324466e-02 7.042253521126762023e-04 1.478873239436620003e-02 7.042253521126762023e-04 7.042253521126762023e-04 7.042253521126762023e-04 7.042253521126762023e-04 7.042253521126762023e-04 7.042253521126762023e-04 5.704225352112676783e-02 7.042253521126762023e-04 7.042253521126762023e-04 7.042253521126762023e-04 7.042253521126762023e-04 7.042253521126762023e-04 1.556338028169014509e-01 7.042253521126762023e-04 5.711267605633804090e-01 5.704225352112676783e-02 7.042253521126762023e-04 7.042253521126762023e-04 2.887323943661972148e-02 7.042253521126762023e-04
2.663755458515284363e-02 4.366812227074236990e-04 4.366812227074236990e-04 4.847161572052402501e-02 4.366812227074236990e-04 4.366812227074236990e-04 4.366812227074236990e-04 4.366812227074236990e-04 4.366812227074236990e-04 2.663755458515284363e-02 4.366812227074236990e-04 4.366812227074236990e-04 4.366812227074236990e-04 1.969432314410480833e-01 4.366812227074236990e-04 1.353711790393013516e-02 4.366812227074236990e-04 4.366812227074236990e-04 4.366812227074236990e-04 5.812227074235809532e-01 4.366812227074236990e-04 3.973799126637555384e-02 4.366812227074236990e-04 4.366812227074236990e-04 4.366812227074236990e-04 3.100436681222707921e-02 4.366812227074236990e-04 4.366812227074236990e-04 2.663755458515284363e-02 4.366812227074236990e-04
5.215053763440859191e-02 1.792114695340501520e-04 1.596774193548386733e-01 7.544802867383511302e-02 1.792114695340501520e-04 1.883512544802866950e-01 1.792114695340501520e-04 1.792114695340501520e-04 1.792114695340501520e-04 1.792114695340501520e-04 1.792114695340501520e-04 1.792114695340501520e-04 1.792114695340501520e-04 1.792114695340501520e-04 5.555555555555554900e-03 1.792114695340501520e-04 5.555555555555554900e-03 1.792114695340501520e-04 1.792114695340501520e-04 3.781362007168458106e-02 1.792114695340501520e-04 2.367383512544802282e-01 4.677419354838709131e-02 1.792114695340501520e-04 1.792114695340501520e-04 1.023297491039426299e-01 8.261648745519711845e-02 1.971326164874551753e-03 1.792114695340501520e-04 1.971326164874551753e-03
1.796874999999999861e-02 1.116071428571428401e-04 1.227678571428571187e-03 1.116071428571428401e-04 2.343749999999999480e-03 1.227678571428571187e-03 1.116071428571428401e-04 1.116071428571428401e-04 1.116071428571428401e-04 1.050223214285714024e-01 1.116071428571428401e-04 1.116071428571428401e-04 1.116071428571428401e-04 2.466517857142856707e-02 1.083705357142856762e-01 3.459821428571427989e-03 1.116071428571428401e-04 1.116071428571428401e-04 1.685267857142856707e-02 1.116071428571428401e-04 1.227678571428571187e-03 4.789062499999999223e-01 1.116071428571428401e-04 1.116071428571428401e-04 1.227678571428571187e-03 1.675223214285713746e-01 5.145089285714284782e-02 1.116071428571428401e-04 1.116071428571428401e-04 1.685267857142856707e-02
1.351351351351351210e-03 1.228501228501228471e-04 1.228501228501228471e-04 1.168304668304668004e-01 1.228501228501228471e-04 2.469287469287469172e-02 4.434889434889434379e-02 1.228501228501228471e-04 1.351351351351351210e-03 5.540540540540540154e-02 1.117936117936117746e-02 3.808353808353807934e-03 3.329238329238328603e-02 2.346437346437346347e-02 9.471744471744469873e-02 1.228501228501228471e-04 1.228501228501228471e-04 1.351351351351351210e-03 3.808353808353807934e-03 1.732186732186731873e-02 1.228501228501228471e-04 5.540540540540540154e-02 1.228501228501228471e-04 1.117936117936117746e-02 1.228501228501228471e-04 3.342751842751842672e-01 1.585995085995085818e-01 1.228501228501228471e-04 6.265356265356264442e-03 1.228501228501228471e-04
2.732240437158469401e-04 2.732240437158469401e-04 2.732240437158469401e-04 2.133879781420764121e-01 1.286885245901638886e-01 6.857923497267758017e-02 2.732240437158469401e-04 2.732240437158469401e-04 8.469945355191254438e-03 2.732240437158469401e-04 2.732240437158469401e-04 2.732240437158469401e-04 2.732240437158469401e-04 1.666666666666665950e-02 2.732240437158469401e-04 2.732240437158469401e-04 2.732240437158469401e-04 7.950819672131145821e-02 2.732240437158469401e-04 8.497267759562839029e-02 2.732240437158469401e-04 2.732240437158469401e-04 1.642076502732240095e-01 2.732240437158469401e-04 2.732240437158469401e-04 1.450819672131147264e-01 7.131147540983605315e-02 2.732240437158469401e-04 1.120218579234972221e-02 3.005464480874316287e-03
1.381909547738693553e-03 1.256281407035176006e-04 1.256281407035176006e-04 1.017587939698492462e-02 1.219849246231155676e-01 1.006281407035175823e-01 1.256281407035176006e-04 1.381909547738693553e-03 2.638190954773869668e-03 2.638190954773869668e-03 1.256281407035176006e-04 1.256281407035176006e-04 1.256281407035176006e-04 6.670854271356783938e-02 4.032663316582914964e-02 1.256281407035176006e-04 1.381909547738693553e-03 1.256281407035176006e-04 2.399497487437186188e-02 1.684673366834170682e-01 1.256281407035176006e-04 1.961055276381909462e-01 3.894472361809045349e-03 1.256281407035176006e-04 3.027638190954774072e-02 1.621859296482411894e-01 6.293969849246230930e-02 1.381909547738693553e-03 1.256281407035176006e-04 1.256281407035176006e-04
5.027100271002709481e-02 2.181571815718157115e-02 4.214092140921409102e-02 1.789972899728996814e-01 1.356368563685636519e-01 1.355013550135501354e-04 1.355013550135501354e-04 1.355013550135501354e-04 1.355013550135501354e-04 1.490514905149051489e-03 2.317073170731707293e-02 1.355013550135501354e-04 1.355013550135501354e-04 1.355013550135501354e-04 8.008130081300811332e-02 1.355013550135501354e-04 1.490514905149051489e-03 1.397018970189701503e-01 5.555555555555554033e-03 2.845528455284552626e-03 1.126016260162601423e-01 5.027100271002709481e-02 2.859078590785907661e-02 1.355013550135501354e-04 1.355013550135501354e-04 1.153116531165311459e-01 1.355013550135501354e-04 6.910569105691054953e-03 1.355013550135501354e-04 1.490514905149051489e-03
2.808641975308641403e-02 3.086419753086419148e-04 3.086419753086419148e-04 3.425925925925925319e-02 2.070987654320987081e-01 1.114197530864197427e-01 6.512345679012344901e-02 9.567901234567900010e-03 3.086419753086419148e-04 9.567901234567900010e-03 6.481481481481480428e-03 3.395061728395061280e-03 3.086419753086419148e-04 3.086419753086419148e-04 3.086419753086419148e-04 3.086419753086419148e-04 1.574074074074073570e-02 3.086419753086419148e-04 3.086419753086419148e-04 2.441358024691357431e-01 3.086419753086419148e-04 3.086419753086419148e-04 3.395061728395061280e-03 3.086419753086419148e-04 3.086419753086419148e-04 1.052469135802469036e-01 7.746913580246912734e-02 3.086419753086419148e-04 5.586419753086419027e-02 1.882716049382715529e-02
4.490445859872610468e-02 3.184713375796178179e-04 3.184713375796178179e-04 5.127388535031846689e-02 3.503184713375795834e-03 3.601910828025476907e-01 3.184713375796178179e-04 3.184713375796178179e-04 3.184713375796178179e-04 3.184713375796178179e-04 3.184713375796178179e-04 3.503184713375795834e-03 3.184713375796178179e-04 5.127388535031846689e-02 3.184713375796178179e-04 3.184713375796178179e-04 3.184713375796178179e-04 1.942675159235668358e-02 3.184713375796178179e-04 8.312101910828025020e-02 3.853503184713374941e-02 1.340764331210190785e-01 3.184713375796178179e-04 3.184713375796178179e-04 3.503184713375795834e-03 1.499999999999999667e-01 4.808917197452228232e-02 3.184713375796178179e-04 3.184713375796178179e-04 3.503184713375795834e-03
3.728813559322032792e-03 3.389830508474575414e-04 3.728813559322032792e-03 1.325423728813558966e-01 3.427118644067795317e-01 1.050847457627118210e-02 3.389830508474575414e-04 3.389830508474575414e-04 3.389830508474575414e-04 3.389830508474575414e-04 3.389830508474575414e-04 1.389830508474575697e-02 3.389830508474575414e-04 3.389830508474575414e-04 3.389830508474575414e-04 2.067796610169490498e-02 3.389830508474575414e-04 3.084745762711862960e-02 7.118644067796608098e-03 2.406779661016947985e-02 3.389830508474575414e-04 3.389830508474575414e-04 3.189830508474574833e-01 3.389830508474575414e-04 3.389830508474575414e-04 7.491525423728810640e-02 7.118644067796608098e-03 3.389830508474575414e-04 3.389830508474575414e-04 3.728813559322032792e-03
8.577348066298341733e-02 1.381215469613259503e-04 1.256906077348065968e-02 2.736187845303866828e-01 8.853591160220992962e-02 2.914364640883977675e-02 1.381215469613259503e-04 1.381215469613259503e-04 1.381215469613259503e-04 1.381215469613259503e-04 1.381215469613259503e-04 1.381215469613259503e-04 1.381215469613259503e-04 1.381215469613259503e-04 1.381215469613259503e-04 1.519337016574585615e-03 1.519337016574585615e-03 7.472375690607734045e-02 4.281767955801104621e-03 1.381215469613259503e-04 1.258287292817679148e-01 1.189226519337016341e-01 1.381215469613259503e-04 1.381215469613259503e-04 1.381215469613259503e-04 1.410220994475137879e-01 3.604972375690607134e-02 4.281767955801104621e-03 1.381215469613259503e-04 1.381215469613259503e-04
2.536452665941240081e-01 1.088139281828073911e-04 1.207834602829161927e-02 1.774755168661588389e-01 5.233949945593035363e-02 8.389553862894448544e-02 5.549510337323176022e-03 1.088139281828073911e-04 3.373231773667028852e-03 1.088139281828073911e-04 1.088139281828073911e-04 1.088139281828073911e-04 2.078346028291621142e-02 1.196953210010881247e-03 1.088139281828073911e-04 1.088139281828073911e-04 1.088139281828073911e-04 1.207834602829161927e-02 1.088139281828073911e-04 1.088139281828073911e-04 1.534276387377584046e-02 1.317736670293797319e-01 2.622415669205658065e-02 1.196953210010881247e-03 1.088139281828073911e-04 6.539717083786723839e-02 1.361262241566920383e-01 1.088139281828073911e-04 1.088139281828073911e-04 1.088139281828073911e-04
1.683760683760683052e-01 2.849002849002847735e-04 2.849002849002847735e-04 1.341880341880341276e-01 1.256410256410255832e-01 2.307692307692306433e-02 2.849002849002847735e-04 2.849002849002847735e-04 3.133903133903132455e-03 2.849002849002847735e-04 2.849002849002847735e-04 2.849002849002847735e-04 2.849002849002847735e-04 2.849002849002847735e-04 2.849002849002847735e-04 2.849002849002847735e-04 2.849002849002847735e-04 5.726495726495724192e-02 2.849002849002847735e-04 2.849002849002847735e-04 6.296296296296294281e-02 1.427350427350426720e-01 1.626780626780625905e-01 2.849002849002847735e-04 1.168091168091167469e-02 4.017094017094015312e-02 5.726495726495724192e-02 2.849002849002847735e-04 5.982905982905979865e-03 2.849002849002847735e-04
2.212389380530973150e-04 2.212389380530973150e-04 2.212389380530973150e-04 1.241150442477875759e-01 3.453539823008848764e-01 7.986725663716812140e-02 4.646017699115043316e-03 3.783185840707963682e-02 2.212389380530973150e-04 2.212389380530973150e-04 2.212389380530973150e-04 2.212389380530973150e-04 2.212389380530973150e-04 2.013274336283185292e-02 2.212389380530973150e-04 2.433628318584070329e-03 2.212389380530973150e-04 5.774336283185839414e-02 4.004424778761061371e-02 2.212389380530973150e-04 2.455752212389379976e-02 3.561946902654866687e-02 2.212389380530973150e-04 2.212389380530973150e-04 1.570796460176990608e-02 2.037610619469025774e-01 2.212389380530973150e-04 4.646017699115043316e-03 2.212389380530973150e-04 2.212389380530973150e-04
1.607717041800642852e-04 9.501607717041798962e-02 1.094855305466237716e-01 1.607717041800642852e-04 1.352090032154340538e-01 3.553054662379420692e-02 4.983922829581992515e-03 3.152733118971060566e-01 1.302250803858520656e-02 1.607717041800642852e-04 1.607717041800642852e-04 1.607717041800642852e-04 1.607717041800642852e-04 1.607717041800642852e-04 3.070739549839228075e-02 1.607717041800642852e-04 1.463022508038584919e-02 1.607717041800642852e-04 1.607717041800642852e-04 1.607717041800642852e-04 1.607717041800642852e-04 1.945337620578777710e-02 1.607717041800642852e-04 1.607717041800642852e-04 9.662379421221863052e-02 9.019292604501606692e-02 1.141479099678456392e-02 1.607717041800642852e-04 2.588424437299035111e-02 1.607717041800642852e-04
7.205422314911365256e-02 1.042752867570385927e-04 1.042752867570385927e-04 1.367049009384775637e-01 1.888425443169968743e-01 3.660062565172054333e-02 3.232533889468196253e-03 1.042752867570385927e-04 1.042752867570385927e-04 1.042752867570385927e-04 1.042752867570385927e-04 1.042752867570385927e-04 6.360792492179353358e-03 1.042752867570385927e-04 1.042752867570385927e-04 1.042752867570385927e-04 1.042752867570385927e-04 2.315954118873826961e-01 3.232533889468196253e-03 1.042752867570385927e-04 1.042752867570385927e-04 8.352450469238789643e-02 8.769551616266943461e-02 1.042752867570385927e-04 4.275286757038581666e-03 6.579770594369134529e-02 7.831074035453597371e-02 1.042752867570385927e-04 1.042752867570385927e-04 1.042752867570385927e-04
2.827004219409282385e-02 1.406469760900140402e-04 1.547116736990154524e-03 2.223628691983121908e-01 9.437412095639940990e-02 2.264416315049226289e-02 1.406469760900140402e-04 1.406469760900140402e-04 1.406469760900140402e-04 1.406469760900140402e-04 1.406469760900140402e-04 1.406469760900140402e-04 1.406469760900140402e-04 1.406469760900140402e-04 1.139240506329113750e-02 1.406469760900140402e-04 9.985935302390997262e-03 2.715893108298171321e-01 1.406469760900140402e-04 1.406469760900140402e-04 3.670886075949366528e-02 7.046413502109703797e-02 2.545710267229254337e-02 1.406469760900140402e-04 4.360056258790435436e-03 1.646976090014064253e-01 3.389592123769338827e-02 1.406469760900140402e-04 1.406469760900140402e-04 1.406469760900140402e-04
2.188183807439824486e-04 2.188183807439824486e-04 2.188183807439824486e-04 2.188183807439824486e-04 2.188183807439824486e-04 2.188183807439824486e-04 2.188183807439824486e-04 2.188183807439824486e-04 2.188183807439824486e-04 2.188183807439824486e-04 2.188183807439824486e-04 2.188183807439824486e-04 2.188183807439824486e-04 2.188183807439824486e-04 2.188183807439824486e-04 4.595185995623631177e-03 2.407002188183807179e-03 1.227571115973741522e-01 2.407002188183807179e-03 1.949671772428883398e-01 1.752735229759299351e-01 2.188183807439824486e-04 3.109409190371990594e-01 2.188183807439824486e-04 3.741794310722099809e-02 9.649890590809626079e-02 1.553610503282275290e-02 2.188183807439824486e-04 3.304157549234134489e-02 2.188183807439824486e-04
1.323113207547169101e-01 2.358490566037734783e-04 2.358490566037734783e-04 2.146226415094338452e-02 2.358490566037734783e-04 2.358490566037734783e-04 2.358490566037734783e-04 2.358490566037734783e-04 2.358490566037734783e-04 1.110849056603773061e-01 1.063679245283018354e-01 2.358490566037734783e-04 2.358490566037734783e-04 9.929245283018862944e-02 2.146226415094338452e-02 2.358490566037734783e-04 2.358490566037734783e-04 2.358490566037734783e-04 2.358490566037734783e-04 2.358490566037734783e-04 3.325471698113205421e-02 4.530660377358488033e-01 2.358490566037734783e-04 2.358490566037734783e-04 2.358490566037734783e-04 9.669811320754711365e-03 2.358490566037734783e-04 2.358490566037734783e-04 7.311320754716977774e-03 2.358490566037734783e-04
2.801120448179270973e-04 2.801120448179270973e-04 2.801120448179270973e-04 1.823529411764705233e-01 3.669467787114844698e-02 1.711484593837534485e-01 2.801120448179270973e-04 9.831932773109240686e-02 2.801120448179270973e-04 2.801120448179270973e-04 2.801120448179270973e-04 2.801120448179270973e-04 2.801120448179270973e-04 8.431372549019605644e-02 2.801120448179270973e-04 2.801120448179270973e-04 2.801120448179270973e-04 1.039215686274509581e-01 2.801120448179270973e-04 1.988795518207282093e-02 2.801120448179270973e-04 1.151260504201680329e-01 2.801120448179270973e-04 2.801120448179270973e-04 2.801120448179270973e-04 1.039215686274509581e-01 7.030812324929970603e-02 8.683473389355739203e-03 2.801120448179270973e-04 2.801120448179270973e-04
1.428571428571429221e-03 1.428571428571429221e-03 1.428571428571429221e-03 1.300000000000000600e-01 1.428571428571429221e-03 1.428571428571429221e-03 1.428571428571429221e-03 1.428571428571429221e-03 1.428571428571429221e-03 3.000000000000001277e-02 1.428571428571429221e-03 8.714285714285717466e-02 1.428571428571429221e-03 1.300000000000000600e-01 2.442857142857144115e-01 1.428571428571429221e-03 1.300000000000000600e-01 1.428571428571429221e-03 1.428571428571429221e-03 1.428571428571429221e-03 1.428571428571429221e-03 1.428571428571429221e-03 1.428571428571429221e-03 2.157142857142858028e-01 1.428571428571429221e-03 1.428571428571429221e-03 1.428571428571429221e-03 1.428571428571429221e-03 1.428571428571429221e-03 1.428571428571429221e-03
3.395989974937343309e-02 1.015037593984962142e-02 2.142857142857142877e-02 2.745614035087718952e-01 1.505012531328320524e-01 1.390977443609022271e-02 1.140350877192982185e-02 6.390977443609020987e-03 1.253132832080200486e-04 1.641604010025062357e-02 1.253132832080200486e-04 3.884711779448620991e-03 1.253132832080200486e-04 1.253132832080200486e-04 2.631578947368420993e-03 1.253132832080200486e-04 3.884711779448620991e-03 1.154135338345864403e-01 1.253132832080200486e-04 1.253132832080200486e-04 9.411027568922303299e-02 5.776942355889723435e-02 1.253132832080200486e-04 1.253132832080200486e-04 1.253132832080200486e-04 1.329573934837092464e-01 4.899749373433583133e-02 1.253132832080200486e-04 1.253132832080200486e-04 1.253132832080200486e-04
1.031991744066047308e-04 6.615067079463361754e-02 1.031991744066047308e-04 1.031991744066047308e-04 2.177502579979359934e-02 1.135190918472651998e-03 1.031991744066047308e-04 1.031991744066047308e-04 1.031991744066047308e-04 2.280701754385964369e-02 4.035087719298244974e-02 2.177502579979359934e-02 3.334365325077398579e-01 2.074303405572755152e-02 4.447884416924663409e-02 1.661506707946336023e-02 1.031991744066047308e-04 1.455108359133126632e-02 1.031991744066047308e-04 6.295149638802888074e-03 1.031991744066047308e-04 1.042311661506707676e-02 3.622291021671825845e-02 1.558307533539731241e-02 1.270381836945304044e-01 9.917440660474713399e-02 9.607843137254899746e-02 4.231166150670793297e-03 1.031991744066047308e-04 1.031991744066047308e-04
2.202643171806167226e-04 2.422907488986783976e-03 3.986784140969162893e-02 2.202643171806167226e-04 2.444933920704845526e-02 4.625550660792951581e-03 2.202643171806167226e-04 2.202643171806167226e-04 1.588105726872246493e-01 3.546255506607929459e-02 6.828193832599117885e-03 2.447136563876651516e-01 2.202643171806167226e-04 4.625550660792951581e-03 6.409691629955946435e-02 2.202643171806167226e-04 2.202643171806167226e-04 1.455947136563876254e-01 3.105726872246695677e-02 1.123348017621145223e-02 1.059471365638766371e-01 2.202643171806167226e-04 2.202643171806167226e-04 2.422907488986783976e-03 2.202643171806167226e-04 1.147577092511013058e-01 2.202643171806167226e-04 2.202643171806167226e-04 2.202643171806167226e-04 2.202643171806167226e-04
6.270161290322577574e-02 2.016129032258063701e-04 6.673387096774190119e-02 2.217741935483870126e-03 5.747983870967739994e-01 2.016129032258063701e-04 2.217741935483870126e-03 6.068548387096771995e-02 2.016129032258063701e-04 2.016129032258063701e-04 2.016129032258063701e-04 2.016129032258063701e-04 2.217741935483870126e-03 2.016129032258063701e-04 2.036290322580644116e-02 2.217741935483870126e-03 6.249999999999997745e-03 3.044354838709675826e-02 6.249999999999997745e-03 2.016129032258063701e-04 2.016129032258063701e-04 2.842741935483869553e-02 2.016129032258063701e-04 2.016129032258063701e-04 2.016129032258063701e-04 1.050403225806451207e-01 2.016129032258063701e-04 2.016129032258063701e-04 2.016129032258063701e-04 2.641129032258063281e-02
1.579778830963664954e-04 1.579778830963664954e-04 8.056872037914690129e-03 1.579778830963664954e-04 2.687203791469193748e-01 3.317535545023696242e-03 4.439178515007898007e-02 1.437598736176934865e-02 4.897314375987360871e-03 1.579778830963664954e-04 1.579778830963664954e-04 1.437598736176934865e-02 6.650868878357028835e-02 1.579778830963664954e-04 1.579778830963664954e-04 1.579778830963664954e-04 3.333333333333333287e-02 4.597156398104264990e-02 1.579778830963664954e-04 2.069510268562400890e-02 1.579778830963664954e-04 1.579778830963664954e-04 1.579778830963664954e-04 1.737756714060031396e-03 1.849921011058451303e-01 1.123222748815165539e-01 1.579778830963664954e-04 1.579778830963664954e-04 1.028436018957345766e-01 7.124802527646129091e-02
3.952569169960474258e-04 7.549407114624506754e-02 3.952569169960474258e-04 2.411067193675889286e-02 3.952569169960474258e-04 3.952569169960474258e-04 3.952569169960474258e-04 3.952569169960474258e-04 3.952569169960474258e-04 3.952569169960474258e-04 3.952569169960474258e-04 3.952569169960474258e-04 3.952569169960474258e-04 2.411067193675889286e-02 1.225296442687747074e-02 3.952569169960474258e-04 7.154150197628458829e-02 3.952569169960474258e-04 3.952569169960474258e-04 4.347826086956521792e-03 3.952569169960474258e-04 3.952569169960474258e-04 4.347826086956521792e-03 3.952569169960474258e-04 3.952569169960474258e-04 1.545454545454545414e-01 4.347826086956521792e-03 3.952569169960474258e-04 1.505928853754940899e-01 4.667984189723319854e-01
1.349809885931558574e-02 1.901140684410645998e-04 3.060836501901140205e-02 2.091254752851710950e-03 4.127376425855512343e-01 8.574144486692013289e-02 1.901140684410645998e-04 1.901140684410645998e-04 1.901140684410645998e-04 1.901140684410645998e-04 1.901140684410645998e-04 1.901140684410645998e-04 2.091254752851710950e-03 1.539923954372623104e-02 1.901140684410645998e-04 1.901140684410645998e-04 1.901140684410645998e-04 2.739543726235740828e-01 2.091254752851710950e-03 1.901140684410645998e-04 5.722433460076045003e-02 3.821292775665399016e-02 2.110266159695816865e-02 1.901140684410645998e-04 1.901140684410645998e-04 4.201520912547528075e-02 1.901140684410645998e-04 1.901140684410645998e-04 1.901140684410645998e-04 1.901140684410645998e-04
4.545454545454547619e-04 5.000000000000002706e-03 4.545454545454547619e-04 4.545454545454547619e-04 1.140909090909091456e-01 4.545454545454547619e-04 3.731818181818182811e-01 3.368181818181819054e-01 4.545454545454547619e-04 4.545454545454547619e-04 4.545454545454547619e-04 4.545454545454547619e-04 4.545454545454547619e-04 4.545454545454547619e-04 5.000000000000002706e-03 4.545454545454547619e-04 4.545454545454547619e-04 4.545454545454547619e-04 4.545454545454547619e-04 4.545454545454547619e-04 4.545454545454547619e-04 4.545454545454547619e-04 7.318181818181822285e-02 4.545454545454547619e-04 5.000000000000002706e-03 9.545454545454549675e-03 6.863636363636366200e-02 4.545454545454547619e-04 4.545454545454547619e-04 4.545454545454547619e-04
5.355871886120996961e-02 1.779359430604982332e-04 4.466192170818505253e-02 3.736654804270463006e-03 1.016014234875444872e-01 1.603202846975088913e-01 1.779359430604982332e-04 2.279359430604982195e-01 1.779359430604982332e-04 1.957295373665480457e-03 1.779359430604982332e-04 1.779359430604982332e-04 1.779359430604982332e-04 7.295373665480426803e-03 2.330960854092526541e-02 1.779359430604982332e-04 3.736654804270463006e-03 3.736654804270463006e-03 1.957295373665480457e-03 1.779359430604982332e-04 1.779359430604982332e-04 1.300711743772241802e-01 1.975088967971530204e-02 1.779359430604982332e-04 1.779359430604982332e-04 2.119217081850533757e-01 1.779359430604982332e-04 1.779359430604982332e-04 1.957295373665480457e-03 1.779359430604982332e-04
2.475247524752475278e-04 2.475247524752475278e-04 2.475247524752475278e-04 1.262376237623762283e-02 3.737623762376237474e-02 2.004950495049504997e-02 1.014851485148514712e-02 2.475247524752475278e-04 2.475247524752475278e-04 2.475247524752475278e-04 2.475247524752475278e-04 2.475247524752475278e-04 3.737623762376237474e-02 4.727722772277227758e-02 2.475247524752475278e-04 2.722772277227723022e-03 2.475247524752475278e-04 2.252475247524752394e-02 2.475247524752475278e-04 2.475247524752475278e-04 7.673267326732673144e-03 2.475247524752475278e-04 2.475247524752475278e-04 4.232673267326732963e-02 2.475247524752475278e-04 1.215346534653465316e-01 2.475247524752475278e-04 2.475247524752475278e-04 4.433168316831683220e-01 1.908415841584158168e-01
3.412969283276449462e-04 3.412969283276449462e-04 3.754266211604094516e-03 3.412969283276449462e-04 3.412969283276449462e-04 1.061433447098975719e-01 7.167235494880543761e-03 1.740614334470988803e-02 3.754266211604094516e-03 3.412969283276449462e-04 3.412969283276449462e-04 3.412969283276449462e-04 3.412969283276449462e-04 1.197952218430033688e-01 8.566552901023888333e-02 3.412969283276449462e-04 3.412969283276449462e-04 3.788395904436858697e-02 3.412969283276449462e-04 2.904436860068257964e-01 3.412969283276449462e-04 2.085324232081910423e-01 1.399317406143344052e-02 3.412969283276449462e-04 3.412969283276449462e-04 7.883959044368597791e-02 3.412969283276449462e-04 3.754266211604094516e-03 1.740614334470988803e-02 3.412969283276449462e-04
1.369863013698629931e-03 1.245330012453299789e-04 2.503113325031132777e-02 1.369863013698629931e-03 1.259028642590286073e-01 1.245330012453299789e-04 4.061021170610210618e-01 8.605230386052301061e-02 1.245330012453299789e-04 8.841843088418427365e-03 1.245330012453299789e-04 1.245330012453299789e-04 1.245330012453299789e-04 8.841843088418427365e-03 2.752179327521792757e-02 1.245330012453299789e-04 1.245330012453299789e-04 1.382316313823162696e-02 1.369863013698629931e-03 1.245330012453299789e-04 5.105853051058528540e-03 1.245330012453299789e-04 5.616438356164382001e-02 1.245330012453299789e-04 1.245330012453299789e-04 1.234122042341219971e-01 1.009962640099626024e-01 1.245330012453299789e-04 1.369863013698629931e-03 5.105853051058528540e-03
5.222929936305730284e-03 1.273885350318470946e-04 3.861146496815285878e-01 1.273885350318470946e-04 2.141401273885349676e-01 1.873885350318470755e-01 1.401273885350318204e-03 1.796178343949043910e-02 1.273885350318470946e-04 1.273885350318470946e-04 1.273885350318470946e-04 1.273885350318470946e-04 1.273885350318470946e-04 1.401273885350318204e-03 1.796178343949043910e-02 1.273885350318470946e-04 1.273885350318470946e-04 3.070063694267515311e-02 1.401273885350318204e-03 1.273885350318470946e-04 5.222929936305730284e-03 5.617834394904457074e-02 1.273885350318470946e-04 1.273885350318470946e-04 1.273885350318470946e-04 3.070063694267515311e-02 3.949044585987260096e-03 1.273885350318470946e-04 2.305732484076432678e-02 1.541401273885349872e-02
3.401360544217686840e-04 3.401360544217686840e-04 3.401360544217686840e-04 3.401360544217686840e-04 3.401360544217686840e-04 3.741496598639455252e-03 3.401360544217686840e-04 3.401360544217686840e-04 3.401360544217686840e-04 3.401360544217686840e-04 3.401360544217686840e-04 3.401360544217686840e-04 3.401360544217686840e-04 3.401360544217686840e-04 1.636054421768707301e-01 7.142857142857141767e-03 3.401360544217686840e-04 2.074829931972788435e-02 4.323129251700679188e-01 3.401360544217686840e-04 3.401360544217686840e-04 3.401360544217686840e-04 3.401360544217686840e-04 3.401360544217686840e-04 2.010204081632652739e-01 1.568027210884353484e-01 3.401360544217686840e-04 3.401360544217686840e-04 3.401360544217686840e-04 7.142857142857141767e-03
3.064024390243901691e-02 2.149390243902438158e-02 6.722560975609753742e-02 7.027439024390241817e-02 4.102134146341462340e-01 5.503048780487803521e-02 1.524390243902438481e-04 5.503048780487803521e-02 1.524390243902438481e-04 1.524390243902438481e-04 1.524390243902438481e-04 1.524390243902438481e-04 1.524390243902438481e-04 4.725609756097559101e-03 1.524390243902438481e-04 1.524390243902438481e-04 1.524390243902438481e-04 2.759146341463413962e-02 1.524390243902438481e-04 1.844512195121950429e-02 1.082317073170731281e-02 1.676829268292682465e-03 1.175304878048780005e-01 1.524390243902438481e-04 1.524390243902438481e-04 6.265243902439023016e-02 1.524390243902438481e-04 1.524390243902438481e-04 1.524390243902438481e-04 4.435975609756095950e-02
2.898550724637680544e-04 2.898550724637680544e-04 3.626086956521737958e-01 2.898550724637680544e-04 5.536231884057969677e-02 3.365217391304346495e-01 2.898550724637680544e-04 3.188405797101448273e-03 3.188405797101448273e-03 4.666666666666665492e-02 2.898550724637680544e-04 2.898550724637680544e-04 2.898550724637680544e-04 2.898550724637680544e-04 3.188405797101448273e-03 2.898550724637680544e-04 3.188405797101448273e-03 2.898550724637680544e-04 2.898550724637680544e-04 4.376811594202897199e-02 2.898550724637680544e-04 2.927536231884056775e-02 6.115942028985505569e-02 2.898550724637680544e-04 2.898550724637680544e-04 3.217391304347824721e-02 1.188405797101448752e-02 2.898550724637680544e-04 3.188405797101448273e-03 2.898550724637680544e-04
1.320580474934036630e-01 1.319261213720316576e-04 1.319261213720316576e-04 9.366754617414246170e-03 5.949868073878627345e-02 8.984168865435354645e-02 1.319261213720316576e-04 4.234828496042215840e-02 1.319261213720316576e-04 1.992084432717677878e-02 1.319261213720316576e-04 4.089709762532980734e-03 1.319261213720316576e-04 1.319261213720316576e-04 1.319261213720316576e-04 1.451187335092348233e-03 1.319261213720316576e-04 1.319261213720316576e-04 1.319261213720316576e-04 2.336411609498680320e-01 1.451187335092348233e-03 3.009234828496041847e-01 1.319261213720316576e-04 1.319261213720316576e-04 2.770448548812664592e-03 9.116094986807385392e-02 9.366754617414246170e-03 1.319261213720316576e-04 1.319261213720316576e-04 1.319261213720316576e-04
1.352549889135254597e-02 2.682926829268291943e-02 2.217294900221728946e-04 2.217294900221728946e-04 4.456762749445675187e-02 2.439024390243902003e-03 8.226164079822614883e-02 2.217294900221728946e-04 2.217294900221728946e-04 2.217294900221728946e-04 1.130820399113081735e-02 2.217294900221728946e-04 2.217294900221728946e-04 2.217294900221728946e-04 7.117516629711749532e-02 2.439024390243902003e-03 4.235033259423502672e-02 3.727272727272726294e-01 2.217294900221728946e-04 1.796008869179600495e-02 2.217294900221728946e-04 1.352549889135254597e-02 2.217294900221728946e-04 2.217294900221728946e-04 2.217294900221728946e-04 3.791574279379156948e-02 2.330376940133037089e-01 2.217294900221728946e-04 2.217294900221728946e-04 2.461197339246119081e-02
3.154574132492112709e-04 3.154574132492112709e-04 3.154574132492112709e-04 3.154574132492112709e-04 3.470031545741323817e-03 3.154574132492112709e-04 3.154574132492112709e-04 3.154574132492112709e-04 6.025236593059934975e-02 3.154574132492112709e-04 3.154574132492112709e-04 3.154574132492112709e-04 3.154574132492112709e-04 3.470031545741323817e-03 3.470031545741323817e-03 3.154574132492112709e-04 3.154574132492112709e-04 3.186119873817033765e-02 3.154574132492112709e-04 3.063091482649841213e-01 7.917981072555202449e-02 2.870662460567822288e-02 3.094637223974762152e-01 3.154574132492112709e-04 3.154574132492112709e-04 9.495268138801259139e-02 3.186119873817033765e-02 3.186119873817033765e-02 3.154574132492112709e-04 9.779179810725548150e-03
7.586206896551725941e-03 7.586206896551725941e-03 6.896551724137932673e-04 3.517241379310345056e-02 6.896551724137932673e-04 7.586206896551725941e-03 6.896551724137932673e-04 7.586206896551725941e-03 6.896551724137932673e-04 6.896551724137932673e-04 6.896551724137932673e-04 6.896551724137932673e-04 6.896551724137932673e-04 4.896551724137931938e-02 1.386206896551724632e-01 6.896551724137932673e-04 6.275862068965518126e-02 6.896551724137932673e-04 3.868965517241380048e-01 7.655172413793104313e-02 6.896551724137932673e-04 6.896551724137932673e-04 6.896551724137932673e-04 6.896551724137932673e-04 1.731034482758621040e-01 2.137931034482759216e-02 6.896551724137932673e-04 6.896551724137932673e-04 1.448275862068965948e-02 6.896551724137932673e-04
2.747252747252746708e-04 2.499999999999999098e-02 1.675824175824175075e-02 2.747252747252746708e-04 6.376373626373623704e-01 2.747252747252746708e-04 2.499999999999999098e-02 2.747252747252746708e-04 3.021978021978021216e-03 2.747252747252746708e-04 2.747252747252746708e-04 2.747252747252746708e-04 3.873626373626372354e-02 2.747252747252746708e-04 8.516483516483513982e-03 2.747252747252746708e-04 2.747252747252746708e-04 9.642857142857140518e-02 2.747252747252746708e-04 2.747252747252746708e-04 2.747252747252746708e-04 2.747252747252746708e-04 1.019230769230768940e-01 2.747252747252746708e-04 2.747252747252746708e-04 4.148351648351646798e-02 2.747252747252746708e-04 2.747252747252746708e-04 2.747252747252746708e-04 2.747252747252746708e-04
