2.355212355212354600e-02 3.861003861003860444e-04 3.861003861003860444e-04 1.895752895752895462e-01 4.247104247104246597e-03 4.247104247104246597e-03 3.861003861003860444e-04 8.108108108108106823e-03 3.861003861003860444e-04 3.861003861003860444e-04 4.212355212355211043e-01 8.146718146718145981e-02 1.123552123552123416e-01 3.861003861003860444e-04 3.861003861003860444e-04 3.861003861003860444e-04 8.918918918918918026e-02 3.861003861003860444e-04 3.861003861003860444e-04 3.861003861003860444e-04 3.861003861003860444e-04 4.247104247104246597e-03 3.861003861003860444e-04 1.583011583011582554e-02 3.861003861003860444e-04 3.899613899613898343e-02 3.861003861003860444e-04 3.861003861003860444e-04 3.861003861003860444e-04 3.861003861003860444e-04
3.649635036496349052e-04 3.649635036496349052e-04 3.649635036496349052e-04 1.937956204379561176e-01 4.091240875912406927e-01 3.649635036496349052e-04 3.649635036496349052e-04 7.700729927007296527e-02 3.649635036496349052e-04 4.781021897810217025e-02 3.649635036496349052e-04 1.496350364963502932e-02 3.649635036496349052e-04 2.956204379562042336e-02 3.649635036496349052e-04 2.226277372262772808e-02 3.649635036496349052e-04 3.649635036496349052e-04 2.226277372262772808e-02 3.649635036496349052e-04 3.649635036496349052e-04 3.649635036496349052e-04 1.718978102189780421e-01 3.649635036496349052e-04 3.649635036496349052e-04 3.649635036496349052e-04 3.649635036496349052e-04 4.014598540145983795e-03 3.649635036496349052e-04 3.649635036496349052e-04
3.448275862068965795e-04 1.413793103448275808e-02 3.448275862068965795e-04 3.448275862068965795e-04 4.517241379310344557e-02 1.413793103448275808e-02 3.448275862068965795e-04 3.448275862068965795e-04 3.448275862068965795e-04 2.210344827586206706e-01 3.448275862068965795e-04 3.448275862068965795e-04 4.517241379310344557e-02 3.448275862068965795e-04 6.241379310344827985e-02 7.241379310344828006e-03 3.448275862068965795e-04 3.448275862068965795e-04 2.103448275862068728e-02 1.520689655172413890e-01 3.448275862068965795e-04 2.448275862068965275e-02 3.448275862068965795e-04 3.448275862068965795e-04 3.448275862068965795e-04 3.448275862068965795e-04 3.793103448275862537e-03 3.624137931034482341e-01 2.103448275862068728e-02 3.448275862068965795e-04
3.076923076923075945e-04 4.403076923076921223e-01 3.076923076923075945e-04 3.076923076923075945e-04 3.076923076923075945e-04 3.076923076923075945e-04 3.076923076923075945e-04 1.876923076923076028e-02 3.384615384615383919e-03 2.184615384615383807e-02 6.461538461538459538e-03 3.076923076923075945e-04 6.461538461538459538e-03 3.076923076923075945e-04 4.030769230769229439e-02 3.076923076923075945e-04 3.076923076923075945e-04 3.076923076923075945e-04 3.076923076923075945e-04 2.464615384615383709e-01 3.076923076923075945e-04 3.076923076923075945e-04 2.033846153846153026e-01 3.076923076923075945e-04 3.076923076923075945e-04 3.076923076923075945e-04 6.461538461538459538e-03 3.076923076923075945e-04 3.076923076923075945e-04 3.076923076923075945e-04
7.575757575757577919e-04 7.575757575757577919e-04 7.575757575757577919e-04 1.219696969696970057e-01 1.446969696969697405e-01 1.590909090909091439e-02 7.575757575757577919e-04 7.575757575757577919e-04 7.575757575757577919e-04 3.643939393939394922e-01 7.575757575757577919e-04 8.333333333333334952e-03 1.068181818181818399e-01 8.333333333333334952e-03 7.575757575757577919e-04 7.575757575757577919e-04 7.575757575757577919e-04 3.863636363636364229e-02 7.575757575757577919e-04 8.333333333333334952e-03 7.575757575757577919e-04 3.863636363636364229e-02 1.295454545454545747e-01 7.575757575757577919e-04 7.575757575757577919e-04 7.575757575757577919e-04 7.575757575757577919e-04 7.575757575757577919e-04 7.575757575757577919e-04 7.575757575757577919e-04
3.832752613240416814e-03 3.484320557491288111e-04 3.484320557491288111e-04 6.306620209059231319e-02 6.306620209059231319e-02 3.484320557491288111e-04 3.484320557491288111e-04 3.484320557491288111e-04 3.484320557491288111e-04 3.484320557491288111e-04 3.484320557491288111e-04 3.484320557491288111e-04 9.094076655052261982e-02 3.484320557491288111e-04 3.484320557491288111e-04 1.428571428571427833e-02 3.484320557491288111e-04 1.777003484320556492e-02 3.484320557491288111e-04 3.170731707317071824e-02 1.083623693379790615e-01 3.832752613240416814e-03 5.961672473867593025e-01 3.484320557491288111e-04 3.484320557491288111e-04 3.484320557491288111e-04 3.484320557491288111e-04 3.484320557491288111e-04 3.484320557491288111e-04 3.484320557491288111e-04
3.831417624521072924e-04 3.831417624521072924e-04 3.831417624521072924e-04 3.831417624521072924e-04 8.045977011494252762e-03 3.831417624521072924e-04 3.831417624521072924e-04 3.831417624521072924e-04 3.831417624521072924e-04 8.084291187739464646e-02 3.831417624521072924e-04 3.831417624521072924e-04 1.536398467432950332e-01 3.831417624521072924e-04 4.252873563218390746e-02 1.536398467432950332e-01 3.831417624521072924e-04 1.187739463601532666e-02 3.831417624521072924e-04 8.850574712643678732e-02 3.831417624521072924e-04 3.831417624521072924e-04 2.264367816091954200e-01 3.831417624521072924e-04 3.831417624521072924e-04 3.831417624521072924e-04 3.831417624521072924e-04 1.804597701149425470e-01 4.636015325670497789e-02 3.831417624521072924e-04
5.494505494505495585e-04 5.494505494505495585e-04 5.494505494505495585e-04 5.494505494505495585e-04 2.313186813186813573e-01 5.494505494505495585e-04 5.494505494505495585e-04 9.945054945054947193e-02 5.494505494505495585e-04 3.027472527472527819e-01 1.153846153846154084e-02 1.153846153846154084e-02 3.901098901098901811e-02 5.494505494505495585e-04 5.549450549450549858e-02 5.494505494505495585e-04 5.494505494505495585e-04 5.494505494505495585e-04 5.494505494505495585e-04 5.549450549450549858e-02 2.252747252747253071e-02 6.043956043956045035e-03 1.379120879120879495e-01 5.494505494505495585e-04 5.494505494505495585e-04 5.494505494505495585e-04 1.703296703296703490e-02 5.494505494505495585e-04 5.494505494505495585e-04 5.494505494505495585e-04
1.136363636363636363e-04 1.136363636363636363e-04 1.136363636363636363e-04 4.556818181818182018e-02 1.261363636363636333e-02 3.522727272727272860e-03 1.136363636363636363e-04 1.136363636363636363e-04 2.625000000000000250e-02 1.136363636363636363e-04 4.659090909090908735e-03 2.386363636363636551e-03 2.285227272727272663e-01 8.068181818181818094e-03 1.136363636363636363e-04 6.375000000000000111e-02 1.250000000000000026e-03 1.136363636363636363e-04 2.386363636363636551e-03 2.386363636363636551e-03 3.522727272727272860e-03 3.079545454545454600e-02 3.522727272727272860e-03 1.375000000000000007e-02 9.102272727272726904e-02 1.261363636363636333e-02 3.193181818181818621e-02 1.250000000000000026e-03 1.239772727272727276e-01 2.853409090909090895e-01
2.604166666666666088e-04 2.604166666666666088e-04 2.604166666666666088e-04 2.604166666666666088e-04 3.153645833333332260e-01 2.604166666666666088e-04 2.604166666666666088e-04 2.604166666666666088e-04 2.604166666666666088e-04 1.018229166666666380e-01 2.604166666666666088e-04 3.151041666666665880e-02 6.015624999999998751e-02 2.604166666666666088e-04 5.468749999999998786e-03 2.604166666666666088e-04 2.604166666666666088e-04 2.604166666666666088e-04 2.604166666666666088e-04 1.018229166666666380e-01 1.848958333333332663e-02 2.604166666666666088e-04 3.205729166666665408e-01 1.328124999999999445e-02 2.604166666666666088e-04 2.604166666666666088e-04 2.604166666666666088e-04 2.604166666666666088e-04 2.630208333333332316e-02 2.604166666666666088e-04
4.489795918367348732e-03 4.081632653061225725e-04 9.836734693877553781e-02 4.081632653061225725e-04 9.428571428571431989e-02 1.265306122448979845e-02 4.081632653061225725e-04 1.673469387755102331e-02 1.673469387755102331e-02 2.044897959183674119e-01 3.714285714285715106e-02 4.081632653061225725e-04 2.044897959183674119e-01 4.081632653061225725e-04 4.081632653061225725e-04 4.081632653061225725e-04 4.081632653061225725e-04 4.081632653061225725e-04 4.081632653061225725e-04 4.081632653061225725e-04 4.081632653061225725e-04 4.081632653061225725e-04 4.489795918367348732e-03 4.081632653061225725e-04 3.714285714285715106e-02 4.122448979591837592e-02 4.081632653061225725e-04 1.146938775510204372e-01 5.755102040816327535e-02 4.938775510204082564e-02
3.521126760563378843e-04 1.447183098591548756e-01 3.521126760563378843e-04 1.834507042253520348e-01 1.341549295774647488e-01 3.521126760563378843e-04 3.521126760563378843e-04 3.521126760563378843e-04 3.521126760563378843e-04 8.485915492957743500e-02 3.873239436619717053e-03 3.521126760563378843e-04 3.521126760563378843e-04 3.521126760563378843e-04 3.521126760563378843e-04 1.091549295774647474e-02 3.521126760563378843e-04 7.394366197183095679e-03 5.316901408450701999e-02 6.373239436619716758e-02 3.521126760563378843e-04 1.341549295774647488e-01 1.271126760563379698e-01 3.521126760563378843e-04 3.521126760563378843e-04 3.521126760563378843e-04 3.521126760563378843e-04 3.556338028169012816e-02 7.394366197183095679e-03 3.873239436619717053e-03
5.154639175257733161e-04 1.500000000000000222e-01 5.670103092783506694e-03 5.154639175257733161e-04 5.154639175257733161e-04 5.154639175257733161e-04 5.154639175257733161e-04 5.154639175257733161e-04 5.154639175257733161e-04 1.345360824742268258e-01 7.268041237113402608e-02 5.154639175257733161e-04 5.721649484536082964e-02 5.154639175257733161e-04 5.670103092783506694e-03 2.891752577319587902e-01 5.154639175257733161e-04 1.293814432989691121e-01 5.154639175257733161e-04 5.154639175257733161e-04 5.154639175257733161e-04 5.154639175257733161e-04 5.154639175257733161e-04 5.154639175257733161e-04 1.597938144329897128e-02 5.154639175257733161e-04 5.154639175257733161e-04 8.298969072164950889e-02 4.690721649484536765e-02 5.154639175257733161e-04
2.724795640326974511e-04 8.201634877384192390e-02 5.204359673024520905e-02 2.724795640326974511e-04 1.389645776566756676e-02 4.659400544959126089e-02 2.724795640326974511e-04 1.934604904632151665e-02 2.724795640326974511e-04 1.664850136239781342e-01 2.724795640326974511e-04 2.724795640326974511e-04 6.294277929155310536e-02 2.724795640326974511e-04 1.389645776566756676e-02 3.217983651226156150e-01 2.724795640326974511e-04 2.724795640326974511e-04 1.934604904632151665e-02 2.997275204359671746e-03 1.065395095367846906e-01 2.997275204359671746e-03 2.724795640326974511e-04 2.997275204359671746e-03 4.386920980926428681e-02 2.724795640326974511e-04 3.841961852861033866e-02 2.724795640326974511e-04 2.724795640326974511e-04 2.724795640326974511e-04
3.846153846153844524e-04 3.846153846153844524e-04 3.846153846153844524e-04 1.657692307692306966e-01 3.003846153846152500e-01 4.230769230769228922e-03 3.846153846153844524e-04 6.192307692307690015e-02 3.846153846153844524e-04 3.846153846153844524e-04 3.846153846153844524e-04 4.230769230769228922e-03 4.230769230769228922e-03 8.499999999999996447e-02 3.846153846153844524e-04 2.346153846153845035e-02 3.846153846153844524e-04 3.846153846153844524e-04 3.846153846153844524e-04 3.846153846153844524e-04 8.115384615384611811e-02 3.846153846153844524e-04 2.619230769230768141e-01 3.846153846153844524e-04 3.846153846153844524e-04 3.846153846153844524e-04 3.846153846153844524e-04 3.846153846153844524e-04 3.846153846153844524e-04 3.846153846153844524e-04
3.546099290780140457e-04 8.546099290780138913e-02 3.546099290780140457e-04 2.343971631205672701e-01 1.882978723404254706e-01 3.900709219858154719e-03 7.446808510638295610e-03 3.546099290780140457e-04 3.546099290780140457e-04 1.102836879432623762e-01 7.446808510638295610e-03 1.808510638297871481e-02 3.546099290780140457e-04 1.563829787234042035e-01 3.546099290780140457e-04 3.546099290780140457e-04 3.546099290780140457e-04 7.446808510638295610e-03 3.546099290780140457e-04 3.546099290780140457e-04 3.546099290780140457e-04 5.709219858156026894e-02 5.709219858156026894e-02 6.063829787234040897e-02 3.546099290780140457e-04 3.546099290780140457e-04 3.546099290780140457e-04 3.546099290780140457e-04 3.546099290780140457e-04 3.546099290780140457e-04
3.058103975535167462e-04 2.266055045871558649e-01 3.058103975535167462e-04 1.379204892966360285e-01 7.064220183486236149e-02 3.058103975535167462e-04 3.058103975535167462e-04 3.058103975535167462e-04 3.058103975535167462e-04 1.865443425076451778e-02 3.058103975535167462e-04 3.058103975535167462e-04 6.422018348623850965e-03 3.058103975535167462e-04 3.058103975535167462e-04 3.058103975535167462e-04 3.363914373088684046e-03 3.058103975535167462e-04 3.363914373088684046e-03 3.058103975535167462e-04 3.058103975535167462e-04 1.409785932721712154e-01 3.275229357798163932e-01 3.363914373088684046e-03 3.058103975535167462e-04 3.058103975535167462e-04 3.363914373088684046e-03 3.058103975535167462e-04 5.229357798165136517e-02 3.058103975535167462e-04
4.310344827586207921e-04 1.728448275862069505e-01 4.310344827586207921e-04 2.719827586206897130e-01 4.310344827586207921e-04 4.310344827586207921e-04 4.741379310344829255e-03 3.491379310344828318e-02 4.310344827586207921e-04 1.685344827586207350e-01 4.310344827586207921e-04 4.741379310344829255e-03 9.051724137931036959e-03 4.310344827586207921e-04 4.741379310344829255e-03 4.310344827586207921e-04 4.310344827586207921e-04 4.310344827586207921e-04 1.336206896551724553e-02 4.310344827586207921e-04 4.741379310344829255e-03 6.508620689655174318e-02 1.125000000000000305e-01 4.310344827586207921e-04 3.060344827586207461e-02 7.801724137931037584e-02 4.310344827586207921e-04 1.336206896551724553e-02 4.741379310344829255e-03 4.310344827586207921e-04
4.830917874396136770e-04 1.792270531400966815e-01 4.830917874396136770e-04 2.082125603864734831e-01 4.830917874396136770e-04 4.830917874396136770e-04 4.830917874396136770e-04 4.830917874396136770e-04 4.830917874396136770e-04 4.396135265700484157e-02 4.830917874396136770e-04 4.830917874396136770e-04 1.980676328502415859e-02 4.879227053140097747e-02 5.845410628019324928e-02 4.830917874396136770e-04 5.314009661835750881e-03 4.830917874396136770e-04 5.314009661835750881e-03 5.314009661835750881e-03 4.830917874396136770e-04 4.830917874396136770e-04 1.115942028985507650e-01 5.314009661835750881e-03 4.830917874396136770e-04 4.830917874396136770e-04 4.830917874396136770e-04 4.830917874396136770e-04 3.000000000000000999e-01 4.830917874396136770e-04
2.762430939226519547e-04 2.762430939226519547e-04 8.563535911602210976e-03 2.762430939226519547e-04 2.762430939226519547e-04 3.618784530386739973e-02 5.801104972375690887e-03 1.549723756906077332e-01 2.762430939226519547e-04 1.961325966850828786e-02 2.762430939226519547e-04 2.762430939226519547e-04 3.400552486187845003e-01 2.762430939226519547e-04 2.762430939226519547e-04 2.762430939226519547e-04 2.762430939226519547e-04 2.762430939226519547e-04 2.762430939226519547e-04 2.762430939226519547e-04 2.237569060773480709e-02 2.762430939226519547e-04 2.762430939226519547e-04 2.762430939226519547e-04 2.762430939226519547e-04 2.762430939226519547e-04 2.762430939226519547e-04 2.762430939226519547e-04 4.063535911602209616e-01 2.762430939226519547e-04
1.422018348623853637e-02 2.481651376146789822e-01 4.587155963302753632e-04 3.399082568807340055e-01 4.587155963302753632e-04 4.587155963302753632e-04 4.587155963302753632e-04 4.587155963302753632e-04 5.091743119266056022e-02 4.587155963302753632e-04 1.013761467889908591e-01 4.587155963302753632e-04 4.587155963302753632e-04 6.009174311926607226e-02 4.587155963302753632e-04 4.587155963302753632e-04 4.587155963302753632e-04 4.587155963302753632e-04 5.045871559633029538e-03 4.587155963302753632e-04 4.587155963302753632e-04 4.587155963302753632e-04 1.472477064220183984e-01 4.587155963302753632e-04 4.587155963302753632e-04 1.880733944954128892e-02 5.045871559633029538e-03 4.587155963302753632e-04 4.587155963302753632e-04 4.587155963302753632e-04
9.354536950420956447e-05 1.028999064546305209e-03 1.028999064546305209e-03 9.354536950420956447e-05 9.354536950420956447e-05 9.354536950420956447e-05 5.706267539756782782e-03 6.072029934518242689e-01 9.448082319925166228e-03 2.067352666043031570e-02 9.354536950420956447e-05 1.786716557530402746e-02 7.025257249766136969e-02 9.354536950420956447e-05 9.354536950420956447e-05 6.276894293732461494e-02 4.780168381665108462e-02 4.770813844714687571e-03 9.354536950420956447e-05 9.354536950420956447e-05 9.354536950420956447e-05 9.354536950420956447e-05 9.354536950420956447e-05 9.354536950420956447e-05 7.960710944808233047e-02 2.628624883068288870e-02 2.815715622076708086e-02 9.354536950420956447e-05 1.599625818521983531e-02 9.354536950420956447e-05
2.272727272727272183e-04 2.272727272727272183e-04 2.272727272727272183e-04 2.272727272727272183e-04 2.272727272727272183e-04 2.272727272727272183e-04 2.272727272727272183e-04 1.840909090909090273e-02 2.272727272727272183e-04 2.272727272727272183e-04 2.272727272727272183e-04 2.865909090909090073e-01 6.386363636363634466e-02 2.272727272727272183e-04 2.272727272727272183e-04 2.272727272727272183e-04 9.318181818181815734e-03 2.272727272727272183e-04 1.365909090909090684e-01 1.274999999999999745e-01 2.272727272727272183e-04 2.499999999999999618e-03 3.431818181818181018e-02 2.272727272727272183e-04 2.272727272727272183e-04 2.272727272727272183e-04 4.568181818181817067e-02 2.706818181818180791e-01 2.272727272727272183e-04 2.272727272727272183e-04
1.208277703604806845e-02 6.675567423230977426e-05 6.074766355140188631e-03 8.818424566088119143e-02 6.675567423230977426e-05 6.675567423230977426e-05 2.069425901201602663e-03 6.122162883845129189e-01 6.675567423230977426e-05 6.675567423230977426e-05 8.077436582109480748e-03 7.343124165554074491e-04 5.213618157543392639e-02 6.675567423230977426e-05 2.069425901201602663e-03 1.408544726301736230e-02 6.675567423230977426e-05 2.343124165554072783e-02 6.675567423230977426e-05 6.675567423230977426e-05 2.610146862483311847e-02 3.611481975967958252e-02 4.072096128170895647e-03 6.675567423230977426e-05 5.413885180240321504e-02 5.280373831775702492e-02 6.675567423230977426e-05 4.072096128170895647e-03 7.343124165554074491e-04 6.675567423230977426e-05
1.130909090909090753e-01 3.636363636363635602e-04 3.636363636363635602e-04 1.676363636363636112e-01 3.636363636363635602e-04 3.636363636363635602e-04 3.636363636363635602e-04 4.763636363636362253e-02 3.636363636363635602e-04 3.999999999999999216e-03 4.399999999999999051e-02 3.636363636363635602e-04 3.636363636363635602e-04 3.309090909090908056e-02 1.854545454545454206e-02 3.636363636363635602e-04 7.636363636363634709e-03 1.854545454545454206e-02 1.058181818181817974e-01 3.636363636363635602e-04 3.999999999999999216e-03 6.945454545454544937e-02 3.636363636363635602e-04 3.636363636363635602e-04 3.636363636363635602e-04 3.203636363636362949e-01 1.854545454545454206e-02 3.636363636363635602e-04 2.218181818181817755e-02 3.636363636363635602e-04
5.076142131979696770e-04 5.076142131979696770e-04 5.076142131979696770e-04 2.543147208121827596e-01 1.578680203045685626e-01 5.076142131979696770e-04 3.096446700507614336e-02 5.076142131979696770e-04 5.076142131979696770e-04 5.076142131979696770e-04 5.076142131979696770e-04 5.076142131979696770e-04 5.076142131979696770e-04 5.076142131979696770e-04 1.065989847715736322e-02 5.076142131979696770e-04 5.076142131979696770e-04 5.076142131979696770e-04 8.680203045685280783e-02 5.076142131979696770e-04 5.076142131979696770e-04 5.076142131979696770e-04 5.583756345177666447e-03 5.076142131979696770e-04 5.076142131979696770e-04 4.319796954314721327e-01 5.076142131979696770e-04 1.065989847715736322e-02 5.076142131979696770e-04 5.076142131979696770e-04
2.427184466019416832e-04 2.427184466019416832e-04 2.427184466019416832e-04 2.648058252427183401e-01 2.427184466019416832e-04 2.427184466019416832e-04 2.427184466019416832e-04 7.063106796116502828e-02 2.427184466019416832e-04 5.097087378640775129e-03 3.179611650485435898e-02 2.694174757281552618e-02 3.594660194174756351e-01 1.237864077669902432e-02 2.427184466019416832e-04 2.427184466019416832e-04 2.427184466019416832e-04 2.427184466019416832e-04 2.427184466019416832e-04 2.427184466019416832e-04 2.427184466019416832e-04 8.519417475728152667e-02 2.427184466019416832e-04 2.427184466019416832e-04 2.427184466019416832e-04 5.121359223300969710e-02 1.480582524271844246e-02 1.480582524271844246e-02 5.849514563106794629e-02 2.427184466019416832e-04
3.928571428571427972e-03 3.571428571428570883e-04 3.928571428571427972e-03 2.503571428571427782e-01 3.571428571428570883e-04 3.571428571428570883e-04 3.571428571428570883e-04 1.467857142857142694e-01 3.571428571428570883e-04 3.571428571428570883e-04 1.824999999999999678e-01 3.571428571428570883e-04 8.249999999999999001e-02 3.928571428571427972e-03 3.928571428571427972e-03 5.749999999999999556e-02 2.535714285714285240e-02 1.107142857142856887e-02 9.321428571428569398e-02 3.571428571428570883e-04 3.571428571428570883e-04 3.571428571428570883e-04 3.571428571428570883e-04 1.107142857142856887e-02 3.571428571428570883e-04 8.607142857142856263e-02 3.571428571428570883e-04 3.571428571428570883e-04 3.249999999999999417e-02 3.571428571428570883e-04
3.759398496240600645e-04 3.759398496240600645e-04 3.759398496240600645e-04 3.988721804511277114e-01 3.759398496240600645e-04 3.759398496240600645e-04 3.759398496240600645e-04 7.180451127819548196e-02 3.759398496240600645e-04 3.759398496240600645e-04 3.759398496240600645e-04 3.759398496240600645e-04 3.124060150375939093e-01 3.759398496240600645e-04 3.759398496240600645e-04 3.759398496240600645e-04 3.759398496240600645e-04 3.759398496240600645e-04 4.135338345864661251e-03 3.796992481203006337e-02 3.759398496240600645e-04 2.293233082706766165e-02 5.300751879699246855e-02 3.759398496240600645e-04 3.759398496240600645e-04 8.308270676691728585e-02 3.759398496240600645e-04 3.759398496240600645e-04 7.894736842105261679e-03 3.759398496240600645e-04
3.174603174603173516e-04 3.174603174603173516e-04 3.174603174603173516e-04 3.492063492063491193e-03 1.301587301587301022e-02 3.174603174603173516e-04 3.174603174603173516e-04 3.492063492063491193e-03 3.174603174603173516e-04 1.936507936507935596e-02 3.174603174603173516e-04 3.492063492063491193e-03 3.174603174603173516e-04 5.746031746031744075e-02 3.174603174603173516e-04 3.174603174603173516e-04 3.174603174603173516e-04 3.174603174603173516e-04 1.431746031746031211e-01 3.558730158730157300e-01 7.015873015873014262e-02 7.968253968253966035e-02 3.174603174603173516e-04 8.285714285714283756e-02 6.666666666666664492e-03 3.174603174603173516e-04 1.558730158730158299e-01 3.174603174603173516e-04 3.174603174603173516e-04 3.174603174603173516e-04
3.012048192771083518e-04 2.563253012048191670e-01 3.012048192771083518e-04 3.313253012048191816e-03 3.012048192771083518e-04 3.012048192771083518e-04 3.012048192771083518e-04 3.012048192771083518e-04 3.012048192771083518e-04 3.012048192771083518e-04 3.012048192771083518e-04 3.012048192771083518e-04 1.298192771084336894e-01 1.117469879518071946e-01 3.012048192771083518e-04 1.536144578313252372e-02 3.012048192771083518e-04 3.012048192771083518e-04 3.644578313253010737e-02 6.325301204819275443e-03 3.012048192771083518e-04 3.012048192771083518e-04 4.249999999999998224e-01 3.012048192771083518e-04 3.012048192771083518e-04 3.012048192771083518e-04 3.012048192771083518e-04 3.012048192771083518e-04 9.337349397590358202e-03 3.012048192771083518e-04
4.065040650406505146e-04 4.471544715447155552e-03 4.065040650406505146e-04 2.479674796747968063e-02 8.536585365853660914e-03 4.065040650406505146e-04 4.065040650406505146e-04 4.065040650406505146e-04 2.886178861788618252e-02 5.325203252032521123e-02 4.065040650406505146e-04 4.065040650406505146e-04 4.065040650406505146e-04 4.065040650406505146e-04 4.065040650406505146e-04 1.508130081300813330e-01 4.065040650406505146e-04 1.666666666666666990e-02 4.065040650406505146e-04 2.158536585365854188e-01 4.065040650406505146e-04 4.065040650406505146e-04 4.272357723577236421e-01 4.065040650406505146e-04 4.065040650406505146e-04 5.731707317073171659e-02 4.065040650406505146e-04 4.065040650406505146e-04 4.065040650406505146e-04 4.471544715447155552e-03
6.073394495412842709e-02 2.036697247706421507e-02 1.834862385321100640e-04 2.111926605504586552e-01 3.321100917431192567e-02 1.834862385321100640e-04 1.834862385321100640e-04 7.357798165137613422e-02 1.834862385321100640e-04 6.073394495412842709e-02 2.587155963302751813e-02 1.834862385321100640e-04 1.506422018348623493e-01 1.834862385321100640e-04 1.834862385321100640e-04 2.954128440366972017e-02 1.834862385321100640e-04 1.834862385321100640e-04 1.834862385321100640e-04 2.770642201834861915e-02 1.834862385321100640e-04 1.322935779816513391e-01 2.018348623853210948e-03 1.834862385321100640e-04 1.834862385321100640e-04 1.212844036697247330e-01 1.834862385321100640e-04 9.357798165137612423e-03 3.871559633027522179e-02 1.834862385321100640e-04
2.967359050445103207e-04 2.967359050445103207e-04 2.967359050445103207e-04 2.554896142433233375e-01 2.967359050445103207e-04 2.967359050445103207e-04 5.964391691394656941e-02 1.219584569732937301e-01 3.293768545994064240e-02 9.198813056379819345e-03 1.664688427299702844e-01 2.967359050445103207e-04 9.821958456973291229e-02 2.967359050445103207e-04 1.513353115727002381e-02 2.967359050445103207e-04 2.967359050445103207e-04 9.198813056379819345e-03 2.967359050445103207e-04 2.967359050445103207e-04 2.967359050445103207e-04 2.967359050445103207e-04 6.231454005934716246e-03 2.967359050445103207e-04 2.967359050445103207e-04 1.664688427299702844e-01 2.106824925816023000e-02 2.967359050445103207e-04 2.997032640949553670e-02 3.264094955489613582e-03
3.389830508474574330e-04 2.745762711864405126e-02 1.050847457627118037e-02 1.630508474576270184e-01 1.393220338983049977e-01 3.389830508474574330e-04 3.389830508474574330e-04 3.389830508474574330e-04 2.406779661016947638e-02 2.067796610169490151e-02 2.406779661016947638e-02 3.389830508474574330e-04 3.389830508474574330e-04 3.389830508474574330e-04 3.389830508474574330e-04 3.389830508474574330e-04 3.389830508474574330e-04 3.389830508474574330e-04 9.864406779661011315e-02 1.189830508474575693e-01 3.389830508474574330e-04 4.440677966101692214e-02 9.186440677966097035e-02 1.732203389830507534e-01 3.084745762711862613e-02 2.406779661016947638e-02 3.389830508474574330e-04 3.389830508474574330e-04 3.728813559322031925e-03 3.389830508474574330e-04
2.610966057441252647e-04 1.070496083550913358e-02 1.853785900783289087e-02 7.336814621409919190e-02 6.553524804177543461e-02 2.610966057441252647e-04 2.610966057441252647e-04 2.610966057441252647e-04 2.610966057441252647e-04 1.960835509138380561e-01 2.610966057441252647e-04 2.610966057441252647e-04 1.543080939947780172e-01 2.610966057441252647e-04 3.159268929503915302e-02 1.331592689295038601e-02 2.610966057441252647e-04 2.610966057441252647e-04 2.610966057441252647e-04 1.464751958224542738e-01 2.610966057441252647e-04 1.070496083550913358e-02 1.986945169712792947e-01 2.610966057441252647e-04 2.872062663185378020e-03 2.610966057441252647e-04 2.610966057441252647e-04 6.814621409921668704e-02 5.483028720626630451e-03 2.610966057441252647e-04
7.407407407407410021e-05 3.118518518518519772e-02 1.118518518518518863e-02 6.229629629629631488e-02 7.407407407407410021e-05 7.407407407407410021e-05 7.407407407407410021e-05 7.407407407407410021e-05 7.407407407407410021e-05 1.763703703703704273e-01 7.407407407407410021e-05 7.407407407407410021e-05 1.445185185185185739e-01 9.703703703703707439e-03 8.222222222222224514e-03 8.148148148148151972e-04 7.407407407407410021e-05 7.407407407407410021e-05 1.266666666666667156e-02 1.608148148148148548e-01 6.451851851851853059e-02 8.377777777777779822e-02 2.060000000000000997e-01 1.192592592592593183e-02 3.037037037037037743e-03 7.407407407407410021e-05 1.044444444444444717e-02 1.555555555555556118e-03 7.407407407407410021e-05 7.407407407407410021e-05
4.219409282700423104e-04 4.219409282700423104e-04 4.219409282700423104e-04 4.641350210970465739e-03 2.071729957805907851e-01 4.219409282700423104e-04 4.219409282700423104e-04 4.219409282700423104e-04 4.219409282700423104e-04 1.438818565400844240e-01 4.219409282700423104e-04 3.042194092827004703e-01 5.949367088607596110e-02 4.219409282700423104e-04 4.219409282700423104e-04 4.641350210970465739e-03 4.219409282700423104e-04 4.219409282700423104e-04 4.219409282700423104e-04 6.793248945147681295e-02 4.683544303797469027e-02 2.995780590717300046e-02 8.860759493670888193e-03 4.219409282700423104e-04 8.481012658227850276e-02 1.308016877637131238e-02 4.219409282700423104e-04 1.729957805907173310e-02 4.219409282700423104e-04 4.219409282700423104e-04
2.666666666666666252e-04 2.933333333333332932e-03 1.626666666666666192e-02 2.829333333333332590e-01 2.666666666666666252e-04 2.666666666666666252e-04 2.666666666666666252e-04 8.026666666666665284e-02 2.666666666666666252e-04 2.666666666666666252e-04 2.666666666666666252e-04 2.666666666666666252e-04 1.229333333333333250e-01 8.266666666666665220e-03 2.666666666666666252e-04 2.666666666666666252e-04 2.666666666666666252e-04 2.666666666666666252e-04 8.826666666666665995e-02 5.359999999999999487e-02 1.359999999999999751e-02 2.666666666666666252e-04 2.666666666666666252e-04 2.666666666666666252e-04 2.666666666666666252e-04 3.255999999999999450e-01 2.666666666666666252e-04 2.666666666666666252e-04 2.666666666666666252e-04 2.666666666666666252e-04
5.000000000000001188e-04 5.000000000000001188e-04 5.000000000000001188e-04 2.505000000000000560e-01 1.550000000000000336e-02 5.000000000000001188e-04 5.000000000000001188e-04 4.050000000000000128e-02 5.050000000000000322e-02 5.000000000000001188e-04 5.000000000000001188e-04 5.000000000000001188e-04 1.550000000000000336e-02 5.000000000000001188e-04 5.000000000000001188e-04 2.550000000000000183e-02 5.000000000000001188e-04 5.000000000000001188e-04 5.500000000000001416e-03 8.550000000000002043e-02 5.000000000000001188e-04 1.050000000000000239e-02 1.050000000000000239e-02 5.000000000000001188e-04 5.000000000000001188e-04 4.805000000000000382e-01 5.000000000000001188e-04 5.000000000000001188e-04 5.000000000000001188e-04 5.000000000000001188e-04
3.699186991869918978e-02 4.065040650406504604e-04 4.065040650406504604e-04 2.483739837398374339e-01 2.886178861788617905e-02 4.065040650406504604e-04 4.065040650406504604e-04 2.886178861788617905e-02 4.065040650406504604e-04 1.260162601626016454e-02 4.065040650406504604e-04 4.065040650406504604e-04 4.512195121951220050e-02 4.065040650406504604e-04 4.065040650406504604e-04 4.065040650406504604e-04 4.471544715447155552e-03 4.065040650406504604e-04 1.873983739837398743e-01 4.065040650406504604e-04 2.479674796747967716e-02 4.065040650406504604e-04 7.357723577235773804e-02 4.065040650406504604e-04 4.918699186991870587e-02 1.670731707317073544e-01 4.065040650406504604e-04 2.479674796747967716e-02 4.471544715447155552e-03 5.731707317073170965e-02
1.862197392923649569e-04 2.811918063314710822e-02 1.862197392923649569e-04 3.074487895716945252e-01 1.862197392923649569e-04 1.862197392923649569e-04 1.862197392923649569e-04 1.862197392923649569e-04 1.862197392923649569e-04 1.862197392923649569e-04 1.862197392923649569e-04 1.862197392923649569e-04 4.301675977653630911e-02 9.497206703910611447e-03 1.862197392923649569e-04 1.862197392923649569e-04 2.048417132216014472e-03 1.862197392923649569e-04 1.324022346368714798e-01 1.789571694599627061e-01 1.880819366852885810e-02 1.862197392923649569e-04 3.743016759776535834e-02 1.862197392923649569e-04 1.862197392923649569e-04 2.366852886405958478e-01 1.862197392923649569e-04 2.048417132216014472e-03 1.862197392923649569e-04 1.862197392923649569e-04
2.954545454545453795e-02 1.331168831168830745e-02 2.305194805194804575e-02 2.113636363636363091e-01 3.246753246753246208e-04 3.246753246753246208e-04 3.246753246753246208e-04 8.149350649350647902e-02 3.246753246753246208e-04 3.246753246753246208e-04 3.246753246753246208e-04 6.818181818181816983e-03 5.876623376623375805e-02 3.246753246753246208e-04 3.246753246753246208e-04 6.818181818181816983e-03 3.246753246753246208e-04 3.246753246753246208e-04 6.850649350649350156e-02 5.876623376623375805e-02 3.246753246753246208e-04 1.334415584415584166e-01 2.305194805194804575e-02 3.246753246753246208e-04 3.246753246753246208e-04 2.762987012987012103e-01 3.246753246753246208e-04 3.246753246753246208e-04 3.571428571428570883e-03 3.246753246753246208e-04
4.060402684563756831e-02 7.751677852348991260e-02 3.355704697986575916e-04 2.016778523489932140e-01 1.010067114093959328e-01 3.355704697986575916e-04 3.355704697986575916e-04 3.355704697986575916e-04 3.355704697986575916e-04 1.312080536912751116e-01 3.355704697986575916e-04 7.046979865771809369e-03 5.067114093959729226e-02 3.355704697986575916e-04 3.724832214765098903e-02 3.691275167785233995e-03 3.355704697986575916e-04 3.355704697986575916e-04 9.093959731543621583e-02 2.184563758389260757e-01 3.355704697986575916e-04 3.355704697986575916e-04 3.355704697986575916e-04 3.355704697986575916e-04 3.355704697986575916e-04 3.355704697986575916e-04 7.046979865771809369e-03 2.718120805369126508e-02 3.355704697986575916e-04 3.355704697986575916e-04
3.571428571428570341e-04 3.571428571428570341e-04 7.535714285714283089e-02 2.646428571428570131e-01 6.464285714285712692e-02 3.571428571428570341e-04 3.571428571428570341e-04 1.217857142857142472e-01 3.571428571428570341e-04 3.571428571428570341e-04 3.571428571428570341e-04 3.571428571428570341e-04 3.571428571428570341e-04 3.571428571428570341e-04 3.571428571428570341e-04 3.571428571428570341e-04 3.571428571428570341e-04 3.571428571428570341e-04 1.610714285714285043e-01 6.464285714285712692e-02 3.571428571428570341e-04 6.464285714285712692e-02 3.571428571428570341e-04 3.571428571428570341e-04 3.571428571428570341e-04 1.753571428571427948e-01 3.571428571428570341e-04 3.571428571428570341e-04 3.571428571428570341e-04 3.571428571428570341e-04
3.984063745019921551e-04 2.553784860557769543e-01 8.007968127490042165e-02 3.984063745019921551e-04 2.430278884462151734e-02 3.984063745019921551e-04 1.633466135458167684e-02 3.984063745019921551e-04 3.984063745019921551e-04 1.235059760956175659e-02 4.382470119521913489e-03 3.984063745019921551e-04 1.235059760956175659e-02 1.235059760956175659e-02 3.984063745019921551e-04 9.203187250996018587e-02 3.984063745019921551e-04 3.984063745019921551e-04 8.366533864541834606e-03 2.031872509960159709e-02 4.382470119521913489e-03 3.984063745019921551e-04 4.266932270916335423e-01 3.984063745019921551e-04 8.366533864541834606e-03 4.382470119521913489e-03 3.984063745019921551e-04 1.235059760956175659e-02 3.984063745019921551e-04 3.984063745019921551e-04
1.314060446780551553e-04 1.314060446780551553e-04 1.314060446780551553e-04 1.314060446780551553e-04 1.314060446780551553e-04 1.314060446780551553e-04 4.480946123521680619e-02 2.759526938239158234e-03 1.314060446780551553e-04 1.314060446780551553e-04 5.400788436268066928e-02 3.207621550591326365e-01 2.392904073587384106e-01 3.035479632063074057e-02 1.314060446780551553e-04 9.474375821287775445e-02 1.590013140604467148e-02 2.509855453350853458e-02 4.875164257555845981e-02 4.073587385019709732e-03 2.759526938239158234e-03 2.509855453350853458e-02 1.314060446780551553e-04 1.314060446780551553e-04 1.445466491458606735e-03 6.714848883048618600e-02 1.852825229960577622e-02 2.759526938239158234e-03 1.314060446780551553e-04 1.314060446780551553e-04
1.315789473684210930e-03 1.315789473684210930e-03 6.710526315789475116e-02 1.315789473684210930e-03 1.315789473684210930e-03 1.592105263157894968e-01 1.855263157894737058e-01 1.315789473684210930e-03 1.315789473684210930e-03 1.315789473684210930e-03 1.315789473684210930e-03 1.315789473684210930e-03 1.447368421052631915e-02 1.315789473684210930e-03 1.315789473684210930e-03 1.315789473684210930e-03 1.315789473684210930e-03 1.855263157894737058e-01 1.315789473684210930e-03 1.315789473684210930e-03 1.315789473684210930e-03 1.315789473684210930e-03 1.315789473684210930e-03 1.315789473684210930e-03 1.315789473684210930e-03 1.315789473684210930e-03 1.986842105263158242e-01 1.328947368421052877e-01 2.763157894736842715e-02 1.315789473684210930e-03
3.194888178913737561e-04 3.194888178913737561e-04 3.194888178913737561e-04 2.303514376996804447e-01 6.709265175718849041e-03 3.194888178913737561e-04 3.514376996805111588e-03 3.514376996805111588e-03 9.904153354632586059e-03 3.514376996805111588e-03 3.194888178913737561e-04 3.194888178913737561e-04 1.309904153354632221e-02 3.194888178913737561e-04 3.194888178913737561e-04 9.904153354632586059e-03 3.194888178913737561e-04 3.194888178913737561e-04 1.568690095846645149e-01 9.616613418530349511e-02 3.194888178913737561e-04 3.514376996805111588e-03 3.194888178913737561e-04 3.194888178913737561e-04 6.741214057507986801e-02 3.900958466453673390e-01 3.194888178913737561e-04 3.194888178913737561e-04 3.194888178913737561e-04 3.194888178913737561e-04
7.664233576642335774e-03 4.014598540145985529e-03 3.649635036496350678e-04 3.649635036496350678e-04 8.065693430656935281e-02 3.649635036496350678e-04 3.649635036496350678e-04 3.649635036496350678e-04 4.014598540145985529e-03 3.649635036496350678e-04 4.014598540145985529e-03 1.281021897810218912e-01 3.649635036496350678e-04 3.649635036496350678e-04 1.131386861313868689e-02 3.649635036496350678e-04 3.649635036496350678e-04 3.649635036496350678e-04 4.014598540145985529e-03 1.354014598540146108e-01 3.649635036496350678e-04 3.649635036496350678e-04 3.649635036496350678e-04 4.014598540145985529e-03 1.496350364963503453e-02 5.145985401459853698e-02 3.649635036496350678e-04 5.441605839416058243e-01 3.649635036496350678e-04 3.649635036496350678e-04
2.525252525252524708e-04 1.517676767676767180e-01 2.148989898989898117e-01 2.525252525252524708e-04 2.525252525252524708e-04 2.525252525252524708e-04 2.777777777777777016e-03 1.391414141414140937e-01 2.525252525252524708e-04 2.525252525252524708e-04 2.525252525252524708e-04 2.525252525252524708e-04 1.792929292929292331e-02 1.540404040404039915e-02 2.525252525252524708e-04 2.525252525252524708e-04 2.525252525252524708e-04 2.525252525252524708e-04 2.525252525252524708e-04 2.047979797979797290e-01 2.525252525252524708e-04 2.525252525252524708e-04 1.921717171717171047e-01 2.525252525252524708e-04 7.828282828282826650e-03 2.045454545454544748e-02 2.525252525252524708e-04 2.525252525252524708e-04 2.803030303030301998e-02 2.525252525252524708e-04
4.166666666666668018e-04 4.420833333333334392e-01 4.166666666666668018e-04 5.875000000000001055e-02 4.166666666666668018e-04 4.166666666666668018e-04 4.166666666666668018e-04 7.958333333333335313e-02 4.166666666666668018e-04 2.125000000000000500e-02 4.166666666666668018e-04 4.166666666666668018e-04 1.212500000000000383e-01 4.166666666666668018e-04 3.791666666666667490e-02 5.875000000000001055e-02 4.166666666666668018e-04 4.166666666666668018e-04 4.166666666666668018e-04 7.541666666666668739e-02 4.166666666666668018e-04 4.166666666666668018e-04 1.708333333333333579e-02 4.166666666666668018e-04 8.750000000000002567e-03 4.166666666666668018e-04 4.166666666666668018e-04 4.166666666666668018e-04 7.125000000000002165e-02 4.166666666666668018e-04
5.426356589147285879e-03 5.710594315245477032e-02 2.583979328165373918e-04 2.583979328165373918e-04 5.968992248062014033e-02 2.583979328165373918e-04 2.583979328165373918e-04 7.002583979328164121e-02 2.583979328165373918e-04 7.519379844961238124e-02 2.583979328165373918e-04 2.583979328165373918e-04 7.002583979328164121e-02 2.583979328165373918e-04 1.834625322997415417e-02 2.583979328165373918e-04 2.583979328165373918e-04 2.609819121447027462e-02 4.160206718346252247e-02 3.904392764857879672e-01 2.583979328165373918e-04 5.193798449612401641e-02 7.777777777777776513e-02 2.351421188630490114e-02 2.842377260981911527e-03 2.583979328165373918e-04 2.093023255813952765e-02 5.426356589147285879e-03 2.583979328165373918e-04 2.583979328165373918e-04
