2.717391304347826120e-04 2.717391304347826120e-04 2.989130434782608786e-03 2.717391304347826120e-04 2.717391304347826120e-04 2.989130434782608786e-03 2.717391304347826120e-04 2.717391304347826120e-04 5.706521739130434798e-03 2.717391304347826120e-04 2.717391304347826120e-04 2.201086956521738913e-02 2.717391304347826120e-04 2.717391304347826120e-04 2.717391304347826120e-04 4.375000000000000416e-02 2.717391304347826120e-04 2.747282608695651995e-01 2.717391304347826120e-04 2.717391304347826120e-04 2.717391304347826120e-04 2.717391304347826120e-04 2.149456521739130377e-01 2.717391304347826120e-04 2.717391304347826120e-04 2.989130434782608786e-03 2.717391304347826120e-04 1.385869565217391283e-02 2.339673913043478215e-01 1.769021739130434701e-01
3.202933985330072564e-02 2.444987775061123925e-04 2.444987775061123925e-04 1.002444987775060782e-02 2.444987775061123925e-04 2.444987775061123925e-04 2.007334963325182742e-01 2.444987775061123925e-04 2.444987775061123925e-04 2.444987775061123925e-04 2.444987775061123925e-04 1.735941320293397927e-02 2.689486552567236805e-03 2.444987775061123925e-04 2.444987775061123925e-04 2.444987775061123925e-04 2.689486552567236805e-03 9.559902200488995527e-02 1.002444987775060782e-02 4.669926650366747201e-02 2.444987775061123925e-04 2.444987775061123925e-04 9.070904645476771111e-02 2.444987775061123925e-04 2.911980440097798328e-01 2.689486552567236805e-03 1.980440097799510482e-02 2.444987775061123925e-04 2.444987775061123925e-04 1.738386308068459174e-01
1.170058139534884030e-02 7.267441860465117533e-05 7.267441860465117533e-05 7.267441860465117533e-05 1.751453488372093498e-02 1.242732558139535148e-02 7.267441860465117533e-05 7.267441860465117533e-05 5.603197674418605029e-02 2.623546511627907613e-02 4.803779069767442206e-02 4.222383720930233258e-02 7.267441860465117533e-05 7.267441860465117533e-05 7.267441860465117533e-05 9.520348837209303278e-03 7.267441860465117533e-05 1.069040697674418783e-01 2.042151162790697971e-02 4.731104651162790914e-02 1.460755813953488677e-02 2.187500000000000555e-02 2.537063953488372658e-01 2.550872093023256321e-02 1.024709302325581620e-02 2.478197674418605029e-02 1.526162790697674831e-03 1.083575581395349041e-01 9.818313953488373713e-02 4.222383720930233258e-02
2.525252525252524166e-04 1.035353535353534735e-02 1.287878787878787151e-02 1.542929292929292318e-01 2.525252525252524166e-04 9.621212121212117940e-02 1.540404040404039568e-02 2.525252525252524166e-04 2.525252525252524166e-04 2.525252525252524166e-04 2.525252525252524166e-04 2.525252525252524166e-04 2.525252525252524166e-04 2.525252525252524166e-04 1.540404040404039568e-02 8.863636363636359650e-02 2.525252525252524166e-04 2.525252525252524166e-04 2.297979797979796818e-02 5.303030303030300749e-03 2.525252525252524166e-04 2.803030303030301651e-02 1.820707070707069664e-01 3.386363636363634577e-01 2.525252525252524166e-04 1.287878787878787151e-02 2.525252525252524166e-04 2.525252525252524166e-04 2.525252525252524166e-04 1.287878787878787151e-02
4.205020920502091503e-02 1.947698744769874035e-01 2.092050209205020795e-04 2.092050209205020795e-04 1.903765690376568731e-02 1.780334728033472480e-01 6.715481171548116912e-02 1.550209205020920133e-01 8.577405857740583173e-03 2.092050209205020795e-04 2.092050209205020795e-04 8.577405857740583173e-03 2.092050209205020795e-04 2.092050209205020795e-04 2.092050209205020795e-04 2.092050209205020795e-04 4.393305439330543426e-03 2.092050209205020795e-04 4.393305439330543426e-03 2.301255230125523119e-03 9.435146443514642878e-02 2.092050209205020795e-04 1.466527196652719356e-01 5.041841004184099972e-02 2.092050209205020795e-04 4.393305439330543426e-03 2.092050209205020795e-04 2.092050209205020795e-04 2.092050209205020795e-04 1.694560669456066787e-02
1.709401709401709129e-04 3.027350427350426476e-01 3.264957264957264738e-02 1.709401709401709129e-04 3.589743589743589307e-03 6.170940170940170111e-02 3.589743589743589307e-03 1.709401709401709129e-04 8.393162393162391377e-02 1.880341880341880123e-03 1.709401709401709129e-04 1.709401709401709129e-04 1.709401709401709129e-04 1.555555555555555164e-02 1.726495726495726191e-02 3.264957264957264738e-02 1.709401709401709129e-04 7.880341880341878991e-02 1.042735042735042431e-02 1.709401709401709129e-04 3.589743589743589307e-03 1.709401709401709129e-04 2.292307692307691824e-01 7.008547008547006373e-03 1.709401709401709129e-04 9.418803418803417538e-02 1.880341880341880123e-03 1.709401709401709129e-04 1.726495726495726191e-02 1.709401709401709129e-04
2.070393374741200272e-04 4.347826086956520057e-03 1.055900621118011952e-02 2.070393374741200272e-04 3.333333333333332593e-02 2.277432712215320381e-03 2.070393374741200272e-04 5.610766045548652714e-02 9.958592132505172945e-02 2.070393374741200272e-04 2.070393374741200272e-04 2.070393374741200272e-04 2.070393374741200272e-04 2.070393374741200272e-04 2.070393374741200272e-04 2.070393374741200272e-04 2.070393374741200272e-04 2.070393374741200272e-04 2.070393374741200272e-04 2.070393374741200272e-04 2.070393374741200272e-04 5.737060041407865407e-01 1.637681159420289190e-01 4.575569358178052659e-02 2.070393374741200272e-04 2.070393374741200272e-04 2.070393374741200272e-04 4.347826086956520057e-03 2.277432712215320381e-03 2.070393374741200272e-04
3.039513677811549273e-04 3.039513677811549273e-04 3.039513677811549273e-04 3.039513677811549273e-04 4.623100303951366286e-01 7.629179331306988610e-02 1.246200607902735007e-02 3.039513677811549273e-04 3.039513677811549273e-04 3.039513677811549273e-04 3.039513677811549273e-04 3.039513677811549273e-04 3.039513677811549273e-04 3.039513677811549273e-04 3.039513677811549273e-04 3.039513677811549273e-04 3.343465045592704417e-03 3.343465045592704417e-03 3.343465045592704417e-03 1.036474164133738274e-01 3.039513677811549273e-04 3.039513677811549273e-04 6.717325227963523437e-02 3.039513677811549273e-04 1.917933130699087663e-01 5.805471124620058959e-02 3.039513677811549273e-04 3.039513677811549273e-04 1.246200607902735007e-02 3.039513677811549273e-04
3.548387096774192461e-03 3.225806451612902139e-04 3.225806451612902139e-04 3.225806451612902139e-04 6.483870967741933722e-02 1.616129032258064036e-01 3.225806451612902139e-04 3.225806451612902139e-04 3.225806451612902139e-04 3.548387096774192461e-03 3.225806451612902139e-04 3.225806451612902139e-04 6.774193548387094817e-03 3.225806451612902139e-04 3.225806451612902139e-04 6.483870967741933722e-02 4.870967741935482154e-02 3.225806451612902139e-04 2.325806451612902059e-01 3.225806451612902139e-04 3.225806451612902139e-04 2.358064516129031174e-01 7.774193548387094144e-02 8.419354838709675048e-02 3.225806451612902139e-04 3.225806451612902139e-04 3.225806451612902139e-04 3.225806451612902139e-04 3.225806451612902139e-04 9.999999999999996739e-03
2.208835341365461211e-03 2.008032128514055769e-04 2.008032128514055769e-04 2.008032128514055769e-04 1.969879518072288338e-01 2.008032128514055769e-04 5.843373493975902166e-02 2.008032128514055769e-04 2.008032128514055769e-04 2.008032128514055769e-04 2.208835341365461211e-03 2.008032128514055769e-04 2.008032128514055769e-04 2.008032128514055769e-04 2.008032128514055769e-04 2.008032128514055769e-04 5.240963855421685441e-02 1.548192771084336838e-01 2.008032128514055769e-04 6.445783132530118198e-02 2.008032128514055769e-04 8.052208835341362336e-02 2.371485943775099581e-01 2.008032128514055769e-04 6.224899598393572424e-03 2.008032128514055769e-04 2.008032128514055769e-04 5.240963855421685441e-02 1.224899598393573881e-02 7.650602409638551649e-02
1.683501683501683320e-04 1.683501683501683320e-04 1.683501683501683320e-04 1.683501683501683320e-04 6.582491582491581394e-02 1.683501683501683320e-04 1.683501683501683320e-04 1.851851851851851706e-03 1.683501683501683320e-04 1.683501683501683320e-04 1.683501683501683320e-04 2.542087542087541688e-02 1.683501683501683320e-04 5.218855218855218345e-03 1.683501683501683320e-04 1.683501683501683320e-04 5.218855218855218345e-03 2.526936026936026369e-01 3.535353535353534700e-03 1.683501683501683320e-04 1.683501683501683320e-04 1.683501683501683320e-04 8.097643097643096588e-02 1.683501683501683320e-04 1.683501683501683320e-04 1.683501683501683320e-04 1.683501683501683320e-04 1.683501683501683320e-04 8.939393939393937283e-02 4.664983164983164676e-01
2.044989775051124232e-04 2.044989775051124232e-04 2.044989775051124232e-04 2.249488752556236520e-03 5.541922290388546363e-02 2.271983640081798594e-01 2.044989775051124232e-04 2.517382413087933535e-01 4.519427402862984111e-02 2.044989775051124232e-04 2.044989775051124232e-04 2.044989775051124232e-04 2.044989775051124232e-04 2.044989775051124232e-04 2.044989775051124232e-04 1.656441717791410501e-02 2.044989775051124232e-04 2.044989775051124232e-04 6.339468302658485092e-03 2.065439672801635054e-02 1.249488752556236759e-01 1.453987730061349071e-01 6.155419222903883714e-02 2.044989775051124232e-04 2.044989775051124232e-04 3.701431492842535004e-02 2.044989775051124232e-04 2.249488752556236520e-03 2.044989775051124232e-04 2.044989775051124232e-04
2.806122448979591223e-03 6.403061224489794978e-02 2.551020408163264452e-04 2.551020408163264452e-04 8.954081632653058953e-02 3.341836734693876682e-02 2.551020408163264452e-04 9.719387755102038007e-02 2.551020408163264452e-04 2.551020408163264452e-04 2.551020408163264452e-04 2.321428571428570814e-02 2.551020408163264452e-04 2.551020408163264452e-04 2.806122448979591223e-03 2.321428571428570814e-02 1.556122448979591240e-02 2.551020408163264452e-04 1.788265306122448217e-01 4.872448979591835483e-02 2.551020408163264452e-04 2.528061224489794867e-01 1.533163265306121958e-01 2.551020408163264452e-04 2.551020408163264452e-04 7.908163265306120127e-03 2.551020408163264452e-04 2.551020408163264452e-04 2.806122448979591223e-03 2.551020408163264452e-04
4.405286343612336078e-04 4.405286343612336078e-04 4.845814977973569686e-03 4.405286343612336078e-04 4.405286343612336078e-04 1.414096916299559803e-01 4.405286343612336078e-04 4.845814977973569686e-03 5.330396475770926568e-02 4.405286343612336078e-04 4.405286343612336078e-04 1.722466960352423415e-01 4.405286343612336078e-04 4.405286343612336078e-04 4.057268722466961242e-01 6.211453744493393436e-02 9.251101321585906631e-03 4.405286343612336078e-04 4.405286343612336078e-04 9.251101321585906631e-03 2.246696035242291140e-02 5.770925110132160002e-02 4.845814977973569686e-03 1.806167400881057705e-02 4.405286343612336078e-04 4.405286343612336078e-04 4.405286343612336078e-04 2.687224669603524574e-02 4.405286343612336078e-04 4.405286343612336078e-04
3.237179487179486087e-02 2.118589743589742724e-01 3.849358974358972896e-01 6.730769230769228541e-03 3.205128205128204041e-04 9.967948717948714454e-02 3.205128205128204041e-04 3.205128205128204041e-04 3.205128205128204041e-04 3.205128205128204041e-04 9.935897435897431823e-03 3.205128205128204041e-04 3.205128205128204041e-04 3.205128205128204041e-04 3.205128205128204041e-04 1.413461538461537881e-01 3.205128205128204041e-04 6.730769230769228541e-03 3.205128205128204041e-04 3.205128205128204041e-04 3.205128205128204041e-04 3.205128205128204041e-04 7.403846153846151135e-02 2.596153846153845257e-02 3.205128205128204041e-04 3.205128205128204041e-04 3.205128205128204041e-04 3.205128205128204041e-04 3.205128205128204041e-04 3.205128205128204041e-04
2.252252252252252287e-04 2.252252252252252287e-04 2.252252252252252287e-04 2.252252252252252287e-04 1.331081081081081086e-01 2.252252252252252287e-04 2.274774774774774785e-02 2.252252252252252287e-04 7.454954954954955137e-02 2.252252252252252287e-04 2.252252252252252287e-04 2.252252252252252287e-04 2.252252252252252287e-04 6.981981981981981791e-03 3.626126126126126559e-02 2.252252252252252287e-04 2.252252252252252287e-04 2.252252252252252287e-04 2.252252252252252287e-04 2.252252252252252287e-04 2.252252252252252287e-04 6.981981981981981791e-03 7.905405405405405150e-02 2.252252252252252287e-04 1.511261261261261091e-01 2.477477477477477760e-03 2.252252252252252287e-04 7.004504504504505125e-02 2.727477477477477374e-01 1.398648648648648796e-01
7.216494845360822523e-03 7.594501718213056418e-02 3.436426116838486606e-04 3.436426116838486606e-04 8.281786941580752959e-02 1.412371134020617980e-01 3.436426116838486606e-04 1.481099656357387773e-01 1.752577319587628191e-02 3.436426116838486606e-04 3.436426116838486606e-04 1.065292096219930956e-02 3.436426116838486606e-04 3.436426116838486606e-04 3.436426116838486606e-04 2.096219931271476808e-02 3.436426116838486606e-04 1.065292096219930956e-02 1.721649484536081909e-01 7.216494845360822523e-03 3.436426116838486606e-04 2.752577319587627414e-01 2.439862542955325425e-02 3.436426116838486606e-04 3.436426116838486606e-04 3.436426116838486606e-04 3.436426116838486606e-04 3.436426116838486606e-04 3.436426116838486606e-04 3.436426116838486606e-04
2.267573696145124289e-04 2.267573696145124289e-04 5.238095238095236833e-02 4.331065759637187096e-02 1.521541950113378117e-01 1.272108843537414768e-01 4.104308390022674835e-02 2.517006802721087622e-02 4.104308390022674835e-02 1.156462585034013189e-02 4.761904761904760600e-03 9.297052154195007551e-03 2.267573696145124289e-04 2.267573696145124289e-04 2.267573696145124289e-04 9.297052154195007551e-03 2.267573696145124289e-04 2.267573696145124289e-04 1.609977324263037884e-02 2.267573696145124289e-04 2.267573696145124289e-04 5.238095238095236833e-02 2.517006802721087622e-02 2.267573696145124289e-04 2.791383219954647887e-01 2.267573696145124289e-04 4.761904761904760600e-03 2.267573696145124289e-04 8.412698412698410566e-02 1.836734693877550492e-02
1.330698287220026359e-02 1.317523056653491600e-04 1.317523056653491600e-04 1.317523056653491600e-04 1.595520421607378170e-01 1.317523056653491600e-04 1.317523056653491600e-04 1.989459815546772148e-02 1.160737812911725869e-01 1.317523056653491600e-04 2.766798418972332089e-03 1.317523056653491600e-04 1.317523056653491600e-04 1.317523056653491600e-04 3.438735177865612919e-02 1.317523056653491600e-04 1.002635046113306977e-01 2.779973649538866956e-02 1.317523056653491600e-04 1.449275362318840597e-03 2.766798418972332089e-03 1.411067193675889231e-01 1.108036890645586192e-01 1.317523056653491600e-04 1.317523056653491600e-04 1.330698287220026359e-02 1.317523056653491600e-04 4.888010540184453689e-02 6.600790513833992845e-02 1.397891963109354208e-01
2.747252747252746708e-04 2.747252747252746708e-04 2.747252747252746708e-04 2.747252747252746708e-04 3.598901098901097911e-02 2.747252747252746708e-04 2.747252747252746708e-04 6.620879120879119561e-02 2.747252747252746708e-04 2.747252747252746708e-04 2.747252747252746708e-04 2.747252747252746708e-04 2.747252747252746708e-04 2.747252747252746708e-04 3.021978021978021216e-03 2.747252747252746708e-04 2.747252747252746708e-04 8.516483516483513982e-03 3.324175824175822774e-02 5.769230769230767816e-03 2.747252747252746708e-04 1.843406593406592686e-01 1.019230769230768940e-01 2.747252747252746708e-04 4.151098901098899674e-01 1.401098901098900631e-02 2.747252747252746708e-04 2.747252747252746708e-04 2.747252747252746708e-04 1.266483516483516147e-01
2.518891687657430121e-04 2.518891687657430121e-04 1.035264483627203747e-01 2.770780856423173295e-03 1.788413098236775120e-02 1.010075566750629483e-01 3.551637279596975977e-02 2.292191435768261079e-02 5.289672544080603091e-03 2.518891687657430121e-04 2.518891687657430121e-04 2.518891687657430121e-04 2.518891687657430121e-04 2.518891687657430121e-04 2.518891687657430121e-04 1.284634760705289161e-02 1.536523929471032140e-02 2.518891687657430121e-04 2.518891687657430121e-04 2.518891687657430121e-04 2.518891687657430121e-04 1.639798488664986897e-01 2.518891687657430121e-04 2.518891687657430121e-04 4.612090680100754403e-01 2.518891687657430121e-04 2.795969773299747385e-02 2.770780856423173295e-03 2.518891687657430121e-04 2.292191435768261079e-02
3.300395256916997117e-02 1.060606060606061017e-02 1.173254281949934474e-01 4.677206851119895641e-03 6.587615283267459355e-05 5.335968379446641603e-03 6.587615283267459355e-05 8.629776021080370549e-03 2.378129117259552769e-02 2.700922266139658186e-03 6.587615283267459355e-05 6.587615283267459355e-05 6.587615283267459355e-05 6.587615283267459355e-05 4.664690382081688180e-01 2.839262187088275116e-02 1.982872200263505191e-02 2.246376811594203576e-02 6.587615283267459355e-05 3.959156785243742732e-02 6.587615283267459355e-05 6.587615283267459355e-05 1.061264822134387609e-01 6.587615283267459355e-05 6.587615283267459355e-05 1.719367588932806806e-02 6.587615283267459355e-05 6.587615283267459355e-05 4.749670619235837887e-02 4.552042160737813925e-02
1.821493624772313024e-04 2.750455373406192339e-02 1.657559198542804535e-02 8.943533697632057022e-02 1.475409836065573466e-02 2.315118397085609570e-01 1.821493624772313024e-04 1.821493624772313024e-04 1.821493624772313024e-04 1.821493624772313024e-04 2.003642987249544191e-03 1.821493624772313024e-04 1.821493624772313024e-04 1.821493624772313024e-04 3.296903460837886934e-02 1.821493624772313024e-04 1.821493624772313024e-04 1.821493624772313024e-04 1.821493624772313024e-04 1.821493624772313024e-04 3.296903460837886934e-02 2.114754098360655254e-01 1.821493624772313024e-04 3.114754098360655518e-02 3.043715846994534679e-01 1.821493624772313024e-04 1.821493624772313024e-04 2.003642987249544191e-03 1.821493624772313024e-04 1.821493624772313024e-04
6.229885057471262755e-02 2.781609195402297979e-02 2.298850574712643321e-04 2.298850574712643321e-04 2.298850574712643321e-04 2.298850574712643321e-04 2.806896551724137323e-01 1.151724137931034175e-01 1.172413793103447947e-02 2.298850574712643321e-04 2.298850574712643321e-04 2.298850574712643321e-04 4.827586206896550269e-03 2.298850574712643321e-04 1.358620689655171965e-01 2.298850574712643321e-04 1.172413793103447947e-02 2.298850574712643321e-04 2.298850574712643321e-04 1.243678160919539921e-01 2.298850574712643321e-04 4.827586206896550269e-03 6.229885057471262755e-02 2.298850574712643321e-04 5.080459770114941626e-02 2.781609195402297979e-02 6.229885057471262755e-02 1.402298850574712138e-02 2.298850574712643321e-04 2.298850574712643321e-04
1.190476190476190475e-04 1.190476190476190475e-04 2.630952380952381042e-02 4.178571428571428714e-02 1.929761904761904678e-01 7.630952380952379932e-02 1.190476190476190475e-04 3.702380952380952828e-02 1.190476190476190475e-04 1.190476190476190475e-04 4.773809523809523919e-02 1.190476190476190475e-04 1.190476190476190475e-04 1.190476190476190475e-04 1.190476190476190475e-04 6.083333333333333648e-02 1.309523809523809685e-03 1.190476190476190475e-04 8.452380952380952536e-03 1.072619047619047528e-01 1.190476190476190475e-04 6.440476190476190910e-02 1.513095238095238104e-01 1.190476190476190475e-04 1.202380952380952342e-02 5.011904761904761862e-02 1.190476190476190475e-04 1.190476190476190475e-04 1.678571428571428575e-02 1.036904761904761801e-01
1.763668430335096850e-04 3.703703703703702978e-03 1.763668430335096850e-04 5.485008818342150538e-02 2.310405643738976458e-02 1.624338624338624026e-01 1.763668430335096850e-04 1.763668430335096850e-04 2.310405643738976458e-02 1.763668430335096850e-04 1.763668430335096850e-04 1.763668430335096850e-04 1.940035273368606508e-03 1.763668430335096850e-04 1.763668430335096850e-04 1.763668430335096850e-04 1.763668430335096850e-04 3.703703703703702978e-03 1.763668430335096850e-04 1.763668430335096850e-04 1.763668430335096850e-04 3.511463844797177436e-01 1.781305114638447387e-02 1.763668430335096850e-04 2.647266313932979953e-01 1.763668430335096850e-04 1.763668430335096850e-04 1.763668430335096850e-04 1.763668430335096850e-04 9.012345679012344346e-02
1.585127201565557364e-02 2.563600782778864204e-02 2.152641878669275637e-03 3.346379647749510300e-02 6.673189823874754734e-02 2.545988258317024577e-01 3.346379647749510300e-02 1.956947162426614264e-04 1.956947162426614264e-04 1.956947162426614264e-04 1.956947162426614264e-04 1.956947162426614264e-04 1.956947162426614264e-04 1.956947162426614264e-04 3.737769080234833174e-02 8.043052837573383407e-02 1.956947162426614264e-04 1.956947162426614264e-04 1.956947162426614264e-04 4.324853228962817486e-02 1.956947162426614264e-04 4.911937377690801798e-02 1.956947162426614264e-04 2.172211350293541676e-02 2.604696673189823009e-01 1.956947162426614264e-04 6.086105675146769728e-02 1.956947162426614264e-04 6.066536203522503515e-03 6.066536203522503515e-03
5.076142131979696770e-04 5.076142131979696770e-04 2.081218274111675329e-02 1.573604060913705999e-02 5.583756345177666447e-03 5.076142131979696770e-04 5.076142131979696770e-04 5.076142131979696770e-04 1.121827411167512917e-01 5.076142131979696770e-04 5.076142131979696770e-04 5.076142131979696770e-04 5.076142131979696770e-04 5.583756345177666447e-03 5.076142131979696770e-04 5.076142131979696770e-04 6.401015228426396586e-01 5.076142131979696770e-04 2.081218274111675329e-02 4.619289340101523367e-02 5.076142131979696770e-04 5.076142131979696770e-04 5.126903553299493044e-02 5.076142131979696770e-04 5.076142131979696770e-04 5.076142131979696770e-04 5.583756345177666447e-03 5.076142131979696770e-04 5.076142131979696770e-04 6.649746192893402075e-02
1.533742331288343377e-04 1.533742331288343377e-04 1.533742331288343377e-04 1.533742331288343377e-04 2.072085889570551565e-01 1.044478527607361762e-01 1.533742331288343377e-04 4.156441717791410639e-02 1.533742331288343377e-04 1.533742331288343377e-04 1.533742331288343377e-04 1.533742331288343377e-04 1.533742331288343377e-04 1.533742331288343377e-04 1.533742331288343377e-04 7.822085889570550357e-03 4.003067484662576475e-02 1.533742331288343377e-04 1.533742331288343377e-04 1.533742331288343377e-04 1.687116564417177715e-03 3.881901840490796785e-01 1.228527607361962898e-01 1.533742331288343377e-04 3.236196319018404266e-02 1.533742331288343377e-04 1.533742331288343377e-04 1.533742331288343377e-04 3.220858895705521092e-03 4.769938650306747990e-02
1.414427157001414638e-04 1.414427157001414638e-04 1.570014144271569823e-02 3.408769448373408922e-02 2.915134370579914869e-01 7.086280056577086428e-02 1.414427157001414638e-04 1.302687411598302536e-01 3.974540311173974799e-02 1.414427157001414638e-04 1.414427157001414638e-04 5.530410183875530267e-02 1.414427157001414638e-04 1.414427157001414638e-04 1.414427157001414638e-04 1.414427157001414638e-04 1.428571428571428527e-02 1.414427157001414638e-04 1.428571428571428527e-02 1.414427157001414638e-04 1.414427157001414638e-04 1.414427157001414638e-04 1.656294200848656140e-01 5.799151343705798850e-03 2.984441301272984515e-02 1.994342291371994230e-02 3.691654879773691861e-02 1.414427157001414638e-04 2.277227722772277516e-02 5.106082036775106553e-02
7.241379310344823669e-03 3.448275862068963626e-04 7.620689655172409316e-02 3.793103448275859935e-03 3.448275862068963626e-04 1.175862068965516649e-01 3.448275862068963626e-04 3.448275862068963626e-04 3.448275862068963626e-04 3.448275862068963626e-04 3.448275862068963626e-04 3.448275862068963626e-04 3.448275862068963626e-04 3.448275862068963626e-04 3.448275862068963626e-04 3.448275862068963626e-04 4.517241379310341781e-02 3.448275862068963626e-04 6.931034482758617610e-02 3.448275862068963626e-04 3.448275862068963626e-04 4.417241379310342109e-01 1.831034482758619741e-01 4.862068965517238328e-02 3.448275862068963626e-04 3.448275862068963626e-04 3.448275862068963626e-04 3.448275862068963626e-04 3.448275862068963626e-04 3.448275862068963626e-04
3.558718861209963038e-04 3.558718861209963038e-04 8.576512455516011046e-02 3.914590747330959179e-03 3.558718861209963038e-04 1.459074733096084667e-02 7.473309608540922543e-03 3.558718861209963038e-04 2.882562277580070012e-02 3.558718861209963038e-04 3.914590747330959179e-03 7.864768683274019068e-02 3.558718861209963038e-04 3.594306049822062338e-02 3.558718861209963038e-04 8.576512455516011046e-02 3.558718861209963038e-04 3.558718861209963038e-04 3.914590747330959179e-03 1.459074733096084667e-02 1.459074733096084667e-02 3.597864768683272096e-01 1.925266903914590044e-01 3.558718861209963038e-04 3.914590747330959179e-03 5.729537366548041050e-02 3.914590747330959179e-03 3.558718861209963038e-04 3.558718861209963038e-04 3.558718861209963038e-04
8.536585365853660914e-03 4.065040650406505146e-04 3.296747967479675134e-01 4.065040650406505146e-04 4.065040650406505146e-04 4.065040650406505146e-04 4.065040650406505146e-04 4.065040650406505146e-04 2.479674796747968063e-02 4.065040650406505146e-04 4.065040650406505146e-04 4.065040650406505146e-04 4.065040650406505146e-04 4.065040650406505146e-04 4.471544715447155552e-03 4.719512195121952081e-01 4.065040650406505146e-04 8.536585365853660914e-03 4.471544715447155552e-03 4.065040650406505146e-04 4.065040650406505146e-04 4.065040650406505146e-04 4.065040650406505146e-04 1.264227642276423147e-01 4.065040650406505146e-04 4.065040650406505146e-04 1.260162601626016628e-02 4.065040650406505146e-04 4.065040650406505146e-04 4.065040650406505146e-04
2.197802197802197258e-04 2.197802197802197258e-04 2.197802197802197258e-04 2.197802197802197258e-04 2.197802197802197258e-04 2.197802197802197258e-04 2.197802197802197258e-04 2.197802197802197258e-04 8.593406593406591187e-02 2.197802197802197258e-04 4.615384615384614080e-03 4.197802197802197322e-02 6.615384615384614642e-02 7.494505494505493415e-02 2.197802197802197258e-04 2.197802197802197258e-04 2.197802197802197258e-04 1.914285714285713647e-01 9.010989010989008813e-03 2.197802197802197258e-04 5.296703296703295788e-02 1.782417582417581969e-01 3.098901098901098161e-02 2.197802197802197258e-04 2.197802197802197258e-04 2.197802197802197258e-04 4.197802197802197322e-02 2.197802197802197258e-04 1.560439560439559961e-02 2.024175824175823424e-01
3.472727272727272468e-02 3.472727272727272468e-02 4.745454545454545064e-02 1.818181818181817801e-04 4.927272727272726666e-02 2.529090909090908612e-01 1.818181818181817801e-04 1.109090909090908877e-02 6.199999999999999262e-02 1.818181818181817801e-04 1.818181818181817801e-04 2.381818181818181127e-02 1.999999999999999608e-03 4.927272727272726666e-02 2.018181818181817577e-02 1.818181818181817801e-04 2.927272727272726971e-02 1.818181818181817801e-04 1.818181818181817801e-04 1.818181818181817801e-04 1.818181818181817801e-04 2.710909090909090491e-01 6.381818181818180169e-02 1.818181818181817801e-04 1.818181818181817801e-04 1.818181818181817801e-04 1.818181818181817801e-04 1.109090909090908877e-02 1.818181818181817801e-04 3.472727272727272468e-02
2.044989775051124503e-04 2.044989775051124503e-04 4.294478527607361457e-03 4.294478527607361457e-03 3.192229038854804690e-01 8.404907975460121361e-02 2.044989775051124503e-04 6.973415132924333515e-02 2.044989775051124503e-04 2.044989775051124503e-04 2.044989775051124503e-04 2.044989775051124503e-04 2.044989775051124503e-04 8.384458077709608728e-03 2.044989775051124503e-04 2.044989775051124503e-04 2.249488752556236953e-03 2.249488752556236953e-03 2.044989775051124503e-04 2.044989775051124503e-04 2.044989775051124503e-04 1.474437627811860385e-01 2.249488752556236953e-03 2.044989775051124503e-04 3.008179959100203416e-01 2.249488752556236953e-03 2.044989775051124503e-04 2.044989775051124503e-04 2.044989775051124503e-04 4.928425357873209706e-02
2.260692464358451947e-02 2.036659877800407140e-04 2.036659877800407140e-04 2.036659877800407140e-04 2.036659877800407140e-04 1.040733197556008016e-01 2.036659877800407140e-04 2.036659877800407140e-04 2.036659877800407140e-04 2.036659877800407140e-04 2.036659877800407140e-04 2.036659877800407140e-04 4.276985743380854778e-03 8.167006109979632611e-02 2.914460285132382533e-01 1.835030549898166718e-01 4.276985743380854778e-03 4.704684317718940689e-02 2.036659877800407140e-04 6.313645621181262352e-03 2.036659877800407140e-04 2.036659877800407140e-04 1.529531568228105487e-01 8.350305498981669058e-03 4.276985743380854778e-03 2.036659877800407140e-04 2.036659877800407140e-04 4.704684317718940689e-02 3.890020366598778007e-02 2.036659877800407140e-04
1.994301994301995746e-03 7.037037037037041642e-02 5.232668566001903027e-02 1.044634377967712047e-03 7.511870845204182690e-02 1.795821462488130238e-01 5.422602089268759723e-02 2.383665716999051887e-02 9.496676163342836175e-05 9.496676163342836175e-05 2.858499525166193975e-02 1.994301994301995746e-03 9.496676163342836175e-05 3.048433048433050671e-02 2.573599240265908583e-02 9.496676163342836175e-05 9.496676163342836175e-05 9.496676163342836175e-05 9.496676163342836175e-05 2.003798670465338494e-02 9.496676163342836175e-05 1.653371320037987646e-01 1.244064577397911535e-02 3.143399810066478672e-02 2.137701804368472291e-01 5.792972459639130108e-03 9.496676163342836175e-05 9.496676163342836175e-05 9.496676163342836175e-05 4.843304843304845758e-03
1.976284584980236858e-04 1.007905138339920681e-02 1.976284584980236858e-04 1.205533596837944296e-02 1.976284584980236858e-04 9.703557312252962530e-02 1.976284584980236858e-04 2.193675889328062720e-02 1.976284584980236858e-04 1.976284584980236858e-04 1.976284584980236858e-04 6.739130434782607260e-02 2.173913043478260462e-03 1.976284584980236858e-04 1.976284584980236858e-04 1.976284584980236858e-04 1.976284584980236858e-04 1.800395256916995645e-01 2.173913043478260462e-03 2.173913043478260462e-03 1.996047430830039104e-02 1.976284584980236858e-04 2.729249011857706742e-01 1.976284584980236858e-04 1.976284584980236858e-04 3.774703557312252683e-02 1.976284584980236858e-04 1.976284584980236858e-04 2.709486166007904484e-01 1.976284584980236858e-04
2.439478584729980887e-02 3.556797020484171040e-02 1.640595903165735225e-01 1.862197392923649569e-04 1.862197392923649569e-04 1.135940409683426112e-02 1.862197392923649569e-04 7.839851024208564778e-02 1.135940409683426112e-02 3.910614525139664149e-03 1.862197392923649569e-04 1.862197392923649569e-04 2.048417132216014472e-03 1.119180633147113385e-01 1.862197392923649569e-04 1.603351955307261989e-01 1.862197392923649569e-04 3.929236499068900629e-02 1.862197392923649569e-04 5.791433891992549959e-02 5.772811918063313827e-03 3.929236499068900629e-02 5.418994413407820371e-02 1.862197392923649569e-04 2.625698324022345681e-02 1.435754189944133674e-01 1.862197392923649569e-04 2.625698324022345681e-02 1.862197392923649569e-04 2.048417132216014472e-03
2.976190476190476459e-04 2.976190476190476459e-04 2.976190476190476459e-04 2.976190476190476459e-04 2.976190476190476459e-04 2.976190476190476459e-04 2.976190476190476459e-04 2.976190476190476459e-04 2.976190476190476459e-04 2.976190476190476459e-04 2.976190476190476459e-04 1.848214285714285809e-01 6.250000000000000347e-03 2.976190476190476459e-04 2.976190476190476459e-04 2.976190476190476459e-04 2.976190476190476459e-04 2.026785714285714024e-01 2.976190476190476459e-04 2.976190476190476459e-04 2.976190476190476459e-04 2.113095238095237874e-02 2.562499999999999778e-01 2.976190476190476459e-04 2.708333333333333079e-02 2.976190476190476459e-04 6.250000000000000347e-03 3.273809523809523888e-03 1.223214285714285809e-01 1.639880952380952384e-01
3.610108303249096192e-04 3.610108303249096192e-04 5.960288808664256921e-01 3.610108303249096192e-04 3.971119133574005540e-03 1.231046931407941830e-01 7.581227436823102274e-03 7.581227436823102274e-03 2.924187725631767487e-02 3.610108303249096192e-04 3.610108303249096192e-04 3.610108303249096192e-04 3.610108303249096192e-04 3.610108303249096192e-04 3.610108303249096192e-04 3.610108303249096192e-04 7.581227436823102274e-03 1.480144404332129314e-02 3.610108303249096192e-04 3.610108303249096192e-04 3.610108303249096192e-04 3.971119133574005540e-03 1.953068592057760899e-01 3.610108303249096192e-04 3.610108303249096192e-04 3.610108303249096192e-04 3.971119133574005540e-03 3.610108303249096192e-04 3.610108303249096192e-04 3.610108303249096192e-04
1.575931232091690518e-03 1.432664756446991306e-04 1.432664756446991306e-04 3.253581661891116750e-01 8.610315186246417229e-02 4.312320916905443974e-02 1.575931232091690518e-03 1.432664756446991306e-04 4.885386819484240084e-02 1.432664756446991306e-04 1.432664756446991306e-04 1.432664756446991306e-04 1.575931232091690518e-03 1.432664756446991306e-04 1.432664756446991306e-04 1.432664756446991306e-04 1.432664756446991306e-04 1.733524355300859396e-02 1.432664756446991306e-04 1.432664756446991306e-04 1.432664756446991306e-04 1.432664756446991306e-04 9.183381088825212646e-02 3.008595988538681661e-03 1.733524355300859396e-02 1.432664756446991306e-04 1.575931232091690518e-03 1.432664756446991306e-04 1.432664756446991306e-04 3.583094555873924669e-01
9.428571428571431989e-02 4.081632653061225725e-04 4.081632653061225725e-04 4.081632653061225725e-04 4.081632653061225725e-04 2.897959183673469788e-02 1.265306122448979845e-02 5.346938775510205050e-02 4.081632653061225725e-04 4.081632653061225725e-04 1.759183673469388309e-01 9.836734693877553781e-02 4.081632653061225725e-04 8.571428571428573590e-03 4.081632653061225725e-04 4.081632653061225725e-04 4.081632653061225725e-04 5.346938775510205050e-02 4.081632653061225725e-04 2.942857142857143171e-01 4.081632653061225725e-04 1.265306122448979845e-02 4.081632653061225725e-04 4.081632653061225725e-04 4.081632653061225725e-04 1.310204081632653506e-01 4.081632653061225725e-04 2.897959183673469788e-02 4.081632653061225725e-04 4.081632653061225725e-04
1.811594202898550476e-04 4.547101449275361973e-02 3.097826086956521202e-02 1.811594202898550476e-04 7.445652173913042127e-02 9.257246376811592570e-02 1.288043478260869068e-01 3.278985507246376385e-02 1.992753623188405713e-03 3.804347826086955809e-03 2.554347826086956000e-02 1.811594202898550476e-04 3.804347826086955809e-03 1.467391304347825769e-02 1.811594202898550476e-04 1.286231884057970759e-02 1.648550724637680778e-02 1.811594202898550476e-04 1.811594202898550476e-04 1.811594202898550476e-04 1.811594202898550476e-04 7.626811594202896616e-02 1.811594202898550476e-04 1.811594202898550476e-04 3.443840579710144012e-01 3.278985507246376385e-02 1.811594202898550476e-04 2.916666666666666366e-02 5.615942028985506339e-03 2.554347826086956000e-02
5.494505494505496669e-04 6.043956043956045902e-03 5.494505494505496669e-04 5.494505494505496669e-04 5.549450549450551246e-02 2.802197802197802998e-02 2.252747252747253418e-02 3.351648351648352231e-02 5.494505494505496669e-04 5.494505494505496669e-04 5.494505494505496669e-04 5.494505494505496669e-04 5.494505494505496669e-04 5.494505494505496669e-04 5.494505494505496669e-04 1.153846153846154257e-02 5.494505494505496669e-04 5.494505494505496669e-04 5.494505494505496669e-04 3.082417582417583679e-01 6.043956043956045902e-03 5.494505494505496669e-04 3.357142857142858539e-01 5.494505494505496669e-04 6.043956043956045902e-03 1.708791208791209382e-01 5.494505494505496669e-04 6.043956043956045902e-03 5.494505494505496669e-04 5.494505494505496669e-04
2.257336343115123748e-04 6.343115124153497764e-02 5.440180586907448351e-02 2.257336343115123748e-04 9.255079006772005956e-03 2.169300225733633569e-01 6.997742663656883293e-03 2.257336343115123748e-04 3.634311512415349527e-02 2.257336343115123748e-04 2.257336343115123748e-04 2.257336343115123748e-04 2.257336343115123748e-04 1.602708803611737828e-02 2.257336343115123748e-04 2.257336343115123748e-04 2.257336343115123748e-04 2.257336343115123748e-04 1.828442437923250008e-02 2.257336343115123748e-04 2.483069977426636231e-03 4.200902934537245059e-01 2.257336343115123748e-04 2.483069977426636231e-03 1.085778781038374413e-01 4.085778781038373886e-02 2.257336343115123748e-04 2.257336343115123748e-04 2.257336343115123748e-04 2.257336343115123748e-04
3.042168674698794012e-02 1.599397590361445187e-01 8.463855421686744540e-02 3.313253012048191816e-03 9.337349397590358202e-03 3.012048192771083518e-04 3.012048192771083518e-04 3.012048192771083518e-04 2.439759036144577287e-02 3.012048192771083518e-04 3.012048192771083518e-04 1.027108433734939402e-01 3.012048192771083518e-04 3.945783132530118753e-02 3.012048192771083518e-04 1.057228915662650343e-01 3.012048192771083518e-04 3.012048192771083518e-04 3.012048192771083518e-04 3.313253012048191816e-03 3.012048192771083518e-04 3.012048192771083518e-04 2.653614457831324214e-01 3.012048192771083518e-04 3.012048192771083518e-04 1.659638554216867068e-01 3.012048192771083518e-04 3.012048192771083518e-04 3.012048192771083518e-04 3.012048192771083518e-04
1.821493624772313295e-04 5.664845173041894305e-02 2.750455373406193033e-02 1.111111111111110980e-02 3.479052823315118698e-02 1.821493624772313295e-04 1.821493624772313295e-04 2.151183970856102023e-01 2.204007285974499131e-02 1.821493624772313295e-04 1.821493624772313295e-04 1.877959927140255003e-01 1.821493624772313295e-04 2.021857923497267714e-02 1.821493624772313295e-04 1.821493624772313295e-04 3.825136612021857920e-03 1.821493624772313295e-04 1.821493624772313295e-04 1.821493624772313295e-04 1.821493624772313295e-04 7.304189435336976011e-02 2.351548269581056338e-01 6.757741347905282803e-02 1.821493624772313295e-04 9.289617486338797372e-03 1.821493624772313295e-04 1.821493624772313295e-04 1.111111111111110980e-02 2.204007285974499131e-02
3.869731800766281621e-02 2.720306513409960492e-02 3.831417624521071298e-04 3.831417624521071298e-04 6.934865900383138659e-02 1.766283524904213864e-01 1.187739463601532146e-02 7.701149425287354133e-02 4.214559386973178862e-03 3.831417624521071298e-04 3.831417624521071298e-04 4.636015325670495707e-02 3.869731800766281621e-02 3.831417624521071298e-04 3.831417624521071298e-04 3.831417624521071298e-04 5.019157088122602750e-02 3.831417624521071298e-04 2.720306513409960492e-02 3.831417624521071298e-04 3.103448275862067535e-02 8.045977011494249292e-03 5.402298850574710487e-02 3.831417624521071298e-04 3.298850574712641759e-01 4.214559386973178862e-03 3.831417624521071298e-04 3.831417624521071298e-04 3.831417624521071298e-04 3.831417624521071298e-04
1.466819221967962938e-01 2.288329519450800487e-04 2.288329519450800487e-04 4.805491990846681022e-03 1.853546910755148047e-02 1.375286041189930919e-01 2.288329519450800487e-04 2.288329519450800487e-04 2.288329519450800487e-04 1.306636155606407113e-01 2.519450800915331024e-01 2.288329519450800487e-04 2.288329519450800487e-04 2.288329519450800487e-04 2.288329519450800487e-04 2.288329519450800487e-04 2.288329519450800487e-04 7.574370709382149958e-02 2.288329519450800487e-04 2.288329519450800487e-04 2.288329519450800487e-04 2.288329519450800487e-04 1.398169336384439132e-01 5.743707093821508874e-02 2.288329519450800487e-04 2.288329519450800487e-04 2.288329519450800487e-04 2.540045766590388193e-02 7.093821510297481509e-03 2.288329519450800487e-04
5.785123966942147533e-03 2.506887052341597033e-02 2.754820936639117666e-04 2.754820936639117666e-04 2.179063360881541844e-01 2.754820936639117666e-04 1.132231404958677357e-01 1.628099173553718415e-01 2.754820936639117666e-04 2.754820936639117666e-04 2.754820936639117666e-04 2.754820936639117666e-04 2.754820936639117666e-04 2.754820936639117666e-04 3.030303030303029433e-03 2.754820936639117666e-04 6.363636363636361593e-02 2.754820936639117666e-04 2.506887052341597033e-02 5.261707988980714873e-02 2.754820936639117666e-04 2.754820936639117666e-04 1.159779614325068542e-01 2.754820936639117666e-04 2.754820936639117666e-04 2.754820936639117666e-04 2.754820936639117666e-04 2.096418732782368288e-01 2.754820936639117666e-04 2.754820936639117666e-04
2.076576576576577293e-01 4.504504504504505658e-04 4.504504504504505658e-04 4.504504504504505658e-04 4.504504504504505658e-04 4.504504504504505658e-04 4.504504504504505658e-04 4.504504504504505658e-04 4.504504504504505658e-04 1.581081081081081585e-01 3.247747747747748437e-01 2.747747747747748132e-02 4.504504504504505658e-04 4.504504504504505658e-04 4.504504504504505658e-04 4.504504504504505658e-04 4.504504504504505658e-04 9.459459459459461719e-03 4.504504504504505658e-04 4.954954954954956386e-03 4.504504504504505658e-04 4.504504504504505658e-04 7.702702702702705906e-02 1.310810810810811300e-01 9.459459459459461719e-03 3.648648648648649545e-02 4.504504504504505658e-04 4.954954954954956386e-03 4.504504504504505658e-04 4.504504504504505658e-04
