5.917159763313611714e-04 3.609467455621302723e-02 5.917159763313611714e-04 5.923076923076924238e-01 5.917159763313611714e-04 5.917159763313611714e-04 5.917159763313611714e-04 5.917159763313611714e-04 1.248520710059172062e-01 5.917159763313611714e-04 5.917159763313611714e-04 1.071005917159763704e-01 5.917159763313611714e-04 5.917159763313611714e-04 5.917159763313611714e-04 6.508875739644972777e-03 5.917159763313611714e-04 5.917159763313611714e-04 5.917159763313611714e-04 5.917159763313611714e-04 5.917159763313611714e-04 6.508875739644972777e-03 1.130177514792899823e-01 5.917159763313611714e-04 5.917159763313611714e-04 5.917159763313611714e-04 5.917159763313611714e-04 5.917159763313611714e-04 5.917159763313611714e-04 5.917159763313611714e-04
1.220472440944882220e-02 3.582677165354331700e-02 3.937007874015749061e-04 3.937007874015749061e-04 5.944881889763780486e-02 8.700787401574805457e-02 3.937007874015749061e-04 2.401574803149606613e-02 1.220472440944882220e-02 3.937007874015749061e-04 3.937007874015749061e-04 1.421259842519685401e-01 6.338582677165356671e-02 3.937007874015749061e-04 3.937007874015749061e-04 3.937007874015749061e-04 4.370078740157481295e-02 4.137795275590551713e-01 8.267716535433072486e-03 1.614173228346457017e-02 3.937007874015749061e-04 3.937007874015749061e-04 3.937007874015749061e-04 3.976377952755906497e-02 3.937007874015749061e-04 3.937007874015749061e-04 3.937007874015749061e-04 2.007874015748031815e-02 3.937007874015749061e-04 1.614173228346457017e-02
7.142857142857142851e-04 7.142857142857142851e-04 7.142857142857142851e-04 7.142857142857142851e-04 3.642857142857142821e-02 1.864285714285714435e-01 7.142857142857142851e-04 1.292857142857143093e-01 7.142857142857142851e-04 7.857142857142857678e-03 2.928571428571428298e-02 3.642857142857142821e-02 7.142857142857142851e-04 7.142857142857142851e-04 7.857142857142857678e-03 2.928571428571428298e-02 7.142857142857142851e-04 7.142857142857142851e-04 7.142857142857142851e-04 7.142857142857142851e-04 7.142857142857142851e-04 7.142857142857142851e-04 1.007142857142857145e-01 7.142857142857142851e-04 1.500000000000000118e-02 7.142857142857142851e-04 4.078571428571428625e-01 7.142857142857142851e-04 7.142857142857142851e-04 7.142857142857142851e-04
1.861702127659575203e-03 2.402482269503547138e-02 2.225177304964540137e-02 1.604609929078015113e-02 5.407801418439718046e-03 9.406028368794329408e-02 7.180851063829789792e-03 8.865248226950359274e-05 7.012411347517732985e-02 8.865248226950359274e-05 2.554078014184398282e-01 1.117907801418440150e-01 2.748226950354611293e-03 4.707446808510640235e-02 8.865248226950359274e-05 5.593971631205676281e-02 1.250000000000000416e-02 4.973404255319151257e-02 8.865248226950359274e-05 1.242021276595745155e-01 3.732269503546101208e-02 6.294326241134753919e-03 3.732269503546101208e-02 8.865248226950359274e-05 8.865248226950359274e-05 8.865248226950359274e-05 8.865248226950359274e-05 1.781914893617022114e-02 8.865248226950359274e-05 8.865248226950359274e-05
4.566210045662100854e-04 4.566210045662100854e-04 4.566210045662100854e-04 4.566210045662100854e-04 4.611872146118721483e-02 1.831050228310502348e-01 4.566210045662100854e-04 1.557077625570776336e-01 1.602739726027397338e-01 4.566210045662100854e-04 4.566210045662100854e-04 4.566210045662100854e-04 5.022831050228311264e-03 4.566210045662100854e-04 4.566210045662100854e-04 7.808219178082193013e-02 4.566210045662100854e-04 5.022831050228311264e-03 4.566210045662100854e-04 4.566210045662100854e-04 4.566210045662100854e-04 4.566210045662100854e-04 2.470319634703196376e-01 4.566210045662100854e-04 9.589041095890411467e-03 4.566210045662100854e-04 9.634703196347033094e-02 4.566210045662100854e-04 5.022831050228311264e-03 4.566210045662100854e-04
4.237288135593221842e-04 1.313559322033898587e-02 2.161016949152542652e-02 5.216101694915254994e-01 4.237288135593221842e-04 4.237288135593221842e-04 4.237288135593221842e-04 1.737288135593220706e-02 4.237288135593221842e-04 4.237288135593221842e-04 4.237288135593221842e-04 1.063559322033898608e-01 4.237288135593221842e-04 4.237288135593221842e-04 4.237288135593221842e-04 4.237288135593221842e-04 4.237288135593221842e-04 2.161016949152542652e-02 4.237288135593221842e-04 3.855932203389831475e-02 4.237288135593221842e-04 4.237288135593221842e-04 1.699152542372881769e-01 1.313559322033898587e-02 4.661016949152543484e-03 4.237288135593221842e-04 4.237288135593221842e-04 4.237288135593221842e-04 6.398305084745764537e-02 4.237288135593221842e-04
2.252252252252251745e-04 2.252252252252251745e-04 1.824324324324323732e-02 2.049549549549549085e-02 6.554054054054052336e-02 1.601351351351350816e-01 2.477477477477476892e-03 5.427927927927926610e-02 1.286036036036035668e-01 4.729729729729729125e-03 4.977477477477476597e-02 6.103603603603602323e-02 2.252252252252251745e-04 2.252252252252251745e-04 5.427927927927926610e-02 1.195945945945945665e-01 2.252252252252251745e-04 2.252252252252251745e-04 3.851351351351350871e-02 2.252252252252251745e-04 2.252252252252251745e-04 2.252252252252251745e-04 5.653153153153152310e-02 1.148648648648648192e-02 4.729729729729729125e-03 2.252252252252251745e-04 2.252252252252251745e-04 6.981981981981980057e-03 1.038288288288288091e-01 3.626126126126125171e-02
4.901960784313725422e-04 4.901960784313725422e-04 4.901960784313725422e-04 4.901960784313725422e-04 1.181372549019607948e-01 2.504901960784313708e-01 9.852941176470589313e-02 1.029411764705882339e-02 4.901960784313725422e-04 4.901960784313725422e-04 5.392156862745098832e-03 4.901960784313725422e-04 2.009803921568627250e-02 4.901960784313725422e-04 1.519607843137254881e-02 4.901960784313725422e-04 4.901960784313725422e-04 1.029411764705882339e-02 4.901960784313725422e-04 1.426470588235294323e-01 4.901960784313725422e-04 2.499999999999999792e-02 1.720588235294117641e-01 4.901960784313725422e-04 4.901960784313725422e-04 5.392156862745098832e-03 4.901960784313725422e-04 5.931372549019607587e-02 5.931372549019607587e-02 4.901960784313725422e-04
2.061855670103092343e-04 2.061855670103092343e-04 2.061855670103092343e-04 2.061855670103092343e-04 4.329896907216494381e-03 2.496907216494844706e-01 2.061855670103092343e-04 1.898969072164947980e-01 1.012371134020618318e-01 2.061855670103092343e-04 2.061855670103092343e-04 8.061855670103090787e-02 2.061855670103092343e-04 2.061855670103092343e-04 2.061855670103092343e-04 1.136082474226803862e-01 2.061855670103092343e-04 2.061855670103092343e-04 4.556701030927834406e-02 5.175257731958762125e-02 2.061855670103092343e-04 3.113402061855669381e-02 9.092783505154637680e-02 2.268041237113401550e-03 2.061855670103092343e-04 2.061855670103092343e-04 3.525773195876288207e-02 2.061855670103092343e-04 2.061855670103092343e-04 2.061855670103092343e-04
2.100840336134453365e-04 2.310924369747898756e-03 2.100840336134453365e-04 2.100840336134453365e-04 2.100840336134453365e-04 2.144957983193276629e-01 2.100840336134453365e-04 8.634453781512603510e-02 1.136554621848739205e-01 2.100840336134453365e-04 2.100840336134453365e-04 1.388655462184873457e-01 2.100840336134453365e-04 2.100840336134453365e-04 2.100840336134453365e-04 2.754201680672268004e-01 2.100840336134453365e-04 2.100840336134453365e-04 8.634453781512603510e-02 2.962184873949579023e-02 2.100840336134453365e-04 2.100840336134453365e-04 2.121848739495797720e-02 2.100840336134453365e-04 2.100840336134453365e-04 2.100840336134453365e-04 2.542016806722688371e-02 2.100840336134453365e-04 2.100840336134453365e-04 2.310924369747898756e-03
7.352941176470591386e-04 7.352941176470591386e-04 8.897058823529414850e-02 7.352941176470591386e-04 3.014705882352942262e-02 7.352941176470591386e-04 1.544117647058824289e-02 7.352941176470591386e-04 3.022058823529413241e-01 7.352941176470591386e-04 9.632352941176473837e-02 2.066176470588236280e-01 7.352941176470591386e-04 7.352941176470591386e-04 7.352941176470591386e-04 7.352941176470591386e-04 7.352941176470591386e-04 7.352941176470591386e-04 1.919117647058824483e-01 7.352941176470591386e-04 7.352941176470591386e-04 7.352941176470591386e-04 5.220588235294119223e-02 7.352941176470591386e-04 7.352941176470591386e-04 7.352941176470591386e-04 7.352941176470591386e-04 7.352941176470591386e-04 7.352941176470591386e-04 7.352941176470591386e-04
4.184100418410043216e-04 4.602510460251047104e-03 2.133891213389121563e-02 6.573221757322177394e-01 4.184100418410043216e-04 4.184100418410043216e-04 4.184100418410043216e-04 4.184100418410043216e-04 4.184100418410043216e-04 4.184100418410043216e-04 4.602510460251047104e-03 4.184100418410043216e-04 4.184100418410043216e-04 4.184100418410043216e-04 4.184100418410043216e-04 4.184100418410043216e-04 4.184100418410043216e-04 4.184100418410043216e-04 4.602510460251047104e-03 4.184100418410043216e-04 4.184100418410043216e-04 4.184100418410043216e-04 8.410041841004187169e-02 4.184100418410043216e-04 4.184100418410043216e-04 5.481171548117155790e-02 4.184100418410043216e-04 4.184100418410043216e-04 1.594142259414226270e-01 4.184100418410043216e-04
4.550561797752809834e-02 2.865168539325842895e-02 3.432584269662922183e-01 1.741573033707865398e-02 5.617977528089889219e-04 5.617977528089889219e-04 5.617977528089889219e-04 3.988764044943820392e-02 4.550561797752809834e-02 2.303370786516854146e-02 5.617977528089889219e-04 6.179775280898878141e-03 5.617977528089889219e-04 1.179775280898876649e-02 5.617977528089889219e-04 2.303370786516854146e-02 5.617977528089889219e-04 5.617977528089889219e-04 2.084269662921348631e-01 6.235955056179776079e-02 3.426966292134831643e-02 5.617977528089889219e-04 5.617977528089889219e-04 5.617977528089889219e-04 5.617977528089889219e-04 5.617977528089889219e-04 5.617977528089889219e-04 1.016853932584269871e-01 5.617977528089889219e-04 5.617977528089889219e-04
1.178707224334600741e-02 7.642585551330799420e-02 3.802281368821293079e-04 6.201520912547527908e-01 3.802281368821293079e-04 3.802281368821293079e-04 3.079847908745246901e-02 3.802281368821293079e-04 3.802281368821293079e-04 3.802281368821293079e-04 2.699619771863117842e-02 3.460076045627376307e-02 3.802281368821293079e-04 3.802281368821293079e-04 3.802281368821293079e-04 3.802281368821293079e-04 3.802281368821293079e-04 2.699619771863117842e-02 3.802281368821293079e-04 1.178707224334600741e-02 3.802281368821293079e-04 3.802281368821293079e-04 8.403041825095057538e-02 3.802281368821293079e-04 4.182509505703422767e-03 3.802281368821293079e-04 3.802281368821293079e-04 3.802281368821293079e-04 6.501901140684411551e-02 3.802281368821293079e-04
2.298850574712643321e-04 4.827586206896550269e-03 5.080459770114941626e-02 4.071264367816090912e-01 2.298850574712643321e-04 2.298850574712643321e-04 2.298850574712643321e-04 9.908045977011492589e-02 1.632183908045976503e-02 2.298850574712643321e-04 2.528735632183907490e-03 8.068965517241377672e-02 2.528735632183907490e-03 2.091954022988505232e-02 2.298850574712643321e-04 2.298850574712643321e-04 2.298850574712643321e-04 2.298850574712643321e-04 4.827586206896550269e-03 2.298850574712643321e-04 2.298850574712643321e-04 2.298850574712643321e-04 1.979310344827585610e-01 2.298850574712643321e-04 2.298850574712643321e-04 4.620689655172412896e-02 2.091954022988505232e-02 2.298850574712643321e-04 4.160919540229884167e-02 2.298850574712643321e-04
6.289308176100631871e-04 6.289308176100631871e-04 6.289308176100631871e-04 6.924528301886794246e-01 6.289308176100631871e-04 6.289308176100631871e-04 9.496855345911953128e-02 6.289308176100631871e-04 1.320754716981132650e-02 6.289308176100631871e-04 6.289308176100631871e-04 6.289308176100631871e-04 6.289308176100631871e-04 3.207547169811321430e-02 6.918238993710694625e-03 1.320754716981132650e-02 6.289308176100631871e-04 6.289308176100631871e-04 6.289308176100631871e-04 6.289308176100631871e-04 6.289308176100631871e-04 6.289308176100631871e-04 1.264150943396226967e-01 6.289308176100631871e-04 6.289308176100631871e-04 6.289308176100631871e-04 6.289308176100631871e-04 6.289308176100631871e-04 6.918238993710694625e-03 6.289308176100631871e-04
4.081632653061225183e-04 2.081632653061224469e-02 1.673469387755101984e-02 5.922448979591836693e-01 3.306122448979591927e-02 8.571428571428573590e-03 4.489795918367347864e-03 9.020408163265307422e-02 4.081632653061225183e-04 4.489795918367347864e-03 4.489795918367347864e-03 4.081632653061225183e-04 4.081632653061225183e-04 1.265306122448979845e-02 4.081632653061225183e-04 4.081632653061225183e-04 1.265306122448979845e-02 4.081632653061225183e-04 1.673469387755101984e-02 4.122448979591836898e-02 4.081632653061225183e-04 1.265306122448979845e-02 6.571428571428572507e-02 4.081632653061225183e-04 4.081632653061225183e-04 4.081632653061225183e-04 2.897959183673469441e-02 4.081632653061225183e-04 2.897959183673469441e-02 4.081632653061225183e-04
2.136752136752135937e-04 4.722222222222220017e-02 1.517094017094016214e-02 5.557692307692305711e-01 2.136752136752135937e-04 2.136752136752135937e-04 2.136752136752135937e-04 2.136752136752135937e-04 2.136752136752135937e-04 2.136752136752135937e-04 3.867521367521366271e-02 1.391025641025640247e-01 2.136752136752135937e-04 8.760683760683755580e-03 2.136752136752135937e-04 2.350427350427349450e-03 2.136752136752135937e-04 2.136752136752135937e-04 2.136752136752135937e-04 2.350427350427349450e-03 2.136752136752135937e-04 2.136752136752135937e-04 1.519230769230768274e-01 8.760683760683755580e-03 2.136752136752135937e-04 6.623931623931621215e-03 2.136752136752135937e-04 2.136752136752135937e-04 1.944444444444443434e-02 2.136752136752135937e-04
4.761904761904763527e-04 4.761904761904763527e-04 4.761904761904763527e-04 4.528571428571429580e-01 2.428571428571428895e-02 4.761904761904763527e-04 4.761904761904763527e-04 5.238095238095239609e-03 8.619047619047622011e-02 4.761904761904763527e-04 4.761904761904763527e-04 8.142857142857146124e-02 4.761904761904763527e-04 1.000000000000000368e-02 4.761904761904763527e-04 4.761904761904763527e-04 4.761904761904763527e-04 4.761904761904763527e-04 4.761904761904763527e-04 4.761904761904763527e-04 4.761904761904763527e-04 2.904761904761905475e-02 2.957142857142858183e-01 4.761904761904763527e-04 4.761904761904763527e-04 4.761904761904763527e-04 5.238095238095239609e-03 4.761904761904763527e-04 4.761904761904763527e-04 4.761904761904763527e-04
9.345794392523367041e-04 9.345794392523367041e-04 2.719626168224300033e-01 2.897196261682243729e-02 9.345794392523367041e-04 6.635514018691590632e-02 9.345794392523367041e-04 9.345794392523367041e-04 1.962616822429907176e-02 9.345794392523367041e-04 9.345794392523367041e-04 1.962616822429907176e-02 9.345794392523367041e-04 9.345794392523367041e-04 9.345794392523367041e-04 9.345794392523367041e-04 9.345794392523367041e-04 7.570093457943927184e-02 2.719626168224300033e-01 9.345794392523367041e-04 1.028037383177570450e-02 9.345794392523367041e-04 8.504672897196263737e-02 9.345794392523367041e-04 1.962616822429907176e-02 9.345794392523367041e-04 9.345794392523367041e-04 1.037383177570093684e-01 9.345794392523367041e-04 1.028037383177570450e-02
1.974522292993630482e-02 9.617834394904457851e-02 2.745222929936305678e-01 6.369426751592357442e-04 5.796178343949044687e-02 6.369426751592357442e-04 2.872611464968152784e-01 6.369426751592357442e-04 6.369426751592357442e-04 6.369426751592357442e-04 6.369426751592357442e-04 6.369426751592357442e-04 6.369426751592357442e-04 6.369426751592357442e-04 6.369426751592357442e-04 6.369426751592357442e-04 6.369426751592357442e-04 7.006369426751592536e-03 1.343949044585987240e-01 6.369426751592357442e-04 6.369426751592357442e-04 6.369426751592357442e-04 7.707006369426751269e-02 6.369426751592357442e-04 6.369426751592357442e-04 3.248407643312101883e-02 6.369426751592357442e-04 6.369426751592357442e-04 6.369426751592357442e-04 6.369426751592357442e-04
4.608294930875576033e-04 4.608294930875576033e-04 4.608294930875576033e-04 4.608294930875576033e-04 1.341013824884792760e-01 1.202764976958525384e-01 4.608294930875576033e-04 4.608294930875576033e-04 4.608294930875576033e-04 1.889400921658986043e-02 9.677419354838710103e-03 1.889400921658986043e-02 2.811059907834101076e-02 4.608294930875576033e-04 9.677419354838710103e-03 1.889400921658986043e-02 5.576036866359446870e-02 4.608294930875576033e-04 9.262672811059909084e-02 4.608294930875576033e-04 4.608294930875576033e-04 4.608294930875576033e-04 1.663594470046083074e-01 4.608294930875576033e-04 4.608294930875576033e-04 4.608294930875576033e-04 3.092165898617511011e-01 9.677419354838710103e-03 4.608294930875576033e-04 4.608294930875576033e-04
4.566210045662101938e-04 4.566210045662101938e-04 4.566210045662101938e-04 4.566210045662101938e-04 3.611872146118721982e-01 4.566210045662101938e-04 7.351598173515984380e-02 4.566210045662101938e-04 4.566210045662101938e-04 4.566210045662101938e-04 4.566210045662101938e-04 1.872146118721461361e-02 5.068493150684932891e-02 4.566210045662101938e-04 4.566210045662101938e-04 2.328767123287671728e-02 5.981735159817352931e-02 4.566210045662101938e-04 6.438356164383562952e-02 4.566210045662101938e-04 9.589041095890413202e-03 4.566210045662101938e-04 3.063926940639269958e-01 4.566210045662101938e-04 4.566210045662101938e-04 4.566210045662101938e-04 1.872146118721461361e-02 5.022831050228312132e-03 4.566210045662101938e-04 4.566210045662101938e-04
1.974522292993630829e-02 3.885350318471338105e-02 6.369426751592358526e-04 7.006369426751594270e-03 1.337579617834395128e-02 6.369426751592358526e-04 6.369426751592358526e-04 1.974522292993630829e-02 6.369426751592358526e-04 6.369426751592358526e-04 6.369426751592358526e-04 1.726114649681529112e-01 6.369426751592358526e-04 6.369426751592358526e-04 1.980891719745223323e-01 6.369426751592358526e-04 6.369426751592358526e-04 6.369426751592358526e-04 6.369426751592358526e-04 6.369426751592358526e-04 6.369426751592358526e-04 5.159235668789809853e-02 6.369426751592358526e-04 1.974522292993630829e-02 1.337579617834395128e-02 1.974522292993630829e-02 6.369426751592358526e-04 6.369426751592358526e-04 1.535031847133758454e-01 2.617834394904459128e-01
6.756756756756758216e-04 6.756756756756758216e-04 2.844594594594594961e-01 6.756756756756758216e-04 6.756756756756758216e-04 6.756756756756758216e-04 3.445945945945946137e-02 6.756756756756758216e-04 6.148648648648649684e-02 6.756756756756758216e-04 6.756756756756758216e-04 2.770270270270270424e-02 6.756756756756758216e-04 2.770270270270270424e-02 7.432432432432434580e-03 6.756756756756758216e-04 6.756756756756758216e-04 7.432432432432434580e-03 3.993243243243244089e-01 7.432432432432434580e-03 6.756756756756758216e-04 6.756756756756758216e-04 2.094594594594595058e-02 6.756756756756758216e-04 6.756756756756758216e-04 7.432432432432434580e-03 6.756756756756758216e-04 1.020270270270270396e-01 6.756756756756758216e-04 6.756756756756758216e-04
8.403361344537818882e-04 8.403361344537818882e-04 8.403361344537818882e-04 8.403361344537818882e-04 9.243697478991600228e-03 1.689075630252101501e-01 8.403361344537818882e-04 8.403361344537818882e-04 3.705882352941177738e-01 8.403361344537818882e-04 7.647058823529413740e-02 8.403361344537818882e-04 8.403361344537818882e-04 8.403361344537818882e-04 8.403361344537818882e-04 7.647058823529413740e-02 8.403361344537818882e-04 9.243697478991600228e-03 2.277310924369748968e-01 2.605042016806723842e-02 9.243697478991600228e-03 8.403361344537818882e-04 8.403361344537818882e-04 8.403361344537818882e-04 8.403361344537818882e-04 8.403361344537818882e-04 9.243697478991600228e-03 8.403361344537818882e-04 8.403361344537818882e-04 8.403361344537818882e-04
3.378378378378377482e-04 3.378378378378377482e-04 1.385135135135134518e-02 1.047297297297297008e-02 3.378378378378377482e-04 8.141891891891889221e-02 5.439189189189187756e-02 3.378378378378377482e-04 9.155405405405402097e-02 2.060810810810809884e-02 3.378378378378377482e-04 8.141891891891889221e-02 3.378378378378377482e-04 3.378378378378377482e-04 3.378378378378377482e-04 3.378378378378377482e-04 2.060810810810809884e-02 7.128378378378376345e-02 4.395270270270268398e-01 3.716216216216215121e-03 3.716216216216215121e-03 3.378378378378377482e-04 2.398648648648647741e-02 3.378378378378377482e-04 2.060810810810809884e-02 5.101351351351349206e-02 3.378378378378377482e-04 3.378378378378377482e-04 3.378378378378377482e-04 7.094594594594592386e-03
5.140186915887852252e-03 4.672897196261683521e-04 2.383177570093458417e-02 4.957943925233646021e-01 5.140186915887852252e-03 4.672897196261683521e-04 4.672897196261683521e-04 3.785046728971963592e-02 1.266355140186916362e-01 4.672897196261683521e-04 4.672897196261683521e-04 7.056074766355141525e-02 4.672897196261683521e-04 4.672897196261683521e-04 4.672897196261683521e-04 2.383177570093458417e-02 4.672897196261683521e-04 4.672897196261683521e-04 4.672897196261683521e-04 4.672897196261683521e-04 4.672897196261683521e-04 5.654205607476636697e-02 1.219626168224299395e-01 4.672897196261683521e-04 1.448598130841121864e-02 4.672897196261683521e-04 4.672897196261683521e-04 9.813084112149535881e-03 4.672897196261683521e-04 4.672897196261683521e-04
4.000000000000001276e-04 2.440000000000000502e-02 2.444000000000000616e-01 4.000000000000001276e-04 2.440000000000000502e-02 2.844000000000000417e-01 4.440000000000000890e-02 4.000000000000001276e-04 2.440000000000000502e-02 2.040000000000000493e-02 4.000000000000001276e-04 9.640000000000002733e-02 8.400000000000002950e-03 4.000000000000001276e-04 4.000000000000001276e-04 4.000000000000001276e-04 4.000000000000001276e-04 2.840000000000000510e-02 4.000000000000001276e-04 4.000000000000001276e-04 4.000000000000001276e-04 4.000000000000001276e-04 1.604000000000000425e-01 4.000000000000001276e-04 4.000000000000001276e-04 1.240000000000000303e-02 4.000000000000001276e-04 1.240000000000000303e-02 8.400000000000002950e-03 4.000000000000001276e-04
2.918660287081340302e-02 1.004784688995215627e-02 4.784688995215312770e-04 1.961722488038277964e-02 4.784688995215312770e-04 9.617224880382778396e-02 4.784688995215312770e-04 4.784688995215312770e-04 2.827751196172249570e-01 4.784688995215312770e-04 4.784688995215312770e-04 2.062200956937799701e-01 3.875598086124402986e-02 4.784688995215312770e-04 4.784688995215312770e-04 1.483253588516746796e-02 5.263157894736843721e-03 7.224880382775121512e-02 1.344497607655502913e-01 4.784688995215312770e-04 4.784688995215312770e-04 4.784688995215312770e-04 8.181818181818184543e-02 4.784688995215312770e-04 4.784688995215312770e-04 4.784688995215312770e-04 4.784688995215312770e-04 4.784688995215312770e-04 4.784688995215312770e-04 4.784688995215312770e-04
5.988023952095810482e-04 5.988023952095810482e-04 5.988023952095810482e-04 4.916167664670659798e-01 1.257485029940120201e-02 7.844311377245510863e-02 5.988023952095810482e-04 5.988023952095810482e-04 6.646706586826349461e-02 5.988023952095810482e-04 1.257485029940120201e-02 6.586826347305392397e-03 5.988023952095810482e-04 6.586826347305392397e-03 5.988023952095810482e-04 5.988023952095810482e-04 5.988023952095810482e-04 5.988023952095810482e-04 6.586826347305392397e-03 1.383233532934132204e-01 5.988023952095810482e-04 5.988023952095810482e-04 1.622754491017964762e-01 6.586826347305392397e-03 5.988023952095810482e-04 5.988023952095810482e-04 5.988023952095810482e-04 5.988023952095810482e-04 5.988023952095810482e-04 5.988023952095810482e-04
5.848214285714287142e-02 4.464285714285715773e-04 4.464285714285715773e-04 4.464285714285715773e-04 4.464285714285715773e-04 4.464285714285715773e-04 4.464285714285715773e-04 9.375000000000003123e-03 3.352678571428572285e-01 1.830357142857143293e-02 4.464285714285715773e-04 4.464285714285715773e-04 4.464285714285715773e-04 4.464285714285715773e-04 4.464285714285715773e-04 1.383928571428571890e-02 4.955357142857143987e-02 2.415178571428572007e-01 4.464285714285715773e-04 4.464285714285715773e-04 4.464285714285715773e-04 1.522321428571428992e-01 8.973214285714288529e-02 4.464285714285715773e-04 2.276785714285714871e-02 4.464285714285715773e-04 4.464285714285715773e-04 4.464285714285715773e-04 4.464285714285715773e-04 4.464285714285715773e-04
2.542372881355932021e-03 1.210653753026634251e-04 1.210653753026634251e-04 1.210653753026634251e-04 3.765133171912832255e-02 1.828087167070217497e-02 1.331719128329297798e-03 1.647699757869248993e-01 1.090799031476997333e-01 1.210653753026634251e-04 2.542372881355932021e-03 2.265133171912832588e-01 7.384987893462468048e-03 1.210653753026634251e-04 1.210653753026634251e-04 1.720338983050847259e-01 1.210653753026634251e-04 1.210653753026634251e-04 3.401937046004842313e-02 1.163438256658595460e-01 1.331719128329297798e-03 1.210653753026634251e-04 6.065375302663437301e-02 1.210653753026634251e-04 1.210653753026634251e-04 1.343825665859563895e-02 2.433414043583535108e-02 6.174334140435834041e-03 1.210653753026634251e-04 1.210653753026634251e-04
5.181347150259069285e-04 5.181347150259069285e-04 5.181347150259069285e-04 5.497409326424871345e-01 5.181347150259069285e-04 5.181347150259069285e-04 5.181347150259069285e-04 5.181347150259069285e-04 1.922279792746114657e-01 5.181347150259069285e-04 5.181347150259069285e-04 1.248704663212435728e-01 5.181347150259069285e-04 5.181347150259069285e-04 5.699481865284976648e-03 5.181347150259069285e-04 5.181347150259069285e-04 5.181347150259069285e-04 5.181347150259069285e-04 5.181347150259069285e-04 1.088082901554404507e-02 5.699481865284976648e-03 9.378238341968915537e-02 5.181347150259069285e-04 5.181347150259069285e-04 5.181347150259069285e-04 5.181347150259069285e-04 5.699481865284976648e-03 5.181347150259069285e-04 5.181347150259069285e-04
3.142857142857142117e-03 8.857142857142855097e-03 2.857142857142856273e-04 2.857142857142856273e-04 3.171428571428570181e-02 8.857142857142855097e-03 2.857142857142856273e-04 3.059999999999998832e-01 1.059999999999999692e-01 2.857142857142856273e-04 2.857142857142856273e-04 1.031428571428571195e-01 2.857142857142856273e-04 2.857142857142856273e-04 2.857142857142856273e-04 6.599999999999998923e-02 2.857142857142856273e-04 3.457142857142855852e-02 5.999999999999998390e-03 3.171428571428570181e-02 4.028571428571427193e-02 3.142857142857142117e-03 2.174285714285713322e-01 2.857142857142856273e-04 8.857142857142855097e-03 2.857142857142856273e-04 2.857142857142856273e-04 2.028571428571427845e-02 2.857142857142856273e-04 2.857142857142856273e-04
4.622593068035942276e-01 1.283697047496790557e-04 1.283697047496790557e-04 1.283697047496790557e-04 1.810012836970474256e-02 1.283697047496790557e-04 1.283697047496790557e-04 1.283697047496790557e-04 5.789473684210524884e-02 1.283697047496790557e-04 3.478818998716302208e-02 8.356867779204105173e-02 1.283697047496790557e-04 1.283697047496790557e-04 1.283697047496790557e-04 1.553273427471116297e-02 1.296534017971758164e-02 1.810012836970474256e-02 1.053915275994864870e-01 2.195121951219511716e-02 4.634146341463413199e-02 1.283697047496790557e-04 6.944801026957636569e-02 1.283697047496790557e-04 5.263157894736840252e-03 1.283697047496790557e-04 1.283697047496790557e-04 4.249037227214376433e-02 3.979460847240050454e-03 1.283697047496790557e-04
1.952380952380952661e-02 4.761904761904763527e-04 5.761904761904763222e-02 5.719047619047620268e-01 4.761904761904763527e-04 4.761904761904763527e-04 3.857142857142858289e-02 4.761904761904763527e-04 4.761904761904763527e-04 4.761904761904763527e-04 4.761904761904763527e-04 8.619047619047622011e-02 4.761904761904763527e-04 4.761904761904763527e-04 4.761904761904763527e-04 1.000000000000000368e-02 4.761904761904763527e-04 5.285714285714286642e-02 4.761904761904763527e-04 4.761904761904763527e-04 4.761904761904763527e-04 4.761904761904763527e-04 1.433333333333333681e-01 5.238095238095239609e-03 4.761904761904763527e-04 4.761904761904763527e-04 5.238095238095239609e-03 4.761904761904763527e-04 4.761904761904763527e-04 4.761904761904763527e-04
2.941176470588234494e-04 2.941176470588234494e-04 6.176470588235291950e-03 2.941176470588234494e-04 1.091176470588234998e-01 2.941176470588234494e-04 3.235294117647057998e-03 2.941176470588234494e-04 2.267647058823528405e-01 2.941176470588234494e-04 1.499999999999999424e-02 8.852941176470585649e-02 2.941176470588234494e-04 2.941176470588234494e-04 3.235294117647057998e-03 5.617647058823527911e-02 2.676470588235293005e-02 6.176470588235291950e-03 2.941176470588234494e-04 2.941176470588234494e-04 6.176470588235291950e-03 8.852941176470585649e-02 8.852941176470585649e-02 2.502941176470587226e-01 2.941176470588234494e-04 2.941176470588234494e-04 2.941176470588234494e-04 1.794117647058822776e-02 2.941176470588234494e-04 3.235294117647057998e-03
2.005649717514123437e-02 2.824858757062145907e-04 2.824858757062145907e-04 2.824858757062145907e-04 3.107344632768360877e-03 1.189265536723163458e-01 2.824858757062145907e-04 2.824858757062145907e-04 1.358757062146892236e-01 2.824858757062145907e-04 2.824858757062145907e-04 1.358757062146892236e-01 2.824858757062145907e-04 2.824858757062145907e-04 2.824858757062145907e-04 5.932203389830506893e-03 2.824858757062145907e-04 2.824858757062145907e-04 2.853107344632767328e-02 2.824858757062145907e-04 2.824858757062145907e-04 2.824858757062145907e-04 7.372881355932200953e-02 3.844632768361580522e-01 2.824858757062145907e-04 2.824858757062145907e-04 2.824858757062145907e-04 8.502824858757060400e-02 3.107344632768360877e-03 2.824858757062145907e-04
4.964788732394363746e-02 3.521126760563378843e-04 3.521126760563378843e-04 3.521126760563378843e-04 1.443661971830985206e-02 7.394366197183095679e-03 3.521126760563378843e-04 3.521126760563378843e-04 2.644366197183097289e-01 3.521126760563378843e-04 9.542253521126757565e-02 6.021126760563378505e-02 3.521126760563378843e-04 5.316901408450701999e-02 3.521126760563378843e-04 1.764084507042252836e-01 3.521126760563378843e-04 3.521126760563378843e-04 3.521126760563378843e-04 9.894366197183095124e-02 3.521126760563378843e-04 4.612676056338026187e-02 1.271126760563379698e-01 3.521126760563378843e-04 3.521126760563378843e-04 3.521126760563378843e-04 3.521126760563378843e-04 3.521126760563378843e-04 3.521126760563378843e-04 3.521126760563378843e-04
4.132231404958678668e-04 1.694214876033058037e-02 4.132231404958678668e-04 4.132231404958678668e-04 5.413223140495868752e-02 4.132231404958678668e-04 1.037190082644628419e-01 4.132231404958678668e-04 4.132231404958678668e-04 1.694214876033058037e-02 4.132231404958678668e-04 4.132231404958678668e-04 4.545454545454546968e-03 2.520661157024793944e-02 4.132231404958678668e-04 4.132231404958678668e-04 4.132231404958678668e-04 3.347107438016529851e-02 4.132231404958678668e-04 4.132231404958678668e-04 4.132231404958678668e-04 7.066115702479340566e-02 4.219008264462810742e-01 4.132231404958678668e-04 4.132231404958678668e-04 4.132231404958678668e-04 1.694214876033058037e-02 4.132231404958678668e-04 1.450413223140496199e-01 8.305785123966945294e-02
3.311258278145694277e-04 3.311258278145694277e-04 3.311258278145694277e-04 3.013245033112581586e-02 3.013245033112581586e-02 3.311258278145694277e-04 3.311258278145694277e-04 1.129139072847681752e-01 1.692052980132449647e-01 3.311258278145694277e-04 3.311258278145694277e-04 3.311258278145694277e-04 3.311258278145694277e-04 3.311258278145694277e-04 3.311258278145694277e-04 1.460264900662251175e-01 3.311258278145694277e-04 2.019867549668873455e-02 3.311258278145694277e-04 3.675496688741720225e-02 2.884105960264899404e-01 3.642384105960263813e-03 1.360927152317880362e-01 6.953642384105958307e-03 3.311258278145694277e-04 3.311258278145694277e-04 3.311258278145694277e-04 3.311258278145694277e-04 3.311258278145694277e-04 1.357615894039734469e-02
6.179775280898879009e-03 5.617977528089889219e-04 5.617977528089889219e-04 5.617977528089889219e-04 2.303370786516854493e-02 5.112359550561799276e-02 5.617977528089889219e-04 5.617977528089889219e-04 2.870786516853933712e-01 5.617977528089889219e-04 5.617977528089889219e-04 1.410112359550562411e-01 5.617977528089889219e-04 5.617977528089889219e-04 5.617977528089889219e-04 2.865168539325843242e-02 5.617977528089889219e-04 5.617977528089889219e-04 5.617977528089889219e-04 5.617977528089889219e-04 6.179775280898879009e-03 1.179775280898876823e-02 7.359550561797754964e-02 3.264044943820225697e-01 2.303370786516854493e-02 5.617977528089889219e-04 5.617977528089889219e-04 6.179775280898879009e-03 5.617977528089889219e-04 6.179775280898879009e-03
5.865921787709495357e-03 2.793296089385474083e-04 2.793296089385474083e-04 5.865921787709495357e-03 8.128491620111730209e-02 7.290502793296087247e-02 3.072625698324021708e-03 1.424581005586591544e-02 2.488826815642457280e-01 2.793296089385474083e-04 2.793296089385474083e-04 3.100558659217875906e-02 2.793296089385474083e-04 2.793296089385474083e-04 2.793296089385474083e-04 5.865921787709495357e-03 2.793296089385474083e-04 6.173184357541897788e-02 1.064245810055865632e-01 3.072625698324021708e-03 2.793296089385474083e-04 2.793296089385474083e-04 2.572625698324021437e-01 2.793296089385474083e-04 8.966480446927371784e-02 2.793296089385474083e-04 2.793296089385474083e-04 2.793296089385474083e-04 8.659217877094969873e-03 2.793296089385474083e-04
1.845238095238095621e-02 4.821428571428572341e-02 1.845238095238095621e-02 5.952380952380954002e-04 1.250000000000000243e-02 6.547619047619049511e-03 5.952380952380954002e-04 1.250000000000000243e-02 1.553571428571428881e-01 2.089285714285714635e-01 5.952380952380954002e-04 3.630952380952381237e-02 6.011904761904762751e-02 5.952380952380954002e-04 5.952380952380954002e-04 5.952380952380954002e-04 5.952380952380954002e-04 5.416666666666667546e-02 2.863095238095238471e-01 6.547619047619049511e-03 5.952380952380954002e-04 6.547619047619049511e-03 4.226190476190476442e-02 5.952380952380954002e-04 5.952380952380954002e-04 1.845238095238095621e-02 5.952380952380954002e-04 5.952380952380954002e-04 5.952380952380954002e-04 5.952380952380954002e-04
4.587155963302753632e-04 2.339449541284404147e-02 1.422018348623853637e-02 4.362385321100918367e-01 4.587155963302753632e-04 5.045871559633029538e-03 4.587155963302753632e-04 4.587155963302753632e-04 8.761467889908260143e-02 4.587155963302753632e-04 4.587155963302753632e-04 1.931192660550459239e-01 4.587155963302753632e-04 4.587155963302753632e-04 4.587155963302753632e-04 5.045871559633029538e-03 4.587155963302753632e-04 4.587155963302753632e-04 4.587155963302753632e-04 4.587155963302753632e-04 9.633027522935782086e-03 4.587155963302753632e-04 2.022935779816514290e-01 5.045871559633029538e-03 4.587155963302753632e-04 5.045871559633029538e-03 4.587155963302753632e-04 4.587155963302753632e-04 5.045871559633029538e-03 4.587155963302753632e-04
4.219409282700423104e-04 4.219409282700423104e-04 4.219409282700423104e-04 4.219409282700423104e-04 4.219409282700423104e-04 4.219409282700423104e-04 4.219409282700423104e-04 1.059071729957806185e-01 1.945147679324895074e-01 4.219409282700423104e-04 4.219409282700423104e-04 4.219409282700423104e-04 2.573839662447257801e-02 4.219409282700423104e-04 4.219409282700423104e-04 1.438818565400844240e-01 4.641350210970465739e-03 5.105485232067511620e-02 4.219409282700423104e-04 5.949367088607596110e-02 3.675105485232068037e-01 4.219409282700423104e-04 1.729957805907173310e-02 4.219409282700423104e-04 4.219409282700423104e-04 4.219409282700423104e-04 4.219409282700423104e-04 4.219409282700423104e-04 2.151898734177215555e-02 4.219409282700423104e-04
7.407407407407409208e-04 5.259259259259260050e-02 7.407407407407409208e-04 2.296296296296296974e-02 7.407407407407409208e-04 8.148148148148150888e-03 1.933333333333333848e-01 7.481481481481483398e-02 7.407407407407409208e-04 2.303703703703704198e-01 7.407407407407409208e-04 7.407407407407409208e-04 7.407407407407409208e-04 7.407407407407409208e-04 7.407407407407409208e-04 3.037037037037037396e-02 7.407407407407409208e-04 7.407407407407409208e-04 7.481481481481483398e-02 7.407407407407409208e-04 7.407407407407409208e-04 8.222222222222223820e-02 4.518518518518518934e-02 7.407407407407409208e-04 8.148148148148150888e-03 3.777777777777778512e-02 7.407407407407409208e-04 7.407407407407409208e-04 1.266666666666667052e-01 7.407407407407409208e-04
4.651162790697675764e-04 4.651162790697675764e-04 4.232558139534884495e-02 5.911627906976745228e-01 4.651162790697675764e-04 4.651162790697675764e-04 6.558139534883722366e-02 9.767441860465119266e-03 4.651162790697675764e-04 4.651162790697675764e-04 4.651162790697675764e-04 5.627906976744187495e-02 5.116279069767444045e-03 4.651162790697675764e-04 4.651162790697675764e-04 4.651162790697675764e-04 4.651162790697675764e-04 4.651162790697675764e-04 4.651162790697675764e-04 4.651162790697675764e-04 4.651162790697675764e-04 4.651162790697675764e-04 1.911627906976744729e-01 4.651162790697675764e-04 4.651162790697675764e-04 4.651162790697675764e-04 4.651162790697675764e-04 4.651162790697675764e-04 2.837209302325581842e-02 4.651162790697675764e-04
5.952380952380954002e-04 5.952380952380954002e-04 5.952380952380954002e-04 1.017857142857143127e-01 8.392857142857143571e-02 5.952380952380954002e-04 5.416666666666667546e-02 5.952380952380954002e-04 5.952380952380954002e-04 4.821428571428572341e-02 6.547619047619049511e-03 8.988095238095239470e-02 6.547619047619049511e-03 5.952380952380954002e-04 3.035714285714286031e-02 5.952380952380954002e-04 3.630952380952381237e-02 1.315476190476190799e-01 5.952380952380954002e-04 1.136904761904762168e-01 5.952380952380954002e-04 5.952380952380954002e-04 1.077380952380952717e-01 5.952380952380954002e-04 5.952380952380954002e-04 7.797619047619049060e-02 1.017857142857143127e-01 5.952380952380954002e-04 5.952380952380954002e-04 5.952380952380954002e-04
5.968379446640317137e-02 3.952569169960475342e-04 3.952569169960475342e-04 3.952569169960475342e-04 2.015810276679842056e-02 2.411067193675889633e-02 8.300395256916998435e-03 3.952569169960475342e-04 5.063241106719368334e-01 3.952569169960475342e-04 8.300395256916998435e-03 8.300395256916998435e-03 3.952569169960475342e-04 3.952569169960475342e-04 3.952569169960475342e-04 3.952569169960475342e-04 3.952569169960475342e-04 3.201581027667984441e-02 3.596837944664032366e-02 6.363636363636365756e-02 3.952569169960475342e-04 3.952569169960475342e-04 2.138339920948617023e-01 8.300395256916998435e-03 3.952569169960475342e-04 3.952569169960475342e-04 3.952569169960475342e-04 4.347826086956522659e-03 3.952569169960475342e-04 3.952569169960475342e-04
9.902912621359220846e-03 1.941747572815533574e-04 1.941747572815533574e-04 1.941747572815533574e-04 6.019417475728153916e-03 7.592233009708736213e-02 2.135922330097086985e-03 1.941747572815533574e-04 2.875728155339805081e-01 2.737864077669902377e-02 4.291262135922329496e-02 2.155339805825242164e-02 1.941747572815533574e-04 1.941747572815533574e-04 1.941747572815533574e-04 5.262135922330096055e-02 1.941747572815533574e-04 1.941747572815533574e-04 4.077669902912620450e-03 3.126213592233009070e-02 1.941747572815533574e-04 2.135922330097086985e-03 1.477669902912620847e-01 2.662135922330096660e-01 2.135922330097086985e-03 1.941747572815533574e-04 1.941747572815533574e-04 1.766990291262135471e-02 1.941747572815533574e-04 1.941747572815533574e-04
3.060344827586207461e-02 4.310344827586207921e-04 4.310344827586207921e-04 4.310344827586207921e-04 6.077586206896552767e-02 9.051724137931036959e-03 4.310344827586207921e-04 4.310344827586207921e-04 4.616379310344828624e-01 4.310344827586207921e-04 4.310344827586207921e-04 4.310344827586207921e-04 4.310344827586207921e-04 4.310344827586207921e-04 4.310344827586207921e-04 4.353448275862070033e-02 4.310344827586207921e-04 5.215517241379311747e-02 3.491379310344828318e-02 7.801724137931037584e-02 4.310344827586207921e-04 4.310344827586207921e-04 1.685344827586207350e-01 2.198275862068965747e-02 4.310344827586207921e-04 4.310344827586207921e-04 4.310344827586207921e-04 4.310344827586207921e-04 3.060344827586207461e-02 4.310344827586207921e-04
