4.672897196261682437e-04 5.654205607476635309e-02 4.672897196261682437e-04 4.672897196261682437e-04 4.672897196261682437e-04 4.672897196261682437e-04 5.140186915887850518e-03 4.672897196261682437e-04 4.672897196261682437e-04 4.672897196261682437e-04 4.672897196261682437e-04 9.813084112149532412e-03 1.359813084112149462e-01 4.719626168224298757e-02 1.079439252336448635e-01 1.406542056074766289e-01 2.383177570093457723e-02 4.672897196261682437e-04 1.359813084112149462e-01 4.672897196261682437e-04 4.672897196261682437e-04 4.719626168224298757e-02 4.672897196261682437e-04 4.672897196261682437e-04 1.453271028037383117e-01 3.317757009345793928e-02 4.672897196261682437e-04 1.448598130841121517e-02 8.925233644859813242e-02 4.672897196261682437e-04
3.151862464183379734e-03 2.320916905444124836e-02 2.865329512893981527e-04 2.865329512893981527e-04 5.759312320916903233e-02 3.151862464183379734e-03 2.865329512893981527e-04 4.899713467048708720e-02 6.618911174785097051e-02 6.045845272206300941e-02 1.521489971346704217e-01 2.865329512893981527e-04 8.051575931232088368e-02 3.151862464183379734e-03 7.191977077363893855e-02 3.467048710601717404e-02 5.186246418338106429e-02 2.865329512893981527e-04 6.017191977077361587e-03 2.865329512893981527e-04 1.174785100286532269e-02 2.865329512893981527e-04 2.865329512893981527e-04 2.034383954154726781e-02 3.753581661891115806e-02 6.045845272206300941e-02 1.747851002865328726e-02 1.747851002865328726e-02 1.607449856733523530e-01 8.882521489971342138e-03
2.396449704142010820e-02 2.692307692307691416e-02 2.958579881656803689e-04 8.017751479289939032e-02 2.958579881656803689e-04 2.958579881656803689e-04 2.958579881656803689e-04 3.878698224852069609e-01 2.958579881656803689e-04 3.254437869822484220e-03 2.958579881656803689e-04 3.284023668639052262e-02 3.254437869822484220e-03 2.958579881656803689e-04 2.958579881656803689e-04 1.393491124260354541e-01 1.213017751479289474e-02 6.213017751479288017e-03 7.721893491124258435e-02 2.958579881656803689e-04 2.958579881656803689e-04 7.721893491124258435e-02 3.579881656804732165e-02 2.958579881656803689e-04 2.958579881656803689e-04 2.958579881656803689e-04 5.355029585798815051e-02 3.254437869822484220e-03 2.958579881656803689e-04 3.284023668639052262e-02
5.555555555555555551e-04 5.555555555555555551e-04 5.555555555555555551e-04 6.722222222222222487e-02 7.277777777777777457e-02 5.555555555555555551e-04 5.555555555555555551e-04 5.555555555555555551e-04 5.555555555555555551e-04 5.611111111111111160e-02 5.555555555555555551e-04 6.111111111111111431e-03 2.672222222222222499e-01 5.555555555555555551e-04 6.111111111111111431e-03 5.555555555555555551e-04 6.111111111111111431e-03 5.555555555555555551e-04 1.116666666666666780e-01 5.555555555555555551e-04 5.555555555555555551e-04 3.944444444444444170e-02 2.277777777777777526e-02 8.944444444444445141e-02 5.555555555555555551e-04 5.555555555555555551e-04 5.555555555555555551e-04 7.833333333333333814e-02 5.555555555555555551e-04 1.672222222222222165e-01
3.242009132420092116e-02 4.566210045662101938e-04 4.566210045662101938e-04 4.753424657534247588e-01 4.566210045662101938e-04 1.785388127853881901e-01 4.566210045662101938e-04 9.589041095890413202e-03 4.566210045662101938e-04 8.721461187214614441e-02 4.566210045662101938e-04 1.872146118721461361e-02 4.566210045662101938e-04 4.566210045662101938e-04 4.566210045662101938e-04 5.525114155251142911e-02 4.566210045662101938e-04 4.566210045662101938e-04 9.178082191780824461e-02 9.589041095890413202e-03 4.566210045662101938e-04 4.566210045662101938e-04 4.566210045662101938e-04 4.566210045662101938e-04 4.566210045662101938e-04 4.566210045662101938e-04 4.566210045662101938e-04 1.415525114155251514e-02 4.566210045662101938e-04 1.872146118721461361e-02
3.816793893129770952e-04 3.816793893129770952e-04 3.816793893129770952e-04 1.416030534351145065e-01 4.198473282442748318e-03 3.816793893129770952e-04 3.816793893129770952e-04 5.381679389312976625e-02 3.816793893129770952e-04 1.564885496183205868e-02 3.816793893129770952e-04 1.606870229007633655e-01 3.816793893129770952e-04 3.816793893129770952e-04 8.015267175572519595e-03 3.816793893129770952e-04 7.290076335877862523e-02 3.816793893129770952e-04 2.484732824427480780e-01 3.816793893129770952e-04 4.198473282442748318e-03 8.015267175572519595e-03 3.816793893129770952e-04 3.816793893129770952e-04 3.816793893129770952e-04 1.339694656488549795e-01 9.580152671755726157e-02 3.816793893129770952e-04 4.618320610687022543e-02 3.816793893129770952e-04
2.009925558312654001e-02 1.168734491315135959e-01 2.481389578163770626e-04 1.094292803970222938e-01 2.481389578163770626e-04 2.481389578163770626e-04 2.729528535980148014e-03 2.481389578163770626e-04 2.481389578163770626e-04 3.250620347394539422e-02 5.210918114143918423e-03 2.481389578163770626e-04 2.481389578163770626e-04 3.498759305210916853e-02 5.980148883374687696e-02 2.481389578163770626e-04 2.481389578163770626e-04 2.481389578163770626e-04 1.367245657568237627e-01 5.483870967741933528e-02 2.481389578163770626e-04 2.111662531017368671e-01 3.002481389578162338e-02 6.476426799007441171e-02 2.009925558312654001e-02 2.481389578163770626e-04 2.481389578163770626e-04 9.702233250620344307e-02 2.481389578163770626e-04 2.481389578163770626e-04
4.237288135593221300e-04 1.317796610169491844e-01 4.661016949152543484e-03 4.237288135593221300e-04 1.737288135593220359e-02 4.237288135593221300e-04 4.279661016949153074e-02 4.237288135593221300e-04 4.237288135593221300e-04 5.974576271186441551e-02 4.237288135593221300e-04 4.237288135593221300e-04 4.237288135593221300e-04 2.250000000000000333e-01 4.237288135593221300e-04 4.237288135593221300e-04 4.237288135593221300e-04 4.237288135593221300e-04 4.661016949152543484e-03 1.313559322033898587e-02 4.237288135593221300e-04 1.656779661016949401e-01 4.237288135593221300e-04 4.237288135593221300e-04 3.182203389830508544e-01 4.661016949152543484e-03 4.237288135593221300e-04 4.237288135593221300e-04 4.237288135593221300e-04 4.661016949152543484e-03
3.389121338912134268e-02 4.602510460251047104e-03 1.297071129707113267e-02 4.225941422594143432e-02 4.184100418410043216e-04 4.602510460251047104e-03 4.184100418410043216e-04 4.184100418410043216e-04 5.062761506276151902e-02 1.297071129707113267e-02 1.092050209205021188e-01 4.184100418410043216e-04 4.184100418410043216e-04 4.184100418410043216e-04 4.184100418410043216e-04 4.602510460251047104e-03 4.857740585774059650e-01 4.184100418410043216e-04 4.184100418410043216e-04 3.807531380753138850e-02 2.552301255230126145e-02 5.062761506276151902e-02 8.786610878661090321e-03 4.184100418410043216e-04 4.184100418410043216e-04 4.184100418410043216e-04 1.092050209205021188e-01 4.184100418410043216e-04 4.184100418410043216e-04 4.184100418410043216e-04
4.784688995215312770e-04 1.105263157894737225e-01 4.784688995215312770e-04 4.784688995215312770e-04 4.784688995215312770e-04 4.784688995215312770e-04 4.784688995215312770e-04 4.784688995215312770e-04 4.784688995215312770e-04 2.918660287081340302e-02 4.784688995215312770e-04 5.263157894736843721e-03 3.397129186602871470e-02 4.784688995215312770e-04 3.875598086124402986e-02 1.483253588516746796e-02 4.071770334928230262e-01 4.784688995215312770e-04 4.832535885167465323e-02 4.784688995215312770e-04 4.784688995215312770e-04 4.784688995215312770e-04 5.263157894736843721e-03 4.784688995215312770e-04 1.248803827751196610e-01 5.263157894736843721e-03 4.784688995215312770e-04 4.784688995215312770e-04 1.679425837320574766e-01 4.784688995215312770e-04
1.223021582733812597e-02 2.398081534772181765e-04 2.398081534772181765e-04 1.177458033573141188e-01 2.398081534772181765e-04 2.637889688249399778e-03 2.398081534772181765e-04 2.398081534772181765e-04 2.637889688249399778e-03 5.059952038369303767e-02 2.398081534772181765e-04 2.398081534772181765e-04 4.580335731414867523e-02 1.321342925659472201e-01 3.860911270983212462e-02 4.438848920863308067e-01 2.398081534772181765e-04 2.398081534772181765e-04 6.498800959232611807e-02 2.398081534772181765e-04 2.398081534772181765e-04 2.637889688249399778e-03 2.398081534772181765e-04 2.398081534772181765e-04 2.398081534772181765e-04 1.462829736211030719e-02 2.398081534772181765e-04 4.580335731414867523e-02 1.702637889688249015e-02 5.035971223021581435e-03
4.132231404958678668e-04 4.132231404958678668e-04 1.694214876033058037e-02 4.132231404958678668e-04 4.132231404958678668e-04 3.347107438016529851e-02 4.132231404958678668e-04 4.132231404958678668e-04 4.132231404958678668e-04 4.132231404958678668e-04 2.111570247933884925e-01 4.132231404958678668e-04 1.780991735537190424e-01 8.677685950413224769e-03 4.132231404958678668e-04 1.280991735537190430e-02 5.000000000000000971e-02 4.132231404958678668e-04 4.132231404958678668e-04 4.545454545454546968e-03 4.132231404958678668e-04 1.533057851239669755e-01 4.132231404958678668e-04 2.235537190082645120e-01 8.677685950413224769e-03 1.280991735537190430e-02 1.280991735537190430e-02 1.280991735537190430e-02 5.413223140495868752e-02 4.132231404958678668e-04
9.722222222222222376e-03 4.629629629629629806e-04 4.629629629629629806e-04 1.625000000000000056e-01 4.629629629629629806e-04 1.898148148148148112e-02 5.138888888888888673e-02 5.092592592592593004e-03 4.629629629629629806e-04 7.453703703703704053e-02 4.629629629629629806e-04 4.629629629629629806e-04 4.629629629629629806e-04 5.092592592592593004e-03 9.722222222222222376e-03 3.287037037037036924e-02 2.134259259259259356e-01 9.722222222222222376e-03 5.092592592592593004e-03 4.629629629629629806e-04 4.629629629629629806e-04 5.092592592592593004e-03 4.629629629629629806e-04 7.453703703703704053e-02 4.629629629629629806e-04 2.824074074074073987e-02 1.347222222222222154e-01 4.629629629629629806e-04 1.532407407407407607e-01 4.629629629629629806e-04
3.508771929824561686e-04 3.508771929824561686e-04 3.859649122807017746e-03 8.105263157894737613e-02 3.508771929824561686e-04 6.350877192982457009e-02 3.508771929824561686e-04 3.508771929824561686e-04 3.508771929824561686e-04 1.087719298245613982e-02 5.649122807017544629e-02 7.368421052631579649e-03 3.508771929824561686e-04 3.508771929824561686e-04 3.508771929824561686e-04 3.508771929824561686e-04 2.842105263157894759e-02 3.508771929824561686e-04 1.126315789473684298e-01 2.249122807017543690e-01 3.508771929824561686e-04 4.245614035087719174e-02 9.157894736842105143e-02 3.543859649122806793e-02 3.508771929824561686e-04 8.105263157894737613e-02 7.368421052631579649e-03 3.508771929824561686e-04 1.477192982456140280e-01 3.508771929824561686e-04
3.623188405797100951e-04 7.608695652173911618e-03 3.623188405797100951e-04 3.623188405797100951e-04 3.623188405797100951e-04 3.623188405797100951e-04 3.623188405797100951e-04 1.847826086956521133e-02 3.623188405797100951e-04 3.623188405797100951e-04 5.833333333333332732e-02 3.623188405797100951e-04 2.938405797101448225e-01 3.985507246376811426e-03 1.485507246376811114e-02 5.471014492753621672e-02 5.471014492753621672e-02 3.623188405797100951e-04 3.623188405797100951e-04 6.920289855072463137e-02 3.623188405797100951e-04 1.525362318840579323e-01 3.985507246376811426e-03 1.778985507246376441e-01 3.985507246376811426e-03 3.623188405797100951e-04 5.833333333333332732e-02 3.623188405797100951e-04 2.210144927536231152e-02 3.623188405797100951e-04
3.546099290780142625e-04 5.354609929078014974e-02 3.546099290780142625e-04 3.546099290780142625e-04 3.546099290780142625e-04 3.546099290780142625e-04 3.581560283687943574e-02 3.546099290780142625e-04 3.900709219858157321e-03 2.517730496453901221e-02 3.226950354609929572e-02 2.163120567375886871e-02 1.031914893617021517e-01 3.546099290780142625e-04 3.546099290780142625e-04 3.546099290780142625e-04 3.546099290780142625e-04 3.546099290780142625e-04 1.244680851063830057e-01 4.645390070921986969e-02 1.099290780141844170e-02 2.095744680851064357e-01 3.546099290780142625e-04 3.546099290780142625e-04 1.244680851063830057e-01 3.546099290780142625e-04 3.546099290780142625e-04 3.546099290780142625e-04 3.581560283687943574e-02 1.670212765957447276e-01
4.424778761061948468e-04 2.256637168141593236e-02 4.424778761061948468e-04 4.469026548672567350e-02 4.424778761061948468e-04 4.424778761061948468e-04 4.424778761061948468e-04 4.424778761061948468e-04 4.424778761061948468e-04 4.867256637168143260e-03 4.424778761061948468e-04 4.424778761061948468e-04 4.026548672566372666e-02 4.867256637168143260e-03 2.699115044247788267e-02 5.800884955752213523e-01 4.424778761061948468e-04 4.424778761061948468e-04 1.641592920353982799e-01 4.424778761061948468e-04 9.292035398230091836e-03 4.424778761061948468e-04 4.424778761061948468e-04 4.026548672566372666e-02 4.424778761061948468e-04 4.424778761061948468e-04 5.353982300884956719e-02 4.424778761061948468e-04 4.424778761061948468e-04 4.424778761061948468e-04
1.680327868852459286e-02 4.098360655737705999e-04 4.098360655737705999e-04 4.098360655737705999e-04 8.606557377049182597e-03 4.098360655737705999e-04 3.729508196721312285e-02 4.098360655737705999e-04 1.680327868852459286e-02 2.422131147540984297e-01 4.098360655737705999e-04 4.098360655737705999e-04 4.959016393442623738e-02 1.479508196721311952e-01 4.508196721311476599e-03 4.098360655737705999e-04 4.098360655737705999e-04 4.098360655737705999e-04 4.098360655737705999e-04 4.098360655737705999e-04 6.188524590163935885e-02 4.098360655737705999e-04 4.098360655737705999e-04 4.098360655737705999e-04 2.090163934426229886e-02 1.397540983606557763e-01 1.971311475409836533e-01 4.508196721311476599e-03 4.549180327868853485e-02 4.098360655737705999e-04
7.692307692307689265e-03 3.663003663003661916e-04 3.663003663003661916e-04 3.663003663003661916e-04 3.663003663003661916e-04 3.663003663003661916e-04 3.663003663003661916e-04 2.967032967032965513e-02 3.663003663003661916e-04 3.663003663003661916e-04 2.347985347985346860e-01 4.029304029304027999e-03 1.212454212454212032e-01 3.663003663003661916e-04 4.029304029304027999e-03 3.699633699633698286e-02 4.029304029304027999e-03 3.663003663003661916e-04 9.560439560439557005e-02 4.399267399267396961e-01 3.663003663003661916e-04 1.501831501831501006e-02 3.663003663003661916e-04 3.663003663003661916e-04 3.663003663003661916e-04 3.663003663003661916e-04 3.663003663003661916e-04 3.663003663003661916e-04 3.663003663003661916e-04 3.663003663003661916e-04
4.166666666666668018e-04 4.166666666666668018e-04 4.166666666666668018e-04 4.208333333333334064e-02 4.166666666666668018e-04 3.375000000000000916e-02 4.166666666666668018e-04 7.125000000000002165e-02 4.166666666666668018e-04 4.166666666666668018e-04 7.958333333333335313e-02 4.166666666666668018e-04 1.879166666666667040e-01 2.125000000000000500e-02 5.041666666666667906e-02 4.208333333333334064e-02 4.166666666666668018e-04 8.750000000000002567e-03 5.875000000000001055e-02 1.254166666666667040e-01 4.583333333333335091e-03 4.166666666666668018e-04 1.670833333333333892e-01 4.583333333333335091e-03 8.375000000000001887e-02 4.166666666666668018e-04 4.583333333333335091e-03 8.750000000000002567e-03 4.166666666666668018e-04 4.166666666666668018e-04
4.761904761904762985e-04 2.290476190476190832e-01 4.761904761904762985e-04 4.761904761904762985e-04 4.761904761904762985e-04 4.761904761904762985e-04 4.761904761904762985e-04 5.285714285714285948e-02 4.761904761904762985e-04 4.761904761904762985e-04 4.761904761904762985e-04 5.238095238095239609e-03 7.190476190476191576e-02 4.333333333333333481e-02 1.338095238095238226e-01 5.238095238095239609e-03 4.761904761904762985e-04 4.761904761904762985e-04 6.238095238095239109e-02 4.761904761904762985e-04 5.238095238095239609e-03 4.761904761904762985e-04 4.761904761904762985e-04 3.380952380952381015e-02 4.761904761904762985e-04 6.238095238095239109e-02 1.147619047619047872e-01 4.761904761904762985e-04 2.428571428571428895e-02 1.480952380952381131e-01
3.089887640449437336e-03 8.174157303370784000e-02 1.994382022471909502e-02 2.530898876404493181e-01 2.808988764044942983e-04 2.808988764044942983e-04 2.808988764044942983e-04 2.808988764044942983e-04 2.808988764044942983e-04 2.275280898876403529e-02 2.837078651685392278e-02 2.808988764044942983e-04 9.297752808988761497e-02 2.808988764044942983e-04 2.808988764044942983e-04 2.275280898876403529e-02 1.994382022471909502e-02 2.808988764044942983e-04 1.828651685393257731e-01 2.808988764044942983e-04 3.679775280898875400e-02 8.707865168539323519e-03 2.808988764044942983e-04 8.707865168539323519e-03 2.808988764044942983e-04 2.808988764044942983e-04 3.089887640449437336e-03 5.646067415730336020e-02 1.014044943820224393e-01 5.365168539325841646e-02
3.521126760563380470e-04 1.623239436619718368e-01 3.521126760563380470e-04 3.521126760563380470e-04 3.873239436619718788e-03 9.190140845070422781e-02 3.521126760563380470e-04 4.964788732394365828e-02 3.521126760563380470e-04 3.521126760563380470e-04 3.521126760563380470e-04 3.521126760563380470e-04 3.521126760563380470e-04 3.521126760563380470e-04 4.260563380281690016e-02 3.873239436619718788e-03 3.521126760563380470e-04 3.521126760563380470e-04 1.306338028169014009e-01 3.521126760563380470e-04 3.521126760563380470e-04 1.443661971830985727e-02 3.521126760563380470e-04 1.443661971830985727e-02 3.873239436619718788e-03 1.623239436619718368e-01 1.517605633802816822e-01 3.521126760563380470e-04 3.521126760563380470e-04 1.623239436619718368e-01
2.906976744186045929e-04 1.049418604651162490e-01 1.191860465116278620e-02 6.715116279069766048e-02 2.906976744186045929e-04 6.424418604651160880e-02 2.906976744186045929e-04 2.906976744186045929e-04 2.906976744186045929e-04 1.020348837209301973e-01 2.936046511627905808e-02 2.906976744186045929e-04 2.677325581395347820e-01 2.354651162790696861e-02 2.906976744186045929e-04 4.970930232558138512e-02 2.906976744186045929e-04 2.906976744186045929e-04 8.168604651162787722e-02 2.906976744186045929e-04 2.906976744186045929e-04 9.040697674418601837e-02 2.906976744186045929e-04 2.906976744186045929e-04 9.331395348837207004e-02 2.906976744186045929e-04 2.906976744186045929e-04 2.906976744186045929e-04 2.906976744186045929e-04 9.011627906976741459e-03
3.389830508474575414e-04 3.389830508474575414e-04 3.389830508474575414e-04 1.050847457627118210e-02 3.389830508474575414e-04 3.389830508474575414e-04 3.389830508474575414e-04 3.389830508474575414e-04 3.389830508474575414e-04 3.389830508474575414e-04 1.562711864406779172e-01 3.389830508474575414e-04 6.135593220338981385e-02 3.389830508474575414e-04 4.779661016949150742e-02 3.389830508474575414e-04 3.359322033898303750e-01 3.389830508474575414e-04 3.389830508474575414e-04 1.728813559322033011e-02 3.389830508474575414e-04 6.474576271186438525e-02 7.830508474576268474e-02 3.389830508474575414e-04 1.935593220338982234e-01 3.389830508474575414e-04 3.389830508474575414e-04 2.745762711864405473e-02 3.389830508474575414e-04 3.389830508474575414e-04
3.344481605351169316e-04 3.043478260869563953e-02 1.705685618729096270e-02 3.344481605351169316e-04 3.344481605351169316e-04 3.678929765886286736e-03 3.678929765886286736e-03 1.408026755852842260e-01 3.344481605351169316e-04 7.023411371237455944e-03 3.344481605351169316e-04 3.344481605351169316e-04 1.976588628762541155e-01 3.344481605351169316e-04 3.247491638795985125e-01 3.344481605351169316e-04 3.344481605351169316e-04 7.023411371237455944e-03 1.107023411371237109e-01 5.050167224080265305e-02 3.344481605351169316e-04 5.384615384615382833e-02 3.344481605351169316e-04 1.705685618729096270e-02 3.344481605351169316e-04 1.705685618729096270e-02 3.344481605351169316e-04 3.344481605351169316e-04 3.678929765886286736e-03 1.036789297658862428e-02
3.257328990228012091e-04 7.524429967426707333e-02 3.257328990228012091e-04 3.615635179153092738e-02 3.257328990228012091e-04 7.524429967426707333e-02 3.257328990228012091e-04 3.257328990228012091e-04 3.257328990228012091e-04 6.840390879478824848e-03 3.257328990228012091e-04 3.257328990228012091e-04 2.153094462540715570e-01 3.941368078175894185e-02 2.674267100977197331e-01 3.257328990228012091e-04 3.257328990228012091e-04 3.257328990228012091e-04 4.918566775244297834e-02 1.661237785016285787e-02 1.335504885993484686e-02 3.257328990228012091e-04 3.257328990228012091e-04 3.257328990228012091e-04 1.925081433224755112e-01 6.840390879478824848e-03 3.257328990228012091e-04 3.257328990228012091e-04 3.257328990228012091e-04 3.257328990228012091e-04
1.838235294117646762e-04 2.775735294117646565e-02 9.374999999999997918e-03 1.950367647058822984e-01 1.838235294117646762e-04 8.841911764705880084e-02 2.022058823529411520e-03 1.672794117647058432e-02 1.838235294117646762e-04 1.838235294117646762e-04 1.121323529411764365e-02 1.838235294117646762e-04 6.636029411764704511e-02 8.841911764705880084e-02 3.511029411764705205e-02 2.612132352941176072e-01 1.838235294117646762e-04 1.838235294117646762e-04 6.084558823529410965e-02 1.838235294117646762e-04 1.838235294117646762e-04 5.165441176470587231e-02 2.022058823529411520e-03 1.838235294117646762e-04 1.488970588235293685e-02 2.408088235294117072e-02 1.305147058823529112e-02 1.838235294117646762e-04 1.838235294117646762e-04 2.959558823529411312e-02
6.238938053097346781e-02 4.424778761061948468e-04 4.424778761061948468e-04 4.424778761061948468e-04 9.292035398230091836e-03 9.336283185840710264e-02 4.424778761061948468e-04 4.424778761061948468e-04 4.424778761061948468e-04 4.424778761061948468e-04 7.566371681415931527e-02 4.424778761061948468e-04 4.424778761061948468e-04 4.424778761061948468e-04 3.141592920353982604e-02 8.008849557522126905e-02 1.553097345132743723e-01 9.292035398230091836e-03 4.911504424778762035e-02 3.057522123893806065e-01 4.424778761061948468e-04 3.141592920353982604e-02 4.424778761061948468e-04 4.424778761061948468e-04 9.292035398230091836e-03 9.292035398230091836e-03 4.424778761061948468e-04 4.424778761061948468e-04 7.123893805309737537e-02 4.424778761061948468e-04
6.289308176100629703e-04 6.289308176100629703e-04 6.289308176100629703e-04 6.289308176100629703e-04 6.289308176100629703e-04 1.012578616352201311e-01 6.289308176100629703e-04 6.289308176100629703e-04 6.289308176100629703e-04 1.949685534591194883e-02 6.289308176100629703e-04 6.289308176100629703e-04 1.893081761006289443e-01 1.320754716981132129e-02 2.773584905660377298e-01 6.289308176100629703e-04 1.327044025157232687e-01 6.289308176100629703e-04 6.289308176100629703e-04 6.289308176100629703e-04 6.289308176100629703e-04 6.289308176100629703e-04 6.289308176100629703e-04 1.201257861635220275e-01 1.138364779874213861e-01 6.289308176100629703e-04 6.289308176100629703e-04 1.949685534591194883e-02 6.289308176100629703e-04 6.289308176100629703e-04
9.571428571428575172e-02 5.238095238095239609e-03 4.761904761904763527e-04 4.761904761904763527e-04 4.761904761904763527e-04 4.761904761904763527e-04 4.761904761904763527e-04 2.904761904761905475e-02 4.761904761904763527e-04 1.052380952380952694e-01 4.761904761904763527e-04 1.476190476190476601e-02 8.142857142857146124e-02 4.761904761904763527e-04 2.904761904761905475e-02 5.238095238095239609e-03 4.100000000000000866e-01 4.761904761904763527e-04 4.761904761904763527e-04 2.904761904761905475e-02 4.761904761904763527e-04 4.761904761904763527e-04 4.761904761904763527e-04 3.857142857142858289e-02 6.238095238095239803e-02 5.761904761904763222e-02 2.904761904761905475e-02 4.761904761904763527e-04 4.761904761904763527e-04 4.761904761904763527e-04
3.448275862068964168e-04 3.448275862068964168e-04 3.448275862068964168e-04 3.448275862068964168e-04 3.448275862068964168e-04 5.206896551724135569e-02 3.448275862068964168e-04 3.448275862068964168e-04 3.448275862068964168e-04 3.448275862068964168e-04 1.382758620689654716e-01 3.448275862068964168e-04 3.448275862068964168e-04 3.448275862068964168e-04 3.448275862068964168e-04 3.448275862068964168e-04 4.037931034482756809e-01 3.448275862068964168e-04 5.896551724137929357e-02 1.831034482758620019e-01 3.448275862068964168e-04 3.448275862068964168e-04 7.241379310344825404e-03 3.448275862068964168e-04 4.862068965517239022e-02 3.448275862068964168e-04 9.689655172413789985e-02 3.448275862068964168e-04 3.793103448275860802e-03 3.448275862068964168e-04
4.098360655737704914e-04 6.598360655737706137e-02 4.098360655737704914e-04 4.098360655737704914e-04 4.098360655737704914e-04 4.098360655737704914e-04 4.098360655737704914e-04 4.098360655737704914e-04 1.270491803278688513e-02 3.729508196721311591e-02 1.766393442622950782e-01 4.098360655737704914e-04 9.467213114754098602e-02 4.098360655737704914e-04 4.098360655737704914e-04 1.438524590163934580e-01 2.499999999999999792e-02 8.606557377049180863e-03 9.057377049180329043e-02 6.188524590163934497e-02 4.098360655737704914e-04 7.418032786885246643e-02 4.098360655737704914e-04 4.098360655737704914e-04 4.098360655737704914e-04 8.606557377049180863e-03 4.098360655737704914e-04 1.889344262295082066e-01 4.508196721311475731e-03 4.098360655737704914e-04
4.716981132075473361e-04 5.188679245283020318e-03 4.716981132075473361e-04 4.716981132075473361e-04 4.716981132075473361e-04 4.716981132075473361e-04 4.108490566037736880e-01 4.716981132075473361e-04 4.716981132075473361e-04 9.481132075471701559e-02 4.716981132075473361e-04 4.716981132075473361e-04 5.188679245283020318e-03 3.349056603773585550e-02 4.716981132075473361e-04 4.716981132075473361e-04 4.716981132075473361e-04 4.716981132075473361e-04 5.188679245283020318e-03 5.188679245283020318e-03 4.716981132075473361e-04 4.764150943396227439e-02 2.405660377358491073e-02 4.716981132075473361e-04 4.716981132075473361e-04 4.764150943396227439e-02 1.655660377358491031e-01 1.933962264150943661e-02 5.707547169811322263e-02 7.122641509433963458e-02
3.802281368821293079e-04 3.802281368821293079e-04 1.178707224334600741e-02 4.182509505703422767e-03 3.802281368821293079e-04 2.319391634980988437e-02 3.802281368821293079e-04 1.939163498098859031e-02 3.802281368821293079e-04 3.460076045627376307e-02 6.121673003802281798e-02 7.984790874524715087e-03 3.802281368821293079e-04 3.802281368821293079e-04 1.178707224334600741e-02 3.802281368821293079e-04 7.642585551330799420e-02 1.178707224334600741e-02 2.741444866920151879e-01 3.121673003802281077e-01 3.802281368821293079e-04 3.802281368821293079e-04 3.802281368821293079e-04 3.802281368821293079e-04 3.802281368821293079e-04 7.262357414448669668e-02 3.840304182509505365e-02 1.558935361216729973e-02 1.939163498098859031e-02 3.802281368821293079e-04
3.717472118959105573e-04 4.089219330855015967e-03 4.089219330855015967e-03 3.717472118959105573e-04 3.717472118959105573e-04 7.472118959107802716e-02 3.717472118959105573e-04 3.717472118959105573e-04 3.717472118959105573e-04 3.717472118959105573e-04 1.267657992565054959e-01 3.717472118959105573e-04 3.717472118959105573e-04 6.356877323420070947e-02 3.011152416356875292e-02 3.717472118959105573e-04 7.472118959107802716e-02 3.717472118959105573e-04 1.565055762081783430e-01 4.576208178438658791e-01 3.717472118959105573e-04 3.717472118959105573e-04 3.717472118959105573e-04 3.717472118959105573e-04 3.717472118959105573e-04 3.717472118959105573e-04 3.717472118959105573e-04 3.717472118959105573e-04 3.717472118959105573e-04 3.717472118959105573e-04
5.050505050505051585e-04 5.050505050505051585e-04 5.555555555555556635e-03 5.050505050505051585e-04 5.050505050505051585e-04 5.050505050505051585e-04 5.050505050505051585e-04 5.555555555555556635e-03 1.060606060606060844e-02 5.050505050505051585e-04 1.318181818181818343e-01 1.565656565656566024e-02 7.121212121212122659e-02 7.626262626262626798e-02 7.626262626262626798e-02 1.060606060606060844e-02 3.590909090909091272e-01 5.050505050505051585e-04 5.050505050505051585e-04 5.050505050505051585e-04 5.050505050505051585e-04 6.111111111111111605e-02 5.555555555555556635e-03 5.050505050505051585e-04 5.050505050505051585e-04 5.050505050505051585e-04 4.595959595959596411e-02 5.606060606060606771e-02 6.111111111111111605e-02 5.050505050505051585e-04
3.105590062111800273e-04 5.931677018633538939e-02 3.416149068322980355e-03 3.105590062111800273e-04 3.105590062111800273e-04 3.416149068322980355e-03 3.105590062111800273e-04 3.105590062111800273e-04 3.757763975155278130e-02 3.105590062111800273e-04 4.378881987577638163e-02 3.105590062111800273e-04 2.270186335403725775e-01 2.456521739130433646e-01 9.658385093167698443e-02 3.105590062111800273e-04 3.416149068322980355e-03 3.416149068322980355e-03 3.105590062111800273e-04 3.105590062111800273e-04 3.105590062111800273e-04 8.726708074534159087e-02 3.416149068322980355e-03 3.105590062111800273e-04 8.416149068322978377e-02 3.105590062111800273e-04 3.105590062111800273e-04 3.416149068322980355e-03 9.347826086956519120e-02 3.105590062111800273e-04
4.198473282442748318e-03 3.473282442748091420e-02 3.816793893129770952e-04 5.763358778625954359e-02 3.816793893129770952e-04 3.816793893129770952e-04 1.187022900763358840e-01 3.816793893129770952e-04 1.564885496183205868e-02 1.797709923664122245e-01 4.198473282442748318e-03 3.816793893129770952e-04 3.816793893129770952e-04 3.816793893129770952e-04 2.709923664122137338e-02 4.999999999999999584e-02 3.816793893129770952e-04 7.671755725190840258e-02 6.908396946564886176e-02 3.816793893129770952e-04 3.816793893129770952e-04 3.816793893129770952e-04 3.816793893129770952e-04 3.816793893129770952e-04 9.198473282442748422e-02 3.816793893129770952e-04 3.816793893129770952e-04 4.198473282442748318e-03 3.816793893129770952e-04 2.599236641221374100e-01
1.285266457680250135e-02 1.285266457680250135e-02 3.134796238244513225e-04 3.134796238244513225e-04 3.134796238244513225e-04 3.134796238244513225e-04 3.134796238244513225e-04 2.009404388714732537e-01 3.134796238244513225e-04 3.134796238244513225e-04 3.448275862068964602e-03 3.134796238244513225e-04 6.583072100313477719e-03 3.448275862068964602e-03 4.420062695924763252e-02 3.921630094043885295e-01 1.100313479623824114e-01 3.134796238244513225e-04 1.319749216300939998e-01 9.717868338557989968e-03 1.598746081504701447e-02 4.106583072100311593e-02 3.134796238244513225e-04 3.134796238244513225e-04 3.134796238244513225e-04 3.134796238244513225e-04 3.134796238244513225e-04 9.717868338557989968e-03 3.134796238244513225e-04 3.134796238244513225e-04
5.000000000000001188e-04 4.550000000000001266e-02 5.500000000000002283e-03 2.405000000000000748e-01 5.000000000000001188e-04 5.000000000000001188e-04 3.550000000000001071e-02 5.000000000000001188e-04 5.000000000000001188e-04 5.050000000000001016e-02 5.000000000000001188e-04 5.000000000000001188e-04 5.000000000000001188e-04 1.050000000000000412e-02 1.550000000000000509e-02 5.000000000000001188e-04 5.000000000000001188e-04 7.050000000000002098e-02 2.255000000000000615e-01 5.000000000000001188e-04 5.000000000000001188e-04 5.000000000000001188e-04 5.000000000000001188e-04 5.500000000000002283e-03 5.000000000000001188e-04 5.500000000000002283e-03 5.550000000000001460e-02 1.050000000000000412e-02 5.000000000000001188e-04 2.155000000000000804e-01
1.814159292035398552e-02 4.424778761061948468e-04 4.424778761061948468e-04 2.699115044247788267e-02 9.292035398230091836e-03 4.424778761061948468e-04 6.238938053097346781e-02 4.424778761061948468e-04 3.584070796460177982e-02 6.681415929203540771e-02 6.681415929203540771e-02 4.424778761061948468e-04 1.066371681415929501e-01 4.424778761061948468e-04 8.451327433628320895e-02 4.867256637168143260e-03 1.376106194690265849e-01 4.424778761061948468e-04 4.424778761061948468e-04 4.424778761061948468e-04 4.424778761061948468e-04 4.424778761061948468e-04 4.424778761061948468e-04 4.424778761061948468e-04 4.424778761061948468e-04 4.424778761061948468e-04 1.420353982300885387e-01 1.814159292035398552e-02 2.128318584070797159e-01 4.424778761061948468e-04
3.717472118959108283e-04 4.089219330855018569e-03 3.717472118959108283e-04 3.717472118959108283e-04 4.089219330855018569e-03 3.717472118959108283e-04 3.717472118959108283e-04 4.498141263940520079e-02 4.089219330855018569e-03 1.152416356877323383e-02 4.126394052044609490e-02 3.717472118959108283e-04 3.717472118959108283e-04 3.717472118959108283e-04 3.717472118959108283e-04 3.717472118959108283e-04 2.866171003717472021e-01 3.717472118959108283e-04 5.985130111524163826e-02 3.717472118959108283e-04 3.717472118959108283e-04 3.382899628252788310e-02 3.717472118959108283e-04 3.717472118959108283e-04 3.717472118959108283e-04 3.717472118959108283e-04 9.702602230483271806e-02 3.717472118959108283e-04 4.055762081784386464e-01 3.717472118959108283e-04
2.808988764044942983e-04 2.808988764044942983e-04 2.808988764044942983e-04 2.808988764044942983e-04 2.808988764044942983e-04 2.808988764044942983e-04 2.808988764044942983e-04 2.808988764044942983e-04 2.808988764044942983e-04 8.707865168539323519e-03 4.522471910112358523e-02 2.808988764044942983e-04 1.713483146067415128e-02 1.182584269662921017e-01 1.042134831460673899e-01 4.241573033707863455e-02 2.808988764044942983e-04 2.808988764044942983e-04 8.735955056179772749e-02 3.429775280898875178e-01 2.808988764044942983e-04 2.165730337078650702e-01 2.808988764044942983e-04 2.808988764044942983e-04 2.808988764044942983e-04 2.808988764044942983e-04 2.808988764044942983e-04 1.151685393258426553e-02 2.808988764044942983e-04 2.808988764044942983e-04
4.291845493562232612e-04 1.034334763948498020e-01 4.291845493562232612e-04 4.291845493562232612e-04 4.291845493562232612e-04 1.330472103004291980e-02 3.047210300429184851e-02 4.291845493562232612e-04 4.291845493562232612e-04 5.193133047210300723e-02 4.291845493562232612e-04 3.047210300429184851e-02 1.759656652360514981e-02 3.476394849785408026e-02 3.047210300429184851e-02 4.291845493562232612e-04 4.291845493562232612e-04 9.484978540772534550e-02 1.849785407725322295e-01 4.291845493562232612e-04 4.291845493562232612e-04 1.759656652360514981e-02 4.291845493562232612e-04 9.055793991416311028e-02 1.330472103004291980e-02 3.905579399141631547e-02 1.759656652360514981e-02 4.291845493562232612e-04 4.721030042918456307e-03 2.193133047210300834e-01
4.329004329004329543e-04 7.402597402597403675e-02 2.640692640692640994e-02 6.969696969696971556e-02 4.329004329004329543e-04 4.761904761904763202e-03 4.329004329004329543e-04 1.346320346320346584e-01 4.329004329004329543e-04 4.329004329004329543e-04 3.939393939393939781e-02 1.774891774891775020e-02 1.774891774891775020e-02 4.329004329004329543e-04 4.329004329004329543e-04 4.030303030303030720e-01 4.329004329004329543e-04 4.329004329004329543e-04 4.761904761904763202e-03 7.402597402597403675e-02 4.761904761904763202e-03 2.640692640692640994e-02 4.329004329004329543e-04 4.329004329004329543e-04 4.329004329004329543e-04 4.329004329004329543e-04 6.536796536796538049e-02 9.090909090909092202e-03 2.207792207792207834e-02 4.329004329004329543e-04
2.695417789757411568e-04 9.460916442048515618e-02 2.695417789757411568e-04 3.261455525606467981e-02 2.964959568733153104e-03 7.304582210242585583e-02 2.695417789757411568e-04 6.495956873315361646e-02 1.105121293800538640e-02 5.660377358490564781e-03 2.183288409703503311e-02 2.695417789757411568e-04 1.080862533692722033e-01 2.452830188679244391e-02 4.609164420485174080e-02 4.339622641509432999e-02 5.148247978436656241e-02 2.452830188679244391e-02 1.619946091644204333e-01 2.991913746630726900e-02 2.695417789757411568e-04 3.261455525606467981e-02 2.964959568733153104e-03 2.695417789757411568e-04 1.644204851752020802e-02 1.105121293800538640e-02 2.695417789757411568e-04 5.660377358490564781e-03 1.296495956873315036e-01 2.964959568733153104e-03
2.604166666666666088e-04 2.604166666666666088e-04 2.604166666666666088e-04 3.671874999999998751e-02 2.604166666666666088e-04 3.151041666666665880e-02 2.604166666666666088e-04 2.864583333333332697e-03 2.604166666666666088e-04 2.604166666666666088e-04 1.018229166666666380e-01 2.604166666666666088e-04 4.192708333333332316e-02 2.630208333333332316e-02 1.356770833333333093e-01 2.604166666666666088e-04 1.799479166666665964e-01 2.864583333333332697e-03 2.111979166666665964e-01 1.434895833333332815e-01 2.864583333333332697e-03 2.369791666666665880e-02 1.067708333333333010e-02 2.604166666666666088e-04 2.604166666666666088e-04 2.604166666666666088e-04 4.453124999999998751e-02 2.604166666666666088e-04 2.604166666666666088e-04 2.604166666666666088e-04
3.717472118959106657e-04 1.044609665427508882e-01 3.717472118959106657e-04 3.717472118959106657e-04 2.639405204460965396e-02 3.717472118959106657e-04 3.717472118959106657e-04 3.717472118959106657e-04 3.717472118959106657e-04 3.717472118959106657e-04 3.717472118959106657e-04 3.717472118959106657e-04 1.788104089219330062e-01 3.717472118959106657e-04 2.197026022304831849e-01 4.089219330855016835e-03 7.806691449814123600e-03 3.717472118959106657e-04 8.587360594795535873e-02 2.271375464684013967e-01 3.717472118959106657e-04 1.007434944237917823e-01 3.754646840148697512e-02 3.717472118959106657e-04 3.717472118959106657e-04 3.717472118959106657e-04 3.717472118959106657e-04 3.717472118959106657e-04 3.717472118959106657e-04 3.717472118959106657e-04
5.263157894736841987e-04 1.268421052631578949e-01 3.210526315789473395e-02 5.842105263157894302e-02 5.263157894736841987e-04 5.263157894736841987e-04 5.263157894736841987e-04 5.263157894736841987e-04 5.263157894736841987e-04 5.263157894736841987e-04 5.315789473684210537e-02 6.368421052631578760e-02 5.263157894736841987e-04 2.847368421052631771e-01 2.684210526315789283e-02 5.263157894736841987e-04 5.263157894736841987e-04 5.263157894736841987e-04 5.263157894736841987e-04 5.263157894736841987e-04 5.263157894736841987e-04 8.473684210526316596e-02 1.215789473684210642e-01 7.947368421052630749e-02 5.789473684210526619e-03 5.263157894736841987e-04 5.263157894736841987e-04 5.315789473684210537e-02 5.263157894736841987e-04 5.263157894736841987e-04
3.151862464183380168e-03 2.865329512893982069e-04 6.017191977077362454e-03 7.478510028653292951e-02 2.865329512893982069e-04 2.865329512893982069e-04 2.865329512893982069e-04 2.865329512893982069e-04 2.865329512893982069e-04 2.865329512893982069e-04 2.323782234957019188e-01 2.865329512893982069e-04 2.865329512893982069e-04 2.865329512893982069e-04 8.882521489971343873e-03 6.017191977077362454e-03 1.521489971346704495e-01 2.865329512893982069e-04 6.017191977077362454e-03 1.747851002865328726e-02 2.865329512893982069e-04 1.349570200573065593e-01 2.865329512893982069e-04 4.326647564469912610e-02 1.005730659025787649e-01 2.865329512893982069e-04 1.464183381088824676e-01 4.040114613180514208e-02 2.320916905444125183e-02 2.865329512893982069e-04
3.906250000000001301e-04 3.906250000000001301e-04 3.906250000000001301e-04 3.906250000000001301e-04 3.906250000000001301e-04 3.906250000000001301e-04 3.906250000000001301e-04 3.906250000000001301e-04 3.906250000000001301e-04 8.242187500000001943e-02 1.371093750000000333e-01 3.906250000000001301e-04 9.804687500000003331e-02 3.906250000000001301e-04 4.296875000000001214e-03 3.906250000000001301e-04 3.792968750000000888e-01 3.906250000000001301e-04 5.117187500000001249e-02 4.296875000000001214e-03 2.382812500000000555e-02 3.906250000000001301e-04 8.203125000000002082e-03 3.906250000000001301e-04 1.601562500000000208e-02 7.070312500000001943e-02 4.296875000000001214e-03 3.906250000000001301e-04 1.058593750000000333e-01 8.203125000000002082e-03
2.531120331950207844e-02 4.149377593360996830e-04 4.149377593360996830e-04 4.149377593360996830e-04 8.713692946058093289e-03 4.149377593360996830e-04 4.605809128630706378e-02 4.149377593360996830e-04 4.149377593360996830e-04 4.564315352697096567e-03 2.161825726141079484e-01 4.149377593360996830e-04 2.535269709543568895e-01 4.149377593360996830e-04 1.829875518672199608e-01 4.149377593360996830e-04 1.207468879668050082e-01 4.149377593360996830e-04 4.149377593360996830e-04 4.149377593360996830e-04 4.564315352697096567e-03 9.170124481327802946e-02 4.149377593360996830e-04 4.149377593360996830e-04 4.149377593360996830e-04 4.149377593360996830e-04 4.149377593360996830e-04 4.149377593360996830e-04 3.360995850622407188e-02 4.564315352697096567e-03
