1.705426356589146786e-03 1.550387596899224351e-04 1.550387596899224351e-04 1.550387596899224351e-04 1.550387596899224351e-04 1.550387596899224351e-04 3.426356589147285664e-02 1.536434108527131026e-01 1.550387596899224351e-04 1.550387596899224351e-04 1.550387596899224351e-04 5.131782945736432233e-02 6.062015503875967104e-02 7.906976744186043973e-03 3.505426356589145809e-01 1.550387596899224351e-04 1.550387596899224351e-04 1.055813953488371620e-01 1.241860465116278595e-01 1.550387596899224351e-04 1.550387596899224351e-04 1.550387596899224351e-04 8.852713178294570329e-02 1.550387596899224351e-04 1.550387596899224351e-04 6.356589147286819189e-03 1.550387596899224351e-04 1.255813953488371659e-02 1.550387596899224351e-04 1.550387596899224351e-04
1.940154440154439816e-02 9.652509652509651109e-05 4.932432432432431318e-02 7.924710424710422474e-02 2.326254826254825839e-02 1.061776061776061649e-03 9.652509652509651109e-05 5.888030888030886499e-03 9.652509652509651109e-05 9.652509652509651109e-05 9.652509652509651109e-05 4.160231660231659273e-02 1.061776061776061649e-03 2.751930501930501816e-01 5.888030888030886499e-03 1.139961389961389598e-01 9.652509652509651109e-05 9.652509652509651109e-05 1.709459459459458930e-01 9.652509652509651109e-05 9.652509652509651109e-05 1.061776061776061649e-03 9.652509652509651109e-05 5.511583011583010699e-02 9.652509652509651109e-05 9.652509652509651109e-05 2.036679536679536495e-02 9.652509652509651109e-05 1.061776061776061649e-03 1.342664092664092312e-01
4.119718309859154298e-02 1.173708920187793399e-04 1.173708920187793399e-04 1.832159624413145227e-01 8.333333333333331483e-03 1.068075117370891752e-02 8.814553990610327072e-02 1.185446009389671228e-02 1.173708920187793399e-04 2.476525821596244070e-02 1.173708920187793399e-04 2.828638497652581976e-02 5.985915492957745443e-03 1.173708920187793399e-04 1.173708920187793399e-04 1.173708920187793399e-04 3.063380281690140580e-02 1.173708920187793399e-04 1.515258215962441146e-01 1.291079812206572712e-03 6.584507042253520681e-02 2.007042253521126515e-02 8.697183098591547423e-02 1.173708920187793399e-04 2.360328638497652121e-01 1.173708920187793399e-04 3.638497652582159403e-03 1.173708920187793399e-04 1.173708920187793399e-04 1.173708920187793399e-04
5.601173020527857455e-02 1.788856304985336418e-02 2.932551319648093297e-04 2.932551319648093297e-04 7.653958944281523402e-02 2.932551319648093297e-04 2.932551319648093297e-04 2.932551319648093297e-04 2.932551319648093297e-04 2.932551319648093297e-04 2.932551319648093297e-04 3.609970674486802089e-01 2.932551319648093297e-04 2.932551319648093297e-04 9.090909090909088733e-03 2.932551319648093297e-04 2.932551319648093297e-04 2.932551319648093297e-04 1.821114369501465602e-01 2.932551319648093297e-04 2.932551319648093297e-04 2.932551319648093297e-04 2.932551319648093297e-04 1.058651026392961603e-01 1.850439882697946514e-01 2.932551319648093297e-04 2.932551319648093297e-04 2.932551319648093297e-04 2.932551319648093297e-04 2.932551319648093297e-04
2.527868852459015381e-01 3.278688524590162847e-04 3.278688524590162847e-04 1.016393442622950428e-02 1.708196721311474875e-01 3.606557377049179457e-03 3.967213114754096492e-02 4.622950819672129452e-02 3.278688524590162847e-04 3.278688524590162847e-04 3.278688524590162847e-04 1.672131147540982868e-02 3.278688524590162847e-04 1.511475409836064987e-01 1.672131147540982868e-02 3.278688524590162847e-04 3.278688524590162847e-04 3.278688524590162847e-04 6.885245901639342088e-03 3.606557377049179457e-03 3.278688524590162847e-04 3.278688524590162847e-04 1.445901639344261691e-01 6.885245901639342088e-03 3.278688524590162847e-04 3.278688524590162847e-04 1.183606557377048785e-01 6.885245901639342088e-03 3.278688524590162847e-04 3.278688524590162847e-04
7.777777777777773217e-03 2.151851851851850628e-01 3.703703703703701351e-04 2.114814814814813537e-01 1.262962962962962121e-01 3.703703703703701351e-04 7.777777777777773217e-03 7.814814814814810551e-02 3.703703703703701351e-04 3.703703703703701351e-04 3.703703703703701351e-04 1.888888888888887521e-02 3.703703703703701351e-04 3.703703703703701351e-04 3.703703703703701351e-04 3.703703703703701351e-04 3.703703703703701351e-04 3.703703703703701351e-04 7.074074074074070129e-02 3.703703703703701351e-04 2.559259259259257235e-01 3.703703703703701351e-04 3.703703703703701351e-04 3.703703703703701351e-04 3.703703703703701351e-04 3.703703703703701351e-04 3.703703703703701351e-04 3.703703703703701351e-04 3.703703703703701351e-04 3.703703703703701351e-04
3.111111111111110068e-03 1.481481481481481191e-04 1.481481481481481191e-04 2.237037037037036338e-02 2.977777777777777107e-02 1.481481481481481191e-04 4.416296296296295387e-01 1.481481481481481191e-04 1.481481481481481191e-04 1.940740740740740100e-02 1.481481481481481191e-04 1.394074074074073410e-01 1.481481481481481191e-04 1.644444444444443862e-02 1.481481481481481191e-04 1.481481481481481191e-04 1.629629629629629310e-03 1.481481481481481191e-04 1.319999999999999507e-01 1.481481481481481191e-04 4.592592592592590825e-03 1.481481481481481191e-04 6.533333333333331272e-02 4.592592592592590825e-03 1.142222222222221695e-01 1.481481481481481191e-04 1.481481481481481191e-04 3.111111111111110068e-03 1.481481481481481191e-04 1.481481481481481191e-04
3.008474576271186196e-02 1.783898305084745950e-01 4.237288135593220758e-04 4.237288135593220758e-04 1.699152542372881491e-01 2.161016949152542305e-02 3.855932203389830087e-02 1.021186440677966101e-01 4.237288135593220758e-04 8.898305084745762941e-03 8.516949152542373225e-02 4.661016949152542617e-03 4.237288135593220758e-04 4.237288135593220758e-04 8.898305084745762941e-03 4.237288135593220758e-04 4.661016949152542617e-03 4.237288135593220758e-04 4.237288135593220758e-04 7.669491525423730027e-02 4.279661016949152380e-02 4.237288135593220758e-04 6.822033898305085442e-02 1.317796610169491567e-01 1.313559322033898413e-02 4.661016949152542617e-03 4.237288135593220758e-04 4.237288135593220758e-04 4.237288135593220758e-04 4.661016949152542617e-03
1.272264631043256713e-04 1.030534351145037837e-02 1.272264631043256713e-04 1.272264631043256713e-04 4.847328244274808073e-02 1.272264631043256713e-04 5.101781170483458971e-02 7.010178117048344870e-02 1.272264631043256713e-04 1.272264631043256713e-04 1.399491094147582411e-03 1.030534351145037837e-02 2.671755725190838853e-03 6.882951653944018033e-02 3.385496183206106457e-01 1.272264631043256713e-04 1.272264631043256713e-04 2.684478371501271624e-02 1.489821882951653520e-01 1.399491094147582411e-03 1.272264631043256713e-04 3.956743002544528542e-02 1.108142493638676479e-01 2.671755725190838853e-03 6.628498727735367135e-02 1.272264631043256713e-04 1.272264631043256713e-04 1.272264631043256713e-04 1.272264631043256713e-04 1.272264631043256713e-04
4.016064257028113707e-04 3.899598393574297828e-01 8.433734939759037971e-03 1.048192771084337643e-01 4.016064257028113707e-04 1.244979919678715179e-02 4.016064257028113707e-04 3.253012048192771566e-02 1.244979919678715179e-02 4.016064257028113707e-04 8.875502008032130907e-02 4.016064257028113707e-04 4.016064257028113707e-04 4.016064257028113707e-04 4.016064257028113707e-04 4.016064257028113707e-04 1.646586345381526387e-02 4.016064257028113707e-04 1.168674698795180988e-01 4.016064257028113707e-04 4.016064257028113707e-04 4.016064257028113707e-04 4.016064257028113707e-04 4.016064257028113707e-04 8.433734939759037971e-03 1.931726907630522683e-01 4.016064257028113707e-04 4.016064257028113707e-04 8.433734939759037971e-03 4.016064257028113707e-04
5.372393247269115907e-02 2.085402184707050525e-03 2.492552135054617451e-02 9.930486593843098318e-05 7.358490566037734215e-02 9.930486593843098318e-05 9.930486593843098318e-05 3.088381330685203291e-02 9.930486593843098318e-05 9.930486593843098318e-05 9.930486593843098318e-05 1.003972194637537119e-01 9.930486593843098318e-05 1.003972194637537119e-01 9.930486593843098318e-05 9.642502482621646831e-02 2.076464746772591630e-01 9.930486593843098318e-05 2.006951340615689972e-01 1.102284011916583768e-02 2.393247269116186710e-02 9.036742800397217640e-03 9.930486593843098318e-05 9.930486593843098318e-05 9.930486593843098318e-05 9.930486593843098318e-05 3.286991062562065469e-02 3.088381330685203291e-02 9.930486593843098318e-05 9.930486593843098318e-05
1.824999999999999956e-01 1.617647058823529650e-03 6.632352941176471173e-02 4.720588235294118085e-02 1.148529411764705743e-01 1.470588235294117789e-04 1.470588235294117789e-04 1.470588235294117789e-04 1.470588235294117789e-04 1.470588235294117789e-04 1.470588235294117789e-04 1.470588235294117789e-04 1.617647058823529650e-03 2.501470588235293890e-01 1.470588235294117789e-04 1.617647058823529650e-03 1.470588235294117789e-04 1.470588235294117789e-04 8.985294117647059375e-02 1.470588235294117789e-04 1.470588235294117789e-04 1.617647058823529650e-03 1.383823529411764564e-01 1.470588235294117789e-04 1.001470588235294085e-01 1.617647058823529650e-03 1.470588235294117789e-04 1.470588235294117789e-04 1.470588235294117789e-04 1.470588235294117789e-04
1.485937499999999689e-01 2.046874999999999736e-02 1.562499999999999761e-04 1.562499999999999761e-04 1.235937499999999745e-01 1.562499999999999761e-04 3.453124999999999944e-02 6.109374999999998834e-02 1.562499999999999761e-04 1.562499999999999761e-04 1.562499999999999761e-04 4.843749999999999098e-03 1.562499999999999761e-04 2.828124999999999736e-02 1.860937499999999467e-01 1.562499999999999761e-04 1.562499999999999761e-04 3.453124999999999944e-02 1.001562499999999745e-01 1.562499999999999761e-04 1.562499999999999761e-04 9.531249999999998057e-03 4.703124999999999667e-02 3.281249999999999445e-03 1.907812499999999578e-01 1.562499999999999761e-04 1.562499999999999761e-04 4.843749999999999098e-03 1.562499999999999761e-04 1.562499999999999761e-04
6.793680297397772239e-02 9.293680297397773418e-05 9.293680297397773418e-05 9.293680297397773418e-05 9.293680297397773418e-05 9.293680297397773418e-05 1.701672862453532387e-01 1.803903345724907903e-01 4.739776951672864010e-03 1.022304832713755076e-03 2.332713754646841345e-02 1.022304832713755076e-03 9.293680297397773418e-05 3.447955390334574155e-02 3.569702602230485078e-01 2.332713754646841345e-02 9.293680297397773418e-05 9.293680297397773418e-05 4.098513011152418034e-02 1.022304832713755076e-03 9.293680297397773418e-05 9.293680297397773418e-05 1.496282527881041650e-02 1.960966542750930408e-02 3.912639405204462739e-02 9.293680297397773418e-05 1.960966542750930408e-02 9.293680297397773418e-05 9.293680297397773418e-05 9.293680297397773418e-05
1.769911504424778520e-04 1.769911504424778520e-04 2.141592920353981716e-02 1.946902654867256480e-03 1.946902654867256480e-03 7.274336283185839358e-02 1.769911504424778520e-04 3.380530973451326832e-02 7.805309734513272979e-02 1.769911504424778520e-04 1.769911504424778520e-04 1.769911504424778520e-04 1.769911504424778520e-04 1.769911504424778520e-04 8.336283185840706600e-02 1.946902654867256480e-03 1.769911504424778520e-04 2.672566371681415337e-02 2.833628318584069938e-01 1.946902654867256480e-03 1.769911504424778520e-04 3.203539823008848958e-02 1.769911504424778520e-04 1.769911504424778520e-04 1.769911504424778520e-04 1.769911504424778520e-04 1.769911504424778520e-04 3.576991150442477285e-01 1.769911504424778520e-04 1.769911504424778520e-04
1.498812351543942489e-01 2.375296912114013706e-04 2.375296912114013706e-04 2.375296912114013706e-04 2.375296912114013706e-04 2.375296912114013706e-04 2.612826603325415185e-03 1.190023752969120857e-01 2.375296912114013706e-04 2.375296912114013706e-04 2.375296912114013706e-04 2.375296912114013706e-04 2.375296912114013706e-04 2.375296912114013706e-04 4.230403800475058262e-01 2.375296912114013706e-04 2.375296912114013706e-04 3.824228028503562360e-02 4.061757719714963882e-02 2.375296912114013706e-04 2.375296912114013706e-04 2.874109263657956270e-02 2.375296912114013706e-04 2.375296912114013706e-04 1.926365795724464813e-01 2.375296912114013706e-04 2.375296912114013706e-04 2.375296912114013706e-04 2.375296912114013706e-04 2.375296912114013706e-04
2.237136465324384305e-04 2.237136465324384305e-04 2.237136465324384305e-04 4.697986577181206824e-03 2.460850111856822953e-03 2.237136465324384305e-04 2.237136465324384305e-04 2.483221476510066514e-02 2.237136465324384305e-04 2.237136465324384305e-04 1.588366890380312618e-02 2.237136465324384305e-04 9.172259507829974567e-03 2.237136465324384305e-04 1.210290827740491959e-01 2.237136465324384305e-04 2.237136465324384305e-04 1.814317673378075535e-01 1.255033557046979498e-01 2.237136465324384305e-04 2.237136465324384305e-04 1.299776286353467314e-01 9.194630872483219863e-02 2.237136465324384305e-04 2.351230425055927664e-01 2.237136465324384305e-04 2.259507829977628127e-02 2.035794183445189393e-02 2.237136465324384305e-04 1.140939597315435844e-02
2.881034482758619841e-01 4.155172413793102593e-02 1.724137931034482626e-04 1.724137931034482626e-04 2.294827586206895920e-01 3.620689655172413136e-03 1.501724137931034209e-01 3.620689655172413136e-03 1.396551724137930738e-02 1.724137931034482626e-04 1.724137931034482626e-04 1.724137931034482626e-04 1.724137931034482626e-04 3.465517241379310193e-02 8.793103448275859171e-03 1.724137931034482626e-04 1.724137931034482626e-04 1.396551724137930738e-02 8.810344827586205629e-02 1.724137931034482626e-04 1.724137931034482626e-04 1.724137931034482626e-04 1.724137931034482626e-04 1.724137931034482626e-04 1.156896551724137662e-01 1.724137931034482626e-04 5.344827586206895437e-03 1.724137931034482626e-04 1.724137931034482626e-04 1.724137931034482626e-04
5.524861878453040179e-04 5.022601707684582042e-05 5.022601707684582042e-05 3.922651933701658267e-02 4.826720241084882929e-02 5.022601707684582042e-05 4.123556002009041294e-02 6.936212958312407140e-02 6.579608237066801764e-03 3.566047212456052891e-03 5.022601707684582042e-05 3.470617780010045589e-02 1.030135610246107752e-01 5.022601707684582042e-05 1.934203917629332414e-01 5.022601707684582042e-05 5.524861878453040179e-04 3.621295831240583379e-02 1.391762933199397756e-01 5.022601707684582042e-05 5.022601707684582042e-05 1.130587644399799335e-01 5.379206428930186773e-02 4.525364138623808041e-02 2.667001506780513134e-02 1.160220994475138524e-02 2.561526870919136455e-03 7.081868407835260198e-03 2.365645404319438247e-02 5.022601707684582042e-05
1.510574018126887945e-04 1.374622356495468038e-02 1.827794561933534373e-02 1.510574018126887945e-04 1.510574018126887945e-04 1.510574018126887945e-04 1.510574018126887945e-04 3.036253776435044946e-02 1.617824773413897022e-01 1.510574018126887945e-04 1.510574018126887945e-04 5.604229607250754697e-02 1.223564954682779260e-02 6.193353474320239735e-03 7.416918429003020730e-02 6.193353474320239735e-03 1.512084592145014894e-01 4.682779456193352820e-03 1.753776435045316939e-01 1.510574018126887945e-04 5.302114803625376793e-02 1.376132930513594976e-01 1.510574018126887945e-04 1.510574018126887945e-04 9.682779456193350842e-02 1.510574018126887945e-04 1.510574018126887945e-04 1.510574018126887945e-04 1.510574018126887945e-04 1.510574018126887945e-04
1.708967851099829974e-02 1.692047377326564596e-04 1.050761421319796607e-01 1.692047377326564596e-04 1.692047377326564596e-04 1.692047377326564596e-04 1.692047377326564596e-04 3.570219966159051544e-02 1.692047377326564596e-04 1.861252115059221137e-03 1.861252115059221137e-03 1.201353637901860644e-02 1.692047377326564596e-04 4.654822335025379232e-01 1.692047377326564596e-04 3.401015228426394754e-02 1.692047377326564596e-04 1.692047377326564596e-04 2.607445008460235747e-01 1.692047377326564596e-04 1.692047377326564596e-04 1.692047377326564596e-04 1.692047377326564596e-04 1.861252115059221137e-03 3.553299492385785571e-03 1.692047377326564596e-04 3.231810490693738658e-02 2.554991539763112190e-02 1.692047377326564596e-04 1.692047377326564596e-04
6.436597110754413431e-02 8.362760834670945886e-02 1.605136436597110470e-04 1.605136436597110470e-04 5.955056179775280317e-02 1.605136436597110470e-04 1.927768860353129554e-01 1.765650080256821707e-03 1.605136436597110470e-04 6.581059390048151977e-03 1.139646869983948312e-02 1.300160513643659407e-02 3.868378812199036593e-02 1.895666131621187300e-01 1.605136436597110470e-04 1.765650080256821707e-03 1.605136436597110470e-04 1.605136436597110470e-04 1.430176565008025313e-01 1.605136436597110470e-04 3.547351524879614054e-02 9.791332263242373893e-03 5.313001605136435934e-02 6.581059390048151977e-03 3.868378812199036593e-02 1.765650080256821707e-03 6.581059390048151977e-03 1.605136436597110470e-04 1.605136436597110470e-04 4.028892455858747168e-02
2.191235059760955877e-03 8.784860557768922606e-02 1.992031872509959691e-04 1.992031872509959691e-04 1.992031872509959691e-04 1.992031872509959691e-04 1.992031872509959691e-04 6.175298804780875693e-03 4.800796812749003051e-02 1.992031872509959691e-04 6.175298804780875693e-03 2.990039840637449542e-01 1.992031872509959691e-04 1.992031872509959691e-04 3.804780876494023162e-02 1.992031872509959691e-04 1.992031872509959691e-04 1.992031872509959691e-04 1.894422310756971595e-01 1.992031872509959691e-04 1.992031872509959691e-04 3.406374501992031484e-02 7.988047808764939250e-02 7.390438247011950346e-02 1.992031872509959691e-04 2.191235059760955877e-03 1.992031872509959691e-04 1.296812749003983523e-01 1.992031872509959691e-04 1.992031872509959691e-04
2.150537634408601878e-04 2.150537634408601878e-04 2.365591397849461930e-03 2.150537634408601878e-04 2.365591397849461930e-03 6.666666666666665360e-03 2.150537634408601878e-04 3.677419354838708937e-02 3.679569892473117387e-01 1.311827956989246834e-02 2.150537634408601878e-04 2.150537634408601878e-04 2.150537634408601878e-04 2.150537634408601878e-04 2.150537634408601878e-04 2.150537634408601878e-04 2.150537634408601878e-04 2.150537634408601878e-04 1.937634408602149916e-01 2.150537634408601878e-04 2.150537634408601878e-04 1.012903225806451452e-01 2.150537634408601878e-04 2.150537634408601878e-04 1.077419354838709403e-01 2.150537634408601878e-04 6.666666666666665360e-03 9.483870967741933611e-02 6.258064516129030475e-02 2.150537634408601878e-04
4.184100418410043216e-04 4.602510460251047104e-03 4.184100418410043216e-04 4.602510460251047104e-03 1.677824267782427325e-01 4.184100418410043216e-04 4.184100418410043216e-04 4.184100418410043216e-04 4.184100418410043216e-04 4.184100418410043216e-04 4.184100418410043216e-04 4.184100418410043216e-04 4.184100418410043216e-04 2.552301255230126145e-02 4.602510460251047104e-03 2.723849372384937739e-01 1.008368200836820411e-01 4.184100418410043216e-04 8.410041841004187169e-02 4.184100418410043216e-04 4.184100418410043216e-04 2.552301255230126145e-02 2.133891213389121563e-02 4.184100418410043216e-04 4.184100418410043216e-04 2.765690376569038267e-01 4.184100418410043216e-04 4.184100418410043216e-04 4.184100418410043216e-04 4.602510460251047104e-03
1.745200698080279049e-04 1.745200698080279049e-04 8.900523560209420981e-03 1.745200698080279049e-04 1.745200698080279049e-04 6.125654450261779072e-02 1.745200698080279049e-04 1.745200698080279049e-04 1.118673647469458632e-01 1.745200698080279049e-04 1.745200698080279049e-04 6.474694589877834361e-02 1.745200698080279049e-04 4.554973821989528188e-02 1.239092495636997908e-02 1.745200698080279049e-04 1.919720767888306954e-03 2.635253054101220974e-02 2.776614310645723616e-01 1.745200698080279049e-04 1.745200698080279049e-04 3.682373472949388576e-02 1.745200698080279049e-04 8.900523560209420981e-03 1.101221640488656006e-01 1.745200698080279049e-04 1.745200698080279049e-04 2.148342059336823262e-01 3.664921465968586003e-03 1.239092495636997908e-02
1.273885350318470946e-04 1.273885350318470946e-04 3.324840764331209175e-02 1.975796178343948439e-01 1.401273885350318204e-03 1.273885350318470946e-04 1.273885350318470946e-04 1.273885350318470946e-04 1.273885350318470946e-04 1.273885350318470946e-04 1.273885350318470946e-04 1.273885350318470946e-04 1.273885350318470946e-04 2.905732484076432032e-01 2.675159235668789041e-03 2.687898089171973995e-02 1.273885350318470946e-04 1.273885350318470946e-04 2.268789808917196782e-01 1.273885350318470946e-04 1.273885350318470946e-04 1.273885350318470946e-04 2.050955414012738467e-02 1.273885350318470946e-04 1.326114649681528201e-01 1.273885350318470946e-04 5.222929936305730284e-03 1.273885350318470946e-04 5.999999999999998390e-02 1.273885350318470946e-04
5.899159663865545522e-02 1.680672268907562801e-04 2.705882352941176364e-02 1.396638655462184575e-01 5.210084033613444736e-03 1.680672268907562801e-04 3.378151260504201614e-02 2.369747899159663218e-02 7.579831932773108127e-02 1.680672268907562801e-04 1.680672268907562801e-04 1.680672268907562801e-04 5.210084033613444736e-03 1.194957983193277035e-01 6.890756302521006127e-03 1.680672268907562801e-04 1.680672268907562801e-04 1.680672268907562801e-04 2.438655462184873279e-01 1.680672268907562801e-04 1.680672268907562801e-04 1.680672268907562801e-04 6.067226890756301921e-02 1.680672268907562801e-04 1.295798319327730874e-01 5.210084033613444736e-03 1.680672268907562801e-04 1.680672268907562801e-04 5.058823529411764219e-02 1.193277310924369464e-02
3.875968992248060335e-04 2.174418604651161824e-01 3.875968992248060335e-04 8.565891472868214507e-02 4.689922480620152545e-02 3.875968992248060335e-04 2.751937984496122605e-02 4.263565891472866423e-03 3.875968992248060335e-04 4.263565891472866423e-03 3.875968992248060335e-04 3.875968992248060335e-04 3.875968992248060335e-04 1.321705426356588609e-01 3.875968992248060335e-04 3.875968992248060335e-04 3.875968992248060335e-04 4.263565891472866423e-03 1.244186046511627369e-01 8.139534883720926650e-03 3.337209302325579441e-01 3.875968992248060335e-04 4.263565891472866423e-03 3.875968992248060335e-04 3.875968992248060335e-04 3.875968992248060335e-04 3.875968992248060335e-04 3.875968992248060335e-04 3.875968992248060335e-04 3.875968992248060335e-04
1.366366366366366346e-02 1.651651651651651767e-03 1.501501501501501705e-04 2.178678678678678537e-01 1.966966966966966768e-02 1.501501501501501705e-04 1.501501501501501705e-04 4.654654654654654528e-03 1.066066066066066048e-02 1.501501501501501705e-04 3.018018018018018070e-02 1.501501501501501705e-04 1.501501501501501705e-04 6.621621621621621989e-02 2.417417417417417475e-02 1.501501501501501705e-04 4.519519519519520079e-02 1.501501501501501705e-04 9.624624624624623925e-02 1.501501501501501705e-04 1.501501501501501705e-04 2.567567567567567710e-02 9.774774774774773467e-02 1.501501501501501705e-04 2.734234234234234062e-01 1.651651651651651767e-03 1.501501501501501705e-04 1.066066066066066048e-02 5.870870870870870811e-02 1.501501501501501705e-04
7.297019527235353541e-03 1.027749229188077996e-04 4.213771839671119797e-03 1.027749229188077996e-04 1.027749229188077996e-04 1.027749229188077996e-04 7.615621788283657989e-02 1.027749229188077996e-04 1.275436793422404791e-01 2.887975334018499235e-02 1.027749229188077996e-04 1.027749229188077996e-04 3.186022610483041882e-03 3.196300102774922436e-02 3.607399794450153602e-02 1.027749229188077996e-04 1.027749229188077996e-04 8.324768756423430588e-03 1.367934224049331682e-01 1.027749229188077996e-04 1.757451181911613355e-02 1.027749229188077996e-04 2.158273381294963968e-03 1.027749229188077996e-04 2.447070914696813648e-01 1.027749229188077996e-04 1.027749229188077996e-04 2.097636176772867123e-01 5.046248715313463029e-02 1.346351490236382190e-02
1.033057851239669396e-04 1.136363636363636308e-03 1.033057851239669396e-04 2.139462809917355157e-01 4.235537190082643358e-03 1.136363636363636308e-03 1.033057851239669396e-04 1.869834710743801739e-02 5.382231404958677523e-02 1.136363636363636308e-03 1.033057851239669396e-04 1.456611570247933612e-02 1.033057851239669396e-04 6.208677685950412389e-02 4.142561983471074183e-02 1.033057851239669396e-04 1.136363636363636308e-03 9.400826446280990609e-03 1.271694214876032958e-01 1.033057851239669396e-04 2.902892561983470843e-02 1.033057851239669396e-04 1.033057851239669396e-04 1.136363636363636308e-03 2.748966942148760029e-01 1.136363636363636308e-03 1.136363636363636308e-03 3.109504132231404733e-02 1.096074380165289047e-01 1.136363636363636308e-03
1.734374999999999459e-02 3.281249999999999011e-03 1.562499999999999490e-04 1.109374999999999598e-02 1.562499999999999490e-04 3.281249999999999011e-03 1.939062499999999190e-01 1.251562499999999412e-01 1.562499999999999490e-04 4.843749999999998231e-03 1.562499999999999490e-04 1.562499999999999490e-04 1.562499999999999490e-04 1.562499999999999490e-04 4.564062499999998468e-01 1.562499999999999490e-04 1.562499999999999490e-04 1.562499999999999490e-04 1.142187499999999523e-01 1.562499999999999490e-04 1.562499999999999490e-04 1.562499999999999490e-04 1.562499999999999490e-04 3.281249999999999011e-03 4.859374999999998418e-02 1.562499999999999490e-04 1.562499999999999490e-04 4.843749999999998231e-03 1.109374999999999598e-02 1.562499999999999490e-04
2.887975334018498888e-02 1.027749229188077860e-04 1.027749229188077860e-04 5.765673175745116702e-02 1.130524152106885836e-03 1.027749229188077860e-04 3.032887975334018216e-01 1.027749229188077860e-04 1.140801644398766433e-02 5.241521068859196844e-03 1.027749229188077860e-04 3.186022610483041449e-03 1.027749229188077860e-04 3.258992805755395183e-01 4.213771839671118929e-03 1.027749229188077860e-04 1.027749229188077860e-04 1.027749229188077860e-04 1.912641315519012786e-01 1.027749229188077860e-04 1.027749229188077860e-04 1.027749229188077860e-04 1.027749229188077860e-04 1.027749229188077860e-04 5.971223021582732632e-02 1.027749229188077860e-04 1.027749229188077860e-04 1.027749229188077860e-04 5.241521068859196844e-03 1.130524152106885836e-03
1.560062402496099573e-04 1.560062402496099573e-04 3.447737909516380289e-02 7.971918876755068606e-02 1.560062402496099573e-04 1.560062402496099573e-04 2.043681747269890381e-02 7.659906396255848626e-02 6.396255850234007327e-03 3.915756630265210259e-02 1.560062402496099573e-04 1.560062402496099573e-04 1.560062402496099573e-04 1.015600624024960708e-01 1.560062402496099573e-04 1.560062402496099573e-04 1.560062402496099573e-04 1.575663026521060411e-02 1.670826833073322526e-01 7.956318252730108093e-03 2.043681747269890381e-02 6.099843993759749422e-02 2.794071762870514175e-01 1.560062402496099573e-04 8.595943837753508565e-02 1.560062402496099573e-04 1.716068642745709584e-03 1.560062402496099573e-04 1.560062402496099573e-04 1.560062402496099573e-04
3.552941176470587187e-02 2.352941176470587758e-04 2.352941176470587758e-04 1.084705882352940964e-01 2.352941176470587758e-04 2.352941176470587758e-04 6.847058823529410254e-02 2.352941176470587758e-04 2.352941176470587758e-04 2.352941176470587758e-04 2.352941176470587758e-04 2.588235294117646398e-03 2.352941176470587758e-04 2.352941176470587758e-04 3.082352941176469754e-02 2.352941176470587758e-04 2.352941176470587758e-04 2.352941176470587758e-04 2.096470588235293531e-01 2.352941176470587758e-04 7.294117647058821589e-03 2.376470588235293432e-02 2.588235294117646398e-03 2.352941176470587758e-04 4.049411764705881378e-01 2.352941176470587758e-04 2.352941176470587758e-04 3.082352941176469754e-02 7.082352941176468797e-02 2.352941176470587758e-04
1.392059553349875578e-01 2.729528535980148447e-03 5.210918114143919290e-03 4.243176178660048453e-02 2.481389578163771168e-04 2.729528535980148447e-03 2.481389578163771168e-04 2.481389578163771168e-04 2.481389578163771168e-04 2.481389578163771168e-04 2.481389578163771168e-04 3.250620347394540116e-02 2.481389578163771168e-04 4.419354838709675937e-01 2.009925558312654348e-02 2.481389578163771168e-04 2.481389578163771168e-04 2.481389578163771168e-04 1.714640198511165614e-01 2.481389578163771168e-04 2.481389578163771168e-04 2.481389578163771168e-04 3.250620347394540116e-02 2.481389578163771168e-04 4.243176178660048453e-02 2.481389578163771168e-04 2.481389578163771168e-04 2.481389578163771168e-04 2.481389578163771168e-04 6.228287841191065821e-02
2.475247524752474735e-04 2.475247524752474735e-04 1.262376237623761936e-02 2.475247524752474735e-04 2.475247524752474735e-04 2.499999999999999098e-02 2.004950495049504303e-02 2.475247524752474735e-04 3.195544554455444497e-01 4.232673267326731575e-02 2.475247524752474735e-04 2.475247524752474735e-04 2.475247524752474735e-04 5.198019801980196565e-03 4.727722772277227065e-02 5.198019801980196565e-03 2.499999999999999098e-02 2.995049504950494240e-02 1.759900990099009244e-01 2.004950495049504303e-02 1.262376237623761936e-02 1.165841584158415489e-01 2.475247524752474735e-04 2.475247524752474735e-04 3.985148514851484525e-02 2.475247524752474735e-04 2.475247524752474735e-04 1.757425742574256905e-02 5.222772277227721860e-02 2.995049504950494240e-02
2.732426303854875241e-02 1.247165532879818562e-03 1.133786848072562280e-04 2.846938775510203801e-01 7.154195011337867449e-02 1.133786848072562280e-04 1.133786848072562280e-04 1.247165532879818562e-03 1.133786848072562280e-04 1.133786848072562280e-04 1.133786848072562280e-04 1.133786848072562280e-04 1.133786848072562280e-04 1.112244897959183410e-01 1.133786848072562280e-04 1.133786848072562280e-04 1.133786848072562280e-04 1.133786848072562280e-04 9.988662131519272791e-02 1.133786848072562280e-04 1.133786848072562280e-04 5.782312925170066814e-03 3.514739229024942905e-03 1.133786848072562280e-04 1.939909297052153925e-01 1.133786848072562280e-04 1.133786848072562280e-04 2.380952380952380733e-03 1.951247165532879468e-01 1.133786848072562280e-04
2.747252747252746708e-04 2.747252747252746708e-04 2.747252747252746708e-04 2.585164835164834307e-01 2.747252747252746708e-04 2.747252747252746708e-04 2.747252747252746708e-04 2.747252747252746708e-04 2.747252747252746708e-04 2.832417582417581237e-01 2.747252747252746708e-04 1.950549450549449865e-02 2.747252747252746708e-04 1.675824175824175075e-02 2.747252747252746708e-04 2.747252747252746708e-04 2.747252747252746708e-04 2.747252747252746708e-04 7.170329670329668448e-02 2.747252747252746708e-04 1.156593406593406231e-01 1.950549450549449865e-02 1.321428571428571175e-01 2.747252747252746708e-04 3.873626373626372354e-02 2.747252747252746708e-04 2.774725274725273888e-02 1.126373626373625841e-02 2.747252747252746708e-04 2.747252747252746708e-04
3.846153846153844524e-04 1.576923076923076109e-02 4.230769230769228922e-03 1.157692307692307215e-01 3.846153846153844524e-04 4.230769230769228922e-03 2.730769230769229325e-02 3.846153846153844524e-04 3.846153846153844524e-04 3.846153846153844524e-04 3.846153846153844524e-04 3.846153846153844524e-04 4.230769230769228922e-03 2.196153846153845179e-01 3.846153846153844524e-04 4.230769230769228922e-03 3.846153846153844524e-04 8.076923076923073555e-03 1.619230769230768641e-01 3.846153846153844524e-04 2.730769230769229325e-02 3.846153846153844524e-04 2.542307692307690936e-01 3.846153846153844524e-04 1.426923076923076461e-01 3.846153846153844524e-04 4.230769230769228922e-03 3.846153846153844524e-04 3.846153846153844524e-04 3.846153846153844524e-04
1.507430997876857241e-02 2.123142250530785091e-04 2.123142250530785091e-04 2.123142250530785091e-04 2.123142250530785091e-04 2.123142250530785091e-04 2.123142250530785091e-04 2.123142250530785091e-04 2.123142250530785091e-04 2.123142250530785091e-04 2.123142250530785091e-04 1.042462845010615480e-01 2.123142250530785091e-04 1.573248407643311475e-01 2.123142250530785091e-04 2.781316348195328469e-02 2.123142250530785091e-04 8.704883227176217139e-03 1.955414012738852791e-01 2.123142250530785091e-04 3.842887473460721015e-02 2.123142250530785091e-04 2.123142250530785091e-04 2.356687898089171451e-02 1.530785562632695773e-01 2.123142250530785091e-04 3.205944798301485488e-02 2.123142250530785091e-04 2.401273885350317661e-01 2.123142250530785091e-04
3.256172839506172451e-02 1.543209876543209574e-04 1.543209876543209574e-04 1.097222222222221932e-01 8.966049382716048677e-02 1.697530864197530640e-03 1.112654320987654100e-01 3.873456790123456367e-02 1.543209876543209574e-04 1.543209876543209574e-04 2.947530864197530492e-02 1.543209876543209574e-04 1.543209876543209574e-04 8.966049382716048677e-02 1.543209876543209574e-04 3.719135802469135388e-02 1.543209876543209574e-04 1.543209876543209574e-04 1.220679012345678716e-01 1.543209876543209574e-04 2.793209876543209513e-02 1.543209876543209574e-04 1.560185185185184731e-01 1.543209876543209574e-04 1.236111111111110744e-01 1.543209876543209574e-04 1.543209876543209574e-04 2.793209876543209513e-02 1.543209876543209574e-04 1.543209876543209574e-04
2.897959183673469788e-02 4.081632653061225725e-04 4.081632653061225725e-04 4.081632653061225725e-04 4.489795918367348732e-03 4.489795918367348732e-03 5.473469387755103277e-01 6.163265306122450021e-02 4.489795918367348732e-03 8.571428571428573590e-03 2.897959183673469788e-02 8.571428571428573590e-03 4.081632653061225725e-04 4.081632653061225725e-04 2.081632653061224816e-02 4.081632653061225725e-04 4.081632653061225725e-04 4.081632653061225725e-04 4.938775510204082564e-02 4.081632653061225725e-04 4.081632653061225725e-04 4.081632653061225725e-04 8.571428571428573590e-03 4.489795918367348732e-03 2.126530612244898477e-01 4.081632653061225725e-04 4.081632653061225725e-04 4.081632653061225725e-04 4.081632653061225725e-04 4.081632653061225725e-04
1.686340640809443254e-04 3.541315345699830915e-03 1.686340640809443254e-04 5.227655986509273899e-03 1.686340640809443254e-04 1.686340640809443254e-04 3.003372681281618051e-01 6.256323777403034747e-02 1.686340640809443254e-04 1.686340640809443254e-04 6.424957841483978915e-02 1.686340640809443254e-04 1.686340640809443254e-04 1.789207419898819207e-01 6.256323777403034747e-02 6.913996627318716448e-03 1.686340640809443254e-04 1.703204047217537695e-02 2.143338954468802238e-01 1.686340640809443254e-04 3.541315345699830915e-03 1.854974704890387715e-03 3.541315345699830915e-03 1.686340640809443254e-04 2.883642495784147913e-02 3.895446880269814310e-02 1.686340640809443254e-04 5.227655986509273899e-03 1.686340640809443254e-04 1.686340640809443254e-04
1.042584434654918873e-02 1.468428781204111303e-04 1.615271659324522434e-03 1.468428781204111303e-04 1.468428781204111303e-04 3.083700440528633520e-03 1.468428781204111303e-04 3.966226138032304394e-01 1.468428781204111303e-04 1.468428781204111303e-04 1.468428781204111303e-04 1.468428781204111303e-04 1.468428781204111303e-04 1.468428781204111303e-04 2.879588839941261691e-01 1.468428781204111303e-04 7.488986784140966128e-03 4.273127753303963827e-02 6.622613803230541218e-02 1.468428781204111303e-04 4.566813509544785654e-02 1.073421439060205096e-01 1.468428781204111303e-04 1.468428781204111303e-04 1.468428781204111303e-04 2.511013215859030090e-02 1.468428781204111303e-04 3.083700440528633520e-03 1.468428781204111303e-04 1.468428781204111303e-04
5.072829131652659695e-01 3.389355742296917828e-02 2.801120448179270973e-04 2.801120448179270973e-04 1.515406162464985607e-01 2.801120448179270973e-04 3.109243697478990612e-02 8.683473389355739203e-03 2.801120448179270973e-04 8.683473389355739203e-03 2.801120448179270973e-04 2.801120448179270973e-04 2.801120448179270973e-04 2.047619047619046728e-01 3.081232492997198341e-03 2.801120448179270973e-04 1.148459383753500963e-02 2.801120448179270973e-04 2.801120448179270973e-04 5.882352941176468772e-03 2.801120448179270973e-04 2.801120448179270973e-04 2.801120448179270973e-04 1.428571428571428006e-02 2.801120448179270973e-04 2.801120448179270973e-04 2.801120448179270973e-04 2.801120448179270973e-04 2.801120448179270973e-04 1.428571428571428006e-02
8.379629629629631316e-02 4.629629629629630348e-04 4.629629629629630348e-04 4.629629629629630348e-04 3.287037037037037618e-02 4.212962962962963492e-02 4.629629629629630348e-04 3.384259259259259633e-01 4.629629629629630348e-04 9.722222222222224111e-03 4.675925925925926430e-02 4.629629629629630348e-04 4.629629629629630348e-04 3.287037037037037618e-02 1.162037037037037257e-01 9.722222222222224111e-03 3.287037037037037618e-02 5.138888888888889367e-02 7.916666666666667684e-02 4.629629629629630348e-04 4.629629629629630348e-04 4.629629629629630348e-04 4.629629629629630348e-04 4.629629629629630348e-04 1.069444444444444670e-01 4.629629629629630348e-04 5.092592592592593871e-03 4.629629629629630348e-04 4.629629629629630348e-04 5.092592592592593871e-03
4.366812227074236990e-04 4.366812227074236990e-04 4.366812227074236990e-04 9.170305676855897842e-03 3.973799126637555384e-02 4.366812227074236990e-04 4.366812227074236990e-04 4.366812227074236990e-04 4.366812227074236990e-04 4.366812227074236990e-04 4.366812227074236990e-04 9.170305676855897842e-03 4.366812227074236990e-04 3.017467248908297650e-01 4.366812227074236990e-04 3.934497816593887087e-01 4.366812227074236990e-04 4.366812227074236990e-04 1.663755458515284447e-01 2.227074235807860805e-02 1.790393013100436900e-02 4.366812227074236990e-04 4.366812227074236990e-04 4.366812227074236990e-04 2.663755458515284363e-02 4.366812227074236990e-04 4.366812227074236990e-04 4.366812227074236990e-04 4.366812227074236990e-04 4.803493449781661394e-03
1.578856152512998212e-01 1.422876949740034536e-01 1.577123050259965353e-02 1.093587521663778178e-01 7.989601386481802459e-02 1.733102253032929010e-04 1.733102253032929010e-04 1.733102253032929010e-04 1.733102253032929010e-04 1.733102253032929010e-04 1.577123050259965353e-02 3.639514731369150949e-03 1.733102253032929010e-04 1.561525129982668791e-01 1.733102253032929010e-04 1.906412478336221884e-03 1.906412478336221884e-03 1.733102253032929010e-04 6.949740034662045540e-02 1.733102253032929010e-04 1.578856152512998212e-01 1.733102253032929010e-04 1.733102253032929010e-04 1.733102253032929010e-04 7.469670710571923999e-02 1.733102253032929010e-04 1.733102253032929010e-04 1.733102253032929010e-04 1.733102253032929010e-04 1.057192374350086547e-02
1.332681017612523944e-01 4.109589041095890009e-03 8.023483365949116153e-03 1.193737769080234490e-02 1.956947162426614264e-04 1.956947162426614264e-04 2.545988258317024577e-01 1.956947162426614264e-04 8.023483365949116153e-03 1.956947162426614264e-04 1.956947162426614264e-04 1.956947162426614264e-04 1.956947162426614264e-04 9.021526418786690593e-02 2.152641878669275637e-03 1.780821917808218802e-02 1.956947162426614264e-04 1.956947162426614264e-04 1.176125244618395072e-01 1.956947162426614264e-04 2.954990215264187078e-02 3.737769080234833174e-02 1.234833659491193503e-01 1.956947162426614264e-04 1.587084148727983812e-01 1.956947162426614264e-04 1.956947162426614264e-04 1.956947162426614264e-04 1.956947162426614264e-04 1.956947162426614264e-04
9.633911368015414414e-05 9.633911368015414414e-05 2.707129094412331557e-02 9.730250481695568165e-03 9.633911368015414414e-05 2.418111753371869274e-02 9.633911368015414414e-05 2.899807321772639862e-02 9.633911368015414414e-05 1.165703275529865121e-02 9.633911368015414414e-05 2.390173410404624332e-01 1.059730250481695762e-03 3.035645472061657135e-01 9.633911368015414414e-05 9.633911368015414414e-05 9.633911368015414414e-05 2.023121387283237285e-03 2.332369942196531876e-01 9.633911368015414414e-05 9.633911368015414414e-05 2.023121387283237285e-03 9.633911368015414414e-05 9.633911368015414414e-05 9.633911368015414414e-05 9.633911368015414414e-05 1.262042389210019273e-02 5.876685934489402074e-03 9.739884393063583112e-02 9.633911368015414414e-05
8.557046979865770564e-03 1.845637583892617648e-03 1.677852348993288771e-04 1.191275167785234811e-02 1.694630872483221529e-02 6.560402684563758358e-02 1.427852348993288445e-01 1.830536912751677681e-01 3.523489932885905986e-03 1.677852348993288771e-04 1.260067114093959550e-01 1.677852348993288771e-04 1.677852348993288771e-04 8.573825503355704536e-02 8.909395973154363157e-02 2.197986577181208073e-02 1.845637583892617648e-03 8.557046979865770564e-03 1.310402684563758413e-01 1.677852348993288771e-04 1.677852348993288771e-04 1.677852348993288771e-04 7.231543624161074213e-02 1.677852348993288771e-04 2.701342281879194965e-02 1.677852348993288771e-04 1.677852348993288771e-04 1.677852348993288771e-04 1.677852348993288771e-04 1.677852348993288771e-04
