3.164556962025315431e-04 3.164556962025315431e-04 3.164556962025315431e-04 3.164556962025315431e-04 3.164556962025315431e-04 3.164556962025315431e-04 3.164556962025315431e-04 2.376582278481011723e-01 3.164556962025315431e-04 3.829113924050631113e-02 3.164556962025315431e-04 3.164556962025315431e-04 3.164556962025315431e-04 3.164556962025315431e-04 3.481012658227847136e-03 3.164556962025315431e-04 3.832278481012656446e-01 1.174050632911392000e-01 9.810126582278477780e-03 3.164556962025315431e-04 3.164556962025315431e-04 3.164556962025315431e-04 1.930379746835442223e-02 3.164556962025315431e-04 3.164556962025315431e-04 3.164556962025315431e-04 9.208860759493668613e-02 9.208860759493668613e-02 3.164556962025315431e-04 3.164556962025315431e-04
7.526881720430106219e-03 3.584229390681003039e-04 3.584229390681003039e-04 1.827956989247311176e-02 3.584229390681003039e-04 3.584229390681003039e-04 2.544802867383512066e-02 5.412186379928313890e-02 3.584229390681003039e-04 1.258064516129032140e-01 3.584229390681003039e-04 3.584229390681003039e-04 3.584229390681003039e-04 1.111111111111110980e-02 1.469534050179211078e-02 2.548387096774192839e-01 3.584229390681003039e-04 2.046594982078852598e-01 3.942652329749103506e-03 3.584229390681003039e-04 3.584229390681003039e-04 3.584229390681003039e-04 2.186379928315411447e-02 1.007168458781361881e-01 3.584229390681003039e-04 2.186379928315411447e-02 1.222222222222222043e-01 3.584229390681003039e-04 3.942652329749103506e-03 3.942652329749103506e-03
4.219409282700423104e-04 4.219409282700423104e-04 4.219409282700423104e-04 2.071729957805907851e-01 4.219409282700423104e-04 4.219409282700423104e-04 2.151898734177215555e-02 4.219409282700423104e-04 4.219409282700423104e-04 5.527426160337554212e-02 1.860759493670886555e-01 6.371308016877638702e-02 4.219409282700423104e-04 4.219409282700423104e-04 4.219409282700423104e-04 2.151898734177215555e-02 4.219409282700423104e-04 2.071729957805907851e-01 4.219409282700423104e-04 4.219409282700423104e-04 4.641350210970465739e-03 8.059071729957809072e-02 4.219409282700423104e-04 4.219409282700423104e-04 2.995780590717300046e-02 4.219409282700423104e-04 4.219409282700423104e-04 1.143459915611814703e-01 4.219409282700423104e-04 4.219409282700423104e-04
1.510574018126887674e-04 1.827794561933534026e-02 1.510574018126887674e-04 6.193353474320238868e-03 7.703927492447126650e-03 1.510574018126887674e-04 1.827794561933534026e-02 3.172205438066464170e-03 1.827794561933534026e-02 1.632930513595165500e-01 2.129909365558911583e-02 1.510574018126887674e-04 1.510574018126887674e-04 2.583081570996978091e-02 1.510574018126887674e-04 1.525679758308156470e-02 1.510574018126887674e-04 1.510574018126887674e-04 1.661631419939576604e-03 4.487915407854983774e-01 1.510574018126887674e-04 6.193353474320238868e-03 5.604229607250753309e-02 1.661631419939576604e-03 2.734138972809667043e-02 1.510574018126887674e-04 9.833836858006038406e-02 5.906344410876131212e-02 1.510574018126887674e-04 1.661631419939576604e-03
1.173708920187793128e-04 1.185446009389671054e-02 1.173708920187793128e-04 1.173708920187793128e-04 5.058685446009388714e-02 1.537558685446008960e-02 1.173708920187793128e-04 1.173708920187793128e-04 2.464788732394365516e-03 2.595070422535210586e-01 3.217136150234741199e-01 1.173708920187793128e-04 6.936619718309856852e-02 2.124413145539905817e-02 1.173708920187793128e-04 2.464788732394365516e-03 3.638497652582158969e-03 1.291079812206572495e-03 1.173708920187793128e-04 1.772300469483567564e-02 1.173708920187793128e-04 9.753521126760560100e-02 1.302816901408450356e-02 1.068075117370891752e-02 4.471830985915491857e-02 1.173708920187793128e-04 1.173708920187793128e-04 4.002347417840374649e-02 1.302816901408450356e-02 2.464788732394365516e-03
2.309468822170900114e-04 2.540415704387990505e-03 2.309468822170900114e-04 2.309468822170900114e-04 2.309468822170900114e-04 2.309468822170900114e-04 2.332563510392609077e-02 2.540415704387990505e-03 3.718244803695149731e-02 1.480369515011546733e-01 7.182448036951499803e-02 2.309468822170900114e-04 2.309468822170900114e-04 4.642032332563509472e-02 2.309468822170900114e-04 2.309468822170900114e-04 7.159353348729790081e-03 2.309468822170900114e-04 2.309468822170900114e-04 4.459584295612007976e-01 2.309468822170900114e-04 4.180138568129329601e-02 2.309468822170900114e-04 2.309468822170900114e-04 4.849884526558890727e-03 2.563510392609699012e-02 7.413394919168589392e-02 4.642032332563509472e-02 4.849884526558890727e-03 1.408775981524248988e-02
2.881844380403458350e-04 6.051873198847262589e-03 2.881844380403458350e-04 2.622478386167146833e-02 2.881844380403458350e-04 2.881844380403458350e-04 6.945244956772335387e-02 2.881844380403458350e-04 2.881844380403458350e-04 1.040345821325648484e-01 2.881844380403458350e-04 2.881844380403458350e-04 2.881844380403458350e-04 8.933717579250721047e-03 2.881844380403458350e-04 2.881844380403458350e-04 2.881844380403458350e-04 2.250720461095100655e-01 2.881844380403458350e-04 1.097982708933717688e-01 2.881844380403458350e-04 2.881844380403458350e-04 1.703170028818443982e-01 3.170028818443804131e-03 2.881844380403458350e-04 2.881844380403458350e-04 2.881844380403458350e-04 2.711815561959654008e-01 2.881844380403458350e-04 2.881844380403458350e-04
2.141327623126337962e-04 2.141327623126337962e-04 1.306209850107066008e-02 2.141327623126337962e-04 4.496788008565309747e-03 2.141327623126337962e-04 3.661670235546037738e-02 2.141327623126337962e-04 4.304068522483939230e-02 1.629550321199143004e-01 2.355460385438971731e-03 2.355460385438971731e-03 2.141327623126337962e-04 4.496788008565309747e-03 2.141327623126337962e-04 2.141327623126337962e-04 2.141327623126337962e-04 8.158458244111346791e-02 2.141327623126337962e-04 2.978586723768735789e-01 2.141327623126337962e-04 2.141327623126337962e-04 1.501070663811562567e-01 2.141327623126337962e-04 2.141327623126337962e-04 2.141327623126337962e-04 3.875802997858671800e-02 1.586723768736616191e-01 2.141327623126337962e-04 2.141327623126337962e-04
1.383125864453664978e-04 1.383125864453664978e-04 1.383125864453664978e-04 2.365145228215767212e-02 1.383125864453664978e-04 1.383125864453664978e-04 2.933609958506223081e-01 1.383125864453664978e-04 1.383125864453664978e-04 1.854771784232364384e-01 2.226832641770400481e-02 7.482710926694327580e-02 1.383125864453664978e-04 1.811894882434300982e-02 1.383125864453664978e-04 1.383125864453664978e-04 1.383125864453664978e-04 4.439834024896264358e-02 1.383125864453664978e-04 8.450899031811892614e-02 2.088520055325033750e-02 1.383125864453664978e-04 8.312586445366526577e-02 1.383125864453664978e-04 7.053941908713690437e-03 1.383125864453664978e-04 3.195020746887965862e-02 1.080221300138312218e-01 1.383125864453664978e-04 1.383125864453664978e-04
6.578947368421054652e-04 6.578947368421054652e-04 6.578947368421054652e-04 6.578947368421054652e-04 7.236842105263159575e-03 6.578947368421054652e-04 6.578947368421054652e-04 3.625000000000000999e-01 6.578947368421054652e-04 2.697368421052631984e-02 1.381578947368421358e-02 6.578947368421054652e-04 6.578947368421054652e-04 6.578947368421054652e-04 5.328947368421053238e-02 6.578947368421054652e-04 2.901315789473684625e-01 1.059210526315789713e-01 6.578947368421054652e-04 6.578947368421054652e-04 6.578947368421054652e-04 1.381578947368421358e-02 1.381578947368421358e-02 7.236842105263159575e-03 6.578947368421054652e-04 6.578947368421054652e-04 6.578947368421054652e-04 9.276315789473685292e-02 6.578947368421054652e-04 6.578947368421054652e-04
1.934235976789167965e-04 1.934235976789167965e-04 1.934235976789167965e-04 1.934235976789167965e-04 1.373307543520309142e-02 1.934235976789167965e-04 3.500967117988394023e-02 1.897485493230173514e-01 1.934235976789167965e-04 3.887814313346227985e-02 2.533849129593809812e-02 1.934235976789167965e-04 1.934235976789167965e-04 2.127659574468084708e-03 1.934235976789167965e-04 1.934235976789167965e-04 1.762088974854931767e-01 2.671179883945840605e-01 1.934235976789167965e-04 1.934235976789167965e-04 1.934235976789167965e-04 4.661508704061894520e-02 2.127659574468084708e-03 1.934235976789167965e-04 7.369439071566730171e-02 1.934235976789167965e-04 1.934235976789167965e-04 1.239845261121856473e-01 1.934235976789167965e-04 2.127659574468084708e-03
1.672240802675584929e-04 1.672240802675584929e-04 1.672240802675584929e-04 1.672240802675584929e-04 1.672240802675584929e-04 1.672240802675584929e-04 5.869565217391303769e-02 1.672240802675584929e-04 1.672240802675584929e-04 1.506688963210701948e-01 1.672240802675584929e-04 5.183946488294313877e-03 1.672240802675584929e-04 1.672240802675584929e-04 7.207357859531771105e-02 3.346153846153845368e-01 1.672240802675584929e-04 3.528428093645484542e-02 1.672240802675584929e-04 2.326086956521738469e-01 1.672240802675584929e-04 1.672240802675584929e-04 1.354515050167223733e-02 5.183946488294313877e-03 1.672240802675584929e-04 3.511705685618728406e-03 7.374581939799329522e-02 1.672240802675584929e-04 1.672240802675584929e-04 1.187290969899665316e-02
3.703703703703704062e-04 7.777777777777778422e-03 3.703703703703704062e-04 5.962962962962963659e-02 6.333333333333333870e-02 4.851851851851851638e-02 3.703703703703704062e-04 4.481481481481481427e-02 1.148148148148148140e-02 1.596296296296296213e-01 3.703703703703704062e-04 3.703703703703704062e-04 4.074074074074074577e-03 2.999999999999999889e-02 3.703703703703704062e-04 2.999999999999999889e-02 1.148148148148148140e-02 3.299999999999999600e-01 3.703703703703704062e-04 7.777777777777778422e-03 3.703703703703704062e-04 3.703703703703704062e-04 3.703703703703704062e-04 3.703703703703704062e-04 3.703703703703704062e-04 3.703703703703704062e-04 2.259259259259259120e-02 4.074074074074074577e-03 3.703703703703704062e-04 1.596296296296296213e-01
3.246753246753245666e-04 3.571428571428570450e-03 3.246753246753245666e-04 2.954545454545453448e-02 3.571428571428570450e-03 3.246753246753245666e-04 6.853896103896101044e-01 3.246753246753245666e-04 3.246753246753245666e-04 1.983766233766233178e-01 3.246753246753245666e-04 3.246753246753245666e-04 3.246753246753245666e-04 3.246753246753245666e-04 3.246753246753245666e-04 3.246753246753245666e-04 3.246753246753245666e-04 3.246753246753245666e-04 3.246753246753245666e-04 3.246753246753245666e-04 3.246753246753245666e-04 3.246753246753245666e-04 3.246753246753245666e-04 3.246753246753245666e-04 3.246753246753245666e-04 3.246753246753245666e-04 3.246753246753245666e-04 3.571428571428570450e-03 6.850649350649348768e-02 3.246753246753245666e-04
3.984063745019921009e-04 3.984063745019921009e-04 3.984063745019921009e-04 4.382470119521913489e-03 3.984063745019921009e-04 4.382470119521913489e-03 8.804780876494025521e-02 8.406374501992033843e-02 3.984063745019921009e-04 8.406374501992033843e-02 3.984063745019921009e-04 1.438247011952191456e-01 3.984063745019921009e-04 3.984063745019921009e-04 3.984063745019921009e-04 3.984063745019921009e-04 3.984063745019921009e-04 2.828685258964143759e-02 3.984063745019921009e-04 1.557768924302788960e-01 3.984063745019921009e-04 3.984063745019921009e-04 2.633466135458167323e-01 3.984063745019921009e-04 3.984063745019921009e-04 3.984063745019921009e-04 1.318725099601593953e-01 3.984063745019921009e-04 4.382470119521913489e-03 3.984063745019921009e-04
3.875968992248061420e-04 3.875968992248061420e-04 3.875968992248061420e-04 1.201550387596899035e-02 3.875968992248061420e-04 3.914728682170541540e-02 1.976744186046510907e-02 3.875968992248061420e-04 3.875968992248061420e-04 7.015503875968991110e-02 3.875968992248061420e-04 1.205426356589147097e-01 8.178294573643409004e-02 4.263565891472867291e-03 3.875968992248061420e-04 3.875968992248061420e-04 3.914728682170541540e-02 3.875968992248061420e-04 3.875968992248061420e-04 3.527131782945735344e-02 3.875968992248061420e-04 3.875968992248061420e-04 3.875968992248061420e-04 4.263565891472867291e-03 3.802325581395347709e-01 3.875968992248061420e-04 8.953488372093021397e-02 9.728682170542633789e-02 3.875968992248061420e-04 3.875968992248061420e-04
2.222222222222221516e-04 2.222222222222221516e-04 2.222222222222221516e-04 2.222222222222221516e-04 2.222222222222221516e-04 2.222222222222221516e-04 1.002222222222221848e-01 2.222222222222221516e-04 2.466666666666665619e-02 8.466666666666664010e-02 2.222222222222221516e-04 7.355555555555552683e-02 2.222222222222221516e-04 2.022222222222221436e-02 1.355555555555554986e-02 6.888888888888886237e-03 2.222222222222221516e-04 2.222222222222221516e-04 2.222222222222221516e-04 3.335555555555554386e-01 2.222222222222221516e-04 9.111111111111106289e-03 9.799999999999996214e-02 2.222222222222221516e-04 2.222222222222221516e-04 2.222222222222221516e-04 1.135555555555555207e-01 1.179999999999999521e-01 2.222222222222221516e-04 2.222222222222221516e-04
4.975124378109454593e-04 4.975124378109454593e-04 4.975124378109454593e-04 4.975124378109454593e-04 2.039800995024875982e-02 4.975124378109454593e-04 5.472636815920400161e-03 2.791044776119404047e-01 4.975124378109454593e-04 7.512437810945275796e-02 4.975124378109454593e-04 4.527363184079603170e-02 4.975124378109454593e-04 4.975124378109454593e-04 4.975124378109454593e-04 5.472636815920400161e-03 2.293532338308458540e-01 1.597014925373134719e-01 4.975124378109454593e-04 4.975124378109454593e-04 4.975124378109454593e-04 4.975124378109454593e-04 4.975124378109454593e-04 4.975124378109454593e-04 1.049751243781094912e-01 5.472636815920400161e-03 5.472636815920400161e-03 5.522388059701494045e-02 4.975124378109454593e-04 4.975124378109454593e-04
5.008912655971478611e-02 1.782531194295899858e-04 3.404634581105168978e-02 1.443850267379678809e-02 1.443850267379678809e-02 5.008912655971478611e-02 1.285204991087343651e-01 1.782531194295899858e-04 3.743315508021389810e-03 1.623885918003564743e-01 1.622103386809268730e-02 1.463458110516933641e-01 1.782531194295899858e-04 1.782531194295899858e-04 5.900178253119428562e-02 1.782531194295899858e-04 1.782531194295899858e-04 1.124777183600712827e-01 1.782531194295899858e-04 1.782531194295899858e-04 1.782531194295899858e-04 1.782531194295899858e-04 1.089126559714794773e-01 1.782531194295899858e-04 1.782531194295899858e-04 2.869875222816398869e-02 5.721925133689838988e-02 1.782531194295899858e-04 1.782531194295899858e-04 1.087344028520498794e-02
2.012072434607645015e-04 1.227364185110663315e-02 2.012072434607645015e-04 8.249496981891342798e-03 2.434607645875250248e-02 2.012072434607645015e-04 1.428571428571427833e-02 2.012072434607645015e-04 4.044265593561366390e-02 1.249496981891347613e-01 5.050301810865188978e-02 3.440643863179072837e-02 1.026156941649898797e-02 9.879275653923537404e-02 1.629778672032192177e-02 5.251509054325953496e-02 8.249496981891342798e-03 2.012072434607645015e-04 2.012072434607645015e-04 3.684104627766597861e-01 6.237424547283699355e-03 1.830985915492956695e-02 6.237424547283699355e-03 2.012072434607645015e-04 2.012072434607645015e-04 2.012072434607645015e-04 1.629778672032192177e-02 8.470824949698185780e-02 2.012072434607645015e-04 2.213279678068409435e-03
1.845018450184501520e-04 1.845018450184501520e-04 1.845018450184501520e-04 1.845018450184501520e-04 4.630996309963098662e-02 1.845018450184501520e-04 1.845018450184501520e-04 1.845018450184501520e-04 2.029520295202951862e-03 1.717712177121770711e-01 6.660516605166050264e-02 1.845018450184501520e-04 1.125461254612545800e-02 3.708487084870848438e-02 2.029520295202951862e-03 3.009225092250921718e-01 1.845018450184501520e-04 1.845018450184501520e-04 1.845018450184501520e-04 1.238007380073800345e-01 3.874538745387453437e-03 1.845018450184501520e-04 1.845018450184501520e-04 2.029520295202951862e-03 1.845018450184501520e-04 4.815498154981549123e-02 8.690036900369002559e-02 8.874538745387451633e-02 3.874538745387453437e-03 2.029520295202951862e-03
2.645502645502644597e-04 2.910052910052909544e-03 2.645502645502644597e-04 2.407407407407406719e-02 2.645502645502644597e-04 2.407407407407406719e-02 2.806878306878305973e-01 2.645502645502644597e-04 2.645502645502644597e-04 1.484126984126983850e-01 2.645502645502644597e-04 8.756613756613754185e-02 2.645502645502644597e-04 2.645502645502644597e-04 2.645502645502644597e-04 2.910052910052909544e-03 2.645502645502644597e-04 2.645502645502644597e-04 2.645502645502644597e-04 1.351851851851851583e-01 2.645502645502644597e-04 2.645502645502644597e-04 2.645502645502644597e-04 2.645502645502644597e-04 4.523809523809523003e-02 2.645502645502644597e-04 6.904761904761902436e-02 1.722222222222221655e-01 2.645502645502644597e-04 2.910052910052909544e-03
4.310344827586207921e-04 4.310344827586207921e-04 4.741379310344829255e-03 4.310344827586207921e-04 4.310344827586207921e-04 4.310344827586207921e-04 4.741379310344829255e-03 4.443965517241380003e-01 4.310344827586207921e-04 2.629310344827586604e-02 4.310344827586207921e-04 4.310344827586207921e-04 4.310344827586207921e-04 4.310344827586207921e-04 1.767241379310345237e-02 4.310344827586207921e-04 2.245689655172414534e-01 1.125000000000000305e-01 4.310344827586207921e-04 4.310344827586207921e-04 4.310344827586207921e-04 4.310344827586207921e-04 6.508620689655174318e-02 4.310344827586207921e-04 4.310344827586207921e-04 4.310344827586207921e-04 4.310344827586207921e-04 7.370689655172416033e-02 1.336206896551724553e-02 4.741379310344829255e-03
7.518796992481204542e-04 7.518796992481204542e-04 7.518796992481204542e-04 2.939849624060151267e-01 7.518796992481204542e-04 7.518796992481204542e-04 9.097744360902257355e-02 7.518796992481204542e-04 7.518796992481204542e-04 5.338345864661654672e-02 7.518796992481204542e-04 7.518796992481204542e-04 7.518796992481204542e-04 7.518796992481204542e-04 7.518796992481204542e-04 7.518796992481204542e-04 1.661654135338346272e-01 1.661654135338346272e-01 7.518796992481204542e-04 7.518796992481204542e-04 7.518796992481204542e-04 7.518796992481204542e-04 7.518796992481204542e-04 7.518796992481204542e-04 7.518796992481204542e-04 1.578947368421053030e-02 6.842105263157896577e-02 1.285714285714286143e-01 7.518796992481204542e-04 7.518796992481204542e-04
2.028397565922920593e-04 2.028397565922920593e-04 8.316430020283973809e-03 2.028397565922920593e-04 2.028397565922920593e-04 2.028397565922920593e-04 2.028397565922920593e-04 2.028397565922920593e-04 6.511156186612575281e-02 1.320486815415821136e-01 2.028397565922920593e-04 6.288032454361053812e-03 2.028397565922920593e-04 1.643002028397565553e-02 6.511156186612575281e-02 3.206896551724137123e-01 4.259634888438132948e-03 2.028397565922920593e-04 2.231237322515212517e-03 1.766734279918863448e-01 2.028397565922920593e-04 2.028397565922920593e-04 2.028397565922920593e-04 2.028397565922920593e-04 2.028397565922920593e-04 2.231237322515212517e-03 6.713995943204867367e-02 1.300202839756591788e-01 2.028397565922920593e-04 2.028397565922920593e-04
3.105590062111800273e-04 3.105590062111800273e-04 3.105590062111800273e-04 3.105590062111800273e-04 3.105590062111800273e-04 3.105590062111800273e-04 5.934782608695650108e-01 3.105590062111800273e-04 3.416149068322980355e-03 2.052795031055899833e-01 3.105590062111800273e-04 3.105590062111800273e-04 3.105590062111800273e-04 3.105590062111800273e-04 3.105590062111800273e-04 3.105590062111800273e-04 3.105590062111800273e-04 3.105590062111800273e-04 3.105590062111800273e-04 6.521739130434780519e-03 3.105590062111800273e-04 3.105590062111800273e-04 2.826086956521738081e-02 9.627329192546581552e-03 3.105590062111800273e-04 3.105590062111800273e-04 3.105590062111800273e-04 5.931677018633538939e-02 8.726708074534159087e-02 3.105590062111800273e-04
1.388888888888888617e-04 4.305555555555554657e-03 1.263888888888888354e-02 1.388888888888888617e-04 2.916666666666665932e-03 3.763888888888888146e-02 1.388888888888888617e-04 1.388888888888888617e-04 1.402777777777777270e-02 2.431944444444443520e-01 3.751388888888887996e-01 1.388888888888888617e-04 1.388888888888888617e-04 1.388888888888888617e-04 1.388888888888888617e-04 1.388888888888888617e-04 1.388888888888888617e-04 1.388888888888888617e-04 7.374999999999998224e-02 1.958333333333332760e-02 8.472222222222219531e-03 5.708333333333331927e-02 7.791666666666664798e-02 1.388888888888888617e-04 1.388888888888888617e-04 1.388888888888888617e-04 1.388888888888888617e-04 1.541666666666666186e-02 3.347222222222221572e-02 2.236111111111110591e-02
7.382550335570471460e-03 6.711409395973156168e-04 6.711409395973156168e-04 3.026845637583893134e-01 6.711409395973156168e-04 6.711409395973156168e-04 1.348993288590604467e-01 6.711409395973156168e-04 6.711409395973156168e-04 4.765100671140939936e-02 6.711409395973156168e-04 6.711409395973156168e-04 6.711409395973156168e-04 6.711409395973156168e-04 6.711409395973156168e-04 6.711409395973156168e-04 2.758389261744966792e-01 8.791946308724833681e-02 6.711409395973156168e-04 6.711409395973156168e-04 6.711409395973156168e-04 6.711409395973156168e-04 6.711409395973156168e-04 6.711409395973156168e-04 6.711409395973156168e-04 6.711409395973156168e-04 3.422818791946308919e-02 9.463087248322149536e-02 6.711409395973156168e-04 6.711409395973156168e-04
1.175324675324675577e-01 2.662337662337662531e-02 6.493506493506494585e-04 6.493506493506494585e-04 1.110389610389610621e-01 1.110389610389610621e-01 6.493506493506494585e-04 2.012987012987013311e-02 6.493506493506494585e-04 5.259740259740260798e-02 2.012987012987013311e-02 1.305194805194805630e-01 2.928571428571429269e-01 6.493506493506494585e-04 4.610389610389611231e-02 6.493506493506494585e-04 6.493506493506494585e-04 6.493506493506494585e-04 3.961038961038961664e-02 6.493506493506494585e-04 6.493506493506494585e-04 7.142857142857144369e-03 6.493506493506494585e-04 6.493506493506494585e-04 6.493506493506494585e-04 6.493506493506494585e-04 6.493506493506494585e-04 6.493506493506494585e-04 1.363636363636363917e-02 6.493506493506494585e-04
9.586466165413531915e-03 1.522556390977443212e-02 2.067669172932330626e-03 1.522556390977443212e-02 8.665413533834584459e-02 1.334586466165413147e-02 1.879699248120300322e-04 1.879699248120300322e-04 2.086466165413533233e-02 1.975563909774435689e-01 3.214285714285713969e-02 2.067669172932330626e-03 1.879699248120300322e-04 1.710526315789473104e-02 1.879699248120300322e-04 3.479323308270675930e-01 1.879699248120300322e-04 7.706766917293230400e-03 3.947368421052630839e-03 1.449248120300751508e-01 1.879699248120300322e-04 1.879699248120300322e-04 1.146616541353383083e-02 1.879699248120300322e-04 1.879699248120300322e-04 5.827067669172931487e-03 3.778195488721804163e-02 7.706766917293230400e-03 7.706766917293230400e-03 1.146616541353383083e-02
2.118644067796609837e-04 2.118644067796609837e-04 4.449152542372880603e-03 2.118644067796609837e-04 2.118644067796609837e-04 2.118644067796609837e-04 2.118644067796609837e-04 1.612288135593219762e-01 2.118644067796609837e-04 4.894067796610168664e-02 2.118644067796609837e-04 2.118644067796609837e-04 2.118644067796609837e-04 2.118644067796609837e-04 2.118644067796609837e-04 2.118644067796609837e-04 2.819915254237287394e-01 4.258474576271185918e-02 2.118644067796609837e-04 2.118644067796609837e-04 2.118644067796609837e-04 2.118644067796609837e-04 2.118644067796609837e-04 2.118644067796609837e-04 2.118644067796609837e-04 6.567796610169490332e-03 1.548728813559321627e-01 2.777542372881355304e-01 1.716101694915253897e-02 2.118644067796609837e-04
3.891050583657587819e-04 3.891050583657587819e-04 3.891050583657587819e-04 3.891050583657587819e-04 3.891050583657587819e-04 4.280155642023346710e-03 1.560311284046692615e-01 3.891050583657587819e-04 3.891050583657587819e-04 2.027237354085603127e-01 3.891050583657587819e-04 3.891050583657587819e-04 3.891050583657587819e-04 3.891050583657587819e-04 3.891050583657587819e-04 3.891050583657587819e-04 3.891050583657587819e-04 3.891050583657587819e-04 3.540856031128404580e-02 3.891050583657587819e-04 3.891050583657587819e-04 3.891050583657587819e-04 3.891050583657587819e-04 3.891050583657587819e-04 3.891050583657587819e-04 3.891050583657587819e-04 3.891050583657587819e-04 1.984435797665369539e-02 5.256809338521400976e-01 4.708171206225680860e-02
2.989130434782608786e-03 2.717391304347826120e-04 2.989130434782608786e-03 2.717391304347826120e-04 4.103260869565217295e-02 2.717391304347826120e-04 2.717391304347826120e-04 1.252717391304347949e-01 2.717391304347826120e-04 6.548913043478261919e-02 2.717391304347826120e-04 2.989130434782608786e-03 1.657608695652173711e-02 2.989130434782608786e-03 2.717391304347826120e-04 2.717391304347826120e-04 1.932065217391304157e-01 2.717391304347826120e-04 2.201086956521738913e-02 1.361413043478260920e-01 2.717391304347826120e-04 2.717391304347826120e-04 2.717391304347826120e-04 2.717391304347826120e-04 2.717391304347826120e-04 2.717391304347826120e-04 1.524456521739130377e-01 2.149456521739130377e-01 1.657608695652173711e-02 2.717391304347826120e-04
4.565217391304347318e-03 2.173913043478260408e-04 8.913043478260867375e-03 2.173913043478260408e-04 2.173913043478260408e-04 2.173913043478260408e-04 9.152173913043476494e-02 1.132608695652173730e-01 2.173913043478260408e-04 2.847826086956520980e-02 2.173913043478260408e-04 2.847826086956520980e-02 2.173913043478260408e-04 2.173913043478260408e-04 2.391304347826086422e-03 4.565217391304347318e-03 3.154347826086955631e-01 2.173913043478260408e-04 2.173913043478260408e-04 2.173913043478260408e-04 1.108695652173912610e-02 3.934782608695651385e-02 2.173913043478260408e-04 2.173913043478260408e-04 2.173913043478260408e-04 2.173913043478260408e-04 8.934782608695650274e-02 2.589130434782607737e-01 2.173913043478260408e-04 2.173913043478260408e-04
2.028397565922921135e-04 2.028397565922921135e-04 2.028397565922921135e-04 2.028397565922921135e-04 2.028397565922921135e-04 2.231237322515212951e-03 2.231237322515212951e-03 1.908722109533468325e-01 2.028397565922921135e-04 2.454361054766734246e-02 2.028397565922921135e-04 2.028397565922921135e-04 2.231237322515212951e-03 2.028397565922921135e-04 2.028397565922921135e-04 2.028397565922921135e-04 3.896551724137931050e-01 6.308316430020284582e-02 2.028397565922921135e-04 2.251521298174442159e-02 2.028397565922921135e-04 2.028397565922921135e-04 4.482758620689655804e-02 2.028397565922921135e-04 4.259634888438133815e-03 2.028397565922921135e-04 7.931034482758621273e-02 1.705882352941176239e-01 2.028397565922921135e-04 2.028397565922921135e-04
2.873563218390804016e-04 2.873563218390804016e-04 6.034482758620687837e-03 2.873563218390804016e-04 2.873563218390804016e-04 2.873563218390804016e-04 2.873563218390804016e-04 2.158045977011493477e-01 2.873563218390804016e-04 6.350574712643676512e-02 3.160919540229884146e-03 2.873563218390804016e-04 2.873563218390804016e-04 3.160919540229884146e-03 2.873563218390804016e-04 2.873563218390804016e-04 2.646551724137929940e-01 2.873563218390804016e-04 5.775862068965515600e-02 2.873563218390804016e-04 2.873563218390804016e-04 3.160919540229884146e-03 2.040229885057470369e-02 3.764367816091952756e-02 1.238505747126436435e-01 1.465517241379309804e-02 1.382183908045976628e-01 4.339080459770113668e-02 2.873563218390804016e-04 2.873563218390804016e-04
6.578947368421054652e-04 6.578947368421054652e-04 6.578947368421054652e-04 6.578947368421054652e-04 6.644736842105264385e-02 2.039473684210526758e-02 1.125000000000000305e-01 1.585526315789474172e-01 6.578947368421054652e-04 2.697368421052631984e-02 5.986842105263158464e-02 6.578947368421054652e-04 2.039473684210526758e-02 6.578947368421054652e-04 6.578947368421054652e-04 2.039473684210526758e-02 3.296052631578947900e-01 6.578947368421054652e-04 6.578947368421054652e-04 6.578947368421054652e-04 7.236842105263159575e-03 6.578947368421054652e-04 6.578947368421054652e-04 6.578947368421054652e-04 3.355263157894737558e-02 6.578947368421054652e-04 7.302631578947368918e-02 5.986842105263158464e-02 6.578947368421054652e-04 6.578947368421054652e-04
8.291873963515758558e-05 8.291873963515758558e-05 9.121061359867334685e-04 8.291873963515758558e-05 5.887230514096187736e-03 8.291873963515758558e-05 1.003316749585406696e-02 6.451907131011611618e-01 9.121061359867334685e-04 1.666666666666667337e-02 8.291873963515758558e-05 2.744610281923716075e-02 8.291873963515758558e-05 8.291873963515758558e-05 8.291873963515758558e-05 9.121061359867334685e-04 1.551409618573798277e-01 1.832504145936982715e-02 8.291873963515758558e-05 8.291873963515758558e-05 8.291873963515758558e-05 8.291873963515758558e-05 2.744610281923716075e-02 2.570480928689884963e-03 8.291873963515758558e-05 8.291873963515758558e-05 5.066334991708128233e-02 3.656716417910449435e-02 8.291873963515758558e-05 8.291873963515758558e-05
2.318007662835248547e-02 1.915708812260536191e-04 1.915708812260536191e-04 1.915708812260536191e-04 1.934865900383141157e-02 9.022988505747124577e-02 1.036398467432950027e-01 3.084291187739463327e-02 1.915708812260536191e-04 1.017241379310344640e-01 1.915708812260536191e-04 1.915708812260536191e-04 1.915708812260536191e-04 5.938697318007661596e-03 1.915708812260536191e-04 1.915708812260536191e-04 5.059386973180075575e-01 1.915708812260536191e-04 1.915708812260536191e-04 1.915708812260536191e-04 2.126436781609195026e-02 1.915708812260536191e-04 1.915708812260536191e-04 5.938697318007661596e-03 2.107279693486589865e-03 4.022988505747125514e-03 4.022988505747125514e-03 7.873563218390802754e-02 1.915708812260536191e-04 1.915708812260536191e-04
2.642553191489362407e-01 8.936170212765959589e-03 4.680851063829788439e-03 4.255319148936171259e-04 1.536170212765957943e-01 1.319148936170213074e-02 4.255319148936171259e-04 4.255319148936171259e-04 4.723404255319149647e-02 1.110638297872340724e-01 4.255319148936171259e-04 1.706382978723404720e-01 1.451063829787234416e-01 4.255319148936171259e-04 4.255319148936171259e-04 4.255319148936171259e-04 1.744680851063830015e-02 4.255319148936171259e-04 4.255319148936171259e-04 4.255319148936171259e-04 4.255319148936171259e-04 8.936170212765959589e-03 4.255319148936171259e-04 1.319148936170213074e-02 8.936170212765959589e-03 4.680851063829788439e-03 4.255319148936171259e-04 4.680851063829788439e-03 4.255319148936171259e-04 1.744680851063830015e-02
3.174603174603174058e-04 3.174603174603174058e-04 3.174603174603174058e-04 2.511111111111110628e-01 3.174603174603174058e-04 1.209523809523809362e-01 3.082539682539681691e-01 3.174603174603174058e-04 3.174603174603174058e-04 8.603174603174601476e-02 3.174603174603174058e-04 3.174603174603174058e-04 9.841269841269839960e-03 3.492063492063491627e-03 3.174603174603174058e-04 3.174603174603174058e-04 3.492063492063491627e-03 3.174603174603174058e-04 6.666666666666665360e-03 3.174603174603174058e-04 3.174603174603174058e-04 3.174603174603174058e-04 3.174603174603174058e-04 3.174603174603174058e-04 3.174603174603174058e-04 3.174603174603174058e-04 7.968253968253967423e-02 3.174603174603174058e-04 1.241269841269841134e-01 3.174603174603174058e-04
4.366812227074235906e-04 4.366812227074235906e-04 4.366812227074235906e-04 1.532751091703056789e-01 4.366812227074235906e-04 4.366812227074235906e-04 9.650655021834061986e-02 4.803493449781659659e-03 4.366812227074235906e-04 1.532751091703056789e-01 2.227074235807860111e-02 4.366812227074235906e-04 4.366812227074235906e-04 4.366812227074235906e-04 4.366812227074235906e-04 4.366812227074235906e-04 4.366812227074235906e-04 2.318777292576419402e-01 4.366812227074235906e-04 4.366812227074235906e-04 4.366812227074235906e-04 3.100436681222707228e-02 4.366812227074235906e-04 4.366812227074235906e-04 1.790393013100436553e-02 4.366812227074235906e-04 4.366812227074235906e-04 2.580786026200873606e-01 1.790393013100436553e-02 4.803493449781659659e-03
5.405405405405407657e-04 5.405405405405407657e-04 5.405405405405407657e-04 3.297297297297298313e-02 5.405405405405407657e-04 3.837837837837838884e-02 1.135135135135135510e-02 5.405405405405407657e-04 5.405405405405407657e-04 3.837837837837838884e-02 2.329729729729730636e-01 5.405405405405407657e-04 5.405405405405407657e-04 5.405405405405407657e-04 2.756756756756757396e-02 5.405405405405407657e-04 5.405405405405407657e-04 3.789189189189189899e-01 5.405405405405407657e-04 5.405405405405407657e-04 1.135135135135135510e-02 5.405405405405407657e-04 5.405405405405407657e-04 7.081081081081083695e-02 5.945945945945948531e-03 5.405405405405407657e-04 5.405405405405407657e-04 5.405405405405407657e-04 3.297297297297298313e-02 1.086486486486486908e-01
2.114164904862578882e-04 8.668076109936572252e-03 2.114164904862578882e-04 2.114164904862578882e-04 2.325581395348836743e-03 2.114164904862578882e-04 2.114164904862578882e-04 2.114164904862578882e-04 2.114164904862578882e-04 8.477801268498941223e-02 2.114164904862578882e-04 1.270613107822409771e-01 2.114164904862578882e-04 9.323467230443972797e-02 2.114164904862578882e-04 2.114164904862578882e-04 2.114164904862578882e-04 6.786469344608878074e-02 2.179704016913318609e-01 2.114164904862578882e-04 2.114164904862578882e-04 2.114164904862578882e-04 1.820295983086680225e-01 2.114164904862578882e-04 2.114164904862578882e-04 2.114164904862578882e-04 1.249471458773784016e-01 6.152219873150104740e-02 6.553911205073994183e-03 1.923890063424946520e-02
2.770083102493073931e-04 2.770083102493073931e-04 2.770083102493073931e-04 1.110803324099722683e-01 2.770083102493073931e-04 2.770083102493073931e-04 1.692520775623268248e-01 2.770083102493073931e-04 2.770083102493073931e-04 2.301939058171744157e-01 1.609418282548475965e-01 2.770083102493073931e-04 2.770083102493073931e-04 5.290858725761771880e-02 2.770083102493073931e-04 2.770083102493073931e-04 2.770083102493073931e-04 1.138504155124653444e-01 2.770083102493073931e-04 2.770083102493073931e-04 2.770083102493073931e-04 9.445983379501382560e-02 2.770083102493073931e-04 2.770083102493073931e-04 2.770083102493073931e-04 3.047091412742381541e-03 1.135734072022160160e-02 1.966759002770082296e-02 2.770083102493073931e-04 2.797783933518004432e-02
4.878048780487805416e-04 1.029268292682926911e-01 4.878048780487805416e-04 5.414634146341463367e-02 4.878048780487805416e-04 4.878048780487805416e-04 5.365853658536585795e-03 4.878048780487805416e-04 4.878048780487805416e-04 4.878048780487805416e-04 1.024390243902439067e-02 3.463414634146341070e-02 5.414634146341463367e-02 4.878048780487805416e-04 1.024390243902439067e-02 4.878048780487805416e-04 1.024390243902439067e-02 2.639024390243902563e-01 4.878048780487805416e-04 4.878048780487805416e-04 4.926829268292682446e-02 6.878048780487804048e-02 8.829268292682927732e-02 2.004878048780487920e-01 4.878048780487805416e-04 4.878048780487805416e-04 2.975609756097560843e-02 4.878048780487805416e-04 4.878048780487805416e-04 1.024390243902439067e-02
4.255319148936171259e-04 2.170212765957447304e-02 2.595744680851064246e-02 6.000000000000001166e-02 4.255319148936171259e-04 3.021276595744681534e-02 4.255319148936171259e-04 4.680851063829788439e-03 1.319148936170213074e-02 2.595744680851064246e-02 9.404255319148939474e-02 4.255319148936171259e-04 4.255319148936171259e-04 4.255319148936171259e-04 4.255319148936171259e-04 9.404255319148939474e-02 4.680851063829788439e-03 4.174468085106383675e-01 1.744680851063830015e-02 4.255319148936171259e-04 4.255319148936171259e-04 4.255319148936171259e-04 6.000000000000001166e-02 7.702127659574470320e-02 4.255319148936171259e-04 4.255319148936171259e-04 4.255319148936171259e-04 2.595744680851064246e-02 8.936170212765959589e-03 1.319148936170213074e-02
6.802721088435375848e-04 6.802721088435375848e-04 6.802721088435375848e-04 9.591836734693878763e-02 6.802721088435375848e-04 6.802721088435375848e-04 4.829931972789116429e-02 6.802721088435375848e-04 6.802721088435375848e-04 3.469387755102041476e-02 2.931972789115647182e-01 6.802721088435375848e-04 6.802721088435375848e-04 6.802721088435375848e-04 6.802721088435375848e-04 6.802721088435375848e-04 7.482993197278913974e-03 1.435374149659864318e-01 6.802721088435375848e-04 6.802721088435375848e-04 6.802721088435375848e-04 6.802721088435375848e-04 6.802721088435375848e-04 6.802721088435375848e-04 6.802721088435375848e-04 6.802721088435375848e-04 6.802721088435375848e-04 1.163265306122449327e-01 1.299319727891156684e-01 1.163265306122449327e-01
4.405286343612334994e-04 4.845814977973568818e-03 4.405286343612334994e-04 4.405286343612334994e-04 4.405286343612334994e-04 4.405286343612334994e-04 8.854625550660794042e-02 4.405286343612334994e-04 4.405286343612334994e-04 4.405286343612334994e-04 1.017621145374449365e-01 4.405286343612334994e-04 4.405286343612334994e-04 4.405286343612334994e-04 4.405286343612334994e-04 7.533039647577093045e-02 4.405286343612334994e-04 2.118942731277533020e-01 4.405286343612334994e-04 4.405286343612334994e-04 1.810572687224669686e-01 4.405286343612334994e-04 5.330396475770925180e-02 2.647577092511013142e-01 4.405286343612334994e-04 4.405286343612334994e-04 4.845814977973568818e-03 4.405286343612334994e-04 4.405286343612334994e-04 4.845814977973568818e-03
1.972386587771202549e-04 1.972386587771202549e-04 1.972386587771202549e-04 1.972386587771202549e-04 8.086785009861929829e-03 2.583826429980275174e-02 1.972386587771202549e-04 8.500986193293882942e-02 1.972386587771202549e-04 4.950690335305718559e-02 1.972386587771202549e-04 2.978303747534515739e-02 1.972386587771202549e-04 1.972386587771202549e-04 1.972386587771202549e-04 1.972386587771202549e-04 5.130177514792898519e-01 1.972386587771202549e-04 1.005917159763313265e-02 1.972386587771202549e-04 1.972386587771202549e-04 7.712031558185401814e-02 1.972386587771202549e-04 1.972386587771202549e-04 4.556213017751477995e-02 1.972386587771202549e-04 6.331360946745560880e-02 8.895463510848124200e-02 1.972386587771202549e-04 1.972386587771202549e-04
5.254237288135592786e-03 1.694915254237287978e-04 1.694915254237287978e-04 1.694915254237287978e-04 1.694915254237287978e-04 1.711864406779660744e-02 1.694915254237287978e-04 1.694915254237287978e-04 8.999999999999998279e-02 8.152542372881355082e-02 1.694915254237287978e-04 1.694915254237287978e-04 1.864406779661016830e-03 1.033898305084745423e-02 1.881355932203389314e-02 1.899999999999999467e-01 1.694915254237287978e-04 1.694915254237287978e-04 1.203389830508474340e-02 2.171186440677965457e-01 1.694915254237287978e-04 3.067796610169491039e-02 6.949152542372879354e-03 1.694915254237287978e-04 1.694915254237287978e-04 3.915254237288134931e-02 1.645762711864406369e-01 1.120338983050847143e-01 1.694915254237287978e-04 1.694915254237287978e-04
1.801801801801801830e-04 1.981981981981982121e-03 1.801801801801801830e-04 1.801801801801801830e-04 1.801801801801801830e-04 1.801801801801801830e-04 2.180180180180180116e-02 1.801801801801801830e-04 2.037837837837837840e-01 1.893693693693693503e-01 1.801801801801801830e-04 1.801801801801801830e-04 1.801801801801801830e-04 1.981981981981982121e-03 1.801801801801801830e-04 3.479279279279279269e-01 1.801801801801801830e-04 1.981981981981982121e-03 5.585585585585585780e-03 1.172972972972972927e-01 1.801801801801801830e-04 1.801801801801801830e-04 2.180180180180180116e-02 1.801801801801801830e-04 1.801801801801801830e-04 1.801801801801801830e-04 2.540540540540540612e-02 3.801801801801801828e-02 1.801801801801801830e-04 2.000000000000000042e-02
1.421188630490955764e-03 1.291989664082686959e-04 1.291989664082686959e-04 1.291989664082686959e-04 5.297157622739015990e-03 1.291989664082686959e-04 5.297157622739015990e-03 1.291989664082686959e-04 4.534883720930231454e-02 3.037467700258397185e-01 1.291989664082686959e-04 1.291989664082686959e-04 1.291989664082686959e-04 1.421188630490955764e-03 2.855297157622738516e-02 2.726098191214469668e-02 1.291989664082686959e-04 7.881136950904390343e-03 1.291989664082686959e-04 4.406976744186045236e-01 1.291989664082686959e-04 1.291989664082686959e-04 5.051679586563306151e-02 1.291989664082686959e-04 1.291989664082686959e-04 4.005167958656330116e-03 1.950904392764857276e-02 5.568475452196380848e-02 1.421188630490955764e-03 1.291989664082686959e-04
