1.273584905660377076e-02 1.572327044025157155e-04 1.212264150943395957e-01 1.572327044025157155e-04 1.572327044025157155e-04 1.729559748427672789e-03 3.617924528301886267e-01 1.621069182389936747e-01 6.776729559748426168e-02 1.116352201257861387e-02 1.572327044025157155e-04 1.572327044025157155e-04 1.572327044025157155e-04 1.572327044025157155e-04 1.588050314465408452e-02 1.588050314465408452e-02 1.572327044025157155e-04 4.874213836477986339e-03 1.133647798742138113e-01 1.572327044025157155e-04 1.572327044025157155e-04 3.301886792452829889e-03 9.591194968553456990e-03 1.572327044025157155e-04 1.572327044025157155e-04 1.588050314465408452e-02 7.877358490566035987e-02 1.729559748427672789e-03 1.572327044025157155e-04 1.572327044025157155e-04
1.037077426390403401e-01 1.090512540894220388e-04 9.607415485278079925e-02 8.516902944383859808e-02 1.090512540894220388e-04 1.090512540894220388e-04 4.471101417666302480e-03 1.364231188658669436e-01 1.090512540894220388e-04 1.090512540894220388e-04 1.864776444929116747e-02 1.090512540894220388e-04 2.290076335877862680e-03 7.971646673936749750e-02 1.864776444929116747e-02 1.973827699018538759e-02 1.090512540894220388e-04 4.154852780806979340e-02 2.203925845147219065e-01 1.090512540894220388e-04 1.090512540894220388e-04 1.090512540894220388e-04 1.199563794983642346e-03 1.484187568157033787e-01 1.090512540894220388e-04 1.090512540894220388e-04 1.090512540894220388e-04 1.090512540894220388e-04 1.428571428571428527e-02 7.742639040348963698e-03
4.761904761904762985e-04 2.904761904761905128e-02 4.761904761904762985e-04 4.761904761904762985e-04 4.761904761904762985e-04 4.761904761904762985e-04 1.000000000000000194e-02 2.147619047619047927e-01 5.238095238095239609e-03 2.100000000000000477e-01 4.761904761904762985e-04 4.761904761904762985e-04 4.761904761904762985e-04 9.095238095238096510e-02 4.761904761904762985e-04 1.528571428571428859e-01 4.761904761904762985e-04 4.809523809523810062e-02 1.195238095238095460e-01 4.761904761904762985e-04 4.761904761904762985e-04 4.761904761904762985e-04 3.380952380952381015e-02 4.761904761904762985e-04 5.285714285714285948e-02 5.238095238095239609e-03 1.952380952380952314e-02 4.761904761904762985e-04 4.761904761904762985e-04 4.761904761904762985e-04
1.693661971830985880e-01 3.521126760563380470e-04 1.091549295774647994e-02 3.521126760563380470e-04 3.521126760563380470e-04 3.521126760563380470e-04 3.521126760563380470e-04 3.521126760563380470e-04 3.873239436619718788e-03 3.521126760563380470e-04 3.521126760563380470e-04 3.521126760563380470e-04 3.521126760563380470e-04 3.873239436619718788e-03 3.521126760563380470e-04 3.521126760563380470e-04 3.521126760563380470e-04 6.373239436619718146e-02 7.394366197183099149e-03 3.521126760563380470e-04 5.316901408450704081e-02 3.521126760563380470e-04 3.521126760563380470e-04 3.521126760563380470e-04 1.795774647887323980e-02 3.908450704225351763e-02 3.521126760563380470e-04 3.521126760563380470e-04 4.651408450704225261e-01 1.588028169014084612e-01
8.236173393124064657e-02 1.494768310911808503e-04 1.182361733931240333e-01 2.406576980568011712e-02 3.349775784753362684e-01 1.509715994020926523e-02 1.494768310911808503e-04 3.139013452914797640e-03 2.303437967115096741e-01 2.257100149476830644e-02 1.494768310911808503e-04 1.808669656203288137e-02 1.494768310911808503e-04 1.494768310911808503e-04 1.644245142002989353e-03 2.705530642750373499e-02 1.494768310911808503e-04 1.494768310911808503e-04 1.494768310911808503e-04 1.494768310911808503e-04 1.494768310911808503e-04 1.494768310911808503e-04 1.494768310911808503e-04 1.494768310911808503e-04 1.494768310911808503e-04 1.494768310911808503e-04 1.197309417040358509e-01 1.494768310911808503e-04 1.494768310911808503e-04 1.494768310911808503e-04
1.056441717791410939e-01 6.147239263803681159e-02 6.147239263803681159e-02 5.533742331288343808e-02 1.226993865030674919e-04 8.601226993865029868e-02 1.349693251533742519e-03 2.676073619631901823e-01 1.226993865030674919e-04 4.552147239263804046e-02 1.226993865030674919e-04 1.226993865030674919e-04 1.226993865030674919e-04 1.226993865030674919e-04 1.226993865030674919e-04 1.226993865030674919e-04 1.226993865030674919e-04 9.582822085889569630e-02 5.030674846625766625e-03 1.226993865030674919e-04 1.349693251533742519e-03 2.466257668711656706e-02 1.436809815950920166e-01 9.938650306748465432e-03 1.226993865030674919e-04 2.220858895705521766e-02 9.938650306748465432e-03 1.226993865030674919e-04 1.349693251533742519e-03 1.226993865030674919e-04
1.302771855010660951e-01 3.646055437100213792e-02 3.006396588486140789e-02 2.132196162046908492e-04 2.132196162046908492e-04 2.132196162046908492e-04 2.345415778251599449e-03 2.345415778251599449e-03 2.132196162046908492e-04 2.793176972281449788e-02 2.132196162046908492e-04 2.132196162046908492e-04 2.132196162046908492e-04 4.477611940298507724e-03 2.132196162046908492e-04 2.132196162046908492e-04 2.132196162046908492e-04 2.132196162046908492e-04 2.132196162046908492e-04 2.132196162046908492e-04 2.132196162046908492e-04 2.132196162046908492e-04 2.132196162046908492e-04 2.132196162046908492e-04 2.132196162046908492e-04 4.498933901918977102e-02 2.132196162046908492e-04 2.132196162046908492e-04 7.144989339019189867e-01 2.345415778251599449e-03
2.687224669603524574e-02 2.687224669603524574e-02 4.405286343612335536e-04 4.405286343612335536e-04 2.295154185022026672e-01 1.678414096916299725e-01 4.405286343612335536e-04 2.030837004405286750e-01 4.845814977973569686e-03 4.405286343612335536e-04 4.405286343612335536e-04 1.365638766519823924e-02 4.845814977973569686e-03 4.405286343612335536e-04 4.405286343612335536e-04 4.405286343612335536e-04 4.405286343612335536e-04 4.889867841409691746e-02 4.405286343612335536e-04 4.845814977973569686e-03 4.845814977973569686e-03 4.405286343612335536e-04 1.590308370044053177e-01 4.845814977973569686e-03 4.405286343612335536e-04 3.568281938325991443e-02 4.405286343612335536e-04 4.405286343612335536e-04 5.330396475770925874e-02 4.845814977973569686e-03
7.271589486858570650e-02 1.251564455569461481e-04 2.191489361702126937e-01 1.251564455569461481e-04 1.251564455569461481e-04 1.639549436795994380e-02 1.251564455569461481e-04 1.251564455569461481e-04 4.544430538172715139e-01 1.376720901126407765e-03 8.648310387984978198e-02 1.264080100125155974e-02 3.879849812265330836e-03 3.642052565707133011e-02 1.376720901126407765e-03 6.382978723404253256e-03 1.251564455569461481e-04 1.251564455569461481e-04 1.889862327909886883e-02 1.251564455569461481e-04 5.131414267834791612e-03 1.376720901126407765e-03 1.251564455569461481e-04 3.391739674593240855e-02 1.251564455569461481e-04 1.013767209011263819e-02 1.251564455569461481e-04 7.634543178973714900e-03 3.879849812265330836e-03 6.382978723404253256e-03
3.047210300429185198e-02 4.291845493562233154e-04 1.330472103004292153e-02 7.768240343347641852e-02 4.291845493562233154e-04 4.291845493562233154e-04 3.995708154506438237e-01 4.334763948497855068e-02 2.150214592274678760e-01 3.047210300429185198e-02 1.163090128755365216e-01 4.291845493562233154e-04 4.291845493562233154e-04 4.291845493562233154e-04 4.291845493562233154e-04 3.905579399141631547e-02 4.291845493562233154e-04 4.291845493562233154e-04 4.291845493562233154e-04 4.291845493562233154e-04 4.291845493562233154e-04 4.291845493562233154e-04 4.291845493562233154e-04 2.618025751072962024e-02 4.291845493562233154e-04 4.291845493562233154e-04 4.291845493562233154e-04 4.291845493562233154e-04 4.291845493562233154e-04 4.291845493562233154e-04
4.295774647887324466e-02 2.887323943661972148e-02 7.042253521126762023e-04 7.042253521126762023e-04 7.042253521126762023e-04 7.042253521126762023e-04 7.746478873239438442e-03 2.683098591549296641e-01 7.042253521126762023e-04 7.042253521126762023e-04 7.042253521126762023e-04 7.042253521126762023e-04 1.478873239436620003e-02 7.042253521126762023e-04 7.042253521126762023e-04 7.042253521126762023e-04 7.042253521126762023e-04 4.295774647887324466e-02 7.042253521126762023e-04 7.746478873239438442e-03 7.042253521126762023e-04 7.042253521126762023e-04 7.042253521126762023e-04 7.042253521126762023e-04 7.042253521126762023e-04 5.570422535211267956e-01 7.042253521126762023e-04 7.042253521126762023e-04 7.042253521126762023e-04 1.478873239436620003e-02
4.366812227074235906e-04 4.366812227074235906e-04 9.170305676855896107e-03 4.847161572052401807e-02 4.366812227074235906e-04 4.366812227074235906e-04 4.366812227074235906e-04 2.275109170305676942e-01 4.366812227074235906e-04 4.366812227074235906e-04 4.366812227074235906e-04 4.366812227074235906e-04 4.366812227074235906e-04 4.410480349344977902e-02 9.170305676855896107e-03 1.790393013100436553e-02 4.366812227074235906e-04 4.366812227074235906e-04 4.847161572052401807e-02 4.366812227074235906e-04 4.366812227074235906e-04 4.366812227074235906e-04 4.366812227074235906e-04 5.855895196506549771e-01 4.366812227074235906e-04 4.366812227074235906e-04 4.366812227074235906e-04 4.366812227074235906e-04 4.366812227074235906e-04 4.366812227074235906e-04
3.763440860215053110e-03 1.971326164874551753e-03 1.973118279569892053e-01 4.677419354838709131e-02 1.792114695340501520e-04 1.792114695340501520e-04 2.743727598566307324e-01 1.453405017921146625e-01 1.792114695340501520e-04 9.695340501792112931e-02 1.792114695340501520e-04 1.792114695340501520e-04 1.792114695340501520e-04 5.573476702508959463e-02 1.971326164874551753e-03 1.792114695340501520e-04 1.792114695340501520e-04 1.792114695340501520e-04 1.256272401433691510e-01 1.792114695340501520e-04 1.792114695340501520e-04 3.763440860215053110e-03 3.422939068100357835e-02 1.792114695340501520e-04 1.792114695340501520e-04 7.347670250896055390e-03 1.971326164874551753e-03 1.792114695340501520e-04 1.792114695340501520e-04 1.792114695340501520e-04
1.552455357142857040e-01 1.116071428571428672e-04 1.318080357142857040e-01 1.116071428571428672e-04 1.116071428571428672e-04 8.381696428571427937e-02 3.459821428571428856e-03 1.116071428571428672e-04 1.116071428571428672e-04 1.227678571428571621e-03 9.040178571428570536e-03 1.116071428571428672e-04 1.116071428571428672e-04 5.479910714285714246e-02 1.116071428571428672e-04 3.470982142857143016e-02 1.116071428571428672e-04 1.116071428571428672e-04 4.554687500000000333e-01 1.116071428571428672e-04 1.116071428571428672e-04 1.116071428571428672e-04 3.805803571428571785e-02 1.227678571428571621e-03 1.116071428571428672e-04 1.116071428571428672e-04 1.116071428571428672e-04 1.116071428571428672e-04 2.912946428571428631e-02 1.116071428571428672e-04
2.101965601965601893e-01 1.228501228501228471e-04 2.581081081081080808e-01 1.228501228501228471e-04 4.434889434889435073e-02 1.228501228501228471e-04 1.228501228501228471e-04 1.228501228501228471e-04 1.228501228501228471e-04 2.960687960687960821e-02 1.228501228501228471e-04 1.363636363636363570e-02 8.722358722358722685e-03 1.377149877149877188e-01 1.228501228501228471e-04 9.471744471744471261e-02 2.579852579852580114e-03 1.033169533169533139e-01 4.926289926289926374e-02 1.228501228501228471e-04 2.592137592137592345e-02 1.228501228501228471e-04 1.351351351351351426e-03 5.036855036855036188e-03 1.228501228501228471e-04 1.228501228501228471e-04 1.228501228501228471e-04 1.228501228501228471e-04 1.240786240786240745e-02 1.351351351351351426e-03
5.218579234972676312e-02 4.125683060109288508e-02 1.122950819672130784e-01 4.125683060109288508e-02 2.732240437158469401e-04 3.032786885245900704e-02 2.732240437158469401e-04 2.707650273224042614e-01 1.120218579234972221e-02 3.306010928961747308e-02 2.732240437158469401e-04 3.005464480874316287e-03 2.732240437158469401e-04 5.737704918032784929e-03 2.732240437158469401e-04 2.732240437158469401e-04 2.732240437158469401e-04 5.765027322404370214e-02 2.732240437158469401e-04 2.732240437158469401e-04 2.732240437158469401e-04 2.732240437158469401e-04 2.188524590163933581e-01 8.770491803278686327e-02 2.732240437158469401e-04 2.732240437158469401e-04 2.732240437158469401e-04 2.759562841530053753e-02 3.005464480874316287e-03 2.732240437158469401e-04
1.031407035175879311e-01 1.256281407035176006e-04 1.571608040201004919e-01 1.256281407035176006e-04 5.150753768844221030e-03 3.404522613065327080e-02 1.256281407035176006e-04 8.052763819095476450e-02 1.256281407035176006e-04 2.048994974874371877e-01 3.894472361809045349e-03 1.256281407035176006e-04 1.256281407035176006e-04 3.781407035175879394e-02 1.256281407035176006e-04 3.894472361809045349e-03 1.256281407035176006e-04 3.894472361809045349e-03 1.860552763819095512e-01 1.256281407035176006e-04 1.256281407035176006e-04 1.381909547738693553e-03 5.791457286432161178e-02 7.550251256281406698e-02 1.256281407035176006e-04 1.256281407035176006e-04 1.256281407035176006e-04 1.256281407035176006e-04 1.017587939698492462e-02 3.278894472361808948e-02
3.536585365853658208e-02 9.634146341463412089e-02 1.085365853658536300e-01 7.059620596205960774e-02 1.355013550135501354e-04 5.569105691056910196e-02 8.265582655826556741e-03 1.355013550135501354e-04 1.490514905149051489e-03 4.620596205962058944e-02 1.355013550135501354e-04 3.401084010840108030e-02 1.355013550135501354e-04 1.355013550135501354e-04 5.555555555555554033e-03 1.355013550135501354e-04 1.504065040650406221e-02 2.046070460704606589e-02 2.317073170731707293e-02 1.355013550135501354e-04 1.355013550135501354e-04 1.355013550135501354e-04 3.781842818428183817e-01 1.355013550135501354e-04 1.355013550135501354e-04 1.355013550135501354e-04 1.639566395663956400e-02 8.279132791327911689e-02 1.355013550135501354e-04 1.355013550135501354e-04
3.086419753086418064e-04 3.086419753086418064e-04 8.672839506172835833e-02 6.203703703703700861e-02 5.586419753086416945e-02 3.086419753086418064e-04 3.086419753086418064e-04 3.086419753086418064e-04 3.086419753086418064e-04 2.040123456790122192e-01 3.086419753086418064e-04 3.086419753086418064e-04 3.086419753086418064e-04 1.422839506172838830e-01 3.086419753086418064e-04 3.086419753086418064e-04 3.086419753086418064e-04 1.265432098765431265e-02 3.086419753086418064e-04 2.808641975308640362e-02 3.086419753086418064e-04 7.438271604938268000e-02 1.762345679012344846e-01 4.043209876543207848e-02 4.351851851851849112e-02 3.086419753086418064e-04 3.086419753086418064e-04 3.086419753086418064e-04 3.395061728395060412e-03 6.512345679012342126e-02
5.764331210191080829e-02 4.490445859872609774e-02 2.009554140127387811e-01 6.719745222929934814e-02 3.184713375796177637e-04 3.184713375796177637e-04 8.949044585987257772e-02 3.184713375796177637e-04 3.184713375796177637e-04 2.996815286624202601e-01 6.687898089171972170e-03 3.184713375796177637e-04 3.184713375796177637e-04 7.356687898089170341e-02 3.184713375796177637e-04 3.184713375796177637e-04 9.872611464968148939e-03 3.184713375796177637e-04 3.535031847133756483e-02 3.184713375796177637e-04 3.184713375796177637e-04 3.184713375796177637e-04 7.356687898089170341e-02 3.184713375796177637e-04 3.184713375796177637e-04 3.184713375796177637e-04 3.184713375796177637e-04 3.535031847133756483e-02 3.184713375796177637e-04 3.184713375796177637e-04
5.118644067796607883e-02 5.796610169491523551e-02 5.118644067796607883e-02 6.813559322033896359e-02 3.389830508474575414e-04 5.118644067796607883e-02 3.389830508474575414e-04 2.376271186440676864e-01 9.864406779661014091e-02 3.389830508474575414e-04 3.389830508474575414e-04 3.389830508474575414e-04 3.389830508474575414e-04 3.389830508474575414e-04 7.118644067796608098e-03 3.389830508474575414e-04 3.389830508474575414e-04 3.389830508474575414e-04 3.389830508474575414e-04 1.728813559322033011e-02 3.389830508474575414e-04 3.389830508474575414e-04 3.359322033898303750e-01 3.389830508474575414e-04 3.389830508474575414e-04 3.389830508474575414e-04 7.118644067796608098e-03 3.389830508474575414e-04 1.050847457627118210e-02 3.389830508474575414e-04
1.381215469613259774e-04 5.538674033149171283e-02 2.059392265193370208e-01 1.285911602209944549e-01 1.381215469613259774e-04 5.662983425414364232e-03 5.662983425414364232e-03 1.381215469613259774e-04 1.381215469613259774e-04 5.662983425414364232e-03 1.381215469613259774e-04 1.381215469613259774e-04 1.381215469613259774e-04 1.381215469613259774e-04 1.381215469613259774e-04 1.381215469613259774e-04 1.381215469613259774e-04 9.267955801104971192e-02 5.953038674033149513e-02 1.381215469613259774e-04 1.381215469613259774e-04 1.381215469613259774e-04 2.970994475138121205e-01 1.381215469613259774e-04 9.806629834254143932e-03 1.381215469613259774e-04 1.256906077348066315e-02 1.051104972375690588e-01 1.118784530386740354e-02 2.900552486187845443e-03
1.643090315560391534e-02 2.513601741022850750e-02 1.470076169749727768e-01 2.503808487486398060e-01 1.969532100108813827e-02 1.088139281828073911e-04 2.404787812840043434e-02 1.088139281828073911e-04 1.088139281828073911e-04 9.477693144722522389e-02 1.088139281828073911e-04 1.088139281828073911e-04 1.088139281828073911e-04 1.088139281828073911e-04 1.088139281828073911e-04 2.285092491838955266e-03 1.088139281828073911e-04 7.301414581066374698e-02 5.886833514689879948e-02 1.088139281828073911e-04 2.840043525571273042e-02 1.088139281828073911e-04 2.351468988030467611e-01 1.088139281828073911e-04 2.285092491838955266e-03 1.088139281828073911e-04 1.088139281828073911e-04 2.078346028291621142e-02 1.088139281828073911e-04 1.088139281828073911e-04
4.586894586894585402e-02 2.307692307692306433e-02 1.370370370370369850e-01 1.398860398860398147e-01 2.849002849002847735e-04 9.145299145299141952e-02 4.301994301994299663e-02 4.586894586894585402e-02 2.849002849002847735e-04 2.307692307692306433e-02 2.849002849002847735e-04 2.849002849002847735e-04 2.849002849002847735e-04 2.849002849002847735e-04 2.592592592592591130e-02 3.133903133903132455e-03 2.849002849002847735e-04 2.849002849002847735e-04 1.085470085470084944e-01 2.849002849002847735e-04 3.133903133903132455e-03 1.737891737891737037e-02 2.737891737891736677e-01 2.849002849002847735e-04 2.849002849002847735e-04 2.849002849002847735e-04 2.849002849002847735e-04 2.849002849002847735e-04 2.849002849002847735e-04 1.452991452991452166e-02
1.573008849557521738e-01 4.668141592920353050e-02 9.977876106194688566e-02 2.212389380530973150e-04 9.070796460176987555e-03 2.212389380530973150e-04 2.212389380530973150e-04 4.668141592920353050e-02 6.438053097345131093e-02 7.101769911504422772e-02 2.212389380530973150e-04 2.212389380530973150e-04 2.433628318584070329e-03 2.212389380530973150e-04 2.212389380530973150e-04 2.212389380530973150e-04 2.212389380530973150e-04 6.438053097345131093e-02 2.212389380530973150e-04 2.212389380530973150e-04 2.212389380530973150e-04 2.212389380530973150e-04 3.099557522123893016e-01 2.212389380530973150e-04 2.212389380530973150e-04 2.898230088495574314e-02 3.340707964601768998e-02 3.783185840707963682e-02 2.455752212389379976e-02 2.212389380530973150e-04
7.733118971061092584e-02 1.607717041800642852e-04 4.035369774919613656e-02 1.607717041800642852e-04 1.607717041800642852e-04 1.607717041800642852e-04 5.160771704180063674e-02 1.607717041800642852e-04 2.895498392282957467e-01 1.400321543408359903e-01 1.607717041800642852e-04 1.607717041800642852e-04 6.591639871382635150e-03 1.607717041800642852e-04 1.416398713826366174e-01 1.607717041800642852e-04 1.607717041800642852e-04 7.411575562700963016e-02 1.302250803858520656e-02 1.607717041800642852e-04 1.607717041800642852e-04 4.517684887459806620e-02 1.607717041800642852e-04 1.607717041800642852e-04 1.607717041800642852e-04 8.054662379421220764e-02 3.713826366559484782e-02 1.607717041800642852e-04 1.607717041800642852e-04 1.607717041800642852e-04
1.157455683003128302e-02 1.950990615224191815e-01 1.127215849843587053e-01 7.518248175182480619e-02 1.042752867570385927e-04 1.064650677789363842e-01 6.360792492179353358e-03 1.366006256517205385e-02 6.162669447340980017e-02 2.825860271115745656e-02 1.042752867570385927e-04 1.042752867570385927e-04 1.042752867570385927e-04 1.042752867570385927e-04 1.042752867570385927e-04 1.042752867570385927e-04 1.042752867570385927e-04 2.930135557872784458e-02 4.285714285714285754e-02 1.261730969760166757e-02 1.147028154327424561e-03 3.232533889468196253e-03 2.837330552659019789e-01 1.042752867570385927e-04 1.042752867570385927e-04 5.318039624608967078e-03 1.147028154327424561e-03 1.042752867570385927e-04 1.042752867570385927e-04 8.446298227320124183e-03
7.890295358649787594e-02 2.054852320675105148e-01 1.618846694796061414e-01 3.248945147679324630e-02 7.172995780590715915e-03 1.070323488045006738e-01 1.547116736990154524e-03 1.547116736990154524e-03 1.406469760900140402e-04 1.406469760900140402e-04 1.406469760900140402e-04 1.406469760900140402e-04 1.406469760900140402e-04 1.406469760900140402e-04 1.406469760900140402e-04 1.406469760900140402e-04 1.547116736990154524e-03 1.406469760900140402e-04 4.092827004219409121e-02 1.406469760900140402e-04 1.406469760900140402e-04 1.406469760900140402e-04 3.250351617440224161e-01 1.406469760900140402e-04 1.406469760900140402e-04 1.406469760900140402e-04 2.953586497890295197e-03 1.561181434599155822e-02 1.420534458509141798e-02 1.547116736990154524e-03
4.398249452954047095e-02 2.146608315098467723e-01 1.991247264770240263e-02 2.188183807439824486e-04 2.407002188183807179e-03 2.188183807439824486e-04 2.188183807439824486e-04 1.096280087527352065e-01 2.188183807439824486e-04 2.188183807439824486e-04 2.188183807439824486e-04 2.188183807439824486e-04 2.188183807439824486e-04 2.188183807439824486e-04 9.431072210065644112e-02 2.188183807439824486e-04 2.188183807439824486e-04 2.188183807439824486e-04 2.188183807439824486e-04 6.148796498905906988e-02 4.595185995623631177e-03 2.188183807439824486e-04 6.148796498905906988e-02 1.096280087527352065e-01 2.188183807439824486e-04 2.188183807439824486e-04 2.188183807439824486e-04 1.555798687089715027e-01 2.188183807439824486e-04 1.183807439824944990e-01
1.202830188679244496e-02 2.358490566037734783e-04 6.391509433962261344e-02 1.110849056603773061e-01 2.358490566037734783e-04 2.358490566037734783e-04 2.358490566037734783e-04 1.910377358490564920e-02 2.358490566037734783e-04 2.358490566037734783e-04 9.669811320754711365e-03 2.358490566037734783e-04 2.594339622641508424e-03 4.033018867924526712e-02 2.358490566037734783e-04 1.393867924528301161e-01 9.669811320754711365e-03 1.674528301886791387e-02 4.884433962264148055e-01 4.952830188679242449e-03 2.358490566037734783e-04 2.358490566037734783e-04 2.358490566037734783e-04 4.976415094339620149e-02 2.358490566037734783e-04 2.358490566037734783e-04 2.358490566037734783e-04 2.853773584905658703e-02 2.358490566037734783e-04 2.358490566037734783e-04
3.081232492997198341e-03 3.389355742296917828e-02 1.935574229691875980e-01 3.081232492997198341e-03 2.801120448179270973e-04 7.871148459383751905e-02 3.081232492997198341e-03 1.739495798319327102e-01 2.801120448179270973e-04 1.627450980392156354e-01 2.801120448179270973e-04 2.801120448179270973e-04 2.801120448179270973e-04 3.389355742296917828e-02 2.801120448179270973e-04 2.801120448179270973e-04 2.801120448179270973e-04 1.988795518207282093e-02 1.151260504201680329e-01 1.708683473389355223e-02 2.801120448179270973e-04 2.801120448179270973e-04 1.543417366946778224e-01 2.801120448179270973e-04 2.801120448179270973e-04 2.801120448179270973e-04 3.081232492997198341e-03 2.801120448179270973e-04 2.801120448179270973e-04 2.801120448179270973e-04
1.428571428571428570e-03 1.428571428571428570e-03 1.428571428571428570e-03 1.571428571428571536e-02 1.428571428571428570e-03 3.000000000000000236e-02 1.428571428571428570e-03 1.571428571428571536e-02 1.428571428571428570e-03 1.428571428571428570e-03 1.571428571428571536e-02 8.714285714285713302e-02 1.428571428571428570e-03 2.871428571428571441e-01 1.157142857142857140e-01 3.000000000000000236e-02 1.428571428571428570e-03 1.428571428571428570e-03 4.428571428571428936e-02 4.428571428571428936e-02 1.428571428571428570e-03 1.571428571428571536e-02 7.285714285714285643e-02 1.428571428571428570e-03 1.428571428571428570e-03 1.428571428571428570e-03 1.428571428571428570e-03 1.428571428571428570e-03 2.014285714285714290e-01 1.428571428571428570e-03
3.897243107769422787e-02 9.912280701754382084e-02 1.667919799498746303e-01 1.516290726817042141e-02 1.253132832080200215e-04 4.022556390977442831e-02 3.020050125313282485e-02 1.253132832080200215e-04 3.395989974937342615e-02 1.253132832080200215e-04 1.253132832080200215e-04 3.270676691729322572e-02 1.253132832080200215e-04 1.140350877192982011e-02 1.253132832080200215e-04 1.253132832080200215e-04 1.253132832080200215e-04 1.179197994987468273e-01 2.644110275689222356e-02 1.253132832080200215e-04 1.378446115288220345e-03 1.253132832080200215e-04 3.109022556390976244e-01 1.253132832080200215e-04 1.253132832080200215e-04 1.253132832080200215e-04 1.253132832080200215e-04 7.280701754385962565e-02 1.253132832080200215e-04 1.253132832080200215e-04
5.479876160990711231e-02 1.031991744066047308e-04 6.202270381836944013e-02 2.280701754385964369e-02 1.031991744066047308e-04 1.033023735810113253e-01 1.031991744066047308e-04 1.031991744066047308e-04 2.693498452012383498e-02 1.031991744066047308e-04 1.031991744066047308e-04 1.031991744066047308e-04 1.248710010319917067e-02 1.280701754385964453e-01 1.031991744066047308e-04 6.295149638802888074e-03 1.661506707946336023e-02 7.853457172342619141e-02 1.031991744066047308e-04 3.209494324045406716e-02 2.880288957688337814e-01 9.391124871001028940e-03 1.031991744066047308e-04 2.383900928792569152e-02 1.031991744066047308e-04 9.401444788441690181e-02 7.327141382868935029e-03 1.031991744066047308e-04 1.135190918472651998e-03 3.106295149638802280e-02
6.850220264317179175e-02 1.676211453744492763e-01 7.951541850220263108e-02 6.828193832599117018e-03 2.202643171806166955e-04 2.224669603524228462e-02 2.202643171806166955e-04 2.422907488986783542e-03 2.202643171806166955e-04 2.202643171806166955e-04 2.202643171806166955e-04 2.202643171806166955e-04 2.645374449339206180e-01 1.563876651982378310e-02 2.202643171806166955e-04 6.629955947136562111e-02 2.202643171806166955e-04 2.202643171806166955e-04 2.202643171806166955e-04 2.202643171806166955e-04 2.202643171806166955e-04 2.202643171806166955e-04 6.189427312775329371e-02 4.625550660792950713e-03 2.202643171806166955e-04 2.202643171806166955e-04 2.202643171806166955e-04 2.094713656387664491e-01 2.422907488986783542e-03 2.444933920704845179e-02
8.084677419354836803e-02 2.016129032258064243e-04 4.858870967741934360e-02 7.883064516129030530e-02 2.016129032258064243e-04 2.016129032258064243e-04 2.016129032258064243e-04 2.016129032258064243e-04 3.288306451612902359e-01 1.028225806451612580e-02 1.834677419354838190e-02 2.016129032258064243e-04 2.016129032258064243e-04 2.016129032258064243e-04 8.689516129032257008e-02 2.016129032258064243e-04 2.217741935483870559e-03 2.016129032258064243e-04 1.834677419354838190e-02 2.217741935483870559e-03 2.217741935483870559e-03 2.016129032258064243e-04 2.582661290322579850e-01 2.016129032258064243e-04 2.016129032258064243e-04 2.016129032258064243e-04 3.245967741935483486e-02 2.016129032258064243e-04 2.842741935483870247e-02 2.016129032258064243e-04
1.091627172195892281e-01 1.579778830963664954e-04 1.579778830963664954e-04 1.579778830963664954e-04 3.807266982622432155e-02 1.579778830963664954e-04 1.579778830963664954e-04 1.579778830963664954e-04 1.739336492890994901e-01 4.913112164296997569e-02 4.281200631911531718e-02 1.579778830963664954e-04 1.579778830963664954e-04 6.477093206951025500e-03 1.579778830963664954e-04 6.477093206951025500e-03 6.477093206951025500e-03 4.897314375987360871e-03 1.579778830963664954e-04 3.333333333333333287e-02 9.494470774091626208e-02 9.494470774091626208e-02 1.911532385466034253e-02 4.123222748815165428e-02 1.579778830963664954e-04 1.737756714060031396e-03 1.579778830963664954e-04 1.753554502369667964e-02 2.227488151658767179e-02 2.355450236966824262e-01
6.758893280632413680e-02 3.952569169960475342e-04 5.968379446640317137e-02 3.952569169960475342e-04 4.347826086956522659e-03 3.952569169960475342e-04 3.952569169960475342e-04 3.952569169960475342e-04 3.952569169960475342e-04 1.505928853754941177e-01 4.667984189723320965e-01 3.952569169960475342e-04 3.952569169960475342e-04 3.952569169960475342e-04 7.549407114624508142e-02 3.952569169960475342e-04 4.347826086956522659e-03 4.347826086956522659e-03 3.952569169960475342e-04 3.952569169960475342e-04 3.952569169960475342e-04 1.071146245059288876e-01 3.952569169960475342e-04 3.952569169960475342e-04 4.347826086956522659e-03 4.782608695652174752e-02 3.952569169960475342e-04 3.952569169960475342e-04 3.952569169960475342e-04 3.952569169960475342e-04
8.193916349809884925e-02 2.473384030418250279e-01 5.893536121673002837e-03 3.992395437262356676e-03 1.901140684410645998e-04 5.893536121673002837e-03 5.532319391634980127e-02 1.901140684410645998e-04 1.313688212927756338e-01 3.250950570342205082e-02 1.901140684410645998e-04 1.901140684410645998e-04 1.901140684410645998e-04 5.893536121673002837e-03 3.631178707224334140e-02 2.091254752851710950e-03 1.901140684410645998e-04 1.901140684410645998e-04 1.901140684410645998e-04 1.901140684410645998e-04 1.901140684410645998e-04 1.901140684410645998e-04 3.366920152091253948e-01 1.901140684410645998e-04 1.901140684410645998e-04 1.901140684410645998e-04 1.901140684410645998e-04 5.152091254752851068e-02 1.901140684410645998e-04 1.901140684410645998e-04
5.045454545454546719e-02 4.545454545454547077e-04 5.000000000000001839e-03 4.545454545454547077e-04 3.231818181818182367e-01 4.545454545454547077e-04 4.545454545454547077e-04 1.640909090909091483e-01 3.231818181818182367e-01 3.227272727272727931e-02 4.545454545454547077e-04 4.545454545454547077e-04 4.545454545454547077e-04 4.545454545454547077e-04 5.500000000000001416e-02 4.545454545454547077e-04 4.545454545454547077e-04 4.545454545454547077e-04 5.000000000000001839e-03 4.545454545454547077e-04 4.545454545454547077e-04 4.545454545454547077e-04 4.545454545454547077e-04 4.545454545454547077e-04 4.545454545454547077e-04 3.227272727272727931e-02 4.545454545454547077e-04 4.545454545454547077e-04 4.545454545454547077e-04 4.545454545454547077e-04
1.478647686832739727e-01 1.779359430604982061e-04 1.549822064056939064e-01 1.085409252669038843e-02 1.779359430604982061e-04 1.779359430604982061e-04 6.601423487544483271e-02 1.779359430604982061e-04 2.243772241992882110e-01 1.781138790035586839e-01 1.779359430604982061e-04 1.779359430604982061e-04 1.779359430604982061e-04 1.957295373665480023e-03 1.779359430604982061e-04 1.779359430604982061e-04 1.779359430604982061e-04 1.779359430604982061e-04 1.870106761565835940e-01 1.779359430604982061e-04 1.975088967971529857e-02 1.779359430604982061e-04 1.779359430604982061e-04 1.957295373665480023e-03 1.779359430604982061e-04 1.779359430604982061e-04 1.779359430604982061e-04 1.779359430604982061e-04 3.736654804270462139e-03 1.779359430604982061e-04
3.985148514851484525e-02 2.475247524752474735e-04 5.470297029702968911e-02 2.475247524752474735e-04 1.509900990099009334e-02 2.475247524752474735e-04 2.475247524752474735e-04 7.673267326732671409e-03 2.475247524752474735e-04 6.955445544554453297e-02 1.784653465346534018e-01 1.017326732673267120e-01 2.475247524752474735e-04 2.499999999999999098e-02 2.475247524752474735e-04 2.475247524752474735e-04 2.475247524752474735e-04 2.475247524752474735e-04 2.722772277227722155e-03 2.252475247524751700e-02 3.490099009900989036e-02 4.284653465346533463e-01 2.475247524752474735e-04 2.475247524752474735e-04 1.262376237623761936e-02 2.475247524752474735e-04 2.475247524752474735e-04 2.722772277227722155e-03 2.475247524752474735e-04 2.475247524752474735e-04
8.225255972696242368e-02 3.412969283276449462e-04 1.095563139931740176e-01 3.412969283276449462e-04 3.412969283276449462e-04 4.470989761092148546e-02 3.412969283276449462e-04 6.860068259385662670e-02 3.412969283276449462e-04 2.358361774744026085e-01 3.754266211604094516e-03 3.412969283276449462e-04 3.412969283276449462e-04 4.812286689419793123e-02 2.081911262798633727e-02 3.412969283276449462e-04 3.412969283276449462e-04 7.167235494880543761e-03 2.187713310580203796e-01 3.412969283276449462e-04 3.412969283276449462e-04 3.754266211604094516e-03 3.412969283276449462e-04 1.436860068259385170e-01 3.754266211604094516e-03 3.412969283276449462e-04 3.412969283276449462e-04 3.412969283276449462e-04 3.754266211604094516e-03 3.412969283276449462e-04
6.239103362391031776e-02 1.133250311332502716e-02 1.246575342465753022e-01 1.245330012453299789e-04 4.534246575342464891e-01 3.748443337484432675e-02 1.245330012453299789e-04 1.631382316313822675e-02 1.396014943960149080e-01 1.245330012453299789e-04 1.245330012453299789e-04 1.369863013698629931e-03 1.245330012453299789e-04 1.369863013698629931e-03 9.352428393524279959e-02 1.245330012453299789e-04 1.245330012453299789e-04 1.245330012453299789e-04 1.369863013698629931e-03 2.378580323785802614e-02 1.369863013698629931e-03 1.382316313823162696e-02 1.245330012453299789e-04 1.245330012453299789e-04 1.245330012453299789e-04 1.369863013698629931e-03 3.860523038605229509e-03 1.133250311332502716e-02 1.245330012453299789e-04 1.245330012453299789e-04
3.070063694267515311e-02 3.452229299363056281e-02 2.305732484076432678e-02 1.273885350318470946e-04 1.273885350318470946e-04 1.273885350318470946e-04 4.077707006369425957e-01 1.414012738853502767e-02 1.249681528662419938e-01 2.687898089171973995e-02 5.222929936305730284e-03 1.273885350318470946e-04 1.273885350318470946e-04 1.273885350318470946e-04 1.273885350318470946e-04 1.273885350318470946e-04 1.273885350318470946e-04 1.273885350318470946e-04 2.178343949044585573e-02 1.796178343949043910e-02 1.273885350318470946e-04 3.452229299363056281e-02 1.364331210191082333e-01 2.675159235668789041e-03 1.401273885350318204e-03 3.452229299363056281e-02 7.273885350318469445e-02 1.273885350318470946e-04 9.044585987261143448e-03 1.273885350318470946e-04
1.670068027210884487e-01 3.401360544217687382e-04 2.755102040816326259e-02 3.401360544217687382e-04 3.401360544217687382e-04 3.435374149659863735e-02 3.741496598639456120e-03 3.401360544217687382e-04 3.401360544217687382e-04 3.401360544217687382e-04 3.401360544217687382e-04 3.401360544217687382e-04 3.401360544217687382e-04 3.401360544217687382e-04 3.401360544217687382e-04 3.401360544217687382e-04 3.401360544217687382e-04 3.401360544217687382e-04 3.401360544217687382e-04 3.401360544217687382e-04 3.401360544217687382e-04 3.401360544217687382e-04 3.401360544217687382e-04 3.401360544217687382e-04 3.401360544217687382e-04 1.465986394557823314e-01 3.401360544217687382e-04 3.401360544217687382e-04 6.125850340136054228e-01 3.401360544217687382e-04
2.606707317073170618e-02 3.201219512195121325e-03 3.978658536585365224e-02 6.112804878048779672e-02 1.082317073170731454e-02 1.524390243902438752e-04 3.064024390243902038e-02 8.704268292682924846e-02 1.327743902439024182e-01 7.789634146341462007e-02 1.524390243902438752e-04 4.725609756097559969e-03 1.524390243902438752e-04 1.524390243902438752e-04 9.923780487804875761e-02 1.524390243902438752e-04 1.676829268292682681e-03 1.524390243902438752e-04 1.524390243902438752e-04 1.524390243902438752e-04 1.524390243902438752e-04 1.524390243902438752e-04 2.745426829268292068e-01 4.283536585365853300e-02 3.201219512195121325e-03 1.524390243902438752e-04 9.009146341463412921e-02 1.524390243902438752e-04 1.234756097560975319e-02 1.524390243902438752e-04
2.898550724637680544e-04 2.898550724637680544e-04 5.536231884057969677e-02 2.898550724637680544e-04 8.985507246376808060e-03 8.985507246376808060e-03 4.379710144927534410e-01 1.046376811594202649e-01 3.217391304347824721e-02 1.915942028985506418e-01 2.898550724637680544e-04 2.898550724637680544e-04 2.898550724637680544e-04 2.637681159420288829e-02 3.188405797101448273e-03 2.898550724637680544e-04 2.898550724637680544e-04 2.898550724637680544e-04 2.898550724637680544e-04 2.898550724637680544e-04 3.188405797101448273e-03 3.188405797101448273e-03 7.855072463768113245e-02 1.478260869565216871e-02 2.898550724637680544e-04 2.898550724637680544e-04 2.637681159420288829e-02 2.898550724637680544e-04 2.898550724637680544e-04 2.898550724637680544e-04
1.319261213720316305e-04 1.319261213720316305e-04 8.324538258575195360e-02 1.478891820580474359e-01 1.319261213720316305e-04 1.319261213720316305e-04 1.319261213720316305e-04 1.319261213720316305e-04 1.319261213720316305e-04 1.967018469656991453e-01 1.319261213720316305e-04 1.319261213720316305e-04 1.319261213720316305e-04 1.728232189973614302e-02 5.408970976253296009e-03 6.728232189973612151e-03 4.089709762532980734e-03 1.319261213720316305e-04 3.444591029023745810e-01 8.047493403693928293e-03 1.319261213720316305e-04 1.319261213720316305e-04 1.992084432717677531e-02 1.584432717678099789e-01 1.319261213720316305e-04 1.319261213720316305e-04 1.319261213720316305e-04 1.451187335092348017e-03 1.319261213720316305e-04 4.089709762532980734e-03
1.177383592017738068e-01 2.951219512195121242e-01 2.217294900221728946e-04 2.217294900221728946e-04 4.235033259423502672e-02 1.953436807095343120e-01 2.217294900221728946e-04 9.090909090909086998e-03 2.217294900221728946e-04 2.217294900221728946e-04 2.439024390243902003e-03 9.090909090909086998e-03 2.217294900221728946e-04 7.117516629711749532e-02 5.343680709534367329e-02 1.796008869179600495e-02 2.217294900221728946e-04 2.217294900221728946e-04 2.217294900221728946e-04 9.090909090909086998e-03 9.999999999999997780e-02 2.217294900221728946e-04 2.461197339246119081e-02 2.439024390243902003e-03 2.217294900221728946e-04 1.796008869179600495e-02 2.217294900221728946e-04 2.217294900221728946e-04 2.217294900221728946e-04 2.904656319290464805e-02
8.548895899053624015e-02 3.154574132492112166e-04 3.154574132492112166e-04 3.154574132492112166e-04 3.470031545741323383e-03 9.495268138801257751e-02 3.154574132492112166e-04 1.391167192429021426e-01 1.924290220820188205e-02 3.154574132492112166e-04 3.154574132492112166e-04 3.154574132492112166e-04 4.763406940063089068e-02 3.154574132492112166e-04 1.107255520504731305e-01 3.154574132492112166e-04 3.154574132492112166e-04 1.924290220820188205e-02 3.154574132492112166e-04 9.179810725552045580e-02 3.470031545741323383e-03 9.779179810725546415e-03 3.186119873817033071e-02 2.810725552050471476e-01 3.470031545741323383e-03 3.154574132492112166e-04 3.154574132492112166e-04 5.394321766561512022e-02 3.154574132492112166e-04 3.154574132492112166e-04
3.517241379310344362e-02 6.896551724137931589e-04 6.896551724137931589e-04 6.896551724137931589e-04 6.896551724137931589e-04 6.896551724137931589e-04 6.896551724137931589e-04 6.896551724137931589e-04 6.896551724137931589e-04 7.586206896551725073e-03 1.041379310344827530e-01 6.896551724137931589e-04 6.896551724137931589e-04 4.206896551724137456e-02 6.896551724137931589e-04 6.896551724137931589e-04 6.896551724137931589e-04 6.896551724137931589e-04 3.517241379310344362e-02 6.896551724137931589e-04 6.896551724137931589e-04 2.827586206896551616e-02 1.448275862068965601e-02 6.896551724137931589e-04 6.896551724137931589e-04 1.386206896551724355e-01 6.896551724137931589e-04 6.896551724137931589e-04 3.455172413793103359e-01 2.351724137931034686e-01
6.346153846153844424e-02 1.266483516483516147e-01 3.021978021978021216e-03 5.769230769230767816e-03 3.021978021978021216e-03 1.126373626373625841e-02 2.747252747252746708e-04 2.747252747252746708e-04 2.749999999999999112e-01 2.747252747252746708e-04 1.675824175824175075e-02 2.747252747252746708e-04 2.747252747252746708e-04 2.747252747252746708e-04 9.093406593406591631e-02 2.747252747252746708e-04 2.747252747252746708e-04 2.747252747252746708e-04 2.747252747252746708e-04 2.747252747252746708e-04 2.225274725274724655e-02 2.747252747252746708e-04 3.711538461538460010e-01 2.747252747252746708e-04 2.747252747252746708e-04 2.747252747252746708e-04 5.769230769230767816e-03 2.747252747252746708e-04 2.747252747252746708e-04 2.747252747252746708e-04
