3.861003861003860986e-04 4.671814671814671777e-02 3.861003861003860986e-04 3.861003861003860986e-04 3.861003861003860986e-04 3.861003861003860986e-04 3.861003861003860986e-04 4.247104247104247464e-03 4.247104247104247464e-03 3.861003861003860986e-04 4.173745173745173620e-01 3.861003861003860986e-04 1.355212355212355169e-01 3.861003861003860986e-04 3.861003861003860986e-04 1.196911196911196879e-02 6.216216216216216561e-02 2.355212355212354947e-02 3.861003861003860986e-04 1.779922779922779863e-01 3.861003861003860986e-04 1.196911196911196879e-02 3.861003861003860986e-04 3.861003861003860986e-04 2.741312741312741316e-02 3.861003861003860986e-04 3.861003861003860986e-04 8.108108108108108558e-03 6.216216216216216561e-02 3.861003861003860986e-04
4.781021897810217025e-02 3.649635036496349052e-04 3.649635036496349052e-04 7.664233576642333172e-03 3.649635036496349052e-04 1.861313868613137870e-02 1.861313868613137870e-02 3.649635036496349052e-04 1.791970802919707340e-01 3.649635036496349052e-04 3.649635036496349052e-04 4.014598540145983795e-03 6.970802919708027345e-02 2.591240875912407399e-02 3.649635036496349052e-04 5.040145985401457418e-01 4.014598540145983795e-03 3.649635036496349052e-04 3.649635036496349052e-04 8.795620437956201687e-02 3.649635036496349052e-04 3.649635036496349052e-04 3.649635036496349052e-04 3.649635036496349052e-04 3.649635036496349052e-04 3.649635036496349052e-04 2.591240875912407399e-02 3.649635036496349052e-04 3.649635036496349052e-04 3.649635036496349052e-04
5.206896551724137651e-02 3.448275862068965795e-04 3.448275862068965795e-04 3.448275862068965795e-04 2.520689655172413390e-01 3.793103448275862537e-03 1.624137931034482785e-01 3.793103448275862537e-03 1.758620689655172181e-02 3.448275862068965795e-04 3.448275862068965795e-04 3.448275862068965795e-04 3.448275862068965795e-04 3.448275862068965795e-04 3.448275862068965795e-04 7.965517241379310720e-02 3.448275862068965795e-04 4.172413793103448010e-02 3.448275862068965795e-04 3.448275862068965795e-04 3.448275862068965795e-04 3.793103448275862537e-03 3.793103448275862537e-03 3.448275862068965795e-04 7.965517241379310720e-02 3.448275862068965795e-04 2.934482758620689524e-01 3.448275862068965795e-04 3.448275862068965795e-04 3.448275862068965795e-04
3.076923076923075945e-04 3.076923076923075945e-04 3.076923076923075945e-04 3.076923076923075945e-04 2.341538461538460458e-01 3.076923076923075945e-04 9.538461538461535591e-03 3.076923076923075945e-04 1.664615384615384108e-01 3.076923076923075945e-04 3.076923076923075945e-04 3.076923076923075945e-04 3.384615384615383919e-03 3.076923076923075945e-04 4.556923076923075078e-01 2.799999999999999017e-02 3.076923076923075945e-04 5.569230769230767986e-02 3.076923076923075945e-04 3.076923076923075945e-04 3.076923076923075945e-04 3.076923076923075945e-04 2.799999999999999017e-02 3.076923076923075945e-04 3.076923076923075945e-04 3.076923076923075945e-04 9.538461538461535591e-03 3.076923076923075945e-04 3.384615384615383919e-03 3.076923076923075945e-04
7.575757575757577919e-04 7.575757575757577919e-04 5.378787878787879423e-02 7.575757575757577919e-04 7.575757575757577919e-04 7.575757575757577919e-04 2.053030303030303483e-01 6.136363636363637714e-02 9.166666666666668795e-02 7.575757575757577919e-04 7.575757575757577919e-04 7.575757575757577919e-04 7.575757575757577919e-04 7.575757575757577919e-04 5.378787878787879423e-02 3.492424242424243541e-01 4.621212121212121826e-02 7.575757575757577919e-04 7.575757575757577919e-04 7.575757575757577919e-04 1.590909090909091439e-02 1.590909090909091439e-02 7.575757575757577919e-04 7.575757575757577919e-04 9.166666666666668795e-02 7.575757575757577919e-04 7.575757575757577919e-04 7.575757575757577919e-04 7.575757575757577919e-04 7.575757575757577919e-04
3.484320557491288111e-04 3.484320557491288111e-04 3.484320557491288111e-04 3.832752613240416814e-03 5.609756097560973653e-02 3.484320557491288111e-04 8.745644599303133149e-02 3.484320557491288111e-04 5.996515679442505631e-01 3.484320557491288111e-04 3.484320557491288111e-04 3.867595818815329489e-02 3.484320557491288111e-04 3.484320557491288111e-04 3.832752613240416814e-03 1.327526132404180659e-01 1.080139372822299174e-02 3.484320557491288111e-04 7.317073170731705142e-03 3.519163763066200656e-02 3.484320557491288111e-04 3.484320557491288111e-04 3.484320557491288111e-04 3.484320557491288111e-04 3.484320557491288111e-04 1.080139372822299174e-02 7.317073170731705142e-03 3.484320557491288111e-04 3.484320557491288111e-04 3.484320557491288111e-04
3.831417624521072924e-04 3.831417624521072924e-04 3.831417624521072924e-04 8.045977011494252762e-03 1.421455938697318011e-01 5.402298850574712569e-02 3.831417624521072924e-04 6.168582375478928043e-02 1.689655172413793149e-01 3.831417624521072924e-04 3.831417624521072924e-04 7.701149425287356909e-02 3.831417624521072924e-04 3.831417624521072924e-04 3.831417624521072924e-04 1.383141762452107237e-01 3.831417624521072924e-04 3.103448275862068922e-02 3.831417624521072924e-04 3.831417624521072924e-04 3.831417624521072924e-04 3.831417624521072924e-04 3.831417624521072924e-04 3.831417624521072924e-04 1.191570881226053646e-01 3.831417624521072924e-04 1.498084291187739558e-01 3.831417624521072924e-04 3.831417624521072924e-04 4.252873563218390746e-02
5.494505494505494501e-04 5.494505494505494501e-04 1.214285714285714413e-01 6.043956043956044168e-03 5.494505494505494501e-04 5.494505494505494501e-04 1.983516483516483686e-01 5.494505494505494501e-04 1.379120879120879217e-01 5.494505494505494501e-04 5.494505494505494501e-04 5.494505494505494501e-04 1.324175824175824190e-01 5.494505494505494501e-04 5.494505494505494501e-04 2.807692307692307709e-01 5.494505494505494501e-04 5.494505494505494501e-04 5.494505494505494501e-04 5.494505494505494501e-04 5.494505494505494501e-04 5.494505494505494501e-04 5.494505494505494501e-04 5.494505494505494501e-04 1.703296703296703490e-02 6.648351648351648324e-02 2.802197802197801957e-02 5.494505494505494501e-04 5.494505494505494501e-04 5.494505494505494501e-04
3.420454545454544582e-02 1.136363636363636092e-04 1.136363636363636092e-04 9.670454545454541806e-02 1.136363636363636092e-04 1.648863636363635810e-01 1.136363636363636092e-04 1.829545454545454183e-02 2.056818181818181532e-02 1.249999999999999809e-03 1.136363636363636092e-04 7.170454545454543749e-02 4.659090909090907867e-03 1.136363636363636092e-04 3.079545454545453906e-02 5.795454545454543742e-03 1.261363636363635986e-02 1.249999999999999809e-03 1.136363636363636092e-04 5.465909090909089330e-02 9.784090909090906174e-02 3.761363636363635604e-02 1.136363636363636092e-04 2.523863636363635754e-01 6.943181818181816400e-02 2.170454545454545206e-02 1.136363636363636092e-04 1.136363636363636092e-04 2.386363636363635684e-03 1.136363636363636092e-04
2.604166666666666088e-04 2.604166666666666088e-04 2.890624999999999098e-02 1.067708333333333010e-02 1.252604166666666241e-01 2.864583333333332697e-03 6.015624999999998751e-02 2.604166666666666088e-04 2.893229166666665408e-01 2.604166666666666088e-04 2.604166666666666088e-04 2.604166666666666088e-04 2.369791666666665880e-02 2.604166666666666088e-04 2.604166666666666088e-04 3.752604166666665408e-01 4.713541666666665880e-02 2.604166666666666088e-04 2.864583333333332697e-03 2.604166666666666088e-04 5.468749999999998786e-03 2.604166666666666088e-04 2.604166666666666088e-04 2.604166666666666088e-04 2.109374999999999445e-02 2.604166666666666088e-04 2.604166666666666088e-04 2.864583333333332697e-03 2.604166666666666088e-04 2.604166666666666088e-04
6.163265306122448633e-02 1.265306122448979671e-02 2.489795918367346955e-02 4.122448979591836898e-02 8.571428571428571855e-03 2.897959183673469094e-02 1.228571428571428592e-01 4.081632653061224641e-04 6.571428571428572507e-02 4.081632653061224641e-04 3.714285714285714413e-02 4.081632653061224641e-04 1.673469387755101984e-02 4.081632653061224641e-04 4.081632653061224641e-04 6.979591836734694299e-02 4.081632653061224641e-04 4.489795918367346997e-03 4.081632653061224641e-04 4.081632653061224641e-04 9.836734693877551006e-02 4.081632653061224641e-04 7.795918367346939271e-02 9.836734693877551006e-02 1.024489795918367419e-01 2.489795918367346955e-02 9.836734693877551006e-02 4.081632653061224641e-04 4.081632653061224641e-04 4.081632653061224641e-04
3.521126760563378843e-04 3.521126760563378843e-04 7.394366197183095679e-03 3.521126760563378843e-04 5.669014084507040252e-02 3.521126760563378843e-04 4.964788732394363746e-02 3.521126760563378843e-04 1.623239436619717813e-01 1.443661971830985206e-02 3.521126760563378843e-04 3.521126760563378843e-04 2.499999999999998751e-02 3.204225352112674563e-02 2.221830985915492218e-01 2.433098591549294476e-01 3.521126760563378843e-04 3.873239436619717053e-03 3.521126760563378843e-04 1.271126760563379698e-01 3.521126760563378843e-04 3.521126760563378843e-04 3.521126760563378843e-04 3.873239436619717053e-03 2.147887323943660845e-02 3.521126760563378843e-04 2.499999999999998751e-02 3.521126760563378843e-04 3.521126760563378843e-04 3.521126760563378843e-04
2.628865979381442980e-02 5.154639175257732077e-04 2.628865979381442980e-02 7.268041237113401221e-02 5.154639175257732077e-04 1.087628865979381465e-01 8.298969072164949501e-02 8.298969072164949501e-02 5.154639175257732077e-04 5.670103092783505827e-03 4.175257731958762625e-02 5.154639175257732077e-04 5.154639175257732077e-04 5.670103092783505827e-03 8.298969072164949501e-02 5.154639175257732077e-04 4.175257731958762625e-02 5.154639175257732077e-04 8.814432989690722253e-02 5.154639175257732077e-04 5.154639175257732077e-04 5.154639175257732077e-04 5.154639175257732077e-04 5.154639175257732077e-04 5.154639175257732077e-04 5.154639175257732077e-04 7.268041237113401221e-02 5.154639175257732077e-04 5.154639175257732077e-04 2.530927835051546282e-01
4.659400544959126783e-02 2.724795640326975053e-04 6.021798365122614516e-02 5.749318801089917108e-02 2.997275204359672179e-03 2.724795640326975053e-04 1.310626702997274851e-01 4.386920980926429375e-02 9.019073569482286001e-02 3.297002724795639050e-02 2.724795640326975053e-04 2.373297002724794880e-01 2.724795640326975053e-04 2.724795640326975053e-04 4.659400544959126783e-02 2.724795640326975053e-04 2.724795640326975053e-04 2.724795640326975053e-04 2.724795640326975053e-04 2.724795640326975053e-04 2.724795640326975053e-04 2.724795640326975053e-04 1.119891008174386665e-01 3.569482288828336458e-02 2.724795640326975053e-04 6.839237057220706739e-02 2.724795640326975053e-04 2.479564032697546827e-02 2.724795640326975053e-04 5.722070844686647124e-03
3.846153846153844524e-04 3.846153846153844524e-04 1.576923076923076109e-02 3.846153846153844524e-04 3.846153846153844524e-04 3.846153846153844524e-04 3.846153846153844524e-04 3.846153846153844524e-04 2.811538461538460321e-01 3.846153846153844524e-04 3.846153846153844524e-04 4.230769230769228922e-03 5.038461538461536104e-02 3.846153846153844524e-04 3.846153846153844524e-04 3.311538461538459654e-01 4.230769230769228922e-03 4.230769230769228922e-03 4.269230769230767525e-02 1.349999999999999534e-01 1.196153846153845679e-01 3.846153846153844524e-04 4.230769230769228922e-03 3.846153846153844524e-04 3.846153846153844524e-04 3.846153846153844524e-04 3.846153846153844524e-04 3.846153846153844524e-04 3.846153846153844524e-04 3.846153846153844524e-04
3.546099290780140457e-04 3.546099290780140457e-04 3.546099290780140457e-04 3.546099290780140457e-04 7.836879432624110908e-02 3.546099290780140457e-04 5.709219858156026894e-02 3.900709219858154719e-03 1.453900709219857479e-02 3.546099290780140457e-04 3.546099290780140457e-04 3.546099290780140457e-04 3.546099290780140457e-04 7.446808510638295610e-03 3.936170212765955495e-02 3.656028368794324579e-01 7.446808510638295610e-03 3.546099290780140457e-04 1.705673758865247636e-01 1.351063829787233495e-01 8.900709219858153609e-02 7.446808510638295610e-03 3.546099290780140457e-04 1.453900709219857479e-02 3.546099290780140457e-04 3.546099290780140457e-04 3.546099290780140457e-04 3.900709219858154719e-03 3.546099290780140457e-04 3.546099290780140457e-04
3.363914373088684046e-03 3.058103975535167462e-04 3.058103975535167462e-04 3.363914373088684046e-03 4.311926605504585314e-02 3.058103975535167462e-04 7.064220183486236149e-02 3.058103975535167462e-04 2.174311926605503598e-01 3.058103975535167462e-04 3.058103975535167462e-04 3.058103975535167462e-04 3.058103975535167462e-04 3.058103975535167462e-04 3.030581039755350647e-01 1.990825688073393496e-01 3.058103975535167462e-04 3.058103975535167462e-04 3.058103975535167462e-04 5.229357798165136517e-02 3.058103975535167462e-04 3.058103975535167462e-04 3.058103975535167462e-04 3.058103975535167462e-04 9.816513761467886290e-02 3.058103975535167462e-04 3.058103975535167462e-04 3.058103975535167462e-04 3.363914373088684046e-03 3.058103975535167462e-04
4.310344827586207921e-04 4.353448275862070033e-02 4.310344827586207921e-04 2.629310344827586604e-02 3.060344827586207461e-02 4.310344827586207921e-04 1.469827586206896852e-01 4.741379310344829255e-03 1.426724137931034975e-01 2.198275862068965747e-02 4.310344827586207921e-04 4.310344827586207921e-04 3.060344827586207461e-02 4.310344827586207921e-04 1.599137931034483318e-01 2.030172413793104036e-01 4.310344827586207921e-04 4.310344827586207921e-04 4.310344827586207921e-04 1.211206896551724477e-01 4.310344827586207921e-04 4.310344827586207921e-04 4.741379310344829255e-03 4.310344827586207921e-04 5.646551724137932604e-02 4.310344827586207921e-04 4.310344827586207921e-04 4.310344827586207921e-04 4.310344827586207921e-04 4.310344827586207921e-04
4.830917874396136228e-04 4.830917874396136228e-04 4.830917874396136228e-04 4.830917874396136228e-04 4.830917874396136228e-04 7.777777777777779289e-02 4.830917874396136228e-04 4.830917874396136228e-04 1.502415458937198245e-01 4.830917874396136228e-04 4.830917874396136228e-04 4.830917874396136228e-04 4.830917874396136228e-04 4.830917874396136228e-04 1.743961352657005248e-01 5.362318840579710644e-02 4.830917874396136228e-04 4.879227053140097053e-02 4.830917874396136228e-04 1.695652173913043681e-01 4.830917874396136228e-04 4.830917874396136228e-04 4.830917874396136228e-04 1.014492753623188505e-02 2.903381642512077865e-01 4.830917874396136228e-04 4.830917874396136228e-04 4.830917874396136228e-04 5.314009661835750013e-03 1.014492753623188505e-02
1.685082872928176170e-02 3.038674033149170364e-03 2.762430939226518463e-04 2.762430939226518463e-04 2.762430939226518463e-04 1.604972375690607300e-01 5.276243093922650812e-02 1.961325966850828093e-02 2.762430939226518463e-04 2.762430939226518463e-04 2.762430939226518463e-04 1.961325966850828093e-02 1.770718232044198315e-01 2.762430939226518463e-04 2.762430939226518463e-04 2.762430939226518463e-04 2.762430939226518463e-04 2.762430939226518463e-04 2.762430939226518463e-04 2.762430939226518463e-04 3.618784530386739279e-02 2.762430939226518463e-04 5.801104972375689152e-03 2.762430939226518463e-04 4.947513812154694657e-01 2.762430939226518463e-04 2.762430939226518463e-04 5.801104972375689152e-03 2.762430939226518463e-04 3.038674033149170364e-03
4.587155963302753632e-04 2.339449541284404147e-02 4.587155963302753632e-04 4.587155963302753632e-04 4.587155963302753632e-04 4.587155963302753632e-04 4.587155963302753632e-04 4.587155963302753632e-04 1.701834862385321612e-01 4.587155963302753632e-04 4.633027522935780768e-02 5.045871559633029538e-03 4.587155963302753632e-04 2.798165137614679401e-02 3.811926605504588061e-01 9.633027522935782086e-03 4.587155963302753632e-04 4.587155963302753632e-04 4.587155963302753632e-04 2.068807339449541816e-01 4.587155963302753632e-04 4.587155963302753632e-04 5.045871559633029538e-03 4.587155963302753632e-04 1.013761467889908591e-01 1.422018348623853637e-02 4.587155963302753632e-04 4.587155963302753632e-04 4.587155963302753632e-04 4.587155963302753632e-04
2.160898035547241525e-02 2.628624883068289217e-02 9.354536950420959157e-05 6.557530402245091705e-02 9.354536950420959157e-05 3.657623947614594556e-02 2.254443405051451133e-02 9.354536950420959157e-05 9.354536950420959157e-05 9.354536950420959157e-05 5.706267539756784517e-03 6.463985032740882097e-02 6.698783910196448588e-01 1.028999064546305426e-03 9.354536950420959157e-05 9.354536950420959157e-05 1.599625818521983878e-02 9.354536950420959157e-05 1.964452759588401504e-03 9.354536950420959157e-05 9.354536950420959157e-05 2.160898035547241525e-02 9.354536950420959157e-05 9.354536950420959157e-05 5.706267539756784517e-03 2.067352666043031917e-02 9.354536950420959157e-05 4.770813844714688438e-03 9.354536950420959157e-05 1.412535079513564662e-02
6.840909090909089163e-02 5.704545454545453115e-02 9.568181818181815956e-02 2.272727272727272183e-04 1.002272727272727065e-01 2.272727272727272183e-04 2.272727272727272183e-04 2.272727272727272183e-04 3.204545454545453670e-02 2.272727272727272183e-04 2.272727272727272183e-04 2.272727272727272183e-04 2.272727272727272183e-04 7.522727272727271208e-02 2.272727272727272183e-04 2.272727272727272183e-04 2.797727272727271730e-01 2.272727272727272183e-04 2.272727272727272183e-04 7.045454545454543985e-03 4.113636363636363064e-02 2.272727272727272183e-04 2.272727272727272183e-04 2.272727272727272183e-04 4.772727272727271368e-03 2.272727272727272183e-04 2.206818181818181179e-01 2.272727272727272183e-04 1.386363636363635923e-02 2.272727272727272183e-04
2.736982643524700325e-03 8.417890520694261414e-02 6.675567423230977426e-05 5.814419225634180621e-02 6.675567423230977426e-05 6.675567423230977426e-05 5.146862483311082787e-02 6.675567423230977426e-05 8.744993324432579276e-03 6.675567423230977426e-05 1.401869158878505219e-03 1.875834445927904506e-02 6.315754339118827554e-01 6.675567423230977426e-05 6.675567423230977426e-05 1.008010680907877460e-02 6.675567423230977426e-05 1.401869158878505219e-03 6.675567423230977426e-05 8.684913217623500825e-02 6.675567423230977426e-05 6.675567423230977426e-05 4.739652870493993309e-03 6.675567423230977426e-05 1.742323097463285148e-02 6.074766355140188631e-03 3.404539385847797986e-03 7.343124165554074491e-04 6.675567423230977426e-05 1.141522029372497166e-02
3.636363636363636686e-04 3.421818181818181426e-01 3.636363636363636686e-04 3.636363636363636686e-04 3.636363636363636686e-04 1.490909090909090830e-02 3.636363636363636686e-04 3.636363636363636686e-04 3.636363636363636686e-04 3.636363636363636686e-04 3.636363636363636686e-04 3.636363636363636686e-04 1.058181818181818251e-01 1.567272727272727428e-01 3.636363636363636686e-04 3.636363636363636686e-04 3.636363636363636686e-04 1.854545454545454553e-02 7.636363636363636444e-03 2.258181818181818346e-01 1.490909090909090830e-02 3.636363636363636686e-04 3.636363636363636686e-04 3.636363636363636686e-04 3.636363636363636686e-04 7.636363636363636444e-03 3.636363636363636686e-04 3.636363636363636686e-04 9.490909090909091517e-02 4.000000000000000083e-03
5.076142131979696770e-04 5.284263959390864684e-01 5.076142131979696770e-04 5.076142131979696770e-04 5.076142131979696770e-04 1.573604060913705999e-02 5.076142131979696770e-04 5.076142131979696770e-04 5.076142131979696770e-04 5.076142131979696770e-04 1.573604060913705999e-02 2.588832487309645353e-02 5.076142131979696770e-04 5.076142131979696770e-04 5.076142131979696770e-04 5.126903553299493738e-02 1.573604060913705999e-02 5.076142131979696770e-04 5.076142131979696770e-04 2.898477157360406786e-01 5.076142131979696770e-04 5.076142131979696770e-04 5.076142131979696770e-04 5.076142131979696770e-04 5.583756345177667314e-03 5.076142131979696770e-04 3.604060913705584707e-02 5.076142131979696770e-04 5.076142131979696770e-04 5.583756345177667314e-03
2.427184466019416832e-04 2.208737864077669338e-02 2.427184466019416832e-04 2.427184466019416832e-04 5.097087378640775129e-03 8.033980582524269387e-02 2.427184466019416832e-04 1.237864077669902432e-02 9.951456310679607925e-03 2.427184466019416832e-04 1.237864077669902432e-02 2.427184466019416832e-04 1.774271844660193498e-01 2.669902912621358732e-03 2.427184466019416832e-04 2.427184466019416832e-04 2.427184466019416832e-04 2.427184466019416832e-04 1.480582524271844246e-02 2.599514563106795073e-01 1.944174757281552646e-01 2.669902912621358732e-03 2.427184466019416832e-04 9.951456310679607925e-03 1.774271844660193498e-01 2.427184466019416832e-04 1.480582524271844246e-02 2.427184466019416832e-04 2.427184466019416832e-04 2.427184466019416832e-04
1.107142857142857234e-02 9.678571428571429436e-02 3.571428571428571425e-04 3.571428571428571425e-04 3.571428571428571425e-04 6.464285714285715467e-02 3.571428571428571425e-04 3.571428571428571425e-04 3.571428571428571425e-04 7.500000000000000590e-03 5.750000000000000250e-02 3.607142857142856679e-02 1.289285714285714202e-01 7.892857142857143127e-02 3.571428571428571425e-04 3.928571428571428839e-03 3.571428571428571425e-04 3.928571428571428839e-03 3.571428571428571425e-04 2.717857142857142416e-01 3.571428571428571425e-04 3.571428571428571425e-04 3.571428571428571425e-04 3.571428571428571425e-04 1.003571428571428670e-01 3.571428571428571425e-04 1.821428571428571411e-02 3.571428571428571425e-04 1.146428571428571436e-01 3.571428571428571425e-04
3.759398496240600102e-04 1.541353383458645906e-02 3.759398496240600102e-04 3.759398496240600102e-04 5.300751879699245467e-02 6.804511278195486679e-02 1.541353383458645906e-02 3.759398496240600102e-04 4.172932330827065772e-02 3.759398496240600102e-04 7.894736842105259944e-03 3.759398496240600102e-04 1.808270676691728640e-01 3.759398496240600102e-04 4.135338345864660384e-03 3.759398496240600102e-04 3.759398496240600102e-04 3.759398496240600102e-04 4.135338345864660384e-03 3.349624060150374061e-01 2.447368421052630305e-01 3.759398496240600102e-04 3.759398496240600102e-04 3.759398496240600102e-04 3.759398496240600102e-04 3.759398496240600102e-04 1.541353383458645906e-02 3.759398496240600102e-04 4.135338345864660384e-03 4.135338345864660384e-03
5.746031746031744075e-02 3.174603174603173516e-04 1.619047619047618222e-02 3.174603174603173516e-04 3.368253968253966946e-01 3.174603174603173516e-04 2.888888888888887715e-02 3.174603174603173516e-04 3.174603174603173516e-04 3.174603174603173516e-04 3.174603174603173516e-04 3.174603174603173516e-04 3.492063492063491193e-03 1.526984126984126389e-01 3.174603174603173516e-04 5.428571428571427049e-02 8.603174603174600088e-02 3.174603174603173516e-04 3.174603174603173516e-04 1.336507936507936034e-01 3.174603174603173516e-04 3.174603174603173516e-04 3.174603174603173516e-04 3.174603174603173516e-04 3.174603174603173516e-04 3.174603174603173516e-04 3.174603174603173516e-04 3.174603174603173516e-04 3.174603174603173516e-04 1.241269841269840857e-01
3.012048192771083518e-04 3.012048192771083518e-04 3.012048192771083518e-04 3.012048192771083518e-04 3.012048192771083518e-04 3.012048192771083518e-04 3.012048192771083518e-04 3.012048192771083518e-04 2.322289156626504980e-01 3.012048192771083518e-04 3.012048192771083518e-04 5.451807228915660913e-02 3.313253012048191816e-03 2.439759036144577287e-02 1.268072289156626231e-01 3.012048192771083518e-04 3.012048192771083518e-04 3.012048192771083518e-04 3.828313253012046724e-01 3.012048192771083518e-04 3.012048192771083518e-04 1.234939759036144009e-02 3.012048192771083518e-04 3.012048192771083518e-04 1.328313253012047834e-01 3.012048192771083518e-04 9.337349397590358202e-03 1.536144578313252372e-02 3.012048192771083518e-04 3.012048192771083518e-04
4.065040650406505146e-04 3.699186991869919672e-02 4.065040650406505146e-04 4.065040650406505146e-04 2.605691056910569570e-01 4.065040650406505146e-04 3.699186991869919672e-02 3.292682926829269136e-02 3.134146341463415197e-01 4.065040650406505146e-04 4.065040650406505146e-04 7.764227642276425034e-02 8.536585365853660914e-03 4.065040650406505146e-04 2.886178861788618252e-02 9.796747967479677022e-02 4.065040650406505146e-04 4.065040650406505146e-04 6.138211382113822195e-02 3.699186991869919672e-02 4.065040650406505146e-04 4.065040650406505146e-04 4.065040650406505146e-04 4.065040650406505146e-04 4.065040650406505146e-04 4.065040650406505146e-04 4.065040650406505146e-04 4.065040650406505146e-04 4.065040650406505146e-04 4.065040650406505146e-04
1.834862385321100640e-04 1.066055045871559387e-01 3.321100917431192567e-02 1.834862385321100640e-04 4.055045871559632281e-02 9.357798165137612423e-03 1.249541284403669350e-01 1.834862385321100640e-04 2.018348623853210948e-03 1.834862385321100640e-04 1.834862385321100640e-04 1.834862385321100640e-04 1.561467889908256523e-01 1.669724770642201303e-02 1.834862385321100640e-04 1.834862385321100640e-04 1.834862385321100640e-04 2.018348623853210948e-03 4.422018348623852485e-02 2.258715596330274633e-01 7.541284403669723524e-02 1.834862385321100640e-04 1.834862385321100640e-04 2.220183486238531609e-02 9.926605504587153461e-02 3.504587155963301975e-02 1.834862385321100640e-04 1.834862385321100640e-04 1.834862385321100640e-04 3.853211009174311100e-03
9.198813056379819345e-03 2.228486646884272060e-01 2.967359050445103207e-04 2.967359050445103207e-04 3.264094955489613582e-03 1.513353115727002381e-02 2.967359050445103207e-04 6.231454005934716246e-03 2.967359050445103207e-04 2.967359050445103207e-04 1.130563798219584165e-01 2.967359050445103207e-04 9.228486646884270783e-02 2.967359050445103207e-04 2.106824925816023000e-02 2.967359050445103207e-04 2.967359050445103207e-04 9.198813056379819345e-03 2.967359050445103207e-04 1.516320474777447525e-01 3.887240356083084686e-02 5.370919881305636495e-02 2.967359050445103207e-04 2.967359050445103207e-04 1.071216617210682120e-01 2.106824925816023000e-02 2.967359050445103207e-04 2.967359050445103207e-04 1.160237388724035257e-01 1.513353115727002381e-02
4.440677966101693602e-02 3.423728813559321488e-02 3.389830508474575956e-04 1.389830508474575871e-02 7.830508474576269862e-02 3.389830508474575956e-04 4.101694915254236462e-02 3.389830508474575956e-04 3.728813559322033660e-03 3.389830508474575956e-04 3.389830508474575956e-04 3.728813559322033660e-03 4.440677966101693602e-02 2.745762711864406166e-02 5.796610169491524939e-02 2.105084745762711429e-01 1.050847457627118557e-02 3.389830508474575956e-04 3.389830508474575956e-04 2.172881355932202718e-01 3.389830508474575956e-04 3.389830508474575956e-04 3.389830508474575956e-04 3.389830508474575956e-04 3.728813559322033660e-03 3.389830508474575956e-04 3.389830508474575956e-04 1.935593220338982789e-01 1.050847457627118557e-02 3.389830508474575956e-04
1.331592689295038601e-02 2.610966057441252647e-04 2.610966057441252647e-04 2.610966057441252647e-04 2.326370757180155902e-01 2.610966057441252647e-04 1.412532637075717690e-01 2.872062663185378020e-03 1.543080939947780172e-01 2.610966057441252647e-04 2.610966057441252647e-04 3.420365535248040545e-02 4.725848563968667454e-02 2.610966057441252647e-04 2.610966057441252647e-04 8.120104438642294920e-02 2.610966057441252647e-04 2.114882506527414330e-02 5.248041775456917940e-02 8.642297650130546793e-02 2.637075718015664816e-02 2.610966057441252647e-04 2.610966057441252647e-04 2.610966057441252647e-04 2.610966057441252647e-04 3.681462140992165788e-02 6.292428198433418218e-02 2.872062663185378020e-03 2.610966057441252647e-04 2.610966057441252647e-04
2.600000000000000921e-02 7.407407407407410021e-05 1.237777777777778199e-01 8.222222222222224514e-03 8.674074074074077101e-02 3.037037037037037743e-03 2.134074074074074900e-01 7.407407407407410021e-05 2.015555555555556266e-01 3.037037037037037743e-03 7.407407407407410021e-05 7.407407407407410021e-05 1.859259259259260152e-02 8.148148148148151972e-04 1.711111111111111860e-02 7.407407407407410021e-05 7.407407407407410021e-05 5.259259259259260397e-03 2.155555555555556391e-02 1.319259259259259742e-01 1.637037037037037540e-02 7.407407407407410021e-05 8.962962962962965976e-03 7.407407407407410021e-05 2.303703703703704683e-02 5.933333333333334902e-02 2.296296296296297147e-03 2.822222222222223187e-02 7.407407407407410021e-05 7.407407407407410021e-05
4.219409282700423104e-04 4.219409282700423104e-04 4.219409282700423104e-04 6.793248945147681295e-02 3.839662447257384537e-02 4.219409282700423104e-04 1.649789029535865537e-01 2.573839662447257801e-02 4.219409282700423104e-04 4.219409282700423104e-04 4.219409282700423104e-04 4.219409282700423104e-04 4.219409282700423104e-04 8.860759493670888193e-03 4.219409282700423104e-04 2.789029535864979148e-01 2.831223628691983407e-01 8.860759493670888193e-03 4.219409282700423104e-04 3.839662447257384537e-02 6.793248945147681295e-02 4.219409282700423104e-04 4.641350210970465739e-03 4.641350210970465739e-03 4.219409282700423104e-04 4.219409282700423104e-04 4.219409282700423104e-04 4.219409282700423104e-04 4.219409282700423104e-04 4.219409282700423104e-04
2.666666666666666252e-04 2.962666666666665671e-01 4.026666666666665201e-02 2.666666666666666252e-04 2.666666666666666252e-04 2.933333333333332498e-03 2.666666666666666252e-04 2.666666666666666252e-04 8.266666666666665220e-03 2.666666666666666252e-04 2.666666666666666252e-04 2.666666666666666252e-04 1.149333333333333040e-01 1.495999999999999552e-01 2.666666666666666252e-04 2.666666666666666252e-04 2.159999999999999420e-02 2.666666666666666252e-04 1.626666666666666192e-02 3.389333333333331977e-01 2.666666666666666252e-04 2.666666666666666252e-04 2.666666666666666252e-04 2.666666666666666252e-04 2.666666666666666252e-04 2.666666666666666252e-04 2.933333333333332498e-03 2.933333333333332498e-03 2.666666666666666252e-04 2.666666666666666252e-04
2.550000000000000183e-02 4.055000000000000271e-01 5.000000000000001188e-04 5.000000000000001188e-04 8.550000000000002043e-02 5.000000000000001188e-04 5.500000000000001416e-03 5.000000000000001188e-04 5.000000000000001188e-04 5.000000000000001188e-04 4.550000000000000572e-02 5.000000000000001188e-04 5.000000000000001188e-04 5.000000000000001188e-04 5.000000000000001188e-04 5.000000000000001188e-04 5.000000000000001188e-04 2.050000000000000086e-02 5.000000000000001188e-04 3.955000000000000182e-01 5.000000000000001188e-04 5.000000000000001188e-04 5.000000000000001188e-04 5.000000000000001188e-04 5.000000000000001188e-04 5.000000000000001188e-04 5.000000000000001188e-04 5.000000000000001188e-04 5.500000000000001416e-03 5.000000000000001188e-04
2.073170731707317527e-02 1.508130081300813330e-01 4.065040650406505146e-04 7.357723577235775192e-02 4.065040650406505146e-04 4.065040650406505146e-04 4.065040650406505146e-04 4.065040650406505146e-04 3.292682926829269136e-02 4.065040650406505146e-04 4.065040650406505146e-04 4.065040650406505146e-04 4.918699186991870587e-02 2.361788617886179387e-01 4.065040650406505146e-04 4.065040650406505146e-04 4.065040650406505146e-04 4.065040650406505146e-04 4.065040650406505146e-04 2.768292682926829507e-01 4.065040650406505146e-04 4.065040650406505146e-04 4.065040650406505146e-04 4.512195121951220744e-02 3.699186991869919672e-02 4.065040650406505146e-04 4.105691056910570208e-02 4.065040650406505146e-04 2.073170731707317527e-02 8.536585365853660914e-03
5.772811918063313827e-03 2.348230912476721999e-01 1.862197392923649569e-04 1.862197392923649569e-04 9.888268156424578903e-02 2.048417132216014472e-03 1.862197392923649569e-04 1.862197392923649569e-04 1.322160148975791080e-02 2.048417132216014472e-03 1.862197392923649569e-04 1.862197392923649569e-04 1.862197392923649569e-04 1.286778398510241839e-01 7.467411545623835190e-02 1.880819366852885810e-02 2.048417132216014472e-03 2.048417132216014472e-03 2.048417132216014472e-03 3.577281191806330751e-01 5.772811918063313827e-03 1.862197392923649569e-04 3.910614525139664149e-03 1.862197392923649569e-04 2.067039106145250951e-02 2.048417132216014472e-03 2.253258845437615746e-02 1.862197392923649569e-04 1.862197392923649569e-04 1.862197392923649569e-04
6.818181818181816116e-03 2.860389610389609261e-01 3.246753246753245666e-04 3.246753246753245666e-04 3.246753246753245666e-04 3.246753246753245666e-04 3.246753246753245666e-04 3.246753246753245666e-04 5.551948051948050328e-02 3.246753246753245666e-04 3.246753246753245666e-04 3.246753246753245666e-04 1.172077922077921636e-01 2.305194805194804228e-02 2.629870129870128664e-02 3.246753246753245666e-04 3.571428571428570450e-03 3.246753246753245666e-04 1.655844155844155008e-02 3.574675324675323229e-01 2.629870129870128664e-02 1.331168831168830571e-02 3.603896103896102321e-02 3.246753246753245666e-04 3.246753246753245666e-04 3.246753246753245666e-04 2.629870129870128664e-02 3.246753246753245666e-04 3.246753246753245666e-04 3.246753246753245666e-04
3.355704697986575374e-04 3.355704697986575374e-04 5.738255033557044388e-02 3.355704697986575374e-04 2.083892617449663309e-01 3.355704697986575374e-04 9.429530201342277429e-02 3.691275167785233128e-03 3.355704697986575374e-04 3.355704697986575374e-04 1.040268456375838431e-02 3.355704697986575374e-04 3.355704697986575374e-04 1.345637583892616840e-01 6.744966442953016783e-02 1.513422818791945457e-01 3.355704697986575374e-04 1.711409395973153419e-02 1.375838926174495665e-02 1.916107382550334415e-01 3.355704697986575374e-04 3.355704697986575374e-04 3.355704697986575374e-04 4.395973154362413371e-02 3.355704697986575374e-04 3.355704697986575374e-04 3.355704697986575374e-04 3.355704697986575374e-04 3.355704697986575374e-04 3.355704697986575374e-04
3.571428571428570341e-04 1.289285714285713924e-01 1.464285714285713629e-02 3.571428571428570341e-04 1.821428571428570717e-02 3.571428571428570341e-04 3.571428571428570341e-04 3.571428571428570341e-04 3.571428571428570341e-04 3.571428571428570341e-04 1.107142857142856714e-02 3.571428571428570341e-04 1.432142857142856551e-01 2.039285714285713480e-01 1.464285714285713629e-02 3.571428571428570341e-04 3.571428571428570341e-04 3.571428571428570341e-04 3.571428571428570341e-04 4.110714285714283656e-01 3.571428571428570341e-04 3.571428571428570341e-04 3.607142857142855291e-02 1.107142857142856714e-02 3.571428571428570341e-04 3.571428571428570341e-04 3.571428571428570341e-04 3.571428571428570341e-04 3.571428571428570341e-04 3.571428571428570341e-04
3.984063745019921551e-04 8.366533864541834606e-03 3.984063745019921551e-04 3.984063745019921551e-04 3.984063745019921551e-04 3.984063745019921551e-04 3.984063745019921551e-04 3.984063745019921551e-04 3.828685258964144023e-01 3.984063745019921551e-04 3.984063745019921551e-04 1.235059760956175659e-02 3.984063745019921551e-04 3.984063745019921551e-04 1.677290836653387018e-01 1.039840637450199501e-01 8.366533864541834606e-03 3.984063745019921551e-04 1.876494023904382857e-01 3.984063745019921551e-04 3.984063745019921551e-04 4.382470119521913489e-03 7.609561752988050487e-02 3.984063745019921551e-04 4.382470119521913489e-03 1.235059760956175659e-02 2.430278884462151734e-02 3.984063745019921551e-04 3.984063745019921551e-04 3.984063745019921551e-04
8.015768725361364228e-03 7.109067017082783269e-02 2.772667542706963931e-02 1.314060446780551553e-04 2.115637319316688095e-02 1.458607095926412085e-02 5.006570302233901565e-02 6.583442838370563710e-02 1.314060446780551553e-04 1.314060446780551553e-04 4.612352168199736202e-02 7.634691195795004215e-02 8.015768725361364228e-03 1.852825229960577622e-02 1.314060446780551553e-04 1.314060446780551553e-04 3.010512483574243614e-01 1.314060446780551553e-04 4.086727989487515256e-02 1.314060446780551553e-04 1.643889618922469986e-01 1.445466491458606735e-03 1.721419185282522385e-02 1.445466491458606735e-03 5.006570302233901565e-02 1.314060446780551553e-04 1.314060446780551553e-04 1.445466491458606735e-03 1.195795006570301786e-02 1.445466491458606735e-03
2.381578947368421795e-01 1.315789473684210930e-03 1.315789473684210930e-03 1.315789473684210930e-03 1.315789473684210930e-03 1.315789473684210930e-03 1.447368421052631915e-02 1.315789473684210930e-03 2.763157894736842715e-02 3.828947368421053432e-01 9.342105263157896022e-02 1.315789473684210930e-03 1.315789473684210930e-03 1.315789473684210930e-03 1.315789473684210930e-03 1.447368421052631915e-02 1.315789473684210930e-03 1.315789473684210930e-03 1.315789473684210930e-03 1.315789473684210930e-03 1.315789473684210930e-03 1.315789473684210930e-03 2.763157894736842715e-02 1.315789473684210930e-03 4.078947368421053515e-02 2.763157894736842715e-02 1.065789473684210648e-01 1.315789473684210930e-03 1.315789473684210930e-03 1.315789473684210930e-03
3.194888178913737019e-04 2.527156549520765405e-01 3.194888178913737019e-04 5.782747603833864047e-02 5.782747603833864047e-02 3.194888178913737019e-04 1.629392971246005836e-02 3.194888178913737019e-04 3.194888178913737019e-04 3.194888178913737019e-04 3.194888178913737019e-04 3.194888178913737019e-04 6.102236421725237836e-02 1.856230031948881143e-01 3.194888178913737019e-04 3.194888178913737019e-04 3.194888178913737019e-04 3.194888178913737019e-04 3.194888178913737019e-04 3.261980830670925258e-01 3.194888178913737019e-04 3.194888178913737019e-04 1.309904153354632048e-02 3.194888178913737019e-04 3.194888178913737019e-04 2.268370607028753067e-02 3.194888178913737019e-04 3.194888178913737019e-04 3.194888178913737019e-04 3.194888178913737019e-04
1.861313868613138217e-02 1.861313868613138217e-02 3.649635036496349594e-04 4.014598540145984662e-03 1.098540145985401340e-01 3.649635036496349594e-04 3.649635036496349594e-04 1.861313868613138217e-02 3.649635036496349594e-04 3.649635036496349594e-04 3.649635036496349594e-04 1.131386861313868342e-02 4.014598540145984662e-03 3.649635036496349594e-04 3.649635036496349594e-04 8.430656934306568484e-02 1.098540145985401340e-01 2.226277372262773155e-02 4.014598540145984662e-03 3.649635036496349594e-04 3.649635036496349594e-04 3.649635036496349594e-04 3.649635036496349594e-04 3.649635036496349594e-04 3.649635036496349594e-04 2.956204379562043030e-02 5.587591240875910970e-01 3.649635036496349594e-04 3.649635036496349594e-04 3.649635036496349594e-04
2.777777777777777016e-03 1.540404040404039568e-02 2.525252525252524166e-04 5.303030303030300749e-03 2.047979797979797012e-01 2.777777777777777016e-03 2.525252525252524166e-04 2.777777777777777016e-03 1.770202020202019388e-01 2.525252525252524166e-04 2.525252525252524166e-04 2.777777777777777016e-03 1.517676767676767180e-01 2.525252525252524166e-04 7.601010101010098607e-02 2.525252525252524166e-04 2.525252525252524166e-04 2.525252525252524166e-04 2.045454545454544401e-02 2.525252525252524166e-04 2.777777777777777016e-03 2.777777777777777016e-03 2.527777777777776569e-01 2.525252525252524166e-04 7.095959595959593080e-02 2.525252525252524166e-04 2.525252525252524166e-04 2.525252525252524166e-04 2.525252525252524166e-04 5.303030303030300749e-03
4.166666666666668018e-04 4.166666666666668018e-04 4.166666666666668018e-04 4.166666666666668018e-04 7.541666666666668739e-02 4.166666666666668018e-04 4.166666666666668018e-04 2.958333333333333995e-02 4.166666666666668018e-04 4.166666666666668018e-04 4.166666666666668018e-04 4.166666666666668018e-04 5.458333333333334481e-02 4.166666666666668018e-04 4.295833333333334281e-01 9.625000000000002998e-02 4.166666666666668018e-04 6.291666666666667629e-02 4.166666666666668018e-04 4.166666666666668018e-04 4.166666666666668018e-04 4.166666666666668018e-04 2.541666666666667074e-02 4.166666666666668018e-04 2.004166666666667151e-01 4.166666666666668018e-04 8.750000000000002567e-03 4.166666666666668018e-04 8.750000000000002567e-03 4.166666666666668018e-04
2.583979328165373918e-04 8.010335917312660231e-03 1.397932816537467426e-01 2.583979328165373918e-04 3.801033591731264871e-01 2.583979328165373918e-04 2.842377260981911527e-03 5.968992248062014033e-02 7.777777777777776513e-02 2.583979328165373918e-04 2.583979328165373918e-04 2.583979328165373918e-04 9.069767441860462909e-02 3.901808785529714552e-02 7.002583979328164121e-02 7.002583979328164121e-02 2.583979328165373918e-04 2.351421188630490114e-02 2.583979328165373918e-04 2.583979328165373918e-04 2.583979328165373918e-04 2.583979328165373918e-04 2.583979328165373918e-04 2.583979328165373918e-04 2.093023255813952765e-02 2.583979328165373918e-04 2.583979328165373918e-04 1.317829457364340547e-02 2.583979328165373918e-04 2.583979328165373918e-04
