2.717391304347825578e-04 2.717391304347825578e-04 2.717391304347825578e-04 2.717391304347825578e-04 2.717391304347825578e-04 3.997282608695650885e-01 2.717391304347825578e-04 2.717391304347825578e-04 8.423913043478259075e-03 5.706521739130433063e-03 2.717391304347825578e-04 1.008152173913043209e-01 2.717391304347825578e-04 2.717391304347825578e-04 5.461956521739129433e-02 2.717391304347825578e-04 2.717391304347825578e-04 2.717391304347825578e-04 2.717391304347825578e-04 8.423913043478259075e-03 1.687499999999999556e-01 2.717391304347825578e-04 5.706521739130433063e-03 2.717391304347825578e-04 2.717391304347825578e-04 5.706521739130433063e-03 2.717391304347825578e-04 2.717391304347825578e-04 2.366847826086955764e-01 2.717391304347825578e-04
2.444987775061123925e-04 2.444987775061123925e-04 2.444987775061123925e-04 2.444987775061123925e-04 2.444987775061123925e-04 4.914425427872859409e-02 2.689486552567236805e-03 2.444987775061123925e-04 3.278728606356967057e-01 2.444987775061123925e-04 2.444987775061123925e-04 2.444987775061123925e-04 2.444987775061123925e-04 2.444987775061123925e-04 2.444987775061123925e-04 2.444987775061123925e-04 2.444987775061123925e-04 7.579462102689484872e-03 2.444987775061123925e-04 6.381418092909534046e-02 8.337408312958433099e-02 2.444987775061123925e-04 2.444987775061123925e-04 3.278728606356967057e-01 2.444987775061123925e-04 1.078239608801955657e-01 2.444987775061123925e-04 1.246943765281173164e-02 1.246943765281173164e-02 2.444987775061123925e-04
7.267441860465118889e-05 1.824127906976744790e-02 2.979651162790698284e-03 2.405523255813954431e-02 2.841569767441861488e-02 2.159156976744187051e-01 1.526162790697675048e-03 3.350290697674419838e-02 7.267441860465118889e-05 7.267441860465118889e-05 7.994186046511631049e-04 3.350290697674419838e-02 9.963662790697677685e-02 7.267441860465118889e-05 2.252906976744186666e-03 1.526162790697675048e-03 7.267441860465118889e-05 5.385174418604652541e-02 3.495639534883722421e-02 1.330668604651163156e-01 5.966569767441862182e-02 7.267441860465118889e-05 1.098110465116279438e-01 3.931686046511629479e-02 1.526162790697675048e-03 2.986918604651163725e-02 5.675872093023257015e-02 7.267441860465118889e-05 1.824127906976744790e-02 7.267441860465118889e-05
2.525252525252524708e-04 1.744949494949494251e-01 3.055555555555554761e-02 2.525252525252524708e-04 1.035353535353534908e-02 2.525252525252524708e-04 1.517676767676767180e-01 2.525252525252524708e-04 2.525252525252524708e-04 1.138888888888888590e-01 2.525252525252524708e-04 2.525252525252524708e-04 6.338383838383837565e-02 2.525252525252524708e-04 3.055555555555554761e-02 1.113636363636363313e-01 2.525252525252524708e-04 2.525252525252524708e-04 4.065656565656564775e-02 2.123737373737372980e-01 2.525252525252524708e-04 2.525252525252524708e-04 2.525252525252524708e-04 2.525252525252524708e-04 2.297979797979797165e-02 2.777777777777777016e-03 2.525252525252524708e-04 2.525252525252524708e-04 2.525252525252524708e-04 3.055555555555554761e-02
2.092050209205020524e-04 2.531380753138074563e-02 6.485355648535563733e-03 2.092050209205020524e-04 2.092050209205020524e-04 2.531380753138074563e-02 2.092050209205020524e-04 3.158995815899581089e-02 1.485355648535564496e-02 2.094142259414225327e-01 2.092050209205020524e-04 4.393305439330543426e-03 1.382845188284518301e-01 2.092050209205020524e-04 2.092050209205020524e-04 2.092050209205020524e-04 2.092050209205020524e-04 2.092050209205020524e-04 2.740585774058576507e-02 7.970711297071128576e-02 2.092050209205020524e-04 6.506276150627614274e-02 2.301255230125522685e-03 2.092050209205020524e-04 3.056485355648534963e-01 2.092050209205020524e-04 2.301255230125522685e-03 2.092050209205020524e-04 5.878661087866107748e-02 2.092050209205020524e-04
1.709401709401709129e-04 2.068376068376067897e-02 1.726495726495726191e-02 1.709401709401709129e-04 2.923076923076922684e-02 1.112820512820512503e-01 1.709401709401709129e-04 1.709401709401709129e-04 1.709401709401709129e-04 1.709401709401709129e-04 1.709401709401709129e-04 1.709401709401709129e-04 6.170940170940170111e-02 3.589743589743589307e-03 1.709401709401709129e-04 1.880341880341880123e-03 2.068376068376067897e-02 1.384615384615384311e-02 1.709401709401709129e-04 2.702564102564101733e-01 6.170940170940170111e-02 1.213675213675213457e-02 2.068376068376067897e-02 1.709401709401709129e-04 3.164102564102563298e-01 2.581196581196580631e-02 1.709401709401709129e-04 1.709401709401709129e-04 1.709401709401709129e-04 1.042735042735042431e-02
2.070393374741200272e-04 5.610766045548652714e-02 4.368530020703932648e-02 2.070393374741200272e-04 2.070393374741200272e-04 2.070393374741200272e-04 4.575569358178052659e-02 4.347826086956520057e-03 2.070393374741200272e-04 2.070393374741200272e-04 5.074534161490681372e-01 2.070393374741200272e-04 6.024844720496892736e-02 2.070393374741200272e-04 2.070393374741200272e-04 2.277432712215320381e-03 2.070393374741200272e-04 2.070393374741200272e-04 2.070393374741200272e-04 2.610766045548653103e-01 2.070393374741200272e-04 2.070393374741200272e-04 2.070393374741200272e-04 2.070393374741200272e-04 2.277432712215320381e-03 2.070393374741200272e-04 2.070393374741200272e-04 2.070393374741200272e-04 1.262939958592131963e-02 2.070393374741200272e-04
3.039513677811549273e-04 3.039513677811549273e-04 3.039513677811549273e-04 3.039513677811549273e-04 3.039513677811549273e-04 9.422492401215802962e-03 3.039513677811549273e-04 3.772036474164132125e-01 1.097264437689969285e-01 3.039513677811549273e-04 1.066869300911853780e-01 3.039513677811549273e-04 2.158054711246199658e-02 3.039513677811549273e-04 3.039513677811549273e-04 3.039513677811549273e-04 3.039513677811549273e-04 3.039513677811549273e-04 1.550151975683889891e-02 9.452887537993917566e-02 9.422492401215802962e-03 9.422492401215802962e-03 9.422492401215802962e-03 5.805471124620058959e-02 3.039513677811549273e-04 1.735562310030394628e-01 3.039513677811549273e-04 3.039513677811549273e-04 3.039513677811549273e-04 3.039513677811549273e-04
3.225806451612902139e-04 1.322580645161289779e-02 2.612903225806450375e-02 6.774193548387094817e-03 2.229032258064514993e-01 3.225806451612902139e-04 9.709677419354835470e-02 3.225806451612902139e-04 3.225806451612902139e-04 7.774193548387094144e-02 2.132258064516128204e-01 3.225806451612902139e-04 4.548387096774191701e-02 9.999999999999996739e-03 6.774193548387094817e-03 6.806451612903223480e-02 3.225806451612902139e-04 3.225806451612902139e-04 3.225806451612902139e-04 7.451612903225804385e-02 3.225806451612902139e-04 3.548387096774192461e-03 3.225806451612902139e-04 3.225806451612902139e-04 6.774193548387094817e-03 1.229032258064515770e-01 3.225806451612902139e-04 3.225806451612902139e-04 3.225806451612902139e-04 3.225806451612902139e-04
1.626506024096385089e-02 2.008032128514055769e-04 2.008032128514055769e-04 2.008032128514055769e-04 2.008032128514055769e-04 1.708835341365461391e-01 2.008032128514055769e-04 1.086345381526104131e-01 4.839357429718874753e-02 2.208835341365461644e-03 1.166666666666666408e-01 2.008032128514055769e-04 3.433734939759035959e-02 2.008032128514055769e-04 2.008032128514055769e-04 3.835341365461846647e-02 2.008032128514055769e-04 2.008032128514055769e-04 4.216867469879517251e-03 8.253012048192769068e-02 9.457831325301202519e-02 7.248995983935740961e-02 5.040160642570280097e-02 2.008032128514055769e-04 2.008032128514055769e-04 2.008032128514055769e-04 2.008032128514055769e-04 2.008032128514055769e-04 1.568273092369477373e-01 2.008032128514055769e-04
1.683501683501683591e-04 1.683501683501683591e-04 1.683501683501683591e-04 1.683501683501683591e-04 3.535353535353535567e-03 1.752525252525252430e-01 1.195286195286195292e-02 2.205387205387205479e-02 1.683501683501683591e-04 1.683501683501683591e-04 1.683501683501683591e-04 1.531986531986531848e-02 1.683501683501683591e-04 1.683501683501683591e-04 3.535353535353535567e-03 5.218855218855219212e-03 1.683501683501683591e-04 1.700336700336700299e-02 1.683501683501683591e-04 3.535353535353535567e-03 2.291245791245791197e-01 1.683501683501683591e-04 1.683501683501683591e-04 1.954545454545454364e-01 1.683501683501683591e-04 1.683501683501683591e-04 1.851851851851851923e-03 1.683501683501683591e-04 3.132996632996633002e-01 1.683501683501683591e-04
2.044989775051124503e-04 2.044989775051124503e-04 2.044989775051124503e-04 2.044989775051124503e-04 1.042944785276073323e-02 2.044989775051124503e-04 2.044989775051124503e-04 2.044989775051124503e-04 2.044989775051124503e-04 2.128834355828220226e-01 2.742331288343557438e-01 1.451942740286298224e-02 1.208588957055214408e-01 2.044989775051124503e-04 2.044989775051124503e-04 2.044989775051124503e-04 2.044989775051124503e-04 2.044989775051124503e-04 2.044989775051124503e-04 2.044989775051124503e-04 1.247443762781185773e-02 2.044989775051124503e-04 2.044989775051124503e-04 2.044989775051124503e-04 6.973415132924333515e-02 1.597137014314927994e-01 1.065439672801635762e-01 2.044989775051124503e-04 1.451942740286298224e-02 2.044989775051124503e-04
2.551020408163264452e-04 2.551020408163264452e-04 2.551020408163264452e-04 2.806122448979591223e-03 1.788265306122448217e-01 5.357142857142855458e-03 5.357142857142855458e-03 2.806122448979591223e-03 2.551020408163264452e-04 6.403061224489794978e-02 3.140306122448978665e-01 2.551020408163264452e-04 9.719387755102038007e-02 2.551020408163264452e-04 5.357142857142855458e-03 1.811224489795917880e-02 2.551020408163264452e-04 2.551020408163264452e-04 2.321428571428570814e-02 1.456632653061224192e-01 2.551020408163264452e-04 2.551020408163264452e-04 2.551020408163264452e-04 2.551020408163264452e-04 4.107142857142856429e-02 9.209183673469385767e-02 2.551020408163264452e-04 2.551020408163264452e-04 2.551020408163264452e-04 2.551020408163264452e-04
2.246696035242290793e-02 4.405286343612335536e-04 4.405286343612335536e-04 4.405286343612335536e-04 3.568281938325991443e-02 4.405286343612335536e-04 3.568281938325991443e-02 4.405286343612335536e-04 4.405286343612335536e-04 4.405286343612335536e-04 1.806167400881057358e-02 4.405286343612335536e-04 5.770925110132159308e-02 9.251101321585904896e-03 2.118942731277533298e-01 4.405286343612335536e-04 4.405286343612335536e-04 4.405286343612335536e-04 4.405286343612335536e-04 9.735682819383262299e-02 4.405286343612335536e-04 4.405286343612335536e-04 4.405286343612335536e-04 4.405286343612335536e-04 4.845814977973569686e-03 1.370044052863436390e-01 9.251101321585904896e-03 4.405286343612335536e-04 4.405286343612335536e-04 3.528634361233480288e-01
3.205128205128204041e-04 1.634615384615384012e-02 2.599358974358973451e-01 3.525641025641024825e-03 9.935897435897431823e-03 3.205128205128204041e-04 6.730769230769228541e-03 3.205128205128204041e-04 3.205128205128204041e-04 4.839743589743587815e-02 3.205128205128204041e-04 1.634615384615384012e-02 3.205128205128204041e-04 3.205128205128204041e-04 3.205128205128204041e-04 3.205128205128204041e-04 1.830128205128204455e-01 3.205128205128204041e-04 3.878205128205126917e-02 1.285256410256409854e-01 6.730769230769228541e-03 9.935897435897431823e-03 3.205128205128204041e-04 3.205128205128204041e-04 2.182692307692306599e-01 3.205128205128204041e-04 4.839743589743587815e-02 3.205128205128204041e-04 3.205128205128204041e-04 3.205128205128204041e-04
9.234234234234231856e-03 2.252252252252251745e-04 2.252252252252251745e-04 2.477477477477476892e-03 2.252252252252251745e-04 4.729729729729729125e-03 2.252252252252251745e-04 1.668918918918918248e-01 2.252252252252251745e-04 2.252252252252251745e-04 2.252252252252251745e-04 4.527027027027025891e-02 3.626126126126125171e-02 2.252252252252251745e-04 2.499999999999999445e-02 2.252252252252251745e-04 2.252252252252251745e-04 2.479729729729729104e-01 2.252252252252251745e-04 1.195945945945945665e-01 4.729729729729729125e-03 2.252252252252251745e-04 4.752252252252251591e-02 4.977477477477476597e-02 2.252252252252251745e-04 4.729729729729729125e-03 2.252252252252251745e-04 2.252252252252251745e-04 2.164414414414413679e-01 1.599099099099098725e-02
3.436426116838486606e-04 3.436426116838486606e-04 3.436426116838486606e-04 3.780068728522335483e-03 1.137457044673539086e-01 3.436426116838486606e-04 3.436426116838486606e-04 3.436426116838486606e-04 3.780068728522335483e-03 1.756013745704466666e-01 3.611683848797249130e-01 3.436426116838486606e-04 3.436426116838486606e-04 3.436426116838486606e-04 3.436426116838486606e-04 3.436426116838486606e-04 1.408934707903779400e-02 1.065292096219930956e-02 3.436426116838486606e-04 1.408934707903779400e-02 3.436426116838486606e-04 7.938144329896903995e-02 3.436426116838486606e-04 3.436426116838486606e-04 1.343642611683848187e-01 8.281786941580752959e-02 3.436426116838486606e-04 3.436426116838486606e-04 3.436426116838486606e-04 3.436426116838486606e-04
3.197278911564625098e-02 2.494331065759636690e-03 2.290249433106575361e-02 1.156462585034013189e-02 2.267573696145124289e-04 2.267573696145124289e-04 1.294784580498865856e-01 1.317460317460317221e-01 2.267573696145124289e-04 1.498866213151927029e-01 1.294784580498865856e-01 2.517006802721087622e-02 2.267573696145124289e-04 4.761904761904760600e-03 2.267573696145124289e-04 2.267573696145124289e-04 2.267573696145124289e-04 2.970521541950112490e-02 2.267573696145124289e-04 7.278911564625849262e-02 2.267573696145124289e-04 2.267573696145124289e-04 1.383219954648525624e-02 9.546485260770973258e-02 2.267573696145124289e-04 1.362811791383219673e-01 9.297052154195007551e-03 2.267573696145124289e-04 2.267573696145124289e-04 2.267573696145124289e-04
1.317523056653491058e-04 1.317523056653491058e-04 1.317523056653491058e-04 1.317523056653491058e-04 1.317523056653491058e-04 7.786561264822132455e-02 2.766798418972331221e-03 1.449275362318840164e-03 1.317523056653491058e-04 1.317523056653491058e-04 3.255599472990776122e-01 3.965744400527008301e-02 2.766798418972331221e-03 1.317523056653491058e-04 5.401844532279312903e-03 1.317523056653491058e-04 1.317523056653491058e-04 2.516469038208168224e-02 1.725955204216073069e-02 1.358366271409749138e-01 1.317523056653491058e-04 7.259552042160735685e-02 4.097496706192357147e-02 1.317523056653491058e-04 1.989459815546771454e-02 1.317523056653491058e-04 2.766798418972331221e-03 1.317523056653491058e-04 2.280632411067192999e-01 1.317523056653491058e-04
2.747252747252746708e-04 2.747252747252746708e-04 2.747252747252746708e-04 2.747252747252746708e-04 2.499999999999999098e-02 2.747252747252746708e-04 6.346153846153844424e-02 2.145604395604394643e-01 2.747252747252746708e-04 5.247252747252745958e-02 2.557692307692306932e-01 2.747252747252746708e-04 2.747252747252746708e-04 2.747252747252746708e-04 2.747252747252746708e-04 3.021978021978021216e-03 2.747252747252746708e-04 3.021978021978021216e-03 2.747252747252746708e-04 2.747252747252746708e-04 6.620879120879119561e-02 5.769230769230767816e-03 2.747252747252746708e-04 1.348901098901098550e-01 2.747252747252746708e-04 7.994505494505492471e-02 1.126373626373625841e-02 2.747252747252746708e-04 7.994505494505492471e-02 2.747252747252746708e-04
1.032745591939546181e-02 2.518891687657430121e-04 2.040302267002518100e-02 2.518891687657430121e-04 2.518891687657430121e-04 2.518891687657430121e-04 4.559193954659948589e-02 2.974811083123424793e-01 2.518891687657430121e-04 4.055415617128462630e-02 1.488664987405541040e-01 5.289672544080603091e-03 2.518891687657430121e-04 2.518891687657430121e-04 2.518891687657430121e-04 2.518891687657430121e-04 3.803526448362719303e-02 2.518891687657430121e-04 2.518891687657430121e-04 2.544080604534004059e-02 2.518891687657430121e-04 1.032745591939546181e-02 5.289672544080603091e-03 1.136020151133500938e-01 2.518891687657430121e-04 1.639798488664986897e-01 2.518891687657430121e-04 3.047858942065490365e-02 4.055415617128462630e-02 2.518891687657430121e-04
6.587615283267458000e-05 3.359683794466402848e-03 1.587615283267457267e-02 3.359683794466402848e-03 6.587615283267458000e-05 4.156785243741765307e-02 3.359683794466402848e-03 6.653491436100131794e-03 8.629776021080368814e-03 6.587615283267458000e-05 6.587615283267458000e-05 6.264822134387351693e-02 1.587615283267457267e-02 6.587615283267458000e-05 1.048089591567852447e-01 1.916996047430830075e-02 8.109354413702239694e-02 6.587615283267458000e-05 2.700922266139657319e-03 6.923583662714097309e-02 1.455862977602108074e-02 6.587615283267458000e-05 6.587615283267458000e-05 6.587615283267458000e-05 8.629776021080368814e-03 6.587615283267458000e-05 6.587615283267458000e-05 1.587615283267457267e-02 4.552042160737812537e-02 4.763504611330698357e-01
2.003642987249544191e-03 2.021857923497267367e-02 1.821493624772313024e-04 1.821493624772313024e-04 1.821493624772313024e-04 1.821493624772313024e-04 1.768670309653915806e-01 1.386156648451730145e-01 1.821493624772313024e-04 1.276867030965391225e-01 5.482695810564661848e-02 3.825136612021857486e-03 1.821493624772313024e-04 1.821493624772313024e-04 8.579234972677593496e-02 1.821493624772313024e-04 1.821493624772313024e-04 1.821493624772313024e-04 1.821493624772313024e-04 1.821493624772313024e-04 1.821493624772313024e-04 1.821493624772313024e-04 1.821493624772313024e-04 1.604735883424407705e-01 4.025500910746811906e-02 1.677595628415300133e-01 1.657559198542804535e-02 1.821493624772313024e-04 2.003642987249544191e-03 1.821493624772313024e-04
1.105747126436781302e-01 5.999999999999999084e-02 2.298850574712643321e-04 2.298850574712643321e-04 2.298850574712643321e-04 2.298850574712643321e-04 2.528735632183907490e-03 1.402298850574712138e-02 2.324137931034482019e-01 2.528735632183907490e-03 3.931034482758619802e-02 2.298850574712643321e-04 2.298850574712643321e-04 2.298850574712643321e-04 8.528735632183906401e-02 2.298850574712643321e-04 7.126436781609193916e-03 7.126436781609193916e-03 2.528735632183907490e-03 8.298850574712642036e-02 2.298850574712643321e-04 2.485057471264366935e-01 2.298850574712643321e-04 2.298850574712643321e-04 2.298850574712643321e-04 2.298850574712643321e-04 4.827586206896550269e-03 2.298850574712643321e-04 4.160919540229884167e-02 5.540229885057470355e-02
1.190476190476190340e-04 1.190476190476190340e-04 3.345238095238094872e-02 1.190476190476190340e-04 1.916666666666666519e-02 1.321428571428571140e-02 9.059523809523807591e-02 1.858333333333332948e-01 4.773809523809523225e-02 1.190476190476190340e-04 4.773809523809523225e-02 3.464285714285714191e-02 1.155952380952380704e-01 1.190476190476190340e-04 2.499999999999999618e-03 1.190476190476190340e-04 4.880952380952379918e-03 1.190476190476190340e-04 9.642857142857140518e-03 1.251190476190476020e-01 1.190476190476190340e-04 1.797619047619047200e-02 1.190476190476190340e-04 1.190476190476190340e-04 1.190476190476190340e-04 4.297619047619047339e-02 1.440476190476190285e-02 1.190476190476190340e-04 1.929761904761904401e-01 1.190476190476190340e-04
1.763668430335096850e-04 1.763668430335096850e-04 1.763668430335096850e-04 1.763668430335096850e-04 1.763668430335096850e-04 1.763668430335096850e-04 2.206349206349205727e-01 1.783068783068782748e-01 1.763668430335096850e-04 5.308641975308640848e-02 1.765432098765431779e-01 1.763668430335096850e-04 1.763668430335096850e-04 1.763668430335096850e-04 1.763668430335096850e-04 1.763668430335096850e-04 1.763668430335096850e-04 1.763668430335096850e-04 1.763668430335096850e-04 1.763668430335096850e-04 1.763668430335096850e-04 1.763668430335096850e-04 1.763668430335096850e-04 1.871252204585537315e-01 1.763668430335096850e-04 1.536155202821869181e-01 1.763668430335096850e-04 1.763668430335096850e-04 2.663139329805995839e-02 1.763668430335096850e-04
2.759295499021525641e-02 1.956947162426614264e-04 4.109589041095890009e-03 2.152641878669275637e-03 1.956947162426614264e-04 2.152641878669275637e-03 9.217221135029352030e-02 2.330724070450097274e-01 3.150684931506848863e-02 1.802348336594911393e-01 6.086105675146769728e-02 1.956947162426614264e-04 6.066536203522503515e-03 1.956947162426614264e-04 7.260273972602739045e-02 1.956947162426614264e-04 8.023483365949116153e-03 8.023483365949116153e-03 1.956947162426614264e-04 1.389432485322895927e-02 1.956947162426614264e-04 1.956947162426614264e-04 1.956947162426614264e-04 4.129158512720156049e-02 2.172211350293541676e-02 9.217221135029352030e-02 2.152641878669275637e-03 7.260273972602739045e-02 6.066536203522503515e-03 1.976516634050880239e-02
5.076142131979696770e-04 5.076142131979696770e-04 1.573604060913705999e-02 5.076142131979696770e-04 2.588832487309645353e-02 5.076142131979696770e-04 1.065989847715736322e-02 5.076142131979696770e-04 5.076142131979696770e-04 1.065989847715736322e-02 5.076142131979696770e-04 5.076142131979696770e-04 5.076142131979696770e-04 5.076142131979696770e-04 5.076142131979696770e-04 5.182741116751270471e-01 1.065989847715736322e-02 1.065989847715736322e-02 2.081218274111675676e-02 1.426395939086294862e-01 5.583756345177667314e-03 1.071065989847716088e-01 5.076142131979696770e-04 5.076142131979696770e-04 5.076142131979696770e-04 5.076142131979696770e-04 5.076142131979696770e-04 1.065989847715736322e-02 1.020304568527919120e-01 5.076142131979696770e-04
1.533742331288343106e-04 3.220858895705520659e-03 1.533742331288343106e-04 1.533742331288343106e-04 1.533742331288343106e-04 3.542944785276072595e-02 1.242331288343557875e-02 2.148773006134968577e-01 3.220858895705520659e-03 9.355828220858892000e-03 3.973926380368096867e-01 1.533742331288343106e-04 1.533742331288343106e-04 1.533742331288343106e-04 1.533742331288343106e-04 1.533742331288343106e-04 1.533742331288343106e-04 1.533742331288343106e-04 3.220858895705520659e-03 1.197852760736195787e-01 1.533742331288343106e-04 1.395705521472392040e-02 1.533742331288343106e-04 1.533742331288343106e-04 1.533742331288343106e-04 1.197852760736195787e-01 1.533742331288343106e-04 2.162576687116563728e-02 4.309815950920244110e-02 1.533742331288343106e-04
1.555869872701555424e-03 5.799151343705797115e-03 1.414427157001414096e-04 1.414427157001414096e-04 1.145685997171145241e-02 1.414427157001414096e-04 2.135785007072135006e-02 2.787835926449787061e-01 1.555869872701555424e-03 7.510608203677508754e-02 4.964639321074963002e-02 4.823196605374821533e-02 2.066478076379065776e-01 1.555869872701555424e-03 1.414427157001414096e-04 2.970297029702969466e-03 2.701555869872700882e-02 1.555869872701555424e-03 1.414427157001414096e-04 1.415841584158415434e-01 1.414427157001414096e-04 1.414427157001414096e-04 1.414427157001414096e-04 1.414427157001414096e-04 1.414427157001414096e-04 4.398868458274397819e-02 1.414427157001414096e-04 3.408769448373407535e-02 4.540311173974539288e-02 1.414427157001414096e-04
3.448275862068964168e-04 3.137931034482756981e-02 3.448275862068964168e-04 3.448275862068964168e-04 2.103448275862068034e-02 3.448275862068964168e-04 8.655172413793101038e-02 3.448275862068964168e-04 3.448275862068964168e-04 2.103448275862068034e-02 3.244827586206894821e-01 3.448275862068964168e-04 1.279310344827585821e-01 3.448275862068964168e-04 3.448275862068964168e-04 3.448275862068964168e-04 2.448275862068964581e-02 3.448275862068964168e-04 2.103448275862068034e-02 1.348275862068964992e-01 3.448275862068964168e-04 6.931034482758618998e-02 3.448275862068964168e-04 1.413793103448275114e-02 3.448275862068964168e-04 1.003448275862068584e-01 3.448275862068964168e-04 3.448275862068964168e-04 1.758620689655171487e-02 3.448275862068964168e-04
3.558718861209964122e-04 3.558718861209964122e-04 7.508896797153023772e-02 3.558718861209964122e-04 7.473309608540924277e-03 3.558718861209964122e-04 1.213523131672597649e-01 3.558718861209964122e-04 3.558718861209964122e-04 3.558718861209964122e-04 1.711743772241992589e-01 3.558718861209964122e-04 1.640569395017793253e-01 3.558718861209964122e-04 3.558718861209964122e-04 3.558718861209964122e-04 6.797153024911031793e-02 3.558718861209964122e-04 3.558718861209964122e-04 2.352313167259785787e-01 3.950177935943059715e-02 3.558718861209964122e-04 3.558718861209964122e-04 3.558718861209964122e-04 3.558718861209964122e-04 9.644128113879002484e-02 3.558718861209964122e-04 3.558718861209964122e-04 3.558718861209964122e-04 1.459074733096085014e-02
4.065040650406505146e-04 1.260162601626016628e-02 5.654471544715448106e-01 4.065040650406505146e-04 4.065040650406505146e-04 4.065040650406505146e-04 4.065040650406505146e-04 4.065040650406505146e-04 4.065040650406505146e-04 3.292682926829269136e-02 4.065040650406505146e-04 4.065040650406505146e-04 4.065040650406505146e-04 2.479674796747968063e-02 1.467479674796748346e-01 4.065040650406505146e-04 4.065040650406505146e-04 4.065040650406505146e-04 6.544715447154474119e-02 1.223577235772358024e-01 4.065040650406505146e-04 4.471544715447155552e-03 4.065040650406505146e-04 4.065040650406505146e-04 4.065040650406505146e-04 4.065040650406505146e-04 4.065040650406505146e-04 1.666666666666666990e-02 4.065040650406505146e-04 4.065040650406505146e-04
2.197802197802197258e-04 2.197802197802197258e-04 2.197802197802197258e-04 2.197802197802197258e-04 9.010989010989008813e-03 1.167032967032966828e-01 1.057142857142856912e-01 2.197802197802197258e-04 2.197802197802197258e-04 2.417582417582417147e-03 2.197802197802197258e-04 2.417582417582417147e-03 2.197802197802197258e-04 3.978021978021977628e-02 2.197802197802197258e-04 6.813186813186811880e-03 2.197802197802197258e-04 1.189010989010988728e-01 2.439560439560438734e-02 6.395604395604394254e-02 1.518681318681318060e-01 6.813186813186811880e-03 2.197802197802197258e-04 9.252747252747250961e-02 2.417582417582417147e-03 1.167032967032966828e-01 2.197802197802197258e-04 3.538461538461537548e-02 1.013186813186812973e-01 2.197802197802197258e-04
1.109090909090908877e-02 1.818181818181817801e-04 1.472727272727272427e-02 1.818181818181817801e-04 1.818181818181817801e-04 2.745454545454544676e-02 1.365454545454544977e-01 7.109090909090907962e-02 1.818181818181817801e-04 6.563636363636363158e-02 1.092727272727272575e-01 1.818181818181817801e-04 1.818181818181817801e-04 4.745454545454545064e-02 1.818181818181817801e-04 3.836363636363635671e-02 1.654545454545454028e-02 1.818181818181817801e-04 1.999999999999999608e-03 1.383636363636363276e-01 1.818181818181817801e-04 1.818181818181817801e-04 3.818181818181817355e-03 4.381818181818181168e-02 3.109090909090908572e-02 1.910909090909090335e-01 1.818181818181817801e-04 1.818181818181817801e-04 1.818181818181817801e-04 4.927272727272726666e-02
2.044989775051124503e-04 2.044989775051124503e-04 2.044989775051124503e-04 2.044989775051124503e-04 2.044989775051124503e-04 2.044989775051124503e-04 8.404907975460121361e-02 4.562372188139058315e-01 2.044989775051124503e-04 5.950920245398771957e-02 2.374233128834355167e-01 2.044989775051124503e-04 2.044989775051124503e-04 4.294478527607361457e-03 2.044989775051124503e-04 2.044989775051124503e-04 2.044989775051124503e-04 2.044989775051124503e-04 2.044989775051124503e-04 5.541922290388547057e-02 2.044989775051124503e-04 2.044989775051124503e-04 2.044989775051124503e-04 1.860940695296522951e-02 2.044989775051124503e-04 4.314928425357872355e-02 2.044989775051124503e-04 2.044989775051124503e-04 3.701431492842535004e-02 2.044989775051124503e-04
2.036659877800406869e-04 2.668024439918532595e-02 2.240325865580447637e-03 2.036659877800406869e-04 2.036659877800406869e-04 5.112016293279020990e-02 2.036659877800406869e-04 2.036659877800406869e-04 6.313645621181260617e-03 2.036659877800406869e-04 2.036659877800406869e-04 2.036659877800406869e-04 6.130346232179224170e-02 7.963340122199590032e-02 4.034623217922605476e-01 2.036659877800406869e-04 2.036659877800406869e-04 2.036659877800406869e-04 2.036659877800406869e-04 1.183299389002036295e-01 4.908350305498980493e-02 1.061099796334011858e-01 3.075356415478613936e-02 2.036659877800406869e-04 2.036659877800406869e-04 4.297352342158858307e-02 2.036659877800406869e-04 2.036659877800406869e-04 1.242362525458247900e-02 6.313645621181260617e-03
3.523266856600189983e-02 2.003798670465337106e-02 2.193732193732193803e-02 1.994301994301994445e-03 9.496676163342830754e-05 9.496676163342830754e-05 8.651471984805317317e-02 1.776828110161443319e-01 5.612535612535612950e-02 7.226970560303892788e-02 1.216524216524216412e-01 2.573599240265907195e-02 9.496676163342830754e-05 2.953466286799620241e-02 1.044634377967711397e-03 4.843304843304843156e-03 3.333333333333333287e-02 1.044634377967711397e-03 9.496676163342830754e-05 4.093067426400760073e-02 9.496676163342830754e-05 1.623931623931624060e-02 9.496676163342830754e-05 3.333333333333333287e-02 6.752136752136751741e-02 1.159544159544159542e-01 7.692307692307691867e-03 9.496676163342830754e-05 9.496676163342830754e-05 2.858499525166191893e-02
6.126482213438733636e-03 1.976284584980236858e-04 1.976284584980236858e-04 1.976284584980236858e-04 1.976284584980236858e-04 2.966403162055334941e-01 1.976284584980236858e-04 1.976284584980236858e-04 1.976284584980236858e-04 1.029644268774703303e-01 1.976284584980236858e-04 3.164031620553358626e-01 1.009881422924901045e-01 3.181818181818181490e-02 2.173913043478260462e-03 1.976284584980236858e-04 1.976284584980236858e-04 2.173913043478260462e-03 1.976284584980236858e-04 3.972332015810275951e-02 4.169960474308299914e-02 1.976284584980236858e-04 4.150197628458497483e-03 1.976284584980236858e-04 1.976284584980236858e-04 4.762845849802370413e-02 1.976284584980236858e-04 1.976284584980236858e-04 4.150197628458497483e-03 1.976284584980236858e-04
1.862197392923649569e-04 2.048417132216014472e-03 9.888268156424578903e-02 7.635009310986962637e-03 1.862197392923649569e-04 1.862197392923649569e-04 6.163873370577280242e-02 7.653631284916199984e-02 1.862197392923649569e-04 1.862197392923649569e-04 1.862197392923649569e-04 5.772811918063313827e-03 7.635009310986962637e-03 1.063314711359403947e-01 3.556797020484171040e-02 1.862197392923649569e-04 9.515828677839849314e-02 1.862197392923649569e-04 8.398510242085659161e-02 1.659217877094971705e-01 4.115456238361265423e-02 1.862197392923649569e-04 2.439478584729980887e-02 1.322160148975791080e-02 5.791433891992549959e-02 9.888268156424578903e-02 1.862197392923649569e-04 1.862197392923649569e-04 1.508379888268156048e-02 1.862197392923649569e-04
2.976190476190475375e-04 2.976190476190475375e-04 2.976190476190475375e-04 2.976190476190475375e-04 3.273809523809523021e-03 3.782738095238094012e-01 2.976190476190475375e-04 2.976190476190475375e-04 6.249999999999997745e-03 2.976190476190475375e-04 4.791666666666665603e-02 2.976190476190475375e-04 1.699404761904761418e-01 3.273809523809523021e-03 2.976190476190475375e-04 3.273809523809523021e-03 2.976190476190475375e-04 8.363095238095236139e-02 2.976190476190475375e-04 2.976190476190475375e-04 6.874999999999997780e-02 2.976190476190475375e-04 2.976190476190475375e-04 2.976190476190475375e-04 2.976190476190475375e-04 6.279761904761903268e-02 2.976190476190475375e-04 1.517857142857142322e-02 1.520833333333332926e-01 2.976190476190475375e-04
3.610108303249096192e-04 3.610108303249096192e-04 6.895306859205774241e-02 3.610108303249096192e-04 3.610108303249096192e-04 6.895306859205774241e-02 3.646209386281586834e-02 3.610108303249096192e-04 3.971119133574005540e-03 3.971119133574005540e-03 3.610108303249096192e-04 3.610108303249096192e-04 3.971119133574005540e-03 3.971119133574005540e-03 3.610108303249096192e-04 3.610108303249096192e-04 4.624548736462091858e-01 3.610108303249096192e-04 3.610108303249096192e-04 3.324909747292417173e-01 3.971119133574005540e-03 3.610108303249096192e-04 3.610108303249096192e-04 3.610108303249096192e-04 3.610108303249096192e-04 3.610108303249096192e-04 3.610108303249096192e-04 3.610108303249096192e-04 3.971119133574005540e-03 3.610108303249096192e-04
1.432664756446991306e-04 3.008595988538681661e-03 1.432664756446991306e-04 1.432664756446991306e-04 1.432664756446991306e-04 3.882521489971346024e-02 3.196275071633237208e-01 7.750716332378222717e-02 1.575931232091690518e-03 1.432664756446991306e-04 1.446991404011460994e-02 1.432664756446991306e-04 8.739255014326645365e-03 1.432664756446991306e-04 2.163323782234956652e-02 1.575931232091690518e-03 1.432664756446991306e-04 1.432664756446991306e-04 1.432664756446991306e-04 1.290830945558738840e-01 1.432664756446991306e-04 1.432664756446991306e-04 1.432664756446991306e-04 9.040114613180515180e-02 1.432664756446991306e-04 1.432664756446991306e-04 1.432664756446991306e-04 1.432664756446991306e-04 2.766475644699140091e-01 1.446991404011460994e-02
4.081632653061225725e-04 3.306122448979592621e-02 4.081632653061225725e-04 4.081632653061225725e-04 4.081632653061225725e-04 4.122448979591837592e-02 4.081632653061225725e-04 3.714285714285715106e-02 2.902040816326530992e-01 3.306122448979592621e-02 4.081632653061225725e-04 2.004081632653061662e-01 9.836734693877553781e-02 4.081632653061225725e-04 4.081632653061225725e-04 2.897959183673469788e-02 4.081632653061225725e-04 4.081632653061225725e-04 6.571428571428573895e-02 4.081632653061225725e-04 4.081632653061225725e-04 2.897959183673469788e-02 9.428571428571431989e-02 4.081632653061225725e-04 4.081632653061225725e-04 4.081632653061225725e-04 4.122448979591837592e-02 4.081632653061225725e-04 4.081632653061225725e-04 4.081632653061225725e-04
1.648550724637680778e-02 1.811594202898550476e-04 1.811594202898550476e-04 1.992753623188405713e-03 3.804347826086955809e-03 1.811594202898550476e-04 6.902173913043477271e-02 2.628623188405796451e-01 1.215579710144927134e-01 4.547101449275361973e-02 6.539855072463766905e-02 2.373188405797100817e-02 1.811594202898550476e-04 1.811594202898550476e-04 1.811594202898550476e-04 1.811594202898550476e-04 1.811594202898550476e-04 3.804347826086955809e-03 7.427536231884055568e-03 1.286231884057970759e-02 1.286231884057970759e-02 6.721014492753621394e-02 1.811594202898550476e-04 1.052536231884057816e-01 7.807971014492752493e-02 5.271739130434782011e-02 2.554347826086956000e-02 1.467391304347825769e-02 1.811594202898550476e-04 7.427536231884055568e-03
5.494505494505495585e-04 5.494505494505495585e-04 5.494505494505495585e-04 5.494505494505495585e-04 1.153846153846154084e-02 1.379120879120879495e-01 5.494505494505495585e-04 5.494505494505495585e-04 5.494505494505495585e-04 9.945054945054947193e-02 2.252747252747253071e-02 9.945054945054947193e-02 3.357142857142857983e-01 5.494505494505495585e-04 5.494505494505495585e-04 5.494505494505495585e-04 5.494505494505495585e-04 5.494505494505495585e-04 1.159340659340659663e-01 8.846153846153848033e-02 5.549450549450549858e-02 5.494505494505495585e-04 6.043956043956045035e-03 5.494505494505495585e-04 5.494505494505495585e-04 5.494505494505495585e-04 5.494505494505495585e-04 5.494505494505495585e-04 1.703296703296703490e-02 5.494505494505495585e-04
2.257336343115123748e-04 2.257336343115123748e-04 2.257336343115123748e-04 2.257336343115123748e-04 4.311512415349886412e-02 2.257336343115123748e-04 1.762979683972911438e-01 1.376975169300225302e-02 2.257336343115123748e-04 1.446952595936794039e-01 1.672686230248306427e-01 2.257336343115123748e-04 2.257336343115123748e-04 2.957110609480811947e-02 9.255079006772005956e-03 2.483069977426636231e-03 5.665914221218960184e-02 2.257336343115123748e-04 2.257336343115123748e-04 8.148984198645596588e-02 2.257336343115123748e-04 2.257336343115123748e-04 2.257336343115123748e-04 5.214446952595935825e-02 5.891647855530472710e-02 1.514672686230247867e-01 2.483069977426636231e-03 6.997742663656883293e-03 2.257336343115123748e-04 2.257336343115123748e-04
3.012048192771083518e-04 3.012048192771083518e-04 3.343373493975902028e-02 3.313253012048191816e-03 3.012048192771083518e-04 1.837349397590360561e-02 3.313253012048191816e-03 3.012048192771083518e-04 3.313253012048191816e-03 3.012048192771083518e-04 3.012048192771083518e-04 7.259036144578311089e-02 2.563253012048191670e-01 6.355421686746985654e-02 9.337349397590358202e-03 3.012048192771083518e-04 2.262048192771083377e-01 3.012048192771083518e-04 3.012048192771083518e-04 2.894578313253010626e-01 3.012048192771083518e-04 9.337349397590358202e-03 3.012048192771083518e-04 3.012048192771083518e-04 3.313253012048191816e-03 3.012048192771083518e-04 3.012048192771083518e-04 3.012048192771083518e-04 3.313253012048191816e-03 3.012048192771083518e-04
1.293260473588341876e-02 5.482695810564661154e-02 1.821493624772312753e-04 1.821493624772312753e-04 3.825136612021856619e-03 5.482695810564661154e-02 4.936247723132967252e-02 9.289617486338793903e-03 2.003642987249543757e-03 5.482695810564661154e-02 5.664845173041892223e-02 3.825136612021856619e-03 4.755919854280508674e-01 1.111111111111110633e-02 1.821493624772312753e-04 1.821493624772312753e-04 6.575591985428048958e-02 1.821493624772312753e-04 2.003642987249543757e-03 3.661202185792348379e-02 1.475409836065573119e-02 1.821493624772312753e-04 1.821493624772312753e-04 1.821493624772312753e-04 5.300546448087430085e-02 1.821493624772312753e-04 1.821493624772312753e-04 1.821493624772312753e-04 3.661202185792348379e-02 1.821493624772312753e-04
2.720306513409960839e-02 3.831417624521072382e-04 3.831417624521072382e-04 3.831417624521072382e-04 5.402298850574711181e-02 3.831417624521072382e-04 3.486590038314175272e-02 3.337164750957853365e-01 3.831417624521072382e-04 3.869731800766282315e-02 3.831417624521072382e-04 3.831417624521072382e-04 1.229885057471264143e-01 3.831417624521072382e-04 6.934865900383141435e-02 5.019157088122604138e-02 1.570881226053639362e-02 2.337164750957853795e-02 8.045977011494251027e-03 3.831417624521072382e-04 3.831417624521072382e-04 3.831417624521072382e-04 3.831417624521072382e-04 3.486590038314175272e-02 3.486590038314175272e-02 1.383141762452106960e-01 3.831417624521072382e-04 8.045977011494251027e-03 3.831417624521072382e-04 3.831417624521072382e-04
2.288329519450800487e-04 5.972540045766588923e-02 2.288329519450800487e-04 1.604118993135010829e-01 2.288329519450800487e-04 9.633867276887869702e-02 2.288329519450800487e-04 2.517162471395880535e-03 2.565217391304346894e-01 8.489702517162470152e-02 2.288329519450800487e-04 2.540045766590388193e-02 2.288329519450800487e-04 2.517162471395880535e-03 2.288329519450800487e-04 2.288329519450800487e-04 2.288329519450800487e-04 2.288329519450800487e-04 2.288329519450800487e-04 4.828375286041188680e-02 6.887871853546909118e-02 2.082379862700228096e-02 3.226544622425628339e-02 2.288329519450800487e-04 2.288329519450800487e-04 2.288329519450800487e-04 1.375286041189930919e-01 2.288329519450800487e-04 2.288329519450800487e-04 2.288329519450800487e-04
3.030303030303029433e-03 2.754820936639117666e-04 2.754820936639117666e-04 2.754820936639117666e-04 2.754820936639117666e-04 3.030303030303029433e-03 2.754820936639117666e-04 7.741046831955920859e-02 1.848484848484847620e-01 4.435261707988980007e-02 1.242424242424242098e-01 2.754820936639117666e-04 9.118457300275480126e-02 1.129476584022038113e-02 2.754820936639117666e-04 2.754820936639117666e-04 2.754820936639117666e-04 3.030303030303029433e-03 2.754820936639117666e-04 2.754820936639117666e-04 2.754820936639117666e-04 2.647382920110191717e-01 1.242424242424242098e-01 2.754820936639117666e-04 6.363636363636361593e-02 2.754820936639117666e-04 2.754820936639117666e-04 2.754820936639117666e-04 2.754820936639117666e-04 2.754820936639117666e-04
4.504504504504505658e-04 5.900900900900902385e-02 4.504504504504505658e-04 1.581081081081081585e-01 4.504504504504505658e-04 4.504504504504505658e-04 4.504504504504505658e-04 4.504504504504505658e-04 4.644144144144145003e-01 4.549549549549550265e-02 4.504504504504505658e-04 4.504504504504505658e-04 4.504504504504505658e-04 4.954954954954956386e-03 1.846846846846847065e-02 4.504504504504505658e-04 1.396396396396396879e-02 4.504504504504505658e-04 1.396396396396396879e-02 7.252252252252254505e-02 4.504504504504505658e-04 3.198198198198198838e-02 4.504504504504505658e-04 4.504504504504505658e-04 4.504504504504505658e-04 4.504504504504505658e-04 1.085585585585585877e-01 4.504504504504505658e-04 4.504504504504505658e-04 4.504504504504505658e-04
