1.366863905325444439e-01 5.917159763313611714e-04 5.917159763313611714e-04 1.834319526627219490e-02 5.917159763313611714e-04 6.278106508875741509e-01 5.917159763313611714e-04 2.426035502958580337e-02 3.017751479289941530e-02 5.917159763313611714e-04 5.917159763313611714e-04 5.917159763313611714e-04 5.917159763313611714e-04 5.917159763313611714e-04 6.508875739644972777e-03 4.201183431952663916e-02 5.917159763313611714e-04 5.917159763313611714e-04 5.384615384615386302e-02 5.917159763313611714e-04 6.508875739644972777e-03 5.917159763313611714e-04 5.917159763313611714e-04 5.917159763313611714e-04 4.201183431952663916e-02 5.917159763313611714e-04 5.917159763313611714e-04 5.917159763313611714e-04 5.917159763313611714e-04 5.917159763313611714e-04
1.066929133858268014e-01 3.937007874015749061e-04 3.937007874015749061e-04 6.338582677165356671e-02 3.937007874015749061e-04 3.937007874015749061e-04 1.220472440944882220e-02 9.488188976377955053e-02 8.700787401574805457e-02 8.267716535433072486e-03 3.937007874015749061e-04 3.937007874015749061e-04 3.937007874015749061e-04 3.937007874015749061e-04 3.937007874015749061e-04 3.937007874015749061e-04 2.795275590551181757e-02 3.937007874015749061e-04 3.937007874015749061e-04 4.330708661417324509e-03 3.625984251968504268e-01 3.976377952755906497e-02 1.614173228346457017e-02 2.401574803149606613e-02 3.937007874015749061e-04 7.125984251968506267e-02 2.401574803149606613e-02 5.157480314960630891e-02 3.937007874015749061e-04 3.937007874015749061e-04
1.292857142857143093e-01 4.292857142857143815e-01 7.142857142857145019e-04 7.142857142857145019e-04 2.928571428571428992e-02 7.142857142857145019e-04 7.142857142857145019e-04 7.142857142857145019e-04 7.142857142857145019e-04 7.142857142857145019e-04 1.007142857142857284e-01 7.142857142857145019e-04 7.142857142857145019e-04 1.500000000000000291e-02 6.500000000000001610e-02 5.071428571428571869e-02 7.142857142857145019e-04 7.142857142857145019e-04 7.142857142857145019e-04 2.214285714285714815e-02 7.142857142857145019e-04 2.214285714285714815e-02 7.857142857142859413e-03 7.142857142857145019e-04 7.142857142857145019e-04 7.142857142857145019e-04 7.142857142857145019e-04 2.928571428571428992e-02 8.642857142857143793e-02 7.142857142857145019e-04
1.419326241134751532e-01 8.865248226950353853e-05 1.427304964539006897e-02 3.820921985815602107e-02 1.596631205673758602e-01 1.338652482269503223e-02 4.521276595744679570e-03 6.303191489361700817e-02 2.845744680851063427e-02 6.294326241134750449e-03 2.579787234042552752e-02 8.865248226950353853e-05 5.416666666666665464e-02 8.865248226950353853e-05 8.865248226950353853e-05 6.923758865248225147e-02 4.264184397163119783e-02 8.865248226950353853e-05 2.402482269503545750e-02 3.643617021276595452e-02 1.515957446808510398e-02 8.865248226950353853e-05 4.175531914893616109e-02 8.067375886524820461e-03 8.865248226950353853e-05 8.865248226950353853e-05 2.047872340425531748e-02 5.505319148936169138e-02 9.751773049645388967e-04 1.357269503546099099e-01
4.566210045662100854e-04 1.328767123287671326e-01 4.566210045662100854e-04 7.808219178082193013e-02 1.009132420091324311e-01 5.022831050228311264e-03 4.611872146118721483e-02 1.872146118721461014e-02 4.566210045662100854e-04 4.566210045662100854e-04 2.785388127853881055e-02 4.566210045662100854e-04 4.566210045662100854e-04 4.566210045662100854e-04 4.566210045662100854e-04 7.808219178082193013e-02 5.022831050228311264e-03 1.872146118721461014e-02 9.178082191780823074e-02 4.566210045662100854e-04 4.566210045662100854e-04 4.566210045662100854e-04 4.566210045662100854e-04 4.566210045662100854e-04 2.744292237442922389e-01 4.566210045662100854e-04 4.566210045662100854e-04 1.146118721461187318e-01 4.566210045662100854e-04 4.566210045662100854e-04
9.788135593220341490e-02 4.237288135593221842e-04 4.237288135593221842e-04 4.237288135593221842e-04 4.237288135593221842e-04 5.300847457627119175e-01 1.737288135593220706e-02 1.021186440677966378e-01 4.237288135593221842e-04 4.237288135593221842e-04 5.974576271186442245e-02 1.313559322033898587e-02 4.237288135593221842e-04 4.237288135593221842e-04 4.237288135593221842e-04 4.237288135593221842e-04 4.237288135593221842e-04 4.237288135593221842e-04 4.237288135593221842e-04 6.822033898305086830e-02 4.237288135593221842e-04 4.237288135593221842e-04 4.237288135593221842e-04 4.661016949152543484e-03 9.788135593220341490e-02 4.237288135593221842e-04 4.237288135593221842e-04 4.237288135593221842e-04 4.237288135593221842e-04 4.237288135593221842e-04
1.038288288288288091e-01 2.252252252252251745e-04 2.252252252252251745e-04 9.256756756756755189e-02 9.932432432432430902e-02 2.725225225225224451e-02 2.252252252252251745e-04 8.130630630630629463e-02 2.252252252252251745e-04 2.477477477477476892e-03 1.195945945945945665e-01 2.252252252252251745e-04 2.252252252252251745e-04 2.477477477477476892e-03 4.527027027027025891e-02 1.218468468468468235e-01 2.477477477477476892e-03 2.252252252252251745e-04 1.015765765765765521e-01 2.252252252252251745e-04 2.252252252252251745e-04 2.274774774774774092e-02 2.252252252252251745e-04 2.252252252252251745e-04 5.202702702702701604e-02 2.252252252252251745e-04 2.252252252252251745e-04 2.499999999999999445e-02 9.481981981981979501e-02 2.477477477477476892e-03
4.901960784313726506e-04 4.901960784313726506e-04 1.519607843137255228e-02 2.500000000000000139e-02 4.460784313725490308e-02 4.901960784313726506e-04 5.392156862745098832e-03 1.034313725490196290e-01 4.901960784313726506e-04 5.392156862745098832e-03 7.892156862745099144e-02 4.901960784313726506e-04 4.901960784313726506e-04 4.901960784313726506e-04 1.769607843137255276e-01 4.901960784313726506e-04 4.901960784313726506e-04 4.901960784313726506e-04 4.901960784313726506e-04 1.279411764705882526e-01 4.901960784313726506e-04 4.901960784313726506e-04 4.901960784313726506e-04 5.392156862745098832e-03 2.308823529411765108e-01 2.009803921568627597e-02 2.500000000000000139e-02 9.852941176470590701e-02 2.990196078431372681e-02 4.901960784313726506e-04
2.061855670103092343e-04 1.032989690721649312e-01 2.268041237113401550e-03 1.672164948453607747e-01 1.610309278350514905e-01 2.061855670103092343e-04 2.061855670103092343e-04 1.094845360824742014e-01 2.061855670103092343e-04 2.061855670103092343e-04 2.061855670103092343e-04 2.061855670103092343e-04 2.061855670103092343e-04 2.268041237113401550e-03 8.453608247422677441e-03 1.630927835051545760e-01 2.061855670103092343e-04 2.061855670103092343e-04 2.082474226804123182e-02 5.175257731958762125e-02 2.061855670103092343e-04 2.268041237113401550e-03 2.061855670103092343e-04 2.061855670103092343e-04 6.824742268041235349e-02 1.051546391752576984e-02 2.061855670103092343e-04 3.525773195876288207e-02 9.092783505154637680e-02 2.061855670103092343e-04
5.063025210084032973e-02 7.794117647058822207e-02 2.310924369747898756e-03 1.997899159663864832e-01 1.367647058823528994e-01 2.100840336134453365e-04 2.100840336134453365e-04 1.409663865546217920e-01 2.100840336134453365e-04 2.100840336134453365e-04 4.411764705882352013e-03 2.100840336134453365e-04 2.100840336134453365e-04 2.100840336134453365e-04 6.512605042016805269e-03 2.060924369747898499e-01 2.100840336134453365e-04 2.100840336134453365e-04 2.100840336134453365e-04 2.100840336134453365e-04 2.310924369747898756e-03 2.100840336134453365e-04 2.100840336134453365e-04 4.852941176470587648e-02 2.100840336134453365e-04 6.512605042016805269e-03 2.100840336134453365e-04 7.794117647058822207e-02 3.172268907563024348e-02 4.411764705882352013e-03
7.352941176470590302e-04 7.352941176470590302e-04 7.352941176470590302e-04 1.551470588235294434e-01 7.352941176470590302e-04 7.352941176470590302e-04 7.352941176470590302e-04 7.352941176470590302e-04 3.014705882352941568e-02 7.352941176470590302e-04 7.352941176470590302e-04 7.352941176470590302e-04 8.088235294117649549e-03 7.352941176470590302e-04 8.088235294117649549e-03 6.691176470588236502e-02 7.352941176470590302e-04 7.352941176470590302e-04 2.286764705882353421e-01 1.036764705882353144e-01 7.352941176470590302e-04 7.352941176470590302e-04 7.352941176470590302e-04 2.139705882352941624e-01 2.279411764705882928e-02 7.352941176470590302e-04 7.352941176470590302e-04 1.257352941176470840e-01 7.352941176470590302e-04 2.279411764705882928e-02
9.665271966527200220e-02 4.184100418410043216e-04 4.184100418410043216e-04 4.184100418410043216e-04 4.184100418410043216e-04 6.071129707112972174e-01 4.184100418410043216e-04 4.184100418410043216e-04 4.184100418410043216e-04 4.184100418410043216e-04 1.259414225941422882e-01 4.184100418410043216e-04 2.970711297071130380e-02 4.184100418410043216e-04 4.184100418410043216e-04 4.184100418410043216e-04 4.184100418410043216e-04 2.133891213389121563e-02 4.184100418410043216e-04 4.184100418410043216e-04 4.644351464435147320e-02 4.184100418410043216e-04 4.184100418410043216e-04 2.133891213389121563e-02 3.807531380753138850e-02 4.184100418410043216e-04 4.184100418410043216e-04 4.184100418410043216e-04 4.602510460251047104e-03 4.184100418410043216e-04
7.921348314606743712e-02 5.617977528089889219e-04 3.713483146067416696e-01 1.859550561797753410e-01 1.691011235955056924e-01 1.179775280898876823e-02 5.617977528089889219e-04 5.617977528089889219e-04 5.617977528089889219e-04 5.617977528089889219e-04 5.617977528089889219e-04 5.617977528089889219e-04 3.988764044943821085e-02 3.426966292134832337e-02 5.617977528089889219e-04 5.617977528089889219e-04 3.426966292134832337e-02 5.617977528089889219e-04 5.617977528089889219e-04 5.617977528089889219e-04 5.617977528089889219e-04 5.617977528089889219e-04 6.179775280898879009e-03 5.617977528089889219e-04 5.112359550561799276e-02 5.617977528089889219e-04 5.617977528089889219e-04 6.179775280898879009e-03 5.617977528089889219e-04 5.617977528089889219e-04
6.882129277566537140e-02 3.802281368821291453e-04 3.802281368821291453e-04 3.802281368821291453e-04 3.802281368821291453e-04 6.201520912547525688e-01 3.802281368821291453e-04 3.802281368821291453e-04 8.403041825095053374e-02 3.802281368821291453e-04 3.802281368821291453e-04 3.460076045627374919e-02 1.558935361216729279e-02 3.802281368821291453e-04 3.802281368821291453e-04 3.802281368821291453e-04 3.802281368821291453e-04 4.182509505703420165e-03 1.939163498098858338e-02 3.802281368821291453e-04 3.802281368821291453e-04 4.600760456273762095e-02 3.802281368821291453e-04 1.558935361216729279e-02 8.403041825095053374e-02 3.802281368821291453e-04 3.802281368821291453e-04 3.802281368821291453e-04 3.802281368821291453e-04 3.802281368821291453e-04
4.390804597701148532e-02 1.036781609195401993e-01 2.298850574712643321e-04 1.172413793103447947e-02 1.172413793103447947e-02 4.209195402298849253e-01 2.298850574712643321e-04 5.999999999999999084e-02 2.298850574712643321e-04 2.298850574712643321e-04 6.229885057471262755e-02 2.298850574712643321e-04 2.321839080459769597e-02 2.298850574712643321e-04 2.781609195402297979e-02 7.126436781609193916e-03 2.298850574712643321e-04 1.632183908045976503e-02 2.298850574712643321e-04 2.321839080459769597e-02 2.781609195402297979e-02 7.126436781609193916e-03 2.298850574712643321e-04 2.298850574712643321e-04 1.105747126436781302e-01 2.298850574712643321e-04 2.298850574712643321e-04 2.528735632183907490e-03 3.701149425287355438e-02 2.298850574712643321e-04
5.723270440251573832e-02 6.918238993710694625e-03 6.289308176100631871e-04 6.289308176100631871e-04 6.289308176100631871e-04 6.672955974842769145e-01 6.289308176100631871e-04 6.289308176100631871e-04 6.289308176100631871e-04 6.289308176100631871e-04 6.289308176100631871e-04 8.238993710691826233e-02 2.578616352201258677e-02 6.289308176100631871e-04 6.918238993710694625e-03 6.289308176100631871e-04 6.289308176100631871e-04 6.289308176100631871e-04 6.289308176100631871e-04 6.289308176100631871e-04 6.289308176100631871e-04 6.289308176100631871e-04 6.289308176100631871e-04 6.289308176100631871e-04 1.201257861635220692e-01 6.289308176100631871e-04 1.320754716981132650e-02 6.289308176100631871e-04 6.289308176100631871e-04 6.918238993710694625e-03
5.755102040816327535e-02 4.530612244897960078e-02 4.489795918367348732e-03 4.081632653061225725e-04 4.081632653061225725e-04 5.677551020408164728e-01 4.081632653061225725e-04 4.081632653061225725e-04 2.489795918367347302e-02 4.081632653061225725e-04 1.391836734693877864e-01 4.489795918367348732e-03 2.489795918367347302e-02 4.081632653061225725e-04 4.081632653061225725e-04 4.489795918367348732e-03 4.081632653061225725e-04 8.571428571428573590e-03 4.081632653061225725e-04 4.081632653061225725e-04 2.897959183673469788e-02 4.081632653061225725e-04 4.081632653061225725e-04 1.673469387755102331e-02 6.571428571428573895e-02 4.081632653061225725e-04 4.081632653061225725e-04 4.081632653061225725e-04 4.081632653061225725e-04 4.081632653061225725e-04
1.754273504273503315e-01 2.136752136752135937e-04 2.136752136752135937e-04 2.136752136752135937e-04 2.799145299145297874e-02 5.664529914529912169e-01 2.136752136752135937e-04 1.303418803418802778e-02 3.653846153846152661e-02 2.136752136752135937e-04 2.136752136752135937e-04 2.136752136752135937e-04 2.136752136752135937e-04 2.136752136752135937e-04 2.136752136752135937e-04 2.136752136752135937e-04 2.136752136752135937e-04 2.136752136752135937e-04 2.136752136752135937e-04 2.585470085470084264e-02 2.350427350427349450e-03 2.350427350427349450e-03 2.136752136752135937e-04 6.623931623931621215e-03 1.305555555555555081e-01 4.487179487179485116e-03 2.136752136752135937e-04 2.136752136752135937e-04 2.136752136752135937e-04 4.487179487179485116e-03
4.761904761904763527e-04 4.761904761904763527e-04 4.761904761904763527e-04 4.761904761904763527e-04 5.238095238095239609e-03 5.100000000000001199e-01 4.761904761904763527e-04 1.242857142857143327e-01 4.761904761904763527e-04 5.238095238095239609e-03 4.761904761904763527e-04 4.761904761904763527e-04 4.761904761904763527e-04 4.761904761904763527e-04 4.761904761904763527e-04 4.761904761904763527e-04 4.761904761904763527e-04 4.761904761904763527e-04 9.571428571428575172e-02 4.761904761904763527e-04 4.761904761904763527e-04 4.761904761904763527e-04 5.238095238095239609e-03 5.238095238095239609e-03 1.909523809523810123e-01 4.761904761904763527e-04 4.761904761904763527e-04 4.809523809523810756e-02 4.761904761904763527e-04 4.761904761904763527e-04
7.570093457943927184e-02 9.345794392523367041e-04 4.308411214953272173e-01 3.000000000000000999e-01 9.345794392523367041e-04 9.345794392523367041e-04 9.345794392523367041e-04 1.962616822429907176e-02 9.345794392523367041e-04 9.345794392523367041e-04 9.345794392523367041e-04 5.700934579439253386e-02 9.345794392523367041e-04 9.345794392523367041e-04 9.345794392523367041e-04 9.345794392523367041e-04 9.345794392523367041e-04 1.962616822429907176e-02 9.345794392523367041e-04 9.345794392523367041e-04 9.345794392523367041e-04 9.345794392523367041e-04 1.028037383177570450e-02 9.345794392523367041e-04 3.831775700934580281e-02 9.345794392523367041e-04 2.897196261682243729e-02 9.345794392523367041e-04 9.345794392523367041e-04 9.345794392523367041e-04
5.796178343949045381e-02 7.006369426751594270e-03 3.127388535031847550e-01 1.471337579617834623e-01 6.369426751592358526e-04 6.369426751592358526e-04 6.369426751592358526e-04 6.369426751592358526e-04 6.369426751592358526e-04 6.369426751592358526e-04 7.006369426751594270e-03 1.216560509554140412e-01 6.369426751592358526e-04 1.974522292993630829e-02 2.363057324840764917e-01 6.369426751592358526e-04 6.369426751592358526e-04 6.369426751592358526e-04 6.369426751592358526e-04 6.369426751592358526e-04 3.248407643312102577e-02 6.369426751592358526e-04 6.369426751592358526e-04 6.369426751592358526e-04 4.522292993630573632e-02 6.369426751592358526e-04 6.369426751592358526e-04 6.369426751592358526e-04 6.369426751592358526e-04 6.369426751592358526e-04
1.428571428571429047e-02 3.230414746543779358e-01 4.608294930875577659e-04 1.433179723502304714e-01 1.889400921658986390e-02 4.608294930875577659e-04 1.428571428571429047e-02 2.811059907834102117e-02 9.677419354838711837e-03 4.608294930875577659e-04 4.608294930875577659e-04 4.608294930875577659e-04 4.608294930875577659e-04 4.608294930875577659e-04 4.608294930875577659e-04 1.889400921658986390e-02 4.608294930875577659e-04 9.677419354838711837e-03 2.811059907834102117e-02 1.156682027649769962e-01 4.608294930875577659e-04 4.608294930875577659e-04 4.608294930875577659e-04 4.608294930875577659e-04 1.018433179723502585e-01 4.608294930875577659e-04 5.576036866359448257e-02 1.110599078341014123e-01 4.608294930875577659e-04 4.608294930875577659e-04
7.351598173515982992e-02 1.557077625570776336e-01 4.566210045662100854e-04 4.611872146118721483e-02 4.566210045662100854e-04 4.566210045662100854e-04 4.566210045662100854e-04 7.351598173515982992e-02 4.566210045662100854e-04 4.566210045662100854e-04 7.808219178082193013e-02 4.566210045662100854e-04 4.566210045662100854e-04 4.566210045662100854e-04 9.589041095890411467e-03 4.566210045662100854e-04 4.566210045662100854e-04 4.566210045662100854e-04 1.191780821917808320e-01 1.415525114155251167e-02 5.022831050228311264e-03 4.566210045662100854e-04 9.589041095890411467e-03 4.566210045662100854e-04 2.744292237442922389e-01 4.566210045662100854e-04 1.328767123287671326e-01 4.566210045662100854e-04 4.566210045662100854e-04 4.566210045662100854e-04
7.707006369426752657e-02 6.369426751592358526e-04 1.337579617834395128e-02 6.369426751592358526e-04 1.337579617834395128e-02 7.006369426751594270e-03 4.082802547770700841e-01 1.662420382165605559e-01 3.248407643312102577e-02 1.025477707006369754e-01 1.337579617834395128e-02 6.369426751592358526e-04 6.369426751592358526e-04 1.974522292993630829e-02 6.369426751592358526e-04 6.369426751592358526e-04 7.006369426751594270e-03 6.369426751592358526e-04 6.369426751592358526e-04 6.369426751592358526e-04 6.369426751592358526e-04 3.248407643312102577e-02 6.369426751592358526e-04 6.369426751592358526e-04 6.369426751592358526e-04 7.006369426751594270e-03 6.369426751592358526e-04 6.369426751592358526e-04 8.980891719745223711e-02 6.369426751592358526e-04
1.087837837837838106e-01 7.432432432432434580e-03 4.128378378378379510e-01 3.114864864864865801e-01 6.756756756756758216e-04 6.756756756756758216e-04 6.756756756756758216e-04 6.756756756756758216e-04 7.432432432432434580e-03 6.756756756756758216e-04 6.756756756756758216e-04 9.527027027027028250e-02 6.756756756756758216e-04 6.756756756756758216e-04 7.432432432432434580e-03 7.432432432432434580e-03 6.756756756756758216e-04 6.756756756756758216e-04 6.756756756756758216e-04 6.756756756756758216e-04 6.756756756756758216e-04 6.756756756756758216e-04 6.756756756756758216e-04 6.756756756756758216e-04 1.418918918918919171e-02 6.756756756756758216e-04 6.756756756756758216e-04 1.418918918918919171e-02 6.756756756756758216e-04 6.756756756756758216e-04
8.403361344537817797e-04 9.243697478991600228e-03 8.403361344537817797e-04 2.949579831932773732e-01 8.403361344537817797e-04 8.403361344537817797e-04 8.403361344537817797e-04 8.403361344537817797e-04 9.243697478991600228e-03 8.403361344537817797e-04 8.403361344537817797e-04 9.327731092436976346e-02 8.403361344537817797e-04 8.403361344537817797e-04 8.403361344537817797e-04 1.764705882352941846e-02 8.403361344537817797e-04 8.403361344537817797e-04 2.529411764705882804e-01 5.966386554621849747e-02 9.243697478991600228e-03 8.403361344537817797e-04 8.403361344537817797e-04 1.764705882352941846e-02 8.403361344537817797e-04 8.403361344537817797e-04 8.403361344537817797e-04 1.857142857142857761e-01 3.445378151260504451e-02 8.403361344537817797e-04
1.084459459459459069e-01 3.378378378378377482e-04 3.378378378378377482e-04 3.347972972972971251e-01 1.385135135135134518e-02 3.378378378378377482e-04 1.722972972972972028e-02 1.047297297297297008e-02 1.722972972972972028e-02 3.378378378378377482e-04 3.378378378378377482e-04 3.010135135135133533e-01 3.378378378378377482e-04 7.094594594594592386e-03 2.736486486486485251e-02 2.060810810810809884e-02 3.378378378378377482e-04 3.378378378378377482e-04 2.060810810810809884e-02 3.378378378378377482e-04 7.128378378378376345e-02 3.378378378378377482e-04 3.378378378378377482e-04 3.378378378378377482e-04 3.749999999999998473e-02 3.378378378378377482e-04 7.094594594594592386e-03 3.378378378378377482e-04 3.378378378378377482e-04 3.378378378378377482e-04
7.523364485981311189e-02 4.672897196261683521e-04 4.672897196261683521e-04 4.672897196261683521e-04 4.672897196261683521e-04 5.565420560747664780e-01 4.672897196261683521e-04 9.859813084112152570e-02 4.672897196261683521e-04 6.588785046728973249e-02 4.672897196261683521e-04 4.672897196261683521e-04 4.672897196261683521e-04 4.672897196261683521e-04 4.672897196261683521e-04 4.672897196261683521e-04 4.672897196261683521e-04 4.672897196261683521e-04 5.140186915887852252e-03 4.672897196261683521e-04 4.672897196261683521e-04 4.672897196261683521e-04 4.672897196261683521e-04 4.672897196261683521e-04 7.990654205607479466e-02 4.672897196261683521e-04 4.672897196261683521e-04 1.079439252336448912e-01 4.672897196261683521e-04 4.672897196261683521e-04
1.524000000000000354e-01 4.000000000000001276e-04 5.240000000000000907e-02 1.364000000000000490e-01 4.840000000000001246e-02 8.400000000000002950e-03 4.000000000000001276e-04 8.400000000000002950e-03 4.000000000000001276e-04 4.000000000000001276e-04 4.000000000000001276e-04 2.440000000000000502e-02 8.400000000000002950e-03 4.000000000000001276e-04 3.484000000000000430e-01 4.000000000000001276e-04 8.400000000000002950e-03 4.000000000000001276e-04 1.640000000000000138e-02 4.000000000000001276e-04 4.000000000000001276e-04 4.000000000000001276e-04 4.000000000000001276e-04 3.240000000000000518e-02 1.484000000000000319e-01 4.000000000000001276e-04 4.000000000000001276e-04 4.000000000000001276e-04 4.000000000000001276e-04 4.000000000000001276e-04
1.631578947368421129e-01 4.784688995215311143e-04 4.784688995215311143e-04 2.540669856459329967e-01 1.961722488038277271e-02 4.784688995215311143e-04 1.483253588516746449e-02 1.631578947368421129e-01 4.784688995215311143e-04 4.784688995215311143e-04 5.263157894736842854e-03 4.784688995215311143e-04 4.784688995215311143e-04 1.961722488038277271e-02 4.784688995215311143e-04 6.267942583732057094e-02 4.784688995215311143e-04 4.784688995215311143e-04 1.727272727272727293e-01 4.784688995215311143e-04 4.354066985645933113e-02 4.784688995215311143e-04 4.784688995215311143e-04 4.784688995215311143e-04 2.918660287081339608e-02 3.875598086124401598e-02 4.784688995215311143e-04 4.784688995215311143e-04 4.784688995215311143e-04 5.263157894736842854e-03
8.443113772455092259e-02 5.988023952095810482e-04 7.844311377245510863e-02 4.850299401197605970e-02 5.988023952095810482e-04 4.676646706586827795e-01 1.257485029940120201e-02 6.047904191616768066e-02 5.988023952095810482e-04 5.988023952095810482e-04 5.988023952095810482e-04 5.988023952095810482e-04 5.988023952095810482e-04 1.257485029940120201e-02 5.988023952095810482e-04 2.455089820359282124e-02 2.455089820359282124e-02 1.257485029940120201e-02 5.988023952095810482e-04 6.586826347305392397e-03 5.988023952095810482e-04 5.988023952095810482e-04 5.988023952095810482e-04 5.988023952095810482e-04 7.245508982035930856e-02 5.988023952095810482e-04 5.988023952095810482e-04 8.443113772455092259e-02 5.988023952095810482e-04 5.988023952095810482e-04
3.169642857142857678e-02 4.464285714285715773e-04 4.464285714285715773e-04 4.464285714285715773e-04 4.464285714285715773e-04 4.464285714285715773e-04 4.910714285714287350e-03 4.464285714285715773e-04 4.464285714285715773e-04 4.508928571428572757e-02 1.383928571428571890e-02 4.464285714285715773e-04 4.464285714285715773e-04 5.401785714285715218e-02 4.464285714285715773e-04 5.401785714285715218e-02 4.464285714285715773e-04 4.464285714285715773e-04 4.647321428571429269e-01 4.464285714285715773e-04 1.383928571428571890e-02 4.464285714285715773e-04 4.464285714285715773e-04 1.031250000000000361e-01 3.169642857142857678e-02 4.464285714285715773e-04 8.526785714285717299e-02 8.973214285714288529e-02 4.464285714285715773e-04 4.464285714285715773e-04
3.644067796610168941e-02 5.460048426150120038e-02 2.554479418886198075e-02 4.007263922518158883e-02 7.397094430992734448e-02 3.753026634382565594e-03 1.210653753026634115e-04 3.851089588377722972e-01 1.210653753026634115e-04 3.038740920096851678e-02 1.210653753026634115e-04 1.210653753026634115e-04 1.210653753026634115e-04 1.210653753026634115e-04 1.210653753026634115e-04 5.581113801452783352e-02 1.210653753026634115e-04 1.210653753026634115e-04 2.675544794188861389e-02 4.854721549636802774e-02 1.222760290556900407e-02 1.210653753026634115e-04 1.210653753026634115e-04 1.331719128329297581e-03 2.796610169491524703e-02 8.595641646489101187e-03 1.331719128329297581e-03 9.092009685230020843e-02 7.518159806295397762e-02 1.210653753026634115e-04
1.196891191709844871e-01 5.181347150259068201e-04 5.181347150259068201e-04 5.181347150259068201e-04 5.181347150259068201e-04 5.860103626943006239e-01 5.181347150259068201e-04 7.305699481865285394e-02 5.181347150259068201e-04 5.181347150259068201e-04 5.699481865284975780e-03 5.181347150259068201e-04 5.699481865284975780e-03 5.181347150259068201e-04 5.181347150259068201e-04 5.181347150259068201e-04 5.699481865284975780e-03 5.181347150259068201e-04 5.181347150259068201e-04 5.181347150259068201e-04 5.181347150259068201e-04 5.181347150259068201e-04 5.181347150259068201e-04 5.699481865284975780e-03 5.751295336787565216e-02 5.181347150259068201e-04 5.181347150259068201e-04 9.896373056994821338e-02 3.160621761658031353e-02 5.181347150259068201e-04
1.374285714285714000e-01 2.599999999999999187e-02 2.857142857142856273e-04 3.142857142857142117e-03 2.117142857142856327e-01 2.857142857142856273e-04 2.857142857142856273e-04 8.599999999999997924e-02 3.142857142857142117e-03 2.857142857142856273e-04 7.457142857142855241e-02 2.857142857142856273e-04 2.857142857142856273e-04 2.857142857142856273e-04 2.857142857142856273e-04 2.857142857142856273e-04 2.857142857142856273e-04 8.857142857142855097e-03 2.599999999999999187e-02 2.857142857142856273e-04 2.857142857142856273e-04 2.857142857142856273e-04 7.171428571428568877e-02 3.142857142857142117e-03 1.745714285714285163e-01 2.857142857142856273e-04 2.857142857142856273e-04 6.314285714285712559e-02 1.059999999999999692e-01 2.857142857142856273e-04
7.843388960205389948e-02 1.283697047496790557e-04 1.283697047496790557e-04 1.105263157894736392e-01 5.789473684210524884e-02 1.283697047496790557e-04 1.412066752246469558e-03 3.735558408215660514e-02 1.283697047496790557e-04 1.283697047496790557e-04 1.283697047496790557e-04 1.283697047496790557e-04 1.283697047496790557e-04 4.673940949935814215e-01 1.283697047496790557e-04 1.296534017971758164e-02 3.735558408215660514e-02 1.283697047496790557e-04 4.377406931964055586e-02 4.377406931964055586e-02 1.283697047496790557e-04 1.412066752246469558e-03 2.965340179717585942e-02 2.195121951219511716e-02 2.323491655969190869e-02 1.283697047496790557e-04 2.695763799743259789e-03 2.836970474967906788e-02 1.283697047496790557e-04 1.283697047496790557e-04
1.100000000000000283e-01 4.761904761904762985e-04 4.761904761904762985e-04 4.761904761904762985e-04 4.761904761904762985e-04 5.957142857142857517e-01 4.761904761904762985e-04 4.809523809523810062e-02 2.904761904761905128e-02 4.761904761904762985e-04 4.761904761904762985e-04 4.761904761904762985e-04 4.761904761904762985e-04 5.238095238095239609e-03 6.714285714285715689e-02 5.238095238095239609e-03 4.761904761904762985e-04 4.761904761904762985e-04 4.761904761904762985e-04 4.761904761904762985e-04 4.761904761904762985e-04 4.761904761904762985e-04 4.761904761904762985e-04 3.857142857142857595e-02 8.619047619047620623e-02 4.761904761904762985e-04 4.761904761904762985e-04 4.761904761904762985e-04 5.238095238095239609e-03 4.761904761904762985e-04
9.147058823529409521e-02 2.941176470588234494e-04 2.941176470588234494e-04 2.941176470588234494e-04 8.558823529411761777e-02 2.941176470588234494e-04 1.205882352941175899e-02 8.558823529411761777e-02 2.941176470588234494e-04 4.147058823529409938e-02 2.941176470588234494e-04 2.941176470588234494e-04 2.941176470588234494e-04 2.941176470588234494e-04 2.941176470588234494e-04 2.941176470588234494e-04 2.941176470588234494e-04 2.941176470588234494e-04 1.649999999999999523e-01 2.088235294117646301e-02 2.941176470588234494e-04 2.941176470588234494e-04 1.205882352941175899e-02 2.941176470588234494e-04 6.794117647058821319e-02 2.532352941176469474e-01 2.941176470588234494e-04 1.591176470588234748e-01 2.941176470588234494e-04 2.941176470588234494e-04
1.387005649717513722e-01 2.824858757062145907e-04 2.824858757062145907e-04 7.937853107344630677e-02 8.785310734463273874e-02 2.824858757062145907e-04 2.570621468926552813e-02 1.158192090395479719e-02 2.824858757062145907e-04 2.824858757062145907e-04 2.824858757062145907e-04 5.932203389830506893e-03 2.824858757062145907e-04 2.824858757062145907e-04 3.107344632768360877e-03 5.960451977401128726e-02 9.350282485875703598e-02 2.824858757062145907e-04 4.548022598870055111e-02 2.824858757062145907e-04 3.700564971751411220e-02 2.824858757062145907e-04 2.824858757062145907e-04 2.824858757062145907e-04 4.548022598870055111e-02 3.223163841807908381e-01 3.107344632768360877e-03 3.700564971751411220e-02 2.824858757062145907e-04 2.824858757062145907e-04
3.521126760563380470e-04 7.394366197183099149e-03 3.521126760563380470e-04 3.521126760563380470e-04 3.556338028169014204e-02 3.521126760563380470e-04 3.873239436619718788e-03 1.341549295774648043e-01 3.521126760563380470e-04 3.204225352112675951e-02 3.521126760563380470e-04 3.521126760563380470e-04 4.612676056338028269e-02 3.204225352112675951e-02 7.394366197183099149e-03 2.116197183098591506e-01 1.443661971830985727e-02 3.521126760563380470e-04 1.341549295774648043e-01 1.095070422535211335e-01 3.521126760563380470e-04 3.521126760563380470e-04 3.873239436619718788e-03 1.443661971830985727e-02 8.133802816901408717e-02 3.521126760563380470e-04 3.521126760563380470e-04 1.271126760563380254e-01 3.521126760563380470e-04 3.521126760563380470e-04
2.194214876033057926e-01 4.132231404958678126e-04 4.545454545454546101e-03 4.132231404958678126e-04 4.132231404958678126e-04 8.677685950413223034e-03 4.132231404958678126e-04 4.132231404958678126e-04 4.132231404958678126e-04 3.347107438016528463e-02 1.243801652892562032e-01 4.132231404958678126e-04 4.132231404958678126e-04 4.132231404958678126e-04 1.078512396694214920e-01 4.132231404958678126e-04 4.132231404958678126e-04 2.520661157024793250e-02 4.132231404958678126e-04 4.132231404958678126e-04 4.132231404958678126e-04 1.202479338842975254e-01 4.132231404958678126e-04 4.132231404958678126e-04 3.475206611570247905e-01 4.132231404958678126e-04 4.132231404958678126e-04 4.132231404958678126e-04 4.132231404958678126e-04 4.132231404958678126e-04
9.966887417218539547e-02 3.311258278145694277e-04 3.311258278145694277e-04 3.311258278145694277e-04 7.649006622516553444e-02 1.357615894039734469e-02 1.026490066225165150e-02 8.642384105960261576e-02 3.311258278145694277e-04 3.311258278145694277e-04 3.311258278145694277e-04 3.642384105960263813e-03 3.311258278145694277e-04 3.311258278145694277e-04 3.311258278145694277e-04 8.311258278145693124e-02 3.311258278145694277e-04 3.311258278145694277e-04 6.986754966887415152e-02 3.311258278145694277e-04 3.311258278145694277e-04 3.311258278145694277e-04 3.579470198675495096e-01 3.642384105960263813e-03 6.986754966887415152e-02 3.311258278145694277e-04 3.311258278145694277e-04 1.129139072847681752e-01 3.311258278145694277e-04 6.953642384105958307e-03
1.353932584269663120e-01 6.179775280898878141e-03 5.617977528089889219e-04 5.617977528089889219e-04 1.741573033707865398e-02 5.617977528089889219e-04 5.617977528089889219e-04 5.617977528089889219e-04 5.617977528089889219e-04 6.179775280898878141e-03 5.617977528089889219e-04 5.617977528089889219e-04 5.617977528089889219e-04 5.617977528089889219e-04 5.617977528089889219e-04 2.303370786516854146e-02 1.179775280898876649e-02 5.617977528089889219e-04 1.466292134831460869e-01 5.617977528089889219e-04 5.617977528089889219e-04 5.617977528089889219e-04 5.617977528089889219e-04 6.235955056179776079e-02 5.674157303370787331e-02 3.207865168539326683e-01 5.617977528089889219e-04 1.803370786516854396e-01 5.617977528089889219e-04 2.303370786516854146e-02
1.145251396648044179e-02 2.793296089385474083e-04 2.793296089385474083e-04 5.893854748603350596e-02 2.793296089385474083e-04 2.793296089385474083e-04 2.793296089385474083e-04 8.966480446927371784e-02 2.793296089385474083e-04 2.793296089385474083e-04 1.983240223463686447e-02 2.793296089385474083e-04 2.793296089385474083e-04 5.865921787709495357e-03 2.793296089385474083e-04 7.290502793296087247e-02 2.793296089385474083e-04 3.379888268156423098e-02 3.438547486033518563e-01 2.793296089385474083e-04 5.865921787709495357e-03 3.072625698324021708e-03 2.793296089385474083e-04 3.100558659217875906e-02 2.069832402234635937e-01 2.793296089385474083e-04 2.793296089385474083e-04 1.092178770949720351e-01 2.793296089385474083e-04 3.072625698324021708e-03
5.952380952380955086e-04 5.952380952380955086e-04 1.315476190476191076e-01 3.636904761904763417e-01 5.952380952380955086e-04 5.952380952380955086e-04 5.952380952380955086e-04 5.952380952380955086e-04 5.952380952380955086e-04 5.952380952380955086e-04 5.952380952380955086e-04 7.797619047619050447e-02 5.952380952380955086e-04 7.202380952380954549e-02 5.952380952380955086e-04 5.952380952380955086e-04 5.416666666666668239e-02 7.202380952380954549e-02 5.416666666666668239e-02 6.547619047619050378e-03 5.952380952380955086e-04 5.952380952380955086e-04 5.952380952380955086e-04 5.952380952380955086e-04 1.017857142857143266e-01 6.547619047619050378e-03 5.952380952380955086e-04 4.821428571428573034e-02 5.952380952380955086e-04 5.952380952380955086e-04
2.798165137614679401e-02 1.880733944954128892e-02 4.587155963302753632e-04 4.587155963302753632e-04 3.256880733944955003e-02 4.775229357798166374e-01 4.587155963302753632e-04 1.013761467889908591e-01 4.587155963302753632e-04 5.045871559633029538e-03 4.587155963302753632e-04 5.045871559633029538e-03 4.587155963302753632e-04 4.587155963302753632e-04 4.587155963302753632e-04 5.091743119266056022e-02 4.587155963302753632e-04 2.339449541284404147e-02 1.243119266055046218e-01 4.587155963302753632e-04 4.587155963302753632e-04 4.587155963302753632e-04 5.045871559633029538e-03 2.339449541284404147e-02 8.761467889908260143e-02 4.587155963302753632e-04 4.587155963302753632e-04 9.633027522935782086e-03 4.587155963302753632e-04 4.587155963302753632e-04
7.215189873417723887e-02 4.219409282700423104e-04 4.219409282700423104e-04 4.219409282700423104e-04 1.016877637130801926e-01 4.219409282700423104e-04 4.641350210970465739e-03 1.185654008438818963e-01 4.219409282700423104e-04 4.219409282700423104e-04 4.219409282700423104e-04 4.219409282700423104e-04 4.219409282700423104e-04 4.219409282700423104e-04 4.219409282700423104e-04 8.860759493670888193e-03 4.219409282700423104e-04 4.219409282700423104e-04 1.227848101265823083e-01 1.308016877637131238e-02 8.860759493670888193e-03 4.219409282700423104e-04 4.561181434599156925e-01 4.219409282700423104e-04 4.219409282700423104e-04 4.219409282700423104e-04 4.219409282700423104e-04 7.637130801687766479e-02 8.860759493670888193e-03 4.219409282700423104e-04
8.222222222222223820e-02 7.481481481481483398e-02 7.407407407407409208e-04 7.407407407407409208e-04 6.740740740740741588e-02 7.407407407407409208e-04 7.407407407407409208e-04 5.259259259259260050e-02 7.407407407407409208e-04 6.740740740740741588e-02 1.488888888888889317e-01 4.600000000000001310e-01 1.555555555555556031e-02 7.407407407407409208e-04 7.407407407407409208e-04 7.407407407407409208e-04 7.407407407407409208e-04 7.407407407407409208e-04 7.407407407407409208e-04 7.407407407407409208e-04 7.407407407407409208e-04 7.407407407407409208e-04 7.407407407407409208e-04 7.407407407407409208e-04 1.555555555555556031e-02 7.407407407407409208e-04 7.407407407407409208e-04 7.407407407407409208e-04 7.407407407407409208e-04 7.407407407407409208e-04
1.027906976744186185e-01 4.651162790697675221e-04 4.651162790697675221e-04 4.651162790697675221e-04 4.651162790697675221e-04 6.562790697674418805e-01 5.116279069767443177e-03 5.162790697674419366e-02 4.651162790697675221e-04 4.651162790697675221e-04 4.651162790697675221e-04 4.651162790697675221e-04 4.651162790697675221e-04 4.651162790697675221e-04 4.697674418604651930e-02 4.651162790697675221e-04 4.651162790697675221e-04 4.651162790697675221e-04 9.767441860465117531e-03 4.651162790697675221e-04 4.651162790697675221e-04 4.651162790697675221e-04 4.651162790697675221e-04 4.651162790697675221e-04 1.167441860465116554e-01 4.651162790697675221e-04 4.651162790697675221e-04 4.651162790697675221e-04 4.651162790697675221e-04 4.651162790697675221e-04
1.434523809523809978e-01 2.440476190476190826e-02 5.952380952380954002e-04 5.952380952380954002e-04 5.952380952380954002e-04 7.202380952380953161e-02 6.011904761904762751e-02 6.011904761904762751e-02 5.952380952380954002e-04 5.952380952380954002e-04 5.952380952380954002e-04 2.089285714285714635e-01 5.952380952380954002e-04 5.952380952380954002e-04 5.952380952380954002e-04 5.952380952380954002e-04 5.952380952380954002e-04 5.952380952380954002e-04 5.952380952380954002e-04 3.035714285714286031e-02 4.226190476190476442e-02 1.250000000000000243e-02 5.952380952380954002e-04 8.988095238095239470e-02 8.392857142857143571e-02 5.952380952380954002e-04 5.416666666666667546e-02 1.077380952380952717e-01 5.952380952380954002e-04 5.952380952380954002e-04
7.944664031620556066e-02 3.952569169960475342e-04 3.952569169960475342e-04 8.735177865612650527e-02 3.952569169960475342e-04 3.952569169960475342e-04 3.952569169960475342e-04 2.015810276679842056e-02 3.952569169960475342e-04 3.952569169960475342e-04 3.952569169960475342e-04 3.952569169960475342e-04 3.952569169960475342e-04 2.411067193675889633e-02 3.952569169960475342e-04 3.952569169960475342e-04 8.300395256916998435e-03 3.952569169960475342e-04 3.758893280632411571e-01 4.387351778656127521e-02 3.952569169960475342e-04 3.952569169960475342e-04 3.952569169960475342e-04 3.952569169960475342e-04 2.256916996047431401e-01 3.952569169960475342e-04 3.952569169960475342e-04 1.268774703557312700e-01 3.952569169960475342e-04 3.952569169960475342e-04
4.097087378640776323e-02 1.941747572815533574e-04 1.941747572815533574e-04 1.941747572815533574e-04 1.555339805825242394e-01 2.135922330097086985e-03 1.941747572815533574e-04 6.038834951456309441e-02 1.941747572815533574e-04 1.941747572815533574e-04 1.941747572815533574e-04 1.941747572815533574e-04 1.941747572815533574e-04 1.941747572815533574e-04 1.941747572815533574e-04 1.941747572815533574e-04 1.184466019417475431e-02 1.941747572815533574e-04 2.662135922330096660e-01 1.941747572815533574e-04 2.543689320388348857e-02 1.941747572815533574e-04 1.941747572815533574e-04 1.941747572815533574e-04 1.108737864077669749e-01 2.099029126213591556e-01 1.572815533980581951e-02 9.728155339805823199e-02 1.941747572815533574e-04 1.941747572815533574e-04
7.801724137931036196e-02 4.310344827586207921e-04 4.310344827586207921e-04 1.336206896551724380e-02 6.939655172413794482e-02 4.310344827586207921e-04 4.310344827586207921e-04 6.939655172413794482e-02 4.310344827586207921e-04 4.310344827586207921e-04 9.051724137931035225e-03 4.741379310344828388e-03 4.310344827586207921e-04 1.336206896551724380e-02 4.310344827586207921e-04 4.310344827586207921e-04 4.310344827586207921e-04 4.310344827586207921e-04 4.271551724137931383e-01 2.198275862068965747e-02 4.310344827586207921e-04 4.310344827586207921e-04 4.310344827586207921e-04 4.310344827586207921e-04 1.512931034482758730e-01 4.741379310344828388e-03 4.310344827586207921e-04 1.297413793103448509e-01 4.310344827586207921e-04 4.310344827586207921e-04
