5.140186915887852252e-03 4.672897196261683521e-04 4.672897196261683521e-04 1.079439252336448912e-01 4.672897196261683521e-04 9.813084112149535881e-03 6.121495327102804973e-02 3.785046728971963592e-02 4.672897196261683521e-04 1.079439252336448912e-01 4.672897196261683521e-04 4.672897196261683521e-04 3.785046728971963592e-02 4.672897196261683521e-04 9.813084112149535881e-03 2.247663551401869741e-01 4.672897196261683521e-04 9.813084112149535881e-03 9.813084112149535881e-03 7.523364485981311189e-02 4.672897196261683521e-04 7.056074766355141525e-02 1.780373831775701465e-01 4.672897196261683521e-04 4.719626168224300145e-02 4.672897196261683521e-04 4.672897196261683521e-04 4.672897196261683521e-04 4.672897196261683521e-04 4.672897196261683521e-04
2.865329512893981527e-04 5.186246418338106429e-02 1.378223495702005086e-01 9.197707736389680588e-02 8.051575931232088368e-02 3.753581661891115806e-02 1.865329512893981745e-01 2.865329512893981527e-04 2.865329512893981527e-04 2.865329512893981527e-04 6.045845272206300941e-02 7.478510028653291564e-02 1.747851002865328726e-02 2.865329512893981527e-04 2.865329512893981527e-04 9.484240687679078297e-02 8.624641833810883784e-02 2.865329512893981527e-04 2.865329512893981527e-04 4.899713467048708720e-02 2.865329512893981527e-04 1.747851002865328726e-02 2.865329512893981527e-04 2.865329512893981527e-04 2.865329512893981527e-04 8.882521489971342138e-03 2.865329512893981527e-04 2.865329512893981527e-04 2.865329512893981527e-04 2.865329512893981527e-04
2.958579881656804773e-04 2.958579881656804773e-04 1.508875739644970244e-02 1.659763313609467494e-01 2.958579881656804773e-04 2.692307692307692110e-02 2.958579881656804773e-04 1.213017751479289821e-02 1.213017751479289821e-02 6.213017751479290619e-03 2.396449704142011861e-02 3.579881656804733553e-02 2.958579881656804773e-04 2.958579881656804773e-04 2.958579881656804773e-04 9.792899408284023999e-02 2.958579881656804773e-04 2.958579881656804773e-04 2.958579881656804773e-04 1.718934911242603614e-01 4.763313609467455939e-02 5.355029585798817132e-02 2.958579881656804773e-04 9.171597633136095717e-03 2.958579881656804773e-04 2.958579881656804773e-04 2.958579881656804773e-04 1.213017751479289821e-02 2.606508875739644848e-01 4.467455621301775343e-02
5.555555555555557719e-04 1.450000000000000455e-01 6.111111111111113166e-03 7.277777777777780233e-02 5.555555555555557719e-04 5.555555555555557719e-04 5.555555555555557719e-04 1.166666666666667067e-02 5.555555555555557719e-04 5.555555555555557719e-04 3.388888888888889894e-02 5.555555555555557719e-04 2.833333333333333884e-02 6.722222222222223875e-02 5.555555555555557719e-04 5.555555555555557719e-04 5.555555555555557719e-04 5.555555555555557719e-04 2.277777777777778220e-02 5.555555555555557719e-04 1.722222222222222904e-02 3.005555555555556313e-01 5.555555555555557719e-04 5.555555555555557719e-04 2.061111111111111893e-01 5.555555555555557719e-04 5.611111111111112548e-02 5.555555555555557719e-04 5.555555555555557719e-04 2.277777777777778220e-02
4.566210045662101938e-04 1.009132420091324589e-01 4.566210045662101938e-04 4.566210045662101938e-04 4.566210045662101938e-04 3.520547945205479978e-01 4.566210045662101938e-04 4.566210045662101938e-04 1.100456621004566593e-01 4.566210045662101938e-04 4.611872146118722177e-02 4.566210045662101938e-04 4.566210045662101938e-04 4.566210045662101938e-04 4.566210045662101938e-04 1.415525114155251514e-02 4.566210045662101938e-04 4.566210045662101938e-04 4.566210045662101938e-04 2.059360730593607913e-01 9.589041095890413202e-03 4.566210045662101938e-04 4.566210045662101938e-04 4.566210045662101938e-04 4.566210045662101938e-04 1.872146118721461361e-02 9.589041095890413202e-03 8.721461187214614441e-02 3.698630136986302136e-02 4.566210045662101938e-04
3.816793893129770952e-04 6.908396946564886176e-02 3.816793893129770952e-04 7.671755725190840258e-02 4.198473282442748318e-03 3.816793893129770952e-04 4.618320610687022543e-02 3.816793893129770952e-04 2.709923664122137338e-02 3.816793893129770952e-04 3.816793893129770952e-04 1.072519083969465659e-01 3.816793893129770952e-04 3.816793893129770952e-04 4.198473282442748318e-03 3.816793893129770952e-04 2.179389312977099424e-01 8.015267175572519595e-03 3.816793893129770952e-04 1.183206106870229000e-02 3.854961832061068461e-02 1.645038167938931428e-01 3.816793893129770952e-04 1.263358778625954248e-01 4.198473282442748318e-03 3.816793893129770952e-04 3.816793893129770952e-04 3.816793893129770952e-04 8.053435114503817993e-02 8.015267175572519595e-03
2.481389578163771168e-04 5.732009925558311653e-02 5.210918114143919290e-03 5.732009925558311653e-02 2.481389578163771168e-04 2.481389578163771168e-04 2.481389578163771168e-04 2.481389578163771168e-04 3.995037220843671716e-02 5.483870967741934221e-02 2.481389578163771168e-04 2.481389578163771168e-04 4.491315136476425884e-02 1.017369727047146011e-02 2.481389578163771168e-04 2.409429280397021589e-01 2.481389578163771168e-04 2.729528535980148447e-03 5.235732009925557484e-02 2.258064516129031432e-02 2.754342431761785601e-02 2.481389578163771168e-04 4.491315136476425884e-02 1.466501240694788599e-01 2.729528535980148447e-03 1.317617866004962557e-01 2.729528535980148447e-03 2.481389578163771168e-04 2.729528535980148447e-03 4.987593052109180053e-02
4.661016949152543484e-03 4.237288135593221842e-04 4.237288135593221842e-04 2.161016949152542652e-02 4.661016949152543484e-03 3.008474576271186890e-02 4.661016949152543484e-03 4.237288135593221842e-04 4.237288135593221842e-04 1.656779661016949678e-01 4.237288135593221842e-04 4.237288135593221842e-04 4.237288135593221842e-04 4.237288135593221842e-04 4.279661016949153768e-02 4.707627118644068798e-01 3.432203389830509183e-02 4.237288135593221842e-04 5.974576271186442245e-02 4.237288135593221842e-04 4.237288135593221842e-04 4.237288135593221842e-04 1.105932203389830837e-01 4.237288135593221842e-04 4.237288135593221842e-04 2.584745762711864944e-02 1.737288135593220706e-02 4.237288135593221842e-04 4.237288135593221842e-04 4.237288135593221842e-04
4.184100418410043216e-04 4.644351464435147320e-02 1.552301255230126020e-01 4.184100418410043216e-04 4.644351464435147320e-02 4.184100418410043216e-04 4.184100418410043216e-04 4.184100418410043216e-04 4.184100418410043216e-04 4.184100418410043216e-04 4.602510460251047104e-03 4.481171548117155456e-01 4.184100418410043216e-04 4.184100418410043216e-04 4.184100418410043216e-04 4.602510460251047104e-03 1.008368200836820411e-01 8.828451882845191057e-02 2.133891213389121563e-02 4.184100418410043216e-04 1.297071129707113267e-02 4.184100418410043216e-04 4.184100418410043216e-04 8.786610878661090321e-03 4.184100418410043216e-04 3.389121338912134268e-02 8.786610878661090321e-03 8.786610878661090321e-03 4.184100418410043216e-04 4.602510460251047104e-03
4.784688995215312770e-04 4.784688995215312770e-04 4.784688995215312770e-04 6.267942583732058481e-02 3.397129186602871470e-02 4.784688995215312770e-04 2.110047846889952783e-01 4.784688995215312770e-04 4.784688995215312770e-04 1.961722488038277964e-02 4.784688995215312770e-04 2.923444976076555735e-01 4.784688995215312770e-04 4.784688995215312770e-04 1.961722488038277964e-02 4.784688995215312770e-04 4.784688995215312770e-04 1.392344497607655995e-01 4.784688995215312770e-04 1.961722488038277964e-02 5.263157894736843721e-03 4.784688995215312770e-04 1.009569377990430922e-01 5.311004784688996144e-02 4.784688995215312770e-04 4.784688995215312770e-04 2.918660287081340302e-02 5.263157894736843721e-03 4.784688995215312770e-04 4.784688995215312770e-04
2.398081534772181765e-04 2.398081534772181765e-04 2.398081534772181765e-04 2.398081534772181765e-04 2.398081534772181765e-04 2.398081534772181765e-04 5.035971223021581435e-03 2.398081534772181765e-04 2.398081534772181765e-04 1.417266187050359449e-01 2.398081534772181765e-04 2.637889688249399778e-03 2.398081534772181765e-04 2.398081534772181765e-04 2.398081534772181765e-04 2.398081534772181765e-04 1.702637889688249015e-02 2.398081534772181765e-04 2.398081534772181765e-04 5.565947242206232826e-01 1.942446043165467137e-02 1.942446043165467137e-02 5.299760191846521890e-02 3.381294964028776218e-02 1.033573141486810315e-01 2.398081534772181765e-04 2.398081534772181765e-04 4.100719424460430584e-02 2.637889688249399778e-03 2.398081534772181765e-04
4.132231404958678668e-04 4.586776859504133191e-02 2.772727272727273373e-01 4.132231404958678668e-04 4.132231404958678668e-04 2.520661157024793944e-02 4.173553719008265411e-02 4.132231404958678668e-04 1.657024793388430228e-01 4.132231404958678668e-04 4.132231404958678668e-04 4.132231404958678668e-04 4.132231404958678668e-04 3.760330578512397631e-02 4.132231404958678668e-04 6.652892561983472786e-02 4.132231404958678668e-04 2.107438016528925817e-02 4.132231404958678668e-04 8.719008264462813074e-02 4.132231404958678668e-04 4.545454545454546968e-03 4.132231404958678668e-04 4.132231404958678668e-04 9.545454545454548634e-02 4.132231404958678668e-04 4.132231404958678668e-04 4.132231404958678668e-04 4.545454545454546968e-03 1.202479338842975531e-01
4.629629629629630348e-04 1.208333333333333620e-01 4.629629629629630348e-04 5.092592592592593871e-03 4.629629629629630348e-04 5.138888888888889367e-02 2.412037037037037535e-01 6.990740740740741810e-02 2.824074074074074334e-02 4.629629629629630348e-04 7.453703703703705441e-02 2.041666666666666907e-01 4.629629629629630348e-04 4.629629629629630348e-04 5.092592592592593871e-03 4.629629629629630348e-04 8.379629629629631316e-02 9.722222222222224111e-03 4.629629629629630348e-04 3.750000000000000555e-02 9.722222222222224111e-03 5.092592592592593871e-03 4.629629629629630348e-04 3.750000000000000555e-02 4.629629629629630348e-04 4.629629629629630348e-04 4.629629629629630348e-04 4.629629629629630348e-04 4.629629629629630348e-04 9.722222222222224111e-03
1.438596491228069825e-02 3.508771929824561144e-04 3.508771929824561144e-04 3.508771929824561144e-04 3.508771929824561144e-04 4.947368421052630166e-02 1.231578947368420912e-01 3.508771929824561144e-04 3.508771929824561144e-04 3.508771929824561144e-04 3.508771929824561144e-04 3.508771929824561144e-04 3.508771929824561144e-04 1.087719298245613808e-02 3.508771929824561144e-04 3.859649122807016879e-03 7.052631578947367308e-02 3.894736842105261942e-02 9.157894736842103756e-02 3.894736842105261942e-02 3.508771929824561144e-04 2.491228070175437875e-02 3.508771929824561144e-04 1.933333333333333015e-01 3.508771929824561144e-04 1.828070175438596123e-01 8.456140350877192069e-02 1.087719298245613808e-02 7.368421052631577914e-03 4.947368421052630166e-02
3.623188405797101493e-04 8.007246376811594235e-02 1.634057971014492849e-01 3.623188405797101493e-04 3.623188405797101493e-04 3.623188405797101493e-04 5.108695652173912694e-02 3.623188405797101493e-04 9.818840579710146066e-02 3.623188405797101493e-04 3.623188405797101493e-04 3.623188405797101493e-04 3.623188405797101493e-04 3.623188405797101493e-04 3.623188405797101493e-04 1.561594202898550776e-01 3.623188405797101493e-04 9.456521739130435700e-02 3.623188405797101493e-04 9.818840579710146066e-02 3.623188405797101493e-04 3.623188405797101493e-04 7.608695652173913353e-03 3.623188405797101493e-04 6.557971014492754158e-02 3.623188405797101493e-04 3.623188405797101493e-04 3.623188405797101493e-04 3.623188405797101493e-04 1.778985507246376996e-01
2.517730496453899486e-02 1.808510638297871481e-02 5.709219858156026894e-02 3.546099290780140457e-04 3.546099290780140457e-04 3.546099290780140457e-04 5.709219858156026894e-02 3.546099290780140457e-04 3.936170212765955495e-02 3.546099290780140457e-04 3.546099290780140457e-04 3.546099290780140457e-04 3.546099290780140457e-04 3.546099290780140457e-04 3.546099290780140457e-04 1.953900709219857368e-01 3.936170212765955495e-02 3.900709219858154719e-03 3.546099290780140457e-04 3.546099290780140457e-04 3.546099290780140457e-04 3.017730496453899236e-01 1.138297872340425093e-01 3.546099290780140457e-04 6.063829787234040897e-02 3.226950354609927490e-02 3.546099290780140457e-04 3.546099290780140457e-04 3.546099290780140457e-04 4.999999999999998196e-02
4.424778761061947383e-04 6.681415929203539383e-02 4.867256637168142393e-03 1.110619469026548761e-01 4.424778761061947383e-04 4.424778761061947383e-04 4.424778761061947383e-04 4.424778761061947383e-04 4.424778761061947383e-04 5.353982300884955331e-02 4.424778761061947383e-04 4.424778761061947383e-04 1.814159292035398205e-02 9.292035398230088367e-03 4.424778761061947383e-04 1.371681415929203521e-02 4.424778761061947383e-04 4.424778761061947383e-04 4.424778761061947383e-04 4.827433628318583692e-01 4.424778761061947383e-04 4.469026548672565963e-02 8.893805309734513498e-02 4.026548672566371279e-02 4.026548672566371279e-02 4.424778761061947383e-04 4.424778761061947383e-04 1.814159292035398205e-02 4.424778761061947383e-04 4.424778761061947383e-04
1.069672131147541005e-01 4.098360655737704914e-04 3.319672131147540645e-02 1.270491803278688513e-02 1.028688524590164050e-01 4.098360655737704914e-04 3.729508196721311591e-02 2.090163934426229192e-02 4.098360655737704914e-04 1.725409836065573965e-01 1.766393442622950782e-01 4.098360655737704914e-04 4.098360655737704914e-04 4.098360655737704914e-04 2.499999999999999792e-02 4.098360655737704914e-04 2.012295081967213073e-01 4.098360655737704914e-04 8.606557377049180863e-03 4.508196721311475731e-03 4.098360655737704914e-04 1.270491803278688513e-02 5.368852459016393297e-02 4.098360655737704914e-04 4.098360655737704914e-04 4.098360655737704914e-04 4.098360655737704914e-04 2.499999999999999792e-02 4.098360655737704914e-04 4.098360655737704914e-04
3.663003663003662458e-04 3.663003663003662458e-04 3.117216117216116134e-01 7.362637362637361460e-02 3.663003663003662458e-04 1.501831501831501353e-02 3.663003663003662458e-04 3.663003663003662458e-04 3.663003663003662458e-04 3.663003663003662458e-04 3.663003663003662458e-04 3.663003663003662458e-04 3.663003663003662458e-04 3.663003663003662458e-04 3.663003663003662458e-04 3.663003663003662458e-04 3.663003663003662458e-04 3.663003663003662458e-04 1.501831501831501353e-02 7.692307692307691000e-03 3.663003663003662458e-04 5.897435897435896607e-02 4.029304029304028867e-03 6.996336996336995073e-02 7.728937728937727847e-02 3.263736263736262688e-01 3.663003663003662458e-04 1.868131868131867740e-02 1.501831501831501353e-02 3.663003663003662458e-04
4.166666666666668018e-04 4.166666666666668018e-04 5.458333333333334481e-02 7.125000000000002165e-02 4.166666666666668018e-04 6.708333333333335591e-02 2.541666666666667074e-02 4.166666666666668018e-04 4.166666666666668018e-04 4.625000000000000638e-02 1.291666666666667004e-02 4.166666666666668018e-04 4.583333333333335091e-03 4.166666666666668018e-04 4.166666666666668018e-04 1.004166666666666957e-01 4.166666666666668018e-04 4.166666666666668018e-04 1.587500000000000300e-01 1.708333333333333579e-02 1.708333333333333579e-02 3.375000000000000916e-02 2.125000000000000500e-02 4.208333333333334064e-02 1.712500000000000411e-01 9.208333333333336423e-02 4.166666666666668018e-04 1.291666666666667004e-02 8.750000000000002567e-03 3.791666666666667490e-02
4.761904761904761901e-04 4.761904761904761901e-04 4.761904761904761901e-04 2.290476190476190554e-01 2.428571428571428548e-02 4.761904761904761901e-04 4.761904761904761901e-04 4.761904761904761901e-04 1.147619047619047733e-01 1.242857142857142910e-01 1.100000000000000006e-01 4.761904761904761901e-04 4.761904761904761901e-04 4.761904761904761901e-04 4.761904761904761901e-04 4.761904761904761901e-04 1.476190476190476254e-02 1.004761904761904828e-01 4.761904761904761901e-04 4.761904761904761901e-04 5.238095238095238741e-03 4.761904761904761901e-04 1.147619047619047733e-01 9.571428571428572396e-02 4.809523809523809368e-02 4.761904761904761901e-04 4.761904761904761901e-04 4.761904761904761901e-04 1.000000000000000021e-02 4.761904761904761901e-04
3.398876404494381026e-02 5.646067415730336020e-02 2.808988764044942983e-04 5.926966292134829700e-02 2.808988764044942983e-04 2.808988764044942983e-04 7.050561797752806503e-02 2.808988764044942983e-04 1.407303370786516516e-01 2.808988764044942983e-04 1.994382022471909502e-02 2.808988764044942983e-04 1.994382022471909502e-02 2.808988764044942983e-04 2.808988764044942983e-04 1.070224719101123267e-01 2.808988764044942983e-04 2.808988764044942983e-04 3.089887640449437336e-03 1.688202247191010752e-01 2.808988764044942983e-04 2.249999999999999223e-01 1.713483146067415128e-02 2.808988764044942983e-04 4.803370786516852897e-02 1.432584269662920753e-02 2.808988764044942983e-04 2.808988764044942983e-04 1.151685393258426553e-02 2.808988764044942983e-04
3.521126760563378843e-04 3.521126760563378843e-04 3.521126760563378843e-04 1.940140845070421893e-01 3.521126760563378843e-04 1.024647887323943268e-01 3.521126760563378843e-04 4.612676056338026187e-02 1.443661971830985206e-02 5.316901408450701999e-02 3.204225352112674563e-02 4.260563380281688628e-02 3.521126760563378843e-04 3.521126760563378843e-04 3.521126760563378843e-04 1.795774647887322939e-02 1.658450704225351569e-01 1.095070422535210919e-01 3.521126760563378843e-04 3.521126760563378843e-04 3.521126760563378843e-04 1.059859154929577024e-01 7.781690140845068382e-02 2.147887323943660845e-02 3.873239436619717053e-03 3.521126760563378843e-04 3.521126760563378843e-04 3.521126760563378843e-04 3.521126760563378843e-04 7.394366197183095679e-03
2.906976744186045929e-04 6.424418604651160880e-02 9.011627906976741459e-03 8.459302325581392890e-02 2.906976744186045929e-04 4.389534883720928871e-02 3.226744186046510282e-02 2.906976744186045929e-04 6.104651162790695855e-03 1.020348837209301973e-01 3.197674418604650251e-03 2.906976744186045929e-04 2.906976744186045929e-04 2.906976744186045929e-04 2.906976744186045929e-04 5.261627906976742985e-02 2.906976744186045929e-04 2.906976744186045929e-04 2.906976744186045929e-04 6.715116279069766048e-02 2.906976744186045929e-04 9.040697674418601837e-02 5.552325581395347459e-02 2.906976744186045929e-04 3.084302325581393944e-01 2.906976744186045929e-04 2.906976744186045929e-04 2.906976744186045929e-04 2.906976744186045929e-04 7.587209302325578775e-02
1.389830508474575697e-02 3.389830508474575414e-04 1.393220338983050255e-01 3.389830508474575414e-04 3.084745762711862960e-02 3.389830508474575414e-04 2.406779661016947985e-02 3.389830508474575414e-04 3.389830508474575414e-04 1.389830508474575697e-02 3.389830508474575414e-04 2.884745762711863337e-01 3.389830508474575414e-04 7.118644067796608098e-03 3.389830508474575414e-04 1.562711864406779172e-01 1.050847457627118210e-02 1.393220338983050255e-01 3.762711864406777934e-02 3.389830508474575414e-04 1.728813559322033011e-02 7.118644067796608098e-03 3.389830508474575414e-04 3.389830508474575414e-04 2.067796610169490498e-02 3.389830508474575414e-04 3.389830508474575414e-04 3.728813559322032792e-03 3.389830508474575414e-04 8.508474576271184142e-02
3.344481605351169316e-04 2.374581939799329938e-02 3.344481605351169316e-04 7.391304347826084531e-02 3.344481605351169316e-04 2.709030100334447119e-02 3.344481605351169316e-04 3.344481605351169316e-04 3.344481605351169316e-04 2.578595317725751457e-01 3.344481605351169316e-04 3.344481605351169316e-04 1.705685618729096270e-02 1.371237458193979263e-02 3.344481605351169316e-04 3.344481605351169316e-04 3.344481605351169316e-04 3.344481605351169316e-04 3.344481605351169316e-04 3.344481605351169316e-04 1.036789297658862428e-02 8.060200668896318199e-02 6.722408026755850863e-02 2.374581939799329938e-02 3.046822742474915025e-01 6.387959866220734029e-02 3.344481605351169316e-04 3.344481605351169316e-04 3.344481605351169316e-04 3.043478260869563953e-02
3.257328990228012091e-04 1.009771986970683759e-02 3.257328990228012091e-04 4.267100977198695633e-02 3.257328990228012091e-04 6.547231270358304378e-02 3.257328990228012091e-04 3.257328990228012091e-04 3.257328990228012091e-04 3.358306188925079816e-01 3.257328990228012091e-04 3.257328990228012091e-04 3.257328990228012091e-04 3.583061889250813408e-03 3.257328990228012091e-04 4.592833876221496386e-02 3.257328990228012091e-04 1.143322475570032193e-01 3.257328990228012091e-04 1.009771986970683759e-02 3.257328990228012091e-04 3.289902280130291984e-02 3.257328990228012091e-04 3.257328990228012091e-04 2.348534201954396439e-01 5.570032573289900729e-02 6.840390879478824848e-03 3.257328990228012091e-04 3.257328990228012091e-04 3.615635179153092738e-02
1.838235294117646762e-04 3.511029411764705205e-02 1.305147058823529112e-02 1.121323529411764365e-02 1.838235294117646762e-04 3.143382352941176405e-02 1.838235294117646762e-04 5.698529411764704719e-03 2.959558823529411312e-02 1.049632352941176211e-01 1.838235294117646762e-04 5.698529411764704719e-03 2.022058823529411520e-03 1.838235294117646762e-04 4.062499999999999445e-02 1.362132352941176072e-01 2.591911764705881818e-02 1.838235294117646762e-04 1.838235294117646762e-04 3.954044117647058099e-01 1.838235294117646762e-04 2.224264705882352325e-02 4.797794117647057738e-02 9.374999999999997918e-03 6.452205882352940458e-02 1.838235294117646762e-04 2.022058823529411520e-03 5.698529411764704719e-03 9.374999999999997918e-03 1.838235294117646762e-04
4.424778761061947925e-04 4.424778761061947925e-04 1.464601769911504647e-01 4.424778761061947925e-04 4.424778761061947925e-04 1.154867256637168299e-01 1.022123893805309963e-01 4.424778761061947925e-04 4.424778761061947925e-04 4.424778761061947925e-04 4.424778761061947925e-04 1.022123893805309963e-01 4.424778761061947925e-04 4.424778761061947925e-04 4.424778761061947925e-04 4.424778761061947925e-04 4.424778761061947925e-04 4.424778761061947925e-04 4.424778761061947925e-04 4.911504424778761341e-02 4.424778761061947925e-04 4.424778761061947925e-04 6.681415929203540771e-02 2.256637168141592889e-02 4.424778761061947925e-04 3.013274336283185972e-01 3.584070796460177288e-02 4.911504424778761341e-02 4.424778761061947925e-04 4.424778761061947925e-04
6.918238993710693757e-03 6.289308176100630787e-04 1.949685534591195230e-02 6.289308176100630787e-04 6.289308176100630787e-04 1.320754716981132303e-02 6.918238993710693757e-03 6.289308176100630787e-04 6.289308176100630787e-04 2.018867924528302271e-01 5.094339622641510384e-02 3.836477987421384184e-02 6.289308176100630787e-04 6.289308176100630787e-04 6.289308176100630787e-04 4.465408805031446937e-02 6.289308176100630787e-04 1.578616352201258344e-01 6.289308176100630787e-04 6.289308176100630787e-04 5.094339622641510384e-02 6.289308176100630787e-04 8.238993710691824846e-02 6.289308176100630787e-04 3.150943396226415505e-01 6.289308176100630787e-04 6.289308176100630787e-04 6.289308176100630787e-04 6.289308176100630787e-04 6.289308176100630787e-04
4.761904761904763527e-04 4.761904761904763527e-04 4.761904761904763527e-04 1.100000000000000422e-01 4.761904761904763527e-04 2.428571428571428895e-02 4.761904761904763527e-04 4.761904761904763527e-04 4.761904761904763527e-04 4.761904761904763527e-04 4.761904761904763527e-04 3.290476190476190888e-01 6.714285714285715689e-02 4.761904761904763527e-04 4.761904761904763527e-04 4.761904761904763527e-04 1.100000000000000422e-01 2.338095238095238837e-01 4.761904761904763527e-04 4.761904761904763527e-04 4.761904761904763527e-04 4.761904761904763527e-04 4.809523809523810756e-02 5.238095238095239609e-03 4.761904761904763527e-04 4.761904761904763527e-04 4.761904761904763527e-04 6.238095238095239803e-02 4.761904761904763527e-04 4.761904761904763527e-04
3.448275862068964168e-04 3.448275862068964168e-04 2.003448275862068362e-01 3.448275862068964168e-04 3.793103448275860802e-03 3.137931034482756981e-02 1.003448275862068584e-01 3.793103448275860802e-03 3.448275862068964168e-04 3.448275862068964168e-04 3.448275862068964168e-04 3.693103448275860679e-01 3.448275862068964168e-04 3.448275862068964168e-04 3.448275862068964168e-04 3.448275862068964168e-04 3.448275862068964168e-04 4.517241379310343169e-02 3.448275862068964168e-04 3.448275862068964168e-04 3.448275862068964168e-04 3.448275862068964168e-04 3.448275862068964168e-04 1.313793103448275268e-01 3.448275862068964168e-04 7.965517241379307944e-02 2.448275862068964581e-02 3.793103448275860802e-03 3.448275862068964168e-04 3.448275862068964168e-04
4.098360655737704914e-04 4.098360655737704914e-04 1.930327868852459161e-01 4.098360655737704914e-04 4.098360655737704914e-04 4.098360655737704914e-04 4.508196721311475731e-03 4.508196721311475731e-03 4.098360655737704914e-04 4.098360655737704914e-04 2.090163934426229192e-02 8.647540983606558096e-02 1.192622950819672151e-01 1.270491803278688513e-02 4.098360655737704914e-04 1.151639344262295195e-01 4.098360655737704914e-04 4.098360655737704914e-04 4.098360655737704914e-04 2.176229508196721452e-01 4.098360655737704914e-04 6.188524590163934497e-02 7.008196721311475696e-02 4.098360655737704914e-04 4.549180327868852097e-02 4.098360655737704914e-04 4.098360655737704914e-04 4.098360655737704914e-04 4.098360655737704914e-04 4.139344262295081844e-02
4.716981132075473361e-04 5.188679245283020318e-03 1.933962264150943661e-02 4.716981132075473361e-04 1.089622641509434275e-01 4.716981132075473361e-04 7.122641509433963458e-02 3.778301886792453379e-01 4.292452830188680374e-02 4.292452830188680374e-02 4.716981132075473361e-04 4.716981132075473361e-04 4.716981132075473361e-04 1.933962264150943661e-02 4.716981132075473361e-04 1.183962264150943827e-01 9.481132075471701559e-02 4.716981132075473361e-04 5.188679245283020318e-03 4.716981132075473361e-04 4.716981132075473361e-04 4.716981132075473361e-04 4.716981132075473361e-04 4.716981132075473361e-04 4.716981132075473361e-04 4.716981132075473361e-04 6.179245283018869328e-02 4.716981132075473361e-04 2.405660377358491073e-02 4.716981132075473361e-04
3.802281368821291995e-04 3.802281368821291995e-04 1.790874524714828608e-01 5.361216730038021600e-02 3.802281368821291995e-04 1.178707224334600567e-02 3.802281368821291995e-04 3.802281368821291995e-04 3.460076045627375613e-02 4.182509505703421900e-03 5.741444866920150658e-02 8.783269961977184515e-02 3.802281368821291995e-04 3.802281368821291995e-04 3.802281368821291995e-04 4.600760456273762788e-02 6.121673003802280411e-02 3.802281368821291995e-04 7.984790874524713353e-03 3.802281368821291995e-04 3.802281368821291995e-04 1.558935361216729626e-02 3.802281368821291995e-04 2.703422053231938627e-01 3.802281368821291995e-04 1.600760456273764010e-01 3.802281368821291995e-04 3.802281368821291995e-04 3.802281368821291995e-04 4.182509505703421900e-03
3.717472118959106657e-04 3.717472118959106657e-04 1.304832713754646434e-01 1.524163568773233453e-02 3.717472118959106657e-04 1.524163568773233453e-02 3.717472118959106657e-04 3.717472118959106657e-04 3.717472118959106657e-04 8.587360594795535873e-02 3.717472118959106657e-04 1.304832713754646434e-01 3.717472118959106657e-04 3.717472118959106657e-04 3.717472118959106657e-04 7.806691449814123600e-03 3.717472118959106657e-04 3.717472118959106657e-04 3.717472118959106657e-04 1.152416356877323037e-02 3.717472118959106657e-04 3.717472118959106657e-04 3.717472118959106657e-04 2.605947955390333082e-01 2.639405204460965396e-02 2.866171003717470911e-01 3.717472118959106657e-04 2.267657992565054806e-02 3.717472118959106657e-04 3.717472118959106657e-04
2.575757575757575690e-02 5.050505050505050501e-04 1.368686868686868896e-01 5.050505050505050501e-04 7.121212121212121271e-02 5.050505050505050501e-04 1.015151515151515166e-01 5.050505050505050501e-04 5.050505050505050501e-04 1.217171717171717238e-01 5.050505050505050501e-04 2.883838383838384090e-01 7.626262626262625410e-02 5.050505050505050501e-04 5.050505050505050501e-04 9.141414141414141992e-02 5.050505050505050501e-04 5.050505050505050501e-04 5.050505050505050501e-04 5.050505050505050501e-04 5.050505050505050501e-04 5.050505050505050501e-04 1.565656565656565677e-02 5.050505050505050501e-04 1.060606060606060670e-02 5.050505050505050501e-04 5.050505050505050501e-04 2.070707070707070510e-02 3.080808080808080524e-02 5.050505050505050501e-04
3.105590062111800273e-04 3.416149068322980355e-03 3.136645962732918097e-02 3.105590062111800273e-04 3.416149068322980355e-03 3.105590062111800273e-04 1.369565217391303935e-01 3.105590062111800273e-04 3.105590062111800273e-04 2.860248447204967737e-01 3.105590062111800273e-04 2.515527950310558064e-02 3.105590062111800273e-04 3.105590062111800273e-04 3.105590062111800273e-04 1.276397515527950000e-01 3.105590062111800273e-04 6.863354037267078989e-02 3.105590062111800273e-04 3.105590062111800273e-04 3.105590062111800273e-04 3.105590062111800273e-04 1.027950310559005848e-01 3.105590062111800273e-04 1.866459627329191961e-01 3.105590062111800273e-04 3.105590062111800273e-04 3.105590062111800273e-04 3.105590062111800273e-04 2.204968944099378048e-02
4.198473282442746583e-03 3.816793893129769326e-04 3.816793893129769326e-04 3.816793893129769326e-04 3.816793893129769326e-04 3.816793893129769326e-04 3.816793893129769326e-04 5.381679389312974543e-02 2.561068702290075216e-01 1.416030534351144510e-01 4.999999999999997502e-02 2.328244274809159256e-02 1.564885496183205174e-02 4.198473282442746583e-03 1.072519083969465242e-01 8.015267175572516126e-03 3.473282442748090032e-02 5.763358778625951584e-02 3.816793893129769326e-04 9.961832061068698341e-02 1.183206106870228480e-02 3.473282442748090032e-02 9.198473282442744259e-02 3.816793893129769326e-04 3.816793893129769326e-04 3.816793893129769326e-04 3.816793893129769326e-04 3.816793893129769326e-04 3.816793893129769326e-04 3.816793893129769326e-04
1.285266457680249962e-02 6.614420062695922087e-02 3.134796238244512683e-04 1.100313479623823976e-01 3.134796238244512683e-04 3.448275862068964168e-03 3.134796238244512683e-04 3.134796238244512683e-04 3.134796238244512683e-04 3.134796238244512683e-04 3.134796238244512683e-04 6.927899686520372358e-02 1.285266457680249962e-02 3.134796238244512683e-04 3.134796238244512683e-04 8.808777429467080922e-02 6.583072100313475984e-03 3.134796238244512683e-04 3.134796238244512683e-04 3.796238244514104632e-01 3.134796238244512683e-04 9.435736677115982851e-02 6.583072100313475984e-03 4.106583072100310899e-02 9.717868338557988234e-03 3.166144200626957311e-02 3.448275862068964168e-03 1.285266457680249962e-02 4.733542319749213523e-02 3.134796238244512683e-04
5.000000000000001188e-04 5.000000000000001188e-04 1.550000000000000509e-02 7.550000000000002542e-02 5.000000000000001188e-04 1.050000000000000412e-02 5.000000000000001188e-04 5.500000000000002283e-03 4.805000000000000937e-01 7.050000000000002098e-02 5.000000000000001188e-04 5.000000000000001188e-04 5.000000000000001188e-04 1.050000000000000412e-02 6.550000000000001654e-02 5.000000000000001188e-04 1.255000000000000560e-01 5.000000000000001188e-04 5.000000000000001188e-04 5.000000000000001188e-04 2.050000000000000433e-02 5.000000000000001188e-04 3.550000000000001071e-02 6.550000000000001654e-02 1.050000000000000412e-02 5.000000000000001188e-04 5.000000000000001188e-04 5.000000000000001188e-04 5.000000000000001188e-04 5.000000000000001188e-04
4.424778761061948468e-04 4.424778761061948468e-04 8.451327433628320895e-02 4.424778761061948468e-04 8.893805309734516273e-02 4.424778761061948468e-04 2.924778761061947452e-01 3.584070796460177982e-02 9.292035398230091836e-03 5.796460176991151403e-02 3.584070796460177982e-02 1.110619469026549039e-01 4.867256637168143260e-03 4.424778761061948468e-04 4.424778761061948468e-04 4.424778761061948468e-04 4.424778761061948468e-04 1.774336283185841134e-01 4.424778761061948468e-04 4.424778761061948468e-04 1.814159292035398552e-02 4.424778761061948468e-04 4.424778761061948468e-04 4.424778761061948468e-04 6.681415929203540771e-02 4.424778761061948468e-04 4.424778761061948468e-04 4.424778761061948468e-04 9.292035398230091836e-03 4.424778761061948468e-04
3.011152416356875985e-02 3.717472118959106657e-04 3.717472118959106657e-04 4.869888475836429281e-02 1.118959107806691000e-01 7.806691449814123600e-03 3.944237918215611760e-01 3.717472118959106657e-04 1.152416356877323037e-02 4.089219330855016835e-03 3.717472118959106657e-04 2.271375464684013967e-01 3.717472118959106657e-04 3.717472118959106657e-04 3.717472118959106657e-04 1.524163568773233453e-02 3.717472118959106657e-04 3.717472118959106657e-04 3.717472118959106657e-04 3.717472118959106657e-04 4.089219330855016835e-03 1.081784386617099941e-01 3.717472118959106657e-04 3.717472118959106657e-04 4.089219330855016835e-03 3.717472118959106657e-04 3.717472118959106657e-04 3.717472118959106657e-04 2.639405204460965396e-02 3.717472118959106657e-04
2.808988764044943525e-04 2.808988764044943525e-04 1.994382022471909849e-02 2.808988764044943525e-04 2.808988764044943525e-04 2.808988764044943525e-04 2.808988764044943525e-04 1.994382022471909849e-02 2.808988764044943525e-04 1.800561797752808502e-01 2.808988764044943525e-04 2.808988764044943525e-04 2.808988764044943525e-04 2.808988764044943525e-04 2.808988764044943525e-04 1.575842696629213280e-01 2.808988764044943525e-04 2.808988764044943525e-04 2.808988764044943525e-04 2.556179775280898250e-02 3.089887640449437770e-03 2.808988764044943525e-04 5.646067415730336714e-02 5.898876404494381512e-03 4.522471910112359217e-02 4.441011235955055203e-01 2.808988764044943525e-04 5.898876404494381512e-03 2.808988764044943525e-04 3.117977528089886999e-02
1.330472103004292153e-02 1.248927038626609781e-01 4.291845493562233154e-04 4.721030042918456307e-03 4.721030042918456307e-03 3.047210300429185198e-02 4.291845493562233154e-04 1.330472103004292153e-02 3.952789699570816162e-01 1.034334763948498159e-01 4.291845493562233154e-04 4.291845493562233154e-04 4.291845493562233154e-04 9.012875536480689787e-03 2.188841201716738502e-02 4.291845493562233154e-04 4.334763948497855068e-02 9.012875536480689787e-03 4.291845493562233154e-04 4.291845493562233154e-04 4.721030042918456307e-03 4.291845493562233154e-04 1.420600858369099051e-01 4.291845493562233154e-04 3.905579399141631547e-02 4.721030042918456307e-03 2.188841201716738502e-02 4.291845493562233154e-04 9.012875536480689787e-03 4.291845493562233154e-04
4.761904761904763202e-03 4.329004329004329543e-04 4.372294372294372594e-02 1.649350649350649622e-01 9.090909090909092202e-03 4.329004329004329543e-04 4.329004329004329543e-04 4.329004329004329543e-04 4.329004329004329543e-04 4.329004329004329543e-04 4.761904761904763202e-03 4.329004329004329543e-04 4.329004329004329543e-04 4.329004329004329543e-04 4.329004329004329543e-04 3.939393939393939781e-02 6.969696969696971556e-02 3.073593073593073807e-02 4.329004329004329543e-04 5.199134199134199941e-01 4.329004329004329543e-04 4.761904761904763202e-03 9.090909090909092202e-03 4.329004329004329543e-04 4.329004329004329543e-04 9.134199134199136316e-02 4.329004329004329543e-04 4.329004329004329543e-04 4.329004329004329543e-04 4.329004329004329543e-04
2.695417789757411568e-04 2.695417789757411568e-04 3.530997304582209062e-02 2.695417789757411568e-04 2.695417789757411568e-04 2.695417789757411568e-04 1.835579514824797198e-01 2.695417789757411568e-04 1.913746630727762230e-02 5.956873315363880178e-02 2.695417789757411568e-04 4.878706199460915161e-02 2.695417789757411568e-04 5.660377358490564781e-03 2.452830188679244391e-02 2.695417789757411568e-04 1.913746630727762230e-02 2.695417789757411568e-04 2.695417789757411568e-04 4.878706199460915161e-02 2.695417789757411568e-04 1.134770889487870249e-01 1.700808625336926727e-01 9.730458221024256005e-02 1.080862533692722033e-01 1.913746630727762230e-02 2.695417789757411568e-04 2.695417789757411568e-04 4.339622641509432999e-02 2.695417789757411568e-04
2.604166666666666088e-04 4.973958333333332316e-02 1.148437499999999667e-01 2.604166666666666088e-04 2.864583333333332697e-03 3.411458333333332316e-02 2.604166666666666088e-04 1.848958333333332663e-02 2.864583333333332697e-03 1.044270833333333093e-01 2.604166666666666088e-04 2.684895833333332260e-01 2.604166666666666088e-04 2.604166666666666088e-04 2.604166666666666088e-04 2.864583333333332697e-03 2.864583333333332697e-03 2.604166666666666088e-04 2.604166666666666088e-04 2.604166666666666088e-04 2.604166666666666088e-04 4.453124999999998751e-02 7.317708333333330928e-02 1.200520833333332954e-01 2.604166666666666088e-04 7.838541666666665186e-02 5.468749999999998786e-03 1.328124999999999445e-02 4.713541666666665880e-02 1.328124999999999445e-02
4.089219330855017702e-03 3.717472118959107199e-04 3.717472118959107199e-04 4.126394052044608796e-02 3.717472118959107199e-04 3.717472118959107199e-04 4.498141263940519385e-02 3.717472118959107199e-04 3.717472118959107199e-04 1.453531598513010947e-01 3.717472118959107199e-04 7.806691449814125335e-03 3.717472118959107199e-04 3.717472118959107199e-04 3.717472118959107199e-04 1.193308550185873396e-01 3.717472118959107199e-04 3.717472118959107199e-04 1.524163568773233800e-02 3.717472118959107199e-04 3.717472118959107199e-04 3.717472118959107199e-04 1.193308550185873396e-01 3.717472118959107199e-04 1.081784386617100219e-01 3.423791821561337212e-01 3.754646840148698206e-02 3.717472118959107199e-04 7.806691449814125335e-03 3.717472118959107199e-04
5.263157894736844155e-04 3.210526315789474783e-02 3.736842105263158548e-02 6.368421052631580148e-02 5.789473684210528354e-03 5.263157894736844155e-04 5.263157894736844155e-04 5.263157894736844155e-04 5.789473684210528354e-03 1.321052631578947811e-01 1.631578947368421753e-02 5.263157894736844155e-04 7.421052631578949066e-02 9.526315789473688289e-02 5.263157894736844155e-04 5.263157894736844155e-04 5.263157894736844155e-04 5.263157894736844155e-04 2.531578947368421928e-01 5.263157894736844155e-04 2.157894736842105865e-02 5.263157894736844155e-04 7.421052631578949066e-02 5.263157894736844155e-04 8.473684210526319371e-02 5.263157894736844155e-04 7.947368421052633525e-02 1.631578947368421753e-02 5.263157894736844155e-04 5.263157894736844155e-04
2.865329512893982069e-04 1.148997134670486781e-01 3.011461318051574798e-01 2.865329512893982069e-04 2.865329512893982069e-04 2.865329512893982069e-04 2.865329512893982069e-04 2.865329512893982069e-04 2.865329512893982069e-04 2.320916905444125183e-02 2.865329512893982069e-04 1.435530085959884905e-01 3.467048710601718098e-02 6.017191977077362454e-03 2.865329512893982069e-04 2.209169054441259827e-01 2.865329512893982069e-04 8.051575931232089756e-02 2.865329512893982069e-04 1.747851002865328726e-02 8.882521489971343873e-03 2.865329512893982069e-04 2.865329512893982069e-04 1.174785100286532442e-02 6.017191977077362454e-03 1.461318051575930671e-02 2.865329512893982069e-04 2.865329512893982069e-04 2.865329512893982069e-04 1.174785100286532442e-02
3.906250000000001301e-04 3.906250000000001301e-04 1.644531250000000333e-01 1.210937500000000382e-02 1.019531250000000333e-01 3.164062500000000555e-02 1.253906250000000333e-01 3.906250000000001301e-04 3.906250000000001301e-04 3.906250000000001301e-04 3.906250000000001301e-04 2.503906250000000333e-01 3.906250000000001301e-04 3.906250000000001301e-04 3.906250000000001301e-04 1.601562500000000208e-02 9.414062500000003331e-02 8.632812500000001943e-02 3.906250000000001301e-04 3.906250000000001301e-04 3.906250000000001301e-04 3.906250000000001301e-04 3.906250000000001301e-04 3.906250000000001301e-04 7.070312500000001943e-02 2.382812500000000555e-02 1.210937500000000382e-02 3.906250000000001301e-04 3.906250000000001301e-04 4.296875000000001214e-03
4.149377593360996288e-04 1.124481327800829905e-01 1.373443983402489743e-01 4.149377593360996288e-04 4.149377593360996288e-04 4.149377593360996288e-04 4.149377593360996288e-04 6.680497925311204566e-02 4.149377593360996288e-04 1.331950207468879654e-01 4.149377593360996288e-04 1.829875518672199330e-01 4.149377593360996288e-04 4.149377593360996288e-04 4.149377593360996288e-04 1.331950207468879654e-01 4.149377593360996288e-04 4.149377593360996288e-04 4.149377593360996288e-04 4.149377593360996288e-04 4.149377593360996288e-04 4.149377593360996288e-04 4.564315352697095700e-03 4.149377593360996288e-04 2.078838174273859030e-01 1.286307053941908828e-02 4.149377593360996288e-04 4.149377593360996288e-04 4.149377593360996288e-04 4.149377593360996288e-04
