1.550387596899224351e-04 1.550387596899224351e-04 9.457364341085267023e-03 1.550387596899224351e-04 6.992248062015501975e-02 1.550387596899224351e-04 1.705426356589146786e-03 3.116279069767441054e-02 1.550387596899224351e-04 3.426356589147285664e-02 1.550387596899224351e-04 1.550387596899224351e-04 1.550387596899224351e-04 1.550387596899224351e-04 1.705426356589146786e-03 9.007751937984492807e-02 1.550387596899224351e-04 3.164341085271316634e-01 2.031007751937983705e-02 7.767441860465114367e-02 2.172093023255813049e-01 1.550387596899224351e-04 1.550387596899224351e-04 9.627906976744182721e-02 1.550387596899224351e-04 3.116279069767441054e-02 1.550387596899224351e-04 1.550387596899224351e-04 1.550387596899224351e-04 1.550387596899224351e-04
9.652509652509652465e-05 9.652509652509652465e-05 9.652509652509652465e-05 9.855212355212354669e-02 1.275096525096525157e-01 9.652509652509652465e-05 9.652509652509652465e-05 9.652509652509652465e-05 9.652509652509652465e-05 9.652509652509652465e-05 9.652509652509652465e-05 2.230694980694980512e-01 5.994208494208494442e-02 2.027027027027027140e-03 9.652509652509652465e-05 2.008687258687258670e-01 1.062741312741312671e-01 2.326254826254826533e-02 9.652509652509652465e-05 9.565637065637065672e-02 9.652509652509652465e-05 9.652509652509652465e-05 9.652509652509652465e-05 9.652509652509652465e-05 9.652509652509652465e-05 2.808880308880308888e-02 9.652509652509652465e-05 3.957528957528957253e-03 9.652509652509652465e-05 2.905405405405405567e-02
1.173708920187793399e-04 1.173708920187793399e-04 1.173708920187793399e-04 3.884976525821595694e-02 7.159624413145538463e-03 1.526995305164318972e-01 1.491784037558685216e-01 4.706572769953051155e-02 1.173708920187793399e-04 1.185446009389671228e-02 1.173708920187793399e-04 1.173708920187793399e-04 1.173708920187793399e-04 3.638497652582159403e-03 8.333333333333331483e-03 1.597417840375586484e-01 1.173708920187793399e-04 1.302816901408450530e-02 3.063380281690140580e-02 3.638497652582159403e-03 1.173708920187793399e-04 1.173708920187793399e-04 1.173708920187793399e-04 1.173708920187793399e-04 2.593896713615023372e-02 4.812206572769952423e-03 1.173708920187793399e-04 1.057511737089201626e-01 2.360328638497652121e-01 1.173708920187793399e-04
2.932551319648093297e-04 2.932551319648093297e-04 2.932551319648093297e-04 2.932551319648093297e-04 2.932551319648093297e-04 9.413489736070378144e-02 2.085043988269793813e-01 2.932551319648093297e-04 2.932551319648093297e-04 2.932551319648093297e-04 2.932551319648093297e-04 3.225806451612902356e-03 2.932551319648093297e-04 2.932551319648093297e-04 2.932551319648093297e-04 2.055718475073312901e-01 2.932551319648093297e-04 6.480938416422285520e-02 2.202346041055717463e-01 1.850439882697946514e-01 2.932551319648093297e-04 2.932551319648093297e-04 2.932551319648093297e-04 2.932551319648093297e-04 2.932551319648093297e-04 2.932551319648093297e-04 2.932551319648093297e-04 2.932551319648093297e-04 2.932551319648093297e-04 1.202346041055717997e-02
3.278688524590162847e-04 3.278688524590162847e-04 3.278688524590162847e-04 2.327868852459015481e-02 3.278688524590162847e-04 2.724590163934424991e-01 3.606557377049179457e-03 1.672131147540982868e-02 1.672131147540982868e-02 3.311475409836064226e-02 3.278688524590162847e-04 1.806557377049179680e-01 2.983606557377048094e-02 3.278688524590162847e-04 3.278688524590162847e-04 3.278688524590162847e-04 1.344262295081966561e-02 8.885245901639340915e-02 3.278688524590162847e-04 1.999999999999999001e-02 3.278688524590162847e-04 1.937704918032786272e-01 3.278688524590162847e-04 3.278688524590162847e-04 3.278688524590162847e-04 1.019672131147540683e-01 3.278688524590162847e-04 3.278688524590162847e-04 3.278688524590162847e-04 3.278688524590162847e-04
3.703703703703704062e-04 3.703703703703704062e-04 1.818518518518518479e-01 1.781481481481481666e-01 3.703703703703704062e-04 3.370370370370370100e-02 4.851851851851851638e-02 2.999999999999999889e-02 3.703703703703704062e-04 4.111111111111111216e-02 3.703703703703704062e-04 3.703703703703704062e-04 9.296296296296296946e-02 3.703703703703704062e-04 3.703703703703704062e-04 3.703703703703704062e-04 3.703703703703704062e-04 5.222222222222221849e-02 3.740740740740740311e-02 3.703703703703704062e-04 3.703703703703704062e-04 3.703703703703704062e-04 3.703703703703704062e-04 3.703703703703704062e-04 3.703703703703704062e-04 3.703703703703704062e-04 3.703703703703704062e-04 7.777777777777778422e-03 2.818518518518518534e-01 7.777777777777778422e-03
1.481481481481481191e-04 1.481481481481481191e-04 1.481481481481481191e-04 1.481481481481481191e-04 1.481481481481481191e-04 4.534814814814813744e-01 9.051851851851848429e-02 2.533333333333332577e-02 1.481481481481481191e-04 1.481481481481481191e-04 1.481481481481481191e-04 1.629629629629629310e-03 1.629629629629629310e-03 1.481481481481481191e-04 1.481481481481481191e-04 1.853333333333332666e-01 3.111111111111110068e-03 6.074074074074071149e-03 5.348148148148146319e-02 5.940740740740738796e-02 3.111111111111110068e-03 1.481481481481481191e-04 1.481481481481481191e-04 1.940740740740740100e-02 1.481481481481481191e-04 1.481481481481481191e-04 1.629629629629629310e-03 1.481481481481481191e-04 9.348148148148145709e-02 1.481481481481481191e-04
4.237288135593221300e-04 4.237288135593221300e-04 1.190677966101695157e-01 4.237288135593221300e-04 4.237288135593221300e-04 5.550847457627119258e-02 3.432203389830508489e-02 2.970338983050847537e-01 4.237288135593221300e-04 4.237288135593221300e-04 8.093220338983052320e-02 4.237288135593221300e-04 4.237288135593221300e-04 4.703389830508474673e-02 6.398305084745763149e-02 2.161016949152542652e-02 4.237288135593221300e-04 8.516949152542374613e-02 4.237288135593221300e-04 1.741525423728813859e-01 4.237288135593221300e-04 4.237288135593221300e-04 4.237288135593221300e-04 4.237288135593221300e-04 4.237288135593221300e-04 4.661016949152543484e-03 4.661016949152543484e-03 4.237288135593221300e-04 4.661016949152543484e-03 4.237288135593221300e-04
2.671755725190839287e-03 1.272264631043256984e-04 1.921119592875317889e-02 1.030534351145038011e-02 1.272264631043256984e-04 7.760814249363865922e-03 5.229007633587785808e-02 8.409669211195926197e-02 1.272264631043256984e-04 3.066157760814249011e-02 1.157760814249363633e-02 6.246819338422390788e-02 7.760814249363865922e-03 1.272264631043256984e-04 1.272264631043256984e-04 1.209923664122137116e-01 1.272264631043256984e-04 2.647582697201017465e-01 9.033078880407122147e-03 3.944020356234096379e-03 1.184478371501272026e-01 1.272264631043256984e-04 1.272264631043256984e-04 1.209923664122137116e-01 1.272264631043256984e-04 1.272264631043256984e-04 1.272264631043256984e-04 6.882951653944019421e-02 2.671755725190839287e-03 1.272264631043256984e-04
4.016064257028113707e-04 8.433734939759037971e-03 3.497991967871486585e-01 4.457831325301205710e-02 4.016064257028113707e-04 4.016064257028113707e-04 4.016064257028113707e-04 1.128514056224899920e-01 1.088353413654618712e-01 4.016064257028113707e-04 1.128514056224899920e-01 2.048192771084337768e-02 4.016064257028113707e-04 5.261044176706828474e-02 4.016064257028113707e-04 4.859437751004017092e-02 1.244979919678715179e-02 4.016064257028113707e-04 4.016064257028113707e-04 4.016064257028113707e-04 4.016064257028113707e-04 4.016064257028113707e-04 4.016064257028113707e-04 1.088353413654618712e-01 4.016064257028113707e-04 8.433734939759037971e-03 4.417670682730925023e-03 4.016064257028113707e-04 4.016064257028113707e-04 4.016064257028113707e-04
1.002979145978152853e-02 9.036742800397219375e-03 9.930486593843098318e-05 9.036742800397219375e-03 9.930486593843098318e-05 1.300893743793445773e-02 2.085402184707050525e-03 9.930486593843098318e-05 9.930486593843098318e-05 2.085402184707050525e-03 9.930486593843098318e-05 9.036742800397219375e-03 7.557100297914597087e-02 5.670307845084409520e-02 9.930486593843098318e-05 1.282025819265144029e-01 6.564051638530286892e-02 2.393247269116186710e-02 6.663356504468719022e-02 9.930486593843098318e-05 1.092353525322740937e-03 9.930486593843098318e-05 9.930486593843098318e-05 6.166832174776563924e-02 9.930486593843098318e-05 4.577954319761668583e-02 2.374379344587884688e-01 3.386295928500496905e-02 6.762661370407149763e-02 8.053624627606752184e-02
1.470588235294117518e-04 1.470588235294117518e-04 1.617647058823529216e-03 5.014705882352940569e-02 1.470588235294117518e-04 1.163235294117646729e-01 6.044117647058822734e-02 1.472058823529411309e-01 1.470588235294117518e-04 1.470588235294117518e-04 1.470588235294117518e-04 3.133823529411763897e-01 3.102941176470587828e-02 1.470588235294117518e-04 1.470588235294117518e-04 8.249999999999999001e-02 7.499999999999997988e-03 1.470588235294117518e-04 1.470588235294117518e-04 1.470588235294117518e-04 1.470588235294117518e-04 8.970588235294115614e-03 1.470588235294117518e-04 4.867647058823528633e-02 1.470588235294117518e-04 1.470588235294117518e-04 1.470588235294117518e-04 6.044117647058822734e-02 8.970588235294115614e-03 6.044117647058822734e-02
1.562499999999999761e-04 1.562499999999999761e-04 1.890624999999999598e-02 1.562499999999999761e-04 1.562499999999999761e-04 1.860937499999999467e-01 1.267187499999999634e-01 8.140624999999998557e-02 1.562499999999999761e-04 7.984374999999999112e-02 3.281249999999999445e-03 5.484374999999998973e-02 1.562499999999999761e-04 1.562499999999999761e-04 1.562499999999999761e-04 3.609374999999999389e-02 1.562499999999999761e-04 1.970312499999999634e-01 1.562499999999999761e-04 1.562499999999999761e-04 5.171874999999999389e-02 1.562499999999999761e-04 1.562499999999999761e-04 5.796874999999999251e-02 1.562499999999999761e-04 1.562499999999999761e-04 1.562499999999999761e-04 1.562499999999999761e-04 5.953124999999999389e-02 4.390624999999999389e-02
1.022304832713755076e-03 9.293680297397773418e-05 1.403345724907063830e-02 9.293680297397773418e-05 9.293680297397773418e-05 1.757434944237918906e-01 3.810408921933086668e-03 2.704460966542752282e-02 9.293680297397773418e-05 5.669144981412641351e-03 9.293680297397773418e-05 8.457249070631974244e-03 2.239776951672863697e-02 3.540892193308552149e-02 9.293680297397773418e-05 4.739776951672864010e-03 2.704460966542752282e-02 4.647769516728626482e-01 9.293680297397773418e-05 2.053903345724908056e-02 2.983271375464685571e-02 9.293680297397773418e-05 9.293680297397773418e-05 1.190520446096654666e-01 9.293680297397773418e-05 2.704460966542752282e-02 9.293680297397773418e-05 1.217472118959108361e-02 9.293680297397773418e-05 9.293680297397773418e-05
6.035398230088494936e-02 1.769911504424778520e-04 3.716814159292035000e-03 1.769911504424778520e-04 1.769911504424778520e-04 1.769911504424778520e-04 1.769911504424778520e-04 1.769911504424778520e-04 1.769911504424778520e-04 1.787610619469025969e-02 1.769911504424778520e-04 3.716814159292035000e-03 1.769911504424778520e-04 1.769911504424778520e-04 6.920353982300883611e-02 2.515044247787610043e-01 1.946902654867256480e-03 1.769911504424778520e-04 7.256637168141590738e-03 1.769911504424778520e-04 3.380530973451326832e-02 1.769911504424778520e-04 2.780530973451326715e-01 2.214159292035397797e-01 1.769911504424778520e-04 1.769911504424778520e-04 1.769911504424778520e-04 1.964601769911503842e-02 1.433628318584070395e-02 1.433628318584070395e-02
2.375296912114013706e-04 2.375296912114013706e-04 2.375296912114013706e-04 2.375296912114013706e-04 2.375296912114013706e-04 6.912114014251780070e-02 1.546318289786222655e-01 4.988123515439428675e-03 2.612826603325415185e-03 1.593824228028503098e-01 2.375296912114013706e-04 1.448931116389548177e-02 2.375296912114013706e-04 2.375296912114013706e-04 2.612826603325415185e-03 1.686460807600949699e-02 2.375296912114013706e-04 3.636579572446554942e-01 2.375296912114013706e-04 2.375296912114013706e-04 4.774346793349167756e-02 2.375296912114013706e-04 2.375296912114013706e-04 1.071258907363420165e-01 2.375296912114013706e-04 2.375296912114013706e-04 4.988123515439428675e-03 2.375296912114013706e-04 2.375296912114013706e-04 4.774346793349167756e-02
6.935123042505592431e-03 2.460850111856822953e-03 2.237136465324384576e-04 2.237136465324384576e-04 9.172259507829976302e-03 2.237136465324384576e-04 1.456375838926174116e-01 5.615212527964205669e-02 2.237136465324384576e-04 2.149888143176733324e-01 2.460850111856822953e-03 2.460850111856822953e-03 2.237136465324384576e-04 2.237136465324384576e-04 2.237136465324384576e-04 1.389261744966442946e-01 2.237136465324384576e-04 4.944071588366889813e-02 2.237136465324384576e-04 2.237136465324384576e-04 8.299776286353466315e-02 5.615212527964205669e-02 1.364653243847874405e-02 2.259507829977628127e-02 6.935123042505592431e-03 4.496644295302013039e-02 2.237136465324384576e-04 1.277404921700223683e-01 1.364653243847874405e-02 2.237136465324384576e-04
1.724137931034482626e-04 1.896551724137930835e-03 4.844827586206895687e-02 1.051724137931034191e-02 1.724137931034482626e-04 3.898275862068964481e-01 1.312068965517241004e-01 1.018965517241379182e-01 1.724137931034482626e-04 1.724137931034482626e-04 1.724137931034482626e-04 6.396551724137930495e-02 1.724137931034482626e-04 1.724137931034482626e-04 1.724137931034482626e-04 7.603448275862068062e-02 1.568965517241378838e-02 2.948275862068965025e-02 1.896551724137930835e-03 1.724137931034482626e-04 1.724137931034482626e-04 1.724137931034482626e-04 1.724137931034482626e-04 2.258620689655171931e-02 1.896551724137930835e-03 1.724137931034482626e-04 1.724137931034482626e-04 8.793103448275859171e-03 1.724137931034482626e-04 9.327586206896550103e-02
5.022601707684582042e-05 1.160220994475138524e-02 3.922651933701658267e-02 6.383726770467103295e-02 5.022601707684582042e-05 5.575087895529885762e-03 1.562029131089904925e-02 5.072827724761427327e-03 7.081868407835260198e-03 1.913611250627825569e-02 5.022601707684582042e-05 3.063787041687594890e-03 4.068307383224511325e-03 1.562029131089904925e-02 5.022601707684582042e-05 1.015067805123053973e-01 5.524861878453040179e-04 1.838774485183325424e-01 1.813159216474134056e-02 1.863385233550979986e-02 6.885986941235561209e-02 2.250627825213461219e-01 5.022601707684582042e-05 7.940733299849322968e-02 7.584128578603718633e-03 2.516323455549975691e-02 5.022601707684582042e-05 7.036664992466099000e-02 3.566047212456052891e-03 7.081868407835260198e-03
1.164652567975830583e-01 1.510574018126887945e-04 2.885196374622356341e-02 1.510574018126887945e-04 1.510574018126887945e-04 1.374622356495468038e-02 2.129909365558911929e-02 1.510574018126887945e-04 1.510574018126887945e-04 6.057401812688820858e-02 4.682779456193352820e-03 1.072507552870090482e-02 1.510574018126887945e-04 1.510574018126887945e-04 1.510574018126887945e-04 1.829305135951661276e-01 1.510574018126887945e-04 9.214501510574015300e-03 5.151057401812687842e-02 1.510574018126887945e-04 3.036253776435044946e-02 6.359516616314198068e-02 1.510574018126887945e-04 7.416918429003020730e-02 1.510574018126887945e-04 1.510574018126887945e-04 1.693353474320241359e-01 1.587613293051359231e-01 1.510574018126887945e-04 1.661631419939576821e-03
3.553299492385785571e-03 1.692047377326564596e-04 1.692047377326564596e-04 2.047377326565142860e-02 1.032148900169204200e-02 1.692047377326564596e-04 1.692047377326564596e-04 1.692047377326564596e-04 1.692047377326564596e-04 2.047377326565142860e-02 1.692047377326564596e-04 5.111675126903552080e-01 7.123519458544837202e-02 1.692047377326564596e-04 1.692047377326564596e-04 2.099830795262266347e-01 2.554991539763112190e-02 6.937394247038914004e-03 1.692047377326564596e-04 1.692047377326564596e-04 1.692047377326564596e-04 1.692047377326564596e-04 1.032148900169204200e-02 6.108291032148897848e-02 5.245346869712350438e-03 2.216582064297799304e-02 1.692047377326564596e-04 1.692047377326564596e-04 1.861252115059221137e-03 1.708967851099829974e-02
1.605136436597110741e-04 1.605136436597110741e-04 5.634028892455859167e-02 1.781701444622792868e-02 4.831460674157303514e-02 2.698234349919743091e-01 3.370786516853932664e-03 6.115569823434992280e-02 1.605136436597110741e-04 1.605136436597110741e-04 1.605136436597110741e-04 1.622792937399678836e-01 7.881219903691813466e-02 1.605136436597110741e-04 1.605136436597110741e-04 1.044943820224718961e-01 6.581059390048153712e-03 1.765650080256821923e-03 4.975922953451043622e-03 1.765650080256821923e-03 8.186195826645264670e-03 1.012841091492776846e-01 1.605136436597110741e-04 2.905296950240770712e-02 1.765650080256821923e-03 1.605136436597110741e-04 1.605136436597110741e-04 1.605136436597110741e-04 2.263242375601925982e-02 1.781701444622792868e-02
1.414342629482071359e-02 1.992031872509959691e-04 5.398406374501991262e-02 1.992031872509959691e-04 1.992031872509959691e-04 1.992031872509959691e-04 1.992031872509959691e-04 4.999999999999998890e-02 1.992031872509959691e-04 2.191235059760955877e-03 6.175298804780875693e-03 2.191235059760955877e-03 1.992031872509959691e-04 1.992031872509959691e-04 1.992031872509959691e-04 1.774900398406374091e-01 1.992031872509959691e-04 1.992031872509959691e-04 1.814741035856573259e-01 2.711155378486054812e-01 2.191235059760955877e-03 1.992031872509959691e-04 2.191235059760955877e-03 2.233067729083664799e-01 1.992031872509959691e-04 1.992031872509959691e-04 1.992031872509959691e-04 1.015936254980079334e-02 1.992031872509959691e-04 1.992031872509959691e-04
3.098924731182794989e-01 1.311827956989246834e-02 2.150537634408601878e-04 2.150537634408601878e-04 2.150537634408601878e-04 2.150537634408601878e-04 8.193548387096773189e-02 2.150537634408601878e-04 2.150537634408601878e-04 2.150537634408601878e-04 2.150537634408601878e-04 2.150537634408601878e-04 2.150537634408601878e-04 2.150537634408601878e-04 2.150537634408601878e-04 1.808602150537633735e-01 2.150537634408601878e-04 2.817204301075268078e-02 2.150537634408601878e-04 2.150537634408601878e-04 2.150537634408601878e-04 2.150537634408601878e-04 5.827956989247310565e-02 1.765591397849461675e-01 1.526881720430107135e-02 2.365591397849461930e-03 2.150537634408601878e-04 1.292473118279569566e-01 2.150537634408601878e-04 2.150537634408601878e-04
4.184100418410043216e-04 4.184100418410043216e-04 1.715481171548117328e-02 4.184100418410043216e-04 4.184100418410043216e-04 8.786610878661090321e-03 4.184100418410043216e-04 4.184100418410043216e-04 1.050209205020920800e-01 2.133891213389121563e-02 4.184100418410043216e-04 4.184100418410043216e-04 9.246861924686194945e-02 4.230125523012552846e-01 4.184100418410043216e-04 1.343096234309623938e-01 6.317991631799164953e-02 8.786610878661090321e-03 4.184100418410043216e-04 4.602510460251047104e-03 4.184100418410043216e-04 4.184100418410043216e-04 4.184100418410043216e-04 8.786610878661090321e-03 4.184100418410043216e-04 4.184100418410043216e-04 1.008368200836820411e-01 4.184100418410043216e-04 4.602510460251047104e-03 4.184100418410043216e-04
8.394415357766141228e-02 1.413612565445025900e-02 1.745200698080279049e-04 1.745200698080279049e-04 3.158813263525304948e-02 1.745200698080279049e-04 4.904013961605584171e-02 1.745200698080279049e-04 7.155322862129142800e-03 1.745200698080279049e-04 1.745200698080279049e-04 1.745200698080279049e-04 3.664921465968586003e-03 1.745200698080279049e-04 5.951134380453751427e-02 2.497382198952879107e-01 1.745200698080279049e-04 1.745200698080279049e-04 3.158813263525304948e-02 3.664921465968586003e-03 1.745200698080279049e-04 1.745200698080279049e-04 2.008726003490400869e-01 1.223385689354275357e-01 1.745200698080279049e-04 1.745200698080279049e-04 1.745200698080279049e-04 1.328097731239092083e-01 7.155322862129142800e-03 1.745200698080279049e-04
1.273885350318470946e-04 1.414012738853502767e-02 1.273885350318470946e-04 2.408917197452228598e-01 1.273885350318470946e-04 1.273885350318470946e-04 1.045859872611464569e-01 1.273885350318470946e-04 1.273885350318470946e-04 1.273885350318470946e-04 1.273885350318470946e-04 2.752866242038215505e-01 3.579617834394903386e-02 1.273885350318470946e-04 1.273885350318470946e-04 1.886624203821655466e-01 1.273885350318470946e-04 1.273885350318470946e-04 1.273885350318470946e-04 1.273885350318470946e-04 1.273885350318470946e-04 1.401273885350318204e-03 1.401273885350318204e-03 4.089171974522291808e-02 1.273885350318470946e-04 1.401273885350318204e-03 1.273885350318470946e-04 3.197452229299362070e-02 5.999999999999998390e-02 1.401273885350318204e-03
1.680672268907562801e-04 1.680672268907562801e-04 1.680672268907562801e-04 2.119327731092436606e-01 1.025210084033613238e-02 8.084033613445376631e-02 1.010084033613445204e-01 3.529411764705882044e-03 1.848739495798319135e-03 1.680672268907562801e-04 1.680672268907562801e-04 1.295798319327730874e-01 1.680672268907562801e-04 1.680672268907562801e-04 1.680672268907562801e-04 1.799999999999999656e-01 1.680672268907562801e-04 1.680672268907562801e-04 1.680672268907562801e-04 1.680672268907562801e-04 1.361344537815125690e-02 1.680672268907562801e-04 1.680672268907562801e-04 8.756302521008402229e-02 1.680672268907562801e-04 1.848739495798319135e-03 1.680672268907562801e-04 1.430252100840335716e-01 2.033613445378150766e-02 1.193277310924369464e-02
3.875968992248061962e-04 3.875968992248061962e-04 2.019379844961240456e-01 7.790697674418604890e-02 3.875968992248061962e-04 1.399224806201550542e-01 6.240310077519380105e-02 4.302325581395348431e-02 3.875968992248061962e-04 3.875968992248061962e-04 3.875968992248061962e-04 3.914728682170542234e-02 5.077519379844960823e-02 8.139534883720930120e-03 3.875968992248061962e-04 3.914728682170542234e-02 3.875968992248061962e-04 3.875968992248061962e-04 3.875968992248061962e-04 8.139534883720930120e-03 3.875968992248061962e-04 3.875968992248061962e-04 3.875968992248061962e-04 3.875968992248061962e-04 3.875968992248061962e-04 3.875968992248061962e-04 3.875968992248061962e-04 3.875968992248061962e-04 3.220930232558139039e-01 3.875968992248061962e-04
1.501501501501501434e-04 1.501501501501501434e-04 1.651651651651651551e-03 1.548048048048047687e-01 1.651651651651651551e-03 4.654654654654653660e-03 2.689189189189188922e-01 1.307807807807807587e-01 1.501501501501501434e-04 1.501501501501501434e-04 1.501501501501501434e-04 6.771771771771770143e-02 1.501501501501501434e-04 1.501501501501501434e-04 1.501501501501501434e-04 1.202702702702702353e-01 1.501501501501501434e-04 1.216216216216215937e-02 1.501501501501501434e-04 1.651651651651651551e-03 1.501501501501501434e-04 9.159159159159156391e-03 3.618618618618617971e-02 4.069069069069068678e-02 1.501501501501501434e-04 1.501501501501501434e-04 7.372372372372371085e-02 2.267267267267266892e-02 4.519519519519518691e-02 6.156156156156154281e-03
3.196300102774922436e-02 1.027749229188077996e-04 1.027749229188077996e-04 1.027749229188077996e-04 1.243576567317574398e-02 7.410071942446042059e-02 1.665981500513874225e-01 1.027749229188077996e-04 1.027749229188077996e-04 1.027749229188077996e-04 1.027749229188077996e-04 2.476875642343268069e-02 1.027749229188077996e-04 1.027749229188077996e-04 1.027749229188077996e-04 9.671120246659813124e-02 1.027749229188077996e-04 1.027749229188077996e-04 1.027749229188077996e-04 1.027749229188077996e-04 1.027749229188077996e-04 4.213771839671119797e-03 1.080164439876669935e-01 2.642343268242548504e-01 2.785200411099691617e-02 1.027749229188077996e-04 1.027749229188077996e-04 1.398766700924974071e-01 3.915724563206577497e-02 8.324768756423430588e-03
4.235537190082643358e-03 4.235537190082643358e-03 1.033057851239669396e-04 2.573347107438015979e-01 7.334710743801651708e-03 1.033057851239669396e-04 2.273760330578512012e-01 3.202479338842974775e-03 1.033057851239669396e-04 6.301652892561982258e-03 1.033057851239669396e-04 4.969008264462809743e-02 2.169421487603305759e-03 4.235537190082643358e-03 1.033057851239669396e-04 1.096074380165289047e-01 1.033057851239669396e-04 5.278925619834710231e-02 1.973140495867768338e-02 1.033057851239669396e-04 7.334710743801651708e-03 1.033057851239669396e-04 7.448347107438015036e-02 6.311983471074379681e-02 1.033057851239669396e-04 1.033057851239669396e-04 1.033057851239669396e-04 8.584710743801651778e-02 1.973140495867768338e-02 1.033057851239669396e-04
1.562499999999999490e-04 1.562499999999999490e-04 2.046874999999999389e-02 1.578124999999999320e-02 1.562499999999999490e-04 1.798437499999999134e-01 5.171874999999998695e-02 1.718749999999999575e-03 1.562499999999999490e-04 1.562499999999999490e-04 1.562499999999999490e-04 1.562499999999999490e-04 1.562499999999999490e-04 1.562499999999999490e-04 1.562499999999999490e-04 6.734374999999998002e-02 1.562499999999999490e-04 4.173437499999999023e-01 1.562499999999999490e-04 1.562499999999999490e-04 6.406249999999997016e-03 7.968749999999996669e-03 1.562499999999999490e-04 2.173437499999999190e-01 1.562499999999999490e-04 1.562499999999999490e-04 1.562499999999999490e-04 1.562499999999999490e-04 1.718749999999999575e-03 9.531249999999996322e-03
1.027749229188077860e-04 1.038026721479958642e-02 1.027749229188077860e-04 4.429599177800615933e-02 1.027749229188077860e-04 3.248715313463514387e-01 5.354573484069885536e-02 1.130524152106885836e-03 1.027749229188077860e-04 1.027749229188077860e-04 1.027749229188077860e-04 1.008221993833504360e-01 2.251798561151078515e-01 1.027749229188077860e-04 1.130524152106885836e-03 2.179856115107913217e-01 1.130524152106885836e-03 1.027749229188077860e-04 2.158273381294963534e-03 1.027749229188077860e-04 1.027749229188077860e-04 1.027749229188077860e-04 1.027749229188077860e-04 1.027749229188077860e-04 2.158273381294963534e-03 1.027749229188077860e-04 1.027749229188077860e-04 1.346351490236382016e-02 1.027749229188077860e-04 1.027749229188077860e-04
1.560062402496099573e-04 1.560062402496099573e-04 5.943837753510139432e-02 1.560062402496099573e-04 1.560062402496099573e-04 1.560062402496099573e-04 2.667706708268330340e-02 1.889235569422776373e-01 1.716068642745709584e-03 4.383775351014040228e-02 1.560062402496099573e-04 6.879875195007799371e-02 6.099843993759749422e-02 1.560062402496099573e-04 1.560062402496099573e-04 2.014040561622464365e-01 1.560062402496099573e-04 2.043681747269890381e-02 1.560062402496099573e-04 1.716068642745709584e-03 1.560062402496099573e-04 1.560062402496099573e-04 1.560062402496099573e-04 1.716068642745709584e-03 5.319812792511699473e-02 1.560062402496099573e-04 1.560062402496099573e-04 2.060842433697347431e-01 6.099843993759749422e-02 1.716068642745709584e-03
2.352941176470587758e-04 2.352941176470587758e-04 2.376470588235293432e-02 1.061176470588235110e-01 2.352941176470587758e-04 1.155294117647058527e-01 3.249411764705881223e-01 1.670588235294117110e-02 2.352941176470587758e-04 2.588235294117646398e-03 2.352941176470587758e-04 3.788235294117646423e-02 2.352941176470587758e-04 2.352941176470587758e-04 2.352941176470587758e-04 1.884705882352940565e-01 2.352941176470587758e-04 2.376470588235293432e-02 1.199999999999999678e-02 2.352941176470587758e-04 3.552941176470587187e-02 2.352941176470587758e-04 9.199999999999998457e-02 9.647058823529407884e-03 2.352941176470587758e-04 2.352941176470587758e-04 2.352941176470587758e-04 2.352941176470587758e-04 7.294117647058821589e-03 2.352941176470587758e-04
2.481389578163771168e-04 2.481389578163771168e-04 2.481389578163771168e-04 5.483870967741934221e-02 3.746898263027294285e-02 1.367245657568237904e-01 3.746898263027294285e-02 2.481389578163771168e-04 2.481389578163771168e-04 2.481389578163771168e-04 2.481389578163771168e-04 4.295285359801487290e-01 2.506203473945408516e-02 7.692307692307690133e-03 3.498759305210916853e-02 1.416873449131513252e-01 2.481389578163771168e-04 2.729528535980148447e-03 5.235732009925557484e-02 2.481389578163771168e-04 2.481389578163771168e-04 2.729528535980148447e-03 2.481389578163771168e-04 3.002481389578162685e-02 2.481389578163771168e-04 2.481389578163771168e-04 2.729528535980148447e-03 2.481389578163771168e-04 2.481389578163771168e-04 2.481389578163771168e-04
2.452970297029702096e-01 1.014851485148514539e-02 2.475247524752474735e-04 2.475247524752474735e-04 2.252475247524751700e-02 2.004950495049504303e-02 2.475247524752474735e-04 2.475247524752474735e-04 2.475247524752474735e-04 1.262376237623761936e-02 2.722772277227722155e-03 2.475247524752474735e-04 1.509900990099009334e-02 2.475247524752474735e-04 1.757425742574256905e-02 2.304455445544553727e-01 2.475247524752474735e-04 2.475247524752474735e-04 1.014851485148514539e-02 2.475247524752474735e-04 1.757425742574256905e-02 2.475247524752474735e-04 5.965346534653463706e-02 1.413366336633662956e-01 6.212871287128711451e-02 2.475247524752474735e-04 1.509900990099009334e-02 1.141089108910890854e-01 2.475247524752474735e-04 2.475247524752474735e-04
1.133786848072562144e-04 7.040816326530610625e-02 6.916099773242628118e-03 3.708616780045350669e-01 1.133786848072562144e-04 5.566893424036280236e-02 2.393424036281178446e-01 1.133786848072562144e-04 1.133786848072562144e-04 1.133786848072562144e-04 1.133786848072562144e-04 3.639455782312924631e-02 9.081632653061220972e-02 1.133786848072562144e-04 1.133786848072562144e-04 8.741496598639453275e-02 1.133786848072562144e-04 1.133786848072562144e-04 3.514739229024942471e-03 1.133786848072562144e-04 1.133786848072562144e-04 1.133786848072562144e-04 2.845804988662131024e-02 1.133786848072562144e-04 1.133786848072562144e-04 1.133786848072562144e-04 1.133786848072562144e-04 6.916099773242628118e-03 1.133786848072562144e-04 1.247165532879818345e-03
2.747252747252746708e-04 2.225274725274724655e-02 5.521978021978020401e-02 1.019230769230768940e-01 2.747252747252746708e-04 2.747252747252746708e-04 3.598901098901097911e-02 4.148351648351646798e-02 2.747252747252746708e-04 2.747252747252746708e-04 2.747252747252746708e-04 8.516483516483513982e-03 2.747252747252746708e-04 2.747252747252746708e-04 2.747252747252746708e-04 1.129120879120878856e-01 2.747252747252746708e-04 5.769230769230767816e-03 5.769230769230767816e-03 2.747252747252746708e-04 2.747252747252746708e-04 2.747252747252746708e-04 2.747252747252746708e-04 2.747252747252746708e-04 2.969780219780218666e-01 3.049450549450548331e-02 3.021978021978021216e-03 2.747252747252746708e-04 2.749999999999999112e-01 2.747252747252746708e-04
3.846153846153846151e-04 3.846153846153846151e-04 4.230769230769231525e-03 6.192307692307692790e-02 3.846153846153846151e-04 3.846153846153846151e-04 4.653846153846153549e-02 1.503846153846153944e-01 3.846153846153846151e-04 1.192307692307692339e-02 3.846153846153846151e-04 5.807692307692307460e-02 1.273076923076923161e-01 4.653846153846153549e-02 3.846153846153846151e-04 1.273076923076923161e-01 3.846153846153846151e-04 3.846153846153846151e-04 3.846153846153846151e-04 3.846153846153846151e-04 3.846153846153846151e-04 3.846153846153846151e-04 3.846153846153846151e-04 4.230769230769231525e-03 4.230769230769231525e-03 3.846153846153846151e-04 1.576923076923076802e-02 2.696153846153845901e-01 6.576923076923077427e-02 3.846153846153846151e-04
2.123142250530785091e-04 9.150743099787683743e-02 2.123142250530785091e-04 7.239915074309977161e-02 2.123142250530785091e-04 4.055201698513799524e-02 2.252653927813162704e-01 2.123142250530785091e-04 2.123142250530785091e-04 2.123142250530785091e-04 2.335456475583863600e-03 9.363057324840762252e-02 2.123142250530785091e-04 2.123142250530785091e-04 2.123142250530785091e-04 1.912951167728237090e-01 4.055201698513799524e-02 2.123142250530785091e-04 9.787685774946919270e-02 2.123142250530785091e-04 1.932059447983014433e-02 2.123142250530785091e-04 8.704883227176217139e-03 2.123142250530785091e-04 2.123142250530785091e-04 2.781316348195328469e-02 2.123142250530785091e-04 2.569002123142249960e-02 5.541401273885349088e-02 4.458598726114648692e-03
1.543209876543209845e-04 1.543209876543209845e-04 3.410493827160494124e-02 1.066358024691357875e-01 1.543209876543209845e-04 1.729938271604938294e-01 6.496913580246914399e-02 1.390432098765432001e-01 1.543209876543209845e-04 2.793209876543210207e-02 1.543209876543209845e-04 1.543209876543209845e-04 1.421296296296296335e-01 1.543209876543209845e-04 1.543209876543209845e-04 1.097222222222222071e-01 1.543209876543209845e-04 4.027777777777778040e-02 1.543209876543209845e-04 1.543209876543209845e-04 1.543209876543209845e-04 2.793209876543210207e-02 4.783950617283950872e-03 1.543209876543209845e-04 1.543209876543209845e-04 1.543209876543209845e-04 1.543209876543209845e-04 1.050925925925925847e-01 1.543209876543209845e-04 2.175925925925925944e-02
4.081632653061225725e-04 4.081632653061225725e-04 1.265306122448979845e-02 4.081632653061225725e-04 4.081632653061225725e-04 5.269387755102041826e-01 1.432653061224490321e-01 3.714285714285715106e-02 4.081632653061225725e-04 4.489795918367348732e-03 4.489795918367348732e-03 4.081632653061225725e-04 3.306122448979592621e-02 4.530612244897960078e-02 2.489795918367347302e-02 3.714285714285715106e-02 4.081632653061225725e-04 5.346938775510205050e-02 4.081632653061225725e-04 4.081632653061225725e-04 1.265306122448979845e-02 5.755102040816327535e-02 4.081632653061225725e-04 4.081632653061225725e-04 4.081632653061225725e-04 4.081632653061225725e-04 4.081632653061225725e-04 4.081632653061225725e-04 4.081632653061225725e-04 4.081632653061225725e-04
1.686340640809443525e-04 1.686340640809443525e-04 1.686340640809443525e-04 1.686340640809443525e-04 1.686340640809443525e-04 2.295109612141652544e-01 4.064080944350759173e-02 1.890387858347385985e-01 3.389544688026981806e-02 1.686340640809443525e-04 1.686340640809443525e-04 1.738617200674536234e-01 1.703204047217538042e-02 5.244519392917369738e-02 1.686340640809443525e-04 1.215851602023608619e-01 1.686340640809443525e-04 3.052276559865093122e-02 1.686340640809443525e-04 1.686340640809443525e-04 4.569983136593592371e-02 1.854974704890387932e-03 1.686340640809443525e-04 6.087689713322091273e-02 1.686340640809443525e-04 1.686340640809443525e-04 1.686340640809443525e-04 1.686340640809443525e-04 1.686340640809443525e-04 1.686340640809443525e-04
1.468428781204111303e-04 1.468428781204111303e-04 1.468428781204111303e-04 1.468428781204111303e-04 1.468428781204111303e-04 1.468428781204111303e-04 1.468428781204111303e-04 1.468428781204111303e-04 1.336270190895741221e-02 3.011747430249632207e-01 1.468428781204111303e-04 1.468428781204111303e-04 1.468428781204111303e-04 3.083700440528633954e-03 1.615271659324522650e-03 5.741556534508075738e-02 1.468428781204111303e-04 3.422907488986783320e-01 1.468428781204111303e-04 8.957415565345079600e-03 8.384728340675476344e-02 6.182085168869309172e-02 1.468428781204111303e-04 1.058737151248164143e-01 1.468428781204111303e-04 1.468428781204111303e-04 4.552129221732745257e-03 1.468428781204111303e-04 1.189427312775330134e-02 1.615271659324522650e-03
2.801120448179270973e-04 2.801120448179270973e-04 1.148459383753500963e-02 2.801120448179270973e-04 3.081232492997198341e-03 3.252100840336133447e-01 5.910364145658261736e-02 2.829131652661063395e-02 2.801120448179270973e-04 5.882352941176468772e-03 2.801120448179270973e-04 2.663865546218486258e-01 2.801120448179270973e-04 2.801120448179270973e-04 2.801120448179270973e-04 2.801120448179270973e-04 2.801120448179270973e-04 7.310924369747896778e-02 2.801120448179270973e-04 1.428571428571428006e-02 2.801120448179270973e-04 2.801120448179270973e-04 2.801120448179270973e-04 2.801120448179270973e-04 2.801120448179270973e-04 2.801120448179270973e-04 2.801120448179270973e-04 2.801120448179270973e-04 2.801120448179270973e-04 2.075630252100839623e-01
4.629629629629630348e-04 4.629629629629630348e-04 4.629629629629630348e-04 4.629629629629630348e-04 4.629629629629630348e-04 6.990740740740741810e-02 4.212962962962963492e-02 3.750000000000000555e-02 4.629629629629630348e-04 3.662037037037036979e-01 4.629629629629630348e-04 1.435185185185185348e-02 4.629629629629630348e-04 4.629629629629630348e-04 4.629629629629630348e-04 7.916666666666667684e-02 1.898148148148148112e-02 1.898148148148148112e-02 5.092592592592593871e-03 3.287037037037037618e-02 1.254629629629629983e-01 5.092592592592593871e-03 5.092592592592593871e-03 1.393518518518518656e-01 5.092592592592593871e-03 4.629629629629630348e-04 4.629629629629630348e-04 4.629629629629630348e-04 4.629629629629630348e-04 2.824074074074074334e-02
4.366812227074236448e-04 9.170305676855896107e-03 4.366812227074236448e-04 4.366812227074236448e-04 4.366812227074236448e-04 4.803493449781660526e-03 1.008733624454148659e-01 4.366812227074236448e-04 4.366812227074236448e-04 4.366812227074236448e-04 4.803493449781660526e-03 3.100436681222707574e-02 2.449781659388646782e-01 4.366812227074236448e-04 4.366812227074236448e-04 1.620087336244541709e-01 3.585152838427947963e-01 4.366812227074236448e-04 4.366812227074236448e-04 2.663755458515284016e-02 4.803493449781660526e-03 4.366812227074236448e-04 4.366812227074236448e-04 4.803493449781660526e-03 4.366812227074236448e-04 9.170305676855896107e-03 4.366812227074236448e-04 4.366812227074236448e-04 3.100436681222707574e-02 4.366812227074236448e-04
1.733102253032928739e-04 1.906412478336221667e-03 1.786828422876949318e-01 7.816291161178508251e-02 8.838821490467935540e-03 1.370883882149046551e-01 1.093587521663778039e-01 4.176776429809358343e-02 1.733102253032928739e-04 1.733102253032928739e-04 1.733102253032928739e-04 1.388214904679375694e-01 3.483535528596187064e-02 1.733102253032928739e-04 1.733102253032928739e-04 6.256499133448872874e-02 1.733102253032928739e-04 1.733102253032928739e-04 7.105719237435006476e-03 1.733102253032928739e-04 1.733102253032928739e-04 5.372616984402079146e-03 1.733102253032928739e-04 1.733102253032928739e-04 1.733102253032928739e-04 1.733102253032928739e-04 1.733102253032928739e-04 1.577123050259965006e-02 9.376083188908143629e-02 8.336221837088386710e-02
2.152641878669275637e-03 1.956947162426614264e-04 3.933463796477494612e-02 8.023483365949116153e-03 2.152641878669275637e-03 3.876712328767122351e-01 9.021526418786690593e-02 2.759295499021525641e-02 1.956947162426614264e-04 1.956947162426614264e-04 1.956947162426614264e-04 7.847358121330721969e-02 7.847358121330721969e-02 1.956947162426614264e-04 1.956947162426614264e-04 1.332681017612523944e-01 6.066536203522503515e-03 1.956947162426614264e-04 2.152641878669275637e-03 1.956947162426614264e-04 1.956947162426614264e-04 1.956947162426614264e-04 1.956947162426614264e-04 1.956947162426614264e-04 1.956947162426614264e-04 1.956947162426614264e-04 1.956947162426614264e-04 8.238747553816044844e-02 5.694716242661446853e-02 2.152641878669275637e-03
2.023121387283237718e-03 3.574181117533719448e-02 9.633911368015417125e-05 5.019267822736032253e-02 9.633911368015417125e-05 9.633911368015417125e-05 3.092485549132948860e-02 9.633911368015417125e-05 1.059730250481695979e-03 9.633911368015417125e-05 1.059730250481695979e-03 2.515414258188825580e-01 5.500963391136803188e-02 9.633911368015417125e-05 1.262042389210019447e-02 2.216763005780347240e-01 9.633911368015417125e-05 9.633911368015417125e-05 2.004816955684008140e-01 4.248554913294799035e-02 9.633911368015417125e-05 9.633911368015417125e-05 9.633911368015417125e-05 3.959537572254336057e-02 2.514450867052023947e-02 2.899807321772640556e-02 9.633911368015417125e-05 9.633911368015417125e-05 9.633911368015417125e-05 9.633911368015417125e-05
3.523489932885905986e-03 1.677852348993288771e-04 1.677852348993288771e-04 1.677852348993288771e-04 1.677852348993288771e-04 1.192953020134228104e-01 1.677852348993288771e-04 1.713087248322147649e-01 1.677852348993288771e-04 1.023489932885906020e-02 1.677852348993288771e-04 1.677852348993288771e-04 1.243288590604026689e-01 3.875838926174497018e-02 7.902684563758390068e-02 9.748322147651007630e-02 1.845637583892617648e-03 1.998322147651006575e-01 1.677852348993288771e-04 1.677852348993288771e-04 2.197986577181208073e-02 3.523489932885905986e-03 1.677852348993288771e-04 9.412751677852349008e-02 1.677852348993288771e-04 5.201342281879194757e-03 8.557046979865770564e-03 1.862416107382550146e-02 1.677852348993288771e-04 1.677852348993288771e-04
