7.751937984496127176e-05 8.527131782945740436e-04 4.581395348837211112e-02 1.627906976744186761e-03 7.751937984496127176e-05 5.201550387596900332e-02 5.434108527131784744e-02 7.751937984496127176e-05 2.388372093023256870e-01 2.720930232558140677e-02 7.751937984496127176e-05 1.868217054263566698e-02 7.751937984496127176e-05 5.899224806201552179e-02 3.341085271317830591e-02 2.100775193798450416e-02 1.627906976744186761e-03 7.751937984496127176e-05 3.108527131782946873e-02 3.178294573643411763e-03 3.418604651162791830e-02 2.178294573643411655e-02 7.751937984496127176e-05 6.906976744186048289e-02 1.016279069767442172e-01 6.674418604651165265e-02 7.751937984496127176e-05 3.186046511627908112e-02 3.178294573643411763e-03 8.224806201550390050e-02
5.717539863325739324e-02 9.339407744874711481e-03 2.277904328018222802e-04 3.439635535307516284e-02 4.535307517084281037e-01 1.050113895216400611e-01 2.277904328018222802e-04 1.389521640091115687e-02 1.845102505694760225e-02 2.756264236902049303e-02 2.277904328018222802e-04 2.277904328018222802e-04 2.277904328018222802e-04 2.277904328018222802e-04 1.801822323462413944e-01 2.277904328018222802e-04 2.277904328018222802e-04 2.505694760820045136e-03 1.161731207289293417e-02 2.984054669703871746e-02 2.277904328018222802e-04 2.277904328018222802e-04 2.505694760820045136e-03 3.211845102505694188e-02 2.277904328018222802e-04 4.783599088838267829e-03 2.277904328018222802e-04 2.277904328018222802e-04 2.277904328018222802e-04 1.389521640091115687e-02
9.082652134423255599e-05 7.184377838328794008e-02 5.912806539509538745e-02 9.082652134423255599e-05 3.006357856494097647e-02 1.735694822888284028e-01 2.007266121707539444e-02 9.082652134423255599e-05 2.807447774750228553e-01 9.082652134423255599e-05 5.540417801998185482e-03 1.280653950953678996e-02 9.082652134423255599e-05 8.265213442325161294e-03 2.733878292461399892e-02 1.916439600363306975e-02 9.082652134423255599e-05 3.723887375113534362e-03 2.461398728428702484e-02 1.907356948228883676e-03 1.189827429609446353e-02 2.915531335149865177e-02 9.990917347865581159e-04 3.278837420526795055e-02 6.094459582198003683e-02 8.274296094459585027e-02 6.448683015440511042e-03 2.188919164396004730e-02 9.082652134423255599e-05 1.371480472297911465e-02
2.136752136752136479e-04 3.867521367521366965e-02 9.850427350427348738e-02 1.730769230769230171e-02 2.136752136752136479e-04 1.797008547008546453e-01 4.081196581196580575e-02 2.136752136752136479e-04 2.993589743589742946e-01 1.089743589743589341e-02 2.136752136752136479e-04 2.136752136752136479e-04 2.136752136752136479e-04 2.136752136752136479e-04 2.136752136752136479e-04 1.944444444444443781e-02 2.136752136752136479e-04 2.136752136752136479e-04 2.350427350427349883e-03 2.136752136752136479e-04 2.136752136752136479e-04 2.136752136752136479e-04 2.136752136752136479e-04 1.134615384615384331e-01 1.303418803418802951e-02 2.136752136752136479e-04 4.935897435897435015e-02 1.517094017094016735e-02 4.487179487179485983e-03 9.423076923076921518e-02
2.016129032258064243e-04 2.016129032258064243e-04 2.016129032258064243e-04 2.016129032258064243e-04 1.937499999999999500e-01 8.689516129032257008e-02 2.016129032258064243e-04 6.673387096774192895e-02 2.016129032258064243e-04 7.278225806451611712e-02 2.016129032258064243e-04 1.229838709677419026e-02 4.052419354838709270e-02 2.016129032258064243e-04 2.016129032258064243e-04 2.217741935483870559e-03 2.641129032258063974e-02 7.278225806451611712e-02 2.016129032258064243e-04 1.431451612903225472e-02 4.254032258064515543e-02 2.016129032258064243e-04 2.036290322580644463e-02 2.016129032258064243e-04 2.016129032258064243e-04 2.016129032258064243e-04 2.016129032258064243e-04 2.217741935483870559e-03 2.562499999999999223e-01 8.689516129032257008e-02
2.331002331002331000e-04 2.331002331002331000e-04 2.331002331002331000e-04 2.331002331002331000e-04 2.331002331002331000e-04 7.249417249417250408e-02 3.752913752913752954e-02 2.331002331002331000e-04 2.331002331002331000e-04 5.384615384615384914e-02 2.331002331002331000e-04 2.331002331002331000e-04 2.331002331002331000e-04 2.121212121212120993e-02 6.550116550116549807e-02 2.331002331002331000e-04 2.331002331002331000e-04 2.331002331002331000e-04 2.331002331002331000e-04 6.317016317016317661e-02 2.331002331002331000e-04 2.331002331002331000e-04 2.331002331002331000e-04 2.331002331002331000e-04 1.307692307692307765e-01 2.331002331002331000e-04 2.121212121212120993e-02 4.850815850815850538e-01 2.331002331002331000e-04 4.452214452214452861e-02
3.378378378378378024e-04 7.094594594594593254e-03 3.378378378378378024e-04 1.084459459459459346e-01 6.790540540540539183e-02 1.962837837837837496e-01 7.094594594594593254e-03 3.378378378378378024e-04 3.378378378378378024e-04 3.378378378378378024e-04 1.996621621621621212e-01 3.378378378378378024e-04 3.378378378378378024e-04 3.378378378378378024e-04 3.716216216216215989e-03 3.716216216216215989e-03 8.817567567567566322e-02 3.378378378378378024e-04 3.378378378378378024e-04 3.378378378378378024e-04 6.452702702702702020e-02 3.378378378378378024e-04 3.378378378378378024e-04 3.378378378378378024e-04 3.378378378378378024e-04 3.378378378378378024e-04 5.101351351351350594e-02 3.378378378378378024e-04 1.185810810810810634e-01 7.804054054054053446e-02
3.639514731369150081e-03 2.616984402079722272e-02 1.230502599653379193e-02 1.733102253032928739e-04 1.733102253032928739e-04 1.145580589254765747e-01 3.639514731369150081e-03 1.733102253032928739e-04 3.310225303292893551e-02 1.733102253032928739e-04 1.733102253032928739e-04 1.733102253032928739e-04 1.733102253032928739e-04 7.296360485268629792e-02 3.830155979202772704e-02 1.336221837088387987e-01 1.577123050259965006e-02 1.733102253032928739e-04 1.733102253032928739e-04 1.733102253032928739e-04 1.733102253032928739e-04 1.733102253032928739e-04 1.733102253032928739e-04 1.733102253032928739e-04 1.733102253032928739e-04 1.906412478336221667e-03 1.734835355285961334e-01 1.733102253032928739e-04 9.549393414211436448e-02 2.722703639514730822e-01
1.464128843338213478e-04 1.464128843338213478e-04 1.771595900439238216e-02 1.464128843338213478e-04 1.464128843338213478e-04 1.480234260614933794e-01 1.464128843338213478e-04 1.464128843338213478e-04 1.464128843338213478e-04 1.464128843338213478e-04 4.260614934114201335e-02 1.070278184480234068e-01 1.464128843338213478e-04 1.934114202049780074e-01 3.674963396778915814e-02 1.216691068814055310e-01 1.610541727672035097e-03 4.538799414348462270e-03 1.464128843338213478e-04 5.578330893118593758e-02 1.625183016105416836e-02 1.464128843338213478e-04 3.089311859443630640e-02 1.464128843338213478e-04 8.931185944363102813e-03 1.464128843338213478e-04 1.464128843338213478e-04 1.464128843338213478e-04 1.304538799414348138e-01 8.213762811127378605e-02
2.785515320334260871e-04 2.785515320334260871e-04 2.785515320334260871e-04 2.785515320334260871e-04 2.785515320334260871e-04 8.105849582172700019e-02 3.064066852367687121e-03 2.785515320334260871e-04 2.785515320334260871e-04 2.785515320334260871e-04 2.785515320334260871e-04 3.064066852367687121e-03 2.785515320334260871e-04 2.785515320334260871e-04 1.869080779944289061e-01 2.785515320334260871e-04 2.785515320334260871e-04 6.660167130919217859e-01 2.785515320334260871e-04 2.785515320334260871e-04 2.785515320334260871e-04 8.635097493036208646e-03 2.785515320334260871e-04 1.420612813370472974e-02 8.635097493036208646e-03 2.785515320334260871e-04 2.785515320334260871e-04 2.785515320334260871e-04 1.420612813370472974e-02 8.635097493036208646e-03
1.480707395498391810e-01 4.356913183279742530e-02 2.909967845659163638e-02 1.607717041800642852e-04 2.909967845659163638e-02 2.188102893890674638e-01 1.768488745980707245e-03 1.607717041800642852e-04 1.705787781350481813e-01 1.607717041800642852e-04 1.607717041800642852e-04 1.607717041800642852e-04 5.643086816720256638e-02 1.607717041800642852e-04 1.607717041800642852e-04 3.376205787781349880e-03 1.607717041800642852e-04 1.768488745980707245e-03 1.607717041800642852e-04 1.607717041800642852e-04 4.356913183279742530e-02 1.607717041800642852e-04 1.607717041800642852e-04 4.517684887459806620e-02 1.607717041800642852e-04 6.929260450160770746e-02 1.607717041800642852e-04 2.909967845659163638e-02 1.607717041800642852e-04 1.078778135048231168e-01
9.182736455463729169e-05 9.182736455463729169e-05 5.886134067952249194e-02 7.438016528925619868e-03 9.182736455463729169e-05 1.516069788797061446e-01 1.937557392102846887e-02 9.182736455463729169e-05 4.683195592286501334e-03 9.182736455463729169e-05 9.182736455463729169e-05 3.764921946740128200e-03 1.928374655647383017e-03 9.182736455463729169e-05 5.702479338842975087e-02 1.386593204775023007e-02 9.182736455463729169e-05 2.846648301193755934e-03 9.182736455463729169e-05 5.518824609733700981e-02 9.182736455463729169e-05 9.182736455463729169e-05 2.672176308539945047e-02 9.182736455463729169e-05 3.223140495867768407e-02 2.488521579430670594e-02 3.590449954086318007e-02 4.234159779614325436e-01 1.478420569329660407e-02 6.437098255280072900e-02
1.703577512776830989e-04 1.703577512776830989e-04 1.040885860306643707e-01 1.703577512776830989e-04 1.873935264054514332e-03 4.105621805792163126e-02 1.703577512776830989e-04 1.703577512776830989e-04 1.126064735945485201e-01 1.873935264054514332e-03 1.703577512776830989e-04 1.703577512776830989e-04 8.688245315161838289e-03 1.703577512776830989e-04 8.688245315161838289e-03 3.272572402044292561e-01 2.061328790459965310e-02 2.742759795570698031e-02 1.703577512776830989e-04 1.873935264054514332e-03 1.703577512776830989e-04 3.253833049403747485e-02 1.703577512776830989e-04 4.275979557069846393e-02 1.703577512776830989e-04 5.127768313458261340e-02 9.386712095400338851e-02 1.209540034071550016e-02 3.764906303236796592e-02 7.172061328790459156e-02
3.048780487804877504e-04 3.048780487804877504e-04 1.679878048780487632e-01 3.048780487804877504e-04 3.048780487804877504e-04 6.128048780487804076e-02 3.048780487804877504e-04 1.554878048780487451e-02 9.451219512195119937e-03 3.048780487804877504e-04 3.048780487804877504e-04 3.048780487804877504e-04 3.048780487804877504e-04 3.048780487804877504e-04 1.009146341463414559e-01 9.451219512195119937e-03 3.048780487804877504e-04 5.213414634146341237e-02 3.048780487804877504e-04 5.518292682926828618e-02 3.048780487804877504e-04 3.048780487804877504e-04 3.048780487804877504e-04 3.048780487804877504e-04 6.402439024390242650e-03 5.518292682926828618e-02 3.048780487804877504e-04 2.685975609756097171e-01 2.774390243902438366e-02 1.649390243902438824e-01
4.237288135593221300e-04 5.216101694915254994e-01 4.279661016949153074e-02 4.237288135593221300e-04 4.237288135593221300e-04 4.661016949152543484e-03 4.237288135593221300e-04 4.237288135593221300e-04 4.237288135593221300e-04 4.237288135593221300e-04 4.661016949152543484e-03 1.737288135593220359e-02 4.237288135593221300e-04 1.614406779661017310e-01 8.940677966101696905e-02 4.237288135593221300e-04 1.737288135593220359e-02 4.237288135593221300e-04 4.237288135593221300e-04 4.237288135593221300e-04 4.237288135593221300e-04 4.279661016949153074e-02 4.237288135593221300e-04 8.940677966101696905e-02 4.237288135593221300e-04 4.237288135593221300e-04 4.237288135593221300e-04 4.237288135593221300e-04 4.237288135593221300e-04 4.237288135593221300e-04
4.668141592920354438e-02 2.212389380530973692e-04 2.212389380530973692e-04 4.646017699115044183e-03 2.212389380530973692e-04 5.774336283185840801e-02 2.212389380530973692e-04 4.646017699115044183e-03 2.212389380530973692e-04 1.484513274336282940e-01 2.212389380530973692e-04 2.212389380530973692e-04 2.433628318584071196e-03 9.070796460176991025e-03 1.285398230088495575e-01 2.212389380530973692e-04 2.212389380530973692e-04 1.064159292035398302e-01 2.212389380530973692e-04 2.212389380530973692e-04 2.212389380530973692e-04 9.070796460176991025e-03 2.212389380530973692e-04 2.212389380530973692e-04 2.212389380530973692e-04 6.858407079646017604e-03 2.455752212389380323e-02 2.212389380530973692e-04 1.683628318584070582e-01 2.789823008849557362e-01
1.610305958132044867e-04 1.610305958132044867e-04 2.916264090177133061e-01 4.041867954911432942e-02 1.610305958132044867e-04 4.685990338164250368e-02 8.212560386473428606e-03 1.610305958132044867e-04 1.948470209339774051e-02 1.610305958132044867e-04 2.109500805152978581e-02 1.610305958132044867e-04 1.610305958132044867e-04 1.610305958132044867e-04 1.611916264090176854e-01 1.610305958132044867e-04 4.991948470209338871e-03 8.711755233494362927e-02 1.771336553945249354e-03 1.610305958132044867e-04 1.610305958132044867e-04 1.143317230273751747e-02 1.610305958132044867e-04 1.610305958132044867e-04 1.177133655394524692e-01 1.610305958132044867e-04 1.610305958132044867e-04 3.397745571658614822e-02 1.128824476650563263e-01 3.880837359098228412e-02
3.436426116838486606e-04 2.439862542955325425e-02 3.436426116838486606e-04 2.439862542955325425e-02 7.938144329896903995e-02 8.281786941580752959e-02 3.436426116838486606e-04 3.436426116838486606e-04 1.408934707903779400e-02 7.216494845360822523e-03 4.845360824742266093e-02 7.216494845360822523e-03 3.436426116838486606e-04 2.439862542955325425e-02 2.374570446735393969e-01 3.780068728522335483e-03 3.436426116838486606e-04 3.436426116838486606e-04 3.436426116838486606e-04 2.340206185567009212e-01 3.436426116838486606e-04 3.436426116838486606e-04 6.563573883161509526e-02 3.780068728522335483e-03 4.845360824742266093e-02 3.436426116838486606e-04 3.436426116838486606e-04 5.189003436426114363e-02 3.814432989690719894e-02 3.436426116838486606e-04
1.703577512776830989e-04 3.577512776831345484e-03 2.965928449744462680e-01 2.913117546848381298e-02 1.703577512776830989e-04 5.809199318568993714e-02 2.572402044293014764e-02 1.873935264054514332e-03 5.638841567291311141e-02 1.703577512776830989e-04 2.402044293015331844e-02 5.281090289608176419e-03 1.703577512776830989e-04 1.703577512776830989e-04 1.006814310051107192e-01 1.703577512776830989e-04 1.703577512776830989e-04 4.616695059625212233e-02 1.703577512776830989e-04 6.984667802385006487e-03 1.703577512776830989e-04 2.061328790459965310e-02 1.703577512776830989e-04 3.424190800681430752e-02 4.787052810902895500e-02 1.703577512776830989e-04 1.703577512776830989e-04 2.913117546848381298e-02 1.534923339011924626e-01 5.809199318568993714e-02
2.284644194756553157e-02 5.883895131086139818e-01 1.161048689138576354e-02 1.910112359550560773e-02 3.745318352059923616e-04 1.089887640449437728e-01 3.745318352059923616e-04 3.745318352059923616e-04 3.745318352059923616e-04 3.745318352059923616e-04 3.745318352059923616e-04 3.745318352059923616e-04 5.655430711610484606e-02 1.089887640449437728e-01 3.745318352059923616e-04 3.745318352059923616e-04 3.745318352059923616e-04 3.745318352059923616e-04 3.745318352059923616e-04 3.745318352059923616e-04 6.404494382022470067e-02 3.745318352059923616e-04 1.161048689138576354e-02 3.745318352059923616e-04 3.745318352059923616e-04 3.745318352059923616e-04 3.745318352059923616e-04 3.745318352059923616e-04 3.745318352059923616e-04 3.745318352059923616e-04
3.676470588235292982e-04 2.724264705882351589e-01 1.731617647058822929e-01 3.676470588235292982e-04 3.676470588235292982e-04 1.290441176470587814e-01 4.044117647058822172e-03 3.676470588235292982e-04 6.654411764705879528e-02 3.676470588235292982e-04 3.676470588235292982e-04 3.676470588235292982e-04 2.242647058823528383e-02 1.511029411764705233e-01 3.676470588235292982e-04 3.676470588235292982e-04 3.676470588235292982e-04 3.676470588235292982e-04 3.676470588235292982e-04 3.676470588235292982e-04 3.676470588235292982e-04 3.676470588235292982e-04 4.044117647058822172e-03 1.694852941176469840e-01 3.676470588235292982e-04 3.676470588235292982e-04 3.676470588235292982e-04 3.676470588235292982e-04 3.676470588235292982e-04 3.676470588235292982e-04
1.808318264014466270e-04 1.808318264014466270e-04 3.996383363471970457e-02 1.464737793851717505e-02 1.826401446654610933e-02 3.634719710669077203e-02 1.808318264014466270e-04 1.808318264014466270e-04 1.141048824593128147e-01 1.826401446654610933e-02 1.808318264014466270e-04 5.605786618444845437e-03 1.826401446654610933e-02 1.808318264014466270e-04 7.613019891500902303e-02 2.949367088607594001e-01 1.989150090415912897e-03 1.808318264014466270e-04 1.808318264014466270e-04 1.808318264014466270e-04 1.808318264014466270e-04 1.808318264014466270e-04 1.989150090415912897e-03 3.797468354430379167e-03 7.432188065099455676e-02 2.188065099457503840e-02 6.528028933092222541e-02 4.177215189873417084e-02 5.804701627486436727e-02 9.240506329113921946e-02
2.564102564102563016e-04 2.564102564102563016e-04 2.076923076923075859e-02 2.564102564102563016e-04 2.564102564102563016e-04 5.384615384615382659e-03 2.564102564102563016e-04 2.564102564102563016e-04 2.564102564102563016e-04 2.564102564102563016e-04 2.564102564102563016e-04 2.820512820512819426e-03 2.564102564102563016e-04 2.564102564102563016e-04 9.769230769230764777e-02 2.820512820512819426e-03 2.564102564102563016e-04 6.643589743589741747e-01 2.564102564102563016e-04 2.564102564102563016e-04 2.564102564102563016e-04 2.564102564102563016e-04 2.564102564102563016e-04 8.743589743589740004e-02 2.564102564102563016e-04 2.564102564102563016e-04 2.564102564102563016e-04 2.564102564102563016e-04 3.615384615384614059e-02 7.717948717948715232e-02
2.352941176470587758e-04 2.352941176470587758e-04 4.258823529411764203e-02 2.352941176470587758e-04 8.964705882352938526e-02 8.494117647058821441e-02 2.352941176470587758e-04 2.352941176470587758e-04 2.967058823529410971e-01 2.352941176470587758e-04 4.941176470588234428e-03 2.352941176470587758e-04 4.258823529411764203e-02 6.141176470588233932e-02 1.508235294117646619e-01 2.352941176470587758e-04 2.352941176470587758e-04 7.294117647058821589e-03 2.352941176470587758e-04 2.352941176470587758e-04 2.352941176470587758e-04 2.352941176470587758e-04 2.352941176470587758e-04 1.296470588235293930e-01 2.352941176470587758e-04 3.552941176470587187e-02 2.352941176470587758e-04 2.352941176470587758e-04 2.352941176470587758e-04 4.964705882352940525e-02
1.066098081023453975e-04 1.066098081023453975e-04 1.066098081023453975e-04 1.066098081023453975e-04 1.929637526652451876e-02 2.462686567164178511e-02 1.066098081023453975e-04 4.371002132196160836e-03 1.066098081023453975e-04 1.066098081023453975e-04 2.238805970149253428e-03 5.437100213219614106e-03 1.503198294243069874e-02 1.066098081023453975e-04 1.152452025586353651e-01 1.066098081023453975e-04 1.066098081023453975e-04 6.077825159914710396e-01 2.889125799573560166e-02 1.066098081023453975e-04 1.066098081023453975e-04 1.066098081023453975e-04 1.183368869936033720e-02 6.940298507462684674e-02 1.066098081023453975e-04 1.066098081023453975e-04 1.066098081023453975e-04 1.066098081023453975e-04 1.503198294243069874e-02 7.899786780383792617e-02
1.469740634005763102e-02 1.181556195965417430e-02 2.881844380403457266e-04 5.792507204610949229e-02 3.288184438040344659e-01 2.881844380403457266e-04 2.881844380403457266e-04 2.622478386167146139e-02 2.881844380403457266e-04 2.881844380403457266e-04 2.881844380403457266e-04 2.881844380403457266e-04 2.798270893371757051e-01 2.881844380403457266e-04 1.818443804034581557e-01 3.170028818443803263e-03 2.881844380403457266e-04 2.881844380403457266e-04 2.881844380403457266e-04 2.881844380403457266e-04 2.881844380403457266e-04 2.881844380403457266e-04 2.881844380403457266e-04 2.881844380403457266e-04 2.881844380403457266e-04 1.469740634005763102e-02 2.881844380403457266e-04 2.881844380403457266e-04 2.881844380403457266e-04 7.521613832853023263e-02
1.042752867570385656e-04 1.042752867570385656e-04 2.304483837330552343e-02 1.574556830031282120e-02 4.005213764337851035e-01 1.742440041710114351e-01 1.042752867570385656e-04 1.783107403545359376e-02 7.403545359749737036e-03 2.513034410844629252e-02 1.042752867570385656e-04 1.042752867570385656e-04 1.377476538060479205e-01 1.042752867570385656e-04 4.494264859228361969e-02 1.042752867570385656e-04 1.042752867570385656e-04 3.232533889468195386e-03 1.042752867570385656e-04 1.574556830031282120e-02 1.147028154327424127e-03 1.042752867570385656e-04 1.042752867570385656e-04 1.042752867570385656e-04 1.042752867570385656e-04 1.042752867570385656e-04 1.042752867570385656e-04 1.042752867570385656e-04 2.721584984358706508e-02 1.043795620437955873e-01
3.496503496503495416e-04 3.496503496503495416e-04 3.496503496503495416e-04 3.846153846153845066e-03 3.639860139860138233e-01 2.486013986013984878e-01 3.496503496503495416e-04 6.678321678321676169e-02 3.496503496503495416e-04 3.496503496503495416e-04 1.821678321678321111e-01 3.881118881118879316e-02 1.083916083916083503e-02 3.496503496503495416e-04 1.083916083916083503e-02 3.496503496503495416e-04 1.783216783216782370e-02 7.342657342657339832e-03 3.496503496503495416e-04 1.083916083916083503e-02 3.496503496503495416e-04 3.496503496503495416e-04 7.342657342657339832e-03 3.496503496503495416e-04 3.496503496503495416e-04 3.496503496503495416e-04 1.433566433566432936e-02 3.496503496503495416e-04 3.496503496503495416e-04 1.083916083916083503e-02
6.289308176100631871e-04 6.289308176100631871e-04 4.465408805031447631e-02 3.836477987421384878e-02 5.226415094339623701e-01 1.830188679245283723e-01 6.289308176100631871e-04 6.289308176100631871e-04 6.289308176100631871e-04 6.918238993710694625e-03 6.289308176100631871e-04 6.918238993710694625e-03 9.496855345911953128e-02 6.289308176100631871e-04 6.289308176100631871e-04 6.981132075471700726e-02 6.289308176100631871e-04 6.289308176100631871e-04 6.289308176100631871e-04 6.289308176100631871e-04 6.289308176100631871e-04 6.289308176100631871e-04 6.289308176100631871e-04 6.289308176100631871e-04 1.949685534591195576e-02 6.289308176100631871e-04 6.289308176100631871e-04 6.289308176100631871e-04 6.289308176100631871e-04 6.289308176100631871e-04
2.036659877800406869e-04 7.556008146639510425e-02 7.556008146639510425e-02 2.240325865580447637e-03 2.036659877800406869e-04 1.427698574338085169e-01 2.036659877800406869e-04 2.036659877800406869e-04 2.201629327902239752e-01 2.036659877800406869e-04 2.036659877800406869e-04 2.036659877800406869e-04 2.036659877800406869e-04 2.036659877800406869e-04 2.036659877800406869e-04 1.244399185336048652e-01 2.036659877800406869e-04 2.036659877800406869e-04 3.482688391038696318e-02 2.036659877800406869e-04 2.036659877800406869e-04 2.036659877800406869e-04 2.036659877800406869e-04 1.649694501018329415e-02 2.036659877800406869e-04 2.036659877800406869e-04 1.122199592668024215e-01 2.057026476578410756e-02 7.963340122199591420e-02 9.185336048879835791e-02
3.215434083601285162e-04 3.215434083601285162e-04 3.215434083601285162e-04 9.678456591639868212e-02 9.356913183279740032e-02 2.446945337620577698e-01 6.752411575562698894e-03 3.215434083601285162e-04 3.215434083601285162e-04 3.215434083601285162e-04 9.967845659163983296e-03 5.819935691318326582e-02 2.414790996784564880e-01 1.961414790996783564e-02 4.855305466237939960e-02 1.639871382636655384e-02 6.784565916398711816e-02 3.215434083601285162e-04 3.215434083601285162e-04 3.215434083601285162e-04 8.392282958199354104e-02 3.215434083601285162e-04 3.215434083601285162e-04 3.215434083601285162e-04 3.536977491961413624e-03 3.215434083601285162e-04 3.215434083601285162e-04 3.215434083601285162e-04 3.215434083601285162e-04 3.536977491961413624e-03
1.503759398496240529e-04 1.503759398496240529e-04 6.165413533834584840e-03 1.204511278195488366e-01 1.503759398496240529e-04 1.700751879699247682e-01 1.654135338345864500e-03 1.503759398496240529e-04 3.924812030075187225e-02 1.969924812030074759e-02 4.526315789473683848e-02 1.503759398496240529e-04 1.669172932330826795e-02 3.157894736842104758e-03 1.503759398496240529e-04 1.654135338345864500e-03 1.503759398496240529e-04 1.969924812030074759e-02 6.165413533834584840e-03 6.165413533834584840e-03 2.933834586466164684e-01 3.172932330827067660e-02 3.022556390977443330e-02 1.503759398496240529e-04 1.503759398496240529e-04 2.872180451127819348e-02 7.533834586466164884e-02 1.503759398496240529e-04 7.684210526315787826e-02 6.165413533834584840e-03
3.124999999999998981e-04 2.531249999999999126e-02 3.124999999999998981e-04 1.034374999999999739e-01 3.124999999999998981e-04 8.781249999999997391e-02 1.281249999999999403e-02 3.124999999999998981e-04 2.784374999999998934e-01 1.878124999999999378e-01 4.718749999999997946e-02 3.124999999999998981e-04 3.124999999999998981e-04 6.562499999999998022e-03 3.124999999999998981e-04 4.406249999999998362e-02 3.124999999999998981e-04 1.281249999999999403e-02 3.124999999999998981e-04 3.124999999999998981e-04 2.218749999999999195e-02 3.124999999999998981e-04 3.124999999999998981e-04 3.124999999999998981e-04 3.437499999999999150e-03 5.656249999999998779e-02 5.031249999999998918e-02 3.124999999999998981e-04 3.124999999999998981e-04 5.656249999999998779e-02
2.197802197802197258e-04 2.417582417582417147e-03 1.013186813186812973e-01 2.197802197802197258e-04 2.197802197802197258e-04 4.637362637362636708e-02 2.197802197802197258e-04 2.197802197802197258e-04 1.474725274725274260e-01 2.197802197802197258e-04 2.197802197802197258e-04 2.197802197802197258e-04 4.615384615384614080e-03 9.010989010989008813e-03 2.197802197802197258e-04 1.650549450549450015e-01 2.197802197802197258e-04 2.197802197802197258e-04 2.197802197802197258e-04 2.197802197802197258e-04 2.197802197802197258e-04 2.197802197802197258e-04 2.197802197802197258e-04 2.024175824175823424e-01 2.197802197802197258e-04 2.659340659340658428e-02 1.452747252747252360e-01 2.197802197802197258e-04 2.197802197802197258e-04 1.452747252747252360e-01
4.065040650406504604e-04 4.065040650406504604e-04 4.065040650406504604e-04 4.471544715447155552e-03 8.170731707317074877e-02 1.304878048780488131e-01 4.471544715447155552e-03 4.065040650406504604e-04 4.065040650406504604e-04 4.065040650406504604e-04 5.731707317073170965e-02 4.065040650406504604e-04 2.073170731707317180e-02 4.065040650406504604e-04 2.886178861788617905e-02 4.065040650406504604e-04 4.065040650406504604e-04 4.065040650406504604e-04 4.065040650406504604e-04 2.402439024390244371e-01 4.918699186991870587e-02 4.065040650406504604e-04 4.065040650406504604e-04 2.479674796747967716e-02 4.065040650406504604e-04 4.512195121951220050e-02 4.065040650406504604e-04 1.548780487804878314e-01 4.105691056910569514e-02 1.101626016260162794e-01
8.171206225680934312e-03 1.984435797665369539e-02 3.891050583657587819e-04 7.431906614785992182e-02 3.891050583657587819e-04 1.015564202334630350e-01 3.891050583657587819e-04 3.891050583657587819e-04 1.754863813229572134e-01 2.649805447470817144e-01 3.891050583657587819e-04 3.891050583657587819e-04 2.762645914396887059e-02 3.891050583657587819e-04 3.891050583657587819e-04 4.280155642023346710e-03 3.891050583657587819e-04 3.891050583657587819e-04 3.891050583657587819e-04 3.891050583657587819e-04 1.093385214007782102e-01 3.891050583657587819e-04 3.891050583657587819e-04 1.210116731517509731e-01 4.280155642023346710e-03 3.891050583657587819e-04 3.891050583657587819e-04 4.708171206225680860e-02 3.540856031128404580e-02 3.891050583657587819e-04
3.934782608695651385e-02 3.499999999999999639e-02 2.173913043478260408e-04 2.173913043478260408e-04 2.630434782608694760e-02 1.763043478260868935e-01 2.173913043478260408e-04 2.173913043478260408e-04 2.173913043478260408e-04 2.173913043478260408e-04 2.173913043478260408e-04 2.173913043478260408e-04 1.067391304347825864e-01 2.173913043478260408e-04 1.978260869565216795e-02 2.173913043478260408e-04 2.173913043478260408e-04 2.173913043478260408e-04 2.173913043478260408e-04 2.173913043478260408e-04 2.241304347826086341e-01 2.391304347826086422e-03 2.173913043478260408e-04 8.934782608695650274e-02 2.173913043478260408e-04 2.173913043478260408e-04 2.391304347826086422e-03 2.391304347826086422e-03 2.413043478260868888e-02 2.480434782608695043e-01
7.092198581560284166e-04 7.092198581560284166e-04 7.092198581560284166e-04 7.092198581560284166e-04 1.851063829787234216e-01 9.290780141843971163e-02 7.801418439716312908e-03 1.354609929078014197e-01 7.092198581560284166e-04 7.092198581560284166e-04 7.092198581560284166e-04 7.092198581560284166e-04 2.347517730496453958e-01 7.092198581560284166e-04 7.092198581560284166e-04 7.801418439716312908e-03 7.092198581560284166e-04 7.092198581560284166e-04 7.092198581560284166e-04 7.092198581560284166e-04 7.092198581560284166e-04 7.092198581560284166e-04 7.092198581560284166e-04 5.744680851063829752e-02 2.907801418439715999e-02 7.092198581560284166e-04 7.092198581560284166e-04 2.198581560283687994e-02 7.092198581560284166e-04 2.134751773049645418e-01
2.849002849002848278e-04 3.962962962962961466e-01 3.133903133903133322e-03 2.849002849002848278e-04 2.849002849002848278e-04 1.284900284900284406e-01 2.849002849002848278e-04 2.849002849002848278e-04 2.307692307692306780e-02 8.831908831908829444e-03 2.849002849002848278e-04 2.849002849002848278e-04 5.982905982905981600e-03 4.301994301994300357e-02 1.199430199430199101e-01 2.849002849002848278e-04 3.133903133903133322e-03 2.849002849002848278e-04 2.849002849002848278e-04 2.849002849002848278e-04 2.849002849002848278e-04 2.849002849002848278e-04 2.849002849002848278e-04 1.940170940170939384e-01 2.849002849002848278e-04 2.849002849002848278e-04 2.849002849002848278e-04 8.831908831908829444e-03 2.849002849002848278e-04 6.011396011396009931e-02
3.289473684210525157e-04 1.648026315789473117e-01 3.289473684210525157e-04 8.914473684210523496e-02 3.289473684210525157e-04 1.055921052631578622e-01 3.289473684210525157e-04 3.289473684210525157e-04 1.516447368421052211e-01 1.746710526315788936e-01 3.289473684210525157e-04 3.289473684210525157e-04 3.980263157894735337e-02 5.624999999999998057e-02 4.638157894736840564e-02 3.289473684210525157e-04 3.289473684210525157e-04 3.289473684210525157e-04 3.289473684210525157e-04 3.289473684210525157e-04 3.289473684210525157e-04 3.289473684210525157e-04 3.980263157894735337e-02 2.006578947368420351e-02 3.289473684210525157e-04 5.296052631578945791e-02 4.638157894736840564e-02 3.618421052631578053e-03 3.289473684210525157e-04 3.618421052631578053e-03
2.188183807439824486e-04 2.188183807439824486e-04 2.188183807439824486e-04 2.188183807439824486e-04 2.188183807439824486e-04 2.647702407002187550e-02 1.115973741794310317e-02 2.407002188183807179e-03 2.188183807439824486e-04 1.115973741794310317e-02 2.299781181619255377e-01 2.188183807439824486e-04 2.188183807439824486e-04 2.188183807439824486e-04 5.492341356673959701e-02 2.188183807439824486e-04 1.115973741794310317e-02 2.188183807439824486e-04 3.304157549234134489e-02 2.188183807439824486e-04 2.188183807439824486e-04 2.188183807439824486e-04 1.115973741794310317e-02 2.188183807439824486e-04 3.612691466083149949e-01 1.249452954048139719e-01 2.407002188183807179e-03 8.971553610503280041e-03 2.188183807439824486e-04 1.074398249452953868e-01
4.807692307692309043e-04 6.778846153846156131e-02 1.009615384615385018e-02 8.221153846153848865e-02 2.451923076923077580e-02 4.807692307692309043e-04 4.807692307692309043e-04 5.336538461538462702e-02 1.490384615384615814e-02 4.807692307692309043e-04 4.855769230769232253e-02 4.807692307692309043e-04 2.504807692307692846e-01 4.807692307692309043e-04 6.298076923076924294e-02 4.807692307692309043e-04 4.807692307692309043e-04 4.807692307692309043e-04 4.807692307692309043e-04 2.937500000000000666e-01 4.807692307692309043e-04 4.807692307692309043e-04 4.807692307692309043e-04 4.375000000000001110e-02 3.894230769230769967e-02 4.807692307692309043e-04 4.807692307692309043e-04 4.807692307692309043e-04 4.807692307692309043e-04 4.807692307692309043e-04
3.496503496503495416e-04 8.426573426573423509e-02 6.678321678321676169e-02 3.496503496503495416e-04 3.496503496503495416e-04 1.157342657342656927e-01 3.496503496503495416e-04 3.496503496503495416e-04 3.496503496503495416e-04 3.496503496503495416e-04 3.496503496503495416e-04 2.905594405594404406e-01 3.496503496503495416e-04 1.192307692307691819e-01 1.433566433566432936e-02 3.496503496503495416e-04 3.496503496503495416e-04 3.496503496503495416e-04 3.496503496503495416e-04 5.629370629370627349e-02 1.783216783216782370e-02 9.125874125874122722e-02 1.227272727272726849e-01 3.496503496503495416e-04 3.496503496503495416e-04 3.496503496503495416e-04 3.496503496503495416e-04 3.496503496503495416e-04 1.433566433566432936e-02 3.496503496503495416e-04
6.993464052287580446e-02 6.122004357298473781e-02 2.178649237472766553e-04 2.178649237472766553e-04 3.662309368191720149e-01 1.745098039215685626e-01 2.178649237472766553e-04 8.300653594771240096e-02 2.178649237472766553e-04 4.575163398692809816e-03 1.328976034858387473e-02 2.178649237472766553e-04 8.954248366013070615e-02 6.753812636165575610e-03 2.178649237472766553e-04 2.178649237472766553e-04 3.071895424836600455e-02 2.178649237472766553e-04 2.178649237472766553e-04 7.647058823529409577e-02 2.178649237472766553e-04 2.178649237472766553e-04 2.178649237472766553e-04 8.932461873638341404e-03 2.178649237472766553e-04 2.178649237472766553e-04 1.111111111111110807e-02 2.178649237472766553e-04 2.178649237472766553e-04 2.178649237472766553e-04
1.587301587301587029e-04 1.587301587301587029e-04 3.507936507936507825e-02 2.238095238095237638e-02 1.746031746031745813e-03 1.287301587301586947e-01 1.587301587301587029e-04 1.587301587301587029e-04 2.080952380952380554e-01 1.587301587301587029e-04 1.587301587301587029e-04 1.587301587301587029e-04 3.333333333333332680e-03 1.587301587301587029e-04 2.079365079365078778e-02 3.080952380952380332e-01 1.587301587301587029e-04 1.587301587301587029e-04 1.587301587301587029e-04 1.587301587301587029e-04 1.587301587301587029e-04 8.095238095238092846e-03 3.333333333333332680e-03 3.984126984126983712e-02 1.587301587301587029e-04 4.301587301587300738e-02 6.999999999999999278e-02 2.079365079365078778e-02 1.920634920634920265e-02 6.523809523809523392e-02
2.722772277227722155e-03 3.121287128712870174e-01 1.042079207920791756e-01 2.475247524752474735e-04 2.475247524752474735e-04 1.413366336633662956e-01 2.475247524752474735e-04 2.475247524752474735e-04 3.737623762376236780e-02 2.475247524752474735e-04 2.475247524752474735e-04 2.475247524752474735e-04 2.475247524752474735e-04 3.737623762376236780e-02 2.475247524752474735e-04 2.475247524752474735e-04 2.475247524752474735e-04 2.475247524752474735e-04 2.475247524752474735e-04 2.475247524752474735e-04 2.722772277227722155e-03 2.722772277227722155e-03 5.198019801980196565e-03 8.688118811881186121e-02 2.475247524752474735e-04 2.475247524752474735e-04 6.707920792079206940e-02 2.475247524752474735e-04 2.475247524752474735e-04 1.957920792079207162e-01
4.504504504504504574e-04 9.459459459459459985e-03 4.504504504504504574e-04 1.396396396396396358e-02 2.256756756756756743e-01 1.265765765765765882e-01 4.504504504504504574e-04 4.504504504504504574e-04 4.504504504504504574e-04 4.504504504504504574e-04 4.099099099099098864e-02 1.941441441441441595e-01 4.504504504504504574e-04 1.130630630630630740e-01 1.220720720720720742e-01 4.954954954954955519e-03 4.504504504504504574e-04 4.504504504504504574e-04 4.504504504504504574e-04 7.252252252252253117e-02 4.504504504504504574e-04 4.504504504504504574e-04 4.504504504504504574e-04 4.504504504504504574e-04 4.504504504504504574e-04 4.504504504504504574e-04 4.504504504504504574e-04 4.504504504504504574e-04 4.504504504504504574e-04 6.801801801801801717e-02
3.484320557491288111e-04 4.564459930313587155e-02 3.484320557491288111e-04 3.484320557491288111e-04 3.484320557491288111e-04 8.397212543554004316e-02 3.484320557491288111e-04 1.432055749128919309e-01 3.484320557491288111e-04 3.484320557491288111e-04 3.484320557491288111e-04 1.919860627177699675e-01 3.484320557491288111e-04 2.233449477351915347e-01 3.832752613240416814e-03 3.484320557491288111e-04 4.564459930313587155e-02 3.484320557491288111e-04 3.484320557491288111e-04 3.484320557491288111e-04 3.484320557491288111e-04 6.306620209059231319e-02 1.919860627177699675e-01 3.484320557491288111e-04 3.484320557491288111e-04 3.484320557491288111e-04 3.484320557491288111e-04 3.484320557491288111e-04 3.484320557491288111e-04 3.484320557491288111e-04
1.809638554216866924e-01 4.120481927710842318e-02 2.409638554216866815e-04 9.879518072289152422e-03 6.530120481927709220e-02 7.012048192771082322e-02 2.409638554216866815e-04 2.409638554216866815e-04 4.843373493975902666e-02 2.409638554216866815e-04 2.650602409638553713e-03 2.409638554216866815e-04 5.325301204819275769e-02 2.409638554216866815e-04 1.568674698795180233e-01 2.409638554216866815e-04 2.650602409638553713e-03 2.409638554216866815e-04 2.409638554216866815e-04 9.879518072289152422e-03 2.409638554216866815e-04 1.469879518072288692e-02 2.409638554216866815e-04 1.134939759036144302e-01 2.650602409638553713e-03 2.650602409638553713e-03 2.409638554216866815e-04 2.409638554216866815e-04 1.469879518072288692e-02 2.074698795180722199e-01
4.081632653061225725e-04 5.351020408163266184e-01 1.673469387755102331e-02 4.081632653061225725e-04 4.081632653061225725e-04 1.269387755102041049e-01 4.081632653061225725e-04 4.081632653061225725e-04 4.081632653061225725e-04 4.081632653061225725e-04 4.081632653061225725e-04 4.081632653061225725e-04 4.081632653061225725e-04 5.755102040816327535e-02 8.612244897959185630e-02 4.081632653061225725e-04 4.081632653061225725e-04 4.081632653061225725e-04 4.081632653061225725e-04 4.081632653061225725e-04 1.673469387755102331e-02 4.081632653061225725e-04 2.897959183673469788e-02 4.489795918367348732e-03 4.081632653061225725e-04 4.081632653061225725e-04 3.306122448979592621e-02 4.489795918367348732e-03 1.265306122448979845e-02 6.979591836734695687e-02
2.061855670103092343e-04 4.329896907216494381e-03 2.061855670103092343e-04 2.061855670103092343e-04 9.711340206185564705e-02 9.711340206185564705e-02 2.268041237113401550e-03 3.525773195876288207e-02 2.061855670103092343e-04 4.144329896907215927e-02 2.288659793814432422e-02 2.061855670103092343e-04 2.061855670103092343e-04 2.061855670103092343e-04 1.463917525773195463e-02 2.061855670103092343e-04 2.268041237113401550e-03 1.981443298969071676e-01 2.061855670103092343e-04 4.350515463917525166e-02 2.061855670103092343e-04 2.061855670103092343e-04 2.061855670103092343e-04 4.329896907216494381e-03 2.061855670103092343e-04 2.061855670103092343e-04 2.061855670103092343e-04 2.061855670103092343e-04 2.435051546391751864e-01 1.898969072164947980e-01
2.890173410404623376e-04 2.890173410404623376e-04 2.890173410404623376e-04 2.890173410404623376e-04 2.890173410404623376e-04 6.387283236994217850e-02 2.890173410404623376e-04 2.890173410404623376e-04 2.890173410404623376e-04 3.179190751445085984e-03 2.890173410404623376e-04 2.890173410404623376e-04 3.179190751445085984e-03 3.179190751445085984e-03 9.566473988439302967e-02 2.890173410404623376e-04 4.364161849710981173e-02 6.650289017341037834e-01 2.890173410404623376e-04 2.890173410404623376e-04 2.890173410404623376e-04 2.890173410404623376e-04 2.890173410404623376e-04 8.121387283236991550e-02 2.890173410404623376e-04 1.473988439306357819e-02 2.890173410404623376e-04 2.890173410404623376e-04 2.890173410404623376e-04 2.052023121387282559e-02
2.127659574468084708e-03 2.127659574468084708e-03 2.127659574468084708e-03 2.127659574468084708e-03 4.468085106382977539e-02 2.127659574468084708e-03 2.127659574468084708e-03 1.723404255319148370e-01 2.127659574468084708e-03 2.127659574468084708e-03 2.340425531914893179e-02 2.127659574468084708e-03 2.127659574468084708e-03 2.127659574468084708e-03 4.276595744680850020e-01 6.595744680851062247e-02 2.127659574468084708e-03 1.723404255319148370e-01 2.127659574468084708e-03 2.127659574468084708e-03 2.127659574468084708e-03 2.127659574468084708e-03 2.127659574468084708e-03 2.127659574468084708e-03 2.340425531914893179e-02 2.127659574468084708e-03 2.127659574468084708e-03 2.340425531914893179e-02 2.127659574468084708e-03 2.127659574468084708e-03
