2.242152466367713026e-04 6.748878923766817028e-02 2.242152466367713026e-04 2.242152466367713026e-04 8.094170403587444551e-02 2.827354260089686155e-01 2.242152466367713026e-04 1.302690582959641352e-01 9.439461883408072074e-02 3.432735426008968749e-01
3.003003003003003411e-04 1.054054054054054113e-01 3.003003003003003411e-04 1.204204204204204209e-01 9.939939939939940183e-02 3.303303303303303535e-03 3.933933933933933536e-02 4.717717717717717640e-01 2.132132132132132096e-02 1.384384384384384492e-01
1.655629139072847681e-04 5.034768211920530590e-01 4.155629139072847950e-02 1.506622516556291314e-02 7.963576158940396943e-02 1.226821192052980070e-01 2.168874172185430299e-02 7.963576158940396943e-02 5.811258278145695760e-02 7.798013245033112717e-02
4.100817438692098277e-02 6.416893732970027631e-02 1.362397820163487798e-04 4.509536784741144388e-02 8.869209809264304301e-02 1.362397820163487798e-04 2.780653950953678177e-01 5.871934604904632121e-02 1.213896457765667458e-01 3.025885558583106261e-01
6.300000000000000044e-01 8.378378378378377803e-03 8.378378378378377803e-03 2.702702702702702744e-04 1.191891891891891930e-01 2.702702702702702744e-04 2.702702702702702744e-04 4.891891891891892580e-02 1.381081081081081130e-01 4.621621621621622295e-02
2.284417549167927497e-02 6.217851739788200077e-02 3.494704992435703622e-02 1.181543116490166301e-01 9.092284417549167941e-02 1.756429652042360012e-01 3.494704992435703622e-02 2.936459909228441578e-01 1.090771558245083178e-01 5.763993948562783770e-02
1.147110332749562076e-02 2.373029772329247195e-02 2.548161120840630733e-02 8.756567425569177214e-05 8.327495621716286822e-02 2.225043782837127782e-01 8.756567425569177214e-05 9.290718038528895939e-02 6.663747810858143550e-02 4.738178633975481668e-01
5.024311183144246351e-03 2.011345218800648094e-01 1.103727714748784366e-01 1.961102106969205700e-02 4.392220421393841501e-02 3.113452188006483046e-01 1.620745542949757027e-04 4.878444084278768522e-02 2.027552674230145846e-01 5.688816855753647123e-02
2.941176470588235579e-04 3.264705882352941096e-02 1.414705882352941257e-01 2.941176470588235579e-04 1.532352941176470529e-01 6.794117647058824094e-02 2.941176470588235579e-04 2.088235294117646995e-02 1.650000000000000078e-01 4.179411764705882049e-01
8.606557377049180863e-03 4.098360655737705457e-04 4.098360655737705457e-04 4.098360655737705457e-04 4.508196721311476599e-03 1.479508196721311675e-01 3.159836065573770614e-01 1.561475409836065864e-01 2.913934426229508046e-01 7.418032786885248031e-02
4.732334047109206659e-02 5.588865096359742213e-02 6.445396145610277072e-02 2.141327623126337962e-04 6.276231263383296177e-01 2.141327623126337962e-04 8.779443254817984044e-03 5.802997858672375581e-02 7.516059957173445993e-02 6.231263383297643010e-02
1.526717557251908164e-04 1.236641221374045613e-02 5.589312977099235580e-01 1.526717557251908164e-04 4.748091603053434390e-02 1.847328244274808878e-02 1.526717557251908164e-04 1.526717557251908164e-04 3.116030534351144632e-01 5.053435114503816022e-02
4.145569620253164445e-02 1.613924050632911320e-02 3.800632911392404778e-01 3.829113924050632500e-02 2.246835443037974514e-02 1.613924050632911320e-02 3.164556962025316515e-04 2.281645569620253111e-01 1.300632911392405056e-01 1.268987341772152000e-01
1.615508885298868973e-04 1.793214862681744362e-02 5.284329563812600883e-01 1.615508885298868973e-04 3.893376413570274336e-02 3.408723747980613172e-02 1.615508885298868973e-04 4.054927302100160696e-02 3.071082390953149832e-01 3.247172859450726812e-02
3.914590747330960914e-03 3.558718861209964664e-04 1.103202846975089024e-02 8.932384341637010505e-02 6.441281138790036498e-02 3.558718861209964664e-04 6.338078291814945864e-01 5.729537366548043131e-02 1.142348754448398590e-01 2.526690391459074717e-02
3.558718861209964664e-04 8.220640569395018526e-02 3.558718861209964664e-04 8.576512455516015210e-02 3.558718861209964664e-04 2.601423487544483604e-01 8.576512455516015210e-02 5.017793594306049765e-02 3.348754448398576500e-01 1.000000000000000056e-01
1.910499139414802150e-02 1.757314974182443978e-01 4.836488812392426839e-02 5.697074010327022459e-02 5.697074010327022459e-02 3.099827882960413117e-01 2.254733218588640328e-02 4.492254733218589008e-02 2.135972461273666079e-01 5.180722891566265365e-02
6.012468827930174120e-01 1.271820448877805480e-02 1.271820448877805480e-02 2.493765586034913089e-04 8.004987531172069737e-02 2.493765586034913089e-04 7.730673316708229492e-03 7.755610972568578732e-02 1.773067331670822866e-01 3.017456359102244426e-02
1.595505617977528018e-02 4.067415730337078927e-02 4.741573033707865287e-02 1.103370786516853913e-01 1.485393258426966068e-01 2.114606741573033521e-01 2.247191011235955146e-04 1.035955056179775347e-01 3.215730337078651635e-01 2.247191011235955146e-04
5.573958333333333126e-01 1.781249999999999847e-02 2.187499999999999774e-03 4.177083333333332649e-02 1.188541666666666496e-01 1.052083333333333169e-02 3.229166666666666210e-03 6.885416666666664687e-02 1.344791666666666496e-01 4.489583333333332926e-02
2.840909090909091313e-04 2.301136363636363535e-02 2.840909090909091313e-04 3.241477272727272818e-01 4.718749999999999889e-01 2.840909090909091313e-04 2.840909090909091313e-04 1.025568181818181795e-01 4.005681818181817955e-02 3.721590909090909116e-02
9.940357852882702756e-05 4.085487077534791234e-02 9.045725646123258315e-03 4.772365805168986008e-01 2.247514910536778932e-01 1.799204771371769318e-02 2.087475149105367470e-03 6.073558648111331698e-02 9.652087475149104256e-02 7.067594433399601583e-02
2.539184952978056423e-02 3.134796238244514309e-04 3.448275862068965903e-03 5.959247648902821215e-01 7.554858934169279838e-02 1.285266457680250655e-02 3.134796238244514309e-04 2.009404388714733369e-01 3.134796238244514309e-04 8.495297805642633426e-02
6.329113924050634114e-04 6.329113924050634114e-04 6.329113924050634114e-04 5.449367088607595111e-01 4.056962025316456222e-01 6.329113924050634114e-04 6.329113924050634114e-04 2.594936708860759791e-02 1.962025316455696597e-02 6.329113924050634114e-04
2.173913043478260896e-03 2.077075098814229193e-01 1.403162055335968258e-02 5.158102766798419031e-02 6.739130434782608647e-02 3.737154150197628533e-01 2.391304347826087029e-02 6.541501976284584685e-02 7.134387351778656572e-02 1.227272727272727265e-01
9.480122324159021355e-03 3.394495412844036886e-02 2.357798165137614532e-01 3.122324159021406809e-01 1.807339449541284504e-01 3.058103975535168546e-04 1.865443425076452472e-02 5.535168195718655204e-02 2.782874617737002981e-02 1.256880733944954198e-01
1.460823373173970657e-03 1.209827357237715506e-01 1.075697211155378190e-02 8.114209827357236893e-02 9.176626826029214701e-02 1.739707835325364840e-02 4.848605577689242829e-01 1.329349269588313009e-01 2.403718459495351664e-02 3.466135458167330513e-02
4.402332361516034936e-02 5.309037900874635785e-01 2.915451895043731732e-04 3.819241982507288330e-02 1.227405247813411066e-01 3.527696793002915027e-02 2.915451895043731732e-04 1.402332361516034909e-01 5.860058309037901453e-02 2.944606413994169114e-02
