2.743142144638403314e-03 2.493765586034912005e-04 2.019950124688278670e-02 2.493765586034912005e-04 2.493765586034912005e-04 1.224438902743141822e-01 2.493765586034912005e-04 3.516209476309226090e-02 1.521197007481296312e-02 2.493765586034912005e-04 4.965087281795509400e-01 2.493765586034912005e-04 3.266832917705734390e-02 2.493765586034912005e-04 4.014962593516208794e-02 9.501246882793015769e-02 2.493765586034912005e-04 2.493765586034912005e-04 2.493765586034912005e-04 2.493765586034912005e-04 2.493765586034912005e-04 2.493765586034912005e-04 2.493765586034912005e-04 2.493765586034912005e-04 2.493765586034912005e-04 2.493765586034912005e-04 1.770573566084787318e-02 2.493765586034912005e-04 2.493765586034912005e-04 1.174563591022443620e-01
1.930501930501930222e-04 1.930501930501930222e-04 1.063706563706563468e-01 1.949806949806949172e-02 1.930501930501930222e-04 1.930501930501930222e-04 9.845559845559842885e-03 1.930501930501930222e-04 9.478764478764477308e-02 2.142857142857142183e-02 1.930501930501930222e-04 1.930501930501930222e-04 1.930501930501930222e-04 1.930501930501930222e-04 1.930501930501930222e-04 1.930501930501930222e-04 1.930501930501930222e-04 5.038610038610037700e-02 2.123552123552123298e-03 3.687258687258686968e-02 5.272200772200771324e-01 1.930501930501930222e-04 1.930501930501930222e-04 1.930501930501930222e-04 1.930501930501930222e-04 1.930501930501930222e-04 4.459459459459459013e-02 1.177606177606177300e-02 1.930501930501930222e-04 7.162162162162161172e-02
2.252252252252251745e-04 2.252252252252251745e-04 3.626126126126125171e-02 6.981981981981980057e-03 2.252252252252251745e-04 2.252252252252251745e-04 2.477477477477476892e-03 2.252252252252251745e-04 1.150900900900900664e-01 4.752252252252251591e-02 2.252252252252251745e-04 2.252252252252251745e-04 2.252252252252251745e-04 4.729729729729729125e-03 2.252252252252251745e-04 2.252252252252251745e-04 2.477477477477476892e-03 6.981981981981980057e-03 2.725225225225224451e-02 2.252252252252251745e-04 4.867117117117115699e-01 2.499999999999999445e-02 2.477477477477476892e-03 2.252252252252251745e-04 2.252252252252251745e-04 2.252252252252251745e-04 9.707207207207205202e-02 2.950450450450449458e-02 2.252252252252251745e-04 1.060810810810810523e-01
3.482032218091696968e-02 5.080545229244112088e-03 4.969021065675339327e-02 1.239157372986369066e-04 2.602230483271374822e-03 5.080545229244112088e-03 5.080545229244112088e-03 3.482032218091696968e-02 4.473358116480791874e-02 4.473358116480791874e-02 3.136307311028499467e-01 8.798017348203219720e-03 9.553903345724903962e-02 1.623296158612143325e-02 1.239157372986369066e-04 1.239157372986369066e-04 1.239157372986369066e-04 1.239157372986369066e-04 2.602230483271374822e-03 5.464684014869886780e-02 1.499380421313506288e-02 1.239157372986369066e-04 3.234200743494423241e-02 4.597273853779428737e-02 1.239157372986369066e-04 1.239157372986369066e-04 1.475836431226765222e-01 1.363073110285005973e-03 1.363073110285005973e-03 3.729863692688970694e-02
5.405405405405407657e-04 5.405405405405407657e-04 5.405405405405407657e-04 5.405405405405407657e-04 2.216216216216216825e-02 5.405405405405407657e-04 5.405405405405407657e-04 4.600000000000001310e-01 5.405405405405407657e-04 5.405405405405407657e-04 1.135135135135135510e-02 5.405405405405407657e-04 5.405405405405407657e-04 5.405405405405407657e-04 5.405405405405407657e-04 2.059459459459460073e-01 1.032432432432432851e-01 5.945945945945948531e-03 5.945945945945948531e-03 5.405405405405407657e-04 1.675675675675676254e-02 1.675675675675676254e-02 5.945945945945948531e-03 5.945945945945948531e-03 5.405405405405407657e-04 6.000000000000001860e-02 4.918918918918920025e-02 5.405405405405407657e-04 5.405405405405407657e-04 2.216216216216216825e-02
3.436426116838488232e-04 3.436426116838488232e-04 3.436426116838488232e-04 3.436426116838488232e-04 1.481099656357388328e-01 4.501718213058419210e-02 3.436426116838488232e-04 3.436426116838488232e-04 3.436426116838488232e-04 3.436426116838488232e-04 6.907216494845361265e-02 4.158075601374570246e-02 6.563573883161512301e-02 2.096219931271477502e-02 3.436426116838488232e-04 8.625429553264604698e-02 1.065292096219931303e-02 3.436426116838488232e-04 7.216494845360825125e-03 3.436426116838488232e-04 3.436426116838488232e-04 3.436426116838488232e-04 3.436426116838488232e-04 3.436426116838488232e-04 3.436426116838488232e-04 3.436426116838488232e-04 1.618556701030927913e-01 7.938144329896908158e-02 3.436426116838488232e-04 2.580756013745704180e-01
3.921568627450981314e-04 3.921568627450981314e-04 8.235294117647061138e-03 3.921568627450981314e-04 4.313725490196079933e-03 3.921568627450981314e-04 3.921568627450981314e-04 3.921568627450981314e-04 3.921568627450981314e-04 3.921568627450981314e-04 3.921568627450981314e-04 1.607843137254902008e-02 3.921568627450981314e-04 3.921568627450981314e-04 3.921568627450981314e-04 2.392156862745098422e-02 3.568627450980392524e-02 3.960784313725491251e-02 7.023529411764707353e-01 3.921568627450981314e-04 3.921568627450981314e-04 3.921568627450981314e-04 3.921568627450981314e-04 3.921568627450981314e-04 3.921568627450981314e-04 1.607843137254902008e-02 6.313725490196080148e-02 3.921568627450981314e-04 3.921568627450981314e-04 8.274509803921571705e-02
6.300813008130079669e-03 2.032520325203251760e-04 2.032520325203251760e-04 8.760162601626014789e-02 2.032520325203251760e-04 5.101626016260162044e-02 1.993902439024389794e-01 2.032520325203251760e-04 7.743902439024388795e-02 1.831300813008129580e-01 2.032520325203251760e-04 2.032520325203251760e-04 5.914634146341462423e-02 2.032520325203251760e-04 2.032520325203251760e-04 2.235772357723576909e-03 2.865853658536584789e-02 2.032520325203251760e-04 2.032520325203251760e-04 2.032520325203251760e-04 2.032520325203251760e-04 1.343495934959349214e-01 2.032520325203251760e-04 2.032520325203251760e-04 4.288617886178860972e-02 2.032520325203251760e-04 5.304878048780486965e-02 2.032520325203251760e-04 1.443089430894308606e-02 5.711382113821137502e-02
2.463054187192117495e-04 2.709359605911329516e-03 4.458128078817732987e-02 1.995073891625614992e-02 2.463054187192117495e-04 3.472906403940885511e-02 2.733990147783250252e-02 5.172413793103447337e-03 1.283251231527093306e-01 8.152709359605909978e-02 2.463054187192117495e-04 2.463054187192117495e-04 2.463054187192117495e-04 2.463054187192117495e-04 2.463054187192117495e-04 2.463054187192117495e-04 1.652709359605910866e-01 2.463054187192117495e-04 2.463054187192117495e-04 2.268472906403940226e-01 7.635467980295564290e-03 2.463054187192117495e-04 2.463054187192117495e-04 2.463054187192117495e-04 4.950738916256156724e-02 1.995073891625614992e-02 1.332512315270935610e-01 2.463054187192117495e-04 2.463054187192117495e-04 4.950738916256156724e-02
1.191860465116278620e-02 2.906976744186045929e-04 5.261627906976742985e-02 1.020348837209301973e-01 2.906976744186045929e-04 1.398255813953487858e-01 9.331395348837207004e-02 2.906976744186045929e-04 2.354651162790696861e-02 1.427325581395348375e-01 2.906976744186045929e-04 2.906976744186045929e-04 2.906976744186045929e-04 2.906976744186045929e-04 2.906976744186045929e-04 2.906976744186045929e-04 9.912790697674415952e-02 2.906976744186045929e-04 2.906976744186045929e-04 2.906976744186045929e-04 2.906976744186045929e-04 2.906976744186045929e-04 2.906976744186045929e-04 2.906976744186045929e-04 9.622093023255810784e-02 3.197674418604650251e-03 1.514534883720929648e-01 2.906976744186045929e-04 2.906976744186045929e-04 7.877906976744183942e-02
1.912045889101338146e-04 1.912045889101338146e-04 2.504780114722752679e-02 1.912045889101338146e-04 3.386233269598469264e-01 1.912045889101338146e-04 1.912045889101338146e-04 1.166347992351816042e-02 4.015296367112810433e-03 1.912045889101338146e-04 3.269598470363288545e-02 1.912045889101338146e-04 1.912045889101338146e-04 2.103250478011472070e-03 1.912045889101338146e-04 5.755258126195027940e-02 1.015296367112810544e-01 7.284894837476098284e-02 1.912045889101338146e-04 1.912045889101338146e-04 7.839388145315484557e-03 1.912045889101338146e-04 4.034416826003823370e-02 2.103250478011472070e-03 1.912045889101338146e-04 1.435946462715104732e-01 7.093690248565964751e-02 6.902485659655829831e-02 1.912045889101338146e-04 1.739961759082217507e-02
1.680672268907562801e-04 1.680672268907562801e-04 7.915966386554620926e-02 1.245378151260503885e-01 2.201680672268907166e-02 1.680672268907562801e-04 1.680672268907562801e-04 1.680672268907562801e-04 5.210084033613444736e-03 1.077310924369747624e-01 2.201680672268907166e-02 1.680672268907562801e-04 1.680672268907562801e-04 3.546218487394957319e-02 1.680672268907562801e-04 1.680672268907562801e-04 7.579831932773108127e-02 1.680672268907562801e-04 1.680672268907562801e-04 1.025210084033613238e-02 1.680672268907562801e-04 1.848739495798319135e-03 1.680672268907562801e-04 1.025210084033613238e-02 3.211764705882352300e-01 1.680672268907562801e-04 8.084033613445376631e-02 1.680672268907562801e-04 8.571428571428568385e-03 9.260504201680670733e-02
2.079002079002078575e-04 2.079002079002078575e-04 1.332640332640332159e-01 2.079002079002078575e-04 7.505197505197504226e-02 2.079002079002078575e-04 2.079002079002078575e-04 2.247401247401246693e-01 2.079002079002078575e-04 2.079002079002078575e-04 2.307692307692307127e-02 4.178794178794178332e-02 2.079002079002078575e-04 2.079002079002078575e-04 2.286902286902286596e-03 6.673596673596672579e-02 2.079002079002078575e-04 6.881496881496880491e-02 2.079002079002078575e-04 6.444906444906443529e-03 2.079002079002078575e-04 2.079002079002078575e-04 2.286902286902286596e-03 2.079002079002078575e-04 2.079002079002078575e-04 9.584199584199581956e-02 9.168399168399166133e-02 6.049896049896048844e-02 2.079002079002078575e-04 1.041580041580041360e-01
3.816793893129772036e-04 3.816793893129772036e-04 3.473282442748092114e-02 4.198473282442749185e-03 3.816793893129772036e-04 3.816793893129772036e-04 3.816793893129772036e-04 3.816793893129772036e-04 3.816793893129772036e-04 3.816793893129772036e-04 3.816793893129772036e-04 8.015267175572521330e-03 4.198473282442749185e-03 1.183206106870229347e-02 3.816793893129772036e-04 4.198473282442749185e-03 4.198473282442749185e-03 6.145038167938933482e-02 4.198473282442749185e-03 5.309160305343512132e-01 2.064885496183206659e-01 4.618320610687023930e-02 3.816793893129772036e-04 3.816793893129772036e-04 8.015267175572521330e-03 3.816793893129772036e-04 3.816793893129772036e-04 3.816793893129772036e-04 3.816793893129772036e-04 6.526717557251909829e-02
1.086956521739130340e-04 1.086956521739130340e-04 1.859782608695651762e-01 2.184782608695651912e-02 2.282608695652173659e-03 9.032608695652172281e-02 1.055434782608695443e-01 1.086956521739130340e-04 3.706521739130434756e-02 1.511956521739130088e-01 1.086956521739130340e-04 1.086956521739130340e-04 4.456521739130433687e-03 1.086956521739130340e-04 1.749999999999999820e-02 1.195652173913043428e-03 4.249999999999999611e-02 2.282608695652173659e-03 1.086956521739130340e-04 1.086956521739130340e-04 1.086956521739130340e-04 1.086956521739130340e-04 1.086956521739130340e-04 1.086956521739130340e-04 7.836956521739128767e-02 1.086956521739130340e-04 1.316304347826086629e-01 1.086956521739130340e-04 1.086956521739130340e-04 1.261956521739130144e-01
1.760563380281689964e-04 1.760563380281689964e-04 4.419014084507041917e-02 1.322183098591548922e-01 1.073943661971830769e-02 1.760563380281689964e-04 1.760563380281689964e-04 1.760563380281689964e-04 1.760563380281689964e-04 1.269366197183098288e-01 1.760563380281689964e-04 1.760563380281689964e-04 1.760563380281689964e-04 1.760563380281689964e-04 1.760563380281689964e-04 1.936619718309858960e-03 7.411971830985913945e-02 1.760563380281689964e-04 1.936619718309858960e-03 1.760563380281689964e-04 1.760563380281689964e-04 7.218309859154927767e-03 1.760563380281689964e-04 1.760563380281689964e-04 4.420774647887322772e-01 1.760563380281689964e-04 8.820422535211265569e-02 1.760563380281689964e-04 1.760563380281689964e-04 6.707746478873238827e-02
3.414634146341462978e-03 1.626016260162601354e-04 8.292682926829266984e-03 1.626016260162601354e-04 1.626016260162601354e-04 2.130081300813007825e-02 1.154471544715446850e-02 2.635772357723576431e-01 1.479674796747967175e-02 2.292682926829267900e-02 3.414634146341462978e-03 1.788617886178861570e-03 1.626016260162601354e-04 3.414634146341462978e-03 1.626016260162601354e-04 9.918699186991867742e-03 1.286178861788617456e-01 8.292682926829266984e-03 1.317073170731707099e-02 1.626016260162601354e-04 1.626016260162601354e-04 6.666666666666664492e-03 6.666666666666664492e-03 3.414634146341462978e-03 1.626016260162601354e-04 1.773983739837397822e-01 1.253658536585365579e-01 1.626016260162601354e-04 1.626016260162601354e-04 1.643902439024389761e-01
3.558718861209965206e-04 3.558718861209965206e-04 8.576512455516016598e-02 3.558718861209965206e-04 2.459074733096085763e-01 3.558718861209965206e-04 3.558718861209965206e-04 3.558718861209965206e-04 5.017793594306050459e-02 3.594306049822064419e-02 3.558718861209965206e-04 3.558718861209965206e-04 3.558718861209965206e-04 3.558718861209965206e-04 3.914590747330961781e-03 3.558718861209965206e-04 3.558718861209965206e-04 3.914590747330961781e-03 3.914590747330961781e-03 3.558718861209965206e-04 3.558718861209965206e-04 3.558718861209965206e-04 7.473309608540926879e-03 7.153024911032029864e-02 3.558718861209965206e-04 3.558718861209965206e-04 1.320284697508897209e-01 3.914590747330961781e-03 1.960854092526690962e-01 1.533807829181494942e-01
2.242152466367712484e-04 2.242152466367712484e-04 2.242152466367712484e-04 2.242152466367712484e-04 2.242152466367712484e-04 2.242152466367712484e-04 4.708520179372196676e-03 2.242152466367712484e-04 2.242152466367712484e-04 2.242152466367712484e-04 2.242152466367712484e-04 2.242152466367712484e-04 3.385650224215245446e-02 9.192825112107620017e-03 2.242152466367712484e-04 1.143497757847533255e-02 2.242152466367712484e-04 2.040358744394618271e-02 3.141255605381165217e-01 2.242152466367712484e-04 2.242152466367712484e-04 3.385650224215245446e-02 2.917040358744393824e-01 4.058295964125559901e-02 2.242152466367712484e-04 2.242152466367712484e-04 4.506726457399102409e-02 2.242152466367712484e-04 2.040358744394618271e-02 1.706278026905828915e-01
1.886792452830188315e-04 1.886792452830188315e-04 4.358490566037735020e-02 1.586792452830188271e-01 1.886792452830188315e-04 5.849056603773584127e-03 1.886792452830188315e-04 1.886792452830188315e-04 2.075471698113207173e-03 7.754716981132074582e-02 1.886792452830188315e-04 1.886792452830188315e-04 2.849056603773584065e-02 1.886792452830188315e-04 1.886792452830188315e-04 1.886792452830188315e-04 1.096226415094339462e-01 1.886792452830188315e-04 1.886792452830188315e-04 1.886792452830188315e-04 1.886792452830188315e-04 1.886792452830188315e-04 1.886792452830188315e-04 1.528301886792452456e-02 3.360377358490564959e-01 1.886792452830188315e-04 1.001886792452830049e-01 1.886792452830188315e-04 1.886792452830188315e-04 1.190566037735848876e-01
3.072625698324021708e-03 2.793296089385474083e-04 3.072625698324021708e-03 4.217877094972065366e-02 1.203910614525139366e-01 1.483240223463686835e-01 9.245810055865918975e-02 2.793296089385474083e-04 2.793296089385474083e-04 1.036312849162010913e-01 2.793296089385474083e-04 2.793296089385474083e-04 2.793296089385474083e-04 2.793296089385474083e-04 2.793296089385474083e-04 2.793296089385474083e-04 2.793296089385474083e-04 2.793296089385474083e-04 2.793296089385474083e-04 2.262569832402233985e-02 2.793296089385474083e-04 2.793296089385474083e-04 2.793296089385474083e-04 2.793296089385474083e-04 5.865921787709495357e-03 1.455307262569832116e-01 1.315642458100558243e-01 3.072625698324021708e-03 2.793296089385474083e-04 1.734636871508379308e-01
1.552795031055900408e-04 1.552795031055900408e-04 1.102484472049689197e-02 1.552795031055900408e-04 1.552795031055900408e-04 6.537267080745340353e-02 6.366459627329190858e-03 2.548136645962732483e-01 1.552795031055900408e-04 1.708074534161490611e-03 1.708074534161490611e-03 1.552795031055900408e-04 9.472049689440991890e-03 1.552795031055900408e-04 1.708074534161490611e-03 1.568322981366459395e-02 1.678571428571428159e-01 1.552795031055900408e-04 1.723602484472049404e-02 1.552795031055900408e-04 1.552795031055900408e-04 1.708074534161490611e-03 1.552795031055900408e-04 6.366459627329190858e-03 7.919254658385091808e-03 1.709627329192546230e-01 1.507763975155279046e-01 1.708074534161490611e-03 1.552795031055900408e-04 1.057453416149067987e-01
2.801120448179270973e-04 2.801120448179270973e-04 6.190476190476188606e-02 2.801120448179270973e-04 5.521008403361342687e-01 1.988795518207282093e-02 2.801120448179270973e-04 2.801120448179270973e-04 2.801120448179270973e-04 2.801120448179270973e-04 8.683473389355739203e-03 3.081232492997198341e-03 2.801120448179270973e-04 2.801120448179270973e-04 2.801120448179270973e-04 4.509803921568626695e-02 4.789915966386553564e-02 2.801120448179270973e-04 2.801120448179270973e-04 2.801120448179270973e-04 1.148459383753500963e-02 2.801120448179270973e-04 2.801120448179270973e-04 3.949579831932771568e-02 2.801120448179270973e-04 2.801120448179270973e-04 1.319327731092436728e-01 2.829131652661063395e-02 5.882352941176468772e-03 3.949579831932771568e-02
7.068181818181816511e-02 2.272727272727272183e-04 2.522727272727271972e-02 2.272727272727272183e-04 4.115909090909089518e-01 2.272727272727272183e-04 2.272727272727272183e-04 9.318181818181815734e-03 2.272727272727272183e-04 2.499999999999999618e-03 2.272727272727272183e-04 2.272727272727272183e-04 2.272727272727272183e-04 2.272727272727272183e-04 2.272727272727272183e-04 6.386363636363634466e-02 3.204545454545453670e-02 1.706818181818181290e-01 2.272727272727272183e-04 2.272727272727272183e-04 2.272727272727272183e-04 2.272727272727272183e-04 2.272727272727272183e-04 2.272727272727272183e-04 2.272727272727272183e-04 1.386363636363635923e-02 1.024999999999999800e-01 1.386363636363635923e-02 2.272727272727272183e-04 7.977272727272725905e-02
2.015444015444016468e-02 9.343629343629348064e-03 7.111969111969115853e-02 7.722007722007726580e-05 7.722007722007726580e-05 9.196911196911201902e-02 8.965250965250969040e-02 1.861003861003862267e-02 1.282625482625483204e-01 1.035521235521236066e-01 1.474903474903475724e-02 4.177606177606180138e-02 7.722007722007726580e-05 7.722007722007726580e-05 2.555984555984557385e-02 7.799227799227803452e-03 6.339768339768342420e-02 5.413127413127415827e-02 1.621621621621622622e-03 2.324324324324325564e-02 7.652509652509656424e-02 7.722007722007726580e-05 7.722007722007726580e-05 7.722007722007726580e-05 6.262548262548264799e-02 7.722007722007726580e-05 5.876447876447878776e-02 7.722007722007726580e-05 7.722007722007726580e-05 3.637065637065638873e-02
9.057971014492753733e-05 2.545289855072463761e-02 1.277173913043478173e-02 3.360507246376811391e-02 2.092391304347826150e-02 1.649456521739130488e-01 8.342391304347825109e-02 1.902173913043478338e-03 1.205615942028985393e-01 8.523550724637680986e-02 9.057971014492753733e-05 1.367753623188405765e-02 9.057971014492753733e-05 7.336956521739129711e-03 9.963768115942030733e-04 9.057971014492753733e-05 6.077898550724637056e-02 9.057971014492753733e-05 4.619565217391303699e-03 9.057971014492753733e-05 4.990942028985507345e-02 2.807971014492753603e-03 9.057971014492753733e-05 9.057971014492753733e-05 4.447463768115942490e-02 4.619565217391303699e-03 1.332427536231884091e-01 5.525362318840579615e-03 2.807971014492753603e-03 1.196557971014492738e-01
2.136752136752136479e-04 2.136752136752136479e-04 1.070512820512820318e-01 1.262820512820512497e-01 2.136752136752136479e-04 2.416666666666665853e-01 2.371794871794871001e-02 2.136752136752136479e-04 2.585470085470084611e-02 1.113247863247863040e-01 2.136752136752136479e-04 1.517094017094016735e-02 2.136752136752136479e-04 2.136752136752136479e-04 2.136752136752136479e-04 2.136752136752136479e-04 4.508547008547007795e-02 2.136752136752136479e-04 2.136752136752136479e-04 8.760683760683757315e-03 2.136752136752136479e-04 2.136752136752136479e-04 2.136752136752136479e-04 2.136752136752136479e-04 1.113247863247863040e-01 8.760683760683757315e-03 4.294871794871794185e-02 2.136752136752136479e-04 2.136752136752136479e-04 1.284188034188033789e-01
2.444444444444443879e-02 2.020202020202019929e-04 1.113131313131312944e-01 2.020202020202019929e-04 1.557575757575757058e-01 2.020202020202019929e-04 2.020202020202019929e-04 2.020202020202019929e-04 2.020202020202019929e-04 1.838383838383837732e-02 3.454545454545453892e-02 1.434343434343433865e-02 2.242424242424241945e-02 8.282828282828280653e-03 2.020202020202019929e-04 2.020202020202019929e-04 2.020202020202019929e-04 2.222222222222221787e-03 2.242424242424241945e-02 2.020202020202019929e-04 2.020202020202019929e-04 2.082828282828282362e-01 2.444444444444443879e-02 2.020202020202019929e-04 2.020202020202019929e-04 6.282828282828281652e-02 3.252525252525251959e-02 1.416161616161615844e-01 2.020202020202019929e-04 1.133333333333333137e-01
2.325581395348836798e-04 2.325581395348836798e-04 2.325581395348836798e-04 1.606976744186046080e-01 2.325581395348836798e-04 2.325581395348836798e-04 2.325581395348836798e-04 2.325581395348836798e-04 2.325581395348836798e-04 2.325581395348836798e-04 2.558139534883720288e-03 3.304651162790696595e-01 2.325581395348836798e-04 2.325581395348836798e-04 2.325581395348836798e-04 3.046511627906975730e-02 2.325581395348836798e-04 1.048837209302325296e-01 2.325581395348836798e-04 9.325581395348835068e-02 1.095348837209302040e-01 2.325581395348836798e-04 1.418604651162790227e-02 2.325581395348836798e-04 2.325581395348836798e-04 2.325581395348836798e-04 4.674418604651162101e-02 2.325581395348836798e-04 2.325581395348836798e-04 1.025581395348836994e-01
3.389830508474576498e-04 3.389830508474576498e-04 8.847457627118644752e-02 3.389830508474576498e-04 3.389830508474576498e-04 3.389830508474576498e-04 3.728813559322034094e-03 2.406779661016949026e-02 3.389830508474576498e-04 7.491525423728813415e-02 4.440677966101694990e-02 7.118644067796610700e-03 1.969491525423728850e-01 3.389830508474576498e-04 3.389830508474576498e-04 1.728813559322033705e-02 3.389830508474576498e-04 7.118644067796610700e-03 3.389830508474576498e-04 3.389830508474576498e-04 3.389830508474576498e-04 2.406779661016949026e-02 3.389830508474576498e-04 1.732203389830508644e-01 3.389830508474576498e-04 3.389830508474576498e-04 2.003389830508474634e-01 3.389830508474576498e-04 6.813559322033899135e-02 6.474576271186441301e-02
1.733102253032928739e-04 1.733102253032928739e-04 2.618717504332754853e-01 9.376083188908143629e-02 1.906412478336221667e-03 4.523396880415943982e-02 1.733102253032928739e-04 1.733102253032928739e-04 1.923743500866550646e-02 2.443674176776429105e-02 1.733102253032928739e-04 1.733102253032928739e-04 1.057192374350086374e-02 1.733102253032928739e-04 2.963604852686308258e-02 1.403812824956672187e-02 1.733102253032928739e-04 2.616984402079722272e-02 7.105719237435006476e-03 1.733102253032928739e-04 3.639514731369150081e-03 7.296360485268629792e-02 1.733102253032928739e-04 1.733102253032928739e-04 1.960138648180242138e-01 1.733102253032928739e-04 7.296360485268629792e-02 1.733102253032928739e-04 1.906412478336221667e-03 1.162911611785095028e-01
1.466275659824046920e-04 5.293255131964809401e-02 4.413489736070381336e-02 1.466275659824046920e-04 1.466275659824046920e-04 8.944281524926685559e-03 1.466275659824046920e-04 4.545454545454545234e-03 1.466275659824046920e-04 1.466275659824046920e-04 6.319648093841642722e-02 1.466275659824046920e-04 1.627565982404691886e-02 1.466275659824046920e-04 1.218475073313782936e-01 1.306451612903225812e-01 1.466275659824046920e-04 1.466275659824046920e-04 1.466275659824046920e-04 1.466275659824046920e-04 1.774193548387096794e-02 9.838709677419353594e-02 1.466275659824046920e-04 1.466275659824046920e-04 1.379765395894428093e-01 1.466275659824046920e-04 8.225806451612903414e-02 1.466275659824046920e-04 1.334310850439882588e-02 2.054252199413489632e-01
2.770083102493073389e-04 2.770083102493073389e-04 5.013850415512463576e-02 2.770083102493073389e-04 2.770083102493073389e-04 2.770083102493073389e-04 2.770083102493073389e-04 2.770083102493073389e-04 2.770083102493073389e-04 2.770083102493073389e-04 2.770083102493073389e-04 2.770083102493073389e-04 5.817174515235454604e-03 3.047091412742381107e-03 2.770083102493073389e-04 2.770083102493073389e-04 1.135734072022159986e-02 2.770083102493073389e-04 7.980609418282544887e-01 2.770083102493073389e-04 2.770083102493073389e-04 3.047091412742381107e-03 5.817174515235454604e-03 2.770083102493073389e-04 2.770083102493073389e-04 5.817174515235454604e-03 7.229916897506921680e-02 2.770083102493073389e-04 2.770083102493073389e-04 3.905817174515233831e-02
1.143086816720256943e-01 1.607717041800642852e-04 4.517684887459806620e-02 2.909967845659163638e-02 2.588424437299035111e-02 1.737942122186494631e-01 3.713826366559484782e-02 2.749196141479099548e-02 8.199356913183276918e-03 8.215434083601284854e-02 1.768488745980707245e-03 1.607717041800642852e-04 1.607717041800642852e-04 1.607717041800642852e-04 1.607717041800642852e-04 9.807073954983921288e-03 5.160771704180063674e-02 3.231511254019292512e-02 3.376205787781349880e-03 1.607717041800642852e-04 1.607717041800642852e-04 1.607717041800642852e-04 1.607717041800642852e-04 1.607717041800642852e-04 1.607717041800642852e-04 2.427652733118970674e-02 1.352090032154340538e-01 3.376205787781349880e-03 1.607717041800642852e-04 1.930868167202571817e-01
9.199632014719409244e-05 9.199632014719409244e-05 5.068997240110394847e-02 2.843606255749769884e-01 9.199632014719409244e-05 2.851885924563017042e-03 1.011959521619135030e-03 1.931922723091075928e-03 2.033118675252989713e-02 9.199632014719409244e-05 9.199632014719409244e-05 1.831646734130634446e-01 1.205151793928242558e-02 2.125114995400183629e-02 9.199632014719409244e-05 4.793008279668812405e-02 9.199632014719409244e-05 7.092916283348664475e-02 9.199632014719409244e-05 6.531738730450780198e-03 2.953081876724930610e-02 1.573137074517019091e-02 9.199632014719409244e-05 1.931922723091075928e-03 7.451701931922721095e-03 9.199632014719409244e-05 1.104875804967801051e-01 9.199632014719409244e-05 9.199632014719409244e-05 1.307267709291627944e-01
1.703577512776830989e-04 1.873935264054514332e-03 7.853492333901190836e-02 1.262350936967631676e-01 1.379897785349233109e-02 5.281090289608176419e-03 1.720613287904599123e-02 1.703577512776830989e-04 4.616695059625212233e-02 6.660988074957409355e-02 1.703577512776830989e-04 1.873935264054514332e-03 3.577512776831345484e-03 1.703577512776830989e-04 1.873935264054514332e-03 1.873935264054514332e-03 6.490630323679726088e-02 1.703577512776830989e-04 3.253833049403747485e-02 1.703577512776830989e-04 1.703577512776830989e-04 1.720613287904599123e-02 1.209540034071550016e-02 1.703577512776830989e-04 3.971039182282792845e-01 1.703577512776830989e-04 2.572402044293014764e-02 1.703577512776830989e-04 1.703577512776830989e-04 8.364565587734240637e-02
4.255319148936171259e-04 4.680851063829788439e-03 4.680851063829788439e-03 4.255319148936171259e-04 4.255319148936171259e-04 6.089361702127660259e-01 4.255319148936171259e-04 4.255319148936171259e-04 8.936170212765959589e-03 4.680851063829788439e-03 5.148936170212767283e-02 4.255319148936171259e-04 6.851063829787236437e-02 4.723404255319149647e-02 4.255319148936171259e-04 7.702127659574470320e-02 6.851063829787236437e-02 4.255319148936171259e-04 4.255319148936171259e-04 4.680851063829788439e-03 4.255319148936171259e-04 1.319148936170213074e-02 4.255319148936171259e-04 4.255319148936171259e-04 4.255319148936171259e-04 4.680851063829788439e-03 4.255319148936171259e-04 4.255319148936171259e-04 1.744680851063830015e-02 8.936170212765959589e-03
3.353658536585364929e-03 3.048780487804876962e-04 1.679878048780487354e-01 9.176829268292679975e-02 3.353658536585364929e-03 3.048780487804876962e-04 4.603658536585364391e-02 6.402439024390241783e-03 3.384146341463413477e-02 6.402439024390241783e-03 3.048780487804876962e-04 2.899390243902437714e-01 2.164634146341462562e-02 3.048780487804876962e-04 3.048780487804876962e-04 3.048780487804876962e-04 3.048780487804876962e-04 7.042682926829266221e-02 7.042682926829266221e-02 3.048780487804876962e-04 3.353658536585364929e-03 3.353658536585364929e-03 3.048780487804876962e-04 3.048780487804876962e-04 3.048780487804876962e-04 3.048780487804876962e-04 9.451219512195118203e-03 3.048780487804876962e-04 3.048780487804876962e-04 1.679878048780487354e-01
1.373893805309734095e-01 2.212389380530973150e-04 3.652654867256636129e-01 2.212389380530973150e-04 2.212389380530973150e-04 2.212389380530973150e-04 2.212389380530973150e-04 2.212389380530973150e-04 3.119469026548671656e-02 1.128318584070796098e-02 2.433628318584070329e-03 4.646017699115043316e-03 2.212389380530973150e-04 2.212389380530973150e-04 2.212389380530973150e-04 1.128318584070796098e-02 4.646017699115043316e-03 6.216814159292034098e-02 1.727876106194689843e-01 2.212389380530973150e-04 2.433628318584070329e-03 1.550884955752211969e-01 2.433628318584070329e-03 4.646017699115043316e-03 2.212389380530973150e-04 2.212389380530973150e-04 2.212389380530973150e-04 2.212389380530973150e-04 6.858407079646015869e-03 2.234513274336282634e-02
1.615508885298868702e-04 1.615508885298868702e-04 3.085621970920839063e-02 1.615508885298868702e-04 1.615508885298868702e-04 1.615508885298868702e-04 9.870759289176087026e-02 1.615508885298868702e-04 1.615508885298868702e-04 5.185783521809367996e-02 1.615508885298868702e-04 6.478190630048463738e-02 3.408723747980613172e-02 1.615508885298868702e-04 7.124394184168010569e-02 1.615508885298868702e-04 1.615508885298868702e-04 8.739903069466879726e-02 8.093699515347331508e-02 6.316639741518575990e-02 7.447495961227784678e-02 1.084006462035540658e-01 7.447495961227784678e-02 1.615508885298868702e-04 1.777059773828755518e-03 1.777059773828755518e-03 3.731825525040386587e-02 3.085621970920839063e-02 3.085621970920839063e-02 5.508885298869142105e-02
3.448275862068965795e-04 6.241379310344827985e-02 3.448275862068965795e-04 1.758620689655172181e-02 6.241379310344827985e-02 3.448275862068965795e-04 3.448275862068965795e-04 3.448275862068965795e-04 3.793103448275862537e-03 3.793103448275862537e-03 4.517241379310344557e-02 3.448275862068965795e-04 3.448275862068965795e-04 3.793103448275862537e-03 3.448275862068965795e-04 1.520689655172413890e-01 3.448275862068965795e-04 4.520689655172413501e-01 3.448275862068965795e-04 3.448275862068965795e-04 3.448275862068965795e-04 3.448275862068965795e-04 3.448275862068965795e-04 3.448275862068965795e-04 3.448275862068965795e-04 3.448275862068965795e-04 1.413793103448275808e-02 3.448275862068965795e-04 4.172413793103448010e-02 1.348275862068965547e-01
1.700680272108843420e-04 1.700680272108843420e-04 1.226190476190475859e-01 1.700680272108843420e-04 1.700680272108843420e-04 1.700680272108843420e-04 1.158163265306122180e-01 1.700680272108843420e-04 1.700680272108843420e-04 8.690476190476188745e-02 3.571428571428570883e-03 7.840136054421767420e-02 4.608843537414965275e-02 3.248299319727891016e-02 6.649659863945577010e-02 3.418367346938774864e-02 5.289115646258502751e-02 4.268707482993196883e-02 6.819727891156461552e-02 1.700680272108843420e-04 2.397959183673468997e-02 1.379251700680271808e-01 4.098639455782312341e-02 1.870748299319727626e-03 1.700680272108843420e-04 1.700680272108843420e-04 1.700680272108843420e-04 1.377551020408162956e-02 2.738095238095237735e-02 1.870748299319727626e-03
4.104477611940299253e-03 4.104477611940299253e-03 3.731343283582089589e-04 3.731343283582089589e-04 3.731343283582089589e-04 5.041044776119403270e-01 3.731343283582089589e-04 3.022388059701492519e-02 3.731343283582089589e-04 3.731343283582089589e-04 8.619402985074627044e-02 3.731343283582089589e-04 4.141791044776119146e-02 3.731343283582089589e-04 3.731343283582089589e-04 6.753731343283582433e-02 3.731343283582089589e-04 3.731343283582089589e-04 3.731343283582089589e-04 3.731343283582089589e-04 3.731343283582089589e-04 3.731343283582089589e-04 3.731343283582089589e-04 3.731343283582089589e-04 3.731343283582089589e-04 4.141791044776119146e-02 1.085820895522388169e-01 3.731343283582089589e-04 3.731343283582089589e-04 1.048507462686567165e-01
3.676470588235295151e-04 4.044117647058824774e-03 3.676470588235295151e-04 3.713235294117647745e-02 7.720588235294119708e-03 5.334558823529412797e-01 3.676470588235295151e-04 3.676470588235295151e-04 3.676470588235295151e-04 3.676470588235295151e-04 3.676470588235295151e-04 3.676470588235295151e-04 2.242647058823529771e-02 3.676470588235295151e-04 3.676470588235295151e-04 1.033088235294117863e-01 3.676470588235295151e-04 3.676470588235295151e-04 5.919117647058825399e-02 3.676470588235295151e-04 1.507352941176470784e-02 3.676470588235295151e-04 3.676470588235295151e-04 3.676470588235295151e-04 3.676470588235295151e-04 3.676470588235295151e-04 6.654411764705883692e-02 3.676470588235295151e-04 3.676470588235295151e-04 1.437500000000000444e-01
2.199999999999999525e-02 1.818181818181817801e-04 6.563636363636363158e-02 1.092727272727272575e-01 1.109090909090908877e-02 6.018181818181816967e-02 1.818181818181817801e-04 1.818181818181817801e-04 1.109090909090908877e-02 6.199999999999999262e-02 1.818181818181817801e-04 1.818181818181817801e-04 1.818181818181817801e-04 1.818181818181817801e-04 1.818181818181817801e-04 3.290909090909090173e-02 5.636363636363635535e-03 3.836363636363635671e-02 1.818181818181817801e-04 1.818181818181817801e-04 1.092727272727272575e-01 6.018181818181816967e-02 1.818181818181817801e-04 1.818181818181817801e-04 3.201818181818181230e-01 2.199999999999999525e-02 1.999999999999999608e-03 1.818181818181817801e-04 1.818181818181817801e-04 6.563636363636363158e-02
2.551020408163264452e-04 2.551020408163264452e-04 7.933673469387751698e-02 2.551020408163264452e-04 2.551020408163264452e-04 2.551020408163264452e-04 2.551020408163264452e-04 2.551020408163264452e-04 2.551020408163264452e-04 1.301020408163264599e-02 2.551020408163264452e-04 2.551020408163264452e-04 2.551020408163264452e-04 2.551020408163264452e-04 1.045918367346938306e-02 2.551020408163264452e-04 5.357142857142855458e-03 2.551020408163264452e-04 7.553571428571426161e-01 2.551020408163264452e-04 2.551020408163264452e-04 2.551020408163264452e-04 1.556122448979591066e-02 2.551020408163264452e-04 2.551020408163264452e-04 2.831632653061223054e-02 1.556122448979591066e-02 2.551020408163264452e-04 2.806122448979590789e-03 6.913265306122445830e-02
2.331002331002330458e-04 2.331002331002330458e-04 7.016317016317014099e-02 3.519813519813518726e-02 2.587412587412586673e-02 3.195804195804194947e-01 6.550116550116548420e-02 2.331002331002330458e-04 2.820512820512819513e-02 3.752913752913752260e-02 2.331002331002330458e-04 2.331002331002330458e-04 2.331002331002330458e-04 1.421911421911421433e-02 2.564102564102563667e-03 2.331002331002330458e-04 1.888111888111887460e-02 9.114219114219111739e-02 2.331002331002330458e-04 2.331002331002330458e-04 2.331002331002330458e-04 2.331002331002330458e-04 2.331002331002330458e-04 2.331002331002330458e-04 2.331002331002330458e-04 7.948717948717946846e-02 1.027972027972027802e-01 2.121212121212120646e-02 1.888111888111887460e-02 6.550116550116548420e-02
1.066098081023453975e-04 1.066098081023453975e-04 4.275053304904050111e-02 1.066098081023453975e-04 1.289978678038379220e-02 1.066098081023453975e-04 2.142857142857142530e-02 1.066098081023453975e-04 1.066098081023453975e-04 1.066098081023453975e-04 1.066098081023453975e-04 1.066098081023453975e-04 3.304904051172707132e-03 1.609808102345415201e-02 1.172707889125799291e-03 1.066098081023453975e-04 3.635394456289978149e-02 3.315565031982941474e-02 6.355010660980808801e-01 1.066098081023453975e-04 1.066098081023453975e-04 2.036247334754797203e-02 1.066098081023453975e-04 1.066098081023453975e-04 1.066098081023453975e-04 6.513859275053303366e-02 3.742004264392323476e-02 2.249466950959487857e-02 1.066098081023453975e-04 5.021321961620468094e-02
5.329153605015672646e-03 1.044932079414837787e-04 4.503657262277951240e-02 1.044932079414837787e-04 4.462904911180772261e-01 3.239289446185997234e-03 1.044932079414837787e-04 1.044932079414837787e-04 1.044932079414837787e-04 1.264367816091953658e-02 1.044932079414837787e-04 1.044932079414837787e-04 1.577847439916404970e-02 1.044932079414837787e-04 1.044932079414837787e-04 1.044932079414837787e-04 1.264367816091953658e-02 8.463949843260185762e-03 2.194357366771159529e-03 1.149425287356321606e-03 1.044932079414837787e-04 1.044932079414837787e-04 1.044932079414837787e-04 3.458725182863113534e-02 1.264367816091953658e-02 4.503657262277951240e-02 1.599791013584116461e-01 2.936259143155694334e-02 1.044932079414837787e-04 1.641588296760710108e-01
2.046109510086454794e-02 2.881844380403457808e-04 2.881844380403457808e-04 2.881844380403457808e-04 5.391930835734869421e-01 2.881844380403457808e-04 2.881844380403457808e-04 2.881844380403457808e-04 2.881844380403457808e-04 2.881844380403457808e-04 1.757925072046109122e-02 2.881844380403457808e-04 3.170028818443803697e-03 3.170028818443803697e-03 2.881844380403457808e-04 3.170028818443803697e-03 2.881844380403457808e-04 4.927953890489913252e-02 2.881844380403457808e-04 4.063400576368875194e-02 2.881844380403457808e-04 2.881844380403457808e-04 2.881844380403457808e-04 2.334293948126800813e-02 6.051873198847261721e-03 1.213256484149855818e-01 1.040345821325648346e-01 3.170028818443803697e-03 2.881844380403457808e-04 6.080691642651295942e-02
3.496503496503497585e-04 3.496503496503497585e-04 3.496503496503497585e-04 3.496503496503497585e-04 3.185314685314685756e-01 3.496503496503497585e-04 3.496503496503497585e-04 5.279720279720280518e-02 3.496503496503497585e-04 3.496503496503497585e-04 3.846153846153847235e-03 3.496503496503497585e-04 3.496503496503497585e-04 3.496503496503497585e-04 3.496503496503497585e-04 3.496503496503497585e-04 3.496503496503497585e-04 2.832167832167832577e-02 3.496503496503497585e-04 3.496503496503497585e-04 3.496503496503497585e-04 3.496503496503497585e-04 1.433566433566433804e-02 1.783216783216783410e-02 3.496503496503497585e-04 3.496503496503497585e-04 2.276223776223776363e-01 3.496503496503497585e-04 1.332167832167832355e-01 1.961538461538462064e-01
6.289308176100631871e-04 6.289308176100631871e-04 8.238993710691826233e-02 6.289308176100631871e-04 5.289308176100629977e-01 6.289308176100631871e-04 6.289308176100631871e-04 6.289308176100631871e-04 6.289308176100631871e-04 6.289308176100631871e-04 6.289308176100631871e-04 6.289308176100631871e-04 3.207547169811321430e-02 6.289308176100631871e-04 6.289308176100631871e-04 6.918238993710694625e-03 6.289308176100631871e-04 1.320754716981132650e-02 6.289308176100631871e-04 6.289308176100631871e-04 6.289308176100631871e-04 6.289308176100631871e-04 6.289308176100631871e-04 6.289308176100631871e-04 5.094339622641511078e-02 5.723270440251573832e-02 5.094339622641511078e-02 5.094339622641511078e-02 6.289308176100631871e-04 1.138364779874214278e-01
4.276985743380854778e-03 2.036659877800406869e-04 1.325865580448064851e-01 2.384928716904276269e-01 2.036659877800406869e-04 7.148676171079428043e-02 3.890020366598777313e-02 2.260692464358451600e-02 6.313645621181261484e-03 8.778004073319753409e-02 2.036659877800406869e-04 2.036659877800406869e-04 2.036659877800406869e-04 2.036659877800406869e-04 2.036659877800406869e-04 2.036659877800406869e-04 3.482688391038696318e-02 2.036659877800406869e-04 2.036659877800406869e-04 2.036659877800406869e-04 2.036659877800406869e-04 2.871690427698573439e-02 2.036659877800406869e-04 2.036659877800406869e-04 1.325865580448064851e-01 2.036659877800406869e-04 1.488798370672097249e-01 2.240325865580447637e-03 2.036659877800406869e-04 4.704684317718939995e-02
