7.751937984496127176e-05 2.255813953488372894e-02 1.016279069767442172e-01 7.992248062015505639e-02 7.751937984496127176e-05 7.751937984496127176e-05 2.410852713178295373e-02 7.829457364341088285e-03 3.651162790697675548e-02 7.751937984496127176e-05 7.751937984496127176e-05 3.961240310077521198e-02 7.751937984496127176e-05 7.751937984496127176e-05 7.751937984496127176e-05 4.116279069767443677e-02 7.751937984496127176e-05 1.272093023255814470e-01 5.356589147286822811e-02 7.751937984496127176e-05 8.302325581395351983e-02 1.465891472868217638e-01 3.953488372093024589e-03 5.503875968992249373e-03 7.751937984496127176e-05 7.759689922480622615e-02 6.279069767441862633e-03 6.984496124031010222e-02 3.418604651162791830e-02 3.806201550387598026e-02
2.277904328018222802e-04 6.400911161731205612e-02 2.277904328018222802e-04 2.277904328018222802e-04 2.072892938496582668e-02 2.277904328018222802e-04 2.277904328018222802e-04 2.277904328018222802e-04 7.312072892938495383e-02 9.339407744874711481e-03 2.277904328018222802e-04 2.277904328018222802e-04 8.678815489749427958e-02 2.277904328018222802e-04 7.084282460136673287e-02 4.783599088838267829e-03 2.277904328018222802e-04 7.539863325740317479e-02 2.277904328018222802e-04 2.277904328018222802e-04 2.277904328018222802e-04 2.277904328018222802e-04 3.667425968109339074e-02 8.223234624145783767e-02 4.216400911161730103e-01 2.072892938496582668e-02 2.984054669703871746e-02 2.277904328018222802e-04 2.277904328018222802e-04 2.277904328018222802e-04
3.278837420526794361e-02 7.093551316984560151e-02 9.364214350590373270e-02 9.909173478655769474e-02 4.187102633969119747e-02 9.082652134423254244e-05 1.462306993642143935e-02 9.082652134423254244e-05 9.082652134423254244e-05 5.540417801998184615e-03 9.082652134423254244e-05 5.540417801998184615e-03 1.553133514986376404e-02 9.082652134423254244e-05 3.723887375113533495e-03 2.815622161671208802e-03 9.082652134423254244e-05 5.640326975476840643e-02 4.277929155313352216e-02 9.082652134423254244e-05 6.639418710263397805e-02 1.871934604904632593e-01 9.082652134423254244e-05 9.082652134423254244e-05 2.824704813805632014e-02 1.608537693006358016e-01 9.082652134423254244e-05 5.367847411444143235e-02 1.462306993642143935e-02 2.815622161671208802e-03
2.136752136752136479e-04 4.722222222222221405e-02 5.576923076923075845e-02 1.091880341880341609e-01 8.760683760683757315e-03 2.136752136752136479e-04 2.158119658119657391e-02 2.136752136752136479e-04 1.730769230769230171e-02 2.136752136752136479e-04 2.136752136752136479e-04 2.136752136752136479e-04 7.713675213675212639e-02 6.623931623931622083e-03 2.136752136752136479e-04 3.012820512820512178e-02 2.136752136752136479e-04 3.653846153846153355e-02 1.303418803418802951e-02 2.136752136752136479e-04 5.790598290598289455e-02 2.673076923076922462e-01 3.440170940170939745e-02 2.136752136752136479e-04 2.136752136752136479e-04 1.177350427350427053e-01 1.517094017094016735e-02 8.141025641025639858e-02 2.136752136752136479e-04 2.136752136752136479e-04
2.016129032258064243e-04 8.266129032258061338e-03 2.016129032258064243e-04 2.016129032258064243e-04 2.016129032258064243e-04 2.016129032258064243e-04 1.834677419354838190e-02 2.439516129032257355e-02 1.010080645161290092e-01 1.834677419354838190e-02 9.495967741935482098e-02 4.455645161290321815e-02 1.897177419354838246e-01 2.016129032258064243e-04 5.060483870967741327e-02 2.016129032258064243e-04 1.028225806451612580e-02 2.217741935483870559e-03 2.016129032258064243e-04 1.151209677419354621e-01 2.016129032258064243e-04 2.016129032258064243e-04 7.883064516129030530e-02 1.229838709677419026e-02 1.917338709677418873e-01 3.044354838709676520e-02 6.249999999999998612e-03 2.016129032258064243e-04 2.016129032258064243e-04 2.016129032258064243e-04
2.331002331002330458e-04 2.331002331002330458e-04 2.331002331002330458e-04 2.331002331002330458e-04 2.331002331002330458e-04 2.331002331002330458e-04 2.986013986013985044e-01 2.331002331002330458e-04 3.053613053613052700e-02 4.219114219114218634e-02 2.331002331002330458e-04 2.331002331002330458e-04 1.655011655011654620e-02 9.114219114219111739e-02 4.895104895104893800e-03 2.006993006993006423e-01 2.331002331002330458e-04 6.783216783216781953e-02 7.482517482517481167e-02 2.331002331002330458e-04 7.226107226107224800e-03 1.888111888111887460e-02 2.354312354312353486e-02 2.331002331002330458e-04 2.331002331002330458e-04 5.850815850815849900e-02 2.331002331002330458e-04 2.331002331002330458e-04 2.331002331002330458e-04 6.083916083916082740e-02
3.378378378378377482e-04 2.736486486486485251e-02 3.378378378378377482e-04 4.087837837837836330e-02 3.378378378378377482e-04 3.074324324324323107e-02 3.716216216216215121e-03 1.185810810810810356e-01 3.716216216216215121e-03 3.145270270270268953e-01 3.378378378378377482e-04 3.378378378378377482e-04 1.354729729729729215e-01 1.385135135135134518e-02 3.378378378378377482e-04 3.378378378378377482e-04 8.479729729729726384e-02 3.378378378378377482e-04 3.378378378378377482e-04 1.253378378378378066e-01 3.716216216216215121e-03 3.378378378378377482e-04 3.378378378378377482e-04 3.378378378378377482e-04 7.094594594594592386e-03 7.804054054054052059e-02 3.716216216216215121e-03 3.378378378378377482e-04 3.716216216216215121e-03 3.378378378378377482e-04
1.733102253032928739e-04 4.350086655112651163e-02 1.733102253032928739e-04 4.003466204506065523e-02 7.105719237435006476e-03 1.733102253032928739e-04 1.403812824956672187e-02 1.733102253032928739e-04 1.733102253032928739e-04 3.639514731369150081e-03 1.906412478336221667e-03 1.733102253032928739e-04 2.081455805892547251e-01 1.906412478336221667e-03 1.733102253032928739e-04 1.665511265164644206e-01 1.733102253032928739e-04 1.733102253032928739e-04 1.733102253032928739e-04 8.509532062391679530e-02 9.029462738301557989e-02 9.029462738301557989e-02 1.024263431542460773e-01 1.906412478336221667e-03 1.733102253032928739e-04 8.509532062391679530e-02 1.906412478336221667e-03 5.389948006932408081e-02 1.733102253032928739e-04 1.733102253032928739e-04
2.942898975109809259e-02 1.099560761346998206e-01 1.464128843338213478e-04 1.625183016105416836e-02 5.724743777452415139e-02 1.464128843338213478e-04 1.464128843338213478e-04 1.464128843338213478e-04 6.002928257686675206e-03 3.674963396778915814e-02 1.610541727672035097e-03 3.074670571010248467e-03 4.846266471449486857e-02 1.464128843338213478e-04 1.464128843338213478e-04 1.464128843338213478e-04 2.503660322108345465e-02 1.464128843338213478e-04 2.210834553440702357e-02 9.531478770131769640e-02 1.478770131771595629e-02 1.377745241581258828e-01 2.944363103953147043e-01 1.464128843338213478e-04 1.464128843338213478e-04 1.610541727672035097e-03 3.967789165446558575e-02 1.464128843338213478e-04 3.967789165446558575e-02 1.918008784773059597e-02
2.785515320334260871e-04 2.785515320334260871e-04 2.785515320334260871e-04 2.785515320334260871e-04 6.155988857938716335e-02 2.785515320334260871e-04 2.785515320334260871e-04 2.785515320334260871e-04 2.785515320334260871e-04 5.849582172701947233e-03 6.855153203342615464e-01 3.064066852367686687e-03 4.484679665738159487e-02 2.785515320334260871e-04 2.785515320334260871e-04 3.064066852367686687e-03 8.662952646239550913e-02 2.785515320334260871e-04 3.649025069637881064e-02 2.785515320334260871e-04 8.635097493036208646e-03 3.064066852367686687e-03 3.064066852367686687e-03 2.785515320334260871e-04 5.849582172701947233e-03 4.763231197771585629e-02 2.785515320334260871e-04 2.785515320334260871e-04 2.785515320334260871e-04 2.785515320334260871e-04
1.607717041800642852e-04 1.223472668810289127e-01 4.035369774919613656e-02 1.689710610932475543e-01 3.376205787781349880e-03 1.607717041800642852e-04 1.607717041800642852e-04 1.607717041800642852e-04 5.160771704180063674e-02 1.607717041800642852e-04 1.607717041800642852e-04 1.607717041800642852e-04 1.014469453376205671e-01 1.607717041800642852e-04 7.090032154340834836e-02 1.302250803858520656e-02 1.607717041800642852e-04 1.607717041800642852e-04 1.607717041800642852e-04 1.607717041800642852e-04 1.768488745980707245e-03 9.180064308681670782e-02 1.607717041800642852e-04 1.255627009646301806e-01 1.607717041800642852e-04 1.400321543408359903e-01 1.768488745980707245e-03 6.446945337620578476e-02 1.607717041800642852e-04 1.607717041800642852e-04
1.202938475665748380e-02 5.059687786960514327e-02 1.010101010101010100e-03 9.182736455463729169e-05 1.662075298438935034e-02 1.928374655647383017e-03 2.314967860422405821e-01 1.928374655647383017e-03 9.182736455463729169e-05 2.672176308539945047e-02 9.182736455463729169e-05 9.182736455463729169e-05 8.181818181818181768e-02 9.182736455463729169e-05 9.182736455463729169e-05 2.039485766758493968e-01 9.182736455463729169e-05 7.447199265381082567e-02 1.202938475665748380e-02 1.111111111111111154e-02 2.846648301193755934e-03 6.069788797061523994e-02 3.131313131313131354e-02 9.182736455463729169e-05 1.928374655647383017e-03 8.732782369146005474e-02 1.010101010101010100e-03 1.386593204775023007e-02 3.774104683195592114e-02 3.682277318640955061e-02
5.281090289608176419e-03 1.873935264054514332e-03 2.061328790459965310e-02 1.703577512776830989e-04 7.512776831345825690e-02 2.913117546848381298e-02 1.039182282793866922e-02 1.703577512776830989e-04 1.703577512776830989e-04 3.083475298126064218e-02 2.572402044293014764e-02 1.703577512776830989e-04 7.172061328790459156e-02 1.873935264054514332e-03 8.688245315161838289e-03 2.182282793867120485e-01 1.703577512776830989e-04 1.703577512776830989e-04 1.703577512776830989e-04 2.913117546848381298e-02 1.703577512776830989e-04 3.051107325383304314e-01 1.703577512776830989e-04 1.703577512776830989e-04 3.577512776831345484e-03 7.512776831345825690e-02 3.577512776831345484e-03 7.853492333901190836e-02 3.577512776831345484e-03 1.703577512776830989e-04
3.048780487804876962e-04 3.353658536585364929e-03 1.249999999999999375e-02 3.048780487804876962e-04 7.652439024390242372e-02 3.048780487804876962e-04 3.356707317073169272e-01 3.048780487804876962e-04 3.353658536585364929e-03 3.048780487804876962e-04 1.249999999999999375e-02 4.603658536585364391e-02 4.908536585365852467e-02 3.048780487804876962e-04 3.048780487804876962e-04 9.176829268292679975e-02 3.048780487804876962e-04 3.048780487804876962e-04 2.469512195121950290e-02 3.079268292682925748e-02 1.253048780487804603e-01 3.353658536585364929e-03 3.048780487804876962e-04 6.402439024390241783e-03 3.048780487804876962e-04 6.432926829268291458e-02 3.048780487804876962e-04 4.298780487804876316e-02 3.048780487804876962e-04 6.737804878048778146e-02
4.237288135593221842e-04 1.614406779661017310e-01 4.237288135593221842e-04 5.555084745762712828e-01 3.008474576271186890e-02 4.237288135593221842e-04 4.237288135593221842e-04 4.237288135593221842e-04 4.237288135593221842e-04 4.237288135593221842e-04 4.237288135593221842e-04 4.237288135593221842e-04 4.237288135593221842e-04 4.237288135593221842e-04 4.237288135593221842e-04 4.237288135593221842e-04 4.237288135593221842e-04 4.237288135593221842e-04 4.237288135593221842e-04 4.237288135593221842e-04 4.237288135593221842e-04 4.237288135593221842e-04 5.974576271186442245e-02 4.237288135593221842e-04 4.237288135593221842e-04 4.237288135593221842e-04 5.974576271186442245e-02 2.584745762711864944e-02 8.940677966101698293e-02 8.898305084745764676e-03
2.212389380530973150e-04 2.212389380530973150e-04 2.212389380530973150e-04 2.212389380530973150e-04 9.092920353982299198e-02 2.212389380530973150e-04 2.433628318584070329e-03 2.212389380530973150e-04 1.329646017699114835e-01 4.446902654867256055e-02 1.949115044247786976e-01 2.212389380530973150e-04 2.679203539823007962e-01 2.212389380530973150e-04 2.212389380530973150e-04 2.212389380530973150e-04 2.212389380530973150e-04 2.212389380530973150e-04 2.433628318584070329e-03 1.196902654867256360e-01 1.130530973451327192e-01 2.212389380530973150e-04 2.212389380530973150e-04 2.212389380530973150e-04 2.212389380530973150e-04 2.212389380530973150e-04 2.212389380530973150e-04 2.676991150442476972e-02 2.212389380530973150e-04 2.212389380530973150e-04
1.771336553945249137e-03 1.143317230273751574e-02 9.516908212560383495e-02 1.610305958132044596e-04 2.256038647342994141e-01 1.610305958132044596e-04 8.228663446054747255e-02 3.381642512077293571e-03 1.610305958132044596e-04 3.880837359098227718e-02 9.516908212560383495e-02 1.610305958132044596e-04 1.610305958132044596e-04 2.753623188405796354e-02 1.610305958132044596e-04 2.914653784219000884e-02 1.465378421900160461e-02 1.610305958132044596e-04 1.080515297906601835e-01 1.096618357487922218e-01 6.135265700483089751e-02 1.610305958132044596e-04 6.602254428341381570e-03 1.610305958132044596e-04 1.610305958132044596e-04 1.771336553945249137e-03 3.236714975845409598e-02 1.771336553945249137e-03 1.771336553945249137e-03 5.008051529790658735e-02
9.312714776632299851e-02 7.594501718213056418e-02 3.436426116838486606e-04 3.436426116838486606e-04 2.783505154639174042e-02 3.436426116838486606e-04 1.584192439862542323e-01 4.845360824742266093e-02 3.436426116838486606e-04 7.938144329896903995e-02 3.436426116838486606e-04 3.436426116838486606e-04 3.436426116838486606e-04 3.780068728522335483e-03 3.436426116838486606e-04 3.436426116838486606e-04 3.780068728522335483e-03 2.649484536082473141e-01 3.436426116838486606e-04 3.436426116838486606e-04 3.436426116838486606e-04 1.065292096219930956e-02 4.501718213058417128e-02 1.065292096219930956e-02 7.594501718213056418e-02 3.780068728522335483e-03 4.158075601374568858e-02 3.436426116838486606e-04 3.436426116838486606e-04 5.189003436426114363e-02
1.703577512776830989e-04 5.281090289608176419e-03 1.313458262350936656e-01 1.720613287904599123e-02 2.080068143100510525e-01 1.703577512776830989e-04 5.809199318568993714e-02 1.873935264054514332e-03 1.703577512776830989e-04 3.764906303236796592e-02 6.490630323679726088e-02 1.703577512776830989e-04 1.703577512776830989e-04 1.703577512776830989e-04 1.703577512776830989e-04 3.253833049403747485e-02 1.703577512776830989e-04 1.873935264054514332e-03 6.149914821124360248e-02 1.245315161839863349e-01 1.586030664395229606e-01 3.577512776831345484e-03 2.913117546848381298e-02 1.703577512776830989e-04 1.873935264054514332e-03 1.703577512776830989e-04 1.703577512776830989e-04 1.890971039182282390e-02 1.890971039182282390e-02 2.231686541737648577e-02
3.745318352059924701e-04 4.198501872659174960e-01 3.745318352059924701e-04 4.011235955056178804e-01 3.033707865168538617e-02 3.745318352059924701e-04 3.745318352059924701e-04 1.161048689138576527e-02 3.745318352059924701e-04 3.745318352059924701e-04 3.745318352059924701e-04 3.745318352059924701e-04 3.745318352059924701e-04 3.745318352059924701e-04 6.029962546816478725e-02 3.745318352059924701e-04 3.745318352059924701e-04 7.865168539325841437e-03 3.745318352059924701e-04 3.745318352059924701e-04 3.745318352059924701e-04 3.745318352059924701e-04 4.119850187265916737e-03 3.745318352059924701e-04 7.865168539325841437e-03 4.906367041198500534e-02 3.745318352059924701e-04 3.745318352059924701e-04 3.745318352059924701e-04 3.745318352059924701e-04
3.676470588235293525e-04 1.106617647058823345e-01 4.044117647058823040e-03 4.636029411764704955e-01 7.720588235294116239e-03 7.720588235294116239e-03 3.345588235294116863e-02 3.676470588235293525e-04 3.676470588235293525e-04 2.610294117647058224e-02 1.507352941176470090e-02 3.676470588235293525e-04 3.676470588235293525e-04 4.044117647058823040e-03 3.676470588235293525e-04 3.676470588235293525e-04 3.676470588235293525e-04 3.676470588235293525e-04 3.676470588235293525e-04 3.676470588235293525e-04 3.713235294117646357e-02 1.180147058823529244e-01 2.242647058823528730e-02 4.044117647058823040e-03 3.676470588235293525e-04 9.227941176470587370e-02 3.676470588235293525e-04 3.713235294117646357e-02 1.139705882352940944e-02 3.676470588235293525e-04
1.808318264014466270e-04 1.808318264014466270e-04 1.808318264014466270e-04 9.222423146473776243e-03 4.719710669077756965e-02 1.808318264014466270e-04 1.808318264014466270e-04 1.808318264014466270e-04 1.808318264014466270e-04 9.222423146473776243e-03 1.808318264014466270e-04 1.989150090415912897e-03 6.889692585895115795e-02 1.808318264014466270e-04 4.177215189873417084e-02 2.822784810126581778e-01 1.808318264014466270e-04 5.804701627486436727e-02 7.251356238698009049e-02 4.719710669077756965e-02 3.815551537070523830e-02 2.189873417721518445e-01 3.797468354430379167e-03 1.808318264014466270e-04 2.188065099457503840e-02 3.453887884267630576e-02 9.222423146473776243e-03 1.808318264014466270e-04 1.103074141048824251e-02 2.188065099457503840e-02
2.564102564102563016e-04 1.564102564102563125e-02 2.564102564102563016e-04 2.564102564102563016e-04 1.820512820512819319e-02 2.564102564102563016e-04 2.564102564102563016e-04 2.564102564102563016e-04 2.564102564102563016e-04 2.564102564102563016e-04 6.823076923076919487e-01 1.564102564102563125e-02 4.128205128205126445e-02 2.564102564102563016e-04 3.615384615384613365e-02 2.564102564102563016e-04 7.717948717948713844e-02 2.564102564102563016e-04 2.846153846153844438e-02 2.820512820512818992e-03 3.871794871794869558e-02 2.564102564102563016e-04 2.564102564102563016e-04 2.564102564102563016e-04 2.564102564102563016e-04 3.871794871794869558e-02 2.564102564102563016e-04 2.564102564102563016e-04 2.564102564102563016e-04 2.564102564102563016e-04
2.352941176470587758e-04 4.941176470588234428e-03 6.847058823529410254e-02 1.555294117647058327e-01 3.788235294117646423e-02 2.352941176470587758e-04 2.352941176470587758e-04 2.352941176470587758e-04 2.352941176470587758e-04 2.352941176470587758e-04 4.258823529411764203e-02 2.588235294117646398e-03 6.141176470588233932e-02 2.352941176470587758e-04 1.602352941176470036e-01 2.352941176470587758e-04 2.352941176470587758e-04 1.343529411764705639e-01 2.352941176470587758e-04 2.352941176470587758e-04 8.964705882352938526e-02 1.978823529411763982e-01 2.352941176470587758e-04 2.352941176470587758e-04 1.435294117647058394e-02 2.611764705882352322e-02 2.352941176470587758e-04 2.352941176470587758e-04 2.352941176470587758e-04 2.352941176470587758e-04
1.066098081023453975e-04 1.066098081023453975e-04 2.036247334754797203e-02 1.066098081023453975e-04 5.127931769722813421e-02 1.172707889125799291e-03 1.823027718550106202e-02 1.066098081023453975e-04 1.066098081023453975e-04 1.066098081023453975e-04 6.141791044776118147e-01 1.066098081023453975e-04 5.554371002132194729e-02 1.066098081023453975e-04 5.021321961620468094e-02 1.066098081023453975e-04 5.874200426439231404e-02 1.172707889125799291e-03 8.635394456289975651e-03 1.823027718550106202e-02 2.782515991471214839e-02 3.304904051172707132e-03 1.172707889125799291e-03 2.356076759061833184e-02 3.315565031982941474e-02 1.066098081023453975e-04 1.172707889125799291e-03 1.066098081023453975e-04 1.066098081023453975e-04 1.076759061833688393e-02
2.881844380403457266e-04 3.198847262247837137e-02 2.881844380403457266e-04 2.881844380403457266e-04 2.881844380403457266e-04 1.181556195965417430e-02 2.881844380403457266e-04 2.881844380403457266e-04 1.181556195965417430e-02 2.881844380403457266e-04 2.881844380403457266e-04 2.881844380403457266e-04 5.216138328530257884e-02 2.881844380403457266e-04 2.221902017291065290e-01 2.881844380403457266e-04 2.020172910662823285e-01 2.881844380403457266e-04 2.881844380403457266e-04 2.881844380403457266e-04 3.170028818443803263e-03 2.881844380403457266e-04 2.881844380403457266e-04 2.046109510086454447e-02 3.720461095100863202e-01 2.881844380403457266e-04 2.881844380403457266e-04 2.881844380403457266e-04 2.881844380403457266e-04 6.657060518731987286e-02
1.042752867570385792e-04 4.285714285714285060e-02 1.042752867570385792e-04 1.042752867570385792e-04 1.042752867570385792e-04 1.042752867570385792e-04 1.042752867570385792e-04 3.764337851929092787e-02 2.513034410844629599e-02 1.157455683003128129e-02 1.042752867570385792e-04 2.189781021897809973e-03 1.283628779979144596e-01 1.042752867570385792e-04 1.367049009384775637e-01 2.189781021897809973e-03 6.371220020855056232e-02 1.042752867570385792e-04 1.042752867570385792e-04 2.095933263816475434e-02 2.721584984358706855e-02 1.991657977059436979e-02 1.042752867570385792e-04 1.042752867570385792e-04 3.796663190823774681e-01 7.726798748696557528e-02 1.053180396246089501e-02 1.261730969760166583e-02 1.042752867570385792e-04 1.042752867570385792e-04
3.496503496503495416e-04 7.377622377622375383e-02 3.496503496503495416e-04 3.496503496503495416e-04 3.496503496503495416e-04 3.496503496503495416e-04 3.846153846153845066e-03 1.192307692307691819e-01 3.496503496503495416e-04 7.342657342657339832e-03 3.496503496503495416e-04 3.846153846153845066e-03 7.377622377622375383e-02 4.230769230769228922e-02 2.132867132867131976e-02 3.496503496503495416e-04 2.031468531468530736e-01 1.083916083916083503e-02 3.496503496503495416e-04 3.496503496503495416e-04 3.496503496503495416e-04 3.496503496503495416e-04 3.496503496503495416e-04 3.496503496503495416e-04 2.975524475524474188e-01 8.776223776223773809e-02 2.482517482517481236e-02 3.496503496503495416e-04 3.496503496503495416e-04 2.482517482517481236e-02
6.289308176100630787e-04 6.289308176100630787e-04 6.289308176100630787e-04 6.289308176100630787e-04 6.289308176100630787e-04 3.207547169811321430e-02 6.289308176100630787e-04 6.289308176100630787e-04 5.094339622641510384e-02 6.289308176100630787e-04 6.289308176100630787e-04 6.289308176100630787e-04 1.767295597484277170e-01 6.289308176100630787e-04 1.704402515723270894e-01 6.352201257861636585e-02 4.465408805031446937e-02 6.289308176100630787e-04 1.320754716981132303e-02 6.289308176100630787e-04 6.289308176100630787e-04 6.289308176100630787e-04 6.289308176100630787e-04 6.289308176100630787e-04 4.157232704402515910e-01 6.289308176100630787e-04 1.949685534591195230e-02 6.289308176100630787e-04 6.289308176100630787e-04 6.289308176100630787e-04
2.036659877800406598e-04 1.242362525458247900e-02 3.075356415478613589e-02 6.945010183299385464e-02 6.741344195519345661e-02 2.036659877800406598e-04 2.240325865580447204e-03 2.668024439918532248e-02 2.036659877800406598e-04 2.057026476578410409e-02 2.240325865580447204e-03 2.036659877800406598e-04 7.963340122199588644e-02 2.036659877800406598e-04 3.279022403258654433e-02 7.759674134419548841e-02 2.036659877800406598e-04 2.036659877800406598e-04 2.036659877800406598e-04 6.313645621181259750e-03 5.315682281059060793e-02 3.484725050916495093e-01 2.036659877800406598e-04 2.036659877800406598e-04 2.036659877800406598e-04 8.167006109979629835e-02 4.276985743380853910e-03 8.167006109979629835e-02 2.036659877800406598e-04 2.036659877800406598e-04
3.215434083601285162e-04 1.803858520900321061e-01 3.215434083601285162e-04 3.215434083601285162e-04 3.215434083601285162e-04 2.189710610932474877e-01 3.215434083601285162e-04 9.967845659163983296e-03 3.215434083601285162e-04 1.639871382636655384e-02 3.215434083601285162e-04 4.533762057877811780e-02 1.096463022508038232e-01 3.215434083601285162e-04 1.064308681672025414e-01 3.215434083601285162e-04 5.819935691318326582e-02 1.318327974276526683e-02 1.961414790996783564e-02 3.215434083601285162e-04 3.215434083601285162e-04 6.752411575562698894e-03 3.536977491961413624e-03 2.604501607717040618e-02 9.356913183279740032e-02 3.569131832797426546e-02 5.176848874598069528e-02 3.215434083601285162e-04 3.215434083601285162e-04 3.215434083601285162e-04
1.503759398496240529e-04 5.729323308270675708e-02 1.503759398496240529e-04 1.503759398496240529e-04 1.503759398496240529e-04 5.278195488721804107e-02 1.503759398496240529e-04 1.174436090225563639e-01 1.819548872180450777e-02 1.264661654135338098e-01 1.654135338345864500e-03 1.218045112781954674e-02 2.872180451127819348e-02 1.819548872180450777e-02 1.503759398496240529e-04 1.503759398496240529e-04 6.165413533834584840e-03 1.503759398496240529e-04 1.503759398496240529e-04 7.233082706766916226e-02 1.503759398496240529e-04 5.278195488721804107e-02 3.022556390977443330e-02 1.595488721804510790e-01 1.503759398496240529e-04 1.339849624060150124e-01 1.503759398496240529e-04 4.676691729323307484e-02 1.067669172932330518e-02 5.278195488721804107e-02
3.124999999999999523e-04 6.281249999999999334e-02 1.281249999999999577e-02 5.343749999999999195e-02 2.878124999999999156e-01 3.124999999999999523e-04 3.124999999999999523e-04 3.437499999999999584e-03 3.124999999999999523e-04 5.031249999999999611e-02 3.437499999999999584e-03 6.562499999999998890e-03 2.531249999999999473e-02 2.531249999999999473e-02 3.124999999999999523e-04 2.843749999999999403e-02 2.843749999999999403e-02 3.124999999999999523e-04 3.124999999999999523e-04 9.687499999999998196e-03 3.124999999999999523e-04 9.406249999999999334e-02 3.437499999999999584e-03 3.124999999999999523e-04 3.124999999999999523e-04 2.690624999999999267e-01 3.124999999999999523e-04 3.124999999999999523e-04 3.124999999999999523e-04 3.156249999999999334e-02
2.197802197802197258e-04 1.560439560439559961e-02 2.197802197802197258e-04 2.417582417582417147e-03 2.879120879120878468e-02 6.813186813186811880e-03 2.417582417582417147e-03 2.197802197802197258e-04 2.197802197802197258e-04 2.197802197802197258e-04 2.197802197802197258e-04 2.197802197802197258e-04 1.210989010989010767e-01 2.197802197802197258e-04 2.197802197802197258e-04 1.386813186813186383e-01 2.197802197802197258e-04 2.197802197802197258e-04 2.197802197802197258e-04 2.197802197802197258e-04 5.296703296703295788e-02 2.683516483516482642e-01 1.780219780219779654e-02 2.197802197802197258e-04 9.010989010989008813e-03 6.835164835164833641e-02 1.780219780219779654e-02 2.463736263736263088e-01 2.197802197802197258e-04 2.197802197802197258e-04
8.536585365853660914e-03 4.065040650406505146e-04 4.065040650406505146e-04 4.065040650406505146e-04 1.666666666666666990e-02 1.260162601626016628e-02 2.646341463414634276e-01 4.065040650406505146e-04 4.065040650406505146e-04 2.073170731707317527e-02 4.065040650406505146e-04 4.065040650406505146e-04 1.589430894308943576e-01 1.264227642276423147e-01 6.951219512195123962e-02 4.065040650406505146e-04 3.292682926829269136e-02 8.577235772357726107e-02 4.471544715447155552e-03 4.471544715447155552e-03 4.065040650406505146e-04 4.065040650406505146e-04 6.951219512195123962e-02 4.918699186991870587e-02 2.073170731707317527e-02 2.073170731707317527e-02 1.260162601626016628e-02 1.666666666666666990e-02 4.065040650406505146e-04 4.065040650406505146e-04
3.891050583657588362e-04 2.373540856031128646e-02 3.891050583657588362e-04 3.891050583657588362e-04 2.961089494163424707e-01 3.891050583657588362e-04 3.891050583657588362e-04 3.891050583657588362e-04 3.891050583657588362e-04 3.151750972762646513e-02 3.891050583657588362e-04 3.891050583657588362e-04 3.891050583657588362e-04 3.891050583657588362e-04 5.097276264591441008e-02 2.762645914396887753e-02 3.891050583657588362e-04 4.280155642023347577e-03 3.891050583657588362e-04 2.373540856031128646e-02 3.891050583657588362e-04 4.280155642023347577e-03 3.891050583657588362e-04 1.404669260700389388e-01 8.171206225680936047e-03 3.311284046692607452e-01 3.891050583657588362e-04 4.319066147859922794e-02 3.891050583657588362e-04 8.171206225680936047e-03
2.173913043478259866e-04 7.195652173913040517e-02 2.173913043478259866e-04 7.413043478260866737e-02 1.760869565217390229e-02 2.173913043478259866e-04 2.173913043478259866e-04 2.173913043478259866e-04 5.021739130434780402e-02 2.173913043478259866e-04 2.173913043478259866e-04 3.065217391304346159e-02 1.154347826086955936e-01 2.173913043478259866e-04 1.241304347826086424e-01 2.173913043478259866e-04 2.391304347826085988e-03 2.173913043478259866e-04 2.391304347826085988e-03 8.913043478260863905e-03 1.958695652173911839e-01 6.739130434782605178e-03 2.173913043478259866e-04 2.415217391304346484e-01 2.173913043478259866e-04 5.456521739130432147e-02 2.173913043478259866e-04 2.173913043478259866e-04 2.173913043478259866e-04 2.173913043478259866e-04
7.092198581560285250e-04 6.453900709219859144e-02 7.092198581560285250e-04 7.092198581560285250e-04 8.581560283687944546e-02 7.801418439716314643e-03 7.092198581560285250e-04 7.092198581560285250e-04 7.801418439716314643e-03 7.092198581560285250e-04 7.092198581560285250e-04 1.489361702127659989e-02 1.780141843971631554e-01 7.092198581560285250e-04 1.496453900709220353e-01 7.092198581560285250e-04 7.092198581560285250e-04 2.198581560283688341e-02 7.092198581560285250e-04 7.092198581560285250e-04 1.709219858156028893e-01 7.801418439716314643e-03 7.801418439716314643e-03 7.163120567375887149e-02 1.992907801418440095e-01 7.092198581560285250e-04 7.092198581560285250e-04 7.092198581560285250e-04 7.092198581560285250e-04 7.092198581560285250e-04
2.849002849002848278e-04 1.142450142450142092e-01 2.849002849002848278e-04 5.472934472934470884e-01 2.849002849002848278e-04 2.849002849002848278e-04 3.133903133903133322e-03 2.849002849002848278e-04 2.849002849002848278e-04 5.982905982905981600e-03 2.849002849002848278e-04 2.849002849002848278e-04 1.170940170940170666e-01 2.849002849002848278e-04 2.849002849002848278e-04 2.849002849002848278e-04 8.290598290598288900e-02 3.133903133903133322e-03 2.849002849002848278e-04 2.849002849002848278e-04 2.849002849002848278e-04 3.447293447293445917e-02 2.849002849002848278e-04 2.022792022792022082e-02 2.849002849002848278e-04 6.581196581196580020e-02 2.849002849002848278e-04 2.849002849002848278e-04 2.849002849002848278e-04 2.849002849002848278e-04
6.907894736842104186e-03 1.615131578947368030e-01 3.289473684210525700e-04 1.911184210526315486e-01 1.878289473684210120e-01 3.618421052631578486e-03 3.289473684210525700e-04 3.289473684210525700e-04 3.289473684210525700e-04 5.296052631578947179e-02 3.289473684210525700e-04 1.348684210526315472e-02 3.289473684210525700e-04 3.289473684210525700e-04 3.289473684210525700e-04 2.993421052631578191e-02 3.618421052631578486e-03 3.289473684210525700e-04 3.289473684210525700e-04 1.348684210526315472e-02 3.289473684210525700e-04 2.335526315789472965e-02 3.289473684210525700e-04 3.289473684210525700e-04 3.289473684210525700e-04 2.733552631578946568e-01 3.289473684210525700e-04 3.322368421052630805e-02 3.289473684210525700e-04 3.289473684210525700e-04
2.188183807439824486e-04 2.188183807439824486e-04 5.492341356673959701e-02 4.595185995623631177e-03 6.783369803063456042e-03 2.188183807439824486e-04 2.188183807439824486e-04 2.188183807439824486e-04 2.188183807439824486e-04 2.188183807439824486e-04 2.188183807439824486e-04 2.188183807439824486e-04 1.115973741794310317e-02 2.210065645514222576e-02 2.407002188183807179e-03 4.595185995623631177e-03 3.960612691466082469e-02 1.096280087527352065e-01 3.743982494529539684e-01 4.595185995623631177e-03 1.490153172866520159e-01 2.188183807439824486e-04 2.407002188183807179e-03 2.188183807439824486e-04 2.407002188183807179e-03 2.188183807439824486e-04 2.188183807439824486e-04 2.188183807439824486e-04 2.188183807439824486e-04 2.080962800875272856e-01
4.807692307692309043e-04 1.009615384615385018e-02 4.807692307692309043e-04 1.831730769230769662e-01 2.451923076923077580e-02 4.807692307692309043e-04 2.932692307692308376e-02 6.298076923076924294e-02 4.807692307692309043e-04 4.375000000000001110e-02 5.288461538461540490e-03 4.807692307692309043e-04 4.807692307692309043e-04 4.807692307692309043e-04 2.841346153846154854e-01 1.009615384615385018e-02 2.932692307692308376e-02 1.110576923076923433e-01 3.413461538461539518e-02 4.807692307692309043e-04 2.451923076923077580e-02 4.807692307692309043e-04 4.807692307692309043e-04 4.807692307692309043e-04 4.807692307692309043e-04 4.807692307692309043e-04 1.206730769230769662e-01 4.807692307692309043e-04 5.288461538461540490e-03 1.490384615384615814e-02
6.678321678321678945e-02 2.940559440559440407e-01 3.496503496503496500e-04 3.496503496503496500e-04 3.496503496503496500e-04 3.496503496503496500e-04 3.496503496503496500e-04 3.531468531468531097e-02 3.496503496503496500e-04 3.496503496503496500e-04 3.496503496503496500e-04 4.230769230769230310e-02 3.496503496503496500e-04 3.846153846153846367e-03 7.342657342657343301e-03 3.496503496503496500e-04 3.496503496503496500e-04 3.496503496503496500e-04 3.496503496503496500e-04 4.580419580419580611e-02 3.496503496503496500e-04 3.496503496503496500e-04 3.185314685314685201e-01 3.496503496503496500e-04 3.496503496503496500e-04 4.230769230769230310e-02 3.496503496503496500e-04 3.496503496503496500e-04 1.297202797202797186e-01 7.342657342657343301e-03
2.178649237472766553e-04 6.339869281045749927e-02 2.178649237472766553e-04 3.943355119825707467e-02 2.178649237472766553e-04 6.753812636165575610e-03 6.753812636165575610e-03 4.379084967320260452e-02 2.178649237472766553e-04 4.379084967320260452e-02 2.178649237472766553e-04 2.178649237472766553e-04 3.725490196078430627e-02 2.178649237472766553e-04 2.178649237472766553e-04 2.178649237472766553e-04 7.864923747276686417e-02 2.396514161220043154e-03 2.178649237472766553e-04 2.178649237472766553e-04 2.178649237472766553e-04 2.178649237472766553e-04 2.178649237472766553e-04 1.178649237472766675e-01 3.945533769063179763e-01 2.418300653594770630e-02 1.352941176470587870e-01 2.396514161220043154e-03 2.178649237472766553e-04 2.178649237472766553e-04
2.714285714285713871e-02 1.587301587301587029e-04 1.587301587301587029e-04 1.587301587301587029e-04 9.222222222222220545e-02 1.587301587301587029e-04 1.587301587301587029e-04 1.587301587301587029e-04 1.587301587301587029e-04 3.190476190476190105e-02 1.587301587301587029e-04 1.587301587301587029e-04 9.682539682539679712e-03 1.587301587301587029e-04 1.587301587301587029e-04 2.366666666666666086e-01 1.587301587301587029e-04 2.714285714285713871e-02 1.587301587301587029e-04 1.587301587301587029e-04 4.777777777777777318e-02 3.160317460317459415e-01 4.920634920634919980e-03 1.746031746031745813e-03 1.285714285714285345e-02 9.857142857142855985e-02 1.126984126984126658e-02 7.317460317460316999e-02 6.507936507936505979e-03 1.587301587301587029e-04
7.202970297029701041e-02 1.858910891089108341e-01 2.475247524752474735e-04 3.344059405940593144e-01 5.198019801980196565e-03 2.475247524752474735e-04 2.475247524752474735e-04 2.475247524752474735e-04 2.475247524752474735e-04 2.475247524752474735e-04 5.198019801980196565e-03 2.475247524752474735e-04 9.925742574257423456e-02 2.475247524752474735e-04 2.475247524752474735e-04 2.475247524752474735e-04 2.475247524752474735e-04 2.475247524752474735e-04 2.475247524752474735e-04 2.475247524752474735e-04 1.042079207920791756e-01 1.289603960396039362e-01 2.475247524752474735e-04 2.475247524752474735e-04 2.475247524752474735e-04 5.222772277227721860e-02 2.475247524752474735e-04 7.673267326732671409e-03 2.475247524752474735e-04 2.475247524752474735e-04
4.504504504504504574e-04 2.747747747747747438e-02 4.504504504504504574e-04 1.130630630630630740e-01 1.130630630630630740e-01 4.504504504504504574e-04 1.396396396396396358e-02 1.941441441441441595e-01 4.504504504504504574e-04 4.504504504504504574e-04 4.504504504504504574e-04 4.504504504504504574e-04 1.716216216216216173e-01 8.153153153153153143e-02 5.450450450450450290e-02 4.504504504504504574e-04 4.504504504504504574e-04 5.450450450450450290e-02 4.504504504504504574e-04 4.504504504504504574e-04 4.504504504504504574e-04 4.504504504504504574e-04 4.504504504504504574e-04 4.504504504504504574e-04 1.671171171171171310e-01 4.504504504504504574e-04 4.504504504504504574e-04 4.504504504504504574e-04 4.504504504504504574e-04 4.504504504504504574e-04
2.128919860627177252e-01 8.397212543554005704e-02 3.484320557491288653e-04 3.832752613240417681e-03 3.832752613240417681e-03 3.484320557491288653e-04 3.484320557491288653e-04 7.317073170731706010e-03 3.484320557491288653e-04 1.080139372822299521e-02 1.428571428571428180e-02 2.822299651567943685e-02 3.832752613240417681e-03 3.484320557491288653e-04 5.958188153310103874e-02 3.484320557491288653e-04 1.080139372822299521e-02 3.484320557491288653e-04 3.484320557491288653e-04 7.317073170731706010e-03 7.317073170731706010e-03 3.484320557491288653e-04 2.790940766550522034e-01 3.484320557491288653e-04 3.519163763066201350e-02 3.484320557491288653e-04 1.675958188153309769e-01 3.484320557491288653e-04 5.958188153310103874e-02 3.484320557491288653e-04
2.409638554216866815e-04 2.409638554216866815e-04 3.638554216867468522e-02 2.243373493975902855e-01 2.409638554216866815e-04 2.409638554216866815e-04 2.409638554216866815e-04 2.409638554216866815e-04 1.520481927710843062e-01 2.409638554216866815e-04 2.409638554216866815e-04 2.409638554216866815e-04 1.472289156626505613e-01 2.409638554216866815e-04 8.698795180722888876e-02 2.409638554216866815e-04 5.325301204819275769e-02 6.048192771084336117e-02 5.060240963855420528e-03 2.409638554216866815e-04 1.086746987951806992e-01 2.433734939759035418e-02 2.409638554216866815e-04 6.289156626506023362e-02 2.409638554216866815e-04 1.469879518072288692e-02 2.409638554216866815e-04 2.409638554216866815e-04 1.228915662650601967e-02 7.469879518072286909e-03
4.081632653061225725e-04 1.432653061224490321e-01 4.081632653061225725e-04 4.861224489795919479e-01 4.938775510204082564e-02 4.081632653061225725e-04 4.081632653061225725e-04 4.081632653061225725e-04 4.489795918367348732e-03 4.081632653061225725e-04 4.081632653061225725e-04 4.081632653061225725e-04 1.310204081632653506e-01 4.081632653061225725e-04 4.081632653061225725e-04 2.081632653061224816e-02 4.489795918367348732e-03 2.489795918367347302e-02 4.081632653061225725e-04 4.081632653061225725e-04 4.081632653061225725e-04 2.081632653061224816e-02 8.571428571428573590e-03 4.081632653061225725e-04 4.081632653061225725e-04 2.081632653061224816e-02 7.795918367346940658e-02 4.081632653061225725e-04 4.081632653061225725e-04 4.081632653061225725e-04
2.061855670103092343e-04 2.061855670103092343e-04 2.061855670103092343e-04 2.061855670103092343e-04 2.061855670103092343e-04 2.268041237113401550e-03 8.453608247422677441e-03 4.329896907216494381e-03 8.474226804123709267e-02 4.969072164948452885e-02 1.465979381443298646e-01 4.329896907216494381e-03 2.373195876288659023e-01 2.061855670103092343e-04 3.731958762886597447e-02 2.061855670103092343e-04 4.350515463917525166e-02 2.061855670103092343e-04 2.061855670103092343e-04 1.548453608247422064e-01 5.793814432989689844e-02 2.061855670103092343e-04 1.463917525773195463e-02 2.061855670103092343e-04 8.061855670103090787e-02 2.061855670103092343e-04 6.206185567010308324e-02 2.268041237113401550e-03 2.061855670103092343e-04 6.391752577319585911e-03
2.890173410404622834e-04 2.890173410404622834e-04 2.890173410404622834e-04 2.890173410404622834e-04 4.075144508670518195e-02 2.890173410404622834e-04 2.890173410404622834e-04 2.890173410404622834e-04 2.890173410404622834e-04 2.890173410404622834e-04 7.199421965317915895e-01 2.890173410404622834e-04 2.341040462427744495e-02 2.890173410404622834e-04 4.075144508670518195e-02 1.184971098265895188e-02 9.566473988439301579e-02 2.890173410404622834e-04 2.341040462427744495e-02 2.890173410404622834e-04 2.890173410404622834e-04 2.890173410404622834e-04 3.497109826589593629e-02 3.179190751445085551e-03 2.890173410404622834e-04 2.890173410404622834e-04 2.890173410404622834e-04 2.890173410404622834e-04 2.890173410404622834e-04 2.890173410404622834e-04
2.340425531914893179e-02 2.127659574468084708e-03 2.127659574468084708e-03 4.468085106382977539e-02 2.127659574468084708e-03 2.127659574468084708e-03 2.127659574468084708e-03 2.127659574468084708e-03 2.340425531914893179e-02 2.127659574468084708e-03 4.914893617021275363e-01 2.127659574468084708e-03 2.127659574468084708e-03 2.127659574468084708e-03 2.127659574468084708e-03 2.127659574468084708e-03 2.127659574468084708e-03 2.127659574468084708e-03 2.127659574468084708e-03 8.723404255319144873e-02 2.127659574468084708e-03 2.127659574468084708e-03 2.127659574468084708e-03 2.127659574468084708e-03 1.510638297872339830e-01 2.127659574468084708e-03 1.297872340425531568e-01 2.127659574468084708e-03 2.127659574468084708e-03 2.127659574468084708e-03
