5.364906832298137196e-02 7.763975155279504749e-05 1.638975155279503437e-01 1.864130434782609036e-01 2.414596273291925999e-02 1.475931677018633703e-01 2.089285714285714912e-01 8.540372670807455224e-04 1.715838509316770441e-02 1.972826086956522007e-01
1.100686498855834999e-01 9.382151029748280260e-03 1.100686498855834999e-01 1.853546910755148047e-02 6.638443935926772177e-01 6.430205949656749020e-02 2.311212814645308145e-02 2.288329519450800487e-04 2.288329519450800487e-04 2.288329519450800487e-04
6.105550500454958590e-02 7.370336669699726999e-03 1.666060054595086271e-01 1.720655141037306657e-01 4.012738853503184516e-02 2.020928116469517810e-01 1.165605095541401154e-01 9.099181073703367000e-05 2.192902638762511333e-02 2.121019108280254861e-01
3.884120171673820232e-02 1.094420600858369078e-02 3.027896995708154182e-01 8.605150214592274804e-02 1.309012875536480665e-02 1.289699570815450724e-01 7.532188841201717389e-02 2.145922746781116035e-04 2.145922746781116035e-04 3.435622317596566666e-01
1.742914979757085037e-01 9.129554655870446289e-02 1.155870445344129582e-01 2.024291497975708686e-04 3.240890688259109309e-01 5.890688259109311958e-02 2.024291497975708686e-04 2.350202429149797489e-01 2.024291497975708686e-04 2.024291497975708686e-04
1.173302107728337318e-01 2.341920374707259951e-04 5.878220140515223041e-02 3.067915690866510406e-02 7.283372365339578491e-02 3.536299765807962570e-02 5.084309133489460786e-01 2.341920374707259951e-04 7.259953161592506282e-03 1.688524590163934247e-01
2.792517006802721080e-01 3.710884353741496500e-01 1.261904761904761862e-01 3.401360544217687382e-04 2.755102040816326259e-02 1.227891156462585093e-01 3.741496598639456120e-03 3.401360544217687382e-04 3.401360544217687382e-04 6.836734693877551117e-02
5.408695652173912960e-02 4.886956521739131004e-02 3.479999999999999760e-01 1.756521739130434759e-02 1.913043478260869614e-03 1.549565217391304373e-01 2.278260869565217409e-02 1.739130434782608814e-04 2.104347826086956294e-02 3.306086956521738784e-01
3.408223201174743200e-01 5.741556534508076431e-02 1.249632892804698886e-01 1.468428781204111574e-04 1.468428781204111574e-04 1.044052863436123330e-01 7.488986784140968730e-03 7.944199706314243603e-02 1.587371512481644542e-01 1.264317180616739977e-01
1.988795518207282093e-02 2.801120448179270973e-04 7.871148459383751905e-02 1.148459383753500963e-02 2.801120448179270973e-04 2.829131652661063395e-02 2.801120448179270973e-04 8.546218487394955377e-01 2.801120448179270973e-04 5.882352941176468772e-03
6.612903225806450631e-03 1.612903225806451612e-04 2.114516129032258107e-01 9.693548387096774521e-02 1.533870967741935432e-01 3.711290322580644840e-01 2.274193548387096545e-02 1.612903225806451612e-04 1.612903225806451612e-04 1.372580645161290136e-01
1.859245630174792829e-01 9.199632014719411955e-05 1.141674333026678895e-01 9.199632014719411955e-05 5.252989880404784068e-02 4.517019319227231350e-02 2.438822447102116098e-01 1.931922723091076361e-03 5.620975160993560427e-02 3.000000000000000444e-01
4.803418803418803978e-02 3.948717948717948845e-02 2.035897435897435770e-01 8.051282051282052099e-02 3.589743589743589740e-03 1.709401709401709400e-04 2.752136752136752351e-02 7.196581196581196271e-02 1.726495726495726538e-02 5.078632478632478797e-01
6.472392638036809920e-02 6.441717791411043052e-03 2.733128834355827985e-01 2.484662576687116445e-02 8.312883435582822667e-02 8.926380368098159324e-02 3.193251533742331172e-01 4.325153374233128845e-02 3.067484662576687297e-04 9.539877300613497368e-02
3.888888888888888951e-02 4.273504273504274043e-04 6.025641025641026438e-02 4.273504273504274043e-04 4.273504273504274043e-04 7.952991452991453603e-01 4.273504273504274043e-04 4.273504273504274043e-04 1.029914529914530141e-01 4.273504273504274043e-04
2.222222222222222329e-04 3.133333333333333109e-02 4.357777777777777639e-01 1.355555555555555507e-02 2.222222222222222329e-04 1.357777777777777750e-01 4.666666666666667053e-03 3.757777777777777661e-01 2.222222222222222329e-04 2.444444444444444833e-03
1.100161550888529849e-01 6.801292407108239235e-02 9.063004846526656610e-02 1.100161550888529849e-01 1.470113085621970947e-02 5.008077544426494873e-03 2.295638126009693081e-01 2.828756058158319875e-01 3.247172859450727506e-02 5.670436187399031241e-02
2.183391003460207758e-01 1.145328719723183453e-01 1.418685121107266314e-02 3.460207612456747835e-04 1.387543252595155874e-01 5.224913494809688141e-02 3.186851211072664336e-01 3.460207612456747835e-04 1.249134948096885800e-01 1.764705882352941152e-02
1.386324786324786285e-01 6.000000000000000472e-02 1.608547008547008550e-01 1.352136752136751940e-01 1.709401709401709400e-04 8.717948717948717507e-03 9.931623931623931312e-02 2.873504273504273177e-01 1.709401709401709400e-04 1.095726495726495608e-01
5.698113207547169518e-02 3.773584905660377713e-04 3.773584905660377713e-04 3.773584905660377713e-04 1.513207547169811429e-01 7.437735849056603676e-01 3.773584905660377713e-04 3.773584905660377713e-04 4.566037735849056561e-02 3.773584905660377713e-04
5.592592592592592754e-02 3.703703703703704062e-04 1.114814814814814870e-01 7.777777777777778422e-03 3.703703703703704062e-04 6.040740740740740966e-01 3.703703703703704062e-04 2.999999999999999889e-02 4.111111111111111216e-02 1.485185185185185219e-01
4.918330308529945960e-02 2.377495462794918316e-02 1.689655172413792872e-01 1.814882032667876734e-04 7.277676950998185346e-02 4.736842105263158048e-02 1.453720508166969072e-01 2.014519056261342839e-02 1.814882032667876734e-04 4.720508166969147323e-01
5.412371134020617543e-03 2.835051546391752046e-03 8.530927835051543839e-02 2.577319587628865497e-04 2.577319587628865497e-04 2.577319587628865497e-04 3.634020618556699916e-02 8.533505154639173806e-01 1.572164948453607866e-02 2.577319587628865497e-04
2.600472813238770969e-03 7.328605200945626647e-03 2.460992907801418383e-01 1.562647754137115597e-01 1.491725768321512935e-01 1.751773049645389824e-01 9.692671394799052750e-03 9.479905437352245667e-02 2.364066193853428055e-04 1.586288416075649910e-01
2.040598290598290634e-02 8.653846153846152592e-03 1.432692307692307321e-01 2.681623931623931464e-02 7.809829059829058451e-02 7.585470085470084542e-03 7.585470085470084542e-03 6.892094017094017033e-01 1.720085470085469873e-02 1.175213675213675158e-03
7.855072463768116020e-02 2.347826086956521577e-02 5.536231884057971758e-02 2.898550724637681086e-04 7.220289855072463681e-01 2.898550724637681086e-04 1.191304347826086935e-01 2.898550724637681086e-04 2.898550724637681086e-04 2.898550724637681086e-04
7.011494252873562427e-02 1.401253918495297679e-01 1.422152560083594364e-01 1.044932079414837922e-04 5.476489028213166188e-01 6.489028213166143921e-02 1.044932079414837922e-04 1.044932079414837922e-04 1.044932079414837922e-04 3.458725182863113534e-02
1.975352112676056482e-01 2.433098591549295586e-01 1.306338028169014009e-01 3.521126760563380470e-04 3.630281690140844675e-01 5.669014084507043028e-02 3.521126760563380470e-04 3.521126760563380470e-04 7.394366197183099149e-03 3.521126760563380470e-04
1.974522292993630482e-02 1.917197452229299492e-01 1.980891719745223045e-01 6.369426751592357442e-04 5.547770700636942554e-01 6.369426751592357442e-04 6.369426751592357442e-04 6.369426751592357442e-04 6.369426751592357442e-04 3.248407643312101883e-02
1.656441717791410848e-02 3.905930470347648842e-02 2.905930470347647954e-01 2.044989775051124774e-04 2.044989775051124774e-04 1.188139059304703510e-01 2.249488752556237387e-03 2.044989775051124774e-04 2.044989775051124774e-04 5.319018404907975839e-01
1.653721682847896501e-01 2.624595469255663338e-01 3.236245954692556679e-04 3.236245954692556679e-04 4.598705501618122748e-01 6.828478964401295259e-02 3.236245954692556679e-04 3.236245954692556679e-04 3.236245954692556679e-04 4.239482200647248789e-02
1.419306184012066319e-01 1.524886877828054155e-01 1.132730015082956121e-01 1.508295625942684829e-04 2.730015082956259789e-02 3.289592760180995445e-01 5.143288084464555515e-02 4.238310708898944401e-02 1.221719457013574657e-02 1.298642533936651411e-01
1.918238993710692092e-02 2.078616352201257955e-01 1.386792452830188926e-01 7.578616352201260342e-02 3.144654088050315393e-04 2.047169811320754818e-01 3.144654088050315393e-04 1.289308176100628991e-02 3.459119496855346879e-03 3.367924528301887155e-01
3.774834437086092842e-02 2.207505518763796908e-04 3.467991169977924781e-01 7.527593818984547325e-02 2.207505518763796908e-04 9.072847682119206114e-02 2.207505518763796908e-04 9.050772626931566020e-03 2.207505518763796908e-04 4.395143487858719777e-01
9.877049180327870936e-02 4.098360655737705457e-04 1.930327868852459161e-01 4.098360655737705457e-04 2.586065573770492398e-01 7.827868852459017590e-02 3.323770491803278992e-01 4.098360655737705457e-04 4.508196721311476599e-03 3.319672131147541339e-02
2.784313725490196109e-02 3.101960784313725350e-01 9.058823529411766384e-02 3.921568627450981314e-04 3.960784313725490557e-02 2.905882352941176472e-01 3.921568627450981314e-04 3.921568627450981314e-04 3.921568627450981314e-04 2.396078431372549444e-01
3.296943231441047673e-02 6.768558951965065844e-03 3.299126637554585240e-01 2.183406113537117953e-04 2.622270742358078222e-01 3.364628820960698374e-01 2.183406113537117953e-04 2.860262008733624461e-02 2.183406113537117953e-04 2.401746724890829830e-03
5.107913669064748086e-02 4.388489208633093025e-02 3.244604316546762512e-01 7.913669064748201504e-03 4.971223021582733548e-01 7.266187050359712574e-02 7.194244604316546920e-04 7.194244604316546920e-04 7.194244604316546920e-04 7.194244604316546920e-04
2.865329512893983153e-04 2.865329512893983153e-04 1.320916905444126099e-01 2.865329512893983153e-04 7.191977077363896631e-02 6.478510028653294839e-01 8.051575931232092531e-02 3.151862464183381469e-03 2.865329512893983153e-04 6.332378223495702119e-02
1.688741721854304656e-02 1.725165562913907324e-01 4.999999999999999584e-02 6.986754966887417928e-02 5.331125827814570117e-02 4.009933774834437137e-01 3.311258278145695361e-04 3.311258278145695361e-04 4.006622516556291452e-02 1.956953642384106073e-01
2.197802197802197529e-04 3.758241758241757935e-02 1.606593406593406215e-01 2.156043956043955656e-01 2.197802197802197529e-04 2.417582417582417580e-03 5.672527472527472137e-01 2.197802197802197529e-04 2.197802197802197529e-04 1.560439560439560135e-02
1.019417475728155546e-02 2.334951456310679907e-01 4.854368932038835831e-04 1.019417475728155546e-02 3.451456310679612005e-01 1.946601941747573283e-01 1.946601941747573283e-01 4.854368932038835831e-04 4.854368932038835831e-04 1.019417475728155546e-02
4.721830985915492773e-01 3.521126760563380470e-04 1.443661971830985727e-02 3.521126760563380470e-04 3.521126760563380470e-04 2.714788732394365911e-01 3.521126760563380470e-04 3.521126760563380470e-04 2.362676056338028074e-01 3.873239436619718788e-03
8.993435448577678792e-02 8.774617067833696826e-02 3.304157549234134489e-02 2.188183807439824486e-04 6.347921225382930910e-01 1.249452954048139719e-01 2.647702407002187550e-02 2.188183807439824486e-04 2.407002188183807179e-03 2.188183807439824486e-04
5.270700636942675377e-02 2.085987261146496699e-02 1.832802547770700508e-01 3.996815286624204322e-02 1.592356687898089361e-04 4.633757961783439849e-02 4.792993630573248731e-02 6.528662420382165023e-03 4.936305732484076204e-03 5.972929936305733101e-01
1.517412935323383082e-02 1.517412935323383082e-02 3.037313432835820892e-01 2.487562189054726754e-04 2.487562189054726754e-04 4.679104477611940038e-01 2.487562189054726754e-04 2.487562189054726754e-04 4.502487562189055187e-02 1.519900497512437776e-01
3.459090909090909438e-01 5.954545454545455418e-02 1.004545454545454769e-01 4.545454545454546535e-04 3.550000000000000377e-01 1.095454545454545708e-01 2.772727272727272887e-02 4.545454545454546535e-04 4.545454545454546535e-04 4.545454545454546535e-04
4.599999999999999645e-01 1.087719298245613982e-02 3.508771929824561686e-04 3.508771929824561686e-04 1.477192982456140280e-01 9.508771929824562374e-02 3.859649122807017746e-03 3.508771929824561686e-04 2.810526315789473317e-01 3.508771929824561686e-04
2.929782082324455111e-02 2.663438256658596029e-03 2.351089588377723860e-01 9.709443099273608324e-02 2.230024213075060269e-01 3.610169491525423435e-01 5.108958837772397538e-02 2.421307506053268772e-04 2.421307506053268772e-04 2.421307506053268772e-04
1.403292181069959177e-01 4.115226337448560129e-04 1.403292181069959177e-01 4.115226337448560129e-04 4.115226337448560129e-04 6.259259259259259967e-01 4.115226337448560129e-04 4.526748971193416196e-03 6.625514403292181997e-02 2.098765432098765454e-02
1.306418219461697727e-01 9.958592132505175720e-02 2.362318840579709922e-01 2.277432712215321248e-03 1.285714285714285865e-01 2.505175983436852896e-02 2.277432712215321248e-03 3.749482401656314412e-01 2.070393374741200815e-04 2.070393374741200815e-04
3.197674418604650251e-03 3.226744186046510282e-02 8.749999999999998057e-02 2.906976744186045929e-04 3.197674418604650251e-03 2.936046511627905808e-02 2.936046511627905808e-02 8.142441860465113868e-01 2.906976744186045929e-04 2.906976744186045929e-04
2.222222222222221787e-03 9.111111111111108718e-02 2.222222222222221787e-03 2.222222222222221787e-03 2.022222222222221921e-01 2.444444444444444225e-02 4.466666666666666008e-01 2.244444444444443909e-01 2.222222222222221787e-03 2.222222222222221787e-03
1.186842105263157532e-01 1.078947368421052239e-02 5.552631578947367363e-02 2.631578947368420451e-04 6.897368421052629817e-01 7.657894736842103811e-02 2.631578947368420451e-04 2.631578947368420451e-04 4.763157894736841369e-02 2.631578947368420451e-04
1.541999999999999760e-01 5.019999999999999463e-02 3.219999999999999946e-02 1.999999999999999825e-04 5.841999999999999416e-01 7.220000000000000029e-02 5.619999999999999302e-02 3.219999999999999946e-02 1.819999999999999743e-02 1.999999999999999825e-04
2.417322834645669050e-01 2.968503937007873628e-01 1.183727034120734961e-01 2.624671916010498651e-04 1.603674540682414607e-01 8.687664041994751229e-02 2.388451443569553773e-02 4.750656167979003253e-02 2.388451443569553773e-02 2.624671916010498651e-04
4.184100418410042674e-04 4.184100418410042674e-04 4.857740585774059094e-01 4.184100418410042674e-04 4.606694560669456484e-01 4.184100418410042674e-04 4.184100418410042674e-04 4.225941422594142738e-02 8.786610878661088586e-03 4.184100418410042674e-04
7.088815789473684736e-02 1.644736842105263121e-04 1.761513157894736836e-01 1.644736842105263121e-04 5.098684210526316027e-03 5.115131578947368363e-02 1.054276315789473562e-01 1.167763157894736829e-02 1.644736842105263121e-04 5.791118421052632304e-01
9.224242424242422300e-02 1.298181818181818048e-01 1.431515151515151130e-01 1.212121212121211958e-04 5.589090909090909109e-01 6.557575757575756503e-02 1.212121212121211958e-04 8.606060606060604926e-03 1.212121212121211958e-04 1.333333333333333289e-03
2.375296912114014248e-04 2.375296912114014248e-04 1.641330166270783819e-01 1.023752969121140138e-01 1.902612826603325147e-01 4.966745843230403468e-01 3.111638954869358487e-02 9.738717339667458256e-03 2.375296912114014248e-04 4.988123515439430410e-03
4.155251141552511462e-02 9.178082191780823074e-02 2.515981735159817934e-01 4.566210045662101396e-04 4.388127853881279017e-01 1.420091324200913607e-01 3.242009132420091422e-02 4.566210045662101396e-04 4.566210045662101396e-04 4.566210045662101396e-04
3.293548387096774110e-01 1.967741935483870858e-02 8.741935483870967583e-02 3.225806451612903223e-04 4.583870967741935365e-01 9.387096774193548487e-02 1.000000000000000021e-02 3.225806451612903223e-04 3.225806451612903223e-04 3.225806451612903223e-04
1.164122137404580148e-02 3.072519083969466047e-02 1.872137404580152542e-01 6.507633587786260110e-02 1.908396946564885476e-04 2.881679389312977180e-02 4.980916030534351252e-02 1.908396946564885476e-04 1.908396946564885476e-04 6.261450381679389832e-01
2.004008016032064125e-04 6.032064128256512531e-02 1.505010020040079832e-01 2.004008016032064125e-04 6.474949899799599118e-01 1.084168336673346639e-01 2.004008016032064125e-04 3.026052104208416457e-02 2.204408817635270402e-03 2.004008016032064125e-04
2.355460385438972164e-03 2.376873661670235102e-02 1.672376873661669816e-01 1.929336188436830413e-01 2.141327623126338233e-04 4.496788008565309747e-03 6.062098501070664058e-01 2.355460385438972164e-03 2.141327623126338233e-04 2.141327623126338233e-04
3.143712574850299635e-03 9.131736526946107949e-03 3.175149700598802194e-01 2.859281437125748768e-02 1.661676646706586671e-02 5.104790419161676918e-02 2.410179640718563068e-02 1.497005988023952078e-04 1.497005988023952078e-04 5.495508982035928192e-01
1.533807829181494664e-01 7.864768683274021843e-02 9.288256227758007189e-02 3.558718861209964664e-04 5.804270462633451810e-01 3.558718861209964664e-04 2.170818505338078033e-02 7.153024911032028477e-02 3.558718861209964664e-04 3.558718861209964664e-04
2.538071065989847843e-04 2.055837563451776498e-02 2.210659898477157215e-01 2.055837563451776498e-02 1.093908629441624342e-01 5.434010152284264317e-01 2.538071065989847843e-04 4.086294416243654859e-02 2.538071065989847843e-04 4.340101522842639697e-02
2.933333333333333365e-03 2.666666666666666794e-04 5.255999999999999561e-01 2.666666666666666794e-04 3.842666666666666453e-01 8.560000000000000941e-02 2.666666666666666794e-04 2.666666666666666794e-04 2.666666666666666794e-04 2.666666666666666794e-04
2.976190476190476459e-04 2.410714285714285476e-02 3.157738095238095122e-01 2.976190476190476459e-04 6.044642857142856762e-01 3.898809523809523836e-02 2.976190476190476459e-04 9.226190476190476372e-03 2.976190476190476459e-04 6.250000000000000347e-03
3.725563909774435301e-01 3.759398496240600645e-04 6.052631578947367808e-02 3.759398496240600645e-04 3.421052631578946207e-02 1.469924812030074801e-01 1.921052631578946956e-01 5.300751879699246855e-02 1.357142857142857040e-01 4.135338345864661251e-03
8.819095477386934556e-02 2.537688442211055023e-02 2.512562814070352013e-04 2.512562814070352013e-04 1.937185929648241045e-01 2.512562814070352013e-04 5.128140703517587440e-01 2.512562814070352013e-04 5.050251256281407253e-02 1.283919597989949812e-01
5.917159763313609546e-04 5.917159763313609546e-04 2.905325443786982431e-01 5.917159763313609546e-04 6.159763313609467605e-01 6.568047337278105913e-02 5.917159763313609546e-04 2.426035502958579643e-02 5.917159763313609546e-04 5.917159763313609546e-04
8.009516256938936651e-03 1.356066613798572601e-02 1.816812053925455916e-01 1.705789056304520268e-01 7.216494845360824258e-03 1.197462331482949949e-02 5.988104678826328131e-01 7.930214115781126377e-05 7.930214115781126377e-05 8.009516256938936651e-03
2.962365591397849718e-01 3.983870967741935942e-01 5.376344086021506456e-04 5.913978494623657427e-03 7.043010752688172449e-02 5.376344086021506456e-04 1.295698924731183144e-01 7.043010752688172449e-02 5.376344086021506456e-04 2.741935483870967805e-02
1.372641509433962237e-01 2.405660377358490379e-02 2.221698113207547232e-01 1.933962264150943314e-02 2.599056603773585161e-01 4.716981132075471735e-04 1.844339622641509580e-01 9.952830188679245849e-02 3.820754716981131921e-02 1.462264150943396249e-02
6.356589147286820923e-03 3.581395348837209530e-02 1.319379844961240111e-01 1.550387596899224893e-04 3.891472868217054487e-02 2.125581395348836999e-01 5.596899224806201750e-02 1.550387596899224893e-04 1.550387596899224893e-04 5.179844961240310797e-01
2.518891687657430121e-04 5.289672544080603091e-03 1.261964735516372393e-01 2.518891687657430121e-04 6.322418136020149793e-02 6.954659949622165049e-01 3.047858942065490365e-02 3.299748110831233344e-02 2.518891687657430121e-04 4.559193954659948589e-02
6.593673965936740211e-02 1.097323600973236085e-01 1.316301703163016978e-01 2.433090024330900362e-04 6.085158150851581738e-01 2.433090024330900362e-04 2.433090024330900362e-04 2.676399026763990642e-03 2.457420924574209298e-02 5.620437956204379915e-02
3.563829787234042840e-02 1.773049645390071042e-04 1.881205673758865049e-01 5.514184397163120893e-02 7.269503546099289996e-03 4.627659574468085540e-02 4.982269503546099543e-02 2.499999999999999792e-02 5.496453900709219985e-03 5.870567375886525108e-01
8.856209150326797841e-02 2.944444444444444531e-01 1.049019607843137275e-01 3.267973856209150643e-04 1.735294117647058765e-01 8.202614379084967322e-02 3.267973856209150643e-04 3.267973856209150643e-04 6.895424836601307672e-02 1.866013071895424869e-01
1.620772946859903307e-01 2.415458937198067843e-04 9.202898550724637750e-02 2.415458937198067843e-04 5.751207729468599261e-01 1.041062801932367138e-01 2.415458937198067843e-04 2.657004830917874573e-03 4.130434782608696093e-02 2.198067632850241385e-02
2.607449856733524279e-02 2.865329512893983153e-04 1.922636103151862397e-01 7.765042979942693435e-02 2.320916905444125877e-02 1.091690544412607516e-01 5.361031518624641556e-01 3.180515759312321084e-02 2.865329512893983153e-04 3.151862464183381469e-03
6.020583190394511452e-02 1.715265866209262572e-04 1.871355060034305129e-01 3.104631217838765139e-02 1.715265866209262572e-04 1.116638078902229686e-01 4.133790737564322498e-02 3.619210977701543819e-02 1.217838765008576185e-02 5.198970840480274802e-01
3.344481605351170943e-04 2.709030100334448160e-02 2.779264214046822667e-01 3.344481605351170943e-04 5.989966555183946495e-01 9.397993311036789699e-02 3.344481605351170943e-04 3.344481605351170943e-04 3.344481605351170943e-04 3.344481605351170943e-04
3.246753246753246750e-04 3.246753246753246750e-04 6.818181818181818718e-03 1.655844155844155702e-02 3.603896103896103709e-02 1.107142857142857234e-01 7.824675324675324506e-02 6.853896103896103265e-01 6.525974025974026760e-02 3.246753246753246750e-04
1.099667774086378752e-01 3.322259136212624771e-04 8.006644518272425237e-02 2.162790697674418505e-01 6.976744186046511531e-03 3.591362126245846720e-01 3.322259136212624771e-04 3.322259136212624771e-04 3.322259136212624771e-04 2.262458471760797063e-01
4.213836477987421836e-02 2.117400419287211732e-02 1.951781970649895115e-01 2.096436058700209811e-04 4.823899371069182429e-01 2.475890985324947502e-01 2.096436058700209811e-04 2.096436058700209811e-04 6.498951781970649898e-03 4.402515723270440141e-03
5.789473684210526966e-02 2.440191387559808786e-02 4.784688995215311685e-04 4.784688995215311685e-04 1.727272727272727570e-01 6.746411483253589303e-02 5.124401913875598069e-01 6.267942583732058481e-02 5.311004784688995450e-02 4.832535885167464629e-02
1.125000000000000167e-01 3.060344827586207114e-02 6.939655172413794482e-02 4.310344827586207921e-04 2.892241379310345195e-01 4.310344827586207921e-04 2.892241379310345195e-01 1.081896551724138150e-01 9.956896551724139788e-02 4.310344827586207921e-04
5.020761245674740803e-01 4.186851211072663975e-02 6.955017301038063371e-02 3.460207612456747835e-04 4.186851211072663975e-02 1.733564013840830365e-01 3.460207612456747835e-04 3.806228373702422348e-03 5.916955017301038511e-02 1.076124567474048555e-01
2.755102040816326259e-02 1.091836734693877597e-01 1.363945578231292588e-01 3.401360544217687382e-04 4.561224489795918102e-01 1.704081632653061396e-01 9.217687074829931937e-02 3.401360544217687382e-04 3.401360544217687382e-04 7.142857142857143501e-03
7.578616352201258954e-02 1.289308176100628818e-02 5.377358490566037930e-02 6.603773584905660646e-03 6.606918238993710890e-01 3.144654088050314851e-04 5.062893081761006553e-02 3.144654088050314851e-04 8.836477987421384461e-02 5.062893081761006553e-02
3.011574074074073737e-01 4.215277777777777790e-01 3.263888888888889089e-02 2.314814814814814903e-04 1.599537037037036813e-01 1.643518518518518462e-02 1.412037037037036993e-02 3.958333333333333842e-02 1.412037037037036993e-02 2.314814814814814903e-04
2.606707317073170965e-02 4.131097560975609956e-02 1.571646341463414642e-01 1.937499999999999778e-01 6.265243902439024404e-02 4.041158536585366390e-01 1.524390243902439023e-04 1.539634146341463394e-02 2.606707317073170965e-02 7.332317073170731281e-02
1.805620608899297375e-01 1.501170960187353520e-01 2.341920374707259951e-04 2.341920374707259951e-04 1.524590163934426146e-01 9.391100702576113401e-02 3.491803278688524470e-01 2.341920374707259951e-04 2.365339578454332334e-02 4.941451990632318714e-02
1.046969696969696911e-01 2.287878787878787692e-02 2.380303030303030087e-01 1.227272727272727196e-02 1.378787878787878819e-02 8.651515151515151714e-02 3.045454545454545636e-02 1.515151515151515150e-04 1.515151515151515150e-04 4.910606060606060863e-01
3.189054726368159565e-01 5.278606965174129639e-01 5.472636815920399293e-03 1.044776119402985280e-02 5.472636815920399293e-03 4.975124378109453509e-04 1.298507462686567526e-01 4.975124378109453509e-04 4.975124378109453509e-04 4.975124378109453509e-04
6.744505494505494136e-02 2.486263736263736451e-02 1.251373626373626369e-01 1.622252747252747040e-01 1.373626373626373625e-04 4.754120879120879439e-01 1.373626373626373625e-04 1.373626373626373625e-04 3.585164835164835612e-02 1.086538461538461425e-01
1.320000000000000062e-01 1.091428571428571526e-01 2.342857142857142708e-02 2.914285714285714049e-02 1.205714285714285794e-01 5.714285714285714714e-04 2.520000000000000018e-01 3.320000000000000173e-01 5.714285714285714714e-04 5.714285714285714714e-04
2.989130434782608786e-03 5.706521739130434798e-03 4.758152173913043348e-01 9.538043478260870012e-02 1.796195652173912805e-01 5.461956521739130821e-02 1.415760869565217406e-01 2.717391304347826120e-04 2.717391304347826120e-04 4.375000000000000416e-02
6.886543535620053003e-02 8.733509234828495948e-02 2.905013192612136974e-01 2.638522427440633152e-04 4.751978891820580198e-01 6.886543535620053003e-02 5.540897097625330052e-03 2.638522427440633152e-04 2.638522427440633152e-04 2.902374670184696900e-03
3.740053050397877665e-02 2.071618037135278256e-01 6.392572944297082727e-02 5.570291777188329102e-03 1.116710875331565073e-01 2.787798408488063595e-01 1.618037135278514380e-02 2.652519893899204541e-04 2.917771883289124995e-03 2.761273209549071628e-01
6.245901639344262485e-02 4.770491803278689019e-02 1.919672131147540928e-01 1.639344262295081966e-04 5.149180327868853047e-01 1.821311475409835845e-01 1.639344262295081966e-04 1.639344262295081966e-04 1.639344262295081966e-04 1.639344262295081966e-04
2.419999999999999582e-02 1.881999999999999784e-01 3.819999999999999785e-02 2.200000000000000133e-03 6.461999999999999966e-01 6.219999999999999835e-02 8.199999999999998956e-03 1.019999999999999726e-02 1.999999999999999825e-04 2.019999999999999574e-02
3.370748299319727970e-01 3.095238095238094997e-02 3.401360544217687382e-04 1.734693877551020391e-02 1.023809523809523919e-01 4.391156462585033560e-01 3.401360544217687382e-04 7.142857142857143501e-03 6.496598639455783419e-02 3.401360544217687382e-04
4.081632653061225183e-04 1.065306122448979737e-01 6.571428571428572507e-02 4.081632653061225183e-04 6.453061224489796688e-01 1.595918367346939037e-01 4.081632653061225183e-04 4.081632653061225183e-04 2.081632653061224469e-02 4.081632653061225183e-04
1.284883720930232731e-01 1.802325581395349333e-02 3.546511627906977215e-02 5.813953488372094027e-04 5.813953488372094027e-04 7.563953488372093803e-01 4.127906976744186857e-02 5.813953488372094027e-04 1.220930232558139865e-02 6.395348837209303972e-03
1.261538461538461511e-02 3.076923076923077029e-04 1.876923076923076722e-02 3.076923076923077029e-04 2.279999999999999805e-01 1.264615384615384586e-01 7.415384615384615352e-02 5.203076923076922489e-01 1.876923076923076722e-02 3.076923076923077029e-04
8.045267489711933895e-02 1.483539094650205559e-01 4.467078189300411339e-01 2.057613168724280065e-04 2.820987654320987748e-01 1.460905349794238556e-02 2.057613168724280065e-04 2.489711934156378648e-02 2.057613168724280065e-04 2.263374485596708098e-03
4.391244870041039611e-02 1.367989056087551281e-04 4.939808481532148021e-01 7.264021887824897994e-02 1.367989056087551281e-04 1.971272229822161326e-01 1.367989056087551281e-04 1.367989056087551281e-04 1.655266757865937050e-02 1.752393980848153121e-01
2.040520984081041489e-02 5.079594790159189244e-02 1.260492040520983792e-01 1.447178002894355952e-04 4.429811866859623137e-01 3.286541244573081832e-01 1.447178002894355952e-04 1.447178002894355952e-04 1.447178002894355952e-04 3.053545586107090856e-02
3.556478405315614544e-01 3.488372093023255766e-03 2.028239202657807216e-01 1.013289036544850509e-02 5.996677740863787937e-02 3.207641196013288898e-01 3.338870431893688207e-02 1.661129568106312385e-04 1.661129568106312385e-04 1.345514950166112889e-02
1.298217179902755314e-01 4.068071312803889922e-02 1.346839546191248016e-01 2.123176661264181489e-02 2.771474878444084647e-02 3.743922204213938343e-02 7.147487844408427493e-02 1.636952998379254468e-02 1.620745542949757027e-04 5.204213938411669238e-01
1.391891891891891830e-01 2.142857142857142877e-02 1.391891891891891830e-01 2.123552123552123732e-03 1.681467181467181382e-01 4.306949806949806892e-01 2.915057915057914922e-02 1.930501930501930493e-04 1.756756756756756854e-02 5.231660231660231752e-02
5.228373702422145497e-01 4.532871972318339160e-02 6.262975778546713002e-02 3.460207612456747835e-04 3.460207612456747835e-04 1.906574394463667887e-01 3.460207612456747835e-04 9.377162629757786194e-02 8.339100346020761334e-02 3.460207612456747835e-04
2.341040462427745536e-02 1.473988439306358339e-02 3.528901734104046284e-01 2.890173410404624460e-04 2.083815028901734034e-01 3.499999999999999778e-01 2.890173410404624460e-04 3.208092485549132733e-02 1.763005780346820622e-02 2.890173410404624460e-04
8.459915611814346204e-02 1.919831223628691921e-02 2.702531645569620222e-01 2.109704641350211010e-04 2.109704641350211010e-04 1.985232067510548370e-01 3.185654008438818657e-02 7.194092827004219814e-02 2.974683544303797361e-02 2.934599156118143370e-01
3.948919449901768658e-02 2.161100196463654373e-03 1.711198428290766071e-01 4.341846758349705848e-02 1.436149312377210108e-01 1.337917485265225914e-01 6.090373280943025408e-03 4.599214145383104246e-01 1.964636542239685843e-04 1.964636542239685843e-04
1.995670995670995873e-01 4.073593073593073655e-01 4.329004329004329543e-04 1.341991341991342207e-02 2.645021645021645162e-01 4.329004329004329543e-04 3.939393939393939781e-02 7.402597402597403675e-02 4.329004329004329543e-04 4.329004329004329543e-04
6.080691642651297329e-02 5.792507204610951310e-02 2.164265129682997058e-01 2.881844380403458350e-04 6.285302593659942705e-01 3.487031700288184544e-02 2.881844380403458350e-04 2.881844380403458350e-04 2.881844380403458350e-04 2.881844380403458350e-04
5.567867036011080878e-02 8.060941828254848673e-02 2.191135734072021946e-01 2.770083102493075015e-04 5.404432132963988833e-01 8.337950138504154896e-02 3.047091412742382408e-03 2.770083102493075015e-04 8.587257617728532438e-03 8.587257617728532438e-03
6.021798365122615904e-02 3.024523160762942683e-02 1.662125340599454951e-02 2.999999999999999889e-01 2.724795640326975596e-04 2.724795640326975596e-04 5.915531335149863956e-01 2.724795640326975596e-04 2.724795640326975596e-04 2.724795640326975596e-04
2.242152466367712755e-04 1.591928251121076110e-02 2.042600896860986281e-01 2.242152466367712755e-04 5.852017937219730626e-02 8.094170403587443163e-02 2.488789237668161125e-02 6.123318385650223794e-01 2.242152466367712755e-04 2.466367713004484138e-03
8.886075949367089333e-02 3.369620253164556933e-01 5.088607594936709472e-02 1.037974683544303639e-02 3.065822784810126600e-01 1.291139240506329090e-02 6.860759493670887110e-02 1.065822784810126628e-01 2.531645569620253320e-04 1.797468354430379819e-02
2.155172413793103147e-04 1.530172413793103037e-02 1.079741379310344557e-01 2.155172413793103147e-04 9.288793103448274302e-02 1.144396551724137651e-01 3.900862068965516710e-02 6.036637931034481985e-01 4.525862068965516745e-03 2.176724137931033976e-02
1.572748267898383123e-01 2.309468822170900927e-04 4.066974595842955953e-01 2.309468822170900927e-04 3.949191685912240707e-02 3.443418013856812676e-01 4.849884526558891594e-03 2.309468822170900927e-04 4.642032332563510860e-02 2.309468822170900927e-04
4.366812227074235906e-04 5.283842794759825018e-02 1.489082969432314607e-01 8.340611353711790965e-02 6.157205240174672134e-02 9.650655021834061986e-02 4.366812227074235906e-04 4.366812227074235906e-04 4.366812227074235906e-04 5.550218340611353662e-01
8.531073446327683274e-02 1.248587570621468995e-01 5.649717514124293983e-04 5.649717514124293983e-04 6.271186440677965768e-02 4.807909604519773894e-01 5.649717514124293983e-04 5.649717514124293983e-04 2.435028248587570721e-01 5.649717514124293983e-04
1.913746630727762577e-02 3.452830188679245071e-01 1.913746630727762577e-02 2.964959568733153972e-03 5.420485175202156558e-01 8.355795148247979059e-03 2.695417789757412652e-04 5.687331536388140485e-02 5.660377358490566516e-03 2.695417789757412652e-04
2.638522427440632609e-04 2.928759894459101801e-02 1.058047493403693612e-01 2.902374670184696033e-03 7.733509234828493950e-01 8.205804749340367410e-02 2.638522427440632609e-04 2.638522427440632609e-04 5.540897097625328317e-03 2.638522427440632609e-04
1.337236533957845419e-01 2.039812646370023352e-01 6.112412177985948603e-02 1.662763466042154609e-02 2.341920374707259951e-04 1.662763466042154609e-02 2.227166276346604079e-01 2.648711943793911061e-01 2.599531615925058589e-02 5.409836065573770530e-02
9.642058165548099413e-02 1.635346756152125103e-01 7.404921700223714154e-02 2.237136465324384847e-04 5.706935123042505831e-01 9.418344519015660332e-02 2.237136465324384847e-04 2.237136465324384847e-04 2.237136465324384847e-04 2.237136465324384847e-04
2.982758620689655027e-01 3.965517241379310637e-02 2.859605911330049266e-01 4.211822660098522852e-02 2.463054187192118580e-04 2.317733990147783085e-01 2.463054187192118580e-04 1.748768472906403817e-02 6.674876847290640847e-02 1.748768472906403817e-02
2.937499999999999833e-02 6.687500000000000389e-02 3.897916666666666474e-01 2.083333333333333467e-04 5.002083333333333659e-01 1.270833333333333190e-02 2.083333333333333467e-04 2.083333333333333467e-04 2.083333333333333467e-04 2.083333333333333467e-04
3.658940397350993884e-02 1.655629139072847681e-04 3.180463576158940042e-01 5.149006622516556775e-02 3.476821192052980455e-03 8.129139072847682557e-02 3.990066225165563030e-02 6.788079470198674949e-03 1.655629139072847681e-04 4.620860927152318220e-01
1.055000000000000104e-01 5.500000000000000548e-03 4.404999999999999472e-01 5.000000000000000104e-04 4.050000000000000128e-02 1.755000000000000171e-01 4.050000000000000128e-02 1.804999999999999938e-01 1.050000000000000065e-02 5.000000000000000104e-04
7.129032258064516014e-02 1.680645161290322542e-01 3.580645161290322426e-02 3.225806451612903223e-04 7.164516129032257874e-01 3.225806451612903223e-04 3.225806451612903223e-04 6.774193548387097419e-03 3.225806451612903223e-04 3.225806451612903223e-04
3.050000000000000280e-02 2.050000000000000086e-02 9.050000000000002487e-02 1.455000000000000182e-01 5.000000000000001188e-04 1.050000000000000239e-02 6.405000000000000693e-01 4.050000000000000128e-02 5.000000000000001188e-04 2.050000000000000086e-02
6.583072100313480321e-03 3.134796238244514309e-04 1.852664576802507956e-01 2.667711598746081436e-01 3.134796238244514309e-04 3.545454545454545525e-01 3.134796238244514309e-04 3.134796238244514309e-04 3.134796238244514309e-04 1.852664576802507956e-01
2.780303030303030165e-01 2.047979797979797845e-01 5.303030303030303351e-03 2.525252525252525250e-04 7.348484848484848619e-02 1.972222222222222154e-01 2.525252525252525250e-04 2.525252525252525250e-04 1.770202020202019944e-01 6.338383838383838953e-02
2.169197396963123818e-04 1.021691973969631323e-01 1.585683297180043305e-01 1.216919739696312452e-01 2.386117136659436037e-03 1.542299349240780770e-01 1.323210412147505372e-02 3.754880694143166719e-01 2.624728850325379684e-02 4.577006507592191326e-02
1.837278106508875852e-01 2.958579881656804773e-04 6.538461538461538824e-02 2.958579881656804773e-04 2.958579881656804773e-04 3.227810650887573685e-01 2.100591715976331264e-02 2.958579881656804773e-04 3.612426035502958599e-01 4.467455621301775343e-02
4.950495049504950555e-04 1.094059405940594198e-01 2.529702970297029729e-01 4.950495049504950555e-04 5.252475247524752699e-01 4.950495049504950555e-04 4.009900990099009993e-02 6.485148514851485357e-02 4.950495049504950555e-04 5.445544554455446044e-03
2.570694087403599328e-04 2.570694087403599328e-04 9.794344473007712826e-02 2.570694087403599328e-04 5.426735218508996761e-01 2.624678663239074505e-01 9.023136246786632453e-02 2.827763496143958881e-03 2.570694087403599328e-04 2.827763496143958881e-03
2.604166666666666631e-04 3.414062499999999667e-01 7.578125000000000833e-02 6.015625000000000139e-02 2.604166666666666631e-04 2.893229166666666519e-01 1.848958333333333356e-02 1.328124999999999965e-02 3.411458333333333010e-02 1.669270833333333093e-01
3.719135802469136082e-02 1.697530864197531074e-03 2.146604938271604868e-01 1.558641975308641854e-02 8.811728395061728392e-02 4.336419753086419998e-02 2.484567901234568249e-02 1.543209876543209845e-04 4.783950617283950872e-03 5.695987654320987525e-01
1.004243281471004119e-02 1.414427157001414638e-04 1.373408769448373201e-01 1.727015558698726805e-01 1.414427157001414638e-04 2.844413012729844481e-01 9.490806223479489323e-02 1.414427157001414638e-04 4.681753889674682145e-02 2.533239038189533110e-01
9.661016949152542721e-02 1.531073446327683718e-01 2.774011299435028555e-01 5.649717514124293983e-04 4.694915254237287949e-01 5.649717514124293983e-04 5.649717514124293983e-04 5.649717514124293983e-04 5.649717514124293983e-04 5.649717514124293983e-04
5.102040816326532157e-04 5.102040816326532157e-04 3.117346938775510945e-01 5.612244897959185047e-03 6.433673469387756194e-01 1.071428571428571612e-02 1.581632653061224719e-02 1.071428571428571612e-02 5.102040816326532157e-04 5.102040816326532157e-04
1.024489795918367557e-01 7.795918367346940658e-02 1.636734693877551217e-01 4.081632653061225183e-04 5.963265306122449427e-01 5.755102040816326842e-02 4.081632653061225183e-04 4.081632653061225183e-04 4.081632653061225183e-04 4.081632653061225183e-04
1.730923694779116784e-01 1.248995983935743265e-01 2.895582329317269443e-01 4.016064257028113707e-04 7.269076305220885381e-02 4.016064257028113707e-04 1.646586345381526387e-02 3.216867469879518548e-01 4.016064257028113707e-04 4.016064257028113707e-04
1.319078947368421129e-01 3.289473684210526242e-04 6.282894736842105365e-02 3.651315789473683765e-02 1.417763157894736947e-01 4.411184210526315486e-01 3.289473684210526242e-04 3.289473684210526242e-04 1.845394736842105310e-01 3.289473684210526242e-04
1.148221343873517680e-01 4.367588932806323876e-02 1.385375494071146019e-01 6.739130434782608647e-02 4.565217391304347838e-02 3.577075098814229415e-02 5.199604743083003910e-01 2.786561264822133913e-02 1.976284584980237129e-04 6.126482213438734503e-03
1.226865671641791111e-01 1.167164179104477617e-01 1.167164179104477617e-01 2.985074626865671672e-04 6.122388059701492358e-01 2.417910447761193946e-02 2.985074626865671672e-04 6.268656716417910293e-03 2.985074626865671672e-04 2.985074626865671672e-04
2.588068181818181657e-01 5.142045454545454697e-02 2.417613636363636076e-01 5.965909090909091161e-03 1.224431818181818260e-01 3.153409090909090745e-02 3.125000000000000173e-03 2.446022727272727237e-01 4.005681818181817955e-02 2.840909090909091313e-04
2.007246376811594180e-01 1.041062801932367138e-01 5.821256038647343312e-02 2.415458937198067843e-04 5.509661835748792535e-01 5.579710144927536863e-02 2.415458937198067843e-04 2.415458937198067843e-04 2.922705314009661770e-02 2.415458937198067843e-04
1.084210526315789319e-01 3.595488721804511179e-01 1.219548872180451077e-01 6.165413533834585708e-03 1.595488721804511068e-01 1.430075187969924722e-01 4.375939849624060213e-02 2.270676691729323418e-02 1.503759398496240800e-04 3.473684210526316318e-02
5.302114803625378181e-02 3.489425981873112148e-02 1.980362537764350506e-01 2.583081570996979132e-02 9.214501510574017035e-03 5.302114803625378181e-02 2.885196374622356688e-02 2.734138972809667736e-02 9.984894259818730133e-02 4.699395770392749694e-01
1.625000000000000056e-01 1.254629629629629706e-01 5.601851851851851610e-02 5.092592592592593004e-03 9.305555555555555802e-02 4.629629629629629806e-04 1.208333333333333343e-01 3.291666666666666630e-01 1.069444444444444531e-01 4.629629629629629806e-04
