1.673316708229425909e-01 2.493765586034912005e-04 2.493765586034912005e-04 3.743142144638402780e-01 2.493765586034912005e-04 6.259351620947629924e-02 6.508728179551120929e-02 2.493765586034912005e-04 7.730673316708227757e-03 2.493765586034912005e-04 2.493765586034912005e-04 2.493765586034912005e-04 2.493765586034912005e-04 2.743142144638403314e-03 1.773067331670822311e-01 2.743142144638403314e-03 1.149625935162094520e-01 7.730673316708227757e-03 2.493765586034912005e-04 2.493765586034912005e-04 2.493765586034912005e-04 2.493765586034912005e-04 2.493765586034912005e-04 2.493765586034912005e-04 2.493765586034912005e-04 2.493765586034912005e-04 2.493765586034912005e-04 1.271820448877804960e-02 2.493765586034912005e-04 2.493765586034912005e-04
1.930501930501930222e-04 1.930501930501930222e-04 1.930501930501930222e-04 1.930501930501930222e-04 1.930501930501930222e-04 1.930501930501930222e-04 1.237451737451737005e-01 1.930501930501930222e-04 1.930501930501930222e-04 1.930501930501930222e-04 1.930501930501930222e-04 1.930501930501930222e-04 2.123552123552123298e-03 7.915057915057912771e-03 1.930501930501930222e-04 1.930501930501930222e-04 1.005791505791505530e-01 1.930501930501930222e-04 2.299227799227798741e-01 4.345559845559844314e-01 5.984555984555983525e-03 1.930501930501930222e-04 1.370656370656370311e-02 2.528957528957528206e-02 9.845559845559842885e-03 4.266409266409265655e-02 1.930501930501930222e-04 1.930501930501930222e-04 1.930501930501930222e-04 1.930501930501930222e-04
2.252252252252251745e-04 2.252252252252251745e-04 2.477477477477476892e-03 2.252252252252251745e-04 2.252252252252251745e-04 2.252252252252251745e-04 8.355855855855853775e-02 2.252252252252251745e-04 2.252252252252251745e-04 2.252252252252251745e-04 2.252252252252251745e-04 2.252252252252251745e-04 2.252252252252251745e-04 1.148648648648648192e-02 2.252252252252251745e-04 2.252252252252251745e-04 1.128378378378378094e-01 4.527027027027025891e-02 1.488738738738738243e-01 4.484234234234232841e-01 2.477477477477476892e-03 2.252252252252251745e-04 2.477477477477476892e-03 2.252252252252251745e-04 2.252252252252251745e-04 6.328828828828828024e-02 6.554054054054052336e-02 4.729729729729729125e-03 4.729729729729729125e-03 2.252252252252251745e-04
1.934324659231722310e-01 5.836431226765799452e-02 1.239157372986369337e-04 1.971499380421313508e-01 2.738537794299876135e-02 1.239157372986369337e-04 5.340768277571251998e-02 1.239157372986369337e-04 1.239157372986369337e-04 6.319702602230482455e-03 2.602230483271375690e-03 2.366790582403965545e-02 1.239157372986369337e-04 1.239157372986369337e-04 3.482032218091697662e-02 1.623296158612143672e-02 1.562577447335811442e-01 6.579925650557620631e-02 5.588599752168525725e-02 2.986369268897150209e-02 3.358116480793060799e-02 3.110285006195787072e-02 2.602230483271375690e-03 6.319702602230482455e-03 1.239157372986369337e-04 1.239157372986369337e-04 1.239157372986369337e-04 1.239157372986369337e-04 3.841387856257744756e-03 1.239157372986369337e-04
5.459459459459461289e-02 2.216216216216216825e-02 2.654054054054054701e-01 1.135135135135135510e-02 5.405405405405407657e-04 5.405405405405407657e-04 5.405405405405407657e-04 5.945945945945948531e-03 5.405405405405407657e-04 2.756756756756757396e-02 4.545945945945947253e-01 5.405405405405407657e-04 5.405405405405407657e-04 5.405405405405407657e-04 5.405405405405407657e-04 5.945945945945948531e-03 1.356756756756757332e-01 5.405405405405407657e-04 5.405405405405407657e-04 5.405405405405407657e-04 5.405405405405407657e-04 5.405405405405407657e-04 5.405405405405407657e-04 5.945945945945948531e-03 5.405405405405407657e-04 5.405405405405407657e-04 5.405405405405407657e-04 5.405405405405407657e-04 5.405405405405407657e-04 5.405405405405407657e-04
3.436426116838486606e-04 1.652920962199312116e-01 3.436426116838486606e-04 2.783505154639174042e-02 3.436426116838486606e-04 3.436426116838486606e-04 1.103092783505154190e-01 3.436426116838486606e-04 3.436426116838486606e-04 3.436426116838486606e-04 5.876288659793812291e-02 3.436426116838486606e-04 3.436426116838486606e-04 2.546391752577318313e-01 1.068728522336769432e-01 3.780068728522335483e-03 2.099656357388315353e-01 3.436426116838486606e-04 3.436426116838486606e-04 3.436426116838486606e-04 5.532646048109964021e-02 3.436426116838486606e-04 3.436426116838486606e-04 3.436426116838486606e-04 3.436426116838486606e-04 3.436426116838486606e-04 3.436426116838486606e-04 3.436426116838486606e-04 3.436426116838486606e-04 3.436426116838486606e-04
3.921568627450981314e-04 3.921568627450981314e-04 5.529411764705883386e-02 3.921568627450981314e-04 6.749019607843138591e-01 4.313725490196079933e-03 4.313725490196079933e-03 3.568627450980392524e-02 3.176470588235294490e-02 3.921568627450981314e-04 3.921568627450981314e-04 3.921568627450981314e-04 3.921568627450981314e-04 3.921568627450981314e-04 3.921568627450981314e-04 3.921568627450981314e-04 9.450980392156865806e-02 1.215686274509804148e-02 3.921568627450981314e-04 3.921568627450981314e-04 3.921568627450981314e-04 3.921568627450981314e-04 2.784313725490196456e-02 3.921568627450981314e-04 3.921568627450981314e-04 4.313725490196079933e-03 1.607843137254902008e-02 3.921568627450981314e-04 3.176470588235294490e-02 3.921568627450981314e-04
1.036585365853658243e-02 2.032520325203251760e-04 1.443089430894308606e-02 2.032520325203251760e-04 2.032520325203251760e-04 2.032520325203251760e-04 2.032520325203251760e-04 2.032520325203251760e-04 2.032520325203251760e-04 2.032520325203251760e-04 2.032520325203251760e-04 4.268292682926828722e-03 5.508130081300811887e-02 6.300813008130079669e-03 1.646341463414633527e-02 2.032520325203251760e-04 1.302845528455284230e-01 2.136178861788617378e-01 6.524390243902437880e-02 2.235772357723576909e-03 2.032520325203251760e-04 2.032520325203251760e-04 5.101626016260162044e-02 3.678861788617885514e-02 2.032520325203251760e-04 1.079268292682926678e-01 2.235772357723576909e-03 2.032520325203251760e-04 8.333333333333331483e-03 2.725609756097560066e-01
5.172413793103447337e-03 2.463054187192117495e-04 7.413793103448274024e-02 2.463054187192117495e-04 2.463054187192117495e-04 2.463054187192117495e-04 7.413793103448274024e-02 2.463054187192117495e-04 2.463054187192117495e-04 2.463054187192117495e-04 2.463054187192117495e-04 2.463054187192117495e-04 2.463054187192117495e-04 2.463054187192117495e-04 5.172413793103447337e-03 2.463054187192117495e-04 1.357142857142856762e-01 1.995073891625614992e-02 9.876847290640392019e-02 6.428571428571426549e-02 4.950738916256156724e-02 2.463054187192117495e-04 2.046798029556649579e-01 2.463054187192117495e-04 2.487684729064038730e-02 1.502463054187191602e-02 3.719211822660097727e-02 2.463054187192117495e-04 2.463054187192117495e-04 1.874384236453201236e-01
2.906976744186047013e-04 2.906976744186047013e-04 2.906976744186047013e-04 3.197674418604651986e-03 2.906976744186047013e-04 2.906976744186047013e-04 9.622093023255816335e-02 2.906976744186047013e-04 2.906976744186047013e-04 2.906976744186047013e-04 6.104651162790699324e-03 2.906976744186047013e-04 3.226744186046512364e-02 2.906976744186047013e-04 2.906976744186047013e-04 2.906976744186047013e-04 1.543604651162790997e-01 2.906976744186047013e-04 2.906976744186047013e-04 2.906976744186047013e-04 2.906976744186047013e-04 2.906976744186047013e-04 2.415697674418604834e-01 2.906976744186047013e-04 1.020348837209302528e-01 3.517441860465116837e-02 2.906976744186047013e-04 2.906976744186047013e-04 2.063953488372093428e-02 3.026162790697674576e-01
1.739961759082217507e-02 1.357552581261949921e-02 2.181644359464626481e-01 1.912045889101338146e-04 1.912045889101338146e-04 1.912045889101338146e-04 2.313575525812618799e-02 2.468451242829827197e-01 2.695984703632886559e-02 4.015296367112810433e-03 6.137667304015295006e-02 1.912045889101338146e-04 1.912045889101338146e-04 9.005736137667302854e-02 1.912045889101338146e-04 1.912045889101338146e-04 9.579349904397703452e-02 1.912045889101338146e-04 1.912045889101338146e-04 9.751434034416823354e-03 1.912045889101338146e-04 1.912045889101338146e-04 1.912045889101338146e-04 1.912045889101338146e-04 1.912045889101338146e-04 1.912045889101338146e-04 7.667304015296365349e-02 1.912045889101338146e-04 1.130019120458890802e-01 1.912045889101338146e-04
1.680672268907562801e-04 3.546218487394957319e-02 1.680672268907562801e-04 2.369747899159663218e-02 1.680672268907562801e-04 1.680672268907562801e-04 7.075630252100839623e-02 1.680672268907562801e-04 1.680672268907562801e-04 1.680672268907562801e-04 1.680672268907562801e-04 3.529411764705882044e-03 2.522689075630251687e-01 1.680672268907562801e-04 1.680672268907562801e-04 1.680672268907562801e-04 1.968067226890755916e-01 1.680672268907562801e-04 1.680672268907562801e-04 1.848739495798319135e-03 1.680672268907562801e-04 1.680672268907562801e-04 8.420168067226889430e-02 1.680672268907562801e-04 9.260504201680670733e-02 1.043697478991596483e-01 1.680672268907562801e-04 1.680672268907562801e-04 1.193277310924369464e-02 1.194957983193277035e-01
2.931392931392930168e-02 2.079002079002078304e-04 2.079002079002078304e-04 2.307692307692306780e-02 2.079002079002078304e-04 2.079002079002078304e-04 1.727650727650726914e-01 2.286902286902286162e-03 9.168399168399166133e-02 3.762993762993761815e-02 2.850311850311849082e-01 2.079002079002078304e-04 2.079002079002078304e-04 4.594594594594593462e-02 6.444906444906442662e-03 2.079002079002078304e-04 1.769230769230768496e-01 2.079002079002078304e-04 2.079002079002078304e-04 2.079002079002078304e-04 1.060291060291059830e-02 2.079002079002078304e-04 2.079002079002078304e-04 2.079002079002078304e-04 2.079002079002078304e-04 2.079002079002078304e-04 2.079002079002078304e-04 2.079002079002078304e-04 1.145530145530145177e-01 2.079002079002078304e-04
3.816793893129770410e-04 3.816793893129770410e-04 3.816793893129770410e-04 3.816793893129770410e-04 3.816793893129770410e-04 3.816793893129770410e-04 1.568702290076335604e-01 4.198473282442747451e-03 3.816793893129770410e-04 3.816793893129770410e-04 3.816793893129770410e-04 3.816793893129770410e-04 3.816793893129770410e-04 4.198473282442747451e-03 3.816793893129770410e-04 8.015267175572517860e-03 1.564885496183205521e-02 3.816793893129770410e-04 1.110687022900763155e-01 5.080152671755724381e-01 3.816793893129770410e-04 3.816793893129770410e-04 3.816793893129770410e-04 4.999999999999998890e-02 2.328244274809159603e-02 3.816793893129770410e-04 1.110687022900763155e-01 3.816793893129770410e-04 3.816793893129770410e-04 3.816793893129770410e-04
1.532608695652173600e-02 3.369565217391303890e-03 1.967391304347826039e-02 1.086956521739130340e-04 1.195652173913043428e-03 1.206521739130434617e-02 2.446739130434782139e-01 1.086956521739130340e-04 1.086956521739130340e-04 4.456521739130433687e-03 1.086956521739130340e-04 4.456521739130433687e-03 4.902173913043477577e-02 1.086956521739130340e-04 7.717391304347824381e-03 1.086956521739130340e-04 1.544565217391304091e-01 1.086956521739130340e-04 1.641304347826086710e-02 1.086956521739130340e-04 1.086956521739130340e-04 1.086956521739130340e-04 9.032608695652172281e-02 3.489130434782608536e-02 2.836956521739130224e-02 8.804347826086954612e-03 1.086956521739130340e-04 1.086956521739130340e-04 1.086956521739130340e-04 3.033695652173912793e-01
1.760563380281689964e-04 7.218309859154927767e-03 1.760563380281689964e-04 5.457746478873238237e-03 1.760563380281689964e-04 1.760563380281689964e-04 3.890845070422534885e-02 3.697183098591548707e-03 1.760563380281689964e-04 1.760563380281689964e-04 1.760563380281689964e-04 1.760563380281689964e-04 3.065140845070422060e-01 1.602112676056337628e-02 1.760563380281689964e-04 1.760563380281689964e-04 1.762323943661971426e-01 1.602112676056337628e-02 1.760563380281689964e-04 1.760563380281689964e-04 1.760563380281689964e-04 1.760563380281689964e-04 2.482394366197182567e-02 1.760563380281689964e-04 1.621478873239436125e-01 6.883802816901407606e-02 1.426056338028168675e-02 1.760563380281689964e-04 1.760563380281689964e-04 1.568661971830985491e-01
2.798373983739836923e-01 1.626016260162601354e-04 2.700813008130080739e-01 1.626016260162601354e-04 3.414634146341462978e-03 1.626016260162601354e-04 9.284552845528454279e-02 1.317073170731707099e-02 1.626016260162601354e-04 6.666666666666664492e-03 1.788617886178861570e-03 1.154471544715446850e-02 1.626016260162601354e-04 1.626016260162601354e-04 1.626016260162601354e-04 1.626016260162601354e-04 1.546341463414633854e-01 1.626016260162601354e-04 5.040650406504064603e-03 1.626016260162601354e-04 1.626016260162601354e-04 1.626016260162601354e-04 5.382113821138210380e-02 1.626016260162601354e-04 1.626016260162601354e-04 1.626016260162601354e-04 1.642276422764227251e-02 1.626016260162601354e-04 6.032520325203251377e-02 2.780487804878048474e-02
7.473309608540924277e-03 3.558718861209964122e-04 3.558718861209964122e-04 3.558718861209964122e-04 3.558718861209964122e-04 3.558718861209964122e-04 1.498220640569394857e-01 3.558718861209964122e-04 1.071174377224199115e-01 3.558718861209964122e-04 3.914590747330960047e-03 1.960854092526690129e-01 3.558718861209964122e-04 2.316725978647686257e-01 3.558718861209964122e-04 1.459074733096085014e-02 1.355871886120996184e-01 3.558718861209964122e-04 3.558718861209964122e-04 3.914590747330960047e-03 3.558718861209964122e-04 7.473309608540924277e-03 3.558718861209964122e-04 3.558718861209964122e-04 3.558718861209964122e-04 3.914590747330960047e-03 9.288256227758005801e-02 3.558718861209964122e-04 3.950177935943059715e-02 3.558718861209964122e-04
2.242152466367712484e-04 1.302690582959641075e-01 2.242152466367712484e-04 2.242152466367712484e-04 4.105381165919281261e-01 2.242152466367712484e-04 4.058295964125559901e-02 2.242152466367712484e-04 6.950672645739908347e-03 2.242152466367712484e-04 2.242152466367712484e-04 2.242152466367712484e-04 1.143497757847533255e-02 2.242152466367712484e-04 2.242152466367712484e-04 2.242152466367712484e-04 1.145739910313901128e-01 1.591928251121075763e-02 2.466367713004483705e-03 2.242152466367712484e-04 2.242152466367712484e-04 1.549327354260089107e-01 2.242152466367712484e-04 2.242152466367712484e-04 2.242152466367712484e-04 2.242152466367712484e-04 1.033632286995515431e-01 4.708520179372196676e-03 2.242152466367712484e-04 2.242152466367712484e-04
1.886792452830188315e-04 1.886792452830188315e-04 1.528301886792452456e-02 1.886792452830188315e-04 1.886792452830188315e-04 1.886792452830188315e-04 5.113207547169810324e-02 1.886792452830188315e-04 1.886792452830188315e-04 1.886792452830188315e-04 2.075471698113207173e-03 1.886792452830188315e-04 2.907547169811319776e-01 1.886792452830188315e-04 1.886792452830188315e-04 2.075471698113207173e-03 2.115094339622640984e-01 9.622641509433959781e-03 1.886792452830188315e-04 3.962264150943395867e-03 1.886792452830188315e-04 1.886792452830188315e-04 9.075471698113206365e-02 1.886792452830188315e-04 2.133962264150942867e-01 1.716981132075471109e-02 3.226415094339622064e-02 1.886792452830188315e-04 1.886792452830188315e-04 5.679245283018866802e-02
7.011173184357542831e-02 2.793296089385475167e-04 3.379888268156424486e-02 7.011173184357542831e-02 2.793296089385475167e-04 2.793296089385475167e-04 7.290502793296090023e-02 1.092178770949720767e-01 2.793296089385475167e-04 2.793296089385475167e-04 2.793296089385475167e-04 2.793296089385475167e-04 1.424581005586592064e-02 2.793296089385475167e-04 2.793296089385475167e-04 2.793296089385475167e-04 1.511173184357541832e-01 2.793296089385475167e-04 2.793296089385475167e-04 1.145251396648044526e-02 3.072625698324022575e-03 2.793296089385475167e-04 7.011173184357542831e-02 1.703910614525139602e-02 5.865921787709497091e-03 5.865921787709497091e-03 2.793296089385475167e-04 8.659217877094971608e-03 1.092178770949720767e-01 2.432960893854748397e-01
2.517080745341614412e-01 1.257763975155279206e-02 2.982919254658384367e-01 6.366459627329190858e-03 2.189440993788819428e-02 1.552795031055900408e-04 3.897515527950309866e-02 1.552795031055900408e-04 1.552795031055900408e-04 3.260869565217390693e-03 4.813664596273291643e-03 1.552795031055900408e-04 3.260869565217390693e-03 1.552795031055900408e-04 2.810559006211179808e-02 1.552795031055900408e-04 1.756211180124223337e-01 1.552795031055900408e-04 1.568322981366459395e-02 1.552795031055900408e-04 1.552795031055900408e-04 1.552795031055900408e-04 4.363354037267080238e-02 1.723602484472049404e-02 1.552795031055900408e-04 1.552795031055900408e-04 1.552795031055900408e-04 1.552795031055900408e-04 7.624223602484471451e-02 1.552795031055900408e-04
2.801120448179270973e-04 2.801120448179270973e-04 2.801120448179270973e-04 1.428571428571428006e-02 5.882352941176468772e-03 2.801120448179270973e-04 8.431372549019605644e-02 2.803921568627449901e-01 3.081232492997198341e-03 2.801120448179270973e-04 2.801120448179270973e-04 2.801120448179270973e-04 2.801120448179270973e-04 2.103641456582632241e-01 3.081232492997198341e-03 2.801120448179270973e-04 1.851540616246497850e-01 2.801120448179270973e-04 2.801120448179270973e-04 5.882352941176468772e-03 2.801120448179270973e-04 2.801120448179270973e-04 5.630252100840334867e-02 5.882352941176468772e-03 2.801120448179270973e-04 2.801120448179270973e-04 2.801120448179270973e-04 2.801120448179270973e-04 1.403361344537814581e-01 2.801120448179270973e-04
2.272727272727272183e-04 4.113636363636363064e-02 3.204545454545453670e-02 2.272727272727272183e-04 2.272727272727272183e-04 2.272727272727272183e-04 3.659090909090908367e-02 3.797727272727271508e-01 2.272727272727272183e-04 1.024999999999999800e-01 2.272727272727272183e-04 2.272727272727272183e-04 2.272727272727272183e-04 9.340909090909088608e-02 2.272727272727272183e-04 5.704545454545453115e-02 1.706818181818181290e-01 2.272727272727272183e-04 2.272727272727272183e-04 1.386363636363635923e-02 2.499999999999999618e-03 2.272727272727272183e-04 7.045454545454543985e-03 2.522727272727271972e-02 2.272727272727272183e-04 2.272727272727272183e-04 2.272727272727272183e-04 2.499999999999999618e-03 1.386363636363635923e-02 1.840909090909090273e-02
2.864864864864864399e-02 7.722007722007721159e-05 7.722007722007721159e-05 1.397683397683397583e-02 7.722007722007721159e-05 3.173745173745173148e-02 6.262548262548260636e-02 7.722007722007721159e-05 4.332046332046331216e-02 3.405405405405404623e-02 7.722007722007721159e-05 1.621621621621621321e-03 2.015444015444015080e-02 1.621621621621621321e-03 8.494208494208493410e-04 7.722007722007721159e-05 1.205405405405405167e-01 7.722007722007721159e-05 6.339768339768338257e-02 9.660231660231657913e-02 2.015444015444015080e-02 7.722007722007721159e-05 1.321235521235520904e-01 2.710424710424710198e-02 4.710424710424709026e-03 7.722007722007721159e-05 7.722007722007721159e-05 7.722007722007721159e-05 7.722007722007721159e-05 2.958301158301158140e-01
3.713768115942027784e-03 9.057971014492752378e-05 9.057971014492752378e-05 9.057971014492752378e-05 9.057971014492752378e-05 3.360507246376810697e-02 3.722826086956521063e-02 1.186594202898550408e-02 1.458333333333333183e-02 1.005434782608695399e-02 9.057971014492752378e-05 9.057971014492752378e-05 2.545289855072463414e-02 9.963768115942028564e-04 4.356884057971013857e-02 9.057971014492752378e-05 2.165760869565216962e-01 9.057971014492752378e-05 5.534420289855071506e-02 5.262681159420289079e-02 1.367753623188405418e-02 9.057971014492752378e-05 1.314311594202898226e-01 5.525362318840577880e-03 3.813405797101448308e-02 2.454710144927535823e-02 1.458333333333333183e-02 9.057971014492752378e-05 5.525362318840577880e-03 2.600543478260869401e-01
2.136752136752136479e-04 2.136752136752136479e-04 2.136752136752136479e-04 2.136752136752136479e-04 2.350427350427349883e-03 2.136752136752136479e-04 1.412393162393161816e-01 2.136752136752136479e-04 2.371794871794871001e-02 2.136752136752136479e-04 2.136752136752136479e-04 6.623931623931622083e-03 2.136752136752136479e-04 2.158119658119657391e-02 3.653846153846153355e-02 2.136752136752136479e-04 1.134615384615384331e-01 2.136752136752136479e-04 2.136752136752136479e-04 1.517094017094016735e-02 2.136752136752136479e-04 2.350427350427349883e-03 2.715811965811965045e-01 2.136752136752136479e-04 9.423076923076921518e-02 4.508547008547007795e-02 2.136752136752136479e-04 2.136752136752136479e-04 2.136752136752136479e-04 2.224358974358973673e-01
6.262626262626261320e-03 2.646464646464645812e-02 1.030303030303029999e-02 4.868686868686868119e-02 1.355555555555555125e-01 2.020202020202019929e-04 1.153535353535353331e-01 9.717171717171715906e-02 1.232323232323231932e-02 3.454545454545453892e-02 1.232323232323231932e-02 2.020202020202019929e-04 2.020202020202019929e-04 1.759595959595958992e-01 4.242424242424241987e-03 2.020202020202019929e-04 1.092929292929292751e-01 1.234343434343434104e-01 2.020202020202019929e-04 2.020202020202019929e-04 2.020202020202019929e-04 2.020202020202019929e-04 2.020202020202019929e-04 2.020202020202019929e-04 2.020202020202019929e-04 2.020202020202019929e-04 3.656565656565655825e-02 2.020202020202019929e-04 4.868686868686868119e-02 2.020202020202019929e-04
2.558139534883720288e-03 2.325581395348836798e-04 2.325581395348836798e-04 2.558139534883720288e-03 2.325581395348836798e-04 2.325581395348836798e-04 4.906976744186045819e-02 2.325581395348836798e-04 3.583720930232557333e-01 7.930232558139532761e-02 2.325581395348836798e-04 2.325581395348836798e-04 2.325581395348836798e-04 2.325581395348836798e-04 2.325581395348836798e-04 2.325581395348836798e-04 1.327906976744185619e-01 2.325581395348836798e-04 2.325581395348836798e-04 1.281395348837209014e-01 3.744186046511627231e-02 2.325581395348836798e-04 2.325581395348836798e-04 2.558139534883720288e-03 1.839534883720929659e-01 7.209302325581393341e-03 1.186046511627906509e-02 2.325581395348836798e-04 2.325581395348836798e-04 2.325581395348836798e-04
8.169491525423724920e-02 7.118644067796606363e-03 3.389830508474574330e-04 3.389830508474574330e-04 3.389830508474574330e-04 3.389830508474574330e-04 1.596610169491524678e-01 3.389830508474574330e-04 3.084745762711862613e-02 3.389830508474574330e-04 3.389830508474574330e-04 6.135593220338979997e-02 3.389830508474574330e-04 3.389830508474574330e-04 3.389830508474574330e-04 3.389830508474574330e-04 1.359322033898304471e-01 2.579661016949150731e-01 3.389830508474574330e-04 3.389830508474574330e-04 1.664406779661015967e-01 3.389830508474574330e-04 3.389830508474574330e-04 3.389830508474574330e-04 3.389830508474574330e-04 1.050847457627118037e-02 3.389830508474574330e-04 3.389830508474574330e-04 7.830508474576267086e-02 3.728813559322031925e-03
1.733102253032928739e-04 1.733102253032928739e-04 8.838821490467935540e-03 1.733102253032928739e-04 1.733102253032928739e-04 5.909878682842286540e-02 2.930675909878682206e-01 1.733102253032928739e-04 1.733102253032928739e-04 1.733102253032928739e-04 1.733102253032928739e-04 1.733102253032928739e-04 1.923743500866550646e-02 1.733102253032928739e-04 5.043327556325822442e-02 1.906412478336221667e-03 1.821490467937607882e-01 3.310225303292893551e-02 1.906412478336221667e-03 1.733102253032928739e-04 2.443674176776429105e-02 1.733102253032928739e-04 1.733102253032928739e-04 1.403812824956672187e-02 1.873483535528595589e-01 7.469670710571922612e-02 4.696707105719236802e-02 1.733102253032928739e-04 1.733102253032928739e-04 1.733102253032928739e-04
1.466275659824046920e-04 1.774193548387096794e-02 1.466275659824046920e-04 8.079178885630498852e-02 3.079178885630498748e-03 2.068914956011730089e-01 1.174486803519061567e-01 1.187683284457478027e-02 3.079178885630498748e-03 1.466275659824046920e-04 1.466275659824046920e-04 1.466275659824046920e-04 7.478005865102639073e-03 1.466275659824046920e-04 2.214076246334310827e-02 1.612903225806451828e-03 2.230205278592375384e-01 6.319648093841642722e-02 1.466275659824046920e-04 1.627565982404691886e-02 3.680351906158357833e-02 3.079178885630498748e-03 1.612903225806451828e-03 1.466275659824046920e-04 1.291788856304985356e-01 1.466275659824046920e-04 5.293255131964809401e-02 1.466275659824046920e-04 1.466275659824046920e-04 1.466275659824046920e-04
2.770083102493073931e-04 2.770083102493073931e-04 1.166204986149584205e-01 2.770083102493073931e-04 6.817174515235454590e-01 2.770083102493073931e-04 5.290858725761771880e-02 2.770083102493073931e-04 2.770083102493073931e-04 2.770083102493073931e-04 2.770083102493073931e-04 2.770083102493073931e-04 2.770083102493073931e-04 2.770083102493073931e-04 2.770083102493073931e-04 2.770083102493073931e-04 1.249307479224376349e-01 2.770083102493073931e-04 2.770083102493073931e-04 2.770083102493073931e-04 2.770083102493073931e-04 3.047091412742381541e-03 2.770083102493073931e-04 3.047091412742381541e-03 2.770083102493073931e-04 2.770083102493073931e-04 8.587257617728528969e-03 2.770083102493073931e-04 3.047091412742381541e-03 2.770083102493073931e-04
7.090032154340834836e-02 1.607717041800642852e-04 1.607717041800642852e-04 1.768488745980707245e-03 1.607717041800642852e-04 1.607717041800642852e-04 1.545016077170417723e-01 1.607717041800642852e-04 1.607717041800642852e-04 1.607717041800642852e-04 9.807073954983921288e-03 1.607717041800642852e-04 1.607717041800642852e-04 3.376205787781349880e-03 4.356913183279742530e-02 1.255627009646301806e-01 2.155948553054661820e-01 1.607717041800642852e-04 2.427652733118970674e-02 1.607717041800642852e-04 1.607717041800642852e-04 1.607717041800642852e-04 1.175241157556269761e-01 3.376205787781349880e-03 3.392282958199356602e-02 1.607717041800642852e-04 1.607717041800642852e-04 1.607717041800642852e-04 6.125401929260449602e-02 1.319935691318327720e-01
1.665133394664214395e-02 9.199632014719416021e-05 9.199632014719416021e-05 8.371665133394667196e-03 9.199632014719416021e-05 2.769089236430544165e-02 9.668813247470105232e-02 8.371665133394667196e-03 1.905243790248390690e-01 2.677092916283349902e-02 9.199632014719416021e-05 9.199632014719416021e-05 9.199632014719416021e-05 9.199632014719416021e-05 9.199632014719416021e-05 9.199632014719416021e-05 1.620055197792089063e-01 6.531738730450784534e-03 9.199632014719416021e-05 3.413063477460902967e-02 9.199632014719416021e-05 7.451701931922726299e-03 3.597056117755291493e-02 9.199632014719416021e-05 3.358785648574058591e-01 9.199632014719416021e-05 3.781048758049680020e-02 9.199632014719416021e-05 1.011959521619135681e-03 2.851885924563018777e-03
3.577512776831345484e-03 1.703577512776830989e-04 1.890971039182282390e-02 8.688245315161838289e-03 1.890971039182282390e-02 3.577512776831345484e-03 1.211243611584326696e-01 1.703577512776830989e-04 1.703577512776830989e-04 1.209540034071550016e-02 1.703577512776830989e-04 5.281090289608176419e-03 2.761499148211242760e-01 1.703577512776830989e-04 1.703577512776830989e-04 1.703577512776830989e-04 1.006814310051107192e-01 1.703577512776830989e-04 1.703577512776830989e-04 1.703577512776830989e-04 1.703577512776830989e-04 1.703577512776830989e-04 3.935264054514479859e-02 1.703577512776830989e-04 1.211243611584326696e-01 7.683134582623507569e-02 5.298126064735944607e-02 2.402044293015331844e-02 1.379897785349233109e-02 1.006814310051107192e-01
4.255319148936171259e-04 3.021276595744681534e-02 7.702127659574470320e-02 2.170212765957447304e-02 4.255319148936171259e-04 6.851063829787236437e-02 4.255319148936171259e-04 4.255319148936171259e-04 1.319148936170213074e-02 4.255319148936171259e-04 4.255319148936171259e-04 4.255319148936171259e-04 4.255319148936171259e-04 4.255319148936171259e-04 6.131914893617022022e-01 4.255319148936171259e-04 4.255319148936171259e-04 4.680851063829788439e-03 4.255319148936171259e-04 4.255319148936171259e-04 4.723404255319149647e-02 4.680851063829788439e-03 2.595744680851064246e-02 4.255319148936171259e-04 4.255319148936171259e-04 1.319148936170213074e-02 4.255319148936171259e-04 7.276595744680854072e-02 4.255319148936171259e-04 4.255319148936171259e-04
1.249999999999999375e-02 3.048780487804876962e-04 4.298780487804876316e-02 3.048780487804876962e-04 3.048780487804876962e-04 3.048780487804876962e-04 2.198170731707316250e-01 1.249999999999999375e-02 3.966463414634144868e-01 3.048780487804876962e-04 3.048780487804876962e-04 1.249999999999999375e-02 3.048780487804876962e-04 3.048780487804876962e-04 3.048780487804876962e-04 3.048780487804876962e-04 5.823170731707315306e-02 9.451219512195118203e-03 1.554878048780487104e-02 3.353658536585364929e-03 3.048780487804876962e-04 3.048780487804876962e-04 3.048780487804876962e-04 3.048780487804876962e-04 1.222560975609755657e-01 3.048780487804876962e-04 2.164634146341462562e-02 3.048780487804876962e-04 3.048780487804876962e-04 6.737804878048778146e-02
2.212389380530973421e-04 2.212389380530973421e-04 2.212389380530973421e-04 2.212389380530973421e-04 1.617256637168141276e-01 2.212389380530973421e-04 4.161504424778760258e-01 2.433628318584070763e-03 2.212389380530973421e-04 9.070796460176989290e-03 2.212389380530973421e-04 2.433628318584070763e-03 2.212389380530973421e-04 2.433628318584070763e-03 2.212389380530973421e-04 1.727876106194689843e-01 5.553097345132743112e-02 4.889380530973450739e-02 4.225663716814159060e-02 2.212389380530973421e-04 1.792035398230088297e-02 2.212389380530973421e-04 2.433628318584070763e-03 2.212389380530973421e-04 2.212389380530973421e-04 2.676991150442477319e-02 3.561946902654867381e-02 2.212389380530973421e-04 2.212389380530973421e-04 2.212389380530973421e-04
1.615508885298868973e-04 1.615508885298868973e-04 1.777059773828755952e-03 1.615508885298868973e-04 7.609046849757672426e-02 9.854604200323099569e-03 9.063004846526653835e-02 2.439418416801291886e-02 3.247172859450726812e-02 1.615508885298868973e-04 1.615508885298868973e-04 5.008077544426493138e-03 1.615508885298868973e-04 1.615508885298868973e-04 1.777059773828755952e-03 1.615508885298868973e-04 4.862681744749595275e-02 5.993537964458803963e-02 1.615508885298868973e-04 9.063004846526653835e-02 1.615508885298868973e-04 3.392568659127624762e-03 1.615508885298868973e-04 1.615508885298868973e-04 1.777059773828755952e-03 1.615508885298868973e-04 4.056542810985459546e-01 3.085621970920839757e-02 1.615508885298868973e-04 1.148626817447495618e-01
3.448275862068964168e-04 8.310344827586203797e-02 3.448275862068964168e-04 3.448275862068964168e-04 7.241379310344825404e-03 3.448275862068964168e-04 1.758620689655171487e-02 8.310344827586203797e-02 1.658620689655171676e-01 1.417241379310344440e-01 1.589655172413792505e-01 3.448275862068964168e-04 2.103448275862068034e-02 3.448275862068964168e-04 3.448275862068964168e-04 3.448275862068964168e-04 1.382758620689654716e-01 3.448275862068964168e-04 3.448275862068964168e-04 7.241379310344825404e-03 3.448275862068964168e-04 3.448275862068964168e-04 3.448275862068964168e-04 3.448275862068964168e-04 1.758620689655171487e-02 3.448275862068964168e-04 1.072413793103447893e-01 3.137931034482756981e-02 3.793103448275860802e-03 1.068965517241378914e-02
1.700680272108843420e-04 1.700680272108843420e-04 6.139455782312924076e-02 1.870748299319727626e-03 2.738095238095237735e-02 3.078231292517006473e-02 1.175170068027210496e-01 1.700680272108843420e-04 1.717687074829931521e-02 1.700680272108843420e-04 1.700680272108843420e-04 1.700680272108843420e-04 2.738095238095237735e-02 1.870748299319727626e-03 1.700680272108843420e-04 1.700680272108843420e-04 3.418367346938774864e-02 9.200680272108842372e-02 1.700680272108843420e-04 6.479591836734692467e-02 1.700680272108843420e-04 1.700680272108843420e-04 3.078231292517006473e-02 1.700680272108843420e-04 1.700680272108843420e-04 1.700680272108843420e-04 3.352040816326529726e-01 8.673469387755100221e-03 1.870748299319727626e-03 1.447278911564625348e-01
1.458955223880596952e-01 4.141791044776119146e-02 3.731343283582089589e-04 3.731343283582089589e-04 4.104477611940299253e-03 3.731343283582089589e-04 3.731343283582089589e-04 3.731343283582089589e-04 3.731343283582089589e-04 3.731343283582089589e-04 3.731343283582089589e-04 3.731343283582089589e-04 3.731343283582089589e-04 3.731343283582089589e-04 5.675373134328357549e-01 3.731343283582089589e-04 1.533582089552238958e-01 3.731343283582089589e-04 3.731343283582089589e-04 3.731343283582089589e-04 3.731343283582089589e-04 3.731343283582089589e-04 4.104477611940299253e-03 3.731343283582089589e-04 4.104477611940299253e-03 3.731343283582089589e-04 3.731343283582089589e-04 3.731343283582089589e-04 7.126865671641791078e-02 3.731343283582089589e-04
3.676470588235292982e-04 3.676470588235292982e-04 4.044117647058822172e-03 3.676470588235292982e-04 3.676470588235292982e-04 1.139705882352940770e-02 3.713235294117645663e-02 3.676470588235292982e-04 3.676470588235292982e-04 4.044117647058822172e-03 3.676470588235292982e-04 3.676470588235292982e-04 3.676470588235292982e-04 3.676470588235292982e-04 3.459558823529410021e-01 4.044117647058822172e-03 1.547794117647058321e-01 3.676470588235292982e-04 3.676470588235292982e-04 3.676470588235292982e-04 8.124999999999997502e-02 3.676470588235292982e-04 2.466911764705881083e-01 3.676470588235292982e-04 4.816176470588233449e-02 3.676470588235292982e-04 7.720588235294114504e-03 3.713235294117645663e-02 3.676470588235292982e-04 1.139705882352940770e-02
3.818181818181817355e-03 1.818181818181817801e-04 3.109090909090908572e-02 1.818181818181817801e-04 1.818181818181817801e-04 1.818181818181817801e-04 8.745454545454543760e-02 1.818181818181817801e-04 1.818181818181817801e-04 3.818181818181817355e-03 1.818181818181817801e-04 1.818181818181817801e-04 2.819999999999999174e-01 3.818181818181817355e-03 1.818181818181817801e-04 3.818181818181817355e-03 8.199999999999998956e-02 1.109090909090908877e-02 2.199999999999999525e-02 6.018181818181816967e-02 1.818181818181817801e-04 1.818181818181817801e-04 2.745454545454544676e-02 1.818181818181817801e-04 1.801818181818181375e-01 1.818181818181817801e-04 9.109090909090906962e-02 1.818181818181817801e-04 3.472727272727272468e-02 7.290909090909089563e-02
2.551020408163264452e-04 2.551020408163264452e-04 1.303571428571428104e-01 2.551020408163264452e-04 6.507653061224487612e-01 2.551020408163264452e-04 7.678571428571426272e-02 2.551020408163264452e-04 2.551020408163264452e-04 2.551020408163264452e-04 2.551020408163264452e-04 2.551020408163264452e-04 2.551020408163264452e-04 2.551020408163264452e-04 2.551020408163264452e-04 2.551020408163264452e-04 1.022959183673469163e-01 2.551020408163264452e-04 2.551020408163264452e-04 2.551020408163264452e-04 2.551020408163264452e-04 2.551020408163264452e-04 7.908163265306120127e-03 2.551020408163264452e-04 2.551020408163264452e-04 2.551020408163264452e-04 1.811224489795917880e-02 2.551020408163264452e-04 7.908163265306120127e-03 2.551020408163264452e-04
2.331002331002331000e-04 2.331002331002331000e-04 1.750582750582750369e-01 2.331002331002331000e-04 2.354312354312354180e-02 2.331002331002331000e-04 4.685314685314685701e-02 4.918414918414918541e-02 2.331002331002331000e-04 2.331002331002331000e-04 2.331002331002331000e-04 2.331002331002331000e-04 2.331002331002331000e-04 4.219114219114219327e-02 1.888111888111888154e-02 2.331002331002331000e-04 1.237762237762237844e-01 2.331002331002331000e-04 3.053613053613053394e-02 2.331002331002331000e-04 2.331002331002331000e-04 2.331002331002331000e-04 3.752913752913752954e-02 2.331002331002331000e-04 2.331002331002331000e-04 2.564102564102564100e-03 2.564102564102564100e-03 2.331002331002331000e-04 5.850815850815851288e-02 3.848484848484848286e-01
1.066098081023453975e-04 9.701492537313430656e-03 1.216417910447760847e-01 1.066098081023453975e-04 6.131130063965883892e-01 1.066098081023453975e-04 5.874200426439231404e-02 1.066098081023453975e-04 1.066098081023453975e-04 4.371002132196160836e-03 1.066098081023453975e-04 1.066098081023453975e-04 1.066098081023453975e-04 3.528784648187632822e-02 1.066098081023453975e-04 1.066098081023453975e-04 8.646055437100209906e-02 1.396588486140724547e-02 4.371002132196160836e-03 1.066098081023453975e-04 1.066098081023453975e-04 1.066098081023453975e-04 1.066098081023453975e-04 1.716417910447760875e-02 1.066098081023453975e-04 1.066098081023453975e-04 1.066098081023453975e-04 8.635394456289975651e-03 2.462686567164178511e-02 1.066098081023453975e-04
1.044932079414837787e-04 3.040752351097178105e-02 1.044932079414837787e-04 1.044932079414837787e-04 1.044932079414837787e-04 1.044932079414837787e-04 8.265412748171366286e-02 1.286311389759665358e-01 3.239289446185997234e-03 1.264367816091953658e-02 1.044932079414837787e-04 1.044932079414837787e-04 1.044932079414837787e-04 2.947753396029257900e-01 1.044932079414837787e-04 3.239289446185997234e-03 2.362591431556948229e-01 2.518286311389759252e-02 1.044932079414837787e-04 1.044932079414837787e-04 1.044932079414837787e-04 1.044932079414837787e-04 3.040752351097178105e-02 1.044932079414837787e-04 1.044932079414837787e-04 1.044932079414837787e-04 1.044932079414837787e-04 1.044932079414837787e-04 1.505747126436781103e-01 1.044932079414837787e-04
2.881844380403457266e-04 4.927953890489912558e-02 8.933717579250717578e-03 2.881844380403457266e-04 2.881844380403457266e-04 3.170028818443803263e-03 3.487031700288183156e-02 3.489913544668586387e-01 2.881844380403457266e-04 2.910662824207491811e-02 2.881844380403457266e-04 2.881844380403457266e-04 3.170028818443803263e-03 1.126801152737751804e-01 2.881844380403457266e-04 5.792507204610949229e-02 1.328530259365993949e-01 2.881844380403457266e-04 3.170028818443803263e-03 2.881844380403457266e-04 2.881844380403457266e-04 2.881844380403457266e-04 2.881844380403457266e-04 2.881844380403457266e-04 3.170028818443803263e-03 2.881844380403457266e-04 2.881844380403457266e-04 2.881844380403457266e-04 2.077809798270892627e-01 2.881844380403457266e-04
3.496503496503495416e-04 3.496503496503495416e-04 3.496503496503495416e-04 3.496503496503495416e-04 3.846153846153845066e-03 3.496503496503495416e-04 2.482517482517481236e-02 4.230769230769228922e-02 9.825174825174821935e-02 3.496503496503495416e-04 1.297202797202796631e-01 3.496503496503495416e-04 3.496503496503495416e-04 2.660839160839159612e-01 7.342657342657339832e-03 3.496503496503495416e-04 2.800699300699299177e-01 3.496503496503495416e-04 3.496503496503495416e-04 3.496503496503495416e-04 3.496503496503495416e-04 3.881118881118879316e-02 7.342657342657339832e-03 3.496503496503495416e-04 3.496503496503495416e-04 3.846153846153845066e-03 3.496503496503495416e-04 3.496503496503495416e-04 9.125874125874122722e-02 3.496503496503495416e-04
6.918238993710694625e-03 6.289308176100631871e-04 6.289308176100631871e-04 6.289308176100631871e-04 6.289308176100631871e-04 6.289308176100631871e-04 1.578616352201258621e-01 7.610062893081763480e-02 6.289308176100631871e-04 6.289308176100631871e-04 6.289308176100631871e-04 6.289308176100631871e-04 6.289308176100631871e-04 5.163522012578617426e-01 6.289308176100631871e-04 6.289308176100631871e-04 1.327044025157233242e-01 6.289308176100631871e-04 6.289308176100631871e-04 6.289308176100631871e-04 6.289308176100631871e-04 6.289308176100631871e-04 6.289308176100631871e-04 6.289308176100631871e-04 6.289308176100631871e-04 6.289308176100631871e-04 6.289308176100631871e-04 6.289308176100631871e-04 9.496855345911953128e-02 6.289308176100631871e-04
2.240325865580447637e-03 2.036659877800406869e-04 2.036659877800406869e-04 2.036659877800406869e-04 2.036659877800406869e-04 2.036659877800406869e-04 1.488798370672097249e-01 2.036659877800406869e-04 2.036659877800406869e-04 2.036659877800406869e-04 2.036659877800406869e-04 6.313645621181261484e-03 5.112016293279021684e-02 2.036659877800406869e-04 3.890020366598777313e-02 2.036659877800406869e-04 1.305498981670060732e-01 2.464358452138492098e-02 2.036659877800406869e-04 2.036659877800406869e-04 6.313645621181261484e-03 2.240325865580447637e-03 1.040733197556007877e-01 2.036659877800406869e-04 2.934826883910386375e-01 9.592668024439916785e-02 2.036659877800406869e-04 2.036659877800406869e-04 4.276985743380854778e-03 8.778004073319753409e-02
