3.205128205128204583e-04 3.205128205128204583e-04 3.205128205128204583e-04 3.205128205128204583e-04 3.205128205128204583e-04 1.634615384615384359e-02 1.413461538461538158e-01 8.400641025641024662e-01 3.205128205128204583e-04 3.205128205128204583e-04
1.948331539289558517e-02 4.854682454251883078e-02 1.076426264800861072e-04 1.184068891280947193e-03 1.076426264800861072e-04 3.562970936490850171e-02 3.833153928955866374e-01 8.719052744886972989e-03 1.076426264800861072e-04 5.027987082884821657e-01
3.832116788321167453e-03 7.355839416058392866e-01 1.824817518248174797e-04 1.824817518248174797e-04 5.656934306569341708e-03 9.689781021897808655e-02 9.872262773722625950e-02 2.208029197080291564e-02 1.824817518248174797e-04 3.667883211678831662e-02
2.149999999999999967e-01 1.794117647058823470e-02 9.117647058823528938e-03 2.941176470588235579e-04 9.117647058823528938e-03 2.970588235294117571e-02 7.120588235294117441e-01 2.941176470588235579e-04 6.176470588235294552e-03 2.941176470588235579e-04
4.424778761061947925e-04 1.371681415929203694e-02 4.424778761061947925e-04 9.292035398230090101e-03 4.424778761061947925e-04 8.451327433628320895e-02 8.013274336283187083e-01 4.424778761061947925e-04 2.699115044247787920e-02 6.238938053097346087e-02
1.353179972936400643e-04 1.097428958051420711e-01 1.665764546684709024e-01 1.096075778078484456e-02 2.719891745602165400e-02 5.346414073071719120e-01 7.591339648173207888e-02 6.901217861975642194e-03 1.353179972936400643e-04 6.779431664411367242e-02
2.468053491827637280e-01 3.120356612184249818e-03 1.485884101040119013e-04 1.485884101040119013e-04 1.485884101040119013e-04 3.745913818722139688e-01 3.493313521545319267e-01 1.946508172362555744e-02 6.092124814264486543e-03 1.485884101040119013e-04
8.674825174825174789e-01 2.482517482517482277e-02 3.496503496503496500e-04 3.496503496503496500e-04 3.496503496503496500e-04 9.125874125874126885e-02 3.846153846153846367e-03 1.083916083916084024e-02 3.496503496503496500e-04 3.496503496503496500e-04
5.231034482758620818e-01 6.103448275862068118e-02 1.149425287356321796e-04 1.149425287356321796e-04 1.149425287356321796e-04 4.494252873563218259e-02 3.610344827586206562e-01 3.563218390804597391e-03 1.149425287356321796e-04 5.862068965517240604e-03
1.001001001001000911e-04 1.001001001001000911e-04 4.845845845845845323e-01 1.001001001001000911e-04 1.711711711711711575e-02 4.455455455455455405e-01 1.001001001001000911e-04 2.412412412412412444e-02 1.001001001001000911e-04 2.812812812812812494e-02
1.367989056087551281e-04 7.662106703146374098e-01 1.367989056087551281e-04 3.296853625170998586e-02 3.296853625170998586e-02 1.041039671682626316e-01 4.254445964432283789e-02 1.928864569083446959e-02 1.504787961696306409e-03 1.367989056087551281e-04
1.349527665317138943e-04 7.734143049932522551e-01 1.349527665317138943e-04 6.221322537112009693e-02 8.515519568151146135e-02 4.331983805668015997e-02 9.581646423751685737e-03 1.484480431848852729e-03 1.349527665317138943e-04 2.442645074224021259e-02
8.677685950413224769e-03 4.132231404958678668e-04 8.677685950413224769e-03 4.132231404958678668e-04 3.347107438016529157e-02 2.070247933884297731e-01 8.719008264462811686e-02 5.293388429752066138e-01 4.132231404958678668e-04 1.243801652892562171e-01
2.008032128514056040e-04 5.363453815261044477e-01 2.008032128514056040e-04 2.008032128514056040e-04 2.028112449799196471e-02 1.367469879518072029e-01 2.572289156626505480e-01 4.839357429718875447e-02 2.008032128514056040e-04 2.008032128514056040e-04
4.637904468412942099e-02 1.694915254237287870e-03 1.540832049306625361e-04 1.540832049306625361e-04 6.317411402157162813e-03 7.873651771956854950e-02 3.930662557781200994e-01 4.731895223420646834e-01 1.540832049306625361e-04 1.540832049306625361e-04
6.993006993006993001e-04 6.993006993006993001e-04 8.461538461538460620e-02 6.993006993006993001e-04 7.692307692307692735e-03 2.034965034965035002e-01 2.524475524475524590e-01 9.860139860139860435e-02 7.692307692307692735e-03 3.433566433566433429e-01
3.363914373088685347e-03 3.058103975535168546e-04 4.620795107033638938e-01 3.058103975535168546e-04 3.058103975535168546e-04 2.908256880733944838e-01 3.058103975535168546e-04 2.418960244648317992e-01 3.058103975535168546e-04 3.058103975535168546e-04
2.689486552567237239e-03 1.151589242053789736e-01 5.528117359413202703e-01 8.337408312958435874e-02 2.444987775061125009e-04 4.914425427872860797e-02 1.958435207823960855e-01 2.444987775061125009e-04 2.444987775061125009e-04 2.444987775061125009e-04
4.273049645390070844e-02 3.104609929078013808e-01 3.386524822695035492e-02 8.351063829787233606e-02 1.773049645390071042e-04 6.578014184397162900e-02 4.611702127659574879e-01 1.950354609929078227e-03 1.773049645390071042e-04 1.773049645390071042e-04
3.891050583657588362e-04 3.891050583657588362e-04 4.284046692607004769e-01 1.984435797665369886e-02 4.789883268482491019e-01 3.891050583657588362e-04 3.891050583657588362e-04 2.762645914396887753e-02 2.373540856031128646e-02 1.984435797665369886e-02
8.647058823529411020e-01 5.227524972253051738e-02 1.109877913429522665e-04 2.896781354051054108e-02 1.109877913429522665e-04 2.230854605993340747e-02 2.563817980022197254e-02 1.109877913429522665e-04 1.109877913429522665e-04 5.660377358490564781e-03
6.180817610062891987e-01 1.572327044025157155e-04 2.059748427672955517e-02 2.312893081761005776e-01 1.729559748427672789e-03 1.165094339622641251e-01 8.018867924528300106e-03 3.301886792452829889e-03 1.572327044025157155e-04 1.572327044025157155e-04
4.248847926267280278e-02 2.857142857142856707e-03 2.378801843317971954e-01 1.935483870967741717e-03 9.133640552995389572e-02 3.558525345622119418e-01 1.023963133640552747e-01 9.216589861751150710e-05 9.216589861751150710e-05 1.650691244239630984e-01
4.199999999999999845e-01 1.818181818181817963e-03 1.290909090909090617e-01 2.563636363636363491e-01 1.818181818181817963e-03 1.818181818181817963e-03 1.836363636363635976e-01 1.818181818181817963e-03 1.818181818181817963e-03 1.818181818181817963e-03
2.785515320334261955e-04 1.952646239554317320e-01 5.545961002785515515e-01 4.484679665738162263e-02 5.849582172701949835e-03 2.785515320334261955e-04 1.841225626740946864e-01 3.064066852367688422e-03 1.142061281337047179e-02 2.785515320334261955e-04
5.985915492957745443e-03 9.518779342723002190e-02 3.638497652582159403e-03 3.638497652582159403e-03 5.410798122065726967e-02 2.700704225352112409e-01 4.308685446009389297e-01 1.173708920187793399e-04 1.173708920187793399e-04 1.362676056338028019e-01
7.610407876230660396e-01 1.406469760900140402e-04 1.406469760900140402e-04 6.061884669479605109e-02 1.406469760900140402e-04 5.358649789029535510e-02 1.239099859353023636e-01 1.406469760900140402e-04 1.406469760900140402e-04 1.406469760900140402e-04
1.004016064257028020e-04 1.104417670682730822e-03 1.104417670682730822e-03 1.004016064257028020e-04 1.004016064257028020e-04 1.716867469879517979e-02 1.727911646586345051e-01 5.041164658634538220e-01 1.004016064257028020e-04 3.033132530120482007e-01
8.769230769230770828e-02 1.594871794871795256e-01 4.158974358974359409e-01 2.102564102564102519e-02 1.076923076923077052e-02 2.928205128205128571e-01 5.128205128205129285e-04 1.076923076923077052e-02 5.128205128205129285e-04 5.128205128205129285e-04
2.115384615384615762e-03 3.598076923076922728e-01 1.923076923076923075e-04 1.290384615384615186e-01 1.923076923076923075e-04 2.559615384615384626e-01 5.596153846153846534e-02 1.482692307692307643e-01 1.923076923076923075e-04 4.826923076923077260e-02
1.468428781204111574e-04 6.168869309838472814e-01 1.468428781204111574e-04 4.713656387665198649e-02 8.957415565345079600e-03 1.367107195301027756e-01 1.895741556534507877e-01 1.468428781204111574e-04 1.468428781204111574e-04 1.468428781204111574e-04
8.877521613832851655e-01 2.752161383285302299e-02 1.440922190201728904e-04 1.440922190201728904e-04 1.585014409221901848e-03 4.769452449567723046e-02 1.023054755043227397e-02 2.463976945244956626e-02 1.440922190201728904e-04 1.440922190201728904e-04
4.095112285336855416e-03 4.677675033025098794e-01 3.237780713342139349e-01 8.863936591809773446e-02 8.731836195508584086e-02 1.453104359313077756e-03 2.258916776750330077e-02 1.321003963011888993e-04 1.321003963011888993e-04 4.095112285336855416e-03
6.727272727272727570e-02 4.303030303030303677e-02 6.060606060606061685e-04 3.696969696969697183e-02 6.060606060606061685e-04 6.060606060606061685e-04 5.460606060606061352e-01 3.036363636363637042e-01 6.060606060606061685e-04 6.060606060606061685e-04
1.177856301531213050e-04 1.177856301531213050e-04 1.177856301531213050e-04 2.473498233215547324e-03 1.177856301531213050e-04 1.425206124852767750e-02 9.670200235571257963e-02 8.858657243816253635e-01 1.177856301531213050e-04 1.177856301531213050e-04
8.836206896551722714e-03 3.900862068965517404e-02 2.155172413793103418e-04 8.836206896551722714e-03 2.155172413793103418e-04 9.504310344827585078e-02 8.105603448275862100e-01 3.685344827586206629e-02 2.155172413793103418e-04 2.155172413793103418e-04
1.592356687898089361e-04 2.772292993630572910e-01 1.592356687898089361e-04 1.592356687898089361e-04 2.245222929936305581e-02 6.466560509554140079e-01 5.270700636942675377e-02 1.592356687898089361e-04 1.592356687898089361e-04 1.592356687898089361e-04
3.937007874015748519e-04 3.937007874015748519e-04 1.220472440944882046e-02 3.937007874015748519e-04 3.937007874015748519e-04 2.759842519685039575e-01 3.862204724409449286e-01 1.696850393700787551e-01 3.937007874015748519e-04 1.539370078740157632e-01
2.212389380530973421e-04 2.433628318584070763e-03 2.212389380530973421e-04 2.212389380530973421e-04 8.984513274336282107e-01 5.995575221238937796e-02 2.212389380530973421e-04 2.212389380530973421e-04 3.783185840707964376e-02 2.212389380530973421e-04
3.728813559322034094e-03 1.325423728813559243e-01 3.389830508474576498e-04 6.813559322033899135e-02 3.389830508474576498e-04 4.101694915254237156e-02 6.274576271186440568e-01 3.728813559322034094e-03 3.389830508474576498e-04 1.223728813559322032e-01
2.254504504504504514e-01 2.477477477477477760e-03 2.477477477477477760e-03 2.252252252252252287e-04 2.252252252252252287e-04 5.653153153153153698e-02 5.745495495495495097e-01 1.376126126126126226e-01 2.252252252252252287e-04 2.252252252252252287e-04
3.105590062111800273e-04 3.105590062111800273e-04 1.493788819875775942e-01 6.521739130434780519e-03 3.105590062111800273e-04 8.388198757763972724e-01 3.416149068322980355e-03 3.105590062111800273e-04 3.105590062111800273e-04 3.105590062111800273e-04
3.717472118959108283e-04 3.717472118959108283e-04 1.230483271375464732e-01 3.717472118959108283e-04 3.717472118959108283e-04 6.881040892193308611e-01 1.342007434944237909e-01 3.717472118959108283e-04 3.717472118959108283e-04 5.241635687732341953e-02
7.836990595611285774e-05 8.620689655172414758e-04 3.919278996865204201e-01 8.620689655172414758e-04 2.429467084639498359e-03 1.340125391849529904e-02 3.746865203761755581e-01 2.123824451410658357e-02 7.836990595611285774e-05 1.944357366771159723e-01
7.863892013498311462e-01 1.361079865016872649e-02 4.960629921259841757e-02 1.124859392575927955e-04 1.124859392575927955e-04 4.960629921259841757e-02 8.447694038245218140e-02 1.023622047244094301e-02 1.124859392575927955e-04 5.736782902137231403e-03
1.172332942555685679e-04 1.418522860492379620e-02 1.172332942555685679e-04 1.289566236811254436e-03 1.172332942555685679e-04 1.618991793669401769e-01 1.079718640093786375e-01 7.140679953106681133e-01 1.172332942555685679e-04 1.172332942555685679e-04
6.207324643078833252e-05 2.240844196151458786e-02 6.207324643078833252e-05 2.737430167597765598e-02 1.806952203600248330e-01 8.131595282433271357e-03 1.080695220360024800e-01 8.752327746741154005e-03 6.207324643078833252e-05 6.443823711980135593e-01
1.170212765957446936e-02 3.627659574468085069e-01 1.063829787234042571e-03 1.063829787234042571e-03 2.882978723404255317e-01 1.170212765957446936e-02 3.202127659574467988e-01 1.063829787234042571e-03 1.063829787234042571e-03 1.063829787234042571e-03
2.075098814229248741e-03 9.881422924901185644e-05 1.058300395256916854e-01 6.630434782608694844e-02 2.677865612648221150e-02 6.433794466403162104e-01 9.891304347826085364e-02 1.887351778656126342e-02 9.980237154150195522e-03 2.776679841897233131e-02
4.055203619909502621e-01 1.004524886877827990e-02 9.049773755656108430e-05 3.919457013574660920e-01 1.004524886877827990e-02 4.443438914027149356e-02 3.447963800904977477e-02 1.014479638009049695e-01 1.900452488687782906e-03 9.049773755656108430e-05
3.451720310765814953e-02 3.996670366259710838e-01 4.550499445061041356e-03 1.388457269700332508e-01 1.897891231964483547e-02 1.675915649278578862e-02 4.894561598224194537e-02 2.875693673695893238e-01 1.109877913429522530e-04 5.005549389567146706e-02
6.211180124223602715e-04 5.409937888198756983e-01 6.211180124223602715e-04 6.211180124223602715e-04 6.211180124223602715e-04 6.211180124223602715e-04 2.801242236024844567e-01 1.745341614906832373e-01 6.211180124223602715e-04 6.211180124223602715e-04
9.891196834817013851e-05 2.482690405539070277e-02 3.512363996043521563e-01 1.097922848664688311e-02 9.891196834817013851e-05 7.428288822947576309e-02 1.375865479723046569e-01 9.891196834817013851e-05 9.891196834817013851e-05 4.006923837784371889e-01
2.806324110671937211e-02 3.719367588932807056e-01 3.952569169960475342e-04 3.952569169960475342e-04 3.952569169960475342e-04 3.245059288537550102e-01 1.426877470355731592e-01 1.189723320158103115e-01 3.952569169960475342e-04 1.225296442687747421e-02
3.753926701570680646e-01 1.031413612565445087e-01 1.745200698080279320e-04 2.305410122164048836e-01 1.745200698080279320e-04 1.240837696335078399e-01 1.624781849912739773e-01 1.745200698080279320e-04 3.664921465968586436e-03 1.745200698080279320e-04
3.649635036496350678e-04 3.215328467153284464e-01 3.649635036496350678e-04 1.496350364963503453e-02 2.740875912408758941e-01 3.649635036496350678e-04 3.872262773722627283e-01 3.649635036496350678e-04 3.649635036496350678e-04 3.649635036496350678e-04
1.191895113230035644e-04 6.199046483909415040e-01 1.311084624553039181e-03 1.311084624553039181e-03 1.191895113230035644e-04 1.157330154946364514e-01 1.777115613825983043e-01 8.355184743742548326e-02 1.191895113230035644e-04 1.191895113230035644e-04
7.462686567164179179e-04 1.126865671641791022e-01 5.753731343283581268e-01 1.567164179104477834e-02 7.462686567164179179e-04 8.208955223880598506e-03 2.843283582089552453e-01 7.462686567164179179e-04 7.462686567164179179e-04 7.462686567164179179e-04
5.217974786498577044e-01 9.072793818625458917e-02 4.066693777958520759e-05 3.424562830418870218e-01 4.066693777958520759e-05 1.260675071167141354e-03 4.274095160634405061e-02 4.066693777958520759e-05 8.540056933712893324e-04 4.066693777958520759e-05
3.968253968253968793e-04 1.194444444444444642e-01 1.789682539682539986e-01 3.968253968253968793e-04 2.023809523809523905e-02 6.511904761904762085e-01 3.968253968253968793e-04 3.968253968253968793e-04 3.968253968253968793e-04 2.817460317460317512e-02
1.418439716312056725e-04 2.141843971631205573e-02 3.363120567375886272e-01 1.418439716312056725e-04 1.560283687943262452e-03 8.808510638297872841e-02 4.426950354609929250e-01 3.560283687943262276e-02 4.397163120567376335e-03 6.964539007092199197e-02
1.952646239554317320e-01 2.785515320334261955e-04 2.816155988857938497e-01 2.785515320334261955e-04 2.256267409470752092e-02 2.231197771587743461e-01 1.869080779944289616e-01 8.941504178272981218e-02 2.785515320334261955e-04 2.785515320334261955e-04
6.021435228331780687e-01 2.059645852749301259e-02 1.500465983224604123e-02 9.319664492078285419e-05 9.319664492078285419e-05 5.507921714818266729e-02 2.041938490214352253e-01 9.422180801491145119e-02 9.319664492078285419e-05 8.480894687791239867e-03
1.883239171374764299e-04 1.883239171374764299e-04 8.984934086629000616e-01 3.954802259887004595e-03 2.071563088512240729e-03 2.467043314500940929e-02 6.986817325800374900e-02 1.883239171374764299e-04 1.883239171374764299e-04 1.883239171374764299e-04
2.164502164502164500e-04 1.430735930735930750e-01 1.993506493506493338e-01 3.268398268398268330e-02 1.753246753246753137e-02 2.164502164502164500e-04 2.729437229437229329e-01 2.164502164502164500e-04 2.164502164502164500e-04 3.335497835497835406e-01
1.230012300123001104e-04 1.353013530135301241e-03 1.230012300123001104e-04 1.230012300123001104e-04 2.226322263222632256e-02 8.057810578105780719e-01 1.230012300123001104e-04 1.230012300123001104e-04 1.353013530135301241e-03 1.686346863468634327e-01
1.321003963011888993e-04 2.273447820343460490e-01 6.249669749009246766e-01 8.599735799207396114e-02 1.453104359313077756e-03 1.598414795244385359e-02 3.844121532364596500e-02 1.321003963011888993e-04 1.321003963011888993e-04 5.416116248348743813e-03
5.076142131979696770e-04 5.076142131979696770e-04 2.081218274111675329e-02 5.076142131979696770e-04 5.076142131979696770e-04 5.639593908629442209e-01 2.340101522842640003e-01 1.065989847715736322e-02 3.096446700507614336e-02 1.375634517766497755e-01
5.714285714285715799e-04 5.200000000000000455e-02 1.434285714285714608e-01 3.485714285714285737e-02 5.714285714285715799e-04 7.662857142857143478e-01 5.714285714285715799e-04 5.714285714285715799e-04 5.714285714285715799e-04 5.714285714285715799e-04
1.398601398601398600e-04 4.069930069930070143e-02 3.763636363636364002e-01 1.398601398601398600e-04 1.398601398601398600e-04 1.707692307692307565e-01 2.155244755244755117e-01 1.398601398601398600e-04 1.398601398601398600e-04 1.959440559440559226e-01
6.778132992327366990e-01 1.471227621483376380e-01 6.393861892583122355e-05 7.295396419437341629e-02 6.393861892583122355e-05 2.621483375959079813e-03 4.865728900255755773e-02 3.203324808184144362e-02 6.393861892583122355e-05 1.860613810741688565e-02
6.286072772898368410e-02 1.254705144291091501e-04 1.544542032622333583e-01 5.282308657465494689e-02 2.521957340025093863e-02 6.387703889585946149e-01 5.784190715181931897e-02 1.254705144291091501e-04 1.254705144291091501e-04 7.653701380175657182e-03
1.275510204081632497e-04 2.436224489795918088e-02 8.558673469387753641e-02 9.056122448979589401e-03 6.505102040816324732e-03 3.075255102040815869e-01 3.929846938775509724e-01 5.369897959183672631e-02 5.229591836734692398e-03 1.149234693877550784e-01
4.857142857142856748e-03 1.438095238095238142e-02 9.523809523809524072e-05 1.047619047619047662e-03 9.523809523809524072e-05 9.523809523809524072e-05 1.962857142857142856e-01 7.667619047619047556e-01 9.523809523809524072e-05 1.628571428571428878e-02
7.902439024390243982e-03 2.936585365853658716e-02 9.756097560975610290e-05 3.717073170731707149e-02 9.756097560975610290e-05 7.229268292682926311e-02 9.570731707317071957e-02 7.542439024390243940e-01 9.756097560975610290e-05 3.024390243902439109e-03
1.653543307086614497e-02 7.874015748031497038e-04 7.874015748031497038e-04 7.874015748031497038e-04 7.960629921259843034e-01 4.803149606299212532e-02 7.874015748031497038e-04 4.015748031496062936e-02 7.874015748031497038e-04 9.527559055118110798e-02
2.341920374707259951e-04 2.341920374707259951e-04 1.922716627634660225e-01 2.341920374707259951e-04 2.341920374707259951e-04 1.430913348946135921e-01 5.131147540983606037e-01 2.833723653395784497e-02 2.341920374707259951e-04 1.220140515222482430e-01
1.060000000000000109e-01 4.600000000000000616e-02 6.000000000000000125e-03 1.802857142857142991e-01 6.602857142857142536e-01 2.857142857142857357e-04 2.857142857142857357e-04 2.857142857142857357e-04 2.857142857142857357e-04 2.857142857142857357e-04
1.280327868852458861e-01 3.442622950819672345e-03 1.491803278688524567e-02 3.657377049180327577e-01 1.639344262295081966e-04 3.181967213114754167e-01 1.493442622950819643e-01 1.639344262295081966e-04 1.639344262295081966e-04 1.983606557377049287e-02
2.349633251833740666e-01 2.444987775061125009e-04 1.542787286063569685e-01 3.202933985330073258e-02 2.444987775061125009e-04 1.420537897310513442e-01 2.129584352078239540e-01 2.178484107579461981e-01 5.134474327628361923e-03 2.444987775061125009e-04
1.239690721649484573e-01 2.577319587628866039e-04 7.989690721649483907e-03 2.577319587628866039e-04 2.577319587628866039e-04 1.007731958762886626e-01 4.873711340206185461e-01 2.786082474226804218e-01 2.577319587628866039e-04 2.577319587628866039e-04
2.074688796680497873e-04 2.076763485477177984e-01 2.074688796680497873e-04 3.340248962655601589e-02 1.887966804979252650e-02 6.060165975103734004e-01 1.080912863070539326e-01 2.074688796680497873e-04 2.074688796680497873e-04 2.510373443983402245e-02
2.950331125827814205e-01 2.350993377483443642e-02 3.311258278145695361e-04 6.953642384105960909e-03 3.311258278145695361e-04 3.013245033112582627e-02 3.447019867549668826e-01 3.311258278145695361e-04 3.311258278145695361e-04 2.983443708609271328e-01
4.804878048780487632e-01 1.060445387062566218e-04 3.616118769883350931e-02 5.418875927889713062e-02 1.060445387062566218e-04 2.376458112407210665e-01 1.687168610816542624e-01 1.919406150583244722e-02 1.060445387062566218e-04 3.287380699893955194e-03
4.163424124513619151e-02 9.208819714656290775e-03 2.854734111543449915e-01 1.297016861219195849e-04 9.999999999999999167e-02 2.387808041504539402e-01 1.544747081712062320e-01 1.297016861219195849e-04 5.317769130998702305e-03 1.648508430609597897e-01
1.026011560693641453e-02 4.741329479768785493e-01 4.307803468208092346e-01 1.748554913294797508e-02 1.445086705202311959e-04 3.049132947976878477e-02 1.445086705202311959e-04 1.445086705202311959e-04 1.445086705202311959e-04 3.627167630057803044e-02
1.111111111111111327e-03 1.111111111111111327e-03 1.111111111111111327e-03 2.333333333333333787e-02 8.900000000000001243e-01 7.888888888888889728e-02 1.111111111111111327e-03 1.111111111111111327e-03 1.111111111111111327e-03 1.111111111111111327e-03
1.373307543520309142e-02 1.878143133462281955e-01 1.934235976789167965e-04 1.934235976789167965e-04 1.934235976789167965e-04 5.435203094777561750e-02 7.119922630560927557e-01 2.920696324951643427e-02 2.127659574468084708e-03 1.934235976789167965e-04
7.794676806083649864e-03 9.144486692015209306e-02 1.901140684410646540e-04 1.901140684410646540e-04 8.764258555133079553e-02 9.334600760456274182e-02 4.716730038022813321e-01 2.473384030418250834e-01 1.901140684410646540e-04 1.901140684410646540e-04
9.365558912386707374e-03 3.021148036253776432e-04 6.344410876132930942e-03 1.120845921450151078e-01 7.586102719033231967e-01 1.120845921450151078e-01 3.021148036253776432e-04 3.021148036253776432e-04 3.021148036253776432e-04 3.021148036253776432e-04
1.265010351966873725e-01 1.306418219461697727e-01 4.639751552795031153e-01 1.057971014492753714e-01 2.070393374741200815e-04 1.389233954451345732e-01 3.333333333333333287e-02 2.070393374741200815e-04 2.070393374741200815e-04 2.070393374741200815e-04
3.311258278145695361e-04 3.013245033112582627e-02 4.970198675496688701e-01 6.986754966887417928e-02 3.311258278145695361e-04 3.642384105960265114e-03 2.089403973509933732e-01 1.890728476821192106e-01 3.311258278145695361e-04 3.311258278145695361e-04
3.095975232198142600e-04 3.405572755417956860e-03 2.665634674922600644e-01 2.198142414860681029e-02 3.095975232198142600e-04 3.095975232198142600e-04 2.170278637770897689e-01 1.241486068111455204e-01 3.095975232198142600e-04 3.656346749226005999e-01
2.857142857142857357e-04 2.488571428571428323e-01 6.885714285714286675e-02 3.688571428571428279e-01 1.457142857142857024e-02 3.171428571428571569e-02 2.659999999999999587e-01 2.857142857142857357e-04 2.857142857142857357e-04 2.857142857142857357e-04
2.648682559598493635e-01 1.254705144291091501e-04 2.772898368883312120e-02 5.031367628607276432e-02 1.380175658720200760e-03 4.079046424090338463e-01 2.109159347553324626e-01 3.651191969887076366e-02 1.254705144291091501e-04 1.254705144291091501e-04
5.263157894736842854e-03 2.971291866028708539e-01 4.784688995215311685e-04 4.784688995215311685e-04 4.784688995215311685e-04 3.258373205741627032e-01 8.660287081339715365e-02 2.827751196172249015e-01 4.784688995215311685e-04 4.784688995215311685e-04
3.257328990228012633e-04 3.257328990228012633e-04 3.289902280130292678e-02 3.257328990228012633e-04 7.198697068403907273e-02 8.732899022801302591e-01 1.986970684039087581e-02 3.257328990228012633e-04 3.257328990228012633e-04 3.257328990228012633e-04
7.102189781021897019e-01 1.042752867570385792e-04 1.042752867570385792e-04 1.042752867570385792e-04 1.042752867570385792e-04 1.367049009384775637e-01 1.022940563086548321e-01 4.807090719499478026e-02 2.189781021897809973e-03 1.042752867570385792e-04
5.007741935483870366e-01 1.419354838709677288e-03 1.290322580645161072e-04 8.012903225806450314e-02 6.580645161290320927e-03 4.052903225806451237e-01 1.290322580645161072e-04 5.290322580645159638e-03 1.290322580645161072e-04 1.290322580645161072e-04
9.560229445506692088e-05 4.408221797323135793e-01 4.895793499043977204e-01 1.347992351816443626e-02 3.919694072657743146e-03 2.590822179732313671e-02 9.560229445506692088e-05 9.560229445506692088e-05 9.560229445506692088e-05 2.590822179732313671e-02
1.581291759465478300e-02 6.703786191536746653e-02 2.227171492204899300e-04 2.227171492204899300e-04 1.761692650334075183e-01 7.062360801781736308e-01 3.140311804008907859e-02 2.227171492204899300e-04 2.449888641425389257e-03 2.227171492204899300e-04
2.638753651411879231e-02 4.965920155793572890e-03 3.214216163583252239e-01 9.737098344693281479e-05 1.101265822784810028e-01 1.403115871470301812e-01 2.308666017526777026e-01 9.737098344693281479e-05 1.567672833495618520e-02 1.500486854917234547e-01
1.181405895691610003e-01 1.836734693877550839e-02 2.267573696145124831e-04 2.267573696145124831e-04 2.267573696145124831e-04 3.675736961451246954e-01 3.448979591836734415e-01 1.498866213151927307e-01 2.267573696145124831e-04 2.267573696145124831e-04
1.684873949579832331e-01 9.285714285714287419e-02 4.201680672268908357e-04 4.201680672268908357e-04 4.201680672268908357e-04 1.180672268907563272e-01 5.550420168067227156e-01 6.344537815126051472e-02 4.201680672268908357e-04 4.201680672268908357e-04
1.533333333333333492e-01 1.376470588235294279e-01 4.313725490196079065e-03 3.921568627450981314e-04 3.454901960784313997e-01 3.921568627450981314e-04 1.768627450980392313e-01 1.533333333333333492e-01 2.784313725490196109e-02 3.921568627450981314e-04
2.747252747252747250e-04 1.815934065934065866e-01 2.747252747252747250e-04 6.620879120879120949e-02 8.516483516483517452e-03 1.126373626373626362e-02 4.810439560439560558e-01 2.502747252747252737e-01 2.747252747252747250e-04 2.747252747252747250e-04
1.483713355048859872e-01 7.996742671009772485e-02 1.628664495114006587e-04 3.079804560260586133e-01 1.628664495114006587e-04 1.628664495114006587e-04 2.607491856677524589e-01 2.004885993485341911e-01 1.628664495114006587e-04 1.791530944625407355e-03
6.648250460405155660e-02 2.025782688766113865e-03 5.727440147329649484e-02 1.841620626151012580e-04 1.675874769797421407e-02 1.841620626151012580e-04 6.834254143646407709e-01 1.841620626151012580e-04 1.841620626151012580e-04 1.732965009208102536e-01
6.271186440677965768e-02 1.813559322033898302e-01 3.395480225988700695e-01 1.186440677966101725e-02 1.186440677966101725e-02 1.135593220338983189e-01 2.378531073446327748e-01 4.011299435028248261e-02 5.649717514124293983e-04 5.649717514124293983e-04
1.094951923076922795e-01 1.201923076923076854e-04 1.201923076923076854e-04 9.735576923076921449e-03 3.725961538461538235e-03 5.770432692307692069e-01 2.525240384615384248e-01 4.699519230769230033e-02 1.201923076923076854e-04 1.201923076923076854e-04
4.739336492890995406e-04 4.739336492890995406e-04 2.848341232227488140e-01 9.952606635071090460e-03 4.739336492890995406e-04 1.853080568720379129e-01 2.327014218009478830e-01 2.848341232227488140e-01 4.739336492890995406e-04 4.739336492890995406e-04
5.988023952095809397e-04 5.988023952095809397e-04 5.988023952095809397e-04 6.646706586826348073e-02 5.988023952095809397e-04 9.107784431137725401e-01 5.988023952095809397e-04 5.988023952095809397e-04 5.988023952095809397e-04 1.856287425149701076e-02
2.288329519450800487e-04 4.805491990846681022e-03 1.283752860411898900e-01 2.288329519450800487e-04 2.288329519450800487e-04 8.377574370709380824e-01 2.288329519450800487e-04 2.288329519450800487e-04 2.288329519450800487e-04 2.768878718535468242e-02
1.309523809523809468e-03 4.644047619047618758e-01 3.501190476190476075e-01 9.892857142857140740e-02 1.190476190476190340e-04 4.892857142857142544e-02 1.309523809523809468e-03 1.190476190476190340e-04 1.190476190476190340e-04 3.464285714285714191e-02
6.103612167300380698e-01 9.505703422053232699e-05 1.815589353612167417e-02 9.600760456273763413e-03 9.505703422053232699e-05 1.322243346007604403e-01 7.994296577946767568e-02 1.483840304182509340e-01 9.505703422053232699e-05 1.045627376425855692e-03
9.115770282588879091e-05 9.115770282588879091e-05 5.113947128532361081e-02 9.115770282588879091e-05 4.340018231540565541e-01 3.501367365542388810e-01 1.632634457611668033e-01 9.115770282588879091e-05 9.115770282588879091e-05 1.002734731084776836e-03
5.396419437340153197e-02 2.557544757033247858e-04 2.557544757033247858e-04 2.813299232736572644e-03 5.370843989769820068e-03 8.698209718670075752e-01 6.675191815856776345e-02 2.557544757033247858e-04 2.557544757033247858e-04 2.557544757033247858e-04
8.605851979345955814e-05 3.701376936316695399e-01 1.807228915662650653e-03 8.012048192771083210e-02 8.605851979345955814e-05 4.655765920826161752e-02 2.083476764199655717e-01 1.041308089500860533e-02 8.605851979345955814e-05 2.823580034423407992e-01
1.805054151624548367e-04 1.805054151624548367e-04 1.805054151624548367e-04 1.805054151624548367e-04 1.805054151624548367e-04 8.954873646209384752e-01 1.805054151624548367e-04 9.584837545126352609e-02 1.805054151624548367e-04 7.400722021660647437e-03
7.145899893503726563e-02 4.483493077742278787e-02 1.064962726304579277e-04 4.015974440894568565e-01 2.779552715654952030e-02 1.064962726304579277e-04 6.613418530351436453e-02 3.877529286474973302e-01 1.064962726304579277e-04 1.064962726304579277e-04
3.225806451612903223e-04 2.325806451612903170e-01 4.422580645161290347e-01 2.938709677419354405e-01 6.774193548387097419e-03 1.000000000000000021e-02 3.548387096774193762e-03 3.225806451612903223e-04 3.225806451612903223e-04 1.000000000000000021e-02
1.413881748071979440e-03 5.796915167095115229e-02 1.285347043701799393e-04 1.285347043701799393e-04 3.984575835475578226e-03 1.389460154241644874e-01 4.808483290488431705e-01 1.285347043701799393e-04 1.285347043701799393e-04 3.163239074550128205e-01
7.053801169590642184e-01 1.169590643274853715e-04 2.456140350877192638e-03 1.169590643274853715e-04 1.169590643274853715e-04 6.444444444444444309e-02 1.357894736842105154e-01 9.134502923976606237e-02 1.169590643274853715e-04 1.169590643274853715e-04
3.397129186602870776e-02 3.976076555023922987e-01 4.784688995215311143e-04 4.784688995215311143e-04 5.263157894736842854e-03 4.784688995215311143e-04 2.732057416267942851e-01 4.784688995215311143e-04 4.784688995215311143e-04 2.875598086124401820e-01
4.839357429718875447e-02 2.008032128514056311e-04 2.008032128514056311e-04 4.761044176706827336e-01 2.008032128514056311e-04 2.732931726907630310e-01 2.008032128514056311e-04 2.008032128514056311e-04 2.008032128514056311e-04 2.010040160642570239e-01
3.266832917705735084e-02 2.493765586034912547e-04 2.493765586034912547e-04 1.648379052369076947e-01 7.209476309226932056e-01 4.513715710723191499e-02 2.019950124688279017e-02 2.493765586034912547e-04 1.521197007481296486e-02 2.493765586034912547e-04
3.436046511627907085e-01 2.383720930232557933e-02 2.563953488372093248e-01 3.494186046511628119e-01 5.813953488372092943e-04 6.395348837209303104e-03 1.802325581395348986e-02 5.813953488372092943e-04 5.813953488372092943e-04 5.813953488372092943e-04
6.260658914728682856e-01 3.003875968992248020e-03 9.689922480620154904e-05 2.034883720930232530e-03 9.689922480620154904e-05 9.602713178294573770e-02 1.861434108527131592e-01 7.180232558139534871e-02 9.689922480620154904e-05 1.463178294573643304e-02
3.278688524590163932e-04 1.016393442622950775e-02 3.544262295081966885e-01 5.278688524590164494e-02 3.278688524590163932e-04 3.019672131147541072e-01 7.901639344262295639e-02 2.003278688524590123e-01 3.278688524590163932e-04 3.278688524590163932e-04
1.028806584362139897e-04 5.813786008230452662e-01 1.553497942386831109e-02 1.141975308641975106e-02 1.544238683127571732e-01 2.582304526748971027e-02 1.028806584362139897e-04 1.028806584362139897e-04 1.028806584362139897e-04 2.110082304526748609e-01
2.652519893899204541e-04 8.222811671087532776e-03 2.652519893899204541e-04 2.652519893899204541e-04 4.535809018567639461e-02 1.275862068965517293e-01 6.023872679045092493e-01 2.652519893899204541e-04 2.652519893899204541e-04 2.151193633952254436e-01
2.525252525252525250e-04 2.525252525252525250e-04 6.338383838383838953e-02 9.621212121212122104e-02 2.525252525252525250e-04 1.113636363636363730e-01 5.356060606060606410e-01 2.525252525252525250e-04 7.095959595959595856e-02 1.214646464646464696e-01
5.069124423963134937e-03 1.156682027649769823e-01 5.764976958525346307e-01 7.880184331797236708e-02 4.608294930875577117e-04 4.608294930875577117e-04 2.216589861751152302e-01 4.608294930875577117e-04 4.608294930875577117e-04 4.608294930875577117e-04
1.195652173913043514e-02 1.195652173913043514e-02 4.249999999999999889e-01 1.086956521739130448e-03 1.086956521739130448e-03 2.728260869565217739e-01 2.728260869565217739e-01 1.086956521739130448e-03 1.086956521739130448e-03 1.086956521739130448e-03
3.360995850622407188e-02 7.597510373443984166e-01 4.149377593360996830e-04 1.000000000000000194e-01 1.286307053941908828e-02 1.286307053941908828e-02 7.925311203319503062e-02 4.149377593360996830e-04 4.149377593360996830e-04 4.149377593360996830e-04
9.814814814814815103e-02 2.330687830687830642e-01 4.394179894179894297e-01 1.484126984126984128e-01 2.645502645502645681e-04 3.730158730158730090e-02 2.645502645502645681e-04 2.910052910052910412e-03 2.645502645502645681e-04 3.994708994708994626e-02
6.994725738396624370e-01 1.054852320675105369e-04 1.381856540084388033e-02 4.757383966244725648e-02 1.170886075949366910e-02 2.225738396624472523e-02 1.889240506329113722e-01 1.592827004219408982e-02 1.054852320675105369e-04 1.054852320675105369e-04
6.101053936763793928e-01 1.680099194048357072e-02 5.399876007439553122e-02 6.199628022318660859e-05 6.199628022318660859e-05 9.801611903285802063e-02 1.922504649721016867e-01 2.672039677619342940e-02 6.199628022318660859e-05 1.921884686918784880e-03
4.976303317535544363e-03 2.606635071090047419e-03 2.369668246445497432e-04 4.976303317535544363e-03 1.208530805687203606e-02 9.741706161137440034e-01 2.369668246445497432e-04 2.369668246445497432e-04 2.369668246445497432e-04 2.369668246445497432e-04
5.917159763313610630e-04 2.431952662721894032e-01 1.721893491124260600e-01 4.147928994082840659e-01 5.917159763313610630e-04 5.917159763313610630e-04 2.426035502958579990e-02 1.307692307692308042e-01 5.917159763313610630e-04 1.242603550295858297e-02
8.924050632911394165e-02 2.284810126582279000e-01 5.132911392405063999e-01 6.329113924050634114e-04 6.329113924050634114e-04 6.962025316455697742e-03 5.759493670886076805e-02 1.018987341772152194e-01 6.329113924050634114e-04 6.329113924050634114e-04
8.520547945205479701e-02 2.739726027397260621e-04 5.753424657534246707e-03 3.564383561643835185e-01 4.906849315068492756e-01 5.753424657534246707e-03 3.315068493150685053e-02 2.219178082191780588e-02 2.739726027397260621e-04 2.739726027397260621e-04
2.702702702702702202e-04 6.243243243243242618e-02 2.110810810810810345e-01 2.702702702702702202e-04 8.378378378378377803e-03 7.029729729729728982e-01 2.702702702702702202e-04 2.702702702702702202e-04 2.702702702702702202e-04 1.378378378378378004e-02
9.005924170616113056e-01 2.488151658767772181e-03 1.184834123222748716e-04 4.277251184834122977e-02 1.184834123222748716e-04 1.184834123222748716e-04 5.343601895734596818e-02 1.184834123222748716e-04 1.184834123222748716e-04 1.184834123222748716e-04
2.282608695652173659e-03 1.086956521739130340e-04 6.859782608695651485e-01 8.597826086956519842e-02 1.086956521739130340e-04 1.240217391304347661e-01 5.880434782608694871e-02 1.086956521739130340e-04 1.086956521739130340e-04 4.249999999999999611e-02
6.418219461697721902e-03 1.699792960662525609e-01 2.070393374741200815e-04 6.418219461697721902e-03 2.070393374741200815e-04 4.161490683229813331e-02 6.979296066252587138e-01 6.645962732919254157e-02 2.070393374741200815e-04 1.055900621118012299e-02
1.017766497461928960e-01 4.593908629441624536e-02 2.538071065989847843e-04 2.538071065989847843e-04 2.538071065989847843e-04 1.246192893401015245e-01 6.296954314720811796e-01 9.670050761421319918e-02 2.538071065989847843e-04 2.538071065989847843e-04
1.940528634361233240e-01 2.202643171806167497e-04 4.625550660792951581e-03 2.202643171806167497e-04 2.202643171806167497e-04 4.867841409691630455e-02 3.504405286343612036e-01 3.966960352422907454e-01 2.202643171806167497e-04 4.625550660792951581e-03
2.347417840375587070e-04 8.004694835680752074e-02 2.373239436619718201e-01 8.239436619718309984e-02 2.370892018779342802e-02 1.666666666666666644e-02 5.002347417840375954e-01 4.248826291079812328e-02 2.347417840375587070e-04 1.666666666666666644e-02
1.449275362318840543e-04 5.001449275362319646e-01 1.449275362318840543e-04 1.753623188405797201e-02 3.043478260869565168e-03 7.260869565217391297e-02 3.624637681159419977e-01 2.333333333333333440e-02 1.449275362318840543e-04 2.043478260869565147e-02
2.699999999999999969e-02 3.333333333333333764e-04 3.333333333333333764e-04 1.670000000000000095e-01 3.333333333333333764e-04 4.269999999999999907e-01 3.699999999999999817e-02 3.333333333333333764e-04 3.666666666666667032e-03 3.369999999999999662e-01
3.816793893129770952e-04 3.816793893129770952e-04 6.377862595419847569e-01 3.816793893129770952e-04 3.816793893129770952e-04 2.064885496183206104e-01 3.091603053435114379e-02 1.187022900763358840e-01 3.816793893129770952e-04 4.198473282442748318e-03
9.355828220858893735e-03 1.533742331288343377e-04 1.533742331288343377e-04 1.855828220858895400e-02 1.533742331288343377e-04 4.923312883435582155e-02 6.105828220858895428e-01 2.915644171779140370e-01 1.533742331288343377e-04 2.009202453987729564e-02
4.366812227074236448e-04 3.847161572052402168e-01 7.030567685589521332e-02 3.803493449781659708e-01 1.790393013100436900e-02 1.790393013100436900e-02 1.183406113537118082e-01 4.366812227074236448e-04 4.366812227074236448e-04 9.170305676855896107e-03
3.281249999999999445e-02 6.122159090909089912e-02 1.420454545454545386e-04 1.150568181818181594e-02 1.420454545454545386e-04 5.186079545454544970e-01 3.055397727272726738e-01 2.144886363636363397e-02 1.420454545454545386e-04 4.843749999999999445e-02
3.743922204213937649e-02 1.620745542949756756e-04 1.620745542949756756e-04 1.620745542949756756e-04 5.850891410048621177e-02 2.285251215559156585e-02 8.040518638573742605e-01 2.771474878444083953e-02 1.620745542949756756e-04 4.878444084278767828e-02
1.148571428571428660e-01 6.342857142857143138e-02 3.834285714285713964e-01 5.714285714285714714e-04 5.714285714285714714e-04 1.720000000000000140e-01 5.714285714285714714e-04 2.634285714285714564e-01 5.714285714285714714e-04 5.714285714285714714e-04
1.272517321016166381e-01 2.309468822170900927e-04 4.921478060046189373e-01 4.642032332563510860e-02 2.309468822170900927e-04 9.491916859122402628e-02 3.025404157043879924e-02 2.080831408775981328e-01 2.309468822170900927e-04 2.309468822170900927e-04
7.081081081081080919e-02 1.140540540540540548e-01 2.978378378378378488e-01 7.081081081081080919e-02 5.405405405405405489e-04 1.951351351351351404e-01 2.221621621621621689e-01 2.756756756756756702e-02 5.405405405405405489e-04 5.405405405405405489e-04
1.215139442231075520e-02 5.398406374501991956e-02 2.671314741035856200e-01 1.992031872509959962e-04 1.992031872509959962e-04 6.595617529880477559e-01 1.992031872509959962e-04 1.992031872509959962e-04 6.175298804780875693e-03 1.992031872509959962e-04
