1.562500000000000087e-03 1.420454545454545657e-04 1.420454545454545657e-04 4.603693181818181990e-01 1.292613636363636360e-02 2.586647727272727293e-01 1.562500000000000087e-03 2.558238636363636131e-01 1.420454545454545657e-04 8.664772727272727557e-03
5.865921787709497091e-03 2.793296089385475167e-04 2.793296089385475167e-04 1.231843575418994502e-01 2.793296089385475167e-04 5.030726256983240052e-01 2.793296089385475167e-04 8.966480446927374559e-02 2.768156424581005304e-01 2.793296089385475167e-04
1.383125864453665249e-04 2.503457814661133943e-02 1.521438450899031611e-03 1.383125864453665249e-04 1.383125864453665249e-04 1.521438450899031611e-03 6.100968188105116985e-01 2.850622406639003459e-01 2.641770401106500327e-02 4.993084370677731282e-02
1.164144353899883587e-04 5.832363213038416899e-02 1.164144353899883587e-04 2.655413271245634643e-01 1.164144353899883587e-04 4.192083818393481098e-01 2.444703143189755519e-03 2.805587892898719557e-02 1.164144353899883587e-04 2.259604190919674016e-01
1.119820828667413275e-04 1.119820828667413275e-04 1.119820828667413275e-04 4.413213885778276002e-01 1.119820828667413275e-04 2.778275475923852045e-01 9.070548712206047068e-03 2.610302351623740025e-01 1.231802911534154738e-03 9.070548712206047068e-03
2.766798418972331655e-03 1.002635046113306699e-01 4.756258234519103456e-02 5.297760210803688086e-01 1.317523056653491329e-04 9.631093544137020457e-02 1.317523056653491329e-04 1.317523056653491329e-04 1.977602108036890238e-01 2.516469038208168571e-02
1.879699248120300864e-04 2.595864661654135319e-01 1.073308270676691795e-01 1.146616541353383430e-02 1.879699248120300864e-04 1.731203007518797021e-01 1.879699248120300864e-04 4.342105263157895051e-02 1.710526315789473450e-02 3.874060150375939759e-01
6.024096385542169205e-04 2.475903614457831414e-01 6.024096385542169205e-04 6.024096385542169205e-04 1.150602409638554341e-01 1.265060240963855435e-02 1.265060240963855435e-02 5.487951807228915735e-01 6.084337349397590106e-02 6.024096385542169205e-04
1.434720229555236696e-04 5.322812051649927767e-02 1.434720229555236696e-04 1.434720229555236696e-04 1.578192252510760311e-03 1.434720229555236696e-04 6.672883787661405552e-01 2.239598278335724058e-01 2.166427546628407058e-02 3.170731707317072517e-02
1.438848920863309330e-04 1.165467625899280386e-02 1.051798561151078837e-01 1.438848920863309330e-04 4.187050359712229941e-02 7.785611510791365930e-01 1.438848920863309330e-04 1.438848920863309330e-04 1.438848920863309330e-04 6.201438848920862168e-02
4.950495049504950555e-04 4.999999999999999584e-02 2.029702970297029424e-02 3.965346534653464983e-01 4.950495049504950555e-04 1.836633663366336600e-01 1.044554455445544650e-01 4.950495049504950555e-04 4.950495049504950555e-04 2.430693069306930632e-01
3.968253968253968251e-04 3.968253968253968251e-04 2.817460317460317165e-02 2.424603174603174593e-01 2.420634920634920362e-02 2.027777777777777790e-01 5.198412698412697985e-02 1.511904761904762085e-01 3.968253968253968251e-04 2.980158730158730118e-01
1.594896331738436686e-04 1.594896331738436686e-04 6.555023923444974754e-02 4.944178628389153674e-03 1.594896331738436686e-04 4.339712918660286745e-01 1.594896331738436686e-04 1.594896331738436686e-04 1.594896331738436686e-04 4.945773524720892822e-01
2.155172413793103418e-04 1.381465517241378949e-01 2.155172413793103418e-04 2.392241379310344404e-02 5.627155172413792483e-01 1.855603448275861822e-01 8.836206896551722714e-03 4.525862068965516745e-03 2.370689655172413760e-03 7.349137931034481486e-02
1.295641931684334437e-03 1.177856301531213050e-04 4.829210836277972665e-03 1.177856301531213050e-04 1.177856301531213050e-04 5.819787985865724211e-01 6.725559481743226264e-02 3.299175500588927834e-01 1.425206124852767750e-02 1.177856301531213050e-04
3.205627705627704938e-01 2.164502164502164229e-04 6.387445887445887260e-01 2.164502164502164229e-04 2.164502164502164229e-04 2.164502164502164229e-04 2.164502164502164229e-04 2.164502164502164229e-04 2.164502164502164229e-04 3.917748917748917897e-02
9.891196834817013851e-05 6.538081107814044945e-02 6.142433234421364879e-02 1.148367952522255098e-01 6.043521266073195036e-02 2.284866468842730244e-02 9.891196834817013851e-05 9.891196834817013851e-05 2.087042532146389864e-02 6.539070227497527643e-01
3.389830508474576498e-04 2.172881355932203273e-01 3.389830508474576498e-04 8.508474576271186918e-02 4.545762711864406724e-01 3.423728813559322182e-02 3.389830508474576498e-04 9.864406779661016866e-02 4.101694915254237156e-02 6.813559322033899135e-02
9.881422924901185644e-05 9.881422924901185644e-05 9.881422924901185644e-05 6.888339920948616246e-01 6.235177865612647613e-02 1.018774703557312061e-01 9.881422924901185644e-05 1.986166007905138323e-02 5.444664031620553152e-02 7.223320158102765343e-02
1.103752759381898318e-04 4.945916114790286366e-01 1.103752759381898318e-04 1.225165562913907089e-02 1.103752759381898318e-04 8.841059602649005422e-02 4.426048565121412648e-02 1.103752759381898318e-04 3.433774834437086088e-01 1.666666666666666297e-02
9.000900090009001872e-05 9.990999099909990411e-03 8.289828982898289622e-02 9.000900090009001872e-05 3.609360936093609223e-02 3.969396939693969201e-02 5.572457245724572461e-01 2.359135913591359213e-01 9.000900090009001872e-05 3.789378937893789212e-02
6.250000000000000130e-04 1.631250000000000200e-01 5.687499999999999500e-02 6.250000000000000130e-04 6.250000000000000130e-04 4.943749999999999534e-01 6.250000000000000130e-04 1.131250000000000033e-01 1.631250000000000200e-01 6.875000000000000902e-03
1.063829787234042788e-03 6.819148936170212894e-01 1.063829787234042788e-03 1.063829787234042788e-03 1.063829787234042788e-03 6.489361702127660614e-02 1.063829787234042788e-03 2.457446808510638792e-01 1.063829787234042788e-03 1.063829787234042788e-03
6.153846153846154871e-05 8.080615384615384977e-01 6.153846153846154871e-05 1.539076923076923287e-01 8.676923076923078598e-03 6.153846153846154871e-05 6.153846153846154871e-05 1.175384615384615639e-02 1.729230769230769710e-02 6.153846153846154871e-05
1.168224299065420474e-04 1.168224299065420474e-04 2.453271028037383103e-03 1.168224299065420474e-04 1.168224299065420474e-04 6.613317757009344877e-01 6.203271028037382617e-02 6.553738317757008824e-02 1.179906542056074516e-02 1.963785046728971639e-01
1.116071428571428537e-04 1.238839285714285476e-02 1.116071428571428537e-04 1.350446428571428284e-02 1.116071428571428537e-04 1.116071428571428537e-04 5.302455357142856762e-01 4.063616071428571286e-01 1.685267857142857054e-02 2.020089285714285476e-02
7.843137254901961001e-05 4.000000000000000083e-03 7.843137254901961001e-05 6.926274509803921342e-01 8.949019607843136659e-02 1.020392156862745120e-01 5.568627450980391524e-03 7.145098039215685981e-02 8.705882352941176142e-03 2.596078431372549067e-02
3.717472118959108283e-04 3.717472118959108283e-04 3.717472118959108283e-04 1.527881040892193343e-01 3.717472118959108283e-04 3.717472118959108283e-04 3.717472118959108283e-04 1.750929368029739697e-01 3.717472118959108283e-04 6.695167286245352622e-01
3.105590062111801357e-04 3.105590062111801357e-04 1.273291925465838345e-02 2.515527950310558758e-02 5.310559006211180294e-02 9.627329192546583286e-03 3.105590062111801357e-04 3.105590062111801357e-04 3.105590062111801357e-04 8.978260869565217739e-01
2.252252252252252287e-04 2.252252252252252287e-04 2.252252252252252287e-04 2.252252252252252287e-04 3.626126126126126559e-02 2.637387387387387094e-01 9.932432432432432290e-02 5.182432432432432234e-01 2.252252252252252287e-04 8.130630630630630851e-02
5.408970976253296876e-03 1.319261213720316576e-04 4.089709762532980734e-03 8.075197889182057498e-01 1.728232189973614302e-02 2.519788918205804681e-02 1.319261213720316576e-04 2.783641160949867910e-02 3.311345646437994367e-02 7.928759894459101731e-02
9.756097560975610290e-05 4.000000000000000083e-03 9.756097560975610290e-05 9.756097560975610290e-05 9.756097560975610290e-05 6.820487804878049287e-01 1.483902439024390174e-01 1.181463414634146281e-01 9.756097560975610290e-05 4.692682926829268297e-02
9.532888465204957884e-05 9.532888465204957884e-05 2.955195424213536998e-03 6.491897044804574579e-02 9.532888465204957884e-05 6.483317445185891037e-01 1.573879885605338480e-01 9.637750238322211060e-02 5.815061963775023171e-03 2.392755004766444413e-02
1.275510204081632768e-04 2.845663265306122569e-01 1.670918367346938688e-02 5.369897959183673325e-02 1.275510204081632768e-04 1.570153061224489610e-01 1.275510204081632768e-04 2.463010204081632626e-01 1.275510204081632768e-04 2.411989795918367263e-01
1.246882793017456545e-04 2.007481296758104744e-02 1.633416458852867889e-02 3.254364089775561159e-02 6.496259351620947697e-02 4.750623441396508578e-02 9.738154613466333542e-02 1.246882793017456545e-04 1.246882793017456545e-04 7.208229426433915288e-01
6.369426751592357442e-05 8.477707006369426812e-02 7.070063694267515568e-03 1.974522292993630482e-03 6.369426751592357442e-05 6.369426751592357442e-05 5.580254777070063898e-01 2.077070063694267665e-01 1.357324840764331242e-01 4.522292993630572591e-03
1.398601398601398600e-04 1.398601398601398600e-04 1.398601398601398600e-04 4.910489510489510767e-01 3.090909090909091037e-02 1.847552447552447408e-01 1.398601398601398600e-04 1.398601398601398600e-04 3.650349650349650477e-02 2.560839160839160633e-01
5.714285714285714714e-04 5.714285714285714714e-04 5.714285714285714714e-04 6.914285714285714479e-02 5.714285714285714714e-04 3.485714285714285737e-02 5.714285714285714714e-04 1.091428571428571526e-01 2.342857142857142708e-02 7.605714285714285650e-01
5.076142131979695686e-04 1.065989847715736148e-02 6.649746192893400687e-02 1.883248730964467155e-01 5.076142131979695686e-04 2.081218274111674982e-02 5.076142131979695686e-04 1.121827411167512778e-01 5.076142131979695686e-04 5.994923857868019734e-01
2.349323493234932447e-02 1.230012300123001375e-04 3.948339483394833899e-02 1.428044280442804237e-01 1.230012300123001375e-04 2.583025830258302725e-03 1.230012300123001375e-04 1.230012300123001375e-04 1.230012300123001375e-04 7.910209102091021460e-01
9.563492063492064210e-02 4.365079365079365184e-03 2.420634920634920362e-02 3.968253968253968251e-04 3.968253968253968251e-04 3.968253968253968251e-04 3.968253968253968251e-04 3.968253968253968251e-04 2.464285714285714413e-01 6.273809523809523725e-01
7.092198581560284166e-04 2.907801418439715999e-02 7.092198581560284166e-04 2.631205673758865160e-01 3.269503546099291058e-01 7.092198581560284166e-04 7.092198581560284166e-04 2.276595744680851297e-01 1.354609929078014197e-01 1.489361702127659642e-02
1.172332942555685814e-04 1.032825322391559136e-01 6.694021101992966849e-02 1.172332942555685814e-04 1.172332942555685814e-04 4.995310668229777651e-01 1.172332942555685814e-04 7.397420867526377508e-02 2.111371629542790063e-01 4.466588511137162959e-02
3.496503496503496500e-04 6.786713286713286220e-01 5.279720279720279824e-02 3.496503496503496500e-04 3.496503496503496500e-04 2.206293706293706303e-01 3.496503496503496500e-04 4.580419580419580611e-02 3.496503496503496500e-04 3.496503496503496500e-04
1.724137931034482897e-04 1.724137931034482897e-04 1.724137931034482897e-04 1.724137931034482897e-04 2.932758620689654983e-01 1.725862068965517138e-01 3.708620689655172109e-01 1.913793103448275731e-02 1.896551724137931268e-03 1.415517241379310176e-01
3.984063745019920466e-04 3.191235059760955672e-01 4.382470119521912622e-03 3.984063745019920466e-04 3.984063745019920466e-04 2.394422310756972039e-01 3.984063745019920466e-04 5.219123505976095562e-02 4.382470119521912622e-03 3.788844621513943745e-01
4.460665044606651431e-04 1.322384428223844499e-01 5.072992700729928028e-02 4.055150040551501055e-05 2.356042173560422143e-02 2.193836171938362209e-02 6.508921330089214585e-01 1.143957826439578607e-01 5.717761557177616569e-03 4.055150040551501055e-05
1.404494382022472034e-04 1.404494382022472034e-04 1.404494382022472034e-04 4.734550561797752910e-01 7.738764044943820253e-02 1.068820224719101014e-01 1.404494382022472034e-04 2.122191011235954883e-01 1.839887640449438047e-02 1.110955056179775136e-01
2.724795640326975596e-04 3.569482288828337846e-02 1.038147138964577720e-01 2.128065395095367629e-01 3.297002724795640438e-02 4.931880108991826273e-02 9.019073569482288777e-02 2.482288828337874398e-01 2.724795640326975596e-04 2.264305177111716472e-01
9.242144177449169171e-05 9.242144177449169171e-05 9.242144177449169171e-05 1.303142329020332696e-02 8.410351201478743349e-03 7.486136783733826107e-03 3.734750462107209179e-01 4.908502772643253409e-01 3.243992606284658298e-02 7.402957486136783893e-02
1.883239171374764299e-04 9.604519774011296626e-03 1.883239171374764299e-04 7.817325800376646594e-01 8.681732580037662683e-02 7.928436911487757310e-02 1.883239171374764299e-04 1.883239171374764299e-04 1.883239171374764299e-04 4.161958568738229058e-02
2.159827213822894409e-04 2.159827213822894409e-04 7.796976241900648030e-02 4.969762419006479304e-01 2.613390928725701709e-02 3.544276457883369091e-01 2.159827213822894409e-04 2.159827213822894409e-04 3.909287257019438550e-02 4.535637149028077554e-03
9.208819714656289040e-03 2.076523994811932117e-01 1.297016861219195849e-04 4.501945525291828343e-01 9.481193255512319895e-02 1.297016861219195849e-04 5.317769130998701438e-03 5.719844357976652804e-02 1.297016861219195849e-04 1.752269779507133196e-01
1.930501930501930493e-04 5.617760617760617775e-02 7.915057915057914506e-03 4.054054054054054279e-03 3.727799227799227788e-01 3.882239382239381920e-01 1.930501930501930493e-04 1.700772200772200649e-01 1.930501930501930493e-04 1.930501930501930493e-04
1.659340659340659552e-01 2.307692307692308167e-02 7.483516483516483575e-01 1.098901098901099117e-03 1.208791208791209007e-02 1.208791208791209007e-02 1.098901098901099117e-03 3.406593406593406981e-02 1.098901098901099117e-03 1.098901098901099117e-03
1.445086705202311959e-04 1.445086705202311959e-04 8.395953757225432801e-02 5.117052023121386739e-01 8.815028901734101377e-03 7.817919075144508234e-02 1.445086705202311959e-04 3.034682080924855276e-03 2.949421965317918781e-01 1.893063583815028650e-02
2.070393374741200815e-04 2.070393374741200815e-04 6.438923395445135534e-02 2.070393374741200815e-04 2.070393374741200815e-04 3.004140786749482372e-01 1.677018633540372505e-02 2.070393374741200815e-04 1.469979296066252494e-02 6.026915113871635921e-01
1.044932079414837922e-04 9.508881922675025203e-03 1.044932079414837922e-04 2.194357366771159529e-03 1.662486938349007071e-01 1.044932079414837922e-04 2.707419017763845193e-01 3.679205851619644640e-01 6.374085684430511219e-03 1.766980146290490772e-01
3.322259136212624771e-04 3.322259136212624771e-04 3.322259136212624771e-04 3.325581395348837233e-01 1.664451827242524884e-01 6.677740863787376413e-02 1.963455149501661112e-01 2.229235880398670877e-01 3.322259136212624771e-04 1.362126245847175912e-02
2.538071065989847843e-04 5.329949238578680741e-03 2.538071065989847843e-04 2.538071065989847843e-04 2.791878172588832790e-03 4.393401015228426409e-01 5.862944162436548728e-02 3.961928934010152115e-01 2.538071065989847843e-04 9.670050761421319918e-02
2.403846153846153980e-04 2.403846153846153980e-04 9.158653846153846922e-02 1.108173076923077011e-01 6.995192307692307820e-02 2.403846153846153980e-04 3.629807692307691902e-02 4.593749999999999778e-01 2.403846153846153980e-04 2.310096153846153688e-01
1.639344262295081695e-04 8.540983606557375762e-02 1.639344262295081695e-04 1.639344262295081695e-04 4.919672131147540539e-01 8.868852459016392242e-02 1.296721311475409477e-01 3.622950819672130646e-02 1.639344262295081695e-04 1.673770491803278360e-01
2.495844875346260316e-01 2.770083102493075015e-04 5.072022160664819701e-01 3.047091412742382408e-03 1.692520775623268803e-01 2.770083102493075015e-04 4.736842105263158048e-02 2.770083102493075015e-04 2.243767313019390600e-02 2.770083102493075015e-04
2.347417840375587070e-04 2.347417840375587070e-04 2.347417840375587070e-04 3.335680751173708547e-01 1.082159624413145532e-01 1.528169014084506949e-01 2.347417840375587070e-04 2.349765258215962271e-01 2.347417840375587070e-04 1.692488262910797903e-01
1.394160583941606302e-01 7.299270072992702441e-04 8.182481751824818295e-01 7.299270072992702441e-04 7.299270072992702441e-04 7.299270072992702441e-04 7.299270072992702441e-04 2.262773722627737724e-02 7.299270072992702441e-04 1.532846715328467502e-02
1.143451143451143515e-03 1.039501039501039423e-04 1.039501039501039423e-04 1.039501039501039423e-04 1.039501039501039423e-04 1.039501039501039423e-04 3.888773388773388295e-01 4.075883575883575416e-01 2.609147609147608946e-02 1.757796257796257478e-01
1.764132553606237788e-02 1.950292397660818577e-01 9.746588693957116095e-05 5.117933723196881335e-01 8.294346978557504135e-02 9.746588693957116095e-05 3.996101364522416759e-03 6.052631578947368501e-02 9.746588693957116095e-05 1.277777777777777679e-01
2.222222222222222329e-04 2.024444444444444269e-01 2.222222222222222329e-04 2.222222222222222329e-04 2.222222222222222329e-04 7.577777777777777724e-02 2.688888888888888926e-02 2.444444444444444833e-03 2.222222222222222329e-04 6.913333333333333552e-01
1.050620821394460417e-03 9.551098376313276275e-05 6.313276026743075420e-02 4.938872970391595119e-01 9.551098376313276275e-05 1.089780324737344708e-01 9.551098376313276275e-05 9.551098376313276275e-05 3.124164278892072599e-01 2.015281757402101470e-02
1.297016861219195849e-04 1.297016861219195849e-04 1.699092088197146425e-02 1.297016861219195849e-04 1.297016861219195849e-04 1.297016861219195849e-04 4.592736705577172840e-01 4.163424124513619151e-02 1.297016861219195849e-04 4.813229571984435906e-01
1.901140684410646540e-04 2.435361216730037859e-01 1.901140684410646540e-04 1.901140684410646540e-04 2.091254752851711383e-03 2.986692015209125306e-01 1.901140684410646540e-04 2.948669201520912608e-01 6.863117870722433567e-02 9.144486692015209306e-02
3.278688524590163932e-04 4.295081967213114360e-02 3.606557377049180758e-03 5.606557377049180974e-02 6.885245901639344690e-03 3.278688524590163932e-04 3.278688524590163932e-04 3.278688524590163932e-04 3.278688524590163932e-04 8.888524590163935368e-01
1.234567901234567930e-04 2.851851851851851596e-02 1.358024691358024642e-03 1.234567901234567930e-04 2.766666666666666163e-01 1.234567901234567930e-04 3.345679012345678660e-02 4.717283950617283672e-01 1.234567901234567930e-04 1.877777777777777379e-01
2.801120448179272057e-04 3.224089635854341385e-01 4.229691876750700519e-02 8.683473389355742672e-03 9.831932773109243462e-02 2.801120448179272057e-04 5.882352941176470507e-03 2.383753501400560082e-01 1.683473389355742422e-01 1.151260504201680746e-01
1.285714285714285587e-01 3.206997084548104688e-03 8.224489795918367152e-01 2.915451895043731190e-04 2.915451895043731190e-04 2.915451895043731190e-04 2.915451895043731190e-04 6.122448979591835552e-03 2.915451895043731190e-04 3.819241982507287636e-02
2.040816326530612321e-04 2.244897959183673498e-03 2.040816326530612321e-04 2.040816326530612321e-04 2.940816326530611979e-01 2.040816326530612321e-04 4.306122448979592121e-02 1.246938775510204045e-01 2.920408163265306167e-01 2.430612244897959184e-01
3.311258278145695361e-04 3.311258278145695361e-04 3.311258278145695361e-04 5.993377483443709103e-02 5.993377483443709103e-02 5.864238410596026574e-01 7.649006622516556220e-02 1.692052980132450479e-01 4.668874172185430438e-02 3.311258278145695361e-04
3.405572755417956860e-03 3.095975232198142600e-04 6.501547987616099027e-03 7.123839009287925572e-01 3.095975232198142600e-04 1.551083591331269274e-01 2.198142414860681029e-02 8.080495356037152577e-02 1.888544891640866683e-02 3.095975232198142600e-04
4.830917874396135686e-04 2.758454106280193163e-01 4.830917874396135686e-04 4.830917874396135686e-04 4.830917874396135686e-04 1.454106280193236678e-01 4.830917874396135686e-04 4.396135265700482769e-02 2.758454106280193163e-01 2.565217391304348005e-01
1.190476190476190340e-04 1.190476190476190340e-04 7.273809523809522670e-02 4.548809523809523303e-01 4.297619047619047339e-02 2.511904761904761724e-02 3.690476190476190202e-03 1.190476190476190340e-04 3.263095238095237716e-01 7.392857142857142683e-02
1.054852320675105369e-04 1.087552742616033630e-01 1.593881856540084185e-01 1.054852320675105369e-04 4.324894514767931540e-03 2.849156118143459926e-01 2.174050632911392056e-01 2.237341772151898445e-01 1.054852320675105369e-04 1.160337552742616001e-03
8.598452278589853741e-05 2.141874462596732587e-01 6.285468615649182633e-02 2.270851246775580645e-01 8.598452278589853741e-05 3.500429922613929601e-01 2.588134135855546178e-02 8.598452278589853741e-05 6.543422184006877917e-02 5.425623387790198121e-02
2.557544757033248400e-04 1.815856777493606022e-02 2.557544757033248400e-04 5.370843989769820935e-03 2.557544757033248400e-04 2.557544757033248400e-04 2.557544757033248400e-04 8.976982097186701759e-02 1.560102301790281323e-02 8.698209718670076862e-01
9.099181073703367000e-05 4.477707006369426868e-01 4.640582347588716357e-03 1.556869881710646053e-01 9.099181073703367000e-05 6.014558689717924844e-02 9.099181073703367000e-05 9.099181073703367000e-05 9.099181073703367000e-05 3.313011828935396030e-01
9.425070688030160804e-05 1.140433553251649426e-02 1.036757775683317621e-03 2.921771913289349619e-03 7.634307257304429398e-03 7.634307257304429398e-03 4.195098963242224754e-01 4.327049952874646999e-01 9.425070688030160804e-05 1.169651272384542862e-01
1.801801801801801830e-04 1.981981981981982121e-03 2.540540540540540612e-02 1.801801801801801830e-04 1.801801801801801830e-04 1.801801801801801830e-04 1.801801801801801830e-04 1.801801801801801830e-04 1.801801801801801830e-04 9.713513513513514219e-01
7.093821510297483243e-03 2.517162471395881403e-03 2.288329519450801029e-04 2.288329519450801029e-04 3.226544622425629033e-02 2.288329519450801029e-04 2.288329519450801029e-04 9.382151029748283730e-03 2.288329519450801029e-04 9.475972540045767278e-01
1.626016260162601625e-04 2.375609756097560865e-01 4.081300813008130468e-02 1.626016260162601625e-04 5.382113821138211768e-02 2.798373983739837478e-01 1.432520325203252010e-01 2.408130081300813019e-01 1.626016260162601625e-04 3.414634146341463412e-03
4.201680672268908357e-04 1.722689075630252226e-02 4.201680672268908357e-04 4.201680672268908357e-04 2.983193277310924527e-02 2.861344537815125877e-01 4.201680672268908357e-04 5.256302521008403561e-01 1.302521008403361574e-02 1.264705882352941402e-01
2.267573696145124831e-04 2.267573696145124831e-04 2.267573696145124831e-04 2.267573696145124831e-04 2.088435374149659740e-01 9.297052154195011020e-03 2.267573696145124831e-04 4.492063492063492203e-01 2.267573696145124831e-04 3.312925170068027336e-01
1.257485029940119854e-02 5.988023952095808313e-04 5.988023952095808313e-04 6.586826347305389795e-03 7.844311377245508088e-02 1.856287425149700729e-02 5.988023952095808313e-04 6.586826347305389795e-03 5.988023952095808313e-04 8.748502994011975176e-01
2.770083102493075015e-04 2.606648199445983360e-01 2.770083102493075015e-04 2.770083102493075015e-04 2.770083102493075015e-04 3.770083102493074767e-01 2.770083102493075015e-04 2.108033240997229663e-01 1.221606648199446005e-01 2.797783933518005473e-02
1.958646616541352969e-01 1.770676691729322905e-01 1.657894736842104866e-01 4.135338345864661251e-03 6.428571428571427937e-02 7.894736842105261679e-03 7.932330827067668455e-02 2.259398496240601073e-01 7.932330827067668455e-02 3.759398496240600645e-04
1.845018450184502062e-04 1.845018450184502062e-04 1.845018450184502062e-04 2.455719557195571723e-01 4.077490774907749360e-02 3.339483394833948904e-02 1.678966789667896489e-02 6.625461254612546869e-01 1.845018450184502062e-04 1.845018450184502062e-04
6.214689265536723489e-03 1.186440677966101725e-02 5.649717514124293983e-04 6.214689265536723489e-03 2.265536723163841804e-01 8.531073446327683274e-02 2.881355932203389508e-02 3.112994350282485834e-01 5.706214689265536738e-02 2.661016949152542610e-01
1.184834123222748851e-04 1.433649289099525950e-02 1.184834123222748851e-04 1.184834123222748851e-04 1.731042654028435990e-01 1.184834123222748851e-04 1.552132701421800841e-02 2.951421800947867102e-01 1.184834123222748851e-04 5.013033175355450233e-01
5.213270142180094838e-03 4.739336492890995406e-04 4.739336492890995406e-04 4.786729857819905370e-02 2.232227488151658779e-01 1.805687203791469242e-01 4.739336492890995406e-04 1.189573459715639880e-01 4.739336492890995406e-04 4.222748815165876524e-01
3.154574132492113793e-04 3.154574132492113793e-04 1.608832807570977769e-02 4.447949526813879673e-02 4.041009463722397554e-01 3.154574132492113793e-04 3.154574132492113793e-04 3.470031545741325118e-03 5.050473186119873725e-01 2.555205047318611852e-02
1.161440185830429596e-04 1.161440185830429596e-04 1.161440185830429596e-04 7.084785133565620063e-03 1.161440185830429596e-04 2.566782810685249577e-02 4.484320557491288661e-01 4.658536585365853355e-01 1.161440185830429596e-04 5.238095238095237527e-02
4.807692307692307959e-04 1.014423076923076927e-01 4.807692307692307959e-04 3.033653846153846478e-01 4.807692307692307959e-04 4.716346153846153744e-01 4.807692307692307959e-04 4.807692307692307959e-04 4.807692307692307959e-04 1.206730769230769246e-01
2.008032128514056311e-04 3.835341365461847341e-02 1.528112449799196582e-01 6.224899598393574159e-03 3.194779116465863433e-01 2.008032128514056311e-04 2.853413654618473516e-01 4.216867469879518118e-03 2.008032128514056311e-04 1.929718875502007824e-01
8.783454987834549144e-02 5.109489051094889649e-03 8.226277372262773557e-01 2.433090024330900091e-04 2.433090024330900091e-04 7.542579075425789523e-03 2.433090024330900091e-04 4.890510948905109345e-02 5.109489051094889649e-03 2.214111922141118877e-02
1.403061224489796045e-03 3.954081632653060931e-03 6.645408163265306700e-02 3.088010204081632626e-01 1.275510204081632768e-04 4.911989795918367818e-01 1.275510204081632768e-04 4.221938775510204050e-02 1.275510204081632768e-04 8.558673469387755028e-02
5.617977528089888135e-04 5.617977528089888135e-04 5.617977528089888135e-04 1.410112359550561856e-01 3.488764044943820086e-01 6.797752808988763440e-02 3.488764044943820086e-01 5.674157303370786637e-02 3.426966292134830949e-02 5.617977528089888135e-04
6.282183316168896831e-03 1.029866117404737268e-04 4.388259526261585886e-01 1.658084449021627119e-02 1.029866117404737268e-04 7.219361483007206981e-02 1.029866117404737268e-04 1.029866117404737268e-04 4.501544799176107059e-01 1.555097837281153167e-02
3.278688524590163932e-04 3.606557377049180758e-03 3.278688524590163932e-04 5.278688524590164494e-02 3.118032786885245877e-01 1.544262295081967329e-01 2.327868852459016175e-02 3.967213114754098574e-02 1.672131147540983562e-02 3.970491803278688447e-01
9.615384615384615376e-05 3.086538461538461744e-02 9.615384615384615376e-05 9.615384615384615376e-05 6.644230769230768940e-02 9.615384615384615376e-05 3.827884615384615774e-01 4.404807692307692313e-01 9.615384615384615376e-05 7.894230769230768663e-02
6.329113924050633029e-04 2.411392405063291222e-01 6.329113924050633029e-04 1.145569620253164694e-01 6.329113924050633029e-04 6.329113924050633029e-04 6.329113924050633029e-04 3.677215189873417889e-01 6.329113924050633029e-04 2.727848101265822889e-01
2.066115702479339063e-04 3.533057851239669589e-02 2.066115702479339063e-04 2.272727272727273051e-03 3.018595041322313932e-01 4.175619834710743716e-01 2.066115702479339063e-04 1.861570247933884148e-01 2.066115702479339063e-04 5.599173553719008489e-02
1.172332942555685679e-04 1.172332942555685679e-04 1.535756154747948236e-02 1.172332942555685679e-04 1.172332942555685679e-04 1.172332942555685679e-04 7.011723329425556539e-01 2.709261430246189262e-01 1.184056271981242560e-02 1.172332942555685679e-04
2.702702702702702744e-04 2.702702702702702744e-04 4.621621621621622295e-02 1.110810810810810845e-01 2.702702702702702744e-04 4.891891891891892580e-02 2.702702702702702744e-04 2.702702702702702744e-04 2.972972972972973398e-03 7.894594594594595005e-01
3.226666666666665878e-02 4.293333333333332336e-02 7.949333333333331586e-01 2.666666666666666252e-04 5.599999999999998208e-03 2.426666666666665861e-02 1.093333333333332963e-02 8.559999999999998166e-02 2.933333333333332498e-03 2.666666666666666252e-04
1.085776330076004392e-04 1.194353963083604831e-03 1.085776330076004392e-04 5.375678610206298114e-01 1.488599348534201949e-01 1.390879478827361515e-01 4.451682953311617355e-03 5.765472312703583124e-02 1.085776330076004392e-04 1.108577633007600399e-01
5.917159763313609546e-04 1.366863905325443884e-01 6.508875739644971042e-03 5.917159763313609546e-04 1.840236686390532561e-01 4.792899408284023721e-02 5.917159763313609546e-04 8.934911242603550685e-02 5.331360946745561380e-01 5.917159763313609546e-04
6.123698714023270912e-05 2.639314145744029588e-02 6.123698714023270912e-05 2.210655235762400486e-02 3.680342927127985136e-02 6.123698714023270912e-05 3.423759951010410529e-01 4.397428046540110547e-01 1.659522351500306372e-02 1.157991426821800285e-01
1.043841336116910153e-04 2.411273486430062438e-02 1.784968684759916449e-02 2.411273486430062438e-02 1.043841336116910153e-04 1.043841336116910153e-04 4.635699373695197911e-01 4.165970772442588732e-01 2.515657620041753667e-02 2.828810020876826661e-02
2.659574468085106427e-04 5.345744680851063912e-02 2.659574468085106427e-04 2.449468085106382698e-01 2.659574468085106427e-04 4.124999999999999778e-01 2.659574468085106427e-04 1.465425531914893720e-01 2.659574468085106427e-04 1.412234042553191515e-01
2.645502645502645681e-04 2.910052910052910412e-03 1.084656084656084561e-02 2.013227513227513199e-01 3.362433862433862330e-01 2.671957671957671948e-02 2.645502645502645681e-04 4.523809523809524391e-02 3.706349206349205949e-01 5.555555555555555768e-03
4.149377593360996288e-04 2.078838174273859030e-01 4.149377593360996288e-04 8.713692946058091554e-03 2.946058091286306996e-02 4.149377593360996288e-04 4.564315352697095700e-03 1.124481327800829905e-01 6.352697095435684282e-01 4.149377593360996288e-04
1.075268817204301074e-03 7.634408602150537237e-02 1.075268817204301074e-03 4.419354838709677602e-01 2.698924731182795744e-01 1.075268817204301074e-03 1.182795698924731312e-02 1.075268817204301074e-03 1.075268817204301074e-03 1.946236559139785105e-01
4.672897196261682979e-04 4.672897196261682979e-04 4.672897196261682979e-04 1.266355140186916084e-01 9.859813084112151182e-02 4.724299065420561328e-01 7.990654205607478078e-02 8.925233644859814630e-02 1.126168224299065601e-01 1.915887850467289794e-02
2.803030303030303039e-02 1.138888888888888867e-01 2.525252525252525250e-04 3.638888888888888729e-01 1.719696969696969668e-01 8.611111111111111049e-02 2.525252525252525250e-04 1.792929292929292678e-02 3.813131313131312705e-02 1.795454545454545359e-01
2.375296912114014248e-04 9.738717339667458256e-03 2.375296912114014248e-04 2.375296912114014248e-04 2.375296912114014248e-04 4.988123515439430410e-03 2.375296912114014248e-04 2.375296912114014248e-04 2.375296912114014248e-04 9.836104513064133359e-01
9.041591320072332706e-05 9.041591320072332706e-05 9.041591320072332706e-05 9.945750452079566654e-04 1.456600361663652754e-01 9.945750452079566654e-04 9.141048824593127342e-02 9.041591320072332706e-05 2.902350813743219057e-02 7.315551537070524857e-01
2.114164904862579424e-04 6.553911205073995917e-03 2.114164904862579424e-04 2.114164904862579424e-04 3.828752642706130804e-01 2.114164904862579424e-04 2.285412262156448215e-01 1.735729386892177484e-01 2.010570824524312850e-01 6.553911205073995917e-03
2.762430939226519547e-04 2.185082872928176545e-01 2.790055248618784553e-02 3.066298342541436475e-02 1.687845303867403224e-01 8.314917127071823344e-02 1.961325966850828786e-02 1.604972375690607855e-01 2.903314917127071682e-01 2.762430939226519547e-04
1.055966209081309374e-04 1.172122492080253202e-02 3.273495248152058761e-03 1.055966209081309374e-04 5.290390707497359679e-02 1.277719112988384177e-02 4.510031678986272108e-01 4.351636747624075818e-01 1.172122492080253202e-02 2.122492080253431807e-02
1.562500000000000033e-04 1.562500000000000033e-04 1.562500000000000033e-04 7.828124999999999667e-02 1.562500000000000033e-04 1.562500000000000033e-04 1.562500000000000033e-04 1.718750000000000226e-03 1.562500000000000033e-04 9.189062500000000355e-01
1.739130434782608814e-04 1.497391304347825969e-01 5.391304347826086918e-03 1.739130434782608814e-04 2.419130434782608696e-01 2.245217391304347720e-01 7.843478260869565788e-02 2.975652173913043153e-01 1.739130434782608814e-04 1.913043478260869614e-03
1.677852348993288771e-04 6.879194630872482660e-03 4.211409395973154945e-02 1.677852348993288771e-04 1.677852348993288771e-04 1.677852348993288771e-04 1.677852348993288771e-04 1.677852348993288771e-04 1.677852348993288771e-04 9.498322147651007130e-01
1.718213058419244116e-04 3.797250859106529597e-02 1.563573883161512024e-02 2.594501718213058222e-02 1.718213058419244116e-04 2.768041237113402220e-01 1.718213058419244116e-04 1.718213058419244116e-04 7.749140893470790603e-02 5.654639175257731853e-01
1.779359430604982332e-04 1.779359430604982332e-04 1.779359430604982332e-04 1.779359430604982332e-04 1.779359430604982332e-04 5.889679715302491292e-02 1.957295373665480457e-03 1.779359430604982332e-04 1.779359430604982332e-04 9.379003558718861377e-01
3.484320557491289196e-04 3.832752613240418549e-03 1.428571428571428527e-02 7.317073170731707744e-03 1.815331010452961857e-01 3.484320557491289196e-04 3.484320557491289196e-04 3.905923344947734854e-01 3.484320557491289196e-04 4.010452961672473782e-01
2.409638554216867628e-04 2.915662650602409561e-02 2.409638554216867628e-04 2.674698795180722663e-02 2.409638554216867628e-04 2.409638554216867628e-04 6.048192771084337505e-02 5.060240963855422262e-03 2.409638554216867628e-04 8.773493975903614572e-01
3.436426116838488232e-04 3.436426116838488232e-04 3.436426116838488232e-04 1.343642611683848742e-01 3.436426116838488232e-04 3.436426116838488232e-04 3.436426116838488232e-04 7.216494845360825125e-03 3.436426116838488232e-04 8.560137457044673104e-01
1.968503937007874259e-04 5.728346456692913480e-02 6.712598425196850127e-02 1.812992125984251857e-01 1.281496062992125984e-01 2.423228346456692828e-01 1.025590551181102400e-01 2.185039370078739954e-02 2.165354330708661387e-03 1.970472440944881776e-01
4.629629629629630348e-04 4.629629629629630348e-04 4.629629629629630348e-04 2.458333333333333759e-01 1.115740740740740894e-01 2.597222222222222432e-01 4.629629629629630348e-04 3.754629629629629983e-01 4.629629629629630348e-04 5.092592592592593871e-03
1.533742331288343377e-04 1.533742331288343377e-04 2.162576687116564075e-02 1.687116564417177715e-03 1.088957055214723711e-02 5.860429447852759655e-01 1.687116564417177715e-03 3.176380368098158935e-01 1.533742331288343377e-04 5.996932515337422692e-02
1.934235976789168508e-04 1.934235976789168508e-04 2.727272727272727140e-02 1.934235976789168508e-04 1.897485493230174070e-01 1.566731141199226296e-02 1.934235976789168508e-04 1.934235976789168508e-04 1.934235976789168508e-04 7.661508704061895658e-01
3.322259136212624771e-04 5.016611295681062954e-02 2.926910299003321891e-01 3.322259136212624771e-04 1.664451827242524884e-01 3.654485049833887302e-03 3.023255813953488330e-02 3.322259136212624771e-04 3.322259136212624771e-04 4.554817275747508054e-01
1.449275362318840543e-04 4.797101449275361501e-02 2.913043478260869332e-02 1.449275362318840543e-04 1.594202898550724570e-03 8.059420289855071529e-01 1.449275362318840543e-04 2.913043478260869332e-02 7.260869565217389909e-02 1.318840579710144588e-02
2.347417840375587070e-04 1.880281690140845063e-01 2.347417840375587070e-04 4.321596244131455378e-01 2.232394366197182900e-01 8.004694835680752074e-02 2.347417840375587070e-04 2.347417840375587070e-04 3.075117370892018615e-02 4.483568075117370932e-02
3.816793893129770952e-04 3.816793893129770952e-04 3.816793893129770952e-04 8.057251908396946272e-01 3.816793893129770952e-04 4.618320610687022543e-02 3.816793893129770952e-04 3.816793893129770952e-04 3.854961832061068461e-02 1.072519083969465659e-01
2.538071065989847843e-04 1.294416243654822329e-02 2.538071065989847843e-04 2.538071065989847843e-04 9.670050761421319918e-02 2.185279187817258661e-01 1.294416243654822329e-02 5.459390862944162315e-01 2.538071065989847843e-04 1.119289340101522895e-01
2.202643171806167497e-04 2.202643171806167497e-04 2.202643171806167497e-04 2.422907488986784409e-03 2.202643171806167497e-04 1.654185022026431473e-01 1.808370044052863279e-01 5.618942731277533076e-01 2.202643171806167497e-04 8.832599118942731364e-02
4.366812227074236448e-04 4.366812227074236448e-04 1.353711790393013342e-02 4.366812227074236448e-04 2.663755458515284016e-02 4.545851528384279860e-01 4.803493449781660526e-03 8.340611353711792353e-02 4.152838427947598277e-01 4.366812227074236448e-04
1.420454545454545657e-04 1.292613636363636360e-02 6.832386363636364091e-02 1.562500000000000087e-03 3.991477272727272929e-02 2.813920454545454364e-01 1.860795454545454558e-02 7.258522727272727348e-02 1.150568181818181768e-02 4.930397727272727848e-01
1.620745542949756756e-04 5.040518638573743271e-02 2.609400324149108510e-02 9.092382495948134191e-02 5.024311183144245484e-03 2.157212317666125923e-01 1.620745542949756756e-04 5.739059967585088406e-01 1.782820097244732296e-03 3.581847649918962206e-02
5.714285714285714714e-04 4.628571428571428420e-02 5.714285714285714714e-04 5.771428571428571103e-02 5.199999999999999761e-02 5.714285714285714714e-04 9.200000000000001232e-02 2.291428571428571481e-01 5.714285714285714714e-04 5.205714285714285738e-01
2.277904328018223344e-04 2.277904328018223344e-04 2.277904328018223344e-04 4.785876993166287008e-01 2.277904328018223344e-04 4.350797266514806749e-02 1.414578587699316659e-01 2.006833712984054663e-01 2.277904328018223344e-04 1.346241457858770030e-01
5.464480874316939886e-04 1.207650273224043780e-01 5.464480874316939886e-04 1.535519125683060260e-01 2.628415300546448341e-01 2.245901639344262402e-01 5.464480874316939886e-04 5.464480874316939886e-04 2.786885245901639038e-02 2.081967213114754300e-01
4.183266932270916436e-03 1.992031872509960233e-04 1.812749003984063731e-02 1.794820717131473953e-01 1.992031872509960233e-04 2.191235059760956311e-03 6.175298804780876560e-03 1.992031872509960233e-04 1.097609561752988100e-01 6.794820717131474508e-01
7.942811755361400469e-05 7.942811755361400469e-05 7.942811755361400469e-05 8.022239872915013295e-03 8.737092930897540381e-04 1.557585385226370467e-01 7.942811755361400469e-05 8.340746624305004353e-01 7.942811755361400469e-05 8.737092930897540381e-04
1.890359168241966079e-04 1.890359168241966079e-04 1.890359168241966079e-04 1.890359168241966079e-04 5.122873345935727990e-02 2.364839319470699308e-01 1.911153119092627584e-01 4.879017013232514466e-01 1.890359168241966079e-04 3.232514177693762009e-02
2.576112412177985946e-03 4.004683840749415080e-02 2.341920374707259951e-04 2.341920374707259951e-04 2.648711943793911061e-01 5.644028103044496786e-02 5.644028103044496786e-02 1.618266978922716370e-01 4.473067915690866897e-02 3.725995316159250725e-01
1.387500000000000018e-02 3.874999999999999972e-03 5.887500000000000372e-02 1.137499999999999969e-02 4.012500000000000094e-02 1.250000000000000026e-04 5.137500000000000400e-02 1.137499999999999969e-02 1.250000000000000026e-04 8.088750000000000107e-01
7.390983000739098294e-05 4.515890613451589014e-02 8.950480413895046949e-02 8.130081300813009207e-04 7.390983000739098294e-05 7.390983000739098294e-05 1.560236511456023489e-01 4.915742793791574305e-01 2.092387287509238913e-01 7.464892830746488843e-03
1.356852103120759949e-04 1.356852103120759949e-04 5.563093622795114816e-03 1.356852103120759949e-04 7.611940298507463565e-02 8.833107191316146023e-02 9.782903663500677749e-02 1.356852103120759949e-04 1.356852103120759949e-04 7.314789687924017070e-01
1.633986928104575321e-04 1.633986928104575321e-04 1.633986928104575321e-04 3.923202614379084907e-01 2.467320261437908405e-02 9.656862745098039602e-02 1.633986928104575321e-04 4.754901960784314180e-02 1.633986928104575321e-04 4.380718954248366548e-01
1.829896907216494589e-02 2.577319587628866039e-04 2.577319587628866039e-04 3.118556701030927858e-02 2.577319587628866039e-04 1.110824742268041315e-01 5.412371134020618410e-03 2.577319587628866039e-04 4.407216494845361127e-02 7.889175257731959601e-01
