6.535947712418301286e-04 1.117647058823529466e-01 6.535947712418301286e-04 6.535947712418301286e-04 3.143790849673202548e-01 5.294117647058823456e-02 1.967320261437908724e-01 6.535947712418301286e-04 2.679738562091503115e-02 5.947712418300653281e-02 6.535947712418301286e-04 6.535947712418301286e-04 6.535947712418301286e-04 6.535947712418301286e-04 6.535947712418301286e-04 6.535947712418301286e-04 6.535947712418301286e-04 6.535947712418301286e-04 2.026143790849673290e-02 6.535947712418301286e-04 9.869281045751633619e-02 6.535947712418301286e-04 6.535947712418301286e-04 6.535947712418301286e-04 6.535947712418301286e-04 6.535947712418301286e-04 6.535947712418301286e-04 1.052287581699346553e-01 6.535947712418301286e-04 6.535947712418301286e-04
3.267973856209149559e-04 3.267973856209149559e-04 9.836601307189539456e-02 3.954248366013070337e-02 3.267973856209149559e-04 1.735294117647058210e-01 3.954248366013070337e-02 3.267973856209149559e-04 3.267973856209149559e-04 1.441176470588234892e-01 3.267973856209149559e-04 3.267973856209149559e-04 2.584967320261436496e-01 3.267973856209149559e-04 3.267973856209149559e-04 3.267973856209149559e-04 3.267973856209149559e-04 3.594771241830064298e-03 3.267973856209149559e-04 3.267973856209149559e-04 8.529411764705879806e-02 1.245098039215685876e-01 1.013071895424836298e-02 3.267973856209149559e-04 3.267973856209149559e-04 3.267973856209149559e-04 3.267973856209149559e-04 3.267973856209149559e-04 1.013071895424836298e-02 6.862745098039213856e-03
1.655629139072847139e-04 1.655629139072847139e-04 1.655629139072847139e-04 1.655629139072847139e-04 1.821192052980131907e-03 3.990066225165561642e-02 1.655629139072847139e-04 1.655629139072847139e-04 1.655629139072847139e-04 3.824503311258276722e-02 1.375827814569535734e-01 1.655629139072847139e-04 3.327814569536422656e-02 1.655629139072847139e-04 1.506622516556290793e-02 1.655629139072847139e-04 1.655629139072847139e-04 1.821192052980131907e-03 2.499999999999999098e-02 1.655629139072847139e-04 1.044701986754966450e-01 5.697019867549667493e-01 1.655629139072847139e-04 1.655629139072847139e-04 1.655629139072847139e-04 1.655629139072847139e-04 1.655629139072847139e-04 6.788079470198672347e-03 1.655629139072847139e-04 2.334437086092714178e-02
3.757763975155278130e-02 1.090062111801241851e-01 3.105590062111800273e-04 3.105590062111800273e-04 3.105590062111800273e-04 1.583850931677018015e-02 3.105590062111800273e-04 3.105590062111800273e-04 3.105590062111800273e-04 3.757763975155278130e-02 3.416149068322980355e-03 3.105590062111800273e-04 3.105590062111800273e-04 6.521739130434780519e-03 4.257763975155277603e-01 3.105590062111800273e-04 6.521739130434780519e-03 3.105590062111800273e-04 3.105590062111800273e-04 3.105590062111800273e-04 2.083850931677017626e-01 1.583850931677018015e-02 3.105590062111800273e-04 3.105590062111800273e-04 3.105590062111800273e-04 3.105590062111800273e-04 3.105590062111800273e-04 3.416149068322980355e-03 9.627329192546581552e-03 1.152173913043477854e-01
8.606557377049182597e-03 4.098360655737705999e-04 5.987704918032787926e-01 4.098360655737705999e-04 4.098360655737705999e-04 2.090163934426229886e-02 4.098360655737705999e-04 4.098360655737705999e-04 3.729508196721312285e-02 1.561475409836065864e-01 4.098360655737705999e-04 4.508196721311476599e-03 4.508196721311476599e-03 4.098360655737705999e-04 4.098360655737705999e-04 4.098360655737705999e-04 4.098360655737705999e-04 4.098360655737705999e-04 4.098360655737705999e-04 4.098360655737705999e-04 1.233606557377049523e-01 4.098360655737705999e-04 2.500000000000000486e-02 4.098360655737705999e-04 4.098360655737705999e-04 4.098360655737705999e-04 4.098360655737705999e-04 1.270491803278688860e-02 4.098360655737705999e-04 4.098360655737705999e-04
3.190810465858328644e-05 1.200063816209317458e-01 3.190810465858328644e-05 3.190810465858328644e-05 3.190810465858328644e-05 3.190810465858328644e-05 2.265475430759413249e-03 3.190810465858328644e-05 1.308232291001914507e-03 3.190810465858328644e-05 5.456285896617741812e-03 3.190810465858328644e-05 3.190810465858328644e-05 3.190810465858328644e-05 3.190810465858328644e-05 3.190810465858328644e-05 3.190810465858328644e-05 3.190810465858328644e-05 1.308232291001914507e-03 6.700701978302489679e-04 2.016911295469049625e-01 3.120931716656031307e-01 6.700701978302489679e-04 3.190810465858328644e-05 3.190810465858328644e-05 3.190810465858328644e-05 3.471920867900447072e-01 3.190810465858328644e-05 3.190810465858328644e-05 6.732610082961073758e-03
1.508295625942684287e-04 1.358974358974358310e-01 1.659125188536952769e-03 1.659125188536952769e-03 1.508295625942684287e-04 6.199095022624432488e-02 1.221719457013574137e-02 1.508295625942684287e-04 1.508295625942684287e-04 1.508295625942684287e-04 3.031674208144795671e-02 4.675716440422320909e-03 1.508295625942684287e-04 1.372549019607842598e-02 5.702865761689289714e-01 1.508295625942684287e-04 1.508295625942684287e-04 1.508295625942684287e-04 1.508295625942684287e-04 1.508295625942684287e-04 1.479638009049773217e-01 3.167420814479637164e-03 1.508295625942684287e-04 1.070889894419305849e-02 1.508295625942684287e-04 1.508295625942684287e-04 1.508295625942684287e-04 1.508295625942684287e-04 1.508295625942684287e-04 3.167420814479637164e-03
1.432664756446991035e-04 1.161891117478509594e-01 4.441260744985671936e-03 1.432664756446991035e-04 3.008595988538681227e-03 5.601719197707735048e-02 1.876790830945558250e-02 1.432664756446991035e-04 8.739255014326643631e-03 1.432664756446991035e-04 1.876790830945558250e-02 1.432664756446991035e-04 1.432664756446991035e-04 3.166189111747850365e-02 5.502865329512892645e-01 5.028653295128938244e-02 1.575931232091690084e-03 1.432664756446991035e-04 1.432664756446991035e-04 1.432664756446991035e-04 1.176217765042979480e-01 1.432664756446991035e-04 1.432664756446991035e-04 1.432664756446991035e-04 4.441260744985671936e-03 1.432664756446991035e-04 1.446991404011460820e-02 1.575931232091690084e-03 1.432664756446991035e-04 1.432664756446991035e-04
1.748251748251747979e-04 2.239510489510488922e-01 1.748251748251747979e-04 1.923076923076922750e-03 1.923076923076922750e-03 2.639860139860139218e-02 1.748251748251747979e-04 1.748251748251747979e-04 1.748251748251747979e-04 1.748251748251747979e-04 1.748251748251747979e-04 1.748251748251747979e-04 1.748251748251747979e-04 9.632867132867131699e-02 3.673076923076922240e-01 1.748251748251747979e-04 1.748251748251747979e-04 1.748251748251747979e-04 1.241258741258740965e-02 1.748251748251747979e-04 1.400349650349649866e-01 1.748251748251747979e-04 8.916083916083913583e-03 8.916083916083913583e-03 8.916083916083913583e-03 3.164335664335663628e-02 1.748251748251747979e-04 2.290209790209789611e-02 1.748251748251747979e-04 4.562937062937062055e-02
1.655629139072847139e-04 9.288079470198672138e-02 1.821192052980131907e-03 1.655629139072847139e-04 1.655629139072847139e-04 1.506622516556290793e-02 1.655629139072847139e-04 3.990066225165561642e-02 1.655629139072847139e-04 5.480132450331123839e-02 1.655629139072847139e-04 1.821192052980131907e-03 1.655629139072847139e-04 2.334437086092714178e-02 4.653973509933773678e-01 1.655629139072847139e-04 1.655629139072847139e-04 1.655629139072847139e-04 1.655629139072847139e-04 3.476821192052979154e-03 1.971854304635760891e-01 1.655629139072847139e-04 2.334437086092714178e-02 1.655629139072847139e-04 1.655629139072847139e-04 1.655629139072847139e-04 1.655629139072847139e-04 1.655629139072847139e-04 1.175496688741721300e-02 6.639072847682117584e-02
2.688172043010752144e-04 1.427419354838709298e-01 2.688172043010752144e-04 2.688172043010752144e-04 2.688172043010752144e-04 2.688172043010752144e-04 2.688172043010752144e-04 2.446236559139784023e-02 2.688172043010752144e-04 2.688172043010752144e-04 8.333333333333331483e-03 2.688172043010752144e-04 3.521505376344084837e-02 2.688172043010752144e-04 5.083333333333331927e-01 7.016129032258063003e-02 2.688172043010752144e-04 2.688172043010752144e-04 2.688172043010752144e-04 2.688172043010752144e-04 1.588709677419354316e-01 2.688172043010752144e-04 2.688172043010752144e-04 2.688172043010752144e-04 2.956989247311827412e-03 2.956989247311827412e-03 1.639784946236558585e-02 2.688172043010752144e-04 2.688172043010752144e-04 2.446236559139784023e-02
2.958579881656805315e-04 7.130177514792901405e-02 3.254437869822485955e-03 3.254437869822485955e-03 2.958579881656805315e-04 2.958579881656805315e-04 7.426035502958582002e-02 2.958579881656805315e-04 2.958579881656805315e-04 3.875739644970414843e-02 2.958579881656805315e-04 3.254437869822485955e-03 2.958579881656805315e-04 2.958579881656805315e-04 1.334319526627219255e-01 2.396449704142012208e-02 2.958579881656805315e-04 3.254437869822485955e-03 6.213017751479291487e-03 2.958579881656805315e-04 2.162721893491124370e-01 2.958579881656805315e-04 1.804733727810651014e-02 2.958579881656805315e-04 2.958579881656805315e-04 2.958579881656805315e-04 2.958579881656805315e-04 2.958579881656805315e-04 2.958579881656805315e-04 3.997041420118343513e-01
3.046413502109705795e-02 2.988185654008440051e-01 1.021097046413502532e-02 8.438818565400847563e-05 9.282700421940932997e-04 1.055696202531645894e-01 8.438818565400847563e-05 8.438818565400847563e-05 8.438818565400847563e-05 8.438818565400847563e-05 8.438818565400847563e-05 8.438818565400847563e-05 8.438818565400847563e-05 1.443037974683544951e-02 4.649789029535866813e-02 8.438818565400847563e-05 3.697046413502111384e-01 8.438818565400847563e-05 1.274261603375527810e-02 8.438818565400847563e-05 9.037974683544307275e-02 8.438818565400847563e-05 8.438818565400847563e-05 8.438818565400847563e-05 8.438818565400847563e-05 8.438818565400847563e-05 1.527426160337553435e-02 9.282700421940932997e-04 8.438818565400847563e-05 2.616033755274262650e-03
8.849557522123895851e-04 8.053097345132743945e-02 8.849557522123895851e-04 8.849557522123895851e-04 8.849557522123895851e-04 4.964601769911505258e-01 1.513274336283186028e-01 8.849557522123895851e-04 8.849557522123895851e-04 1.858407079646018020e-02 8.849557522123895851e-04 8.849557522123895851e-04 4.513274336283185778e-02 8.849557522123895851e-04 8.849557522123895851e-04 8.849557522123895851e-04 9.734513274336284785e-03 5.398230088495575840e-02 8.849557522123895851e-04 8.849557522123895851e-04 6.283185840707965208e-02 8.849557522123895851e-04 8.849557522123895851e-04 8.849557522123895851e-04 8.849557522123895851e-04 8.849557522123895851e-04 8.849557522123895851e-04 6.283185840707965208e-02 8.849557522123895851e-04 8.849557522123895851e-04
1.096947935368042665e-01 4.759425493716336053e-01 1.795332136445241676e-04 1.795332136445241676e-04 1.795332136445241676e-04 5.763016157989225841e-02 1.795332136445241676e-04 1.795332136445241676e-04 1.795332136445241676e-04 1.974865350089765898e-03 1.795332136445241676e-04 1.795332136445241676e-04 1.795332136445241676e-04 3.967684021543984446e-02 1.454219030520645731e-02 1.795332136445241676e-04 1.940754039497306072e-01 1.795332136445241676e-04 5.565529622980249468e-03 1.633752244165169801e-02 4.865350089766604796e-02 1.795332136445241676e-04 1.795332136445241676e-04 1.795332136445241676e-04 9.156193895870731736e-03 3.770197486535007466e-03 1.795332136445241676e-04 1.992818671454218288e-02 1.795332136445241676e-04 1.795332136445241676e-04
3.236245954692556679e-04 6.504854368932039277e-02 3.236245954692556679e-04 3.236245954692556679e-04 3.236245954692556679e-04 3.236245954692556679e-04 3.236245954692556679e-04 3.236245954692556679e-04 5.210355987055016735e-02 3.236245954692556679e-04 3.236245954692556679e-04 3.236245954692556679e-04 3.236245954692556679e-04 3.236245954692556679e-04 3.559870550161812509e-03 1.974110032362459341e-02 3.236245954692556679e-04 3.236245954692556679e-04 2.621359223300970612e-02 3.236245954692556679e-04 1.588996763754045305e-01 3.236245954692556679e-04 3.236245954692556679e-04 3.236245954692556679e-04 6.828478964401295259e-02 3.236245954692556679e-04 2.297734627831714976e-02 3.236245954692556679e-04 5.731391585760517993e-01 3.559870550161812509e-03
1.144465290806753917e-02 8.649155722326452855e-02 1.876172607879924680e-04 1.876172607879924680e-04 1.876172607879924680e-04 1.876172607879924680e-04 1.876172607879924680e-04 5.272045028142588463e-02 1.876172607879924680e-04 1.878048780487804326e-01 1.876172607879924680e-04 1.876172607879924680e-04 1.876172607879924680e-04 1.876172607879924680e-04 5.816135084427766049e-03 1.519699812382738907e-02 1.876172607879924680e-04 1.876172607879924680e-04 1.876172607879924680e-04 2.196998123827391680e-01 2.196998123827391680e-01 9.568480300187615084e-03 1.876172607879924680e-04 2.082551594746716306e-02 1.165103189493433139e-01 1.876172607879924680e-04 1.707317073170731142e-02 3.395872420262664032e-02 1.876172607879924680e-04 1.876172607879924680e-04
3.144654088050312683e-04 2.861635220125784487e-02 3.144654088050312683e-04 3.144654088050312683e-04 3.805031446540878270e-02 3.144654088050312683e-04 1.512578616352200367e-01 3.144654088050312683e-04 3.144654088050312683e-04 3.144654088050312683e-04 3.144654088050312683e-04 2.547169811320753111e-02 2.861635220125784487e-02 3.144654088050312683e-04 1.009433962264150442e-01 5.691823899371066531e-02 3.144654088050312683e-04 6.603773584905657176e-03 3.144654088050312683e-04 3.144654088050312683e-04 1.009433962264150442e-01 3.144654088050312683e-04 2.330188679245281669e-01 1.166666666666666130e-01 3.144654088050312683e-04 9.150943396226410287e-02 1.603773584905659327e-02 3.144654088050312683e-04 3.144654088050312683e-04 3.144654088050312683e-04
4.014598540145983795e-03 3.649635036496349052e-04 3.649635036496349052e-04 3.649635036496349052e-04 3.686131386861311865e-02 3.649635036496349052e-04 1.131386861313868168e-02 3.649635036496349052e-04 4.014598540145983795e-03 3.649635036496349052e-04 3.032846715328465503e-01 3.649635036496349052e-04 5.145985401459851616e-02 3.649635036496349052e-04 3.649635036496349052e-04 3.649635036496349052e-04 3.649635036496349052e-04 3.649635036496349052e-04 3.324817518248173731e-01 1.682481751824816962e-01 7.700729927007296527e-02 3.649635036496349052e-04 3.649635036496349052e-04 3.649635036496349052e-04 3.649635036496349052e-04 3.649635036496349052e-04 3.649635036496349052e-04 3.649635036496349052e-04 3.649635036496349052e-04 4.014598540145983795e-03
2.898550724637680544e-04 1.771014492753622549e-01 2.898550724637680544e-04 2.898550724637680544e-04 2.898550724637680544e-04 2.898550724637680544e-04 3.217391304347824721e-02 2.898550724637680544e-04 2.898550724637680544e-04 5.246376811594201384e-02 2.898550724637680544e-04 2.898550724637680544e-04 2.898550724637680544e-04 2.898550724637680544e-04 5.597101449275360130e-01 2.898550724637680544e-04 2.898550724637680544e-04 2.898550724637680544e-04 2.898550724637680544e-04 2.898550724637680544e-04 1.684057971014492339e-01 2.898550724637680544e-04 3.188405797101448273e-03 2.898550724637680544e-04 2.898550724637680544e-04 2.898550724637680544e-04 2.898550724637680544e-04 2.898550724637680544e-04 2.898550724637680544e-04 2.898550724637680544e-04
2.403100775193799457e-02 7.751937984496128260e-04 7.751937984496128260e-04 7.751937984496128260e-04 7.751937984496128260e-04 7.751937984496128260e-04 7.751937984496128260e-04 7.751937984496128260e-04 7.751937984496128260e-04 7.751937984496128260e-04 7.829457364341088632e-02 7.751937984496128260e-04 2.565891472868218059e-01 7.751937984496128260e-04 7.751937984496128260e-04 1.627906976744186718e-02 7.751937984496128260e-04 3.178294573643412196e-02 5.279069767441861849e-01 1.627906976744186718e-02 3.178294573643412196e-02 7.751937984496128260e-04 7.751937984496128260e-04 7.751937984496128260e-04 7.751937984496128260e-04 7.751937984496128260e-04 7.751937984496128260e-04 7.751937984496128260e-04 7.751937984496128260e-04 7.751937984496128260e-04
2.070707070707071204e-02 2.631313131313132159e-01 5.050505050505052669e-04 6.111111111111112992e-02 5.555555555555557502e-03 5.050505050505052669e-04 5.555555555555557502e-03 5.050505050505052669e-04 5.050505050505052669e-04 5.050505050505052669e-04 1.060606060606061017e-02 5.050505050505052669e-04 5.050505050505052669e-04 6.111111111111112992e-02 5.050505050505052669e-04 5.050505050505052669e-04 5.050505050505052669e-04 5.050505050505052669e-04 5.050505050505052669e-04 1.065656565656565996e-01 1.318181818181818621e-01 5.050505050505052669e-04 5.050505050505052669e-04 5.050505050505052669e-04 2.328282828282829120e-01 5.050505050505052669e-04 5.050505050505052669e-04 5.050505050505052669e-04 5.050505050505052669e-04 9.141414141414144767e-02
2.466367713004483705e-03 6.950672645739907479e-03 2.242152466367712212e-04 2.466367713004483705e-03 2.242152466367712212e-04 2.242152466367712212e-04 2.242152466367712212e-04 2.242152466367712212e-04 9.439461883408067910e-02 2.242152466367712212e-04 4.282511210762330461e-02 2.242152466367712212e-04 4.058295964125559208e-02 2.242152466367712212e-04 2.466367713004483705e-03 2.242152466367712212e-04 2.466367713004483705e-03 2.242152466367712212e-04 4.058295964125559208e-02 2.242152466367712212e-04 8.318385650224212335e-02 6.751121076233181917e-01 2.242152466367712212e-04 2.242152466367712212e-04 2.242152466367712212e-04 2.466367713004483705e-03 2.242152466367712212e-04 2.242152466367712212e-04 2.242152466367712212e-04 2.242152466367712212e-04
3.257328990228012091e-04 6.840390879478824848e-03 3.257328990228012091e-04 3.289902280130291984e-02 3.257328990228012091e-04 3.257328990228012091e-04 3.257328990228012091e-04 3.257328990228012091e-04 3.257328990228012091e-04 3.941368078175894185e-02 3.977198697068402011e-01 3.257328990228012091e-04 2.964169381107490536e-02 3.257328990228012091e-04 3.257328990228012091e-04 1.986970684039087234e-02 3.257328990228012091e-04 3.583061889250813408e-03 2.804560260586317910e-01 7.850162866449508781e-02 5.244299674267099282e-02 2.638436482084689436e-02 3.257328990228012091e-04 3.257328990228012091e-04 3.257328990228012091e-04 2.638436482084689436e-02 3.257328990228012091e-04 3.257328990228012091e-04 3.257328990228012091e-04 3.257328990228012091e-04
1.594896331738436957e-04 8.787878787878787568e-02 1.594896331738436957e-04 1.594896331738436957e-04 1.594896331738436957e-04 1.594896331738436957e-04 2.218500797448165751e-01 1.610845295055821427e-02 3.349282296650717746e-03 4.800637958532695537e-02 1.594896331738436957e-04 1.754385964912280951e-03 6.539074960127590902e-03 1.594896331738436957e-04 1.594896331738436957e-04 1.851674641148325362e-01 1.594896331738436957e-04 1.594896331738436957e-04 1.594896331738436957e-04 4.944178628389154541e-03 2.106858054226475319e-01 1.594896331738436957e-04 1.054226475279106817e-01 1.594896331738436957e-04 1.594896331738436957e-04 1.451355661881977531e-02 1.132376395534290259e-02 2.089314194577352249e-02 4.944178628389154541e-03 5.438596491228070429e-02
1.082802547770700223e-02 1.084925690021231182e-01 2.123142250530785091e-04 2.123142250530785091e-04 2.123142250530785091e-04 4.055201698513799524e-02 3.123142250530784869e-01 1.719745222929935924e-02 2.781316348195328469e-02 4.458598726114648692e-03 3.630573248407642506e-02 2.123142250530785091e-04 2.335456475583863600e-03 2.123142250530785091e-04 1.127388535031846883e-01 7.027600849256898652e-02 2.123142250530785091e-04 4.479830148619956542e-02 2.123142250530785091e-04 2.123142250530785091e-04 9.999999999999997780e-02 2.123142250530785091e-04 2.123142250530785091e-04 2.144373673036092942e-02 2.781316348195328469e-02 6.581740976645433783e-03 2.123142250530785091e-04 2.335456475583863600e-03 3.630573248407642506e-02 1.507430997876857241e-02
3.300330033003299828e-04 3.300330033003299828e-04 3.300330033003299828e-04 3.300330033003299828e-04 3.630363036303629973e-03 2.013201320132012792e-02 3.300330033003299828e-04 1.683168316831682582e-02 3.300330033003299828e-04 3.300330033003299828e-04 3.300330033003299828e-04 3.300330033003299828e-04 3.300330033003299828e-04 3.300330033003299828e-04 2.181518151815181050e-01 3.600660066006599602e-01 1.353135313531352718e-02 3.300330033003299828e-04 3.300330033003299828e-04 3.333333333333332593e-02 2.346534653465345843e-01 3.300330033003299828e-04 3.003300330033002730e-02 5.643564356435643026e-02 3.300330033003299828e-04 3.300330033003299828e-04 3.300330033003299828e-04 3.300330033003299828e-04 3.300330033003299828e-04 6.930693069306929910e-03
2.544529262086513426e-04 1.402035623409668974e-01 2.544529262086513426e-04 4.659033078880405743e-01 2.544529262086513426e-04 2.544529262086513426e-04 2.544529262086513426e-04 7.888040712468191024e-03 1.552162849872773011e-02 2.544529262086513426e-04 2.544529262086513426e-04 2.544529262086513426e-04 2.544529262086513426e-04 2.544529262086513426e-04 2.544529262086513426e-04 2.544529262086513426e-04 2.544529262086513426e-04 2.544529262086513426e-04 2.544529262086513426e-04 6.386768447837148921e-02 7.913486005089057085e-02 2.544529262086513426e-04 2.544529262086513426e-04 2.544529262086513426e-04 8.676844783715011167e-02 2.544529262086513426e-04 2.544529262086513426e-04 5.343511450381677706e-03 2.544529262086513426e-04 1.300254452926208337e-01
7.518796992481206710e-04 6.842105263157897965e-02 7.518796992481206710e-04 7.518796992481206710e-04 1.578947368421053377e-02 5.338345864661656059e-02 7.518796992481206710e-04 7.518796992481206710e-04 7.518796992481206710e-04 7.518796992481206710e-04 4.586466165413535800e-02 1.578947368421053377e-02 7.518796992481206710e-04 5.571428571428573839e-01 7.518796992481206710e-04 7.518796992481206710e-04 7.518796992481206710e-04 7.518796992481206710e-04 8.270676691729327706e-03 7.518796992481206710e-04 7.593984962406018224e-02 7.518796992481206710e-04 7.518796992481206710e-04 7.518796992481206710e-04 7.518796992481206710e-04 7.518796992481206710e-04 7.518796992481206710e-04 1.436090225563910472e-01 7.518796992481206710e-04 7.518796992481206710e-04
3.956834532374101619e-03 3.597122302158274544e-04 3.597122302158274544e-04 3.597122302158274544e-04 3.597122302158274544e-04 3.273381294964029103e-02 3.956834532374101619e-03 4.352517985611511347e-02 3.597122302158274544e-04 1.834532374100719676e-02 3.597122302158274544e-04 3.597122302158274544e-04 3.597122302158274544e-04 3.597122302158274544e-04 1.115107913669064962e-02 4.352517985611511347e-02 3.597122302158274544e-04 3.597122302158274544e-04 1.115107913669064962e-02 3.273381294964029103e-02 1.010791366906475114e-01 3.597122302158274544e-04 3.273381294964029103e-02 3.992805755395684164e-02 3.597122302158274544e-04 4.679856115107914327e-01 3.597122302158274544e-04 2.553956834532374390e-02 3.597122302158274544e-04 1.262589928057554212e-01
4.089219330855016835e-03 1.676579925650557024e-01 7.806691449814123600e-03 3.717472118959106657e-04 4.498141263940518692e-02 4.278810408921930875e-01 1.152416356877323037e-02 3.717472118959106657e-04 3.717472118959106657e-04 3.717472118959106657e-04 1.379182156133828552e-01 3.717472118959106657e-04 3.717472118959106657e-04 3.717472118959106657e-04 3.717472118959106657e-04 3.717472118959106657e-04 3.717472118959106657e-04 3.717472118959106657e-04 1.342007434944237354e-01 3.717472118959106657e-04 3.717472118959106657e-04 3.717472118959106657e-04 3.717472118959106657e-04 1.524163568773233453e-02 1.524163568773233453e-02 3.717472118959106657e-04 4.089219330855016835e-03 7.806691449814123600e-03 1.524163568773233453e-02 3.717472118959106657e-04
3.300330033003299828e-04 3.300330033003299828e-04 3.300330033003299828e-04 3.300330033003299828e-04 3.300330033003299828e-04 1.023102310231022855e-02 3.300330033003299828e-04 6.930693069306929910e-03 3.300330033003299828e-04 3.300330033003299828e-04 6.930693069306929910e-03 3.300330033003299828e-04 3.300330033003299828e-04 3.300330033003299828e-04 1.884488448844884312e-01 3.930693069306929743e-01 3.993399339933992320e-02 3.300330033003299828e-04 3.300330033003299828e-04 2.673267326732672519e-02 2.313531353135312996e-01 3.300330033003299828e-04 4.653465346534652741e-02 3.663366336633662457e-02 3.300330033003299828e-04 3.300330033003299828e-04 6.930693069306929910e-03 3.300330033003299828e-04 3.300330033003299828e-04 3.300330033003299828e-04
1.590551181102361697e-02 4.582677165354329119e-02 1.574803149606298865e-04 3.952755905511810136e-02 1.574803149606298865e-04 1.574803149606298865e-04 1.574803149606298865e-04 1.732283464566928589e-03 1.574803149606298865e-04 2.692913385826770784e-02 1.574803149606298865e-04 1.574803149606298865e-04 1.574803149606298865e-04 1.574803149606298865e-04 4.881889763779526104e-03 5.212598425196848795e-02 1.574803149606298865e-04 3.165354330708660541e-02 1.574803149606298865e-04 3.434645669291337411e-01 2.615748031496061832e-01 1.574803149606298865e-04 1.574803149606298865e-04 1.574803149606298865e-04 6.629921259842518066e-02 1.732283464566928589e-03 1.574803149606298865e-04 1.574803149606298865e-04 1.118110236220471940e-02 9.464566929133855222e-02
5.988023952095810482e-04 6.586826347305392397e-03 5.754491017964074029e-01 5.988023952095810482e-04 5.988023952095810482e-04 6.586826347305392397e-03 5.988023952095810482e-04 5.988023952095810482e-04 5.988023952095810482e-04 2.161676646706587601e-01 5.988023952095810482e-04 5.988023952095810482e-04 1.856287425149701423e-02 5.988023952095810482e-04 5.988023952095810482e-04 5.988023952095810482e-04 5.988023952095810482e-04 5.988023952095810482e-04 3.053892215568863172e-02 5.988023952095810482e-04 7.844311377245510863e-02 6.586826347305392397e-03 5.988023952095810482e-04 5.988023952095810482e-04 6.586826347305392397e-03 5.988023952095810482e-04 5.988023952095810482e-04 5.988023952095810482e-04 4.251497005988025268e-02 5.988023952095810482e-04
4.484304932735426593e-04 1.663677130044843300e-01 9.417040358744396822e-03 5.426008968609866145e-02 4.484304932735426593e-04 4.529147982062780436e-02 4.484304932735426593e-04 4.484304932735426593e-04 4.484304932735426593e-04 9.417040358744396822e-03 4.484304932735426593e-04 4.484304932735426593e-04 4.484304932735426593e-04 9.417040358744396822e-03 1.838565022421524697e-02 4.484304932735426593e-04 4.484304932735426593e-04 4.484304932735426593e-04 4.484304932735426593e-04 4.977578475336323638e-02 5.426008968609866145e-02 4.484304932735426593e-04 2.286995515695067552e-02 4.484304932735426593e-04 4.484304932735426593e-04 4.484304932735426593e-04 4.484304932735426593e-04 5.475336322869955863e-01 4.484304932735426593e-04 4.932735426008970012e-03
6.993006993006995169e-04 6.993006993006995169e-04 6.993006993006995169e-04 6.993006993006995169e-04 2.664335664335664711e-01 6.993006993006995169e-04 2.167832167832168394e-02 6.993006993006995169e-04 6.993006993006995169e-04 6.363636363636364368e-02 3.566433566433566821e-02 6.993006993006995169e-04 6.993006993006995169e-04 6.993006993006995169e-04 6.993006993006995169e-04 6.993006993006995169e-04 6.993006993006995169e-04 6.993006993006995169e-04 6.993006993006995169e-04 7.062937062937063581e-02 1.615384615384615752e-01 6.993006993006995169e-04 6.993006993006995169e-04 2.867132867132867607e-02 6.993006993006995169e-04 3.223776223776224636e-01 6.993006993006995169e-04 6.993006993006995169e-04 1.468531468531468834e-02 6.993006993006995169e-04
2.590673575129532474e-04 2.357512953367874031e-02 2.590673575129532474e-04 2.590673575129532474e-04 1.349740932642486402e-01 4.430051813471500011e-02 4.689119170984453605e-02 2.541450777202071132e-01 1.323834196891190973e-01 8.031088082901550670e-03 1.580310880829014636e-02 1.580310880829014636e-02 6.243523316062173090e-02 2.590673575129532474e-04 2.590673575129532474e-04 2.590673575129532474e-04 2.590673575129532474e-04 2.849740932642485722e-03 4.170984455958547110e-02 1.062176165803108141e-02 7.797927461139891880e-02 3.911917098445593516e-02 8.575129533678751970e-02 2.590673575129532474e-04 2.590673575129532474e-04 2.590673575129532474e-04 2.590673575129532474e-04 2.590673575129532474e-04 2.590673575129532474e-04 2.590673575129532474e-04
6.097560975609756092e-04 6.097560975609756092e-04 6.097560975609756092e-04 4.939024390243901969e-02 4.329268292682926511e-02 6.097560975609756092e-04 6.707317073170732460e-03 6.097560975609756092e-04 6.768292682926829729e-02 6.097560975609756092e-04 6.097560975609756092e-04 6.097560975609756092e-04 6.097560975609756092e-04 6.097560975609756092e-04 6.707317073170732460e-03 6.097560975609756092e-04 1.280487804878048877e-02 6.097560975609756092e-04 6.097560975609756092e-04 6.097560975609756092e-04 1.103658536585366001e-01 6.097560975609756092e-04 6.707317073170732460e-03 7.378048780487804492e-02 6.097560975609756092e-04 6.097560975609756092e-04 3.109756097560975249e-02 6.097560975609756092e-04 1.280487804878048877e-02 5.676829268292682418e-01
2.826379542395692553e-03 1.345895020188424935e-04 1.480484522207267456e-03 1.345895020188424935e-04 2.032301480484521514e-02 2.301480484522206924e-02 1.345895020188424935e-04 1.345895020188424935e-04 4.320323014804844375e-02 3.512786002691788839e-02 2.826379542395692553e-03 1.345895020188424935e-04 1.345895020188424935e-04 1.480484522207267456e-03 1.345895020188424935e-04 1.345895020188424935e-04 1.345895020188424935e-04 1.345895020188424935e-04 6.608344549125166889e-02 1.345895020188424935e-04 1.333781965006728965e-01 6.663526244952892030e-01 1.345895020188424935e-04 1.345895020188424935e-04 1.345895020188424935e-04 1.345895020188424935e-04 1.480484522207267456e-03 1.345895020188424935e-04 1.345895020188424935e-04 1.345895020188424935e-04
1.845018450184502062e-04 8.505535055350553486e-02 1.845018450184502062e-04 1.309963099630996261e-02 1.845018450184502062e-04 3.339483394833948904e-02 2.416974169741697293e-02 1.678966789667896489e-02 1.845018450184502062e-04 1.845018450184502062e-04 1.845018450184502062e-04 1.845018450184502062e-04 1.845018450184502062e-04 1.678966789667896489e-02 1.845018450184502062e-04 2.029520295202952296e-03 1.845018450184502062e-04 1.845018450184502062e-04 1.845018450184502062e-04 1.845018450184502062e-04 1.108856088560885578e-01 1.845018450184502062e-04 1.845018450184502062e-04 1.863468634686346950e-02 1.845018450184502062e-04 1.678966789667896489e-02 1.845018450184502062e-04 6.551660516605166684e-01 3.874538745387453870e-03 1.845018450184502062e-04
3.246753246753245666e-04 3.246753246753245666e-04 3.246753246753245666e-04 3.571428571428570450e-03 2.954545454545453448e-02 3.246753246753245666e-04 3.246753246753245666e-04 3.246753246753245666e-04 1.659090909090908394e-01 1.074675324675324339e-01 3.022727272727271375e-01 6.818181818181816116e-03 5.551948051948050328e-02 3.246753246753245666e-04 3.246753246753245666e-04 3.246753246753245666e-04 3.246753246753245666e-04 3.246753246753245666e-04 3.246753246753245666e-04 3.279220779220778231e-02 1.334415584415583889e-01 6.525974025974023984e-02 8.149350649350646514e-02 3.246753246753245666e-04 3.246753246753245666e-04 3.246753246753245666e-04 3.246753246753245666e-04 3.246753246753245666e-04 3.246753246753245666e-04 1.006493506493506135e-02
3.636363636363635059e-04 5.490909090909088658e-02 3.636363636363635059e-04 1.127272727272726760e-02 3.636363636363635059e-04 8.763636363636360949e-02 3.636363636363635059e-04 3.999999999999998349e-03 3.636363636363635059e-04 3.636363636363635059e-04 3.636363636363635059e-04 3.636363636363635059e-04 2.730909090909089398e-01 8.399999999999996358e-02 3.636363636363635059e-04 3.999999999999998349e-03 3.636363636363635059e-04 3.636363636363635059e-04 1.058181818181817835e-01 7.672727272727269954e-02 1.639999999999999236e-01 1.276363636363635756e-01 3.636363636363635059e-04 3.636363636363635059e-04 3.636363636363635059e-04 3.636363636363635059e-04 3.636363636363635059e-04 3.636363636363635059e-04 3.636363636363635059e-04 3.636363636363635059e-04
3.597122302158272376e-04 1.115107913669064268e-02 3.597122302158272376e-04 3.597122302158272376e-04 3.597122302158272376e-04 7.553956834532371718e-03 3.597122302158272376e-04 2.449640287769782876e-01 3.597122302158272376e-04 3.597122302158272376e-04 3.597122302158272376e-04 3.597122302158272376e-04 1.262589928057553379e-01 3.597122302158272376e-04 1.154676258992805293e-01 3.597122302158272376e-04 3.597122302158272376e-04 1.115107913669064268e-02 1.694244604316545999e-01 3.597122302158272376e-04 9.748201438848917710e-02 7.553956834532371718e-03 1.082733812949639857e-01 3.956834532374099017e-03 1.834532374100718635e-02 3.597122302158272376e-04 3.597122302158272376e-04 3.633093525179854205e-02 3.273381294964027022e-02 3.956834532374099017e-03
3.194888178913738645e-04 3.194888178913738645e-04 3.194888178913738645e-04 4.124600638977636291e-01 3.194888178913738645e-04 3.194888178913738645e-04 3.194888178913738645e-04 3.194888178913738645e-04 3.194888178913738645e-04 1.948881789137380319e-02 3.194888178913738645e-04 6.709265175718851643e-03 3.194888178913738645e-04 3.194888178913738645e-04 3.194888178913738645e-04 1.376996805111821431e-01 3.194888178913738645e-04 3.194888178913738645e-04 3.194888178913738645e-04 3.546325878594249609e-02 4.185303514376997186e-02 3.194888178913738645e-04 3.194888178913738645e-04 4.824281150159745457e-02 3.194888178913738645e-04 3.194888178913738645e-04 3.194888178913738645e-04 3.194888178913738645e-04 3.194888178913738645e-04 2.910543130990415617e-01
3.802816901408451883e-02 1.882629107981221295e-01 4.694835680751175224e-04 3.338028169014085056e-01 4.694835680751175224e-04 4.694835680751175224e-04 4.694835680751175224e-04 4.694835680751175224e-04 4.694835680751175224e-04 4.741784037558686299e-02 4.694835680751175224e-04 4.694835680751175224e-04 4.694835680751175224e-04 4.694835680751175224e-04 2.394366197183099218e-02 4.694835680751175224e-04 6.619718309859157213e-02 4.694835680751175224e-04 2.394366197183099218e-02 1.272300469483568508e-01 7.558685446009393016e-02 5.164319248826292584e-03 4.694835680751175224e-04 5.164319248826292584e-03 4.694835680751175224e-04 4.694835680751175224e-04 4.694835680751175224e-04 4.694835680751175224e-04 4.694835680751175224e-04 5.680751173708921409e-02
1.075471698113208002e-01 6.289308176100631871e-04 6.289308176100631871e-04 6.289308176100631871e-04 6.289308176100631871e-04 6.289308176100631871e-04 6.289308176100631871e-04 6.289308176100631871e-04 6.289308176100631871e-04 8.238993710691826233e-02 6.289308176100631871e-04 6.289308176100631871e-04 6.289308176100631871e-04 3.836477987421384878e-02 6.289308176100631871e-04 7.610062893081763480e-02 4.786163522012579774e-01 6.289308176100631871e-04 6.289308176100631871e-04 6.289308176100631871e-04 9.496855345911953128e-02 6.289308176100631871e-04 6.352201257861636585e-02 6.289308176100631871e-04 6.289308176100631871e-04 6.289308176100631871e-04 6.289308176100631871e-04 4.465408805031447631e-02 6.289308176100631871e-04 6.289308176100631871e-04
9.897959183673465944e-02 3.401360544217685755e-04 1.431972789115645850e-01 3.401360544217685755e-04 3.401360544217685755e-04 1.091836734693877181e-01 3.401360544217685755e-04 3.741496598639454819e-03 1.023809523809523503e-01 3.401360544217685755e-04 3.401360544217685755e-04 3.401360544217685755e-04 3.435374149659862347e-02 1.734693877551019697e-02 3.401360544217685755e-04 3.401360544217685755e-04 3.401360544217685755e-04 2.414965986394556827e-02 3.401360544217685755e-04 3.401360544217685755e-04 3.401360544217685755e-04 3.401360544217685755e-04 4.459183673469385711e-01 3.401360544217685755e-04 3.741496598639454819e-03 3.401360544217685755e-04 1.054421768707482568e-02 3.401360544217685755e-04 3.401360544217685755e-04 3.401360544217685755e-04
7.812500000000002602e-04 6.328125000000001110e-02 2.421875000000000763e-02 7.812500000000002602e-04 8.593750000000002429e-03 1.640625000000000416e-02 3.984375000000000416e-02 3.984375000000000416e-02 7.812500000000002602e-04 7.812500000000002602e-04 7.812500000000002602e-04 7.812500000000002602e-04 7.812500000000002602e-04 3.203125000000000416e-02 7.812500000000002602e-04 7.812500000000002602e-04 7.812500000000002602e-04 2.421875000000000763e-02 7.812500000000002602e-04 8.593750000000002429e-03 4.148437500000001221e-01 7.812500000000002602e-04 7.812500000000002602e-04 7.812500000000002602e-04 2.421875000000000763e-02 7.812500000000002602e-04 3.203125000000000416e-02 1.335937500000000389e-01 2.421875000000000763e-02 1.023437500000000250e-01
6.289308176100630787e-04 2.710691823899371578e-01 6.289308176100630787e-04 2.578616352201257983e-02 6.289308176100630787e-04 8.867924528301887599e-02 6.918238993710693757e-03 1.949685534591195230e-02 6.289308176100630787e-04 6.289308176100630787e-04 6.289308176100630787e-04 6.289308176100630787e-04 6.289308176100630787e-04 2.773584905660377853e-01 6.289308176100630787e-04 6.289308176100630787e-04 1.949685534591195230e-02 6.289308176100630787e-04 1.949685534591195230e-02 6.289308176100630787e-04 1.138364779874214139e-01 6.918238993710693757e-03 6.289308176100630787e-04 6.289308176100630787e-04 6.918238993710693757e-03 6.289308176100630787e-04 6.289308176100630787e-04 1.327044025157232965e-01 6.289308176100630787e-04 6.289308176100630787e-04
5.291005291005292446e-04 5.820105820105821691e-03 5.291005291005292446e-04 5.291005291005292446e-04 5.291005291005292446e-04 5.291005291005292446e-04 5.820105820105821691e-03 2.698412698412698540e-02 9.047619047619050170e-02 2.597883597883598461e-01 5.291005291005292446e-04 5.291005291005292446e-04 5.291005291005292446e-04 5.291005291005292446e-04 5.820105820105821691e-03 5.291005291005292446e-04 5.291005291005292446e-04 5.291005291005292446e-04 5.291005291005292446e-04 4.285714285714286448e-02 1.275132275132275506e-01 6.931216931216932498e-02 5.291005291005292446e-04 2.698412698412698540e-02 5.291005291005292446e-04 2.968253968253968811e-01 5.291005291005292446e-04 3.227513227513227612e-02 5.291005291005292446e-04 5.291005291005292446e-04
2.320185614849187947e-04 2.320185614849187947e-04 2.320185614849187947e-04 2.320185614849187947e-04 2.320185614849187947e-04 5.127610208816705401e-02 1.183294663573085728e-02 1.879350348027842080e-02 2.320185614849187947e-04 2.320185614849187947e-04 4.431554524361949049e-02 2.320185614849187947e-04 3.503480278422273914e-02 1.415313225058004512e-02 1.183294663573085728e-02 2.320185614849187947e-04 2.320185614849187947e-04 2.320185614849187947e-04 2.320185614849187947e-04 1.183294663573085728e-02 1.904872389791183174e-01 1.626450116009280633e-01 2.320185614849187947e-04 2.320185614849187947e-04 2.552204176334106796e-03 4.872389791183294634e-03 2.552204176334106796e-03 7.192575406032482473e-03 4.248259860788862752e-01 2.552204176334106796e-03
6.754807692307690514e-02 8.197115384615383249e-02 2.403846153846153437e-04 2.403846153846153437e-04 2.403846153846153437e-04 1.706730769230768718e-02 4.713942307692306488e-01 2.403846153846153437e-04 2.403846153846153437e-04 2.403846153846153437e-04 2.403846153846153437e-04 2.403846153846153437e-04 2.403846153846153437e-04 2.403846153846153437e-04 2.403846153846153437e-04 5.048076923076921622e-03 2.403846153846153437e-04 2.427884615384614739e-02 2.403846153846153437e-04 2.403846153846153437e-04 1.588942307692307043e-01 2.427884615384614739e-02 2.403846153846153437e-04 7.451923076923074735e-03 2.403846153846153437e-04 2.668269230769229963e-02 2.403846153846153437e-04 8.437499999999997780e-02 2.403846153846153437e-04 2.668269230769229963e-02
1.451378809869375793e-04 1.365747460087082532e-01 5.950653120464439831e-03 1.451378809869375793e-04 1.451378809869375793e-04 7.402031930333815082e-03 3.775036284470246195e-01 1.451378809869375793e-04 1.451378809869375793e-04 7.402031930333815082e-03 1.451378809869375793e-04 2.046444121915819495e-02 1.451378809869375793e-04 8.853410740203191201e-03 1.596516690856313427e-03 1.451378809869375793e-04 1.451378809869375793e-04 1.451378809869375793e-04 1.451378809869375793e-04 1.320754716981131782e-02 2.497822931785195488e-01 3.047895500725688895e-03 6.110304789550071586e-02 1.451378809869375793e-04 1.596516690856313427e-03 3.642960812772132878e-02 3.047895500725688895e-03 3.047895500725688895e-03 1.451378809869375793e-04 6.110304789550071586e-02
