6.535947712418302370e-04 6.535947712418302370e-04 2.026143790849673637e-02 6.535947712418302370e-04 1.836601307189542898e-01 1.248366013071895708e-01 7.189542483660132932e-03 1.372549019607843465e-02 9.215686274509805875e-02 1.117647058823529743e-01 6.535947712418302370e-04 6.535947712418302370e-04 6.535947712418302370e-04 6.535947712418302370e-04 6.535947712418302370e-04 6.535947712418302370e-04 6.535947712418302370e-04 1.313725490196078760e-01 6.535947712418302370e-04 1.313725490196078760e-01 6.535947712418302370e-04 6.535947712418302370e-04 6.535947712418302370e-04 6.601307189542485188e-02 6.535947712418302370e-04 6.535947712418302370e-04 6.535947712418302370e-04 7.908496732026144838e-02 6.535947712418302370e-04 2.679738562091503462e-02
2.973856209150325600e-02 3.267973856209149559e-04 3.267973856209149559e-04 1.408496732026143228e-01 3.267973856209149559e-04 3.267973856209149559e-04 1.506535947712417667e-01 4.607843137254900162e-02 1.898692810457515701e-01 6.568627450980389637e-02 3.267973856209149559e-04 3.267973856209149559e-04 2.973856209150325600e-02 6.862745098039213856e-03 7.222222222222220156e-02 3.267973856209149559e-04 1.993464052287580862e-02 3.267973856209149559e-04 8.202614379084964547e-02 3.267973856209149559e-04 3.267973856209149559e-04 1.339869281045751037e-02 3.267973856209149559e-04 3.267973856209149559e-04 3.267973856209149559e-04 3.267973856209149559e-04 3.267973856209149559e-04 1.473856209150326280e-01 3.267973856209149559e-04 3.267973856209149559e-04
1.655629139072847139e-04 1.672185430463575539e-02 1.655629139072847139e-04 1.655629139072847139e-04 1.655629139072847139e-04 1.506622516556290793e-02 1.655629139072847139e-04 1.655629139072847139e-04 8.460264900662248233e-02 6.788079470198672347e-03 3.476821192052979154e-03 6.307947019867547744e-02 1.655629139072847139e-04 1.655629139072847139e-04 1.655629139072847139e-04 1.175496688741721300e-02 1.655629139072847139e-04 1.655629139072847139e-04 5.811258278145693679e-02 1.655629139072847139e-04 2.003311258278145032e-02 6.226821192052978127e-01 1.655629139072847139e-04 8.625827814569533847e-02 1.655629139072847139e-04 1.655629139072847139e-04 1.821192052980131907e-03 1.655629139072847139e-04 6.788079470198672347e-03 1.655629139072847139e-04
3.105590062111800273e-04 3.077639751552793679e-01 3.105590062111800273e-04 3.105590062111800273e-04 3.105590062111800273e-04 7.173913043478258311e-02 3.105590062111800273e-04 3.105590062111800273e-04 3.105590062111800273e-04 3.105590062111800273e-04 6.521739130434780519e-03 3.105590062111800273e-04 3.105590062111800273e-04 6.552795031055898278e-02 3.105590062111800273e-04 3.105590062111800273e-04 3.105590062111800273e-04 3.105590062111800273e-04 8.726708074534159087e-02 1.273291925465837998e-02 9.658385093167698443e-02 6.521739130434780519e-03 1.959627329192545897e-01 3.416149068322980355e-03 6.242236024844718956e-02 3.105590062111800273e-04 3.105590062111800273e-04 3.757763975155278130e-02 3.105590062111800273e-04 4.068322981366458146e-02
4.098360655737705999e-04 1.270491803278688860e-02 4.098360655737705999e-04 4.098360655737705999e-04 4.508196721311476599e-03 4.549180327868853485e-02 6.930327868852460549e-01 2.500000000000000486e-02 4.549180327868853485e-02 4.098360655737705999e-04 4.098360655737705999e-04 2.909836065573771086e-02 4.098360655737705999e-04 4.098360655737705999e-04 4.098360655737705999e-04 4.098360655737705999e-04 4.098360655737705999e-04 1.680327868852459286e-02 6.188524590163935885e-02 5.778688524590164938e-02 4.098360655737705999e-04 4.098360655737705999e-04 4.098360655737705999e-04 4.098360655737705999e-04 4.098360655737705999e-04 4.098360655737705999e-04 4.098360655737705999e-04 4.098360655737705999e-04 4.098360655737705999e-04 4.098360655737705999e-04
3.509891512444161983e-04 3.509891512444161983e-04 3.190810465858329322e-05 1.375239310784939772e-02 3.190810465858329322e-05 6.257179323548182903e-02 3.190810465858329322e-05 3.190810465858329322e-05 3.509891512444161983e-04 1.946394384173580480e-03 3.190810465858329322e-05 3.190810465858329322e-05 3.730376515634972190e-01 3.190810465858329322e-05 3.190810465858329322e-05 3.190810465858329322e-05 1.308232291001914724e-03 3.190810465858329322e-05 1.155392469687300944e-01 4.179961710274410734e-03 1.946394384173580480e-03 3.325143586470964419e-01 3.190810465858329322e-05 3.190810465858329322e-05 9.065092533503513184e-02 6.700701978302490763e-04 3.190810465858329322e-05 3.190810465858329322e-05 3.190810465858329322e-05 3.509891512444161983e-04
1.508295625942684558e-04 3.319758672699848479e-01 1.508295625942684558e-04 1.508295625942684558e-04 1.508295625942684558e-04 4.690799396681748917e-02 1.508295625942684558e-04 1.508295625942684558e-04 1.659125188536952986e-03 3.031674208144796018e-02 1.221719457013574484e-02 1.508295625942684558e-04 1.070889894419306022e-02 2.579185520361990808e-02 1.508295625942684558e-04 1.508295625942684558e-04 1.508295625942684558e-04 1.508295625942684558e-04 6.500754147812970452e-02 1.508295625942684558e-04 4.675716440422321776e-03 1.508295625942684558e-04 2.641025641025640525e-01 1.508295625942684558e-04 8.461538461538460620e-02 1.508295625942684558e-04 1.508295625942684558e-04 8.914027149321265830e-02 1.508295625942684558e-04 3.031674208144796018e-02
1.432664756446991035e-04 3.439828080229225260e-01 1.432664756446991035e-04 1.575931232091690084e-03 1.432664756446991035e-04 6.031518624641832305e-02 1.432664756446991035e-04 5.873925501432662212e-03 1.432664756446991035e-04 3.595988538681947622e-02 2.593123209169053908e-02 1.575931232091690084e-03 2.449856733524354707e-02 2.020057306590257104e-02 1.432664756446991035e-04 1.432664756446991035e-04 1.432664756446991035e-04 1.432664756446991035e-04 5.028653295128938244e-02 1.432664756446991035e-04 7.306590257879653355e-03 1.432664756446991035e-04 2.709169054441259994e-01 1.432664756446991035e-04 5.601719197707735048e-02 1.432664756446991035e-04 1.432664756446991035e-04 6.318051575931230013e-02 1.432664756446991035e-04 3.022922636103151164e-02
3.671328671328670783e-03 3.201048951048950375e-01 1.748251748251747979e-04 1.748251748251747979e-04 1.748251748251747979e-04 2.396853146853146210e-01 3.671328671328670783e-03 1.748251748251747979e-04 3.671328671328670783e-03 1.748251748251747979e-04 1.748251748251747979e-04 5.419580419580418383e-03 1.748251748251747979e-04 9.283216783216781398e-02 5.419580419580418383e-03 3.671328671328670783e-03 1.748251748251747979e-04 1.748251748251747979e-04 5.087412587412586812e-02 1.748251748251747979e-04 8.758741258741256641e-02 1.241258741258740965e-02 9.982517482517480611e-02 1.241258741258740965e-02 1.748251748251747979e-04 1.748251748251747979e-04 3.671328671328670783e-03 5.262237762237761268e-02 1.748251748251747979e-04 1.748251748251747979e-04
6.788079470198674949e-03 3.859271523178807728e-01 1.655629139072847681e-04 1.009933774834437074e-02 1.655629139072847681e-04 1.177152317880794663e-01 1.655629139072847681e-04 1.655629139072847681e-04 4.321192052980132869e-02 1.655629139072847681e-04 5.132450331125828352e-03 1.655629139072847681e-04 2.003311258278145726e-02 3.824503311258278110e-02 1.655629139072847681e-04 3.476821192052980455e-03 1.655629139072847681e-04 1.655629139072847681e-04 1.210264900662251508e-01 1.655629139072847681e-04 6.307947019867550520e-02 1.655629139072847681e-04 1.706953642384105851e-01 1.655629139072847681e-04 1.655629139072847681e-04 1.655629139072847681e-04 1.655629139072847681e-04 1.655629139072847681e-04 1.009933774834437074e-02 1.821192052980132557e-03
2.956989247311827412e-03 4.169354838709676270e-01 1.639784946236558585e-02 1.639784946236558585e-02 2.688172043010752144e-04 4.865591397849461375e-02 2.688172043010752144e-04 4.059139784946234897e-02 2.688172043010752144e-04 2.688172043010752144e-04 2.956989247311827412e-03 2.688172043010752144e-04 2.688172043010752144e-04 2.956989247311827412e-03 1.639784946236558585e-02 2.688172043010752144e-04 2.688172043010752144e-04 2.688172043010752144e-04 6.478494623655912943e-02 2.688172043010752144e-04 3.521505376344084837e-02 2.688172043010752144e-04 8.629032258064513183e-02 2.688172043010752144e-04 8.629032258064513183e-02 2.688172043010752144e-04 2.688172043010752144e-04 5.403225806451611435e-02 2.688172043010752144e-04 1.051075268817203978e-01
1.213017751479289474e-02 1.304733727810650501e-01 2.958579881656803689e-04 3.254437869822484220e-03 2.958579881656803689e-04 7.721893491124258435e-02 2.958579881656803689e-04 2.958579881656803689e-04 6.213017751479288017e-03 7.721893491124258435e-02 6.213017751479288017e-03 2.958579881656803689e-04 4.171597633136093358e-02 9.171597633136092248e-03 2.958579881656803689e-04 2.958579881656803689e-04 2.958579881656803689e-04 2.958579881656803689e-04 1.008875739644970182e-01 2.958579881656803689e-04 4.026627218934909491e-01 2.958579881656803689e-04 1.038461538461538103e-01 2.958579881656803689e-04 2.958579881656803689e-04 1.213017751479289474e-02 2.958579881656803689e-04 6.213017751479288017e-03 2.958579881656803689e-04 6.213017751479288017e-03
8.438818565400844852e-05 9.367088607594937014e-03 8.438818565400844852e-05 8.438818565400844852e-05 8.438818565400844852e-05 1.916455696202531700e-01 8.438818565400844852e-05 1.780590717299578019e-02 8.438818565400844852e-05 8.438818565400844852e-05 9.282700421940928660e-04 8.438818565400844852e-05 8.438818565400844852e-05 4.565400843881856768e-02 3.739240506329113978e-01 8.438818565400844852e-05 8.438818565400844852e-05 8.438818565400844852e-05 7.181434599156118204e-02 8.438818565400844852e-05 7.679324894514767338e-03 8.438818565400844852e-05 2.455696202531645542e-02 8.438818565400844852e-05 1.182278481012658117e-01 8.438818565400844852e-05 8.438818565400844852e-05 1.351054852320675015e-01 1.772151898734177378e-03 8.438818565400844852e-05
8.849557522123894767e-04 8.849557522123894767e-04 8.849557522123894767e-04 8.849557522123894767e-04 8.849557522123894767e-04 8.849557522123894767e-04 8.849557522123894767e-04 8.849557522123894767e-04 1.513274336283186028e-01 8.849557522123894767e-04 8.849557522123894767e-04 1.858407079646017673e-02 8.849557522123894767e-04 8.849557522123894767e-04 8.849557522123894767e-04 8.849557522123894767e-04 8.849557522123894767e-04 2.044247787610619649e-01 4.513274336283185778e-02 8.849557522123894767e-04 8.849557522123894767e-04 8.849557522123894767e-04 8.849557522123894767e-04 8.849557522123894767e-04 1.247787610619468940e-01 8.849557522123894767e-04 1.858407079646017673e-02 4.079646017699115057e-01 8.849557522123894767e-04 9.734513274336284785e-03
1.795332136445242489e-04 1.795332136445242489e-04 1.795332136445242489e-04 1.795332136445242489e-04 1.795332136445242489e-04 3.987432675044882968e-01 1.795332136445242489e-04 1.795332136445242489e-04 1.795332136445242489e-04 3.770197486535009201e-03 1.095152603231597764e-02 1.795332136445242489e-04 4.506283662477558738e-02 5.583482944344703852e-02 2.066427289048473892e-01 1.795332136445242489e-04 1.795332136445242489e-04 4.865350089766606878e-02 1.274685816876122008e-02 1.795332136445242489e-04 1.795332136445242489e-04 1.795332136445242489e-04 1.795332136445242489e-04 1.795332136445242489e-04 5.942549371633752686e-02 1.795332136445242489e-04 3.770197486535009201e-03 5.763016157989227922e-02 9.353680430879712793e-02 1.795332136445242489e-04
3.236245954692555595e-04 3.236245954692555595e-04 3.236245954692555595e-04 3.559870550161811208e-03 3.236245954692555595e-04 1.265372168284789323e-01 3.236245954692555595e-04 3.559870550161811208e-03 3.236245954692555595e-04 3.236245954692555595e-04 7.799352750809059043e-02 3.236245954692555595e-04 3.236245954692555595e-04 3.915857605177992112e-02 3.236245954692555595e-04 5.860841423948217610e-01 3.236245954692555595e-04 3.236245954692555595e-04 1.071197411003235872e-01 3.236245954692555595e-04 3.236245954692555595e-04 3.236245954692555595e-04 3.236245954692555595e-04 3.236245954692555595e-04 3.236245954692555595e-04 6.796116504854367128e-03 4.239482200647247401e-02 3.236245954692555595e-04 3.236245954692555595e-04 3.236245954692555595e-04
1.707317073170731142e-02 1.332082551594746325e-02 1.876172607879924680e-04 1.876172607879924680e-04 1.876172607879924680e-04 6.585365853658535495e-02 3.939962476547841964e-03 1.876172607879924680e-04 3.771106941838648502e-02 1.876172607879924680e-04 1.876172607879924680e-04 5.084427767354595534e-02 1.876172607879924680e-04 6.960600375234519965e-02 1.876172607879924680e-04 1.876172607879924680e-04 1.876172607879924680e-04 3.020637898686678868e-02 3.585365853658535884e-01 3.208255159474671103e-02 1.876172607879924680e-04 2.457786116322701123e-02 2.063789868667917013e-03 1.876172607879924680e-04 5.834896810506565862e-02 1.876172607879924680e-04 2.028142589118198391e-01 1.876172607879924680e-04 1.876172607879924680e-04 3.020637898686678868e-02
3.144654088050313767e-04 2.393081761006288222e-01 3.144654088050313767e-04 3.459119496855345144e-03 6.949685534591193425e-02 5.691823899371067919e-02 3.459119496855345144e-03 3.144654088050313767e-04 1.512578616352200644e-01 3.144654088050313767e-04 3.144654088050313767e-04 3.144654088050313767e-04 2.547169811320753804e-02 3.144654088050313767e-04 3.144654088050313767e-04 3.144654088050313767e-04 9.465408805031443051e-02 3.144654088050313767e-04 6.320754716981130672e-02 3.805031446540878964e-02 3.144654088050313767e-04 3.144654088050313767e-04 6.320754716981130672e-02 3.144654088050313767e-04 3.144654088050313767e-04 4.433962264150941718e-02 1.603773584905659674e-02 3.144654088050313767e-04 3.144654088050313767e-04 1.261006289308175821e-01
3.649635036496349052e-04 3.649635036496349052e-04 4.051094890510947150e-02 3.649635036496349052e-04 5.510948905109486901e-02 1.496350364963502932e-02 3.649635036496349052e-04 2.226277372262772808e-02 1.317518248175182094e-01 3.649635036496349052e-04 4.164233576642333845e-01 3.649635036496349052e-04 3.649635036496349052e-04 3.649635036496349052e-04 3.649635036496349052e-04 4.014598540145983795e-03 1.496350364963502932e-02 3.649635036496349052e-04 4.014598540145983795e-03 3.649635036496349052e-04 3.649635036496349052e-04 3.649635036496349052e-04 3.649635036496349052e-04 2.886861313868611667e-01 3.649635036496349052e-04 3.649635036496349052e-04 3.649635036496349052e-04 3.649635036496349052e-04 3.649635036496349052e-04 3.649635036496349052e-04
3.188405797101448273e-03 3.133333333333331860e-01 2.898550724637680544e-04 2.898550724637680544e-04 2.898550724637680544e-04 1.684057971014492339e-01 2.898550724637680544e-04 2.898550724637680544e-04 2.898550724637680544e-04 3.188405797101448273e-03 2.898550724637680544e-04 2.898550724637680544e-04 2.898550724637680544e-04 3.188405797101448273e-03 2.898550724637680544e-04 2.898550724637680544e-04 1.768115942028984991e-02 2.898550724637680544e-04 7.275362318840578046e-02 2.898550724637680544e-04 1.188405797101448752e-02 2.898550724637680544e-04 3.278260869565216007e-01 2.898550724637680544e-04 3.217391304347824721e-02 2.898550724637680544e-04 2.898550724637680544e-04 2.898550724637680544e-04 4.086956521739128906e-02 2.898550724637680544e-04
7.751937984496126092e-04 7.751937984496126092e-04 1.480620155038760155e-01 7.751937984496126092e-04 7.751937984496126092e-04 7.751937984496126092e-04 7.751937984496126092e-04 3.953488372093023895e-02 3.883720930232559265e-01 7.751937984496126092e-04 1.945736434108527591e-01 7.751937984496126092e-04 7.751937984496126092e-04 7.751937984496126092e-04 7.751937984496126092e-04 7.751937984496126092e-04 8.527131782945739785e-03 8.527131782945739785e-03 7.751937984496126092e-04 7.751937984496126092e-04 7.751937984496126092e-04 7.751937984496126092e-04 7.751937984496126092e-04 1.558139534883721256e-01 7.751937984496126092e-04 7.751937984496126092e-04 7.751937984496126092e-04 7.751937984496126092e-04 7.751937984496126092e-04 3.953488372093023895e-02
1.419191919191919726e-01 5.050505050505052669e-04 5.050505050505052669e-04 5.050505050505052669e-04 5.050505050505052669e-04 2.732323232323233264e-01 5.050505050505052669e-04 1.060606060606061017e-02 4.595959595959597105e-02 5.050505050505052669e-04 1.565656565656566024e-02 5.050505050505052669e-04 5.050505050505052669e-04 5.606060606060607465e-02 5.050505050505052669e-04 5.555555555555557502e-03 5.555555555555557502e-03 5.050505050505052669e-04 7.121212121212122659e-02 5.050505050505052669e-04 4.595959595959597105e-02 5.050505050505052669e-04 5.050505050505052669e-04 5.050505050505052669e-04 5.101010101010102632e-02 5.050505050505052669e-04 2.378787878787879673e-01 5.050505050505052669e-04 3.080808080808081564e-02 5.050505050505052669e-04
2.242152466367712212e-04 2.242152466367712212e-04 2.242152466367712212e-04 2.242152466367712212e-04 2.242152466367712212e-04 2.242152466367712212e-04 2.242152466367712212e-04 2.242152466367712212e-04 1.235426008968609490e-01 2.242152466367712212e-04 2.242152466367712212e-04 3.161434977578474192e-02 2.242152466367712212e-04 2.242152466367712212e-04 2.242152466367712212e-04 2.242152466367712212e-04 2.242152466367712212e-04 2.242152466367712212e-04 8.094170403587441776e-02 4.058295964125559208e-02 2.466367713004483705e-03 6.975336322869952754e-01 2.242152466367712212e-04 1.591928251121075416e-02 2.242152466367712212e-04 2.242152466367712212e-04 2.466367713004483705e-03 2.242152466367712212e-04 2.242152466367712212e-04 2.242152466367712212e-04
1.986970684039087234e-02 3.257328990228012091e-04 3.257328990228012091e-04 3.257328990228012091e-04 3.257328990228012091e-04 3.257328990228012091e-04 3.257328990228012091e-04 3.257328990228012091e-04 1.371335504885992929e-01 3.257328990228012091e-04 4.368078175895763748e-01 3.583061889250813408e-03 3.257328990228012091e-04 3.257328990228012091e-04 3.257328990228012091e-04 3.257328990228012091e-04 3.615635179153092738e-02 3.257328990228012091e-04 3.257328990228012091e-04 3.257328990228012091e-04 1.335504885993484686e-02 2.964169381107490536e-02 3.257328990228012091e-04 3.130293159609119358e-01 3.583061889250813408e-03 3.257328990228012091e-04 3.257328990228012091e-04 3.257328990228012091e-04 3.257328990228012091e-04 3.257328990228012091e-04
1.754385964912280518e-03 3.349282296650717312e-03 1.594896331738436686e-04 1.594896331738436686e-04 1.754385964912280518e-03 9.425837320574161071e-02 1.594896331738436686e-04 1.132376395534290085e-02 1.118022328548644029e-01 7.192982456140349645e-02 1.754385964912280518e-03 1.594896331738436686e-04 1.594896331738436686e-04 1.610845295055821080e-02 3.349282296650717312e-03 8.133971291866026396e-03 1.644338118022328210e-01 1.594896331738436686e-04 1.197767145135565925e-01 1.754385964912280518e-03 6.395534290271132072e-02 1.594896331738436686e-04 1.594896331738436686e-04 1.594896331738436686e-04 6.236044657097288002e-02 6.714513556618818824e-02 1.594896331738436686e-04 1.594896331738436686e-04 3.349282296650717312e-03 1.899521531100478167e-01
2.123142250530785091e-04 5.116772823779192070e-02 2.569002123142249960e-02 2.569002123142249960e-02 4.904458598726113561e-02 1.719745222929935924e-02 2.123142250530785091e-04 2.123142250530785091e-04 7.876857749469212688e-02 2.123142250530785091e-04 1.507430997876857241e-02 2.123142250530785091e-04 2.123142250530785091e-04 2.123142250530785091e-04 2.123142250530785091e-04 4.479830148619956542e-02 1.254777070063693989e-01 1.082802547770700223e-02 5.116772823779192070e-02 8.704883227176217139e-03 5.966029723991506106e-02 2.123142250530785091e-04 8.938428874734605234e-02 2.123142250530785091e-04 5.116772823779192070e-02 2.123142250530785091e-04 6.581740976645433783e-03 2.144373673036092942e-02 2.123142250530785091e-04 2.656050955414012149e-01
3.300330033003300370e-04 1.059405940594059514e-01 6.930693069306930777e-03 1.026402640264026389e-01 6.930693069306930777e-03 2.013201320132013139e-02 3.300330033003300370e-04 3.630363036303630841e-03 3.300330033003300370e-04 3.300330033003300370e-04 3.300330033003300370e-04 3.630363036303630841e-03 3.300330033003300370e-04 3.300330033003300370e-04 4.653465346534653435e-02 3.333333333333333287e-02 6.303630363036304141e-02 3.300330033003300370e-04 1.191419141914191460e-01 3.300330033003300370e-04 3.630363036303630841e-03 3.630363036303630841e-03 3.630363036303630841e-03 3.300330033003300370e-04 2.013201320132013139e-02 3.300330033003300370e-04 3.300330033003300370e-04 3.300330033003300370e-04 3.300330033003300370e-04 4.524752475247524330e-01
5.269720101781169008e-01 2.544529262086513426e-04 2.544529262086513426e-04 2.544529262086513426e-04 2.544529262086513426e-04 1.860050890585241146e-01 2.544529262086513426e-04 2.544529262086513426e-04 4.096692111959286675e-02 2.544529262086513426e-04 2.544529262086513426e-04 2.544529262086513426e-04 2.544529262086513426e-04 2.544529262086513426e-04 2.544529262086513426e-04 2.544529262086513426e-04 1.043256997455470347e-02 1.806615776081424429e-02 6.132315521628497329e-02 2.061068702290075674e-02 9.185750636132312963e-02 2.544529262086513426e-04 2.544529262086513426e-04 2.544529262086513426e-04 2.544529262086513426e-04 2.544529262086513426e-04 3.842239185750635083e-02 2.544529262086513426e-04 2.544529262086513426e-04 2.544529262086513426e-04
7.518796992481206710e-04 7.518796992481206710e-04 7.518796992481206710e-04 7.518796992481206710e-04 7.518796992481206710e-04 9.849624060150380389e-02 7.518796992481206710e-04 7.518796992481206710e-04 7.518796992481206710e-04 7.518796992481206710e-04 1.578947368421053377e-02 7.518796992481206710e-04 7.518796992481206710e-04 5.195488721804513155e-01 7.518796992481206710e-04 7.518796992481206710e-04 7.518796992481206710e-04 2.037593984962406957e-01 7.518796992481206710e-04 7.518796992481206710e-04 8.270676691729327706e-03 7.518796992481206710e-04 7.518796992481206710e-04 2.330827067669173983e-02 7.518796992481206710e-04 7.518796992481206710e-04 7.518796992481206710e-04 1.135338345864662091e-01 7.518796992481206710e-04 7.518796992481206710e-04
3.597122302158274544e-04 3.597122302158274544e-04 5.431654676258993591e-02 3.597122302158274544e-04 3.597122302158274544e-04 3.597122302158274544e-04 3.597122302158274544e-04 3.597122302158274544e-04 3.597122302158274544e-04 3.597122302158274544e-04 1.834532374100719676e-02 1.115107913669064962e-02 3.597122302158274544e-04 3.597122302158274544e-04 2.913669064748201920e-02 3.597122302158274544e-04 4.535971223021583731e-01 1.474820143884892319e-02 1.298561151079136999e-01 1.474820143884892319e-02 1.442446043165467873e-01 3.597122302158274544e-04 3.597122302158274544e-04 3.597122302158274544e-04 3.597122302158274544e-04 1.474820143884892319e-02 3.597122302158274544e-04 2.194244604316547206e-02 7.553956834532376055e-03 7.949640287769786651e-02
3.717472118959108283e-04 3.717472118959108283e-04 8.959107806691450626e-02 3.717472118959108283e-04 1.007434944237918240e-01 5.241635687732341953e-02 3.717472118959108283e-04 3.717472118959108283e-04 3.717472118959108283e-04 1.524163568773234147e-02 3.717472118959108283e-04 4.089219330855018569e-03 3.717472118959108283e-04 3.717472118959108283e-04 3.717472118959108283e-04 3.717472118959108283e-04 3.717472118959108283e-04 3.717472118959108283e-04 3.717472118959108283e-04 3.717472118959108283e-04 3.717472118959108283e-04 3.717472118959108283e-04 3.717472118959108283e-04 2.903345724907063219e-01 1.044609665427509299e-01 3.717472118959108283e-04 1.895910780669144910e-02 2.940520446096653862e-01 3.717472118959108283e-04 2.267657992565055500e-02
3.630363036303630841e-03 1.158415841584158473e-01 3.300330033003300370e-04 7.953795379537954846e-02 3.630363036303630841e-03 3.300330033003300370e-04 1.353135313531353065e-02 3.003300330033003077e-02 3.300330033003300370e-04 3.300330033003300370e-04 3.630363036303630841e-03 3.003300330033003077e-02 1.683168316831682929e-02 3.300330033003300370e-04 4.653465346534653435e-02 3.993399339933993014e-02 3.663366336633663151e-02 3.300330033003300370e-04 8.283828382838284710e-02 3.300330033003300370e-04 1.023102310231023201e-02 3.300330033003300370e-04 3.300330033003300370e-04 3.300330033003300370e-04 2.673267326732673213e-02 3.300330033003300370e-04 3.630363036303630841e-03 3.300330033003300370e-04 3.300330033003300370e-04 4.524752475247524330e-01
1.560629921259842345e-01 1.574803149606299408e-04 6.456692913385826162e-03 7.102362204724409211e-02 1.574803149606299408e-04 7.102362204724409211e-02 1.574803149606299408e-04 1.574803149606299408e-04 9.606299212598425410e-03 4.881889763779527838e-03 1.574803149606299408e-04 1.574803149606299408e-04 1.574803149606299408e-04 1.574803149606299408e-04 1.574803149606299408e-04 1.574803149606299408e-04 6.456692913385826162e-03 1.732283464566929240e-03 3.466141732283464227e-01 1.574803149606299408e-04 4.425196850393701281e-02 1.574803149606299408e-04 1.574803149606299408e-04 8.031496062992126220e-03 1.574803149606299408e-04 1.574803149606299408e-04 1.970078740157480135e-01 1.574803149606299408e-04 1.574803149606299408e-04 7.417322834645669050e-02
5.988023952095809397e-04 5.988023952095809397e-04 5.988023952095809397e-04 5.988023952095809397e-04 5.988023952095809397e-04 1.856287425149701076e-02 7.491017964071857715e-01 5.988023952095809397e-04 1.383233532934131926e-01 5.988023952095809397e-04 5.988023952095809397e-04 5.988023952095809397e-04 5.988023952095809397e-04 5.988023952095809397e-04 5.988023952095809397e-04 1.257485029940120028e-02 6.586826347305390662e-03 5.988023952095809397e-04 6.586826347305390662e-03 1.856287425149701076e-02 5.988023952095809397e-04 5.988023952095809397e-04 5.988023952095809397e-04 3.053892215568862478e-02 5.988023952095809397e-04 5.988023952095809397e-04 5.988023952095809397e-04 5.988023952095809397e-04 6.586826347305390662e-03 5.988023952095809397e-04
4.484304932735427135e-04 2.286995515695067552e-02 4.484304932735427135e-04 4.484304932735427135e-04 4.484304932735427135e-04 8.565022421524666474e-02 4.484304932735427135e-04 4.484304932735427135e-04 4.484304932735427135e-04 6.955156950672647387e-01 4.932735426008970012e-03 4.484304932735427135e-04 4.484304932735427135e-04 4.484304932735427135e-04 4.484304932735427135e-04 4.932735426008970012e-03 4.484304932735427135e-04 4.484304932735427135e-04 9.417040358744396822e-03 4.484304932735427135e-04 9.417040358744396822e-03 4.484304932735427135e-04 4.977578475336323638e-02 4.484304932735427135e-04 7.219730941704038951e-02 4.932735426008970012e-03 4.484304932735427135e-04 3.183856502242152914e-02 4.484304932735427135e-04 4.484304932735427135e-04
6.993006993006995169e-04 6.993006993006995169e-04 6.993006993006995169e-04 6.993006993006995169e-04 3.566433566433566821e-02 6.993006993006995169e-04 6.993006993006995169e-04 6.993006993006995169e-04 6.993006993006995169e-04 6.993006993006995169e-04 6.993006993006995169e-04 1.195804195804196085e-01 6.993006993006995169e-04 6.993006993006995169e-04 6.993006993006995169e-04 6.993006993006995169e-04 4.202797202797203813e-01 6.993006993006995169e-04 2.104895104895105340e-01 4.265734265734266034e-02 6.993006993006995169e-04 6.993006993006995169e-04 7.692307692307694469e-03 1.475524475524475909e-01 6.993006993006995169e-04 6.993006993006995169e-04 6.993006993006995169e-04 6.993006993006995169e-04 6.993006993006995169e-04 6.993006993006995169e-04
2.590673575129533016e-04 4.430051813471501398e-02 2.590673575129533016e-04 1.453367875647668117e-01 2.590673575129533016e-04 2.590673575129533016e-04 2.590673575129533016e-04 2.590673575129533016e-04 7.279792746113987467e-02 2.849740932642486589e-03 1.321243523316061735e-02 3.318652849740931776e-01 2.590673575129533016e-04 2.590673575129533016e-04 2.590673575129533016e-04 2.590673575129533016e-04 5.466321243523315082e-02 2.590673575129533016e-04 8.316062176165800457e-02 2.590673575129533016e-04 2.590673575129533016e-04 5.466321243523315082e-02 2.590673575129533016e-04 5.984455958549221577e-02 2.590673575129533016e-04 6.243523316062174477e-02 1.321243523316061735e-02 5.466321243523315082e-02 2.849740932642486589e-03 2.590673575129533016e-04
7.378048780487807268e-02 6.097560975609758261e-04 6.097560975609758261e-04 6.768292682926831116e-02 6.097560975609758261e-04 7.987804878048783419e-02 6.097560975609758261e-04 6.097560975609758261e-04 6.097560975609758261e-04 6.097560975609758261e-04 6.097560975609758261e-04 6.097560975609758261e-04 6.097560975609758261e-04 6.097560975609758261e-04 6.097560975609758261e-04 6.097560975609758261e-04 6.097560975609758261e-04 6.707317073170734195e-03 2.628048780487806102e-01 3.109756097560976637e-02 4.274390243902440045e-01 6.097560975609758261e-04 6.097560975609758261e-04 6.097560975609758261e-04 3.109756097560976637e-02 6.707317073170734195e-03 6.097560975609758261e-04 6.097560975609758261e-04 6.097560975609758261e-04 6.097560975609758261e-04
1.345895020188424935e-04 4.172274562584117434e-03 9.555854643337816090e-03 1.345895020188424935e-04 2.826379542395692553e-03 4.724091520861371796e-02 2.826379542395692553e-03 1.345895020188424935e-04 6.877523553162850911e-02 1.345895020188424935e-04 1.763122476446836451e-02 6.608344549125166889e-02 1.345895020188424935e-04 1.345895020188424935e-04 1.345895020188424935e-04 1.345895020188424935e-04 1.480484522207267456e-03 1.345895020188424935e-04 6.339165545087481479e-02 1.345895020188424935e-04 1.345895020188424935e-04 6.771197846567965639e-01 1.345895020188424935e-04 3.647375504710631544e-02 1.345895020188424935e-04 1.345895020188424935e-04 1.345895020188424935e-04 1.345895020188424935e-04 1.345895020188424935e-04 1.345895020188424935e-04
2.601476014760147060e-02 1.845018450184501520e-04 1.845018450184501520e-04 2.029520295202951862e-03 1.845018450184501520e-04 5.738007380073800040e-02 1.845018450184501520e-04 5.719557195571954578e-03 1.845018450184501520e-04 4.999999999999998890e-02 1.845018450184501520e-04 1.845018450184501520e-04 1.845018450184501520e-04 1.845018450184501520e-04 1.845018450184501520e-04 1.845018450184501520e-04 2.785977859778597174e-02 6.477859778597785390e-01 3.154981549815497749e-02 1.845018450184501520e-04 1.845018450184501520e-04 1.845018450184501520e-04 1.845018450184501520e-04 1.845018450184501520e-04 4.815498154981549123e-02 1.845018450184501520e-04 1.845018450184501520e-04 3.523985239852397977e-02 2.029520295202951862e-03 6.291512915129150729e-02
3.246753246753245666e-04 3.246753246753245666e-04 3.246753246753245666e-04 3.246753246753245666e-04 3.246753246753245666e-04 2.954545454545453448e-02 3.571428571428570450e-03 3.246753246753245666e-04 1.301948051948051410e-01 6.818181818181816116e-03 1.042207792207791861e-01 2.211038961038959971e-01 3.246753246753245666e-04 3.246753246753245666e-04 3.246753246753245666e-04 3.246753246753245666e-04 3.246753246753245666e-04 3.246753246753245666e-04 5.551948051948050328e-02 1.237012987012986592e-01 3.246753246753245666e-04 1.042207792207791861e-01 3.246753246753245666e-04 1.334415584415583889e-01 3.246753246753245666e-04 7.499999999999998335e-02 3.571428571428570450e-03 3.571428571428570450e-03 3.246753246753245666e-04 3.246753246753245666e-04
3.636363636363636686e-04 3.636363636363636686e-04 1.676363636363636389e-01 3.636363636363636686e-04 3.636363636363636686e-04 3.636363636363636686e-04 3.636363636363636686e-04 5.127272727272726843e-02 3.021818181818181626e-01 4.000000000000000083e-03 3.636363636363636686e-04 1.854545454545454553e-02 7.636363636363636444e-03 8.400000000000000522e-02 3.636363636363636686e-04 3.636363636363636686e-04 3.636363636363636686e-04 3.636363636363636686e-04 7.672727272727272729e-02 3.636363636363636686e-04 4.000000000000000083e-03 1.167272727272727351e-01 4.000000000000000083e-03 3.636363636363636686e-04 5.490909090909090740e-02 2.581818181818181651e-02 3.636363636363636686e-04 7.672727272727272729e-02 3.636363636363636686e-04 3.636363636363636686e-04
3.597122302158273460e-04 2.593525179856114860e-01 3.956834532374100752e-03 3.597122302158273460e-04 3.597122302158273460e-04 1.474820143884891972e-02 3.597122302158273460e-04 1.370503597122302297e-01 1.946043165467626068e-01 3.597122302158273460e-04 5.071942446043165020e-02 1.834532374100719329e-02 3.597122302158273460e-04 3.597122302158273460e-04 3.597122302158273460e-04 7.553956834532374320e-03 3.597122302158273460e-04 1.115107913669064789e-02 9.748201438848921874e-02 3.597122302158273460e-04 3.956834532374100752e-03 3.597122302158273460e-04 8.669064748201439630e-02 1.474820143884891972e-02 3.597122302158273460e-04 3.597122302158273460e-04 1.115107913669064789e-02 5.791366906474820775e-02 3.597122302158273460e-04 2.553956834532374043e-02
3.869009584664537260e-01 3.194888178913738645e-04 3.194888178913738645e-04 3.194888178913738645e-04 3.194888178913738645e-04 3.514376996805112889e-03 3.194888178913738645e-04 3.194888178913738645e-04 6.709265175718851643e-03 3.194888178913738645e-04 3.194888178913738645e-04 3.194888178913738645e-04 3.194888178913738645e-04 3.194888178913738645e-04 3.194888178913738645e-04 3.194888178913738645e-04 2.907348242811502032e-02 3.194888178913738645e-04 8.338658146964858520e-02 3.194888178913738645e-04 1.984025559105431769e-01 3.194888178913738645e-04 3.194888178913738645e-04 3.194888178913738645e-04 3.194888178913738645e-04 3.194888178913738645e-04 3.194888178913738645e-04 3.194888178913738645e-04 3.194888178913738645e-04 2.846645367412141137e-01
4.183098591549296863e-01 4.694835680751175224e-04 4.694835680751175224e-04 4.694835680751175224e-04 5.164319248826292584e-03 2.211267605633803479e-01 1.455399061032864282e-02 4.694835680751175224e-04 4.694835680751175224e-04 4.694835680751175224e-04 4.694835680751175224e-04 3.802816901408451883e-02 4.694835680751175224e-04 4.694835680751175224e-04 3.802816901408451883e-02 9.859154929577467266e-03 1.924882629107981663e-02 4.694835680751175224e-04 9.906103286384980444e-02 4.694835680751175224e-04 3.802816901408451883e-02 4.694835680751175224e-04 4.694835680751175224e-04 4.694835680751175224e-04 4.694835680751175224e-04 4.694835680751175224e-04 4.694835680751175224e-04 5.211267605633804201e-02 4.694835680751175224e-04 3.802816901408451883e-02
6.289308176100631871e-04 6.289308176100631871e-04 6.289308176100631871e-04 6.289308176100631871e-04 6.289308176100631871e-04 6.289308176100631871e-04 6.289308176100631871e-04 6.289308176100631871e-04 3.207547169811321430e-02 6.289308176100631871e-04 6.918238993710694625e-03 6.289308176100631871e-04 6.289308176100631871e-04 1.264150943396226967e-01 6.106918238993712666e-01 6.289308176100631871e-04 6.289308176100631871e-04 1.949685534591195576e-02 6.289308176100631871e-04 6.289308176100631871e-04 6.918238993710694625e-03 6.289308176100631871e-04 3.207547169811321430e-02 6.289308176100631871e-04 6.918238993710694625e-03 3.207547169811321430e-02 6.289308176100631871e-04 1.012578616352201727e-01 6.289308176100631871e-04 1.320754716981132650e-02
3.401360544217686840e-04 7.142857142857141767e-03 7.142857142857141767e-03 3.401360544217686840e-04 3.401360544217686840e-04 3.401360544217686840e-04 2.755102040816325912e-02 4.561224489795917547e-01 1.394557823129251306e-02 3.401360544217686840e-04 3.401360544217686840e-04 3.401360544217686840e-04 3.401360544217686840e-04 4.455782312925168909e-02 3.401360544217686840e-04 3.401360544217686840e-04 8.537414965986393767e-02 3.401360544217686840e-04 3.401360544217686840e-04 3.401360544217686840e-04 3.401360544217686840e-04 3.401360544217686840e-04 3.401360544217686840e-04 1.261904761904761585e-01 3.401360544217686840e-04 1.568027210884353484e-01 3.401360544217686840e-04 6.836734693877549729e-02 3.401360544217686840e-04 3.401360544217686840e-04
7.812500000000002602e-04 7.812500000000002602e-04 7.812500000000002602e-04 7.812500000000002602e-04 7.812500000000002602e-04 7.812500000000002602e-04 8.593750000000002429e-03 7.812500000000002602e-04 1.640625000000000416e-02 1.640625000000000416e-02 7.812500000000002602e-04 7.812500000000002602e-04 7.812500000000002602e-04 7.812500000000002602e-04 7.812500000000002602e-04 7.812500000000002602e-04 1.257812500000000389e-01 8.671875000000001110e-02 2.976562500000000666e-01 8.593750000000002429e-03 1.179687500000000250e-01 7.812500000000002602e-04 3.203125000000000416e-02 7.812500000000002602e-04 8.671875000000001110e-02 7.812500000000002602e-04 9.453125000000002498e-02 3.984375000000000416e-02 4.765625000000001110e-02 8.593750000000002429e-03
4.465408805031447631e-02 6.289308176100631871e-04 1.201257861635220692e-01 6.289308176100631871e-04 3.207547169811321430e-02 1.893081761006289998e-01 6.289308176100631871e-04 6.289308176100631871e-04 6.918238993710694625e-03 6.289308176100631871e-04 6.289308176100631871e-04 6.289308176100631871e-04 6.289308176100631871e-04 2.899371069182390959e-01 2.578616352201258677e-02 6.289308176100631871e-04 6.289308176100631871e-04 6.981132075471700726e-02 9.496855345911953128e-02 6.289308176100631871e-04 6.289308176100631871e-04 6.289308176100631871e-04 6.289308176100631871e-04 6.289308176100631871e-04 6.289308176100631871e-04 6.289308176100631871e-04 6.289308176100631871e-04 1.138364779874214278e-01 6.289308176100631871e-04 6.289308176100631871e-04
5.291005291005292446e-04 1.111111111111111327e-02 5.291005291005292446e-04 5.291005291005292446e-04 5.291005291005292446e-04 5.291005291005292446e-04 5.291005291005292446e-04 5.820105820105821691e-03 5.291005291005292446e-04 1.640211640211640398e-02 5.291005291005292446e-04 1.010582010582010831e-01 5.291005291005292446e-04 5.873015873015873661e-02 5.820105820105821691e-03 5.291005291005292446e-04 3.074074074074074625e-01 5.820105820105821691e-03 2.915343915343915904e-01 1.169312169312169553e-01 5.291005291005292446e-04 5.343915343915344590e-02 5.291005291005292446e-04 5.291005291005292446e-04 5.291005291005292446e-04 1.111111111111111327e-02 5.291005291005292446e-04 5.820105820105821691e-03 5.291005291005292446e-04 5.291005291005292446e-04
2.320185614849187405e-04 2.320185614849187405e-04 2.320185614849187405e-04 2.320185614849187405e-04 2.320185614849187405e-04 4.872389791183293767e-03 2.320185614849187405e-04 4.872389791183293767e-03 2.343387470997678954e-02 1.879350348027841733e-02 2.807424593967516521e-02 4.431554524361948355e-02 2.320185614849187405e-04 1.183294663573085381e-02 2.320185614849187405e-04 4.271461716937353659e-01 1.183294663573085381e-02 2.320185614849187405e-04 1.162412993039442927e-01 2.320185614849187405e-04 2.320185614849187405e-04 1.951276102088166375e-01 1.647331786542922949e-02 2.552204176334106362e-03 1.879350348027841733e-02 1.415313225058004165e-02 2.320185614849187405e-04 5.823665893271460364e-02 2.320185614849187405e-04 2.320185614849187405e-04
7.451923076923073867e-03 2.403846153846152895e-04 2.403846153846152895e-04 2.403846153846152895e-04 2.403846153846152895e-04 7.235576923076920963e-02 2.403846153846152895e-04 2.403846153846152895e-04 7.956730769230765943e-02 1.706730769230768371e-02 2.403846153846152895e-04 9.855769230769225245e-03 2.403846153846152895e-04 1.706730769230768371e-02 2.644230769230768510e-03 2.403846153846152895e-04 4.137019230769228839e-01 1.108173076923076456e-01 1.228365384615384137e-01 2.403846153846152895e-04 1.225961538461537922e-02 1.225961538461537922e-02 2.403846153846152895e-04 2.403846153846152895e-04 1.706730769230768371e-02 2.403846153846152895e-04 2.403846153846152895e-04 5.072115384615382555e-02 2.403846153846152895e-04 5.072115384615382555e-02
1.451378809869375522e-04 1.030478955007256558e-02 1.611030478955006659e-02 1.451378809869375522e-04 1.451378809869375522e-04 7.416545718432508705e-02 1.596516690856312993e-03 1.901306240928881883e-02 6.255442670537007810e-02 1.451378809869375522e-04 1.451378809869375522e-04 1.451378809869375522e-04 5.950653120464438964e-03 3.047895500725688461e-03 1.451378809869375522e-04 1.451378809869375522e-04 3.063860667634251689e-01 1.451378809869375522e-04 9.738751814223507719e-02 1.451378809869375522e-04 3.788098693759069796e-02 1.596516690856312993e-03 4.499274310595063713e-03 1.596516690856312993e-03 9.303338171262695577e-02 9.448476052249633883e-02 7.402031930333814215e-03 1.451378809869375522e-04 1.451378809869375522e-04 1.612481857764876125e-01
