1.901960784313725950e-01 1.183006535947712795e-01 6.535947712418302370e-04 6.535947712418302370e-04 6.535947712418302370e-04 6.535947712418302370e-04 6.535947712418302370e-04 6.535947712418302370e-04 6.535947712418302370e-04 1.313725490196078760e-01 9.215686274509805875e-02 3.986928104575163806e-02 6.535947712418302370e-04 6.535947712418302370e-04 1.705882352941176794e-01 6.535947712418302370e-04 1.372549019607843465e-02 6.535947712418302370e-04 6.535947712418302370e-04 6.535947712418302370e-04 6.535947712418302370e-04 1.313725490196078760e-01 6.535947712418302370e-04 6.535947712418302370e-04 6.535947712418302370e-04 6.535947712418302370e-04 6.535947712418302370e-04 7.189542483660132932e-03 9.215686274509805875e-02 6.535947712418302370e-04
3.267973856209148474e-04 1.506535947712417389e-01 1.833333333333332371e-01 1.666666666666665603e-02 7.875816993464047899e-02 3.267973856209148474e-04 2.320261437908495428e-02 3.300653594771239818e-02 6.895424836601303509e-02 3.267973856209148474e-04 1.013071895424836125e-02 9.836601307189538068e-02 3.267973856209148474e-04 3.267973856209148474e-04 1.343137254901960176e-01 3.267973856209148474e-04 3.267973856209148474e-04 3.267973856209148474e-04 1.339869281045750690e-02 3.267973856209148474e-04 3.267973856209148474e-04 3.267973856209148474e-04 2.973856209150324906e-02 1.666666666666665603e-02 2.973856209150324906e-02 3.267973856209148474e-04 3.594771241830063430e-03 3.267973856209148474e-04 1.666666666666665603e-02 8.856209150326792290e-02
1.506622516556290793e-02 1.655629139072847139e-04 1.655629139072847139e-04 6.673841059602646508e-01 1.655629139072847139e-04 8.443708609271519810e-03 1.655629139072847139e-04 1.655629139072847139e-04 1.655629139072847139e-04 2.996688741721853511e-02 1.655629139072847139e-04 2.831125827814568591e-02 1.655629139072847139e-04 2.334437086092714178e-02 1.655629139072847139e-04 6.473509933774831970e-02 1.009933774834436727e-02 1.655629139072847139e-04 6.788079470198672347e-03 6.788079470198672347e-03 2.334437086092714178e-02 3.476821192052979154e-03 1.655629139072847139e-04 1.655629139072847139e-04 6.307947019867547744e-02 1.837748344370860112e-02 1.655629139072847139e-04 1.655629139072847139e-04 1.655629139072847139e-04 2.831125827814568591e-02
3.105590062111800273e-04 9.347826086956519120e-02 3.105590062111800273e-04 1.273291925465837998e-02 3.105590062111800273e-04 1.273291925465837998e-02 3.105590062111800273e-04 3.105590062111800273e-04 2.515527950310558064e-02 3.105590062111800273e-04 1.273291925465837998e-02 1.276397515527950000e-01 9.627329192546581552e-03 8.726708074534159087e-02 3.105590062111800273e-04 3.105590062111800273e-04 3.105590062111800273e-04 3.105590062111800273e-04 3.105590062111800273e-04 3.757763975155278130e-02 3.105590062111800273e-04 3.105590062111800273e-04 3.105590062111800273e-04 3.757763975155278130e-02 3.105590062111800273e-04 3.636645962732917847e-01 3.105590062111800273e-04 5.931677018633538939e-02 3.105590062111800273e-04 1.152173913043477854e-01
4.098360655737705999e-04 8.606557377049182597e-03 5.905737704918033737e-01 4.098360655737705999e-04 4.098360655737705999e-04 4.098360655737705999e-04 4.098360655737705999e-04 4.098360655737705999e-04 1.602459016393442959e-01 4.098360655737705999e-04 4.959016393442623738e-02 4.098360655737705999e-04 4.098360655737705999e-04 4.098360655737705999e-04 4.098360655737705999e-04 2.090163934426229886e-02 4.098360655737705999e-04 4.098360655737705999e-04 2.500000000000000486e-02 4.098360655737705999e-04 5.778688524590164938e-02 1.680327868852459286e-02 4.098360655737705999e-04 4.098360655737705999e-04 4.098360655737705999e-04 2.090163934426229886e-02 4.098360655737705999e-04 4.098360655737705999e-04 4.139344262295082538e-02 4.098360655737705999e-04
3.190810465858329322e-05 3.190810465858329322e-05 3.190810465858329322e-05 3.258136566687939717e-01 9.604339502233570636e-03 3.873962986598596947e-01 3.190810465858329322e-05 3.190810465858329322e-05 3.190810465858329322e-05 3.190810465858329322e-05 7.310146777281431585e-02 8.328015315890238690e-03 3.190810465858329322e-05 5.456285896617742680e-03 3.190810465858329322e-05 3.190810465858329322e-05 3.190810465858329322e-05 6.700701978302490763e-04 1.662412252712189287e-02 3.190810465858329322e-05 3.190810465858329322e-05 3.190810465858329322e-05 3.190810465858329322e-05 5.456285896617742680e-03 1.244735162731334249e-01 3.190810465858329322e-05 3.190810465858329322e-05 3.190810465858329322e-05 3.190810465858329322e-05 4.246968730057435609e-02
1.674208144796379694e-02 9.969834087481144191e-02 1.508295625942684558e-04 1.508295625942684558e-04 1.659125188536952986e-03 4.841628959276017552e-02 1.508295625942684558e-04 1.659125188536952986e-03 1.508295625942684558e-04 1.508295625942684558e-04 1.674208144796379694e-02 1.796380090497737281e-01 1.508295625942684558e-04 1.659125188536952986e-03 1.508295625942684558e-04 2.277526395173453538e-02 9.200603318250375612e-03 6.184012066365005521e-03 2.428355957767722173e-02 1.508295625942684558e-04 1.659125188536952986e-03 1.508295625942684558e-04 1.508295625942684558e-04 2.730015082956259095e-02 1.975867269984916616e-02 4.345399698340874362e-01 2.579185520361990808e-02 3.333333333333333287e-02 2.730015082956259095e-02 1.508295625942684558e-04
8.739255014326645365e-03 9.326647564469911500e-02 1.432664756446991306e-04 1.160458452722062765e-02 1.432664756446991306e-04 4.598853868194841682e-02 1.432664756446991306e-04 1.575931232091690518e-03 3.452722063037248768e-02 1.432664756446991306e-04 2.593123209169054255e-02 1.477077363896847906e-01 1.432664756446991306e-04 5.873925501432663079e-03 1.432664756446991306e-04 4.169054441260744426e-02 3.008595988538681661e-03 1.432664756446991306e-04 1.733524355300859396e-02 1.432664756446991306e-04 1.432664756446991306e-04 1.432664756446991306e-04 1.432664756446991306e-04 1.733524355300859396e-02 8.739255014326645365e-03 4.356733524355300702e-01 3.882521489971346024e-02 3.309455587392549913e-02 2.736389684813753456e-02 1.432664756446991306e-04
1.748251748251747979e-04 5.786713286713286025e-02 1.748251748251747979e-04 1.923076923076922750e-03 1.748251748251747979e-04 4.213286713286712448e-02 1.748251748251747979e-04 1.748251748251747979e-04 1.748251748251747979e-04 1.748251748251747979e-04 1.470279720279719926e-01 9.632867132867131699e-02 1.748251748251747979e-04 6.136363636363635632e-02 1.748251748251747979e-04 7.185314685314683758e-02 1.923076923076922750e-03 4.388111888111887599e-02 1.748251748251747979e-04 1.748251748251747979e-04 1.748251748251747979e-04 1.748251748251747979e-04 1.066433566433566162e-02 1.748251748251747979e-04 5.419580419580418383e-03 2.729020979020978510e-01 8.916083916083913583e-03 2.814685314685314368e-02 5.087412587412586812e-02 9.632867132867131699e-02
1.655629139072847410e-04 6.639072847682117584e-02 1.655629139072847410e-04 1.655629139072847410e-04 1.655629139072847410e-04 6.142384105960264212e-02 1.655629139072847410e-04 1.821192052980132340e-03 3.162251655629138430e-02 1.655629139072847410e-04 1.655629139072847410e-04 2.385761589403972982e-01 1.655629139072847410e-04 3.658940397350993190e-02 1.655629139072847410e-04 1.009933774834436901e-02 1.175496688741721647e-02 1.655629139072847410e-04 2.334437086092714872e-02 1.655629139072847410e-04 1.655629139072847410e-04 1.655629139072847410e-04 1.009933774834436901e-02 1.655629139072847410e-04 1.655629139072847410e-04 3.859271523178807173e-01 3.162251655629138430e-02 1.655629139072847410e-04 1.655629139072847410e-04 8.791390728476819461e-02
2.688172043010752686e-04 3.790322580645160561e-02 8.333333333333331483e-03 2.688172043010752686e-04 2.688172043010752686e-04 6.209677419354837913e-02 2.446236559139784369e-02 2.688172043010752686e-04 2.688172043010752686e-04 2.688172043010752686e-04 9.166666666666666019e-02 1.965053763440859635e-01 1.102150537634408352e-02 2.446236559139784369e-02 2.688172043010752686e-04 2.688172043010752686e-04 2.688172043010752686e-04 2.688172043010752686e-04 1.908602150537633962e-02 2.688172043010752686e-04 2.688172043010752686e-04 2.688172043010752686e-04 2.688172043010752686e-04 2.688172043010752686e-04 2.956989247311827846e-03 3.685483870967741216e-01 1.131720430107526765e-01 2.688172043010752686e-04 3.521505376344085531e-02 2.688172043010752686e-04
2.958579881656804231e-04 2.958579881656804231e-04 6.538461538461537437e-02 2.958579881656804231e-04 2.958579881656804231e-04 2.692307692307691763e-02 2.958579881656804231e-04 9.171597633136093983e-03 3.875739644970413456e-02 3.254437869822485088e-03 5.355029585798815744e-02 2.958579881656804231e-04 2.958579881656804231e-04 4.973372781065087955e-01 2.958579881656804231e-04 2.958579881656804231e-04 2.958579881656804231e-04 2.958579881656804231e-04 2.958579881656804231e-04 2.958579881656804231e-04 2.958579881656804231e-04 2.958579881656804231e-04 2.958579881656804231e-04 1.213017751479289648e-02 2.988165680473372013e-02 1.363905325443786898e-01 3.284023668639052262e-02 2.958579881656804231e-04 2.958579881656804231e-04 8.905325443786980821e-02
8.438818565400847563e-05 1.072573839662447626e-01 9.282700421940932997e-04 8.438818565400847563e-05 8.438818565400847563e-05 1.443881856540084885e-01 8.438818565400847563e-05 8.438818565400847563e-05 8.438818565400847563e-05 8.438818565400847563e-05 6.675105485232069036e-02 4.143459915611816258e-02 3.199156118143461347e-01 5.991561181434601133e-03 1.021097046413502532e-02 1.527426160337553435e-02 8.438818565400847563e-05 8.438818565400847563e-05 1.864978902953587370e-02 8.438818565400847563e-05 8.438818565400847563e-05 8.438818565400847563e-05 8.438818565400847563e-05 1.393248945147679829e-01 9.282700421940932997e-04 4.227848101265824221e-02 8.438818565400847563e-05 5.831223628691984545e-02 8.438818565400847563e-05 2.708860759493672207e-02
8.849557522123896935e-04 3.991150442477877092e-01 8.849557522123896935e-04 8.849557522123896935e-04 1.513274336283186305e-01 8.849557522123896935e-04 8.849557522123896935e-04 8.849557522123896935e-04 8.849557522123896935e-04 8.849557522123896935e-04 9.823008849557524069e-02 8.849557522123896935e-04 5.398230088495576534e-02 9.734513274336286520e-03 6.283185840707965208e-02 2.743362831858407735e-02 8.849557522123896935e-04 8.849557522123896935e-04 8.849557522123896935e-04 8.849557522123896935e-04 8.849557522123896935e-04 1.247787610619469356e-01 8.849557522123896935e-04 8.849557522123896935e-04 8.849557522123896935e-04 8.849557522123896935e-04 8.849557522123896935e-04 8.849557522123896935e-04 3.628318584070797104e-02 1.858407079646018367e-02
1.795332136445242218e-04 1.240574506283662060e-01 1.795332136445242218e-04 1.974865350089766332e-03 1.795332136445242218e-04 2.228007181328545139e-01 1.795332136445242218e-04 1.795332136445242218e-04 1.795332136445242218e-04 1.795332136445242218e-04 1.096947935368042942e-01 1.813285457809694218e-02 1.815080789946139639e-01 1.795332136445242218e-04 1.795332136445242218e-04 1.795332136445242218e-04 1.795332136445242218e-04 1.795332136445242218e-04 1.813285457809694218e-02 3.770197486535008333e-03 1.795332136445242218e-04 1.795332136445242218e-04 1.795332136445242218e-04 1.061041292639137990e-01 1.795332136445242218e-04 1.633752244165170148e-02 3.770197486535008333e-03 1.545780969479353395e-01 1.813285457809694218e-02 1.813285457809694218e-02
3.236245954692555595e-04 3.236245954692555595e-04 3.559870550161811208e-03 3.236245954692555595e-04 3.236245954692555595e-04 1.326860841423947550e-02 3.915857605177992112e-02 6.796116504854367128e-03 6.796116504854367128e-03 3.236245954692555595e-04 9.417475728155336179e-02 1.326860841423947550e-02 3.236245954692555595e-04 2.297734627831714282e-02 3.236245954692555595e-04 3.236245954692555595e-04 6.119741100323622396e-01 3.236245954692555595e-04 2.297734627831714282e-02 2.297734627831714282e-02 5.533980582524269942e-02 1.003236245954692261e-02 3.236245954692555595e-04 3.236245954692555595e-04 3.236245954692555595e-04 3.236245954692555595e-04 3.559870550161811208e-03 3.268608414239480842e-02 3.236245954692555595e-04 3.592233009708736130e-02
1.876172607879924951e-04 1.876172607879924951e-04 1.876172607879924951e-04 1.876172607879924951e-04 7.711069418386491681e-02 1.894934333958724071e-02 2.082551594746716653e-02 1.876172607879924951e-04 1.090056285178236384e-01 1.876172607879924951e-04 1.876172607879924951e-04 6.772983114446529118e-02 2.063789868667917447e-03 2.063789868667917447e-03 1.876172607879924951e-04 1.876172607879924951e-04 1.876172607879924951e-04 1.876172607879924951e-04 2.063789868667917447e-03 1.876172607879924951e-04 3.939962476547842832e-03 9.568480300187616819e-03 1.707317073170731489e-02 2.270168855534709235e-02 1.202626641651031725e-01 3.939962476547842832e-03 3.958724202626642125e-02 4.146341463414634360e-02 7.711069418386491681e-02 3.622889305816134886e-01
3.144654088050314309e-04 3.144654088050314309e-04 3.144654088050314309e-04 3.144654088050314309e-04 6.603773584905659778e-03 3.144654088050314309e-04 3.144654088050314309e-04 4.119496855345911035e-02 3.805031446540879658e-02 3.459119496855345578e-03 2.861635220125785528e-02 4.119496855345911035e-02 3.144654088050314309e-04 6.603773584905659778e-03 3.144654088050314309e-04 3.144654088050314309e-04 2.232704402515722775e-02 2.613207547169810741e-01 5.062893081761005859e-02 6.603773584905659778e-03 1.418238993710691509e-01 6.603773584905659778e-03 3.144654088050314309e-04 1.603773584905660021e-02 4.748427672955973788e-02 1.638364779874213473e-01 1.072327044025157133e-01 3.144654088050314309e-04 3.144654088050314309e-04 6.603773584905659778e-03
7.664233576642333172e-03 2.226277372262772808e-02 4.014598540145983795e-03 3.649635036496349052e-04 3.649635036496349052e-04 3.649635036496349052e-04 1.131386861313868168e-02 3.649635036496349052e-04 3.649635036496349052e-04 4.784671532846713204e-01 3.649635036496349052e-04 5.145985401459851616e-02 3.649635036496349052e-04 3.649635036496349052e-04 2.226277372262772808e-02 2.083941605839415290e-01 6.605839416058391367e-02 3.649635036496349052e-04 3.649635036496349052e-04 3.649635036496349052e-04 7.335766423357661936e-02 3.649635036496349052e-04 3.649635036496349052e-04 3.649635036496349052e-04 1.131386861313868168e-02 3.649635036496349052e-04 3.649635036496349052e-04 2.956204379562042336e-02 3.649635036496349052e-04 7.664233576642333172e-03
3.188405797101449141e-03 2.898550724637681086e-04 2.898550724637681086e-04 2.898550724637681086e-04 3.188405797101449141e-03 4.086956521739129600e-02 2.898550724637681086e-04 2.898550724637681086e-04 1.104347826086956447e-01 2.898550724637681086e-04 9.304347826086954709e-02 1.828985507246376485e-01 2.898550724637681086e-04 2.057971014492753284e-02 2.898550724637681086e-04 2.898550724637681086e-04 2.898550724637681086e-04 8.985507246376809795e-03 4.086956521739129600e-02 8.985507246376809795e-03 2.898550724637681086e-04 2.898550724637681086e-04 2.898550724637681086e-04 3.188405797101449141e-03 2.898550724637681086e-04 4.089855072463767227e-01 2.898550724637681086e-04 2.898550724637681086e-04 2.898550724637681086e-04 6.985507246376811141e-02
1.627906976744186718e-02 7.751937984496128260e-04 8.527131782945741520e-03 7.751937984496128260e-04 8.527131782945741520e-03 7.751937984496128260e-04 7.751937984496128260e-04 7.751937984496128260e-04 7.751937984496128260e-04 1.790697674418605667e-01 7.751937984496128260e-04 8.527131782945741520e-03 7.751937984496128260e-04 7.751937984496128260e-04 6.279069767441862460e-02 5.899224806201552873e-01 7.751937984496128260e-04 7.751937984496128260e-04 7.054263565891476240e-02 2.403100775193799457e-02 7.751937984496128260e-04 7.751937984496128260e-04 7.751937984496128260e-04 7.751937984496128260e-04 7.751937984496128260e-04 7.751937984496128260e-04 7.751937984496128260e-04 7.751937984496128260e-04 1.627906976744186718e-02 7.751937984496128260e-04
5.050505050505051585e-04 9.646464646464648907e-02 5.050505050505051585e-04 5.050505050505051585e-04 5.050505050505051585e-04 2.575757575757576037e-02 5.050505050505051585e-04 5.050505050505051585e-04 5.555555555555556635e-03 5.050505050505051585e-04 2.126262626262626632e-01 1.565656565656566024e-02 5.050505050505051585e-04 3.585858585858586051e-02 5.050505050505051585e-04 5.050505050505051585e-04 2.070707070707070857e-02 5.050505050505051585e-04 5.555555555555556635e-03 5.050505050505051585e-04 5.050505050505051585e-04 5.555555555555556635e-03 8.636363636363637852e-02 5.050505050505051585e-04 5.050505050505051585e-04 5.050505050505051585e-04 1.520202020202020554e-01 5.050505050505051585e-04 3.585858585858586051e-02 2.934343434343434920e-01
1.367713004484304162e-02 2.242152466367711941e-04 2.242152466367711941e-04 7.647982062780265267e-01 2.242152466367711941e-04 2.242152466367711941e-04 2.242152466367711941e-04 9.192825112107618282e-03 2.713004484304931338e-02 2.242152466367711941e-04 2.242152466367711941e-04 2.466367713004483271e-03 2.242152466367711941e-04 2.466367713004483271e-03 2.242152466367711941e-04 9.887892376681609030e-02 9.192825112107618282e-03 2.242152466367711941e-04 2.242152466367711941e-04 4.708520179372194941e-03 2.713004484304931338e-02 2.242152466367711941e-04 2.242152466367711941e-04 2.466367713004483271e-03 3.385650224215244752e-02 2.242152466367711941e-04 2.242152466367711941e-04 2.242152466367711941e-04 2.242152466367711941e-04 2.242152466367711941e-04
3.257328990228012091e-04 3.257328990228012091e-04 3.257328990228012091e-04 3.257328990228012091e-04 1.335504885993484686e-02 3.257328990228012091e-04 4.592833876221496386e-02 3.257328990228012091e-04 3.257328990228012091e-04 5.182410423452766812e-01 3.583061889250813408e-03 3.257328990228012091e-04 3.257328990228012091e-04 1.335504885993484686e-02 3.257328990228012091e-04 2.478827361563516740e-01 3.257328990228012091e-04 1.661237785016285787e-02 1.986970684039087234e-02 3.941368078175894185e-02 7.198697068403907273e-02 3.257328990228012091e-04 3.257328990228012091e-04 3.257328990228012091e-04 3.583061889250813408e-03 3.257328990228012091e-04 3.257328990228012091e-04 3.257328990228012091e-04 3.257328990228012091e-04 3.257328990228012091e-04
1.594896331738436686e-04 3.365231259968101685e-02 3.524720893141945061e-02 1.594896331738436686e-04 4.944178628389153674e-03 1.451355661881977357e-02 1.835725677830940539e-01 1.594896331738436686e-04 1.594896331738436686e-04 1.594896331738436686e-04 6.714513556618818824e-02 1.644338118022328210e-01 1.594896331738436686e-04 5.279106858054225665e-02 3.205741626794258309e-02 1.594896331738436686e-04 6.395534290271132072e-02 1.293460925039872089e-01 2.727272727272727140e-02 1.594896331738436686e-04 1.594896331738436686e-04 2.567783094098883417e-02 1.594896331738436686e-04 3.046251993620414239e-02 8.133971291866026396e-03 1.594896331738436686e-04 1.594896331738436686e-04 2.886762360446570516e-02 1.929824561403508526e-02 7.671451355661880467e-02
2.356687898089171451e-02 8.301486199575369707e-02 2.123142250530785091e-04 2.123142250530785091e-04 2.123142250530785091e-04 2.144373673036092942e-02 1.276008492569001840e-01 2.123142250530785091e-04 2.123142250530785091e-04 6.581740976645433783e-03 2.781316348195328469e-02 1.509554140127387922e-01 2.123142250530785091e-04 4.479830148619956542e-02 9.787685774946919270e-02 2.123142250530785091e-04 1.530785562632695773e-01 4.267515923566878033e-02 2.335456475583863600e-03 2.123142250530785091e-04 5.966029723991506106e-02 2.335456475583863600e-03 2.335456475583863600e-03 2.335456475583863600e-03 2.123142250530785091e-04 8.726114649681526725e-02 3.842887473460721015e-02 2.123142250530785091e-04 2.123142250530785091e-04 2.356687898089171451e-02
3.300330033003299828e-04 3.300330033003299828e-04 3.300330033003299828e-04 6.930693069306929910e-03 4.653465346534652741e-02 3.300330033003299828e-04 1.653465346534653269e-01 3.300330033003299828e-04 3.300330033003299828e-04 3.300330033003299828e-04 5.973597359735972889e-02 2.478547854785477789e-01 3.300330033003299828e-04 3.003300330033002730e-02 3.300330033003299828e-04 2.013201320132012792e-02 3.300330033003299828e-04 3.300330033003299828e-04 3.300330033003299828e-04 3.630363036303629973e-03 3.993399339933992320e-02 3.300330033003299828e-04 3.300330033003299828e-04 6.930693069306929910e-03 3.630363036303629973e-03 1.125412541254125209e-01 1.686468646864686116e-01 6.930693069306929910e-03 3.300330033003299828e-04 7.623762376237622207e-02
5.114503816793892349e-02 2.544529262086513426e-04 2.544529262086513426e-04 2.544529262086513426e-04 2.798982188295164823e-03 2.544529262086513426e-04 4.860050890585240757e-02 2.544529262086513426e-04 2.544529262086513426e-04 2.544529262086513426e-04 8.931297709923662065e-02 2.544529262086513426e-04 2.544529262086513426e-04 9.694656488549616147e-02 2.544529262086513426e-04 2.544529262086513426e-04 7.888040712468191024e-03 2.544529262086513426e-04 2.544529262086513426e-04 2.544529262086513426e-04 2.798982188295164823e-03 2.798982188295164823e-03 4.099236641221372657e-01 2.544529262086513426e-04 2.544529262086513426e-04 2.544529262086513426e-04 2.544529262086513426e-04 2.544529262086513426e-04 3.587786259541983491e-02 2.470737913486004134e-01
3.082706766917292854e-02 2.639097744360902609e-01 7.518796992481203458e-04 7.518796992481203458e-04 7.518796992481203458e-04 7.518796992481203458e-04 7.518796992481203458e-04 7.518796992481203458e-04 7.518796992481203458e-04 7.518796992481203458e-04 7.518796992481203458e-04 7.518796992481203458e-04 7.518796992481203458e-04 8.270676691729324237e-03 7.518796992481203458e-04 1.578947368421052683e-02 8.270676691729324237e-03 7.518796992481203458e-04 7.518796992481203458e-04 7.518796992481203458e-04 7.518796992481203458e-04 7.518796992481203458e-04 7.518796992481203458e-04 7.518796992481203458e-04 7.518796992481203458e-04 7.518796992481203458e-04 7.518796992481203458e-04 5.045112781954886882e-01 1.436090225563909917e-01 8.270676691729324237e-03
3.597122302158272918e-04 2.553956834532373349e-02 3.597122302158272918e-04 3.597122302158272918e-04 3.597122302158272918e-04 3.597122302158272918e-04 5.431654676258991510e-02 3.597122302158272918e-04 6.870503597122301631e-02 1.834532374100718982e-02 3.597122302158272918e-04 3.597122302158272918e-04 7.553956834532372586e-03 1.190647482014388359e-01 7.589928057553955998e-02 3.597122302158272918e-04 2.194244604316546166e-02 3.960431654676258018e-01 6.151079136690646570e-02 3.956834532374099885e-03 2.913669064748200879e-02 3.597122302158272918e-04 3.597122302158272918e-04 3.597122302158272918e-04 1.115107913669064615e-02 3.597122302158272918e-04 5.791366906474819387e-02 3.956834532374099885e-03 2.553956834532373349e-02 1.474820143884891625e-02
3.011152416356877026e-02 3.163568773234200493e-01 3.717472118959108283e-04 3.717472118959108283e-04 1.152416356877323383e-02 3.011152416356877026e-02 3.717472118959108283e-04 3.717472118959108283e-04 3.717472118959108283e-04 2.308550185873605998e-01 1.524163568773234147e-02 3.717472118959108283e-04 3.717472118959108283e-04 3.717472118959108283e-04 2.639405204460966436e-02 1.524163568773234147e-02 3.717472118959108283e-04 3.717472118959108283e-04 3.717472118959108283e-04 3.717472118959108283e-04 4.089219330855018569e-03 3.717472118959108283e-04 7.806691449814127069e-03 2.234200743494423880e-01 3.717472118959108283e-04 3.717472118959108283e-04 3.011152416356877026e-02 3.717472118959108283e-04 5.241635687732341953e-02 3.717472118959108283e-04
3.300330033003299828e-04 3.300330033003299828e-04 3.300330033003299828e-04 3.300330033003299828e-04 5.973597359735972889e-02 2.673267326732672519e-02 1.290429042904290280e-01 3.300330033003299828e-04 3.300330033003299828e-04 3.300330033003299828e-04 2.343234323432342656e-02 2.742574257425741679e-01 3.300330033003299828e-04 3.663366336633662457e-02 3.300330033003299828e-04 3.003300330033002730e-02 3.300330033003299828e-04 2.343234323432342656e-02 3.300330033003299828e-04 3.300330033003299828e-04 3.663366336633662457e-02 3.300330033003299828e-04 3.300330033003299828e-04 3.300330033003299828e-04 3.300330033003299828e-04 1.224422442244224307e-01 1.488448844884488198e-01 3.300330033003299828e-04 3.300330033003299828e-04 8.283828382838283322e-02
1.574803149606299137e-04 1.574803149606299137e-04 1.574803149606299137e-04 1.574803149606299137e-04 1.574803149606299137e-04 4.881889763779526971e-03 3.182677165354330096e-01 1.574803149606299137e-04 1.574803149606299137e-04 1.574803149606299137e-04 4.881889763779526971e-03 7.259842519685037743e-02 1.118110236220472113e-02 6.157480314960629003e-02 1.574803149606299137e-04 4.881889763779526971e-03 1.732283464566929023e-03 1.732283464566929023e-03 4.881889763779526971e-03 1.118110236220472113e-02 1.732283464566929023e-03 3.307086614173227780e-03 5.999999999999999084e-02 1.574803149606299137e-04 3.795275590551180911e-02 1.574803149606299137e-04 2.062992125984251454e-02 1.574803149606299137e-04 1.732283464566929023e-03 3.749606299212597804e-01
1.856287425149701423e-02 5.988023952095810482e-04 6.113772455089822033e-01 6.586826347305392397e-03 5.988023952095810482e-04 5.988023952095810482e-04 5.988023952095810482e-04 5.988023952095810482e-04 2.041916167664671322e-01 5.988023952095810482e-04 5.449101796407187365e-02 5.988023952095810482e-04 6.586826347305392397e-03 5.988023952095810482e-04 5.988023952095810482e-04 5.988023952095810482e-04 3.652694610778443873e-02 5.988023952095810482e-04 3.652694610778443873e-02 5.988023952095810482e-04 5.988023952095810482e-04 5.988023952095810482e-04 6.586826347305392397e-03 6.586826347305392397e-03 5.988023952095810482e-04 5.988023952095810482e-04 5.988023952095810482e-04 5.988023952095810482e-04 5.988023952095810482e-04 5.988023952095810482e-04
4.484304932735426593e-04 5.874439461883408653e-02 4.484304932735426593e-04 4.484304932735426593e-04 4.484304932735426593e-04 4.484304932735426593e-04 4.484304932735426593e-04 9.417040358744396822e-03 4.484304932735426593e-04 4.484304932735426593e-04 3.183856502242152914e-02 4.484304932735426593e-04 4.484304932735426593e-04 3.183856502242152914e-02 4.484304932735426593e-04 4.484304932735426593e-04 4.484304932735426593e-04 4.484304932735426593e-04 4.484304932735426593e-04 4.484304932735426593e-04 4.484304932735426593e-04 4.932735426008970012e-03 3.632286995515695421e-02 3.632286995515695421e-02 4.484304932735426593e-04 3.183856502242152914e-02 5.874439461883408653e-02 4.484304932735426593e-04 6.686098654708521050e-01 2.286995515695067552e-02
1.265734265734266284e-01 6.993006993006996254e-04 6.993006993006996254e-04 6.993006993006996254e-04 6.993006993006996254e-04 6.993006993006996254e-04 1.195804195804196363e-01 6.993006993006996254e-04 5.664335664335666543e-02 5.664335664335666543e-02 6.993006993006996254e-04 5.664335664335666543e-02 7.692307692307696204e-03 2.867132867132867954e-02 6.993006993006996254e-04 6.993006993006996254e-04 7.692307692307696204e-03 2.524475524475525701e-01 1.468531468531469181e-02 4.965034965034966635e-02 2.167832167832168741e-02 9.860139860139863210e-02 6.993006993006996254e-04 6.993006993006996254e-04 9.160839160839163997e-02 6.993006993006996254e-04 6.993006993006996254e-04 6.993006993006996254e-04 6.993006993006996254e-04 6.993006993006996254e-04
1.453367875647668117e-01 2.849740932642486589e-03 2.590673575129533016e-04 7.538860103626941755e-02 1.945595854922279044e-01 2.590673575129533016e-04 2.590673575129533016e-04 4.689119170984454993e-02 2.590673575129533016e-04 8.316062176165800457e-02 1.321243523316061735e-02 4.948186528497407893e-02 1.321243523316061735e-02 2.590673575129533016e-04 1.321243523316061735e-02 2.590673575129533016e-04 1.062176165803108488e-02 2.616580310880828319e-02 9.093264248704660546e-02 2.590673575129533016e-04 1.194300518134714661e-01 2.849740932642486589e-03 2.590673575129533016e-04 2.590673575129533016e-04 2.590673575129533016e-04 5.984455958549221577e-02 2.590673575129533016e-04 5.440414507772019063e-03 5.440414507772019063e-03 3.911917098445594904e-02
1.225609756097561509e-01 6.097560975609758261e-04 6.097560975609758261e-04 6.707317073170734195e-03 6.097560975609758261e-04 4.939024390243904050e-02 1.280487804878049224e-02 6.097560975609758261e-04 6.097560975609758261e-04 6.097560975609758261e-04 6.097560975609758261e-04 5.548780487804879508e-02 6.097560975609758261e-04 4.091463414634147200e-01 6.097560975609758261e-04 6.097560975609758261e-04 6.097560975609758261e-04 6.097560975609758261e-04 6.097560975609758261e-04 6.097560975609758261e-04 1.103658536585366279e-01 6.707317073170734195e-03 2.500000000000000486e-02 1.280487804878049224e-02 6.097560975609758261e-04 6.097560975609758261e-04 6.097560975609758261e-04 6.097560975609758261e-04 1.280487804878049224e-02 1.652439024390244537e-01
1.345895020188424935e-04 1.345895020188424935e-04 1.345895020188424935e-04 7.215343203230145663e-01 3.378196500672946828e-02 1.345895020188424935e-04 1.345895020188424935e-04 1.480484522207267456e-03 2.436069986541049281e-02 9.555854643337816090e-03 2.301480484522206924e-02 2.705248990578734344e-02 1.345895020188424935e-04 1.345895020188424935e-04 1.345895020188424935e-04 9.973082099596228267e-02 1.345895020188424935e-04 1.345895020188424935e-04 1.345895020188424935e-04 1.345895020188424935e-04 1.345895020188424935e-04 1.345895020188424935e-04 1.480484522207267456e-03 4.454912516823686386e-02 1.345895020188424935e-04 9.555854643337816090e-03 1.345895020188424935e-04 1.345895020188424935e-04 1.480484522207267456e-03 1.345895020188424935e-04
2.029520295202951862e-03 2.047970479704796717e-02 3.874538745387453437e-03 1.845018450184501520e-04 1.125461254612545800e-02 1.845018450184501520e-04 2.785977859778597174e-02 5.719557195571954578e-03 1.845018450184501520e-04 2.029520295202951862e-03 6.845018450184500725e-02 1.845018450184501520e-04 1.845018450184501520e-04 1.845018450184501520e-04 1.845018450184501520e-04 1.845018450184501520e-04 3.874538745387453437e-03 1.309963099630995914e-02 9.243542435424352555e-02 1.845018450184501520e-04 1.845018450184501520e-04 4.651291512915128323e-01 1.125461254612545800e-02 1.845018450184501520e-04 1.845018450184501520e-04 1.845018450184501520e-04 1.863468634686346256e-02 1.125461254612545800e-02 2.381918819188191261e-01 2.029520295202951862e-03
2.178571428571427493e-01 3.246753246753245666e-04 3.246753246753245666e-04 2.568181818181817233e-01 9.123376623376620864e-02 3.246753246753245666e-04 3.246753246753245666e-04 3.246753246753245666e-04 8.149350649350646514e-02 9.448051948051945648e-02 3.246753246753245666e-04 3.246753246753245666e-04 3.246753246753245666e-04 3.246753246753245666e-04 3.246753246753245666e-04 3.603896103896102321e-02 3.246753246753245666e-04 1.980519480519479791e-02 6.818181818181816116e-03 6.818181818181816116e-03 1.172077922077921636e-01 3.246753246753245666e-04 3.246753246753245666e-04 6.818181818181816116e-03 1.980519480519479791e-02 6.818181818181816116e-03 6.818181818181816116e-03 3.246753246753245666e-04 3.246753246753245666e-04 2.629870129870128664e-02
3.636363636363635059e-04 1.276363636363635756e-01 3.636363636363635059e-04 1.349090909090908674e-01 1.127272727272726760e-02 3.636363636363635059e-04 7.636363636363633842e-03 1.490909090909090136e-02 3.636363636363635059e-04 3.636363636363635059e-04 4.036363636363634461e-02 1.530909090909090275e-01 3.636363636363635059e-04 3.636363636363635059e-04 1.058181818181817835e-01 3.058181818181816558e-01 3.999999999999998349e-03 4.399999999999998357e-02 3.636363636363635059e-04 3.999999999999998349e-03 3.636363636363635059e-04 3.636363636363635059e-04 3.636363636363635059e-04 1.490909090909090136e-02 7.636363636363633842e-03 3.636363636363635059e-04 3.636363636363635059e-04 3.636363636363635059e-04 1.490909090909090136e-02 3.999999999999998349e-03
3.597122302158272376e-04 5.791366906474817999e-02 3.597122302158272376e-04 7.553956834532371718e-03 6.510791366906472366e-02 3.597122302158272376e-04 3.597122302158272376e-04 3.597122302158272376e-04 3.597122302158272376e-04 3.956834532374099017e-03 7.553956834532371718e-03 8.309352517985608977e-02 3.597122302158272376e-04 3.956834532374099017e-03 1.010791366906474420e-01 1.874100719424459660e-01 1.115107913669064268e-02 3.597122302158272376e-04 5.071942446043162939e-02 3.597122302158272376e-04 1.118705035971222644e-01 3.597122302158272376e-04 3.597122302158272376e-04 3.597122302158272376e-04 3.597122302158272376e-04 2.053956834532373321e-01 3.633093525179854205e-02 3.597122302158272376e-04 6.151079136690645183e-02 3.597122302158272376e-04
3.194888178913737019e-04 3.194888178913737019e-04 3.194888178913737019e-04 3.194888178913737019e-04 6.709265175718847306e-03 3.194888178913737019e-04 2.463258785942490925e-01 3.194888178913737019e-04 3.194888178913737019e-04 3.194888178913737019e-04 3.514376996805110721e-03 3.194888178913737019e-04 3.194888178913737019e-04 2.846645367412139471e-01 3.194888178913737019e-04 3.514376996805110721e-03 3.194888178913737019e-04 3.194888178913737019e-04 6.709265175718847306e-03 3.194888178913737019e-04 3.865814696485621316e-02 3.194888178913737019e-04 3.293929712460062498e-01 3.194888178913737019e-04 3.194888178913737019e-04 3.194888178913737019e-04 3.194888178913737019e-04 3.194888178913737019e-04 3.194888178913737019e-04 7.380191693290732990e-02
9.859154929577465531e-03 8.967136150234741865e-02 4.694835680751174140e-04 5.164319248826291717e-03 4.694835680751174140e-04 4.272300469483567703e-02 8.967136150234741865e-02 5.164319248826291717e-03 5.211267605633802813e-02 4.694835680751174140e-04 3.333333333333333287e-02 4.694835680751174140e-04 5.680751173708920021e-02 7.089201877934271645e-02 4.694835680751174140e-04 4.694835680751174140e-04 4.694835680751174140e-04 9.859154929577465531e-03 4.694835680751174140e-04 4.694835680751174140e-04 4.694835680751174140e-04 4.694835680751174140e-04 2.868544600938967015e-01 4.694835680751174140e-04 4.694835680751174140e-04 4.694835680751174140e-04 4.694835680751174140e-04 1.455399061032863935e-02 4.694835680751174140e-04 2.258215962441314506e-01
6.289308176100631871e-04 6.289308176100631871e-04 6.289308176100631871e-04 6.289308176100631871e-04 5.094339622641511078e-02 6.289308176100631871e-04 6.289308176100631871e-04 6.289308176100631871e-04 1.641509433962264897e-01 6.289308176100631871e-04 4.465408805031447631e-02 1.201257861635220692e-01 4.157232704402517021e-01 6.918238993710694625e-03 6.289308176100631871e-04 6.289308176100631871e-04 6.289308176100631871e-04 6.289308176100631871e-04 6.289308176100631871e-04 6.289308176100631871e-04 6.918238993710694625e-03 6.289308176100631871e-04 1.949685534591195576e-02 6.289308176100631871e-04 6.289308176100631871e-04 6.289308176100631871e-04 5.094339622641511078e-02 1.075471698113208002e-01 6.289308176100631871e-04 6.289308176100631871e-04
7.857142857142854209e-02 3.741496598639454819e-03 1.159863945578230859e-01 3.741496598639454819e-03 3.401360544217685755e-04 3.401360544217685755e-04 3.401360544217685755e-04 3.401360544217685755e-04 2.414965986394556827e-02 3.401360544217685755e-04 1.534013605442176298e-01 3.401360544217685755e-04 3.401360544217685755e-04 3.401360544217685755e-04 4.391156462585031894e-01 3.401360544217685755e-04 3.401360544217685755e-04 3.401360544217685755e-04 7.142857142857140032e-03 1.193877551020407768e-01 3.401360544217685755e-04 2.074829931972788089e-02 3.401360544217685755e-04 2.755102040816325218e-02 3.401360544217685755e-04 3.401360544217685755e-04 3.401360544217685755e-04 3.401360544217685755e-04 3.401360544217685755e-04 3.401360544217685755e-04
7.812500000000002602e-04 3.984375000000000416e-02 7.812500000000002602e-04 7.812500000000002602e-04 8.593750000000002429e-03 7.812500000000002602e-04 7.812500000000002602e-04 2.421875000000000763e-02 7.812500000000002602e-04 7.812500000000002602e-04 7.812500000000002602e-04 1.179687500000000250e-01 7.812500000000002602e-04 2.421875000000000763e-02 7.812500000000002602e-04 7.812500000000002602e-04 7.812500000000002602e-04 7.812500000000002602e-04 1.335937500000000389e-01 7.812500000000002602e-04 7.812500000000002602e-04 4.765625000000001110e-02 7.812500000000002602e-04 1.179687500000000250e-01 1.492187500000000389e-01 7.812500000000002602e-04 8.593750000000002429e-03 7.812500000000002602e-04 8.593750000000002429e-03 3.054687500000000666e-01
6.289308176100630787e-04 1.704402515723270894e-01 6.289308176100630787e-04 6.289308176100630787e-04 6.289308176100630787e-04 1.320754716981132303e-02 6.289308176100630787e-04 6.289308176100630787e-04 6.289308176100630787e-04 6.918238993710693757e-03 6.352201257861636585e-02 6.289308176100630787e-04 6.289308176100630787e-04 6.289308176100630787e-04 6.289308176100630787e-04 6.352201257861636585e-02 6.289308176100630787e-04 6.289308176100630787e-04 6.918238993710693757e-03 6.289308176100630787e-04 6.289308176100630787e-04 1.515723270440252068e-01 3.207547169811321430e-02 1.012578616352201588e-01 3.836477987421384184e-02 6.289308176100630787e-04 6.289308176100630787e-04 2.836477987421384128e-01 5.723270440251573138e-02 6.289308176100630787e-04
5.291005291005292446e-04 5.291005291005292446e-04 5.291005291005292446e-04 6.402116402116403426e-02 7.460317460317461569e-02 5.820105820105821691e-03 7.989417989417990640e-02 5.291005291005292446e-04 2.544973544973545554e-01 5.291005291005292446e-04 1.640211640211640398e-02 5.291005291005292446e-04 2.698412698412698540e-02 5.291005291005292446e-04 1.111111111111111327e-02 5.291005291005292446e-04 5.291005291005292446e-04 2.915343915343915904e-01 5.291005291005292446e-04 5.291005291005292446e-04 2.169312169312169469e-02 5.291005291005292446e-04 5.291005291005292446e-04 5.291005291005292446e-04 6.931216931216932498e-02 5.291005291005292446e-04 5.291005291005292446e-04 5.291005291005292446e-04 6.931216931216932498e-02 5.820105820105821691e-03
2.320185614849187405e-04 3.503480278422272526e-02 2.320185614849187405e-04 8.375870069605566293e-02 1.415313225058004165e-02 2.320185614849187405e-04 2.552204176334106362e-03 9.512761020881667709e-03 2.320185614849187405e-04 9.512761020881667709e-03 2.320185614849187405e-04 4.895591647331785923e-02 7.192575406032480738e-03 2.320185614849187405e-04 2.320185614849187405e-04 6.751740139211134806e-02 4.201856148491878162e-01 2.320185614849187405e-04 2.343387470997678954e-02 9.512761020881667709e-03 2.320185614849187405e-04 2.320185614849187405e-04 2.320185614849187405e-04 2.111368909512760517e-02 1.278422273781902319e-01 1.415313225058004165e-02 1.647331786542922949e-02 1.647331786542922949e-02 3.735498839907192004e-02 3.271461716937353742e-02
2.403846153846152895e-04 7.956730769230765943e-02 2.403846153846152895e-04 2.644230769230768510e-03 2.403846153846152895e-04 1.706730769230768371e-02 7.235576923076920963e-02 2.403846153846152895e-04 2.403846153846152895e-04 2.403846153846152895e-04 2.403846153846152895e-04 4.591346153846152106e-02 2.403846153846152895e-04 2.187499999999999167e-02 3.870192307692306433e-02 2.403846153846152895e-04 2.668269230769229616e-02 3.776442307692305933e-01 1.108173076923076456e-01 5.048076923076921622e-03 2.403846153846152895e-04 9.639423076923073208e-02 2.403846153846152895e-04 2.403846153846152895e-04 3.389423076923075290e-02 2.403846153846152895e-04 2.403846153846152895e-04 2.403846153846152895e-04 4.350961538461536882e-02 2.427884615384614392e-02
1.451378809869376064e-04 1.451378809869376064e-04 1.320754716981131956e-02 1.596516690856313644e-03 1.451378809869376064e-04 5.384615384615384914e-02 3.642960812772133572e-02 3.207547169811320736e-02 1.451378809869376064e-04 1.451378809869376064e-04 1.191582002902757537e-01 4.513788098693759243e-02 1.451378809869376064e-04 4.223512336719884019e-02 8.287373004354137151e-02 2.046444121915819842e-02 9.448476052249636659e-02 2.831640058055152065e-01 9.013062409288824517e-02 1.596516690856313644e-03 1.451378809869376064e-04 1.451378809869376064e-04 1.451378809869376064e-04 2.917271407837445860e-02 1.451378809869376064e-04 1.596516690856313644e-03 1.596516690856313644e-03 1.451378809869376064e-04 1.451378809869376064e-04 4.949201741654572079e-02
