1.453900709219857999e-02 1.099290780141843997e-02 1.705673758865248191e-01 9.609929078014184389e-02 3.546099290780142083e-04 3.691489361702127714e-01 3.936170212765957577e-02 7.446808510638298212e-03 4.290780141843971579e-02 2.485815602836879135e-01
9.717868338557993438e-03 3.134796238244514309e-04 1.884012539184952983e-01 1.727272727272727293e-01 3.134796238244514309e-04 3.639498432601880884e-01 3.448275862068965903e-03 3.448275862068965903e-03 2.225705329153604764e-02 2.354231974921629778e-01
7.534246575342466029e-03 2.123287671232876664e-02 2.541095890410958735e-01 6.849315068493150738e-04 6.849315068493150738e-04 1.993150684931506988e-01 6.849315068493150738e-04 6.849315068493150738e-04 3.493150684931506378e-02 4.801369863013698058e-01
3.765957446808510523e-01 7.092198581560284166e-04 7.801418439716312908e-03 3.617021276595744350e-02 7.092198581560284166e-04 7.092198581560284166e-04 7.163120567375885761e-02 1.212765957446808596e-01 3.695035460992908138e-01 1.489361702127659642e-02
7.142857142857144369e-03 4.610389610389611231e-02 1.363636363636363917e-02 1.110389610389610621e-01 6.493506493506494585e-04 8.506493506493507939e-02 7.207792207792208805e-02 5.201298701298702198e-01 3.961038961038961664e-02 1.045454545454545803e-01
1.315476190476190799e-01 4.648809523809524502e-01 1.851190476190476553e-01 6.011904761904762751e-02 5.416666666666667546e-02 6.547619047619049511e-03 5.952380952380954002e-04 9.583333333333335369e-02 5.952380952380954002e-04 5.952380952380954002e-04
1.097014925373134414e-01 2.263681592039800891e-02 5.223880597014925534e-03 4.131840796019900508e-01 1.793532338308457541e-01 1.196517412935323432e-01 5.223880597014925534e-03 1.420398009950248897e-01 2.736318407960199213e-03 2.487562189054726754e-04
2.072100313479623701e-01 2.852664576802507734e-02 3.388714733542319557e-01 2.479623824451410441e-01 3.448275862068965903e-03 7.868338557993731497e-02 2.539184952978056423e-02 6.927899686520376521e-02 3.134796238244514309e-04 3.134796238244514309e-04
3.300330033003299828e-04 9.574257425742572769e-01 3.300330033003299828e-04 1.683168316831682582e-02 3.300330033003299828e-04 3.300330033003299828e-04 1.023102310231022855e-02 3.300330033003299828e-04 3.630363036303629973e-03 1.023102310231022855e-02
1.689473684210526516e-01 5.263157894736841987e-04 1.742105263157894823e-01 3.163157894736842168e-01 5.789473684210526619e-03 1.057894736842105304e-01 7.421052631578947678e-02 1.110526315789473750e-01 5.263157894736841987e-04 4.263157894736841619e-02
1.666666666666666644e-02 1.516516516516516408e-02 1.292792792792792633e-01 1.863363363363363390e-01 2.163663663663663583e-01 2.373873873873873774e-01 1.216216216216216110e-02 1.501501501501501705e-04 1.322822822822822819e-01 5.420420420420420798e-02
1.763736263736263854e-01 5.494505494505494501e-04 5.494505494505494501e-04 5.494505494505494501e-04 5.494505494505494501e-04 5.494505494505494501e-04 2.802197802197801957e-02 6.098901098901098744e-02 7.313186813186812740e-01 5.494505494505494501e-04
6.256198347107437829e-01 1.129476584022038460e-02 5.785123966942149268e-03 3.030303030303030734e-03 1.680440771349862167e-02 3.030303030303030734e-03 1.214876033057851329e-01 1.242424242424242514e-01 8.842975206611571048e-02 2.754820936639118751e-04
1.635193133047210534e-01 4.291845493562232612e-04 1.721030042918455238e-01 3.695278969957081494e-01 4.291845493562232612e-04 7.339055793991418331e-02 4.291845493562232612e-04 1.935622317596566722e-01 2.618025751072961677e-02 4.291845493562232612e-04
3.966183574879226792e-01 5.314009661835749146e-03 5.362318840579709950e-02 1.260869565217391242e-01 4.830917874396135686e-04 3.429951690821255589e-02 5.314009661835749146e-03 1.599033816425120824e-01 1.695652173913043681e-01 4.879227053140096360e-02
6.576190476190476586e-01 4.761904761904762985e-04 2.428571428571428895e-02 5.238095238095239609e-03 4.761904761904762985e-04 1.476190476190476428e-02 5.761904761904762529e-02 1.338095238095238226e-01 1.004761904761904967e-01 5.238095238095239609e-03
5.287081339712919326e-02 4.090909090909091578e-02 2.394736842105263108e-01 9.354066985645932697e-02 2.894736842105263136e-02 8.636363636363636465e-02 4.117224880382774899e-01 4.569377990430622399e-02 2.392344497607655572e-04 2.392344497607655572e-04
1.046012269938650374e-01 1.904907975460122804e-01 2.549079754601226711e-01 2.119631901840490495e-01 7.392638036809816293e-02 7.392638036809816293e-02 3.067484662576687297e-04 7.392638036809816293e-02 3.067484662576687297e-04 1.564417177914110418e-02
3.728723404255319673e-01 5.319148936170213938e-04 1.175531914893617330e-01 2.664893617021277250e-01 5.319148936170213938e-04 7.500000000000001110e-02 3.776595744680851657e-02 4.840425531914894358e-02 5.851063829787235548e-03 7.500000000000001110e-02
5.649717514124293983e-04 5.706214689265536738e-02 1.587570621468926690e-01 1.418079096045197773e-01 3.338983050847457723e-01 1.186440677966101725e-02 5.649717514124293983e-04 2.943502824858756917e-01 5.649717514124293983e-04 5.649717514124293983e-04
8.911070780399273084e-02 4.192377495462794312e-02 4.192377495462794312e-02 1.054446460980036082e-01 3.103448275862068576e-02 3.466424682395644052e-02 4.373865698729582224e-02 5.936479128856623211e-01 1.814882032667876192e-04 1.833030852994554927e-02
3.113989637305700220e-01 2.124352331606217670e-02 3.943005181347150612e-01 1.145077720207254152e-01 5.181347150259068201e-04 8.860103626943006960e-02 5.181347150259068201e-04 5.181347150259068201e-04 5.181347150259068201e-04 6.787564766839379593e-02
4.882260596546311032e-02 1.569858712715855610e-04 1.524332810047095699e-01 2.984301412872841230e-01 2.370486656200941969e-02 2.780219780219780334e-01 2.841444270015698950e-02 5.510204081632653211e-02 1.569858712715855610e-04 1.147566718995290391e-01
6.384615384615385247e-01 3.665158371040724145e-02 4.524886877828055028e-04 4.570135746606335259e-02 4.524886877828055028e-04 4.524886877828055028e-04 5.475113122171946373e-02 4.524886877828055028e-04 2.221719457013575094e-01 4.524886877828055028e-04
1.620689655172413701e-01 4.712643678160919475e-02 1.149425287356321823e-03 1.045977011494252790e-01 1.264367816091954179e-02 8.160919540229884250e-02 5.528735632183908733e-01 1.149425287356321823e-03 1.149425287356321823e-03 3.563218390804597652e-02
8.898305084745762941e-03 4.237288135593220758e-04 2.165254237288135597e-01 1.868644067796610131e-01 4.237288135593220758e-04 2.970338983050846982e-01 4.237288135593220758e-04 4.237288135593220758e-04 4.237288135593220758e-04 2.885593220338982801e-01
3.447129909365558853e-01 3.353474320241691536e-02 1.634441087613293098e-01 9.697885196374622652e-02 1.238670694864048294e-02 1.513595166163141936e-01 5.770392749244713376e-02 3.021148036253776432e-04 3.021148036253776432e-04 1.392749244712991052e-01
7.432432432432432845e-03 2.912162162162162393e-01 1.493243243243243257e-01 9.527027027027026862e-02 2.094594594594594711e-02 6.756756756756757132e-04 3.385135135135134976e-01 8.851351351351351149e-02 6.756756756756757132e-04 7.432432432432432845e-03
1.784935579781962156e-01 1.000991080277502387e-02 4.866204162537165340e-02 3.577799801783944356e-02 4.183349851337958003e-01 8.235877106045588758e-02 9.821605550049551658e-02 8.731417244796826904e-02 3.875123885034687660e-02 2.081268582755202868e-03
1.699404761904761696e-01 3.601190476190475193e-02 9.226190476190474637e-03 1.639880952380952106e-01 1.639880952380952106e-01 6.874999999999999167e-02 1.252976190476190188e-01 9.553571428571427937e-02 8.660714285714284089e-02 8.065476190476189577e-02
1.646586345381526040e-02 4.016064257028113165e-04 4.457831325301205017e-02 5.064257028112449932e-01 6.867469879518073306e-02 1.730923694779116784e-01 4.016064257028113165e-04 6.064257028112450543e-02 3.253012048192771566e-02 9.678714859437752283e-02
1.435374149659864040e-01 7.482993197278912240e-03 6.802721088435374763e-04 2.659863945578231359e-01 6.190476190476189994e-02 1.707482993197279031e-01 2.789115646258503306e-02 7.482993197278912240e-03 1.299319727891156684e-01 1.843537414965986387e-01
5.169491525423728501e-02 4.322033898305084609e-02 1.618644067796610186e-01 1.194915254237288171e-01 2.974576271186440968e-01 9.406779661016949345e-02 8.474576271186441516e-04 9.406779661016949345e-02 6.016949152542372392e-02 7.711864406779660175e-02
2.719047619047619269e-01 5.238095238095238741e-03 5.285714285714285254e-02 1.147619047619047733e-01 1.476190476190476254e-02 8.142857142857143349e-02 7.190476190476190188e-02 3.623809523809523592e-01 5.238095238095238741e-03 1.952380952380952314e-02
7.510121457489879471e-02 2.651821862348177974e-02 2.024291497975708686e-04 2.269230769230769218e-01 1.842105263157894565e-02 1.297570850202429127e-01 3.056680161943319679e-02 5.080971659919028549e-02 1.437246963562753034e-02 4.273279352226720396e-01
5.039577836411610057e-02 2.638522427440633152e-04 1.005277044854881313e-01 2.218997361477572372e-01 3.720316622691292874e-02 2.693931398416886669e-01 2.902374670184696900e-03 5.831134564643800089e-02 7.150395778364115884e-02 1.875989445910290210e-01
4.807692307692308501e-04 5.817307692307693151e-02 1.062500000000000250e-01 9.663461538461540212e-02 4.427884615384615752e-01 1.206730769230769523e-01 5.288461538461539622e-03 1.495192307692307931e-01 4.807692307692308501e-04 1.971153846153846090e-02
4.326647564469913998e-02 5.472779369627507606e-02 5.472779369627507606e-02 1.034383954154727836e-01 1.174785100286532789e-02 1.174785100286532789e-02 2.865329512893983153e-04 2.065902578796561528e-01 5.131805157593123390e-01 2.865329512893983153e-04
3.765432098765431751e-02 6.172839506172839380e-04 1.549382716049382824e-01 1.055555555555555691e-01 3.765432098765431751e-02 1.240740740740740866e-01 6.172839506172839380e-04 6.172839506172839380e-04 3.709876543209876809e-01 1.672839506172839608e-01
2.197802197802197800e-04 2.197802197802197800e-04 1.298901098901099060e-01 1.496703296703296715e-01 9.010989010989010548e-03 2.485714285714285543e-01 2.197802197802197800e-04 2.197802197802197800e-04 4.637362637362637402e-02 4.156043956043956045e-01
1.748893805309734151e-01 1.106194690265486710e-04 6.747787610619468066e-03 1.449115044247787330e-02 1.106194690265486710e-04 1.780973451327433690e-02 6.582964601769910606e-01 1.227876106194689988e-02 5.320796460176990816e-02 6.205752212389380185e-02
7.575757575757575751e-04 7.575757575757575751e-04 2.280303030303030276e-01 3.189393939393939670e-01 7.575757575757575751e-04 1.674242424242424476e-01 4.621212121212121132e-02 3.106060606060605939e-02 9.924242424242424310e-02 1.068181818181818121e-01
9.803921568627453013e-04 2.058823529411765024e-02 2.058823529411765024e-02 1.382352941176470673e-01 4.019607843137255193e-02 2.058823529411765024e-02 9.803921568627453013e-04 1.284313725490196234e-01 6.284313725490195957e-01 9.803921568627453013e-04
2.658227848101265764e-02 1.265822784810126606e-03 3.924050632911392500e-02 1.151898734177215083e-01 1.911392405063291056e-01 5.189873417721518195e-02 1.405063291139240500e-01 1.392405063291139375e-02 3.430379746835443000e-01 7.721518987341771667e-02
5.919117647058824011e-02 3.676470588235294067e-04 4.816176470588234837e-02 1.731617647058823484e-01 3.676470588235294067e-04 4.044117647058823907e-03 4.044117647058823907e-03 2.246323529411764774e-01 4.856617647058823484e-01 3.676470588235294067e-04
5.335689045936395369e-02 3.886925795053003743e-03 1.876325088339222680e-01 1.911660777385159049e-01 3.533568904593639964e-04 1.946996466431095418e-01 1.095406360424028280e-02 3.533568904593639964e-04 8.869257950530036461e-02 2.689045936395759728e-01
1.851851851851852031e-04 3.907407407407407357e-02 6.685185185185185675e-02 2.446296296296296136e-01 8.722222222222222876e-02 1.946296296296296247e-01 1.851851851851852031e-04 2.853703703703703853e-01 7.592592592592591755e-03 7.425925925925926097e-02
3.580645161290322426e-02 3.225806451612903223e-04 1.712903225806451657e-01 2.809677419354838501e-01 3.225806451612903223e-04 1.551612903225806361e-01 3.225806451612903223e-04 6.161290322580645351e-02 5.193548387096774688e-02 2.422580645161290236e-01
4.273504273504274043e-04 4.273504273504274043e-04 4.619658119658119899e-01 1.243589743589743751e-01 4.273504273504274043e-04 2.525641025641026105e-01 4.273504273504274043e-04 2.606837606837606944e-02 2.179487179487179724e-02 1.115384615384615585e-01
1.073770491803278659e-01 8.196721311475409829e-04 8.278688524590163689e-02 8.196721311475409829e-04 8.196721311475409829e-04 8.196721311475409829e-04 5.819672131147540783e-02 9.098360655737704195e-02 3.368852459016393741e-01 3.204918032786885362e-01
2.710951526032315956e-02 7.360861759425492770e-03 2.964093357271094797e-01 1.868940754039497276e-01 1.795332136445242489e-04 2.389587073608617496e-01 1.274685816876122008e-02 1.095152603231597764e-02 2.710951526032315956e-02 1.922800718132854358e-01
2.827102803738316961e-02 2.336448598130840676e-04 3.995327102803737651e-02 6.565420560747661782e-02 6.450934579439251415e-01 3.995327102803737651e-02 2.827102803738316961e-02 1.334112149532709901e-01 4.906542056074765339e-03 1.425233644859812653e-02
3.137931034482758369e-02 3.448275862068965795e-04 4.727586206896551291e-01 1.175862068965517343e-01 3.448275862068965795e-04 2.658620689655172287e-01 3.137931034482758369e-02 3.448275862068965795e-04 3.448275862068965795e-04 7.965517241379310720e-02
9.139240506329114611e-02 2.531645569620253320e-04 9.898734177215190444e-02 2.129113924050632656e-01 2.556962025316455653e-02 2.129113924050632656e-01 5.316455696202531701e-03 5.316455696202531701e-03 6.607594936708860445e-02 2.812658227848101045e-01
1.287610619469026496e-01 4.424778761061947383e-04 1.199115044247787698e-01 1.730088495575221319e-01 4.424778761061947383e-04 3.141592920353981910e-02 8.008849557522124130e-02 1.818584070796460117e-01 1.022123893805309824e-01 1.818584070796460117e-01
1.248447204968944346e-01 6.093167701863354546e-01 4.409937888198758177e-02 6.894409937888200390e-02 6.832298136645964179e-03 6.211180124223603799e-04 2.546583850931677384e-02 6.894409937888200390e-02 4.409937888198758177e-02 6.832298136645964179e-03
3.892365456821026554e-02 6.382978723404254991e-03 9.524405506883604211e-02 2.454317897371714463e-01 3.266583229036295472e-02 2.141426783479349061e-01 2.515644555694618312e-02 6.382978723404254991e-03 6.520650813516896960e-02 2.704630788485606896e-01
1.285310734463276754e-02 1.991525423728813388e-02 1.201977401129943474e-01 2.402542372881355803e-01 1.426553672316384185e-02 2.317796610169491345e-01 1.850282485875706304e-02 1.412429378531073496e-04 6.228813559322034232e-02 2.798022598870056332e-01
2.680000000000000090e-02 1.333333333333333397e-04 2.361333333333333340e-01 2.414666666666666628e-01 2.146666666666666862e-02 2.054666666666666586e-01 6.146666666666666945e-02 2.813333333333333658e-02 1.027999999999999886e-01 7.613333333333333064e-02
1.351063829787234050e-01 3.546099290780142083e-04 2.521276595744680882e-01 1.102836879432624179e-01 3.581560283687942881e-02 8.191489361702128380e-02 9.609929078014184389e-02 3.900709219858156454e-03 7.127659574468085679e-02 2.131205673758865271e-01
2.312499999999999556e-01 5.020833333333333259e-01 2.083333333333333304e-03 2.083333333333333304e-03 4.374999999999999722e-02 1.062499999999999833e-01 2.083333333333333304e-03 2.083333333333333304e-03 1.062499999999999833e-01 2.083333333333333304e-03
2.853773584905660438e-02 4.033018867924528794e-02 9.457547169811321430e-02 6.155660377358490587e-02 5.568396226415094352e-01 2.358490566037735867e-04 2.358490566037735867e-04 1.700471698113207308e-01 2.358490566037735867e-04 4.740566037735849392e-02
4.798534798534799528e-02 3.663003663003664085e-04 2.018315018315018916e-01 2.714285714285714635e-01 3.663003663003664085e-04 2.494505494505494803e-01 3.663003663003664085e-04 1.212454212454212726e-01 3.663003663003664085e-04 1.065934065934066172e-01
2.890173410404624460e-04 2.890173410404624460e-04 5.231213872832370104e-02 1.968208092485548844e-01 2.890173410404624460e-04 2.890173410404624460e-04 2.890173410404624460e-04 3.471098265895953827e-01 4.020231213872832443e-01 2.890173410404624460e-04
1.942065491183878889e-01 3.551637279596977365e-02 2.319899244332493671e-01 2.370277078085642197e-01 5.289672544080604825e-03 7.329974811083123098e-02 7.078085642317380466e-02 5.566750629722922589e-02 7.833753148614609751e-02 1.788413098236775814e-02
2.873563218390804558e-04 2.873563218390804558e-04 4.626436781609195859e-02 2.071839080459769999e-01 2.873563218390804558e-04 2.873563218390804558e-04 2.873563218390804558e-04 3.422413793103448176e-01 4.025862068965517238e-01 2.873563218390804558e-04
3.690658499234303336e-02 4.747320061255742851e-03 2.160796324655436251e-01 2.191424196018376680e-01 9.341500765696782865e-03 2.834609494640122351e-01 2.924961715160796435e-02 3.215926493108729224e-03 4.762633996937212788e-02 1.502297090352220366e-01
3.960784313725491251e-02 3.921568627450981314e-04 4.905882352941177138e-01 5.921568627450981420e-02 3.921568627450981314e-04 2.592156862745098600e-01 2.000000000000000389e-02 4.352941176470589285e-02 3.921568627450981314e-04 8.666666666666669738e-02
1.131661442006269697e-01 3.134796238244514309e-04 4.673981191222570386e-01 1.163009404388714724e-01 3.134796238244514309e-04 1.884012539184952983e-01 4.106583072100313675e-02 1.598746081504702141e-02 1.598746081504702141e-02 4.106583072100313675e-02
3.533568904593638879e-04 9.826855123674910208e-01 3.533568904593638879e-04 7.420494699646641538e-03 3.533568904593638879e-04 3.533568904593638879e-04 7.420494699646641538e-03 3.533568904593638879e-04 3.533568904593638879e-04 3.533568904593638879e-04
4.258188824662813288e-02 2.119460500963391524e-03 2.179190751445086727e-01 2.121387283236993992e-01 1.368015414258188719e-02 2.448940269749518284e-01 1.926782273603082883e-04 1.870905587668593439e-01 2.119460500963391524e-03 7.726396917148362076e-02
9.043715846994535013e-02 8.090163934426228831e-01 1.393442622950819346e-02 1.666666666666666297e-02 2.732240437158469943e-04 8.469945355191256173e-03 1.939890710382513248e-02 4.125683060109289202e-02 2.732240437158469943e-04 2.732240437158469943e-04
1.111111111111110980e-02 1.764705882352941152e-02 8.954248366013072002e-02 3.662309368191721259e-01 7.429193899782135513e-02 8.300653594771241484e-02 8.954248366013072002e-02 2.006535947712418111e-01 5.686274509803922184e-02 1.111111111111110980e-02
6.544715447154472732e-02 2.808943089430894213e-01 1.630081300813008283e-01 9.796747967479677022e-02 1.426829268292683084e-01 8.170731707317074877e-02 4.065040650406504604e-04 1.264227642276422869e-01 4.065040650406504604e-04 4.105691056910569514e-02
5.048701298701298995e-02 2.451298701298701074e-02 2.306818181818181823e-01 2.728896103896104042e-01 5.032467532467532409e-03 1.706168831168831113e-01 3.912337662337662253e-02 1.089285714285714163e-01 3.750000000000000555e-02 6.022727272727272652e-02
2.649164677804295709e-02 2.386634844868735139e-04 2.699284009546539242e-01 1.840095465393794538e-01 2.386634844868735139e-04 2.389021479713603624e-01 8.138424821002386567e-02 7.422434367541766442e-02 1.455847255369928372e-02 1.100238663484486845e-01
