2.052980132450331341e-02 3.185430463576158777e-01 2.059602649006622710e-01 9.337748344370860876e-02 1.463576158940397554e-01 4.039735099337748297e-02 1.728476821192053148e-01 6.622516556291390723e-04 6.622516556291390723e-04 6.622516556291390723e-04
9.243421052631579926e-02 9.572368421052632192e-02 5.953947368421053099e-02 3.651315789473683765e-02 1.648026315789473673e-01 3.289473684210526242e-04 2.006578947368421045e-02 3.289473684210526242e-04 4.542763157894736392e-01 7.598684210526315819e-02
7.127906976744184941e-01 4.169435215946843548e-02 1.661129568106312114e-04 1.297342192691029461e-01 1.661129568106312114e-04 5.830564784053155619e-02 1.013289036544850162e-02 1.013289036544850162e-02 1.661129568106312114e-04 3.671096345514949372e-02
1.281249999999999924e-02 3.468749999999999611e-02 2.159374999999999767e-01 3.781249999999999889e-02 9.687499999999999931e-03 7.843750000000000722e-02 6.906249999999999889e-02 3.971874999999999711e-01 3.125000000000000065e-04 1.440625000000000100e-01
5.413223140495867364e-02 8.719008264462810298e-02 4.132231404958678126e-04 4.132231404958678126e-04 4.132231404958678126e-04 4.545454545454546101e-03 7.892561983471074738e-02 3.760330578512396243e-02 7.359504132231404760e-01 4.132231404958678126e-04
2.110791826309068031e-01 7.474457215836527446e-02 3.192848020434227663e-05 6.704980842911879109e-04 8.333333333333334952e-03 7.002234993614304681e-01 3.192848020434227663e-05 1.628352490421456061e-03 6.704980842911879109e-04 2.586206896551724536e-03
6.369137670196671486e-02 1.512859304084720265e-04 1.922844175491679186e-01 1.830559757942511190e-02 2.435703479576399599e-02 8.789712556732223736e-02 4.704992435703479747e-02 5.417549167927383502e-01 1.527987897125567332e-02 9.228441754916792694e-03
4.899425287356322378e-02 1.436781609195402279e-04 1.754310344827586243e-01 1.882183908045977072e-02 2.169540229885057528e-02 9.066091954022988120e-02 7.485632183908046133e-02 5.331896551724137900e-01 3.318965517241379698e-02 3.017241379310344786e-03
3.684210526315789824e-03 1.929824561403508873e-03 2.457894736842105299e-01 8.947368421052630943e-03 4.403508771929824650e-02 1.633333333333333304e-01 4.929824561403509109e-02 3.370175438596491047e-01 2.298245614035087508e-02 1.229824561403508737e-01
1.511627906976743818e-02 4.999999999999999584e-02 1.413621262458471528e-01 1.661129568106312114e-04 1.345514950166112715e-02 1.014950166112956603e-01 2.009966777408637301e-02 5.566445182724252261e-01 3.488372093023255332e-03 9.817275747508304173e-02
2.702702702702702744e-04 2.702702702702702744e-04 1.110810810810810845e-01 2.702702702702702744e-04 3.540540540540540460e-02 1.002702702702702731e-01 3.270270270270270174e-02 5.867567567567567588e-01 2.459459459459459318e-02 1.083783783783783816e-01
2.976190476190476459e-04 2.976190476190476459e-04 3.303571428571428631e-02 2.976190476190476459e-04 2.976190476190476459e-04 1.401785714285714302e-01 3.303571428571428631e-02 2.592261904761904434e-01 2.976190476190476459e-04 5.330357142857142794e-01
8.453085376162299545e-05 8.453085376162299545e-05 4.185122569737954601e-01 8.453085376162299545e-05 4.311073541842772375e-03 2.038038884192730216e-01 2.807269653423499767e-01 5.841081994928148252e-02 2.713440405748098264e-02 6.846999154691462211e-03
9.009009009009009148e-04 9.009009009009009148e-04 4.963963963963964332e-01 9.909909909909911038e-03 9.009009009009009148e-04 9.909909909909911038e-03 1.270270270270270341e-01 9.909909909909911038e-03 3.162162162162162060e-01 2.792792792792792717e-02
1.981981981981982121e-03 3.783783783783783734e-03 4.650450450450450690e-01 1.801801801801801830e-04 9.189189189189189005e-03 2.902702702702702475e-01 2.109909909909909731e-01 1.801801801801801830e-04 1.819819819819819620e-02 1.801801801801801830e-04
6.973941368078175884e-01 3.257328990228013175e-04 9.478827361563518794e-02 3.615635179153094125e-02 3.615635179153094125e-02 6.547231270358307154e-02 3.257328990228013175e-04 3.583061889250814709e-03 3.257328990228013175e-04 6.547231270358307154e-02
1.508474576271186252e-01 2.600753295668549736e-01 2.071563088512241163e-03 1.883239171374764570e-04 1.883239171374764570e-04 1.621468926553672196e-01 6.421845574387947952e-02 7.721280602636534061e-03 1.883239171374764570e-04 3.523540489642184581e-01
1.110759493670886167e-01 3.164556962025316515e-04 2.246835443037974514e-02 7.626582278481013055e-02 4.022151898734177000e-01 6.044303797468354722e-02 2.246835443037974514e-02 2.819620253164557000e-01 2.246835443037974514e-02 3.164556962025316515e-04
6.286764705882352811e-02 2.242647058823529424e-02 4.080882352941176544e-02 8.128676470588235281e-01 5.551470588235293824e-02 3.676470588235294067e-04 3.676470588235294067e-04 4.044117647058823907e-03 3.676470588235294067e-04 3.676470588235294067e-04
2.915451895043731732e-04 2.915451895043731732e-04 1.227405247813411066e-01 2.915451895043731732e-04 2.361516034985422507e-02 9.358600583090379010e-02 3.819241982507288330e-02 6.591836734693877764e-01 6.122448979591837287e-03 5.568513119533528150e-02
2.370078740157481045e-01 7.874015748031498122e-04 1.653543307086614497e-02 6.149606299212598826e-01 1.110236220472441138e-01 7.874015748031498122e-04 1.653543307086614497e-02 7.874015748031498122e-04 7.874015748031498122e-04 7.874015748031498122e-04
5.102040816326531072e-04 5.102040816326531072e-04 2.607142857142857317e-01 2.602040816326530587e-02 5.102040816326531072e-04 1.994897959183673519e-01 6.683673469387754751e-02 5.102040816326531072e-04 5.102040816326531072e-04 4.443877551020407601e-01
8.245495495495495097e-01 2.252252252252252016e-04 2.252252252252252016e-04 1.083333333333333232e-01 6.981981981981980924e-03 3.626126126126125865e-02 6.981981981981980924e-03 1.148648648648648365e-02 2.252252252252252016e-04 4.729729729729729125e-03
1.052459016393442609e-01 3.278688524590163932e-04 3.278688524590163932e-04 7.740983606557376717e-01 7.245901639344262679e-02 1.672131147540983562e-02 3.278688524590163932e-04 3.278688524590163932e-04 3.278688524590163932e-04 2.983606557377049134e-02
1.073599999999999971e-01 1.600000000000000131e-04 1.137599999999999861e-01 1.760000000000000063e-03 3.185600000000000098e-01 7.696000000000000063e-02 1.473599999999999910e-01 1.600000000000000131e-04 1.393599999999999839e-01 9.456000000000000516e-02
2.006396588486140664e-01 3.859275053304904446e-02 1.771855010660980667e-01 2.132196162046908492e-04 2.560767590618336920e-01 2.132196162046908492e-04 5.778251599147121720e-02 1.622601279317697209e-01 2.132196162046908492e-04 1.068230277185501093e-01
1.963455149501661112e-01 3.322259136212624771e-04 1.362126245847175912e-02 3.322259136212624771e-04 1.664451827242524884e-01 3.654485049833887302e-03 2.794019933554817148e-01 1.498338870431893677e-01 1.029900332225913706e-02 1.797342192691029905e-01
2.071611253196930721e-02 3.094629156010230212e-02 4.117647058823530049e-02 4.117647058823530049e-02 1.560102301790281323e-02 7.186700767263427825e-02 2.557544757033248400e-04 2.813299232736573077e-03 2.557544757033248400e-04 7.751918158567775441e-01
7.633587786259544072e-04 7.633587786259544072e-04 8.251908396946566748e-01 3.893129770992367206e-02 7.633587786259544072e-04 7.633587786259544072e-04 1.152671755725191011e-01 7.633587786259544072e-04 7.633587786259544072e-04 1.603053435114504266e-02
3.659420289855072617e-02 3.623188405797101493e-04 3.623188405797101493e-04 2.572463768115941865e-02 5.764492753623188248e-01 3.623188405797101493e-04 6.920289855072464524e-02 3.623188405797101493e-04 2.210144927536231846e-02 2.684782608695652217e-01
3.745318352059925243e-04 6.029962546816480112e-02 4.535580524344569042e-01 3.749063670411985072e-01 1.910112359550561814e-02 3.745318352059925243e-04 3.745318352059925243e-04 4.531835205992509191e-02 4.531835205992509191e-02 3.745318352059925243e-04
1.730897009966777533e-01 3.654485049833887302e-03 2.691029900332225777e-02 3.322259136212624771e-04 1.531561461794019863e-01 3.322259136212624771e-04 3.059800664451827190e-01 1.132890365448505077e-01 2.026578073089701018e-02 2.029900332225913762e-01
2.181674565560821344e-01 4.755134281200631974e-02 1.579778830963665226e-04 1.579778830963665226e-04 3.317535545023696675e-03 1.123222748815165817e-01 6.334913112164297644e-02 3.317535545023696675e-03 1.579778830963665226e-04 5.515007898894155325e-01
1.218181818181818254e-01 1.278787878787878973e-01 6.060606060606060601e-04 6.060606060606060601e-04 6.060606060606060601e-04 1.878787878787878743e-02 6.060606060606060601e-04 6.060606060606060601e-04 7.157575757575757036e-01 1.272727272727272770e-02
4.977375565610861127e-03 4.524886877828055028e-04 3.352941176470588536e-01 4.524886877828055028e-04 4.524886877828055028e-04 1.855203619909502263e-02 9.502262443438914963e-03 4.524886877828055028e-04 5.072398190045249722e-01 1.226244343891402938e-01
1.354609929078014197e-01 1.851063829787234216e-01 1.489361702127659642e-02 1.851063829787234216e-01 3.624113475177305199e-01 2.198581560283687994e-02 9.290780141843971163e-02 7.092198581560284166e-04 7.092198581560284166e-04 7.092198581560284166e-04
4.559895833333333370e-01 1.460937499999999944e-01 7.578125000000000833e-02 1.408854166666666796e-01 8.098958333333333703e-02 2.604166666666666631e-04 2.604166666666666631e-04 8.098958333333333703e-02 5.468750000000000520e-03 1.328124999999999965e-02
6.851851851851852027e-02 1.117283950617284083e-01 6.172839506172839380e-04 6.172839506172839380e-04 3.765432098765431751e-02 5.617283950617283500e-02 6.172839506172839380e-04 6.172839506172839380e-04 1.296296296296296433e-02 7.104938271604938071e-01
7.261808367071523884e-01 5.533063427800268691e-03 2.712550607287449178e-02 1.607287449392712231e-01 1.484480431848852729e-03 6.491228070175437959e-02 1.349527665317138943e-04 4.183535762483129965e-03 1.349527665317138943e-04 9.581646423751685737e-03
2.981481481481481829e-02 1.851851851851852031e-04 3.075925925925925841e-01 1.851851851851852031e-04 7.055555555555555192e-02 1.851851851851852031e-04 3.742592592592592360e-01 9.092592592592592393e-02 5.740740740740740700e-03 1.205555555555555408e-01
3.042483660130718692e-01 2.552287581699346219e-01 3.267973856209150643e-04 2.944444444444444531e-01 1.408496732026143783e-01 3.594771241830065599e-03 3.267973856209150643e-04 3.267973856209150643e-04 3.267973856209150643e-04 3.267973856209150643e-04
2.201465201465201416e-01 3.663003663003663000e-04 2.457875457875457748e-01 2.600732600732600514e-02 1.761904761904762029e-01 4.432234432234432447e-02 9.560439560439561169e-02 4.029304029304029734e-03 1.871794871794871806e-01 3.663003663003663000e-04
9.456521739130435700e-02 3.623188405797101493e-04 5.833333333333334120e-02 1.923913043478260865e-01 1.163043478260869651e-01 2.572463768115941865e-02 6.557971014492754158e-02 2.141304347826087084e-01 2.322463768115941851e-01 3.623188405797101493e-04
5.819935691318328663e-02 3.215434083601286246e-04 3.215434083601286246e-04 3.215434083601286246e-04 3.247588424437299059e-02 6.752411575562701496e-03 1.961414790996784605e-02 3.215434083601286246e-04 3.215434083601286246e-04 8.813504823151125933e-01
6.208530805687203363e-02 1.943127962085307997e-02 1.568720379146919530e-01 5.213270142180094838e-03 2.890995260663506775e-02 1.469194312796208608e-02 1.379146919431279705e-01 4.739336492890995406e-04 4.739336492890995406e-04 5.739336492890995123e-01
6.369426751592358526e-04 6.369426751592358526e-04 1.471337579617834623e-01 6.369426751592358526e-04 7.006369426751594270e-03 6.369426751592358526e-04 6.312101910828026297e-01 1.853503184713376217e-01 6.369426751592358526e-04 2.611464968152866356e-02
7.568493150684932336e-02 3.801369863013698280e-02 6.198630136986301581e-02 3.424657534246575369e-04 3.188356164383561175e-01 3.424657534246575369e-04 7.226027397260274820e-02 3.424657534246575369e-04 4.318493150684931114e-01 3.424657534246575369e-04
1.595238095238095399e-01 7.936507936507936501e-04 2.388888888888889006e-01 7.936507936507936501e-04 1.198412698412698318e-01 1.753968253968254121e-01 2.230158730158730285e-01 7.936507936507936501e-04 7.936507936507936501e-04 8.015873015873015150e-02
6.369426751592357442e-04 3.248407643312101883e-02 7.012738853503184266e-01 6.369426751592357442e-04 3.248407643312101883e-02 6.369426751592357442e-04 2.235668789808917256e-01 6.369426751592357442e-04 7.006369426751592536e-03 6.369426751592357442e-04
2.732620320855614904e-01 2.679144385026738240e-01 5.347593582887700658e-04 5.347593582887700658e-04 3.320855614973262093e-01 5.347593582887700658e-04 9.679144385026738906e-02 2.727272727272727140e-02 5.347593582887700658e-04 5.347593582887700658e-04
6.086247086247086324e-01 2.331002331002330729e-04 6.550116550116549807e-02 4.219114219114218634e-02 3.986013986013985794e-02 1.703962703962703662e-01 5.151515151515151381e-02 7.226107226107225667e-03 1.421911421911421607e-02 2.331002331002330729e-04
3.888888888888888951e-02 2.415458937198067843e-04 1.427536231884057871e-01 2.415458937198067843e-04 4.495169082125603510e-01 7.995169082125604121e-02 2.417874396135265558e-01 2.415458937198067843e-04 2.657004830917874573e-03 4.371980676328502541e-02
1.355167394468704267e-01 1.455604075691411788e-04 1.455604075691411788e-04 1.455604075691411788e-04 4.426491994177583211e-01 2.126637554585152357e-01 3.508005822416302572e-02 6.855895196506549272e-02 1.324599708879184608e-02 9.184861717612807785e-02
1.289603960396039362e-01 2.475247524752475278e-04 1.509900990099009681e-02 7.428217821782178154e-01 4.727722772277227065e-02 2.475247524752475278e-04 1.757425742574257252e-02 2.475247524752475278e-04 2.475247524752475278e-04 4.727722772277227065e-02
3.311258278145695361e-04 3.311258278145695361e-04 7.980132450331126059e-02 3.311258278145695361e-04 4.937086092715231578e-01 1.394039735099337762e-01 1.357615894039734990e-02 2.685430463576158888e-01 3.311258278145695361e-04 3.642384105960265114e-03
1.211055276381909768e-01 5.025125628140704025e-04 4.527638190954774156e-01 8.090452261306534110e-02 5.075376884422111434e-02 5.577889447236181186e-02 1.763819095477387189e-01 5.577889447236181186e-02 5.025125628140704025e-04 5.527638190954775078e-03
1.783636363636363631e-01 1.818181818181818343e-04 2.910909090909090668e-01 2.565454545454545210e-01 4.018181818181818660e-02 2.745454545454545370e-02 1.165454545454545354e-01 6.199999999999999956e-02 1.818181818181818343e-04 2.745454545454545370e-02
1.538461538461538460e-03 3.230769230769230810e-02 5.553846153846153655e-01 3.230769230769230810e-02 1.538461538461538460e-03 1.692307692307692610e-02 1.399999999999999856e-01 1.538461538461538460e-03 1.861538461538461420e-01 3.230769230769230810e-02
1.371335504885993484e-01 8.175895765472313004e-02 3.257328990228013175e-04 3.583061889250814709e-03 4.335504885993485269e-01 7.198697068403908661e-02 3.257328990228013175e-04 2.674267100977198441e-01 3.583061889250814709e-03 3.257328990228013175e-04
1.669449081803005004e-04 1.253756260434056580e-01 9.031719532554256802e-02 1.669449081803005004e-04 7.028380634390651860e-02 4.375626043405676513e-01 1.853088480801335508e-02 2.472454090150250361e-01 3.505843071786310643e-03 6.844741235392319892e-03
1.517094017094017082e-02 2.350427350427350751e-03 1.326923076923076927e-01 2.136752136752136750e-04 3.378205128205127861e-01 4.487179487179487718e-03 9.423076923076922906e-02 2.844017094017093905e-01 9.636752136752137210e-02 3.226495726495726135e-02
6.213017751479290619e-03 2.958579881656804773e-04 2.162721893491124092e-01 2.958579881656804773e-04 3.494082840236686360e-01 1.508875739644970244e-02 1.068047337278106579e-01 2.369822485207100371e-01 6.834319526627219421e-02 2.958579881656804773e-04
1.338888888888888906e-01 3.394444444444444375e-01 1.561111111111111172e-01 2.338888888888888962e-01 9.500000000000000111e-02 3.388888888888888506e-02 6.111111111111111431e-03 5.555555555555555551e-04 5.555555555555555551e-04 5.555555555555555551e-04
1.716783216783216715e-01 4.930069930069930217e-02 3.181818181818181490e-02 3.881118881118880704e-02 3.080419580419579972e-01 5.279720279720279824e-02 3.496503496503496500e-04 3.496503496503496500e-04 2.765734265734265396e-01 7.027972027972027858e-02
2.384735202492211381e-01 5.778816199376946017e-02 1.557632398753893874e-04 5.655763239875388759e-01 1.884735202492211423e-02 1.557632398753893874e-04 6.090342679127724868e-02 1.557632398753893874e-04 1.105919003115264469e-02 4.688473520249220733e-02
6.139874739039664631e-01 1.129436325678496583e-01 2.087682672233820034e-04 2.087682672233820034e-04 6.075156576200416159e-02 1.317327766179540449e-01 4.384133611691021747e-03 3.569937369519832204e-02 2.087682672233820034e-04 3.987473903966596428e-02
6.289308176100629703e-04 6.918238993710692022e-03 6.610062893081760649e-01 6.289308176100629703e-04 6.289308176100629703e-04 6.289308176100629703e-04 3.150943396226414950e-01 6.289308176100629703e-04 6.918238993710692022e-03 6.918238993710692022e-03
3.678929765886288037e-03 3.344481605351170943e-04 5.384615384615384914e-02 3.344481605351170943e-04 1.036789297658862949e-02 3.678929765886288037e-03 5.384615384615384914e-02 3.344481605351170943e-04 3.344481605351170943e-04 8.732441471571906755e-01
4.982062780269058688e-01 2.246636771300448698e-01 4.932735426008970012e-03 1.887892376681614692e-01 6.322869955156951161e-02 4.484304932735426593e-04 4.932735426008970012e-03 4.484304932735426593e-04 4.484304932735426593e-04 1.390134529147982363e-02
1.939102564102563805e-02 6.570512820512818854e-03 1.602564102564102292e-04 1.602564102564102292e-04 1.844551282051281604e-01 9.951923076923074873e-02 4.182692307692307404e-02 6.091346153846153300e-01 1.602564102564102292e-04 3.862179487179486642e-02
3.859154929577464366e-02 2.910798122065727349e-03 3.052582159624412927e-01 9.389671361502346112e-05 7.990610328638494964e-02 3.295774647887323577e-02 3.756807511737088601e-01 3.671361502347417205e-02 4.422535211267605154e-02 8.366197183098589285e-02
3.058103975535167462e-04 6.422018348623850965e-03 8.015290519877673603e-01 3.058103975535167462e-04 3.058103975535167462e-04 2.171253822629968383e-02 1.134556574923547001e-01 2.171253822629968383e-02 3.058103975535167462e-04 3.394495412844035498e-02
1.486772486772486856e-01 1.751322751322751392e-01 2.703703703703703720e-01 2.227513227513227556e-01 5.291005291005291362e-04 1.698412698412698485e-01 5.291005291005291362e-04 5.291005291005291362e-04 1.111111111111111154e-02 5.291005291005291362e-04
4.484304932735426051e-04 4.484304932735426051e-04 2.650224215246637094e-01 4.932735426008969144e-03 7.668161434977578683e-02 1.932735426008968804e-01 9.461883408071750101e-02 4.484304932735426051e-04 4.484304932735426051e-04 3.636771300448430333e-01
5.319148936170213938e-04 5.319148936170213938e-04 3.994680851063829863e-01 3.244680851063830307e-02 3.244680851063830307e-02 1.441489361702127936e-01 3.888297872340426009e-01 5.319148936170213938e-04 5.319148936170213938e-04 5.319148936170213938e-04
3.590277777777777790e-01 4.006944444444444087e-01 2.314814814814814903e-04 3.958333333333333842e-02 7.175925925925925875e-03 5.810185185185185591e-02 2.800925925925925805e-02 2.314814814814814903e-04 2.314814814814814903e-04 1.067129629629629678e-01
1.268987341772152000e-01 6.044303797468354722e-02 1.363924050632911444e-01 3.164556962025316515e-04 3.610759493670885889e-01 3.164556962025316515e-04 1.490506329113924222e-01 9.841772151898735277e-02 6.677215189873418610e-02 3.164556962025316515e-04
2.976190476190476459e-04 3.273809523809523888e-03 6.401785714285713746e-01 2.976190476190476459e-04 6.577380952380952606e-02 9.255952380952381375e-02 1.639880952380952384e-01 6.250000000000000347e-03 2.708333333333333079e-02 2.976190476190476459e-04
5.194267515923566281e-01 1.691082802547770880e-01 3.184713375796178721e-04 3.184713375796178721e-04 9.904458598726115226e-02 1.563694267515923497e-01 3.184713375796178721e-04 2.261146496815286469e-02 3.184713375796178721e-04 3.216560509554140107e-02
9.418344519015660332e-02 1.008948545861297619e-01 3.825503355704698571e-02 2.237136465324384847e-04 5.838926174496644750e-02 1.187919463087248328e-01 2.237136465324384847e-04 2.237136465324384847e-04 2.237136465324384847e-04 5.885906040268457096e-01
3.394495412844036886e-02 9.480122324159021355e-03 3.058103975535168546e-04 3.058103975535168546e-04 3.058103975535168546e-04 2.477064220183486029e-02 3.700305810397553491e-02 3.058103975535168546e-04 3.058103975535168546e-04 8.932721712538227443e-01
6.744186046511628507e-02 1.449612403100775104e-01 6.485788113695090118e-02 2.583979328165375003e-04 2.896640826873385088e-01 5.426356589147286746e-03 8.294573643410853292e-02 8.036175710594316290e-02 2.638242894056847532e-01 2.583979328165375003e-04
7.654377880184332072e-01 7.880184331797236708e-02 4.608294930875577117e-04 4.608294930875577117e-04 4.608294930875577117e-04 8.801843317972352088e-02 2.350230414746544080e-02 4.193548387096774493e-02 4.608294930875577117e-04 4.608294930875577117e-04
1.840909090909090828e-01 2.272727272727273051e-03 2.272727272727273051e-03 2.272727272727273051e-03 9.318181818181817122e-02 2.272727272727273051e-03 5.022727272727273151e-01 2.272727272727273051e-03 2.272727272727273051e-03 2.068181818181818177e-01
2.682926829268292897e-03 1.487804878048780421e-02 2.463414634146341223e-02 2.439024390243902708e-04 1.319512195121951281e-01 3.195121951219512257e-02 6.609756097560975929e-02 2.929268292682926655e-01 2.439024390243902708e-04 4.343902439024390216e-01
3.221912720519962831e-02 7.957288765088209315e-02 2.850510677808728091e-02 3.095017022593624545e-05 4.057567316620241948e-02 7.103373568554627315e-01 3.095017022593624545e-05 6.781182296502631657e-02 4.982977406375736426e-03 3.593314763231197917e-02
1.052529182879377440e-01 1.945525291828793910e-04 3.521400778210116711e-02 1.945525291828793910e-04 6.031128404669260958e-03 6.050583657587548653e-02 4.807392996108949546e-01 2.433852140077820969e-01 6.828793774319066867e-02 1.945525291828793910e-04
1.778481012658227889e-01 5.126582278481012223e-02 6.329113924050633029e-04 6.329113924050633029e-04 4.493670886075949028e-02 6.329113924050633029e-04 2.854430379746835666e-01 6.329113924050633029e-04 6.329113924050633029e-04 4.373417721518986778e-01
2.428571428571428895e-02 5.761904761904762529e-02 7.190476190476191576e-02 6.671428571428572596e-01 8.142857142857144737e-02 4.761904761904762985e-04 4.761904761904762985e-04 4.761904761904762985e-04 4.761904761904762985e-04 9.571428571428573784e-02
1.609625668449198299e-01 5.192513368983957545e-01 5.347593582887701742e-04 1.288770053475936095e-01 1.181818181818182073e-01 7.005347593582889054e-02 5.347593582887701742e-04 5.347593582887701742e-04 5.347593582887701742e-04 5.347593582887701742e-04
6.232786885245901187e-01 1.150819672131147553e-01 3.606557377049180758e-03 1.708196721311475430e-01 8.557377049180328599e-02 3.278688524590163932e-04 3.278688524590163932e-04 3.278688524590163932e-04 3.278688524590163932e-04 3.278688524590163932e-04
1.970711297071129631e-01 9.665271966527197445e-02 1.384937238493723910e-01 4.184100418410042132e-04 7.991631799163180505e-02 4.184100418410042132e-04 4.184100418410042132e-04 1.594142259414225993e-01 1.715481171548116981e-02 3.100418410041840822e-01
1.668604651162790553e-01 2.153100775193798333e-01 1.937984496124030981e-04 1.937984496124030981e-04 2.131782945736434079e-03 4.282945736434108641e-02 8.352713178294574048e-02 4.459302325581395166e-01 1.937984496124030981e-04 4.282945736434108641e-02
2.877604166666666852e-02 9.908854166666665464e-02 3.268229166666666852e-02 1.302083333333333315e-04 9.244791666666666782e-03 1.302083333333333315e-04 2.096354166666666852e-02 1.055989583333333259e-01 7.032552083333333259e-01 1.302083333333333315e-04
6.689839572192514128e-01 2.518716577540107138e-01 5.882352941176472241e-03 2.727272727272727487e-02 2.192513368983957378e-02 5.347593582887701742e-04 5.347593582887701742e-04 5.882352941176472241e-03 5.347593582887701742e-04 1.657754010695187616e-02
5.096322241681260079e-02 5.271453590192643618e-02 2.119089316987740265e-02 1.751313485113835172e-04 4.570928196147109462e-02 1.943957968476356726e-02 1.243432574430822744e-02 2.994746059544658306e-02 7.672504378283712123e-01 1.751313485113835172e-04
7.142023346303500997e-01 5.272373540856030438e-02 1.945525291828793368e-04 1.422178988326847915e-01 7.976653696498052157e-03 6.828793774319065479e-02 7.976653696498052157e-03 4.085603112840466289e-03 1.945525291828793368e-04 2.140077821011672921e-03
1.563122923588039503e-01 1.181063122923587672e-01 1.661129568106312114e-04 5.815614617940199071e-01 1.098006644518272068e-01 1.661129568106312114e-04 5.149501661129567663e-03 1.661129568106312114e-04 5.149501661129567663e-03 2.342192691029899854e-02
4.950495049504951639e-04 4.950495049504951639e-04 5.500000000000000444e-01 4.950495049504951639e-04 5.445544554455446912e-03 4.009900990099009993e-02 3.321782178217821957e-01 2.029702970297029771e-02 5.000000000000000278e-02 4.950495049504951639e-04
2.385245901639344301e-01 8.196721311475409829e-04 2.303278688524590390e-01 8.196721311475409829e-04 4.999999999999999584e-02 8.196721311475409829e-04 4.188524590163934525e-01 5.819672131147540783e-02 8.196721311475409829e-04 8.196721311475409829e-04
5.988023952095808313e-04 2.455089820359281083e-02 3.838323353293413009e-01 5.988023952095808313e-04 5.988023952095808313e-04 2.640718562874251329e-01 1.323353293413173648e-01 5.988023952095808313e-04 5.449101796407185283e-02 1.383233532934131926e-01
5.555555555555555551e-04 5.555555555555555551e-04 5.555555555555555551e-04 5.555555555555555551e-04 2.277777777777777526e-02 1.722222222222222210e-02 6.111111111111111431e-03 5.055555555555555497e-02 5.555555555555555551e-04 9.005555555555555536e-01
2.658227848101265764e-02 1.265822784810126606e-03 3.430379746835443000e-01 3.050632911392405222e-01 1.278481012658227722e-01 1.265822784810126606e-03 6.455696202531645278e-02 6.455696202531645278e-02 6.455696202531645278e-02 1.265822784810126606e-03
2.277904328018223344e-04 2.277904328018223344e-04 1.961275626423689966e-01 4.783599088838268697e-03 1.617312072892938477e-02 5.945330296127562808e-02 1.095671981776765447e-01 5.469248291571754406e-01 4.123006833712984653e-02 2.528473804100227554e-02
6.535947712418302370e-04 5.947712418300654669e-02 6.542483660130720136e-01 5.294117647058824150e-02 3.333333333333333981e-02 6.535947712418302370e-04 1.640522875816993742e-01 6.535947712418302370e-04 3.333333333333333981e-02 6.535947712418302370e-04
3.236024844720497562e-01 6.211180124223603799e-04 2.546583850931677384e-02 5.472049689440994236e-01 4.409937888198758177e-02 1.304347826086956798e-02 6.211180124223603799e-04 6.211180124223603799e-04 6.211180124223603799e-04 4.409937888198758177e-02
1.437598736176935212e-02 1.579778830963665226e-04 2.023696682464454777e-01 4.439178515007899395e-02 4.123222748815166122e-02 4.456556082148499520e-01 9.636650868878356493e-03 2.371248025276461169e-01 4.897314375987361738e-03 1.579778830963665226e-04
9.395770392749244748e-02 3.021148036253776432e-04 3.021148036253776432e-04 3.021148036253776432e-04 3.323262839879154509e-03 6.344410876132930942e-03 7.465256797583081916e-01 8.489425981873112426e-02 5.166163141993958263e-02 1.238670694864048294e-02
5.045454545454546025e-02 4.545454545454546535e-04 5.000000000000000971e-03 8.368181818181819054e-01 4.545454545454546535e-04 4.545454545454546535e-04 4.545454545454546535e-04 5.000000000000000971e-03 5.000000000000000971e-03 9.590909090909092993e-02
1.321052631578947534e-01 5.263157894736843071e-04 5.263157894736843071e-04 8.215789473684211863e-01 3.210526315789474089e-02 5.263157894736843071e-04 5.263157894736843071e-04 5.263157894736843071e-04 1.105263157894737121e-02 5.263157894736843071e-04
6.261682242990654346e-02 7.196261682242990898e-02 4.613707165109033892e-01 1.809968847352025068e-01 3.115264797507788291e-04 3.115264797507788291e-04 8.130841121495327450e-02 6.884735202492212047e-02 7.196261682242990898e-02 3.115264797507788291e-04
4.621212121212121132e-02 7.575757575757575751e-04 8.409090909090909116e-02 7.575757575757575751e-04 7.575757575757575751e-04 7.575757575757575751e-04 7.575757575757575751e-04 2.659090909090909283e-01 5.083333333333333037e-01 9.166666666666666019e-02
2.880813953488371992e-01 1.136627906976744179e-01 5.261627906976744373e-02 3.197674418604651552e-03 1.688953488372093026e-01 1.773255813953488261e-02 2.793604651162790442e-01 2.906976744186046471e-04 2.936046511627906849e-02 4.680232558139535426e-02
1.652908067542213366e-01 8.461538461538460620e-02 4.333958724202625901e-02 6.512195121951218635e-01 1.876172607879924680e-04 1.876172607879924680e-04 5.459662288930580698e-02 1.876172607879924680e-04 1.876172607879924680e-04 1.876172607879924680e-04
1.206730769230769246e-01 4.807692307692307959e-04 2.264423076923076927e-01 4.807692307692307959e-04 7.259615384615383804e-02 4.807692307692307959e-04 5.336538461538461314e-02 4.807692307692307959e-04 4.427884615384615197e-01 8.221153846153847478e-02
3.086419753086419690e-04 1.882716049382715875e-02 5.157407407407407218e-01 4.351851851851851888e-02 3.395061728395062147e-03 1.237654320987654349e-01 1.916666666666666796e-01 8.055555555555556080e-02 2.191358024691357834e-02 3.086419753086419690e-04
1.216911764705882470e-01 4.044117647058823907e-03 7.720588235294117974e-03 4.816176470588234837e-02 2.242647058823529424e-02 3.676470588235294067e-04 6.952205882352940902e-01 8.492647058823529771e-02 1.507352941176470437e-02 3.676470588235294067e-04
2.427184466019417645e-04 2.427184466019417645e-04 1.191747572815533979e-01 2.427184466019417645e-04 9.004854368932038722e-02 7.063106796116505604e-02 5.364077669902912737e-02 2.427184466019417645e-04 1.480582524271844592e-02 6.507281553398058804e-01
1.821428571428571341e-01 3.249999999999999556e-01 1.399350649350649400e-01 3.477272727272727182e-01 3.246753246753246750e-04 3.246753246753246750e-04 3.246753246753246750e-04 3.246753246753246750e-04 3.246753246753246750e-04 3.571428571428571751e-03
1.964592274678111650e-01 7.199570815450642702e-02 9.238197424892703735e-02 2.478540772532188824e-02 1.727467811158798355e-02 3.649141630901288069e-01 4.087982832618025641e-02 2.371244635193133291e-02 1.072961373390558018e-04 1.674892703862660981e-01
5.083333333333334147e-01 1.068181818181818399e-01 7.575757575757577919e-04 3.340909090909091606e-01 3.106060606060606633e-02 7.575757575757577919e-04 7.575757575757577919e-04 7.575757575757577919e-04 1.590909090909091439e-02 7.575757575757577919e-04
4.124463519313305016e-01 9.914163090128756683e-02 4.291845493562232612e-04 3.824034334763948828e-01 4.291845493562232612e-04 9.012875536480688052e-03 6.480686695278971288e-02 1.759656652360514981e-02 4.291845493562232612e-04 1.330472103004291980e-02
4.166666666666666934e-04 4.583333333333333356e-03 1.712500000000000133e-01 2.541666666666666380e-02 4.166666666666666934e-04 2.129166666666666707e-01 1.045833333333333337e-01 4.166666666666666934e-04 4.212499999999999578e-01 5.874999999999999667e-02
1.071428571428571438e-02 5.102040816326531072e-04 3.066326530612245027e-01 5.102040816326531072e-04 5.102040816326531072e-04 5.102040816326531072e-04 1.127551020408163324e-01 3.112244897959183521e-02 3.372448979591836649e-01 1.994897959183673519e-01
5.000000000000000104e-04 7.049999999999999323e-02 1.504999999999999949e-01 5.500000000000000548e-03 5.000000000000000104e-04 5.000000000000000104e-04 5.000000000000000104e-04 2.205000000000000016e-01 5.000000000000000104e-04 5.504999999999999893e-01
3.425531914893617524e-02 2.127659574468085358e-04 2.129787234042553046e-01 2.127659574468085358e-04 2.127659574468085358e-04 2.127659574468085358e-04 9.382978723404256094e-02 3.212765957446808707e-02 2.127659574468085358e-04 6.257446808510638281e-01
3.599455040871934464e-01 1.910081743869209703e-01 2.724795640326975596e-04 1.501362397820163452e-01 1.474114441416893850e-01 5.476839237057221088e-02 3.569482288828337846e-02 2.752043596730245276e-02 3.297002724795640438e-02 2.724795640326975596e-04
7.407407407407408124e-04 7.407407407407408124e-04 6.525925925925925020e-01 8.148148148148149153e-03 7.407407407407408124e-04 1.555555555555555684e-02 2.155555555555555558e-01 7.407407407407408124e-04 1.044444444444444370e-01 7.407407407407408124e-04
3.164556962025316515e-04 2.879746835443037709e-02 3.829113924050632500e-02 3.164556962025316515e-04 9.810126582278481250e-03 1.237341772151898805e-01 2.879746835443037709e-02 3.452531645569620333e-01 3.164556962025316515e-04 4.243670886075949222e-01
2.325581395348837340e-04 2.558139534883721155e-03 1.048837209302325574e-01 7.465116279069768102e-02 2.558139534883721155e-03 1.746511627906976727e-01 8.627906976744185996e-02 2.558139534883721155e-03 7.209302325581395943e-03 5.444186046511627630e-01
5.747126436781609116e-04 5.747126436781609116e-04 1.729885057471264587e-01 6.321839080459770895e-03 5.747126436781609116e-04 2.931034482758620649e-02 5.747126436781609116e-04 1.327586206896551879e-01 5.747126436781609116e-04 6.557471264367815689e-01
3.661662394727206694e-05 7.359941413401686200e-03 8.791651409740022793e-02 3.661662394727206694e-05 8.535335042109118420e-02 6.397290369827902667e-01 3.006224826071036624e-02 1.256316367630904707e-01 2.233614060783596124e-03 2.164042475283779396e-02
1.904761904761904814e-04 8.400000000000000522e-02 3.828571428571429097e-02 1.904761904761904814e-04 4.000000000000000083e-03 2.095238095238095323e-03 9.714285714285713497e-03 2.249523809523809315e-01 1.904761904761904814e-04 6.363809523809523805e-01
6.134969325153374594e-04 1.901840490797546135e-02 6.748466257668712595e-03 6.134969325153374594e-04 1.288343558282208610e-02 6.134969325153374594e-04 6.134969325153374594e-04 3.319018404907975728e-01 6.134969325153374594e-04 6.263803680981594457e-01
1.322580645161290126e-02 6.774193548387097419e-03 3.648387096774193261e-01 1.000000000000000021e-02 1.777419354838709609e-01 1.422580645161290458e-01 2.680645161290322598e-01 3.225806451612903223e-04 3.225806451612903223e-04 1.645161290322580405e-02
5.319148936170212854e-04 5.319148936170212854e-04 3.196808510638298184e-01 5.319148936170212854e-04 5.319148936170212854e-04 5.319148936170212854e-04 2.712765957446808263e-02 5.319148936170212854e-04 6.494680851063829863e-01 5.319148936170212854e-04
1.721311475409836173e-02 2.540983606557377025e-02 1.975409836065573910e-01 8.196721311475409829e-04 8.196721311475409829e-04 8.196721311475409829e-04 4.999999999999999584e-02 8.196721311475409829e-04 7.057377049180327822e-01 8.196721311475409829e-04
6.250000000000000130e-04 6.250000000000000130e-04 6.312500000000000056e-02 6.250000000000000130e-04 6.250000000000000130e-04 3.812499999999999917e-02 1.312500000000000125e-02 3.068750000000000089e-01 6.250000000000000130e-04 5.756249999999999423e-01
1.482832618025750893e-01 3.907725321888411707e-01 2.381974248927038601e-02 3.240343347639484950e-02 1.890557939914163099e-01 2.145922746781116035e-04 5.600858369098712930e-02 1.118025751072961455e-01 4.313304721030043060e-02 4.506437768240343159e-03
4.482456140350877249e-01 1.149122807017543824e-01 8.771929824561403672e-04 8.771929824561403672e-04 7.105263157894736725e-02 8.771929824561403672e-04 8.771929824561403672e-04 8.771929824561403672e-04 8.771929824561403672e-04 3.605263157894736947e-01
1.601769911504425103e-01 8.849557522123895851e-04 8.849557522123895851e-04 8.849557522123895851e-04 9.823008849557522681e-02 8.849557522123895851e-04 5.398230088495575840e-02 8.849557522123895851e-04 6.823008849557522515e-01 8.849557522123895851e-04
2.426035502958579990e-02 5.917159763313610630e-04 7.106508875739645514e-01 1.834319526627219143e-02 2.426035502958579990e-02 5.917159763313610630e-04 1.544378698224852520e-01 5.917159763313610630e-04 6.568047337278107300e-02 5.917159763313610630e-04
2.228070175438597034e-01 1.760233918128655262e-01 5.847953216374270199e-04 4.801169590643275531e-01 7.660818713450293083e-02 5.847953216374270199e-04 5.847953216374270199e-04 5.847953216374270199e-04 5.847953216374270199e-04 4.152046783625731180e-02
5.583756345177665580e-03 5.076142131979695686e-04 9.695431472081218749e-02 5.076142131979695686e-04 5.076142131979695686e-04 8.172588832487309718e-02 7.157360406091370364e-02 1.934010152284263984e-01 5.076142131979695686e-04 5.487309644670050890e-01
1.265734265734265729e-01 2.244755244755244905e-01 1.685314685314685534e-01 2.944055944055944396e-01 6.993006993006993001e-04 1.055944055944055965e-01 6.993006993006993001e-04 7.692307692307692735e-03 7.692307692307692735e-03 6.363636363636362980e-02
1.357487922705314098e-01 3.338164251207729194e-01 4.830917874396135686e-04 7.777777777777777901e-02 4.830917874396135686e-04 2.371980676328502569e-01 1.014492753623188505e-02 2.033816425120772986e-01 4.830917874396135686e-04 4.830917874396135686e-04
2.272727272727272725e-04 2.272727272727272725e-04 2.272727272727272725e-04 2.272727272727272725e-04 2.979545454545454164e-01 8.204545454545454641e-02 2.272727272727272725e-04 5.570454545454545103e-01 6.159090909090909199e-02 2.272727272727272725e-04
3.350109409190371590e-01 8.118161925601750928e-02 2.188183807439825028e-04 2.562363238512034846e-01 1.446389496717724044e-01 1.074398249452954146e-01 4.398249452954048483e-02 2.188183807439825028e-04 2.188183807439825028e-04 3.085339168490153217e-02
1.764227642276422481e-01 7.886178861788618877e-02 1.924119241192411706e-02 5.937669376693767154e-01 3.008130081300812789e-02 4.363143631436314923e-02 2.710027100271002708e-04 2.710027100271002708e-04 2.710027100271002708e-04 5.718157181571816017e-02
6.181208053691276127e-01 1.348993288590604467e-01 6.711409395973156168e-04 1.281879194630872743e-01 4.765100671140939936e-02 6.711409395973156168e-04 2.080536912751678250e-02 6.711409395973156168e-04 7.382550335570471460e-03 4.093959731543624775e-02
8.547008547008547001e-04 8.547008547008547001e-04 3.512820512820513108e-01 8.547008547008547001e-04 1.794871794871795087e-02 2.649572649572649527e-02 2.829059829059829001e-01 2.487179487179487225e-01 5.213675213675213194e-02 1.794871794871795087e-02
4.201680672268908357e-04 1.722689075630252226e-02 1.722689075630252226e-02 4.201680672268908357e-04 5.084033613445378824e-02 1.726890756302521257e-01 4.201680672268908357e-04 5.130252100840336782e-01 4.201680672268908357e-04 2.273109243697479243e-01
1.055000000000000104e-01 1.504999999999999949e-01 5.000000000000000104e-04 5.000000000000000104e-04 1.055000000000000104e-01 5.000000000000000104e-04 1.405000000000000138e-01 5.000000000000000104e-04 6.049999999999999822e-02 4.354999999999999982e-01
3.846153846153846367e-03 3.846153846153846367e-03 8.076923076923077371e-02 1.961538461538461509e-01 3.846153846153846367e-03 2.346153846153846145e-01 4.653846153846153966e-01 3.846153846153846367e-03 3.846153846153846367e-03 3.846153846153846367e-03
7.662037037037036646e-02 4.189814814814814270e-02 5.578703703703703082e-02 7.988425925925924931e-01 1.180555555555555351e-02 2.314814814814814632e-04 2.314814814814814632e-04 2.314814814814814632e-04 2.314814814814814632e-04 1.412037037037036820e-02
1.987179487179487752e-02 6.410256410256411335e-04 3.910256410256410936e-02 6.673076923076923794e-01 6.410256410256411335e-04 6.410256410256411335e-04 3.269230769230769412e-02 3.269230769230769412e-02 2.057692307692308153e-01 6.410256410256411335e-04
3.256024096385541911e-01 2.111445783132530063e-01 3.945783132530120141e-02 7.861445783132529896e-02 1.117469879518072362e-01 1.234939759036144530e-02 3.313253012048193117e-03 7.861445783132529896e-02 3.012048192771084603e-04 1.388554216867469993e-01
1.971887550200803474e-01 1.244979919678715005e-02 7.269076305220885381e-02 6.871485943775100802e-01 4.417670682730924156e-03 4.417670682730924156e-03 4.417670682730924156e-03 4.016064257028113165e-04 4.016064257028113165e-04 1.646586345381526040e-02
9.708737864077671663e-04 1.174757281553398119e-01 6.708737864077670698e-01 3.009708737864077999e-02 9.708737864077671663e-04 9.708737864077671663e-04 1.757281553398058749e-01 9.708737864077671663e-04 9.708737864077671663e-04 9.708737864077671663e-04
3.928395061728394699e-01 9.654320987654321784e-02 6.197530864197531297e-02 2.716049382716049718e-03 6.691358024691358708e-02 2.716049382716049718e-03 2.669135802469135843e-01 3.481481481481481233e-02 5.185185185185185036e-03 6.938271604938271719e-02
