6.535947712418301286e-04 6.535947712418301286e-04 6.535947712418301286e-04 8.562091503267973969e-02 2.026143790849673290e-02 6.535947712418301286e-04 1.836601307189542620e-01 6.535947712418301286e-04 6.535947712418301286e-04 1.705882352941176516e-01 3.013071895424836444e-01 6.535947712418301286e-04 6.535947712418301286e-04 6.535947712418301286e-04 6.535947712418301286e-04 6.535947712418301286e-04 3.333333333333333287e-02 6.535947712418301286e-04 4.640522875816992937e-02 2.026143790849673290e-02 6.535947712418301286e-04 5.294117647058823456e-02 6.535947712418301286e-04 6.535947712418301286e-04 6.535947712418301286e-04 6.535947712418301286e-04 1.372549019607843118e-02 6.535947712418301286e-04 5.947712418300653281e-02 6.535947712418301286e-04
4.607843137254900162e-02 3.594771241830064298e-03 3.267973856209149559e-04 1.539215686274509332e-01 3.267973856209149559e-04 1.604575163398692383e-01 3.267973856209149559e-04 3.267973856209149559e-04 3.267973856209149559e-04 3.267973856209149559e-04 3.267973856209149559e-04 8.856209150326795065e-02 7.549019607843135415e-02 3.954248366013070337e-02 3.594771241830064298e-03 1.016339869281045472e-01 3.627450980392155078e-02 3.267973856209149559e-04 3.594771241830064298e-03 4.281045751633984903e-02 1.666666666666665950e-02 3.267973856209149559e-04 5.261437908496730681e-02 3.267973856209149559e-04 4.607843137254900162e-02 3.267973856209149559e-04 1.013071895424836298e-02 3.267973856209149559e-04 3.267973856209149559e-04 1.147058823529411437e-01
1.655629139072847139e-04 8.443708609271519810e-03 5.249999999999998002e-01 1.655629139072847139e-04 7.632450331125825715e-02 1.655629139072847139e-04 1.655629139072847139e-04 1.655629139072847139e-04 1.655629139072847139e-04 1.655629139072847139e-04 1.655629139072847139e-04 1.655629139072847139e-04 1.655629139072847139e-04 1.821192052980131907e-03 1.655629139072847139e-04 1.655629139072847139e-04 4.486754966887415708e-02 1.655629139072847139e-04 4.155629139072846562e-02 2.831125827814568591e-02 1.655629139072847139e-04 2.187086092715230801e-01 5.132450331125825750e-03 8.443708609271519810e-03 2.003311258278145032e-02 1.655629139072847139e-04 1.655629139072847139e-04 1.655629139072847139e-04 1.837748344370860112e-02 1.655629139072847139e-04
3.105590062111800815e-04 3.574534161490682260e-01 3.105590062111800815e-04 6.521739130434781387e-03 1.273291925465838172e-02 3.416149068322981222e-03 4.689440993788818873e-02 5.621118012422359617e-02 3.105590062111800815e-04 3.105590062111800815e-04 5.310559006211179600e-02 3.105590062111800815e-04 3.105590062111800815e-04 3.105590062111800815e-04 3.105590062111800815e-04 1.273291925465838172e-02 6.863354037267080376e-02 3.105590062111800815e-04 3.105590062111800815e-04 3.105590062111800815e-04 1.273291925465838172e-02 3.105590062111800815e-04 4.689440993788818873e-02 8.105590062111800442e-02 3.105590062111800815e-04 3.416149068322981222e-03 3.447204968944098807e-02 3.105590062111800815e-04 9.658385093167701219e-02 1.027950310559006125e-01
4.098360655737705999e-04 4.098360655737705999e-04 4.098360655737705999e-04 4.508196721311476599e-03 4.098360655737705999e-04 6.151639344262296305e-01 8.606557377049182597e-03 4.098360655737705999e-04 4.098360655737705999e-04 4.098360655737705999e-04 4.508196721311476599e-03 3.319672131147541339e-02 1.270491803278688860e-02 4.508196721311476599e-03 4.098360655737705999e-04 4.098360655737705999e-04 4.098360655737705999e-04 4.098360655737705999e-04 4.508196721311476599e-03 4.098360655737705999e-04 4.098360655737705999e-04 4.959016393442623738e-02 4.098360655737705999e-04 4.098360655737705999e-04 2.909836065573771086e-02 1.270491803278688860e-02 4.098360655737705999e-04 3.729508196721312285e-02 4.098360655737705999e-04 1.766393442622951337e-01
3.190810465858328644e-05 3.509891512444161441e-04 3.022016592214423203e-01 3.190810465858328644e-05 3.190810465858328644e-05 3.190810465858328644e-05 2.154116145500957757e-01 3.190810465858328644e-05 8.647096362476069942e-03 3.190810465858328644e-05 3.190810465858328644e-05 5.137204850031909693e-03 3.190810465858328644e-05 3.190810465858328644e-05 3.190810465858328644e-05 3.190810465858328644e-05 8.012125079770263114e-02 3.190810465858328644e-05 3.509891512444161441e-04 3.190810465858328644e-05 1.308232291001914507e-03 4.693682195277600749e-02 9.604339502233568901e-03 2.265475430759413249e-03 3.190810465858328644e-05 3.190810465858328644e-05 3.264518187619656064e-01 3.190810465858328644e-05 3.190810465858328644e-05 6.700701978302489679e-04
1.508295625942684287e-04 4.435897435897434571e-01 1.508295625942684287e-04 6.048265460030163854e-02 2.428355957767721826e-02 1.508295625942684287e-04 7.556561085972848812e-02 5.444947209653090009e-02 7.692307692307689265e-03 1.508295625942684287e-04 4.675716440422320909e-03 1.508295625942684287e-04 1.508295625942684287e-04 4.675716440422320909e-03 1.508295625942684287e-04 1.508295625942684287e-04 3.936651583710406438e-02 1.508295625942684287e-04 5.294117647058822068e-02 1.508295625942684287e-04 1.508295625942684287e-04 1.508295625942684287e-04 6.349924585218701123e-02 1.975867269984916269e-02 6.184012066365004653e-03 1.372549019607842598e-02 1.508295625942684287e-04 1.508295625942684287e-04 4.690799396681748223e-02 8.009049773755654023e-02
1.432664756446991035e-04 4.127507163323781425e-01 1.432664756446991035e-04 3.595988538681947622e-02 1.733524355300859049e-02 1.432664756446991035e-04 7.893982808022920183e-02 7.750716332378221329e-02 1.590257879656159848e-02 1.575931232091690084e-03 8.739255014326643631e-03 1.432664756446991035e-04 1.432664756446991035e-04 7.306590257879653355e-03 1.432664756446991035e-04 1.432664756446991035e-04 3.452722063037248074e-02 1.432664756446991035e-04 5.028653295128938244e-02 1.432664756446991035e-04 1.432664756446991035e-04 1.432664756446991035e-04 6.604584527220629109e-02 1.590257879656159848e-02 1.590257879656159848e-02 1.017191977077363564e-02 1.432664756446991035e-04 1.432664756446991035e-04 6.318051575931230013e-02 8.610315186246415842e-02
1.765734265734265201e-02 3.078671328671327978e-01 8.916083916083913583e-03 4.737762237762237205e-02 1.590909090909090398e-02 1.748251748251747979e-04 1.645104895104894660e-01 1.416083916083915768e-02 3.513986013986013235e-02 1.748251748251747979e-04 1.748251748251747979e-04 1.748251748251747979e-04 2.115384615384614808e-02 7.167832167832165549e-03 1.923076923076922750e-03 2.115384615384614808e-02 6.311188811188810088e-02 1.748251748251747979e-04 8.583916083916082185e-02 1.748251748251747979e-04 2.465034965034964415e-02 1.748251748251747979e-04 1.748251748251747979e-04 4.737762237762237205e-02 1.748251748251747979e-04 1.748251748251747979e-04 3.339160839160838778e-02 3.671328671328670783e-03 5.611888111888110875e-02 2.115384615384614808e-02
2.499999999999999445e-02 3.511589403973509049e-01 1.655629139072847410e-04 3.493377483443708270e-02 1.821192052980132340e-03 1.655629139072847410e-04 6.804635761589403198e-02 8.294701986754965395e-02 1.655629139072847410e-04 1.655629139072847410e-04 1.655629139072847410e-04 1.655629139072847410e-04 1.655629139072847410e-04 1.655629139072847410e-04 1.655629139072847410e-04 1.655629139072847410e-04 8.129139072847681169e-02 1.506622516556290967e-02 2.665562913907284365e-02 1.655629139072847410e-04 1.655629139072847410e-04 1.655629139072847410e-04 7.301324503311257264e-02 3.162251655629138430e-02 2.831125827814569285e-02 1.821192052980132340e-03 1.655629139072847410e-04 1.655629139072847410e-04 4.486754966887416401e-02 1.309602649006622044e-01
2.956989247311827412e-03 4.330645161290321288e-01 2.688172043010752144e-04 2.688172043010752144e-04 5.645161290322579448e-03 2.956989247311827412e-03 7.553763440860213063e-02 1.239247311827956638e-01 2.956989247311827412e-03 2.688172043010752144e-04 2.688172043010752144e-04 4.327956989247310621e-02 2.688172043010752144e-04 2.688172043010752144e-04 2.688172043010752144e-04 2.688172043010752144e-04 7.016129032258063003e-02 2.688172043010752144e-04 1.370967741935483382e-02 5.645161290322579448e-03 2.715053763440859400e-02 2.688172043010752144e-04 1.185483870967741632e-01 2.688172043010752144e-04 2.688172043010752144e-04 1.102150537634408178e-02 1.370967741935483382e-02 2.688172043010752144e-04 3.252688172043009807e-02 1.370967741935483382e-02
3.579881656804732859e-02 6.538461538461537437e-02 2.958579881656804231e-04 1.508875739644970071e-02 2.958579881656804231e-04 2.958579881656804231e-04 2.958579881656804231e-04 2.988165680473372013e-02 2.958579881656804231e-04 2.958579881656804231e-04 2.958579881656804231e-04 2.958579881656804231e-04 2.958579881656804231e-04 6.213017751479288885e-03 6.213017751479288885e-03 2.958579881656804231e-04 1.186390532544378540e-01 2.396449704142011167e-02 4.171597633136094052e-02 2.958579881656804231e-04 2.958579881656804231e-04 2.958579881656804231e-04 2.958579881656804231e-04 3.878698224852070164e-01 2.958579881656804231e-04 1.804733727810650321e-02 7.721893491124259823e-02 2.958579881656804231e-04 2.958579881656804231e-04 1.689349112426035138e-01
3.459915611814347054e-03 2.455696202531646583e-02 8.438818565400847563e-05 1.401687763713080626e-01 1.358649789029536467e-02 1.274261603375527810e-02 2.642194092827005458e-01 2.033755274261604337e-02 8.438818565400847563e-05 8.438818565400847563e-05 8.438818565400847563e-05 8.438818565400847563e-05 5.662447257383967925e-02 2.802531645569621421e-01 8.438818565400847563e-05 8.438818565400847563e-05 2.624472573839663550e-02 8.438818565400847563e-05 2.371308016877638272e-02 2.616033755274262650e-03 6.168776371308018480e-02 8.438818565400847563e-05 7.679324894514770808e-03 5.147679324894516295e-03 9.282700421940932997e-04 8.438818565400847563e-05 8.438818565400847563e-05 2.118143459915612647e-02 3.215189873417723110e-02 1.772151898734178029e-03
8.849557522123896935e-04 8.849557522123896935e-04 8.849557522123896935e-04 3.991150442477877092e-01 3.628318584070797104e-02 8.938053097345134701e-02 6.283185840707965208e-02 8.849557522123896935e-04 8.849557522123896935e-04 7.168141592920355964e-02 8.849557522123896935e-04 8.849557522123896935e-04 8.849557522123896935e-04 8.849557522123896935e-04 8.849557522123896935e-04 8.849557522123896935e-04 2.743362831858407735e-02 2.743362831858407735e-02 8.849557522123896935e-04 8.849557522123896935e-04 8.849557522123896935e-04 9.734513274336286520e-03 1.159292035398230281e-01 8.849557522123896935e-04 8.849557522123896935e-04 8.849557522123896935e-04 8.849557522123896935e-04 9.823008849557524069e-02 1.858407079646018367e-02 2.743362831858407735e-02
1.795332136445242489e-04 3.770197486535009201e-03 1.795332136445242489e-04 7.378815080789946634e-02 1.795332136445242489e-04 3.770197486535009201e-03 3.700179533213644456e-01 5.565529622980251202e-03 5.565529622980251202e-03 1.795332136445242489e-04 1.795332136445242489e-04 1.974865350089766766e-03 3.967684021543985834e-02 1.384201077199281871e-01 1.795332136445242489e-04 1.633752244165170495e-02 9.156193895870735205e-03 1.795332136445242489e-04 1.795332136445242489e-04 1.795332136445242489e-04 1.527827648114901127e-01 1.795332136445242489e-04 4.685816876122082808e-02 1.795332136445242489e-04 1.795332136445242489e-04 1.795332136445242489e-04 1.795332136445242489e-04 9.892280071813286391e-02 3.070017953321364790e-02 1.795332136445242489e-04
3.236245954692555595e-04 3.236245954692555595e-04 6.796116504854367128e-03 3.236245954692555595e-04 2.944983818770225206e-02 3.236245954692555595e-04 3.915857605177992112e-02 3.236245954692555595e-04 3.236245954692555595e-04 3.236245954692555595e-04 3.236245954692555595e-04 3.559870550161811208e-03 3.236245954692555595e-04 3.236245954692555595e-04 3.559870550161811208e-03 5.857605177993525924e-02 1.326860841423947550e-02 3.236245954692555595e-04 3.559870550161811208e-03 3.236245954692555595e-04 3.236245954692555595e-04 5.210355987055014654e-02 5.857605177993525924e-02 1.650485436893203012e-02 3.236245954692555595e-04 5.990291262135919448e-01 3.592233009708736130e-02 3.236245954692555595e-04 7.475728155339803060e-02 3.236245954692555595e-04
1.332082551594746325e-02 1.876172607879924680e-04 5.816135084427766049e-03 1.876172607879924680e-04 1.876172607879924680e-04 1.876172607879924680e-04 9.024390243902437325e-02 2.063789868667917013e-03 1.876172607879924680e-04 1.876172607879924680e-04 1.876172607879924680e-04 1.519699812382738907e-02 1.876172607879924680e-04 2.063789868667917013e-03 1.876172607879924680e-04 1.953095684803001220e-01 1.296435272045027842e-01 1.876172607879924680e-04 4.333958724202625901e-02 1.876172607879924680e-04 3.939962476547841964e-03 1.876172607879924680e-04 2.816135084427766611e-01 1.144465290806753917e-02 3.939962476547841964e-03 1.876172607879924680e-04 1.876172607879924680e-04 4.896810506566603299e-02 1.876172607879924680e-04 1.502814258911819578e-01
3.144654088050313767e-04 1.292452830188678958e-01 3.144654088050313767e-04 3.144654088050313767e-04 9.748427672955970943e-03 3.459119496855345144e-03 4.748427672955973095e-02 3.144654088050313767e-04 6.320754716981130672e-02 3.144654088050313767e-04 7.264150943396224802e-02 3.144654088050313767e-04 3.144654088050313767e-04 3.144654088050313767e-04 1.512578616352200644e-01 3.144654088050313767e-04 3.176100628930816211e-02 6.320754716981130672e-02 3.144654088050313767e-04 1.166666666666666269e-01 3.144654088050313767e-04 3.144654088050313767e-04 4.119496855345910341e-02 3.144654088050313767e-04 2.455974842767294497e-01 1.289308176100628298e-02 3.144654088050313767e-04 3.144654088050313767e-04 6.603773584905658044e-03 3.144654088050313767e-04
3.649635036496349594e-04 3.649635036496349594e-04 3.649635036496349594e-04 3.649635036496349594e-04 6.062043795620436493e-01 3.649635036496349594e-04 4.014598540145984662e-03 3.649635036496349594e-04 3.649635036496349594e-04 3.321167883211677968e-02 1.572992700729926863e-01 3.649635036496349594e-04 2.956204379562043030e-02 1.496350364963503279e-02 4.014598540145984662e-03 1.496350364963503279e-02 3.649635036496349594e-04 3.649635036496349594e-04 5.875912408759123573e-02 3.649635036496349594e-04 3.649635036496349594e-04 3.649635036496349594e-04 3.649635036496349594e-04 3.649635036496349594e-04 3.649635036496349594e-04 2.956204379562043030e-02 3.649635036496349594e-04 3.686131386861313253e-02 3.649635036496349594e-04 4.014598540145984662e-03
2.898550724637680544e-04 4.553623188405795386e-01 2.898550724637680544e-04 2.898550724637680544e-04 2.898550724637680544e-04 2.898550724637680544e-04 1.249275362318840177e-01 6.115942028985505569e-02 2.898550724637680544e-04 2.898550724637680544e-04 2.898550724637680544e-04 2.898550724637680544e-04 2.898550724637680544e-04 2.898550724637680544e-04 2.898550724637680544e-04 2.927536231884056775e-02 1.249275362318840177e-01 2.898550724637680544e-04 2.898550724637680544e-04 2.898550724637680544e-04 1.478260869565216871e-02 2.898550724637680544e-04 2.898550724637680544e-04 3.188405797101448273e-03 4.376811594202897199e-02 8.985507246376808060e-03 6.086956521739128601e-03 2.898550724637680544e-04 2.898550724637680544e-04 1.220289855072463348e-01
7.751937984496128260e-04 7.751937984496128260e-04 8.527131782945741520e-03 1.627906976744186718e-02 6.054263565891475629e-01 7.751937984496128260e-04 7.751937984496128260e-04 1.627906976744186718e-02 7.751937984496128260e-04 7.751937984496128260e-04 7.751937984496128260e-04 1.325581395348837954e-01 2.403100775193799457e-02 7.751937984496128260e-04 7.751937984496128260e-04 8.527131782945741520e-03 7.751937984496128260e-04 7.751937984496128260e-04 1.713178294573644289e-01 7.751937984496128260e-04 7.751937984496128260e-04 7.751937984496128260e-04 7.751937984496128260e-04 7.751937984496128260e-04 7.751937984496128260e-04 7.751937984496128260e-04 7.751937984496128260e-04 7.751937984496128260e-04 7.751937984496128260e-04 7.751937984496128260e-04
1.217171717171717654e-01 5.050505050505052669e-04 5.050505050505052669e-04 5.050505050505052669e-04 5.050505050505052669e-04 5.050505050505052669e-04 2.277777777777778567e-01 1.565656565656566024e-02 5.050505050505052669e-04 5.555555555555557502e-03 5.050505050505052669e-04 5.050505050505052669e-04 4.595959595959597105e-02 5.050505050505052669e-04 2.070707070707071204e-02 2.833333333333334370e-01 1.060606060606061017e-02 5.050505050505052669e-04 1.469696969696970279e-01 5.050505050505052669e-04 5.050505050505052669e-04 5.050505050505052669e-04 5.101010101010102632e-02 5.606060606060607465e-02 5.050505050505052669e-04 5.050505050505052669e-04 5.050505050505052669e-04 5.050505050505052669e-04 5.555555555555557502e-03 5.050505050505052669e-04
2.242152466367712484e-04 2.242152466367712484e-04 5.383408071748877477e-01 6.950672645739908347e-03 2.040358744394618271e-02 2.242152466367712484e-04 2.242152466367712484e-04 2.242152466367712484e-04 2.242152466367712484e-04 2.242152466367712484e-04 2.242152466367712484e-04 2.242152466367712484e-04 2.242152466367712484e-04 2.242152466367712484e-04 2.242152466367712484e-04 2.242152466367712484e-04 3.161434977578474192e-02 2.242152466367712484e-04 2.713004484304932032e-02 2.937219730941703286e-02 2.242152466367712484e-04 3.365470852017936054e-01 2.242152466367712484e-04 4.708520179372196676e-03 2.242152466367712484e-04 2.242152466367712484e-04 2.242152466367712484e-04 2.242152466367712484e-04 2.242152466367712484e-04 2.242152466367712484e-04
3.941368078175894185e-02 3.257328990228012091e-04 1.986970684039087234e-02 3.583061889250813408e-03 7.136807817589573277e-01 3.257328990228012091e-04 3.257328990228012091e-04 3.257328990228012091e-04 1.009771986970683759e-02 1.335504885993484686e-02 7.524429967426707333e-02 3.257328990228012091e-04 3.257328990228012091e-04 1.661237785016285787e-02 3.257328990228012091e-04 1.009771986970683759e-02 3.257328990228012091e-04 3.257328990228012091e-04 3.289902280130291984e-02 3.257328990228012091e-04 3.583061889250813408e-03 1.661237785016285787e-02 3.257328990228012091e-04 3.257328990228012091e-04 3.941368078175894185e-02 3.257328990228012091e-04 3.257328990228012091e-04 3.257328990228012091e-04 3.257328990228012091e-04 3.257328990228012091e-04
1.594896331738436415e-04 1.594896331738436415e-04 1.594896331738436415e-04 3.205741626794257615e-02 1.594896331738436415e-04 9.728867623604461889e-03 7.830940988835723149e-02 6.076555023923443238e-02 4.960127591706537525e-02 1.132376395534289738e-02 1.594896331738436415e-04 4.003189792663475882e-02 1.594896331738436415e-04 9.728867623604461889e-03 7.830940988835723149e-02 9.728867623604461889e-03 8.947368421052628862e-02 5.119617224880380901e-02 3.524720893141945061e-02 1.594896331738436415e-04 5.598086124401912417e-02 1.754385964912280301e-03 3.046251993620413892e-02 8.468899521531098040e-02 1.484848484848484140e-01 5.757575757575755793e-02 1.594896331738436415e-04 1.594896331738436415e-04 1.594896331738436415e-04 6.395534290271130684e-02
4.458598726114648692e-03 9.363057324840762252e-02 2.123142250530785091e-04 2.781316348195328469e-02 1.719745222929935924e-02 2.123142250530785091e-04 4.904458598726113561e-02 1.932059447983014433e-02 1.507430997876857241e-02 2.123142250530785091e-04 2.123142250530785091e-04 3.842887473460721015e-02 8.704883227176217139e-03 1.295116772823778732e-02 1.148619957537154734e-01 2.123142250530785091e-04 1.148619957537154734e-01 2.123142250530785091e-04 3.842887473460721015e-02 2.123142250530785091e-04 2.123142250530785091e-04 1.295116772823778732e-02 6.815286624203820143e-02 2.356687898089171451e-02 1.148619957537154734e-01 1.509554140127387922e-01 2.123142250530785091e-04 2.356687898089171451e-02 4.904458598726113561e-02 2.123142250530785091e-04
3.300330033003299286e-04 3.300330033003299286e-04 1.353135313531352545e-02 2.673267326732672172e-02 3.300330033003299286e-04 1.683168316831682582e-02 3.300330033003299286e-04 4.260726072607258774e-01 7.953795379537950683e-02 3.300330033003299286e-04 3.300330033003299286e-04 4.983498349834981217e-02 3.300330033003299286e-04 3.630363036303629106e-03 3.333333333333331899e-02 3.300330033003299286e-04 1.554455445544553893e-01 3.630363036303629106e-03 2.343234323432342309e-02 3.300330033003299286e-04 3.630363036303629106e-03 3.300330033003299286e-04 8.613861386138610410e-02 3.300330033003299286e-04 6.963696369636961092e-02 3.300330033003299286e-04 3.300330033003299286e-04 3.300330033003299286e-04 3.630363036303629106e-03 3.300330033003299286e-04
4.989821882951652188e-01 2.544529262086513426e-04 2.544529262086513426e-04 2.544529262086513426e-04 2.798982188295164823e-03 2.544529262086513426e-04 5.114503816793892349e-02 2.544529262086513426e-04 2.544529262086513426e-04 2.544529262086513426e-04 2.544529262086513426e-04 2.798982188295164823e-03 2.544529262086513426e-04 2.544529262086513426e-04 2.544529262086513426e-04 1.274809160305343247e-01 4.605597964376589165e-02 2.544529262086513426e-04 1.071246819338422113e-01 2.544529262086513426e-04 2.544529262086513426e-04 2.544529262086513426e-04 4.096692111959286675e-02 7.404580152671753901e-02 2.544529262086513426e-04 2.544529262086513426e-04 2.544529262086513426e-04 2.544529262086513426e-04 4.351145038167938267e-02 2.544529262086513426e-04
7.518796992481204542e-04 2.330827067669173636e-02 7.518796992481204542e-04 1.812030075187970324e-01 3.834586466165414154e-02 7.518796992481204542e-04 3.834586466165414154e-02 7.518796992481204542e-04 7.518796992481204542e-04 7.518796992481204542e-04 7.518796992481204542e-04 7.518796992481204542e-04 2.563909774436091138e-01 7.518796992481204542e-04 8.270676691729325972e-03 7.518796992481204542e-04 7.518796992481204542e-04 7.518796992481204542e-04 7.518796992481204542e-04 7.518796992481204542e-04 7.518796992481204542e-04 7.518796992481204542e-04 8.270676691729325972e-03 8.270676691729325972e-03 7.518796992481204542e-04 7.518796992481204542e-04 7.518796992481204542e-04 1.511278195488722220e-01 2.714285714285715190e-01 7.518796992481204542e-04
3.597122302158272376e-04 7.553956834532371718e-03 3.597122302158272376e-04 3.597122302158272376e-04 1.115107913669064268e-02 3.597122302158272376e-04 3.597122302158272376e-04 2.194244604316545819e-02 4.212230215827336144e-01 1.474820143884891278e-02 3.597122302158272376e-04 7.949640287769781100e-02 3.956834532374099017e-03 7.553956834532371718e-03 1.118705035971222644e-01 6.151079136690645183e-02 8.309352517985608977e-02 3.597122302158272376e-04 4.352517985611508572e-02 3.597122302158272376e-04 3.597122302158272376e-04 3.597122302158272376e-04 2.913669064748200185e-02 7.230215827338126733e-02 3.597122302158272376e-04 3.597122302158272376e-04 3.597122302158272376e-04 3.597122302158272376e-04 3.597122302158272376e-04 2.553956834532373002e-02
3.717472118959108283e-04 7.806691449814127069e-03 3.717472118959108283e-04 3.349442379182155927e-01 1.490706319702602145e-01 3.717472118959108283e-04 4.089219330855018569e-03 3.717472118959108283e-04 1.524163568773234147e-02 1.524163568773234147e-02 1.453531598513011225e-01 7.806691449814127069e-03 1.152416356877323383e-02 3.717472118959108283e-04 3.717472118959108283e-04 3.717472118959108283e-04 3.717472118959108283e-04 3.717472118959108283e-04 1.936802973977695130e-01 3.717472118959108283e-04 4.089219330855018569e-03 3.717472118959108283e-04 4.089219330855018569e-03 3.717472118959108283e-04 3.717472118959108283e-04 3.717472118959108283e-04 3.717472118959108283e-04 2.639405204460966436e-02 6.356877323420075110e-02 1.152416356877323383e-02
3.630363036303629106e-03 3.300330033003299286e-04 2.343234323432342309e-02 3.630363036303629106e-03 3.630363036303629106e-03 1.353135313531352545e-02 3.300330033003299286e-04 4.557755775577556068e-01 4.323432343234321490e-02 3.300330033003299286e-04 3.300330033003299286e-04 2.673267326732672172e-02 3.300330033003299286e-04 1.023102310231022681e-02 2.343234323432342309e-02 3.300330033003299286e-04 1.851485148514850909e-01 3.630363036303629106e-03 3.300330033003299286e-04 3.300330033003299286e-04 3.003300330033002036e-02 1.023102310231022681e-02 7.623762376237620819e-02 2.013201320132012445e-02 4.323432343234321490e-02 2.013201320132012445e-02 3.300330033003299286e-04 3.300330033003299286e-04 3.300330033003299286e-04 3.300330033003299286e-04
9.622047244094485141e-02 1.574803149606298865e-04 1.574803149606298865e-04 1.574803149606298865e-04 1.574803149606298865e-04 1.574803149606298865e-04 2.692913385826770784e-02 1.574803149606298865e-04 1.574803149606298865e-04 1.574803149606298865e-04 1.574803149606298865e-04 2.535433070866141211e-02 4.881889763779526104e-03 1.574803149606298865e-04 1.574803149606298865e-04 2.285039370078739140e-01 2.143307086614172352e-01 1.574803149606298865e-04 3.007874015748030622e-02 1.574803149606298865e-04 1.574803149606298865e-04 1.433070866141731778e-02 2.426771653543306206e-01 8.362204724409445789e-02 1.732283464566928589e-03 3.307086614173227346e-03 1.748031496062991616e-02 1.574803149606298865e-04 8.031496062992122750e-03 1.574803149606298865e-04
5.988023952095810482e-04 1.856287425149701423e-02 5.988023952095810482e-04 5.988023952095810482e-04 5.988023952095810482e-04 5.994011976047906032e-01 1.257485029940120201e-02 5.988023952095810482e-04 5.988023952095810482e-04 6.586826347305392397e-03 5.988023952095810482e-04 1.856287425149701423e-02 5.988023952095810482e-04 5.988023952095810482e-04 5.988023952095810482e-04 5.988023952095810482e-04 5.988023952095810482e-04 5.988023952095810482e-04 3.652694610778443873e-02 3.053892215568863172e-02 5.988023952095810482e-04 5.988023952095810482e-04 5.988023952095810482e-04 5.988023952095810482e-04 5.988023952095810482e-04 1.257485029940120201e-02 5.988023952095810482e-04 5.988023952095810482e-04 5.988023952095810482e-04 2.520958083832336438e-01
4.484304932735427135e-04 6.771300448430495056e-02 4.484304932735427135e-04 4.484304932735427135e-04 4.484304932735427135e-04 3.632286995515696115e-02 4.484304932735427135e-04 4.484304932735427135e-04 4.484304932735427135e-04 4.484304932735427135e-04 4.484304932735427135e-04 4.484304932735427135e-04 4.977578475336323638e-02 4.484304932735427135e-04 4.484304932735427135e-04 4.932735426008970012e-03 2.286995515695067552e-02 4.484304932735427135e-04 1.663677130044843577e-01 4.484304932735427135e-04 1.708520179372197689e-01 4.484304932735427135e-04 3.632286995515696115e-02 2.735426008968610406e-02 4.484304932735427135e-04 4.484304932735427135e-04 4.484304932735427135e-04 4.484304932735427135e-04 4.085201793721973673e-01 4.484304932735427135e-04
6.993006993006995169e-04 6.993006993006995169e-04 6.993006993006995169e-04 6.993006993006995169e-04 2.867132867132867607e-02 6.993006993006995169e-04 1.468531468531468834e-02 2.167832167832168394e-02 3.083916083916084516e-01 1.468531468531468834e-02 1.965034965034965497e-01 6.993006993006995169e-04 6.993006993006995169e-04 6.993006993006995169e-04 1.055944055944056104e-01 7.692307692307694469e-03 4.265734265734266034e-02 6.993006993006995169e-04 1.468531468531468834e-02 7.692307692307694469e-03 6.993006993006995169e-04 1.685314685314685812e-01 6.993006993006995169e-04 2.167832167832168394e-02 1.468531468531468834e-02 2.167832167832168394e-02 6.993006993006995169e-04 6.993006993006995169e-04 6.993006993006995169e-04 6.993006993006995169e-04
2.590673575129533016e-04 4.689119170984454993e-02 2.616580310880828319e-02 2.616580310880828319e-02 2.590673575129533016e-04 2.590673575129533016e-04 2.590673575129533016e-04 2.590673575129533016e-04 2.590673575129533016e-04 2.590673575129533016e-04 2.360103626943004240e-01 2.645077720207252847e-01 2.590673575129533016e-04 5.207253886010361488e-02 2.590673575129533016e-04 2.849740932642486589e-03 2.590673575129533016e-04 5.466321243523315082e-02 2.590673575129533016e-04 5.984455958549221577e-02 2.590673575129533016e-04 1.064766839378238072e-01 3.393782383419687715e-02 2.590673575129533016e-04 5.207253886010361488e-02 2.590673575129533016e-04 2.590673575129533016e-04 3.393782383419687715e-02 2.590673575129533016e-04 2.590673575129533016e-04
1.835365853658537105e-01 6.097560975609757176e-04 6.097560975609757176e-04 6.097560975609757176e-04 6.097560975609757176e-04 6.097560975609757176e-04 6.097560975609757176e-04 6.097560975609757176e-04 6.097560975609757176e-04 6.097560975609757176e-04 6.097560975609757176e-04 6.097560975609757176e-04 6.097560975609757176e-04 6.097560975609757176e-04 6.097560975609757176e-04 6.097560975609757176e-04 1.225609756097561232e-01 6.097560975609757176e-04 1.280487804878049050e-02 6.097560975609757176e-04 6.097560975609757176e-04 3.719512195121951748e-02 2.140243902439024903e-01 3.420731707317073989e-01 6.097560975609757176e-04 6.097560975609757176e-04 6.097560975609757176e-04 6.097560975609757176e-04 7.378048780487805880e-02 6.097560975609757176e-04
1.345895020188424935e-04 1.345895020188424935e-04 6.030955585464332636e-01 1.345895020188424935e-04 6.069986541049796763e-02 1.345895020188424935e-04 2.166890982503364219e-02 1.345895020188424935e-04 8.209959623149390776e-03 1.345895020188424935e-04 1.345895020188424935e-04 5.518169582772541881e-03 1.345895020188424935e-04 1.345895020188424935e-04 1.345895020188424935e-04 1.345895020188424935e-04 3.243606998654104123e-02 4.172274562584117434e-03 3.781965006729474249e-02 6.864064602960966328e-03 1.345895020188424935e-04 1.576043068640645417e-01 1.345895020188424935e-04 1.345895020188424935e-04 1.345895020188424935e-04 1.345895020188424935e-04 1.763122476446836451e-02 5.518169582772541881e-03 1.345895020188424935e-04 3.647375504710631544e-02
7.564575645756456586e-03 1.845018450184502062e-04 1.845018450184502062e-04 2.029520295202952296e-03 1.845018450184502062e-04 5.719557195571956312e-03 5.719557195571956312e-03 1.125461254612545973e-02 3.874538745387453870e-03 4.079335793357933282e-01 1.845018450184502062e-04 1.845018450184502062e-04 5.184501845018450739e-02 1.845018450184502062e-04 1.845018450184502062e-04 3.874538745387453870e-03 2.601476014760147407e-02 1.845018450184502062e-04 1.514760147601476037e-01 1.845018450184502062e-04 4.261992619926199821e-02 1.845018450184502062e-04 7.214022140221403034e-02 2.029520295202952296e-03 1.845018450184502062e-04 2.029520295202952296e-03 1.845018450184502062e-04 1.845018450184502062e-04 1.994464944649446403e-01 2.029520295202952296e-03
6.818181818181816116e-03 3.246753246753245666e-04 1.464285714285713802e-01 1.331168831168830571e-02 1.074675324675324339e-01 3.246753246753245666e-04 3.246753246753245666e-04 3.246753246753245666e-04 2.305194805194804228e-02 3.246753246753245666e-04 2.470779220779219798e-01 8.798701298701296081e-02 3.246753246753245666e-04 3.246753246753245666e-04 1.655844155844155008e-02 3.246753246753245666e-04 3.246753246753245666e-04 3.246753246753245666e-04 6.818181818181816116e-03 7.824675324675321730e-02 1.006493506493506135e-02 1.724025974025973351e-01 3.246753246753245666e-04 3.246753246753245666e-04 5.551948051948050328e-02 3.246753246753245666e-04 2.305194805194804228e-02 3.246753246753245666e-04 3.246753246753245666e-04 3.246753246753245666e-04
3.999999999999999216e-03 3.636363636363635602e-04 1.494545454545454233e-01 9.490909090909090129e-02 6.218181818181817144e-02 3.636363636363635602e-04 2.218181818181817755e-02 3.636363636363635602e-04 5.490909090909089352e-02 3.636363636363635602e-04 3.999999999999999216e-03 1.494545454545454233e-01 3.636363636363635602e-04 3.636363636363635602e-04 3.636363636363635602e-04 3.999999999999999216e-03 8.036363636363634544e-02 1.854545454545454206e-02 9.490909090909090129e-02 1.490909090909090483e-02 3.636363636363635602e-04 7.636363636363634709e-03 3.672727272727271952e-02 3.636363636363635602e-04 3.636363636363635602e-04 3.636363636363635602e-04 3.636363636363635602e-04 1.494545454545454233e-01 4.036363636363635155e-02 7.636363636363634709e-03
3.597122302158271292e-04 2.233812949640286427e-01 3.597122302158271292e-04 6.870503597122298856e-02 1.262589928057553101e-01 3.597122302158271292e-04 3.597122302158271292e-04 3.597122302158271292e-04 7.553956834532369984e-03 3.597122302158271292e-04 3.956834532374099017e-03 5.431654676258989428e-02 3.597122302158271292e-04 2.913669064748199491e-02 3.273381294964026328e-02 3.597122302158271292e-04 8.309352517985607589e-02 3.597122302158271292e-04 9.748201438848914935e-02 8.309352517985607589e-02 1.115107913669064095e-02 7.553956834532369984e-03 2.913669064748199491e-02 2.553956834532372308e-02 9.028776978417260568e-02 3.597122302158271292e-04 3.597122302158271292e-04 1.115107913669064095e-02 7.553956834532369984e-03 3.956834532374099017e-03
3.964856230031947315e-01 3.514376996805110721e-03 3.194888178913737019e-04 3.194888178913737019e-04 3.194888178913737019e-04 3.194888178913737019e-04 6.709265175718847306e-03 1.629392971246005836e-02 3.194888178913737019e-04 3.194888178913737019e-04 3.194888178913737019e-04 3.194888178913737019e-04 3.194888178913737019e-04 3.194888178913737019e-04 1.408945686900958116e-01 7.699680511182106779e-02 5.143769968051116470e-02 6.709265175718847306e-03 3.194888178913737019e-04 3.194888178913737019e-04 3.194888178913737019e-04 3.194888178913737019e-04 4.824281150159742682e-02 2.463258785942490925e-01 3.194888178913737019e-04 3.194888178913737019e-04 3.194888178913737019e-04 3.194888178913737019e-04 3.194888178913737019e-04 3.194888178913737019e-04
4.840375586854461232e-01 4.694835680751175224e-04 5.164319248826292584e-03 4.694835680751175224e-04 4.694835680751175224e-04 5.164319248826292584e-03 5.211267605633804201e-02 3.333333333333333981e-02 2.394366197183099218e-02 4.694835680751175224e-04 5.164319248826292584e-03 4.694835680751175224e-04 4.694835680751175224e-04 4.694835680751175224e-04 4.694835680751175224e-04 6.150234741784039311e-02 9.859154929577467266e-03 4.694835680751175224e-04 4.694835680751175224e-04 4.694835680751175224e-04 7.558685446009393016e-02 9.859154929577467266e-03 4.694835680751175224e-04 3.333333333333333981e-02 4.694835680751175224e-04 4.694835680751175224e-04 4.694835680751175224e-04 4.694835680751175224e-04 1.272300469483568508e-01 6.619718309859157213e-02
6.918238993710694625e-03 6.289308176100631871e-04 6.289308176100631871e-04 6.289308176100631871e-04 6.289308176100631871e-04 6.289308176100631871e-04 6.918238993710694625e-03 2.018867924528302826e-01 6.289308176100631871e-04 6.289308176100631871e-04 6.289308176100631871e-04 6.289308176100631871e-04 6.289308176100631871e-04 5.100628930817611151e-01 6.289308176100631871e-04 6.289308176100631871e-04 6.981132075471700726e-02 6.289308176100631871e-04 6.289308176100631871e-04 6.289308176100631871e-04 6.289308176100631871e-04 6.289308176100631871e-04 2.578616352201258677e-02 6.289308176100631871e-04 7.610062893081763480e-02 6.918238993710694625e-03 6.289308176100631871e-04 5.094339622641511078e-02 3.207547169811321430e-02 6.289308176100631871e-04
7.142857142857140032e-03 3.741496598639454819e-03 7.142857142857140032e-03 8.537414965986392379e-02 3.401360544217685755e-04 1.125850340136054090e-01 3.401360544217685755e-04 1.394557823129250959e-02 3.401360544217685755e-04 3.401360544217685755e-04 3.775510204081630738e-02 1.431972789115645850e-01 2.928571428571427049e-01 3.401360544217685755e-04 3.401360544217685755e-04 3.741496598639454819e-03 2.755102040816325218e-02 1.295918367346938216e-01 3.401360544217685755e-04 3.401360544217685755e-04 3.401360544217685755e-04 4.455782312925168215e-02 3.401360544217685755e-04 3.401360544217685755e-04 8.537414965986392379e-02 3.401360544217685755e-04 3.401360544217685755e-04 3.401360544217685755e-04 3.401360544217685755e-04 3.401360544217685755e-04
7.812500000000002602e-04 7.812500000000002602e-04 7.812500000000002602e-04 7.812500000000002602e-04 2.421875000000000763e-02 1.640625000000000763e-02 7.812500000000002602e-04 7.812500000000002602e-04 7.812500000000002602e-04 7.812500000000002602e-04 7.812500000000002602e-04 8.593750000000004163e-03 9.453125000000002498e-02 7.812500000000002602e-04 4.765625000000001110e-02 7.812500000000002602e-04 3.445312500000001221e-01 6.328125000000002498e-02 7.812500000000002602e-04 7.812500000000002602e-04 2.421875000000000763e-02 7.812500000000002602e-04 3.054687500000001221e-01 2.421875000000000763e-02 8.593750000000004163e-03 7.812500000000002602e-04 2.421875000000000763e-02 7.812500000000002602e-04 7.812500000000002602e-04 7.812500000000002602e-04
6.289308176100630787e-04 6.289308176100630787e-04 6.918238993710693757e-03 9.496855345911951740e-02 6.289308176100630787e-04 6.289308176100630787e-04 1.389937106918239240e-01 6.289308176100630787e-04 6.289308176100630787e-04 5.094339622641510384e-02 6.289308176100630787e-04 2.578616352201257983e-02 6.352201257861636585e-02 1.949685534591195230e-02 6.289308176100630787e-04 6.289308176100630787e-04 6.289308176100630787e-04 6.289308176100630787e-04 1.012578616352201588e-01 6.289308176100630787e-04 5.723270440251573138e-02 6.289308176100630787e-04 6.289308176100630787e-04 6.289308176100630787e-04 6.289308176100630787e-04 6.289308176100630787e-04 6.289308176100630787e-04 2.207547169811321375e-01 2.081761006289308547e-01 6.289308176100630787e-04
5.291005291005292446e-04 5.291005291005292446e-04 1.111111111111111327e-02 5.291005291005292446e-04 5.291005291005292446e-04 5.291005291005292446e-04 5.291005291005292446e-04 5.291005291005292446e-04 2.492063492063492647e-01 5.291005291005292446e-04 5.291005291005292446e-04 5.291005291005292446e-04 3.227513227513227612e-02 5.820105820105821691e-03 5.291005291005292446e-04 6.402116402116403426e-02 1.328042328042328413e-01 5.291005291005292446e-04 5.291005291005292446e-04 5.291005291005292446e-04 5.291005291005292446e-04 2.174603174603174927e-01 8.518518518518521099e-02 5.291005291005292446e-04 5.291005291005292446e-04 5.291005291005292446e-04 5.291005291005292446e-04 1.111111111111111327e-02 2.169312169312169469e-02 1.592592592592592948e-01
2.320185614849187676e-04 1.415313225058004339e-02 7.215777262180973761e-02 3.967517401392111481e-02 2.320185614849187676e-04 2.320185614849187676e-04 2.320185614849187676e-04 2.320185614849187676e-04 4.872389791183294634e-03 2.320185614849187676e-04 2.320185614849187676e-04 5.127610208816704707e-02 1.183294663573085555e-02 2.320185614849187676e-04 4.872389791183294634e-03 2.320185614849187676e-04 1.487238979118329085e-01 7.192575406032481605e-03 5.359628770301623490e-02 2.320185614849187676e-04 4.872389791183294634e-03 5.359628770301623490e-02 2.320185614849187676e-04 9.512761020881667709e-03 4.872389791183294634e-03 4.480278422273781258e-01 3.271461716937354436e-02 4.872389791183294634e-03 2.343387470997679300e-02 7.192575406032481605e-03
2.403846153846153437e-04 2.403846153846153437e-04 5.048076923076921622e-03 1.706730769230768718e-02 2.403846153846153437e-04 2.644230769230768510e-03 1.706730769230768718e-02 2.403846153846153437e-04 5.793269230769229616e-02 7.235576923076920963e-02 2.403846153846153437e-04 2.403846153846153437e-04 2.427884615384614739e-02 1.466346153846153320e-02 2.334134615384614586e-01 2.403846153846153437e-04 5.552884615384614392e-02 2.403846153846153437e-04 6.514423076923075984e-02 2.403846153846153437e-04 2.403846153846153437e-04 2.403846153846153437e-04 4.350961538461537575e-02 2.668269230769229963e-02 2.598557692307691402e-01 1.947115384615383943e-02 2.403846153846153437e-04 2.403846153846153437e-04 8.197115384615383249e-02 2.403846153846153437e-04
1.451378809869375793e-04 1.320754716981131782e-02 1.451378809869375793e-04 2.336719883889695065e-02 1.451378809869375793e-04 2.046444121915819495e-02 1.264150943396226134e-01 1.451378809869375793e-04 4.804063860667633773e-02 1.451378809869375793e-04 1.451378809869375793e-04 1.451378809869375793e-04 1.451378809869375793e-04 1.451378809869375793e-04 9.158200290275760047e-02 8.853410740203191201e-03 1.293178519593613518e-01 6.400580551523947503e-02 2.772133526850507901e-02 1.451378809869375793e-04 1.451378809869375793e-04 1.451378809869375793e-04 4.804063860667633773e-02 2.046444121915819495e-02 2.701015965166908006e-01 7.271407837445571787e-02 3.207547169811320736e-02 1.451378809869375793e-04 1.596516690856313427e-03 1.451378809869375793e-04
