2.320197044334975645e-01 6.211822660098522686e-01 5.418719211822661634e-03 4.926108374384237159e-04 4.926108374384237159e-04 7.438423645320198230e-02 4.975369458128079542e-02 1.527093596059113552e-02 4.926108374384237159e-04 4.926108374384237159e-04
4.930069930069930217e-02 3.496503496503496500e-04 3.496503496503496500e-04 4.618881118881118519e-01 3.496503496503496500e-04 6.328671328671328644e-02 3.045454545454545081e-01 6.328671328671328644e-02 2.132867132867132670e-02 3.531468531468531097e-02
8.751733703190013591e-02 1.235783633841886220e-01 1.235783633841886220e-01 4.590846047156726950e-02 2.331484049930651892e-01 7.073509015256587186e-03 1.262135922330097013e-02 1.816920943134535393e-02 1.386962552011095681e-04 3.482662968099861089e-01
4.439110070257611396e-01 4.344262295081967318e-02 1.170960187353629976e-04 1.651053864168618157e-02 2.459016393442623166e-03 1.371194379391100504e-01 3.875878220140515501e-02 1.113583138173302040e-01 1.137002341920374665e-01 9.262295081967213128e-02
1.502415458937198245e-01 4.830917874396135686e-04 5.845410628019323540e-02 7.294685990338163617e-02 4.830917874396135686e-04 5.898550724637681153e-01 4.830917874396135686e-04 5.314009661835749146e-03 7.777777777777777901e-02 4.396135265700482769e-02
4.950495049504950555e-04 1.039603960396039660e-02 1.490099009900990035e-01 1.886138613861386149e-01 4.950495049504950555e-04 1.534653465346534629e-02 1.193069306930693158e-01 1.391089108910891214e-01 3.767326732673266787e-01 4.950495049504950555e-04
1.639344262295081966e-04 1.655737704918032807e-02 9.852459016393443070e-02 4.706557377049180868e-01 1.983606557377049287e-02 5.754098360655737765e-02 1.411475409836065453e-01 1.639344262295081966e-04 7.885245901639344190e-02 1.165573770491803163e-01
4.103260869565217295e-02 2.717391304347826120e-04 2.717391304347826120e-04 1.388586956521739302e-01 1.144021739130434839e-01 6.005434782608696370e-02 3.559782608695651746e-02 5.029891304347825498e-01 2.717391304347826120e-04 1.062499999999999972e-01
1.555209953343701559e-04 1.555209953343701559e-04 2.348367029548989113e-02 1.555209953343701559e-04 1.555209953343701559e-04 1.415241057542768188e-02 8.724727838258164447e-02 1.012441679626749497e-01 6.953343701399689047e-01 7.791601866251944564e-02
1.314606741573033644e-01 3.745318352059925243e-04 3.745318352059925243e-04 1.614232209737827828e-01 3.745318352059925243e-04 1.426966292134831393e-01 3.898876404494381887e-01 3.745318352059925243e-04 1.614232209737827828e-01 1.161048689138576874e-02
6.748466257668712595e-03 6.134969325153374594e-04 6.134969325153374594e-04 6.134969325153374594e-04 1.288343558282208610e-02 2.398773006134969354e-01 9.877300613496933779e-02 4.116564417177913660e-01 2.092024539877300748e-01 1.901840490797546135e-02
1.636661211129296367e-04 7.381342062193126108e-02 1.636661211129296367e-04 7.545008183306055327e-02 1.636661211129296367e-04 2.144026186579377907e-02 2.587561374795417368e-01 3.536824877250409060e-01 1.834697217675941017e-01 3.289689034369885912e-02
2.701357466063348256e-01 1.508295625942684829e-04 5.897435897435897995e-02 2.565610859728506554e-01 1.659125188536953420e-03 4.841628959276018246e-02 2.656108597285067874e-01 3.634992458521870556e-02 1.508295625942684829e-04 6.199095022624434570e-02
2.066115702479338792e-04 8.285123966942148366e-02 1.880165289256198122e-02 2.066115702479338792e-04 2.066115702479338792e-04 9.524793388429751706e-02 1.241735537190082478e-01 3.739669421487603479e-02 6.407024793388429451e-01 2.066115702479338792e-04
1.926782273603082883e-04 7.899807321772639793e-03 1.389210019267822505e-01 1.196531791907514547e-01 2.119460500963391524e-03 2.102119460500963266e-01 2.256262042389209910e-01 1.215799614643545273e-01 1.061657032755298630e-01 6.763005780346821594e-02
2.185039370078739607e-02 6.616141732283463694e-01 1.968503937007873717e-04 1.968503937007873717e-04 1.968503937007873717e-04 5.925196850393699838e-02 1.200787401574802786e-02 1.968503937007873717e-04 1.968503937007873717e-04 2.442913385826770978e-01
7.566909975669100508e-02 2.433090024330900362e-04 5.133819951338199766e-02 4.284671532846714981e-01 2.433090024330900362e-04 6.107055961070560063e-02 2.021897810218978020e-01 2.433090024330900362e-04 2.433090024330900362e-04 1.802919708029196988e-01
1.788908765652951925e-04 1.788908765652951925e-04 1.788908765652951925e-04 1.788908765652951925e-04 1.270125223613595596e-02 2.164579606440071580e-02 7.334525939177101266e-03 1.075134168157424047e-01 5.565295169946332665e-01 2.935599284436493650e-01
1.745200698080279320e-04 1.745200698080279320e-04 8.045375218150087326e-02 2.183246073298429346e-01 1.745200698080279320e-04 7.347294938917975360e-02 2.968586387434554719e-01 1.677137870855148205e-01 8.394415357766144004e-02 7.870855148342059682e-02
2.564102564102564100e-04 2.846153846153846173e-02 8.230769230769231781e-02 3.976923076923076783e-01 2.564102564102564100e-04 2.820512820512820727e-03 3.797435897435897378e-01 2.564102564102564100e-04 3.871794871794871640e-02 6.948717948717948734e-02
1.075268817204301074e-03 2.258064516129032473e-02 1.075268817204301074e-03 1.182795698924731312e-02 1.075268817204301074e-03 3.236559139784946360e-01 1.182795698924731312e-02 1.182795698924731312e-02 3.559139784946236951e-01 2.591397849462365732e-01
3.106646058732611890e-02 5.425038639876351987e-02 1.545595054095826699e-04 1.098918083462132600e-01 1.545595054095826699e-04 5.115919629057186224e-02 5.843894899536320464e-01 1.330757341576506714e-01 1.715610510046367346e-02 1.870170015455950227e-02
1.079027355623100176e-02 3.191489361702127929e-03 1.231003039513677705e-02 3.041033434650455836e-01 1.519756838905775178e-04 1.838905775075987820e-02 5.138297872340426009e-01 1.519756838905775178e-04 1.308510638297872286e-01 6.231003039513677635e-03
3.994708994708994626e-02 4.050264550264550123e-01 2.645502645502645681e-04 1.854497354497354478e-01 2.645502645502645681e-04 2.489417989417989363e-01 2.910052910052910412e-03 2.645502645502645681e-04 1.166666666666666685e-01 2.645502645502645681e-04
3.952569169960474800e-04 3.952569169960474800e-04 3.952569169960474800e-04 3.952569169960474800e-04 3.952569169960474800e-04 4.387351778656126827e-02 2.573122529644268908e-01 1.225296442687747248e-02 6.723320158102766841e-01 1.225296442687747248e-02
4.659804983748645490e-01 3.261105092091007296e-02 1.083423618634886100e-04 6.294691224268687824e-02 7.692307692307691000e-03 1.192849404117009571e-01 1.387865655471288984e-01 9.328277356446368351e-02 9.859154929577463797e-03 6.944745395449619663e-02
1.309859154929577385e-01 2.012072434607646099e-04 2.012072434607646099e-04 3.060362173038229106e-01 2.012072434607646099e-04 2.213279678068410736e-03 4.710261569416498983e-01 4.446680080482897507e-02 4.446680080482897507e-02 2.012072434607646099e-04
2.650423728813559032e-01 2.987288135593220428e-02 3.411016949152542721e-02 2.118644067796610379e-04 1.315677966101694851e-01 6.567796610169492066e-03 1.080508474576271152e-02 1.146186440677966073e-01 2.118644067796610379e-04 4.069915254237287949e-01
4.654377880184332184e-02 1.433179723502304437e-01 4.608294930875577117e-04 3.875576036866359431e-01 4.608294930875577117e-04 3.271889400921659113e-02 4.654377880184332184e-02 3.276497695852534919e-01 1.428571428571428874e-02 4.608294930875577117e-04
3.342579750346740680e-02 3.343966712898751581e-01 1.386962552011095681e-04 5.284327323162274492e-02 9.847434119278778222e-03 3.316227461858529679e-01 4.174757281553398425e-02 4.299583911234397017e-03 1.915395284327323089e-01 1.386962552011095681e-04
1.488095238095238229e-04 7.306547619047619457e-02 1.488095238095238229e-04 6.413690476190476997e-02 1.488095238095238229e-04 1.578869047619047561e-01 2.799107142857142905e-01 6.860119047619048227e-02 3.558035714285714413e-01 1.488095238095238229e-04
1.021450459652706847e-04 7.671092951991827225e-02 1.021450459652706847e-04 2.563840653728294283e-02 1.021450459652706847e-04 8.692543411644534923e-02 2.309499489274770001e-01 1.021450459652706847e-04 5.445352400408580706e-01 3.483146067415730796e-02
3.508771929824561686e-04 3.508771929824561686e-04 3.508771929824561686e-04 8.807017543859649300e-02 3.508771929824561686e-04 1.547368421052631726e-01 1.968421052631579016e-01 9.859649122807018218e-02 4.599999999999999645e-01 3.508771929824561686e-04
8.579545454545454974e-02 5.681818181818182626e-04 2.619318181818182101e-01 5.681818181818182626e-04 4.034090909090908700e-02 1.823863636363636520e-01 5.681818181818182626e-04 3.301136363636363869e-01 1.761363636363636256e-02 8.011363636363635909e-02
4.830917874396135686e-04 4.830917874396135686e-04 4.830917874396135686e-04 4.879227053140096360e-02 4.830917874396135686e-04 2.463768115942028755e-02 1.502415458937198245e-01 4.830917874396135686e-04 7.734299516908211825e-01 4.830917874396135686e-04
1.053156146179401870e-01 4.540420819490586374e-03 1.107419712070874924e-04 1.107419712070874924e-04 1.107419712070874924e-04 1.075304540420819466e-01 1.861572535991140587e-01 5.880398671096345731e-02 2.426356589147286857e-01 2.946843853820598214e-01
1.283697047496790828e-04 1.811296534017971804e-01 1.283697047496790828e-04 1.283697047496790828e-04 1.283697047496790828e-04 1.028241335044929317e-01 1.015404364569961471e-01 6.546854942233632652e-03 4.584082156611040126e-01 1.490372272143773991e-01
3.952569169960474258e-04 4.782608695652174058e-02 3.992094861660078903e-02 1.545454545454545414e-01 3.952569169960474258e-04 2.691699604743083007e-01 6.363636363636364368e-02 3.952569169960474258e-04 4.233201581027667970e-01 3.952569169960474258e-04
4.301994301994301745e-02 2.849002849002849362e-04 2.849002849002849362e-04 3.162393162393162260e-02 5.982905982905983334e-03 1.598290598290598441e-01 1.284900284900284961e-01 6.011396011396012012e-02 5.358974358974358809e-01 3.447293447293447305e-02
2.976190476190476459e-04 7.473214285714285809e-01 2.976190476190476459e-04 2.976190476190476459e-04 2.976190476190476459e-04 1.877976190476190466e-01 1.815476190476190271e-02 2.976190476190476459e-04 2.976190476190476459e-04 4.494047619047619041e-02
2.406779661016949026e-02 3.389830508474576498e-04 4.779661016949152130e-02 5.796610169491525633e-02 3.389830508474576498e-04 2.105084745762711984e-01 8.508474576271186918e-02 1.766101694915254150e-01 3.969491525423728406e-01 3.389830508474576498e-04
4.248021108179420025e-02 2.638522427440633152e-04 2.638522427440633152e-04 2.192612137203165945e-01 2.902374670184696900e-03 2.562005277044854812e-01 2.298153034300791375e-01 9.261213720316623099e-02 2.638522427440633152e-04 1.559366754617414197e-01
9.105571847507332173e-02 1.466275659824046920e-04 8.225806451612903414e-02 2.494134897360703595e-01 1.466275659824046920e-04 1.480938416422287324e-02 5.148093841642229496e-01 1.774193548387096794e-02 1.466275659824046920e-04 2.947214076246334677e-02
5.175257731958763513e-02 5.651546391752577669e-01 2.907216494845360835e-02 2.061855670103092885e-04 1.876288659793814290e-02 1.463917525773195810e-02 4.329896907216495248e-03 2.061855670103092885e-04 2.061855670103092885e-04 3.156701030927834828e-01
2.777777777777777233e-04 7.363888888888888706e-01 1.138888888888888590e-02 2.777777777777777233e-04 2.777777777777777233e-04 2.058333333333332849e-01 2.777777777777777233e-04 2.777777777777777233e-04 2.777777777777777233e-04 4.472222222222221877e-02
4.847161572052402501e-02 4.366812227074236448e-04 4.366812227074236448e-04 7.903930131004367754e-02 4.366812227074236448e-04 9.170305676855896107e-03 6.816593886462882779e-01 1.401746724890829965e-01 3.100436681222707574e-02 9.170305676855896107e-03
6.656118143459915926e-02 1.276371308016877558e-02 1.256329113924050667e-01 1.583333333333333259e-01 1.752109704641350019e-01 4.757383966244725648e-02 2.142405063291139278e-01 1.160337552742616218e-03 1.160337552742616218e-03 1.973628691983122241e-01
6.796116504854368863e-03 3.236245954692556679e-04 6.796116504854368863e-03 1.362459546925566256e-01 3.236245954692556679e-04 2.721682847896439994e-01 1.135922330097087485e-01 3.236245954692556679e-04 3.692556634304207108e-01 9.417475728155340342e-02
2.146687697160883090e-01 1.752365930599369126e-01 1.058359621451104016e-01 3.108832807570977574e-01 1.119873817034700188e-02 1.277602523659305926e-02 1.750788643533122968e-02 1.577287066246056896e-04 1.577287066246056896e-04 1.515772870662460414e-01
2.746312684365781465e-01 2.949852507374631227e-04 2.949852507374631227e-04 3.542772861356932035e-01 2.949852507374631227e-04 2.949852507374631227e-04 6.224188790560472584e-02 1.802359882005899749e-01 3.274336283185840663e-02 9.469026548672566934e-02
3.649466192170818246e-01 1.779359430604982332e-04 1.779359430604982332e-04 1.779359430604982332e-04 1.779359430604982332e-04 3.042704626334519907e-02 2.153024911032028546e-02 2.279359430604982195e-01 2.991103202846974729e-01 5.533807829181494609e-02
1.644204851752021496e-02 5.660377358490566516e-03 1.374663072776280241e-02 2.695417789757412652e-04 2.695417789757412652e-04 2.695417789757412652e-04 2.695417789757412652e-04 2.293800539083557799e-01 5.447439353099730042e-01 1.889487870619945831e-01
3.003003003003003411e-04 3.003003003003003411e-04 1.831831831831831625e-02 5.408408408408408308e-01 3.003003003003003411e-04 3.003003003003003411e-04 3.126126126126125837e-01 3.003003003003003411e-04 2.432432432432432221e-02 1.024024024024024065e-01
3.549655850540806706e-02 3.156342182890855413e-02 3.206489675516224214e-01 5.614552605703048566e-02 2.203539823008849596e-01 1.386430678466076677e-02 6.696165191740412193e-02 9.832841691248771210e-05 9.832841691248771210e-05 2.547689282202556527e-01
5.870870870870870811e-02 1.501501501501501705e-04 3.034534534534534256e-01 2.433933933933933869e-01 6.321321321321321518e-02 3.768768768768768901e-02 6.921921921921922460e-02 1.501501501501501705e-04 1.501501501501501705e-04 2.238738738738738632e-01
1.597444089456868780e-04 3.051118210862619612e-02 1.597444089456868780e-04 9.121405750798720902e-02 1.757188498402555794e-03 2.412140575079871688e-02 1.742811501597443802e-01 1.597444089456868780e-04 6.167731629392970705e-01 6.086261980830669910e-02
7.806691449814127069e-03 3.717472118959108283e-04 1.044609665427509299e-01 8.215613382899629447e-02 3.717472118959108283e-04 2.457249070631969956e-01 7.806691449814127069e-03 4.167286245353159502e-01 5.241635687732341953e-02 8.215613382899629447e-02
4.672897196261682437e-04 4.672897196261682437e-04 4.672897196261682437e-04 2.574766355140187257e-01 4.672897196261682437e-04 1.266355140186916084e-01 2.528037383177570430e-01 3.317757009345793928e-02 3.275700934579439116e-01 4.672897196261682437e-04
2.950600801068091125e-02 1.335113484646194943e-04 4.686248331108144177e-02 1.456608811748998644e-01 2.016021361815754226e-02 2.803738317757009570e-03 1.335113484646194943e-04 5.862483311081442272e-01 1.348464619492656912e-02 1.550066755674232299e-01
3.375000000000000222e-02 4.166666666666667476e-04 4.166666666666667476e-04 4.670833333333333504e-01 4.166666666666667476e-04 8.750000000000000833e-03 3.295833333333333393e-01 8.750000000000000833e-03 5.875000000000000361e-02 9.208333333333335036e-02
3.395270270270270285e-02 1.689189189189189283e-04 5.253378378378378843e-02 5.929054054054054557e-02 1.689189189189189283e-04 5.591216216216216700e-02 2.552364864864865024e-01 1.538851351351351315e-01 3.092905405405405039e-01 7.956081081081081696e-02
5.649717514124293983e-04 5.649717514124293983e-04 7.966101694915253550e-02 5.711864406779660897e-01 5.649717514124293983e-04 5.649717514124293983e-04 2.774011299435028555e-01 5.649717514124293983e-04 6.271186440677965768e-02 6.214689265536723489e-03
2.356321839080459737e-02 1.155172413793103536e-01 2.132183908045977017e-01 5.747126436781609116e-04 5.747126436781609116e-04 3.971264367816091378e-01 5.747126436781609116e-04 1.385057471264367901e-01 1.097701149425287376e-01 5.747126436781609116e-04
5.706521739130434798e-03 2.717391304347826120e-04 1.714673913043478215e-01 3.698369565217390909e-01 2.201086956521738913e-02 3.831521739130434867e-02 9.809782608695652439e-02 1.385869565217391283e-02 2.717391304347826120e-04 2.801630434782608758e-01
2.771739130434782566e-02 9.836956521739130543e-02 5.434782608695652240e-04 5.434782608695652240e-04 6.032608695652173780e-02 3.103260869565217517e-01 5.434782608695652240e-04 1.472826086956521840e-01 1.690217391304347783e-01 1.853260869565217517e-01
3.880308880308880326e-02 1.756756756756756854e-02 1.623552123552123305e-01 8.320463320463321322e-02 2.144787644787644609e-01 1.005791505791505808e-01 1.565637065637065506e-01 5.984555984555984393e-03 2.123552123552123732e-03 2.183397683397683420e-01
2.631578947368420993e-04 1.868421052631578927e-02 2.631578947368420993e-04 2.631578947368420993e-04 2.631578947368420993e-04 1.078947368421052586e-02 2.631578947368420993e-04 1.607894736842105377e-01 5.792105263157895090e-01 2.292105263157894479e-01
8.058823529411765496e-02 1.960784313725490386e-04 4.117647058823529702e-03 5.901960784313725616e-02 1.960784313725490386e-04 3.549019607843137414e-02 3.099999999999999978e-01 6.490196078431373361e-02 4.452941176470587847e-01 1.960784313725490386e-04
3.801664355062413514e-01 1.194174757281553367e-01 1.400832177531206695e-02 1.386962552011095681e-04 1.386962552011095681e-04 1.596393897364770942e-01 1.386962552011095681e-04 5.686546463245492102e-03 1.539528432732316203e-02 3.052704576976421613e-01
3.519863791146424781e-01 4.653802497162315074e-03 1.135073779795686742e-04 1.135073779795686742e-04 1.248581157775255444e-03 1.056753688989784251e-01 6.821793416572077828e-02 7.843359818388194460e-02 2.895573212258796825e-01 9.999999999999999167e-02
3.731947483588621828e-01 4.059080962800875464e-02 1.094091903719912514e-04 3.391684901531728889e-03 4.715536105032822750e-02 2.233041575492341335e-01 4.715536105032822750e-02 1.433260393873085278e-02 1.094091903719912514e-04 2.506564551422319487e-01
5.153614457831324769e-01 3.012048192771084603e-04 5.150602409638554979e-02 7.259036144578313865e-02 1.837349397590361255e-02 1.268072289156626509e-01 1.536144578313252892e-02 6.355421686746988430e-02 3.012048192771084603e-04 1.358433734939759052e-01
2.122388059701492413e-01 2.985074626865671672e-04 8.985074626865671710e-02 2.985074626865671672e-04 2.985074626865671672e-04 1.614925373134328268e-01 3.313432835820895317e-02 2.985074626865671672e-04 3.047761194029850462e-01 1.973134328358208678e-01
8.414096916299559914e-02 4.845814977973568818e-03 1.061674008810572778e-01 3.308370044052862946e-01 4.405286343612334994e-04 1.325991189427312700e-01 2.647577092511013142e-01 7.533039647577093045e-02 4.405286343612334994e-04 4.405286343612334994e-04
2.149501661129568086e-01 5.647840531561460972e-03 6.987818383167219982e-02 1.107419712070874924e-04 3.345514950166113000e-01 2.336655592469545975e-02 2.325581395348837177e-03 6.755260243632336438e-03 1.007751937984496110e-02 3.323366555924695542e-01
1.115226337448559923e-01 4.115226337448560129e-04 7.037037037037038867e-02 3.378600823045267432e-01 4.115226337448560129e-04 4.115226337448560129e-04 3.748971193415638337e-01 4.567901234567901814e-02 5.802469135802469646e-02 4.115226337448560129e-04
4.136217948717948456e-01 1.203525641025640774e-01 1.602564102564102292e-04 1.762820512820512629e-03 5.464743589743589064e-02 9.631410256410255499e-02 2.419871794871794254e-02 2.099358974358973839e-02 1.602564102564102292e-04 2.677884615384614753e-01
1.315476190476190521e-01 5.952380952380952918e-04 7.797619047619047672e-02 1.732142857142857095e-01 5.952380952380952918e-04 5.952380952380952918e-04 3.815476190476190244e-01 5.952380952380952918e-04 2.327380952380952439e-01 5.952380952380952918e-04
2.069970845481049551e-02 9.067055393586005707e-02 2.361516034985422507e-02 2.915451895043731732e-04 2.069970845481049551e-02 5.568513119533528150e-02 1.285714285714285865e-01 6.037900874635567794e-01 5.568513119533528150e-02 2.915451895043731732e-04
4.290780141843971579e-02 3.546099290780142083e-04 6.063829787234042978e-02 1.453900709219857999e-02 3.546099290780142083e-04 7.446808510638298212e-03 2.414893617021276473e-01 7.446808510638298212e-03 4.861702127659573991e-01 1.386524822695035519e-01
5.149572649572650013e-02 2.136752136752136750e-04 3.012820512820512872e-02 3.440170940170940439e-02 2.136752136752136750e-04 1.049145299145299165e-01 2.801282051282051322e-01 5.363247863247863623e-02 3.741452991452991483e-01 7.072649572649572502e-02
2.754916792738275055e-01 7.715582450832071670e-03 7.715582450832071670e-03 5.310136157337368157e-02 1.512859304084720265e-04 1.499243570347957577e-01 3.813918305597579494e-01 1.830559757942511190e-02 3.645990922844175725e-02 6.974281391830559895e-02
2.492307692307692280e-02 7.603076923076922400e-01 3.076923076923077029e-04 3.384615384615384786e-03 3.076923076923077029e-04 1.695384615384615545e-01 3.107692307692307490e-02 3.076923076923077029e-04 3.384615384615384786e-03 6.461538461538462140e-03
1.545595054095826699e-04 1.545595054095826699e-04 1.545595054095826699e-04 1.253477588871715342e-01 1.545595054095826699e-04 6.661514683153013650e-02 6.970633693972178024e-02 3.245749613601236257e-03 6.709428129829984044e-01 6.352395672333847887e-02
3.300330033003300370e-04 3.300330033003300370e-04 3.300330033003300370e-04 2.016501650165016535e-01 4.323432343234323572e-02 1.884488448844884589e-01 5.973597359735974277e-02 4.983498349834983299e-02 4.359735973597359537e-01 2.013201320132013139e-02
3.976066597294485305e-01 7.388137356919875082e-03 1.987513007284079369e-02 1.144640998959417294e-03 1.040582726326743019e-04 1.395421436004162241e-01 1.291363163371488099e-01 1.593132154006243473e-01 5.213319458896982506e-02 9.375650364203953757e-02
1.248995983935743265e-01 4.859437751004017092e-02 8.433734939759037971e-03 3.979919678714859965e-01 4.016064257028113707e-04 4.016064257028113707e-04 3.417670682730924447e-01 4.417670682730925023e-03 7.269076305220885381e-02 4.016064257028113707e-04
5.685557586837294841e-02 6.747714808043876467e-01 4.405850091407678693e-02 6.599634369287020463e-02 1.828153564899451656e-04 1.846435100548446048e-02 1.828153564899451656e-04 2.010968921389396768e-03 1.828153564899451656e-04 1.372943327239488087e-01
1.027749229188077996e-04 1.449126413155189981e-02 1.027749229188077996e-04 8.643371017471734863e-02 1.027749229188077996e-04 2.476875642343268069e-02 5.581706063720451860e-01 1.130524152106885836e-03 2.065775950668036903e-02 2.940390544707091602e-01
3.244837758112094784e-03 1.359882005899704926e-01 2.949852507374631227e-04 6.194690265486725578e-03 2.949852507374631227e-04 8.289085545722714443e-02 1.300884955752212302e-01 2.949852507374631227e-04 6.404129793510324742e-01 2.949852507374631227e-04
3.691275167785235296e-03 6.513422818791946289e-01 3.355704697986577542e-04 3.355704697986577542e-04 3.355704697986577542e-04 2.687919463087248273e-01 5.402684563758389930e-02 3.355704697986577542e-04 1.711409395973154113e-02 3.691275167785235296e-03
4.366812227074235906e-04 4.366812227074235906e-04 4.366812227074235906e-04 8.777292576419214176e-02 4.366812227074235906e-04 4.366812227074235906e-04 9.650655021834061986e-02 1.838427947598253454e-01 6.292576419213973260e-01 4.366812227074235906e-04
3.164556962025316515e-04 9.810126582278481250e-03 1.743670886075949500e-01 3.512658227848101250e-02 3.164556962025316515e-04 3.832278481012658111e-01 9.525316455696203333e-02 1.775316455696202556e-01 3.164556962025316515e-04 1.237341772151898805e-01
1.884550084889643345e-02 1.544991511035653624e-02 1.697792869269949150e-04 2.497453310696094997e-01 1.697792869269949150e-04 4.091680814940577837e-02 3.006791171477079527e-01 8.658743633276740070e-03 3.295415959252970817e-01 3.582342954159592474e-02
3.004587155963302225e-02 5.298165137614678499e-02 7.110091743119265582e-03 2.545871559633026970e-02 2.293577981651376003e-04 2.293577981651376003e-04 2.364678899082568453e-01 2.293577981651376003e-04 6.470183486238532122e-01 2.293577981651376003e-04
5.834411384217334101e-02 6.597671410090554661e-03 2.716688227684346292e-03 6.998706338939196525e-02 2.716688227684346292e-03 2.729624838292367059e-02 6.016817593790426688e-01 3.764553686934023202e-02 1.838292367399740890e-01 9.184993531694694152e-03
4.100185528756957604e-02 9.109461966604824601e-02 5.213358070500927893e-02 1.189239332096474894e-01 1.855287569573284051e-04 5.584415584415584888e-02 5.808905380333951873e-01 1.855287569573284051e-04 3.358070500927644308e-02 2.615955473098330319e-02
3.639327024185068371e-01 6.740273396424815988e-02 1.156677181913775112e-03 1.051524710830704598e-04 1.051524710830704598e-04 1.199789695057833783e-01 4.532071503680336344e-02 9.789695057833858183e-02 2.808622502628811968e-01 2.323869610935857047e-02
2.932551319648093839e-04 2.932551319648093839e-04 2.932551319648093839e-04 4.636363636363636243e-01 2.932551319648093839e-04 1.788856304985337112e-02 4.577712609970674418e-01 2.932551319648093839e-04 1.495601173020527815e-02 4.428152492668621654e-02
1.324873096446700649e-01 7.157360406091371752e-02 5.126903553299493044e-02 4.624365482233502855e-01 5.076142131979696770e-04 5.076142131979696770e-04 1.730964467005076390e-01 5.076142131979696770e-04 5.076142131979696770e-04 1.071065989847715949e-01
2.554896142433234485e-01 2.967359050445104291e-04 2.967359050445104291e-04 1.308605341246290854e-01 2.967359050445104291e-04 2.967359050445104291e-04 3.504451038575667754e-01 6.261127596439169940e-02 1.991097922848664437e-01 2.967359050445104291e-04
5.882352941176471157e-04 5.882352941176471157e-04 3.588235294117646940e-02 5.882352941176471157e-04 5.882352941176471157e-04 5.352941176470588092e-02 1.535294117647058865e-01 1.711764705882352910e-01 5.829411764705881849e-01 5.882352941176471157e-04
6.918238993710692022e-03 6.289308176100629703e-04 3.836477987421383490e-02 6.289308176100629703e-04 1.949685534591194883e-02 6.289308176100629703e-04 5.723270440251572444e-02 3.905660377358490809e-01 4.849056603773584384e-01 6.289308176100629703e-04
1.752873563218390607e-02 3.189655172413793233e-02 6.350574712643677899e-02 2.873563218390804558e-04 2.873563218390804558e-04 2.873563218390804558e-04 1.468390804597701216e-01 3.189655172413793233e-02 7.071839080459769722e-01 2.873563218390804558e-04
2.728395061728395091e-02 1.234567901234567930e-04 1.234567901234567930e-04 1.234567901234567930e-04 2.592592592592592518e-03 7.666666666666667462e-02 2.025925925925925741e-01 2.001234567901234440e-01 2.779012345679012230e-01 2.124691358024691223e-01
1.730103806228373918e-04 3.633217993079584929e-03 7.093425605536331571e-03 1.472318339100345819e-01 1.903114186851211174e-03 5.034602076124567588e-02 1.351211072664359747e-01 2.958477508650519255e-02 6.143598615916955330e-01 1.055363321799307821e-02
2.434944237918215681e-02 1.749070631970260081e-01 1.858736059479554142e-04 1.618959107806691444e-01 1.858736059479554142e-04 8.197026022304833293e-02 3.960966542750929409e-01 1.135687732342007400e-01 1.858736059479554142e-04 4.665427509293680608e-02
1.037344398340249072e-04 3.226141078838174608e-02 1.037344398340249072e-04 1.889004149377593311e-01 1.037344398340249072e-04 8.205394190871369287e-02 3.942946058091286732e-01 1.037344398340249072e-04 2.584024896265559867e-01 4.367219917012448577e-02
3.899676375404530215e-02 1.618122977346278068e-04 9.870550161812294970e-03 7.135922330097085875e-02 1.618122977346278068e-04 4.708737864077669477e-02 6.182847896440128999e-01 6.650485436893202595e-02 1.474110032362459244e-01 1.618122977346278068e-04
4.851851851851851638e-02 3.703703703703704062e-04 4.074074074074074577e-03 8.555555555555556524e-02 3.703703703703704062e-04 3.703703703703704062e-04 1.518518518518518351e-02 1.337037037037037135e-01 5.707407407407407707e-01 1.411111111111111038e-01
1.044932079414838058e-04 8.996865203761754415e-02 2.049111807732497403e-01 3.772204806687565193e-02 1.149425287356322040e-03 2.738766980146290497e-01 1.286311389759665635e-01 8.369905956112852485e-02 1.077324973876697956e-01 7.220480668756530662e-02
3.906250000000000217e-04 3.906250000000000217e-04 3.906250000000000217e-04 1.488281250000000056e-01 3.906250000000000217e-04 3.164062499999999861e-02 1.019531250000000056e-01 3.906250000000000217e-04 7.152343749999999778e-01 3.906250000000000217e-04
1.499250374812593871e-04 7.197901049475262658e-01 1.499250374812593871e-04 2.413793103448276176e-02 1.499250374812593871e-04 2.415292353823088323e-01 4.647676161919040566e-03 1.499250374812593871e-04 1.499250374812593871e-04 9.145427286356821311e-03
2.133671742808798677e-01 1.812182741116751261e-01 1.676818950930625829e-01 2.912013536379018386e-01 3.739424703891709029e-02 1.692047377326565138e-04 1.201353637901861164e-02 1.692047377326565138e-04 1.692047377326565138e-04 9.661590524534686975e-02
4.320368474923234059e-01 2.048106448311156347e-01 1.023541453428863837e-04 1.311156601842374536e-01 1.023541453428863837e-04 8.403275332650970986e-02 3.183213920163766725e-02 3.490276356192425350e-02 3.285568065506652702e-02 4.820880245649948603e-02
2.899848254931714497e-01 3.522003034901365348e-01 3.505311077389985236e-02 2.201820940819423367e-01 1.229135053110773888e-02 1.669195751138088197e-03 3.201820940819423422e-02 1.517450682852807280e-04 1.517450682852807280e-04 5.629742033383915156e-02
1.857142857142857206e-02 2.040816326530612321e-04 6.959183673469387932e-02 3.124489795918367063e-01 2.040816326530612321e-04 3.285714285714286254e-02 5.144897959183672986e-01 2.040816326530612321e-04 2.244897959183673498e-03 4.918367346938775503e-02
3.180257510729613268e-01 4.291845493562232070e-04 1.759656652360514981e-02 1.806866952789699665e-01 4.291845493562232070e-04 2.236051502145922909e-01 1.206008583690987152e-01 4.291845493562232070e-04 4.291845493562232070e-04 1.377682403433476421e-01
1.600000000000000131e-04 1.600000000000000131e-04 1.600000000000000131e-04 2.097600000000000020e-01 1.600000000000000131e-04 1.760000000000000063e-03 3.713599999999999679e-01 7.696000000000000063e-02 3.536000000000000254e-02 3.041599999999999859e-01
2.912988650693568854e-02 4.678436317780580028e-02 1.387137452711223419e-03 1.060529634300126089e-01 1.261034047919293820e-04 2.282471626733921857e-02 5.575031525851198433e-01 1.261034047919293820e-04 1.804539722572509330e-01 5.561160151324085615e-02
2.732240437158469943e-04 1.666666666666666644e-02 2.732240437158469943e-04 9.590163934426229608e-02 2.732240437158469943e-04 1.150273224043715931e-01 1.314207650273224171e-01 1.587431693989071191e-01 4.811475409836065142e-01 2.732240437158469943e-04
1.428571428571428700e-02 1.298701298701298700e-03 1.298701298701298700e-03 1.298701298701298700e-03 1.298701298701298700e-03 4.298701298701299023e-01 1.298701298701298700e-03 1.298701298701298700e-03 2.610389610389610704e-01 2.870129870129870531e-01
4.672897196261682437e-04 2.481308411214953324e-01 4.672897196261682437e-04 4.672897196261682437e-04 4.672897196261682437e-04 1.640186915887850427e-01 1.266355140186916084e-01 4.672897196261682437e-04 3.836448598130841048e-01 7.523364485981308414e-02
1.163793103448275759e-02 5.890804597701149344e-03 2.169540229885057528e-02 2.099137931034482651e-01 7.327586206896551622e-03 1.021551724137930994e-01 2.874999999999999778e-01 1.436781609195402279e-04 2.558908045977011381e-01 9.784482758620688392e-02
1.578828828828828801e-01 2.547297297297297369e-01 2.006756756756756521e-01 1.533783783783783661e-01 2.252252252252252287e-04 2.252252252252252287e-04 3.400900900900900858e-02 2.252252252252252287e-04 2.252252252252252287e-04 1.984234234234234229e-01
2.028112449799196818e-02 2.008032128514056311e-04 8.232931726907630199e-03 2.008032128514056311e-04 2.008032128514056311e-04 4.236947791164658722e-02 3.736947791164658694e-01 2.008032128514056311e-04 3.576305220883533864e-01 1.969879518072289171e-01
1.086274509803921429e-01 8.901960784313724118e-02 1.307189542483660257e-04 3.099346405228758372e-01 1.307189542483660257e-04 1.307189542483660257e-04 2.576470588235293957e-01 1.581699346405228759e-02 4.457516339869280891e-02 1.739869281045751670e-01
4.976415094339622924e-02 2.594339622641509725e-03 9.221698113207547898e-02 4.247641509433962015e-01 8.985849056603774365e-02 2.358490566037735867e-04 2.148584905660377298e-01 1.202830188679245189e-02 6.863207547169811185e-02 4.504716981132075859e-02
3.086419753086419690e-04 6.512345679012346289e-02 3.086419753086419690e-04 2.410493827160493652e-01 3.086419753086419690e-04 6.203703703703704331e-02 2.194444444444444142e-01 3.734567901234567971e-02 3.737654320987653933e-01 3.086419753086419690e-04
1.730103806228373918e-04 3.633217993079584929e-03 1.903114186851211174e-03 1.455017301038062094e-01 1.730103806228373918e-04 1.264705882352941124e-01 1.420415224913494645e-01 1.730103806228373918e-04 5.659169550173011043e-01 1.401384083044982659e-02
8.904958677685950730e-02 3.824380165289256173e-01 1.053719008264462735e-02 2.066115702479339063e-04 2.066115702479339063e-04 4.566115702479339039e-02 2.066115702479339063e-04 2.066115702479339063e-04 2.066115702479339063e-04 4.712809917355371692e-01
1.508295625942684829e-04 1.508295625942684829e-04 1.508295625942684829e-04 2.880844645550528077e-02 1.508295625942684829e-04 8.159879336349924739e-02 2.912518853695323928e-01 9.215686274509804488e-02 4.315233785822021328e-01 7.405731523378582259e-02
4.238938053097344727e-01 8.662733529990165882e-02 9.832841691248769855e-05 4.926253687315634150e-02 5.014749262536872219e-03 3.844641101278269135e-02 6.696165191740412193e-02 8.171091445427727806e-02 1.987217305801376455e-01 4.926253687315634150e-02
1.123595505617977627e-03 1.134831460674157327e-01 1.123595505617977627e-03 1.123595505617977627e-03 1.235955056179775455e-02 3.157303370786517238e-01 1.123595505617977627e-03 1.471910112359550438e-01 9.101123595505616892e-02 3.157303370786517238e-01
4.019685039370078372e-01 3.937007874015748519e-04 3.937007874015748519e-04 5.157480314960629503e-02 3.937007874015748519e-04 2.248031496062992129e-01 5.157480314960629503e-02 3.937007874015748519e-04 1.263779527559055205e-01 1.421259842519685124e-01
1.996370235934664516e-03 1.814882032667876734e-04 3.466424682395644746e-02 4.484573502722322691e-01 1.814882032667876734e-04 4.373865698729582918e-02 2.760435571687840373e-01 1.814882032667876734e-04 1.435571687840290211e-01 5.099818511796733178e-02
1.039062499999999917e-01 1.786830357142857040e-01 1.116071428571428672e-04 1.116071428571428672e-04 1.227678571428571621e-03 1.440848214285714302e-01 1.128348214285714163e-01 6.261160714285714246e-02 3.047991071428571841e-01 9.162946428571427937e-02
1.824212271973466070e-03 4.991708126036484283e-02 3.482587064676617022e-03 1.658374792703150899e-04 1.658374792703150899e-04 1.776119402985074647e-01 1.658374792703150899e-04 1.311774461028192285e-01 3.981757877280265312e-01 2.373134328358208756e-01
2.398081534772182307e-04 2.637889688249400646e-03 2.398081534772182307e-04 1.752997601918465098e-01 2.901678657074340320e-02 6.258992805755396460e-02 1.345323741007194152e-01 2.398081534772182307e-04 5.637889688249400066e-01 3.141486810551558789e-02
2.531645569620253320e-04 2.531645569620253320e-04 1.217721518987341794e-01 6.354430379746835167e-02 2.531645569620253320e-04 2.531645569620253320e-04 1.291139240506329090e-02 5.091139240506329378e-01 2.531645569620253320e-04 2.913924050632911156e-01
1.818181818181818343e-04 1.818181818181818343e-04 7.454545454545454149e-03 2.745454545454545370e-02 3.818181818181818222e-03 6.927272727272727748e-02 2.001818181818181830e-01 1.818181818181818343e-04 6.674545454545455225e-01 2.381818181818181820e-02
8.562367864693444866e-03 9.619450317124736069e-03 2.970401691331923943e-02 5.930232558139535148e-02 1.057082452431289712e-04 6.458773784355180403e-02 1.068710359408033828e-01 6.670190274841437950e-02 6.005285412262156841e-01 5.401691331923889894e-02
9.221238938053097356e-02 1.346902654867256632e-01 1.769911504424778791e-04 9.752212389380530977e-02 1.769911504424778791e-04 2.125663716814159276e-01 6.389380530973451378e-02 2.161061946902654851e-01 6.920353982300884998e-02 1.134513274336283045e-01
1.615508885298869244e-04 1.615508885298869244e-04 6.623586429725362816e-03 1.003231017770597755e-01 1.615508885298869244e-04 5.508885298869144187e-02 2.554119547657511813e-01 1.084006462035541074e-01 2.909531502423263194e-01 1.827140549273020831e-01
2.012072434607646099e-04 2.012072434607646099e-04 2.012072434607646099e-04 6.056338028169014343e-02 2.012072434607646099e-04 7.464788732394365967e-02 3.201207243460764684e-01 2.012072434607646099e-04 3.925553319919516948e-01 1.511066398390341903e-01
3.703703703703704062e-04 3.703703703703704062e-04 6.333333333333333870e-02 1.929629629629629750e-01 2.259259259259259120e-02 6.703703703703704775e-02 1.448148148148148129e-01 7.074074074074074292e-02 2.559259259259258901e-01 1.818518518518518479e-01
1.022377622377622086e-01 4.714685314685314044e-01 9.384615384615382916e-02 9.104895104895102675e-02 5.468531468531467876e-02 5.328671328671327756e-02 1.552447552447552143e-02 1.398601398601398329e-04 1.398601398601398329e-04 1.176223776223775941e-01
2.564102564102564100e-04 2.564102564102564100e-04 7.948717948717948928e-03 5.207692307692307621e-01 2.564102564102564100e-04 2.820512820512820727e-03 2.899999999999999800e-01 2.564102564102564100e-04 1.564102564102564166e-02 1.617948717948717863e-01
1.053740779768176953e-04 2.212855637513171710e-03 1.053740779768176953e-04 1.053740779768176953e-04 4.320337197049524749e-03 1.328767123287671048e-01 2.129610115911485524e-01 2.804004214963118913e-01 2.709167544783983028e-01 9.599578503688091513e-02
1.793023255813953332e-01 2.325581395348837340e-04 2.325581395348837340e-04 3.046511627906976771e-02 2.325581395348837340e-04 2.653488372093023018e-01 2.325581395348837340e-04 2.258139534883720767e-01 1.281395348837209291e-01 1.699999999999999845e-01
9.377431906614785984e-02 3.891050583657587819e-04 3.891050583657587819e-04 1.910505836575875638e-01 3.891050583657587819e-04 1.677042801556420382e-01 1.249027237354085607e-01 3.583657587548638168e-01 5.875486381322957141e-02 4.280155642023346710e-03
2.117178612059158194e-01 1.137656427758816939e-04 1.137656427758816939e-04 5.813424345847554436e-02 1.137656427758816939e-04 6.951080773606370389e-02 4.949943117178612351e-01 3.526734926052332159e-03 1.490329920364050036e-02 1.468714448236632386e-01
3.568493150684931559e-01 6.849315068493150738e-04 7.602739726027396561e-02 6.849315068493150738e-04 6.849315068493150738e-04 3.363013698630137327e-01 6.849315068493150738e-04 6.849315068493150738e-04 5.547945205479451469e-02 1.719178082191780976e-01
2.052023121387283253e-02 1.274566473988439363e-01 1.939306358381502615e-01 2.343930635838150089e-01 2.890173410404624460e-04 1.361271676300578048e-01 1.043352601156069398e-01 1.274566473988439363e-01 1.763005780346820622e-02 3.786127167630057994e-02
4.459974587039390592e-02 1.270648030495552679e-04 1.537484116899618704e-02 4.067344345616264456e-01 1.270648030495552679e-04 2.935196950444727074e-02 2.783989834815756015e-01 1.410419313850063555e-02 2.172808132147395488e-02 1.894536213468868968e-01
4.263565891472868158e-03 8.139534883720930120e-03 4.689922480620154627e-02 3.875968992248061962e-04 1.589147286821705404e-02 3.875968992248061962e-04 9.341085271317829675e-02 1.050387596899224896e-01 6.941860465116278522e-01 3.139534883720929842e-02
4.201680672268907814e-04 4.201680672268907814e-04 8.865546218487395380e-02 1.138655462184874068e-01 4.621848739495798379e-03 8.823529411764705760e-03 2.147058823529411908e-01 4.201680672268907814e-04 5.592436974789916082e-01 8.823529411764705760e-03
1.485884101040119013e-04 6.747399702823180245e-01 1.054977711738484293e-02 1.485884101040119013e-04 1.485884101040119013e-04 2.364041604754829051e-01 1.485884101040119013e-04 1.485884101040119013e-04 1.485884101040119013e-04 7.741456166419019569e-02
1.701828410689170193e-02 2.953586497890295631e-03 4.360056258790436304e-03 2.673699015471167062e-01 1.406469760900140673e-04 4.796061884669480108e-02 3.770745428973277247e-01 1.406469760900140673e-04 9.985935302390997262e-03 2.729957805907172741e-01
5.965346534653465788e-02 8.440594059405941152e-02 5.198019801980198300e-03 2.475247524752475278e-04 2.475247524752475278e-04 2.254950495049504733e-01 1.509900990099009854e-02 6.460396039603960583e-02 4.111386138613861152e-01 1.339108910891089188e-01
