2.557544757033247316e-04 2.557544757033247316e-04 2.557544757033247316e-04 2.557544757033247316e-04 2.557544757033247316e-04 2.557544757033247316e-04 2.557544757033247316e-04 2.557544757033247316e-04 2.557544757033247316e-04 2.557544757033247316e-04 2.943734015345267352e-01 2.557544757033247316e-04 2.557544757033247316e-04 2.557544757033247316e-04 2.557544757033247316e-04 2.557544757033247316e-04 1.383631713554986931e-01 6.163682864450126253e-02 8.721227621483373937e-02 2.557544757033247316e-04 5.652173913043476855e-02 1.048593350383631231e-02 2.534526854219947833e-01 7.928388746803067058e-03 2.557544757033247316e-04 6.930946291560100003e-02 2.557544757033247316e-04 1.560102301790280803e-02 2.557544757033247316e-04 2.557544757033247316e-04
5.263157894736839384e-03 5.263157894736839384e-03 5.263157894736839384e-03 2.684210526315787826e-01 5.263157894736839384e-03 5.263157894736839384e-03 5.263157894736839384e-03 1.105263157894736253e-01 5.263157894736839384e-03 5.263157894736839384e-03 5.263157894736839384e-03 5.263157894736839384e-03 5.263157894736839384e-03 5.263157894736839384e-03 5.263157894736839384e-03 5.263157894736839384e-03 5.263157894736839384e-03 5.263157894736839384e-03 5.263157894736839384e-03 5.263157894736839384e-03 1.631578947368420296e-01 5.263157894736839384e-03 5.263157894736839384e-03 3.210526315789471452e-01 5.263157894736839384e-03 5.263157894736839384e-03 5.263157894736839384e-03 5.263157894736839384e-03 5.263157894736839384e-03 5.263157894736839384e-03
1.589825119236883664e-04 1.128775834658187274e-02 1.748807631160572166e-03 1.589825119236883664e-04 1.607313195548489282e-01 1.589825119236883664e-04 1.128775834658187274e-02 9.236883942766294098e-02 1.748807631160572166e-03 1.589825119236883664e-04 1.589825119236883664e-04 1.605723370429252422e-02 1.589825119236883664e-04 1.589825119236883664e-04 2.241653418124005953e-02 1.589825119236883664e-04 1.589825119236883664e-04 1.748807631160572166e-03 2.179650238473767321e-01 3.228934817170110438e-01 1.589825119236883664e-04 6.518282988871222129e-03 1.748807631160572166e-03 1.589825119236883664e-04 1.589825119236883664e-04 1.162162162162161810e-01 1.589825119236883664e-04 6.518282988871222129e-03 1.589825119236883664e-04 6.518282988871222129e-03
2.347417840375586257e-04 2.347417840375586257e-04 2.347417840375586257e-04 4.485915492957744943e-01 7.300469483568074180e-02 2.347417840375586257e-04 1.316901408450703859e-01 6.126760563380280467e-02 2.347417840375586257e-04 9.624413145539903111e-03 4.929577464788731031e-03 2.347417840375586257e-04 2.347417840375586257e-04 2.347417840375586257e-04 2.347417840375586257e-04 2.582159624413144991e-03 2.347417840375586257e-04 1.901408450704224901e-02 5.422535211267604655e-02 4.929577464788731031e-03 2.347417840375586257e-04 2.347417840375586257e-04 2.582159624413144991e-03 2.347417840375586257e-04 2.582159624413144991e-03 1.387323943661971370e-01 4.248826291079811635e-02 2.347417840375586257e-04 2.347417840375586257e-04 2.347417840375586257e-04
2.865329512893982069e-04 3.467048710601718098e-02 2.865329512893982069e-04 2.865329512893982069e-04 2.865329512893982069e-04 1.464183381088824676e-01 1.664756446991403627e-01 2.865329512893982069e-04 2.034383954154727128e-02 2.865329512893982069e-04 2.865329512893982069e-04 2.865329512893982069e-04 2.865329512893982069e-04 2.865329512893982069e-04 3.753581661891116500e-02 3.151862464183380168e-03 3.180515759312319696e-02 2.865329512893982069e-04 2.209169054441259827e-01 2.865329512893982069e-04 2.865329512893982069e-04 2.865329512893982069e-04 2.865329512893982069e-04 6.332378223495700731e-02 6.017191977077362454e-03 2.865329512893982069e-04 2.865329512893982069e-04 2.865329512893982069e-04 1.206303724928366461e-01 1.435530085959884905e-01
8.677685950413224769e-03 4.132231404958678668e-04 4.132231404958678668e-04 4.132231404958678668e-04 4.132231404958678668e-04 4.132231404958678668e-04 8.719008264462811686e-02 3.760330578512396937e-02 4.132231404958678668e-04 4.132231404958678668e-04 5.413223140495868058e-02 4.132231404958678668e-04 4.132231404958678668e-04 4.132231404958678668e-04 4.132231404958678668e-04 4.132231404958678668e-04 4.132231404958678668e-04 4.132231404958678668e-04 8.305785123966943906e-02 4.132231404958678668e-04 4.132231404958678668e-04 4.132231404958678668e-04 4.132231404958678668e-04 4.132231404958678668e-04 4.132231404958678668e-04 7.892561983471076126e-02 6.367768595041323199e-01 4.545454545454546101e-03 4.132231404958678668e-04 4.132231404958678668e-04
2.840909090909090229e-04 2.301136363636362842e-02 2.840909090909090229e-04 2.840909090909090229e-04 2.840909090909090229e-04 2.301136363636362842e-02 1.536931818181817844e-01 3.124999999999999306e-03 6.846590909090907728e-02 2.840909090909090229e-04 2.840909090909090229e-04 2.840909090909090229e-04 1.448863636363635805e-02 2.840909090909090229e-04 1.423295454545454031e-01 2.840909090909090229e-04 2.840909090909090229e-04 2.840909090909090229e-04 9.119318181818179825e-02 2.840909090909090229e-04 2.840909090909090229e-04 2.840909090909090229e-04 2.840909090909090229e-04 3.724431818181817011e-01 2.840909090909090229e-04 2.840909090909090229e-04 2.840909090909090229e-04 2.840909090909090229e-04 8.806818181818179547e-03 9.403409090909088663e-02
3.184713375796177637e-04 3.184713375796177637e-04 3.184713375796177637e-04 5.703821656050953592e-01 3.535031847133756483e-02 3.184713375796177637e-04 1.277070063694267232e-01 8.949044585987257772e-02 6.687898089171972170e-03 3.184713375796177637e-04 3.184713375796177637e-04 3.184713375796177637e-04 3.184713375796177637e-04 3.184713375796177637e-04 3.184713375796177637e-04 3.184713375796177637e-04 3.184713375796177637e-04 3.535031847133756483e-02 7.993630573248405868e-02 3.184713375796177637e-04 3.184713375796177637e-04 3.184713375796177637e-04 3.184713375796177637e-04 3.503184713375795400e-03 3.184713375796177637e-04 2.579617834394903539e-02 6.687898089171972170e-03 1.305732484076432484e-02 3.184713375796177637e-04 3.184713375796177637e-04
5.235602094240839315e-04 1.890052356020943125e-01 5.235602094240839315e-04 4.240837696335079954e-02 5.235602094240839315e-04 5.235602094240839315e-04 6.858638743455498787e-02 1.623036649214660079e-02 5.235602094240839315e-04 5.235602094240839315e-04 5.235602094240839315e-04 7.905759162303667431e-02 1.837696335078534693e-01 5.759162303664923897e-03 5.235602094240839315e-04 2.146596858638744054e-02 5.235602094240839315e-04 5.235602094240839315e-04 9.476439790575920397e-02 2.146596858638744054e-02 5.235602094240839315e-04 4.764397905759163582e-02 5.235602094240839315e-04 1.575916230366492810e-01 5.235602094240839315e-04 6.335078534031415853e-02 5.235602094240839315e-04 5.235602094240839315e-04 5.235602094240839315e-04 5.235602094240839315e-04
8.076923076923077024e-03 3.846153846153846151e-04 3.846153846153846151e-04 4.230769230769231525e-03 3.846153846153846151e-04 3.499999999999999639e-02 3.846153846153846151e-04 3.846153846153846151e-04 6.961538461538462064e-02 1.734615384615384726e-01 3.846153846153846151e-04 3.846153846153846151e-04 8.076923076923077024e-03 3.846153846153846151e-04 3.846153846153846151e-04 4.230769230769231525e-03 3.846153846153846151e-04 3.846153846153846151e-04 7.730769230769231337e-02 3.846153846153846151e-04 3.846153846153846151e-04 3.846153846153846151e-04 1.196153846153846234e-01 4.230769230769231525e-03 5.807692307692307460e-02 3.846153846153846151e-04 3.846153846153846151e-04 8.076923076923077024e-03 3.234615384615384670e-01 1.003846153846153916e-01
1.301020408163265293e-02 2.551020408163265536e-04 2.551020408163265536e-04 2.551020408163265536e-04 5.357142857142857192e-03 2.551020408163265536e-04 1.380102040816326703e-01 2.551020408163265536e-04 1.227040816326530615e-01 2.551020408163265536e-04 2.551020408163265536e-04 2.551020408163265536e-04 2.551020408163265536e-04 2.551020408163265536e-04 2.551020408163265536e-04 4.107142857142857817e-02 2.551020408163265536e-04 2.551020408163265536e-04 2.043367346938775309e-01 2.551020408163265536e-04 2.551020408163265536e-04 2.551020408163265536e-04 2.551020408163265536e-04 2.551020408163265536e-04 2.551020408163265536e-04 2.551020408163265536e-04 4.543367346938775309e-01 2.551020408163265536e-04 1.045918367346938653e-02 5.357142857142857192e-03
1.773255813953487567e-02 2.906976744186045929e-04 2.906976744186045929e-04 2.906976744186045929e-04 2.906976744186045929e-04 2.906976744186045929e-04 2.677325581395347820e-01 2.906976744186045929e-04 2.906976744186045929e-04 2.906976744186045929e-04 2.354651162790696861e-02 2.906976744186045929e-04 2.906976744186045929e-04 2.906976744186045929e-04 1.485465116279069409e-01 2.354651162790696861e-02 9.011627906976741459e-03 2.063953488372092387e-02 3.808139534883719229e-02 2.906976744186045929e-04 9.011627906976741459e-03 2.906976744186045929e-04 2.906976744186045929e-04 3.026162790697673466e-01 5.552325581395347459e-02 3.197674418604650251e-03 2.906976744186045929e-04 6.104651162790695855e-03 2.906976744186045929e-04 7.005813953488369827e-02
1.584786053882725621e-04 1.584786053882725621e-04 1.584786053882725621e-04 1.584786053882725621e-04 1.584786053882725621e-04 1.743264659270998265e-03 1.584786053882725621e-04 1.584786053882725621e-04 7.305863708399365497e-02 3.328050713153723941e-03 2.822503961965134311e-01 1.743264659270998265e-03 1.584786053882725621e-04 1.743264659270998265e-03 1.584786053882725621e-04 6.513470681458002898e-02 9.207606973058635180e-02 1.584786053882725621e-04 1.681458003169571669e-01 6.497622820919174425e-03 1.584786053882725621e-04 1.584786053882725621e-04 2.743264659270998052e-01 1.584786053882725621e-04 1.584786053882725621e-04 2.234548335974642988e-02 1.584786053882725621e-04 4.912836767036449399e-03 1.584786053882725621e-04 1.584786053882725621e-04
2.341920374707259409e-04 3.536299765807961182e-02 7.259953161592504547e-03 2.341920374707259409e-04 2.341920374707259409e-04 2.341920374707259409e-04 4.004683840749413692e-02 2.341920374707259409e-04 2.341920374707259409e-04 2.341920374707259409e-04 2.341920374707259409e-04 4.918032786885244596e-03 2.341920374707259409e-04 2.341920374707259409e-04 2.341920374707259409e-04 7.259953161592504547e-03 2.341920374707259409e-04 2.341920374707259409e-04 1.969555035128804921e-01 2.341920374707259409e-04 2.341920374707259409e-04 2.341920374707259409e-04 3.067915690866509712e-02 4.522248243559717773e-01 8.922716627634658115e-02 3.067915690866509712e-02 5.644028103044495398e-02 7.259953161592504547e-03 2.341920374707259409e-04 3.770491803278688131e-02
2.849002849002848278e-04 2.849002849002848278e-04 2.849002849002848278e-04 2.849002849002848278e-04 2.849002849002848278e-04 2.849002849002848278e-04 2.849002849002848278e-04 2.849002849002848278e-04 3.621082621082619690e-01 2.849002849002848278e-04 2.877492877492876522e-02 8.831908831908829444e-03 2.307692307692306780e-02 3.133903133903133322e-03 2.849002849002848278e-04 8.831908831908829444e-03 2.022792022792022082e-02 3.133903133903133322e-03 9.430199430199427690e-02 2.849002849002848278e-04 2.849002849002848278e-04 2.849002849002848278e-04 2.509971509971509196e-01 2.849002849002848278e-04 2.849002849002848278e-04 2.307692307692306780e-02 2.849002849002848278e-04 2.849002849002848278e-04 2.849002849002848278e-04 1.683760683760683330e-01
2.113095238095237874e-02 2.976190476190476459e-04 2.976190476190476459e-04 2.976190476190476459e-04 2.976190476190476459e-04 2.976190476190476459e-04 9.553571428571429325e-02 2.976190476190476459e-04 1.699404761904761973e-01 2.976190476190476459e-04 1.517857142857142669e-02 2.976190476190476459e-04 2.976190476190476459e-04 2.976190476190476459e-04 2.976190476190476459e-04 3.273809523809523888e-03 2.976190476190476459e-04 2.976190476190476459e-04 1.550595238095238138e-01 2.976190476190476459e-04 2.976190476190476459e-04 2.976190476190476459e-04 6.250000000000000347e-03 2.976190476190476459e-04 2.976190476190476459e-04 2.976190476190476459e-04 4.616071428571428270e-01 2.976190476190476459e-04 3.005952380952380681e-02 3.601190476190475886e-02
1.650326797385620603e-02 7.042483660130717527e-02 1.633986928104575050e-04 1.633986928104575050e-04 1.633986928104575050e-04 1.633986928104575050e-04 2.697712418300652892e-01 1.633986928104575050e-04 1.633986928104575050e-04 1.633986928104575050e-04 5.065359477124182358e-03 3.447712418300653142e-02 1.633986928104575050e-04 1.633986928104575050e-04 3.611111111111110772e-02 1.633986928104575050e-04 1.633986928104575050e-04 1.633986928104575050e-04 7.205882352941175850e-02 1.633986928104575050e-04 1.797385620915032583e-03 1.633986928104575050e-04 1.633986928104575050e-04 3.433006535947711879e-01 5.408496732026143311e-02 1.813725490196077886e-02 3.431372549019607362e-03 1.160130718954248061e-02 1.977124183006535516e-02 4.101307189542482967e-02
3.967213114754096492e-02 3.278688524590162847e-04 3.278688524590162847e-04 3.278688524590162847e-04 3.278688524590162847e-04 3.606557377049179457e-03 3.278688524590162847e-04 3.278688524590162847e-04 3.606557377049179457e-03 6.885245901639342088e-03 2.790163934426228010e-01 3.278688524590162847e-04 3.278688524590162847e-04 3.278688524590162847e-04 3.278688524590162847e-04 3.278688524590162847e-04 1.937704918032786272e-01 8.229508196721309343e-02 5.934426229508194678e-02 3.606557377049179457e-03 3.278688524590162847e-04 1.675409836065573088e-01 1.314754098360655377e-01 3.278688524590162847e-04 3.278688524590162847e-04 3.278688524590162847e-04 3.606557377049179457e-03 1.999999999999999001e-02 3.278688524590162847e-04 3.278688524590162847e-04
2.028397565922920593e-04 2.028397565922920593e-04 2.028397565922920593e-04 2.028397565922920593e-04 2.028397565922920593e-04 2.028397565922920593e-04 1.421906693711967040e-01 2.028397565922920593e-04 1.361054766734279553e-01 2.028397565922920593e-04 2.028397565922920593e-04 2.048681541582149726e-02 2.028397565922920593e-04 2.028397565922920593e-04 6.288032454361053812e-03 7.322515212981743626e-02 2.028397565922920593e-04 6.288032454361053812e-03 7.931034482758618498e-02 2.028397565922920593e-04 2.028397565922920593e-04 2.028397565922920593e-04 4.685598377281946503e-02 2.028397565922920593e-04 2.860040567951317725e-02 2.028397565922920593e-04 4.342799188640972252e-01 2.028397565922920593e-04 2.028397565922920593e-04 2.251521298174441466e-02
2.958579881656804773e-04 2.958579881656804773e-04 2.958579881656804773e-04 2.958579881656804773e-04 2.958579881656804773e-04 2.958579881656804773e-04 1.541420118343195256e-01 2.958579881656804773e-04 1.718934911242603614e-01 2.958579881656804773e-04 2.958579881656804773e-04 2.958579881656804773e-04 2.958579881656804773e-04 2.958579881656804773e-04 4.171597633136094746e-02 2.396449704142011861e-02 3.284023668639052956e-02 2.958579881656804773e-04 3.284023668639052956e-02 3.254437869822485521e-03 2.958579881656804773e-04 2.958579881656804773e-04 6.834319526627219421e-02 2.958579881656804773e-04 9.171597633136095717e-03 1.508875739644970244e-02 4.085798816568046998e-01 2.958579881656804773e-04 2.958579881656804773e-04 3.284023668639052956e-02
8.779631255487270101e-05 7.383669885864793669e-02 8.779631255487270101e-05 8.779631255487270101e-05 8.779631255487270101e-05 8.779631255487270101e-05 4.310798946444249768e-02 8.779631255487270101e-05 1.843722563652326748e-03 6.593503072870939008e-02 8.779631255487270101e-05 7.989464442493415114e-03 9.657594381035996840e-04 7.111501316944687616e-03 7.111501316944687616e-03 8.779631255487270101e-05 8.779631255487270101e-05 8.779631255487270101e-05 1.932396839332747862e-01 8.779631255487270101e-05 8.779631255487270101e-05 9.657594381035996840e-04 3.608428446005267770e-02 1.063213345039508290e-01 3.258121158911325699e-01 2.028094820017559488e-02 5.355575065847234355e-03 8.779631255487270101e-05 7.111501316944687616e-03 9.578577699736610940e-02
1.261034047919293549e-04 7.692307692307689265e-03 6.431273644388396313e-03 1.261034047919293549e-04 1.261034047919293549e-04 1.261034047919293549e-04 2.534678436317780101e-02 1.261034047919293549e-04 3.039092055485497282e-02 5.435056746532154759e-02 1.287515762925598439e-01 5.435056746532154759e-02 1.387137452711222985e-03 1.261034047919293549e-04 2.156368221941992042e-02 2.648171500630516588e-03 3.417402269861285341e-02 1.261034047919293549e-04 1.627994955863807658e-01 1.261034047919293549e-04 2.648171500630516588e-03 1.261034047919293549e-04 2.838587641866329725e-01 8.965952080706175720e-02 2.660781841109709223e-02 4.804539722572508109e-02 1.261034047919293549e-04 1.261034047919293549e-04 1.261034047919293549e-04 1.778058007566203635e-02
3.597122302158273460e-04 3.597122302158273460e-04 3.597122302158273460e-04 3.597122302158273460e-04 3.597122302158273460e-04 3.960431654676258573e-01 3.992805755395683470e-02 3.597122302158273460e-04 7.949640287769785263e-02 3.956834532374100752e-03 3.633093525179856287e-02 3.597122302158273460e-04 3.597122302158273460e-04 3.597122302158273460e-04 3.597122302158273460e-04 3.597122302158273460e-04 3.597122302158273460e-04 3.597122302158273460e-04 3.597122302158273460e-04 3.597122302158273460e-04 3.597122302158273460e-04 3.597122302158273460e-04 1.658273381294964044e-01 3.597122302158273460e-04 7.589928057553957386e-02 3.597122302158273460e-04 3.597122302158273460e-04 3.597122302158273460e-04 1.478417266187050383e-01 4.712230215827337837e-02
4.347826086956522442e-04 4.347826086956522442e-04 4.347826086956522442e-04 4.347826086956522442e-04 4.347826086956522442e-04 4.782608695652174578e-03 2.526086956521739757e-01 4.347826086956522442e-04 4.347826086956522442e-04 4.347826086956522442e-04 4.347826086956522442e-04 1.347826086956521903e-02 4.347826086956522442e-04 4.347826086956522442e-04 1.347826086956521903e-02 3.956521739130434978e-02 4.347826086956522442e-04 4.347826086956522442e-04 6.565217391304348227e-02 4.347826086956522442e-04 2.217391304347826261e-02 4.347826086956522442e-04 4.347826086956522442e-04 4.347826086956522442e-04 9.130434782608696370e-03 8.739130434782610424e-02 4.656521739130435322e-01 4.347826086956522442e-04 9.130434782608696370e-03 9.130434782608696370e-03
1.926782273603082070e-04 1.926782273603082070e-04 1.926782273603082070e-04 5.454720616570325475e-01 1.926782273603082070e-04 2.119460500963390222e-03 1.560693641618496330e-02 1.926782273603082070e-04 1.926782273603082070e-04 3.487475915221578682e-02 1.926782273603082070e-04 1.926782273603082070e-04 4.046242774566471967e-03 1.926782273603082070e-04 1.926782273603082070e-04 1.926782273603082070e-04 1.926782273603082070e-04 1.926782273603082070e-04 1.581888246628130323e-01 5.973025048169554145e-03 1.926782273603082070e-04 1.926782273603082070e-04 2.331406551059729201e-02 1.926782273603082070e-04 1.926782273603082070e-04 1.485549132947976136e-01 5.799614643545276949e-02 1.926782273603082070e-04 1.926782273603082070e-04 1.926782273603082070e-04
1.937984496124030710e-04 1.937984496124030710e-04 1.937984496124030710e-04 1.937984496124030710e-04 1.937984496124030710e-04 1.937984496124030710e-04 7.945736434108525287e-03 1.937984496124030710e-04 1.087209302325581189e-01 2.151162790697673868e-02 5.639534883720929287e-02 1.937984496124030710e-04 6.027131782945735483e-02 1.937984496124030710e-04 1.937984496124030710e-04 1.937984496124030710e-04 1.937984496124030710e-04 1.937984496124030710e-04 1.319767441860464630e-01 6.007751937984495173e-03 1.937984496124030710e-04 1.937984496124030710e-04 1.319767441860464630e-01 1.937984496124030710e-04 6.414728682170540985e-02 8.158914728682169215e-02 6.007751937984495173e-03 1.937984496124030710e-04 2.753875968992247070e-01 4.476744186046510698e-02
2.631578947368420993e-04 2.631578947368420993e-04 2.631578947368420993e-04 2.631578947368420993e-04 2.631578947368420993e-04 2.631578947368420993e-04 2.631578947368420993e-04 2.631578947368420993e-04 1.239473684210526117e-01 2.631578947368420993e-04 2.631578947368420993e-04 2.631578947368420993e-04 2.631578947368420993e-04 2.631578947368420993e-04 2.631578947368420993e-04 5.815789473684210287e-02 3.184210526315788686e-02 2.631578947368420993e-04 1.055263157894736764e-01 2.631578947368420993e-04 2.631578947368420993e-04 2.631578947368420993e-04 2.631578947368420993e-04 8.157894736842103561e-03 2.631578947368420993e-04 2.631578947368420993e-04 6.660526315789472296e-01 2.631578947368420993e-04 2.631578947368420993e-04 2.631578947368420993e-04
3.401360544217685755e-04 3.401360544217685755e-04 3.401360544217685755e-04 3.775510204081630738e-02 3.401360544217685755e-04 3.401360544217685755e-04 3.741496598639454819e-03 7.142857142857140032e-03 3.401360544217685755e-04 3.401360544217685755e-04 9.557823129251696859e-02 3.401360544217685755e-04 3.401360544217685755e-04 3.401360544217685755e-04 3.401360544217685755e-04 3.401360544217685755e-04 2.486394557823128071e-01 3.401360544217685755e-04 1.023809523809523503e-01 3.401360544217685755e-04 4.357142857142855541e-01 1.054421768707482568e-02 3.401360544217685755e-04 3.741496598639454819e-03 3.401360544217685755e-04 4.795918367346936606e-02 3.401360544217685755e-04 3.401360544217685755e-04 3.401360544217685755e-04 3.401360544217685755e-04
1.839378238341968230e-02 7.279792746113987467e-02 2.357512953367874725e-02 2.590673575129533016e-04 2.590673575129533016e-04 2.590673575129533016e-04 8.031088082901552405e-03 2.590673575129533016e-04 2.590673575129533016e-04 5.158031088082899451e-01 2.463730569948185678e-01 2.590673575129533016e-04 2.590673575129533016e-04 4.948186528497407893e-02 2.590673575129533016e-04 2.590673575129533016e-04 2.849740932642486589e-03 2.590673575129533016e-04 2.098445595854921478e-02 2.590673575129533016e-04 2.357512953367874725e-02 8.031088082901552405e-03 2.590673575129533016e-04 2.590673575129533016e-04 5.440414507772019063e-03 2.590673575129533016e-04 2.590673575129533016e-04 2.590673575129533016e-04 2.590673575129533016e-04 2.590673575129533016e-04
2.087682672233820576e-04 1.482254697286012474e-02 2.087682672233820576e-04 2.087682672233820576e-04 2.296450939457202797e-03 2.087682672233820576e-04 2.087682672233820576e-04 2.087682672233820576e-04 1.484342379958246139e-01 4.384133611691023481e-03 2.296450939457202797e-03 4.384133611691023481e-03 2.087682672233820576e-04 2.087682672233820576e-04 2.087682672233820576e-04 6.701461377870564229e-02 2.087682672233820576e-04 2.087682672233820576e-04 1.860125260960333871e-01 2.296450939457202797e-03 4.384133611691023481e-03 2.087682672233820576e-04 1.273486430062630362e-02 2.087682672233820576e-04 2.087682672233820576e-04 2.087682672233820576e-04 4.240083507306889321e-01 4.384133611691023481e-03 2.943632567849686910e-02 8.997912317327766418e-02
2.824858757062145907e-04 2.824858757062145907e-04 2.824858757062145907e-04 2.824858757062145907e-04 3.107344632768360877e-03 2.824858757062145907e-04 6.807909604519772617e-02 8.757062146892652041e-03 2.824858757062145907e-04 5.031073446327681831e-01 7.655367231638415815e-02 2.824858757062145907e-04 5.932203389830506893e-03 1.158192090395479719e-02 3.107344632768360877e-03 2.824858757062145907e-04 2.824858757062145907e-04 5.960451977401128726e-02 8.785310734463273874e-02 2.824858757062145907e-04 1.440677966101694407e-02 1.302259887005649264e-01 2.824858757062145907e-04 2.824858757062145907e-04 1.440677966101694407e-02 2.824858757062145907e-04 5.932203389830506893e-03 2.824858757062145907e-04 2.824858757062145907e-04 3.107344632768360877e-03
1.754385964912280572e-04 1.754385964912280572e-04 1.754385964912280572e-04 1.421052631578947033e-02 1.754385964912280572e-04 1.929824561403508439e-03 6.508771929824559710e-02 1.754385964912280572e-04 8.263157894736840314e-02 5.438596491228069041e-03 1.754385964912280572e-04 1.754385964912280572e-04 1.754385964912280572e-04 1.754385964912280572e-04 1.754385964912280572e-04 9.491228070175436460e-02 1.754385964912280572e-04 1.754385964912280572e-04 1.229824561403508459e-01 1.754385964912280572e-04 1.754385964912280572e-04 1.754385964912280572e-04 1.754385964912280572e-04 1.754385964912280572e-04 1.754385964912280572e-04 1.421052631578947033e-02 5.949122807017542813e-01 1.754385964912280572e-04 1.754385964912280572e-04 1.754385964912280572e-04
1.075268817204301508e-03 1.075268817204301508e-03 1.075268817204301508e-03 1.075268817204301508e-03 1.075268817204301508e-03 1.075268817204301508e-03 1.075268817204301508e-03 4.408602150537635489e-02 2.053763440860215950e-01 1.075268817204301508e-03 1.075268817204301508e-03 9.784946236559143029e-02 1.075268817204301508e-03 1.075268817204301508e-03 1.075268817204301508e-03 1.075268817204301508e-03 1.075268817204301508e-03 2.258064516129033167e-02 1.075268817204301508e-03 1.075268817204301508e-03 1.075268817204301508e-03 1.075268817204301508e-03 2.376344086021506263e-01 1.731182795698925359e-01 1.075268817204301508e-03 7.634408602150540013e-02 1.075268817204301508e-03 1.075268817204301508e-03 1.075268817204301508e-03 1.193548387096774466e-01
7.542120911793853688e-02 1.000991080277502214e-02 7.036669970267589967e-03 4.370664023785925806e-02 2.081268582755202868e-03 9.910802775024775174e-05 3.478691774033695894e-02 4.469772051536173574e-02 9.910802775024775174e-05 9.910802775024775174e-05 5.054509415262634607e-03 5.054509415262634607e-03 9.910802775024775174e-05 2.586719524281466329e-02 9.910802775024775174e-05 8.929633300297321052e-02 9.326065411298312124e-02 9.910802775024775174e-05 1.418235877106045206e-01 9.910802775024775174e-05 1.090188305252725405e-03 9.910802775024775174e-05 1.992071357779979721e-02 3.023785926660059187e-01 4.063429137760156927e-03 2.884043607532209633e-02 2.289395441030723025e-02 3.072348860257680114e-03 9.910802775024775174e-05 3.875123885034686966e-02
2.267573696145124289e-04 2.267573696145124289e-04 2.267573696145124289e-04 2.700680272108842983e-01 8.866213151927435088e-02 2.267573696145124289e-04 7.029478458049884942e-03 7.732426303854873784e-02 7.029478458049884942e-03 1.383219954648525624e-02 1.609977324263037884e-02 2.267573696145124289e-04 2.267573696145124289e-04 2.494331065759636690e-03 2.267573696145124289e-04 2.267573696145124289e-04 1.156462585034013189e-02 2.267573696145124289e-04 7.732426303854873784e-02 2.267573696145124289e-04 2.267573696145124289e-04 2.267573696145124289e-04 2.267573696145124289e-04 2.267573696145124289e-04 7.052154195011337001e-02 3.494331065759636035e-01 2.267573696145124289e-04 2.267573696145124289e-04 4.761904761904760600e-03 2.267573696145124289e-04
2.833186231244483669e-02 6.540158870255957657e-02 3.618711385701676476e-03 2.833186231244483669e-02 3.009708737864077652e-02 8.826125330979700772e-05 4.421888790820829862e-02 7.069726390114738912e-02 2.921447484554280660e-02 5.383936451897616306e-03 2.480141218005295703e-02 2.303618711385701720e-02 9.708737864077670579e-04 8.826125330979700772e-05 8.031774051191526917e-03 8.826125330979700772e-05 8.826125330979700772e-05 8.826125330979700772e-05 1.042365401588702528e-01 8.031774051191526917e-03 3.097969991173874643e-02 3.134157105030891399e-01 8.826125330979700772e-05 8.826125330979700772e-05 8.826125330979700772e-05 7.687555163283317505e-02 8.826125330979700772e-05 6.275375110326565642e-02 3.618711385701676476e-03 3.715798764342453930e-02
4.969072164948452885e-02 2.061855670103092343e-04 2.061855670103092343e-04 8.453608247422677441e-03 5.074226804123710410e-01 2.061855670103092343e-04 2.061855670103092343e-04 1.383505154639174950e-01 2.061855670103092343e-04 2.061855670103092343e-04 2.061855670103092343e-04 2.061855670103092343e-04 2.061855670103092343e-04 6.391752577319585911e-03 2.061855670103092343e-04 2.268041237113401550e-03 4.329896907216494381e-03 2.907216494845360141e-02 1.342268041237112963e-01 4.329896907216494381e-03 2.061855670103092343e-04 2.061855670103092343e-04 2.268041237113401550e-03 2.061855670103092343e-04 4.329896907216494381e-03 1.012371134020618318e-01 2.061855670103092343e-04 2.268041237113401550e-03 2.268041237113401550e-03 2.061855670103092343e-04
1.173553719008264135e-02 1.669421487603305401e-02 1.652892561983470925e-04 4.644628099173553348e-02 1.652892561983470925e-04 1.652892561983470925e-04 3.322314049586776175e-02 2.661157024793388282e-02 4.975206611570247295e-02 1.652892561983470925e-04 1.504132231404958255e-02 1.652892561983470925e-04 1.652892561983470925e-04 1.652892561983470925e-04 1.652892561983470925e-04 1.652892561983470925e-04 1.652892561983470925e-04 1.456198347107437729e-01 1.588429752066115308e-01 1.008264462809917161e-02 1.652892561983470925e-04 1.652892561983470925e-04 8.611570247933883482e-02 2.117355371900825900e-01 8.942148760330577428e-02 6.628099173553718415e-02 1.652892561983470925e-04 5.123966942148759814e-03 2.495867768595040961e-02 1.652892561983470925e-04
3.891050583657588362e-04 3.929961089494164034e-02 3.891050583657588362e-04 3.891050583657588362e-04 3.891050583657588362e-04 3.891050583657588362e-04 3.856031128404669994e-01 3.891050583657588362e-04 6.653696498054476050e-02 3.891050583657588362e-04 3.891050583657588362e-04 3.891050583657588362e-04 3.891050583657588362e-04 3.891050583657588362e-04 4.280155642023347577e-03 1.984435797665369886e-02 2.688715953307393436e-01 3.891050583657588362e-04 1.595330739299611125e-02 3.891050583657588362e-04 3.891050583657588362e-04 3.891050583657588362e-04 3.891050583657588362e-04 3.891050583657588362e-04 3.891050583657588362e-04 7.821011673151753718e-02 3.891050583657588362e-04 4.280155642023347577e-03 3.891050583657588362e-04 1.093385214007782380e-01
1.508295625942684558e-04 1.508295625942684558e-04 3.634992458521869862e-02 3.031674208144796018e-02 2.277526395173453538e-02 1.508295625942684558e-04 1.825037707390648328e-02 1.660633484162895579e-01 1.508295625942684558e-04 1.659125188536952986e-03 1.508295625942684558e-04 1.508295625942684558e-04 1.508295625942684558e-04 1.508295625942684558e-04 1.508295625942684558e-04 1.508295625942684558e-04 6.184012066365005521e-03 7.692307692307690133e-03 1.600301659125188125e-01 2.927601809954750722e-01 1.508295625942684558e-04 1.508295625942684558e-04 1.659125188536952986e-03 1.975867269984916616e-02 1.508295625942684558e-04 1.328808446455504999e-01 2.126696832579185251e-02 4.690799396681748917e-02 3.333333333333333287e-02 1.508295625942684558e-04
5.405405405405407657e-04 2.216216216216216825e-02 5.405405405405407657e-04 8.702702702702706794e-02 5.405405405405407657e-04 2.216216216216216825e-02 1.086486486486486908e-01 5.405405405405407657e-04 5.405405405405407657e-04 5.405405405405407657e-04 4.918918918918920025e-02 5.405405405405407657e-04 5.405405405405407657e-04 5.405405405405407657e-04 5.405405405405407657e-04 5.405405405405407657e-04 5.405405405405407657e-04 4.059459459459460184e-01 6.000000000000001860e-02 1.681081081081081674e-01 5.405405405405407657e-04 5.405405405405407657e-04 5.405405405405407657e-04 5.405405405405407657e-04 5.405405405405407657e-04 5.405405405405407657e-04 5.405405405405407657e-04 5.459459459459461289e-02 5.405405405405407657e-04 1.135135135135135510e-02
9.665271966527200220e-02 4.184100418410043216e-04 2.970711297071130380e-02 4.184100418410043216e-04 4.184100418410043216e-04 4.184100418410043216e-04 5.899581589958160371e-02 4.184100418410043216e-04 4.184100418410043216e-04 5.401673640167364843e-01 4.184100418410043216e-04 4.184100418410043216e-04 4.184100418410043216e-04 4.184100418410043216e-04 4.184100418410043216e-04 4.184100418410043216e-04 4.184100418410043216e-04 4.184100418410043216e-04 2.179916317991632269e-01 4.184100418410043216e-04 4.184100418410043216e-04 4.184100418410043216e-04 4.184100418410043216e-04 4.184100418410043216e-04 1.297071129707113267e-02 4.184100418410043216e-04 4.184100418410043216e-04 4.184100418410043216e-04 3.389121338912134268e-02 4.184100418410043216e-04
2.117117117117116656e-02 1.666666666666666297e-02 1.651651651651651551e-03 1.501501501501501434e-04 1.501501501501501434e-04 3.153153153153152605e-03 1.142642642642642398e-01 4.654654654654653660e-03 1.668168168168167875e-01 1.501501501501501434e-04 1.501501501501501434e-04 1.501501501501501434e-04 1.501501501501501434e-04 1.501501501501501434e-04 3.468468468468468430e-02 3.468468468468468430e-02 1.698198198198197784e-01 1.501501501501501434e-04 1.427927927927927498e-01 1.501501501501501434e-04 1.501501501501501434e-04 1.651651651651651551e-03 1.816816816816816532e-02 5.570570570570569646e-02 1.501501501501501434e-04 4.654654654654653660e-03 3.153153153153152605e-03 1.501501501501501434e-04 1.501501501501501434e-04 2.043543543543543117e-01
2.347417840375586257e-04 2.347417840375586257e-04 2.347417840375586257e-04 2.347417840375586257e-04 2.347417840375586257e-04 2.347417840375586257e-04 3.779342723004694427e-02 9.624413145539903111e-03 2.654929577464787971e-01 4.248826291079811635e-02 1.176056338028168696e-01 2.347417840375586257e-04 2.347417840375586257e-04 2.347417840375586257e-04 2.347417840375586257e-04 1.105633802816901184e-01 2.347417840375586257e-04 1.666666666666666297e-02 4.483568075117370239e-02 2.347417840375586257e-04 2.347417840375586257e-04 2.347417840375586257e-04 2.347417840375586257e-04 9.178403755868543012e-02 1.457746478873239160e-01 7.276995305164317938e-03 8.004694835680749299e-02 2.347417840375586257e-04 2.347417840375586257e-04 2.605633802816900713e-02
2.732240437158469943e-04 2.732240437158469943e-04 2.732240437158469943e-04 2.926229508196720452e-01 3.306010928961748002e-02 2.732240437158469943e-04 3.005464480874316720e-03 1.939890710382513248e-02 1.939890710382513248e-02 2.732240437158469943e-04 2.732240437158469943e-04 2.732240437158469943e-04 2.732240437158469943e-04 2.732240437158469943e-04 1.120218579234972395e-02 2.732240437158469943e-04 2.213114754098360198e-02 3.306010928961748002e-02 2.732240437158469943e-04 3.579234972677595300e-02 3.852459016393441904e-02 2.732240437158469943e-04 2.732240437158469943e-04 2.732240437158469943e-04 2.732240437158469943e-04 3.691256830601092331e-01 1.068306010928961602e-01 8.469945355191256173e-03 2.732240437158469943e-04 3.005464480874316720e-03
2.227171492204899300e-04 2.227171492204899300e-04 2.227171492204899300e-04 2.227171492204899300e-04 2.227171492204899300e-04 2.227171492204899300e-04 4.922048997772827256e-02 2.227171492204899300e-04 8.930957683741645725e-02 6.481069042316256468e-02 2.227171492204899300e-04 2.227171492204899300e-04 6.904231625835187749e-03 2.227171492204899300e-04 4.253897550111358089e-02 4.031180400890867904e-02 2.449888641425389257e-03 1.804008908685968138e-02 4.031180400890867904e-02 2.227171492204899300e-04 2.227171492204899300e-04 2.227171492204899300e-04 2.227171492204899300e-04 8.040089086859686374e-02 3.521158129175945284e-01 2.227171492204899300e-04 2.227171492204899300e-04 2.227171492204899300e-04 5.812917594654787301e-02 1.516703786191536119e-01
3.484320557491289196e-04 3.484320557491289196e-04 3.484320557491289196e-04 3.484320557491289196e-04 3.484320557491289196e-04 3.867595818815330877e-02 3.832752613240418549e-03 3.484320557491289196e-04 1.885017421602787624e-01 3.484320557491289196e-04 3.484320557491289196e-04 3.484320557491289196e-04 3.484320557491289196e-04 2.125435540069686366e-02 3.484320557491289196e-04 3.832752613240418549e-03 2.125435540069686366e-02 3.484320557491289196e-04 2.372822299651567712e-01 3.484320557491289196e-04 3.484320557491289196e-04 3.484320557491289196e-04 1.432055749128919864e-01 1.501742160278745630e-01 5.261324041811846902e-02 3.484320557491289196e-04 3.484320557491289196e-04 3.484320557491289196e-04 3.484320557491289196e-04 1.327526132404181214e-01
3.058103975535167462e-04 6.146788990825686333e-02 3.058103975535167462e-04 9.480122324159017885e-03 3.058103975535167462e-04 3.058103975535167462e-04 2.477064220183485335e-02 3.363914373088684046e-03 3.058103975535167462e-04 7.370030581039753448e-02 3.058103975535167462e-04 3.058103975535167462e-04 3.058103975535167462e-04 3.058103975535167462e-04 1.559633027522935173e-02 3.058103975535167462e-04 3.058103975535167462e-04 3.058103975535167462e-04 1.440366972477063745e-01 3.058103975535167462e-04 1.865443425076451778e-02 3.363914373088684046e-03 7.675840978593269359e-02 1.501529051987767205e-01 2.541284403669723524e-01 3.058103975535167462e-04 3.058103975535167462e-04 3.058103975535167462e-04 1.318042813455657103e-01 2.782874617737001940e-02
1.394700139470013683e-04 3.919107391910738730e-02 1.394700139470013683e-04 1.117154811715480867e-01 2.942817294281729196e-02 1.394700139470013683e-04 1.214783821478381820e-01 1.129707112970711018e-02 1.534170153417015268e-03 1.394700139470013683e-04 3.082287308228730607e-02 1.827057182705717903e-02 1.548117154811715253e-02 9.902370990237097798e-03 1.394700139470013683e-04 1.394700139470013683e-04 7.963737796373777933e-02 1.394700139470013683e-04 3.055788005578800037e-01 1.394700139470013683e-04 1.394700139470013683e-04 1.394700139470013683e-04 7.112970711297069565e-03 1.437935843793584079e-01 1.394700139470013683e-04 4.476987447698744377e-02 1.394700139470013683e-04 8.507670850767083681e-03 1.394700139470013683e-04 1.966527196652719314e-02
3.333333333333332680e-04 3.333333333333332680e-04 3.333333333333332680e-04 3.333333333333332680e-04 3.333333333333332680e-04 3.333333333333332680e-04 4.366666666666665919e-02 3.333333333333332680e-04 3.903333333333332544e-01 1.699999999999999428e-02 5.366666666666666113e-02 3.333333333333332680e-04 1.033333333333333152e-02 3.333333333333332680e-04 3.333333333333332680e-04 2.033333333333332826e-02 3.333333333333332680e-04 3.033333333333332674e-02 5.033333333333332021e-02 3.333333333333332680e-04 3.333333333333332680e-04 3.333333333333332680e-04 3.333333333333332680e-04 8.366666666666665308e-02 1.403333333333333099e-01 6.699999999999999012e-02 2.366666666666666224e-02 1.033333333333333152e-02 3.333333333333332680e-04 5.366666666666666113e-02
1.976284584980236858e-04 8.517786561264820144e-02 1.976284584980236858e-04 1.976284584980236858e-04 1.976284584980236858e-04 1.976284584980236858e-04 3.181818181818181490e-02 1.976284584980236858e-04 1.976284584980236858e-04 2.193675889328062720e-02 1.976284584980236858e-04 1.976284584980236858e-04 1.976284584980236858e-04 1.976284584980236858e-04 2.173913043478260462e-03 1.976284584980236858e-04 1.976284584980236858e-04 4.762845849802370413e-02 2.136363636363635687e-01 1.976284584980236858e-04 1.976284584980236858e-04 2.173913043478260462e-03 5.355731225296441605e-02 3.519762845849801480e-01 5.158102766798418337e-02 3.972332015810275951e-02 8.102766798418970656e-03 2.173913043478260462e-03 1.976284584980236858e-04 8.517786561264820144e-02
8.474576271186443684e-04 8.474576271186443684e-04 8.474576271186443684e-04 3.483050847457628274e-01 2.627118644067797174e-02 8.474576271186443684e-04 8.474576271186443684e-04 8.474576271186443684e-04 9.322033898305086969e-03 8.474576271186443684e-04 8.474576271186443684e-04 8.474576271186443684e-04 8.474576271186443684e-04 8.474576271186443684e-04 1.779661016949152935e-02 8.474576271186443684e-04 8.474576271186443684e-04 8.474576271186443684e-04 3.474576271186441412e-02 1.025423728813559532e-01 1.025423728813559532e-01 8.474576271186443684e-04 8.474576271186443684e-04 8.474576271186443684e-04 8.474576271186443684e-04 3.398305084745763538e-01 8.474576271186443684e-04 8.474576271186443684e-04 8.474576271186443684e-04 8.474576271186443684e-04
4.103260869565217295e-02 2.989130434782608786e-03 2.717391304347826120e-04 2.717391304347826120e-04 2.717391304347826120e-04 2.717391304347826120e-04 7.907608695652174058e-02 1.385869565217391283e-02 2.717391304347826120e-04 2.717391304347826120e-04 2.717391304347826120e-04 2.989130434782608786e-03 2.717391304347826120e-04 2.717391304347826120e-04 2.717391304347826120e-04 3.288043478260869318e-02 5.733695652173913249e-02 2.717391304347826120e-04 1.225543478260869568e-01 5.706521739130434798e-03 2.717391304347826120e-04 1.385869565217391283e-02 2.717391304347826120e-04 2.717391304347826120e-04 2.717391304347826120e-04 8.994565217391305156e-02 2.717391304347826120e-04 5.328804347826087140e-01 2.717391304347826120e-04 2.717391304347826120e-04
