2.696078431372548549e-03 2.450980392156862169e-04 2.450980392156862169e-04 2.450980392156862169e-04 2.696078431372548549e-03 2.450980392156862169e-04 1.473039215686274273e-01 2.450980392156862169e-04 2.450980392156862169e-04 2.450980392156862169e-04 2.720588235294116655e-02 2.450980392156862169e-04 2.450980392156862169e-04 2.450980392156862169e-04 2.450980392156862169e-04 2.450980392156862169e-04 2.450980392156862169e-04 3.700980392156861393e-02 2.450980392156862169e-04 2.450980392156862169e-04 1.985294117647058015e-02 2.450980392156862169e-04 3.678921568627449568e-01 2.450980392156862169e-04 2.450980392156862169e-04 2.379901960784313042e-01 2.450980392156862169e-04 4.681372549019607171e-02 2.450980392156862169e-04 1.056372549019607560e-01
3.717472118959106657e-04 5.241635687732339871e-02 3.717472118959106657e-04 3.717472118959106657e-04 3.717472118959106657e-04 3.717472118959106657e-04 3.717472118959106657e-04 3.717472118959106657e-04 3.717472118959106657e-04 3.717472118959106657e-04 3.717472118959106657e-04 3.717472118959106657e-04 3.717472118959106657e-04 3.717472118959106657e-04 2.828996282527879713e-01 1.267657992565055236e-01 3.717472118959106657e-04 4.910780669144979016e-01 3.717472118959106657e-04 3.717472118959106657e-04 3.717472118959106657e-04 3.717472118959106657e-04 3.717472118959106657e-04 3.717472118959106657e-04 4.089219330855016835e-03 3.717472118959106657e-04 3.717472118959106657e-04 3.717472118959106657e-04 3.717472118959106657e-04 3.382899628252786228e-02
4.963680387409199167e-03 1.078692493946730863e-01 1.331719128329297581e-03 2.410411622276028287e-01 1.210653753026634115e-04 1.210653753026634115e-04 2.191283292978207786e-02 1.210653753026634115e-04 5.823244552058109980e-02 1.210653753026634115e-04 1.331719128329297581e-03 2.542372881355931587e-03 2.070217917675544472e-02 2.191283292978207786e-02 1.210653753026634115e-04 9.576271186440674099e-02 1.210653753026634115e-04 9.806295399515736061e-03 1.343825665859563721e-02 2.542372881355931587e-03 2.470944309927360083e-01 3.753026634382565594e-03 1.210653753026634115e-04 9.806295399515736061e-03 1.210653753026634115e-04 1.210653753026634115e-04 3.753026634382565594e-03 1.210653753026634115e-04 1.210653753026634115e-04 1.308716707021791437e-01
4.672897196261683521e-04 5.140186915887852252e-03 4.672897196261683521e-04 3.228971962616822844e-01 5.140186915887852252e-03 4.672897196261683521e-04 4.672897196261683521e-04 4.672897196261683521e-04 3.182242990654206016e-01 9.813084112149535881e-03 5.140186915887852252e-03 4.672897196261683521e-04 4.672897196261683521e-04 4.672897196261683521e-04 4.672897196261683521e-04 6.588785046728973249e-02 4.672897196261683521e-04 1.593457943925234155e-01 4.672897196261683521e-04 4.672897196261683521e-04 4.672897196261683521e-04 4.672897196261683521e-04 5.140186915887852252e-03 4.672897196261683521e-04 4.672897196261683521e-04 1.448598130841121864e-02 4.672897196261683521e-04 7.990654205607479466e-02 4.672897196261683521e-04 4.672897196261683521e-04
3.436426116838486606e-04 3.436426116838486606e-04 3.436426116838486606e-04 3.436426116838486606e-04 3.436426116838486606e-04 3.436426116838486606e-04 3.436426116838486606e-04 3.436426116838486606e-04 3.436426116838486606e-04 3.436426116838486606e-04 3.436426116838486606e-04 5.532646048109964021e-02 3.436426116838486606e-04 3.436426116838486606e-04 5.020618556701028634e-01 8.281786941580752959e-02 3.436426116838486606e-04 5.876288659793812291e-02 3.470790378006871624e-02 1.240549828178693775e-01 3.436426116838486606e-04 3.436426116838486606e-04 7.938144329896903995e-02 3.436426116838486606e-04 3.436426116838486606e-04 3.436426116838486606e-04 3.436426116838486606e-04 2.439862542955325425e-02 3.436426116838486606e-04 3.127147766323022660e-02
2.061855670103092343e-04 3.113402061855669381e-02 2.061855670103092343e-04 8.268041237113400721e-02 6.391752577319585911e-03 2.061855670103092343e-04 2.907216494845360141e-02 2.061855670103092343e-04 2.061855670103092343e-04 1.898969072164947980e-01 4.969072164948452885e-02 2.268041237113401550e-03 2.061855670103092343e-04 1.670103092783504703e-02 8.680412371134019200e-02 1.569072164948453196e-01 2.061855670103092343e-04 2.061855670103092343e-04 2.061855670103092343e-04 1.321649484536082109e-01 2.061855670103092343e-04 4.329896907216494381e-03 2.061855670103092343e-04 2.061855670103092343e-04 2.061855670103092343e-04 2.061855670103092343e-04 2.061855670103092343e-04 8.453608247422677441e-03 9.298969072164946226e-02 1.074226804123711160e-01
4.048582995951417914e-04 5.708502024291499388e-02 4.048582995951417914e-04 1.255060728744939597e-02 4.048582995951417914e-04 4.048582995951417914e-04 4.048582995951417914e-04 4.048582995951417914e-04 1.255060728744939597e-02 4.048582995951417914e-04 4.048582995951417914e-04 4.048582995951417914e-04 4.048582995951417914e-04 4.048582995951417914e-04 2.064777327935223006e-02 3.684210526315790518e-02 2.469635627530364710e-02 4.048582995951417914e-04 3.769230769230769718e-01 1.255060728744939597e-02 4.048582995951417914e-04 4.453441295546560139e-03 5.708502024291499388e-02 2.311740890688259720e-01 4.048582995951417914e-04 6.113360323886640746e-02 4.048582995951417914e-04 3.279352226720648467e-02 4.453441295546560139e-03 4.898785425101215285e-02
1.960784313725489844e-04 1.960784313725489844e-04 1.960784313725489844e-04 3.707843137254900889e-01 1.960784313725489844e-04 2.156862745098039099e-03 1.960784313725489844e-04 1.960784313725489844e-04 1.960784313725489844e-04 1.960784313725489844e-04 1.960784313725489844e-04 1.980392156862744585e-02 5.705882352941175212e-02 1.960784313725489844e-04 1.960784313725489844e-04 9.235294117647056822e-02 1.960784313725489844e-04 1.960784313725489844e-04 1.960784313725489844e-04 1.960784313725489844e-04 2.727450980392155944e-01 1.960784313725489844e-04 2.764705882352940652e-02 4.117647058823528834e-03 1.960784313725489844e-04 3.941176470588234754e-02 4.117647058823528834e-03 1.960784313725489844e-04 4.333333333333332787e-02 6.294117647058822262e-02
1.555209953343701288e-04 1.555209953343701288e-04 1.555209953343701288e-04 1.555209953343701288e-04 1.555209953343701288e-04 1.555209953343701288e-04 1.339035769828926525e-01 1.555209953343701288e-04 1.570762052877137938e-02 3.656298600311041480e-01 1.555209953343701288e-04 3.265940902021772542e-03 1.555209953343701288e-04 1.555209953343701288e-04 1.898911353032659011e-01 1.555209953343701288e-04 1.555209953343701288e-04 1.555209953343701288e-04 1.401244167962674703e-01 1.555209953343701288e-04 1.555209953343701288e-04 1.555209953343701288e-04 1.881804043545878477e-02 1.555209953343701288e-04 1.555209953343701288e-04 1.555209953343701288e-04 2.192846034214618670e-02 1.555209953343701288e-04 4.214618973561430615e-02 6.547433903576982406e-02
2.583547557840616682e-02 1.285347043701799393e-04 1.285347043701799393e-04 6.953727506426733707e-02 1.285347043701799393e-04 1.285347043701799393e-04 1.285347043701799393e-04 1.285347043701799393e-04 2.057840616966580549e-01 3.997429305912596209e-02 1.285347043701799393e-04 1.285347043701799393e-04 3.097686375321336352e-02 5.925449871465295060e-02 1.812339331619537003e-02 1.723650385604112711e-01 1.285347043701799393e-04 2.712082262210796860e-02 5.796915167095115229e-02 1.285347043701799393e-04 1.285347043701799393e-04 1.285347043701799393e-04 2.199228791773778502e-01 7.840616966580974886e-03 1.285347043701799393e-04 1.413881748071979440e-03 1.285347043701799393e-04 1.285347043701799393e-04 6.555269922879175711e-03 5.539845758354754873e-02
1.519756838905774907e-04 1.079027355623100003e-02 9.741641337386015842e-02 1.870820668693008726e-01 4.118541033434650056e-02 1.519756838905774907e-04 1.990881458966565001e-02 1.519756838905774907e-04 1.519756838905774907e-04 1.519756838905774907e-04 1.519756838905774907e-04 2.446808510638297587e-02 9.270516717325226475e-03 1.519756838905774907e-04 1.519756838905774907e-04 7.462006079027354299e-02 1.519756838905774907e-04 1.519756838905774907e-04 2.902735562310030173e-02 1.519756838905774907e-04 3.147416413373859689e-01 1.671732522796352425e-03 3.191489361702127062e-03 4.574468085106382642e-02 1.519756838905774907e-04 1.671732522796352425e-03 1.519756838905774907e-04 3.191489361702127062e-03 9.270516717325226475e-03 1.247720364741640997e-01
1.127395715896279570e-04 1.025930101465614280e-02 1.127395715896279570e-04 1.127395715896279570e-04 1.240135287485907541e-03 1.127395715896279570e-04 6.324689966178127787e-02 2.367531003382186867e-03 1.127395715896279570e-04 2.188275084554678340e-01 1.127395715896279570e-04 3.494926719278466411e-03 2.367531003382186867e-03 1.127395715896279570e-04 1.489289740698984954e-01 1.127395715896279570e-04 1.127395715896279570e-04 1.127395715896279570e-04 2.526493799323561995e-01 6.877113866967304173e-03 1.127395715896279570e-04 1.127395715896279570e-04 7.790304396843290846e-02 2.367531003382186867e-03 1.127395715896279570e-04 6.877113866967304173e-03 1.127395715896279570e-04 3.167981961668545760e-02 9.143179255918826298e-02 7.790304396843290846e-02
1.308900523560209016e-04 1.308900523560209016e-04 1.308900523560209016e-04 2.630890052356020178e-02 4.201570680628271409e-02 1.308900523560209016e-04 6.034031413612563760e-02 1.308900523560209016e-04 5.510471204188480132e-02 1.308900523560209016e-04 1.308900523560209016e-04 1.439790575916230107e-03 2.748691099476438960e-03 1.308900523560209016e-04 1.308900523560209016e-04 1.321989528795811109e-02 1.308900523560209016e-04 1.308900523560209016e-04 1.308900523560209016e-04 3.285340314136124540e-02 1.308900523560209016e-04 1.308900523560209016e-04 4.490837696335077678e-01 1.308900523560209016e-04 5.117801047120417585e-02 1.308900523560209016e-04 1.308900523560209016e-04 1.650523560209423424e-01 1.308900523560209016e-04 9.829842931937168848e-02
1.614173228346457017e-02 3.937007874015749061e-04 3.937007874015749061e-04 3.937007874015749061e-04 1.220472440944882220e-02 3.937007874015749061e-04 3.937007874015749061e-04 3.937007874015749061e-04 2.795275590551181757e-02 3.937007874015749061e-04 3.937007874015749061e-04 3.937007874015749061e-04 3.937007874015749061e-04 3.937007874015749061e-04 3.937007874015749061e-04 3.271653543307087020e-01 4.330708661417324509e-03 3.976377952755906497e-02 2.523622047244094557e-01 8.267716535433072486e-03 4.330708661417324509e-03 3.937007874015749061e-04 1.618110236220472731e-01 7.913385826771655862e-02 3.937007874015749061e-04 3.937007874015749061e-04 3.937007874015749061e-04 3.937007874015749061e-04 3.937007874015749061e-04 5.944881889763780486e-02
2.548437499999999245e-01 1.562499999999999761e-04 6.406249999999997884e-03 1.562499999999999761e-04 1.562499999999999761e-04 1.235937499999999745e-01 4.546874999999999528e-02 9.703124999999998557e-02 1.562499999999999761e-04 3.140624999999999667e-02 1.562499999999999761e-04 2.046874999999999736e-02 1.548437499999999745e-01 2.984374999999999528e-02 1.562499999999999761e-04 1.718749999999999792e-03 6.109374999999998834e-02 1.562499999999999761e-04 1.562499999999999761e-04 1.562499999999999761e-04 1.562499999999999761e-04 1.562499999999999761e-04 1.562499999999999761e-04 1.562499999999999761e-04 6.265624999999999667e-02 1.562499999999999761e-04 1.562499999999999761e-04 8.140624999999998557e-02 1.718749999999999792e-03 2.515624999999999806e-02
6.813186813186812747e-03 4.857142857142857095e-02 2.197802197802197529e-04 7.274725274725274415e-02 2.197802197802197529e-04 2.197802197802197529e-04 2.659340659340658775e-02 4.615384615384614947e-03 2.197802197802197529e-04 7.274725274725274415e-02 2.197802197802197529e-04 6.813186813186812747e-03 2.197802197802197529e-04 2.197802197802197529e-04 2.197802197802197529e-04 2.417582417582417580e-03 2.197802197802197529e-04 2.197802197802197529e-04 3.978021978021977628e-02 2.197802197802197529e-04 1.340659340659340441e-02 2.197802197802197529e-04 4.615384615384614947e-03 2.197802197802197529e-04 2.197802197802197529e-04 2.219780219780219388e-02 5.035164835164834818e-01 2.879120879120878815e-02 3.318681318681317854e-02 1.101098901098900990e-01
2.202643171806166955e-04 2.422907488986783542e-03 2.422907488986783542e-03 2.202643171806166955e-04 2.202643171806166955e-04 2.202643171806166955e-04 1.123348017621145049e-02 1.081497797356827939e-01 2.202643171806166955e-04 2.202643171806166955e-04 2.202643171806166955e-04 2.202643171806166955e-04 2.422907488986783542e-03 2.202643171806166955e-04 5.748898678414095936e-02 1.147577092511012919e-01 2.444933920704845179e-02 2.422907488986783542e-03 2.755506607929514851e-01 2.202643171806166955e-04 2.202643171806166955e-04 2.202643171806166955e-04 1.808370044052862724e-01 2.202643171806166955e-04 2.202643171806166955e-04 2.202643171806166955e-04 1.411894273127752841e-01 2.422907488986783542e-03 2.202643171806166955e-04 7.070484581497796239e-02
1.607717041800642581e-04 2.588424437299034764e-02 1.463022508038584572e-02 2.991961414790995644e-01 1.607717041800642581e-04 1.607717041800642581e-04 1.607717041800642581e-04 1.607717041800642581e-04 1.607717041800642581e-04 2.588424437299034764e-02 6.591639871382633416e-03 7.733118971061091196e-02 6.768488745980705268e-02 1.607717041800642581e-04 1.607717041800642581e-04 1.607717041800642581e-04 1.768488745980706812e-03 8.199356913183276918e-03 1.141479099678456045e-02 1.607717041800642581e-04 3.233118971061091917e-01 1.607717041800642581e-04 2.909967845659163291e-02 1.607717041800642581e-04 1.607717041800642581e-04 1.607717041800642581e-04 1.607717041800642581e-04 1.607717041800642581e-04 1.141479099678456045e-02 9.501607717041797574e-02
3.300330033003298744e-04 3.300330033003298744e-04 3.300330033003298744e-04 2.673267326732671478e-02 3.630363036303628672e-03 1.353135313531352198e-02 6.303630363036299977e-02 3.300330033003298744e-04 6.963696369636959704e-02 3.300330033003298744e-04 1.917491749174916327e-01 3.300330033003298744e-04 3.300330033003298744e-04 3.300330033003298744e-04 3.300330033003298744e-04 3.300330033003298744e-04 2.313531353135312163e-01 3.300330033003298744e-04 2.346534653465345011e-01 3.630363036303628672e-03 3.300330033003298744e-04 3.300330033003298744e-04 1.257425742574256877e-01 3.300330033003298744e-04 3.300330033003298744e-04 1.683168316831682235e-02 3.300330033003298744e-04 1.353135313531352198e-02 3.300330033003298744e-04 3.300330033003298744e-04
3.521126760563378843e-04 3.521126760563378843e-04 3.521126760563378843e-04 1.091549295774647474e-02 7.394366197183095679e-03 3.521126760563378843e-04 4.964788732394363746e-02 3.521126760563378843e-04 8.838028169014081059e-02 3.521126760563378843e-04 2.186619718309858462e-01 3.873239436619717053e-03 3.521126760563378843e-04 3.521126760563378843e-04 3.521126760563378843e-04 1.795774647887322939e-02 2.644366197183097289e-01 3.521126760563378843e-04 1.447183098591548756e-01 1.091549295774647474e-02 3.873239436619717053e-03 3.521126760563378843e-04 1.059859154929577024e-01 3.521126760563378843e-04 3.521126760563378843e-04 3.521126760563378843e-04 3.521126760563378843e-04 3.908450704225350375e-02 3.521126760563378843e-04 2.852112676056336657e-02
2.717391304347825578e-04 4.374999999999999029e-02 5.706521739130433063e-03 2.717391304347825578e-04 5.706521739130433063e-03 2.717391304347825578e-04 1.089673913043477937e-01 2.717391304347825578e-04 9.809782608695649664e-02 2.717391304347825578e-04 2.989130434782607919e-03 2.989130434782607919e-03 1.385869565217390763e-02 2.717391304347825578e-04 1.035326086956521452e-01 2.095108695652173059e-01 8.423913043478259075e-03 5.706521739130433063e-03 2.717391304347825578e-04 2.717391304347825578e-04 2.717391304347825578e-04 2.717391304347825578e-04 2.095108695652173059e-01 2.717391304347825578e-04 2.717391304347825578e-04 2.717391304347825578e-04 2.989130434782607919e-03 2.717391304347825578e-04 2.717391304347825578e-04 1.741847826086955764e-01
1.683501683501683048e-04 1.683501683501683048e-04 1.683501683501683048e-04 4.898989898989897229e-02 1.851851851851851272e-03 1.683501683501683048e-04 2.878787878787877896e-02 1.683501683501683048e-04 8.602693602693599340e-02 1.683501683501683048e-04 6.902356902356899387e-03 1.683501683501683048e-04 5.218855218855216610e-03 1.683501683501683048e-04 7.255892255892253118e-02 2.560606060606059331e-01 1.683501683501683048e-04 5.572390572390570340e-02 1.432659932659932078e-01 1.683501683501683048e-04 1.683501683501683048e-04 1.683501683501683048e-04 1.836700336700335945e-01 5.572390572390570340e-02 1.683501683501683048e-04 1.683501683501683048e-04 1.195286195286194772e-02 1.683501683501683048e-04 1.683501683501683048e-04 4.057239057239055841e-02
1.061598951507208149e-02 1.310615989515072040e-04 7.745740498034074661e-02 3.146788990825687415e-01 1.310615989515072040e-04 1.061598951507208149e-02 1.310615989515072040e-04 1.310615989515072040e-04 4.207077326343380830e-02 1.310615989515072040e-04 6.684141546526866512e-03 1.310615989515072040e-04 1.298820445609436269e-01 2.752293577981651095e-03 1.310615989515072040e-04 1.076015727391873983e-01 1.441677588466579217e-03 1.979030144167758659e-02 1.310615989515072040e-04 7.994757536041938173e-03 1.154652686762778213e-01 1.310615989515072040e-04 1.716906946264743980e-02 6.684141546526866512e-03 4.062909567496723190e-03 1.310615989515072040e-04 1.310615989515072040e-04 1.310615989515072040e-04 1.310615989515072040e-04 1.233289646133682582e-01
2.564102564102564100e-04 6.435897435897436347e-02 2.820512820512820727e-03 2.564102564102564100e-04 1.820512820512820359e-02 2.564102564102564100e-04 2.564102564102564100e-04 2.564102564102564100e-04 3.358974358974358559e-02 2.564102564102564100e-04 2.564102564102564100e-04 2.564102564102564100e-04 2.564102564102564100e-04 5.384615384615385261e-03 1.053846153846153821e-01 3.615384615384615447e-02 7.948717948717948928e-03 4.641025641025641607e-02 2.076923076923076900e-02 5.384615384615385261e-03 2.564102564102564100e-04 2.564102564102564100e-04 1.951282051282051122e-01 5.666666666666667074e-02 2.820512820512820727e-03 2.564102564102564100e-04 2.564102564102564100e-04 2.564102564102564100e-04 2.564102564102564100e-04 3.951282051282051233e-01
4.894308943089429459e-02 1.626016260162601083e-04 9.609756097560971655e-02 2.505691056910567815e-01 1.626016260162601083e-04 2.943089430894308203e-02 4.406504065040649232e-02 1.626016260162601083e-04 1.626016260162601083e-04 1.626016260162601083e-04 1.626016260162601083e-04 3.414634146341462111e-03 1.399999999999999301e-01 2.292682926829267553e-02 3.414634146341462111e-03 7.983739837398370898e-02 1.626016260162601083e-04 3.414634146341462111e-03 5.382113821138209686e-02 1.626016260162601083e-04 1.626016260162601083e-04 1.626016260162601083e-04 1.967479674796747055e-02 9.447154471544712273e-02 1.626016260162601083e-04 1.626016260162601083e-04 1.626016260162601083e-04 1.626016260162601083e-04 1.626016260162601083e-04 1.074796747967479149e-01
2.368125701459034699e-02 3.827160493827160004e-02 2.380471380471380072e-01 3.153759820426486893e-02 1.122334455667788880e-04 1.314253647586980656e-01 1.122334455667788880e-04 7.081930415263747169e-02 1.122334455667788880e-04 1.133557800224466693e-02 3.479236812570145419e-03 4.601571268237934081e-03 5.622895622895622558e-02 4.725028058361391281e-02 1.122334455667788880e-04 1.122334455667788880e-04 1.122334455667788880e-04 1.122334455667788880e-04 7.968574635241299636e-03 1.122334455667788880e-04 6.846240179573511407e-03 1.122334455667788880e-04 1.122334455667788880e-04 1.245791245791245602e-02 6.846240179573511407e-03 4.612794612794612198e-02 1.122334455667788880e-04 6.846240179573511407e-03 1.122334455667788880e-04 2.548821548821548211e-01
1.724137931034482626e-04 1.724137931034482626e-04 1.724137931034482626e-04 2.243103448275861611e-01 1.724137931034482626e-04 1.896551724137930835e-03 1.724137931034482626e-04 1.724137931034482626e-04 7.775862068965515295e-02 1.724137931034482626e-04 1.724137931034482626e-04 1.051724137931034191e-02 3.620689655172413136e-03 1.724137931034482626e-04 1.724137931034482626e-04 2.208620689655171887e-01 8.793103448275859171e-03 4.672413793103447760e-02 3.465517241379310193e-02 1.896551724137930835e-03 2.346551724137930506e-01 1.724137931034482626e-04 3.120689655172413299e-02 1.896551724137930835e-03 1.224137931034482464e-02 1.724137931034482626e-04 1.896551724137930835e-03 1.724137931034482626e-04 1.913793103448275384e-02 6.568965517241377727e-02
2.762430939226518463e-04 2.762430939226518463e-04 2.762430939226518463e-04 2.986187845303866495e-01 2.513812154696131590e-02 2.762430939226518463e-04 1.961325966850828093e-02 2.762430939226518463e-04 3.038674033149170364e-03 1.660220994475137546e-01 2.762430939226518463e-04 2.762430939226518463e-04 9.143646408839777029e-02 2.762430939226518463e-04 2.762430939226518463e-04 3.038674033149170364e-03 2.762430939226518463e-04 2.762430939226518463e-04 1.961325966850828093e-02 3.066298342541435434e-02 1.024861878453038333e-01 2.762430939226518463e-04 4.723756906077346968e-02 5.801104972375689152e-03 1.408839779005524248e-02 2.762430939226518463e-04 2.762430939226518463e-04 2.762430939226518463e-04 2.762430939226518463e-04 1.687845303867402946e-01
1.889400921658986390e-02 4.608294930875577659e-04 4.608294930875577659e-04 6.497695852534564331e-02 4.608294930875577659e-04 4.608294930875577659e-04 9.677419354838711837e-03 4.608294930875577659e-04 4.520737327188941168e-01 4.608294930875577659e-04 4.654377880184332877e-02 4.608294930875577659e-04 4.608294930875577659e-04 4.608294930875577659e-04 1.889400921658986390e-02 1.248847926267281500e-01 4.608294930875577659e-04 5.115207373271890567e-02 4.608294930875577659e-04 4.608294930875577659e-04 4.608294930875577659e-04 4.608294930875577659e-04 4.654377880184332877e-02 4.608294930875577659e-04 4.608294930875577659e-04 4.608294930875577659e-04 9.262672811059910472e-02 5.069124423963135805e-03 4.608294930875577659e-04 6.036866359447005947e-02
2.004197271773347153e-02 1.049317943336830873e-04 2.948583420776494657e-02 1.049317943336830873e-04 9.139559286463795618e-02 7.985309548793281809e-02 9.454354669464845595e-02 1.049317943336830873e-04 1.049317943336830873e-04 1.049317943336830873e-04 1.049317943336830873e-04 3.263378803777543941e-02 1.899265477439663827e-02 2.477439664218257509e-01 1.049317943336830873e-04 1.049317943336830873e-04 1.479538300104931391e-02 3.158447009443860615e-02 2.948583420776494657e-02 1.899265477439663827e-02 5.466946484784888927e-02 1.049317943336830873e-04 5.152151101783839643e-02 1.049317943336830873e-04 1.049317943336830873e-04 7.880377754459598483e-02 5.351521511017837129e-03 7.565582371458549893e-02 1.049317943336830873e-04 2.318992654774396089e-02
2.770083102493073931e-04 2.770083102493073931e-04 2.770083102493073931e-04 9.999999999999997780e-02 2.770083102493073931e-04 2.770083102493073931e-04 3.351800554016619305e-02 2.770083102493073931e-04 3.132963988919666432e-01 2.770083102493073931e-04 2.770083102493073931e-04 2.770083102493073931e-04 7.229916897506923068e-02 2.770083102493073931e-04 2.770083102493073931e-04 1.692520775623268248e-01 2.770083102493073931e-04 2.770083102493073931e-04 2.770083102493073931e-04 2.770083102493073931e-04 2.770083102493073931e-04 2.797783933518004432e-02 9.999999999999997780e-02 2.770083102493073931e-04 2.770083102493073931e-04 2.770083102493073931e-04 2.770083102493073931e-04 5.567867036011078796e-02 2.770083102493073931e-04 1.221606648199445588e-01
8.991228070175435322e-03 2.192982456140350376e-04 2.192982456140350376e-04 7.478070175438594758e-02 6.798245614035086301e-03 2.434210526315788714e-02 2.192982456140350376e-04 2.192982456140350376e-04 6.162280701754384998e-02 1.776315789473683834e-02 2.192982456140350376e-04 1.118421052631578608e-02 2.192982456140350376e-04 2.192982456140350376e-04 5.285087719298244696e-02 2.414473684210525495e-01 2.192982456140350376e-04 2.412280701754385658e-03 2.260964912280701011e-01 2.192982456140350376e-04 2.192982456140350376e-04 2.192982456140350376e-04 1.537280701754385470e-01 1.098684210526315597e-01 2.192982456140350376e-04 2.192982456140350376e-04 2.192982456140350376e-04 2.192982456140350376e-04 2.192982456140350376e-04 4.605263157894735546e-03
1.700680272108843420e-04 1.870748299319727626e-03 1.700680272108843420e-04 5.969387755102040227e-02 1.700680272108843420e-04 1.700680272108843420e-04 1.700680272108843420e-04 1.700680272108843420e-04 3.248299319727891016e-02 3.078231292517006473e-02 1.700680272108843420e-04 1.700680272108843420e-04 6.972789115646256530e-03 1.700680272108843420e-04 3.011904761904761196e-01 1.770408163265305701e-01 4.098639455782312341e-02 1.158163265306122180e-01 8.520408163265304202e-02 5.459183673469386600e-02 1.700680272108843420e-04 1.700680272108843420e-04 4.778911564625849817e-02 2.908163265306122278e-02 6.972789115646256530e-03 3.571428571428570883e-03 1.700680272108843420e-04 1.700680272108843420e-04 1.700680272108843420e-04 3.571428571428570883e-03
4.424778761061948468e-04 4.424778761061948468e-04 4.424778761061948468e-04 4.424778761061948468e-04 4.424778761061948468e-04 4.424778761061948468e-04 4.424778761061948468e-04 4.424778761061948468e-04 4.424778761061948468e-04 4.424778761061948468e-04 7.566371681415931527e-02 4.424778761061948468e-04 4.867256637168143260e-03 4.867256637168143260e-03 9.292035398230091836e-03 8.893805309734516273e-02 8.893805309734516273e-02 4.424778761061948468e-04 6.238938053097346781e-02 4.424778761061948468e-04 1.022123893805310102e-01 4.424778761061948468e-04 4.429203539823009517e-01 4.424778761061948468e-04 4.424778761061948468e-04 4.424778761061948468e-04 4.424778761061948468e-04 1.110619469026549039e-01 4.424778761061948468e-04 4.424778761061948468e-04
1.594896331738436686e-04 6.539074960127590035e-03 8.149920255183411288e-02 2.936204146730461706e-01 1.594896331738436686e-04 1.594896331738436686e-04 1.594896331738436686e-04 1.594896331738436686e-04 1.594896331738436686e-04 1.754385964912280518e-03 1.770334928229664803e-02 3.349282296650717312e-03 1.899521531100478167e-01 1.594896331738436686e-04 4.944178628389153674e-03 5.279106858054225665e-02 1.594896331738436686e-04 1.754385964912280518e-03 1.594896331738436686e-04 3.365231259968101685e-02 1.325358851674640903e-01 1.594896331738436686e-04 1.594896331738436686e-04 1.594896331738436686e-04 9.728867623604463624e-03 4.944178628389153674e-03 1.594896331738436686e-04 8.309409888357255358e-02 6.539074960127590035e-03 7.352472089314193715e-02
1.718884120171673413e-01 3.025751072961372495e-02 6.244635193133046130e-02 2.145922746781115493e-04 4.506437768240342291e-03 2.360515021459227286e-03 3.454935622317596017e-02 2.145922746781115493e-04 2.276824034334763158e-01 2.145922746781115493e-04 2.145922746781115493e-04 2.145922746781115493e-04 5.815450643776822609e-02 2.145922746781115493e-04 3.025751072961372495e-02 1.738197424892703319e-02 2.145922746781115493e-04 2.145922746781115493e-04 3.884120171673818844e-02 2.145922746781115493e-04 2.145922746781115493e-04 6.652360515021458164e-03 2.381974248927037907e-02 2.145922746781115493e-04 7.961373390557938134e-02 2.360515021459227286e-03 6.888412017167380719e-02 4.098712446351930605e-02 1.738197424892703319e-02 7.961373390557938134e-02
6.069364161849708818e-03 2.890173410404623376e-04 3.179190751445085984e-03 2.890173410404623376e-04 2.890173410404623376e-04 2.890173410404623376e-04 3.208092485549132039e-02 1.473988439306357819e-02 2.890173410404623376e-04 8.699421965317916117e-02 2.890173410404623376e-04 3.179190751445085984e-03 2.890173410404623376e-04 1.043352601156069120e-01 7.254335260115604700e-02 1.101156069364161577e-01 2.890173410404623376e-04 3.179190751445085984e-03 3.731213872832368494e-01 2.890173410404623376e-04 2.890173410404623376e-04 2.890173410404623376e-04 2.890173410404623376e-04 2.890173410404623376e-04 2.890173410404623376e-04 2.890173410404623376e-04 3.786127167630056606e-02 2.890173410404623376e-04 1.476878612716762684e-01 2.890173410404623376e-04
1.929824561403508526e-02 1.594896331738436686e-04 1.594896331738436686e-04 1.594896331738436686e-04 1.594896331738436686e-04 1.594896331738436686e-04 1.644338118022328210e-01 1.754385964912280518e-03 1.070175438596490947e-01 1.594896331738436686e-04 1.594896331738436686e-04 1.594896331738436686e-04 2.089314194577351902e-02 1.594896331738436686e-04 1.594896331738436686e-04 1.594896331738436686e-04 1.594896331738436686e-04 3.046251993620414239e-02 3.205741626794258309e-02 1.594896331738436686e-04 1.594896331738436686e-04 1.594896331738436686e-04 4.212121212121211489e-01 1.594896331738436686e-04 1.594896331738436686e-04 1.594896331738436686e-04 1.594896331738436686e-04 1.628389154704943664e-01 1.594896331738436686e-04 3.684210526315789130e-02
8.199356913183276918e-03 4.983922829581992515e-03 1.607717041800642852e-04 2.397106109324758372e-01 1.607717041800642852e-04 1.607717041800642852e-04 6.286173633440512998e-02 1.607717041800642852e-04 1.175241157556269761e-01 1.607717041800642852e-04 8.199356913183276918e-03 1.607717041800642852e-04 4.517684887459806620e-02 1.302250803858520656e-02 1.607717041800642852e-04 1.607717041800642852e-04 1.607717041800642852e-04 4.839228295819934800e-02 1.607717041800642852e-04 1.768488745980707245e-03 2.139871382636655550e-01 6.591639871382635150e-03 1.607717041800642852e-04 1.607717041800642852e-04 1.607717041800642852e-04 1.607717041800642852e-04 1.607717041800642852e-04 1.607717041800642852e-04 1.607717041800642852e-04 2.268488745980706822e-01
2.191358024691357140e-02 3.734567901234566584e-02 3.086419753086418606e-04 1.206790123456789737e-01 3.086419753086418606e-04 3.086419753086418606e-04 4.660493827160491764e-02 3.086419753086418606e-04 3.922839506172837720e-01 3.086419753086418606e-04 6.481481481481479560e-03 3.086419753086418606e-04 3.086419753086418606e-04 3.086419753086418606e-04 3.395061728395060846e-03 3.425925925925924626e-02 3.086419753086418606e-04 1.731481481481480789e-01 3.734567901234566584e-02 3.086419753086418606e-04 3.086419753086418606e-04 3.086419753086418606e-04 9.567901234567898275e-03 3.086419753086418606e-04 3.086419753086418606e-04 3.086419753086418606e-04 9.290123456790121137e-02 3.086419753086418606e-04 3.395061728395060846e-03 1.574074074074073570e-02
3.225806451612903765e-04 6.774193548387098286e-03 3.548387096774194630e-03 4.870967741935484929e-02 1.712903225806451935e-01 3.225806451612903765e-04 3.225806451612903765e-04 3.225806451612903765e-04 2.612903225806452109e-02 3.225806451612903765e-04 3.258064516129032667e-02 3.225806451612903765e-04 3.225806451612903765e-04 3.225806451612903765e-04 3.225806451612903765e-04 3.225806451612903765e-04 3.548387096774194630e-03 6.774193548387098286e-03 6.774193548387098286e-03 4.132258064516129425e-01 3.225806451612903765e-04 3.225806451612903765e-04 3.225806451612903765e-04 5.516129032258065834e-02 3.225806451612903765e-04 3.225806451612903765e-04 3.225806451612903765e-04 3.580645161290323120e-02 3.225806451612903765e-04 1.841935483870968115e-01
6.024096385542170289e-04 6.024096385542170289e-04 6.024096385542170289e-04 3.072289156626506479e-02 6.626506024096387101e-03 6.024096385542170289e-04 6.024096385542170289e-04 6.024096385542170289e-04 6.024096385542170289e-04 1.692771084337349741e-01 1.867469879518072681e-02 1.265060240963855609e-02 6.024096385542170289e-04 6.024096385542170289e-04 6.686746987951808219e-02 6.024096385542170289e-04 6.024096385542170289e-04 3.072289156626506479e-02 2.897590361445783746e-01 6.024096385542170289e-04 1.867469879518072681e-02 6.626506024096387101e-03 1.150602409638554480e-01 6.024096385542170289e-04 6.024096385542170289e-04 6.024096385542170289e-04 2.234939759036145002e-01 6.024096385542170289e-04 6.024096385542170289e-04 6.024096385542170289e-04
7.635467980295564290e-03 4.211822660098521465e-02 2.463054187192117495e-04 1.502463054187191602e-02 2.463054187192117495e-04 2.463054187192117495e-04 5.172413793103447337e-03 2.463054187192117495e-04 2.463054187192117495e-04 1.209359605911329710e-01 2.463054187192117495e-04 2.463054187192117495e-04 2.463054187192117495e-04 2.463054187192117495e-04 5.371921182266008454e-01 1.628078817733989436e-01 2.463054187192117495e-04 2.463054187192117495e-04 2.980295566502462121e-02 2.487684729064038730e-02 2.463054187192117495e-04 2.463054187192117495e-04 2.463054187192117495e-04 2.463054187192117495e-04 2.463054187192117495e-04 2.463054187192117495e-04 2.463054187192117495e-04 2.463054187192117495e-04 1.748768472906403471e-02 3.226600985221673989e-02
1.443001443001442729e-04 1.443001443001442729e-04 2.050505050505050109e-01 1.443001443001442729e-04 2.034632034632034153e-02 1.443001443001442729e-04 9.538239538239536019e-02 5.916305916305915000e-03 1.443001443001442729e-04 1.587301587301587083e-03 1.443001443001442729e-04 2.611832611832611700e-02 5.930735930735930167e-02 1.601731601731601340e-02 1.443001443001442729e-04 7.359307359307358000e-03 1.443001443001442729e-04 1.443001443001442729e-04 1.443001443001442729e-04 1.443001443001442729e-04 1.443001443001442729e-04 1.443001443001442729e-04 1.443001443001442729e-04 1.443001443001442729e-04 2.959595959595959225e-01 7.359307359307358000e-03 1.443001443001442729e-04 1.372294372294372011e-01 1.443001443001442729e-04 1.199134199134198886e-01
2.083333333333332383e-04 8.541666666666662688e-03 4.374999999999997814e-03 6.458333333333330685e-03 2.083333333333332383e-04 2.083333333333332383e-04 5.229166666666664604e-02 2.083333333333332383e-04 2.083333333333332383e-04 4.395833333333331455e-02 2.083333333333332383e-04 2.083333333333332383e-04 2.083333333333332383e-04 2.083333333333332383e-04 7.585416666666663366e-01 2.729166666666665159e-02 2.083333333333332383e-04 4.604166666666664742e-02 2.083333333333332383e-04 6.458333333333330685e-03 2.291666666666665811e-03 2.083333333333332383e-04 2.083333333333332383e-04 2.083333333333332383e-04 2.083333333333332383e-04 2.083333333333332383e-04 2.083333333333332383e-04 2.083333333333332383e-04 2.083333333333332383e-04 3.979166666666664881e-02
8.493150684931505268e-03 2.739726027397259536e-04 2.739726027397259536e-04 1.123287671232876296e-02 1.123287671232876296e-02 2.739726027397259536e-04 4.958904109589040016e-02 2.739726027397259536e-04 2.739726027397259536e-04 5.290410958904108174e-01 5.753424657534244972e-03 3.013698630136985544e-03 2.739726027397259536e-04 8.493150684931505268e-03 6.328767123287669383e-02 2.739726027397259536e-04 2.739726027397259536e-04 2.739726027397259536e-04 5.780821917808217497e-02 8.493150684931505268e-03 2.739726027397259536e-04 2.739726027397259536e-04 1.397260273972602239e-02 5.753424657534244972e-03 2.739726027397259536e-04 3.013698630136985544e-03 3.589041095890409955e-02 7.150684931506846864e-02 5.753424657534244972e-03 1.043835616438355818e-01
1.059027777777777311e-02 7.118055555555551951e-03 1.736111111111110635e-04 1.736111111111110635e-04 1.736111111111110635e-04 1.736111111111110635e-04 9.392361111111108274e-02 1.736111111111110635e-04 1.736111111111110635e-04 2.501736111111110272e-01 1.736111111111110635e-04 1.736111111111110635e-04 1.736111111111110635e-04 1.736111111111110635e-04 5.192708333333331261e-01 2.274305555555554761e-02 1.059027777777777311e-02 1.736111111111110635e-04 1.736111111111110635e-04 1.736111111111110635e-04 1.736111111111110635e-04 1.736111111111110635e-04 1.736111111111110635e-04 1.736111111111110635e-04 1.736111111111110635e-04 1.736111111111110635e-04 1.736111111111110635e-04 1.736111111111110635e-04 6.267361111111108274e-02 1.927083333333332385e-02
1.336898395721924893e-04 2.807486631016042032e-03 1.336898395721924893e-04 1.885026737967913923e-02 4.692513368983956129e-02 1.336898395721924893e-04 9.237967914438499628e-02 1.336898395721924893e-04 2.807486631016042032e-03 8.168449197860960798e-02 1.336898395721924893e-04 4.157754010695186020e-02 1.336898395721924893e-04 1.336898395721924893e-04 1.483957219251336342e-02 1.336898395721924893e-04 1.885026737967913923e-02 1.766042780748662555e-01 1.336898395721924893e-04 2.528074866310159319e-01 1.470588235294117410e-03 1.336898395721924893e-04 1.470588235294117410e-03 1.336898395721924893e-04 1.336898395721924893e-04 1.483957219251336342e-02 1.336898395721924893e-04 1.082887700534758933e-02 1.336898395721924893e-04 2.193850267379678365e-01
2.375296912114013706e-04 4.988123515439428675e-03 2.375296912114013706e-04 5.249406175771970107e-02 7.624703087885983943e-02 2.375296912114013706e-04 1.211401425178146828e-02 2.375296912114013706e-04 2.375296912114013706e-04 9.738717339667454787e-03 2.375296912114013706e-04 2.375296912114013706e-04 2.375296912114013706e-04 2.612826603325415185e-03 2.375296912114013706e-04 1.448931116389548177e-02 2.375296912114013706e-04 2.375296912114013706e-04 2.375296912114013706e-04 9.738717339667454787e-03 2.375296912114013706e-04 2.375296912114013706e-04 4.681710213776720808e-01 2.375296912114013706e-04 2.375296912114013706e-04 1.403800475059382158e-01 4.988123515439428675e-03 1.593824228028503098e-01 4.061757719714963882e-02 2.375296912114013706e-04
1.912045889101337604e-04 6.328871892925427844e-02 1.166347992351815868e-02 1.912045889101337604e-04 1.912045889101337604e-04 1.912045889101337604e-04 1.912045889101337604e-04 1.912045889101337604e-04 1.912045889101337604e-04 1.912045889101337604e-04 1.912045889101337604e-04 1.912045889101337604e-04 1.912045889101337604e-04 1.912045889101337604e-04 6.216061185468448880e-01 4.225621414913956209e-02 1.912045889101337604e-04 2.887189292543019745e-02 4.799235181644357501e-02 1.912045889101337604e-04 1.912045889101337604e-04 1.912045889101337604e-04 6.328871892925427844e-02 1.912045889101337604e-04 1.912045889101337604e-04 1.912045889101337604e-04 1.912045889101337604e-04 1.912045889101337604e-04 1.912045889101337604e-04 1.168260038240917370e-01
2.212389380530973150e-04 2.234513274336282634e-02 2.212389380530973150e-04 9.756637168141590877e-02 2.212389380530973150e-04 2.212389380530973150e-04 2.212389380530973150e-04 6.858407079646015869e-03 1.882743362831857670e-01 2.212389380530973150e-04 2.212389380530973150e-04 2.212389380530973150e-04 2.212389380530973150e-04 2.212389380530973150e-04 1.570796460176990608e-02 1.528761061946902200e-01 2.212389380530973150e-04 2.212389380530973150e-04 2.212389380530973150e-04 2.212389380530973150e-04 2.212389380530973150e-04 2.212389380530973150e-04 1.617256637168140998e-01 2.212389380530973150e-04 2.212389380530973150e-04 2.212389380530973150e-04 2.212389380530973150e-04 1.307522123893805066e-01 2.212389380530973150e-04 2.192477876106193879e-01
1.142857142857142563e-04 1.725714285714285284e-02 6.971428571428569393e-03 1.257142857142856847e-03 1.142857142857142563e-04 2.399999999999999356e-03 2.399999999999999356e-03 1.142857142857142563e-04 1.257142857142856847e-03 5.039999999999998648e-02 1.142857142857142563e-04 1.142857142857142563e-04 1.142857142857142563e-04 1.257142857142856847e-03 7.361142857142854989e-01 2.868571428571427967e-02 1.142857142857142563e-04 1.142857142857142563e-04 7.325714285714282625e-02 1.142857142857142563e-04 1.142857142857142563e-04 1.142857142857142563e-04 2.399999999999999356e-03 1.142857142857142563e-04 1.257142857142856847e-03 1.142857142857142563e-04 1.142857142857142563e-04 1.142857142857142563e-04 2.525714285714285301e-02 4.811428571428570666e-02
1.342281879194630475e-04 2.161073825503355070e-02 5.516778523489931224e-02 2.511409395973153713e-01 1.476510067114093685e-03 1.476510067114093685e-03 5.503355704697984567e-03 1.342281879194630475e-04 1.342281879194630475e-04 1.342281879194630475e-04 1.342281879194630475e-04 3.369127516778522985e-02 2.563758389261744375e-02 8.187919463087245733e-03 1.342281879194630475e-04 3.100671140939596435e-02 1.342281879194630475e-04 1.342281879194630475e-04 5.503355704697984567e-03 1.342281879194630475e-04 3.289932885906038940e-01 1.342281879194630475e-04 3.369127516778522985e-02 1.342281879194630475e-04 1.342281879194630475e-04 2.697986577181207477e-02 1.342281879194630475e-04 1.342281879194630475e-04 1.342281879194630475e-04 1.679194630872482552e-01
