2.004878048780488475e-01 4.926829268292683833e-02 4.878048780487806500e-04 4.878048780487806500e-04 4.878048780487806500e-04 4.878048780487806500e-04 4.878048780487806500e-04 4.878048780487806500e-04 4.878048780487806500e-04 4.878048780487806500e-04 1.024390243902439414e-02 4.878048780487806500e-04 4.878048780487806500e-04 4.878048780487806500e-04 5.414634146341464754e-02 1.024390243902439414e-02 4.878048780487806500e-04 4.878048780487806500e-04 4.878048780487806500e-04 2.248780487804878658e-01 4.878048780487806500e-04 3.907317073170732402e-01 4.878048780487806500e-04 4.878048780487806500e-04 2.487804878048780963e-02 4.878048780487806500e-04 4.878048780487806500e-04 4.878048780487806500e-04 2.487804878048780963e-02 4.878048780487806500e-04
1.218749999999999833e-01 3.472222222222221813e-04 8.368055555555554970e-02 2.465277777777776999e-02 3.472222222222221813e-04 2.017361111111110883e-01 1.461805555555555358e-01 3.819444444444443885e-03 3.472222222222221813e-04 3.472222222222221813e-04 3.472222222222221813e-04 1.670138888888888506e-01 4.201388888888887840e-02 3.472222222222221813e-04 3.472222222222221813e-04 3.472222222222221813e-04 3.472222222222221813e-04 3.472222222222221813e-04 3.472222222222221813e-04 3.472222222222221813e-04 3.472222222222221813e-04 3.819444444444443885e-03 3.472222222222221813e-04 3.854166666666665464e-02 4.201388888888887840e-02 3.472222222222221813e-04 3.472222222222221813e-04 1.184027777777777596e-01 3.472222222222221813e-04 3.472222222222221813e-04
2.904564315352696751e-03 8.035961272475794503e-02 1.521438450899031611e-03 7.053941908713691304e-03 1.521438450899031611e-03 1.383125864453665249e-04 1.383125864453665249e-04 2.641770401106500327e-02 1.383125864453665249e-04 2.062240663900414550e-01 1.840940525587828058e-01 5.546334716459196817e-02 1.383125864453665249e-04 1.383125864453665249e-04 1.383125864453665249e-04 1.258644536652835100e-02 1.383125864453665249e-04 1.522821576763485063e-01 1.383125864453665249e-04 1.258644536652835100e-02 5.670816044260026598e-03 2.918395573997233441e-02 1.383125864453665249e-04 7.897648686030427079e-02 8.727524204702626076e-02 1.950207468879667713e-02 1.383125864453665249e-04 1.521438450899031611e-03 2.226832641770400828e-02 1.120331950207468716e-02
2.453271028037383103e-03 2.698598130841121240e-02 1.168224299065420474e-04 1.285046728971962629e-03 3.633177570093457792e-02 2.114485981308411242e-02 1.168224299065420474e-04 1.168224299065420474e-04 8.422897196261680541e-02 1.168224299065420474e-04 1.179906542056074516e-02 1.285046728971962629e-03 6.320093457943924686e-02 1.168224299065420474e-04 3.399532710280373654e-02 4.334112149532710206e-02 2.676401869158878122e-01 1.566588785046728605e-01 3.399532710280373654e-02 1.168224299065420474e-04 3.983644859813083999e-02 1.168224299065420474e-04 1.285046728971962629e-03 4.801401869158877789e-02 1.168224299065420474e-04 1.168224299065420474e-04 1.168224299065420474e-04 1.168224299065420474e-04 4.684579439252335720e-02 7.838785046728970196e-02
4.784688995215312770e-04 4.784688995215312770e-04 4.784688995215312770e-04 4.784688995215312770e-04 4.784688995215312770e-04 2.157894736842105865e-01 5.263157894736843721e-03 4.784688995215312770e-04 5.263157894736843721e-03 4.784688995215312770e-04 4.354066985645933807e-02 4.784688995215312770e-04 3.306220095693780392e-01 4.784688995215312770e-04 4.784688995215312770e-04 4.784688995215312770e-04 1.483253588516746796e-02 4.784688995215312770e-04 5.263157894736843721e-03 4.784688995215312770e-04 4.784688995215312770e-04 2.440191387559809133e-02 4.354066985645933807e-02 4.784688995215312770e-04 4.784688995215312770e-04 4.784688995215312770e-04 1.009569377990430922e-01 4.784688995215312770e-04 1.631578947368421684e-01 3.875598086124402986e-02
4.901960784313726506e-04 1.181372549019608087e-01 4.901960784313726506e-04 4.901960784313726506e-04 3.480392156862745223e-02 6.421568627450981170e-02 5.392156862745098832e-03 4.901960784313726506e-04 4.901960784313726506e-04 4.901960784313726506e-04 4.901960784313726506e-04 4.901960784313726506e-04 3.480392156862745223e-02 5.392156862745098832e-03 4.901960784313726506e-04 1.029411764705882512e-02 2.990196078431372681e-02 4.901960784313726506e-04 4.901960784313726506e-04 4.901960784313726506e-04 1.132352941176470867e-01 4.901960784313726506e-04 2.112745098039215952e-01 4.901960784313726506e-04 5.392156862745098832e-03 4.901960784313726506e-04 2.009803921568627597e-02 2.995098039215686736e-01 5.392156862745098832e-03 3.480392156862745223e-02
1.633986928104575050e-04 1.633986928104575050e-04 1.633986928104575050e-04 1.633986928104575050e-04 1.633986928104575050e-04 9.493464052287579891e-02 3.284313725490195512e-02 1.633986928104575050e-04 3.447712418300653142e-02 3.937908496732025337e-02 5.898692810457515506e-02 1.635620915032679479e-01 1.633986928104575050e-04 1.633986928104575050e-04 5.065359477124182358e-03 2.630718954248365687e-02 8.333333333333331483e-03 1.633986928104575050e-04 1.633986928104575050e-04 1.633986928104575050e-04 1.797385620915032583e-03 1.633986928104575050e-04 6.879084967320260591e-02 7.696078431372548045e-02 1.633986928104575050e-04 1.633986928104575050e-04 4.591503267973855856e-02 2.714052287581698586e-01 6.879084967320260591e-02 1.633986928104575050e-04
2.702702702702702202e-04 2.702702702702702202e-04 3.270270270270269480e-02 2.651351351351350361e-01 2.702702702702702202e-04 1.435135135135134632e-01 2.972972972972972097e-03 7.594594594594591963e-02 2.702702702702702202e-04 2.702702702702702202e-04 2.702702702702702202e-04 4.081081081081079642e-02 7.864864864864862248e-02 2.702702702702702202e-04 5.972972972972971639e-02 2.702702702702702202e-04 9.486486486486483960e-02 2.999999999999998848e-02 2.702702702702702202e-04 2.702702702702702202e-04 2.702702702702702202e-04 2.702702702702702202e-04 2.702702702702702202e-04 3.810810810810809357e-02 1.648648648648648116e-02 4.621621621621620907e-02 6.243243243243241924e-02 2.702702702702702202e-04 8.378378378378376068e-03 2.702702702702702202e-04
1.705426356589146786e-03 9.007751937984492807e-02 6.356589147286819189e-03 4.821705426356587970e-02 2.621705426356588098e-01 2.341085271317828662e-02 3.736434108527130621e-02 1.550387596899224351e-04 1.705426356589146786e-03 1.550387596899224351e-04 1.410852713178293964e-02 1.550387596899224351e-04 1.705426356589146786e-03 1.550387596899224351e-04 1.705426356589146786e-03 1.550387596899224351e-04 1.550387596899224351e-04 1.550387596899224351e-04 3.255813953488370920e-03 1.550387596899224351e-04 1.550387596899224351e-04 2.496124031007751140e-02 4.017054263565890682e-01 4.046511627906975578e-02 1.550387596899224351e-04 1.550387596899224351e-04 1.550387596899224351e-04 1.550387596899224351e-04 1.550387596899224351e-04 3.891472868217053099e-02
3.717472118959107199e-04 3.717472118959107199e-04 1.565055762081783985e-01 3.717472118959107199e-04 5.985130111524163132e-02 1.342007434944237632e-01 1.193308550185873396e-01 3.717472118959107199e-04 1.156133828996282337e-01 4.089219330855017702e-03 3.717472118959107199e-04 3.717472118959107199e-04 2.267657992565055153e-02 3.717472118959107199e-04 3.717472118959107199e-04 3.717472118959107199e-04 1.788104089219330617e-01 3.717472118959107199e-04 3.717472118959107199e-04 3.717472118959107199e-04 3.717472118959107199e-04 3.717472118959107199e-04 2.267657992565055153e-02 7.806691449814125335e-03 3.717472118959107199e-04 3.717472118959107199e-04 3.717472118959107199e-04 1.639405204460966381e-01 7.806691449814125335e-03 3.717472118959107199e-04
6.060606060606061685e-04 9.757575757575760733e-02 6.666666666666667962e-03 6.666666666666667962e-03 6.060606060606061685e-04 2.309090909090909527e-01 3.090909090909091383e-02 6.060606060606061685e-04 6.060606060606061685e-04 6.060606060606061685e-04 6.060606060606061685e-04 6.060606060606061685e-04 9.757575757575760733e-02 6.060606060606061685e-04 1.878787878787879090e-02 1.272727272727272943e-02 8.545454545454546358e-02 6.060606060606061685e-04 6.060606060606061685e-04 6.060606060606061685e-04 1.036363636363636653e-01 6.060606060606061685e-04 9.151515151515153546e-02 6.060606060606061685e-04 6.060606060606061685e-04 3.696969696969697183e-02 6.666666666666667962e-03 6.060606060606061685e-04 1.339393939393939692e-01 3.090909090909091383e-02
1.631321370309950539e-04 1.631321370309950539e-04 3.867862969004892681e-01 7.683523654159866989e-02 1.029363784665578707e-01 5.236541598694940958e-02 3.115823817292005457e-02 1.631321370309950539e-04 1.794453507340945620e-03 1.631321370309950539e-04 4.257748776508971100e-02 1.631321370309950539e-04 5.057096247960846808e-03 1.631321370309950539e-04 1.631321370309950539e-04 3.115823817292005457e-02 1.631321370309950539e-04 1.631321370309950539e-04 1.631321370309950539e-04 1.631321370309950539e-04 1.631321370309950539e-04 3.278955954323000549e-02 8.336052202283847357e-02 3.442088091353995988e-02 1.794453507340945620e-03 1.631321370309950539e-04 5.236541598694940958e-02 5.562805872756931141e-02 6.688417618270795992e-03 1.631321370309950539e-04
7.984962406015036485e-02 1.503759398496240529e-04 1.503759398496240529e-04 1.099248120300751613e-01 3.157894736842104758e-03 5.879699248120300037e-02 1.760902255639097413e-01 1.067669172932330518e-02 1.654135338345864500e-03 1.503759398496240529e-04 3.624060150375939260e-02 4.977443609022555449e-02 1.503759398496240529e-04 1.503759398496240529e-04 1.654135338345864500e-03 1.503759398496240529e-04 2.257142857142856729e-01 1.503759398496240529e-04 1.654135338345864500e-03 1.503759398496240529e-04 1.503759398496240529e-04 1.503759398496240529e-04 1.654135338345864500e-03 9.338345864661652673e-02 1.503759398496240529e-04 1.503759398496240529e-04 7.669172932330825532e-03 1.399999999999999578e-01 1.503759398496240529e-04 1.503759398496240529e-04
2.057613168724278980e-04 9.279835390946497564e-02 6.810699588477363287e-02 2.057613168724278980e-04 2.615226337448558480e-01 7.016460905349791721e-02 1.051440329218106540e-01 2.057613168724278980e-04 4.958847736625512231e-02 2.057613168724278980e-04 2.057613168724278980e-04 2.057613168724278980e-04 2.057613168724278980e-04 2.057613168724278980e-04 4.320987654320985506e-03 1.872427983539093690e-02 2.057613168724278980e-04 2.057613168724278980e-04 2.057613168724278980e-04 8.436213991769542925e-03 4.320987654320985506e-03 2.057613168724278980e-04 2.965020576131685570e-01 1.255144032921810121e-02 2.057613168724278980e-04 2.057613168724278980e-04 2.057613168724278980e-04 2.057613168724278980e-04 4.320987654320985506e-03 2.057613168724278980e-04
2.898272552783108871e-02 1.919385796545105389e-04 5.009596928982724962e-02 2.111324376199615657e-03 1.919385796545105389e-04 1.919385796545105389e-04 4.685220729366601500e-01 1.919385796545105389e-04 1.919385796545105389e-04 1.919385796545105389e-04 9.808061420345487447e-02 2.322456813819577179e-02 3.090211132437619551e-02 1.919385796545105389e-04 5.777351247600766987e-02 1.919385796545105389e-04 1.919385796545105389e-04 1.919385796545105389e-04 1.919385796545105389e-04 1.919385796545105389e-04 1.919385796545105389e-04 1.170825335892514141e-02 4.049904030710171909e-02 2.514395393474087512e-02 1.919385796545105389e-04 1.919385796545105389e-04 1.746641074856045486e-02 1.211132437619961422e-01 2.111324376199615657e-03 1.938579654510556166e-02
2.156862745098039099e-03 2.568627450980391635e-02 1.960784313725489844e-04 1.960784313725489844e-04 1.960784313725489844e-04 4.117647058823528834e-03 1.960784313725489844e-04 1.960784313725489844e-04 1.960784313725489844e-04 1.960784313725489844e-04 7.078431372549018330e-02 1.960784313725489844e-04 2.156862745098039099e-03 1.960784313725489844e-04 1.960784313725489844e-04 1.196078431372548691e-02 2.156862745098039099e-03 1.980392156862744585e-02 1.960784313725489844e-04 2.668627450980391447e-01 1.960784313725489844e-04 2.629411764705881782e-01 1.960784313725489844e-04 1.649019607843136837e-01 1.452941176470587681e-01 1.960784313725489844e-04 1.960784313725489844e-04 1.960784313725489844e-04 4.117647058823528834e-03 1.392156862745097708e-02
2.181598062953994388e-01 2.421307506053268230e-04 2.929782082324454417e-02 1.213075060532687321e-01 2.421307506053268230e-04 1.794188861985471506e-01 2.445520581113800815e-02 5.084745762711863175e-03 1.140435835351089333e-01 2.421307506053268230e-04 1.503631961259079552e-01 6.077481840193703355e-02 7.506053268765131188e-03 2.421307506053268230e-04 2.421307506053268230e-04 2.421307506053268230e-04 2.421307506053268230e-04 2.421307506053268230e-04 2.421307506053268230e-04 2.421307506053268230e-04 2.421307506053268230e-04 2.421307506053268230e-04 2.421307506053268230e-04 5.835351089588376727e-02 2.421307506053268230e-04 2.421307506053268230e-04 1.234866828087166635e-02 1.476997578692493436e-02 2.421307506053268230e-04 2.421307506053268230e-04
1.782531194295899858e-04 4.295900178253118928e-02 1.782531194295899858e-04 1.782531194295899858e-04 2.336898395721924426e-01 1.443850267379678809e-02 1.782531194295899858e-04 1.782531194295899858e-04 1.782531194295899858e-04 3.743315508021389810e-03 9.821746880570408900e-02 1.782531194295899858e-04 1.087344028520498794e-02 1.782531194295899858e-04 1.782531194295899858e-04 1.782531194295899858e-04 1.960784313725490169e-03 1.782531194295899858e-04 1.960784313725490169e-03 1.782531194295899858e-04 1.782531194295899858e-04 1.782531194295899858e-04 1.285204991087343651e-01 2.513368983957218680e-02 3.743315508021389810e-03 4.117647058823528661e-02 1.782531194295899858e-04 1.782531194295899858e-04 1.782531194295899858e-04 3.905525846702316284e-01
1.739130434782608543e-04 3.652173913043477507e-03 5.391304347826086051e-03 1.201739130434782282e-01 1.739130434782608543e-04 1.739130434782608543e-04 1.739130434782608543e-04 1.756521739130434412e-02 1.060869565217390995e-02 1.739130434782608543e-04 1.739130434782608543e-04 2.104347826086955947e-02 5.060869565217390731e-02 1.739130434782608543e-04 1.739130434782608543e-04 1.739130434782608543e-04 5.582608695652173381e-02 1.739130434782608543e-04 1.739130434782608543e-04 1.739130434782608543e-04 1.739130434782608543e-04 1.739130434782608543e-04 1.914782608695651811e-01 7.843478260869564400e-02 1.739130434782608543e-04 5.391304347826086051e-03 2.245217391304347165e-01 1.584347826086956179e-01 5.408695652173912266e-02 1.739130434782608543e-04
2.551020408163264452e-04 2.551020408163264452e-04 7.908163265306120127e-03 7.678571428571426272e-02 3.596938775510202801e-02 1.048469387755101706e-01 2.119897959183672798e-01 2.551020408163264452e-04 2.806122448979591223e-03 2.551020408163264452e-04 1.811224489795917880e-02 7.423469387755100846e-02 2.551020408163264452e-04 2.551020408163264452e-04 2.551020408163264452e-04 2.551020408163264452e-04 2.551020408163264452e-04 2.551020408163264452e-04 2.551020408163264452e-04 7.908163265306120127e-03 2.551020408163264452e-04 2.806122448979591223e-03 5.892857142857141350e-02 7.933673469387753086e-02 2.551020408163264452e-04 2.551020408163264452e-04 9.209183673469385767e-02 2.221938775510203246e-01 2.551020408163264452e-04 2.551020408163264452e-04
1.052631578947368831e-03 1.052631578947368831e-03 7.473684210526317095e-02 1.052631578947368831e-03 2.326315789473684947e-01 1.052631578947368831e-03 1.052631578947368831e-03 1.052631578947368831e-03 1.052631578947368831e-03 1.052631578947368831e-03 1.052631578947368831e-03 1.052631578947368831e-03 1.052631578947368831e-03 1.052631578947368831e-03 4.315789473684211730e-02 1.052631578947368831e-03 1.052631578947368831e-03 4.315789473684211730e-02 1.052631578947368831e-03 1.052631578947368831e-03 1.052631578947368831e-03 1.052631578947368831e-03 1.052631578947368831e-03 4.221052631578948722e-01 1.052631578947368831e-03 1.052631578947368831e-03 1.052631578947368831e-03 1.052631578947368831e-03 1.052631578947368831e-03 1.589473684210526705e-01
1.619414483821263184e-01 1.694915254237287870e-03 6.486902927580892597e-02 1.295839753466871691e-01 1.540832049306625361e-04 3.235747303543913284e-03 2.636363636363635576e-01 1.864406779661016700e-02 1.540832049306625361e-04 1.540832049306625361e-04 3.097072419106317032e-02 6.317411402157162813e-03 1.540832049306625361e-04 1.540832049306625361e-04 1.540832049306625361e-04 1.694915254237287870e-03 2.326656394453004151e-02 1.540832049306625361e-04 1.540832049306625361e-04 4.791987673343604814e-02 1.540832049306625361e-04 7.858243451463789095e-03 1.003081664098613018e-01 2.480739599383666866e-02 1.540832049306625361e-04 1.540832049306625361e-04 5.100154083204930244e-02 6.024653312788905146e-02 1.540832049306625361e-04 1.540832049306625361e-04
3.289393939393938648e-01 4.696969696969695990e-03 2.395454545454545059e-01 3.181818181818181490e-03 4.863636363636363036e-02 9.409090909090907229e-02 7.287878787878786235e-02 1.515151515151514879e-04 1.515151515151514879e-04 1.515151515151514879e-04 4.106060606060605439e-02 8.196969696969695629e-02 1.515151515151514879e-04 1.515151515151514879e-04 1.515151515151514879e-04 1.515151515151514879e-04 1.515151515151514879e-04 1.515151515151514879e-04 6.212121212121210490e-03 1.515151515151514879e-04 1.515151515151514879e-04 1.515151515151514879e-04 1.515151515151514879e-04 1.515151515151514879e-04 4.696969696969695990e-03 1.515151515151514879e-04 1.515151515151514879e-04 6.227272727272726432e-02 9.242424242424239489e-03 1.515151515151514879e-04
2.502631578947367430e-01 7.921052631578945347e-02 3.710526315789472451e-02 2.631578947368420451e-04 1.868421052631578233e-02 8.710526315789471341e-02 2.631578947368420451e-04 2.631578947368420451e-04 2.131578947368420462e-02 2.631578947368420451e-04 2.631578947368420451e-04 2.394736842105262345e-02 1.078947368421052239e-02 2.631578947368420451e-04 2.631578947368420451e-04 1.134210526315789225e-01 1.081578947368420779e-01 2.631578947368420451e-04 2.631578947368420451e-04 1.660526315789473129e-01 2.631578947368420451e-04 2.631578947368420451e-04 5.815789473684208899e-02 2.631578947368420451e-04 2.631578947368420451e-04 2.631578947368420451e-04 1.342105263157894295e-02 2.631578947368420451e-04 2.631578947368420451e-04 8.157894736842103561e-03
3.921568627450981314e-04 3.921568627450981314e-04 3.298039215686274783e-01 3.921568627450981314e-04 1.847058823529412197e-01 3.921568627450981314e-04 4.352941176470589285e-02 3.921568627450981314e-04 3.921568627450981314e-04 3.921568627450981314e-04 3.921568627450981314e-04 3.921568627450981314e-04 4.313725490196079933e-03 3.921568627450981314e-04 5.529411764705883386e-02 3.921568627450981314e-04 3.921568627450981314e-04 3.921568627450981314e-04 3.921568627450981314e-04 3.921568627450981314e-04 3.921568627450981314e-04 3.921568627450981314e-04 3.023529411764706576e-01 3.568627450980392524e-02 3.921568627450981314e-04 3.921568627450981314e-04 3.921568627450981314e-04 3.921568627450981314e-04 3.568627450980392524e-02 3.921568627450981314e-04
2.605405405405404953e-02 4.227027027027026318e-02 6.713513513513512387e-02 4.118918918918917926e-02 1.189189189189189056e-03 1.081081081081080935e-04 3.686486486486485747e-02 1.081081081081080935e-04 7.145945945945943178e-02 1.081081081081080935e-04 5.513513513513511495e-03 1.081081081081080935e-04 8.118918918918915928e-02 1.081081081081080935e-04 1.081081081081080935e-04 1.632432432432431857e-02 2.444324324324323727e-01 9.956756756756753035e-02 7.362162162162159962e-02 1.081081081081080935e-04 1.189189189189189056e-03 7.675675675675673257e-03 1.081081081081080935e-04 5.416216216216215157e-02 2.270270270270269720e-03 1.091891891891891633e-02 3.351351351351350601e-03 5.740540540540538944e-02 5.524324324324322855e-02 1.081081081081080935e-04
2.004008016032063854e-04 2.004008016032063854e-04 2.426853707414828865e-01 2.004008016032063854e-04 2.004008016032063854e-04 9.238476953907813483e-02 1.945891783567133826e-01 2.204408817635270402e-03 2.004008016032063854e-04 2.004008016032063854e-04 2.004008016032063854e-04 6.432865731462925063e-02 2.004008016032063854e-04 2.004008016032063854e-04 2.004008016032063854e-04 2.004008016032063854e-04 1.384769539078155864e-01 2.004008016032063854e-04 2.004008016032063854e-04 4.208416833667333497e-03 2.004008016032063854e-04 2.004008016032063854e-04 2.004008016032063854e-04 2.625250501002003231e-02 2.004008016032063854e-04 1.022044088176352408e-02 8.216432865731459687e-03 2.126252505010019500e-01 2.004008016032063854e-04 2.004008016032063854e-04
2.109704641350210468e-04 1.014767932489451241e-01 2.109704641350210468e-04 3.396624472573839260e-02 2.109704641350210468e-04 2.320675105485231569e-03 2.109704641350210468e-04 2.109704641350210468e-04 2.109704641350210468e-04 5.717299578059070742e-02 1.943037974683543834e-01 1.286919831223628380e-02 4.662447257383965649e-02 6.540084388185652721e-03 1.497890295358649329e-02 6.540084388185652721e-03 2.109704641350210468e-04 2.280590717299577352e-01 2.109704641350210468e-04 2.320675105485231569e-03 2.130801687763712524e-02 2.109704641350210468e-04 2.109704641350210468e-04 9.303797468354428613e-02 1.436708860759493278e-01 2.109704641350210468e-04 2.109704641350210468e-04 2.109704641350210468e-04 2.109704641350210468e-04 3.185654008438817963e-02
8.721461187214614441e-02 4.566210045662101938e-04 3.063926940639269958e-01 6.894977168949772972e-02 1.415525114155251514e-02 7.808219178082194400e-02 1.872146118721461361e-02 4.566210045662101938e-04 4.566210045662101938e-04 4.566210045662101938e-04 4.566210045662101938e-04 1.648401826484018895e-01 4.566210045662101938e-04 4.566210045662101938e-04 5.022831050228312132e-03 3.698630136986302136e-02 4.566210045662101938e-04 1.415525114155251514e-02 4.566210045662101938e-04 5.525114155251142911e-02 4.566210045662101938e-04 1.872146118721461361e-02 4.566210045662101938e-04 3.242009132420092116e-02 9.178082191780824461e-02 4.566210045662101938e-04 4.566210045662101938e-04 4.566210045662101938e-04 4.566210045662101938e-04 4.566210045662101938e-04
2.892116182572613825e-01 1.950207468879668060e-02 4.854771784232365245e-02 1.383125864453665249e-04 9.419087136929460424e-02 8.174273858921161928e-02 3.471645919778700018e-02 2.904564315352697185e-03 4.287690179806362759e-03 1.383125864453665249e-04 1.383125864453665249e-04 1.383125864453665249e-04 1.383125864453665249e-04 1.521438450899031828e-03 1.383125864453665249e-04 1.661134163208851933e-01 5.269709543568464744e-02 1.383125864453665249e-04 9.820193637621023319e-03 1.190871369294605742e-01 1.383125864453665249e-04 1.383125864453665249e-04 9.820193637621023319e-03 4.287690179806362759e-03 1.950207468879668060e-02 4.287690179806362759e-03 7.053941908713692172e-03 2.918395573997233788e-02 1.383125864453665249e-04 1.383125864453665249e-04
2.256676557863500909e-01 2.091988130563797801e-02 2.034124629080118207e-01 1.201780415430266785e-02 9.213649851632045584e-02 1.351632047477744625e-01 6.097922848664687895e-02 1.483679525222551874e-04 1.483679525222551874e-04 1.483679525222551874e-04 1.483679525222551874e-04 1.483679525222551874e-04 3.115727002967358557e-03 1.483679525222551874e-04 7.566765578635012771e-03 3.575667655786349958e-02 1.646884272997032467e-02 1.483679525222551874e-04 1.483679525222551874e-04 1.483679525222551874e-04 4.599406528189910540e-03 1.483679525222551874e-04 1.292284866468842441e-01 2.240356083086052913e-02 1.201780415430266785e-02 1.483679525222551874e-04 1.498516320474777182e-02 1.483679525222551874e-04 1.483679525222551874e-04 1.632047477744807008e-03
2.864424057084606970e-02 1.437308868501528669e-02 1.937818552497451163e-01 1.019367991845055821e-04 2.865443425076452111e-01 5.310907237512740853e-02 1.316004077471966960e-01 1.019367991845055821e-04 7.237512742099896056e-03 1.019367991845055821e-04 3.374108053007134761e-02 1.019367991845055821e-04 1.019367991845055821e-04 1.019367991845055821e-04 1.019367991845055821e-04 8.776758409785929971e-02 3.160040774719673207e-03 1.019367991845055821e-04 1.019367991845055821e-04 1.019367991845055821e-04 1.019367991845055821e-04 3.160040774719673207e-03 1.163098878695208588e-01 1.641182466870540202e-02 1.019367991845055821e-04 1.019367991845055821e-04 1.019367991845055821e-04 1.019367991845055821e-04 1.019367991845055821e-04 2.252803261977573412e-02
3.484320557491289196e-04 1.048780487804878148e-01 9.790940766550523811e-02 3.484320557491289196e-04 3.484320557491289196e-04 1.606271777003484280e-01 2.125435540069686366e-02 3.484320557491289196e-04 3.484320557491289196e-04 3.484320557491289196e-04 3.484320557491289196e-04 3.484320557491289196e-04 4.564459930313588543e-02 3.484320557491289196e-04 7.317073170731707744e-03 3.484320557491289196e-04 3.484320557491289196e-04 3.484320557491289196e-04 3.484320557491289196e-04 3.832752613240418549e-03 3.484320557491289196e-04 3.484320557491289196e-04 3.313588850174215561e-01 3.484320557491289196e-04 3.484320557491289196e-04 3.484320557491289196e-04 3.484320557491289196e-04 3.484320557491289196e-04 1.919860627177700507e-01 2.822299651567944032e-02
5.617977528089889219e-04 3.988764044943820392e-02 1.129213483146067620e-01 1.803370786516854396e-01 2.865168539325842895e-02 2.308988764044944131e-01 5.617977528089889219e-04 4.550561797752809834e-02 5.617977528089889219e-04 5.617977528089889219e-04 5.617977528089889219e-04 5.617977528089889219e-04 5.617977528089889219e-04 2.865168539325842895e-02 1.185393258426966495e-01 5.617977528089889219e-04 2.303370786516854146e-02 4.550561797752809834e-02 5.617977528089889219e-04 5.617977528089889219e-04 5.617977528089889219e-04 5.617977528089889219e-04 5.617977528089889219e-04 1.741573033707865398e-02 5.617977528089889219e-04 6.235955056179776079e-02 5.617977528089889219e-04 5.617977528089889219e-04 3.988764044943820392e-02 1.741573033707865398e-02
4.784688995215312770e-04 4.784688995215312770e-04 7.703349282296653722e-02 4.784688995215312770e-04 2.062200956937799701e-01 1.057416267942584143e-01 5.263157894736843721e-03 4.784688995215312770e-04 4.784688995215312770e-04 4.784688995215312770e-04 4.784688995215312770e-04 3.397129186602871470e-02 4.784688995215312770e-04 4.784688995215312770e-04 9.138755980861247574e-02 4.784688995215312770e-04 4.784688995215312770e-04 4.784688995215312770e-04 4.784688995215312770e-04 4.784688995215312770e-04 4.784688995215312770e-04 4.784688995215312770e-04 4.645933014354067803e-01 4.784688995215312770e-04 4.784688995215312770e-04 4.784688995215312770e-04 5.263157894736843721e-03 4.784688995215312770e-04 4.784688995215312770e-04 4.784688995215312770e-04
1.104972375690607467e-04 3.436464088397789274e-02 1.104972375690607467e-04 1.104972375690607467e-04 5.314917127071822067e-02 1.104972375690607467e-04 1.104972375690607467e-04 1.104972375690607467e-04 8.950276243093920059e-03 1.104972375690607467e-04 9.955801104972372695e-02 1.104972375690607467e-04 5.977900552486186542e-02 1.104972375690607467e-04 5.204419889502761437e-02 1.104972375690607467e-04 1.104972375690607467e-04 3.425414364640883350e-03 2.662983425414364169e-02 1.104972375690607467e-04 8.950276243093920059e-03 5.635359116022097686e-03 1.923756906077347395e-01 8.408839779005522486e-02 1.668508287292817110e-02 1.104972375690607467e-04 6.972375690607733600e-02 1.104972375690607467e-04 1.769060773480662374e-01 1.061878453038673648e-01
1.280409731113956091e-04 1.012804097311139212e-01 5.134443021766964266e-02 2.688860435339307953e-03 1.934699103713187485e-01 1.280409731113956091e-04 5.774647887323942214e-02 1.280409731113956091e-04 1.280409731113956091e-04 1.280409731113956091e-04 1.204865556978232666e-01 1.280409731113956091e-04 2.688860435339307953e-03 1.280409731113956091e-04 1.037131882202304428e-02 1.384122919334186408e-01 1.280409731113956091e-04 1.280409731113956091e-04 1.280409731113956091e-04 1.549295774647886821e-02 1.280409731113956091e-04 1.280409731113956091e-04 1.204865556978232666e-01 5.902688860435337942e-02 2.829705505761843237e-02 1.280409731113956091e-04 5.249679897567219485e-03 1.280409731113956091e-04 5.249679897567219485e-03 8.591549295774644768e-02
3.807843137254902088e-01 3.921568627450981314e-04 4.313725490196079065e-03 8.235294117647059403e-03 1.376470588235294279e-01 2.160784313725490624e-01 2.000000000000000042e-02 1.215686274509804148e-02 3.921568627450981314e-04 3.921568627450981314e-04 3.921568627450981314e-04 3.921568627450981314e-04 3.921568627450981314e-04 3.921568627450981314e-04 3.921568627450981314e-04 7.882352941176472283e-02 2.392156862745098075e-02 3.921568627450981314e-04 3.921568627450981314e-04 8.235294117647059403e-03 3.921568627450981314e-04 3.921568627450981314e-04 6.705882352941178182e-02 8.235294117647059403e-03 3.921568627450981314e-04 4.313725490196079065e-03 2.392156862745098075e-02 3.921568627450981314e-04 3.921568627450981314e-04 3.921568627450981314e-04
2.832861189801698983e-04 3.116147308781869098e-03 4.844192634560905153e-02 2.832861189801698983e-04 1.220963172804532260e-01 1.161473087818696431e-02 2.832861189801698983e-04 3.116147308781869098e-03 2.832861189801698983e-04 2.832861189801698983e-04 2.832861189801698983e-04 2.861189801699715735e-02 4.277620396600564923e-02 3.116147308781869098e-03 5.949008498583568082e-03 2.832861189801698983e-04 4.560906515580735732e-02 1.161473087818696431e-02 1.444759206798866373e-02 2.832861189801698983e-04 3.116147308781869098e-03 1.161473087818696431e-02 3.742209631728043995e-01 2.011331444759206083e-02 2.832861189801698983e-04 2.832861189801698983e-04 1.334277620396600306e-01 2.577903682719545966e-02 7.393767705382434108e-02 1.444759206798866373e-02
2.958579881656803689e-04 2.958579881656803689e-04 2.958579881656803689e-04 3.254437869822484220e-03 2.958579881656803689e-04 2.958579881656803689e-04 2.958579881656803689e-04 3.254437869822484220e-03 1.804733727810650321e-02 2.958579881656803689e-04 3.579881656804732165e-02 2.958579881656803689e-04 3.254437869822484220e-03 2.958579881656803689e-04 2.958579881656803689e-04 5.387573964497039958e-01 2.958579881656803689e-04 2.958579881656803689e-04 3.284023668639052262e-02 1.985207100591715179e-01 2.958579881656803689e-04 6.242603550295856146e-02 2.958579881656803689e-04 5.355029585798815051e-02 4.171597633136093358e-02 2.958579881656803689e-04 3.254437869822484220e-03 2.958579881656803689e-04 2.958579881656803689e-04 2.958579881656803689e-04
1.380471380471380398e-02 2.999999999999999889e-01 4.410774410774410959e-02 3.367003367003367181e-04 4.410774410774410959e-02 1.043771043771043842e-02 7.070707070707071135e-03 2.390572390572390585e-02 3.367003367003367181e-04 3.367003367003367181e-04 3.367003367003367181e-04 3.367003367003367181e-04 4.747474747474747514e-02 3.367003367003367181e-04 3.367003367003367181e-04 3.367003367003367181e-04 3.703703703703703845e-03 1.717171717171717127e-02 3.367003367003367181e-04 3.367003367003367181e-04 3.367003367003367181e-04 3.367003367003367181e-04 1.013468013468013518e-01 7.070707070707071135e-03 3.367003367003367181e-04 5.420875420875421319e-02 1.518518518518518490e-01 7.104377104377104790e-02 9.797979797979798622e-02 3.367003367003367181e-04
1.601049868766404177e-02 2.624671916010498651e-04 2.624671916010498651e-04 2.624671916010498651e-04 2.624671916010498651e-04 9.475065616797900825e-02 1.000000000000000056e-01 2.650918635170603638e-02 9.737532808398950690e-02 2.624671916010498651e-04 8.687664041994751229e-02 2.624671916010498651e-04 6.062992125984252578e-02 2.624671916010498651e-04 2.624671916010498651e-04 2.887139107611548950e-03 2.624671916010498651e-04 2.624671916010498651e-04 5.511811023622047168e-03 2.624671916010498651e-04 2.624671916010498651e-04 2.624671916010498651e-04 2.624671916010498651e-04 1.104986876640420002e-01 2.624671916010498651e-04 2.624671916010498651e-04 2.076115485564304364e-01 3.700787401574803098e-02 1.498687664041994660e-01 2.624671916010498651e-04
1.551169590643274865e-01 1.461988304093567279e-04 1.112573099415204575e-01 1.214912280701754277e-01 1.461988304093567279e-04 1.461988304093567279e-04 2.194444444444444420e-01 1.461988304093567279e-04 1.461988304093567279e-04 1.461988304093567279e-04 2.061403508771929641e-02 4.254385964912280743e-02 1.915204678362572924e-02 1.461988304093567279e-04 1.461988304093567279e-04 1.461988304093567279e-04 1.461988304093567279e-04 1.461988304093567279e-04 1.461988304093567279e-04 1.769005847953216207e-02 1.608187134502924061e-03 1.461988304093567279e-04 1.461988304093567279e-04 1.229532163742689949e-01 1.461988304093567279e-04 1.608187134502924061e-03 2.646198830409356856e-02 1.375730994152046804e-01 1.461988304093567279e-04 1.461988304093567279e-04
4.312114989733059102e-03 2.053388090349075672e-04 2.053388090349075672e-04 2.053388090349075672e-04 2.053388090349075672e-04 2.053388090349075672e-04 2.053388090349075672e-04 2.053388090349075672e-04 2.279260780287473837e-02 2.053388090349075672e-04 2.178644763860368982e-01 2.053388090349075672e-04 4.312114989733059102e-03 2.053388090349075672e-04 2.053388090349075672e-04 2.053388090349075672e-04 2.258726899383983050e-03 6.365503080082134287e-03 1.047227926078028379e-02 2.938398357289526697e-01 2.053388090349075672e-04 1.131416837782340673e-01 2.053388090349075672e-04 8.644763860369608643e-02 1.911704312114989035e-01 8.418891170431208604e-03 2.053388090349075672e-04 1.868583162217658800e-02 2.053388090349075672e-04 1.663244353182750934e-02
6.104972375690605885e-02 2.762430939226518463e-04 2.762430939226518463e-04 3.038674033149170364e-03 2.762430939226518463e-04 2.762430939226518463e-04 2.762430939226518463e-04 8.563535911602207507e-03 2.762430939226518463e-04 2.762430939226518463e-04 2.762430939226518463e-04 2.762430939226518463e-04 2.762430939226518463e-04 2.762430939226518463e-04 2.762430939226518463e-04 5.113259668508285394e-01 2.762430939226518463e-04 5.801104972375689152e-03 2.762430939226518463e-04 2.848066298342540326e-01 2.762430939226518463e-04 1.961325966850828093e-02 2.762430939226518463e-04 6.104972375690605885e-02 3.895027624309391201e-02 2.762430939226518463e-04 2.762430939226518463e-04 2.762430939226518463e-04 2.762430939226518463e-04 2.762430939226518463e-04
4.805194805194806101e-02 4.329004329004330085e-04 5.891774891774892442e-01 4.329004329004330085e-04 4.329004329004330085e-04 1.774891774891775020e-02 2.168831168831169554e-01 9.090909090909093937e-03 4.329004329004330085e-04 4.329004329004330085e-04 4.329004329004330085e-04 4.329004329004330085e-04 4.329004329004330085e-04 4.329004329004330085e-04 4.761904761904763202e-03 4.329004329004330085e-04 4.329004329004330085e-04 4.329004329004330085e-04 4.329004329004330085e-04 4.329004329004330085e-04 4.329004329004330085e-04 4.329004329004330085e-04 4.761904761904763202e-03 5.670995670995672422e-02 4.329004329004330085e-04 4.329004329004330085e-04 4.329004329004330085e-04 4.372294372294373288e-02 4.329004329004330085e-04 4.329004329004330085e-04
1.052631578947368343e-04 1.052631578947368343e-04 1.052631578947368343e-04 1.905263157894736617e-02 1.052631578947368343e-04 1.052631578947368343e-04 9.168421052631577084e-02 1.063157894736841899e-02 1.052631578947368343e-04 1.190526315789473544e-01 5.168421052631578388e-02 3.589473684210525706e-02 4.747368421052631376e-02 1.052631578947368343e-04 1.052631578947368343e-04 2.210526315789473548e-03 1.052631578947368343e-04 8.221052631578945613e-02 1.052631578947368343e-04 4.315789473684209475e-03 1.052631578947368343e-04 1.052631578947368343e-04 1.052631578947368343e-04 1.390526315789473444e-01 3.799999999999999906e-02 1.052631578947368343e-04 1.369473684210525954e-01 6.010526315789473106e-02 1.601052631578947227e-01 1.052631578947368343e-04
3.215434083601285162e-04 8.392282958199354104e-02 2.926045016077169145e-02 3.215434083601285162e-04 2.479099678456590516e-01 5.176848874598069528e-02 3.215434083601285162e-04 3.215434083601285162e-04 5.176848874598069528e-02 6.752411575562698894e-03 7.427652733118968176e-02 3.215434083601285162e-04 3.215434083601285162e-04 3.215434083601285162e-04 3.215434083601285162e-04 1.900321543408359515e-01 3.215434083601285162e-04 3.215434083601285162e-04 3.215434083601285162e-04 3.215434083601285162e-04 1.318327974276526683e-02 3.215434083601285162e-04 8.070739549839225924e-02 6.463022508038583636e-02 3.536977491961413624e-03 3.215434083601285162e-04 3.215434083601285162e-04 3.215434083601285162e-04 6.141479099678454762e-02 3.569131832797426546e-02
1.572327044025156884e-04 1.572327044025156884e-04 4.874213836477985472e-03 3.301886792452829022e-03 1.572327044025156884e-04 7.091194968553456157e-02 1.273584905660376902e-02 1.572327044025156884e-04 1.430817610062892591e-02 3.003144654088049301e-02 8.663522012578613041e-02 2.391509433962263342e-01 1.572327044025156884e-04 1.572327044025156884e-04 1.572327044025156884e-04 1.588050314465408105e-02 1.572327044025156884e-04 1.572327044025156884e-04 3.397798742138363748e-01 1.430817610062892591e-02 1.572327044025156884e-04 1.572327044025156884e-04 1.572327044025156884e-04 6.462264150943394792e-02 4.418238993710690149e-02 1.572327044025156884e-04 1.572327044025156884e-04 5.676100628930815656e-02 1.572327044025156884e-04 1.572327044025156884e-04
2.932551319648093297e-04 8.240469208211141650e-02 2.375366568914955012e-02 4.721407624633430083e-02 2.932551319648093297e-04 1.615835777126099215e-01 2.932551319648093297e-04 2.932551319648093297e-04 2.932551319648093297e-04 2.932551319648093297e-04 2.932551319648093297e-04 1.205278592375366165e-01 1.495601173020527294e-02 2.932551319648093297e-04 6.158357771260994894e-03 2.932551319648093297e-04 2.495601173020526864e-01 2.932551319648093297e-04 2.932551319648093297e-04 2.932551319648093297e-04 3.225806451612902356e-03 2.932551319648093297e-04 2.932551319648093297e-04 7.947214076246332526e-02 2.932551319648093297e-04 2.932551319648093297e-04 3.225806451612902356e-03 1.733137829912022865e-01 2.668621700879764483e-02 3.225806451612902356e-03
1.773049645390070771e-04 2.093971631205673312e-01 1.773049645390070771e-04 5.496453900709219118e-03 1.296099290780141355e-01 7.819148936170211561e-02 1.773049645390070771e-04 1.773049645390070771e-04 1.773049645390070771e-04 1.773049645390070771e-04 1.613475177304964092e-02 2.499999999999999445e-02 3.209219858156028143e-02 1.773049645390070771e-04 5.868794326241133508e-02 1.773049645390070771e-04 3.246453900709219131e-01 1.773049645390070771e-04 1.773049645390070771e-04 1.773049645390070771e-04 1.773049645390070771e-04 1.773049645390070771e-04 1.613475177304964092e-02 5.496453900709219118e-03 1.773049645390070771e-04 1.773049645390070771e-04 1.773049645390070771e-04 2.499999999999999445e-02 4.982269503546098849e-02 2.145390070921985443e-02
2.680965147453082294e-04 6.461126005361929325e-02 2.680965147453082294e-04 2.680965147453082294e-04 8.069705093833777487e-02 9.142091152815011446e-02 2.949061662198390957e-03 2.680965147453082294e-04 2.680965147453082294e-04 2.680965147453082294e-04 2.975871313672921389e-02 2.680965147453082294e-04 5.630026809651473250e-03 2.680965147453082294e-04 2.949061662198390957e-03 2.680965147453082294e-04 2.949061662198390957e-03 2.680965147453082294e-04 1.099195710455763697e-02 2.680965147453082294e-04 3.058981233243966980e-01 2.680965147453082294e-04 1.557640750670240826e-01 1.635388739946379982e-02 2.680965147453082294e-04 2.680965147453082294e-04 2.680965147453082294e-04 2.680965147453082294e-04 2.680965147453082294e-04 2.254691689008042066e-01
2.985074626865671129e-04 2.985074626865671129e-04 5.701492537313432307e-02 2.119402985074626475e-02 2.985074626865671129e-04 2.152238805970148605e-01 2.092537313432835389e-01 2.985074626865671129e-04 2.985074626865671129e-04 2.985074626865671129e-04 8.686567164179102851e-02 2.119402985074626475e-02 2.985074626865671129e-04 3.313432835820894623e-02 2.985074626865671129e-04 6.268656716417909426e-03 2.985074626865671129e-04 2.985074626865671129e-04 2.985074626865671129e-04 2.985074626865671129e-04 2.985074626865671129e-04 2.985074626865671129e-04 3.283582089552238622e-03 6.895522388059700802e-02 2.985074626865671129e-04 2.985074626865671129e-04 1.047761194029850629e-01 1.614925373134327991e-01 6.268656716417909426e-03 2.985074626865671129e-04
