6.134969325153374594e-04 1.723926380368098199e-01 6.134969325153374594e-04 6.196319018404907591e-02 6.748466257668712595e-03 1.601226993865030868e-01 6.134969325153374594e-04 1.601226993865030868e-01 2.521472392638036686e-01 1.846625766871165808e-01
3.759398496240601729e-04 1.582706766917293395e-01 6.804511278195489454e-02 7.894736842105263414e-03 3.759398496240601729e-04 3.759398496240601729e-04 7.894736842105263414e-03 3.988721804511278224e-01 1.093984962406015088e-01 2.484962406015037428e-01
8.363338788870704199e-02 1.212765957446808457e-01 1.489361702127659469e-02 8.363338788870704199e-02 1.636661211129296367e-04 1.636661211129296367e-04 1.636661211129296367e-04 5.255319148936170581e-01 1.703764320785597364e-01 1.636661211129296367e-04
6.963746223564955262e-02 1.542296072507552684e-01 1.980362537764350506e-01 2.129909365558912276e-02 1.510574018126888216e-04 1.510574018126888216e-04 1.525679758308156990e-02 2.947129909365558964e-01 1.510574018126888216e-04 2.463746223564954596e-01
7.045454545454545026e-02 1.324380165289255895e-01 2.066115702479338792e-04 3.739669421487603479e-02 2.066115702479338792e-04 2.066115702479338792e-04 2.066115702479338792e-04 1.076446280991735505e-01 6.117768595041321866e-01 3.946280991735536675e-02
1.254335260115606865e-01 5.799614643545279724e-02 1.003853564547206173e-01 1.235067437379576000e-01 1.926782273603082883e-04 1.926782273603082883e-04 1.926782273603082883e-04 5.319845857418111779e-01 4.836223506743738548e-02 1.175337186897880415e-02
6.622529644268774218e-01 1.976284584980237129e-04 2.588932806324110297e-02 2.571146245059288127e-01 5.355731225296442299e-02 1.976284584980237129e-04 1.976284584980237129e-04 1.976284584980237129e-04 1.976284584980237129e-04 1.976284584980237129e-04
2.433090024330900362e-04 1.510948905109489038e-01 4.406326034063260400e-01 1.316301703163016978e-01 1.970802919708029149e-02 1.632603406326033901e-01 2.433090024330900362e-04 4.403892944038929891e-02 2.433090024330900362e-04 4.890510948905110039e-02
1.788908765652951383e-04 4.669051878354203017e-02 1.788908765652951383e-04 4.670840787119856508e-01 1.788908765652951383e-04 7.334525939177099531e-03 5.384615384615383527e-02 1.788908765652951383e-04 4.241502683363147508e-01 1.788908765652951383e-04
6.147959183673469552e-02 2.859693877551020003e-01 8.443877551020408101e-02 4.872448979591836871e-02 2.551020408163265536e-04 2.806122448979592090e-03 2.551020408163265536e-04 4.466836734693877542e-01 6.913265306122449994e-02 2.551020408163265536e-04
1.745200698080279320e-04 3.335078534031413744e-01 6.998254799301920070e-02 4.031413612565445254e-02 6.823734729493892426e-02 1.919720767888307388e-03 1.745200698080279320e-04 3.230366492146596880e-01 1.624781849912739773e-01 1.745200698080279320e-04
1.112654320987654238e-01 1.359567901234567944e-01 2.793209876543210207e-02 6.496913580246914399e-02 1.249999999999999896e-02 8.811728395061728392e-02 1.543209876543209845e-04 5.233024691358024727e-01 1.697530864197531074e-03 3.410493827160494124e-02
1.182795698924731312e-02 1.075268817204301074e-03 3.333333333333333287e-02 5.817204301075269424e-01 1.075268817204301074e-03 8.709677419354838745e-02 1.075268817204301074e-03 1.075268817204301074e-03 2.376344086021505431e-01 4.408602150537634101e-02
5.102925243770314173e-02 6.186348862405200572e-02 2.502708559046587511e-02 1.214517876489707437e-01 1.322860238353195939e-01 1.083423618634886236e-04 1.191765980498374995e-03 1.485373781148429106e-01 1.083423618634886236e-04 4.583965330444204067e-01
3.937007874015748519e-04 4.370078740157480601e-02 3.937007874015748519e-04 1.066929133858267875e-01 3.937007874015748519e-04 4.330708661417323642e-03 3.937007874015748519e-04 2.681102362204724754e-01 5.673228346456693494e-01 8.267716535433072486e-03
4.605820105820105925e-01 1.140211640211640232e-01 2.645502645502645681e-04 2.645502645502645681e-04 2.645502645502645681e-04 2.645502645502645681e-04 2.645502645502645681e-04 6.375661375661376140e-02 1.325396825396825407e-01 2.277777777777777735e-01
1.517450682852807280e-04 9.726858877086494437e-02 1.367223065250379177e-01 1.532625189681335355e-02 1.517450682852807280e-04 2.657056145675265602e-01 1.517450682852807280e-04 3.764795144157814799e-01 1.018209408194233612e-01 6.221547799696509548e-03
3.842887473460722403e-02 2.123142250530785633e-04 1.339702760084925670e-01 4.460721868365180587e-01 3.229299363057324679e-01 5.329087048832271967e-02 2.123142250530785633e-04 4.458598726114649559e-03 2.123142250530785633e-04 2.123142250530785633e-04
2.213279678068410736e-03 1.329979879275653698e-01 5.050301810865191754e-02 2.213279678068410736e-03 2.012072434607646099e-04 2.012072434607646099e-04 2.012072434607646099e-04 5.957746478873240381e-01 5.452716297786720789e-02 1.611670020120724300e-01
3.521126760563380470e-04 2.468309859154929342e-01 3.521126760563380470e-04 3.521126760563380470e-04 3.521126760563380470e-04 2.147887323943661886e-02 3.521126760563380470e-04 1.799295774647887425e-01 4.651408450704225261e-01 8.485915492957747663e-02
4.279166666666667229e-01 8.625000000000000722e-02 1.388888888888888888e-04 1.819444444444444364e-02 1.388888888888888888e-04 1.388888888888888888e-04 8.472222222222221266e-03 8.902777777777777513e-02 1.695833333333333359e-01 2.001388888888888939e-01
9.877924720244149470e-02 7.538148524923701799e-02 1.017293997965412110e-04 7.436419125127161078e-02 1.017293997965412110e-04 1.017293997965412110e-04 4.170905391658188445e-03 1.893184130213631799e-01 5.514750762970498377e-01 6.205493387589013261e-03
1.986175115207373387e-01 6.036866359447004560e-02 2.585253456221198176e-01 9.677419354838710103e-03 5.069124423963134070e-03 4.193548387096773800e-02 4.608294930875576033e-04 4.013824884792626668e-01 2.350230414746543733e-02 4.608294930875576033e-04
1.044709388971683944e-01 7.466467958271237604e-02 1.490312965722801787e-04 3.591654247391952437e-02 4.619970193740685974e-03 1.490312965722801787e-04 1.490312965722801787e-04 3.533532041728763007e-01 3.205663189269746804e-01 1.059612518628911954e-01
5.681818181818182626e-04 5.681818181818182626e-04 9.147727272727274039e-02 1.085227272727272846e-01 8.011363636363635909e-02 3.465909090909091023e-02 2.335227272727272707e-01 1.767045454545454752e-01 1.761363636363636256e-02 2.562500000000000333e-01
7.549407114624506754e-02 9.130434782608695676e-02 3.952569169960474258e-04 3.952569169960474258e-04 3.952569169960474258e-04 4.347826086956521792e-03 3.952569169960474258e-04 2.415019762845849738e-01 2.810276679841897107e-01 3.047430830039525307e-01
2.042362002567394141e-01 3.863928112965340361e-02 1.283697047496790828e-04 2.337612323491655986e-01 1.283697047496790828e-04 1.283697047496790828e-04 1.283697047496790828e-04 4.634146341463414587e-02 4.763799743260590525e-01 1.283697047496790828e-04
4.535398230088494645e-03 1.804203539823008573e-01 1.227876106194689988e-02 3.728982300884955414e-01 8.528761061946900368e-02 1.338495575221238659e-02 1.106194690265486710e-04 1.780973451327433690e-02 2.390486725663716339e-01 7.422566371681414699e-02
4.830917874396135686e-04 8.260869565217392185e-02 4.830917874396135686e-04 4.830917874396135686e-04 4.830917874396135686e-04 4.830917874396135686e-04 4.830917874396135686e-04 2.178743961352657132e-01 6.961352657004831190e-01 4.830917874396135686e-04
2.849002849002849362e-04 2.424501424501424307e-01 2.849002849002849362e-04 6.296296296296297057e-02 5.982905982905983334e-03 2.849002849002849362e-04 2.849002849002849362e-04 1.085470085470085500e-01 4.846153846153846145e-01 9.430199430199430466e-02
2.631578947368420993e-04 4.423684210526315774e-01 2.631578947368420993e-04 1.476315789473684192e-01 7.921052631578948122e-02 2.631578947368420993e-04 2.631578947368420993e-04 1.923684210526315774e-01 2.631578947368420993e-04 1.371052631578947301e-01
5.911157024793388670e-01 2.066115702479338792e-04 5.599173553719007795e-02 3.163223140495867169e-01 2.499999999999999792e-02 4.338842975206611517e-03 2.066115702479338792e-04 2.066115702479338792e-04 2.066115702479338792e-04 6.404958677685949550e-03
3.838235294117647162e-02 1.957352941176470629e-01 1.236764705882352905e-01 4.132352941176471034e-02 1.470588235294117789e-04 1.266176470588235292e-01 1.470588235294117789e-04 4.736764705882353099e-01 1.470588235294117789e-04 1.470588235294117789e-04
8.633928571428570731e-01 6.279761904761904656e-02 2.976190476190475917e-04 6.249999999999999480e-03 3.273809523809523454e-03 2.976190476190475917e-04 2.976190476190475917e-04 2.113095238095237527e-02 2.976190476190475917e-04 4.196428571428570398e-02
3.389830508474576498e-04 2.850847457627118664e-01 3.389830508474576498e-04 1.728813559322033705e-02 2.067796610169491539e-02 4.101694915254237156e-02 5.118644067796609964e-02 1.562711864406779727e-01 2.647457627118643964e-01 1.630508474576271294e-01
2.688172043010752686e-04 2.688172043010752686e-04 6.478494623655914331e-02 2.233870967741935221e-01 1.370967741935483729e-02 2.341397849462365510e-01 2.688172043010752686e-04 2.688172043010752686e-04 4.411290322580644907e-01 2.177419354838709686e-02
1.785714285714285713e-04 1.785714285714285713e-04 6.803571428571428270e-02 1.144642857142856990e-01 1.785714285714285713e-04 1.785714285714285713e-04 1.785714285714285713e-04 7.339285714285714857e-02 3.126785714285714168e-01 4.305357142857142994e-01
2.949852507374631227e-04 1.005899705014749318e-01 1.772861356932153298e-01 1.094395280235988255e-01 2.949852507374631227e-04 2.949852507374631227e-04 2.949852507374631227e-04 2.539823008849557140e-01 3.274336283185840663e-02 3.247787610619468635e-01
2.194006309148264500e-01 4.432176656151418787e-02 5.111987381703470001e-01 1.750788643533122621e-02 3.012618296529968182e-02 3.312302839116718859e-03 1.577287066246056625e-04 1.577287066246056625e-04 1.577287066246056625e-04 1.736593059936908101e-01
3.580645161290322426e-02 3.519354838709677358e-01 3.225806451612903223e-04 9.709677419354839634e-02 3.225806451612903223e-04 3.225806451612903223e-04 3.225806451612903223e-04 3.258064516129031973e-02 3.906451612903225623e-01 9.064516129032258729e-02
2.118018967334035427e-02 3.299262381454161619e-01 1.581664910432033222e-01 1.212855637513171464e-01 3.278187565858798336e-01 1.053740779768176818e-04 1.801896733403582362e-02 2.118018967334035427e-02 1.053740779768176818e-04 2.212855637513171277e-03
3.644400785854616520e-02 1.503929273084478879e-01 3.124754420432219737e-01 6.984282907662080209e-02 3.105108055009822565e-01 1.080550098231826970e-03 8.163064833005891086e-02 3.742632612966600297e-02 9.823182711198426504e-05 9.823182711198426504e-05
4.366812227074236448e-04 4.366812227074236448e-04 2.663755458515284016e-02 1.052401746724890980e-01 4.366812227074236448e-04 1.489082969432314607e-01 4.366812227074236448e-04 6.991266375545852618e-01 4.366812227074236448e-04 1.790393013100436900e-02
2.985074626865671672e-04 2.629850746268656558e-01 2.480597014925373101e-01 2.716417910447761069e-02 2.985074626865671672e-04 2.985074626865671672e-04 9.253731343283581531e-03 4.241791044776119235e-01 2.716417910447761069e-02 2.985074626865671672e-04
8.558333333333332238e-01 2.777777777777777233e-04 2.777777777777777233e-04 4.194444444444443698e-02 2.777777777777777233e-04 2.777777777777777233e-04 2.777777777777777233e-04 1.694444444444443906e-02 3.638888888888888035e-02 4.749999999999999362e-02
2.550066755674232355e-02 1.468624833110814465e-03 2.364485981308411255e-01 1.376502002670226821e-01 1.335113484646194943e-04 5.381842456608811887e-01 6.021361815754339153e-02 1.335113484646194943e-04 1.335113484646194943e-04 1.335113484646194943e-04
5.929054054054054557e-02 1.116554054054053891e-01 1.689189189189189283e-04 1.150337837837837746e-01 1.874999999999999931e-02 1.689189189189189283e-04 6.925675675675675193e-03 3.413851351351351315e-01 2.417229729729729604e-01 1.048986486486486458e-01
4.166666666666668018e-04 2.670833333333333948e-01 2.670833333333333948e-01 3.375000000000000916e-02 4.166666666666668018e-04 8.750000000000002567e-03 4.166666666666668018e-04 4.212500000000000688e-01 4.166666666666668018e-04 4.166666666666668018e-04
5.140186915887850518e-03 3.088785046728971806e-01 1.915887850467289447e-02 4.672897196261682437e-04 4.672897196261682437e-04 5.140186915887850518e-03 4.672897196261682437e-04 2.808411214953270840e-01 2.901869158878504495e-01 8.925233644859813242e-02
2.267657992565055500e-02 7.843866171003717469e-02 3.717472118959108283e-04 1.267657992565055791e-01 3.717472118959108283e-04 1.379182156133829107e-01 1.156133828996282614e-01 2.643122676579925390e-01 3.717472118959108283e-04 2.531598513011152352e-01
1.932907348242811352e-02 2.269968051118210761e-01 1.597444089456869051e-04 8.801916932907348501e-02 1.597444089456869051e-04 1.597444089456869051e-04 1.757188498402556011e-03 1.774760383386581319e-01 4.825878594249201625e-01 3.354632587859424954e-03
1.501501501501501705e-04 1.983483483483483301e-01 4.536036036036036334e-01 1.501501501501501705e-04 2.734234234234234062e-01 1.501501501501501705e-04 5.870870870870870811e-02 7.657657657657657505e-03 7.657657657657657505e-03 1.501501501501501705e-04
5.649717514124295067e-04 5.706214689265537432e-02 1.022598870056497383e-01 5.649717514124295067e-04 5.649717514124295067e-04 2.881355932203390202e-02 5.649717514124295067e-04 5.542372881355932535e-01 1.192090395480226300e-01 1.361581920903955079e-01
2.017241379310344973e-01 5.747126436781609116e-04 5.747126436781609116e-04 3.505747126436781214e-02 5.747126436781609116e-04 5.747126436781609116e-04 7.528735632183908288e-02 4.373563218390804086e-01 9.827586206896551935e-02 1.499999999999999944e-01
5.706521739130434798e-03 4.024456521739130377e-01 4.214673913043477937e-01 2.717391304347826120e-04 1.415760869565217406e-01 2.717391304347826120e-04 2.717391304347826120e-04 2.472826086956521688e-02 2.717391304347826120e-04 2.989130434782608786e-03
1.092391304347826164e-01 5.434782608695652240e-04 4.945652173913043376e-02 2.885869565217391575e-01 5.434782608695652240e-04 2.771739130434782566e-02 6.576086956521738636e-02 5.434782608695652240e-04 2.342391304347826164e-01 2.233695652173913193e-01
8.706563706563706651e-02 1.121621621621621684e-01 2.164092664092663876e-01 1.218146718146718155e-01 3.110038610038610152e-01 1.930501930501930493e-04 4.054054054054054279e-03 1.411196911196911097e-01 5.984555984555984393e-03 1.930501930501930493e-04
2.631578947368420993e-04 2.631578947368420993e-04 1.868421052631578927e-02 4.555263157894736681e-01 2.631578947368420993e-04 1.292105263157894701e-01 2.631578947368420993e-04 1.605263157894736697e-02 3.792105263157894424e-01 2.631578947368420993e-04
1.960784313725490386e-04 9.235294117647059597e-02 1.960784313725490386e-04 7.862745098039215785e-02 1.960784313725490386e-04 1.960784313725490386e-04 1.960784313725490386e-04 3.511764705882352566e-01 3.786274509803921329e-01 9.823529411764705954e-02
1.346740638002773827e-01 2.787794729542302646e-02 3.619972260748959697e-02 2.719833564493758793e-01 2.109570041608876401e-01 1.386962552011095681e-04 1.386962552011095681e-04 1.386962552011095681e-04 1.386962552011095681e-04 3.177531206657420171e-01
3.003003003003003411e-04 7.537537537537537802e-02 1.084084084084084160e-01 1.144144144144144254e-01 1.894894894894894877e-01 3.003003003003003411e-04 2.132132132132132096e-02 1.531531531531531501e-02 3.003003003003003411e-04 4.747747747747747549e-01
4.405286343612334994e-04 4.405286343612334994e-04 2.383259911894273220e-01 4.405286343612334994e-04 4.845814977973568818e-03 4.405286343612334994e-04 1.806167400881057011e-02 4.321585903083700053e-01 2.687224669603524227e-02 2.779735682819383102e-01
1.339977851605758316e-02 1.118493909191583396e-02 1.363233665559246688e-01 1.817275747508305395e-01 5.870431893687707570e-01 1.782945736434108502e-02 3.665559246954595146e-02 1.107419712070874788e-04 1.561461794019933236e-02 1.107419712070874788e-04
2.985074626865671672e-04 3.137313432835820981e-01 2.417910447761193946e-02 3.077611940298507487e-01 5.104477611940298754e-02 2.985074626865671672e-04 2.985074626865671672e-04 2.985074626865671672e-04 2.417910447761193946e-02 2.779104477611940016e-01
4.653802497162315074e-03 4.551645856980703758e-02 5.788876276958001763e-03 2.169125993189557344e-01 4.653802497162315074e-03 4.438138479001135089e-02 1.135073779795686742e-04 4.097616345062429083e-02 2.203178206583427945e-01 4.166855845629966471e-01
7.669584245076585538e-02 1.193654266958424498e-01 9.638949671772428784e-02 1.368708971553610487e-01 3.108315098468271698e-01 2.527352297592997885e-02 1.094091903719912514e-04 1.094091903719912514e-04 2.297592997811816456e-03 2.320568927789934399e-01
4.115226337448560129e-04 1.362139917695473490e-01 8.641975308641976217e-03 4.115226337448560129e-04 4.526748971193416196e-03 4.115226337448560129e-04 1.275720164609053624e-02 5.312757201646091110e-01 7.448559670781894348e-02 2.308641975308642347e-01
9.471153846153845812e-02 6.266025641025640969e-02 6.266025641025640969e-02 2.581730769230768940e-01 3.094551282051282159e-01 7.708333333333333703e-02 1.602564102564102563e-04 1.602564102564102563e-04 1.602564102564102563e-04 1.347756410256410187e-01
5.952380952380954002e-04 5.952380952380954002e-04 4.821428571428572341e-02 5.952380952380954002e-04 5.952380952380954002e-04 5.952380952380954002e-04 4.226190476190476442e-02 6.017857142857143682e-01 1.672619047619048060e-01 1.375000000000000389e-01
1.139941690962099213e-01 2.653061224489795811e-02 6.122448979591837287e-03 3.819241982507288330e-02 3.527696793002915027e-02 1.693877551020408212e-01 1.810495626822157533e-01 2.655976676384839696e-01 2.653061224489795811e-02 1.373177842565597717e-01
1.513859275053304823e-02 3.179104477611940371e-01 3.006396588486140789e-02 6.844349680170576378e-02 3.859275053304904446e-02 2.132196162046908492e-04 2.132196162046908492e-04 9.616204690831556268e-02 3.498933901918976352e-01 8.336886993603412344e-02
2.889561270801815560e-02 2.361573373676248144e-01 4.099848714069592032e-02 1.211800302571860721e-01 7.276853252647504100e-02 1.953101361573373607e-01 1.664145234493192346e-03 2.437216338880484057e-01 5.915279878971255872e-02 1.512859304084720265e-04
8.861111111111110716e-01 3.086419753086419148e-04 3.425925925925925319e-02 3.086419753086419148e-04 3.086419753086419148e-04 3.086419753086419148e-04 3.086419753086419148e-04 3.734567901234567278e-02 3.086419753086419148e-04 4.043209876543209236e-02
2.024729520865533108e-02 2.258114374034002891e-01 1.097372488408037035e-02 6.043276661514683512e-02 1.545595054095826970e-04 1.545595054095826970e-04 1.545595054095826970e-04 6.506955177743431462e-02 6.029366306027821309e-01 1.406491499227202450e-02
6.930693069306930777e-03 3.336633663366336267e-01 3.300330033003300370e-04 4.323432343234323572e-02 6.930693069306930777e-03 3.300330033003300370e-04 2.013201320132013139e-02 6.963696369636963868e-02 3.765676567656765505e-01 1.422442244224422503e-01
1.468749999999999917e-02 1.001041666666666607e-01 5.322916666666666768e-02 1.167708333333333237e-01 2.187500000000000208e-03 4.072916666666667046e-02 3.229166666666666644e-03 1.344791666666666496e-01 5.531250000000000056e-02 4.792708333333333681e-01
3.546099290780142083e-04 3.546099290780142083e-04 3.546099290780142083e-04 3.124113475177304755e-01 3.546099290780142083e-04 3.900709219858156454e-03 3.546099290780142083e-04 2.698581560283687675e-01 3.797872340425531568e-01 3.226950354609928878e-02
1.963001027749228938e-02 3.300102774922918369e-01 1.346351490236382016e-02 2.529290853031859743e-01 1.346351490236382016e-02 1.027749229188077860e-04 1.027749229188077860e-04 3.577595066803699320e-01 1.243576567317574225e-02 1.027749229188077860e-04
8.852941176470588425e-02 4.735294117647059070e-02 2.941176470588235579e-04 3.264705882352941096e-02 2.941176470588235579e-04 2.941176470588235579e-04 2.941176470588235579e-04 1.767647058823529349e-01 6.444117647058823506e-01 9.117647058823528938e-03
7.113345521023765050e-01 3.839122486288847665e-03 1.702010968921388867e-01 6.051188299817183980e-02 5.137111517367458358e-02 1.828153564899451385e-04 1.828153564899451385e-04 2.010968921389396334e-03 1.828153564899451385e-04 1.828153564899451385e-04
9.678714859437752283e-02 6.867469879518073306e-02 4.016064257028113165e-04 4.016064257028113165e-04 4.016064257028113165e-04 4.016064257028113165e-04 4.016064257028113165e-04 5.666666666666667629e-01 3.654618473895582947e-02 2.293172690763052579e-01
9.831045406546989884e-02 6.441393875395986721e-03 1.066525871172122400e-02 1.289334741288278852e-01 2.544878563885955708e-02 1.055966209081309510e-04 1.055966209081309510e-04 3.706441393875396090e-02 2.408658922914466705e-01 4.520591341077085934e-01
1.189239332096474894e-01 1.541743970315398726e-01 1.317254174397031533e-02 1.855287569573284051e-04 1.855287569573284051e-04 1.855287569573284051e-04 1.855287569573284051e-04 5.716141001855288284e-01 7.810760667903525467e-02 6.326530612244898877e-02
1.295336787564766779e-04 7.137305699481864829e-02 1.295336787564766779e-04 9.598445595854920853e-02 2.720207253886010399e-03 1.826424870466321349e-02 1.295336787564766779e-04 5.597150259067358302e-01 1.827720207253885898e-01 6.878238341968911929e-02
2.087155963302752062e-02 3.233944954128439853e-02 2.293577981651376003e-04 4.380733944954127990e-02 2.293577981651376003e-04 7.110091743119265582e-03 2.293577981651376003e-04 1.997706422018348249e-01 6.860091743119265395e-01 9.403669724770640989e-03
1.700680272108843691e-04 3.437074829931972553e-01 5.272108843537415442e-03 2.738095238095238429e-02 3.571428571428571751e-03 1.700680272108843691e-04 1.700680272108843691e-04 3.488095238095237915e-01 1.583333333333333259e-01 1.124149659863945550e-01
1.107255520504731860e-01 3.186119873817034459e-02 2.053627760252365875e-01 1.485804416403785633e-01 3.154574132492113793e-04 3.154574132492113793e-04 4.763406940063091149e-02 4.041009463722397554e-01 3.154574132492113793e-04 5.078864353312303320e-02
4.347826086956522442e-04 6.565217391304348227e-02 1.782608695652173822e-02 2.217391304347826261e-02 4.347826086956522442e-04 4.347826086956522442e-04 9.130434782608696370e-03 1.221739130434782855e-01 7.613043478260870245e-01 4.347826086956522442e-04
8.191275167785234679e-01 8.422818791946309891e-02 3.355704697986577542e-04 3.355704697986577542e-04 3.355704697986577542e-04 3.355704697986577542e-04 3.355704697986577542e-04 1.375838926174496532e-02 3.355704697986577542e-04 8.087248322147651269e-02
4.619289340101523367e-02 5.076142131979696770e-04 6.197969543147209270e-01 5.076142131979696770e-04 5.076142131979696770e-04 5.076142131979696770e-04 1.065989847715736322e-02 1.984771573604061368e-01 3.096446700507614336e-02 9.187817258883250460e-02
2.923976608187134557e-04 2.108187134502923776e-01 1.494152046783625842e-01 5.292397660818713712e-02 6.140350877192982462e-03 3.216374269005848122e-03 2.923976608187134557e-04 5.646198830409356884e-01 3.216374269005848122e-03 9.064327485380116803e-03
2.976190476190476459e-04 1.282738095238095399e-01 1.220238095238095066e-02 5.684523809523810145e-02 2.976190476190476459e-04 2.976190476190476459e-04 2.976190476190476459e-04 3.187499999999999778e-01 1.729166666666666630e-01 3.098214285714285809e-01
5.882352941176471157e-04 7.117647058823528550e-02 5.352941176470588092e-02 4.176470588235293990e-02 5.882352941176471157e-04 5.882352941176471157e-04 2.999999999999999889e-02 1.947058823529411731e-01 6.064705882352940947e-01 5.882352941176471157e-04
2.890173410404624460e-04 8.959537572254335988e-03 8.959537572254335988e-03 2.890173410404624460e-04 2.890173410404624460e-04 2.890173410404624460e-04 2.890173410404624460e-04 2.054913294797687806e-01 7.315028901734104139e-01 4.364161849710982560e-02
2.592592592592592518e-03 1.766666666666666663e-01 1.234567901234567930e-04 2.630864197530863868e-01 1.987654320987654669e-02 6.925925925925925652e-02 5.061728395061727837e-03 1.334567901234567922e-01 2.914814814814814525e-01 3.839506172839506071e-02
6.289308176100629703e-04 3.207547169811320736e-02 1.320754716981132129e-02 2.647798742138364747e-01 6.289308176100629703e-04 6.289308176100629703e-04 9.496855345911948965e-02 1.704402515723270617e-01 4.157232704402515355e-01 6.918238993710692022e-03
2.785467128027682010e-02 2.942906574394463792e-01 6.937716262975779369e-02 1.574394463667819904e-02 1.730103806228373918e-04 1.747404844290657497e-02 1.730103806228373918e-04 1.401384083044982659e-02 5.607266435986159037e-01 1.730103806228373918e-04
2.659851301115241373e-01 1.135687732342007400e-01 5.408921933085501788e-02 8.754646840148698483e-02 1.858736059479554142e-04 4.293680297397770018e-02 1.858736059479554142e-04 4.091078066914498046e-01 2.044609665427509285e-03 2.434944237918215681e-02
1.620745542949756756e-04 1.022690437601296437e-01 1.620745542949756756e-04 6.985413290113451357e-02 1.620745542949756756e-04 1.636952998379254121e-02 6.645056726094001644e-03 6.225283630470015428e-01 1.200972447325769493e-01 6.175040518638572756e-02
3.703703703703704062e-04 3.703703703703704062e-04 1.077777777777777779e-01 2.781481481481481444e-01 4.074074074074074577e-03 1.114814814814814870e-01 3.703703703703704062e-04 3.370370370370370100e-02 4.559259259259259012e-01 7.777777777777778422e-03
8.300518134715025032e-02 4.218652849740932576e-01 3.212435233160621482e-03 3.740932642487046489e-02 1.139896373056994852e-03 1.036269430051813342e-04 1.036269430051813342e-04 2.146113989637305486e-01 2.353367875647668084e-01 3.212435233160621482e-03
1.898852971845672588e-01 7.726798748696558916e-02 7.935349322210635825e-02 1.325338894681960256e-01 1.147028154327424561e-03 1.042752867570385927e-04 1.574556830031282467e-02 4.224191866527633454e-01 8.143899895724712734e-02 1.042752867570385927e-04
3.906250000000000217e-04 1.917968750000000056e-01 7.070312500000000555e-02 8.203125000000000347e-03 2.382812499999999861e-02 3.906250000000000217e-04 3.906250000000000217e-04 3.906250000000000217e-04 7.035156249999999778e-01 3.906250000000000217e-04
8.517241379310344085e-01 8.560719640179909051e-02 1.649175412293852824e-03 1.499250374812593600e-04 1.499250374812593600e-04 1.964017991004497407e-02 1.499250374812593600e-04 6.146926536731632702e-03 1.649175412293852824e-03 3.313343328335831978e-02
2.629310344827586257e-02 2.762931034482758452e-01 3.840517241379310387e-01 4.784482758620690196e-02 6.508620689655172931e-02 1.125000000000000167e-01 4.310344827586207921e-04 4.310344827586207921e-04 4.310344827586207921e-04 8.663793103448277910e-02
5.182849936948297903e-02 1.854981084489281118e-01 1.387137452711223419e-03 7.074401008827238546e-02 1.273644388398486628e-02 1.261034047919293820e-04 3.909205548549811275e-03 4.553593947036570500e-01 2.018915510718789219e-01 1.651954602774274861e-02
2.739726027397260621e-04 2.167123287671232634e-01 5.753424657534246707e-03 2.739726027397260621e-04 2.739726027397260621e-04 2.767123287671232820e-02 2.739726027397260621e-04 1.591780821917808120e-01 5.345205479452054265e-01 5.506849315068493289e-02
1.298701298701298700e-03 1.298701298701298700e-03 2.727272727272727487e-02 6.506493506493506995e-01 2.727272727272727487e-02 5.324675324675324367e-02 4.025974025974025927e-02 1.428571428571428700e-02 1.441558441558441483e-01 4.025974025974025927e-02
3.556074766355140637e-01 1.126168224299065601e-01 4.672897196261682979e-04 4.719626168224299451e-02 4.672897196261682979e-04 4.672897196261682979e-04 4.672897196261682979e-04 4.672897196261682979e-04 4.490654205607477190e-01 3.317757009345794622e-02
1.602564102564102563e-04 4.024038461538461675e-01 1.363782051282051155e-01 1.764423076923076761e-01 4.022435897435897717e-02 5.625000000000000139e-02 1.602564102564102563e-04 1.620192307692307487e-01 2.580128205128205329e-02 1.602564102564102563e-04
1.721753794266441262e-01 5.750421585160201549e-02 5.431703204047216849e-01 5.227655986509273899e-03 5.919055649241145717e-02 1.686340640809443254e-04 1.686340640809443254e-04 1.686340640809443254e-04 1.686340640809443254e-04 1.620573355817874761e-01
2.470286885245901454e-01 5.338114754098360892e-02 1.179303278688524498e-01 1.649590163934426534e-02 4.313524590163934913e-02 1.127049180327868933e-03 1.024590163934426229e-04 1.024590163934426229e-04 5.645491803278688409e-02 4.642418032786885251e-01
3.648936170212765950e-01 5.486322188449848508e-02 2.934650455927051427e-01 1.534954407294832762e-02 4.270516717325228279e-02 1.519756838905775178e-04 1.519756838905775178e-04 1.534954407294832762e-02 1.519756838905775178e-04 2.129179331306990663e-01
2.040816326530612050e-04 2.022448979591836282e-01 1.287755102040816224e-01 2.040816326530612050e-04 2.040816326530612050e-04 2.040816326530612050e-04 2.040816326530612050e-04 5.899999999999999689e-01 2.469387755102040588e-02 5.326530612244897295e-02
8.364197530864198038e-02 3.490740740740740367e-01 3.086419753086419690e-04 3.086419753086419690e-04 3.086419753086419690e-04 3.395061728395062147e-03 3.086419753086419690e-04 1.577160493827160503e-01 3.830246913580246937e-01 2.191358024691357834e-02
4.952830188679245918e-03 2.478773584905660243e-01 3.610849056603773199e-01 1.202830188679245189e-02 1.464622641509434053e-01 2.594339622641509725e-03 2.358490566037735867e-04 1.747641509433962015e-01 4.976415094339622924e-02 2.358490566037735867e-04
8.509803921568626084e-02 2.903267973856208939e-01 2.406535947712418189e-01 1.099346405228758122e-01 2.888888888888889103e-02 1.581699346405228759e-02 1.307189542483660257e-04 1.465359477124182908e-01 4.849673202614378925e-02 3.411764705882353033e-02
6.244979919678714936e-02 2.291164658634537998e-01 1.827309236947791127e-02 1.608433734939758997e-01 2.008032128514056311e-04 2.008032128514056311e-04 2.008032128514056311e-04 1.728915662650602203e-01 3.536144578313252795e-01 2.208835341365462078e-03
1.438848920863309330e-04 3.469064748201438619e-01 1.597122302158273180e-02 1.094964028776978376e-01 2.892086330935252081e-02 3.021582733812949728e-03 1.165467625899280560e-02 2.116546762589927855e-01 2.720863309352518078e-01 1.438848920863309330e-04
2.242081447963800711e-01 2.262443438914027243e-04 4.142533936651583426e-01 1.042986425339366557e-01 6.357466063348417296e-02 2.262443438914027243e-04 2.262443438914027243e-04 3.190045248868778049e-02 2.262443438914027243e-04 1.608597285067873139e-01
1.818181818181818343e-04 3.329090909090908768e-01 2.656363636363636149e-01 1.818181818181818343e-04 1.818181818181818343e-04 1.818181818181818343e-04 1.818181818181818343e-04 2.983636363636363309e-01 1.001818181818181913e-01 2.000000000000000042e-03
9.488188976377953665e-02 2.444881889763779459e-01 1.106299212598425286e-01 8.700787401574804070e-02 1.578740157480315043e-01 2.248031496062992129e-01 3.937007874015748519e-04 3.937007874015748519e-04 3.937007874015748519e-04 7.913385826771654474e-02
2.146067415730337213e-01 1.123595505617977627e-03 3.483146067415730102e-02 6.191011235955056202e-01 1.235955056179775455e-02 1.123595505617977627e-03 6.853932584269661898e-02 1.123595505617977627e-03 4.606741573033707599e-02 1.123595505617977627e-03
2.116926503340757215e-01 6.692650334075724017e-02 2.126948775055679391e-02 1.682628062360801702e-01 3.452115812917594742e-03 1.113585746102449921e-04 6.792873051224944045e-03 7.138084632516702999e-02 2.695991091314031141e-01 1.805122494432071234e-01
8.823529411764705760e-03 2.458477508650518950e-01 7.629757785467128350e-02 1.730103806228373918e-04 1.730103806228373918e-04 1.730103806228373918e-04 1.730103806228373918e-04 7.110726643598616614e-02 5.884083044982699739e-01 8.823529411764705760e-03
3.832298136645962416e-01 2.277432712215321248e-03 1.099378881987577716e-01 3.790890269151138692e-01 2.712215320910972907e-02 2.070393374741200815e-04 2.070393374741200815e-04 2.070393374741200815e-04 2.070393374741200815e-04 9.751552795031055709e-02
1.659125188536953420e-03 1.177978883861236781e-01 1.508295625942684829e-04 1.072398190045248806e-01 1.508295625942684829e-04 1.508295625942684829e-04 3.785822021116139191e-02 3.078431372549019773e-01 4.104072398190045656e-01 1.674208144796380041e-02
8.457760314341845886e-02 9.823182711198429214e-05 8.064833005893909390e-02 4.921414538310412562e-02 6.001964636542239662e-02 9.823182711198429214e-05 9.823182711198429214e-05 8.359528487229861415e-02 2.044204322200392776e-01 4.372298624754420437e-01
5.489220563847430068e-02 1.278606965174129140e-01 1.658374792703150899e-04 4.147595356550580203e-01 1.658374792703150899e-04 5.986733001658375158e-02 1.658374792703150899e-04 1.658374792703150899e-04 2.771144278606965106e-01 6.484245439469320249e-02
2.398081534772182307e-04 2.472422062350119742e-01 4.820143884892086339e-02 4.580335731414868217e-02 3.141486810551558789e-02 2.398081534772182307e-04 2.637889688249400646e-03 1.369304556354916103e-01 4.870503597122302075e-01 2.398081534772182307e-04
2.531645569620253320e-04 5.341772151898734750e-02 2.154430379746835322e-01 1.521518987341772267e-01 2.810126582278480931e-02 5.268354430379746933e-01 2.784810126582278490e-03 1.797468354430379819e-02 2.531645569620253320e-04 2.784810126582278490e-03
1.066525871172122400e-02 1.088701161562829894e-01 3.072861668426610585e-02 8.035902851108764344e-02 2.217529039070749875e-03 1.161562829989440339e-03 1.055966209081309510e-04 1.511087645195353657e-01 6.104540654699049940e-01 4.329461457233368081e-03
1.923487544483985789e-01 1.779359430604982332e-04 4.822064056939501936e-02 1.389679715302490903e-01 3.042704626334519907e-02 1.514234875444839812e-01 1.779359430604982332e-04 8.736654804270463370e-02 7.135231316725978989e-02 2.795373665480426761e-01
2.740471869328493446e-02 1.217785843920145133e-01 1.996370235934664516e-03 5.281306715063521090e-02 1.814882032667876734e-04 1.814882032667876734e-04 1.814882032667876734e-04 1.344827586206896464e-01 6.607985480943738832e-01 1.814882032667876734e-04
1.620745542949757027e-04 2.659643435980550974e-01 3.581847649918962900e-02 1.606158833063209002e-01 5.850891410048622565e-02 1.620745542949757027e-04 1.782820097244732730e-03 1.962722852512155391e-01 2.740680713128038626e-01 6.645056726094002511e-03
3.232931726907630615e-02 3.114457831325301296e-01 2.008032128514056311e-04 1.267068273092369635e-01 2.008032128514056311e-04 2.208835341365462078e-03 2.008032128514056311e-04 1.246987951807228961e-01 4.018072289156626176e-01 2.008032128514056311e-04
5.190209790209789897e-01 7.132867132867131560e-03 2.295104895104894682e-01 4.629370629370628543e-02 1.190209790209789953e-01 1.398601398601398329e-04 1.538461538461538243e-03 2.671328671328671023e-02 1.398601398601398329e-04 5.048951048951048209e-02
2.564102564102564100e-04 2.566666666666666541e-01 2.797435897435897045e-01 6.692307692307693234e-02 3.615384615384615447e-02 2.564102564102564100e-04 2.564102564102564100e-04 3.592307692307692424e-01 2.564102564102564100e-04 2.564102564102564100e-04
2.325581395348837340e-04 1.862790697674418516e-01 2.325581395348837340e-04 2.397674418604651136e-01 6.534883720930233231e-02 5.139534883720930231e-02 2.581395348837209336e-02 2.325581395348837340e-04 9.093023255813953432e-02 3.397674418604650914e-01
2.539515279241306642e-02 1.465753424657534054e-01 1.053740779768177089e-04 1.792413066385669107e-01 1.053740779768177089e-04 2.750263435194942249e-02 1.169652265542676407e-02 1.876712328767123350e-01 3.573234984193888741e-01 6.438356164383561564e-02
1.404494382022471763e-04 4.130617977528089346e-01 1.757022471910112127e-01 1.672752808988763606e-01 7.317415730337077651e-02 1.418539325842696312e-02 1.404494382022471763e-04 1.490168539325842367e-01 7.162921348314605502e-03 1.404494382022471763e-04
7.772659732540860844e-01 1.485884101040118742e-04 1.485884101040118742e-04 9.673105497771171402e-02 1.485884101040118742e-04 1.485884101040118742e-04 1.485884101040118742e-04 1.203566121842495999e-02 3.878157503714709659e-02 7.444279346210994075e-02
4.201680672268907814e-04 2.567226890756302837e-01 1.302521008403361401e-02 4.201680672268907814e-04 4.201680672268907814e-04 4.201680672268907814e-04 4.201680672268907814e-04 1.768907563025210183e-01 5.508403361344537119e-01 4.201680672268907814e-04
3.875968992248061962e-04 6.627906976744186995e-02 4.263565891472868158e-03 7.790697674418604890e-02 3.875968992248061962e-04 1.589147286821705404e-02 8.565891472868217282e-02 3.875968992248061962e-04 7.484496124031007058e-01 3.875968992248061962e-04
2.257225433526011404e-01 7.543352601156069759e-02 2.228323699421965176e-01 4.075144508670520277e-02 2.890173410404624460e-04 3.179190751445086852e-03 2.890173410404624460e-04 3.297687861271675902e-01 2.890173410404624460e-04 1.014450867052023170e-01
6.896551724137931589e-04 7.586206896551725073e-03 4.896551724137930550e-02 4.351724137931034520e-01 3.517241379310344362e-02 6.896551724137931589e-04 6.896551724137931589e-04 2.827586206896551616e-02 4.206896551724137456e-02 4.006896551724137834e-01
3.196814562002275178e-02 1.639362912400454675e-01 3.651877133105801976e-02 1.150170648464163559e-01 5.585893060295789997e-02 3.721274175199089651e-01 1.137656427758816803e-04 1.980659840728099808e-01 1.137656427758816803e-04 2.627986348122866855e-02
1.210116731517509731e-01 3.891050583657587819e-04 8.210116731517509703e-02 4.708171206225680860e-02 3.891050583657587819e-04 1.093385214007782102e-01 3.891050583657587819e-04 2.533073929961089377e-01 6.653696498054474662e-02 3.194552529182879130e-01
1.270648030495552679e-04 2.479034307496822964e-01 3.406607369758576920e-01 8.907242693773823050e-02 7.636594663278270523e-02 1.270648030495552679e-04 1.270648030495552679e-04 2.351969504447267711e-01 1.029224904701397589e-02 1.270648030495552679e-04
3.703703703703704062e-04 1.559259259259259400e-01 2.114814814814814925e-01 6.333333333333333870e-02 8.925925925925926041e-02 1.148148148148148140e-02 3.703703703703704062e-04 1.744444444444444575e-01 2.411111111111110816e-01 5.222222222222221849e-02
3.546099290780142083e-04 2.237588652482269680e-01 3.546099290780142083e-04 3.546099290780142083e-04 3.546099290780142083e-04 3.546099290780142083e-04 4.290780141843971579e-02 2.060283687943262332e-01 5.251773049645389602e-01 3.546099290780142083e-04
1.445273631840796047e-01 2.487562189054726754e-04 2.487562189054726754e-04 2.639303482587064265e-01 2.487562189054726754e-04 4.380597014925373123e-01 2.736318407960199213e-03 8.482587064676616606e-02 2.487562189054726754e-04 6.492537313432836243e-02
5.100116414435389434e-01 1.164144353899883451e-04 1.910360884749708610e-01 3.969732246798602510e-02 2.073341094295692300e-01 1.164144353899883451e-04 1.164144353899883451e-04 2.444703143189755519e-03 1.164144353899883451e-04 4.901047729918509704e-02
8.506224066390040764e-03 2.470954356846472855e-01 1.473029045643153498e-02 2.074688796680498144e-04 2.074688796680498144e-04 4.356846473029045777e-03 8.506224066390040764e-03 7.282157676348548214e-02 6.205394190871369453e-01 2.302904564315352495e-02
6.226708074534161724e-02 2.268633540372670676e-01 1.102484472049689371e-02 3.681677018633540133e-01 1.197204968944099307e-01 4.052795031055900915e-02 1.552795031055900679e-04 1.413043478260869561e-02 1.552795031055900679e-04 1.569875776397515466e-01
3.144646924829156975e-01 4.794988610478359559e-02 4.431662870159452927e-01 7.984054669703870288e-02 3.997722095671981529e-02 1.138952164009111536e-04 1.138952164009111536e-04 1.138952164009111536e-04 1.138952164009111536e-04 7.414578587699315049e-02
3.896103896103896101e-03 3.358070500927644308e-02 4.285714285714285754e-02 3.471243042671613988e-01 1.688311688311688180e-02 4.324675324675324450e-01 1.855287569573284051e-04 8.367346938775510612e-02 2.615955473098330319e-02 1.317254174397031533e-02
8.705996131528045412e-01 1.934235976789167965e-04 9.303675048355897204e-02 2.727272727272726446e-02 1.934235976789167965e-04 1.934235976789167965e-04 1.934235976789167965e-04 7.930367504835587195e-03 1.934235976789167965e-04 1.934235976789167965e-04
7.032352941176470695e-01 2.941176470588235579e-04 1.502941176470588280e-01 1.794117647058823470e-02 2.941176470588235579e-04 2.941176470588235579e-04 2.941176470588235579e-04 2.382352941176470520e-02 2.941176470588235579e-04 1.032352941176470640e-01
8.697539797395080485e-02 2.908827785817655678e-02 6.237337192474674830e-02 3.199710564399421142e-01 3.547033285094066679e-01 1.591895803183791683e-03 5.933429811866858944e-03 1.447178002894355952e-04 1.447178002894355952e-04 1.390738060781475938e-01
