2.450980392156862169e-04 5.416666666666665464e-02 2.450980392156862169e-04 2.450980392156862169e-04 7.132352941176468841e-02 2.450980392156862169e-04 2.450980392156862169e-04 2.450980392156862169e-04 2.450980392156862169e-04 2.450980392156862169e-04 2.450980392156862169e-04 2.450980392156862169e-04 7.598039215686272670e-03 2.450980392156862169e-04 5.468137254901959121e-01 1.522058823529411353e-01 2.450980392156862169e-04 9.828431372549016609e-02 2.450980392156862169e-04 2.450980392156862169e-04 5.147058823529410826e-03 7.598039215686272670e-03 2.450980392156862169e-04 2.450980392156862169e-04 3.210784313725489197e-02 2.450980392156862169e-04 2.450980392156862169e-04 1.495098039215685820e-02 5.147058823529410826e-03 2.450980392156862169e-04
3.717472118959106657e-04 3.717472118959106657e-04 3.717472118959106657e-04 3.717472118959106657e-04 3.717472118959106657e-04 3.717472118959106657e-04 3.717472118959106657e-04 3.717472118959106657e-04 1.524163568773233453e-02 3.717472118959106657e-04 4.873605947955387818e-01 2.267657992565054806e-02 4.089219330855016835e-03 3.717472118959106657e-04 4.089219330855016835e-03 3.717472118959106657e-04 4.089219330855016835e-03 3.717472118959106657e-04 3.717472118959106657e-04 3.717472118959106657e-04 1.304832713754646434e-01 1.152416356877323037e-02 3.717472118959106657e-04 3.126394052044608185e-01 3.717472118959106657e-04 3.717472118959106657e-04 3.717472118959106657e-04 3.717472118959106657e-04 3.717472118959106657e-04 3.717472118959106657e-04
1.210653753026634386e-04 2.386198547215496180e-01 1.199757869249394593e-01 4.491525423728813526e-02 4.733656174334140848e-02 6.174334140435834908e-03 1.331719128329298014e-03 1.210653753026634386e-04 1.210653753026634386e-04 1.464891041162227556e-02 1.210653753026634386e-04 7.384987893462468915e-03 1.210653753026634386e-04 1.805084745762711718e-01 6.174334140435834908e-03 1.853510895883777043e-01 1.210653753026634386e-04 1.222760290556900754e-02 9.806295399515737796e-03 1.210653753026634386e-04 1.030266343825665815e-01 1.210653753026634386e-04 1.828087167070217844e-02 1.210653753026634386e-04 1.331719128329298014e-03 1.210653753026634386e-04 1.331719128329298014e-03 1.210653753026634386e-04 1.210653753026634386e-04 1.210653753026634386e-04
9.813084112149532412e-03 5.140186915887850518e-03 4.672897196261682437e-04 9.813084112149532412e-03 5.140186915887850518e-03 4.672897196261682437e-04 4.672897196261682437e-04 4.672897196261682437e-04 4.672897196261682437e-04 4.672897196261682437e-04 1.126168224299065462e-01 4.672897196261682437e-04 7.990654205607476690e-02 2.107476635514018704e-01 4.672897196261682437e-04 4.252336448598130481e-02 4.672897196261682437e-04 4.672897196261682437e-04 4.672897196261682437e-04 4.672897196261682437e-04 5.144859813084111666e-01 4.672897196261682437e-04 4.672897196261682437e-04 4.672897196261682437e-04 4.672897196261682437e-04 4.672897196261682437e-04 4.672897196261682437e-04 4.672897196261682437e-04 4.672897196261682437e-04 4.672897196261682437e-04
3.436426116838486606e-04 3.436426116838486606e-04 3.436426116838486606e-04 3.436426116838486606e-04 1.408934707903779400e-02 7.216494845360822523e-03 3.436426116838486606e-04 3.436426116838486606e-04 3.436426116838486606e-04 1.274914089347078672e-01 1.240549828178693775e-01 3.436426116838486606e-04 2.783505154639174042e-02 3.436426116838486606e-04 2.096219931271476808e-02 3.470790378006871624e-02 3.436426116838486606e-04 3.436426116838486606e-04 3.436426116838486606e-04 3.436426116838486606e-04 3.436426116838486606e-04 3.436426116838486606e-04 3.780068728522335483e-03 6.154639175257728967e-01 3.780068728522335483e-03 3.436426116838486606e-04 1.408934707903779400e-02 3.436426116838486606e-04 3.436426116838486606e-04 3.436426116838486606e-04
3.319587628865978968e-02 2.061855670103092343e-04 1.734020618556700588e-01 2.061855670103092343e-04 1.445360824742267514e-01 2.061855670103092343e-04 2.061855670103092343e-04 2.061855670103092343e-04 2.061855670103092343e-04 1.465979381443298646e-01 4.329896907216494381e-03 2.061855670103092343e-04 1.876288659793813943e-02 1.012371134020618318e-01 2.268041237113401550e-03 7.237113402061853829e-02 4.329896907216494381e-03 3.319587628865978968e-02 2.061855670103092343e-04 2.288659793814432422e-02 2.061855670103092343e-04 1.051546391752576984e-02 2.061855670103092343e-04 1.156701030927834856e-01 2.061855670103092343e-04 4.329896907216494381e-03 8.061855670103090787e-02 2.907216494845360141e-02 2.061855670103092343e-04 2.061855670103092343e-04
3.040485829959514441e-01 4.048582995951417914e-04 4.048582995951417914e-04 4.453441295546560139e-03 4.048582995951417914e-04 4.089068825910931876e-02 4.048582995951417914e-04 4.048582995951417914e-04 4.048582995951417914e-04 4.048582995951417914e-04 4.048582995951417914e-04 4.898785425101215285e-02 8.502024291497977185e-03 2.874493927125506762e-02 4.048582995951417914e-04 1.218623481781376805e-01 1.421052631578947623e-01 1.255060728744939597e-02 4.048582995951417914e-04 4.453441295546560139e-03 4.048582995951417914e-04 4.089068825910931876e-02 1.785425101214575261e-01 3.279352226720648467e-02 8.502024291497977185e-03 4.048582995951417914e-04 1.659919028340081301e-02 4.048582995951417914e-04 4.048582995951417914e-04 4.048582995951417914e-04
6.686274509803920296e-02 3.688235294117646057e-01 1.960784313725489844e-04 1.315686274509803577e-01 2.960784313725489322e-02 1.960784313725489844e-04 1.960784313725489844e-04 1.960784313725489844e-04 1.960784313725489844e-04 2.156862745098039099e-03 1.960784313725489844e-04 1.960784313725489844e-04 1.960784313725489844e-04 2.237254901960783748e-01 3.745098039215685737e-02 5.705882352941175212e-02 1.960784313725489844e-04 1.960784313725489844e-04 1.960784313725489844e-04 1.980392156862744585e-02 1.960784313725489844e-04 1.960784313725489844e-04 3.549019607843136720e-02 1.960784313725489844e-04 2.176470588235293602e-02 1.960784313725489844e-04 1.960784313725489844e-04 1.960784313725489844e-04 2.156862745098039099e-03 1.960784313725489844e-04
3.265940902021772542e-03 1.555209953343701288e-04 1.555209953343701288e-04 1.555209953343701288e-04 9.346811819595643445e-02 1.555209953343701288e-04 1.555209953343701288e-04 1.555209953343701288e-04 1.710730948678071362e-03 1.555209953343701288e-04 1.555209953343701288e-04 1.556765163297044730e-01 1.555209953343701288e-04 1.555209953343701288e-04 1.726283048211508034e-02 4.992223950233280749e-02 3.265940902021772542e-03 1.214618973561430448e-01 2.348367029548988766e-02 1.555209953343701288e-04 1.555209953343701288e-04 1.555209953343701288e-04 1.555209953343701288e-04 1.650077760497666857e-01 1.104199066874027822e-02 9.486780715396575525e-03 3.423017107309486162e-01 1.555209953343701288e-04 1.555209953343701288e-04 1.555209953343701288e-04
3.984575835475577359e-03 1.285347043701799122e-04 1.285347043701799122e-04 7.982005141388172353e-02 5.539845758354754179e-02 1.285347043701799122e-04 1.285347043701799122e-04 1.285347043701799122e-04 1.285347043701799122e-04 1.285347043701799122e-04 1.555269922879176821e-02 1.285347043701799122e-04 1.285347043701799122e-04 3.097686375321336005e-02 2.134961439588688170e-01 5.668380462724934010e-02 1.285347043701799122e-04 2.197943444730076495e-02 1.285347043701799122e-04 5.269922879177375667e-03 2.610539845758353961e-01 1.285347043701799122e-04 6.311053984575833165e-02 1.093830334190230985e-01 1.285347043701799122e-04 2.197943444730076495e-02 3.611825192802056023e-02 1.285347043701799122e-04 1.285347043701799122e-04 2.326478149100256673e-02
3.966565349544071833e-02 3.512158054711244648e-01 6.094224924012155847e-02 6.246200607902733376e-02 7.765957446808507969e-02 1.519756838905774636e-04 4.118541033434649362e-02 1.519756838905774636e-04 7.750759878419449453e-03 3.510638297872339247e-02 1.519756838905774636e-04 1.519756838905774636e-04 3.191489361702126628e-03 8.221884498480240555e-02 1.519756838905774636e-04 1.202127659574467600e-01 3.191489361702126628e-03 4.711246200607901481e-03 1.519756838905774636e-04 2.294832826747719365e-02 1.519756838905774636e-04 1.519756838905774636e-04 5.334346504559268898e-02 1.382978723404254713e-02 1.382978723404254713e-02 1.519756838905774636e-04 1.671732522796352208e-03 3.191489361702126628e-03 1.519756838905774636e-04 1.519756838905774636e-04
5.986471251409244271e-02 1.127395715896279570e-04 1.127395715896279570e-04 1.240135287485907541e-03 1.331454340473506026e-01 4.622322435174745087e-03 1.127395715896279570e-04 1.127395715896279570e-04 1.127395715896279570e-04 1.127395715896279570e-04 2.367531003382186867e-03 1.883878241262682829e-01 1.127395715896279570e-04 1.127395715896279570e-04 5.197294250281848244e-02 7.677564825253661851e-02 1.127395715896279570e-04 1.127395715896279570e-04 1.025930101465614280e-02 6.211950394588500179e-02 1.127395715896279570e-04 1.127395715896279570e-04 1.127395715896279570e-04 1.579481397970687317e-01 1.127395715896279570e-04 1.127395715896279570e-04 2.458850056369785431e-01 1.127395715896279570e-04 3.494926719278466411e-03 1.127395715896279570e-04
1.308900523560209016e-04 4.057591623036648464e-03 2.748691099476438960e-03 6.688481675392668468e-02 1.308900523560209016e-04 1.308900523560209016e-04 1.308900523560209016e-04 3.678010471204187781e-02 1.439790575916230107e-03 5.772251308900522293e-02 7.984293193717274806e-03 1.308900523560209016e-04 1.439790575916230107e-03 1.308900523560209016e-04 4.098167539267014714e-01 1.781413612565444504e-01 1.308900523560209016e-04 5.379581151832459052e-02 1.308900523560209016e-04 1.308900523560209016e-04 1.308900523560209016e-04 1.729057591623036072e-01 1.308900523560209016e-04 1.308900523560209016e-04 1.308900523560209016e-04 1.308900523560209016e-04 1.308900523560209016e-04 1.308900523560209016e-04 1.308900523560209016e-04 4.057591623036648464e-03
3.188976377952756208e-02 3.937007874015749061e-04 3.937007874015749061e-04 3.937007874015749061e-04 3.937007874015749061e-04 8.267716535433072486e-03 3.937007874015749061e-04 3.937007874015749061e-04 3.937007874015749061e-04 2.007874015748031815e-02 1.066929133858268014e-01 1.220472440944882220e-02 4.330708661417324509e-03 3.937007874015749061e-04 1.500000000000000500e-01 5.944881889763780486e-02 1.066929133858268014e-01 1.220472440944882220e-02 3.937007874015749061e-04 3.937007874015749061e-04 1.224409448818897933e-01 3.937007874015749061e-04 9.094488188976380949e-02 1.578740157480315320e-01 3.937007874015749061e-04 2.401574803149606613e-02 3.937007874015749061e-04 3.937007874015749061e-04 4.330708661417324509e-03 8.307086614173231354e-02
3.609374999999999389e-02 1.562499999999999761e-04 1.562499999999999761e-04 1.532812499999999523e-01 3.140624999999999667e-02 2.046874999999999736e-02 1.421874999999999702e-02 1.642187499999999689e-01 2.017187499999999467e-01 1.562499999999999761e-04 1.562499999999999761e-04 1.562499999999999761e-04 1.562499999999999761e-04 1.562499999999999761e-04 1.562499999999999761e-04 3.281249999999999445e-03 3.281249999999999445e-03 5.796874999999999251e-02 2.671874999999999598e-02 1.562499999999999761e-04 1.562499999999999761e-04 1.718749999999999792e-03 1.562499999999999761e-04 1.562499999999999761e-04 3.281249999999999445e-03 1.329687499999999689e-01 1.265624999999999736e-02 1.718749999999999792e-03 1.562499999999999761e-04 1.329687499999999689e-01
6.175824175824174561e-02 1.340659340659340268e-02 2.417582417582417147e-03 2.417582417582417147e-03 1.189010989010988728e-01 2.197802197802197258e-04 2.197802197802197258e-04 2.197802197802197258e-04 2.197802197802197258e-04 2.197802197802197258e-04 2.197802197802197258e-04 8.593406593406591187e-02 1.560439560439559961e-02 2.197802197802197258e-04 1.340659340659340268e-02 6.395604395604394254e-02 2.197802197802197258e-04 2.197802197802197258e-04 4.947252747252746108e-01 2.197802197802197258e-04 5.736263736263735175e-02 2.197802197802197258e-04 6.813186813186811880e-03 4.615384615384614080e-03 2.417582417582417147e-03 2.197802197802197258e-04 4.857142857142856401e-02 2.197802197802197258e-04 4.615384615384614080e-03 2.197802197802197258e-04
1.654185022026431195e-01 2.202643171806166955e-04 2.202643171806166955e-04 2.202643171806166955e-04 3.986784140969162199e-02 1.343612334801761767e-02 2.202643171806166955e-04 2.202643171806166955e-04 2.202643171806166955e-04 1.784140969162995027e-02 2.202643171806166955e-04 1.940528634361232962e-01 2.202643171806166955e-04 2.202643171806166955e-04 1.433920704845814409e-01 5.748898678414095936e-02 2.202643171806166955e-04 6.828193832599117018e-03 9.493392070484579781e-02 2.202643171806166955e-04 9.713656387665195457e-02 2.202643171806166955e-04 2.202643171806166955e-04 7.070484581497796239e-02 2.202643171806166955e-04 6.850220264317179175e-02 2.224669603524228462e-02 2.202643171806166955e-04 2.202643171806166955e-04 4.625550660792950713e-03
1.784565916398713273e-02 2.927652733118970563e-01 3.231511254019292512e-02 1.062700964630224759e-01 6.286173633440512998e-02 1.463022508038584919e-02 1.607717041800642852e-04 1.607717041800642852e-04 1.607717041800642852e-04 1.607717041800642852e-04 1.607717041800642852e-04 1.607717041800642852e-04 1.607717041800642852e-04 2.429260450160771190e-01 1.607717041800642852e-04 9.823151125401927142e-02 1.607717041800642852e-04 1.768488745980707245e-03 1.607717041800642852e-04 2.588424437299035111e-02 1.607717041800642852e-04 1.607717041800642852e-04 1.607717041800642852e-04 1.607717041800642852e-04 9.019292604501606692e-02 1.768488745980707245e-03 9.807073954983921288e-03 1.607717041800642852e-04 1.607717041800642852e-04 1.607717041800642852e-04
3.630363036303630841e-03 1.683168316831682929e-02 3.300330033003300370e-04 3.300330033003300370e-04 6.303630363036304141e-02 3.300330033003300370e-04 3.300330033003300370e-04 3.300330033003300370e-04 1.023102310231023201e-02 3.300330033003300370e-04 8.943894389438944437e-02 3.630363036303630841e-03 3.300330033003300370e-04 3.300330033003300370e-04 3.237623762376237169e-01 2.013201320132013139e-02 3.300330033003300370e-04 1.683168316831682929e-02 3.300330033003300370e-04 2.343234323432343003e-02 8.613861386138614573e-02 3.300330033003300370e-04 3.630363036303630841e-03 6.303630363036304141e-02 3.300330033003300370e-04 3.300330033003300370e-04 1.353135313531353065e-02 1.851485148514851464e-01 3.300330033003300370e-04 7.293729372937293731e-02
3.521126760563380470e-04 3.204225352112675951e-02 3.873239436619718788e-03 3.521126760563380470e-04 8.133802816901408717e-02 3.521126760563380470e-04 3.521126760563380470e-04 3.521126760563380470e-04 3.521126760563380470e-04 1.795774647887323980e-02 8.133802816901408717e-02 3.873239436619718788e-03 3.521126760563380470e-04 3.521126760563380470e-04 3.207746478873239049e-01 4.260563380281690016e-02 3.521126760563380470e-04 3.521126760563380470e-04 3.521126760563380470e-04 3.521126760563380470e-04 8.485915492957747663e-02 3.521126760563380470e-04 3.521126760563380470e-04 5.316901408450704081e-02 3.521126760563380470e-04 3.521126760563380470e-04 3.521126760563380470e-04 1.799295774647887425e-01 3.521126760563380470e-04 9.190140845070422781e-02
5.706521739130433063e-03 2.989130434782607919e-03 1.796195652173912249e-01 4.918478260869563884e-02 2.717391304347825578e-04 2.989130434782607919e-03 2.717391304347825578e-04 2.717391304347825578e-04 2.717391304347825578e-04 5.706521739130433063e-03 5.706521739130433063e-03 2.717391304347825578e-04 2.717391304347825578e-04 2.717391304347825578e-04 2.203804347826086030e-01 2.529891304347824943e-01 2.717391304347825578e-04 2.744565217391303422e-02 2.717391304347825578e-04 2.717391304347825578e-04 1.361413043478260365e-01 2.717391304347825578e-04 2.989130434782607919e-03 1.035326086956521452e-01 2.717391304347825578e-04 2.717391304347825578e-04 2.717391304347825578e-04 2.717391304347825578e-04 2.717391304347825578e-04 2.717391304347825578e-04
1.683501683501683048e-04 1.683501683501683048e-04 1.683501683501683048e-04 3.383838383838382730e-02 1.683501683501683048e-04 1.683501683501683048e-04 1.683501683501683048e-04 1.851851851851851272e-03 1.683501683501683048e-04 6.902356902356899387e-03 6.750841750841748978e-02 1.683501683501683048e-04 1.683501683501683048e-04 3.047138047138046174e-02 2.173400673400672500e-01 1.045454545454545109e-01 3.215488215488214452e-02 2.373737373737372716e-02 1.683501683501683048e-04 1.683501683501683048e-04 1.803030303030302151e-01 1.683501683501683048e-04 9.612794612794609006e-02 1.887205387205386498e-01 1.683501683501683048e-04 1.363636363636363050e-02 1.683501683501683048e-04 1.683501683501683048e-04 1.683501683501683048e-04 1.683501683501683048e-04
1.310615989515072040e-04 1.442988204456094326e-01 5.910878112712975030e-02 2.124508519003931728e-01 2.634338138925295184e-02 1.310615989515072040e-04 3.944954128440367191e-02 1.310615989515072040e-04 3.289646133682831014e-02 1.310615989515072040e-04 7.994757536041939908e-03 1.310615989515072040e-04 1.310615989515072040e-04 2.058977719528178041e-01 1.847968545216251493e-02 1.364351245085189956e-01 1.310615989515072040e-04 1.310615989515072040e-04 1.310615989515072040e-04 1.310615989515072040e-04 9.056356487549147016e-02 1.310615989515072040e-04 1.454783748361729995e-02 6.684141546526867379e-03 1.310615989515072040e-04 1.310615989515072040e-04 2.752293577981651529e-03 1.310615989515072040e-04 1.310615989515072040e-04 1.310615989515072040e-04
2.564102564102563558e-04 2.564102564102563558e-04 1.258974358974358776e-01 2.564102564102563558e-04 1.335897435897435426e-01 2.564102564102563558e-04 2.564102564102563558e-04 2.564102564102563558e-04 2.564102564102563558e-04 2.076923076923076206e-02 4.641025641025640219e-02 6.948717948717947346e-02 2.820512820512819860e-03 2.564102564102563558e-04 9.256410256410253778e-02 2.617948717948717086e-01 8.230769230769229006e-02 2.564102564102563558e-04 2.564102564102563558e-04 2.564102564102563558e-04 2.564102564102563558e-04 2.564102564102563558e-04 7.205128205128202845e-02 8.743589743589741392e-02 2.564102564102563558e-04 2.564102564102563558e-04 2.564102564102563558e-04 2.564102564102563558e-04 2.564102564102563558e-04 2.564102564102563558e-04
8.292682926829265250e-03 1.626016260162601083e-04 1.788617886178861353e-03 2.213008130081299818e-01 8.634146341463411201e-02 1.626016260162601083e-04 6.032520325203249989e-02 1.626016260162601083e-04 8.634146341463411201e-02 1.626016260162601083e-04 1.788617886178861353e-03 1.626016260162601083e-04 1.626016260162601083e-04 1.513821138211381423e-01 9.918699186991866007e-03 1.026016260162601335e-01 1.626016260162601083e-04 3.430894308943088084e-02 1.626016260162601083e-04 1.626016260162601083e-04 8.292682926829265250e-03 1.626016260162601083e-04 1.302439024390243394e-01 7.983739837398370898e-02 9.918699186991866007e-03 1.626016260162601083e-04 1.626016260162601083e-04 1.626016260162601083e-04 1.626016260162601083e-04 5.040650406504063735e-03
2.356902356902357189e-03 2.031425364758698143e-02 9.326599326599326056e-02 1.919191919191919407e-02 1.864197530864197538e-01 1.122334455667789015e-04 2.077441077441077311e-01 3.490460157126824142e-02 2.156004489337822738e-01 1.122334455667789015e-04 1.122334455667789015e-04 1.234567901234568093e-03 2.031425364758698143e-02 1.122334455667789015e-04 2.356902356902357189e-03 1.123456790123456700e-01 1.122334455667789015e-04 1.234567901234568093e-03 1.234567901234568093e-03 1.122334455667789015e-04 3.479236812570145852e-03 1.122334455667789015e-04 1.122334455667789015e-04 1.122334455667789015e-04 1.806958473625140324e-02 5.510662177328844169e-02 1.122334455667789015e-04 3.479236812570145852e-03 1.122334455667789015e-04 1.122334455667789015e-04
1.724137931034482626e-04 2.639655172413792328e-01 1.691379310344827136e-01 1.568965517241378838e-02 4.327586206896551213e-02 1.741379310344827111e-02 1.724137931034482626e-04 5.344827586206895437e-03 1.724137931034482626e-04 3.620689655172413136e-03 3.465517241379310193e-02 1.724137931034482626e-04 1.724137931034482626e-04 1.605172413793103103e-01 3.637931034482758119e-02 6.051724137931033254e-02 1.396551724137930738e-02 1.724137931034482626e-04 3.620689655172413136e-03 1.051724137931034191e-02 1.381034482758620452e-01 1.724137931034482626e-04 1.724137931034482626e-04 1.896551724137930835e-03 1.724137931034482626e-04 1.724137931034482626e-04 1.913793103448275384e-02 1.724137931034482626e-04 1.724137931034482626e-04 1.724137931034482626e-04
5.801104972375689152e-03 5.276243093922650812e-02 1.408839779005524248e-02 1.964088397790054452e-01 4.447513812154695045e-02 2.762430939226518463e-04 2.762430939226518463e-04 2.762430939226518463e-04 3.066298342541435434e-02 3.618784530386739279e-02 2.762430939226518463e-04 3.038674033149170364e-03 1.685082872928176170e-02 1.770718232044198315e-01 1.408839779005524248e-02 1.660220994475137546e-01 2.762430939226518463e-04 2.762430939226518463e-04 2.762430939226518463e-04 3.038674033149170364e-03 3.038674033149170364e-03 2.762430939226518463e-04 8.591160220994473184e-02 3.038674033149170364e-03 2.762430939226518463e-04 2.762430939226518463e-04 1.383977900552485762e-01 5.801104972375689152e-03 2.762430939226518463e-04 2.762430939226518463e-04
5.069124423963135805e-03 4.608294930875577659e-04 1.110599078341014123e-01 4.608294930875577659e-04 4.608294930875577659e-04 4.608294930875577659e-04 4.608294930875577659e-04 1.889400921658986390e-02 4.608294930875577659e-04 4.608294930875577659e-04 6.958525345622121328e-02 4.608294930875577659e-04 4.608294930875577659e-04 2.350230414746544080e-02 4.608294930875577659e-04 3.732718894009217497e-02 4.608294930875577659e-04 4.608294930875577659e-04 3.732718894009217497e-02 4.608294930875577659e-04 3.645161290322581071e-01 4.608294930875577659e-04 4.608294930875577659e-04 4.608294930875577659e-04 4.608294930875577659e-04 4.608294930875577659e-04 2.350230414746544080e-02 3.732718894009217497e-02 4.608294930875577659e-04 2.631336405529954847e-01
3.158447009443861309e-02 6.831059811122769387e-02 1.049317943336831145e-04 1.584470094438614890e-02 1.354669464847848837e-01 1.049317943336831145e-04 1.154249737670514286e-03 1.049317943336831145e-04 2.414480587618048346e-01 1.018887722980062888e-01 2.318992654774396783e-02 1.164742917103882454e-02 6.411332633788037472e-02 1.049317943336831145e-04 2.633788037775446067e-02 2.318992654774396783e-02 1.049317943336831145e-04 1.155299055613850934e-01 1.049317943336831145e-04 1.049317943336831145e-04 1.049317943336831145e-04 4.312696747114375811e-02 1.049317943336831145e-04 2.109129066107030478e-02 6.306400839454354146e-02 1.059811122770199301e-02 1.049317943336831145e-04 1.049317943336831145e-04 1.154249737670514286e-03 1.049317943336831145e-04
5.817174515235455472e-03 2.770083102493073931e-04 1.027700831024930400e-01 2.024930747922436824e-01 1.966759002770082296e-02 2.770083102493073931e-04 2.770083102493073931e-04 2.770083102493073931e-04 2.770083102493073931e-04 8.587257617728528969e-03 2.770083102493073931e-04 2.770083102493073931e-04 2.770083102493073931e-04 2.770083102493073931e-04 9.168975069252074950e-02 1.498614958448752921e-01 2.770083102493073931e-04 2.770083102493073931e-04 2.770083102493073931e-04 2.770083102493073931e-04 3.742382271468142618e-01 5.817174515235455472e-03 2.770083102493073931e-04 2.770083102493073931e-04 2.770083102493073931e-04 2.770083102493073931e-04 2.770083102493073931e-04 2.770083102493073931e-04 2.797783933518004432e-02 5.817174515235455472e-03
2.192982456140350647e-04 2.192982456140350647e-04 4.605263157894736413e-03 4.846491228070175239e-02 8.991228070175437057e-03 2.192982456140350647e-04 2.192982456140350647e-04 2.192982456140350647e-04 2.434210526315789061e-02 2.192982456140350647e-04 2.653508771929824137e-02 3.530701754385964786e-02 2.192982456140350647e-04 3.969298245614034937e-02 2.019736842105262775e-01 4.846491228070175239e-02 8.991228070175437057e-03 2.192982456140350647e-04 6.798245614035087168e-03 8.991228070175437057e-03 9.890350877192981283e-02 2.192982456140350647e-04 1.910087719298245168e-01 1.559210526315789047e-01 4.605263157894736413e-03 8.991228070175437057e-03 6.162280701754385692e-02 2.192982456140350647e-04 2.192982456140350647e-04 1.337719298245613857e-02
1.887755102040815369e-02 1.700680272108842878e-04 4.948979591836732972e-02 3.571428571428570016e-03 2.057823129251699912e-02 1.700680272108842878e-04 1.700680272108842878e-04 1.870748299319727409e-03 1.700680272108842878e-04 3.588435374149658713e-02 9.540816326530608682e-02 8.673469387755098486e-03 3.571428571428570016e-03 3.588435374149658713e-02 3.758503401360543256e-02 1.037414965986394044e-02 1.700680272108842878e-04 1.700680272108842878e-04 1.700680272108842878e-04 1.700680272108842878e-04 1.311224489795917714e-01 1.700680272108842878e-04 7.840136054421766032e-02 4.185374149659862320e-01 1.700680272108842878e-04 1.870748299319727409e-03 1.207482993197278413e-02 1.870748299319727409e-03 2.227891156462584107e-02 1.037414965986394044e-02
4.424778761061948468e-04 4.424778761061948468e-04 9.336283185840710264e-02 4.424778761061948468e-04 4.867256637168143260e-03 1.154867256637168438e-01 4.424778761061948468e-04 4.424778761061948468e-04 4.424778761061948468e-04 4.424778761061948468e-04 4.424778761061948468e-04 2.256637168141593236e-02 4.424778761061948468e-04 4.424778761061948468e-04 5.535398230088496296e-01 1.814159292035398552e-02 4.424778761061948468e-04 4.424778761061948468e-04 4.424778761061948468e-04 4.424778761061948468e-04 4.424778761061948468e-04 4.424778761061948468e-04 4.424778761061948468e-04 4.424778761061948468e-04 9.292035398230091836e-03 9.292035398230091836e-03 4.424778761061948468e-04 6.681415929203540771e-02 4.424778761061948468e-04 9.778761061946905642e-02
1.594896331738436686e-04 8.947368421052630250e-02 3.046251993620414239e-02 2.457735247208930884e-01 3.046251993620414239e-02 1.594896331738436686e-04 7.192982456140349645e-02 6.539074960127590035e-03 1.610845295055821080e-02 5.279106858054225665e-02 1.594896331738436686e-04 1.754385964912280518e-03 2.408293460925039348e-02 2.553429027113237049e-01 3.349282296650717312e-03 8.628389154704943498e-02 1.594896331738436686e-04 1.594896331738436686e-04 8.133971291866026396e-03 1.594896331738436686e-04 1.594896331738436686e-04 4.800637958532694843e-02 3.349282296650717312e-03 1.754385964912280518e-03 1.594896331738436686e-04 1.594896331738436686e-04 1.594896331738436686e-04 1.610845295055821080e-02 1.594896331738436686e-04 6.539074960127590035e-03
2.145922746781115493e-04 2.145922746781115493e-04 3.025751072961372495e-02 1.525751072961372967e-01 2.167381974248926493e-02 2.145922746781115493e-04 1.032188841201716473e-01 1.523605150214591905e-02 2.145922746781115493e-04 2.145922746781115493e-04 2.145922746781115493e-04 6.030042918454934370e-02 2.145922746781115493e-04 2.145922746781115493e-04 1.523605150214591905e-02 1.332618025751072799e-01 2.145922746781115493e-04 2.381974248927037907e-02 6.244635193133046130e-02 2.145922746781115493e-04 5.815450643776822609e-02 2.145922746781115493e-04 2.145922746781115493e-04 4.098712446351930605e-02 2.145922746781115493e-04 1.309012875536480318e-02 2.145922746781115493e-04 4.506437768240342291e-03 8.798283261802571434e-03 2.534334763948496994e-01
2.341040462427744842e-02 2.890173410404623376e-04 2.890173410404623376e-04 2.890173410404623376e-04 9.566473988439302967e-02 2.890173410404623376e-04 2.890173410404623376e-04 2.890173410404623376e-04 2.890173410404623376e-04 2.890173410404623376e-04 2.890173410404623376e-04 4.078034682080923234e-01 2.890173410404623376e-04 2.890173410404623376e-04 2.890173410404623376e-04 2.890173410404623376e-04 2.890173410404623376e-04 4.364161849710981173e-02 2.890173410404623376e-04 1.043352601156069120e-01 7.543352601156066983e-02 2.890173410404623376e-04 3.179190751445085984e-03 6.676300578034680133e-02 3.179190751445085984e-03 2.890173410404623376e-04 1.274566473988438808e-01 2.890173410404623376e-04 4.364161849710981173e-02 2.890173410404623376e-04
1.594896331738436686e-04 1.594896331738436686e-04 4.944178628389153674e-03 4.800637958532694843e-02 4.960127591706538219e-02 1.594896331738436686e-04 1.594896331738436686e-04 1.594896331738436686e-04 1.594896331738436686e-04 1.594896331738436686e-04 3.524720893141945061e-02 1.594896331738436686e-04 1.594896331738436686e-04 1.594896331738436686e-04 3.972886762360445800e-01 1.213716108452950193e-01 1.594896331738436686e-04 1.149920255183412843e-01 1.451355661881977357e-02 1.594896331738436686e-04 9.585326953748005141e-02 9.266347687400317001e-02 1.594896331738436686e-04 1.770334928229664803e-02 4.944178628389153674e-03 1.594896331738436686e-04 1.594896331738436686e-04 1.594896331738436686e-04 1.594896331738436686e-04 1.594896331738436686e-04
3.376205787781349880e-03 2.461414790996784008e-01 7.411575562700963016e-02 7.893890675241156674e-02 7.090032154340834836e-02 1.607717041800642852e-04 1.607717041800642852e-04 1.302250803858520656e-02 1.607717041800642852e-04 1.607717041800642852e-04 1.784565916398713273e-02 1.768488745980707245e-03 3.376205787781349880e-03 1.384244372990353356e-01 1.607717041800642852e-04 2.429260450160771190e-01 1.607717041800642852e-04 1.607717041800642852e-04 1.607717041800642852e-04 1.607717041800642852e-04 9.501607717041798962e-02 1.607717041800642852e-04 1.768488745980707245e-03 1.607717041800642852e-04 1.768488745980707245e-03 1.607717041800642852e-04 1.607717041800642852e-04 1.607717041800642852e-04 1.607717041800642852e-04 8.199356913183276918e-03
3.086419753086418606e-04 3.086419753086418606e-04 6.512345679012343513e-02 3.086419753086418606e-04 3.086419753086418606e-04 3.086419753086418606e-04 3.086419753086418606e-04 3.086419753086418606e-04 9.567901234567898275e-03 3.086419753086418606e-04 1.577160493827159948e-01 6.203703703703702249e-02 3.086419753086418606e-04 1.299382716049382325e-01 3.086419753086418606e-04 4.043209876543208542e-02 3.086419753086418606e-04 1.574074074074073570e-02 5.586419753086418333e-02 3.086419753086418606e-04 3.305555555555554359e-01 3.395061728395060846e-03 3.086419753086418606e-04 3.086419753086418606e-04 3.086419753086418606e-04 3.086419753086418606e-04 3.086419753086418606e-04 3.086419753086418606e-04 3.086419753086418606e-04 1.237654320987653933e-01
5.516129032258063059e-02 3.225806451612902139e-04 2.935483870967740827e-02 3.225806451612902139e-04 4.870967741935482154e-02 6.774193548387094817e-03 3.225806451612902139e-04 3.225806451612902139e-04 3.225806451612902139e-04 4.358064516129030452e-01 3.225806451612902139e-04 6.774193548387094817e-03 7.129032258064514627e-02 6.483870967741933722e-02 3.548387096774192461e-03 1.390322580645160788e-01 3.225806451612902139e-04 3.225806451612902139e-04 3.548387096774192461e-03 3.225806451612902139e-04 8.419354838709675048e-02 3.903225806451611490e-02 3.548387096774192461e-03 3.548387096774192461e-03 3.225806451612902139e-04 3.225806451612902139e-04 3.225806451612902139e-04 3.225806451612902139e-04 3.225806451612902139e-04 3.225806451612902139e-04
1.692771084337350018e-01 6.024096385542171373e-04 6.024096385542171373e-04 6.024096385542171373e-04 4.879518072289158043e-02 6.024096385542171373e-04 6.024096385542171373e-04 6.024096385542171373e-04 6.024096385542171373e-04 6.024096385542171373e-04 4.879518072289158043e-02 2.295180722891567160e-01 6.024096385542171373e-04 6.024096385542171373e-04 4.879518072289158043e-02 2.469879518072289754e-02 4.277108433734941317e-02 6.024096385542171373e-04 1.512048192771084931e-01 6.626506024096387969e-03 6.024096385542171373e-04 6.024096385542171373e-04 6.024096385542171373e-04 4.879518072289158043e-02 6.024096385542171373e-04 6.024096385542171373e-04 1.572289156626506534e-01 1.265060240963855956e-02 6.024096385542171373e-04 6.024096385542171373e-04
2.463054187192117495e-04 2.463054187192117495e-04 6.921182266009849593e-02 2.463054187192117495e-04 2.709359605911329082e-03 2.463054187192117495e-04 2.463054187192117495e-04 2.463054187192117495e-04 2.463054187192117495e-04 1.995073891625614992e-02 2.709359605911329082e-03 5.935960591133002812e-02 5.172413793103446469e-03 2.463054187192117495e-04 2.463054187192117495e-04 5.935960591133002812e-02 5.172413793103446469e-03 2.463054187192117495e-04 2.463054187192117495e-04 2.463054187192117495e-04 6.182266009852214333e-02 5.172413793103446469e-03 5.172413793103446469e-03 5.544334975369455965e-01 2.463054187192117495e-04 2.463054187192117495e-04 1.455665024630541371e-01 2.463054187192117495e-04 2.463054187192117495e-04 2.463054187192117495e-04
4.473304473304472000e-03 1.443001443001442729e-04 1.443001443001442729e-04 3.189033189033187859e-02 3.621933621933620673e-02 8.802308802308799265e-03 2.786435786435785267e-01 2.194805194805193871e-01 1.443001443001442729e-04 1.443001443001442729e-04 1.443001443001442729e-04 1.443001443001442729e-04 1.443001443001442729e-04 1.890331890331889766e-02 1.443001443001442729e-04 2.007215007215006342e-01 1.443001443001442729e-04 7.373737373737371259e-02 1.443001443001442729e-04 1.443001443001442729e-04 1.443001443001442729e-04 1.025974025974025622e-01 1.443001443001442729e-04 1.443001443001442729e-04 1.443001443001442729e-04 1.443001443001442729e-04 7.359307359307356265e-03 1.457431457431456953e-02 1.443001443001442729e-04 1.443001443001442729e-04
1.062499999999999556e-02 2.083333333333332654e-04 2.083333333333332654e-04 2.083333333333332654e-04 2.291666666666666245e-03 2.083333333333332654e-04 2.083333333333332654e-04 2.083333333333332654e-04 2.083333333333332654e-04 2.083333333333332654e-04 1.479166666666666130e-02 2.083333333333332654e-04 1.062499999999999556e-02 2.083333333333332654e-04 2.083333333333332654e-04 8.979166666666664465e-02 2.083333333333332654e-04 2.083333333333332654e-04 2.083333333333332654e-04 2.291666666666666245e-03 2.083333333333332654e-04 6.458333333333331552e-03 2.083333333333332654e-04 7.689583333333330772e-01 8.541666666666662688e-03 2.083333333333332654e-04 8.145833333333331316e-02 2.083333333333332654e-04 2.083333333333332654e-04 2.083333333333332654e-04
2.739726027397260621e-04 2.739726027397260621e-04 2.739726027397260621e-04 2.739726027397260621e-04 1.810958904109588874e-01 2.493150684931506877e-02 2.739726027397260621e-04 2.739726027397260621e-04 2.739726027397260621e-04 2.739726027397260621e-04 8.493150684931507002e-03 3.589041095890410649e-02 2.739726027397260621e-04 2.739726027397260621e-04 2.739726027397260621e-04 1.126027397260273982e-01 2.739726027397260621e-04 3.013698630136986412e-03 3.315068493150685053e-02 5.753424657534246707e-03 5.753424657534246707e-03 1.180821917808219240e-01 2.739726027397260621e-04 4.410958904109589518e-02 2.739726027397260621e-04 2.739726027397260621e-04 4.221917808219177726e-01 2.739726027397260621e-04 2.739726027397260621e-04 2.739726027397260621e-04
1.736111111111110906e-04 1.736111111111110906e-04 1.736111111111110906e-04 1.736111111111110906e-04 8.697916666666664909e-02 1.736111111111110906e-04 1.736111111111110906e-04 1.736111111111110906e-04 1.736111111111110906e-04 1.736111111111110906e-04 1.909722222222221943e-03 5.381944444444443539e-03 1.736111111111110906e-04 1.736111111111110906e-04 8.854166666666664701e-03 4.010416666666666297e-02 1.736111111111110906e-04 6.961805555555554414e-02 1.736111111111110906e-04 1.736111111111110906e-04 1.059027777777777485e-02 1.736111111111110906e-04 1.909722222222221943e-03 5.105902777777777679e-01 1.736111111111110906e-04 1.736111111111110906e-04 2.484374999999999500e-01 1.736111111111110906e-04 1.736111111111110906e-04 1.232638888888888500e-02
1.336898395721924893e-04 1.336898395721924893e-04 1.470588235294117410e-03 1.336898395721924893e-04 1.485294117647058265e-01 3.221925133689838849e-02 1.336898395721924893e-04 1.336898395721924893e-04 1.336898395721924893e-04 3.343582887700533579e-01 6.430481283422458116e-02 1.336898395721924893e-04 6.818181818181815249e-03 1.082887700534758933e-02 1.336898395721924893e-04 2.020053475935828236e-01 1.336898395721924893e-04 6.697860962566842824e-02 1.336898395721924893e-04 1.336898395721924893e-04 1.336898395721924893e-04 1.336898395721924893e-04 1.336898395721924893e-04 2.419786096256684033e-02 8.155080213903740521e-03 1.470588235294117410e-03 8.435828877005345505e-02 1.336898395721924893e-04 1.470588235294117410e-03 1.082887700534758933e-02
2.375296912114013706e-04 1.522565320665082711e-01 2.375296912114013706e-04 2.399049881235153572e-02 2.375296912114013706e-04 2.375296912114013706e-04 2.375296912114013706e-04 2.375296912114013706e-04 2.375296912114013706e-04 2.375296912114013706e-04 1.448931116389548177e-02 2.375296912114013706e-04 2.375296912114013706e-04 2.375296912114013706e-04 4.325415676959618594e-01 8.099762470308786988e-02 2.375296912114013706e-04 2.375296912114013706e-04 2.375296912114013706e-04 1.211401425178146828e-02 6.912114014251780070e-02 1.522565320665082711e-01 2.375296912114013706e-04 2.375296912114013706e-04 4.061757719714963882e-02 2.612826603325415185e-03 2.375296912114013706e-04 2.375296912114013706e-04 2.375296912114013706e-04 1.448931116389548177e-02
1.912045889101337604e-04 2.103250478011471636e-03 5.755258126195026552e-02 1.912045889101337604e-04 4.608030592734223968e-02 2.103250478011471636e-03 1.912045889101337604e-04 1.912045889101337604e-04 1.912045889101337604e-04 1.912045889101337604e-04 1.357552581261949574e-02 7.476099426386230429e-02 2.103250478011471636e-03 1.912045889101337604e-04 3.078393881453153971e-02 1.416826003824090963e-01 1.912045889101337604e-04 2.103250478011471636e-03 1.912045889101337604e-04 1.912045889101337604e-04 1.912045889101337604e-04 2.103250478011471636e-03 1.912045889101337604e-04 6.177820267686422451e-01 1.912045889101337604e-04 1.912045889101337604e-04 1.912045889101337604e-04 1.912045889101337604e-04 4.015296367112808698e-03 1.912045889101337604e-04
2.212389380530973150e-04 9.070796460176987555e-03 1.130530973451327192e-01 7.323008849557520461e-02 2.212389380530973150e-04 2.433628318584070329e-03 2.212389380530973150e-04 2.212389380530973150e-04 2.212389380530973150e-04 2.212389380530973150e-04 9.070796460176987555e-03 2.433628318584070329e-03 2.212389380530973150e-04 2.212389380530973150e-04 1.086283185840707655e-01 2.369469026548671753e-01 2.212389380530973150e-04 2.433628318584070329e-03 2.212389380530973150e-04 2.212389380530973150e-04 3.829646017699113725e-01 2.212389380530973150e-04 2.212389380530973150e-04 4.446902654867256055e-02 6.858407079646015869e-03 2.212389380530973150e-04 2.212389380530973150e-04 2.212389380530973150e-04 4.646017699115043316e-03 2.212389380530973150e-04
1.497142857142856782e-02 1.142857142857142563e-04 1.154285714285713943e-02 1.142857142857142563e-04 2.639999999999999639e-02 1.142857142857142563e-04 3.542857142857141865e-03 1.142857142857142563e-04 1.142857142857142563e-04 2.399999999999999356e-03 1.039999999999999605e-02 4.582857142857141991e-02 1.142857142857142563e-04 1.142857142857142563e-04 1.142857142857142563e-04 2.982857142857142305e-02 1.142857142857142563e-04 1.142857142857142563e-04 1.142857142857142563e-04 2.982857142857142305e-02 1.142857142857142563e-04 1.142857142857142563e-04 1.142857142857142563e-04 7.566857142857140728e-01 1.142857142857142563e-04 1.142857142857142563e-04 6.639999999999998681e-02 1.142857142857142563e-04 1.142857142857142563e-04 1.142857142857142563e-04
1.195973154362415664e-01 3.437583892617449011e-01 8.187919463087245733e-03 6.859060402684562241e-02 4.174496644295300901e-02 1.342281879194630475e-04 1.342281879194630475e-04 1.476510067114093685e-03 1.342281879194630475e-04 1.342281879194630475e-04 8.187919463087245733e-03 3.503355704697985740e-02 1.342281879194630475e-04 1.920805369127516204e-01 2.818791946308724268e-03 1.330201342281878696e-01 1.342281879194630475e-04 1.342281879194630475e-04 4.161073825503354418e-03 1.342281879194630475e-04 2.818791946308724268e-03 1.476510067114093685e-03 1.342281879194630475e-04 5.503355704697984567e-03 2.966442953020133680e-02 1.342281879194630475e-04 1.342281879194630475e-04 1.342281879194630475e-04 1.342281879194630475e-04 1.342281879194630475e-04
