4.878048780487806500e-04 4.878048780487806500e-04 4.878048780487806500e-04 4.878048780487806500e-04 5.365853658536587530e-03 4.878048780487806500e-04 2.000000000000000389e-02 4.878048780487806500e-04 5.365853658536587530e-03 4.878048780487806500e-04 1.273170731707317371e-01 4.439024390243903606e-02 6.390243902439025903e-02 4.878048780487806500e-04 5.370731707317074610e-01 4.878048780487806500e-04 4.878048780487806500e-04 4.878048780487806500e-04 4.878048780487806500e-04 4.878048780487806500e-04 4.878048780487806500e-04 4.878048780487806500e-04 4.878048780487806500e-04 4.878048780487806500e-04 1.321951219512195463e-01 4.878048780487806500e-04 4.926829268292683833e-02 5.365853658536587530e-03 4.878048780487806500e-04 4.878048780487806500e-04
3.472222222222221813e-04 3.472222222222221813e-04 3.472222222222221813e-04 3.472222222222221813e-04 3.472222222222221813e-04 3.472222222222221813e-04 1.600694444444444309e-01 2.815972222222221655e-01 4.201388888888887840e-02 3.472222222222221813e-04 3.472222222222221813e-04 3.819444444444443885e-03 2.812499999999999375e-02 3.472222222222221813e-04 3.506944444444443781e-02 1.496527777777777457e-01 3.472222222222221813e-04 3.819444444444443885e-03 3.472222222222221813e-04 3.819444444444443885e-03 3.472222222222221813e-04 1.076388888888888708e-02 3.472222222222221813e-04 3.472222222222221813e-04 9.409722222222220711e-02 5.243055555555554276e-02 6.631944444444443088e-02 3.472222222222221813e-04 6.284722222222222099e-02 3.472222222222221813e-04
1.383125864453664978e-04 3.195020746887965862e-02 3.886583679114798129e-02 1.383125864453664978e-04 1.383125864453664978e-04 1.383125864453664978e-04 2.904564315352696317e-03 1.383125864453664978e-04 1.383125864453664978e-04 3.886583679114798129e-02 1.120331950207468542e-02 2.904564315352696317e-03 2.503457814661133596e-02 1.383125864453664978e-04 4.578146611341631089e-02 1.521438450899031394e-03 1.716459197786998070e-01 7.053941908713690437e-03 3.168741355463345899e-01 9.820193637621019850e-03 1.383125864453664978e-04 2.088520055325033750e-02 4.716459197786997126e-02 1.383125864453664978e-04 1.383125864453664978e-04 3.056708160442599478e-02 1.522821576763484785e-01 4.301521438450897628e-02 1.383125864453664978e-04 1.383125864453664978e-04
8.294392523364484821e-03 1.285046728971962629e-03 1.168224299065420474e-04 1.168224299065420474e-04 2.815420560747663309e-02 1.168224299065420474e-04 1.168224299065420474e-04 1.168224299065420474e-04 8.189252336448596403e-02 1.251168224299065157e-01 9.462616822429905511e-03 4.684579439252335720e-02 3.749999999999999861e-02 2.453271028037383103e-03 1.168224299065420474e-04 6.086448598130840548e-02 1.168224299065420474e-04 1.179906542056074516e-02 1.413551401869158654e-02 1.764018691588784687e-02 2.349299065420560328e-01 1.168224299065420474e-04 2.581775700934579171e-02 1.168224299065420474e-04 1.168224299065420474e-04 1.168224299065420474e-04 7.955607476635512265e-02 2.022196261682242535e-01 5.957943925233643440e-03 4.789719626168223617e-03
4.784688995215312770e-04 4.784688995215312770e-04 4.784688995215312770e-04 4.784688995215312770e-04 4.784688995215312770e-04 4.784688995215312770e-04 1.679425837320574766e-01 4.784688995215312770e-04 4.784688995215312770e-04 6.746411483253590691e-02 4.784688995215312770e-04 2.923444976076555735e-01 4.784688995215312770e-04 4.784688995215312770e-04 4.784688995215312770e-04 7.224880382775121512e-02 5.263157894736843721e-03 9.138755980861247574e-02 4.784688995215312770e-04 4.784688995215312770e-04 4.784688995215312770e-04 4.784688995215312770e-04 4.784688995215312770e-04 4.784688995215312770e-04 4.784688995215312770e-04 4.784688995215312770e-04 4.354066985645933807e-02 2.492822966507177718e-01 4.784688995215312770e-04 4.784688995215312770e-04
2.009803921568627250e-02 1.029411764705882339e-02 4.901960784313725422e-04 1.769607843137254999e-01 1.720588235294117641e-01 4.901960784313725422e-04 4.901960784313725422e-04 1.622549019607843201e-01 1.181372549019607948e-01 2.990196078431372334e-02 4.901960784313725422e-04 4.901960784313725422e-04 1.181372549019607948e-01 4.901960784313725422e-04 5.392156862745098832e-03 4.901960784313725422e-04 4.901960784313725422e-04 1.083333333333333370e-01 4.901960784313725422e-04 4.901960784313725422e-04 4.901960784313725422e-04 4.901960784313725422e-04 4.901960784313725422e-04 4.901960784313725422e-04 4.901960784313725422e-04 5.392156862745098832e-03 3.480392156862745223e-02 4.901960784313725422e-04 2.990196078431372334e-02 4.901960784313725422e-04
1.633986928104575050e-04 1.633986928104575050e-04 1.633986928104575050e-04 4.264705882352940597e-02 1.633986928104575050e-04 1.633986928104575050e-04 1.259803921568627139e-01 1.439542483660130323e-01 1.962418300653594183e-01 1.633986928104575050e-04 1.633986928104575050e-04 1.633986928104575050e-04 1.633986928104575050e-04 1.633986928104575050e-04 1.633986928104575050e-04 1.633986928104575050e-04 9.967320261437906045e-03 1.602941176470587814e-01 2.794117647058823317e-02 9.967320261437906045e-03 1.633986928104575050e-04 1.633986928104575050e-04 1.633986928104575050e-04 6.699346405228756053e-03 1.633986928104575050e-04 9.983660130718952086e-02 1.521241830065359069e-01 1.160130718954248061e-02 1.633986928104575050e-04 9.967320261437906045e-03
2.702702702702702202e-04 2.702702702702702202e-04 2.702702702702702202e-04 2.702702702702702202e-04 2.972972972972972097e-03 8.378378378378376068e-03 6.243243243243241924e-02 1.110810810810810567e-01 8.378378378378376068e-03 2.702702702702702202e-04 2.702702702702702202e-04 1.786486486486485725e-01 8.135135135135132534e-02 5.675675675675674083e-03 1.648648648648648116e-02 2.972972972972972097e-03 3.540540540540539072e-02 2.702702702702702202e-04 2.702702702702702202e-04 2.702702702702702202e-04 2.702702702702702202e-04 3.002702702702701454e-01 2.999999999999998848e-02 5.162162162162160783e-02 2.702702702702702202e-04 1.918918918918918401e-02 6.513513513513512210e-02 5.675675675675674083e-03 1.108108108108107719e-02 2.702702702702702202e-04
3.102325581395347642e-01 3.255813953488370920e-03 1.550387596899224351e-04 3.613953488372091405e-01 4.806201550387595271e-03 1.550387596899224351e-04 1.550387596899224351e-04 6.356589147286819189e-03 3.255813953488370920e-03 8.077519379844957936e-02 9.457364341085267023e-03 5.286821705426354712e-02 2.341085271317828662e-02 1.705426356589146786e-03 1.255813953488371659e-02 1.550387596899224351e-04 1.550387596899224351e-04 1.550387596899224351e-04 1.705426356589146786e-03 1.705426356589146786e-03 1.550387596899224351e-04 1.550387596899224351e-04 1.550387596899224351e-04 1.550387596899224351e-04 1.550387596899224351e-04 1.550387596899224351e-04 1.024806201550387125e-01 4.806201550387595271e-03 1.720930232558138748e-02 1.550387596899224351e-04
4.089219330855018569e-03 3.717472118959108283e-04 1.524163568773234147e-02 3.717472118959108283e-04 3.717472118959108283e-04 3.717472118959108283e-04 3.717472118959108283e-04 1.230483271375464732e-01 2.234200743494423880e-01 3.717472118959108283e-04 3.717472118959108283e-04 3.717472118959108283e-04 3.717472118959108283e-04 3.717472118959108283e-04 1.524163568773234147e-02 3.717472118959108283e-04 3.382899628252788310e-02 5.241635687732341953e-02 3.717472118959108283e-04 3.717472118959108283e-04 1.379182156133829107e-01 3.717472118959108283e-04 7.806691449814127069e-03 3.717472118959108283e-04 3.717472118959108283e-04 3.717472118959108283e-04 3.717472118959108283e-04 3.717472118959108283e-04 3.572490706319702558e-01 2.267657992565055500e-02
6.060606060606061685e-04 6.060606060606061685e-04 6.060606060606061685e-04 6.666666666666667962e-03 9.757575757575760733e-02 6.666666666666667962e-03 1.945454545454545769e-01 4.303030303030303677e-02 6.060606060606061685e-04 6.060606060606061685e-04 6.060606060606061685e-04 2.248484848484849086e-01 2.127272727272727648e-01 6.060606060606061685e-04 6.060606060606061685e-04 6.060606060606061685e-04 6.060606060606061685e-04 6.666666666666667962e-03 6.060606060606061685e-04 6.060606060606061685e-04 6.060606060606061685e-04 6.060606060606061685e-04 6.060606060606061685e-04 2.484848484848484890e-02 6.060606060606061685e-04 6.060606060606061685e-04 6.060606060606061685e-04 9.757575757575760733e-02 7.333333333333334758e-02 6.060606060606061685e-04
6.378466557911907642e-02 1.794453507340946054e-03 1.631321370309950810e-04 4.420880913539966539e-02 1.631321370309950810e-04 3.590538336052201407e-01 5.725938009787927274e-02 1.225122349102772956e-01 1.631321370309950810e-04 8.319738988580748645e-03 4.747145187601956723e-02 1.321370309951060140e-02 1.631321370309950810e-04 1.794453507340946054e-03 2.626427406199020875e-02 1.631321370309950810e-04 1.631321370309950810e-04 1.631321370309950810e-04 1.631321370309950810e-04 1.631321370309950810e-04 1.631321370309950810e-04 1.631321370309950810e-04 1.631321370309950810e-04 1.631321370309950810e-04 1.631321370309950810e-04 5.057096247960847675e-03 1.649265905383359987e-01 1.631321370309950810e-04 8.172920065252853306e-02 1.631321370309950810e-04
1.503759398496240529e-04 1.503759398496240529e-04 9.172932330827065356e-03 1.503759398496240529e-04 1.503759398496240529e-04 5.428571428571427743e-02 1.503759398496240529e-04 2.572932330827067404e-01 5.278195488721804107e-02 1.503759398496240529e-04 1.654135338345864500e-03 1.503759398496240529e-04 1.503759398496240529e-04 1.503759398496240529e-04 1.503759398496240529e-04 7.233082706766916226e-02 1.503759398496240529e-04 3.473684210526315624e-02 1.503759398496240529e-04 1.503759398496240529e-04 2.302255639097743889e-01 1.503759398496240529e-04 1.503759398496240529e-04 1.503759398496240529e-04 1.503759398496240529e-04 1.067669172932330518e-02 2.031578947368420651e-01 2.421052631578947054e-02 4.676691729323307484e-02 1.503759398496240529e-04
3.746913580246912789e-01 2.057613168724279522e-04 2.057613168724279522e-04 1.689300411522633161e-01 2.263374485596707664e-03 1.113168724279835209e-01 3.312757201646090305e-02 4.320987654320987241e-03 1.255144032921810295e-02 8.436213991769544659e-03 3.106995884773661870e-02 2.283950617283949866e-02 8.436213991769544659e-03 2.057613168724279522e-04 8.436213991769544659e-03 4.320987654320987241e-03 1.460905349794238209e-02 2.057613168724279522e-04 2.057613168724279522e-04 2.078189300411522125e-02 2.057613168724279522e-04 2.057613168724279522e-04 6.378600823045266384e-03 2.057613168724279522e-04 2.057613168724279522e-04 2.057613168724279522e-04 4.341563786008229703e-02 8.436213991769544659e-03 8.045267489711932507e-02 3.312757201646090305e-02
1.919385796545105389e-04 1.362763915547024647e-02 1.919385796545105389e-04 3.474088291746640911e-02 1.919385796545105389e-04 2.746641074856045472e-01 7.869481765834931281e-03 1.940499040307101242e-01 2.111324376199615657e-03 2.111324376199615657e-03 1.919385796545105389e-04 1.919385796545105389e-04 1.919385796545105389e-04 1.919385796545105389e-04 1.919385796545105389e-04 6.161228406909787653e-02 5.585412667946255960e-02 1.919385796545105389e-04 4.030710172744721154e-03 1.919385796545105389e-04 1.919385796545105389e-04 1.919385796545105389e-04 1.919385796545105389e-04 1.919385796545105389e-04 1.919385796545105389e-04 1.919385796545105389e-04 1.287907869481765555e-01 1.919385796545105389e-04 2.132437619961611575e-01 4.030710172744721154e-03
1.960784313725489302e-04 1.960784313725489302e-04 1.960784313725489302e-04 1.960784313725489302e-04 1.960784313725489302e-04 1.960784313725489302e-04 1.960784313725489302e-04 4.117647058823527967e-03 1.960784313725489302e-04 3.352941176470587009e-02 9.999999999999995004e-03 1.960784313725489302e-04 2.156862745098038232e-03 4.117647058823527967e-03 5.354901960784311798e-01 1.960784313725489302e-04 9.235294117647055434e-02 1.960784313725489302e-04 1.960784313725489302e-04 2.156862745098038232e-03 1.960784313725489302e-04 1.960784313725489302e-04 4.333333333333331400e-02 1.960784313725489302e-04 1.960784313725489302e-04 9.999999999999995004e-03 2.570588235294116175e-01 1.960784313725489302e-04 1.960784313725489302e-04 2.156862745098038232e-03
1.719128329297820237e-02 2.421307506053268230e-04 2.421307506053268230e-04 2.421307506053268230e-04 2.421307506053268230e-04 2.663438256658595162e-03 2.421307506053268230e-04 1.624697336561742866e-01 1.673123486682808192e-01 2.663438256658595162e-03 1.961259079903147212e-02 2.663438256658595162e-03 2.421307506053268230e-04 2.421307506053268230e-04 2.663438256658595162e-03 1.479418886198546890e-01 8.014527845036317766e-02 4.624697336561742200e-02 2.421307506053268230e-04 2.421307506053268230e-04 2.421307506053268230e-04 2.421307506053268230e-04 2.663438256658595162e-03 2.421307506053268230e-04 1.673123486682808192e-01 3.656174334140434995e-02 1.334140435835350635e-01 5.084745762711863175e-03 2.421307506053268230e-04 2.421307506053268230e-04
1.213903743315507405e-01 1.782531194295899587e-04 4.474153297682707808e-02 9.286987522281636709e-02 1.782531194295899587e-04 1.782531194295899587e-04 1.782531194295899587e-04 1.782531194295899587e-04 1.782531194295899587e-04 4.707664884135470684e-01 1.782531194295899587e-04 9.643493761140815856e-02 1.782531194295899587e-04 1.782531194295899587e-04 5.525846702317288583e-03 9.090909090909086998e-03 6.256684491978607709e-02 1.782531194295899587e-04 1.782531194295899587e-04 1.782531194295899587e-04 1.782531194295899587e-04 1.782531194295899587e-04 1.782531194295899587e-04 1.978609625668448224e-02 1.782531194295899587e-04 1.782531194295899587e-04 6.969696969696967392e-02 1.782531194295899587e-04 3.743315508021388942e-03 1.782531194295899587e-04
1.739130434782608543e-04 5.391304347826086051e-03 8.869565217391302270e-03 1.097391304347825891e-01 1.739130434782608543e-04 1.739130434782608543e-04 2.193043478260869039e-01 2.314782608695651611e-01 3.843478260869565011e-02 1.913043478260869398e-03 1.739130434782608543e-04 6.278260869565216451e-02 5.756521739130433801e-02 1.739130434782608543e-04 1.739130434782608543e-04 5.391304347826086051e-03 1.739130434782608543e-04 1.739130434782608543e-04 1.739130434782608543e-04 1.739130434782608543e-04 1.739130434782608543e-04 3.669565217391303896e-02 1.739130434782608543e-04 1.739130434782608543e-04 1.739130434782608543e-04 1.913043478260869398e-03 1.706086956521738751e-01 5.391304347826086051e-03 3.843478260869565011e-02 3.652173913043477507e-03
3.341836734693876682e-02 2.551020408163264452e-04 2.551020408163264452e-04 5.127551020408162297e-02 2.551020408163264452e-04 2.551020408163264452e-04 3.063775510204080343e-01 3.446428571428570287e-01 7.168367346938774032e-02 2.551020408163264452e-04 2.551020408163264452e-04 2.551020408163264452e-04 1.045918367346938306e-02 2.551020408163264452e-04 2.551020408163264452e-04 2.551020408163264452e-04 2.551020408163264452e-04 2.551020408163264452e-04 2.551020408163264452e-04 2.806122448979591223e-03 2.551020408163264452e-04 2.806122448979591223e-03 2.551020408163264452e-04 2.551020408163264452e-04 2.551020408163264452e-04 2.551020408163264452e-04 1.329081632653060785e-01 2.551020408163264452e-04 3.852040816326529615e-02 2.551020408163264452e-04
1.063157894736842524e-01 6.421052631578949565e-02 1.052631578947369048e-03 1.052631578947369048e-03 1.052631578947369048e-03 1.378947368421053199e-01 1.052631578947369048e-03 1.157894736842105844e-02 1.052631578947369048e-03 7.473684210526318483e-02 1.052631578947369048e-03 1.157894736842105844e-02 1.052631578947369048e-03 1.052631578947369048e-03 1.052631578947369048e-03 1.052631578947369048e-03 2.210526315789474935e-02 4.957894736842107797e-01 1.052631578947369048e-03 1.052631578947369048e-03 1.052631578947369048e-03 1.052631578947369048e-03 4.315789473684212424e-02 1.052631578947369048e-03 1.157894736842105844e-02 1.052631578947369048e-03 1.052631578947369048e-03 1.052631578947369048e-03 1.052631578947369048e-03 1.052631578947369048e-03
1.540832049306625361e-04 1.540832049306625361e-04 1.540832049306625361e-04 1.556240369799691443e-02 1.540832049306625361e-04 4.776579352850538265e-03 1.540832049306625361e-04 1.850539291217256910e-01 1.540832049306625361e-04 1.093990755007703992e-02 6.486902927580892597e-02 6.317411402157162813e-03 1.694915254237287870e-03 1.540832049306625361e-04 1.402157164869028902e-02 3.235747303543913284e-03 6.317411402157162813e-03 1.540832049306625361e-04 1.540832049306625361e-04 1.556240369799691443e-02 2.942989214175654664e-02 4.791987673343604814e-02 1.540832049306625361e-04 1.540832049306625361e-04 1.172573189522341797e-01 6.317411402157162813e-03 1.311248073959938032e-01 1.540832049306625361e-04 3.375963020030816053e-01 1.540832049306625361e-04
1.228787878787878513e-01 1.666666666666666557e-03 1.515151515151514879e-04 2.893939393939393492e-02 1.515151515151514879e-04 2.136363636363635896e-02 1.515151515151514879e-04 1.515151515151514879e-04 1.698484848484848042e-01 1.515151515151514879e-04 1.666666666666666557e-03 1.515151515151514879e-04 1.515151515151514879e-04 2.742424242424242042e-02 4.696969696969695990e-03 1.515151515151514879e-04 2.287878787878787346e-02 1.515151515151514879e-04 1.515151515151514879e-04 1.515151515151514879e-04 1.515151515151514879e-04 1.515151515151514879e-04 1.515151515151514879e-04 1.515151515151514879e-04 3.895454545454545281e-01 5.469696969696968836e-02 1.515151515151514879e-04 1.515151515151514879e-04 1.516666666666666441e-01 1.515151515151514879e-04
7.657894736842103811e-02 2.631578947368420451e-04 2.631578947368420451e-04 9.236842105263155800e-02 2.631578947368420451e-04 2.631578947368420451e-04 2.631578947368420451e-04 2.894736842105262442e-03 4.499999999999999140e-02 2.631578947368420451e-04 4.713157894736840769e-01 2.631578947368420451e-04 2.631578947368420451e-04 2.631578947368420451e-04 3.710526315789472451e-02 1.342105263157894295e-02 2.631578947368420451e-04 5.026315789473682905e-02 2.631578947368420451e-04 5.552631578947367363e-02 6.342105263157893358e-02 2.631578947368420451e-04 2.631578947368420451e-04 2.631578947368420451e-04 2.631578947368420451e-04 2.631578947368420451e-04 8.710526315789471341e-02 2.631578947368420451e-04 2.631578947368420451e-04 2.631578947368420451e-04
2.788235294117648033e-01 3.921568627450981856e-04 3.921568627450981856e-04 4.003921568627452077e-01 3.921568627450981856e-04 3.921568627450981856e-04 3.921568627450981856e-04 3.921568627450981856e-04 3.921568627450981856e-04 2.000000000000000389e-02 3.921568627450981856e-04 6.313725490196081536e-02 8.235294117647061138e-03 3.921568627450981856e-04 3.921568627450981856e-04 3.921568627450981856e-04 1.215686274509804321e-02 3.921568627450981856e-04 3.921568627450981856e-04 3.921568627450981856e-04 3.921568627450981856e-04 3.921568627450981856e-04 3.921568627450981856e-04 3.921568627450981856e-04 3.921568627450981856e-04 3.921568627450981856e-04 7.490196078431375637e-02 4.313725490196079933e-03 1.298039215686274950e-01 3.921568627450981856e-04
7.675675675675674124e-03 1.081081081081081071e-04 4.432432432432431915e-03 1.081081081081081071e-04 1.081081081081081071e-04 1.081081081081081071e-04 1.081081081081081071e-04 6.605405405405405384e-02 1.081081081081081071e-04 1.081081081081081071e-04 1.740540540540540596e-02 1.524324324324324159e-02 1.632432432432432204e-02 1.081081081081081071e-04 1.189189189189189056e-03 6.064864864864864119e-02 1.081081081081081071e-04 1.081081081081081071e-04 1.081081081081081071e-04 2.064864864864864730e-02 2.509189189189188762e-01 1.081081081081081071e-04 6.064864864864864119e-02 1.081081081081081071e-04 1.081081081081081071e-04 1.081081081081081071e-04 1.417297297297297198e-01 2.184864864864864420e-01 9.740540540540539027e-02 1.956756756756756685e-02
2.004008016032063854e-04 2.004008016032063854e-04 2.004008016032063854e-04 2.004008016032063854e-04 2.004008016032063854e-04 4.428857715430861014e-02 2.004008016032063854e-04 1.625250501002003523e-01 1.124248496993987684e-01 2.004008016032063854e-04 3.827655310621241869e-02 2.004008016032063854e-04 2.004008016032063854e-04 2.004008016032063854e-04 2.004008016032063854e-04 2.004008016032063854e-04 2.024048096192384086e-02 2.004008016032063854e-04 2.004008016032063854e-04 2.004008016032063854e-04 1.585170340681362200e-01 2.004008016032063854e-04 2.004008016032063854e-04 2.004008016032063854e-04 2.004008016032063854e-04 2.004008016032063854e-04 3.627254509018035256e-02 2.004008016032063854e-04 4.230460921843686162e-01 2.004008016032063854e-04
2.109704641350210468e-04 2.109704641350210468e-04 2.109704641350210468e-04 2.109704641350210468e-04 2.048523206751054204e-01 2.109704641350210468e-04 2.109704641350210468e-04 2.109704641350210468e-04 2.109704641350210468e-04 6.540084388185652721e-03 2.109704641350210468e-04 8.649789029535861345e-03 6.772151898734175834e-02 2.109704641350210468e-04 1.497890295358649329e-02 2.320675105485231569e-03 2.449367088607594112e-01 2.109704641350210468e-04 1.246835443037974389e-01 1.919831223628691574e-02 2.109704641350210468e-04 2.109704641350210468e-04 1.478902953586497537e-01 2.320675105485231569e-03 2.109704641350210468e-04 2.320675105485231569e-03 1.457805907172995408e-01 2.109704641350210468e-04 2.109704641350210468e-04 4.430379746835442362e-03
4.566210045662101396e-04 4.566210045662101396e-04 4.566210045662101396e-04 4.566210045662101396e-04 4.566210045662101396e-04 2.744292237442922944e-01 4.566210045662101396e-04 1.739726027397260621e-01 6.894977168949772972e-02 4.566210045662101396e-04 3.242009132420091422e-02 4.566210045662101396e-04 7.808219178082193013e-02 4.566210045662101396e-04 1.054794520547945452e-01 1.100456621004566454e-01 4.566210045662101396e-04 5.022831050228311264e-03 4.566210045662101396e-04 4.566210045662101396e-04 4.566210045662101396e-04 4.566210045662101396e-04 4.566210045662101396e-04 4.566210045662101396e-04 4.566210045662101396e-04 4.611872146118722177e-02 9.634703196347034482e-02 4.566210045662101396e-04 4.566210045662101396e-04 4.566210045662101396e-04
1.370677731673581867e-01 4.287690179806361024e-03 1.383125864453664978e-04 3.333333333333332593e-02 1.383125864453664978e-04 1.521438450899031394e-03 1.383125864453664978e-04 1.383125864453664978e-04 7.482710926694327580e-02 1.383125864453664978e-04 4.759336099585060875e-01 1.383125864453664978e-04 2.918395573997233094e-02 1.383125864453664978e-04 1.811894882434300982e-02 1.383125864453664978e-04 1.383125864453664978e-04 1.521438450899031394e-03 1.383125864453664978e-04 5.684647302904562854e-02 3.886583679114798129e-02 1.383125864453664978e-04 1.383125864453664978e-04 2.904564315352696317e-03 1.383125864453664978e-04 1.383125864453664978e-04 1.177040110650068722e-01 1.383125864453664978e-04 5.670816044260025730e-03 1.383125864453664978e-04
1.262611275964391488e-01 2.091988130563798148e-02 1.483679525222552145e-04 1.781899109792284830e-01 1.483679525222552145e-04 3.278931750741839735e-02 1.483679525222552145e-04 3.115727002967358990e-03 1.483679525222552145e-04 1.632047477744807224e-03 2.672106824925816193e-01 5.207715133531157226e-02 1.483679525222552145e-04 1.632047477744807224e-03 1.483679525222552145e-04 1.646884272997032467e-02 1.483679525222552145e-04 1.483679525222552145e-04 1.483679525222552145e-04 4.599406528189911407e-03 7.566765578635014505e-03 1.646884272997032467e-02 1.632047477744807224e-03 1.483679525222552145e-04 1.632047477744807224e-03 1.632047477744807224e-03 1.010385756676557834e-01 1.483679525222552145e-04 1.499999999999999944e-01 1.350148367952522244e-02
3.905198776758408985e-01 1.019367991845055821e-04 1.019367991845055821e-04 9.388379204892963181e-02 1.121304791029561565e-03 9.796126401630986247e-02 1.641182466870540202e-02 1.019367991845055821e-04 3.170234454638123922e-02 2.150866462793067993e-02 2.660550458715595784e-02 1.019367991845055821e-04 1.019367991845055821e-04 1.019367991845055821e-04 9.276248725790007046e-03 1.335372069317023076e-02 2.762487257900101550e-02 1.019367991845055821e-04 1.019367991845055821e-04 2.966360856269112736e-02 1.019367991845055821e-04 1.019367991845055821e-04 1.019367991845055821e-04 1.019367991845055821e-04 1.019367991845055821e-04 9.276248725790007046e-03 4.699286442405707642e-02 1.019367991845055821e-04 1.764525993883791499e-01 6.218144750254840127e-03
1.432055749128919586e-01 3.832752613240417681e-03 3.484320557491288653e-04 1.048780487804877870e-01 3.484320557491288653e-04 3.170731707317072517e-02 2.303135888501741391e-01 2.822299651567943685e-02 2.125435540069686019e-02 5.261324041811845514e-02 3.484320557491288653e-04 3.519163763066201350e-02 1.571428571428571119e-01 3.484320557491288653e-04 3.484320557491288653e-04 1.428571428571428180e-02 3.484320557491288653e-04 3.484320557491288653e-04 3.484320557491288653e-04 3.484320557491288653e-04 3.484320557491288653e-04 3.484320557491288653e-04 3.484320557491288653e-04 3.832752613240417681e-03 3.484320557491288653e-04 3.484320557491288653e-04 4.912891986062716682e-02 6.655052264808361540e-02 5.261324041811845514e-02 3.484320557491288653e-04
1.741573033707865398e-02 5.617977528089889219e-04 5.617977528089889219e-04 5.617977528089889219e-04 5.617977528089889219e-04 1.353932584269663120e-01 5.617977528089889219e-04 7.359550561797753576e-02 5.617977528089889219e-04 5.617977528089889219e-04 5.617977528089889219e-04 2.140449438202247645e-01 5.617977528089889219e-04 5.617977528089889219e-04 5.617977528089889219e-04 1.691011235955056646e-01 5.617977528089889219e-04 5.617977528089889219e-04 3.988764044943820392e-02 5.617977528089889219e-04 5.617977528089889219e-04 1.859550561797753132e-01 5.617977528089889219e-04 5.617977528089889219e-04 5.617977528089889219e-04 6.179775280898878141e-03 8.483146067415731073e-02 5.674157303370787331e-02 5.617977528089889219e-04 6.179775280898878141e-03
2.492822966507177718e-01 4.784688995215312770e-04 4.784688995215312770e-04 5.172248803827752539e-01 4.784688995215312770e-04 4.784688995215312770e-04 1.483253588516746796e-02 4.784688995215312770e-04 4.784688995215312770e-04 4.784688995215312770e-04 2.440191387559809133e-02 1.057416267942584143e-01 4.784688995215312770e-04 4.784688995215312770e-04 4.784688995215312770e-04 4.784688995215312770e-04 4.784688995215312770e-04 4.784688995215312770e-04 4.784688995215312770e-04 1.483253588516746796e-02 4.784688995215312770e-04 4.784688995215312770e-04 4.784688995215312770e-04 4.784688995215312770e-04 4.784688995215312770e-04 4.784688995215312770e-04 1.961722488038277964e-02 4.784688995215312770e-04 4.354066985645933807e-02 4.784688995215312770e-04
2.441988950276242909e-02 1.104972375690607602e-04 1.104972375690607602e-04 1.028729281767955667e-01 7.845303867403313758e-03 1.104972375690607602e-04 5.756906077348065975e-02 1.104972375690607602e-04 1.104972375690607602e-04 2.542541436464088034e-01 1.104972375690607602e-04 2.331491712707182279e-02 1.104972375690607602e-04 1.104972375690607602e-04 1.116022099447513613e-02 5.867403314917126605e-02 2.552486187845303539e-02 3.425414364640883783e-03 1.104972375690607602e-04 1.104972375690607602e-04 2.994475138121546753e-02 1.104972375690607602e-04 2.552486187845303539e-02 1.104972375690607602e-04 1.104972375690607602e-04 1.104972375690607602e-04 2.012154696132596454e-01 8.519337016574583810e-02 8.740331491712705070e-02 1.104972375690607602e-04
2.280409731113955951e-01 1.280409731113956362e-04 1.280409731113956362e-04 4.110115236875799827e-02 1.280409731113956362e-04 1.025608194622278924e-01 6.530089628681176768e-03 1.280409731113956362e-04 1.280409731113956362e-04 1.742637644046094447e-01 1.280409731113956362e-04 1.280409731113956362e-04 3.854033290653008370e-02 1.280409731113956362e-04 2.688860435339308387e-03 1.280409731113956362e-04 6.530089628681176768e-03 9.090909090909088733e-03 1.280409731113956362e-04 7.311139564660690260e-02 1.280409731113956362e-04 1.280409731113956362e-04 1.280409731113956362e-04 1.280409731113956362e-04 1.280409731113956362e-04 1.280409731113956362e-04 2.049935979513443918e-01 5.249679897567220352e-03 6.030729833546734364e-02 4.494238156209987012e-02
1.023529411764706187e-01 3.921568627450981314e-04 3.921568627450981314e-04 1.494117647058823828e-01 3.921568627450981314e-04 3.960784313725491251e-02 2.000000000000000389e-02 3.921568627450981314e-04 7.882352941176472283e-02 3.921568627450981314e-04 3.925490196078432192e-01 3.921568627450981314e-04 3.921568627450981314e-04 3.921568627450981314e-04 3.921568627450981314e-04 7.882352941176472283e-02 8.235294117647061138e-03 8.235294117647061138e-03 3.921568627450981314e-04 8.235294117647061138e-03 6.313725490196080148e-02 4.313725490196079933e-03 4.313725490196079933e-03 3.921568627450981314e-04 3.921568627450981314e-04 3.921568627450981314e-04 4.313725490196079933e-03 3.921568627450981314e-04 3.921568627450981314e-04 3.176470588235294490e-02
1.050991501416430329e-01 2.832861189801698983e-04 2.832861189801698983e-04 4.875354107648723345e-01 2.832861189801698983e-04 2.832861189801698983e-04 5.694050991501414805e-02 2.832861189801698983e-04 2.832861189801698983e-04 2.577903682719545966e-02 2.832861189801698983e-04 5.127478753541075268e-02 5.410764872521245383e-02 3.116147308781869098e-03 2.832861189801698983e-04 5.977337110481584920e-02 2.832861189801698983e-04 2.832861189801698983e-04 5.949008498583568082e-03 2.832861189801698983e-04 5.949008498583568082e-03 5.949008498583568082e-03 2.011331444759206083e-02 2.832861189801698983e-04 2.832861189801698983e-04 2.832861189801698983e-04 5.410764872521245383e-02 4.560906515580735732e-02 1.444759206798866373e-02 2.832861189801698983e-04
2.958579881656803689e-04 2.958579881656803689e-04 2.958579881656803689e-04 2.958579881656803689e-04 9.171597633136092248e-03 2.958579881656803689e-04 2.958579881656803689e-04 2.958579881656803689e-04 2.958579881656803689e-04 2.958579881656803689e-04 1.213017751479289474e-02 2.958579881656803689e-04 2.958579881656803689e-04 6.213017751479288017e-03 1.334319526627218422e-01 2.958579881656803689e-04 2.958579881656803689e-04 2.958579881656803689e-04 2.958579881656803689e-04 5.920118343195264199e-01 3.254437869822484220e-03 2.692307692307691416e-02 2.958579881656803689e-04 2.958579881656803689e-04 2.958579881656803689e-04 2.958579881656803689e-04 1.748520710059170979e-01 3.254437869822484220e-03 2.958579881656803689e-04 3.284023668639052262e-02
3.737373737373736460e-02 1.215488215488215312e-01 3.367003367003366639e-04 7.777777777777776513e-02 5.084175084175083376e-02 2.727272727272726793e-02 1.484848484848484695e-01 3.367003367003366639e-04 3.367003367003366639e-04 4.410774410774409571e-02 3.367003367003366639e-04 1.316498316498316279e-01 3.367003367003366639e-04 3.367003367003366639e-04 3.367003367003366639e-04 3.367003367003366639e-04 3.367003367003366639e-04 9.461279461279459291e-02 3.367003367003366639e-04 3.367003367003366639e-04 7.070707070707069400e-03 3.367003367003366639e-04 3.367003367003366639e-04 3.063973063973063349e-02 3.367003367003366639e-04 3.367003367003366639e-04 1.717171717171716780e-02 1.518518518518518212e-01 5.420875420875420625e-02 3.367003367003366639e-04
2.624671916010498109e-04 2.624671916010498109e-04 2.624671916010498109e-04 2.624671916010498109e-04 1.076115485564304100e-02 2.624671916010498109e-04 3.257217847769027785e-01 2.624671916010498109e-04 1.341207349081364464e-01 2.624671916010498109e-04 3.963254593175851576e-02 1.863517060367453348e-02 2.624671916010498109e-04 2.624671916010498109e-04 2.624671916010498109e-04 7.375328083989499128e-02 7.900262467191598859e-02 2.624671916010498109e-04 2.624671916010498109e-04 2.624671916010498109e-04 2.624671916010498109e-04 5.511811023622045433e-03 1.076115485564304100e-02 2.624671916010498109e-04 2.624671916010498109e-04 2.624671916010498109e-04 2.102362204724408656e-01 7.900262467191598859e-02 2.624671916010498109e-04 8.136482939632544084e-03
1.461988304093567008e-04 1.461988304093567008e-04 1.461988304093567008e-04 1.461988304093567008e-04 1.461988304093567008e-04 1.461988304093567008e-04 8.932748538011694994e-02 2.296783625730993705e-01 2.646198830409356509e-02 1.461988304093567008e-04 1.461988304093567008e-04 4.532163742690057534e-03 1.461988304093567008e-04 1.461988304093567008e-04 3.070175438596490797e-03 1.476608187134502599e-02 1.608187134502923844e-03 1.461988304093567008e-04 1.038011695906432448e-02 1.461988304093567008e-04 1.461988304093567008e-04 1.461988304093567008e-04 3.070175438596490797e-03 1.461988304093567008e-04 2.472222222222221766e-01 1.461988304093567008e-04 1.741228070175438181e-01 1.461988304093567008e-04 1.931286549707602052e-01 1.461988304093567008e-04
2.053388090349075672e-04 2.053388090349075672e-04 2.053388090349075672e-04 2.053388090349075672e-04 2.053388090349075672e-04 2.258726899383983050e-03 2.053388090349075672e-04 1.663244353182750934e-02 2.053388090349075672e-04 4.743326488706364752e-02 2.053388090349075672e-04 2.053388090349075672e-04 2.053388090349075672e-04 2.258726899383983050e-03 4.540041067761805826e-01 2.689938398357288873e-02 1.706365503080081725e-01 2.053388090349075672e-04 2.053388090349075672e-04 5.359342915811087654e-02 6.365503080082134287e-03 2.053388090349075672e-04 2.053388090349075672e-04 2.053388090349075672e-04 2.053388090349075672e-04 2.258726899383983050e-03 2.137577002053387409e-01 2.053388090349075672e-04 2.053388090349075672e-04 2.053388090349075672e-04
2.762430939226520089e-04 2.762430939226520089e-04 2.762430939226520089e-04 8.563535911602210976e-03 2.762430939226520089e-04 8.563535911602210976e-03 2.762430939226520089e-04 5.801104972375691754e-03 2.762430939226520089e-04 3.038674033149172098e-03 2.762430939226520089e-04 2.762430939226520089e-04 2.762430939226520089e-04 2.762430939226520089e-04 1.383977900552486318e-01 2.762430939226520089e-04 2.762430939226520089e-04 8.563535911602210976e-03 2.762430939226520089e-04 3.013812154696132728e-01 2.762430939226520089e-04 2.762430939226520089e-04 2.762430939226520089e-04 2.762430939226520089e-04 2.762430939226520089e-04 2.762430939226520089e-04 1.245856353591160426e-01 5.801104972375691754e-03 2.762430939226520089e-04 3.897790055248619434e-01
4.329004329004329543e-04 4.761904761904763202e-03 4.329004329004329543e-04 4.329004329004329543e-04 4.329004329004329543e-04 1.341991341991342207e-02 4.329004329004329543e-04 1.346320346320346584e-01 4.329004329004329543e-04 4.329004329004329543e-04 4.329004329004329543e-04 4.329004329004329543e-04 5.238095238095238915e-02 4.329004329004329543e-04 4.329004329004329543e-04 4.329004329004329543e-04 4.329004329004329543e-04 4.329004329004329543e-04 4.329004329004329543e-04 4.329004329004329543e-04 4.329004329004329543e-04 4.329004329004329543e-04 4.329004329004329543e-04 4.329004329004329543e-04 2.168831168831169276e-01 4.329004329004329543e-04 7.835497835497837182e-02 4.329004329004329543e-04 4.896103896103896624e-01 4.329004329004329543e-04
1.157894736842105150e-03 5.368421052631577005e-03 3.378947368421052200e-02 1.052631578947368208e-04 1.052631578947368208e-04 1.157894736842105150e-03 1.853684210526315157e-01 4.852631578947367436e-02 1.157894736842105150e-03 1.052631578947368208e-04 1.052631578947368208e-04 7.473684210526313799e-03 1.052631578947368208e-04 1.052631578947368208e-04 7.473684210526313799e-03 3.273684210526315447e-02 1.484210526315789085e-02 7.273684210526314142e-02 1.653684210526315257e-01 1.052631578947368208e-04 1.052631578947368208e-04 8.526315789473682197e-03 7.589473684210523707e-02 1.157894736842105150e-03 1.052631578947368208e-04 3.589473684210525706e-02 2.727368421052631109e-01 2.326315789473683976e-02 1.052631578947368208e-04 4.315789473684209475e-03
2.157556270096462891e-01 3.215434083601286246e-04 3.215434083601286246e-04 3.890675241157556113e-02 3.215434083601286246e-04 2.926045016077170186e-02 3.215434083601286246e-04 3.215434083601286246e-04 3.215434083601286246e-04 8.713826366559486447e-02 4.533762057877813167e-02 6.752411575562701496e-03 3.536977491961414925e-03 3.215434083601286246e-04 3.215434083601286246e-04 3.215434083601286246e-04 8.392282958199356879e-02 1.707395498392282884e-01 3.215434083601286246e-04 3.215434083601286246e-04 3.215434083601286246e-04 3.215434083601286246e-04 3.215434083601286246e-04 3.215434083601286246e-04 3.215434083601286246e-04 1.318327974276527204e-02 9.356913183279742807e-02 3.215434083601286246e-04 5.176848874598070915e-02 1.546623794212218794e-01
1.572327044025157155e-04 1.572327044025157155e-04 1.572327044025157155e-04 8.018867924528300106e-03 1.572327044025157155e-04 1.572327044025157155e-04 1.572327044025157155e-04 1.070754716981131838e-01 2.688679245283018618e-02 1.572327044025157155e-04 1.430817610062892764e-02 1.572327044025157155e-04 1.729559748427672789e-03 1.572327044025157155e-04 9.591194968553456990e-03 5.833333333333332732e-02 9.135220125786161494e-02 1.572327044025157155e-04 7.091194968553457545e-02 1.275157232704402233e-01 1.621069182389936747e-01 1.572327044025157155e-04 1.572327044025157155e-04 1.572327044025157155e-04 1.572327044025157155e-04 2.438679245283018326e-01 7.562893081761004610e-02 1.572327044025157155e-04 1.572327044025157155e-04 1.572327044025157155e-04
2.932551319648093297e-04 2.932551319648093297e-04 2.932551319648093297e-04 2.932551319648093297e-04 2.932551319648093297e-04 6.158357771260996628e-03 2.932551319648093297e-04 2.466275659824046229e-01 5.601173020527858842e-02 2.932551319648093297e-04 7.947214076246333914e-02 1.202346041055718170e-02 2.932551319648093297e-04 2.932551319648093297e-04 2.932551319648093297e-04 2.932551319648093297e-04 5.307917888563049719e-02 2.932551319648093297e-04 2.932551319648093297e-04 2.932551319648093297e-04 2.055718475073313178e-01 2.932551319648093297e-04 2.932551319648093297e-04 2.932551319648093297e-04 2.932551319648093297e-04 9.413489736070379532e-02 6.774193548387096031e-02 1.146627565982404479e-01 5.894428152492667966e-02 2.932551319648093297e-04
2.093971631205673312e-01 1.773049645390070771e-04 1.773049645390070771e-04 1.613475177304964092e-02 2.322695035460992444e-02 3.723404255319148239e-03 1.773049645390070771e-04 7.109929078014183557e-02 1.773049645390070771e-04 1.118794326241134562e-01 1.436170212765957091e-02 1.526595744680850630e-01 5.496453900709219118e-03 1.773049645390070771e-04 1.773049645390070771e-04 1.950354609929077793e-03 1.773049645390070771e-04 1.773049645390070771e-04 1.773049645390070771e-04 1.773049645390070771e-04 1.881205673758864771e-01 1.773049645390070771e-04 1.773049645390070771e-04 1.773049645390070771e-04 1.950354609929077793e-03 2.677304964539006446e-02 5.496453900709219118e-03 1.632978723404254762e-01 1.950354609929077793e-03 1.773049645390070771e-04
2.680965147453082294e-04 2.949061662198390957e-03 2.680965147453082294e-04 1.772117962466487340e-01 3.380697050938336612e-01 2.680965147453082294e-04 2.680965147453082294e-04 2.680965147453082294e-04 2.680965147453082294e-04 1.745308310991956491e-01 2.680965147453082294e-04 1.262734584450401765e-01 2.680965147453082294e-04 2.680965147453082294e-04 2.680965147453082294e-04 2.680965147453082294e-04 6.729222520107236427e-02 4.048257372654154307e-02 2.680965147453082294e-04 2.680965147453082294e-04 2.975871313672921389e-02 2.680965147453082294e-04 2.680965147453082294e-04 2.680965147453082294e-04 2.680965147453082294e-04 1.099195710455763697e-02 2.707774798927612900e-02 2.680965147453082294e-04 2.680965147453082294e-04 2.680965147453082294e-04
2.985074626865671129e-04 6.268656716417909426e-03 2.985074626865671129e-04 6.268656716417909426e-03 2.985074626865671129e-04 2.985074626865671129e-04 2.659701492537313028e-01 2.211940298507462099e-01 2.510447761194029015e-01 2.985074626865671129e-04 6.268656716417909426e-03 2.985074626865671129e-04 2.985074626865671129e-04 2.985074626865671129e-04 2.985074626865671129e-04 2.985074626865671129e-04 6.597014925373133332e-02 2.985074626865671129e-04 2.985074626865671129e-04 2.985074626865671129e-04 2.985074626865671129e-04 6.268656716417909426e-03 2.985074626865671129e-04 2.985074626865671129e-04 1.223880597014925103e-02 6.268656716417909426e-03 8.388059701492536768e-02 2.985074626865671129e-04 6.298507462686565861e-02 2.985074626865671129e-04
