3.597122302158272918e-04 3.597122302158272918e-04 1.115107913669064615e-02 3.597122302158272918e-04 6.151079136690646570e-02 3.597122302158272918e-04 3.597122302158272918e-04 3.597122302158272918e-04 3.597122302158272918e-04 3.956834532374099885e-03 3.597122302158272918e-04 2.701438848920862390e-01 3.956834532374099885e-03 3.597122302158272918e-04 4.032374100719423593e-01 3.597122302158272918e-04 3.597122302158272918e-04 3.597122302158272918e-04 3.597122302158272918e-04 9.028776978417264731e-02 3.597122302158272918e-04 4.352517985611509960e-02 3.597122302158272918e-04 3.597122302158272918e-04 3.597122302158272918e-04 3.597122302158272918e-04 8.309352517985610365e-02 7.553956834532372586e-03 1.474820143884891625e-02 3.597122302158272918e-04
8.481906443071492163e-02 5.745807590467785081e-02 5.569285083848191792e-02 8.826125330979702128e-05 1.685789938217123127e-02 8.826125330979702128e-05 8.826125330979702128e-05 8.826125330979702128e-05 2.736098852603707429e-03 1.236540158870256118e-01 8.826125330979702128e-05 2.568402471315093388e-02 1.033539276257723072e-01 8.826125330979702128e-05 3.618711385701677344e-03 1.597528684907326135e-02 8.826125330979702128e-05 4.598411297440424539e-02 8.826125330979702128e-05 2.304501323918800304e-01 8.826125330979702128e-05 8.826125330979702128e-05 3.539276257722860641e-02 8.826125330979702128e-05 8.826125330979702128e-05 7.511032656663725604e-02 3.627537511032657286e-02 8.826125330979702128e-05 6.451897616946161707e-02 2.127096204766108084e-02
1.525851197982345218e-02 1.261034047919293820e-04 5.182849936948297209e-02 1.261034047919293820e-04 1.261034047919293820e-04 1.261034047919293820e-04 1.273644388398486454e-02 1.261034047919293820e-04 7.692307692307691000e-03 5.561160151324084921e-02 2.156368221941992389e-02 1.527112232030264638e-01 1.262295081967212962e-01 1.261034047919293820e-04 1.261034047919293820e-04 5.813366960907943859e-02 2.534678436317780448e-02 6.431273644388397180e-03 2.648171500630516588e-03 4.047919293820932685e-02 1.261034047919293820e-04 1.010088272383354163e-01 1.261034047919293820e-04 1.261034047919293820e-04 1.261034047919293820e-04 1.287515762925598717e-01 3.039092055485497976e-02 1.287515762925598717e-01 2.912988650693568507e-02 3.909205548549810408e-03
3.086956521739131140e-02 1.347826086956522076e-02 1.347826086956522076e-02 4.347826086956522985e-04 2.217391304347826608e-02 9.130434782608698105e-03 4.347826086956522985e-04 4.347826086956522985e-04 4.347826086956522985e-04 4.347826086956522985e-04 4.347826086956522985e-04 4.347826086956522985e-04 4.347826086956522985e-04 9.130434782608698105e-03 4.347826086956522985e-04 2.217391304347826608e-02 3.047826086956522129e-01 3.086956521739131140e-02 4.826086956521739857e-02 2.652173913043478701e-02 4.826086956521739857e-02 2.960869565217391641e-01 4.347826086956522985e-04 4.782608695652175446e-03 4.347826086956522985e-04 4.347826086956522985e-04 4.782608695652175446e-03 8.739130434782611812e-02 4.347826086956522985e-04 2.217391304347826608e-02
1.934235976789167965e-04 1.934235976789167965e-04 1.934235976789167965e-04 1.934235976789167965e-04 8.336557059961313687e-02 2.127659574468084708e-03 1.934235976789167965e-04 1.934235976789167965e-04 4.081237911025144272e-02 6.402321083172145266e-02 1.934235976789167965e-04 1.568665377176015063e-01 3.114119922630560408e-02 1.934235976789167965e-04 3.307543520309477042e-02 1.934235976789167965e-04 1.934235976789167965e-04 1.934235976789167965e-04 1.934235976789167965e-04 1.820116054158606722e-01 4.061895551257252782e-03 6.595744680851062247e-02 2.127659574468084708e-03 1.934235976789167965e-04 1.373307543520309142e-02 6.402321083172145266e-02 1.394584139264989919e-01 2.920696324951643427e-02 8.529980657640230668e-02 1.934235976789167965e-04
4.450867052023121939e-02 5.973025048169556747e-03 5.973025048169556747e-03 1.926782273603082883e-04 2.138728323699421938e-02 1.292870905587668595e-01 1.926782273603082883e-04 4.046242774566474569e-03 1.926782273603082883e-04 3.102119460500963807e-02 5.221579961464354463e-02 2.119460500963391524e-03 1.926782273603082883e-04 1.926782273603082883e-04 1.926782273603082883e-04 1.926782273603082883e-04 1.753371868978805329e-02 1.926782273603082883e-04 1.926782273603082883e-04 1.926782273603082883e-04 3.102119460500963807e-02 1.926782273603082883e-04 1.926782273603082883e-04 1.926782273603082883e-04 1.926782273603082883e-04 5.414258188824663115e-02 9.826589595375721103e-03 1.926782273603082883e-04 3.294797687861272112e-02 5.551059730250481605e-01
5.511811023622045433e-03 2.624671916010498109e-04 8.136482939632544084e-03 2.624671916010498109e-04 9.212598425196848184e-02 2.624671916010498109e-04 2.624671916010498109e-04 2.624671916010498109e-04 2.624671916010498109e-04 1.338582677165353792e-02 2.624671916010498109e-04 2.624671916010498109e-04 1.076115485564304100e-02 2.624671916010498109e-04 2.887139107611548083e-03 2.624671916010498109e-04 2.887139107611548083e-03 3.700787401574801710e-02 4.750656167979001865e-02 2.913385826771652462e-02 2.650918635170602944e-02 5.803149606299210506e-01 2.624671916010498109e-04 2.624671916010498109e-04 2.624671916010498109e-04 1.601049868766403483e-02 1.076115485564304100e-02 8.136482939632544084e-03 2.624671916010498109e-04 1.052493438320209751e-01
3.378378378378378566e-04 3.378378378378378566e-04 1.722972972972972722e-02 3.378378378378378566e-04 3.716216216216216423e-03 3.378378378378378566e-04 3.378378378378378566e-04 3.381756756756756355e-01 3.378378378378378566e-04 3.378378378378378566e-04 3.378378378378378566e-04 3.378378378378378566e-04 3.378378378378378566e-04 3.378378378378378566e-04 3.378378378378378566e-04 2.060810810810810578e-02 3.412162162162162005e-02 3.378378378378378566e-04 3.378378378378378566e-04 3.378378378378378566e-04 3.378378378378378566e-04 3.378378378378378566e-04 3.378378378378378566e-04 7.094594594594594988e-03 3.378378378378378566e-04 7.466216216216216284e-02 3.378378378378378566e-04 4.395270270270270063e-01 3.378378378378378566e-04 5.777027027027027695e-02
2.590673575129533016e-04 2.616580310880828319e-02 2.590673575129533016e-04 2.590673575129533016e-04 2.849740932642486589e-03 1.580310880829014983e-02 1.839378238341968230e-02 2.590673575129533016e-04 2.590673575129533016e-04 5.443005181347148058e-01 2.590673575129533016e-04 5.440414507772019063e-03 2.590673575129533016e-04 2.590673575129533016e-04 2.590673575129533016e-04 2.590673575129533016e-04 6.761658031088081666e-02 2.590673575129533016e-04 7.538860103626941755e-02 2.590673575129533016e-04 2.590673575129533016e-04 2.590673575129533016e-04 1.479274611398963268e-01 2.590673575129533016e-04 5.440414507772019063e-03 2.590673575129533016e-04 2.590673575129533016e-04 8.575129533678754745e-02 2.590673575129533016e-04 2.590673575129533016e-04
1.482254697286012127e-02 2.087682672233820034e-04 1.064718162839248077e-02 2.087682672233820034e-04 2.317327766179540227e-02 2.087682672233820034e-04 2.087682672233820034e-04 2.087682672233820034e-04 2.087682672233820034e-04 2.943632567849686216e-02 2.087682672233820034e-04 2.087682672233820034e-04 1.691022964509394239e-02 2.087682672233820034e-04 4.384133611691021747e-03 2.296450939457201929e-03 2.087682672233820034e-04 5.657620041753652629e-02 2.087682672233820034e-04 8.559498956158661381e-03 1.064718162839248077e-02 4.386221294363255585e-01 2.087682672233820034e-04 2.087682672233820034e-04 2.087682672233820034e-04 8.162839248434236583e-02 9.206680584551146795e-02 2.087682672233820034e-04 1.588726513569936882e-01 4.822546972860124181e-02
2.832861189801698983e-04 3.116147308781869098e-03 5.949008498583568082e-03 1.444759206798866373e-02 1.444759206798866373e-02 5.694050991501414805e-02 2.832861189801698983e-04 5.949008498583568082e-03 2.832861189801698983e-04 5.356940509915012472e-01 2.832861189801698983e-04 2.832861189801698983e-04 2.832861189801698983e-04 2.832861189801698983e-04 2.832861189801698983e-04 2.832861189801698983e-04 8.243626062322943759e-02 3.994334277620395501e-02 2.832861189801698983e-04 3.144475920679885850e-02 2.832861189801698983e-04 2.832861189801698983e-04 2.832861189801698983e-04 1.334277620396600306e-01 2.832861189801698983e-04 3.994334277620395501e-02 2.832861189801698983e-04 3.144475920679885850e-02 2.832861189801698983e-04 2.832861189801698983e-04
1.754385964912280572e-04 1.754385964912280572e-04 1.929824561403508439e-03 1.754385964912280572e-04 6.508771929824559710e-02 1.754385964912280572e-04 1.754385964912280572e-04 1.754385964912280572e-04 1.754385964912280572e-04 1.929824561403508439e-03 1.947368421052630971e-02 1.754385964912280572e-04 1.754385964912280572e-04 1.754385964912280572e-04 1.929824561403508439e-03 1.929824561403508439e-03 2.122807017543859240e-02 9.140350877192980616e-02 6.157894736842104561e-02 1.929824561403508439e-03 2.122807017543859240e-02 5.299999999999999156e-01 1.754385964912280572e-04 1.754385964912280572e-04 1.754385964912280572e-04 2.824561403508771620e-02 1.947368421052630971e-02 3.684210526315788957e-03 1.754385964912280572e-04 1.264912280701754044e-01
1.075268817204301074e-03 1.075268817204301074e-03 3.333333333333333287e-02 1.075268817204301074e-03 1.075268817204301074e-03 1.075268817204301074e-03 1.075268817204301074e-03 1.075268817204301074e-03 1.075268817204301074e-03 1.075268817204301074e-03 1.075268817204301074e-03 2.268817204301075419e-01 6.559139784946235729e-02 1.182795698924731312e-02 1.075268817204301074e-03 9.784946236559138866e-02 2.258064516129032473e-02 1.075268817204301074e-03 1.182795698924731312e-02 1.182795698924731312e-02 7.634408602150537237e-02 1.182795698924731312e-02 1.075268817204301074e-03 1.075268817204301074e-03 1.075268817204301074e-03 1.075268817204301074e-03 2.268817204301075419e-01 6.559139784946235729e-02 5.483870967741934915e-02 6.559139784946235729e-02
1.650165016501649914e-04 7.442244224422440990e-02 1.107260726072606949e-01 1.650165016501649914e-04 3.465346534653464955e-03 1.338283828382837992e-01 1.650165016501649914e-04 5.115511551155114273e-03 1.650165016501649914e-04 1.650165016501649914e-04 8.432343234323430581e-02 4.966996699669966320e-02 1.668316831683167856e-01 1.336633663366336260e-02 1.336633663366336260e-02 1.650165016501649914e-04 5.115511551155114273e-03 1.006600660066006396e-02 1.650165016501649914e-04 7.442244224422440990e-02 1.650165016501649914e-04 2.986798679867986445e-02 1.650165016501649914e-04 1.650165016501649914e-04 8.415841584158412908e-03 1.090759075907590525e-01 2.656765676567656581e-02 1.666666666666666297e-02 2.821782178217821513e-02 3.481848184818481240e-02
1.503759398496240800e-04 1.503759398496240800e-04 6.030075187969925060e-02 6.165413533834585708e-03 1.503759398496240800e-04 1.368421052631578830e-02 1.503759398496240800e-04 1.503759398496240800e-04 1.503759398496240800e-04 1.503759398496240800e-04 2.031578947368420929e-01 1.503759398496240800e-04 9.172932330827067091e-03 3.655639097744360910e-01 2.120300751879699089e-02 1.503759398496240800e-04 1.503759398496240800e-04 4.676691729323308178e-02 3.157894736842105192e-03 3.157894736842105192e-03 3.774436090225564283e-02 1.503759398496240800e-04 2.721804511278195712e-02 1.503759398496240800e-04 8.736842105263158131e-02 5.278195488721804801e-02 1.654135338345864717e-03 1.503759398496240800e-04 1.368421052631578830e-02 4.526315789473684542e-02
1.051546391752576984e-02 8.453608247422677441e-03 2.061855670103092343e-04 4.329896907216494381e-03 2.061855670103092343e-04 4.350515463917525166e-02 6.824742268041235349e-02 2.061855670103092343e-04 2.061855670103092343e-04 2.061855670103092343e-04 1.713402061855669456e-01 2.268041237113401550e-03 1.463917525773195463e-02 1.012371134020618318e-01 2.061855670103092343e-04 2.061855670103092343e-04 3.319587628865978968e-02 2.061855670103092343e-04 2.061855670103092343e-04 2.061855670103092343e-04 2.061855670103092343e-04 2.061855670103092343e-04 2.061855670103092343e-04 2.061855670103092343e-04 5.259793814432988102e-01 2.061855670103092343e-04 2.061855670103092343e-04 4.329896907216494381e-03 4.329896907216494381e-03 4.329896907216494381e-03
9.910802775024775174e-05 1.199207135777997750e-02 2.062438057482655629e-01 1.694747274529236764e-02 9.910802775024775174e-05 1.992071357779979721e-02 7.542120911793853688e-02 9.910802775024775174e-05 9.910802775024775174e-05 9.910802775024775174e-05 2.983151635282457401e-02 1.694747274529236764e-02 1.447968285431119606e-01 9.910802775024775174e-05 9.910802775024775174e-05 2.091179385530227489e-02 7.740336967294349224e-02 6.253716551040633398e-02 2.487611496531218561e-02 1.000991080277502214e-02 6.045589692765112287e-03 5.559960356788899022e-02 2.388503468780970793e-02 9.910802775024775174e-05 3.676907829534191430e-02 9.910802775024775174e-05 9.910802775024775174e-05 9.722497522299303196e-02 4.073339940535182502e-02 2.091179385530227489e-02
2.267573696145125102e-04 2.267573696145125102e-04 2.267573696145125102e-04 2.267573696145125102e-04 2.267573696145125102e-04 2.267573696145125102e-04 2.267573696145125102e-04 2.267573696145125102e-04 1.609977324263038578e-02 4.104308390022676917e-02 2.224489795918367374e-01 2.267573696145125102e-04 2.267573696145125102e-04 1.000000000000000194e-01 2.267573696145125102e-04 2.267573696145125102e-04 2.267573696145125102e-04 2.494331065759637558e-03 2.267573696145125102e-04 2.494331065759637558e-03 2.267573696145125102e-04 2.267573696145125102e-04 2.267573696145125102e-04 2.267573696145125102e-04 7.505668934240364298e-02 2.267573696145125102e-04 2.063492063492063794e-02 2.267573696145125102e-04 6.371882086167801607e-02 4.514739229024943845e-01
3.891050583657587819e-04 4.280155642023346710e-03 2.762645914396887059e-02 3.891050583657587819e-04 1.206225680933852192e-02 3.891050583657587819e-04 3.891050583657587819e-04 3.891050583657587819e-04 1.949416342412451375e-01 3.891050583657587819e-04 3.891050583657587819e-04 6.653696498054474662e-02 6.653696498054474662e-02 3.891050583657587819e-04 3.891050583657587819e-04 3.891050583657587819e-04 4.280155642023346710e-03 8.171206225680934312e-03 2.688715953307392881e-01 4.280155642023346710e-03 1.206225680933852192e-02 3.151750972762645819e-02 1.093385214007782102e-01 2.373540856031128299e-02 3.891050583657587819e-04 3.891050583657587819e-04 1.054474708171206226e-01 5.486381322957198381e-02 3.891050583657587819e-04 3.891050583657587819e-04
8.818342151675486959e-05 2.654320987654321812e-02 2.742504409171076657e-02 3.615520282186949260e-03 8.818342151675486959e-05 8.818342151675486959e-05 2.742504409171076657e-02 2.301587301587302084e-02 8.818342151675486959e-05 8.818342151675486959e-05 5.211640211640213016e-02 5.379188712522046598e-03 8.818342151675486959e-05 5.211640211640213016e-02 8.906525573192242140e-03 3.447971781305115418e-02 1.279541446208113109e-01 8.818342151675486959e-05 1.243386243386243595e-02 3.271604938271605728e-02 8.474426807760142288e-02 1.507936507936508304e-02 8.818342151675486959e-05 2.955026455026456000e-01 5.299823633156967861e-02 5.379188712522046598e-03 2.213403880070547239e-02 9.788359788359790592e-03 3.800705467372134799e-02 4.153439153439154180e-02
5.405405405405407657e-04 1.135135135135135510e-02 5.405405405405407657e-04 5.405405405405407657e-04 5.405405405405407657e-04 3.681081081081081785e-01 5.405405405405407657e-04 9.783783783783787935e-02 5.405405405405407657e-04 5.405405405405407657e-04 5.405405405405407657e-04 5.405405405405407657e-04 5.405405405405407657e-04 1.897297297297297902e-01 5.459459459459461289e-02 5.405405405405407657e-04 1.135135135135135510e-02 5.405405405405407657e-04 5.945945945945948531e-03 5.405405405405407657e-04 5.405405405405407657e-04 5.405405405405407657e-04 5.405405405405407657e-04 5.405405405405407657e-04 5.459459459459461289e-02 4.918918918918920025e-02 5.405405405405407657e-04 1.135135135135135510e-02 7.081081081081083695e-02 6.540540540540541736e-02
7.154811715481174117e-02 4.184100418410043216e-04 4.184100418410043216e-04 1.715481171548117328e-02 2.096234309623431491e-01 4.184100418410043216e-04 4.644351464435147320e-02 4.184100418410043216e-04 4.184100418410043216e-04 3.602510460251046598e-01 4.184100418410043216e-04 4.184100418410043216e-04 4.184100418410043216e-04 4.184100418410043216e-04 4.184100418410043216e-04 4.184100418410043216e-04 5.481171548117155790e-02 9.665271966527200220e-02 3.389121338912134268e-02 4.602510460251047104e-03 4.184100418410043216e-04 4.184100418410043216e-04 3.389121338912134268e-02 4.184100418410043216e-04 4.184100418410043216e-04 5.062761506276151902e-02 4.184100418410043216e-04 4.184100418410043216e-04 1.297071129707113267e-02 4.184100418410043216e-04
1.095952023988005786e-01 4.962518740629684455e-02 1.499250374812593600e-04 1.499250374812593600e-04 3.163418290854572157e-02 3.013493253373313030e-02 1.964017991004497407e-02 1.499250374812593600e-04 2.263868065967016008e-02 1.499250374812593600e-04 1.499250374812593600e-04 1.499250374812593600e-04 1.125937031484257611e-01 3.148425787106446262e-03 1.499250374812593600e-04 1.499250374812593600e-04 1.499250374812593600e-04 1.649175412293852824e-03 1.350824587706146718e-01 1.064467766116941258e-02 1.499250374812593600e-04 1.005997001499250171e-01 1.499250374812593600e-04 1.649175412293852824e-03 1.499250374812593600e-04 4.647676161919039699e-03 1.395802098950524317e-01 1.125937031484257611e-01 1.125937031484257611e-01 1.499250374812593600e-04
2.347417840375586257e-04 2.347417840375586257e-04 2.582159624413144991e-03 2.347417840375586257e-04 3.309859154929576525e-02 2.347417840375586257e-04 2.582159624413144991e-03 7.276995305164317938e-03 2.347417840375586257e-04 1.645539906103285765e-01 2.347417840375586257e-04 1.645539906103285765e-01 5.892018779342721863e-02 2.347417840375586257e-04 2.347417840375586257e-04 2.347417840375586257e-04 2.347417840375586257e-04 8.474178403755866507e-02 5.657276995305163259e-02 8.004694835680749299e-02 2.347417840375586257e-04 1.575117370892018254e-01 2.347417840375586257e-04 2.347417840375586257e-04 1.901408450704224901e-02 4.718309859154928843e-02 9.647887323943660220e-02 2.347417840375586257e-04 2.136150234741783505e-02 2.347417840375586257e-04
2.732240437158469943e-04 1.666666666666666644e-02 3.005464480874317154e-03 2.732240437158469943e-04 2.732240437158469943e-04 2.213114754098360545e-02 2.732240437158469943e-04 7.950819672131148597e-02 2.732240437158469943e-04 2.732240437158469943e-04 1.450819672131147542e-01 2.732240437158469943e-04 2.732240437158469943e-04 6.584699453551913495e-02 2.732240437158469943e-04 2.732240437158469943e-04 2.732240437158469943e-04 2.732240437158469943e-04 2.732240437158469943e-04 2.732240437158469943e-04 4.125683060109289202e-02 7.950819672131148597e-02 2.732240437158469943e-04 2.732240437158469943e-04 1.013661202185792420e-01 2.732240437158469943e-04 2.732240437158469943e-04 2.732240437158469943e-04 2.732240437158469943e-04 4.401639344262294751e-01
4.912891986062717375e-02 3.484320557491289196e-04 4.216027874564459710e-02 3.484320557491289196e-04 3.484320557491289196e-04 3.484320557491289196e-04 3.484320557491289196e-04 3.832752613240418549e-03 3.484320557491289196e-04 3.484320557491289196e-04 3.832752613240418549e-03 1.118466898954703914e-01 1.466898954703832747e-01 3.484320557491289196e-04 3.170731707317073211e-02 3.484320557491289196e-04 3.484320557491289196e-04 3.484320557491289196e-04 3.484320557491289196e-04 5.958188153310105262e-02 1.080139372822299694e-02 1.257839721254355447e-01 3.484320557491289196e-04 3.484320557491289196e-04 3.484320557491289196e-04 1.466898954703832747e-01 7.700348432055749426e-02 7.351916376306620593e-02 1.048780487804878148e-01 7.317073170731707744e-03
3.058103975535167462e-04 1.559633027522935173e-02 4.006116207951068708e-02 3.058103975535167462e-04 3.700305810397552103e-02 3.058103975535167462e-04 6.422018348623850965e-03 3.058103975535167462e-04 3.058103975535167462e-04 1.103975535168195410e-01 3.058103975535167462e-04 6.452599388379202938e-02 2.021406727828745364e-01 3.058103975535167462e-04 1.865443425076451778e-02 2.477064220183485335e-02 6.422018348623850965e-03 3.058103975535167462e-04 3.058103975535167462e-04 2.051987767584096956e-01 3.058103975535167462e-04 2.171253822629968383e-02 9.204892966360853079e-02 3.058103975535167462e-04 3.058103975535167462e-04 7.981651376146786658e-02 6.452599388379202938e-02 3.058103975535167462e-04 6.422018348623850965e-03 3.058103975535167462e-04
4.730941704035872969e-02 2.242152466367712212e-04 2.242152466367712212e-04 2.242152466367712212e-04 2.040358744394617924e-02 3.609865470852016700e-02 2.242152466367712212e-04 4.708520179372195809e-03 2.242152466367712212e-04 1.683856502242151720e-01 2.242152466367712212e-04 1.392376681614349299e-01 1.235426008968609490e-01 2.242152466367712212e-04 2.242152466367712212e-04 2.242152466367712212e-04 4.708520179372195809e-03 3.161434977578474192e-02 2.242152466367712212e-04 2.289237668161434036e-01 2.242152466367712212e-04 5.179372197309415476e-02 2.466367713004483705e-03 2.242152466367712212e-04 2.242152466367712212e-04 2.242152466367712212e-04 5.403587443946186730e-02 2.242152466367712212e-04 8.318385650224212335e-02 2.242152466367712212e-04
3.344481605351169859e-04 3.344481605351169859e-04 1.705685618729096617e-02 3.344481605351169859e-04 6.053511705685617889e-02 3.344481605351169859e-04 3.344481605351169859e-04 3.344481605351169859e-04 3.344481605351169859e-04 1.709030100334447966e-01 3.344481605351169859e-04 1.474916387959865904e-01 9.732441471571905145e-02 3.344481605351169859e-04 3.344481605351169859e-04 3.344481605351169859e-04 3.344481605351169859e-04 3.344481605351169859e-04 1.173913043478260754e-01 5.050167224080266692e-02 3.344481605351169859e-04 1.842809364548494699e-01 3.344481605351169859e-04 3.344481605351169859e-04 3.344481605351169859e-04 7.023411371237456811e-03 9.063545150501671477e-02 3.344481605351169859e-04 1.036789297658862775e-02 4.046822742474915496e-02
5.167130919220055268e-02 2.924791086350974484e-03 1.575208913649024656e-01 1.392757660167130707e-04 1.532033426183843994e-03 1.392757660167130707e-04 4.192200557103063774e-02 1.392757660167130707e-04 1.685236768802228155e-02 1.392757660167130707e-04 7.534818941504177470e-02 1.532033426183843994e-03 1.561281337047353557e-01 1.392757660167130707e-04 1.392757660167130707e-04 4.610027855153202986e-02 9.066852367688020553e-02 2.799442896935933067e-02 1.392757660167130707e-04 1.392757660167130707e-04 4.317548746518105190e-03 1.392757660167130707e-04 5.710306406685235030e-03 1.392757660167130707e-04 2.660167130919219997e-02 5.724233983286907551e-02 1.545961002785515084e-02 4.052924791086350703e-02 1.045961002785515126e-01 7.395543175487463705e-02
8.474576271186443684e-04 8.474576271186443684e-04 8.474576271186443684e-04 8.474576271186443684e-04 8.474576271186443684e-04 8.474576271186443684e-04 8.474576271186443684e-04 1.194915254237288449e-01 8.474576271186443684e-04 8.474576271186443684e-04 9.406779661016950733e-02 8.474576271186443684e-04 8.474576271186443684e-04 1.788135593220339659e-01 8.474576271186443684e-04 8.474576271186443684e-04 8.474576271186443684e-04 8.474576271186443684e-04 8.474576271186443684e-04 8.474576271186443684e-04 1.364406779661017366e-01 8.474576271186443684e-04 8.474576271186443684e-04 8.474576271186443684e-04 8.559322033898307536e-02 8.474576271186443684e-04 8.474576271186443684e-04 8.474576271186443684e-04 8.474576271186443684e-04 3.652542372881357191e-01
4.556213017751478689e-02 1.972386587771202821e-04 7.317554240631161944e-02 1.972386587771202821e-04 2.583826429980275521e-02 1.992110453648914675e-02 1.794871794871794393e-02 1.972386587771202821e-04 1.972386587771202821e-04 2.583826429980275521e-02 1.972386587771202821e-04 6.134122287968440945e-02 2.309664694280078312e-01 1.005917159763313265e-02 1.972386587771202821e-04 2.169625246548323103e-03 9.487179487179485393e-02 2.781065088757395803e-02 1.972386587771202821e-04 1.599605522682445158e-01 1.972386587771202821e-04 1.972386587771202821e-04 3.372781065088756997e-02 1.972386587771202821e-04 1.972386587771202821e-04 4.556213017751478689e-02 3.175542406311636368e-02 1.972386587771202821e-04 7.514792899408283267e-02 1.597633136094674111e-02
2.732240437158469401e-04 2.732240437158469401e-04 3.005464480874316287e-03 3.306010928961747308e-02 3.005464480874316287e-03 2.732240437158469401e-04 2.732240437158469401e-04 5.737704918032784929e-03 2.732240437158469401e-04 2.732240437158469401e-04 1.040983606557376734e-01 3.005464480874316287e-03 2.732240437158469401e-04 2.732240437158469401e-04 2.732240437158469401e-04 2.732240437158469401e-04 3.852459016393441210e-02 2.732240437158469401e-04 8.497267759562839029e-02 2.732240437158469401e-04 5.767759562841527909e-01 7.131147540983605315e-02 2.732240437158469401e-04 2.732240437158469401e-04 3.579234972677594606e-02 2.732240437158469401e-04 2.759562841530053753e-02 2.732240437158469401e-04 8.469945355191254438e-03 2.732240437158469401e-04
1.438848920863309330e-04 1.021582733812949340e-02 1.438848920863309330e-04 1.438848920863309330e-04 1.438848920863309330e-04 5.194244604316546055e-02 1.438848920863309330e-04 1.438848920863309330e-04 1.438848920863309330e-04 1.438848920863309330e-04 1.656115107913668782e-01 1.438848920863309330e-04 3.021582733812949294e-03 7.352517985611509155e-02 1.438848920863309330e-04 1.438848920863309330e-04 1.438848920863309330e-04 1.438848920863309330e-04 1.438848920863309330e-04 1.438848920863309330e-04 1.453237410071942133e-02 1.165467625899280386e-02 1.597122302158273180e-02 1.438848920863309330e-04 1.598561151079136433e-01 1.582733812949640127e-03 1.438848920863309330e-04 1.438848920863309330e-04 3.467625899280574880e-02 4.548201438848920586e-01
4.201474201474200698e-02 2.457002457002456400e-04 2.457002457002456400e-04 2.457002457002456400e-04 2.235872235872235145e-02 2.457002457002456400e-04 2.457002457002456400e-04 2.457002457002456400e-04 2.457002457002456400e-04 2.702702702702701985e-03 2.457002457002456400e-04 9.115479115479113714e-02 2.702702702702701985e-03 2.702702702702701985e-03 2.457002457002456400e-04 2.457002457002456400e-04 3.464373464373463052e-02 4.201474201474200698e-02 2.702702702702701985e-03 3.218673218673217401e-02 1.007371007371007064e-02 5.776412776412774841e-01 2.457002457002456400e-04 2.457002457002456400e-04 2.457002457002456400e-04 2.457002457002456400e-04 4.692874692874692000e-02 2.457002457002456400e-04 3.955773955773955047e-02 4.692874692874692000e-02
1.063829787234042679e-04 6.489361702127658879e-03 2.989361702127659587e-02 1.063829787234042679e-04 5.755319148936170054e-02 1.063829787234042679e-04 1.063829787234042679e-04 2.234042553191489464e-03 1.287234042553191474e-02 1.063829787234042679e-04 6.925531914893616470e-02 1.287234042553191474e-02 1.170212765957446893e-03 1.180851063829787238e-02 4.159574468085106697e-02 1.063829787234042679e-04 4.797872340425531762e-02 1.063829787234042679e-04 1.712765957446808762e-02 8.627659574468084236e-02 8.308510638297872397e-02 8.521276595744679827e-02 1.063829787234042679e-04 2.415957446808510711e-01 1.819148936170212824e-02 3.095744680851063996e-02 1.393617021276595709e-02 1.063829787234042679e-04 2.457446808510638583e-02 1.043617021276595641e-01
3.401360544217685755e-04 3.435374149659862347e-02 1.734693877551019697e-02 3.401360544217685755e-04 3.401360544217685755e-04 5.476190476190474776e-02 1.602040816326530115e-01 1.465986394557822481e-01 3.401360544217685755e-04 3.401360544217685755e-04 3.401360544217685755e-04 3.401360544217685755e-04 3.401360544217685755e-04 3.401360544217685755e-04 3.741496598639454819e-03 3.401360544217685755e-04 7.176870748299317426e-02 1.636054421768707023e-01 3.370748299319726304e-01 3.401360544217685755e-04 3.401360544217685755e-04 3.401360544217685755e-04 3.401360544217685755e-04 3.401360544217685755e-04 3.401360544217685755e-04 3.401360544217685755e-04 3.401360544217685755e-04 3.401360544217685755e-04 3.401360544217685755e-04 3.741496598639454819e-03
2.277904328018222802e-04 3.895216400911161170e-02 2.277904328018222802e-04 2.277904328018222802e-04 2.277904328018222802e-04 2.277904328018222802e-04 2.277904328018222802e-04 2.277904328018222802e-04 2.277904328018222802e-04 2.277904328018222802e-04 3.464692482915716631e-01 1.161731207289293417e-02 2.277904328018222802e-04 1.938496583143507479e-01 2.277904328018222802e-04 2.277904328018222802e-04 2.277904328018222802e-04 2.277904328018222802e-04 2.277904328018222802e-04 2.277904328018222802e-04 9.339407744874711481e-03 2.277904328018222802e-04 7.061503416856490523e-03 2.505694760820045136e-03 3.441913439635534422e-01 4.123006833712983266e-02 2.277904328018222802e-04 2.277904328018222802e-04 2.277904328018222802e-04 2.277904328018222802e-04
5.347593582887701742e-04 5.347593582887701742e-04 5.347593582887701742e-04 5.347593582887701742e-04 8.609625668449200075e-02 2.727272727272727487e-02 5.347593582887701742e-04 5.935828877005348142e-02 5.882352941176472241e-03 5.347593582887701742e-04 5.401069518716578033e-02 1.074866310160428051e-01 5.347593582887701742e-04 5.347593582887701742e-04 5.347593582887701742e-04 5.347593582887701742e-04 3.796791443850267705e-02 2.192513368983957378e-02 5.882352941176472241e-03 4.866310160427807924e-02 9.679144385026740294e-02 5.347593582887701742e-04 2.727272727272727487e-02 5.347593582887701742e-04 1.716577540106952182e-01 5.347593582887701742e-04 5.347593582887701742e-04 5.347593582887701742e-04 5.347593582887701742e-04 2.411764705882353255e-01
4.219409282700422020e-04 5.527426160337552824e-02 4.219409282700422020e-04 4.219409282700422020e-04 5.527426160337552824e-02 5.527426160337552824e-02 4.219409282700422020e-04 4.219409282700422020e-04 6.793248945147679907e-02 4.219409282700422020e-04 4.683544303797468333e-02 6.793248945147679907e-02 2.071729957805907296e-01 4.683544303797468333e-02 4.641350210970464872e-03 8.860759493670886458e-03 4.641350210970464872e-03 1.308016877637130891e-02 4.219409282700422020e-04 1.185654008438818685e-01 4.641350210970464872e-03 4.219409282700422020e-04 4.219409282700422020e-04 4.261603375527425741e-02 4.219409282700422020e-04 4.219409282700422020e-04 4.683544303797468333e-02 4.219409282700422020e-04 1.354430379746835444e-01 1.308016877637130891e-02
2.439024390243902003e-03 1.796008869179600495e-02 1.487804878048779866e-01 2.217294900221728946e-04 2.217294900221728946e-04 1.066518847006651671e-01 2.217294900221728946e-04 2.217294900221728946e-04 3.126385809312638014e-02 4.656319290465630624e-03 5.121951219512194120e-02 2.217294900221728946e-04 9.556541019955651362e-02 2.439024390243902003e-03 2.017738359201773357e-02 2.507760532150775101e-01 3.348115299334810530e-02 6.452328159645231986e-02 2.439024390243902003e-03 2.217294900221728946e-04 2.217294900221728946e-04 2.217294900221728946e-04 6.873614190687360112e-03 2.217294900221728946e-04 2.217294900221728946e-04 8.891352549889133816e-02 2.217294900221728946e-04 2.017738359201773357e-02 4.900221729490020911e-02 2.217294900221728946e-04
2.399999999999999356e-03 1.142857142857142563e-04 5.828571428571426884e-03 1.257142857142856847e-03 1.954285714285713960e-02 1.142857142857142563e-04 1.142857142857142563e-04 1.142857142857142563e-04 1.142857142857142563e-04 2.068571428571428297e-02 9.497142857142854000e-02 6.971428571428569393e-03 4.239999999999999325e-02 1.142857142857142563e-04 1.142857142857142563e-04 1.142857142857142563e-04 8.011428571428569345e-02 4.925714285714284657e-02 1.142857142857142563e-04 1.142857142857142563e-04 3.097142857142856642e-02 4.778285714285713248e-01 1.142857142857142563e-04 1.142857142857142563e-04 1.142857142857142563e-04 6.068571428571427340e-02 3.897142857142855965e-02 1.142857142857142563e-04 1.257142857142856847e-03 6.525714285714284690e-02
1.381215469613259503e-04 2.223756906077347870e-02 2.914364640883977675e-02 1.381215469613259503e-04 8.425414364640882586e-03 1.381215469613259503e-04 1.381215469613259503e-04 5.814917127071822511e-02 1.671270718232044025e-02 5.124309392265193053e-02 8.425414364640882586e-03 3.205801104972375026e-01 1.106353591160220695e-01 1.381215469613259503e-04 1.381215469613259503e-04 1.381215469613259503e-04 7.044198895027622975e-03 1.381215469613259503e-04 1.381215469613259503e-04 6.919889502762430200e-02 1.519337016574585615e-03 1.161602209944751080e-01 5.662983425414363364e-03 1.671270718232044025e-02 2.085635359116021562e-02 2.638121546961325753e-02 5.262430939226518667e-02 4.571823204419889208e-02 1.118784530386740181e-02 1.381215469613259503e-04
3.598409542743537942e-02 1.988071570576540551e-04 1.988071570576540551e-04 2.604373757455267710e-02 1.988071570576540551e-04 1.988071570576540551e-04 2.405566600397613872e-02 1.155069582504969911e-01 6.580516898608348986e-02 1.988071570576540551e-04 6.580516898608348986e-02 1.988071570576540551e-04 1.988071570576540551e-04 1.988071570576540551e-04 1.988071570576540551e-04 1.988071570576540551e-04 2.725646123260436759e-01 8.151093439363814308e-03 2.186878727634194389e-03 1.988071570576540551e-04 2.186878727634194389e-03 1.809145129224651663e-02 1.988071570576540551e-04 3.598409542743537942e-02 4.393638170974154683e-02 7.773359840954273403e-02 1.988071570576540551e-04 1.433399602385685423e-01 1.411530815109343466e-02 4.592445328031808521e-02
6.205432937181664527e-02 8.488964346349747107e-05 1.782682512733446906e-03 8.488964346349747107e-05 8.488964346349747107e-05 8.488964346349747107e-05 8.488964346349747107e-05 1.782682512733446906e-03 8.488964346349747107e-05 9.685908319185060344e-02 1.027164685908319407e-02 1.384550084889643595e-01 5.780984719864177418e-02 8.488964346349747107e-05 3.488964346349746060e-02 8.488964346349747107e-05 1.706281833616299370e-02 8.488964346349747107e-05 8.488964346349747107e-05 2.649405772495756484e-01 8.488964346349747107e-05 5.526315789473684736e-02 6.027164685908320378e-03 8.488964346349747107e-05 8.488964346349747107e-05 4.592529711375212959e-02 8.242784380305603897e-02 8.488964346349747107e-05 1.231748726655348264e-01 8.488964346349747107e-05
2.398081534772181765e-04 2.398081534772181765e-04 2.398081534772181765e-04 2.398081534772181765e-04 2.398081534772181765e-04 2.182254196642685259e-02 2.398081534772181765e-04 5.035971223021581435e-03 2.398081534772181765e-04 3.621103117505994340e-02 2.398081534772181765e-04 3.959232613908871823e-01 2.637889688249399778e-03 2.398081534772181765e-04 2.398081534772181765e-04 2.398081534772181765e-04 2.398081534772181765e-04 1.223021582733812597e-02 2.398081534772181765e-04 2.422062350119903382e-02 2.398081534772181765e-04 3.263788968824938852e-01 2.398081534772181765e-04 2.398081534772181765e-04 2.398081534772181765e-04 3.381294964028776218e-02 1.033573141486810315e-01 3.381294964028776218e-02 2.398081534772181765e-04 2.398081534772181765e-04
2.487562189054725670e-04 2.487562189054725670e-04 2.487562189054725670e-04 2.487562189054725670e-04 2.487562189054725670e-04 2.487562189054725670e-04 2.487562189054725670e-04 2.487562189054725670e-04 2.014925373134327652e-02 1.517412935323382561e-02 2.487562189054725670e-04 3.236318407960198096e-01 2.487562189054725670e-04 7.711442786069650120e-03 2.487562189054725670e-04 2.487562189054725670e-04 2.487562189054725670e-04 2.487562189054725670e-04 5.223880597014923799e-03 2.487562189054725670e-04 2.487562189054725670e-04 3.883084577114426783e-01 2.487562189054725670e-04 2.487562189054725670e-04 2.487562189054725670e-04 6.492537313432834856e-02 4.004975124378108708e-02 1.097014925373133998e-01 2.014925373134327652e-02 2.487562189054725670e-04
8.707865168539323519e-03 5.898876404494380644e-03 3.089887640449437336e-03 2.808988764044942983e-04 1.994382022471909502e-02 2.808988764044942983e-04 2.808988764044942983e-04 3.089887640449437336e-03 5.898876404494380644e-03 2.808988764044942983e-04 2.081460674157302460e-01 2.808988764044942983e-04 1.151685393258426553e-02 1.379213483146067010e-01 2.808988764044942983e-04 2.808988764044942983e-04 3.089887640449437336e-03 2.808988764044942983e-04 2.808988764044942983e-04 2.808988764044942983e-04 2.808988764044942983e-04 2.808988764044942983e-04 2.808988764044942983e-04 2.837078651685392278e-02 5.508426966292132576e-01 2.808988764044942983e-04 2.808988764044942983e-04 2.808988764044942983e-04 2.808988764044942983e-04 8.707865168539323519e-03
6.944444444444445794e-04 6.944444444444445794e-04 7.638888888888891240e-03 6.944444444444445794e-04 6.944444444444445794e-04 1.673611111111111549e-01 6.944444444444445794e-04 6.944444444444445794e-04 1.458333333333333703e-02 6.944444444444445794e-04 6.944444444444445794e-04 1.458333333333333703e-02 6.944444444444445794e-04 2.576388888888889728e-01 6.944444444444445794e-04 1.458333333333333703e-02 9.791666666666667962e-02 7.638888888888891240e-03 2.847222222222222515e-02 6.944444444444445794e-04 7.638888888888891240e-03 6.944444444444445794e-04 1.458333333333333703e-02 2.020833333333333925e-01 1.048611111111111271e-01 6.944444444444445794e-04 6.944444444444445794e-04 4.930555555555556080e-02 6.944444444444445794e-04 6.944444444444445794e-04
5.756521739130433801e-02 1.739130434782608543e-04 4.886956521739129616e-02 5.391304347826086051e-03 1.913043478260869398e-03 1.913043478260869398e-03 1.739130434782608543e-04 1.739130434782608543e-04 2.452173913043477829e-02 1.739130434782608543e-04 1.739130434782608543e-04 8.017391304347824821e-02 8.365217391304347050e-02 1.060869565217390995e-02 1.739130434782608543e-04 1.739130434782608543e-04 1.739130434782608543e-04 1.756521739130434412e-02 1.739130434782608543e-04 1.756521739130434412e-02 1.234782608695651936e-02 1.879999999999999449e-01 1.739130434782608543e-04 1.739130434782608543e-04 1.739130434782608543e-04 1.462608695652173607e-01 1.375652173913043119e-01 6.104347826086955336e-02 1.027826086956521584e-01 1.739130434782608543e-04
6.689847009735741534e-02 1.390820584144644896e-04 1.390820584144644896e-04 1.390820584144644896e-04 1.404728789986091353e-02 1.390820584144644896e-04 1.390820584144644896e-04 1.390820584144644896e-04 1.390820584144644896e-04 2.517385257301807400e-02 1.390820584144644896e-04 4.742698191933239493e-02 1.390820584144644896e-04 1.390820584144644896e-04 2.934631432545201091e-02 1.390820584144644896e-04 4.186369958275381470e-02 7.385257301808065278e-02 1.390820584144644896e-04 1.961057023643949376e-02 2.378303198887343067e-02 4.452016689847008712e-01 1.390820584144644896e-04 1.390820584144644896e-04 1.390820584144644896e-04 3.212795549374129755e-02 9.471488178025030957e-02 1.390820584144644896e-04 5.716272600834490514e-02 2.656467315716272079e-02
1.897533206831119256e-04 1.897533206831119256e-04 3.624288425047438034e-02 1.897533206831119256e-04 1.897533206831119256e-04 1.897533206831119256e-04 1.897533206831119256e-04 4.003795066413661646e-02 1.916508538899430389e-02 3.244781783681213727e-02 3.984819734345350709e-03 2.449715370018974714e-01 1.897533206831119256e-04 1.897533206831119256e-04 2.087286527514231344e-03 1.897533206831119256e-04 1.897533206831119256e-04 1.897533206831119256e-04 1.897533206831119256e-04 6.660341555977228323e-02 1.897533206831119256e-04 2.601518026565464159e-01 1.897533206831119256e-04 1.897533206831119256e-04 1.897533206831119256e-04 5.142314990512333178e-02 5.142314990512333178e-02 1.500948766603415196e-01 3.814041745730549493e-02 1.897533206831119256e-04
2.801120448179270973e-04 2.801120448179270973e-04 2.801120448179270973e-04 2.801120448179270973e-04 2.801120448179270973e-04 5.882352941176468772e-03 2.801120448179270973e-04 2.801120448179270973e-04 2.801120448179270973e-04 1.148459383753500963e-02 2.801120448179270973e-04 3.389355742296917828e-02 2.801120448179270973e-04 2.801120448179270973e-04 2.801120448179270973e-04 1.148459383753500963e-02 7.030812324929970603e-02 1.291316526610643833e-01 2.801120448179270973e-04 3.081232492997198341e-03 3.669467787114844698e-02 5.941176470588233061e-01 5.882352941176468772e-03 2.801120448179270973e-04 2.801120448179270973e-04 4.509803921568626695e-02 1.988795518207282093e-02 2.801120448179270973e-04 5.882352941176468772e-03 2.268907563025209309e-02
