3.597122302158273460e-04 3.597122302158273460e-04 3.597122302158273460e-04 1.046762589928057624e-01 7.553956834532374320e-03 3.597122302158273460e-04 5.791366906474820775e-02 3.956834532374100752e-03 3.597122302158273460e-04 1.834532374100719329e-02 3.597122302158273460e-04 3.597122302158273460e-04 3.597122302158273460e-04 5.431654676258992898e-02 3.597122302158273460e-04 3.597122302158273460e-04 3.597122302158273460e-04 3.597122302158273460e-04 3.597122302158273460e-04 3.597122302158273460e-04 5.431654676258992898e-02 3.597122302158273460e-04 7.553956834532374320e-03 3.597122302158273460e-04 3.597122302158273460e-04 3.564748201438848740e-01 6.151079136690647958e-02 2.665467625899280435e-01 3.597122302158273460e-04 3.597122302158273460e-04
8.826125330979703483e-05 8.826125330979703483e-05 8.031774051191530386e-03 8.305383936451900262e-02 2.736098852603708297e-03 8.826125330979703483e-05 6.363636363636365756e-02 1.757281553398059026e-01 8.826125330979703483e-05 8.826125330979703483e-05 9.452780229479261498e-02 8.826125330979703483e-05 8.914386584289500301e-03 8.826125330979703483e-05 1.853486319505737731e-03 4.863195057369816554e-02 2.303618711385702761e-02 8.826125330979703483e-05 8.826125330979703483e-05 1.051191526919682678e-01 4.774933804060019910e-02 8.826125330979703483e-05 1.545454545454545969e-01 5.392762577228599197e-02 5.569285083848193180e-02 8.826125330979703483e-05 7.157987643424539026e-02 8.826125330979703483e-05 8.826125330979703483e-05 8.826125330979703483e-05
7.692307692307691867e-03 5.170239596469104228e-03 3.165195460277427791e-02 6.431273644388398048e-03 1.261034047919293820e-04 1.399747793190416097e-02 1.261034047919293820e-04 1.375788146279949553e-01 1.375788146279949553e-01 1.778058007566204329e-02 3.291298865069357260e-02 3.909205548549811275e-03 2.648171500630517022e-03 7.692307692307691867e-03 1.261034047919293820e-04 1.060529634300126089e-01 4.678436317780580028e-02 1.021437578814627864e-02 1.261034047919293820e-04 1.867591424968474134e-01 2.282471626733921857e-02 1.261034047919293820e-04 2.912988650693568854e-02 2.408575031525851326e-02 1.651954602774274861e-02 1.261034047919293820e-04 6.431273644388398048e-03 1.085750315258511844e-01 6.431273644388398048e-03 3.039092055485498323e-02
4.347826086956521900e-04 4.347826086956521900e-04 7.869565217391305545e-02 4.347826086956521900e-04 4.347826086956521900e-04 4.347826086956521900e-04 3.956521739130434284e-02 6.130434782608695787e-02 9.608695652173913915e-02 2.178260869565217528e-01 4.347826086956521900e-04 4.347826086956521900e-04 4.347826086956521900e-04 4.782608695652174578e-03 4.347826086956521900e-04 4.347826086956521900e-04 1.265217391304347960e-01 4.347826086956521900e-04 1.526086956521739146e-01 6.565217391304348227e-02 4.347826086956521900e-04 4.347826086956521900e-04 9.130434782608696370e-03 1.347826086956521729e-02 1.047826086956521741e-01 4.347826086956521900e-04 4.347826086956521900e-04 2.217391304347825914e-02 4.347826086956521900e-04 4.347826086956521900e-04
1.934235976789167965e-04 4.061895551257252782e-03 9.864603481624755268e-03 7.562862669245647151e-02 1.179883945841392334e-02 1.760154738878142583e-02 3.500967117988394023e-02 2.825918762088974190e-01 1.934235976789167965e-04 2.400386847195357110e-01 1.953578336557059564e-02 1.934235976789167965e-04 1.934235976789167965e-04 1.934235976789167965e-04 4.061895551257252782e-03 6.789168278529979228e-02 1.934235976789167965e-04 1.934235976789167965e-04 1.934235976789167965e-04 2.127659574468084708e-03 2.340425531914893179e-02 1.934235976789167965e-04 1.934235976789167965e-04 3.114119922630560408e-02 4.061895551257252782e-03 2.920696324951643427e-02 5.435203094777561750e-02 8.529980657640230668e-02 1.934235976789167965e-04 1.934235976789167965e-04
1.196531791907513992e-01 1.926782273603082070e-04 1.003853564547205757e-01 1.926782273603082070e-04 1.926782273603082070e-04 1.926782273603082070e-04 2.909441233140653768e-02 2.716763005780345464e-02 1.175337186897879894e-02 4.450867052023119858e-02 5.606936416184968991e-02 1.926782273603082070e-04 4.973025048169555373e-01 3.102119460500962420e-02 3.102119460500962420e-02 3.680154142581886639e-02 1.926782273603082070e-04 1.926782273603082070e-04 1.926782273603082070e-04 1.926782273603082070e-04 1.926782273603082070e-04 1.926782273603082070e-04 1.926782273603082070e-04 1.175337186897879894e-02 1.926782273603082070e-04 1.926782273603082070e-04 1.926782273603082070e-04 1.926782273603082070e-04 1.926782273603082070e-04 1.926782273603082070e-04
8.425196850393698589e-02 2.624671916010498109e-04 7.112860892388449263e-02 1.338582677165353792e-02 2.624671916010498109e-04 2.624671916010498109e-04 1.288713910761154491e-01 2.624671916010498109e-04 2.624671916010498109e-04 5.750656167979000255e-01 2.624671916010498109e-04 2.624671916010498109e-04 2.624671916010498109e-04 2.125984251968503214e-02 2.624671916010498109e-04 2.624671916010498109e-04 8.136482939632544084e-03 2.624671916010498109e-04 2.624671916010498109e-04 3.700787401574801710e-02 1.076115485564304100e-02 2.624671916010498109e-04 2.624671916010498109e-04 2.624671916010498109e-04 3.438320209973751845e-02 2.624671916010498109e-04 2.624671916010498109e-04 1.076115485564304100e-02 2.624671916010498109e-04 2.624671916010498109e-04
3.378378378378377482e-04 4.763513513513511349e-02 4.763513513513511349e-02 3.378378378378377482e-04 3.378378378378377482e-04 3.378378378378377482e-04 3.378378378378377482e-04 5.101351351351349206e-02 5.983108108108106116e-01 3.378378378378377482e-04 3.412162162162160617e-02 3.378378378378377482e-04 3.378378378378377482e-04 3.378378378378377482e-04 3.378378378378377482e-04 1.047297297297297008e-02 2.398648648648647741e-02 3.716216216216215121e-03 1.253378378378378066e-01 3.378378378378377482e-04 3.378378378378377482e-04 2.736486486486485251e-02 3.378378378378377482e-04 3.378378378378377482e-04 3.378378378378377482e-04 3.378378378378377482e-04 1.385135135135134518e-02 3.378378378378377482e-04 3.378378378378377482e-04 1.047297297297297008e-02
2.590673575129533016e-04 2.590673575129533016e-04 2.590673575129533016e-04 2.590673575129533016e-04 8.031088082901552405e-03 2.590673575129533016e-04 1.116580310880828791e-01 2.590673575129533016e-04 2.590673575129533016e-04 2.590673575129533016e-04 2.357512953367874725e-02 2.590673575129533016e-04 2.590673575129533016e-04 2.590673575129533016e-04 2.590673575129533016e-04 5.779792746113987523e-01 2.590673575129533016e-04 4.430051813471501398e-02 3.134715025906734814e-02 2.590673575129533016e-04 2.590673575129533016e-04 2.590673575129533016e-04 2.590673575129533016e-04 1.841968911917097884e-01 2.849740932642486589e-03 2.590673575129533016e-04 2.590673575129533016e-04 2.590673575129533016e-04 5.440414507772019063e-03 5.440414507772019063e-03
2.087682672233820034e-04 2.087682672233820034e-04 3.778705636743214663e-02 7.118997912317326371e-02 2.087682672233820034e-04 2.087682672233820034e-04 5.448851774530270170e-02 2.087682672233820034e-04 2.087682672233820034e-04 4.156576200417535505e-01 1.108559498956158407e-01 2.087682672233820034e-04 1.899791231732776003e-02 2.296450939457201929e-03 4.384133611691021747e-03 2.526096033402921992e-02 1.899791231732776003e-02 2.087682672233820034e-04 4.384133611691021747e-03 2.317327766179540227e-02 2.087682672233820034e-04 2.087682672233820034e-04 2.087682672233820034e-04 2.087682672233820034e-04 2.087682672233820034e-04 2.087682672233820034e-04 1.025052192066805701e-01 1.004175365344467385e-01 2.087682672233820034e-04 6.471816283924841998e-03
2.832861189801698983e-04 1.728045325779036315e-02 7.960339943342774338e-02 2.832861189801698983e-04 2.832861189801698983e-04 7.677053824362603529e-02 4.560906515580735732e-02 5.127478753541075268e-02 8.781869688385266631e-03 2.832861189801698983e-04 2.294617563739375851e-02 2.832861189801698983e-04 2.832861189801698983e-04 2.832861189801698983e-04 5.949008498583568082e-03 4.450424929178468658e-01 2.832861189801698983e-04 2.832861189801698983e-04 3.711048158640225386e-02 3.116147308781869098e-03 5.949008498583568082e-03 1.107648725212464214e-01 2.832861189801698983e-04 2.011331444759206083e-02 8.781869688385266631e-03 3.116147308781869098e-03 2.832861189801698983e-04 2.832861189801698983e-04 2.832861189801698983e-04 5.410764872521245383e-02
5.456140350877190792e-02 1.754385964912280030e-04 7.561403508771927240e-02 1.929824561403508222e-03 1.754385964912280030e-04 1.754385964912280030e-04 7.385964912280698624e-02 1.754385964912280030e-04 2.649122807017542658e-02 5.071929824561401956e-01 1.754385964912280030e-04 1.754385964912280030e-04 2.824561403508770926e-02 4.228070175438595341e-02 1.754385964912280030e-04 5.438596491228068174e-03 3.350877192982455038e-02 1.754385964912280030e-04 1.754385964912280030e-04 4.929824561403507027e-02 1.754385964912280030e-04 1.754385964912280030e-04 1.754385964912280030e-04 1.754385964912280030e-04 9.842105263157890915e-02 1.754385964912280030e-04 1.754385964912280030e-04 1.754385964912280030e-04 1.754385964912280030e-04 1.754385964912280030e-04
1.075268817204301725e-03 1.075268817204301725e-03 1.086021505376344592e-01 5.483870967741937691e-02 3.333333333333334675e-02 1.075268817204301725e-03 1.075268817204301725e-03 9.784946236559144417e-02 1.075268817204301725e-03 1.408602150537635045e-01 1.075268817204301725e-03 1.075268817204301725e-03 1.075268817204301725e-03 1.075268817204301725e-03 7.634408602150541401e-02 1.182795698924731832e-02 1.516129032258065057e-01 1.182795698924731832e-02 1.075268817204301725e-03 1.301075268817204755e-01 1.075268817204301725e-03 1.075268817204301725e-03 1.075268817204301725e-03 1.075268817204301725e-03 1.075268817204301725e-03 1.075268817204301725e-03 6.559139784946238505e-02 9.784946236559144417e-02 1.075268817204301725e-03 1.075268817204301725e-03
1.996699669966995813e-02 1.650165016501649643e-04 8.927392739273924682e-02 1.041254125412540837e-01 3.481848184818480546e-02 1.453795379537953236e-01 1.650165016501649643e-04 1.024752475247524414e-01 5.627062706270625353e-02 2.986798679867985751e-02 4.801980198019800694e-02 6.765676567656762723e-03 5.297029702970295489e-02 1.650165016501649643e-04 2.161716171617160745e-02 1.650165016501649643e-04 1.650165016501649643e-04 1.171617161716171154e-02 1.650165016501649643e-04 1.948844884488447893e-01 1.650165016501649643e-04 1.650165016501649643e-04 3.481848184818480546e-02 2.326732673267325677e-02 1.650165016501649643e-04 1.650165016501649643e-04 1.815181518151814553e-03 1.996699669966995813e-02 1.650165016501649643e-04 1.650165016501649643e-04
1.669172932330827142e-02 7.669172932330826399e-03 1.204511278195488644e-01 1.669172932330827142e-02 1.911278195488721743e-01 3.157894736842105192e-03 1.503759398496240800e-04 1.654135338345864717e-03 1.503759398496240800e-04 1.518796992481202986e-02 5.428571428571429131e-02 3.264661654135338487e-01 5.428571428571429131e-02 1.503759398496240800e-04 6.481203007518797354e-02 1.503759398496240800e-04 1.503759398496240800e-04 2.120300751879699089e-02 1.503759398496240800e-04 2.421052631578947748e-02 1.503759398496240800e-04 1.503759398496240800e-04 1.503759398496240800e-04 4.661654135338345883e-03 1.503759398496240800e-04 2.721804511278195712e-02 1.503759398496240800e-04 9.172932330827067091e-03 1.503759398496240800e-04 3.924812030075187919e-02
1.878350515463917125e-01 2.290721649484535605e-01 8.268041237113400721e-02 2.061855670103092614e-04 2.105154639175257358e-01 2.061855670103092614e-04 2.061855670103092614e-04 2.061855670103092614e-04 1.463917525773195637e-02 2.061855670103092614e-04 7.855670103092782242e-02 4.556701030927835100e-02 5.999999999999999778e-02 2.061855670103092614e-04 1.257731958762886397e-02 2.061855670103092614e-04 6.391752577319586778e-03 1.051546391752577157e-02 2.061855670103092614e-04 2.061855670103092614e-04 2.061855670103092614e-04 2.061855670103092614e-04 2.061855670103092614e-04 2.061855670103092614e-04 2.061855670103092614e-04 2.061855670103092614e-04 2.268041237113401984e-03 2.061855670103092614e-04 5.381443298969072059e-02 2.268041237113401984e-03
6.045589692765112287e-03 9.910802775024775174e-05 9.425173439048560586e-02 2.487611496531218561e-02 3.280475718533200358e-02 9.910802775024775174e-05 9.910802775024775174e-05 9.910802775024775174e-05 4.172447968285430270e-02 3.181367690782952590e-02 8.027750247770066780e-03 4.063429137760156927e-03 4.172447968285430270e-02 6.253716551040633398e-02 4.063429137760156927e-03 2.586719524281466329e-02 7.443012884043605226e-02 3.280475718533200358e-02 2.081268582755202868e-03 2.072348860257680336e-01 3.974231912784934734e-02 9.910802775024775174e-05 4.063429137760156927e-03 5.064420218037660182e-02 2.388503468780970793e-02 9.910802775024775174e-05 1.694747274529236764e-02 9.910802775024775174e-05 3.082259663032705169e-02 1.388503468780970806e-01
3.063492063492062600e-01 9.297052154195007551e-03 5.691609977324262049e-02 7.029478458049884942e-03 1.816326530612244194e-01 2.267573696145124289e-04 4.557823129251700051e-02 2.267573696145124289e-04 2.267573696145124289e-04 2.267573696145124289e-04 2.267573696145124289e-04 3.197278911564625098e-02 2.156462585034013002e-01 2.267573696145124289e-04 2.267573696145124289e-04 4.761904761904760600e-03 2.267573696145124289e-04 2.267573696145124289e-04 2.267573696145124289e-04 1.156462585034013189e-02 6.598639455782311092e-02 2.267573696145124289e-04 7.029478458049884942e-03 1.383219954648525624e-02 2.267573696145124289e-04 4.761904761904760600e-03 3.424036281179137359e-02 2.267573696145124289e-04 2.267573696145124289e-04 2.267573696145124289e-04
3.891050583657588362e-04 3.891050583657588362e-04 3.891050583657588362e-04 3.151750972762646513e-02 3.891050583657588362e-04 3.891050583657588362e-04 3.891050583657588362e-04 3.891050583657588362e-04 1.206225680933852365e-02 5.486381322957199769e-02 3.891050583657588362e-04 4.280155642023347577e-03 3.891050583657588362e-04 2.688715953307393436e-01 3.891050583657588362e-04 3.891050583657588362e-04 4.280155642023347577e-03 3.891050583657588362e-04 3.891050583657588362e-04 3.891050583657588362e-04 1.754863813229572411e-01 1.984435797665369886e-02 5.875486381322958529e-02 5.875486381322958529e-02 8.210116731517512478e-02 3.891050583657588362e-04 6.264591439688717289e-02 9.377431906614788759e-02 3.151750972762646513e-02 3.540856031128405274e-02
1.331569664902998787e-02 1.791005291005291766e-01 3.800705467372135493e-02 2.213403880070547586e-02 5.388007054673723401e-02 6.261022927689596784e-03 7.142857142857145236e-03 6.093474426807762162e-02 8.818342151675489669e-05 1.684303350970018515e-02 3.615520282186950127e-03 1.772486772486773360e-02 3.447971781305116112e-02 8.818342151675489669e-05 7.328042328042330689e-02 8.818342151675489669e-05 3.007054673721341886e-02 8.818342151675489669e-05 4.770723104056439484e-02 1.596119929453263669e-02 3.183421516754851577e-02 1.888007054673722096e-01 2.918871252204586694e-02 4.506172839506174949e-02 8.818342151675489669e-05 1.851851851851852573e-03 3.095238095238096732e-02 4.497354497354499013e-03 3.271604938271606422e-02 1.419753086419753806e-02
5.405405405405405489e-04 5.405405405405405489e-04 4.378378378378378066e-02 5.405405405405405489e-04 5.405405405405405489e-04 1.951351351351351404e-01 2.221621621621621689e-01 5.405405405405405489e-04 1.135135135135135163e-02 5.405405405405405489e-04 1.135135135135135163e-02 1.681081081081081119e-01 1.032432432432432573e-01 5.945945945945946796e-03 3.297297297297296925e-02 5.405405405405405489e-04 5.405405405405405489e-04 5.405405405405405489e-04 2.756756756756756702e-02 5.405405405405405489e-04 5.405405405405405489e-04 2.216216216216216131e-02 6.540540540540540349e-02 5.405405405405405489e-04 5.405405405405405489e-04 3.837837837837837496e-02 4.378378378378378066e-02 5.405405405405405489e-04 5.405405405405405489e-04 5.405405405405405489e-04
4.184100418410043216e-04 4.184100418410043216e-04 4.184100418410043216e-04 4.184100418410043216e-04 4.184100418410043216e-04 4.184100418410043216e-04 5.899581589958160371e-02 4.184100418410043216e-04 4.184100418410043216e-04 4.184100418410043216e-04 7.154811715481174117e-02 4.184100418410043216e-04 4.184100418410043216e-04 4.602510460251047104e-03 4.602510460251047104e-03 3.393305439330544515e-01 8.786610878661090321e-03 5.899581589958160371e-02 4.184100418410043216e-04 4.184100418410043216e-04 8.786610878661090321e-03 4.184100418410043216e-04 2.849372384937238767e-01 8.786610878661090321e-03 4.184100418410043216e-04 3.389121338912134268e-02 3.807531380753138850e-02 4.184100418410043216e-04 6.736401673640170229e-02 4.602510460251047104e-03
1.499250374812593600e-04 3.148425787106446262e-03 1.499250374812593600e-04 2.563718140929534955e-02 1.499250374812593600e-04 1.499250374812593600e-04 4.647676161919039699e-03 1.499250374812593600e-04 9.160419790104945559e-02 5.262368815592203403e-02 5.862068965517240604e-02 1.214392803598200558e-02 6.146926536731632702e-03 1.125937031484257611e-01 1.499250374812593600e-04 1.499250374812593600e-04 1.649175412293852824e-03 2.413793103448275829e-02 1.499250374812593600e-04 3.163418290854572157e-02 5.562218890554721656e-02 3.148425787106446262e-03 1.964017991004497407e-02 1.664167916041978806e-02 9.310344827586206073e-02 1.499250374812593600e-04 2.355322338830584117e-01 5.112443778110943582e-02 1.364317841079460032e-02 8.560719640179909051e-02
7.276995305164317938e-03 1.901408450704224901e-02 1.666666666666666297e-02 2.136150234741783505e-02 2.347417840375586257e-04 2.347417840375586257e-04 4.953051643192487447e-02 8.474178403755866507e-02 6.126760563380280467e-02 1.739436619718309207e-01 2.347417840375586257e-04 2.347417840375586257e-04 2.347417840375586257e-04 1.058685446009389464e-01 2.347417840375586257e-04 1.410798122065727300e-01 2.347417840375586257e-04 2.347417840375586257e-04 2.347417840375586257e-04 4.929577464788731031e-03 2.347417840375586257e-04 2.347417840375586257e-04 3.544600938967135129e-02 9.624413145539903111e-03 1.622065727699529836e-01 2.347417840375586257e-04 1.666666666666666297e-02 8.708920187793425804e-02 2.347417840375586257e-04 2.347417840375586257e-04
2.816939890710381533e-01 2.732240437158469401e-04 5.491803278688523610e-02 2.732240437158469401e-04 9.863387978142074131e-02 2.732240437158469401e-04 2.732240437158469401e-04 6.857923497267758017e-02 3.005464480874316287e-03 4.398907103825135806e-02 2.732240437158469401e-04 3.852459016393441210e-02 1.915300546448086561e-01 2.732240437158469401e-04 1.068306010928961464e-01 2.732240437158469401e-04 2.732240437158469401e-04 2.732240437158469401e-04 5.765027322404370214e-02 2.732240437158469401e-04 1.666666666666665950e-02 2.732240437158469401e-04 2.732240437158469401e-04 5.737704918032784929e-03 2.732240437158469401e-04 2.732240437158469401e-04 2.732240437158469401e-04 2.486338797814206802e-02 3.005464480874316287e-03 2.732240437158469401e-04
3.484320557491289196e-04 3.484320557491289196e-04 3.867595818815330877e-02 5.261324041811846902e-02 3.484320557491289196e-04 3.484320557491289196e-04 3.484320557491289196e-04 1.118466898954703914e-01 2.125435540069686366e-02 3.170731707317073211e-02 1.606271777003484280e-01 3.484320557491289196e-04 3.832752613240418549e-03 3.484320557491289196e-04 3.484320557491289196e-04 3.484320557491289196e-04 3.484320557491289196e-04 3.484320557491289196e-04 3.484320557491289196e-04 2.512195121951219523e-01 3.484320557491289196e-04 1.080139372822299694e-02 3.832752613240418549e-03 3.484320557491289196e-04 3.832752613240418549e-03 2.125435540069686366e-02 1.536585365853658514e-01 1.188153310104529681e-01 3.484320557491289196e-04 1.080139372822299694e-02
3.058103975535167462e-04 3.058103975535167462e-04 4.617737003058101919e-02 1.409785932721712154e-01 1.559633027522935173e-02 3.058103975535167462e-04 2.477064220183485335e-02 1.165137614678898731e-01 3.058103975535167462e-04 3.394495412844035498e-02 3.058103975535167462e-04 3.058103975535167462e-04 3.058103975535167462e-04 3.058103975535167462e-04 3.058103975535167462e-04 3.088685015290518546e-02 3.058103975535167462e-04 3.058103975535167462e-04 3.058103975535167462e-04 2.204892966360855466e-01 9.204892966360853079e-02 6.422018348623850965e-03 2.782874617737001940e-02 6.758409785932720237e-02 3.058103975535167462e-04 3.394495412844035498e-02 4.006116207951068708e-02 9.816513761467886290e-02 3.058103975535167462e-04 3.058103975535167462e-04
2.242152466367712484e-04 2.242152466367712484e-04 2.242152466367712484e-04 1.975336322869954420e-01 2.242152466367712484e-04 2.242152466367712484e-04 1.213004484304932434e-01 1.369955156950672381e-01 9.192825112107620017e-03 2.242152466367712484e-04 2.242152466367712484e-04 2.242152466367712484e-04 2.242152466367712484e-04 2.242152466367712484e-04 2.242152466367712484e-04 5.852017937219729932e-02 4.282511210762331155e-02 2.242152466367712484e-04 2.242152466367712484e-04 2.242152466367712484e-04 2.242152466367712484e-04 2.242152466367712484e-04 7.869955156950671216e-02 2.242152466367712484e-04 1.123318385650223933e-01 2.713004484304932032e-02 1.616591928251120414e-01 4.955156950672644917e-02 2.242152466367712484e-04 2.242152466367712484e-04
1.036789297658862775e-02 3.344481605351169859e-04 2.374581939799330632e-02 2.040133779264213451e-02 3.344481605351169859e-04 3.678929765886287170e-03 9.397993311036788311e-02 6.387959866220735416e-02 1.705685618729096617e-02 2.010033444816053116e-01 3.344481605351169859e-04 3.344481605351169859e-04 3.678929765886287170e-03 4.715719063545149164e-02 3.344481605351169859e-04 9.732441471571905145e-02 1.371237458193979609e-02 3.344481605351169859e-04 3.344481605351169859e-04 5.050167224080266692e-02 7.023411371237456811e-03 3.344481605351169859e-04 4.381270903010032330e-02 7.023411371237456811e-03 2.709030100334447466e-02 3.344481605351169859e-04 8.394648829431436421e-02 1.809364548494983016e-01 3.344481605351169859e-04 3.344481605351169859e-04
4.052924791086350009e-02 1.128133704735375699e-02 1.143454038997214067e-01 1.392757660167130436e-04 1.824512534818940879e-02 1.392757660167130436e-04 1.392757660167130436e-04 1.392757660167130436e-04 2.381615598885793161e-02 2.924791086350974050e-03 9.623955431754871448e-02 1.392757660167130436e-04 6.420612813370471517e-02 3.774373259052923868e-02 2.520891364902506232e-02 1.392757660167130436e-04 3.217270194986071585e-02 1.267409470752088770e-02 1.392757660167130436e-04 1.449860724233982823e-01 1.672701949860723736e-01 1.392757660167130436e-04 8.495821727019495576e-03 4.470752089136489221e-02 1.392757660167130436e-04 1.392757660167130436e-04 5.027855153203341504e-02 1.392757660167130436e-04 1.392757660167130436e-04 1.032033426183843611e-01
3.737288135593221372e-01 8.474576271186443684e-04 8.474576271186443684e-04 8.474576271186443684e-04 1.279661016949152907e-01 8.474576271186443684e-04 8.474576271186443684e-04 8.474576271186443684e-04 8.474576271186443684e-04 8.474576271186443684e-04 8.474576271186443684e-04 1.025423728813559532e-01 8.474576271186443684e-04 8.474576271186443684e-04 2.211864406779661674e-01 8.474576271186443684e-04 8.474576271186443684e-04 8.474576271186443684e-04 7.711864406779662950e-02 8.474576271186443684e-04 9.322033898305086969e-03 8.474576271186443684e-04 2.627118644067797174e-02 9.322033898305086969e-03 8.474576271186443684e-04 8.474576271186443684e-04 1.779661016949152935e-02 1.779661016949152935e-02 8.474576271186443684e-04 8.474576271186443684e-04
1.972386587771202821e-04 1.972386587771202821e-04 5.147928994082839188e-02 1.323471400394476971e-01 1.972386587771202821e-04 5.345167652859959817e-02 1.794871794871794393e-02 1.972386587771202821e-04 4.142011834319525923e-03 1.972386587771202821e-04 7.317554240631161944e-02 1.972386587771202821e-04 1.972386587771202821e-04 1.972386587771202821e-04 1.972386587771202821e-04 1.597633136094674111e-02 1.597633136094674111e-02 2.386587771203155239e-02 1.203155818540433547e-02 2.230769230769230060e-01 4.950690335305719253e-02 1.972386587771202821e-04 1.205128205128204871e-01 5.542406311637079752e-02 1.005917159763313265e-02 1.400394477317553829e-02 6.331360946745560880e-02 5.739644970414200381e-02 1.972386587771202821e-04 4.142011834319525923e-03
4.945355191256829708e-02 4.672131147540982410e-02 5.491803278688523610e-02 3.005464480874316287e-03 2.732240437158469401e-04 2.732240437158469401e-04 3.005464480874316287e-03 2.486338797814206802e-02 2.732240437158469401e-04 2.732240437158469401e-04 3.579234972677594606e-02 2.732240437158469401e-04 2.732240437158469401e-04 8.224043715846991731e-02 5.330601092896173343e-01 2.732240437158469401e-04 3.579234972677594606e-02 2.732240437158469401e-04 2.732240437158469401e-04 2.732240437158469401e-04 2.732240437158469401e-04 2.732240437158469401e-04 2.732240437158469401e-04 1.120218579234972221e-02 6.857923497267758017e-02 3.005464480874316287e-03 3.005464480874316287e-03 3.306010928961747308e-02 2.732240437158469401e-04 8.469945355191254438e-03
2.533812949640287249e-01 1.438848920863309330e-04 3.611510791366905754e-02 1.438848920863309330e-04 1.799999999999999656e-01 7.338129496402875929e-03 1.438848920863309330e-04 4.460431654676258462e-03 1.438848920863309330e-04 8.776978417266184662e-03 3.179856115107913134e-02 4.187050359712229941e-02 3.066187050359711619e-01 1.438848920863309330e-04 3.021582733812949294e-03 1.582733812949640127e-03 1.438848920863309330e-04 1.438848920863309330e-04 1.438848920863309330e-04 1.438848920863309330e-04 9.942446043165464875e-02 1.438848920863309330e-04 1.597122302158273180e-02 7.338129496402875929e-03 1.438848920863309330e-04 1.438848920863309330e-04 1.438848920863309330e-04 1.438848920863309330e-04 1.438848920863309330e-04 1.438848920863309330e-04
2.457002457002456400e-04 2.457002457002456400e-04 3.218673218673217401e-02 2.702702702702701985e-03 2.702702702702701985e-03 2.457002457002456400e-04 8.378378378378376068e-02 8.378378378378376068e-02 4.692874692874692000e-02 4.965601965601963985e-01 2.457002457002456400e-04 2.457002457002456400e-04 1.990171990171989494e-02 2.457002457002456400e-04 2.457002457002456400e-04 2.481572481572480796e-02 2.457002457002456400e-04 2.457002457002456400e-04 5.159705159705158493e-03 2.457002457002456400e-04 2.457002457002456400e-04 7.616707616707615001e-03 7.616707616707615001e-03 2.457002457002456400e-04 7.616707616707615001e-03 2.457002457002456400e-04 2.457002457002456400e-04 1.427518427518427169e-01 2.457002457002456400e-04 3.218673218673217401e-02
1.022340425531914759e-01 1.235106382978723161e-01 5.436170212765956827e-02 6.393617021276595813e-02 3.946808510638297879e-02 1.063829787234042544e-04 3.095744680851063649e-02 1.063829787234042544e-04 2.244680851063829766e-02 1.022340425531914759e-01 5.010638297872339886e-02 1.063829787234042544e-04 1.063829787234042544e-04 2.989361702127659240e-02 3.202127659574467711e-02 1.063829787234042544e-04 4.361702127659573304e-03 1.063829787234042544e-04 1.063829787234042544e-04 1.063829787234042544e-04 3.627659574468084652e-02 1.596808510638297596e-01 3.946808510638297879e-02 2.882978723404255178e-02 5.425531914893615658e-03 3.308510638297872120e-02 2.351063829787233828e-02 1.712765957446808415e-02 1.063829787234042544e-04 1.063829787234042544e-04
3.401360544217687382e-04 3.401360544217687382e-04 3.401360544217687382e-04 3.401360544217687382e-04 3.401360544217687382e-04 5.816326530612245249e-02 3.435374149659863735e-02 3.741496598639456120e-03 3.401360544217687382e-04 3.401360544217687382e-04 3.401360544217687382e-04 3.401360544217687382e-04 3.401360544217687382e-04 3.741496598639456120e-03 3.401360544217687382e-04 3.401360544217687382e-04 4.795918367346938688e-02 3.401360544217687382e-04 1.704081632653061396e-01 1.054421768707483088e-02 3.401360544217687382e-04 3.401360544217687382e-04 3.401360544217687382e-04 3.401360544217687382e-04 1.465986394557823314e-01 3.401360544217687382e-04 3.401360544217687382e-04 3.401360544217687382e-04 4.561224489795918102e-01 6.156462585034014334e-02
3.123006833712982933e-01 1.617312072892938130e-02 9.362186788154895634e-02 2.277904328018222802e-04 3.715261958997720937e-01 2.277904328018222802e-04 2.277904328018222802e-04 2.277904328018222802e-04 2.277904328018222802e-04 2.277904328018222802e-04 8.906605922551251442e-02 7.995444191343961671e-02 9.339407744874711481e-03 2.277904328018222802e-04 1.161731207289293417e-02 2.277904328018222802e-04 2.277904328018222802e-04 2.505694760820045136e-03 2.277904328018222802e-04 2.277904328018222802e-04 9.339407744874711481e-03 2.277904328018222802e-04 2.277904328018222802e-04 2.277904328018222802e-04 2.277904328018222802e-04 2.277904328018222802e-04 2.277904328018222802e-04 2.277904328018222802e-04 2.277904328018222802e-04 2.277904328018222802e-04
1.663101604278075518e-01 5.347593582887702826e-04 5.347593582887702826e-04 6.470588235294119639e-02 7.005347593582889054e-02 7.005347593582889054e-02 5.347593582887702826e-04 2.192513368983957725e-02 5.347593582887702826e-04 5.347593582887702826e-04 5.347593582887702826e-04 5.347593582887702826e-04 2.251336898395722708e-01 1.074866310160428190e-01 1.235294117647059292e-01 5.347593582887702826e-04 5.347593582887702826e-04 5.347593582887702826e-04 5.935828877005349530e-02 5.347593582887702826e-04 5.401069518716578727e-02 5.347593582887702826e-04 5.347593582887702826e-04 2.727272727272727834e-02 5.347593582887702826e-04 5.347593582887702826e-04 5.347593582887702826e-04 5.347593582887702826e-04 5.347593582887702826e-04 5.347593582887702826e-04
4.641350210970464872e-03 4.219409282700422020e-04 4.219409282700422020e-04 8.059071729957806296e-02 4.261603375527425741e-02 4.219409282700422020e-04 1.270042194092826926e-01 8.902953586497891481e-02 4.219409282700422020e-04 4.261603375527425741e-02 4.219409282700422020e-04 4.683544303797468333e-02 4.219409282700422020e-04 4.219409282700422020e-04 8.860759493670886458e-03 4.641350210970464872e-03 4.219409282700422020e-04 4.219409282700422020e-04 2.151898734177215208e-02 1.734177215189873500e-01 8.059071729957806296e-02 6.371308016877637315e-02 1.308016877637130891e-02 1.016877637130801787e-01 4.641350210970464872e-03 4.219409282700422020e-04 8.902953586497891481e-02 4.219409282700422020e-04 4.219409282700422020e-04 4.219409282700422020e-04
2.217294900221728946e-04 2.217294900221728946e-04 9.113082039911306331e-02 4.235033259423502672e-02 2.217294900221728946e-04 5.787139689578713053e-02 6.873614190687360112e-03 9.090909090909086998e-03 2.217294900221728946e-04 2.217294900221728946e-04 7.560975609756095950e-02 2.217294900221728946e-04 2.217294900221728946e-04 6.452328159645231986e-02 2.217294900221728946e-04 2.217294900221728946e-04 1.155210643015520816e-01 2.217294900221728946e-04 2.217294900221728946e-04 1.199556541019955319e-01 3.084257206208425028e-01 2.217294900221728946e-04 2.217294900221728946e-04 4.013303769401329463e-02 5.787139689578713053e-02 2.217294900221728946e-04 2.217294900221728946e-04 2.217294900221728946e-04 2.439024390243902003e-03 4.656319290465630624e-03
2.639999999999999639e-02 1.142857142857142563e-04 1.441142857142856670e-01 1.257142857142856847e-03 1.142857142857142563e-04 1.257142857142856847e-03 6.068571428571427340e-02 1.142857142857142563e-04 2.982857142857142305e-02 4.743999999999998773e-01 4.811428571428570666e-02 1.142857142857142563e-04 4.685714285714284374e-03 2.399999999999999356e-03 1.142857142857142563e-04 3.325714285714285318e-02 2.754285714285713629e-02 1.142857142857142563e-04 1.382857142857142445e-02 3.782857142857141974e-02 4.239999999999999325e-02 1.142857142857142563e-04 1.142857142857142563e-04 1.142857142857142563e-04 8.114285714285711035e-03 1.142857142857142563e-04 1.142857142857142563e-04 3.897142857142855965e-02 3.542857142857141865e-03 1.142857142857142563e-04
2.900552486187845010e-03 2.900552486187845010e-03 3.604972375690607134e-02 3.466850828729281520e-02 2.900552486187845010e-03 1.381215469613259503e-04 1.671270718232044025e-02 5.676795580110496203e-02 1.852209944751380954e-01 5.953038674033148125e-02 2.900552486187845010e-03 1.381215469613259503e-04 1.381215469613259503e-04 4.281767955801104621e-03 1.381215469613259503e-04 5.400552486187844975e-02 1.519337016574585615e-03 1.381215469613259503e-04 1.381215469613259503e-04 1.037292817679557749e-01 3.881215469613259056e-02 4.571823204419889208e-02 2.361878453038673831e-02 1.809392265193369986e-02 1.381215469613259503e-04 1.381215469613259503e-04 2.499999999999999792e-02 2.777624309392264790e-01 1.381215469613259503e-04 5.662983425414363364e-03
1.809145129224651663e-02 1.411530815109343466e-02 7.375745526838964339e-02 1.988071570576540551e-04 1.988071570576540551e-04 1.988071570576540551e-04 1.988071570576540551e-04 3.797216699801192474e-02 1.632206759443339539e-01 1.988071570576540551e-04 6.580516898608348986e-02 1.013916500994035443e-02 2.007952286282305501e-02 6.381709741550695147e-02 3.598409542743537942e-02 1.988071570576540551e-04 2.186878727634194389e-03 1.988071570576540551e-04 3.679920477137175738e-01 1.988071570576540551e-04 1.988071570576540551e-04 1.411530815109343466e-02 6.163021868787275058e-03 1.411530815109343466e-02 1.988071570576540551e-04 1.988071570576540551e-04 2.186878727634194389e-03 1.988071570576540551e-04 4.791252485089462360e-02 3.996023856858846313e-02
8.488964346349745752e-05 8.488964346349745752e-05 3.480475382003395297e-03 1.112903225806451540e-01 1.782682512733446689e-03 2.631578947368420993e-03 3.234295415959253378e-02 9.940577249575550944e-02 1.366723259762309128e-02 3.573853989813242926e-02 5.780984719864176030e-02 8.488964346349745752e-05 8.488964346349745752e-05 8.488964346349745752e-05 8.488964346349745752e-05 9.091680814940576727e-02 8.488964346349745752e-05 1.782682512733446689e-03 5.178268251273344773e-03 3.913412563667232474e-02 8.488964346349745752e-05 8.488964346349745752e-05 1.418505942275042342e-01 9.337860780984720598e-04 2.555178268251273588e-02 2.979626485568760696e-02 1.376061120543293770e-01 1.681663837011884433e-01 8.488964346349745752e-05 8.488964346349745752e-05
2.398081534772181765e-04 2.398081534772181765e-04 7.434052757793763525e-03 2.398081534772181765e-04 2.398081534772181765e-04 5.035971223021581435e-03 1.702637889688249015e-02 2.398081534772181765e-04 1.369304556354915825e-01 2.664268585131893685e-01 2.422062350119903382e-02 7.434052757793763525e-03 2.398081534772181765e-04 4.340527577937648707e-02 2.398081534772181765e-04 5.779376498800958134e-02 2.398081534772181765e-04 2.398081534772181765e-04 2.398081534772181765e-04 2.398081534772181765e-04 2.398081534772181765e-04 2.398081534772181765e-04 2.398081534772181765e-04 2.398081534772181765e-04 6.498800959232611807e-02 2.398081534772181765e-04 2.398081534772181765e-04 3.647482014388487848e-01 2.398081534772181765e-04 2.398081534772181765e-04
2.487562189054726754e-04 2.487562189054726754e-04 1.766169154228855800e-02 2.487562189054726754e-04 2.487562189054726754e-04 2.736318407960199213e-03 2.487562189054726754e-04 3.258706467661691419e-02 2.365671641791044499e-01 9.477611940298508175e-02 4.502487562189055187e-02 1.019900497512437644e-02 2.487562189054726754e-04 3.507462686567164312e-02 2.487562189054726754e-04 2.736318407960199213e-03 2.487562189054726754e-04 2.487562189054726754e-04 2.487562189054726754e-04 5.223880597014925534e-03 2.487562189054726754e-04 2.487562189054726754e-04 2.487562189054726754e-04 2.487562189054726754e-04 2.487562189054726754e-04 2.487562189054726754e-04 2.014925373134328346e-02 4.927860696517412653e-01 2.487562189054726754e-04 2.487562189054726754e-04
3.766853932584268150e-01 1.098314606741572774e-01 1.210674157303370385e-01 2.808988764044942983e-04 2.530898876404493181e-01 2.808988764044942983e-04 2.808988764044942983e-04 2.808988764044942983e-04 1.151685393258426553e-02 5.898876404494380644e-03 1.432584269662920753e-02 5.898876404494380644e-03 3.117977528089886652e-02 2.808988764044942983e-04 2.808988764044942983e-04 2.808988764044942983e-04 2.808988764044942983e-04 2.808988764044942983e-04 2.808988764044942983e-04 3.679775280898875400e-02 2.808988764044942983e-04 2.275280898876403529e-02 2.808988764044942983e-04 3.089887640449437336e-03 2.808988764044942983e-04 2.808988764044942983e-04 3.089887640449437336e-03 2.808988764044942983e-04 2.808988764044942983e-04 2.808988764044942983e-04
6.944444444444445794e-04 3.062500000000000777e-01 7.708333333333335091e-02 4.930555555555556080e-02 6.944444444444445794e-04 1.187500000000000361e-01 6.944444444444445794e-04 9.097222222222223209e-02 6.944444444444445794e-04 6.944444444444445794e-04 6.944444444444445794e-04 2.506944444444444975e-01 7.638888888888891240e-03 6.944444444444445794e-04 2.152777777777778109e-02 6.944444444444445794e-04 6.944444444444445794e-04 6.944444444444445794e-04 6.944444444444445794e-04 2.152777777777778109e-02 6.944444444444445794e-04 6.944444444444445794e-04 6.944444444444445794e-04 6.944444444444445794e-04 6.944444444444445794e-04 6.944444444444445794e-04 6.944444444444445794e-04 6.944444444444445794e-04 6.944444444444445794e-04 4.236111111111112021e-02
1.739130434782608543e-04 1.739130434782608543e-04 1.201739130434782282e-01 5.756521739130433801e-02 1.739130434782608543e-04 1.739130434782608543e-04 1.060869565217390995e-02 5.582608695652173381e-02 8.539130434782607471e-02 8.886956521739128312e-02 1.149565217391304017e-01 3.652173913043477507e-03 5.391304347826086051e-03 1.060869565217390995e-02 1.234782608695651936e-02 1.739130434782608543e-04 1.582608695652173644e-02 1.739130434782608543e-04 1.739130434782608543e-04 1.445217391304347565e-01 1.739130434782608543e-04 1.739130434782608543e-04 3.652173913043477507e-03 1.739130434782608543e-04 1.739130434782608543e-04 1.739130434782608543e-04 8.017391304347824821e-02 1.879999999999999449e-01 1.739130434782608543e-04 1.739130434782608543e-04
1.390820584144644896e-04 1.529902642559109521e-03 9.749652294853959622e-02 1.390820584144644896e-04 1.390820584144644896e-04 1.390820584144644896e-04 7.524339360222528916e-02 1.390820584144644896e-04 1.390820584144644896e-04 4.479833101529901440e-01 3.490959666203059114e-02 1.126564673157162341e-02 1.682892906815020365e-02 1.390820584144644896e-04 1.390820584144644896e-04 3.630041724617523446e-02 4.311543810848398987e-03 1.529902642559109521e-03 1.390820584144644896e-04 1.390820584144644896e-04 1.390820584144644896e-04 2.920723226703754363e-03 1.390820584144644896e-04 1.390820584144644896e-04 7.107093184979135225e-02 1.390820584144644896e-04 9.332406119610565931e-02 9.749652294853959622e-02 5.702364394993043178e-03 1.390820584144644896e-04
1.897533206831119256e-04 1.897533206831119256e-04 5.332068311195445331e-02 1.897533206831119256e-04 1.897533206831119256e-04 3.984819734345350709e-03 1.897533206831119256e-04 1.406072106261859189e-01 3.170777988614800202e-01 1.614800759013282350e-01 5.142314990512333178e-02 1.897533206831119256e-04 1.897533206831119256e-04 1.897533206831119256e-04 1.897533206831119256e-04 6.470588235294116863e-02 1.897533206831119256e-04 3.984819734345350709e-03 2.087286527514231344e-03 2.675521821631877961e-02 3.984819734345350709e-03 1.897533206831119256e-04 1.897533206831119256e-04 1.897533206831119256e-04 1.897533206831119256e-04 1.897533206831119256e-04 1.897533206831119256e-04 1.671726755218215787e-01 1.897533206831119256e-04 1.897533206831119256e-04
2.801120448179270973e-04 2.801120448179270973e-04 8.151260504201678081e-02 3.081232492997198341e-03 2.801120448179270973e-04 2.801120448179270973e-04 2.801120448179270973e-04 2.801120448179270973e-04 2.801120448179270973e-04 5.464985994397757452e-01 2.801120448179270973e-04 2.801120448179270973e-04 2.549019607843136179e-02 2.801120448179270973e-04 2.801120448179270973e-04 5.630252100840334867e-02 2.801120448179270973e-04 2.801120448179270973e-04 8.683473389355739203e-03 2.801120448179270973e-04 2.268907563025209309e-02 2.801120448179270973e-04 2.801120448179270973e-04 2.801120448179270973e-04 1.851540616246497850e-01 2.801120448179270973e-04 2.801120448179270973e-04 6.470588235294115476e-02 2.801120448179270973e-04 2.801120448179270973e-04
