2.818181818181818010e-01 6.230598669623060165e-02 2.682926829268292637e-02 2.217294900221729488e-04 2.682926829268292637e-02 2.217294900221729488e-04 8.669623059866962689e-02 8.447893569844790174e-02 2.217294900221729488e-04 4.303769401330376776e-01
1.525963149078726766e-01 1.675041876046901251e-04 3.753768844221105350e-01 1.675041876046901251e-04 3.284757118927972841e-01 8.542713567839196193e-03 1.274706867671691612e-01 6.867671691792294128e-03 1.675041876046901251e-04 1.675041876046901251e-04
3.811387900355871494e-01 1.103202846975089024e-02 3.558718861209964664e-04 1.106761565836298922e-01 2.779359430604981807e-01 1.284697508896797125e-01 3.558718861209964664e-04 1.103202846975089024e-02 7.864768683274021843e-02 3.558718861209964664e-04
4.645035183737294959e-01 3.838936669272869501e-02 8.600469116497264652e-04 2.666145426114151923e-02 3.487881157154026912e-01 8.139171227521500851e-02 7.818608287724785678e-05 2.509773260359655922e-02 1.415168100078186171e-02 7.818608287724785678e-05
3.733108108108108142e-02 6.925675675675675193e-03 3.109797297297297036e-01 2.043918918918918859e-02 4.951013513513514153e-01 3.226351351351351704e-02 3.547297297297297494e-03 8.462837837837837440e-02 1.689189189189189283e-04 8.614864864864863608e-03
2.232142857142857344e-04 2.232142857142857344e-04 4.734375000000000111e-01 2.232142857142857344e-04 4.354910714285714080e-01 3.147321428571428492e-02 4.687499999999999827e-03 5.379464285714286031e-02 2.232142857142857344e-04 2.232142857142857344e-04
2.960975609756097415e-01 2.455284552845528323e-02 6.666666666666666227e-03 1.626016260162601625e-04 5.660162601626016476e-01 7.983739837398373673e-02 5.040650406504065470e-03 1.626016260162601625e-04 2.130081300813008172e-02 1.626016260162601625e-04
3.556074766355140637e-01 5.140186915887851385e-03 5.191588785046729049e-01 4.672897196261682979e-04 5.186915887850467727e-02 4.672897196261682979e-04 5.140186915887851385e-03 6.121495327102804279e-02 4.672897196261682979e-04 4.672897196261682979e-04
6.218446601941748364e-01 4.854368932038835831e-04 5.339805825242719198e-03 4.854368932038835831e-04 2.480582524271845168e-01 1.072815533980582686e-01 1.504854368932038999e-02 4.854368932038835831e-04 4.854368932038835831e-04 4.854368932038835831e-04
2.780645161290322687e-01 6.451612903225806446e-04 6.451612903225806446e-04 1.425806451612903203e-01 6.451612903225806446e-04 6.451612903225806446e-04 5.748387096774193461e-01 6.451612903225806446e-04 6.451612903225806446e-04 6.451612903225806446e-04
2.352941176470588300e-04 1.131764705882352950e-01 2.378823529411764615e-01 2.352941176470588300e-04 5.955294117647058627e-01 4.729411764705882676e-02 2.588235294117647266e-03 2.352941176470588300e-04 2.352941176470588300e-04 2.588235294117647266e-03
2.339563862928348836e-01 3.115264797507788291e-04 2.152647975077881526e-01 3.426791277258567445e-03 9.688473520249221704e-02 1.588785046728971931e-02 3.115264797507788291e-04 2.869158878504672883e-01 3.115264797507788291e-04 1.467289719626168332e-01
1.228070175438596492e-02 2.286549707602339165e-01 5.847953216374269115e-04 5.906432748538011784e-02 5.847953216374269115e-04 5.847953216374269115e-04 1.228070175438596492e-02 4.152046783625730486e-02 6.263157894736841591e-01 1.812865497076023361e-02
7.967289719626167999e-02 1.100467289719626179e-01 3.857476635514018315e-01 2.336448598130841218e-04 1.778037383177570041e-01 2.336448598130841218e-04 2.336448598130841218e-04 2.455607476635513764e-01 2.336448598130841218e-04 2.336448598130841218e-04
9.718172983479106224e-05 9.825072886297375740e-02 2.838678328474247281e-01 1.068999028182701779e-03 5.257531584062196534e-02 9.718172983479106224e-05 1.856171039844509499e-02 5.452866861030126744e-01 9.718172983479106224e-05 9.718172983479106224e-05
2.689045936395759728e-01 3.533568904593639964e-04 3.533568904593639964e-04 2.371024734982331850e-01 3.533568904593639964e-04 3.533568904593639964e-04 4.703180212014134165e-01 3.533568904593639964e-04 3.533568904593639964e-04 2.155477031802120053e-02
4.032258064516130113e-04 4.032258064516130113e-04 4.278225806451613766e-01 4.032258064516130113e-04 2.866935483870968193e-01 4.032258064516130113e-04 4.032258064516130113e-04 2.463709677419355371e-01 3.669354838709678462e-02 4.032258064516130113e-04
1.290381125226860159e-01 1.814882032667876734e-04 3.849364791288565901e-01 1.814882032667876734e-04 2.379310344827585966e-01 1.054446460980036360e-01 1.417422867513611628e-01 1.814882032667876734e-04 1.814882032667876734e-04 1.814882032667876734e-04
1.216545012165450045e-04 8.649635036496348961e-02 1.996350364963503377e-01 1.216545012165450045e-04 5.585158150851581293e-01 1.958637469586374524e-02 1.216545012165450045e-04 1.351581508515814767e-01 1.216545012165450045e-04 1.216545012165450045e-04
8.684981684981685213e-01 3.663003663003663000e-04 3.663003663003663000e-04 5.531135531135530914e-02 3.663003663003663000e-04 4.432234432234432447e-02 3.663003663003663000e-04 7.692307692307692735e-03 2.234432234432234474e-02 3.663003663003663000e-04
3.378378378378378566e-04 3.716216216216216423e-03 6.253378378378378066e-01 3.716216216216216423e-03 2.402027027027026918e-01 7.094594594594594988e-03 2.398648648648648435e-02 8.817567567567567710e-02 7.094594594594594988e-03 3.378378378378378566e-04
6.056935190793459156e-05 9.999999999999999167e-02 2.677771047849787922e-01 4.300423985463355282e-03 2.090248334342822700e-01 6.056935190793459156e-05 6.056935190793459156e-05 4.137492428831011648e-01 4.906117504542700791e-03 6.056935190793459156e-05
9.406130268199233702e-02 1.915708812260536462e-04 1.915708812260536462e-04 1.915708812260536462e-04 4.484674329501915357e-01 1.915708812260536462e-04 1.915708812260536462e-04 4.808429118773946409e-02 1.687739463601532486e-01 2.396551724137930828e-01
1.016260162601626015e-04 5.396341463414633388e-02 2.389227642276422481e-01 1.016260162601626015e-04 5.570121951219512146e-01 1.534552845528455028e-02 1.117886178861788671e-03 1.332317073170731503e-01 1.016260162601626015e-04 1.016260162601626015e-04
4.861111111111111188e-03 3.726851851851852027e-02 3.034722222222221988e-01 2.314814814814814903e-04 4.493055555555555691e-01 2.314814814814814903e-04 2.314814814814814903e-04 1.854166666666666463e-01 2.314814814814814903e-04 1.874999999999999931e-02
6.712460063897763840e-01 3.194888178913738103e-04 2.268370607028753760e-02 3.194888178913738103e-04 1.920127795527156733e-01 7.380191693290735766e-02 3.194888178913738103e-04 3.514376996805112022e-03 6.709265175718849908e-03 2.907348242811501338e-02
1.435331230283911318e-02 4.197160883280756649e-01 1.577287066246056625e-04 1.277602523659305753e-02 1.593059936908516883e-02 1.908517350157728359e-02 7.271293375394320690e-02 1.277602523659305753e-02 1.577287066246056625e-04 4.323343848580440962e-01
1.673218673218672958e-01 1.280098280098280195e-01 1.992628992628992513e-01 8.624078624078623800e-02 4.938574938574939038e-02 2.235872235872235839e-02 2.262899262899262798e-01 1.206388206388206430e-01 2.457002457002456942e-04 2.457002457002456942e-04
3.130853110968569997e-01 6.356638871071199071e-02 1.886465683130211790e-01 1.481719050673508710e-02 3.188582424631173917e-01 9.884541372674790494e-02 1.347017318794098808e-03 6.414368184733804362e-05 6.414368184733804362e-05 7.055805003207184798e-04
2.777777777777777775e-04 1.891666666666666496e-01 2.777777777777777775e-04 4.194444444444444392e-02 2.777777777777777775e-04 2.777777777777777775e-04 1.058333333333333348e-01 4.724999999999999756e-01 1.558333333333333237e-01 3.361111111111111244e-02
4.504504504504505116e-04 9.459459459459461719e-03 8.603603603603605932e-02 3.198198198198198144e-02 8.153153153153154531e-02 4.504504504504505116e-04 3.648648648648648851e-02 7.527027027027027861e-01 4.504504504504505116e-04 4.504504504504505116e-04
1.874999999999999931e-02 3.676470588235294067e-04 3.275735294117647078e-01 3.676470588235294067e-04 4.378676470588235281e-01 2.610294117647058570e-02 3.676470588235294067e-04 1.731617647058823484e-01 1.507352941176470437e-02 3.676470588235294067e-04
2.008032128514056040e-04 2.008032128514056040e-04 5.885542168674698926e-01 2.008032128514056040e-04 2.933734939759035654e-01 2.831325301204818887e-02 7.851405622489959768e-02 2.008032128514056040e-04 1.024096385542168537e-02 2.008032128514056040e-04
7.131188118811879750e-01 2.475247524752474735e-04 1.091584158415841305e-01 2.722772277227722155e-03 1.289603960396039362e-01 2.475247524752474735e-04 2.499999999999999098e-02 7.673267326732671409e-03 1.262376237623761936e-02 2.475247524752474735e-04
7.730769230769231337e-02 4.230769230769231525e-03 1.388461538461538414e-01 2.234615384615384615e-01 4.230769230769231525e-03 3.846153846153846151e-04 3.846153846153846151e-04 5.503846153846153610e-01 3.846153846153846151e-04 3.846153846153846151e-04
2.702702702702702744e-04 2.702702702702702744e-04 3.516216216216215829e-01 2.702702702702702744e-04 4.786486486486486447e-01 7.864864864864865024e-02 8.378378378378377803e-03 8.135135135135135309e-02 2.702702702702702744e-04 2.702702702702702744e-04
2.799795709908069474e-01 1.757916241062308094e-01 1.021450459652706847e-04 1.133810010214504442e-02 4.372829417773237970e-01 2.359550561797752605e-02 1.021450459652706847e-04 4.708886618998978091e-02 2.461695607763023444e-02 1.021450459652706847e-04
2.822429906542055916e-02 1.700934579439252262e-02 3.497196261682242735e-01 5.794392523364486070e-03 4.020560747663551315e-01 1.869158878504673083e-04 1.869158878504673083e-04 1.553271028037383206e-01 3.925233644859813312e-03 3.757009345794392469e-02
4.651162790697675221e-04 4.651162790697675221e-04 5.725581395348837699e-01 4.651162790697675221e-04 4.144186046511628141e-01 4.651162790697675221e-04 4.651162790697675221e-04 4.651162790697675221e-04 9.767441860465117531e-03 4.651162790697675221e-04
9.712041884816753623e-02 5.497382198952879655e-03 1.939790575916230109e-01 1.128272251308900520e-01 2.175392670157067776e-01 2.617801047120419116e-04 2.617801047120419116e-04 3.719895287958114860e-01 2.617801047120419116e-04 2.617801047120419116e-04
2.297734627831714976e-02 3.559870550161812509e-03 4.145631067961164651e-01 3.236245954692556679e-04 4.663430420711973667e-01 8.770226537216828377e-02 3.236245954692556679e-04 3.236245954692556679e-04 3.236245954692556679e-04 3.559870550161812509e-03
1.897533206831119527e-04 1.368121442125237175e-01 1.121442125237191723e-01 1.897533206831119527e-04 1.956356736242884087e-01 1.897533206831119527e-04 1.897533206831119527e-04 5.011385199240987465e-01 5.332068311195446025e-02 1.897533206831119527e-04
8.618181818181817888e-02 3.067878787878787761e-01 1.212121212121212229e-04 1.212121212121212229e-04 1.212121212121212229e-04 1.333333333333333506e-03 6.557575757575757891e-02 1.201212121212121148e-01 2.072727272727272960e-02 3.989090909090909354e-01
3.571428571428571425e-04 1.821428571428571411e-02 9.321428571428572174e-02 3.571428571428571425e-04 1.682142857142857328e-01 1.464285714285714149e-02 3.571428571428571425e-04 6.789285714285714368e-01 3.571428571428571425e-04 2.535714285714285587e-02
3.621710526315789491e-01 3.618421052631579354e-03 2.108552631578947123e-01 2.993421052631578885e-02 3.259868421052631304e-01 5.953947368421053099e-02 3.289473684210526242e-04 3.289473684210526242e-04 6.907894736842105921e-03 3.289473684210526242e-04
3.296470588235294041e-01 2.352941176470588300e-04 2.352941176470588300e-04 1.861176470588235266e-01 2.352941176470588300e-04 2.352941176470588300e-04 4.825882352941176512e-01 2.352941176470588300e-04 2.352941176470588300e-04 2.352941176470588300e-04
6.525423728813559143e-02 7.372881355932203729e-02 2.824858757062146991e-04 4.268361581920903647e-01 2.824858757062146991e-04 1.274011299435028333e-01 2.824858757062146991e-04 8.502824858757063176e-02 2.206214689265536544e-01 2.824858757062146991e-04
3.079545454545454253e-01 6.621900826446279476e-02 1.912190082644627531e-01 4.245867768595040781e-02 2.914256198347107141e-01 9.307851239669419352e-02 2.169421487603305325e-03 5.268595041322312808e-03 1.033057851239669260e-04 1.033057851239669260e-04
3.300330033003300370e-04 3.300330033003300370e-04 4.458745874587458635e-01 1.023102310231023201e-02 2.445544554455445219e-01 2.511551155115511191e-01 1.353135313531353065e-02 3.300330033003300370e-04 3.300330033003300370e-04 3.333333333333333287e-02
2.282157676348547416e-03 5.622406639004148832e-02 3.632780082987551173e-01 8.506224066390039029e-03 5.582987551867220066e-01 2.074688796680497873e-04 2.074688796680497873e-04 2.074688796680497873e-04 2.282157676348547416e-03 8.506224066390039029e-03
1.234567901234567876e-03 1.234567901234567876e-03 1.493827160493827189e-01 1.234567901234567876e-03 1.987654320987654599e-01 1.234567901234567876e-03 1.234567901234567876e-03 6.308641975308642014e-01 1.358024691358024859e-02 1.234567901234567876e-03
5.069686411149826322e-02 4.078397212543554140e-01 1.742160278745644598e-04 1.742160278745644598e-04 1.742160278745644598e-04 1.759581881533101022e-02 1.742160278745644598e-04 4.372822299651567962e-02 1.236933797909407599e-02 4.670731707317073433e-01
4.609164420485175467e-02 5.687331536388140485e-02 2.695417789757412652e-04 2.695417789757412652e-04 5.474393530997304635e-01 3.530997304582210450e-02 2.695417789757412652e-04 9.191374663072776618e-02 1.862533692722371792e-01 3.530997304582210450e-02
7.924157303370784611e-01 7.893258426966290320e-02 2.808988764044942983e-04 2.808988764044942983e-04 8.174157303370784000e-02 2.808988764044942983e-04 4.522471910112358523e-02 2.808988764044942983e-04 2.808988764044942983e-04 2.808988764044942983e-04
3.570581257413997511e-02 1.009489916963226402e-01 1.116251482799525269e-01 1.186239620403321419e-04 5.588374851720047110e-01 2.265717674970343931e-02 1.186239620403321419e-04 1.697508896797152722e-01 1.186239620403321419e-04 1.186239620403321419e-04
1.724137931034482897e-04 1.398275862068965314e-01 9.844827586206897352e-02 1.724137931034482897e-04 1.484482758620689624e-01 5.344827586206896304e-03 1.724137931034482897e-04 5.174137931034482607e-01 1.396551724137930911e-02 7.603448275862069450e-02
1.600355239786855899e-01 1.776198934280639606e-04 3.074600355239786587e-01 1.776198934280639606e-04 4.939609236234458467e-01 1.261101243339254017e-02 1.776198934280639606e-04 1.953818827708703621e-03 2.326820603907637716e-02 1.776198934280639606e-04
3.984063745019920466e-04 3.227091633466135090e-02 8.366533864541832871e-03 6.812749003984064355e-02 1.239043824701195340e-01 3.984063745019920466e-04 1.318725099601593675e-01 2.075697211155378419e-01 1.517928286852589792e-01 2.752988047808764827e-01
4.240083507306889321e-01 3.987473903966597122e-02 2.087682672233820576e-04 2.087682672233820576e-04 4.803757828810020780e-01 5.448851774530271558e-02 2.087682672233820576e-04 2.087682672233820576e-04 2.087682672233820576e-04 2.087682672233820576e-04
5.799151343705798850e-03 5.799151343705798850e-03 1.414427157001414638e-04 1.287128712871287058e-02 1.217821782178217793e-01 1.811881188118811825e-01 1.555869872701556075e-03 2.971711456859971734e-01 3.636492220650636709e-01 1.004243281471004119e-02
2.623809523809523814e-01 5.238095238095238741e-03 1.385714285714285676e-01 1.952380952380952314e-02 4.290476190476190110e-01 1.433333333333333404e-01 4.761904761904761901e-04 4.761904761904761901e-04 4.761904761904761901e-04 4.761904761904761901e-04
1.785714285714285713e-04 2.376785714285714057e-01 1.519642857142856907e-01 1.785714285714285713e-04 1.785714285714285713e-04 1.785714285714285713e-04 1.785714285714285713e-04 4.573214285714286009e-01 1.785714285714285713e-04 1.519642857142856907e-01
2.645502645502645681e-04 4.259259259259259855e-02 3.785714285714285587e-01 2.407407407407407413e-02 4.976190476190476275e-01 5.582010582010582533e-02 2.645502645502645681e-04 2.645502645502645681e-04 2.645502645502645681e-04 2.645502645502645681e-04
2.204402515723270228e-01 3.144654088050314851e-04 3.144654088050314851e-04 4.119496855345911729e-02 2.393081761006289054e-01 4.437106918238993281e-01 3.459119496855346011e-03 4.748427672955974482e-02 3.144654088050314851e-04 3.459119496855346011e-03
2.501515151515151247e-01 5.772727272727273123e-02 7.742424242424242320e-02 5.469696969696970223e-02 2.880303030303030254e-01 2.713636363636363624e-01 1.515151515151515150e-04 1.515151515151515150e-04 1.515151515151515150e-04 1.515151515151515150e-04
5.688524590163934747e-01 1.316939890710382699e-01 9.890710382513663579e-02 5.464480874316940970e-04 5.464480874316940970e-04 5.464480874316940970e-04 5.464480874316940970e-04 7.158469945355191988e-02 5.464480874316940970e-04 1.262295081967213517e-01
2.890173410404624460e-04 1.447976878612716733e-01 3.179190751445086852e-03 2.890173410404624460e-04 6.676300578034682909e-02 2.890173410404624460e-04 3.413294797687861371e-01 2.890173410404624460e-04 2.890173410404624460e-04 4.424855491329479640e-01
2.989041095890410671e-01 2.739726027397260621e-04 1.454794520547945114e-01 1.810958904109588874e-01 7.972602739726027121e-02 2.739726027397260621e-04 2.739726027397260621e-04 1.947945205479451880e-01 3.013698630136986412e-03 9.616438356164383472e-02
3.714932126696832149e-01 1.407239819004524883e-01 4.524886877828054486e-04 4.524886877828054486e-04 4.524886877828054486e-04 1.402714932126696880e-02 4.524886877828054486e-04 1.407239819004524883e-01 4.524886877828054486e-04 3.307692307692307598e-01
1.187207488299531905e-01 7.347893915756630034e-02 3.276131045241809699e-03 1.560062402496099844e-04 3.168486739469578706e-01 3.293291731669266698e-01 1.560062402496099844e-04 1.218408736349453902e-01 3.603744149765990973e-02 1.560062402496099844e-04
1.393063583815029038e-01 1.508670520231213952e-01 5.780346820809248920e-04 2.317919075144508623e-01 1.161849710982659073e-01 4.104046242774566505e-02 3.184971098265896305e-01 5.780346820809248920e-04 5.780346820809248920e-04 5.780346820809248920e-04
2.779369627507163529e-02 7.268385864374402039e-02 3.915950334288442920e-03 2.301814708691499525e-02 9.551098376313276275e-05 1.022922636103151817e-01 7.699140401146131740e-01 9.551098376313276275e-05 9.551098376313276275e-05 9.551098376313276275e-05
3.105590062111801357e-04 2.332298136645962472e-01 1.245341614906832345e-01 7.795031055900621120e-02 4.319875776397515410e-01 3.105590062111801357e-04 3.105590062111801357e-04 3.105590062111801357e-04 1.307453416149068348e-01 3.105590062111801357e-04
2.516469038208168918e-02 4.586297760210804042e-01 1.317523056653491600e-04 1.449275362318840597e-03 1.317523056653491600e-04 1.317523056653491600e-04 1.094861660079051308e-01 5.415019762845849766e-02 1.317523056653491600e-04 3.505928853754941010e-01
3.135057471264367512e-01 6.350574712643677899e-02 8.908045977011494129e-03 2.873563218390804558e-04 5.089080459770114473e-01 9.511494252873563260e-02 3.160919540229885447e-03 2.873563218390804558e-04 2.873563218390804558e-04 6.034482758620689571e-03
1.307134220072551367e-01 2.552599758162031329e-01 1.209189842805320487e-04 1.209189842805320487e-04 1.209189842805320487e-04 1.209189842805320487e-04 1.209189842805320487e-04 2.866989117291414702e-01 4.957678355501812968e-03 3.217654171704957822e-01
4.081632653061225183e-04 2.248979591836735015e-01 4.081632653061225183e-04 4.081632653061225183e-04 4.044897959183673675e-01 1.265306122448979845e-02 4.489795918367347864e-03 2.779591836734693899e-01 7.387755102040817479e-02 4.081632653061225183e-04
1.181405895691610003e-01 1.362811791383219950e-01 1.997732426303854836e-01 2.267573696145124831e-04 3.380952380952380598e-01 9.092970521541950124e-02 1.113378684807256325e-01 2.267573696145124831e-04 2.494331065759637558e-03 2.494331065759637558e-03
3.318750000000000311e-01 4.380681818181817594e-02 4.096590909090908755e-02 5.681818181818181813e-05 3.148295454545454453e-01 2.153977272727272962e-01 2.789772727272727196e-02 2.505681818181818357e-02 5.681818181818181813e-05 5.681818181818181813e-05
1.019900497512437644e-02 6.492537313432836243e-02 3.684079601990049579e-01 2.014925373134328346e-02 4.679104477611940038e-01 1.019900497512437644e-02 5.746268656716418260e-02 2.487562189054726754e-04 2.487562189054726754e-04 2.487562189054726754e-04
2.502613890963405474e-01 4.637789395070948673e-02 5.907393577296489451e-02 7.468259895444361984e-05 3.361463778939507430e-01 3.077669902912621436e-01 7.468259895444361984e-05 7.468259895444361984e-05 7.468259895444361984e-05 7.468259895444361984e-05
7.308411214953271229e-02 1.160747663551401909e-01 2.600000000000000089e-01 1.140186915887850434e-02 3.628037383177569741e-01 1.869158878504673083e-04 6.560747663551402820e-02 1.104672897196261744e-01 1.869158878504673083e-04 1.869158878504673083e-04
2.022609819121447272e-01 8.339793281653747059e-02 1.234496124031007752e-01 2.648578811369508863e-03 4.490310077519379939e-01 7.564599483204134667e-02 6.459948320413437506e-05 6.272609819121446884e-02 7.105943152454780986e-04 6.459948320413437506e-05
5.207474226804124084e-01 1.288659793814433019e-04 1.288659793814433019e-04 1.288659793814433019e-04 3.106958762886598002e-01 1.676546391752577192e-01 1.288659793814433019e-04 1.288659793814433019e-04 1.288659793814433019e-04 1.288659793814433019e-04
2.169197396963123818e-04 2.865509761388286281e-01 1.281995661605206116e-01 6.724511930585683889e-03 1.347071583514099780e-01 1.540130151843817699e-02 2.169197396963123818e-04 2.865509761388286281e-01 1.412147505422993443e-01 2.169197396963123818e-04
1.913835956917978726e-02 6.304888152444075577e-02 8.285004142502071613e-05 8.285004142502071613e-05 2.990886495443247778e-02 7.299088649544324681e-02 8.144987572493785910e-01 8.285004142502071613e-05 8.285004142502071613e-05 8.285004142502071613e-05
8.575929426591051563e-02 6.301197227473219812e-05 2.848771266540642833e-01 6.301197227473219812e-05 3.050409577819785945e-01 1.399495904221802201e-01 6.370510396975424816e-02 1.204158790170132276e-01 6.301197227473219812e-05 6.301197227473219812e-05
7.457121551081282373e-05 8.732289336316181871e-02 1.565995525727069447e-03 4.556301267710663461e-02 2.841163310961968697e-02 7.986577181208052989e-02 7.047725577926919893e-01 7.457121551081282373e-05 5.078299776286353262e-02 1.565995525727069447e-03
1.972386587771203363e-04 5.739644970414201769e-02 4.950690335305719947e-02 1.972386587771203363e-04 2.309664694280078867e-01 1.972386587771203363e-04 1.597633136094674458e-02 3.256410256410256499e-01 3.177514792899407969e-01 2.169625246548323536e-03
5.010020040080161667e-05 8.271543086172346293e-02 5.010020040080161667e-05 1.127755511022044271e-01 5.010020040080161667e-05 5.511022044088178173e-04 7.410320641282566179e-01 2.259519038076152758e-02 4.013026052104209235e-02 5.010020040080161667e-05
1.170658682634730247e-01 7.514970059880236863e-02 2.994011976047903072e-04 2.994011976047903072e-04 2.994011976047903072e-04 2.994011976047903072e-04 7.997005988023949685e-01 2.994011976047903072e-04 2.994011976047903072e-04 6.287425149700596669e-03
3.021148036253776432e-04 3.957703927492447343e-02 3.537764350453171946e-01 3.021148036253776432e-04 6.045317220543806602e-01 3.021148036253776432e-04 3.021148036253776432e-04 3.021148036253776432e-04 3.021148036253776432e-04 3.021148036253776432e-04
8.345864661654134320e-02 6.835269993164730786e-05 2.440874914559125197e-01 2.535885167464115020e-02 3.924128503075871577e-01 1.935064935064935154e-01 3.971291866028708178e-02 1.100478468899521688e-02 1.032125768967874155e-02 6.835269993164730786e-05
1.179577464788732731e-02 4.407276995305164924e-02 1.819248826291080352e-03 1.209507042253521458e-01 7.687793427230049138e-03 5.868544600938969030e-05 8.034624413145541322e-01 6.514084507042255251e-03 3.579812206572770533e-03 5.868544600938969030e-05
1.416430594900850034e-04 1.416430594900850034e-04 3.613314447592068102e-01 1.416430594900850034e-04 2.692634560906515540e-01 3.230878186968838550e-01 2.705382436260623386e-02 1.416430594900850034e-04 1.416430594900850034e-04 1.855524079320113387e-02
3.277286135693215363e-01 1.504424778761061926e-02 2.949852507374631227e-04 1.566371681415929251e-01 1.212389380530973504e-01 2.362831858407079544e-01 5.929203539823009461e-02 2.949852507374631227e-04 2.949852507374631227e-04 8.289085545722714443e-02
1.693705386112913727e-02 5.327709279688513239e-02 1.519143413367942952e-01 6.489292667099287126e-05 5.691758598312783857e-01 1.512654120700843707e-01 2.018170019467878037e-02 2.731992212848799451e-02 6.489292667099287126e-05 9.798831927319921406e-03
2.200291332847778836e-01 3.409322651128914861e-01 1.078659868900218449e-01 2.600873998543336008e-01 5.032774945375090292e-02 7.283321194464676828e-05 7.283321194464676828e-05 1.682447195921340372e-02 7.283321194464676828e-05 3.714493809176984233e-03
3.856770833333333370e-01 2.604166666666666631e-04 2.604166666666666631e-04 1.304687499999999944e-01 9.140625000000000833e-02 8.619791666666666574e-02 7.578125000000000833e-02 2.604166666666666631e-04 2.085937499999999944e-01 2.109374999999999792e-02
1.740066225165562697e-01 2.269867549668874163e-01 1.655629139072847681e-04 1.655629139072847681e-04 1.655629139072847681e-04 1.655629139072847681e-04 1.655629139072847681e-04 2.203642384105960195e-01 1.655629139072847681e-04 3.776490066225165476e-01
4.730468750000000333e-01 3.906250000000000759e-04 3.906250000000000759e-04 3.906250000000000759e-04 1.136718750000000194e-01 2.816406250000000333e-01 7.070312500000001943e-02 3.906250000000000759e-04 3.906250000000000759e-04 5.898437500000000555e-02
1.585014409221901848e-03 4.050432276657059960e-01 1.440922190201728904e-04 1.023054755043227397e-02 1.440922190201728904e-04 1.440922190201728904e-04 3.904899135446685682e-02 1.311239193083573243e-02 1.440922190201728904e-04 5.304034582132564069e-01
2.398081534772181765e-04 1.129496402877697564e-01 2.398081534772181765e-04 2.398081534772181765e-04 2.398081534772181765e-04 7.434052757793763525e-03 8.083932853717025191e-01 2.637889688249399778e-03 1.223021582733812597e-02 5.539568345323740012e-02
1.259445843828715331e-04 1.386649874055415621e-01 1.259445843828715331e-04 6.423173803526447539e-03 6.435768261964736059e-02 1.272040302267002550e-02 1.385390428211587081e-03 1.688916876574307335e-01 6.057934508816121416e-02 5.467254408060453486e-01
4.625550660792951581e-03 2.202643171806167497e-04 3.460352422907488901e-01 2.202643171806167497e-04 2.513215859030836774e-01 3.174008810572687134e-01 7.290748898678414691e-02 2.202643171806167497e-04 6.828193832599118752e-03 2.202643171806167497e-04
3.134796238244514309e-04 3.134796238244514309e-04 5.144200626959247735e-01 3.134796238244514309e-04 3.952978056426332265e-01 3.134796238244514309e-04 8.808777429467085085e-02 3.134796238244514309e-04 3.134796238244514309e-04 3.134796238244514309e-04
2.450980392156862711e-04 1.740196078431372612e-02 3.409313725490196179e-01 5.147058823529411693e-03 9.828431372549019385e-02 5.147058823529411693e-03 2.450980392156862711e-04 5.321078431372548989e-01 2.450980392156862711e-04 2.450980392156862711e-04
6.211950394588500179e-02 1.025930101465614280e-02 3.506200676437429276e-02 1.127395715896279570e-04 6.662908680947011997e-02 1.364148816234498143e-02 7.892897406989852760e-01 1.025930101465614280e-02 1.251409244644870189e-02 1.127395715896279570e-04
4.021739130434782289e-02 3.623188405797101493e-04 3.916666666666666630e-01 3.623188405797101493e-04 1.561594202898550776e-01 3.623188405797101493e-04 1.742753623188405820e-01 7.608695652173913353e-03 3.623188405797101493e-04 2.286231884057970953e-01
2.252767527675276771e-01 5.719557195571956312e-03 1.348708487084870622e-01 1.845018450184502062e-04 1.865313653136531358e-01 1.845018450184502062e-04 3.802583025830258423e-01 2.232472324723247178e-02 4.446494464944649588e-02 1.845018450184502062e-04
5.886194029850746329e-02 9.328358208955223974e-05 2.874067164179104905e-01 2.891791044776119337e-03 2.808768656716418288e-01 1.521455223880597007e-01 5.979477611940298143e-02 1.568097014925373123e-01 9.328358208955223974e-05 1.026119402985074813e-03
5.599999999999999943e-03 5.893333333333333757e-02 8.560000000000000941e-02 2.666666666666666794e-04 5.229333333333333611e-01 2.666666666666666794e-04 2.666666666666666794e-04 3.229333333333332945e-01 2.666666666666666794e-04 2.933333333333333365e-03
5.363247863247862235e-02 1.070512820512820318e-01 2.136752136752136479e-04 2.136752136752136479e-04 2.136752136752136479e-04 2.136752136752136479e-04 6.177350427350426498e-01 2.136752136752136479e-04 2.136752136752136479e-04 2.202991452991452381e-01
1.308411214953271538e-03 4.305295950155764440e-02 6.230529595015578750e-05 1.452336448598131324e-01 1.308411214953271538e-03 1.127725856697819710e-02 7.907165109034269834e-01 6.230529595015578750e-05 6.915887850467291112e-03 6.230529595015578750e-05
1.723255813953488147e-01 2.325581395348837340e-04 4.883720930232558766e-03 2.325581395348837340e-04 1.211627906976744246e-01 3.979069767441860139e-01 2.558139534883721155e-03 5.372093023255813948e-02 2.467441860465116044e-01 2.325581395348837340e-04
1.110939907550076988e-01 1.141756548536209531e-01 1.540832049306625632e-04 3.684129429892141760e-01 6.332819722650231964e-02 7.719568567026194317e-02 1.694915254237288303e-03 1.402157164869029249e-02 1.542372881355932035e-01 9.568567026194145508e-02
7.352941176470588133e-04 7.426470588235294101e-02 6.691176470588235115e-02 7.352941176470588133e-04 4.051470588235294157e-01 8.161764705882353088e-02 7.352941176470588133e-04 3.683823529411764941e-01 7.352941176470588133e-04 7.352941176470588133e-04
5.891647855530473404e-02 2.257336343115124019e-04 2.257336343115124019e-04 4.740406320541760629e-03 2.257336343115124019e-04 5.665914221218960878e-02 8.106094808126410589e-01 2.279909706546275061e-02 3.634311512415349527e-02 9.255079006772007691e-03
9.260312944523470258e-02 2.021337126600284417e-01 1.422475106685633123e-04 3.586059743954480572e-01 1.422475106685633123e-04 8.833570412517781356e-02 1.422475106685633123e-04 4.992887624466572222e-02 2.078236130867709697e-01 1.422475106685633123e-04
2.666666666666666252e-04 1.709333333333332983e-01 2.933333333333332932e-03 6.159999999999999504e-02 2.666666666666666252e-04 2.666666666666666252e-04 7.469333333333332270e-01 1.626666666666666192e-02 2.666666666666666252e-04 2.666666666666666252e-04
9.090909090909090901e-04 5.545454545454545081e-02 2.645454545454545836e-01 3.099999999999999978e-01 9.090909090909090901e-04 9.090909090909090901e-04 9.090909090909090901e-04 3.645454545454545614e-01 9.090909090909090901e-04 9.090909090909090901e-04
1.613003095975232282e-01 3.095975232198142600e-04 5.913312693498452149e-02 3.095975232198142600e-04 3.501547987616098756e-01 3.284829721362229060e-01 3.095975232198142600e-04 3.095975232198142600e-04 9.938080495356037269e-02 3.095975232198142600e-04
7.808564231738035488e-03 6.322418136020151180e-02 4.536523929471032446e-01 7.808564231738035488e-03 1.110831234256926953e-01 8.085642317380352384e-02 1.916876574307304626e-01 7.581863979848867119e-02 7.808564231738035488e-03 2.518891687657430663e-04
6.865817825661114926e-02 2.360430950048971604e-02 2.234084231145934962e-01 9.794319294809010273e-05 4.761018609206659757e-01 1.646425073457394583e-01 9.794319294809010273e-05 2.056807051909892090e-03 4.123408423114593296e-02 9.794319294809010273e-05
1.629629629629629744e-03 7.422222222222223109e-02 3.038518518518518174e-01 1.481481481481481462e-04 5.112592592592593022e-01 8.903703703703703953e-02 1.481481481481481462e-04 1.481481481481481462e-04 1.644444444444444556e-02 3.111111111111111369e-03
1.118226600985221530e-01 2.497536945812807718e-01 1.806239737274220256e-03 1.642036124794745539e-04 5.174055829228243475e-01 4.285714285714285754e-02 1.642036124794745539e-04 7.569786535303776875e-02 1.642036124794745539e-04 1.642036124794745539e-04
8.369781312127236306e-02 1.155069582504970188e-01 1.988071570576540822e-04 3.560636182902584546e-01 1.988071570576540822e-04 9.363817097415506885e-02 1.988071570576540822e-04 3.996023856858847007e-02 3.103379721669979885e-01 1.988071570576540822e-04
9.816513761467890453e-02 2.477064220183486029e-02 3.058103975535168546e-04 2.418960244648317992e-01 3.058103975535168546e-04 3.058103975535168546e-04 4.926605504587155959e-01 1.409785932721712709e-01 3.058103975535168546e-04 3.058103975535168546e-04
8.918918918918919414e-02 1.496025437201907726e-01 2.400635930047694683e-02 1.114467408585055608e-01 2.926868044515103517e-01 2.306836248012718582e-01 1.923688394276629535e-02 1.589825119236883935e-04 8.124006359300477154e-02 1.748807631160572383e-03
2.725400457665903553e-01 2.336384439359267540e-01 6.659038901601831151e-02 1.624713958810068692e-02 2.473684210526315708e-01 1.421052631578947345e-01 2.288329519450801029e-04 2.288329519450801029e-04 2.082379862700228790e-02 2.288329519450801029e-04
1.344696969696969682e-02 8.541666666666666852e-02 2.748106060606060330e-01 6.647727272727273207e-02 3.183712121212121104e-01 2.083333333333333304e-03 1.893939393939393938e-04 1.857954545454545414e-01 5.321969696969697239e-02 1.893939393939393938e-04
5.310368823938761418e-01 1.183716075156576175e-01 7.174669450243562063e-02 3.549060542797494600e-03 1.816979819067501833e-01 9.262352122477382488e-02 7.654836464857342655e-04 6.958942240779401921e-05 6.958942240779401921e-05 6.958942240779401921e-05
1.628640776699029069e-01 2.817961165048543659e-01 2.427184466019417645e-04 2.427184466019417645e-04 2.427184466019417645e-04 1.480582524271844592e-02 1.604368932038834905e-01 4.878640776699029458e-02 2.427184466019417645e-04 3.303398058252426939e-01
9.365558912386707374e-03 3.051359516616313980e-02 3.688821752265860621e-01 3.021148036253776432e-04 4.685800604229606869e-01 9.395770392749244748e-02 2.749244712990936423e-02 3.021148036253776432e-04 3.021148036253776432e-04 3.021148036253776432e-04
1.246666666666666756e-01 4.244444444444444436e-02 1.802222222222222003e-01 1.313333333333333297e-01 3.646666666666666390e-01 2.222222222222222329e-04 1.468888888888888744e-01 2.222222222222222329e-04 2.222222222222222329e-04 9.111111111111109759e-03
3.546099290780142083e-04 1.670212765957446721e-01 3.900709219858156454e-03 3.546099290780142083e-04 4.046099290780141855e-01 3.546099290780142083e-04 3.900709219858156454e-03 3.868794326241134507e-01 3.546099290780142083e-04 3.226950354609928878e-02
1.184090909090909083e-01 2.500000000000000052e-03 2.272727272727272725e-04 2.272727272727272725e-04 1.956818181818181790e-01 4.343181818181818254e-01 1.843181818181817977e-01 2.272727272727272725e-04 6.386363636363637242e-02 2.272727272727272725e-04
2.549516908212560162e-01 3.743961352657004804e-03 1.269323671497584460e-01 1.207729468599033921e-04 2.887681159420290022e-01 2.718599033816425092e-01 1.340579710144927487e-02 1.219806763285024090e-02 2.789855072463768432e-02 1.207729468599033921e-04
2.420689655172413857e-01 7.586206896551725073e-03 6.896551724137931589e-04 6.896551724137931589e-04 6.765517241379309654e-01 6.896551724137931589e-04 6.896551724137931589e-04 6.965517241379309832e-02 6.896551724137931589e-04 6.896551724137931589e-04
1.610139860139860046e-01 1.748251748251748250e-04 2.833916083916083739e-01 1.923076923076923184e-03 3.743006993006993133e-01 1.784965034965034780e-01 1.748251748251748250e-04 1.748251748251748250e-04 1.748251748251748250e-04 1.748251748251748250e-04
4.700000000000000011e-02 3.666666666666667032e-03 3.333333333333333764e-04 9.700000000000000289e-02 3.333333333333333764e-04 3.333333333333333764e-04 3.333333333333333764e-04 2.236666666666666525e-01 4.936666666666666425e-01 1.336666666666666836e-01
3.051282051282050989e-01 2.849002849002849362e-04 8.005698005698005937e-02 4.390313390313390074e-01 2.849002849002849362e-04 2.849002849002849362e-04 4.586894586894587483e-02 8.575498575498576026e-02 5.982905982905983334e-03 3.732193732193732350e-02
1.592057761732852128e-01 2.675090252707580940e-01 3.610108303249097818e-04 7.581227436823104876e-03 3.610108303249097818e-04 3.610108303249097818e-04 5.599277978339349815e-01 3.971119133574007275e-03 3.610108303249097818e-04 3.610108303249097818e-04
1.559880239520958223e-01 1.649700598802395224e-01 5.718562874251497535e-02 2.994011976047904157e-04 2.994011976047904157e-04 2.125748502994011940e-02 5.718562874251497535e-02 6.916167664670659632e-02 4.523952095808382867e-01 2.125748502994011940e-02
1.952646239554317320e-01 5.598885793871866828e-02 1.116991643454039035e-01 2.785515320334261955e-04 1.284122562674094858e-01 2.593314763231197584e-01 2.813370473537604374e-02 2.203342618384400986e-01 2.785515320334261955e-04 2.785515320334261955e-04
1.270648030495552679e-04 1.310038119440914695e-01 1.270648030495552679e-04 1.475222363405336301e-01 1.270648030495552679e-04 1.270648030495552679e-04 6.672172808132146304e-01 3.939008894536213251e-03 4.968233799237610493e-02 1.270648030495552679e-04
1.443001443001443000e-04 1.443001443001443000e-04 1.443001443001443000e-04 1.587301587301587517e-03 9.249639249639249328e-02 2.194805194805194704e-01 1.443001443001443000e-04 2.526695526695526550e-01 3.594516594516594665e-01 7.373737373737374035e-02
8.371104815864020832e-02 1.558073654390934766e-03 8.371104815864020832e-02 4.546742209631727399e-02 2.563739376770537981e-02 3.174220963172804111e-01 1.416430594900849763e-04 3.910764872521246271e-01 1.288951841359773157e-02 3.838526912181302458e-02
4.943262411347517649e-01 7.352245862884161653e-02 1.633569739952718536e-01 1.205673758865248059e-02 2.531914893617021045e-01 2.364066193853428055e-04 2.364066193853428055e-04 2.364066193853428055e-04 2.600472813238770969e-03 2.364066193853428055e-04
3.610108303249097818e-04 3.610108303249097818e-04 8.700361010830325037e-02 1.844765342960288934e-01 6.895306859205777017e-02 3.610108303249097818e-04 1.480144404332129834e-02 5.490974729241877572e-01 9.422382671480145078e-02 3.610108303249097818e-04
1.746177370030581044e-01 2.171253822629969424e-02 3.058103975535168546e-04 3.058103975535168546e-04 6.422018348623853568e-03 3.058103975535168546e-04 4.314984709480121916e-01 3.363914373088685347e-03 9.480122324159021355e-03 3.519877675840978326e-01
8.669064748201439630e-02 1.226618705035971285e-01 6.151079136690647958e-02 3.597122302158273460e-04 2.305755395683453113e-01 3.780575539568344912e-01 3.597122302158273460e-04 3.597122302158273460e-04 3.597122302158273460e-04 1.190647482014388497e-01
2.207505518763796365e-04 4.437086092715231134e-02 1.061810154525386074e-01 2.207505518763796365e-04 1.966887417218542433e-01 9.050772626931564285e-03 5.099337748344370119e-02 5.763796909492272524e-01 1.567328918322295414e-02 2.207505518763796365e-04
4.167138810198300347e-01 1.305949008498583641e-01 2.832861189801700067e-04 2.832861189801700067e-04 3.968838526912181197e-01 2.832861189801700067e-04 3.116147308781869966e-03 2.832861189801700067e-04 2.832861189801700067e-04 5.127478753541076656e-02
9.016853932584270592e-02 1.969101123595505543e-01 7.893258426966293095e-02 2.808988764044944068e-04 4.216292134831460259e-01 3.089887640449438637e-03 2.808988764044944068e-04 2.053370786516853785e-01 2.808988764044944068e-04 3.089887640449438637e-03
5.231743666169895723e-01 1.133383010432190696e-01 3.509687034277198664e-02 7.451564828614008935e-05 1.923248882265275739e-01 1.125931445603576692e-01 2.168405365126676795e-02 7.451564828614008935e-05 7.451564828614008935e-05 1.564828614008941876e-03
2.278089887640449285e-01 2.808988764044944068e-04 2.808988764044944068e-04 3.089887640449438637e-03 4.412921348314606806e-01 3.205056179775280789e-01 2.808988764044944068e-04 2.808988764044944068e-04 5.898876404494382379e-03 2.808988764044944068e-04
2.024291497975708686e-04 3.382591093117408576e-01 2.248987854251011942e-01 4.251012145748987725e-03 3.058704453441295490e-01 3.461538461538461731e-02 2.226720647773279636e-03 8.927125506072874916e-02 2.024291497975708686e-04 2.024291497975708686e-04
5.049878345498782783e-01 1.216545012165450045e-04 1.216545012165450045e-04 4.575425790754257815e-01 1.216545012165450045e-04 1.216545012165450045e-04 1.216545012165450045e-04 3.418491484184914275e-02 2.554744525547444824e-03 1.216545012165450045e-04
3.690221857025472452e-01 2.966310599835661477e-02 5.834018077239112518e-03 5.054231717337716034e-01 8.216926869350863751e-05 8.216926869350863751e-05 8.553820870994247039e-02 4.190632703368940039e-03 8.216926869350863751e-05 8.216926869350863751e-05
