1.265822784810126606e-03 1.265822784810126606e-03 1.265822784810126606e-03 4.949367088607595222e-01 1.265822784810126606e-03 1.265822784810126606e-03 1.265822784810126606e-03 4.949367088607595222e-01 1.265822784810126606e-03 1.265822784810126606e-03
9.630314232902033311e-02 1.240295748613678278e-01 8.706099815157117283e-02 4.290203327171903669e-01 5.194085027726432630e-02 5.009242144177449702e-02 1.848428835489833834e-04 3.900184842883549358e-02 5.194085027726432630e-02 7.042513863216266767e-02
1.597297297297297358e-01 1.056756756756756788e-01 3.840540540540540171e-01 4.621621621621622295e-02 8.675675675675675880e-02 1.624324324324324387e-01 8.378378378378377803e-03 2.702702702702702744e-04 2.702702702702702744e-04 4.621621621621622295e-02
1.176470588235294231e-03 2.470588235294117821e-02 1.176470588235294231e-03 4.364705882352941102e-01 1.176470588235294231e-03 1.176470588235294231e-03 1.176470588235294231e-03 5.305882352941176938e-01 1.176470588235294231e-03 1.176470588235294231e-03
1.064665127020785196e-01 1.965357967667436256e-01 3.928406466512702200e-01 3.487297921478060142e-02 1.157043879907621309e-01 5.796766743648960885e-02 2.309468822170900927e-04 2.309468822170900927e-04 5.565819861431871296e-02 3.949191685912240707e-02
1.869333333333333125e-01 5.360000000000000181e-02 1.016000000000000097e-01 2.666666666666666794e-04 9.360000000000000264e-02 2.693333333333333343e-02 2.933333333333333365e-03 3.760000000000000148e-02 5.599999999999999943e-03 4.909333333333333327e-01
1.934010152284264261e-01 5.076142131979696770e-04 2.081218274111675329e-02 5.076142131979696770e-04 1.121827411167512917e-01 6.142131979695432398e-02 3.862944162436548479e-01 1.781725888324873497e-01 2.081218274111675329e-02 2.588832487309645006e-02
7.913486005089058473e-02 1.427480916030534341e-01 8.167938931297710758e-02 2.544529262086513968e-04 3.539440203562340681e-01 1.806615776081424776e-02 1.096692111959287619e-01 7.913486005089058473e-02 4.096692111959288063e-02 9.440203562340966637e-02
2.139465875370919756e-01 1.724035608308605305e-01 3.293768545994064934e-02 2.967359050445104291e-04 1.100890207715133629e-01 4.777448071216617437e-02 8.338278931750742196e-02 5.964391691394659023e-02 2.614243323442136391e-01 1.810089020771513124e-02
1.854625550660793099e-01 1.678414096916299725e-01 4.405286343612334994e-04 6.211453744493392048e-02 1.810572687224669686e-01 4.405286343612334994e-04 4.405286343612334994e-04 1.806167400881057011e-02 1.942731277533039647e-01 1.898678414096916234e-01
5.910364145658263818e-02 1.123249299719887989e-01 2.549019607843137220e-02 2.801120448179272057e-04 3.669467787114846086e-02 5.910364145658263818e-02 3.112044817927170914e-01 3.672268907563024931e-01 2.801120448179272057e-04 2.829131652661064436e-02
1.196491228070175467e-01 1.266666666666666774e-01 3.508771929824561686e-04 2.491228070175438569e-02 4.947368421052631554e-02 1.021052631578947406e-01 2.810526315789473317e-01 2.564912280701754366e-01 7.368421052631579649e-03 3.192982456140350950e-02
2.436293436293436310e-01 5.830115830115829845e-02 4.285714285714285754e-02 4.247104247104247464e-03 8.108108108108108558e-03 3.861003861003860986e-04 4.019305019305018933e-01 1.818532818532818673e-01 5.830115830115829845e-02 3.861003861003860986e-04
7.007168458781362630e-02 1.238351254480286601e-01 1.274193548387096697e-01 7.544802867383512690e-02 1.381720430107526709e-01 2.885304659498208121e-02 7.724014336917563173e-02 2.168458781362007232e-02 3.084229390681003657e-01 2.885304659498208121e-02
1.761904761904761751e-01 2.396825396825396637e-01 1.587301587301587300e-03 1.587301587301587300e-03 1.587301587301587300e-03 1.587301587301587300e-03 3.666666666666666408e-01 1.761904761904761751e-01 3.333333333333333287e-02 1.587301587301587300e-03
1.332480818414322199e-01 8.976982097186701759e-02 1.025575447570332560e-01 2.557544757033248400e-04 1.562659846547314602e-01 1.560102301790281323e-02 3.861892583120204309e-02 2.583120204603580466e-02 2.557544757033248400e-04 4.375959079283887054e-01
4.315624999999999600e-01 8.781250000000000167e-02 3.125000000000000065e-04 2.218749999999999889e-02 3.125000000000000065e-04 3.784374999999999822e-01 3.125000000000000065e-04 3.125000000000000065e-04 7.843750000000000722e-02 3.125000000000000065e-04
1.163043478260869651e-01 1.090579710144927578e-01 9.456521739130435700e-02 6.557971014492754158e-02 3.623188405797101493e-04 3.083333333333332926e-01 3.623188405797101493e-04 1.670289855072463747e-01 8.731884057971014967e-02 5.108695652173912694e-02
1.323432343234323405e-01 2.082508250825082508e-01 1.023102310231023201e-02 3.300330033003300370e-04 1.023102310231023201e-02 4.653465346534653435e-02 3.237623762376237169e-01 2.280528052805280426e-01 3.300330033003300370e-04 3.993399339933993014e-02
8.144927536231884313e-02 3.510144927536231751e-01 3.162318840579709800e-01 1.478260869565217218e-02 9.594202898550724390e-02 6.695652173913044236e-02 2.898550724637681086e-04 2.898550724637681086e-04 2.347826086956521577e-02 4.956521739130435172e-02
1.909698996655518344e-01 1.006688963210702337e-01 3.344481605351170943e-04 6.387959866220736804e-02 3.043478260869564994e-02 2.709030100334448160e-02 1.374581939799331132e-01 3.414715719063545207e-01 7.056856187290970472e-02 3.712374581939799356e-02
4.603333333333333166e-01 6.700000000000000400e-02 3.333333333333333764e-04 2.103333333333333444e-01 3.033333333333333368e-02 1.936666666666666814e-01 3.333333333333333764e-04 3.333333333333333764e-04 2.033333333333333173e-02 1.699999999999999775e-02
1.071065989847715810e-01 2.898477157360406231e-01 2.081218274111674982e-02 2.081218274111674982e-02 6.142131979695431010e-02 1.020304568527918843e-01 1.020304568527918843e-01 2.644670050761421254e-01 3.096446700507613989e-02 5.076142131979695686e-04
1.289285714285714202e-01 2.789285714285714146e-01 3.571428571428571425e-04 3.571428571428571425e-04 1.821428571428571411e-02 2.892857142857142849e-02 4.289285714285713813e-01 1.003571428571428670e-01 1.464285714285714149e-02 3.571428571428571425e-04
3.719251336898395377e-01 9.652406417112299741e-02 5.374331550802139562e-02 3.451871657754010392e-01 8.582887700534759523e-02 2.673796791443850329e-04 2.673796791443850329e-04 2.673796791443850329e-04 5.614973262032085799e-03 4.037433155080213942e-02
2.527499999999999747e-01 3.774999999999999883e-02 5.025000000000000300e-02 2.352499999999999869e-01 5.775000000000000272e-02 1.274999999999999918e-02 5.525000000000000050e-02 5.275000000000000522e-02 1.774999999999999842e-02 2.277499999999999802e-01
1.507518796992480814e-01 3.421052631578946207e-02 1.958646616541352969e-01 2.146616541353383034e-01 7.556390977443608326e-02 3.759398496240600645e-04 1.996240601503758982e-01 1.018796992481202784e-01 3.759398496240600645e-04 2.669172932330826295e-02
1.806010928961748474e-01 8.770491803278689102e-02 5.737704918032787531e-03 3.032786885245901398e-02 3.254098360655737765e-01 5.737704918032787531e-03 2.653005464480874265e-01 8.497267759562841805e-02 2.732240437158469943e-04 1.393442622950819519e-02
1.170000000000000068e-01 7.366666666666667196e-02 3.333333333333333764e-04 3.333333333333333764e-04 1.203333333333333338e-01 4.700000000000000011e-02 2.469999999999999696e-01 7.366666666666667196e-02 3.333333333333333764e-04 3.203333333333333033e-01
1.838951310861423327e-01 2.063670411985018827e-01 1.910112359550561814e-02 3.745318352059925243e-04 2.513108614232209548e-01 3.745318352059925243e-04 2.737827715355805047e-01 6.404494382022472843e-02 3.745318352059925243e-04 3.745318352059925243e-04
1.223577235772357885e-01 9.390243902439025792e-02 4.065040650406504604e-04 4.065040650406504604e-04 4.760162601626016787e-01 4.918699186991870587e-02 1.223577235772357885e-01 1.020325203252032686e-01 4.065040650406504604e-04 3.292682926829268442e-02
7.056338028169014676e-01 5.774647887323942907e-02 1.408450704225352188e-03 1.845070422535211307e-01 1.408450704225352188e-03 2.957746478873239659e-02 1.408450704225352188e-03 1.549295774647887515e-02 1.408450704225352188e-03 1.408450704225352188e-03
2.224938875305623384e-02 3.205378973105134088e-01 1.491442542787285892e-02 2.444987775061125009e-04 1.762836185819070811e-01 7.359413202933985654e-02 2.520782396088019350e-01 1.102689486552567294e-01 2.444987775061125009e-04 2.958435207823960703e-02
1.021604938271604979e-01 9.598765432098765871e-02 3.706790123456790154e-01 7.438271604938272163e-02 6.820987654320988247e-02 9.907407407407407829e-02 3.395061728395062147e-03 1.114197530864197566e-01 9.567901234567901744e-03 6.512345679012346289e-02
1.649350649350649622e-01 2.601731601731602228e-01 4.329004329004329543e-04 4.329004329004329543e-04 3.073593073593073807e-02 5.238095238095238915e-02 3.337662337662337664e-01 1.562770562770562921e-01 4.329004329004329543e-04 4.329004329004329543e-04
1.347188264058679641e-01 1.200488997555012316e-01 3.447432762836185466e-02 1.002444987775060956e-02 9.070904645476772499e-02 1.002444987775060956e-02 1.933985330073349496e-01 7.359413202933985654e-02 2.838630806845965360e-01 4.914425427872860797e-02
2.077235772357723942e-01 6.951219512195123962e-02 4.065040650406504604e-04 3.699186991869918978e-02 4.638211382113821557e-01 1.260162601626016454e-02 1.508130081300813330e-01 5.731707317073170965e-02 4.065040650406504604e-04 4.065040650406504604e-04
6.926605504587156348e-02 1.013761467889908313e-01 8.761467889908257367e-02 4.587155963302752548e-04 1.426605504587155904e-01 1.839449541284403633e-01 1.518348623853210955e-01 1.839449541284403633e-01 6.009174311926605144e-02 1.880733944954128198e-02
1.670370370370370394e-01 8.555555555555556524e-02 1.707407407407407485e-01 1.148148148148148140e-02 3.703703703703704062e-04 2.999999999999999889e-02 3.703703703703704062e-04 3.703703703703704062e-04 3.703703703703704062e-04 5.337037037037036802e-01
3.058641975308641903e-01 2.163580246913580085e-01 3.425925925925926013e-02 3.086419753086419690e-04 4.660493827160493846e-02 1.824074074074074070e-01 1.885802469135802462e-01 2.191358024691357834e-02 3.086419753086419690e-04 3.395061728395062147e-03
1.466898954703832747e-01 2.581881533101045290e-01 2.198606271777003573e-01 6.306620209059234095e-02 1.153310104529616797e-01 4.216027874564459710e-02 3.484320557491289196e-04 3.484320557491289196e-04 1.777003484320557533e-02 1.362369337979094097e-01
1.836363636363635976e-01 9.272727272727271375e-02 1.818181818181817963e-03 5.636363636363635882e-02 1.290909090909090617e-01 1.818181818181817963e-03 3.472727272727272330e-01 1.290909090909090617e-01 1.818181818181817963e-03 5.636363636363635882e-02
2.994134897360703484e-01 4.428152492668621654e-02 3.841642228739002712e-02 3.961876832844574703e-01 7.067448680351906543e-02 5.014662756598240595e-02 2.932551319648093839e-04 3.225806451612903657e-03 9.120234604105571796e-02 6.158357771260997496e-03
2.519553072625698165e-01 1.234636871508379974e-01 2.290502793296089051e-02 5.586592178770950334e-04 6.201117318435753895e-02 3.469273743016759726e-01 5.586592178770950334e-04 6.145251396648045150e-03 5.586592178770950334e-04 1.849162011173184350e-01
2.568773234200743549e-01 2.828996282527880823e-01 3.382899628252788310e-02 2.639405204460966436e-02 1.895910780669144910e-02 1.152416356877323383e-02 2.159851301115241762e-01 5.613382899628252543e-02 7.843866171003717469e-02 1.895910780669144910e-02
2.112244897959183743e-01 6.836734693877551117e-02 3.741496598639456120e-03 3.401360544217687382e-04 3.401360544217687382e-04 1.091836734693877597e-01 2.010204081632653017e-01 3.574829931972788866e-01 3.401360544217687382e-04 4.795918367346938688e-02
4.477443609022556115e-01 1.018796992481203062e-01 8.684210526315790102e-02 1.541353383458646427e-02 5.676691729323308372e-02 2.823308270676691545e-01 3.759398496240601729e-04 3.759398496240601729e-04 3.759398496240601729e-04 7.894736842105263414e-03
9.929328621908127539e-02 1.487632508833922340e-01 3.996466431095406224e-01 3.533568904593639964e-04 9.575971731448763846e-02 1.204946996466431108e-01 7.420494699646643273e-03 6.395759717314487836e-02 3.533568904593639964e-04 6.395759717314487836e-02
2.930131004366812175e-01 1.707423580786026351e-01 4.803493449781660526e-03 1.790393013100436900e-02 1.227074235807860542e-01 3.061135371179039555e-01 1.353711790393013342e-02 4.366812227074236448e-04 7.030567685589521332e-02 4.366812227074236448e-04
1.252403846153846145e-01 1.685096153846153688e-01 2.187499999999999861e-02 2.403846153846153980e-04 1.372596153846153966e-01 7.475961538461538269e-02 9.855769230769230449e-03 2.403846153846153980e-04 4.185096153846153966e-01 4.350961538461538963e-02
1.755760368663594750e-01 1.387096774193548598e-01 3.875576036866359431e-01 4.608294930875577117e-04 3.732718894009216803e-02 7.419354838709679711e-02 4.608294930875577117e-04 9.723502304147467468e-02 1.889400921658986390e-02 6.958525345622119940e-02
1.596618357487922524e-01 2.079710144927535975e-01 1.089371980676328566e-01 9.903381642512075825e-03 7.753623188405797673e-02 3.722222222222222321e-01 3.164251207729468218e-02 2.415458937198067843e-04 7.487922705314009608e-03 2.439613526570048180e-02
1.559602649006622543e-01 2.288079470198675358e-01 1.357615894039734990e-02 3.311258278145695361e-04 2.685430463576158888e-01 3.311258278145695361e-04 2.685430463576158888e-01 2.682119205298013134e-02 3.311258278145695361e-04 3.675496688741721613e-02
1.237951807228915707e-01 8.765060240963855331e-02 3.313253012048193117e-03 3.012048192771084603e-04 7.861445783132529896e-02 2.138554216867469618e-02 3.376506024096385117e-01 2.439759036144578327e-02 3.225903614457831248e-01 3.012048192771084603e-04
1.355871886120996461e-01 2.067615658362989273e-01 3.558718861209964664e-04 3.558718861209964664e-04 8.220640569395018526e-02 5.017793594306049765e-02 1.103202846975089024e-02 7.473309608540926012e-03 4.950177935943060326e-01 1.103202846975089024e-02
1.026881720430107559e-01 7.580645161290322509e-02 7.580645161290322509e-02 5.376344086021505372e-04 4.892473118279569433e-02 5.376344086021505372e-04 3.553763440860214784e-01 2.478494623655914109e-01 3.817204301075268619e-02 5.430107526881720187e-02
1.719665271966527575e-01 8.828451882845189669e-02 4.184100418410042674e-04 5.443514644351464815e-01 4.184100418410042674e-04 1.301255230125523132e-01 4.184100418410042674e-04 4.184100418410042674e-04 4.184100418410042674e-04 6.317991631799163565e-02
1.280851063829787362e-01 2.089361702127659759e-01 6.851063829787235049e-02 4.255319148936170717e-04 1.068085106382978822e-01 2.170212765957446610e-02 3.323404255319148959e-01 7.276595744680851297e-02 5.999999999999999778e-02 4.255319148936170717e-04
1.418079096045197773e-01 1.248587570621468995e-01 2.316384180790960132e-02 5.649717514124293983e-04 4.011299435028248261e-02 1.248587570621468995e-01 1.757062146892655330e-01 3.225988700564971778e-01 5.649717514124293983e-04 4.576271186440677985e-02
2.184090909090908861e-01 1.524999999999999967e-01 2.272727272727272725e-04 1.386363636363636270e-02 2.161363636363636265e-01 2.272727272727272725e-04 1.911363636363636320e-01 1.524999999999999967e-01 1.613636363636363619e-02 3.886363636363636409e-02
2.088339222614841173e-01 1.240282685512367478e-01 1.448763250883392147e-02 3.533568904593639964e-04 3.215547703180211825e-02 7.102473498233216609e-02 3.007067137809187329e-01 2.017667844522968157e-01 4.628975265017667984e-02 3.533568904593639964e-04
5.913312693498451456e-02 1.272445820433436292e-01 1.086687306501547823e-01 3.095975232198142058e-04 1.674922600619194735e-01 7.461300309597522495e-02 1.860681114551083204e-01 1.520123839009287769e-01 2.817337461300309029e-02 9.628482972136222229e-02
1.398671096345515119e-01 1.465116279069767491e-01 3.023255813953488330e-02 3.322259136212624771e-04 1.564784053156146326e-01 3.322259136212624771e-04 1.398671096345515119e-01 7.674418604651163378e-02 6.013289036544851307e-02 2.495016611295680919e-01
1.700361010830324926e-01 7.978339350180506384e-02 1.519855595667869985e-01 6.534296028880866303e-02 3.324909747292418838e-01 3.610108303249097818e-04 6.173285198555956976e-02 4.007220216606498242e-02 1.480144404332129834e-02 8.339350180505415711e-02
1.797687861271676513e-01 2.028901734104046339e-01 5.780346820809248920e-04 5.780346820809248920e-04 1.277456647398844125e-01 2.664739884393063640e-01 1.213872832369942284e-02 5.780346820809248920e-04 1.161849710982659073e-01 9.306358381502891075e-02
1.465671641791044810e-01 2.032835820895522172e-01 2.716417910447761069e-02 2.985074626865671672e-04 2.480597014925373101e-01 1.522388059701492401e-02 5.104477611940298754e-02 1.522388059701492401e-02 1.704477611940298509e-01 1.226865671641791111e-01
1.808743169398907280e-01 5.519125683060108895e-02 5.464480874316939886e-04 3.557377049180327488e-01 6.010928961748634308e-03 1.153005464480874459e-01 5.464480874316939886e-04 1.153005464480874459e-01 5.464480874316939886e-04 1.699453551912568361e-01
1.818481848184818617e-01 4.323432343234323572e-02 6.930693069306930777e-03 3.300330033003300370e-04 2.673267326732673213e-02 1.620462046204620421e-01 2.181518151815181328e-01 3.567656765676567310e-01 3.630363036303630841e-03 3.300330033003300370e-04
1.589947089947089942e-01 4.259259259259259855e-02 8.201058201058201991e-03 2.142857142857142877e-02 2.145502645502645467e-01 1.060846560846560871e-01 1.140211640211640232e-01 8.227513227513227889e-02 2.645502645502645681e-04 2.515873015873015817e-01
1.000000000000000056e-01 3.352941176470587981e-01 2.307692307692307473e-02 4.524886877828054486e-04 9.547511312217195345e-02 4.570135746606334565e-02 1.180995475113122278e-01 4.524886877828054486e-04 9.095022624434390135e-02 1.904977375565611031e-01
1.313099041533546396e-01 9.936102236421726075e-02 1.309904153354632395e-02 3.194888178913738103e-04 5.562300319488817646e-01 3.194888178913738103e-04 1.472843450479233152e-01 9.904153354632587794e-03 3.194888178913738103e-04 4.185303514376996492e-02
1.903703703703703565e-01 7.925925925925926541e-02 1.261728395061728347e-01 6.197530864197531297e-02 9.160493827160494373e-02 3.755555555555555314e-01 1.753086419753086336e-02 2.493827160493827105e-02 2.469135802469135861e-04 3.234567901234567527e-02
1.419947506561679840e-01 7.900262467191601634e-02 6.325459317585302443e-02 4.569553805774277944e-01 3.175853018372703368e-02 1.498687664041994660e-01 2.624671916010498651e-04 2.624671916010498651e-04 3.175853018372703368e-02 4.488188976377953388e-02
1.469208211143694931e-01 1.557184750733137946e-01 4.721407624633431471e-02 2.932551319648093839e-04 2.668621700879765177e-02 2.026392961876832544e-01 1.117302052785923844e-01 1.469208211143694931e-01 2.932551319648093839e-04 1.615835777126099770e-01
2.122881355932203506e-01 1.190677966101695018e-01 4.237288135593220758e-04 4.237288135593220758e-04 6.398305084745763149e-02 8.940677966101695517e-02 2.161016949152542305e-02 1.313559322033898413e-02 4.156779661016948846e-01 6.398305084745763149e-02
2.393034825870646864e-01 8.507462686567164589e-02 5.472636815920398426e-03 4.975124378109453509e-04 4.975124378109453509e-04 9.502487562189054771e-02 4.975124378109453509e-04 1.542288557213930371e-02 5.079601990049751326e-01 5.024875621890546873e-02
1.835820895522387863e-01 6.204690831556503722e-02 7.270788912579957686e-02 5.351812366737740412e-02 1.196162046908315624e-01 1.153518123667377493e-01 7.697228144989338994e-02 1.921108742004264403e-01 5.565031982942431066e-02 6.844349680170576378e-02
1.464285714285714357e-01 7.175324675324676327e-02 2.633116883116882745e-01 3.246753246753246750e-04 6.525974025974026760e-02 4.902597402597402149e-02 1.269480519480519487e-01 6.201298701298701976e-02 3.246753246753246750e-04 2.146103896103895847e-01
2.293893129770992467e-01 6.908396946564886176e-02 4.393129770992366123e-01 3.816793893129770952e-04 1.564885496183205868e-02 3.854961832061068461e-02 6.145038167938932094e-02 9.580152671755726157e-02 3.473282442748091420e-02 1.564885496183205868e-02
1.529147982062780409e-01 1.035874439461883512e-01 1.390134529147982016e-02 4.484304932735426051e-04 5.874439461883407959e-02 5.426008968609865452e-02 2.336322869955156922e-01 2.381165919282511312e-01 7.668161434977578683e-02 6.771300448430493668e-02
1.680203045685279284e-01 9.695431472081218749e-02 6.142131979695431010e-02 9.187817258883249072e-02 1.172588832487309746e-01 1.477157360406091413e-01 1.121827411167512778e-01 7.664974619289340041e-02 5.076142131979695686e-04 1.274111675126903542e-01
1.938709677419354904e-01 9.387096774193548487e-02 3.580645161290322426e-02 3.225806451612903223e-04 5.838709677419355593e-02 7.774193548387096919e-02 1.967741935483870858e-02 1.645161290322580405e-02 2.648387096774193483e-01 2.390322580645161121e-01
