4.330708661417324509e-03 3.937007874015749061e-04 3.937007874015749061e-04 3.937007874015749061e-04 3.937007874015749061e-04 3.937007874015749061e-04 3.937007874015749061e-04 2.795275590551181757e-02 3.937007874015749061e-04 3.937007874015749061e-04 3.937007874015749061e-04 3.937007874015749061e-04 3.937007874015749061e-04 3.937007874015749061e-04 3.937007874015749061e-04 5.551181102362205688e-02 1.814960629921260338e-01 5.437007874015749032e-01 4.330708661417324509e-03 3.937007874015749061e-04 3.937007874015749061e-04 3.937007874015749061e-04 3.937007874015749061e-04 3.937007874015749061e-04 7.913385826771655862e-02 9.094488188976380949e-02 3.937007874015749061e-04 3.937007874015749061e-04 4.330708661417324509e-03 3.937007874015749061e-04
3.289473684210527326e-04 3.322368421052632192e-02 3.289473684210527326e-04 3.289473684210527326e-04 3.289473684210527326e-04 3.289473684210527326e-04 3.289473684210527326e-04 3.289473684210527326e-04 3.289473684210527326e-04 1.019736842105263379e-02 3.289473684210527326e-04 3.289473684210527326e-04 3.618421052631579787e-03 3.289473684210527326e-04 3.618421052631579787e-03 3.424342105263158409e-01 9.243421052631581314e-02 3.289473684210527326e-04 3.289473684210527326e-04 3.618421052631579787e-03 3.289473684210527326e-04 9.572368421052633580e-02 3.289473684210527326e-04 1.019736842105263379e-02 2.006578947368421392e-02 1.878289473684210953e-01 3.289473684210527326e-04 3.289473684210527326e-04 2.993421052631579232e-02 1.615131578947368862e-01
6.535947712418302370e-04 6.535947712418302370e-04 6.535947712418302370e-04 7.189542483660132932e-03 6.535947712418302370e-04 6.535947712418302370e-04 6.535947712418302370e-04 6.535947712418302370e-04 1.967320261437909001e-01 6.535947712418302370e-04 6.535947712418302370e-04 6.535947712418302370e-04 1.509803921568627916e-01 7.189542483660132932e-03 7.189542483660132932e-03 6.535947712418302370e-04 2.555555555555555913e-01 1.444444444444444864e-01 6.535947712418302370e-04 6.535947712418302370e-04 1.117647058823529743e-01 6.535947712418302370e-04 6.535947712418302370e-04 9.869281045751635006e-02 7.189542483660132932e-03 6.535947712418302370e-04 6.535947712418302370e-04 6.535947712418302370e-04 6.535947712418302370e-04 6.535947712418302370e-04
3.448275862068964168e-04 4.862068965517239022e-02 3.827586206896550075e-02 3.448275862068964168e-04 3.448275862068964168e-04 1.106896551724137479e-01 4.517241379310343169e-02 3.448275862068964168e-04 1.758620689655171487e-02 1.758620689655171487e-02 1.068965517241378914e-02 3.448275862068964168e-04 3.793103448275860802e-03 3.448275862068964168e-04 3.448275862068964168e-04 3.448275862068964168e-04 3.448275862068964168e-04 3.448275862068964168e-04 3.137931034482756981e-02 3.448275862068964168e-04 3.793103448275860802e-03 1.141379310344827203e-01 3.793103448275860802e-03 3.448275862068964168e-04 2.796551724137929518e-01 2.555172413793102004e-01 3.448275862068964168e-04 3.448275862068964168e-04 3.448275862068964168e-04 1.413793103448275114e-02
3.236245954692555595e-04 1.847896440129449258e-01 7.475728155339803060e-02 2.297734627831714282e-02 6.828478964401292484e-02 3.236245954692555595e-04 1.974110032362458647e-02 3.236245954692555595e-04 3.268608414239480842e-02 1.650485436893203012e-02 3.236245954692555595e-04 3.236245954692555595e-04 1.003236245954692261e-02 1.003236245954692261e-02 1.650485436893203012e-02 3.236245954692555595e-04 6.828478964401292484e-02 3.236245954692555595e-04 3.236245954692555595e-04 3.236245954692555595e-04 3.304207119741098819e-01 4.239482200647247401e-02 3.236245954692555595e-04 3.236245954692555595e-04 3.236245954692555595e-04 9.741100323624592161e-02 3.236245954692555595e-04 3.236245954692555595e-04 3.236245954692555595e-04 3.236245954692555595e-04
2.145922746781115493e-04 3.884120171673818844e-02 8.819742489270383790e-02 2.145922746781115493e-04 1.094420600858368731e-02 1.032188841201716473e-01 2.360515021459227286e-03 1.738197424892703319e-02 6.652360515021458164e-03 2.145922746781115493e-04 2.596566523605149668e-02 2.145922746781115493e-04 2.145922746781115493e-04 2.145922746781115493e-04 2.145922746781115493e-04 2.381974248927037907e-02 6.459227467811157197e-02 2.145922746781115493e-04 2.145922746781115493e-04 2.145922746781115493e-04 2.145922746781115493e-04 2.145922746781115493e-04 2.145922746781115493e-04 2.145922746781115493e-04 2.145922746781115493e-04 6.118025751072960761e-01 2.145922746781115493e-04 2.145922746781115493e-04 2.145922746781115493e-04 2.360515021459227286e-03
4.564315352697095700e-03 4.149377593360996288e-04 2.946058091286306996e-02 4.149377593360996288e-04 4.149377593360996288e-04 2.531120331950207150e-02 8.340248962655602560e-02 4.149377593360996288e-04 2.078838174273859030e-01 4.149377593360996288e-04 8.340248962655602560e-02 1.701244813278008153e-02 7.510373443983403563e-02 4.149377593360996288e-04 4.149377593360996288e-04 4.149377593360996288e-04 4.564315352697095700e-03 2.369294605809128818e-01 4.149377593360996288e-04 4.149377593360996288e-04 4.149377593360996288e-04 4.149377593360996288e-04 4.149377593360996288e-04 1.124481327800829905e-01 4.149377593360996288e-04 1.701244813278008153e-02 4.149377593360996288e-04 4.149377593360996288e-04 4.149377593360996288e-04 9.585062240663901056e-02
3.906250000000001301e-04 3.906250000000001301e-04 3.906250000000001301e-04 3.906250000000001301e-04 3.906250000000001301e-04 3.906250000000001301e-04 1.601562500000000208e-02 3.906250000000001301e-04 3.906250000000001301e-04 3.906250000000001301e-04 3.906250000000001301e-04 3.906250000000001301e-04 3.906250000000001301e-04 3.906250000000001301e-04 3.906250000000001301e-04 3.324218750000000333e-01 3.597656250000000333e-01 4.296875000000001214e-03 3.906250000000001301e-04 3.906250000000001301e-04 3.906250000000001301e-04 1.527343750000000333e-01 3.906250000000001301e-04 3.906250000000001301e-04 3.906250000000001301e-04 1.253906250000000333e-01 3.906250000000001301e-04 3.906250000000001301e-04 3.906250000000001301e-04 3.906250000000001301e-04
4.621848739495799246e-03 1.302521008403361574e-02 8.823529411764707495e-03 4.201680672268908357e-04 4.201680672268908357e-04 1.302521008403361574e-02 4.201680672268908357e-04 4.201680672268908357e-04 4.201680672268908357e-04 4.201680672268908357e-04 2.147058823529412186e-01 4.201680672268908357e-04 8.823529411764707495e-03 4.201680672268908357e-04 4.201680672268908357e-04 4.663865546218487479e-02 1.474789915966386866e-01 4.201680672268908357e-04 2.563025210084033875e-02 4.201680672268908357e-04 4.201680672268908357e-04 5.924369747899160127e-02 4.201680672268908357e-04 4.201680672268908357e-04 4.243697478991596828e-02 4.079831932773109737e-01 4.201680672268908357e-04 4.201680672268908357e-04 4.201680672268908357e-04 4.201680672268908357e-04
1.485507246376810940e-02 7.608695652173909883e-03 4.021739130434780901e-02 3.623188405797100409e-04 3.985507246376810558e-03 3.623188405797100409e-04 1.452898550724637250e-01 1.485507246376810940e-02 3.985507246376810558e-03 3.623188405797100409e-04 3.623188405797100409e-04 3.623188405797100409e-04 1.018115942028985088e-01 3.623188405797100409e-04 3.623188405797100409e-04 1.452898550724637250e-01 1.271739130434782206e-01 3.985507246376810558e-03 5.108695652173910612e-02 3.623188405797100409e-04 3.623188405797100409e-04 1.380434782608695177e-01 3.623188405797100409e-04 3.985507246376810558e-03 1.090579710144927161e-01 6.195652173913041710e-02 3.623188405797100409e-04 2.210144927536230805e-02 3.623188405797100409e-04 3.623188405797100409e-04
5.464480874316942054e-04 5.464480874316942054e-04 5.464480874316942054e-04 5.464480874316942054e-04 5.464480874316942054e-04 5.464480874316942054e-04 5.464480874316942054e-04 6.065573770491804878e-02 5.464480874316942054e-04 3.879781420765028577e-02 5.464480874316942054e-04 5.464480874316942054e-04 5.464480874316942054e-04 5.464480874316942054e-04 5.464480874316942054e-04 1.098360655737705277e-01 4.868852459016394518e-01 6.612021857923498780e-02 1.147540983606557853e-02 5.464480874316942054e-04 5.464480874316942054e-04 3.879781420765028577e-02 2.786885245901640079e-02 5.464480874316942054e-04 6.065573770491804878e-02 1.147540983606557853e-02 5.464480874316942054e-04 1.147540983606557853e-02 6.612021857923498780e-02 5.464480874316942054e-04
1.492537313432835565e-04 3.134328358208954713e-03 5.835820895522387391e-02 1.492537313432835565e-04 1.492537313432835565e-04 9.417910447761192183e-02 1.492537313432835565e-04 1.492537313432835565e-04 1.449253731343283225e-01 1.492537313432835565e-04 1.492537313432835565e-04 6.119402985074625517e-03 2.402985074626865641e-02 1.492537313432835565e-04 1.492537313432835565e-04 9.104477611940296755e-03 1.492537313432835565e-04 1.492537313432835565e-04 4.492537313432835161e-02 1.492537313432835565e-04 1.492537313432835565e-04 4.194029850746268384e-02 1.492537313432835565e-04 3.105970149253730606e-01 3.447761194029850401e-02 2.552238805970149030e-02 1.492537313432835565e-04 1.492537313432835565e-04 6.582089552238805374e-02 1.344776119402984749e-01
2.040133779264213451e-02 1.036789297658862775e-02 3.344481605351169859e-04 3.344481605351169859e-04 3.344481605351169859e-04 3.344481605351169859e-04 3.344481605351169859e-04 3.344481605351169859e-04 3.678929765886287170e-03 2.578595317725752012e-01 3.344481605351169859e-04 1.876254180602006383e-01 4.715719063545149164e-02 3.344481605351169859e-04 3.344481605351169859e-04 9.732441471571905145e-02 3.344481605351169859e-04 1.036789297658862775e-02 5.719063545150501054e-02 3.344481605351169859e-04 3.344481605351169859e-04 3.678929765886287170e-03 3.344481605351169859e-04 3.678929765886287170e-03 3.344481605351169859e-04 2.913043478260868846e-01 3.678929765886287170e-03 3.344481605351169859e-04 3.344481605351169859e-04 3.344481605351169859e-04
5.223880597014923799e-03 1.268656716417910016e-02 4.751243781094526691e-02 6.990049751243779252e-02 3.507462686567162924e-02 3.009950248756217833e-02 2.487562189054725670e-04 2.487562189054725670e-04 2.487562189054725670e-04 2.487562189054725670e-04 3.756218905472635816e-02 2.487562189054725670e-04 2.487562189054725670e-04 9.726368159203978292e-02 2.487562189054725670e-04 2.761194029850745288e-02 3.258706467661690726e-02 2.487562189054725670e-04 7.711442786069650120e-03 5.223880597014923799e-03 2.487562189054725670e-04 4.999999999999998890e-02 2.736318407960198346e-03 2.487562189054725670e-04 7.985074626865669434e-02 4.554726368159202621e-01 2.487562189054725670e-04 2.487562189054725670e-04 2.487562189054725670e-04 2.487562189054725670e-04
2.031872509960159709e-02 6.812749003984065743e-02 3.984063745019921551e-04 3.984063745019921551e-04 3.984063745019921551e-04 3.984063745019921551e-04 2.872509960159362885e-01 1.039840637450199501e-01 3.984063745019921551e-04 3.984063745019921551e-04 3.984063745019921551e-04 3.984063745019921551e-04 1.079681274900398669e-01 2.430278884462151734e-02 8.366533864541834606e-03 6.812749003984065743e-02 8.366533864541834606e-03 3.984063745019921551e-04 1.517928286852590070e-01 3.984063745019921551e-04 1.633466135458167684e-02 3.984063745019921551e-04 4.382470119521913489e-03 3.984063745019921551e-04 6.414342629482074065e-02 8.366533864541834606e-03 3.984063745019921551e-04 5.219123505976096949e-02 3.984063745019921551e-04 3.984063745019921551e-04
4.132231404958678126e-04 5.826446280991735144e-02 4.132231404958678126e-04 4.132231404958678126e-04 4.132231404958678126e-04 4.132231404958678126e-04 8.305785123966942518e-02 4.545454545454546101e-03 4.132231404958678126e-04 4.132231404958678126e-04 4.132231404958678126e-04 1.078512396694214920e-01 6.652892561983471398e-02 4.132231404958678126e-04 4.132231404958678126e-04 7.892561983471074738e-02 1.491735537190082839e-01 4.132231404958678126e-04 8.719008264462810298e-02 4.132231404958678126e-04 4.132231404958678126e-04 1.491735537190082839e-01 8.719008264462810298e-02 4.132231404958678126e-04 2.933884297520661030e-02 4.132231404958678126e-04 4.132231404958678126e-04 9.132231404958678078e-02 4.132231404958678126e-04 4.132231404958678126e-04
4.081632653061225725e-04 6.979591836734695687e-02 4.081632653061225725e-04 1.265306122448979845e-02 4.081632653061225725e-04 6.571428571428573895e-02 1.432653061224490321e-01 4.081632653061225725e-04 4.081632653061225725e-04 4.081632653061225725e-04 4.530612244897960078e-02 4.081632653061225725e-04 4.081632653061225725e-04 4.081632653061225725e-04 4.081632653061225725e-04 4.489795918367348732e-03 1.432653061224490321e-01 4.081632653061225725e-04 1.024489795918367696e-01 3.306122448979592621e-02 4.081632653061225725e-04 3.555102040816326969e-01 4.081632653061225725e-04 4.489795918367348732e-03 4.081632653061225725e-04 1.265306122448979845e-02 4.081632653061225725e-04 4.081632653061225725e-04 4.081632653061225725e-04 4.081632653061225725e-04
3.558718861209963038e-04 8.932384341637007730e-02 7.473309608540922543e-03 5.017793594306047683e-02 3.558718861209963038e-04 3.558718861209963038e-04 3.558718861209963038e-04 6.085409252669037039e-02 3.558718861209963038e-04 3.558718861209963038e-04 3.914590747330959179e-03 3.558718861209963038e-04 2.526690391459073676e-02 3.558718861209963038e-04 3.558718861209963038e-04 1.854092526690390708e-01 1.249110320284697040e-01 3.558718861209963038e-04 3.558718861209963038e-04 3.558718861209963038e-04 1.103202846975088504e-02 4.309608540925264908e-01 3.558718861209963038e-04 3.558718861209963038e-04 3.914590747330959179e-03 3.558718861209963038e-04 3.558718861209963038e-04 3.558718861209963038e-04 3.558718861209963038e-04 3.558718861209963038e-04
3.921568627450981314e-04 3.921568627450981314e-04 3.921568627450981314e-04 3.921568627450981314e-04 3.921568627450981314e-04 3.921568627450981314e-04 1.376470588235294279e-01 7.882352941176472283e-02 3.921568627450981314e-04 3.921568627450981314e-04 2.000000000000000042e-02 8.235294117647059403e-03 1.023529411764706049e-01 3.921568627450981314e-04 3.921568627450981314e-04 1.650980392156863041e-01 1.650980392156863041e-01 3.921568627450981314e-04 1.101960784313725655e-01 3.921568627450981314e-04 3.921568627450981314e-04 1.650980392156863041e-01 3.921568627450981314e-04 4.313725490196079065e-03 1.607843137254902008e-02 3.921568627450981314e-04 3.921568627450981314e-04 2.000000000000000042e-02 3.921568627450981314e-04 3.921568627450981314e-04
3.236245954692555595e-04 6.504854368932036501e-02 7.799352750809059043e-02 2.297734627831714282e-02 2.944983818770225206e-02 5.210355987055014654e-02 3.236245954692555595e-04 3.236245954692555595e-04 3.236245954692555595e-04 3.592233009708736130e-02 9.741100323624592161e-02 3.559870550161811208e-03 4.886731391585758671e-02 3.236245954692555595e-04 3.236245954692555595e-04 2.621359223300969918e-02 3.236245954692555595e-04 3.236245954692555595e-04 5.210355987055014654e-02 3.236245954692555595e-04 3.236245954692555595e-04 3.268608414239480842e-02 1.974110032362458647e-02 2.297734627831714282e-02 3.559870550161811208e-03 4.048543689320386885e-01 3.236245954692555595e-04 3.236245954692555595e-04 3.236245954692555595e-04 3.236245954692555595e-04
3.663003663003663000e-04 2.384615384615384470e-01 4.065934065934066061e-02 3.663003663003663000e-04 3.663003663003663000e-04 4.432234432234432447e-02 2.600732600732600514e-02 1.798534798534798529e-01 3.663003663003663000e-04 4.029304029304029734e-03 3.663003663003663000e-04 7.692307692307692735e-03 3.663003663003663000e-04 3.663003663003663000e-04 3.663003663003663000e-04 1.395604395604395642e-01 9.194139194139194782e-02 1.868131868131868087e-02 8.095238095238095621e-02 3.663003663003663000e-04 7.692307692307692735e-03 3.663003663003663000e-04 3.663003663003663000e-04 3.663003663003663000e-04 3.663003663003663000e-04 2.234432234432234474e-02 3.663003663003663000e-04 9.194139194139194782e-02 3.663003663003663000e-04 3.663003663003663000e-04
2.645502645502644597e-04 3.994708994708993238e-02 2.910052910052909544e-03 1.349206349206348750e-02 1.986772486772485913e-01 1.431216931216930943e-01 5.582010582010580452e-02 4.259259259259258468e-02 2.910052910052909544e-03 2.645502645502644597e-04 2.645502645502644597e-04 2.407407407407406719e-02 2.910052910052909544e-03 2.645502645502644597e-04 2.910052910052909544e-03 5.555555555555554033e-03 1.193121693121692861e-01 2.645502645502644597e-04 2.645502645502644597e-04 2.645502645502644597e-04 1.084656084656084214e-02 2.645502645502644597e-04 1.986772486772485913e-01 2.910052910052909544e-03 1.272486772486772222e-01 2.645502645502644597e-04 2.645502645502644597e-04 2.910052910052909544e-03 2.645502645502644597e-04 2.645502645502644597e-04
3.678929765886286736e-03 8.060200668896318199e-02 6.387959866220734029e-02 3.344481605351169316e-04 3.344481605351169316e-04 1.073578595317725426e-01 3.344481605351169316e-04 3.344481605351169316e-04 3.344481605351169316e-04 3.344481605351169316e-04 3.344481605351169316e-04 3.344481605351169316e-04 1.371237458193979263e-02 3.344481605351169316e-04 3.344481605351169316e-04 1.073578595317725426e-01 3.678929765886286736e-03 3.678929765886286736e-03 3.678929765886286736e-03 3.344481605351169316e-04 3.344481605351169316e-04 3.147157190635450075e-01 3.344481605351169316e-04 3.344481605351169316e-04 1.107023411371237109e-01 1.809364548494982738e-01 3.344481605351169316e-04 3.344481605351169316e-04 3.344481605351169316e-04 3.344481605351169316e-04
3.571428571428569257e-04 3.571428571428569257e-04 1.107142857142856540e-02 3.571428571428569257e-04 3.571428571428569257e-04 3.571428571428569257e-04 2.110714285714284377e-01 3.607142857142854597e-02 3.571428571428569257e-04 3.571428571428569257e-04 3.571428571428569257e-04 3.571428571428569257e-04 1.753571428571427671e-01 3.571428571428569257e-04 3.928571428571426237e-03 1.860714285714284710e-01 1.360714285714284821e-01 3.571428571428569257e-04 5.749999999999996780e-02 3.571428571428569257e-04 3.571428571428569257e-04 1.717857142857141806e-01 3.571428571428569257e-04 3.571428571428569257e-04 3.928571428571426237e-03 3.571428571428569257e-04 3.571428571428569257e-04 3.571428571428569257e-04 3.571428571428569257e-04 3.571428571428569257e-04
2.298165137614679443e-01 4.587155963302753632e-04 4.587155963302753632e-04 1.422018348623853637e-02 1.013761467889908591e-01 4.587155963302753632e-04 4.587155963302753632e-04 8.302752293577984888e-02 7.385321100917434378e-02 4.587155963302753632e-04 4.587155963302753632e-04 1.880733944954128892e-02 1.243119266055046218e-01 4.587155963302753632e-04 6.009174311926607226e-02 5.045871559633029538e-03 9.633027522935782086e-03 4.587155963302753632e-04 2.298165137614679443e-01 2.339449541284404147e-02 4.587155963302753632e-04 4.587155963302753632e-04 4.587155963302753632e-04 4.587155963302753632e-04 4.587155963302753632e-04 5.045871559633029538e-03 4.587155963302753632e-04 4.587155963302753632e-04 1.422018348623853637e-02 4.587155963302753632e-04
7.936507936507938669e-04 7.936507936507938669e-04 7.936507936507938669e-04 7.936507936507938669e-04 7.936507936507938669e-04 7.936507936507938669e-04 8.730158730158732103e-03 3.896825396825397969e-01 7.936507936507938669e-04 7.936507936507938669e-04 7.936507936507938669e-04 7.936507936507938669e-04 1.666666666666666990e-02 7.222222222222222932e-02 7.936507936507938669e-04 1.119047619047619235e-01 7.936507936507938669e-04 7.936507936507938669e-04 1.039682539682539875e-01 7.936507936507938669e-04 7.936507936507938669e-04 2.071428571428572118e-01 7.936507936507938669e-04 7.936507936507938669e-04 8.730158730158732103e-03 7.936507936507938669e-04 8.730158730158732103e-03 5.634920634920635718e-02 7.936507936507938669e-04 7.936507936507938669e-04
3.636363636363635059e-04 1.127272727272726760e-02 1.127272727272726760e-02 3.636363636363635059e-04 3.636363636363635059e-04 3.636363636363635059e-04 4.763636363636361559e-02 8.399999999999996358e-02 3.636363636363635059e-04 3.636363636363635059e-04 3.636363636363635059e-04 3.999999999999998349e-03 2.945454545454544160e-02 3.636363636363635059e-04 3.636363636363635059e-04 6.581818181818178959e-02 3.930909090909089354e-01 6.581818181818178959e-02 7.672727272727269954e-02 3.636363636363635059e-04 3.636363636363635059e-04 1.458181818181817635e-01 3.636363636363635059e-04 4.399999999999998357e-02 1.127272727272726760e-02 3.999999999999998349e-03 3.636363636363635059e-04 3.636363636363635059e-04 3.636363636363635059e-04 3.636363636363635059e-04
6.849315068493150738e-04 7.534246575342466029e-03 6.849315068493150738e-04 1.376712328767123461e-01 6.849315068493150738e-04 6.849315068493150738e-04 6.849315068493150738e-04 6.849315068493150738e-04 6.849315068493150738e-04 6.849315068493150738e-04 6.849315068493150738e-04 1.513698630136986467e-01 1.993150684931506988e-01 6.849315068493150738e-04 3.773972602739726345e-01 7.602739726027396561e-02 6.849315068493150738e-04 6.849315068493150738e-04 6.849315068493150738e-04 6.849315068493150738e-04 6.849315068493150738e-04 6.849315068493150738e-04 6.849315068493150738e-04 6.849315068493150738e-04 6.849315068493150738e-04 3.493150684931506378e-02 6.849315068493150738e-04 6.849315068493150738e-04 6.849315068493150738e-04 6.849315068493150738e-04
2.717391304347825578e-04 7.907608695652171282e-02 2.717391304347825578e-04 2.717391304347825578e-04 5.706521739130433063e-03 6.277173913043476716e-02 2.230978260869564411e-01 1.089673913043477937e-01 2.717391304347825578e-04 2.717391304347825578e-04 2.717391304347825578e-04 2.717391304347825578e-04 5.733695652173911861e-02 1.657608695652173364e-02 2.717391304347825578e-04 7.364130434782606427e-02 6.820652173913041572e-02 1.114130434782608335e-02 5.733695652173911861e-02 2.717391304347825578e-04 2.717391304347825578e-04 1.877717391304347117e-01 2.717391304347825578e-04 2.201086956521738219e-02 2.989130434782607919e-03 5.706521739130433063e-03 2.717391304347825578e-04 2.717391304347825578e-04 2.717391304347825578e-04 1.385869565217390763e-02
3.773584905660376087e-04 3.056603773584904218e-02 4.943396226415092132e-02 7.207547169811318044e-02 4.150943396226413479e-03 3.433962264150941524e-02 8.716981132075468652e-02 3.773584905660376087e-04 3.773584905660376087e-04 3.773584905660376087e-04 3.773584905660376087e-04 3.773584905660376087e-04 3.773584905660376087e-04 3.773584905660376087e-04 3.773584905660376087e-04 3.773584905660376087e-04 5.928301886792449737e-01 5.698113207547167436e-02 3.773584905660376087e-04 7.924528301886789999e-03 1.924528301886791609e-02 3.773584905660376087e-04 2.679245283018866566e-02 3.773584905660376087e-04 4.150943396226413479e-03 3.773584905660376087e-04 3.773584905660376087e-04 7.924528301886789999e-03 3.773584905660376087e-04 3.773584905660376087e-04
4.444444444444445200e-04 2.315555555555555978e-01 1.822222222222222299e-02 4.444444444444445200e-04 6.266666666666667607e-02 7.155555555555556668e-02 4.444444444444445200e-04 9.333333333333334106e-03 1.248888888888889104e-01 4.444444444444445200e-04 4.444444444444445200e-04 4.444444444444445200e-04 6.266666666666667607e-02 4.444444444444445200e-04 4.933333333333334014e-02 4.444444444444445200e-04 4.444444444444445200e-04 4.444444444444445200e-04 1.871111111111111447e-01 4.044444444444444953e-02 4.444444444444445200e-04 4.444444444444445200e-04 4.444444444444445200e-04 4.444444444444445200e-04 1.822222222222222299e-02 8.933333333333334791e-02 4.444444444444445200e-04 4.444444444444445200e-04 4.444444444444445200e-04 2.711111111111111360e-02
2.398081534772181765e-04 2.398081534772181765e-04 1.920863309352517367e-01 4.942446043165465985e-01 3.860911270983212462e-02 2.398081534772181765e-04 2.398081534772181765e-04 6.258992805755393685e-02 7.434052757793763525e-03 3.381294964028776218e-02 1.462829736211030719e-02 3.141486810551558095e-02 7.434052757793763525e-03 2.398081534772181765e-04 2.398081534772181765e-04 2.398081534772181765e-04 2.422062350119903382e-02 2.398081534772181765e-04 2.398081534772181765e-04 2.398081534772181765e-04 2.398081534772181765e-04 2.398081534772181765e-04 2.398081534772181765e-04 2.398081534772181765e-04 4.100719424460430584e-02 2.398081534772181765e-04 4.340527577937648707e-02 2.398081534772181765e-04 5.035971223021581435e-03 2.398081534772181765e-04
9.345794392523367041e-04 9.345794392523367041e-04 1.028037383177570450e-02 1.962616822429907176e-02 4.766355140186916833e-02 9.345794392523367041e-04 5.700934579439253386e-02 9.345794392523367041e-04 9.345794392523367041e-04 4.028037383177571207e-01 1.962616822429907176e-02 9.345794392523367041e-04 1.962616822429907176e-02 9.345794392523367041e-04 4.766355140186916833e-02 9.345794392523367041e-04 5.700934579439253386e-02 9.345794392523367041e-04 9.345794392523367041e-04 9.345794392523367041e-04 9.345794392523367041e-04 6.635514018691590632e-02 9.345794392523367041e-04 9.345794392523367041e-04 9.345794392523367041e-04 1.971962616822430514e-01 2.897196261682243729e-02 9.345794392523367041e-04 9.345794392523367041e-04 1.028037383177570450e-02
3.921568627450981314e-04 8.235294117647059403e-03 9.843137254901962452e-02 7.098039215686276215e-02 3.921568627450981314e-04 3.921568627450981314e-04 3.611764705882353210e-01 3.921568627450981314e-04 1.607843137254902008e-02 3.921568627450981314e-04 3.921568627450981314e-04 3.921568627450981314e-04 5.529411764705882693e-02 3.921568627450981314e-04 3.921568627450981314e-04 3.921568627450981314e-04 3.921568627450981314e-04 3.921568627450981314e-04 3.921568627450981314e-04 3.921568627450981314e-04 2.278431372549019895e-01 3.921568627450981314e-04 8.274509803921570317e-02 5.921568627450980726e-02 3.921568627450981314e-04 3.921568627450981314e-04 3.921568627450981314e-04 1.215686274509804148e-02 3.921568627450981314e-04 3.921568627450981314e-04
3.236245954692556137e-04 2.268608414239481619e-01 2.297734627831714629e-02 8.446601941747572395e-02 3.236245954692556137e-04 3.236245954692556137e-04 3.236245954692556137e-04 3.236245954692556137e-04 3.236245954692556137e-04 5.210355987055015348e-02 3.915857605177992806e-02 3.236245954692556137e-04 8.122977346278316413e-02 3.236245954692556137e-04 1.103559870550161609e-01 3.236245954692556137e-04 3.236245954692556137e-04 3.236245954692556137e-04 3.236245954692556137e-04 3.236245954692556137e-04 4.886731391585759365e-02 3.236245954692556137e-04 3.236245954692556137e-04 3.236245954692556137e-04 5.210355987055015348e-02 2.042071197411002847e-01 6.504854368932037889e-02 3.559870550161812076e-03 3.236245954692556137e-04 3.559870550161812076e-03
2.696551724137931649e-01 6.896551724137932673e-04 8.344827586206897407e-02 6.896551724137932673e-04 6.896551724137932673e-04 9.034482758620690501e-02 6.896551724137932673e-04 3.386206896551725021e-01 6.896551724137932673e-04 6.896551724137932673e-04 7.586206896551725941e-03 6.896551724137932673e-04 6.896551724137932673e-04 6.896551724137932673e-04 6.896551724137932673e-04 1.448275862068965948e-02 7.586206896551725941e-03 6.896551724137932673e-04 7.586206896551725941e-03 4.206896551724138844e-02 6.896551724137932673e-04 1.448275862068965948e-02 6.896551724137932673e-04 6.896551724137932673e-04 4.896551724137931938e-02 6.896551724137932673e-04 6.896551724137932673e-04 6.896551724137932673e-04 6.275862068965518126e-02 6.896551724137932673e-04
1.000000000000000238e-03 1.100000000000000457e-02 2.010000000000000675e-01 1.510000000000000508e-01 1.000000000000000238e-03 1.000000000000000238e-03 5.100000000000001060e-02 1.000000000000000238e-03 1.000000000000000238e-03 1.000000000000000238e-03 3.100000000000001019e-02 1.000000000000000238e-03 1.000000000000000238e-03 1.000000000000000238e-03 1.000000000000000238e-03 1.000000000000000238e-03 5.110000000000001208e-01 1.000000000000000238e-03 1.000000000000000238e-03 1.000000000000000238e-03 1.100000000000000457e-02 1.000000000000000238e-03 1.000000000000000238e-03 1.000000000000000238e-03 1.000000000000000238e-03 1.000000000000000238e-03 1.100000000000000457e-02 1.000000000000000238e-03 1.000000000000000238e-03 1.000000000000000238e-03
1.988071570576540551e-04 1.632206759443339539e-01 1.274353876739562352e-01 4.174950298210734941e-03 3.001988071570575733e-02 1.075546719681908375e-01 2.007952286282305501e-02 2.803180914512921895e-02 1.988071570576540551e-04 1.988071570576540551e-04 1.988071570576540551e-04 1.988071570576540551e-04 1.988071570576540551e-04 1.988071570576540551e-04 7.176938369781310501e-02 2.206759443339959686e-02 1.988071570576540551e-04 1.988071570576540551e-04 1.988071570576540551e-04 1.988071570576540551e-04 1.988071570576540551e-04 1.988071570576540551e-04 1.870775347912524422e-01 1.988071570576540551e-04 4.174950298210734941e-03 1.988071570576540551e-04 7.574552683896618177e-02 1.433399602385685423e-01 1.988071570576540551e-04 1.212723658051689454e-02
5.586592178770951418e-04 5.586592178770951418e-04 5.586592178770951418e-04 5.586592178770951418e-04 5.586592178770951418e-04 5.586592178770951418e-04 6.145251396648046018e-03 5.586592178770951418e-04 5.586592178770951418e-04 5.586592178770951418e-04 2.016759776536313220e-01 5.586592178770951418e-04 5.586592178770951418e-04 5.586592178770951418e-04 5.586592178770951418e-04 5.586592178770951418e-04 1.737430167597765751e-01 5.586592178770951418e-04 6.145251396648046018e-03 5.586592178770951418e-04 5.586592178770951418e-04 5.586592178770951418e-04 5.586592178770951418e-04 5.586592178770951418e-04 6.145251396648046018e-03 5.927374301675978341e-01 5.586592178770951418e-04 5.586592178770951418e-04 5.586592178770951418e-04 5.586592178770951418e-04
3.260869565217390693e-03 2.284161490683229434e-01 5.295031055900620287e-02 1.552795031055900408e-04 3.260869565217390693e-03 1.104037267080745094e-01 1.552795031055900408e-04 1.708074534161490611e-03 1.552795031055900408e-04 2.034161490683229420e-02 1.552795031055900408e-04 1.552795031055900408e-04 2.034161490683229420e-02 4.813664596273291643e-03 4.363354037267080238e-02 1.104037267080745094e-01 6.226708074534160336e-02 5.295031055900620287e-02 1.552795031055900408e-04 1.552795031055900408e-04 3.586956521739129850e-02 1.568322981366459395e-02 1.552795031055900408e-04 1.552795031055900408e-04 1.723602484472049404e-02 1.787267080745341130e-01 1.552795031055900408e-04 4.813664596273291643e-03 2.965838509316769817e-02 1.708074534161490611e-03
3.300330033003299286e-04 3.300330033003299286e-04 3.300330033003299286e-04 4.323432343234321490e-02 6.633663366336631229e-02 2.412541254125411538e-01 1.023102310231022681e-02 6.930693069306928175e-03 3.300330033003299286e-04 1.023102310231022681e-02 3.300330033003299286e-04 3.300330033003299286e-04 3.300330033003299286e-04 2.841584158415840222e-01 3.300330033003299286e-04 3.300330033003299286e-04 3.663366336633661763e-02 3.300330033003299286e-04 3.630363036303629106e-03 3.300330033003299286e-04 3.300330033003299286e-04 3.300330033003299286e-04 3.300330033003299286e-04 3.300330033003299286e-04 1.422442244224421948e-01 1.092409240924092084e-01 3.300330033003299286e-04 3.300330033003299286e-04 3.993399339933991626e-02 3.300330033003299286e-04
4.424778761061947925e-04 9.292035398230090101e-03 2.659292035398230225e-01 6.681415929203540771e-02 4.911504424778761341e-02 4.424778761061947925e-04 4.424778761061947925e-04 8.008849557522125517e-02 4.424778761061947925e-04 4.424778761061947925e-04 4.424778761061947925e-04 4.424778761061947925e-04 4.424778761061947925e-04 4.424778761061947925e-04 4.424778761061947925e-04 4.424778761061947925e-04 5.353982300884956025e-02 1.814159292035398205e-02 1.371681415929203694e-02 4.867256637168142393e-03 4.424778761061947925e-04 4.424778761061947925e-04 4.424778761061947925e-04 2.699115044247787920e-02 4.026548672566371972e-02 3.013274336283185972e-01 4.469026548672566657e-02 4.424778761061947925e-04 1.814159292035398205e-02 4.424778761061947925e-04
3.246753246753245666e-04 3.246753246753245666e-04 8.798701298701296081e-02 1.331168831168830571e-02 3.603896103896102321e-02 4.577922077922075977e-02 3.246753246753245666e-04 3.246753246753245666e-04 3.246753246753245666e-04 1.006493506493506135e-02 1.172077922077921636e-01 6.818181818181816116e-03 3.571428571428570450e-03 3.246753246753245666e-04 3.246753246753245666e-04 3.246753246753245666e-04 8.474025974025971297e-02 3.246753246753245666e-04 3.246753246753245666e-04 6.818181818181816116e-03 3.246753246753245666e-04 1.366883116883116367e-01 1.006493506493506135e-02 3.246753246753245666e-04 3.246753246753245666e-04 4.353896103896102154e-01 3.246753246753245666e-04 3.246753246753245666e-04 3.246753246753245666e-04 3.246753246753245666e-04
3.649635036496349594e-04 1.062043795620437742e-01 3.649635036496349594e-04 3.649635036496349594e-04 3.649635036496349594e-04 9.890510948905108235e-02 2.956204379562043030e-02 3.649635036496349594e-04 3.649635036496349594e-04 3.649635036496349594e-04 1.131386861313868342e-02 3.649635036496349594e-04 1.025547445255474283e-01 3.649635036496349594e-04 7.664233576642334907e-03 2.412408759124086977e-01 3.649635036496349594e-04 4.014598540145984662e-03 3.649635036496349594e-04 3.649635036496349594e-04 3.649635036496349594e-04 3.649635036496349594e-04 2.591240875912408093e-02 5.145985401459853004e-02 3.649635036496349594e-04 2.886861313868612222e-01 3.649635036496349594e-04 3.649635036496349594e-04 3.649635036496349594e-04 2.591240875912408093e-02
3.571428571428572510e-04 3.571428571428572510e-04 1.003571428571428809e-01 3.571428571428572510e-04 3.250000000000000805e-02 3.571428571428572510e-04 3.571428571428572510e-04 3.571428571428572510e-04 3.571428571428572510e-04 2.110714285714286320e-01 5.392857142857143682e-02 3.928571428571429706e-03 2.360714285714285987e-01 3.571428571428572510e-04 1.539285714285714701e-01 4.678571428571429158e-02 3.571428571428572510e-04 3.571428571428572510e-04 3.928571428571429706e-03 7.500000000000001457e-03 3.571428571428572510e-04 3.571428571428572510e-04 3.571428571428572510e-04 7.500000000000001457e-03 3.571428571428572510e-04 3.571428571428572510e-04 3.571428571428572510e-04 3.571428571428572510e-04 3.571428571428572510e-04 1.360714285714285932e-01
8.650306748466259077e-02 6.134969325153375678e-04 6.134969325153375678e-04 6.809815950920246330e-02 3.742331288343558882e-02 6.134969325153375678e-04 3.742331288343558882e-02 6.134969325153375678e-04 4.969325153374233583e-02 6.134969325153375678e-04 7.423312883435584375e-02 1.288343558282208784e-02 6.134969325153375678e-04 2.582822085889571184e-01 6.134969325153375678e-04 6.748466257668713462e-03 6.134969325153375678e-04 6.134969325153375678e-04 6.134969325153375678e-04 1.288343558282208784e-02 8.036809815950921032e-02 6.134969325153375678e-04 6.134969325153375678e-04 6.134969325153375678e-04 6.134969325153375678e-04 3.128834355828221531e-02 6.134969325153375678e-04 1.907975460122699751e-01 4.355828220858896233e-02 6.134969325153375678e-04
2.906976744186045929e-04 7.005813953488369827e-02 2.906976744186045929e-04 2.645348837209301335e-02 2.063953488372092387e-02 5.261627906976742985e-02 2.906976744186045929e-04 6.424418604651160880e-02 2.906976744186045929e-04 3.197674418604650251e-03 2.906976744186045929e-04 2.906976744186045929e-04 2.936046511627905808e-02 6.104651162790695855e-03 2.906976744186045929e-04 2.906976744186045929e-04 6.133720930232556406e-02 2.906976744186045929e-04 2.906976744186045929e-04 3.197674418604650251e-03 2.906976744186045929e-04 7.587209302325578775e-02 2.906976744186045929e-04 2.906976744186045929e-04 2.906976744186045929e-04 5.816860465116276968e-01 2.906976744186045929e-04 2.906976744186045929e-04 2.906976744186045929e-04 2.906976744186045929e-04
2.760180995475113724e-02 8.642533936651586313e-02 5.475113122171947067e-02 9.502262443438916698e-03 4.524886877828055570e-04 4.524886877828055570e-04 1.316742081447964119e-01 4.524886877828055570e-04 3.212669683257918934e-02 4.524886877828055570e-04 4.524886877828055570e-04 4.524886877828055570e-04 5.022624434389141163e-02 4.524886877828055570e-04 4.524886877828055570e-04 4.524886877828055570e-04 4.524886877828055570e-04 4.524886877828055570e-04 4.524886877828055570e-04 4.524886877828055570e-04 4.524886877828055570e-04 4.524886877828055570e-04 3.941176470588236280e-01 4.524886877828055570e-04 9.502262443438916698e-03 5.022624434389141163e-02 4.524886877828055570e-04 4.524886877828055570e-04 4.524886877828055570e-04 1.452488687782805821e-01
2.409638554216866544e-04 2.409638554216866544e-04 5.807228915662648872e-02 2.409638554216866544e-04 1.469879518072288518e-02 7.975903614457828528e-02 2.409638554216866544e-04 8.216867469879514385e-02 2.409638554216866544e-04 5.084337349397588524e-02 2.409638554216866544e-04 2.409638554216866544e-04 7.734939759036141282e-02 2.409638554216866544e-04 4.893975903614455891e-01 2.409638554216866544e-04 2.409638554216866544e-04 2.409638554216866544e-04 9.879518072289152422e-03 9.879518072289152422e-03 9.903614457831320939e-02 2.409638554216866544e-04 2.409638554216866544e-04 2.409638554216866544e-04 2.409638554216866544e-04 2.409638554216866544e-04 9.879518072289152422e-03 2.409638554216866544e-04 1.469879518072288518e-02 2.409638554216866544e-04
3.322259136212624229e-04 3.322259136212624229e-04 1.694352159468438118e-02 3.654485049833886435e-03 3.322259136212624229e-04 3.322259136212624229e-04 5.016611295681062260e-02 3.322259136212624229e-04 2.691029900332225430e-02 3.654485049833886435e-03 3.322259136212624229e-04 2.358803986710962877e-02 8.671096345514948955e-02 3.322259136212624229e-04 4.019933554817274601e-02 4.222591362126245085e-01 3.322259136212624229e-04 6.976744186046510664e-03 3.322259136212624229e-04 3.322259136212624229e-04 3.322259136212624229e-04 2.358803986710962877e-02 7.674418604651161990e-02 3.322259136212624229e-04 3.322259136212624229e-04 7.674418604651161990e-02 3.322259136212624229e-04 3.322259136212624229e-04 3.654485049833886435e-03 1.332225913621262192e-01
3.355704697986575916e-04 1.211409395973153946e-01 4.731543624161071993e-02 1.479865771812080011e-01 9.429530201342278817e-02 1.010067114093959328e-01 7.046979865771809369e-03 3.355704697986575916e-04 3.355704697986575916e-04 3.355704697986575916e-04 7.046979865771809369e-03 4.395973154362414065e-02 1.375838926174496012e-02 3.355704697986575916e-04 4.731543624161071993e-02 1.043624161073825191e-01 1.711409395973153419e-02 3.355704697986575916e-04 3.355704697986575916e-04 3.355704697986575916e-04 3.355704697986575916e-04 3.355704697986575916e-04 7.046979865771809369e-03 3.355704697986575916e-04 2.718120805369126508e-02 2.016778523489932140e-01 3.355704697986575916e-04 3.355704697986575916e-04 7.046979865771809369e-03 3.355704697986575916e-04
2.446236559139784023e-02 2.688172043010752144e-04 7.822580645161288093e-02 2.688172043010752144e-04 8.333333333333331483e-03 3.604838709677418152e-01 1.639784946236558585e-02 2.446236559139784023e-02 2.688172043010752144e-04 2.688172043010752144e-04 2.688172043010752144e-04 2.688172043010752144e-04 2.688172043010752144e-04 1.481182795698924304e-01 2.688172043010752144e-04 1.908602150537633615e-02 2.688172043010752144e-04 2.956989247311827412e-03 1.908602150537633615e-02 2.956989247311827412e-03 2.688172043010752144e-04 2.688172043010752144e-04 6.747311827956987973e-02 2.688172043010752144e-04 2.956989247311827412e-03 2.983870967741934430e-02 2.688172043010752144e-04 3.790322580645159867e-02 1.534946236559139310e-01 2.688172043010752144e-04
3.496503496503495416e-04 3.496503496503495416e-04 1.996503496503495845e-01 3.496503496503495416e-04 3.496503496503495416e-04 3.496503496503495416e-04 1.433566433566432936e-02 3.496503496503495416e-04 9.825174825174821935e-02 3.496503496503495416e-04 3.496503496503495416e-04 3.496503496503495416e-04 3.496503496503495416e-04 3.496503496503495416e-04 4.230769230769228922e-02 4.930069930069928136e-02 2.066433566433565627e-01 1.087412587412587006e-01 3.496503496503495416e-04 3.496503496503495416e-04 1.926573426573425785e-01 7.342657342657339832e-03 3.496503496503495416e-04 1.433566433566432936e-02 5.979020979020976956e-02 3.496503496503495416e-04 3.496503496503495416e-04 3.496503496503495416e-04 3.496503496503495416e-04 3.496503496503495416e-04
