3.084745762711862960e-02 3.389830508474575414e-04 3.389830508474575414e-04 3.389830508474575414e-04 1.728813559322033011e-02 3.389830508474575414e-04 7.830508474576268474e-02 8.169491525423726308e-02 3.389830508474575414e-04 7.118644067796608098e-03 3.389830508474575414e-04 3.389830508474575414e-04 7.118644067796608098e-03 3.389830508474575414e-04 3.389830508474575414e-04 3.389830508474575414e-04 3.728813559322032792e-03 2.952542372881354349e-01 4.715254237288133421e-01 3.389830508474575414e-04 3.389830508474575414e-04 3.389830508474575414e-04 3.389830508474575414e-04 3.389830508474575414e-04 3.389830508474575414e-04 3.389830508474575414e-04 3.389830508474575414e-04 3.389830508474575414e-04 3.389830508474575414e-04 3.389830508474575414e-04
4.833948339483391810e-02 4.059040590405901990e-03 1.405904059040589682e-01 2.619926199261990787e-02 3.690036900369001414e-04 8.523985239852394091e-02 3.690036900369001414e-04 3.690036900369001414e-04 3.690036900369001414e-04 3.690036900369001414e-04 2.250922509225090559e-02 2.250922509225090559e-02 3.690036900369001414e-04 2.988929889298891016e-02 1.512915129151290450e-02 3.690036900369001414e-04 3.690036900369001414e-04 2.660516605166050041e-01 3.324723247232470036e-01 3.690036900369001414e-04 3.690036900369001414e-04 3.690036900369001414e-04 3.690036900369001414e-04 3.690036900369001414e-04 3.690036900369001414e-04 3.690036900369001414e-04 3.690036900369001414e-04 3.690036900369001414e-04 3.690036900369001414e-04 3.690036900369001414e-04
5.050505050505051585e-04 5.555555555555556635e-03 1.060606060606060844e-02 5.050505050505051585e-04 9.646464646464648907e-02 5.606060606060606771e-02 5.050505050505051585e-04 1.469696969696970001e-01 2.575757575757576037e-02 5.555555555555556635e-03 5.555555555555556635e-03 1.060606060606060844e-02 5.050505050505051585e-04 5.050505050505051585e-04 5.050505050505051585e-04 5.050505050505051585e-04 5.050505050505051585e-04 5.050505050505051585e-04 5.050505050505051585e-04 5.050505050505051585e-04 5.050505050505051585e-04 5.555555555555556635e-03 3.136363636363637131e-01 5.050505050505051585e-04 7.626262626262626798e-02 5.050505050505051585e-04 1.469696969696970001e-01 5.050505050505051585e-04 7.121212121212122659e-02 1.565656565656566024e-02
4.310344827586207921e-04 4.310344827586207921e-04 1.125000000000000305e-01 4.310344827586207921e-04 4.310344827586207921e-04 4.310344827586207921e-04 9.051724137931036959e-03 4.310344827586207921e-04 4.310344827586207921e-04 4.310344827586207921e-04 4.310344827586207921e-04 4.741379310344829255e-03 4.310344827586207921e-04 4.310344827586207921e-04 4.310344827586207921e-04 4.310344827586207921e-04 4.310344827586207921e-04 3.969827586206897130e-01 1.038793103448276134e-01 4.310344827586207921e-04 8.232758620689657747e-02 4.310344827586207921e-04 1.336206896551724553e-02 4.741379310344829255e-03 4.741379310344829255e-03 4.310344827586207921e-04 2.590517241379310942e-01 4.310344827586207921e-04 4.310344827586207921e-04 4.310344827586207921e-04
1.045602605863191897e-01 2.312703583061888335e-02 3.257328990228012091e-04 7.524429967426707333e-02 3.257328990228012091e-04 3.257328990228012091e-04 4.042345276872962301e-01 6.221498371335502930e-02 3.257328990228012091e-04 3.257328990228012091e-04 3.257328990228012091e-04 3.257328990228012091e-04 3.257328990228012091e-04 3.257328990228012091e-04 3.257328990228012091e-04 3.257328990228012091e-04 3.257328990228012091e-04 3.257328990228012091e-04 3.130293159609119358e-01 3.257328990228012091e-04 3.257328990228012091e-04 6.840390879478824848e-03 3.583061889250813408e-03 3.257328990228012091e-04 3.257328990228012091e-04 3.257328990228012091e-04 3.257328990228012091e-04 3.257328990228012091e-04 3.257328990228012091e-04 3.257328990228012091e-04
1.404669260700388556e-01 3.891050583657586193e-04 7.431906614785989407e-02 1.599221789883267797e-01 7.431906614785989407e-02 8.171206225680930843e-03 8.599221789883265687e-02 3.891050583657586193e-04 4.280155642023344975e-03 3.891050583657586193e-04 1.595330739299610084e-02 3.891050583657586193e-04 3.891050583657586193e-04 4.280155642023344975e-03 3.891050583657586193e-04 3.891050583657586193e-04 3.891050583657586193e-04 2.143968871595329784e-01 3.891050583657586193e-04 3.891050583657586193e-04 3.891050583657586193e-04 1.832684824902723053e-01 1.595330739299610084e-02 3.891050583657586193e-04 4.280155642023344975e-03 3.891050583657586193e-04 8.171206225680930843e-03 3.891050583657586193e-04 3.891050583657586193e-04 3.891050583657586193e-04
3.344481605351169316e-04 3.344481605351169316e-04 5.384615384615382833e-02 3.344481605351169316e-04 2.709030100334447119e-02 1.508361204013377310e-01 1.036789297658862428e-02 3.344481605351169316e-04 7.391304347826084531e-02 3.344481605351169316e-04 1.307692307692307210e-01 3.344481605351169316e-04 3.344481605351169316e-04 7.023411371237455944e-03 1.036789297658862428e-02 3.344481605351169316e-04 3.344481605351169316e-04 8.394648829431435033e-02 3.678929765886286736e-03 2.478260869565216129e-01 3.344481605351169316e-04 3.344481605351169316e-04 3.344481605351169316e-04 2.709030100334447119e-02 1.642140468227424044e-01 3.344481605351169316e-04 3.678929765886286736e-03 3.344481605351169316e-04 3.344481605351169316e-04 3.344481605351169316e-04
3.558718861209963038e-04 3.558718861209963038e-04 2.672597864768682108e-01 3.558718861209963038e-04 7.508896797153022384e-02 7.864768683274019068e-02 2.526690391459073676e-02 7.473309608540922543e-03 1.213523131672597372e-01 3.914590747330959179e-03 4.306049822064055010e-02 3.558718861209963038e-04 3.558718861209963038e-04 2.882562277580070012e-02 3.558718861209963038e-04 2.170818505338077339e-02 3.558718861209963038e-04 3.558718861209963038e-04 3.558718861209963038e-04 2.779359430604980696e-01 3.558718861209963038e-04 3.558718861209963038e-04 1.459074733096084667e-02 2.526690391459073676e-02 3.558718861209963038e-04 3.558718861209963038e-04 3.558718861209963038e-04 3.558718861209963038e-04 3.914590747330959179e-03 3.558718861209963038e-04
5.952380952380954002e-04 5.952380952380954002e-04 1.732142857142857650e-01 5.952380952380954002e-04 5.952380952380954002e-04 5.952380952380954002e-04 5.952380952380954002e-04 6.607142857142858650e-02 1.255952380952381209e-01 5.952380952380954002e-04 5.952380952380954002e-04 5.952380952380954002e-04 5.952380952380954002e-04 2.148809523809524225e-01 1.250000000000000243e-02 5.952380952380954002e-04 1.845238095238095621e-02 5.952380952380954002e-04 8.988095238095239470e-02 5.952380952380954002e-04 5.952380952380954002e-04 5.952380952380954002e-04 2.267857142857143404e-01 5.952380952380954002e-04 6.011904761904762751e-02 5.952380952380954002e-04 5.952380952380954002e-04 5.952380952380954002e-04 5.952380952380954002e-04 5.952380952380954002e-04
1.418238993710691787e-01 2.861635220125786222e-02 5.062893081761006553e-02 4.748427672955974482e-02 3.144654088050314851e-04 2.232704402515723122e-02 6.949685534591194813e-02 3.144654088050314851e-04 6.006289308176101377e-02 3.144654088050314851e-04 1.289308176100628818e-02 3.144654088050314851e-04 3.144654088050314851e-04 3.144654088050314851e-04 3.144654088050314851e-04 3.144654088050314851e-04 6.603773584905660646e-03 6.603773584905660646e-03 9.748427672955974413e-03 3.144654088050314851e-04 6.603773584905660646e-03 3.144654088050314851e-04 3.144654088050314851e-04 3.176100628930817599e-02 3.805031446540880352e-02 3.459119496855346011e-03 4.594339622641509524e-01 3.144654088050314851e-04 3.144654088050314851e-04 3.144654088050314851e-04
7.076023391812867602e-02 4.859649122807018773e-01 5.847953216374271283e-04 5.847953216374271283e-04 6.432748538011698845e-03 5.847953216374271283e-04 5.847953216374271283e-04 5.847953216374271283e-04 5.847953216374271283e-04 5.847953216374271283e-04 5.847953216374271283e-04 5.847953216374271283e-04 5.847953216374271283e-04 5.847953216374271283e-04 5.847953216374271283e-04 5.847953216374271283e-04 1.228070175438597013e-02 5.847953216374271283e-04 2.871345029239766866e-01 6.432748538011698845e-03 1.116959064327485845e-01 5.847953216374271283e-04 5.847953216374271283e-04 5.847953216374271283e-04 5.847953216374271283e-04 5.847953216374271283e-04 5.847953216374271283e-04 5.847953216374271283e-04 6.432748538011698845e-03 5.847953216374271283e-04
4.739336492890995948e-04 6.208530805687204751e-02 2.137440758293839282e-01 9.952606635071092195e-03 4.739336492890995948e-04 1.469194312796208782e-02 1.469194312796208782e-02 4.739336492890995948e-04 4.739336492890995948e-04 4.739336492890995948e-04 4.739336492890995948e-04 4.739336492890995948e-04 9.952606635071092195e-03 2.890995260663507468e-02 4.739336492890995948e-04 9.952606635071092195e-03 4.739336492890995948e-04 4.739336492890995948e-04 4.739336492890995948e-04 4.739336492890995948e-04 4.739336492890995948e-04 4.739336492890995948e-04 4.739336492890995948e-04 4.739336492890995948e-04 9.952606635071092195e-03 4.739336492890995948e-04 6.165876777251185770e-01 4.739336492890995948e-04 4.739336492890995948e-04 4.739336492890995948e-04
4.824561403508773917e-03 4.385964912280702920e-04 1.188596491228070540e-01 4.385964912280702920e-04 4.385964912280702920e-04 1.846491228070175905e-01 4.385964912280702920e-04 4.385964912280702920e-04 4.824561403508773917e-03 4.385964912280702920e-04 4.385964912280702920e-04 4.385964912280702920e-04 9.210526315789476295e-03 4.824561403508773917e-03 4.385964912280702920e-04 4.385964912280702920e-04 4.390350877192983337e-01 4.385964912280702920e-04 3.552631578947369057e-02 4.385964912280702920e-04 4.385964912280702920e-04 4.385964912280702920e-04 4.824561403508773917e-03 4.385964912280702920e-04 4.385964912280702920e-04 4.385964912280702920e-04 1.846491228070175905e-01 4.385964912280702920e-04 4.385964912280702920e-04 4.385964912280702920e-04
2.320185614849187134e-04 1.116009280742459031e-01 3.735498839907191310e-02 2.320185614849187134e-04 4.895591647331785229e-02 1.232018561484918284e-01 2.552204176334105928e-03 2.320185614849187134e-04 2.320185614849187134e-04 2.320185614849187134e-04 2.320185614849187134e-04 1.647331786542922602e-02 2.320185614849187134e-04 2.320185614849187134e-04 2.320185614849187134e-04 2.320185614849187134e-04 2.320185614849187134e-04 2.508120649651970901e-01 2.320185614849187134e-04 2.320185614849187134e-04 3.204176334106726975e-01 2.320185614849187134e-04 9.512761020881665974e-03 2.320185614849187134e-04 2.320185614849187134e-04 2.320185614849187134e-04 2.320185614849187134e-04 2.552204176334105928e-03 7.215777262180972373e-02 2.320185614849187134e-04
2.739726027397259536e-04 3.071232876712327586e-01 3.013698630136985544e-03 2.739726027397259536e-04 2.493150684931505837e-02 8.520547945205476925e-02 3.041095890410957722e-02 2.739726027397259536e-04 2.495890410958903072e-01 2.739726027397259536e-04 2.739726027397259536e-04 2.739726027397259536e-04 2.739726027397259536e-04 2.739726027397259536e-04 2.739726027397259536e-04 1.397260273972602239e-02 2.739726027397259536e-04 1.123287671232876296e-02 2.739726027397259536e-04 6.054794520547943787e-02 2.739726027397259536e-04 2.739726027397259536e-04 6.602739726027395673e-02 2.739726027397259536e-04 7.424657534246573154e-02 2.739726027397259536e-04 2.739726027397259536e-04 2.739726027397259536e-04 2.739726027397259536e-04 6.876712328767121962e-02
5.386904761904761502e-02 2.976190476190475917e-04 9.226190476190474637e-03 3.273809523809523454e-03 2.976190476190475917e-04 6.577380952380951218e-02 2.175595238095237582e-01 3.273809523809523454e-03 2.976190476190475917e-04 2.976190476190475917e-04 2.976190476190475917e-04 2.976190476190475917e-04 2.976190476190475917e-04 2.708333333333332732e-02 8.363095238095237527e-02 2.976190476190475917e-04 2.976190476190475917e-04 6.249999999999999480e-03 2.976190476190475917e-04 3.273809523809523454e-03 2.976190476190475917e-04 2.976190476190475917e-04 2.976190476190475917e-04 2.976190476190475917e-04 2.976190476190475917e-04 2.976190476190475917e-04 5.211309523809523059e-01 2.976190476190475917e-04 2.976190476190475917e-04 2.976190476190475917e-04
3.663366336633662457e-02 3.300330033003299828e-04 1.785478547854785214e-01 3.300330033003299828e-04 3.630363036303629973e-03 1.950495049504950285e-01 2.343234323432342656e-02 6.930693069306929910e-03 3.300330033003299828e-04 3.300330033003299828e-04 3.300330033003299828e-04 3.300330033003299828e-04 2.013201320132012792e-02 3.630363036303629973e-03 3.630363036303629973e-03 3.300330033003299828e-04 3.072607260726071821e-01 2.343234323432342656e-02 3.300330033003299828e-04 3.300330033003299828e-04 3.300330033003299828e-04 3.300330033003299828e-04 6.930693069306929910e-03 3.630363036303629973e-03 3.300330033003299828e-04 3.300330033003299828e-04 1.818481848184818062e-01 3.300330033003299828e-04 3.300330033003299828e-04 3.300330033003299828e-04
7.216494845360823390e-03 3.436426116838487690e-04 3.780068728522336351e-03 9.656357388316150203e-02 3.436426116838487690e-04 1.137457044673539364e-01 3.436426116838487690e-04 3.436426116838487690e-04 3.436426116838487690e-04 3.436426116838487690e-04 3.436426116838487690e-04 3.436426116838487690e-04 1.408934707903779747e-02 3.436426116838487690e-04 3.436426116838487690e-04 3.436426116838487690e-04 3.436426116838487690e-04 3.436426116838487690e-04 3.436426116838487690e-04 3.436426116838487690e-04 3.436426116838487690e-04 3.436426116838487690e-04 3.436426116838487690e-04 3.436426116838487690e-04 3.436426116838487690e-04 3.436426116838487690e-04 7.563573883161510691e-01 3.436426116838487690e-04 3.436426116838487690e-04 3.436426116838487690e-04
4.132231404958678668e-04 5.000000000000000278e-02 4.132231404958678668e-04 4.132231404958678668e-04 4.132231404958678668e-04 1.698347107438016867e-01 4.132231404958678668e-04 9.958677685950415026e-02 6.239669421487603618e-02 4.132231404958678668e-04 4.132231404958678668e-04 4.132231404958678668e-04 4.132231404958678668e-04 4.132231404958678668e-04 4.132231404958678668e-04 2.933884297520661377e-02 4.132231404958678668e-04 4.132231404958678668e-04 4.132231404958678668e-04 1.822314049586777063e-01 4.132231404958678668e-04 4.132231404958678668e-04 6.239669421487603618e-02 6.239669421487603618e-02 2.359504132231405316e-01 4.132231404958678668e-04 4.132231404958678668e-04 4.132231404958678668e-04 8.677685950413224769e-03 2.933884297520661377e-02
3.521126760563378843e-04 3.521126760563378843e-04 3.521126760563378843e-04 2.852112676056336657e-02 3.521126760563378843e-04 7.429577464788729435e-02 3.521126760563378843e-04 7.781690140845068382e-02 3.521126760563378843e-04 3.521126760563378843e-04 3.521126760563378843e-04 1.376760563380281244e-01 3.873239436619717053e-03 3.521126760563378843e-04 3.521126760563378843e-04 1.795774647887322939e-02 3.521126760563378843e-04 3.521126760563378843e-04 3.521126760563378843e-04 3.521126760563378843e-04 2.996478873239435403e-01 3.521126760563378843e-04 3.454225352112674230e-01 3.873239436619717053e-03 3.521126760563378843e-04 3.521126760563378843e-04 3.521126760563378843e-04 3.873239436619717053e-03 3.521126760563378843e-04 3.521126760563378843e-04
1.064393939393939170e-01 7.234848484848484251e-02 3.787878787878787333e-04 4.166666666666665741e-03 7.954545454545453725e-03 1.553030303030302622e-02 7.992424242424241154e-02 3.787878787878787333e-04 7.954545454545453725e-03 3.787878787878787333e-04 3.787878787878787333e-04 1.553030303030302622e-02 3.787878787878787333e-04 3.787878787878787333e-04 7.954545454545453725e-03 3.787878787878787333e-04 3.787878787878787333e-04 3.787878787878787333e-04 1.174242424242423997e-02 3.787878787878787333e-04 3.787878787878787333e-04 3.787878787878787333e-04 3.787878787878787333e-04 3.787878787878787333e-04 3.787878787878787333e-04 3.787878787878787333e-04 6.594696969696968170e-01 3.787878787878787333e-04 3.787878787878787333e-04 4.166666666666665741e-03
1.576923076923076109e-02 3.846153846153844524e-04 3.846153846153844524e-04 3.846153846153844524e-04 7.346153846153843925e-02 1.234615384615384143e-01 5.423076923076920741e-02 4.269230769230767525e-02 2.619230769230768141e-01 5.423076923076920741e-02 3.846153846153844524e-04 3.884615384615382888e-02 3.846153846153844524e-04 3.846153846153844524e-04 8.115384615384611811e-02 3.846153846153844524e-04 3.884615384615382888e-02 3.846153846153844524e-04 8.115384615384611811e-02 1.273076923076922606e-01 3.846153846153844524e-04 3.846153846153844524e-04 3.846153846153844524e-04 3.846153846153844524e-04 3.846153846153844524e-04 3.846153846153844524e-04 3.846153846153844524e-04 3.846153846153844524e-04 3.846153846153844524e-04 3.846153846153844524e-04
4.065040650406504062e-04 2.479674796747967369e-02 7.764227642276423647e-02 4.471544715447154685e-03 4.471544715447154685e-03 4.065040650406504062e-04 4.065040650406504062e-04 6.544715447154472732e-02 6.138211382113820808e-02 4.065040650406504062e-04 4.065040650406504062e-04 4.065040650406504062e-04 4.065040650406504062e-04 1.260162601626016281e-02 4.065040650406504062e-04 4.065040650406504062e-04 1.467479674796748068e-01 4.512195121951219356e-02 2.361788617886178832e-01 1.752032520325203235e-01 4.065040650406504062e-04 4.065040650406504062e-04 1.060975609756097671e-01 4.065040650406504062e-04 4.065040650406504062e-04 4.065040650406504062e-04 3.292682926829268442e-02 4.065040650406504062e-04 4.065040650406504062e-04 4.065040650406504062e-04
3.057851239669420740e-02 5.261707988980715567e-02 3.333333333333332593e-02 5.261707988980715567e-02 2.754820936639118209e-04 9.393939393939393367e-02 2.754820936639118209e-04 2.754820936639118209e-04 2.754820936639118209e-04 2.754820936639118209e-04 8.539944903581266067e-03 2.754820936639118209e-04 2.754820936639118209e-04 2.754820936639118209e-04 2.754820936639118209e-04 2.782369146005509233e-02 3.030303030303029867e-03 2.754820936639118209e-04 5.785123966942148400e-03 2.754820936639118209e-04 2.754820936639118209e-04 2.754820936639118209e-04 2.754820936639118209e-04 2.754820936639118209e-04 5.785123966942148400e-03 2.754820936639118209e-04 6.779614325068868963e-01 3.030303030303029867e-03 2.754820936639118209e-04 2.754820936639118209e-04
5.917159763313611714e-04 8.343195266272192268e-02 5.917159763313611714e-04 3.609467455621302723e-02 5.917159763313611714e-04 1.662721893491125036e-01 5.384615384615386302e-02 5.917159763313611714e-04 5.976331360946747495e-02 5.917159763313611714e-04 5.917159763313611714e-04 1.242603550295858471e-02 5.917159763313611714e-04 5.917159763313611714e-04 5.917159763313611714e-04 5.917159763313611714e-04 5.917159763313611714e-04 6.508875739644972777e-03 5.094674556213019123e-01 5.917159763313611714e-04 5.917159763313611714e-04 5.917159763313611714e-04 5.917159763313611714e-04 5.917159763313611714e-04 5.917159763313611714e-04 5.917159763313611714e-04 5.917159763313611714e-04 5.917159763313611714e-04 6.508875739644972777e-03 5.384615384615386302e-02
5.714285714285714714e-04 7.485714285714285821e-02 9.200000000000001232e-02 5.714285714285714714e-04 5.199999999999999761e-02 1.548571428571428599e-01 5.714285714285714714e-04 5.714285714285714714e-04 5.714285714285714714e-04 1.034285714285714392e-01 5.714285714285714714e-04 5.714285714285714714e-04 5.714285714285714714e-04 5.714285714285714714e-04 5.714285714285714714e-04 1.771428571428571366e-02 3.485714285714285737e-02 3.485714285714285737e-02 5.714285714285714714e-04 9.771428571428572574e-02 1.262857142857143067e-01 5.714285714285714714e-04 6.285714285714285969e-03 1.262857142857143067e-01 6.342857142857143138e-02 5.714285714285714714e-04 5.714285714285714714e-04 5.714285714285714714e-04 6.285714285714285969e-03 5.714285714285714714e-04
2.222222222222221787e-04 9.355555555555553071e-02 7.355555555555554070e-02 3.355555555555554681e-02 2.222222222222221787e-04 2.222222222222221787e-04 2.466666666666665966e-02 6.466666666666665009e-02 2.444444444444443965e-03 2.222222222222221787e-04 2.222222222222221787e-04 2.222222222222221787e-04 6.888888888888887105e-03 2.222222222222221787e-04 2.222222222222221787e-04 2.244444444444443701e-02 2.222222222222221787e-04 4.666666666666665318e-03 1.224444444444444113e-01 2.222222222222221787e-04 2.222222222222221787e-04 2.688888888888888232e-02 2.222222222222221787e-04 3.577777777777776946e-02 2.222222222222221787e-04 2.222222222222221787e-04 4.846666666666665235e-01 2.222222222222221787e-04 2.222222222222221787e-04 2.222222222222221787e-04
9.433962264150946722e-04 9.433962264150946722e-04 9.433962264150946722e-04 2.273584905660377964e-01 9.433962264150946722e-04 9.433962264150946722e-04 9.528301886792454878e-02 1.707547169811321208e-01 9.433962264150946722e-04 9.433962264150946722e-04 9.433962264150946722e-04 9.433962264150946722e-04 1.981132075471698714e-02 9.433962264150946722e-04 1.037735849056604064e-02 9.433962264150946722e-04 2.462264150943397067e-01 9.433962264150946722e-04 9.433962264150946722e-04 9.433962264150946722e-04 9.433962264150946722e-04 8.584905660377360748e-02 9.433962264150946722e-04 9.433962264150946722e-04 3.867924528301887321e-02 9.433962264150946722e-04 8.584905660377360748e-02 9.433962264150946722e-04 9.433962264150946722e-04 9.433962264150946722e-04
5.714285714285715799e-04 5.714285714285715799e-04 5.714285714285715799e-04 1.948571428571428954e-01 5.714285714285715799e-04 5.714285714285715799e-04 5.714285714285715799e-04 1.434285714285714608e-01 1.200000000000000198e-02 5.714285714285715799e-04 5.714285714285715799e-04 3.485714285714285737e-02 5.714285714285715799e-04 5.714285714285715799e-04 1.777142857142857413e-01 9.200000000000002620e-02 1.262857142857143067e-01 5.714285714285715799e-04 5.714285714285715799e-04 5.714285714285715799e-04 5.714285714285715799e-04 5.714285714285715799e-04 1.771428571428571713e-02 5.714285714285715799e-04 5.714285714285715799e-04 5.714285714285715799e-04 5.714285714285715799e-04 1.891428571428571681e-01 5.714285714285715799e-04 5.714285714285715799e-04
4.950495049504951639e-04 4.950495049504951639e-04 4.950495049504951639e-04 3.019801980198020055e-02 5.445544554455446912e-03 4.950495049504951639e-04 4.950495049504951639e-04 9.455445544554456905e-02 4.950495049504951639e-04 5.990099009900990562e-02 1.039603960396039833e-02 4.950495049504951639e-04 4.950495049504951639e-04 4.950495049504951639e-04 4.950495049504951639e-04 4.950495049504951639e-04 4.950495049504951639e-04 1.039603960396039833e-02 7.970297029702971825e-02 4.950495049504951639e-04 4.950495049504951639e-04 4.950495049504951639e-04 7.970297029702971825e-02 4.950495049504951639e-04 4.950495049504951639e-04 2.029702970297029771e-02 5.995049504950495933e-01 4.950495049504951639e-04 4.950495049504951639e-04 4.950495049504951639e-04
1.448598130841121864e-02 1.453271028037383672e-01 4.672897196261683521e-04 4.672897196261683521e-04 7.056074766355141525e-02 1.448598130841121864e-02 3.317757009345795316e-02 9.859813084112152570e-02 4.672897196261683521e-04 9.813084112149535881e-03 1.448598130841121864e-02 4.672897196261683521e-04 4.672897196261683521e-04 4.672897196261683521e-04 4.719626168224300145e-02 4.672897196261683521e-04 1.915887850467290140e-02 2.850467289719626693e-02 5.140186915887852252e-03 4.672897196261683521e-04 9.859813084112152570e-02 4.672897196261683521e-04 2.761682242990655123e-01 4.672897196261683521e-04 4.672897196261683521e-04 4.672897196261683521e-04 4.672897196261683521e-04 4.672897196261683521e-04 1.172897196261682567e-01 4.672897196261683521e-04
7.479338842975208346e-02 2.107438016528925817e-02 4.132231404958678668e-04 4.545454545454546101e-03 8.677685950413224769e-03 4.132231404958678668e-04 3.760330578512396937e-02 9.132231404958679466e-02 4.132231404958678668e-04 4.132231404958678668e-04 4.132231404958678668e-04 4.132231404958678668e-04 4.132231404958678668e-04 4.132231404958678668e-04 4.132231404958678668e-04 4.132231404958678668e-04 2.107438016528925817e-02 4.132231404958678668e-04 2.520661157024793597e-02 4.132231404958678668e-04 4.132231404958678668e-04 4.545454545454546101e-03 1.202479338842975393e-01 4.132231404958678668e-04 1.574380165289256395e-01 2.520661157024793597e-02 3.929752066115702602e-01 4.132231404958678668e-04 8.677685950413224769e-03 4.132231404958678668e-04
5.917159763313610630e-04 5.917159763313610630e-04 1.130177514792899685e-01 1.242603550295858297e-02 9.526627218934913266e-02 6.508875739644971910e-03 6.508875739644971910e-03 1.189349112426035804e-01 6.508875739644971910e-03 5.917159763313610630e-04 5.917159763313610630e-04 5.384615384615385608e-02 5.917159763313610630e-04 5.917159763313610630e-04 5.917159763313610630e-04 1.834319526627219143e-02 1.242603550295858297e-02 2.426035502958579990e-02 1.426035502958580281e-01 1.958579881656805077e-01 5.917159763313610630e-04 5.917159763313610630e-04 5.917159763313610630e-04 5.917159763313610630e-04 2.426035502958579990e-02 5.917159763313610630e-04 1.834319526627219143e-02 1.426035502958580281e-01 5.917159763313610630e-04 5.917159763313610630e-04
1.831501831501831229e-04 4.963369963369962390e-02 5.146520146520145583e-02 3.846153846153845500e-03 4.525641025641024551e-01 1.483516483516483103e-02 1.831501831501831229e-04 4.963369963369962390e-02 1.833333333333332926e-01 1.831501831501831229e-04 4.047619047619047117e-02 1.831501831501831229e-04 1.831501831501831229e-04 7.509157509157506766e-03 2.014652014652014433e-03 1.831501831501831229e-04 2.014652014652014433e-03 9.340659340659338700e-03 1.831501831501831229e-04 1.831501831501831229e-04 1.831501831501831229e-04 1.483516483516483103e-02 1.831501831501831229e-04 3.681318681318680730e-02 2.216117216117215530e-02 1.831501831501831229e-04 1.831501831501831229e-04 2.765567765567764763e-02 1.483516483516483103e-02 1.483516483516483103e-02
2.457002457002456942e-04 5.184275184275183995e-02 2.066339066339066000e-01 2.457002457002456942e-04 2.457002457002456942e-04 7.886977886977886154e-02 2.457002457002456942e-04 2.457002457002456942e-04 1.744471744471744190e-02 2.457002457002456942e-04 2.235872235872235492e-02 2.457002457002456942e-04 2.702702702702702419e-03 2.457002457002456942e-04 2.481572481572481143e-02 2.972972972972972444e-02 8.378378378378377456e-02 5.921375921375920948e-02 1.230958230958230787e-01 2.459459459459459041e-01 1.007371007371007064e-02 2.457002457002456942e-04 2.457002457002456942e-04 2.481572481572481143e-02 2.457002457002456942e-04 2.702702702702702419e-03 1.253071253071252888e-02 2.457002457002456942e-04 2.457002457002456942e-04 2.457002457002456942e-04
3.494809688581314300e-02 3.460207612456746751e-04 9.377162629757784806e-02 1.006920415224913379e-01 3.460207612456746751e-04 3.460207612456746751e-04 3.460207612456746751e-04 3.460207612456746751e-04 3.460207612456746751e-04 7.266435986159168123e-03 1.072664359861591477e-02 3.460207612456746751e-04 3.460207612456746751e-04 3.460207612456746751e-04 3.460207612456746751e-04 8.685121107266434437e-02 3.460207612456746751e-04 1.764705882352940805e-02 2.456747404844290134e-02 3.460207612456746751e-04 3.460207612456746751e-04 2.802768166089964624e-02 3.460207612456746751e-04 3.460207612456746751e-04 3.460207612456746751e-04 3.460207612456746751e-04 5.782006920415223572e-01 1.072664359861591477e-02 3.460207612456746751e-04 3.460207612456746751e-04
3.344481605351169316e-04 1.036789297658862428e-02 4.046822742474914802e-02 1.705685618729096270e-02 4.083612040133777765e-01 5.384615384615382833e-02 3.344481605351169316e-04 3.344481605351169316e-04 2.277591973244146029e-01 3.344481605351169316e-04 3.344481605351169316e-04 3.678929765886286736e-03 3.678929765886286736e-03 3.344481605351169316e-04 3.344481605351169316e-04 3.344481605351169316e-04 3.344481605351169316e-04 3.344481605351169316e-04 6.722408026755850863e-02 3.344481605351169316e-04 1.036789297658862428e-02 2.374581939799329938e-02 3.344481605351169316e-04 5.050167224080265305e-02 3.344481605351169316e-04 1.371237458193979263e-02 3.344481605351169316e-04 2.040133779264213104e-02 2.374581939799329938e-02 2.040133779264213104e-02
8.300395256916996700e-03 3.952569169960474258e-04 2.138339920948616746e-01 3.952569169960474258e-04 3.952569169960474258e-04 6.758893280632412293e-02 3.952569169960474258e-04 5.573122529644268519e-02 3.952569169960474258e-04 3.952569169960474258e-04 3.952569169960474258e-04 3.952569169960474258e-04 3.952569169960474258e-04 3.952569169960474258e-04 2.806324110671936517e-02 4.347826086956521792e-03 8.735177865612649140e-02 3.952569169960474258e-04 1.545454545454545414e-01 3.284584980237154062e-01 4.347826086956521792e-03 3.952569169960474258e-04 3.952569169960474258e-04 3.952569169960474258e-04 3.952569169960474258e-04 3.952569169960474258e-04 3.952569169960474258e-04 4.347826086956521792e-03 3.952569169960474258e-04 3.596837944664031672e-02
3.703703703703702978e-04 3.703703703703702978e-04 4.074074074074073709e-03 1.485185185185184942e-01 3.703703703703702978e-04 3.703703703703702978e-04 3.703703703703702978e-04 3.703703703703702978e-04 3.703703703703702978e-04 3.703703703703702978e-04 3.703703703703702978e-04 3.703703703703702978e-04 3.703703703703702978e-04 3.703703703703702978e-04 3.703703703703702978e-04 3.703703703703702978e-04 3.703703703703702978e-04 3.703703703703702978e-04 1.411111111111110761e-01 4.074074074074073709e-03 3.703703703703702978e-04 3.370370370370369406e-02 3.703703703703702978e-04 3.703703703703702978e-04 3.703703703703702978e-04 3.703703703703702978e-04 6.596296296296294548e-01 3.703703703703702978e-04 3.703703703703702978e-04 3.703703703703702978e-04
5.848214285714286448e-02 4.464285714285715231e-04 4.910714285714286483e-03 1.383928571428571716e-02 4.464285714285715231e-04 4.464285714285715231e-04 2.723214285714285754e-02 4.464285714285715231e-04 9.375000000000001388e-03 4.464285714285715231e-04 4.464285714285715231e-04 4.464285714285715231e-04 1.830357142857142946e-02 4.464285714285715231e-04 4.464285714285715231e-04 4.508928571428572063e-02 4.464285714285715231e-04 4.062500000000000139e-02 1.254464285714285976e-01 4.464285714285715231e-04 4.464285714285715231e-04 4.464285714285715231e-04 4.464285714285715231e-04 4.464285714285715231e-04 4.464285714285715231e-04 4.464285714285715231e-04 6.477678571428572285e-01 4.464285714285715231e-04 4.464285714285715231e-04 4.464285714285715231e-04
3.571428571428569257e-04 5.749999999999996780e-02 1.107142857142856540e-02 1.217857142857142194e-01 2.892857142857141114e-02 5.749999999999996780e-02 3.571428571428569257e-04 8.249999999999994837e-02 7.892857142857138963e-02 3.571428571428569257e-04 3.571428571428569257e-04 3.571428571428569257e-04 2.178571428571427285e-02 3.571428571428569257e-04 3.571428571428569257e-04 2.003571428571427337e-01 3.571428571428569257e-04 3.571428571428569257e-04 3.571428571428569257e-04 3.571428571428569257e-04 3.571428571428569257e-04 3.928571428571426237e-03 3.928571428571426237e-03 2.610714285714283989e-01 3.571428571428569257e-04 3.571428571428569257e-04 3.571428571428569257e-04 3.571428571428569257e-04 3.571428571428569257e-04 6.464285714285711304e-02
1.553505535055350328e-01 4.059040590405903724e-03 3.690036900369003041e-04 3.690036900369003041e-04 3.690036900369003041e-04 3.690036900369003041e-04 3.690036900369003041e-04 7.416974169741696876e-02 2.918819188191881242e-01 9.630996309963098245e-02 3.690036900369003041e-04 3.690036900369003041e-04 3.690036900369003041e-04 1.512915129151291144e-02 5.940959409594095270e-02 5.940959409594095270e-02 3.690036900369003041e-04 3.690036900369003041e-04 3.690036900369003041e-04 3.690036900369003041e-04 3.690036900369003041e-04 2.988929889298892403e-02 3.690036900369003041e-04 7.749077490774906873e-03 8.154981549815497333e-02 4.059040590405903724e-03 7.416974169741696876e-02 3.690036900369003041e-04 3.690036900369003041e-04 4.095940959409593435e-02
1.532846715328467849e-02 7.299270072992704609e-04 7.299270072992704609e-04 7.299270072992704609e-04 2.051094890510949953e-01 9.562043795620440989e-02 7.299270072992704609e-04 7.299270072992704609e-04 7.299270072992704609e-04 1.686131386861314807e-01 7.299270072992704609e-04 3.722627737226278516e-02 7.299270072992704609e-04 1.532846715328467849e-02 7.299270072992704609e-04 1.102189781021898213e-01 7.299270072992704609e-04 7.299270072992704609e-04 7.299270072992704609e-04 7.299270072992704609e-04 7.299270072992704609e-04 7.299270072992704609e-04 7.299270072992704609e-04 2.781021897810220245e-01 7.299270072992704609e-04 7.299270072992704609e-04 7.299270072992704609e-04 7.299270072992704609e-04 5.912408759124089530e-02 7.299270072992704609e-04
2.932551319648093297e-04 5.014662756598239207e-02 2.082111436950145889e-02 4.428152492668620266e-02 2.961876832844573607e-02 1.263929618768327989e-01 7.947214076246332526e-02 2.932551319648093297e-04 8.826979472140759897e-02 2.932551319648093297e-04 2.932551319648093297e-04 2.932551319648093297e-04 3.225806451612902356e-03 2.932551319648093297e-04 6.774193548387094643e-02 6.158357771260994894e-03 2.932551319648093297e-04 2.932551319648093297e-04 1.351906158357770726e-01 2.260997067448679565e-01 3.548387096774192201e-02 2.932551319648093297e-04 3.548387096774192201e-02 3.841642228739001325e-02 2.932551319648093297e-04 2.932551319648093297e-04 9.090909090909088733e-03 2.932551319648093297e-04 2.932551319648093297e-04 2.932551319648093297e-04
6.650943396226416393e-02 3.349056603773584856e-02 4.764150943396226745e-02 7.122641509433963458e-02 4.716981132075472819e-04 4.716981132075472819e-04 4.716981132075472819e-04 1.933962264150943661e-02 4.716981132075472819e-04 6.650943396226416393e-02 4.716981132075472819e-04 4.716981132075472819e-04 4.716981132075472819e-04 4.716981132075472819e-04 4.716981132075472819e-04 4.716981132075472819e-04 5.188679245283020318e-03 5.188679245283020318e-03 4.716981132075472819e-04 4.716981132075472819e-04 4.716981132075472819e-04 4.716981132075472819e-04 4.716981132075472819e-04 4.716981132075472819e-04 4.716981132075472819e-04 4.716981132075472819e-04 6.750000000000000444e-01 4.716981132075472819e-04 4.716981132075472819e-04 4.716981132075472819e-04
1.041666666666667086e-03 3.760416666666667740e-01 1.041666666666667086e-03 1.041666666666667086e-03 1.041666666666667086e-03 6.354166666666667684e-02 1.041666666666667086e-03 1.041666666666667086e-03 3.229166666666667684e-02 5.312500000000001249e-02 1.145833333333333773e-02 1.041666666666667086e-03 1.041666666666667086e-03 1.041666666666667086e-03 1.041666666666667086e-03 3.229166666666667684e-02 1.041666666666667086e-03 7.395833333333334814e-02 1.041666666666667086e-03 2.187500000000000902e-02 1.041666666666667086e-03 1.041666666666667086e-03 1.041666666666667086e-03 1.041666666666667086e-03 1.041666666666667086e-03 1.041666666666667086e-03 3.135416666666667740e-01 1.041666666666667086e-03 1.041666666666667086e-03 1.041666666666667086e-03
4.926108374384238243e-04 4.926108374384238243e-04 4.926108374384238243e-04 2.512315270935961201e-02 4.926108374384238243e-04 1.088669950738916647e-01 4.926108374384238243e-04 4.926108374384238243e-04 4.926108374384238243e-04 4.926108374384238243e-04 2.512315270935961201e-02 1.527093596059113725e-02 4.926108374384238243e-04 4.926108374384238243e-04 4.926108374384238243e-04 4.926108374384238243e-04 5.418719211822661634e-03 2.714285714285715190e-01 3.551724137931035474e-01 1.034482758620689988e-02 4.926108374384238243e-04 4.926108374384238243e-04 2.019704433497537463e-02 4.926108374384238243e-04 3.497536945812809023e-02 4.926108374384238243e-04 1.187192118226601395e-01 4.926108374384238243e-04 4.926108374384238243e-04 4.926108374384238243e-04
2.325581395348836798e-04 8.395348837209300197e-02 5.139534883720929537e-02 5.139534883720929537e-02 2.325581395348836798e-04 7.465116279069765326e-02 4.883720930232557031e-03 2.325581395348836798e-04 2.348837209302324924e-02 2.325581395348836798e-04 2.325581395348836798e-04 2.325581395348836798e-04 2.348837209302324924e-02 2.325581395348836798e-04 2.325581395348836798e-04 1.651162790697673771e-02 2.325581395348836798e-04 2.325581395348836798e-04 1.188372093023255527e-01 2.325581395348836798e-04 2.325581395348836798e-04 9.558139534883718091e-02 2.325581395348836798e-04 2.325581395348836798e-04 2.325581395348836798e-04 2.325581395348836798e-04 4.002325581395347887e-01 3.279069767441859795e-02 1.883720930232557489e-02 2.325581395348836798e-04
4.366812227074236448e-04 6.157205240174672828e-02 8.777292576419215564e-02 2.227074235807860458e-02 4.366812227074236448e-04 8.340611353711792353e-02 5.720524017467249617e-02 4.366812227074236448e-04 4.803493449781660526e-03 4.366812227074236448e-04 4.366812227074236448e-04 4.366812227074236448e-04 4.366812227074236448e-04 4.366812227074236448e-04 4.366812227074236448e-04 4.366812227074236448e-04 4.366812227074236448e-04 1.353711790393013342e-02 6.593886462882096733e-02 4.366812227074236448e-04 4.366812227074236448e-04 4.366812227074236448e-04 4.366812227074236448e-04 4.366812227074236448e-04 4.366812227074236448e-04 4.366812227074236448e-04 5.943231441048035801e-01 4.366812227074236448e-04 4.366812227074236448e-04 4.366812227074236448e-04
3.521126760563380470e-04 1.795774647887323980e-02 4.612676056338028269e-02 4.260563380281690016e-02 3.521126760563380470e-04 3.521126760563380470e-04 3.521126760563380470e-04 6.373239436619718146e-02 3.521126760563380470e-04 3.521126760563380470e-04 3.521126760563380470e-04 1.091549295774647994e-02 3.521126760563380470e-04 2.147887323943661886e-02 3.521126760563380470e-04 3.521126760563380470e-04 3.556338028169014204e-02 3.521126760563380470e-04 3.521126760563380470e-04 3.521126760563380470e-04 3.521126760563380470e-04 2.961267605633802757e-01 3.521126760563380470e-04 1.443661971830985727e-02 3.521126760563380470e-04 3.521126760563380470e-04 3.521126760563380470e-04 4.440140845070422171e-01 3.521126760563380470e-04 3.521126760563380470e-04
6.369426751592358526e-04 6.369426751592358526e-04 7.006369426751594270e-03 1.974522292993630829e-02 6.369426751592358526e-04 7.006369426751594270e-03 6.369426751592358526e-04 1.025477707006369754e-01 6.369426751592358526e-04 7.006369426751594270e-03 4.522292993630573632e-02 1.974522292993630829e-02 6.369426751592358526e-04 6.369426751592358526e-04 6.369426751592358526e-04 6.369426751592358526e-04 6.369426751592358526e-04 7.006369426751594270e-03 6.369426751592358526e-04 6.369426751592358526e-04 6.369426751592358526e-04 2.299363057324841364e-01 6.369426751592358526e-04 6.369426751592358526e-04 6.369426751592358526e-04 7.006369426751594270e-03 6.369426751592358526e-04 5.229299363057325900e-01 1.337579617834395128e-02 6.369426751592358526e-04
4.016064257028113707e-04 4.016064257028113707e-04 2.449799196787149150e-02 4.016064257028113707e-04 4.016064257028113707e-04 1.730923694779116784e-01 4.016064257028113707e-04 4.016064257028113707e-04 1.489959839357430094e-01 4.016064257028113707e-04 4.016064257028113707e-04 1.244979919678715179e-02 4.016064257028113707e-04 4.417670682730925023e-03 4.016064257028113707e-04 6.867469879518074694e-02 5.261044176706828474e-02 1.610441767068273577e-01 2.012048192771084820e-01 4.016064257028113707e-04 4.016064257028113707e-04 4.016064257028113707e-04 4.016064257028113707e-04 6.064257028112451237e-02 4.016064257028113707e-04 4.417670682730925023e-03 8.072289156626508144e-02 4.016064257028113707e-04 4.016064257028113707e-04 4.016064257028113707e-04
1.610305958132044596e-04 1.273752012882446993e-01 2.753623188405796354e-02 1.610305958132044596e-04 4.832528180354265790e-01 3.075684380032205067e-02 1.771336553945249137e-03 1.771336553945249137e-03 1.610305958132044596e-04 1.610305958132044596e-04 8.212560386473426871e-03 6.602254428341381570e-03 1.610305958132044596e-04 5.330112721417067795e-02 1.610305958132044596e-04 2.592592592592591824e-02 1.304347826086955930e-02 1.787439613526569174e-02 1.610305958132044596e-04 1.610305958132044596e-04 1.305958132045088038e-01 4.363929146537840614e-02 1.771336553945249137e-03 2.109500805152978234e-02 3.381642512077293571e-03 1.610305958132044596e-04 1.610305958132044596e-04 1.610305958132044596e-04 1.610305958132044596e-04 1.610305958132044596e-04
