6.802721088435375848e-04 3.204081632653061895e-01 1.095238095238095510e-01 6.802721088435375848e-04 6.802721088435375848e-04 2.108843537414966524e-02 6.802721088435375848e-04 9.591836734693878763e-02 6.802721088435375848e-04 9.591836734693878763e-02 6.802721088435375848e-04 6.802721088435375848e-04 1.428571428571428874e-02 4.829931972789116429e-02 6.802721088435375848e-04 6.802721088435375848e-04 6.802721088435375848e-04 6.802721088435375848e-04 1.163265306122449327e-01 6.802721088435375848e-04 6.802721088435375848e-04 6.802721088435375848e-04 9.591836734693878763e-02 6.802721088435375848e-04 6.802721088435375848e-04 6.802721088435375848e-04 6.870748299319728858e-02 6.802721088435375848e-04 6.802721088435375848e-04 6.802721088435375848e-04
9.186440677966098423e-02 3.084745762711862960e-02 3.728813559322032792e-03 9.525423728813556257e-02 2.240677966101693730e-01 3.389830508474575414e-04 2.745762711864405473e-02 3.389830508474575414e-04 3.389830508474575414e-04 3.389830508474575414e-04 3.389830508474575414e-04 3.389830508474575414e-04 1.596610169491524955e-01 3.389830508474575414e-04 3.389830508474575414e-04 6.474576271186438525e-02 1.389830508474575697e-02 3.389830508474575414e-04 3.389830508474575414e-04 3.389830508474575414e-04 2.172881355932202441e-01 3.728813559322032792e-03 3.389830508474575414e-04 3.389830508474575414e-04 3.389830508474575414e-04 3.389830508474575414e-04 5.118644067796607883e-02 3.389830508474575414e-04 3.389830508474575414e-04 1.050847457627118210e-02
2.732240437158469943e-04 2.732240437158469943e-04 2.732240437158469943e-04 2.732240437158469943e-04 2.732240437158469943e-04 2.732240437158469943e-04 6.311475409836064809e-02 2.732240437158469943e-04 1.393442622950819346e-02 1.120218579234972395e-02 2.732240437158469943e-04 2.732240437158469943e-04 2.486338797814207149e-02 2.732240437158469943e-04 1.040983606557376873e-01 5.218579234972677006e-02 2.732240437158469943e-04 2.732240437158469943e-04 2.625683060109288980e-01 6.038251366120218205e-02 2.732240437158469943e-04 2.732240437158469943e-04 2.732240437158469943e-04 2.732240437158469943e-04 1.013661202185792282e-01 2.407103825136611419e-01 2.732240437158469943e-04 2.732240437158469943e-04 1.393442622950819346e-02 4.672131147540983104e-02
1.820895522388059004e-02 2.985074626865670587e-04 3.283582089552237755e-03 3.283582089552237755e-03 8.388059701492535380e-02 3.611940298507461400e-02 2.985074626865670587e-04 2.985074626865670587e-04 2.985074626865670587e-04 2.985074626865670587e-04 3.910447761194028177e-02 2.985074626865670587e-04 7.194029850746266885e-02 2.985074626865670587e-04 2.985074626865670587e-04 7.492537313432834356e-02 1.137313432835820592e-01 1.522388059701491880e-02 2.985074626865670587e-04 2.985074626865670587e-04 2.510447761194029015e-01 1.820895522388059004e-02 2.985074626865670587e-04 5.402985074626864143e-02 1.820895522388059004e-02 2.985074626865670587e-04 1.734328358208954701e-01 6.268656716417908559e-03 1.522388059701491880e-02 2.985074626865670587e-04
5.780346820809250004e-04 6.994219653179191420e-02 5.260115606936417026e-02 1.739884393063584056e-01 3.069364161849711392e-01 5.780346820809250004e-04 5.780346820809250004e-04 5.780346820809250004e-04 5.780346820809250004e-04 5.780346820809250004e-04 5.780346820809250004e-04 2.947976878612717025e-02 3.526011560693641939e-02 4.104046242774567199e-02 7.572254335260115987e-02 1.213872832369942457e-02 5.780346820809250004e-04 5.780346820809250004e-04 5.780346820809250004e-04 1.213872832369942457e-02 1.213872832369942457e-02 4.104046242774567199e-02 5.780346820809250004e-04 5.780346820809250004e-04 2.947976878612717025e-02 6.358381502890174571e-03 5.780346820809250004e-04 5.780346820809250004e-04 6.358381502890174571e-03 8.728323699421966508e-02
4.273504273504274585e-04 1.286324786324786751e-01 1.752136752136752504e-02 4.700854700854702369e-03 8.974358974358977170e-03 4.273504273504274585e-04 4.273504273504274585e-04 4.273504273504274585e-04 4.700854700854702369e-03 1.799145299145299692e-01 4.700854700854702369e-03 1.713675213675214248e-01 4.273504273504274585e-04 9.017094017094019753e-02 4.273504273504274585e-04 8.974358974358977170e-03 4.273504273504274585e-04 4.273504273504274585e-04 2.606837606837607291e-02 4.273504273504274585e-04 4.273504273504274585e-04 4.273504273504274585e-04 3.461538461538462425e-02 4.273504273504274585e-04 4.273504273504274585e-04 4.273504273504274585e-04 1.752136752136752504e-02 4.273504273504274585e-04 2.055555555555556024e-01 9.017094017094019753e-02
1.301587301587301022e-02 2.352380952380951351e-01 3.174603174603173516e-04 6.666666666666664492e-03 1.301587301587301022e-02 3.174603174603173516e-04 3.174603174603173516e-04 9.841269841269838226e-03 3.492063492063491193e-03 2.003174603174602553e-01 3.492063492063491193e-03 3.492063492063491193e-03 3.174603174603173516e-04 6.666666666666664492e-03 3.174603174603173516e-04 3.174603174603173516e-04 3.174603174603173516e-04 3.174603174603173516e-04 1.146031746031745679e-01 4.793650793650791608e-02 3.174603174603173516e-04 3.174603174603173516e-04 4.476190476190474582e-02 3.174603174603173516e-04 1.780952380952380287e-01 3.174603174603173516e-04 3.174603174603173516e-04 3.174603174603173516e-04 8.920634920634917808e-02 2.571428571428570342e-02
3.267973856209149559e-04 3.267973856209149559e-04 1.339869281045751037e-02 1.339869281045751037e-02 3.267973856209149559e-04 3.267973856209149559e-04 3.267973856209149559e-04 6.241830065359475072e-02 3.267973856209149559e-04 1.013071895424836298e-02 3.267973856209149559e-04 6.669934640522873215e-01 6.862745098039213856e-03 3.267973856209149559e-04 1.666666666666665950e-02 3.267973856209149559e-04 3.267973856209149559e-04 3.267973856209149559e-04 1.016339869281045472e-01 3.267973856209149559e-04 3.267973856209149559e-04 3.267973856209149559e-04 2.973856209150325600e-02 2.320261437908495775e-02 3.267973856209149559e-04 6.862745098039213856e-03 3.267973856209149559e-04 3.267973856209149559e-04 3.267973856209149559e-04 4.281045751633984903e-02
6.802721088435375848e-04 6.802721088435375848e-04 6.802721088435375848e-04 6.802721088435375848e-04 3.680272108843538059e-01 6.802721088435375848e-04 6.190476190476191382e-02 1.163265306122449327e-01 6.802721088435375848e-04 6.802721088435375848e-04 6.802721088435375848e-04 6.802721088435375848e-04 6.802721088435375848e-04 6.802721088435375848e-04 1.027210884353741693e-01 2.183673469387755750e-01 7.482993197278913974e-03 6.802721088435375848e-04 6.802721088435375848e-04 6.802721088435375848e-04 6.802721088435375848e-04 6.802721088435375848e-04 6.802721088435375848e-04 6.802721088435375848e-04 6.802721088435375848e-04 2.789115646258503653e-02 7.482993197278913974e-03 6.802721088435375848e-04 6.802721088435375848e-04 7.551020408163267028e-02
1.636661211129296096e-04 1.636661211129296096e-04 1.800327332242225705e-03 1.325695581014729729e-02 1.636661211129296096e-04 1.636661211129296096e-04 1.162029459901799990e-02 1.636661211129296096e-04 2.800327332242225076e-01 3.126022913256955305e-02 5.417348608837969925e-02 1.636661211129296096e-04 3.436988543371521584e-03 5.744680851063829058e-02 2.882160392798689963e-01 1.636661211129296096e-04 1.489361702127659295e-02 1.636661211129296096e-04 9.983633387888704233e-03 1.636661211129296096e-04 5.073649754500817247e-03 4.108019639934532702e-02 1.636661211129296096e-04 3.289689034369885218e-02 6.890343698854335674e-02 5.253682487725040012e-02 3.436988543371521584e-03 1.636661211129296096e-04 1.636661211129296096e-04 2.798690671031096172e-02
1.723118279569891831e-01 3.521505376344084837e-02 2.688172043010752144e-04 1.639784946236558585e-02 9.704301075268814691e-02 2.688172043010752144e-04 2.688172043010752144e-04 5.672043010752687159e-02 2.153225806451612157e-01 2.688172043010752144e-04 2.688172043010752144e-04 4.596774193548386345e-02 2.688172043010752144e-04 2.688172043010752144e-04 2.126344086021504654e-01 2.688172043010752144e-04 2.688172043010752144e-04 2.688172043010752144e-04 2.688172043010752144e-04 2.688172043010752144e-04 1.370967741935483382e-02 2.688172043010752144e-04 2.688172043010752144e-04 2.688172043010752144e-04 2.446236559139784023e-02 8.629032258064513183e-02 2.688172043010752144e-04 2.688172043010752144e-04 1.908602150537633615e-02 2.688172043010752144e-04
3.048780487804876962e-04 3.048780487804876962e-04 3.048780487804876962e-04 3.048780487804876962e-04 3.048780487804876962e-04 3.048780487804876962e-04 3.048780487804876962e-04 2.469512195121950290e-02 4.908536585365852467e-02 3.079268292682925748e-02 3.048780487804876962e-04 3.048780487804876962e-04 1.314024390243901941e-01 8.871951219512191900e-02 3.048780487804876962e-04 3.048780487804876962e-04 3.048780487804876962e-04 7.042682926829266221e-02 1.862804878048779922e-01 7.957317073170729060e-02 3.353658536585364929e-03 3.079268292682925748e-02 2.472560975609754963e-01 3.048780487804876962e-04 4.908536585365852467e-02 3.048780487804876962e-04 3.353658536585364929e-03 3.048780487804876962e-04 3.048780487804876962e-04 3.048780487804876962e-04
1.037184594953519112e-01 1.208499335989375763e-02 1.328021248339973398e-04 1.328021248339973398e-04 1.435590969455511345e-01 1.474103585657370388e-02 1.900398406374501914e-01 4.661354581673306935e-02 1.075697211155378363e-02 1.328021248339973398e-04 6.772908366533864251e-03 1.328021248339973398e-04 3.200531208499336061e-02 6.520584329349270181e-02 1.328021248339973398e-04 9.707835325365204993e-02 8.100929614873837378e-03 4.130146082337317337e-02 1.328021248339973398e-04 1.328021248339973398e-04 3.864541832669322885e-02 5.444887118193890256e-03 1.328021248339973398e-04 1.328021248339973398e-04 2.270916334661354785e-02 1.328021248339973398e-04 1.328021248339973398e-04 1.460823373173970874e-03 8.379814077025232733e-02 7.450199203187250763e-02
3.424657534246574285e-04 3.424657534246574285e-04 3.424657534246574285e-04 3.424657534246574285e-04 1.339041095890410593e-01 3.424657534246574285e-04 5.037671232876710370e-01 3.424657534246574285e-04 3.424657534246574285e-04 2.773972602739724694e-02 3.424657534246574285e-04 3.424657534246574285e-04 3.424657534246574285e-04 3.424657534246574285e-04 3.424657534246574285e-04 7.191780821917805565e-03 3.424657534246574285e-04 5.513698630136984469e-02 3.424657534246574285e-04 3.424657534246574285e-04 1.065068493150684581e-01 7.568493150684929560e-02 7.191780821917805565e-03 3.767123287671231713e-03 3.424657534246574285e-04 7.226027397260272045e-02 3.424657534246574285e-04 3.424657534246574285e-04 3.424657534246574285e-04 3.424657534246574285e-04
4.048582995951417914e-04 4.048582995951417914e-04 4.453441295546560139e-03 4.048582995951417914e-04 1.255060728744939597e-02 4.048582995951417914e-04 4.048582995951417914e-04 8.502024291497977185e-03 4.048582995951417914e-04 4.048582995951417914e-04 4.048582995951417914e-04 4.048582995951417914e-04 4.048582995951417914e-04 4.048582995951417914e-04 4.048582995951417914e-04 9.352226720647775771e-02 4.048582995951417914e-04 4.048582995951417914e-04 5.874493927125506998e-01 1.255060728744939597e-02 2.469635627530364710e-02 8.502024291497977185e-03 4.048582995951417914e-04 4.048582995951417914e-04 4.453441295546560139e-03 2.190283400809717174e-01 1.255060728744939597e-02 4.048582995951417914e-04 4.453441295546560139e-03 4.048582995951417914e-04
3.206349206349205089e-02 1.177777777777777451e-01 9.841269841269838226e-03 3.174603174603173516e-04 3.174603174603173516e-04 3.174603174603173516e-04 3.174603174603173516e-04 1.619047619047618222e-02 1.082539682539682135e-01 9.238095238095235529e-02 3.174603174603173516e-04 3.174603174603173516e-04 3.492063492063491193e-03 7.650793650793648315e-02 3.463492063492061845e-01 3.174603174603173516e-04 3.174603174603173516e-04 3.174603174603173516e-04 4.476190476190474582e-02 3.174603174603173516e-04 1.936507936507935596e-02 9.841269841269838226e-03 3.174603174603173516e-04 3.174603174603173516e-04 1.619047619047618222e-02 6.063492063492061795e-02 3.174603174603173516e-04 3.174603174603173516e-04 3.174603174603173516e-04 4.158730158730156862e-02
3.378378378378378024e-04 3.378378378378378024e-04 3.378378378378378024e-04 1.722972972972972375e-02 2.874999999999999223e-01 1.385135135135134692e-02 7.466216216216214896e-02 6.452702702702702020e-02 3.074324324324323454e-02 3.378378378378378024e-04 3.378378378378378024e-04 3.378378378378378024e-04 2.736486486486485945e-02 3.378378378378378024e-04 3.378378378378378024e-04 1.692567567567567210e-01 3.378378378378378024e-04 3.378378378378378024e-04 2.736486486486485945e-02 3.378378378378378024e-04 1.253378378378378066e-01 3.378378378378378024e-04 7.094594594594593254e-03 3.378378378378378024e-04 3.378378378378378024e-04 1.016891891891891775e-01 3.378378378378378024e-04 3.378378378378378024e-04 7.094594594594593254e-03 4.087837837837837024e-02
1.772128060263652993e-01 1.883239171374764299e-04 3.954802259887004595e-03 1.883239171374764299e-04 1.244821092278718955e-01 1.883239171374764299e-04 6.610169491525422214e-02 6.610169491525422214e-02 6.421845574387946565e-02 1.883239171374764299e-04 1.713747645951035209e-02 1.883239171374764299e-04 1.883239171374764299e-04 8.305084745762709997e-02 1.883239171374764299e-04 1.883239171374764299e-04 1.883239171374764299e-04 5.480225988700564155e-02 1.902071563088511899e-02 7.363465160075327587e-02 3.973634651600752715e-02 1.883239171374764299e-04 1.883239171374764299e-04 1.883239171374764299e-04 1.883239171374764299e-04 4.161958568738229058e-02 9.604519774011296626e-03 1.525423728813558866e-02 4.350282485875705402e-02 9.811676082862522130e-02
4.820717131474104578e-02 3.984063745019921551e-04 3.984063745019921551e-04 2.430278884462151734e-02 3.984063745019921551e-04 3.984063745019921551e-04 2.912350597609562053e-01 6.015936254980080999e-02 3.984063745019921551e-04 3.984063745019921551e-04 4.382470119521913489e-03 3.984063745019921551e-04 3.984063745019921551e-04 3.984063745019921551e-04 1.597609561752988405e-01 3.984063745019921551e-04 3.984063745019921551e-04 3.984063745019921551e-04 3.984063745019921551e-04 4.382470119521913489e-03 2.031872509960159709e-02 3.984063745019921551e-04 3.984063745019921551e-04 3.984063745019921551e-04 3.984063745019921551e-04 2.792828685258964549e-01 3.984063745019921551e-04 3.984063745019921551e-04 7.609561752988050487e-02 2.430278884462151734e-02
3.151560178306090920e-01 1.946508172362555050e-02 1.485884101040118471e-04 1.649331352154531291e-02 8.930163447251111830e-02 1.054977711738483946e-02 1.352154531946507705e-02 6.404160475482910397e-02 7.578008915304602737e-03 1.054977711738483946e-02 9.063893016344720666e-03 1.634472511144130372e-03 1.634472511144130372e-03 4.323922734026744430e-02 4.026745913818721018e-02 1.054977711738483946e-02 1.485884101040118471e-04 8.781575037147099083e-02 1.485884101040118471e-04 1.485884101040118471e-04 3.878157503714708965e-02 1.203566121842495826e-02 1.485884101040118471e-04 1.485884101040118471e-04 3.283803863298662140e-02 1.203566121842495826e-02 1.634472511144130372e-03 7.578008915304602737e-03 4.621099554234768536e-02 1.071322436849925230e-01
3.603896103896102321e-02 3.246753246753245666e-04 3.246753246753245666e-04 5.457792207792205863e-01 8.474025974025971297e-02 3.246753246753245666e-04 9.448051948051945648e-02 2.305194805194804228e-02 9.123376623376620864e-02 3.246753246753245666e-04 3.246753246753245666e-04 1.331168831168830571e-02 3.571428571428570450e-03 3.246753246753245666e-04 4.253246753246751888e-02 3.246753246753245666e-04 3.246753246753245666e-04 3.246753246753245666e-04 1.655844155844155008e-02 3.246753246753245666e-04 1.331168831168830571e-02 3.246753246753245666e-04 3.246753246753245666e-04 3.246753246753245666e-04 2.305194805194804228e-02 3.246753246753245666e-04 3.246753246753245666e-04 3.246753246753245666e-04 3.246753246753245666e-04 6.818181818181816116e-03
2.227171492204899300e-04 2.227171492204899300e-04 4.677060133630288503e-03 2.227171492204899300e-04 6.904231625835187749e-03 6.904231625835187749e-03 5.144766146993317441e-02 2.227171492204899300e-04 2.227171492204899300e-04 2.449888641425389257e-03 2.026726057906458323e-02 2.227171492204899300e-04 1.561247216035634156e-01 7.817371937639196189e-02 4.677060133630288503e-03 2.227171492204899300e-04 2.227171492204899300e-04 6.904231625835187749e-03 2.227171492204899300e-04 2.227171492204899300e-04 2.273942093541201914e-01 9.599109131403116280e-02 2.227171492204899300e-04 1.358574610244988462e-02 2.227171492204899300e-04 2.227171492204899300e-04 3.142538975501112386e-01 2.227171492204899300e-04 2.227171492204899300e-04 6.904231625835187749e-03
5.000000000000000278e-02 4.950495049504951639e-04 4.950495049504951639e-04 3.514851485148515198e-02 2.133663366336634171e-01 4.950495049504951639e-04 9.950495049504952394e-02 1.242574257425742845e-01 1.039603960396039833e-02 4.950495049504951639e-04 4.950495049504951639e-04 4.950495049504951639e-04 4.950495049504951639e-04 1.039603960396039833e-02 2.029702970297029771e-02 1.094059405940594337e-01 1.534653465346534976e-02 4.950495049504951639e-04 5.495049504950495767e-02 4.009900990099009993e-02 6.485148514851485357e-02 4.950495049504951639e-04 4.950495049504951639e-04 4.950495049504951639e-04 4.950495049504951639e-04 5.445544554455446912e-03 4.950495049504951639e-04 5.445544554455446912e-03 4.950495049504951639e-04 1.341584158415841943e-01
7.553956834532374320e-03 1.834532374100719329e-02 3.597122302158273460e-04 3.597122302158273460e-04 6.151079136690647958e-02 9.748201438848921874e-02 3.636690647482014316e-01 3.273381294964028410e-02 3.597122302158273460e-04 1.115107913669064789e-02 3.597122302158273460e-04 3.597122302158273460e-04 3.597122302158273460e-04 2.553956834532374043e-02 3.956834532374100752e-03 1.474820143884891972e-02 4.712230215827337837e-02 3.597122302158273460e-04 3.597122302158273460e-04 3.597122302158273460e-04 1.730215827338129619e-01 3.597122302158273460e-04 3.597122302158273460e-04 3.597122302158273460e-04 3.597122302158273460e-04 1.115107913669064789e-02 3.597122302158273460e-04 3.956834532374100752e-03 1.082733812949640273e-01 1.474820143884891972e-02
3.174603174603174058e-04 1.936507936507935942e-02 3.174603174603174058e-04 1.619047619047618569e-02 2.955555555555554603e-01 3.206349206349205783e-02 3.050793650793650058e-01 3.174603174603174058e-04 3.174603174603174058e-04 6.666666666666665360e-03 3.174603174603174058e-04 3.174603174603174058e-04 3.174603174603174058e-04 3.174603174603174058e-04 3.174603174603174058e-04 7.650793650793649703e-02 3.174603174603174058e-04 3.174603174603174058e-04 3.174603174603174058e-04 1.936507936507935942e-02 1.301587301587301196e-02 8.920634920634919196e-02 9.841269841269839960e-03 3.174603174603174058e-04 3.174603174603174058e-04 3.174603174603174058e-04 3.174603174603174058e-04 3.174603174603174058e-04 1.114285714285714185e-01 3.174603174603174058e-04
5.747126436781610200e-04 4.080459770114942819e-02 5.747126436781610200e-04 4.655172413793103731e-02 3.505747126436781907e-02 5.747126436781610200e-04 4.655172413793103731e-02 4.655172413793103731e-02 6.321839080459771762e-03 5.747126436781610200e-04 1.385057471264368179e-01 9.252873563218393105e-02 5.229885057471265336e-02 6.321839080459771762e-03 2.821839080459770388e-01 5.747126436781610200e-04 5.747126436781610200e-04 8.103448275862069894e-02 5.747126436781610200e-04 5.747126436781610200e-04 5.804597701149426248e-02 5.747126436781610200e-04 5.747126436781610200e-04 5.747126436781610200e-04 4.655172413793103731e-02 5.747126436781610200e-04 1.206896551724138261e-02 5.747126436781610200e-04 5.747126436781610200e-04 5.747126436781610200e-04
2.048192771084337768e-02 1.646586345381526387e-02 4.016064257028113707e-04 4.016064257028113707e-04 4.016064257028113707e-04 4.016064257028113707e-04 1.248995983935743265e-01 8.433734939759037971e-03 4.016064257028113707e-04 4.016064257028113707e-04 4.016064257028113707e-04 4.016064257028113707e-04 4.016064257028113707e-04 4.016064257028113707e-04 1.931726907630522683e-01 7.269076305220885381e-02 1.244979919678715179e-02 1.570281124497992509e-01 4.417670682730925023e-03 4.417670682730925023e-03 4.016064257028113707e-04 4.016064257028113707e-04 4.016064257028113707e-04 2.614457831325301407e-01 8.072289156626508144e-02 4.016064257028113707e-04 4.016064257028113707e-04 4.016064257028113707e-04 4.016064257028113707e-04 3.654618473895582947e-02
4.291845493562233154e-04 4.721030042918456307e-03 4.334763948497855068e-02 4.291845493562233154e-04 4.291845493562233154e-04 4.291845493562233154e-04 1.763948497854077868e-01 4.291845493562233154e-04 4.291845493562233154e-04 4.291845493562233154e-04 4.291845493562233154e-04 4.291845493562233154e-04 8.197424892703865373e-02 2.188841201716738502e-02 4.291845493562233154e-04 1.330472103004292153e-02 4.291845493562233154e-04 4.291845493562233154e-04 2.536480686695279374e-01 1.077253218884120511e-01 5.193133047210301417e-02 4.763948497854078590e-02 2.618025751072962024e-02 4.291845493562233154e-04 4.291845493562233154e-04 1.291845493562232272e-01 2.618025751072962024e-02 4.291845493562233154e-04 4.291845493562233154e-04 9.012875536480689787e-03
9.935897435897431823e-03 3.205128205128204041e-04 1.314102564102563424e-02 3.205128205128204041e-04 3.205128205128204041e-04 3.205128205128204041e-04 2.855769230769229505e-01 1.314102564102563424e-02 6.730769230769228541e-03 9.935897435897431823e-03 1.634615384615384012e-02 3.205128205128204041e-04 3.205128205128204041e-04 3.205128205128204041e-04 3.205128205128204041e-04 3.205128205128204041e-04 7.403846153846151135e-02 3.205128205128204041e-04 9.935897435897431823e-03 3.205128205128204041e-04 4.426282051282049435e-01 2.275641025641024842e-02 3.205128205128204041e-04 3.205128205128204041e-04 3.205128205128204041e-04 3.878205128205126917e-02 9.935897435897431823e-03 3.205128205128204041e-04 4.198717948717946985e-02 3.205128205128204041e-04
4.065040650406505146e-04 2.077235772357724219e-01 4.065040650406505146e-04 4.065040650406505146e-04 4.471544715447155552e-03 4.065040650406505146e-04 4.065040650406505146e-04 4.065040650406505146e-04 4.065040650406505146e-04 2.280487804878049418e-01 4.065040650406505146e-04 4.065040650406505146e-04 2.886178861788618252e-02 4.065040650406505146e-04 3.743902439024390794e-01 4.065040650406505146e-04 4.471544715447155552e-03 4.065040650406505146e-04 3.699186991869919672e-02 4.065040650406505146e-04 4.065040650406505146e-04 4.065040650406505146e-04 2.073170731707317527e-02 4.065040650406505146e-04 8.536585365853660914e-03 4.065040650406505146e-04 4.471544715447155552e-03 1.260162601626016628e-02 6.138211382113822195e-02 4.065040650406505146e-04
2.666666666666666252e-04 2.055999999999999495e-01 2.666666666666666252e-04 2.666666666666666252e-04 2.666666666666666252e-04 2.666666666666666252e-04 2.666666666666666252e-04 2.666666666666666252e-04 2.693333333333332996e-02 1.762666666666666271e-01 5.599999999999999076e-03 2.666666666666666252e-04 2.666666666666666252e-04 1.093333333333333136e-02 2.349333333333332718e-01 1.893333333333332980e-02 2.159999999999999420e-02 2.426666666666666208e-02 2.666666666666666252e-04 8.266666666666665220e-03 2.666666666666666252e-04 5.599999999999999076e-03 2.666666666666666252e-04 2.933333333333332932e-03 1.093333333333333136e-02 5.893333333333333063e-02 2.426666666666666208e-02 2.666666666666666252e-04 1.522666666666666335e-01 8.266666666666665220e-03
3.700305810397552797e-02 9.816513761467889065e-02 3.058103975535168004e-04 3.700305810397552797e-02 3.363914373088684913e-03 3.058103975535168004e-04 2.480122324159020897e-01 1.865443425076452125e-02 3.058103975535168004e-04 4.006116207951069402e-02 3.088685015290519240e-02 9.480122324159019620e-03 9.480122324159019620e-03 3.058103975535168004e-04 6.758409785932721625e-02 3.058103975535168004e-04 3.363914373088684913e-03 4.006116207951069402e-02 3.058103975535168004e-04 1.865443425076452125e-02 6.146788990825687721e-02 3.058103975535168004e-04 3.058103975535168004e-04 3.058103975535168004e-04 3.058103975535168004e-04 1.470948012232415614e-01 3.363914373088684913e-03 3.363914373088684913e-03 4.617737003058103307e-02 7.370030581039754836e-02
7.246376811594205155e-04 7.246376811594205155e-04 7.971014492753626321e-03 7.971014492753626321e-03 5.869565217391305156e-02 7.246376811594205155e-04 7.246376811594205155e-04 7.246376811594205155e-04 7.246376811594205155e-04 1.456521739130435256e-01 5.869565217391305156e-02 2.688405797101449668e-01 7.971014492753626321e-03 7.246376811594205155e-04 7.246376811594205155e-04 7.246376811594205155e-04 7.246376811594205155e-04 7.246376811594205155e-04 7.246376811594205155e-04 7.246376811594205155e-04 8.768115942028986698e-02 5.144927536231885118e-02 2.971014492753623615e-02 7.246376811594205155e-04 7.246376811594205155e-04 7.246376811594205155e-04 2.615942028985507872e-01 7.246376811594205155e-04 7.246376811594205155e-04 7.246376811594205155e-04
1.923076923076922804e-04 5.980769230769229783e-02 1.923076923076922804e-04 1.923076923076922804e-04 4.826923076923075873e-02 1.923076923076922804e-04 9.826923076923074762e-02 1.923076923076922804e-04 2.519230769230768746e-02 3.288461538461538020e-02 1.923076923076922804e-04 1.790384615384614797e-01 1.923076923076922804e-04 1.923076923076922804e-04 1.923076923076922804e-04 4.038461538461537645e-03 4.038461538461537645e-03 1.732692307692307310e-01 2.115384615384614895e-03 2.115384615384614895e-03 1.923076923076922804e-04 6.557692307692306044e-02 7.884615384615382278e-03 4.826923076923075873e-02 2.115384615384614895e-03 1.923076923076922804e-04 8.673076923076920852e-02 5.211538461538460509e-02 9.807692307692305461e-03 9.634615384615383138e-02
2.987654320987653475e-02 2.716049382716048850e-03 1.999999999999999348e-02 2.716049382716048850e-03 5.950617283950616204e-02 2.469135802469135318e-04 5.950617283950616204e-02 2.469135802469135318e-04 2.246913580246912706e-02 2.469135802469135318e-04 2.469135802469135318e-04 2.469135802469135318e-04 1.012345679012345394e-02 4.716049382716048372e-02 1.753086419753085989e-02 1.385185185185184853e-01 2.469135802469135318e-04 1.311111111111110672e-01 1.335802469135802251e-01 5.703703703703702499e-02 1.506172839506172284e-02 5.185185185185184169e-03 2.469135802469135318e-04 2.469135802469135318e-04 2.716049382716048850e-03 2.740740740740739770e-02 6.691358024691355932e-02 2.246913580246912706e-02 2.469135802469135318e-04 1.261728395061728070e-01
5.464480874316940970e-04 1.043715846994535817e-01 5.519125683060110282e-02 5.464480874316940970e-04 5.464480874316940970e-04 6.612021857923498780e-02 6.010928961748635176e-03 5.464480874316940970e-04 2.240437158469945483e-02 5.464480874316940970e-04 2.786885245901639732e-02 7.158469945355191988e-02 5.464480874316940970e-04 4.972677595628415687e-02 5.464480874316940970e-04 5.464480874316940970e-04 5.464480874316940970e-04 6.010928961748635176e-03 9.344262295081968983e-02 5.464480874316940970e-04 3.879781420765027883e-02 5.464480874316940970e-04 5.464480874316940970e-04 5.464480874316940970e-04 1.808743169398907558e-01 5.464480874316940970e-04 5.464480874316940970e-04 1.590163934426229719e-01 5.464480874316940970e-04 1.098360655737705138e-01
3.669354838709678462e-02 4.032258064516130113e-04 4.032258064516130113e-04 2.862903225806451984e-02 1.939516129032258507e-01 4.032258064516130113e-04 2.862903225806451984e-02 4.032258064516130113e-04 4.032258064516130113e-04 4.032258064516130113e-04 4.032258064516130113e-04 4.032258064516130113e-04 4.032258064516130113e-04 4.032258064516130113e-04 1.334677419354839134e-01 4.032258064516130113e-04 2.060483870967742548e-01 1.052419354838709936e-01 4.435483870967743721e-03 2.459677419354839092e-02 4.032258064516130113e-04 4.032258064516130113e-04 4.032258064516130113e-04 4.032258064516130113e-04 4.032258064516130113e-04 7.701612903225808771e-02 4.032258064516130113e-04 4.032258064516130113e-04 1.536290322580645684e-01 4.032258064516130113e-04
8.461538461538464784e-03 7.692307692307694469e-04 7.692307692307694469e-04 7.692307692307694469e-04 7.692307692307694469e-04 7.692307692307694469e-04 7.692307692307694469e-04 7.692307692307694469e-04 8.461538461538464784e-03 8.461538461538464784e-03 7.000000000000000666e-02 7.692307692307694469e-04 2.469230769230769951e-01 7.692307692307694469e-04 7.692307692307694469e-04 7.692307692307694469e-04 7.692307692307694469e-04 2.384615384615385372e-02 2.315384615384616096e-01 7.769230769230771327e-02 7.692307692307694469e-04 7.692307692307694469e-04 2.546153846153846878e-01 7.692307692307694469e-04 8.461538461538464784e-03 4.692307692307692846e-02 7.692307692307694469e-04 7.692307692307694469e-04 7.692307692307694469e-04 7.692307692307694469e-04
2.297297297297297078e-02 9.504504504504504570e-02 4.504504504504504574e-04 2.391891891891891886e-01 9.954954954954955970e-02 4.504504504504504574e-04 8.603603603603604544e-02 1.761261261261261313e-01 4.504504504504504574e-04 4.504504504504504574e-04 4.504504504504504574e-04 4.504504504504504574e-04 5.450450450450450290e-02 2.747747747747747438e-02 9.954954954954955970e-02 4.504504504504504574e-04 4.504504504504504574e-04 4.504504504504504574e-04 4.099099099099098864e-02 3.648648648648648157e-02 4.954954954954955519e-03 4.954954954954955519e-03 4.504504504504504574e-04 4.504504504504504574e-04 4.504504504504504574e-04 4.504504504504504574e-04 4.504504504504504574e-04 4.504504504504504574e-04 4.504504504504504574e-04 4.954954954954955519e-03
2.587859424920127549e-02 1.629392971246006183e-02 3.194888178913738103e-04 3.194888178913738103e-04 4.185303514376996492e-02 7.060702875399361977e-02 8.338658146964857132e-02 2.559105431309903755e-01 1.309904153354632395e-02 1.948881789137379972e-02 3.194888178913738103e-04 3.194888178913738103e-04 3.194888178913738103e-04 7.060702875399361977e-02 3.194888178913738103e-04 8.977635782747604709e-02 3.194888178913738103e-04 3.194888178913738103e-04 3.194888178913738103e-04 2.587859424920127549e-02 3.194888178913738103e-04 3.194888178913738103e-04 3.546325878594248915e-02 3.194888178913738103e-04 3.194888178913738103e-04 3.194888178913738103e-04 3.194888178913738103e-04 3.194888178913738103e-04 1.664536741214057425e-01 8.019169329073483343e-02
3.906250000000001301e-04 3.906250000000001301e-04 3.906250000000001301e-04 1.992187500000000208e-02 3.906250000000001301e-04 3.906250000000001301e-04 9.023437500000001943e-02 2.382812500000000555e-02 4.496093750000000888e-01 3.906250000000001301e-04 5.117187500000001249e-02 3.906250000000001301e-04 3.906250000000001301e-04 4.335937500000000555e-02 1.210937500000000382e-02 3.906250000000001301e-04 3.906250000000001301e-04 3.906250000000001301e-04 3.906250000000001301e-04 1.449218750000000333e-01 3.906250000000001301e-04 3.906250000000001301e-04 3.906250000000001301e-04 8.203125000000002082e-03 3.945312500000000555e-02 1.992187500000000208e-02 3.164062500000000555e-02 3.906250000000001301e-04 5.898437500000001249e-02 3.906250000000001301e-04
5.235602094240838231e-04 5.235602094240838231e-04 5.811518324607330838e-02 2.146596858638743707e-02 5.235602094240838231e-04 2.047120418848167867e-01 5.235602094240838231e-04 5.235602094240838231e-04 5.759162303664923030e-03 5.235602094240838231e-04 5.235602094240838231e-04 8.429319371727750365e-02 5.235602094240838231e-04 5.235602094240838231e-04 1.099476439790576104e-02 1.052356020942408626e-01 5.235602094240838231e-04 5.235602094240838231e-04 5.235602094240838231e-04 5.235602094240838231e-04 5.235602094240838231e-04 5.235602094240838231e-04 5.235602094240838231e-04 1.418848167539267235e-01 3.460732984293193870e-01 5.235602094240838231e-04 5.759162303664923030e-03 5.235602094240838231e-04 5.759162303664923030e-03 5.235602094240838231e-04
3.581560283687942881e-02 1.453900709219857999e-02 3.546099290780142083e-04 3.546099290780142083e-04 2.911347517730496492e-01 3.546099290780142083e-04 1.099290780141843997e-02 9.964539007092199085e-02 1.138297872340425648e-01 4.645390070921985581e-02 3.546099290780142083e-04 3.546099290780142083e-04 3.546099290780142083e-04 9.609929078014184389e-02 3.546099290780142083e-04 1.453900709219857999e-02 4.290780141843971579e-02 5.354609929078014280e-02 1.099290780141843997e-02 3.546099290780142083e-04 1.808510638297872175e-02 3.546099290780142083e-04 3.546099290780142083e-04 3.546099290780142083e-04 3.546099290780142083e-04 3.546099290780142083e-04 3.546099290780142083e-04 3.546099290780142083e-04 1.457446808510638459e-01 3.546099290780142083e-04
5.241635687732339871e-02 7.806691449814123600e-03 3.717472118959106657e-04 2.754646840148697318e-01 5.241635687732339871e-02 3.717472118959106657e-04 2.345724907063196085e-01 5.241635687732339871e-02 3.717472118959106657e-04 3.717472118959106657e-04 3.717472118959106657e-04 7.806691449814123600e-03 7.806691449814123600e-03 3.717472118959106657e-04 5.613382899628250461e-02 4.869888475836429281e-02 7.806691449814123600e-03 4.126394052044608102e-02 2.267657992565054806e-02 3.717472118959106657e-04 5.985130111524161745e-02 3.717472118959106657e-04 4.498141263940518692e-02 3.717472118959106657e-04 3.717472118959106657e-04 3.717472118959106657e-04 3.717472118959106657e-04 3.717472118959106657e-04 2.267657992565054806e-02 3.717472118959106657e-04
8.065476190476188190e-02 9.226190476190472903e-03 2.976190476190475375e-04 1.104166666666666352e-01 2.562499999999999223e-01 2.976190476190475375e-04 2.708333333333332385e-02 8.958333333333330650e-02 2.976190476190475375e-04 2.976190476190475375e-04 3.273809523809523021e-03 1.815476190476189924e-02 9.226190476190472903e-03 2.708333333333332385e-02 2.976190476190475375e-04 2.976190476190475375e-04 1.252976190476190188e-01 9.226190476190472903e-03 2.976190476190475375e-04 2.976190476190475375e-04 2.976190476190475375e-04 2.976190476190475375e-04 6.249999999999997745e-03 2.976190476190475375e-04 2.976190476190475375e-04 6.577380952380951218e-02 3.273809523809523021e-03 2.976190476190475375e-04 1.401785714285713746e-01 1.517857142857142322e-02
1.599664991624791255e-02 8.375209380234508968e-05 2.596314907872697766e-03 1.599664991624791255e-02 1.758793969849246951e-03 5.946398659966501028e-03 8.375209380234508968e-05 2.018425460636516858e-02 9.296482412060304290e-03 2.596314907872697766e-03 2.982412060301508627e-01 8.375209380234508968e-05 2.907035175879398303e-01 9.472361809045229397e-02 8.375209380234508968e-05 8.375209380234508968e-05 6.783919597989952061e-03 2.018425460636516858e-02 8.375209380234508968e-05 6.708542713567841598e-02 8.375209380234508968e-05 8.375209380234508968e-05 9.212730318257960271e-04 1.767169179229481635e-02 2.939698492462312907e-02 9.212730318257960271e-04 9.807370184254610157e-02 8.375209380234508968e-05 8.375209380234508968e-05 8.375209380234508968e-05
1.253289473684210675e-01 3.289473684210526242e-04 3.289473684210526242e-04 6.940789473684211286e-02 2.766447368421052211e-01 3.618421052631579354e-03 1.121710526315789491e-01 2.335526315789473659e-02 3.289473684210526242e-04 3.289473684210526242e-04 6.907894736842105921e-03 3.289473684210526242e-04 3.322368421052631499e-02 6.907894736842105921e-03 6.907894736842105921e-03 3.289473684210526242e-04 8.585526315789474006e-02 3.289473684210526242e-04 3.289473684210526242e-04 3.289473684210526242e-04 3.289473684210526242e-04 3.289473684210526242e-04 3.618421052631579354e-03 3.289473684210526242e-04 3.289473684210526242e-04 2.006578947368421045e-02 3.289473684210526242e-04 3.289473684210526242e-04 2.207236842105262942e-01 3.289473684210526242e-04
3.840304182509504671e-02 3.802281368821291995e-04 3.802281368821291995e-04 3.802281368821291995e-04 1.558935361216729626e-02 4.980988593155892541e-02 3.460076045627375613e-02 1.178707224334600567e-02 3.802281368821291995e-04 3.802281368821291995e-04 3.802281368821291995e-04 3.802281368821291995e-04 1.558935361216729626e-02 1.106463878326996025e-01 3.802281368821291995e-04 1.030418250950570214e-01 3.802281368821291995e-04 7.262357414448668280e-02 4.034220532319390817e-01 4.600760456273762788e-02 7.984790874524713353e-03 3.802281368821291995e-04 3.802281368821291995e-04 3.802281368821291995e-04 1.939163498098858684e-02 3.802281368821291995e-04 6.121673003802280411e-02 4.182509505703421900e-03 3.802281368821291995e-04 3.802281368821291995e-04
4.201680672268908899e-04 4.201680672268908899e-04 4.201680672268908899e-04 4.621848739495800114e-03 1.302521008403361748e-02 4.201680672268908899e-04 6.764705882352943511e-02 4.201680672268908899e-04 4.201680672268908899e-04 4.621848739495800114e-03 3.403361344537815525e-02 4.201680672268908899e-04 4.243697478991597521e-02 7.184873949579834163e-02 4.201680672268908899e-04 5.504201680672270169e-02 4.201680672268908899e-04 4.621848739495800114e-03 3.155462184873950027e-01 7.605042016806724814e-02 4.201680672268908899e-04 4.201680672268908899e-04 2.142857142857143224e-02 4.201680672268908899e-04 6.344537815126051472e-02 1.936974789915966999e-01 2.563025210084034222e-02 4.201680672268908899e-04 4.201680672268908899e-04 4.201680672268908899e-04
1.834532374100719329e-02 3.597122302158273460e-04 3.597122302158273460e-04 3.597122302158273460e-04 3.597122302158273460e-04 1.154676258992805848e-01 1.190647482014388497e-01 1.834532374100719329e-02 3.597122302158273460e-04 3.597122302158273460e-04 1.474820143884891972e-02 3.273381294964028410e-02 3.597122302158273460e-04 2.913669064748201226e-02 7.553956834532374320e-03 9.748201438848921874e-02 3.597122302158273460e-04 3.992805755395683470e-02 1.982014388489208578e-01 3.992805755395683470e-02 3.597122302158273460e-04 3.597122302158273460e-04 3.597122302158273460e-04 3.597122302158273460e-04 9.388489208633093996e-02 3.597122302158273460e-04 3.597122302158273460e-04 3.597122302158273460e-04 9.028776978417266119e-02 7.949640287769785263e-02
3.048780487804876962e-04 3.048780487804876962e-04 1.859756097560974833e-02 1.192073170731706988e-01 3.048780487804876962e-04 1.554878048780487104e-02 1.859756097560974833e-02 3.048780487804876962e-04 1.314024390243901941e-01 3.048780487804876962e-04 9.786585365853656127e-02 9.481707317073168051e-02 3.079268292682925748e-02 3.048780487804876962e-04 2.320121951219511203e-01 3.048780487804876962e-04 3.048780487804876962e-04 9.451219512195118203e-03 6.432926829268291458e-02 3.353658536585364929e-03 3.993902439024388934e-02 1.554878048780487104e-02 3.048780487804876962e-04 3.048780487804876962e-04 3.048780487804876962e-04 3.048780487804876962e-04 3.048780487804876962e-04 6.402439024390241783e-03 3.048780487804876962e-04 9.786585365853656127e-02
3.171755725190839592e-01 3.816793893129770952e-04 3.816793893129770952e-04 2.709923664122137338e-02 2.709923664122137338e-02 3.816793893129770952e-04 8.053435114503817993e-02 4.618320610687022543e-02 1.034351145038168024e-01 3.816793893129770952e-04 3.816793893129770952e-04 3.816793893129770952e-04 1.946564885496182909e-02 4.198473282442748318e-03 1.225190839694656475e-01 3.816793893129770952e-04 4.236641221374045502e-02 4.618320610687022543e-02 3.816793893129770952e-04 1.564885496183205868e-02 1.183206106870229000e-02 3.816793893129770952e-04 2.328244274809160297e-02 3.816793893129770952e-04 4.198473282442748318e-03 3.816793893129770952e-04 3.816793893129770952e-04 3.816793893129770952e-04 1.034351145038168024e-01 3.816793893129770952e-04
5.235602094240839315e-04 5.287958115183247210e-02 5.235602094240839315e-04 2.465968586387435324e-01 3.408376963350785993e-01 5.235602094240839315e-04 1.261780104712042216e-01 5.235602094240839315e-04 5.287958115183247210e-02 5.235602094240839315e-04 5.235602094240839315e-04 5.235602094240839315e-04 6.858638743455498787e-02 5.235602094240839315e-04 5.235602094240839315e-04 5.235602094240839315e-04 5.235602094240839315e-04 5.235602094240839315e-04 8.952879581151836075e-02 5.235602094240839315e-04 5.235602094240839315e-04 5.235602094240839315e-04 1.099476439790576278e-02 5.235602094240839315e-04 5.235602094240839315e-04 5.235602094240839315e-04 5.235602094240839315e-04 5.235602094240839315e-04 5.235602094240839315e-04 5.235602094240839315e-04
