3.937007874015749061e-04 2.401574803149606613e-02 3.937007874015749061e-04 3.937007874015749061e-04 2.366141732283465193e-01 3.582677165354331700e-02 2.007874015748031815e-02 4.330708661417324509e-03 3.937007874015749061e-04 3.937007874015749061e-04 3.188976377952756208e-02 3.937007874015749061e-04 3.937007874015749061e-04 3.937007874015749061e-04 3.937007874015749061e-04 4.330708661417324509e-03 3.937007874015749061e-04 4.649606299212599159e-01 3.937007874015749061e-04 3.937007874015749061e-04 3.582677165354331700e-02 1.224409448818897933e-01 1.220472440944882220e-02 3.937007874015749061e-04 3.937007874015749061e-04 3.937007874015749061e-04 3.937007874015749061e-04 3.937007874015749061e-04 3.937007874015749061e-04 3.937007874015749061e-04
3.289473684210525157e-04 3.980263157894735337e-02 3.289473684210525157e-04 3.289473684210525157e-04 2.141447368421051656e-01 3.289473684210525157e-04 3.618421052631578053e-03 3.289473684210525157e-04 3.289473684210525157e-04 3.289473684210525157e-04 3.289473684210525157e-04 3.289473684210525157e-04 3.289473684210525157e-04 3.289473684210525157e-04 3.289473684210525157e-04 2.174342105263157021e-01 3.289473684210525157e-04 3.289473684210525157e-04 3.289473684210525157e-04 1.911184210526315208e-01 3.289473684210525157e-04 9.572368421052628029e-02 1.677631578947367738e-02 7.927631578947365310e-02 3.289473684210525157e-04 3.289473684210525157e-04 3.289473684210525157e-04 3.289473684210525157e-04 1.351973684210525939e-01 3.289473684210525157e-04
6.535947712418302370e-04 6.535947712418302370e-04 6.535947712418302370e-04 6.535947712418302370e-04 2.679738562091503462e-02 6.535947712418302370e-04 6.535947712418302370e-04 6.535947712418302370e-04 3.986928104575163806e-02 7.189542483660132932e-03 6.535947712418302370e-04 6.535947712418302370e-04 6.535947712418302370e-04 6.535947712418302370e-04 1.117647058823529743e-01 7.189542483660132932e-03 1.372549019607843465e-02 1.575163398692810968e-01 1.509803921568627916e-01 6.535947712418302370e-04 1.372549019607843465e-02 2.098039215686275105e-01 1.575163398692810968e-01 6.535947712418302370e-04 6.535947712418302370e-04 6.535947712418302370e-04 6.535947712418302370e-04 6.535947712418302370e-04 9.215686274509805875e-02 6.535947712418302370e-04
3.448275862068965253e-04 3.448275862068965253e-04 3.448275862068965253e-04 4.862068965517240410e-02 2.106896551724137534e-01 2.037931034482758363e-01 1.244827586206896375e-01 5.896551724137930051e-02 3.448275862068965253e-04 7.241379310344826271e-03 3.448275862068965253e-04 3.448275862068965253e-04 2.103448275862068381e-02 3.448275862068965253e-04 3.448275862068965253e-04 9.689655172413791373e-02 3.448275862068965253e-04 7.241379310344826271e-03 3.448275862068965253e-04 7.241379310344826271e-03 3.448275862068965253e-04 3.448275862068965253e-04 3.448275862068965253e-04 3.448275862068965253e-04 3.448275862068965253e-04 2.003448275862068639e-01 3.448275862068965253e-04 7.241379310344826271e-03 3.448275862068965253e-04 3.448275862068965253e-04
3.236245954692555595e-04 3.236245954692555595e-04 9.741100323624592161e-02 3.236245954692555595e-04 1.326860841423947550e-02 3.559870550161811208e-03 6.181229773462781213e-02 9.741100323624592161e-02 3.236245954692555595e-04 3.236245954692555595e-04 3.236245954692555595e-04 3.236245954692555595e-04 1.326860841423947550e-02 3.236245954692555595e-04 2.074433656957927752e-01 6.796116504854367128e-03 3.559870550161811208e-03 3.236245954692555595e-04 8.446601941747569620e-02 3.559870550161811208e-03 3.236245954692555595e-04 5.210355987055014654e-02 1.650485436893203012e-02 2.300970873786406801e-01 6.504854368932036501e-02 2.297734627831714282e-02 3.236245954692555595e-04 1.650485436893203012e-02 3.236245954692555595e-04 3.236245954692555595e-04
2.145922746781115493e-04 2.145922746781115493e-04 2.145922746781115493e-04 6.673819742489268958e-02 2.856223175965664218e-01 6.888412017167380719e-02 1.053648068669527649e-01 3.993562231759655301e-01 2.145922746781115493e-04 2.145922746781115493e-04 2.145922746781115493e-04 8.798283261802571434e-03 2.145922746781115493e-04 8.798283261802571434e-03 2.145922746781115493e-04 1.094420600858368731e-02 2.145922746781115493e-04 2.145922746781115493e-04 2.145922746781115493e-04 2.145922746781115493e-04 1.952789699570814733e-02 2.145922746781115493e-04 2.145922746781115493e-04 2.145922746781115493e-04 2.145922746781115493e-04 2.167381974248926493e-02 2.145922746781115493e-04 2.145922746781115493e-04 2.145922746781115493e-04 2.145922746781115493e-04
4.149377593360996830e-04 4.149377593360996830e-04 4.149377593360996830e-04 9.585062240663902444e-02 1.124481327800830044e-01 4.149377593360996830e-04 2.531120331950207497e-02 4.149377593360996830e-04 4.149377593360996830e-04 4.149377593360996830e-04 4.149377593360996830e-04 4.564315352697096567e-03 4.149377593360996830e-04 4.149377593360996830e-04 4.564315352697096567e-03 4.149377593360996830e-04 4.149377593360996830e-04 4.149377593360996830e-04 4.149377593360996830e-04 4.149377593360996830e-04 2.116182572614107998e-02 4.149377593360996830e-04 1.456431535269709643e-01 4.149377593360996830e-04 8.755186721991703447e-02 2.946058091286307343e-02 1.082987551867220094e-01 4.149377593360996830e-04 3.572614107883817502e-01 4.149377593360996830e-04
3.906250000000001301e-04 3.906250000000001301e-04 3.906250000000001301e-04 3.906250000000001301e-04 9.414062500000003331e-02 3.906250000000001301e-04 3.906250000000001301e-04 3.906250000000001301e-04 3.906250000000001301e-04 4.296875000000001214e-03 3.906250000000001301e-04 3.164062500000000555e-02 4.296875000000001214e-03 3.906250000000001301e-04 4.296875000000001214e-03 3.636718750000000333e-01 3.906250000000001301e-04 3.906250000000001301e-04 3.906250000000001301e-04 5.898437500000001249e-02 3.906250000000001301e-04 3.089843750000000333e-01 3.906250000000001301e-04 3.906250000000001301e-04 3.906250000000001301e-04 4.296875000000001214e-03 3.906250000000001301e-04 3.906250000000001301e-04 1.175781250000000333e-01 3.906250000000001301e-04
4.621848739495800981e-03 8.823529411764710964e-03 4.201680672268909983e-04 2.819327731092438061e-01 3.659663865546219919e-01 5.084033613445380212e-02 2.563025210084034569e-02 4.201680672268909983e-04 4.621848739495800981e-03 4.201680672268909983e-04 4.201680672268909983e-04 4.201680672268909983e-04 4.201680672268909983e-04 4.201680672268909983e-04 4.201680672268909983e-04 4.201680672268909983e-04 4.201680672268909983e-04 2.142857142857143571e-02 4.201680672268909983e-04 4.201680672268909983e-04 8.823529411764710964e-03 1.180672268907563688e-01 4.201680672268909983e-04 4.201680672268909983e-04 4.201680672268909983e-04 6.344537815126052860e-02 4.201680672268909983e-04 4.201680672268909983e-04 3.823529411764707564e-02 4.201680672268909983e-04
2.210144927536231846e-02 3.985507246376812293e-03 3.623188405797101493e-04 6.195652173913043792e-02 1.090579710144927578e-01 1.525362318840579878e-01 3.623188405797101493e-04 3.623188405797101493e-04 3.623188405797101493e-04 3.623188405797101493e-04 3.623188405797101493e-04 1.670289855072463747e-01 3.623188405797101493e-04 3.623188405797101493e-04 3.623188405797101493e-04 1.847826086956521480e-02 3.623188405797101493e-04 3.623188405797101493e-04 2.210144927536231846e-02 3.623188405797101493e-04 3.623188405797101493e-04 2.572463768115941865e-02 3.623188405797101493e-04 3.623188405797101493e-04 3.623188405797101493e-04 1.199275362318840688e-01 6.195652173913043792e-02 7.608695652173913353e-03 2.213768115942029158e-01 3.623188405797101493e-04
5.464480874316942054e-04 6.010928961748636043e-03 5.464480874316942054e-04 5.464480874316942054e-04 9.344262295081970371e-02 5.464480874316942054e-04 5.464480874316942054e-04 5.464480874316942054e-04 5.464480874316942054e-04 6.010928961748636043e-03 5.464480874316942054e-04 5.464480874316942054e-04 3.333333333333333981e-02 5.464480874316942054e-04 2.240437158469945830e-02 9.890710382513664967e-02 5.464480874316942054e-04 4.972677595628416380e-02 5.464480874316942054e-04 2.240437158469945830e-02 5.519125683060110976e-02 4.267759562841531018e-01 2.240437158469945830e-02 5.464480874316942054e-04 5.464480874316942054e-04 6.010928961748636043e-03 8.797814207650277163e-02 5.464480874316942054e-04 4.426229508196722479e-02 1.693989071038251928e-02
1.492537313432835565e-04 3.134328358208954713e-03 1.059701492537313237e-02 1.492537313432835565e-04 1.479104477611939972e-01 1.492537313432835565e-04 8.074626865671639953e-02 1.492537313432835565e-04 1.492537313432835565e-04 1.492537313432835565e-04 1.492537313432835565e-04 3.134328358208954713e-03 1.492537313432835565e-04 7.611940298507461136e-03 3.597014925373134137e-02 1.656716417910447312e-02 1.492537313432835565e-04 1.641791044776119311e-03 1.492537313432835565e-04 7.179104477611938928e-02 1.492537313432835565e-04 1.492537313432835565e-04 3.225373134328357594e-01 1.492537313432835565e-04 4.641791044776118896e-02 7.029850746268655193e-02 1.492537313432835565e-04 6.283582089552237904e-02 1.120895522388059423e-01 4.626865671641790766e-03
8.060200668896320975e-02 3.344481605351170943e-04 3.344481605351170943e-04 7.725752508361204141e-02 2.779264214046822667e-01 3.377926421404681828e-02 2.374581939799330979e-02 3.344481605351170943e-04 3.344481605351170943e-04 3.344481605351170943e-04 3.344481605351170943e-04 3.344481605351170943e-04 1.408026755852842815e-01 3.678929765886288037e-03 3.344481605351170943e-04 3.344481605351170943e-04 2.040133779264213798e-02 3.344481605351170943e-04 3.344481605351170943e-04 3.344481605351170943e-04 1.036789297658862949e-02 3.344481605351170943e-04 3.344481605351170943e-04 3.344481605351170943e-04 3.344481605351170943e-04 3.344481605351170943e-04 3.344481605351170943e-04 3.678929765886288037e-03 3.113712374581939502e-01 1.036789297658862949e-02
2.487562189054725670e-04 2.487562189054725670e-04 1.221393034825870305e-01 2.487562189054725670e-04 1.619402985074626378e-01 7.238805970149252145e-02 4.253731343283580907e-02 3.161691542288556089e-01 2.487562189054725670e-04 1.246268656716417594e-01 2.487562189054725670e-04 2.487562189054725670e-04 2.487562189054725670e-04 2.736318407960198346e-03 2.487562189054725670e-04 6.990049751243779252e-02 2.487562189054725670e-04 7.711442786069650120e-03 2.487562189054725670e-04 2.487562189054725670e-04 1.019900497512437471e-02 1.766169154228855107e-02 2.487562189054725670e-04 3.756218905472635816e-02 2.487562189054725670e-04 7.711442786069650120e-03 2.487562189054725670e-04 2.736318407960198346e-03 2.487562189054725670e-04 2.487562189054725670e-04
3.984063745019921551e-04 3.984063745019921551e-04 3.984063745019921551e-04 3.984063745019921551e-04 3.625498007968128156e-02 4.820717131474104578e-02 3.984063745019921551e-04 3.984063745019921551e-04 3.984063745019921551e-04 2.031872509960159709e-02 3.984063745019921551e-04 2.673306772908367046e-01 3.984063745019921551e-04 3.984063745019921551e-04 1.235059760956175659e-02 3.984063745019921551e-04 3.984063745019921551e-04 3.984063745019921551e-04 1.235059760956175659e-02 4.382470119521913489e-03 1.079681274900398669e-01 3.984063745019921551e-04 3.984063745019921551e-04 9.601593625498010265e-02 3.984063745019921551e-04 9.203187250996018587e-02 1.159362549800797143e-01 3.227091633466135784e-02 1.478087649402390902e-01 3.984063745019921551e-04
4.132231404958678668e-04 4.132231404958678668e-04 4.132231404958678668e-04 4.545454545454546101e-03 4.132231404958678668e-04 4.132231404958678668e-04 4.173553719008264717e-02 4.132231404958678668e-04 8.719008264462811686e-02 4.132231404958678668e-04 4.132231404958678668e-04 8.719008264462811686e-02 4.132231404958678668e-04 3.760330578512396937e-02 2.520661157024793597e-02 4.132231404958678668e-04 4.132231404958678668e-04 4.132231404958678668e-04 4.132231404958678668e-04 4.132231404958678668e-04 4.132231404958678668e-04 6.239669421487603618e-02 4.132231404958678668e-04 2.520661157024793597e-02 4.132231404958678668e-04 1.574380165289256395e-01 2.772727272727272818e-01 4.132231404958678668e-04 1.863636363636363980e-01 4.132231404958678668e-04
8.571428571428573590e-03 4.081632653061225183e-04 4.081632653061225183e-04 4.081632653061225183e-04 4.081632653061225183e-04 1.265306122448979845e-02 6.979591836734695687e-02 4.081632653061225183e-04 2.081632653061224469e-02 4.081632653061225183e-04 2.897959183673469441e-02 4.081632653061225183e-04 4.081632653061225183e-04 4.081632653061225183e-04 4.081632653061225183e-04 2.897959183673469441e-02 4.081632653061225183e-04 4.081632653061225183e-04 4.081632653061225183e-04 4.081632653061225183e-04 4.081632653061225183e-04 7.387755102040817479e-02 4.081632653061225183e-04 1.673469387755101984e-02 4.081632653061225183e-04 4.167346938775510212e-01 1.065306122448979737e-01 8.571428571428573590e-03 1.922448979591837026e-01 8.571428571428573590e-03
3.558718861209964664e-04 3.558718861209964664e-04 3.558718861209964664e-04 3.558718861209964664e-04 3.558718861209964664e-04 3.558718861209964664e-04 3.950177935943060409e-02 3.558718861209964664e-04 3.914590747330960914e-03 3.558718861209964664e-04 3.558718861209964664e-04 3.558718861209964664e-04 3.558718861209964664e-04 3.558718861209964664e-04 3.558718861209964664e-04 9.644128113879003872e-02 3.558718861209964664e-04 1.103202846975089024e-02 1.459074733096085361e-02 3.558718861209964664e-04 6.441281138790036498e-02 1.035587188612099724e-01 3.558718861209964664e-04 3.558718861209964664e-04 3.558718861209964664e-04 3.526690391459074703e-01 7.153024911032028477e-02 3.558718861209964664e-04 2.352313167259786342e-01 3.558718861209964664e-04
3.921568627450981314e-04 3.921568627450981314e-04 3.921568627450981314e-04 2.784313725490196456e-02 2.392156862745098422e-02 3.176470588235294490e-02 3.921568627450981314e-04 4.313725490196079933e-03 3.921568627450981314e-04 3.921568627450981314e-04 3.921568627450981314e-04 1.023529411764706187e-01 3.921568627450981314e-04 5.921568627450981420e-02 3.921568627450981314e-04 3.921568627450981314e-04 3.921568627450981314e-04 3.921568627450981314e-04 4.313725490196079933e-03 4.313725490196079933e-03 9.843137254901963840e-02 1.337254901960784614e-01 3.921568627450981314e-04 1.607843137254902008e-02 3.921568627450981314e-04 1.101960784313725794e-01 1.258823529411765008e-01 3.921568627450981314e-04 2.513725490196078716e-01 3.921568627450981314e-04
3.236245954692555053e-04 3.236245954692555053e-04 4.563106796116501995e-02 7.475728155339801673e-02 1.427184466019416620e-01 3.236245954692555053e-04 6.828478964401291096e-02 2.042071197411002292e-01 3.559870550161810775e-03 3.236245954692555053e-04 3.236245954692555053e-04 3.236245954692555053e-04 5.533980582524269248e-02 3.236245954692555053e-04 7.152103559870547078e-02 3.236245954692555053e-04 3.236245954692555053e-04 3.236245954692555053e-04 1.326860841423947376e-02 3.236245954692555053e-04 1.650485436893203012e-02 3.559870550161810775e-03 3.236245954692555053e-04 2.042071197411002292e-01 1.003236245954692088e-02 3.915857605177991418e-02 3.559870550161810775e-03 3.236245954692555053e-04 3.915857605177991418e-02 3.236245954692555053e-04
3.663003663003663000e-04 4.029304029304029734e-03 3.663003663003663000e-04 3.663003663003663000e-04 3.699633699633699674e-02 3.663003663003663000e-04 3.663003663003663000e-04 2.234432234432234474e-02 3.663003663003663000e-04 3.663003663003663000e-04 1.135531135531135487e-02 1.358974358974359142e-01 3.663003663003663000e-04 5.164835164835164527e-02 3.663003663003663000e-04 4.029304029304029734e-03 3.663003663003663000e-04 3.663003663003663000e-04 3.663003663003663000e-04 1.868131868131868087e-02 1.981684981684981861e-01 4.798534798534798140e-02 3.663003663003663000e-04 1.981684981684981861e-01 3.663003663003663000e-04 7.692307692307692735e-03 6.996336996336996461e-02 3.663003663003663000e-04 1.761904761904762029e-01 1.135531135531135487e-02
2.645502645502644597e-04 1.613756613756613112e-02 8.201058201058198521e-03 2.645502645502644597e-04 2.645502645502644597e-04 2.171957671957671088e-01 1.431216931216930943e-01 2.645502645502644597e-04 2.304232804232803355e-01 2.910052910052909544e-03 1.034391534391534140e-01 6.375661375661374752e-02 2.645502645502644597e-04 2.645502645502644597e-04 4.259259259259258468e-02 2.645502645502644597e-04 2.645502645502644597e-04 2.645502645502644597e-04 3.730158730158728703e-02 2.645502645502644597e-04 2.645502645502644597e-04 9.814814814814812327e-02 2.645502645502644597e-04 2.645502645502644597e-04 1.349206349206348750e-02 2.645502645502644597e-04 1.878306878306877647e-02 2.645502645502644597e-04 2.645502645502644597e-04 2.645502645502644597e-04
3.344481605351169859e-04 1.036789297658862775e-02 7.023411371237456811e-03 3.678929765886287170e-03 1.575250836120400955e-01 3.344481605351169859e-04 1.575250836120400955e-01 3.043478260869564647e-02 3.344481605351169859e-04 3.344481605351169859e-04 3.344481605351169859e-04 4.381270903010032330e-02 3.344481605351169859e-04 3.344481605351169859e-04 1.036789297658862775e-02 2.946488294314380529e-01 3.344481605351169859e-04 3.344481605351169859e-04 7.023411371237456811e-03 3.344481605351169859e-04 3.344481605351169859e-04 3.344481605351169859e-04 3.344481605351169859e-04 1.040133779264213881e-01 3.344481605351169859e-04 1.575250836120400955e-01 1.036789297658862775e-02 3.344481605351169859e-04 3.344481605351169859e-04 3.344481605351169859e-04
3.571428571428571425e-04 3.571428571428571425e-04 3.571428571428571425e-04 3.571428571428571425e-04 3.571428571428571425e-04 2.178571428571428326e-02 3.571428571428571425e-04 3.928571428571428839e-03 3.571428571428571425e-04 3.571428571428571425e-04 3.928571428571428839e-03 3.571428571428571425e-04 3.571428571428571425e-04 3.607142857142856679e-02 3.571428571428571425e-04 2.467857142857142749e-01 3.571428571428571425e-04 3.571428571428571425e-04 1.003571428571428670e-01 3.571428571428571425e-04 6.107142857142857512e-02 2.178571428571428326e-02 3.571428571428571425e-04 3.571428571428571425e-04 3.571428571428571425e-04 1.646428571428571463e-01 5.392857142857142988e-02 3.571428571428571425e-04 2.789285714285714146e-01 3.571428571428571425e-04
1.793577981651376663e-01 1.885321100917431714e-01 1.885321100917431714e-01 4.587155963302753632e-04 4.587155963302753632e-04 9.633027522935782086e-03 5.091743119266056022e-02 9.633027522935782086e-03 9.633027522935782086e-03 4.587155963302753632e-04 1.105504587155963642e-01 4.587155963302753632e-04 9.633027522935782086e-03 4.587155963302753632e-04 4.587155963302753632e-04 1.105504587155963642e-01 4.587155963302753632e-04 4.587155963302753632e-04 5.550458715596331277e-02 4.587155963302753632e-04 4.587155963302753632e-04 9.633027522935782086e-03 3.256880733944955003e-02 1.880733944954128892e-02 4.587155963302753632e-04 4.587155963302753632e-04 5.045871559633029538e-03 4.587155963302753632e-04 5.045871559633029538e-03 4.587155963302753632e-04
7.936507936507938669e-04 7.936507936507938669e-04 7.936507936507938669e-04 7.936507936507938669e-04 3.253968253968254204e-02 7.936507936507938669e-04 7.936507936507938669e-04 7.936507936507938669e-04 7.936507936507938669e-04 2.460317460317460944e-02 1.198412698412698596e-01 8.809523809523811533e-02 7.936507936507938669e-04 7.936507936507938669e-04 7.936507936507938669e-04 1.912698412698413120e-01 8.730158730158732103e-03 3.253968253968254204e-02 7.936507936507938669e-04 7.936507936507938669e-04 2.944444444444445086e-01 7.936507936507938669e-04 7.936507936507938669e-04 7.936507936507938669e-04 7.936507936507938669e-04 1.436507936507936956e-01 7.936507936507938669e-04 7.936507936507938669e-04 4.841269841269842111e-02 7.936507936507938669e-04
3.636363636363636686e-04 3.636363636363636686e-04 3.636363636363636686e-04 3.636363636363636686e-04 1.490909090909090830e-02 5.127272727272726843e-02 5.127272727272726843e-02 3.636363636363636686e-04 3.636363636363636686e-04 3.636363636363636686e-04 1.490909090909090830e-02 4.000000000000000083e-03 3.636363636363636686e-04 4.000000000000000083e-03 3.636363636363636686e-04 3.636363636363636686e-04 3.636363636363636686e-04 2.581818181818181651e-02 3.636363636363636686e-04 3.636363636363636686e-04 3.636363636363636686e-04 3.894545454545454422e-01 3.636363636363636686e-04 3.636363636363636686e-04 3.636363636363636686e-04 2.112727272727272787e-01 3.636363636363636686e-04 3.636363636363636686e-04 2.258181818181818346e-01 3.636363636363636686e-04
6.849315068493152907e-04 4.253424657534247699e-01 2.808219178082192041e-02 6.849315068493152907e-04 6.849315068493152907e-04 6.849315068493152907e-04 6.849315068493152907e-04 7.534246575342467764e-03 6.849315068493152907e-04 2.123287671232877358e-02 6.849315068493152907e-04 6.849315068493152907e-04 6.849315068493152907e-04 7.534246575342467764e-03 6.849315068493152907e-04 6.849315068493152907e-04 6.849315068493152907e-04 6.849315068493152907e-04 2.404109589041096562e-01 6.849315068493152907e-04 6.849315068493152907e-04 6.849315068493152907e-04 6.849315068493152907e-04 3.493150684931507072e-02 6.849315068493152907e-04 6.849315068493152907e-04 6.849315068493152907e-04 6.849315068493152907e-04 2.198630136986301775e-01 6.849315068493152907e-04
2.717391304347825578e-04 2.717391304347825578e-04 2.717391304347825578e-04 2.717391304347825578e-04 6.005434782608694289e-02 4.918478260869563884e-02 2.717391304347825578e-04 2.717391304347825578e-04 2.989130434782607919e-03 2.989130434782607919e-03 2.717391304347825578e-04 1.279891304347825776e-01 2.717391304347825578e-04 5.190217391304346312e-02 2.717391304347825578e-04 5.706521739130433063e-03 2.717391304347825578e-04 2.472826086956520994e-02 2.717391304347825578e-04 5.706521739130433063e-03 1.089673913043477937e-01 5.190217391304346312e-02 2.989130434782607919e-03 8.722826086956519953e-02 2.717391304347825578e-04 2.692934782608694677e-01 9.538043478260867236e-02 2.717391304347825578e-04 4.918478260869563884e-02 2.717391304347825578e-04
3.773584905660376629e-04 3.811320754716979869e-02 7.207547169811319432e-02 4.150943396226414346e-03 3.773584905660376629e-04 9.849056603773582996e-02 3.773584905660376629e-04 7.924528301886791734e-03 3.773584905660376629e-04 3.773584905660376629e-04 1.924528301886791956e-02 7.924528301886791734e-03 3.773584905660376629e-04 3.773584905660376629e-04 3.811320754716979869e-02 3.773584905660376629e-04 3.773584905660376629e-04 7.962264150943394736e-02 3.773584905660376629e-04 3.773584905660376629e-04 4.150943396226414346e-03 5.022641509433960483e-01 3.773584905660376629e-04 3.773584905660376629e-04 3.773584905660376629e-04 3.773584905660376629e-04 3.773584905660376629e-04 3.773584905660376629e-04 1.135849056603773360e-01 7.924528301886791734e-03
4.444444444444445742e-04 4.444444444444445742e-04 1.293333333333333834e-01 4.444444444444445742e-04 4.888888888888890533e-03 4.444444444444445742e-04 7.155555555555558056e-02 2.266666666666667176e-02 4.444444444444445742e-04 4.444444444444445742e-04 5.822222222222223770e-02 4.444444444444445742e-04 6.266666666666667607e-02 4.933333333333334708e-02 9.333333333333335841e-03 4.444444444444445742e-04 4.888888888888890533e-03 4.444444444444445742e-04 4.444444444444445742e-04 4.444444444444445742e-04 4.444444444444445742e-04 4.444444444444445742e-04 6.711111111111112137e-02 3.160000000000000586e-01 1.377777777777778115e-02 4.444444444444445742e-04 1.377777777777778115e-02 1.648888888888889459e-01 4.444444444444445742e-04 4.888888888888890533e-03
2.398081534772181765e-04 2.637889688249399778e-03 5.134292565947240483e-01 2.422062350119903382e-02 2.398081534772181765e-04 4.100719424460430584e-02 1.129496402877697564e-01 2.398081534772181765e-04 1.223021582733812597e-02 2.398081534772181765e-04 2.398081534772181765e-04 2.398081534772181765e-04 2.398081534772181765e-04 2.398081534772181765e-04 2.398081534772181765e-04 2.398081534772181765e-04 4.580335731414867523e-02 7.434052757793763525e-03 5.539568345323740012e-02 2.398081534772181765e-04 1.441247002398081123e-01 9.832134292565943012e-03 2.398081534772181765e-04 2.398081534772181765e-04 2.398081534772181765e-04 2.398081534772181765e-04 2.661870503597121504e-02 2.398081534772181765e-04 2.398081534772181765e-04 2.398081534772181765e-04
9.345794392523367041e-04 9.345794392523367041e-04 9.345794392523367041e-04 1.971962616822430514e-01 1.028037383177570450e-02 9.345794392523367041e-04 1.962616822429907176e-02 1.971962616822430514e-01 1.028037383177570450e-02 9.345794392523367041e-04 9.345794392523367041e-04 9.345794392523367041e-04 4.121495327102804862e-01 9.345794392523367041e-04 9.345794392523367041e-04 1.028037383177570450e-02 9.439252336448600289e-02 9.345794392523367041e-04 1.962616822429907176e-02 9.345794392523367041e-04 1.028037383177570450e-02 9.345794392523367041e-04 9.345794392523367041e-04 9.345794392523367041e-04 9.345794392523367041e-04 9.345794392523367041e-04 9.345794392523367041e-04 9.345794392523367041e-04 9.345794392523367041e-04 9.345794392523367041e-04
3.921568627450980771e-04 3.921568627450980771e-04 1.062745098039215713e-01 3.921568627450980771e-04 3.921568627450980771e-04 3.921568627450980771e-04 3.921568627450980771e-04 3.921568627450980771e-04 8.274509803921568929e-02 3.921568627450980771e-04 8.235294117647059403e-03 1.258823529411764730e-01 3.921568627450980771e-04 3.960784313725489864e-02 2.396078431372549167e-01 3.921568627450980771e-04 1.180392156862745123e-01 8.235294117647059403e-03 3.921568627450980771e-04 3.921568627450980771e-04 3.921568627450980771e-04 3.921568627450980771e-04 3.921568627450980771e-04 3.921568627450980771e-04 3.921568627450980771e-04 2.474509803921568774e-01 3.921568627450980771e-04 1.607843137254901661e-02 3.921568627450980771e-04 3.921568627450980771e-04
3.236245954692555053e-04 2.297734627831713936e-02 1.200647249190937849e-01 6.504854368932035114e-02 5.533980582524269248e-02 1.650485436893203012e-02 3.236245954692555053e-04 1.750809061488672325e-01 3.236245954692555053e-04 3.236245954692555053e-04 3.236245954692555053e-04 3.236245954692555053e-04 6.181229773462780519e-02 1.003236245954692088e-02 3.236245954692555053e-04 3.559870550161810775e-03 8.770226537216824214e-02 3.236245954692555053e-04 4.563106796116501995e-02 3.236245954692555053e-04 4.563106796116501995e-02 1.003236245954692088e-02 3.236245954692555053e-04 2.495145631067959557e-01 3.236245954692555053e-04 3.236245954692555053e-04 3.559870550161810775e-03 3.236245954692555053e-04 3.236245954692555053e-04 2.297734627831713936e-02
1.800000000000000488e-01 4.896551724137931938e-02 6.896551724137932673e-04 6.896551724137932673e-04 6.896551724137932673e-04 4.206896551724138844e-02 4.896551724137931938e-02 6.896551724137932673e-04 8.344827586206897407e-02 5.586206896551725032e-02 1.731034482758621040e-01 4.896551724137931938e-02 6.896551724137932673e-04 6.896551724137932673e-04 6.896551724137932673e-04 4.206896551724138844e-02 6.896551724137932673e-04 6.896551724137932673e-04 6.896551724137932673e-04 1.448275862068965948e-02 2.213793103448276345e-01 7.586206896551725941e-03 2.137931034482759216e-02 6.896551724137932673e-04 6.896551724137932673e-04 6.896551724137932673e-04 6.896551724137932673e-04 6.896551724137932673e-04 6.896551724137932673e-04 6.896551724137932673e-04
8.100000000000001643e-02 1.000000000000000238e-03 2.210000000000000853e-01 1.010000000000000203e-01 1.000000000000000238e-03 1.000000000000000238e-03 2.100000000000000824e-02 1.000000000000000238e-03 1.000000000000000238e-03 1.000000000000000238e-03 1.000000000000000238e-03 1.100000000000000457e-02 1.000000000000000238e-03 1.100000000000000457e-02 1.100000000000000457e-02 1.000000000000000238e-03 4.100000000000000866e-02 1.000000000000000238e-03 3.100000000000001019e-02 1.000000000000000238e-03 1.100000000000000457e-02 4.310000000000001608e-01 1.000000000000000238e-03 1.000000000000000238e-03 1.000000000000000238e-03 1.000000000000000238e-03 1.100000000000000457e-02 1.000000000000000238e-03 1.000000000000000238e-03 1.000000000000000238e-03
1.988071570576540551e-04 3.399602385685884104e-02 8.151093439363814308e-03 2.186878727634194389e-03 1.988071570576540551e-04 1.988071570576540551e-04 1.970178926441351341e-01 3.001988071570575733e-02 2.188866799204770841e-01 1.988071570576540551e-04 1.988071570576540551e-04 2.009940357852882109e-01 1.988071570576540551e-04 3.598409542743537942e-02 6.163021868787275058e-03 1.988071570576540551e-04 9.363817097415505497e-02 1.988071570576540551e-04 1.988071570576540551e-04 2.186878727634194389e-03 1.988071570576540551e-04 1.988071570576540551e-04 1.988071570576540551e-04 1.632206759443339539e-01 1.988071570576540551e-04 1.988071570576540551e-04 1.988071570576540551e-04 1.988071570576540551e-04 4.174950298210734941e-03 1.988071570576540551e-04
5.586592178770951418e-04 5.586592178770951418e-04 6.145251396648046885e-03 2.128491620111732652e-01 6.150837988826817204e-01 5.586592178770951418e-04 5.586592178770951418e-04 1.122905027932961375e-01 5.586592178770951418e-04 5.586592178770951418e-04 2.849162011173185169e-02 5.586592178770951418e-04 5.586592178770951418e-04 5.586592178770951418e-04 5.586592178770951418e-04 5.586592178770951418e-04 5.586592178770951418e-04 5.586592178770951418e-04 5.586592178770951418e-04 1.173184357541899939e-02 5.586592178770951418e-04 5.586592178770951418e-04 5.586592178770951418e-04 5.586592178770951418e-04 5.586592178770951418e-04 5.586592178770951418e-04 5.586592178770951418e-04 5.586592178770951418e-04 5.586592178770951418e-04 5.586592178770951418e-04
1.552795031055900137e-04 4.363354037267079544e-02 1.552795031055900137e-04 1.552795031055900137e-04 7.158385093167698998e-02 1.708074534161490177e-03 1.678571428571427882e-01 9.487577639751550163e-02 1.552795031055900137e-04 3.260869565217390260e-03 1.552795031055900137e-04 1.257763975155279032e-02 2.189440993788819081e-02 5.916149068322979626e-02 6.537267080745338965e-02 4.363354037267079544e-02 3.260869565217390260e-03 9.177018633540369452e-02 1.552795031055900137e-04 2.499999999999999445e-02 1.708074534161490177e-03 4.052795031055899527e-02 3.260869565217390260e-03 2.439440993788818957e-01 1.552795031055900137e-04 1.552795031055900137e-04 1.552795031055900137e-04 1.552795031055900137e-04 3.260869565217390260e-03 1.552795031055900137e-04
3.300330033003299286e-04 3.300330033003299286e-04 8.283828382838280546e-02 1.023102310231022681e-02 7.293729372937290956e-02 1.785478547854784936e-01 1.620462046204619866e-01 6.930693069306928175e-03 9.933993399339931252e-02 3.270627062706269461e-01 3.300330033003299286e-04 3.300330033003299286e-04 3.300330033003299286e-04 3.300330033003299286e-04 3.300330033003299286e-04 3.300330033003299286e-04 3.630363036303629106e-03 3.300330033003299286e-04 3.300330033003299286e-04 3.300330033003299286e-04 1.353135313531352545e-02 3.663366336633661763e-02 3.300330033003299286e-04 3.300330033003299286e-04 3.300330033003299286e-04 3.300330033003299286e-04 3.300330033003299286e-04 3.300330033003299286e-04 3.300330033003299286e-04 3.300330033003299286e-04
4.424778761061948468e-04 4.867256637168143260e-03 2.393805309734513831e-01 4.424778761061948468e-04 3.278761061946903199e-01 4.911504424778762035e-02 1.199115044247787976e-01 4.424778761061948468e-04 4.424778761061948468e-04 4.424778761061948468e-04 4.424778761061948468e-04 4.424778761061948468e-04 4.424778761061948468e-04 4.424778761061948468e-04 9.292035398230091836e-03 4.424778761061948468e-04 2.256637168141593236e-02 4.424778761061948468e-04 4.867256637168143260e-03 4.424778761061948468e-04 1.818584070796460672e-01 4.424778761061948468e-04 4.424778761061948468e-04 3.141592920353982604e-02 4.424778761061948468e-04 4.424778761061948468e-04 4.424778761061948468e-04 4.424778761061948468e-04 4.424778761061948468e-04 4.424778761061948468e-04
3.246753246753246208e-04 3.246753246753246208e-04 4.253246753246752582e-02 4.253246753246752582e-02 3.282467532467531757e-01 7.824675324675323118e-02 4.902597402597401455e-02 1.139610389610389435e-01 3.246753246753246208e-04 3.246753246753246208e-04 1.655844155844155355e-02 3.246753246753246208e-04 3.246753246753246208e-04 3.246753246753246208e-04 3.571428571428570883e-03 5.227272727272726932e-02 2.954545454545453795e-02 3.246753246753246208e-04 3.246753246753246208e-04 3.246753246753246208e-04 5.551948051948051716e-02 3.571428571428570883e-03 3.246753246753246208e-04 3.571428571428570883e-03 3.246753246753246208e-04 1.431818181818181601e-01 3.246753246753246208e-04 3.279220779220778231e-02 3.246753246753246208e-04 3.246753246753246208e-04
3.649635036496350678e-04 7.664233576642335774e-03 3.649635036496350678e-04 3.649635036496350678e-04 1.390510948905109567e-01 3.649635036496350678e-04 1.861313868613138564e-02 1.244525547445255592e-01 2.226277372262773502e-02 3.649635036496350678e-04 3.649635036496350678e-04 4.014598540145985529e-03 3.649635036496350678e-04 3.649635036496350678e-04 4.014598540145985529e-03 1.861313868613138564e-02 3.649635036496350678e-04 3.649635036496350678e-04 2.591240875912408786e-02 6.970802919708030121e-02 3.649635036496350678e-04 4.014598540145985529e-03 1.496350364963503453e-02 1.937956204379562009e-01 3.649635036496350678e-04 1.098540145985401478e-01 3.649635036496350678e-04 3.649635036496350678e-04 2.375912408759123795e-01 3.649635036496350678e-04
7.178571428571425828e-02 3.571428571428570341e-04 3.571428571428570341e-04 3.964285714285712553e-02 3.571428571428570341e-04 3.928571428571427104e-03 7.892857142857140351e-02 8.607142857142853487e-02 3.571428571428570341e-04 3.571428571428570341e-04 3.571428571428570341e-04 3.571428571428570341e-04 2.789285714285713036e-01 2.324999999999998734e-01 3.571428571428570341e-04 3.928571428571427104e-03 3.571428571428570341e-04 3.571428571428570341e-04 3.571428571428570341e-04 2.178571428571427632e-02 3.571428571428570341e-04 3.571428571428570341e-04 3.571428571428570341e-04 3.571428571428570341e-04 1.110714285714285293e-01 3.571428571428570341e-04 3.571428571428570341e-04 3.571428571428570341e-04 6.464285714285712692e-02 3.571428571428570341e-04
6.809815950920246330e-02 3.128834355828221531e-02 6.134969325153375678e-04 2.515337423312883486e-02 3.128834355828221531e-02 6.134969325153375678e-04 6.134969325153375678e-04 6.134969325153375678e-04 6.134969325153375678e-04 2.092024539877301026e-01 6.134969325153375678e-04 1.969325153374233695e-01 7.423312883435584375e-02 6.748466257668713462e-03 6.134969325153375678e-04 6.134969325153375678e-04 6.134969325153375678e-04 6.134969325153375678e-04 2.515337423312883486e-02 6.134969325153375678e-04 6.134969325153375678e-04 6.134969325153375678e-04 5.582822085889571628e-02 2.515337423312883486e-02 1.901840490797546482e-02 2.214723926380368635e-01 6.134969325153375678e-04 6.134969325153375678e-04 6.134969325153375678e-04 6.134969325153375678e-04
3.197674418604650251e-03 2.906976744186045929e-04 5.261627906976742985e-02 2.906976744186045929e-04 3.491279069767440624e-01 1.482558139534883093e-02 2.063953488372092387e-02 2.677325581395347820e-01 2.906976744186045929e-04 1.191860465116278620e-02 3.197674418604650251e-03 2.906976744186045929e-04 2.906976744186045929e-04 2.906976744186045929e-04 2.906976744186045929e-04 2.906976744186045929e-04 9.011627906976741459e-03 2.906976744186045929e-04 3.808139534883719229e-02 2.906976744186045929e-04 2.354651162790696861e-02 2.906976744186045929e-04 2.906976744186045929e-04 1.078488372093023007e-01 9.011627906976741459e-03 8.459302325581392890e-02 2.906976744186045929e-04 2.906976744186045929e-04 2.906976744186045929e-04 2.906976744186045929e-04
4.524886877828055570e-04 4.524886877828055570e-04 4.524886877828055570e-04 3.665158371040724838e-02 1.090497737556561375e-01 2.307692307692308167e-02 4.117647058823530049e-02 4.524886877828055570e-04 2.990950226244344368e-01 4.524886877828055570e-04 4.524886877828055570e-04 4.524886877828055570e-04 4.524886877828055570e-04 4.524886877828055570e-04 4.524886877828055570e-04 4.524886877828055570e-04 4.524886877828055570e-04 4.524886877828055570e-04 4.117647058823530049e-02 4.524886877828055570e-04 4.524886877828055570e-04 4.524886877828055570e-04 4.524886877828055570e-04 4.524886877828055570e-04 1.402714932126697227e-02 2.990950226244344368e-01 4.524886877828055570e-04 1.226244343891403077e-01 4.977375565610861127e-03 4.524886877828055570e-04
7.469879518072286909e-03 4.195180722891564962e-01 2.409638554216866815e-04 1.228915662650601967e-02 2.409638554216866815e-04 2.409638554216866815e-04 1.183132530120481613e-01 2.409638554216866815e-04 9.879518072289152422e-03 2.409638554216866815e-04 2.409638554216866815e-04 2.409638554216866815e-04 9.879518072289152422e-03 2.409638554216866815e-04 1.689156626506023440e-01 2.409638554216866815e-04 7.253012048192769567e-02 2.409638554216866815e-04 4.361445783132529563e-02 2.409638554216866815e-04 9.421686746987949224e-02 2.409638554216866815e-04 1.951807228915661968e-02 2.409638554216866815e-04 2.409638554216866815e-04 2.650602409638553713e-03 1.710843373493975417e-02 2.409638554216866815e-04 2.409638554216866815e-04 2.409638554216866815e-04
3.322259136212624771e-04 9.667774086378738696e-02 3.322259136212624771e-04 3.322259136212624771e-04 3.322259136212624771e-04 3.322259136212624771e-04 6.976744186046511531e-03 3.355481727574750883e-02 2.691029900332225777e-02 3.322259136212624771e-04 1.029900332225913706e-02 3.654485049833887302e-03 3.322259136212624771e-04 5.348837209302326201e-02 3.322259136212624771e-04 9.667774086378738696e-02 3.322259136212624771e-04 3.654485049833887302e-03 3.322259136212624771e-04 2.362126245847175898e-01 3.322259136212624771e-04 3.322259136212624771e-04 6.976744186046511531e-03 3.322259136212624771e-04 3.322259136212624771e-04 9.335548172757475449e-02 6.976744186046511531e-03 3.322259136212624771e-04 3.192691029900331934e-01 3.322259136212624771e-04
3.355704697986575916e-04 7.080536912751675405e-02 1.312080536912751116e-01 3.355704697986575916e-04 5.402684563758387848e-02 3.355704697986575916e-04 1.479865771812080011e-01 2.721476510067112886e-01 3.691275167785233995e-03 3.355704697986575916e-04 3.355704697986575916e-04 3.355704697986575916e-04 3.355704697986575916e-04 3.355704697986575916e-04 8.422818791946305728e-02 4.731543624161071993e-02 3.355704697986575916e-04 3.355704697986575916e-04 3.355704697986575916e-04 3.355704697986575916e-04 3.355704697986575916e-04 3.355704697986575916e-04 3.691275167785233995e-03 1.781879194630871799e-01 3.355704697986575916e-04 3.355704697986575916e-04 3.355704697986575916e-04 3.355704697986575916e-04 3.355704697986575916e-04 3.355704697986575916e-04
2.688172043010752144e-04 2.688172043010752144e-04 2.688172043010752144e-04 2.688172043010752144e-04 2.688172043010752144e-04 5.645161290322579448e-03 3.282258064516128115e-01 2.688172043010752144e-04 1.266129032258064280e-01 1.669354838709676825e-01 2.688172043010752144e-04 2.688172043010752144e-04 2.956989247311827412e-03 2.688172043010752144e-04 3.521505376344084837e-02 6.209677419354837219e-02 2.688172043010752144e-04 2.956989247311827412e-03 1.639784946236558585e-02 1.639784946236558585e-02 2.688172043010752144e-04 2.688172043010752144e-04 2.983870967741934430e-02 2.688172043010752144e-04 2.688172043010752144e-04 1.370967741935483382e-02 2.688172043010752144e-04 2.177419354838708992e-02 2.688172043010752144e-04 1.669354838709676825e-01
3.496503496503495416e-04 3.846153846153845066e-03 3.846153846153845066e-03 3.496503496503495416e-04 5.629370629370627349e-02 3.496503496503495416e-04 1.506993006993006534e-01 3.496503496503495416e-04 3.496503496503495416e-04 3.496503496503495416e-04 3.496503496503495416e-04 1.083916083916083503e-02 3.496503496503495416e-04 3.496503496503495416e-04 2.381118881118879926e-01 6.678321678321676169e-02 3.496503496503495416e-04 1.262237762237761740e-01 3.496503496503495416e-04 3.496503496503495416e-04 9.825174825174821935e-02 1.961538461538460676e-01 2.482517482517481236e-02 3.496503496503495416e-04 3.496503496503495416e-04 3.496503496503495416e-04 1.783216783216782370e-02 3.496503496503495416e-04 3.496503496503495416e-04 3.496503496503495416e-04
