6.802721088435376932e-04 4.428571428571430046e-01 6.802721088435376932e-04 6.802721088435376932e-04 6.802721088435376932e-04 6.802721088435376932e-04 1.231292517006803283e-01 6.802721088435376932e-04 5.510204081632655293e-02 6.802721088435376932e-04 2.789115646258504347e-02 6.802721088435376932e-04 6.802721088435376932e-04 6.802721088435376932e-04 1.435374149659864595e-01 6.802721088435376932e-04 2.108843537414966871e-02 8.231292517006805198e-02 6.802721088435376932e-04 2.789115646258504347e-02 6.802721088435376932e-04 6.802721088435376932e-04 6.802721088435376932e-04 2.789115646258504347e-02 6.802721088435376932e-04 7.482993197278914842e-03 6.802721088435376932e-04 6.802721088435376932e-04 2.789115646258504347e-02 6.802721088435376932e-04
3.728813559322034961e-03 3.389830508474577040e-04 3.389830508474577040e-04 3.728813559322034961e-03 3.389830508474577040e-04 3.389830508474577040e-04 3.389830508474577040e-04 3.389830508474577040e-04 3.389830508474577040e-04 9.525423728813561808e-02 3.389830508474577040e-04 1.050847457627118904e-02 3.389830508474577040e-04 8.847457627118646140e-02 3.084745762711865041e-02 6.474576271186442689e-02 3.389830508474577040e-04 3.155932203389830715e-01 3.389830508474577040e-04 3.389830508474577040e-04 3.389830508474577040e-04 3.389830508474577040e-04 3.389830508474577040e-04 7.118644067796611567e-03 3.389830508474577040e-04 3.389830508474577040e-04 5.457627118644069186e-02 3.389830508474577040e-04 3.389830508474577040e-04 3.189830508474576498e-01
4.125683060109288508e-02 2.732240437158469401e-04 8.497267759562839029e-02 2.732240437158469401e-04 5.765027322404370214e-02 2.732240437158469401e-04 3.005464480874316287e-03 1.204918032786884974e-01 2.732240437158469401e-04 1.120218579234972221e-02 7.131147540983605315e-02 4.672131147540982410e-02 2.732240437158469401e-04 6.311475409836063422e-02 5.737704918032784929e-03 2.732240437158469401e-04 2.732240437158469401e-04 2.732240437158469401e-04 2.732240437158469401e-04 2.953551912568305182e-01 1.040983606557376734e-01 2.732240437158469401e-04 3.005464480874316287e-03 2.732240437158469401e-04 1.666666666666665950e-02 2.732240437158469401e-04 6.311475409836063422e-02 3.005464480874316287e-03 5.737704918032784929e-03 2.732240437158469401e-04
2.119402985074626128e-02 2.985074626865670587e-04 2.985074626865670587e-04 2.985074626865670587e-04 2.985074626865670587e-04 2.985074626865670587e-04 3.910447761194028177e-02 6.298507462686565861e-02 2.985074626865670587e-04 2.985074626865670587e-04 2.985074626865670587e-04 3.313432835820894623e-02 2.985074626865670587e-04 2.985074626865670587e-04 2.211940298507461822e-01 3.910447761194028177e-02 2.985074626865670587e-04 2.749253731343282436e-01 3.313432835820894623e-02 2.985074626865670587e-04 2.985074626865670587e-04 3.910447761194028177e-02 2.985074626865670587e-04 3.283582089552237755e-03 2.985074626865670587e-04 2.985074626865670587e-04 2.985074626865670587e-04 2.985074626865670587e-04 1.316417910447760797e-01 9.582089552238802488e-02
5.780346820809250004e-04 8.728323699421966508e-02 5.780346820809250004e-04 5.780346820809250004e-04 2.369942196531792111e-02 5.780346820809250004e-04 5.780346820809250004e-04 5.780346820809250004e-04 6.358381502890174571e-03 5.780346820809250004e-04 2.369942196531792111e-02 5.780346820809250004e-04 5.780346820809250004e-04 3.526011560693641939e-02 5.780346820809250004e-04 1.624277456647399143e-01 1.508670520231214229e-01 5.780346820809250004e-04 5.780346820809250004e-04 5.780346820809250004e-04 6.358381502890174571e-03 5.780346820809250004e-04 5.780346820809250004e-04 4.682080924855491766e-02 5.780346820809250004e-04 5.780346820809250004e-04 5.780346820809250004e-04 5.780346820809250004e-04 5.780346820809250004e-04 4.456647398843930907e-01
4.273504273504275127e-04 4.833333333333335036e-01 4.273504273504275127e-04 2.606837606837607638e-02 4.273504273504275127e-04 4.743589743589745472e-02 1.752136752136752504e-02 1.752136752136752504e-02 4.316239316239317558e-02 4.743589743589745472e-02 1.324786324786325284e-02 4.273504273504275127e-04 1.752136752136752504e-02 1.324786324786325284e-02 3.888888888888890338e-02 4.316239316239317558e-02 2.606837606837607638e-02 4.273504273504275127e-04 4.273504273504275127e-04 4.273504273504275127e-04 4.273504273504275127e-04 4.273504273504275127e-04 4.273504273504275127e-04 4.273504273504275127e-04 8.974358974358977170e-03 1.414529914529915056e-01 8.974358974358977170e-03 4.273504273504275127e-04 4.273504273504275127e-04 4.273504273504275127e-04
2.253968253968252969e-02 3.876190476190474743e-01 3.174603174603173516e-04 3.174603174603173516e-04 1.619047619047618222e-02 3.174603174603173516e-04 3.174603174603173516e-04 3.174603174603173516e-04 1.399999999999999578e-01 3.174603174603173516e-04 3.174603174603173516e-04 3.174603174603173516e-04 3.174603174603173516e-04 3.174603174603173516e-04 3.174603174603173516e-04 1.431746031746031211e-01 3.492063492063491193e-03 3.174603174603173516e-04 3.174603174603173516e-04 1.050793650793650502e-01 3.174603174603173516e-04 3.174603174603173516e-04 1.619047619047618222e-02 3.174603174603173516e-04 3.174603174603173516e-04 3.841269841269839835e-02 3.174603174603173516e-04 1.209523809523809085e-01 3.174603174603173516e-04 3.174603174603173516e-04
3.267973856209149559e-04 2.647058823529410687e-02 3.267973856209149559e-04 6.866013071895422648e-01 3.267973856209149559e-04 3.267973856209149559e-04 1.114379084967319911e-01 3.267973856209149559e-04 3.267973856209149559e-04 3.267973856209149559e-04 3.267973856209149559e-04 3.267973856209149559e-04 3.267973856209149559e-04 3.267973856209149559e-04 3.267973856209149559e-04 3.267973856209149559e-04 3.267973856209149559e-04 3.267973856209149559e-04 3.267973856209149559e-04 1.114379084967319911e-01 3.267973856209149559e-04 3.267973856209149559e-04 3.267973856209149559e-04 3.267973856209149559e-04 3.267973856209149559e-04 3.267973856209149559e-04 3.267973856209149559e-04 5.261437908496730681e-02 3.594771241830064298e-03 3.267973856209149559e-04
1.843537414965986387e-01 9.591836734693877375e-02 1.231292517006802867e-01 6.802721088435374763e-04 7.482993197278912240e-03 6.802721088435374763e-04 6.802721088435374763e-04 6.802721088435374763e-04 6.802721088435374763e-04 2.108843537414966177e-02 7.551020408163265640e-02 6.802721088435374763e-04 1.428571428571428700e-02 6.802721088435374763e-04 7.482993197278912240e-03 6.802721088435374763e-04 6.802721088435374763e-04 6.802721088435374763e-04 6.802721088435374763e-04 6.802721088435374763e-04 6.802721088435374763e-04 6.802721088435374763e-04 7.482993197278912240e-03 6.802721088435374763e-04 6.802721088435374763e-04 6.802721088435374763e-04 1.163265306122449050e-01 6.802721088435374763e-04 6.802721088435374763e-04 3.340136054421768974e-01
1.636661211129296096e-04 2.962356792144025738e-02 1.636661211129296096e-04 1.636661211129296096e-04 1.636661211129296096e-04 5.581014729950899145e-02 2.307692307692307127e-02 1.636661211129296096e-04 5.744680851063829058e-02 2.798690671031096172e-02 2.685761047463174345e-01 1.489361702127659295e-02 3.436988543371521584e-03 1.636661211129296096e-04 3.436988543371521584e-03 1.049099836333878544e-01 1.636661211129296096e-04 1.980360065466447994e-02 5.073649754500817247e-03 1.636661211129296096e-04 1.636661211129296096e-04 2.798690671031096172e-02 1.636661211129296096e-04 5.073649754500817247e-03 3.291325695581013844e-01 3.436988543371521584e-03 1.800327332242225705e-03 1.636661211129296096e-04 1.489361702127659295e-02 1.800327332242225705e-03
2.688172043010752144e-04 2.688172043010752144e-04 3.521505376344084837e-02 8.333333333333331483e-03 2.688172043010752144e-04 2.688172043010752144e-04 2.956989247311827412e-03 2.688172043010752144e-04 1.102150537634408178e-02 1.642473118279569322e-01 3.094086021505375039e-01 2.688172043010752144e-04 2.688172043010752144e-04 2.688172043010752144e-04 2.688172043010752144e-04 2.688172043010752144e-04 2.688172043010752144e-04 2.688172043010752144e-04 2.688172043010752144e-04 2.688172043010752144e-04 1.102150537634408178e-02 2.688172043010752144e-04 2.688172043010752144e-04 2.688172043010752144e-04 2.771505376344085003e-01 2.688172043010752144e-04 2.688172043010752144e-04 2.688172043010752144e-04 2.688172043010752144e-04 1.749999999999999334e-01
3.048780487804876962e-04 3.048780487804876962e-04 3.048780487804876962e-04 3.048780487804876962e-04 1.344512195121950748e-01 3.048780487804876962e-04 3.048780487804876962e-04 3.353658536585364929e-03 1.679878048780487354e-01 3.048780487804876962e-04 3.048780487804876962e-04 3.384146341463413477e-02 9.451219512195118203e-03 1.161585365853658181e-01 7.042682926829266221e-02 9.786585365853656127e-02 3.048780487804876962e-04 3.048780487804876962e-04 3.048780487804876962e-04 1.527439024390243316e-01 3.048780487804876962e-04 3.048780487804876962e-04 1.249999999999999375e-02 3.048780487804876962e-04 1.554878048780487104e-02 3.048780487804876962e-04 3.048780487804876962e-04 1.801829268292682307e-01 3.048780487804876962e-04 3.048780487804876962e-04
1.966799468791500249e-01 2.802124833997343689e-02 1.156706507304116616e-01 1.328021248339973398e-04 1.328021248339973398e-04 3.997343957503319417e-02 1.328021248339973398e-04 3.731739707835324965e-02 1.328021248339973398e-04 1.634794156706506907e-01 9.428950863213809638e-03 1.328021248339973398e-04 5.989375830013279195e-02 1.460823373173970657e-03 5.325365205843293065e-02 5.059760956175297919e-02 1.328021248339973398e-04 1.460823373173970657e-03 1.460823373173970657e-03 1.328021248339973398e-04 2.536520584329349237e-02 1.328021248339973398e-04 1.328021248339973398e-04 1.075697211155378190e-02 1.606905710491367614e-02 1.328021248339973398e-04 6.122177954847277115e-02 1.328021248339973398e-04 5.444887118193889389e-03 1.209827357237715506e-01
4.113013698630135218e-01 3.767123287671231713e-03 2.845890410958902828e-01 3.424657534246574285e-04 3.424657534246574285e-04 3.424657534246574285e-04 3.424657534246574285e-04 6.541095890410957014e-02 1.061643835616437985e-02 2.431506849315067526e-02 7.191780821917805565e-03 3.458904109589039377e-02 2.773972602739724694e-02 3.424657534246574285e-04 3.424657534246574285e-04 3.424657534246574285e-04 3.424657534246574285e-04 1.404109589041095153e-02 3.424657534246574285e-04 3.424657534246574285e-04 3.424657534246574285e-04 3.424657534246574285e-04 7.191780821917805565e-03 3.424657534246574285e-04 3.424657534246574285e-04 3.767123287671231713e-03 3.424657534246574285e-04 3.424657534246574285e-04 3.424657534246574285e-04 9.965753424657530779e-02
1.659919028340081301e-02 4.048582995951417914e-04 4.048582995951417914e-04 4.048582995951417914e-04 4.453441295546560139e-03 4.048582995951417914e-04 4.048582995951417914e-04 1.255060728744939597e-02 4.048582995951417914e-04 4.048582995951417914e-04 1.137651821862348533e-01 4.048582995951417914e-04 4.493927125506073927e-02 4.453441295546560139e-03 4.048582995951417914e-04 8.502024291497977185e-03 4.048582995951417914e-04 4.048582995951417914e-04 4.453441295546560139e-03 5.510121457489879360e-01 1.016194331983805987e-01 4.048582995951417914e-04 4.048582995951417914e-04 4.048582995951417914e-04 4.048582995951417914e-04 4.048582995951417914e-04 1.299595141700405077e-01 4.048582995951417914e-04 4.048582995951417914e-04 4.048582995951417914e-04
3.174603174603173516e-04 2.225396825396824541e-01 3.174603174603173516e-04 1.619047619047618222e-02 3.174603174603173516e-04 3.174603174603173516e-04 3.174603174603173516e-04 3.174603174603173516e-04 4.476190476190474582e-02 2.888888888888887715e-02 3.939682539682538009e-01 3.174603174603173516e-04 1.619047619047618222e-02 6.666666666666664492e-03 3.174603174603173516e-04 9.555555555555553249e-02 3.174603174603173516e-04 1.301587301587301022e-02 3.174603174603173516e-04 6.380952380952378822e-02 3.174603174603173516e-04 3.174603174603173516e-04 3.174603174603173516e-04 3.174603174603173516e-04 9.238095238095235529e-02 3.174603174603173516e-04 3.174603174603173516e-04 3.174603174603173516e-04 3.174603174603173516e-04 3.174603174603173516e-04
2.030405405405405483e-01 3.378378378378378566e-04 6.452702702702703408e-02 3.716216216216216423e-03 3.378378378378378566e-04 3.378378378378378566e-04 3.378378378378378566e-04 3.716216216216216423e-03 3.378378378378378566e-04 3.378378378378378566e-04 3.378378378378378566e-04 3.378378378378378566e-04 3.378378378378378566e-04 3.378378378378378566e-04 3.378378378378378566e-04 3.378378378378378566e-04 3.378378378378378566e-04 9.155405405405406261e-02 3.378378378378378566e-04 7.094594594594594988e-03 7.128378378378379121e-02 3.378378378378378566e-04 3.378378378378378566e-04 3.378378378378378566e-04 9.155405405405406261e-02 3.716216216216216423e-03 8.141891891891891997e-02 4.763513513513513431e-02 3.378378378378378566e-04 3.246621621621621490e-01
5.856873822975516841e-02 1.525423728813558866e-02 1.883239171374764299e-04 1.883239171374764299e-04 6.986817325800374900e-02 1.883239171374764299e-04 1.883239171374764299e-04 1.883239171374764299e-04 1.883239171374764299e-04 3.787193973634650490e-01 2.071563088512240729e-03 1.883239171374764299e-04 9.246704331450092407e-02 2.090395480225988242e-02 2.071563088512240729e-03 3.596986817325800029e-02 1.883239171374764299e-04 3.596986817325800029e-02 2.655367231638417272e-02 2.090395480225988242e-02 1.883239171374764299e-04 2.090395480225988242e-02 1.883239171374764299e-04 1.883239171374764299e-04 1.525423728813558866e-02 3.954802259887004595e-03 8.870056497175139720e-02 1.883239171374764299e-04 1.883239171374764299e-04 1.094161958568738019e-01
1.633466135458167684e-02 3.984063745019921551e-04 1.677290836653387018e-01 3.984063745019921551e-04 3.984063745019921551e-04 3.984063745019921551e-04 3.984063745019921551e-04 3.984063745019921551e-04 3.984063745019921551e-04 3.984063745019921551e-04 2.195219123505976755e-01 3.984063745019921551e-04 3.270916334661355118e-01 3.984063745019921551e-04 3.984063745019921551e-04 3.984063745019921551e-04 3.984063745019921551e-04 1.235059760956175659e-02 3.625498007968128156e-02 8.366533864541834606e-03 3.984063745019921551e-04 1.235059760956175659e-02 3.984063745019921551e-04 1.199203187250996311e-01 3.984063745019921551e-04 3.984063745019921551e-04 2.828685258964143759e-02 3.984063745019921551e-04 3.984063745019921551e-04 4.422310756972112206e-02
1.485884101040118742e-04 7.147102526002971357e-02 1.485884101040118742e-04 1.485884101040118742e-04 1.485884101040118742e-04 1.485884101040118742e-04 1.485884101040118742e-04 6.106983655274887679e-02 3.580980683506686246e-02 3.701337295690935170e-01 6.404160475482911785e-02 3.729569093610697605e-02 1.203566121842495999e-02 1.485884101040118742e-04 1.485884101040118742e-04 1.485884101040118742e-04 1.485884101040118742e-04 1.485884101040118742e-04 3.729569093610697605e-02 1.485884101040118742e-04 1.485884101040118742e-04 1.946508172362555397e-02 1.485884101040118742e-04 1.649331352154531638e-02 1.485884101040118742e-04 1.485884101040118742e-04 5.809806835066864267e-02 5.364041604754828108e-02 1.485884101040118742e-04 1.606240713224368066e-01
3.279220779220779619e-02 2.629870129870130399e-02 2.305194805194805616e-02 3.246753246753247293e-04 3.246753246753247293e-04 3.246753246753247293e-04 3.246753246753247293e-04 3.246753246753247293e-04 2.629870129870130399e-02 5.227272727272729014e-02 1.399350649350649678e-01 3.246753246753247293e-04 3.246753246753247293e-04 3.246753246753247293e-04 3.246753246753247293e-04 4.577922077922078753e-02 3.542207792207792694e-01 3.246753246753247293e-04 3.279220779220779619e-02 3.246753246753247293e-04 3.246753246753247293e-04 3.246753246753247293e-04 3.246753246753247293e-04 3.246753246753247293e-04 3.246753246753247293e-04 3.246753246753247293e-04 3.571428571428572184e-03 3.246753246753247293e-04 3.571428571428572184e-03 2.535714285714286143e-01
2.449888641425389257e-03 2.249443207126948160e-02 1.358574610244988462e-02 2.227171492204899300e-04 2.227171492204899300e-04 2.227171492204899300e-04 2.026726057906458323e-02 2.227171492204899300e-04 2.227171492204899300e-04 2.227171492204899300e-04 2.227171492204899300e-04 1.583518930957683313e-01 2.449888641425389257e-03 4.677060133630288503e-03 3.743875278396435191e-01 6.258351893095767671e-02 2.227171492204899300e-04 2.318485523385299951e-01 2.227171492204899300e-04 2.227171492204899300e-04 2.227171492204899300e-04 1.135857461024498451e-02 2.227171492204899300e-04 2.449888641425389257e-03 2.227171492204899300e-04 2.227171492204899300e-04 1.581291759465478300e-02 2.694877505567927836e-02 2.249443207126948160e-02 2.472160356347437998e-02
2.381188118811881360e-01 4.950495049504950555e-04 4.950495049504950555e-04 2.029702970297029424e-02 4.950495049504950555e-04 5.445544554455446044e-03 4.950495049504950555e-04 8.960396039603961416e-02 4.950495049504950555e-04 1.044554455445544650e-01 5.495049504950495073e-02 4.950495049504950555e-04 1.341584158415841666e-01 4.950495049504950555e-04 4.950495049504950555e-04 4.950495049504950555e-04 1.534653465346534629e-02 2.029702970297029424e-02 5.445544554455446044e-03 1.094059405940594198e-01 4.950495049504950555e-04 4.950495049504950555e-04 4.950495049504950555e-04 4.950495049504950555e-04 4.950495049504950555e-04 1.534653465346534629e-02 4.504950495049504788e-02 4.950495049504950555e-04 4.950495049504950555e-04 1.341584158415841666e-01
1.226618705035970730e-01 3.597122302158272376e-04 4.032374100719422483e-01 3.597122302158272376e-04 3.597122302158272376e-04 3.597122302158272376e-04 3.597122302158272376e-04 2.194244604316545819e-02 3.597122302158272376e-04 1.370503597122301742e-01 3.597122302158272376e-04 7.553956834532371718e-03 3.597122302158272376e-04 3.597122302158272376e-04 1.834532374100718635e-02 1.834532374100718635e-02 3.597122302158272376e-04 1.802158273381294362e-01 3.597122302158272376e-04 3.597122302158272376e-04 3.956834532374099017e-03 3.597122302158272376e-04 7.553956834532371718e-03 3.597122302158272376e-04 3.597122302158272376e-04 3.273381294964027022e-02 3.597122302158272376e-04 1.834532374100718635e-02 3.597122302158272376e-04 2.194244604316545819e-02
3.209523809523810445e-01 3.174603174603175685e-04 2.606349206349207193e-01 3.174603174603175685e-04 2.571428571428572077e-02 3.174603174603175685e-04 3.174603174603175685e-04 3.174603174603175685e-04 2.888888888888889797e-02 3.174603174603175685e-04 6.666666666666669697e-03 3.174603174603175685e-04 3.174603174603175685e-04 3.174603174603175685e-04 3.174603174603175685e-04 3.174603174603175685e-04 3.174603174603175685e-04 3.174603174603175685e-04 6.666666666666669697e-03 3.174603174603175685e-04 3.174603174603175685e-04 3.174603174603175685e-04 1.936507936507936983e-02 3.174603174603175685e-04 3.174603174603175685e-04 3.174603174603175685e-04 3.174603174603175685e-04 2.253968253968254704e-02 3.174603174603175685e-04 3.019047619047620090e-01
6.321839080459771762e-03 6.954022988505748071e-02 5.747126436781610200e-04 5.804597701149426248e-02 5.747126436781610200e-04 1.614942528735632543e-01 5.747126436781610200e-04 1.155172413793103675e-01 5.747126436781610200e-04 5.747126436781610200e-04 6.954022988505748071e-02 6.321839080459771762e-03 5.747126436781610200e-04 5.747126436781610200e-04 1.781609195402299173e-02 8.678160919540231499e-02 6.321839080459771762e-03 5.747126436781610200e-04 5.747126436781610200e-04 5.747126436781610200e-04 5.747126436781610200e-04 1.206896551724138261e-02 5.747126436781610200e-04 5.747126436781610200e-04 5.747126436781610200e-04 1.040229885057471493e-01 5.747126436781610200e-04 6.321839080459771762e-03 1.729885057471264864e-01 9.827586206896554710e-02
4.016064257028113707e-04 4.016064257028113707e-04 2.413654618473896063e-01 4.016064257028113707e-04 4.417670682730925023e-03 8.433734939759037971e-03 4.016064257028113707e-04 4.016064257028113707e-04 3.654618473895582947e-02 1.048192771084337643e-01 1.409638554216867956e-01 2.048192771084337768e-02 4.016064257028113707e-04 4.016064257028113707e-04 4.417670682730925023e-03 1.646586345381526387e-02 4.016064257028113707e-04 4.016064257028113707e-04 4.016064257028113707e-04 4.016064257028113707e-04 2.048192771084337768e-02 4.016064257028113707e-04 4.016064257028113707e-04 4.016064257028113707e-04 3.176706827309237480e-01 4.016064257028113707e-04 4.016064257028113707e-04 4.016064257028113707e-04 2.851405622489960184e-02 4.859437751004017092e-02
1.759656652360515328e-02 4.721030042918456307e-03 2.622317596566524078e-01 3.047210300429185198e-02 4.763948497854078590e-02 4.291845493562233154e-04 4.291845493562233154e-04 4.291845493562233154e-04 4.721030042918456307e-03 4.291845493562233154e-04 4.291845493562233154e-04 4.291845493562233154e-04 4.291845493562233154e-04 3.905579399141631547e-02 3.905579399141631547e-02 4.291845493562233154e-04 4.291845493562233154e-04 5.622317596566524939e-02 4.291845493562233154e-04 2.708154506437768783e-01 1.206008583690987429e-01 4.291845493562233154e-04 1.759656652360515328e-02 4.291845493562233154e-04 4.291845493562233154e-04 9.012875536480689787e-03 9.012875536480689787e-03 6.480686695278971288e-02 4.291845493562233154e-04 4.291845493562233154e-04
3.205128205128205125e-04 3.205128205128205125e-04 1.958333333333333315e-01 3.205128205128205125e-04 3.205128205128205125e-04 3.205128205128205125e-04 3.205128205128205125e-04 3.205128205128205125e-04 3.205128205128205125e-04 3.205128205128205125e-04 3.205128205128205125e-04 1.634615384615384359e-02 6.121794871794872250e-02 3.525641025641026126e-03 3.205128205128205125e-04 3.205128205128205125e-04 3.205128205128205125e-04 4.105769230769230616e-01 3.205128205128205125e-04 2.916666666666666713e-02 1.634615384615384359e-02 6.730769230769231143e-03 3.237179487179486781e-02 3.205128205128205125e-04 9.935897435897437027e-03 3.205128205128205125e-04 3.205128205128205125e-04 3.205128205128205125e-04 9.967948717948718618e-02 1.125000000000000028e-01
4.065040650406505146e-04 3.865853658536586024e-01 4.065040650406505146e-04 4.065040650406505146e-04 4.065040650406505146e-04 4.065040650406505146e-04 4.065040650406505146e-04 4.065040650406505146e-04 6.951219512195123962e-02 4.065040650406505146e-04 4.028455284552845961e-01 4.065040650406505146e-04 4.065040650406505146e-04 2.479674796747968063e-02 4.065040650406505146e-04 3.292682926829269136e-02 4.065040650406505146e-04 4.065040650406505146e-04 4.471544715447155552e-03 4.065040650406505146e-04 4.065040650406505146e-04 4.065040650406505146e-04 1.260162601626016628e-02 4.065040650406505146e-04 4.471544715447155552e-03 4.065040650406505146e-04 4.065040650406505146e-04 4.105691056910570208e-02 4.065040650406505146e-04 1.260162601626016628e-02
2.666666666666666252e-04 3.309333333333331906e-01 2.933333333333332498e-03 2.666666666666666252e-04 2.693333333333332302e-02 2.666666666666666252e-04 2.666666666666666252e-04 2.666666666666666252e-04 2.666666666666666252e-04 6.693333333333331692e-02 3.122666666666665813e-01 2.666666666666666252e-04 1.093333333333332963e-02 2.666666666666666252e-04 3.493333333333332319e-02 3.493333333333332319e-02 2.666666666666666252e-04 2.666666666666666252e-04 2.666666666666666252e-04 2.666666666666666252e-04 2.159999999999999420e-02 2.666666666666666252e-04 6.426666666666665251e-02 2.666666666666666252e-04 2.666666666666666252e-04 2.666666666666666252e-04 1.093333333333332963e-02 5.626666666666665234e-02 1.893333333333332633e-02 2.933333333333332498e-03
3.058103975535167462e-04 1.865443425076451778e-02 1.899082568807338722e-01 3.058103975535167462e-04 3.058103975535167462e-04 6.452599388379202938e-02 3.058103975535167462e-04 3.058103975535167462e-04 3.058103975535167462e-04 2.171253822629968383e-02 1.073394495412843680e-01 9.480122324159017885e-03 1.623853211009173847e-01 3.058103975535167462e-04 6.422018348623850965e-03 1.253822629969418394e-02 1.559633027522935173e-02 4.617737003058101919e-02 9.480122324159017885e-03 3.058103975535167462e-04 3.058103975535167462e-04 3.058103975535167462e-04 4.923547400611619218e-02 1.073394495412843680e-01 3.058103975535167462e-04 3.058103975535167462e-04 3.058103975535167462e-04 6.422018348623850965e-03 3.058103975535167462e-04 1.685015290519877029e-01
7.971014492753626321e-03 7.246376811594205155e-04 7.246376811594205155e-04 2.543478260869566077e-01 7.246376811594205155e-04 4.420289855072464386e-02 7.246376811594205155e-04 7.246376811594205155e-04 7.246376811594205155e-04 7.246376811594205155e-04 7.246376811594205155e-04 2.253623188405797784e-01 2.246376811594203576e-02 7.971014492753626321e-03 6.594202898550725889e-02 1.673913043478261198e-01 2.246376811594203576e-02 4.420289855072464386e-02 7.246376811594205155e-04 7.246376811594205155e-04 7.246376811594205155e-04 7.246376811594205155e-04 1.166666666666666963e-01 7.246376811594205155e-04 7.971014492753626321e-03 7.246376811594205155e-04 7.246376811594205155e-04 7.246376811594205155e-04 7.246376811594205155e-04 7.246376811594205155e-04
8.288461538461537603e-02 5.596153846153845146e-02 1.923076923076922804e-04 2.519230769230768746e-02 6.557692307692306044e-02 3.288461538461538020e-02 1.173076923076922691e-02 2.903846153846153036e-02 1.749999999999999473e-02 9.442307692307690126e-02 1.923076923076922804e-04 8.480769230769229228e-02 3.865384615384614975e-02 1.923076923076922804e-04 6.365384615384614420e-02 7.326923076923075318e-02 1.923076923076922804e-04 1.923076923076922804e-04 3.288461538461538020e-02 1.923076923076922804e-04 7.884615384615382278e-03 1.923076923076922804e-04 1.923076923076922804e-04 1.923076923076922804e-04 1.923076923076922804e-04 2.424999999999999378e-01 3.865384615384614975e-02 1.923076923076922804e-04 1.923076923076922804e-04 1.923076923076922804e-04
2.469135802469135318e-04 2.469135802469135318e-04 4.222222222222221655e-02 2.469135802469135318e-04 1.012345679012345394e-02 2.469135802469135318e-04 2.469135802469135318e-04 9.407407407407404609e-02 1.012345679012345394e-02 1.459259259259258756e-01 2.469135802469135318e-04 7.654320987654319487e-03 2.469135802469135318e-04 7.432098765432096354e-02 2.469135802469135318e-04 1.999999999999999348e-02 2.716049382716048850e-03 2.987654320987653475e-02 2.246913580246912706e-02 2.051851851851851094e-01 8.913580246913578586e-02 2.469135802469135318e-04 2.469135802469135318e-04 2.469135802469135318e-04 2.246913580246912706e-02 2.246913580246912706e-02 1.360493827160493552e-01 1.753086419753085989e-02 2.716049382716048850e-03 4.222222222222221655e-02
5.464480874316939886e-04 5.464480874316939886e-04 5.464480874316939886e-04 5.464480874316939886e-04 1.147540983606557506e-02 1.316939890710382699e-01 8.797814207650274387e-02 5.464480874316939886e-04 1.699453551912568361e-01 5.464480874316939886e-04 5.464480874316939886e-04 5.464480874316939886e-04 5.464480874316939886e-04 5.464480874316939886e-04 5.464480874316939886e-04 1.480874316939890800e-01 5.464480874316939886e-04 1.693989071038251581e-02 1.153005464480874459e-01 8.797814207650274387e-02 3.333333333333333287e-02 5.464480874316939886e-04 5.464480874316939886e-04 5.464480874316939886e-04 1.147540983606557506e-02 1.371584699453551881e-01 5.464480874316939886e-04 2.786885245901639038e-02 5.464480874316939886e-04 1.147540983606557506e-02
4.032258064516129571e-04 4.032258064516129571e-04 7.701612903225807383e-02 4.032258064516129571e-04 4.032258064516129571e-04 4.032258064516129571e-04 4.032258064516129571e-04 2.342741935483871329e-01 4.032258064516129571e-04 2.302419354838710075e-01 1.173387096774193700e-01 4.032258064516129571e-04 4.032258064516129571e-04 4.032258064516129571e-04 4.032258064516129571e-04 4.032258064516129571e-04 4.032258064516129571e-04 4.032258064516129571e-04 2.459677419354838745e-02 4.032258064516129571e-04 7.298387096774194838e-02 4.032258064516129571e-04 4.032258064516129571e-04 4.435483870967742853e-03 4.032258064516129571e-04 4.032258064516129571e-04 4.032258064516129571e-04 4.032258064516129571e-04 3.266129032258064530e-02 1.979838709677419761e-01
7.692307692307694469e-04 7.692307692307694469e-04 8.461538461538464784e-03 7.692307692307694469e-04 3.923076923076923572e-02 8.461538461538464784e-03 7.692307692307694469e-04 6.230769230769232087e-02 7.692307692307694469e-04 7.692307692307694469e-04 8.461538461538464784e-03 7.692307692307694469e-04 7.692307692307694469e-04 3.776923076923077716e-01 7.692307692307694469e-04 2.384615384615385372e-02 7.692307692307694469e-04 7.692307692307694469e-04 7.692307692307694469e-04 3.007692307692308442e-01 7.000000000000000666e-02 7.769230769230771327e-02 7.692307692307694469e-04 7.692307692307694469e-04 7.692307692307694469e-04 7.692307692307694469e-04 7.692307692307694469e-04 7.692307692307694469e-04 8.461538461538464784e-03 7.692307692307694469e-04
4.504504504504504574e-04 9.459459459459459985e-03 8.153153153153153143e-02 4.504504504504504574e-04 4.504504504504504574e-04 4.504504504504504574e-04 4.504504504504504574e-04 1.085585585585585600e-01 4.504504504504504574e-04 7.252252252252253117e-02 3.198198198198198144e-02 4.504504504504504574e-04 9.054054054054054557e-02 4.504504504504504574e-04 4.504504504504504574e-04 4.504504504504504574e-04 2.121621621621621601e-01 4.504504504504504574e-04 9.459459459459459985e-03 4.999999999999999584e-02 4.504504504504504574e-04 4.504504504504504574e-04 4.504504504504504574e-04 9.504504504504504570e-02 4.954954954954955519e-03 4.504504504504504574e-04 4.504504504504504574e-04 1.581081081081081030e-01 4.504504504504504574e-04 6.801801801801801717e-02
2.079872204472842379e-01 8.977635782747600546e-02 5.143769968051116470e-02 3.514376996805110721e-03 9.904153354632584325e-03 3.514376996805110721e-03 3.194888178913737019e-04 6.709265175718847306e-03 3.194888178913737019e-04 1.600638977635782112e-01 3.194888178913737019e-04 3.194888178913737019e-04 2.974440894568688987e-01 3.194888178913737019e-04 3.546325878594247527e-02 3.194888178913737019e-04 3.194888178913737019e-04 3.514376996805110721e-03 3.194888178913737019e-04 3.194888178913737019e-04 3.194888178913737019e-04 3.194888178913737019e-04 7.060702875399359202e-02 3.194888178913737019e-04 3.194888178913737019e-04 3.194888178913737019e-04 3.865814696485621316e-02 1.629392971246005836e-02 3.194888178913737019e-04 3.194888178913737019e-04
3.906250000000000759e-04 3.906250000000000759e-04 3.945312500000000555e-02 2.773437500000000208e-02 3.945312500000000555e-02 8.632812500000001943e-02 3.906250000000000759e-04 9.023437500000001943e-02 3.906250000000000759e-04 3.906250000000000759e-04 6.289062500000001943e-02 8.203125000000002082e-03 3.906250000000000759e-04 3.906250000000000759e-04 3.906250000000000759e-04 4.726562500000000555e-02 3.906250000000000759e-04 3.906250000000000759e-04 3.906250000000000759e-04 3.906250000000000759e-04 3.906250000000000759e-04 3.906250000000000759e-04 3.906250000000000759e-04 3.906250000000000759e-04 4.457031250000000333e-01 3.906250000000000759e-04 4.296875000000001214e-03 7.070312500000001943e-02 8.203125000000002082e-03 6.289062500000001943e-02
1.732984293193717829e-01 5.759162303664923897e-03 5.235602094240839315e-04 5.811518324607331532e-02 5.235602094240839315e-04 5.235602094240839315e-04 5.235602094240839315e-04 5.235602094240839315e-04 2.623036649214660621e-01 5.235602094240839315e-04 5.235602094240839315e-04 5.235602094240839315e-04 5.235602094240839315e-04 5.235602094240839315e-04 2.670157068062827682e-02 1.523560209424084377e-01 2.670157068062827682e-02 5.235602094240839315e-04 1.366492146596859081e-01 5.235602094240839315e-04 5.235602094240839315e-04 5.235602094240839315e-04 5.235602094240839315e-04 5.235602094240839315e-04 5.235602094240839315e-04 3.193717277486912004e-02 1.104712041884817197e-01 5.235602094240839315e-04 5.759162303664923897e-03 5.235602094240839315e-04
3.546099290780142625e-04 3.936170212765958271e-02 2.517730496453901221e-02 3.546099290780142625e-04 3.900709219858157321e-03 7.446808510638299947e-03 3.546099290780142625e-04 2.308510638297872619e-01 3.546099290780142625e-04 1.882978723404255816e-01 3.546099290780142625e-04 1.099290780141844170e-02 1.209219858156028726e-01 7.446808510638299947e-03 3.546099290780142625e-04 2.517730496453901221e-02 3.546099290780142625e-04 1.099290780141844170e-02 3.546099290780142625e-04 3.546099290780142625e-04 3.546099290780142625e-04 3.546099290780142625e-04 3.546099290780142625e-04 3.546099290780142625e-04 6.063829787234044366e-02 1.099290780141844170e-02 3.546099290780142625e-04 4.645390070921986969e-02 3.546099290780142625e-04 2.060283687943262887e-01
1.342007434944238187e-01 3.717472118959108825e-04 1.044609665427509576e-01 7.806691449814128804e-03 3.717472118959108825e-04 3.717472118959108825e-04 3.717472118959108825e-04 7.843866171003720245e-02 3.717472118959108825e-04 1.230483271375465010e-01 1.044609665427509576e-01 3.717472118959108825e-04 3.717472118959108825e-04 7.806691449814128804e-03 3.717472118959108825e-04 3.717472118959108825e-04 2.754646840148698983e-01 3.717472118959108825e-04 3.717472118959108825e-04 3.717472118959108825e-04 3.717472118959108825e-04 4.089219330855019437e-03 3.717472118959108825e-04 4.498141263940521467e-02 3.717472118959108825e-04 3.717472118959108825e-04 3.717472118959108825e-04 3.717472118959108825e-04 3.717472118959108825e-04 1.081784386617100635e-01
2.976190476190477001e-04 3.273809523809524755e-03 3.273809523809524755e-03 9.226190476190478107e-03 2.976190476190477001e-04 3.601190476190476580e-02 3.303571428571429325e-02 1.877976190476190743e-01 2.976190476190477001e-04 1.223214285714285948e-01 2.976190476190477001e-04 1.517857142857143016e-02 2.976190476190477001e-04 2.976190476190477001e-04 1.517857142857143016e-02 1.815476190476190618e-02 2.976190476190477001e-04 2.976190476190477001e-04 2.976190476190477001e-04 2.976190476190477001e-04 2.708333333333333773e-02 2.410714285714286170e-02 2.976190476190477001e-04 2.976190476190477001e-04 1.220238095238095413e-02 2.976190476190477001e-04 9.226190476190478107e-03 9.226190476190478107e-03 2.708333333333333773e-02 4.437500000000000333e-01
8.375209380234508968e-05 1.013400335008375619e-02 8.375209380234508968e-05 4.271356783919598964e-03 5.033500837520939880e-02 3.433835845896148365e-03 2.604690117252932494e-02 2.772194304857622527e-02 8.458961474036854125e-03 9.212730318257960271e-04 1.264656616415410842e-02 4.195979899497489368e-02 8.375209380234508968e-05 3.015912897822446981e-01 6.457286432160805334e-02 1.114740368509213042e-01 8.375209380234508968e-05 7.621440536013403093e-03 8.375209380234508968e-05 5.108877721943049996e-03 4.271356783919598964e-03 2.848408710217756878e-01 8.375209380234508968e-05 8.375209380234508968e-05 8.375209380234508968e-05 8.375209380234508968e-05 1.180904522613065825e-02 1.180904522613065825e-02 4.271356783919598964e-03 5.946398659966501028e-03
3.289473684210527326e-04 3.289473684210527326e-04 7.927631578947370861e-02 3.289473684210527326e-04 3.289473684210527326e-04 3.289473684210527326e-04 3.289473684210527326e-04 2.108552631578947678e-01 3.289473684210527326e-04 2.404605263157895134e-01 3.289473684210527326e-04 3.289473684210527326e-04 3.618421052631579787e-03 1.677631578947368779e-02 3.618421052631579787e-03 3.289473684210527326e-04 3.289473684210527326e-04 3.289473684210527326e-04 3.289473684210527326e-04 3.289473684210527326e-04 3.289473684210527326e-04 3.289473684210527326e-04 3.289473684210527326e-04 3.289473684210527326e-04 3.289473684210527326e-04 1.019736842105263379e-02 3.289473684210527326e-04 6.907894736842106788e-03 3.289473684210527326e-04 4.213815789473684958e-01
4.182509505703420165e-03 3.802281368821291453e-04 5.361216730038020212e-02 3.802281368821291453e-04 3.802281368821291453e-04 3.802281368821291453e-04 3.802281368821291453e-04 6.501901140684408775e-02 3.802281368821291453e-04 5.741444866920149270e-02 3.802281368821291453e-04 4.220532319391633036e-02 3.802281368821291453e-04 9.923954372623570996e-02 1.939163498098858338e-02 5.741444866920149270e-02 3.802281368821291453e-04 3.802281368821291453e-04 4.600760456273762095e-02 4.566539923954370250e-01 8.403041825095053374e-02 3.802281368821291453e-04 3.802281368821291453e-04 3.802281368821291453e-04 4.182509505703420165e-03 3.802281368821291453e-04 3.802281368821291453e-04 3.802281368821291453e-04 3.802281368821291453e-04 4.182509505703420165e-03
4.201680672268908899e-04 4.201680672268908899e-04 4.663865546218488173e-02 4.201680672268908899e-04 1.302521008403361748e-02 4.201680672268908899e-04 4.621848739495800114e-03 1.722689075630252226e-02 2.142857142857143224e-02 4.201680672268908899e-04 4.201680672268908899e-04 4.201680672268908899e-04 2.563025210084034222e-02 5.504201680672270169e-02 4.201680672268908899e-04 9.705882352941179458e-02 2.563025210084034222e-02 1.722689075630252226e-02 4.201680672268908899e-04 3.533613445378152029e-01 1.012605042016807011e-01 4.663865546218488173e-02 4.201680672268908899e-04 4.201680672268908899e-04 4.201680672268908899e-04 4.201680672268908899e-04 1.306722689075630606e-01 3.403361344537815525e-02 4.621848739495800114e-03 4.201680672268908899e-04
3.956834532374099017e-03 3.597122302158271292e-04 1.226618705035970452e-01 3.633093525179853511e-02 3.597122302158271292e-04 7.230215827338125345e-02 3.597122302158271292e-04 1.115107913669064095e-02 1.834532374100718288e-02 4.712230215827335061e-02 1.474820143884891105e-02 1.834532374100718288e-02 3.597122302158271292e-04 3.597122302158271292e-04 3.597122302158271292e-04 3.597122302158271292e-04 3.597122302158271292e-04 3.597122302158271292e-04 1.946043165467624680e-01 2.557553956834530684e-01 1.010791366906474281e-01 3.597122302158271292e-04 3.597122302158271292e-04 2.913669064748199491e-02 3.597122302158271292e-04 3.597122302158271292e-04 3.597122302158271292e-04 5.071942446043162245e-02 1.834532374100718288e-02 3.597122302158271292e-04
1.249999999999999375e-02 3.048780487804876962e-04 3.048780487804876962e-04 3.048780487804876962e-04 3.048780487804876962e-04 2.289634146341462395e-01 3.048780487804876962e-04 3.048780487804876962e-04 3.384146341463413477e-02 3.048780487804876962e-04 9.176829268292679975e-02 3.048780487804876962e-04 5.213414634146339849e-02 5.823170731707315306e-02 1.859756097560974833e-02 6.402439024390241783e-03 1.009146341463414281e-01 3.048780487804876962e-04 1.009146341463414281e-01 2.774390243902438019e-02 9.451219512195118203e-03 3.048780487804876962e-04 3.048780487804876962e-04 3.048780487804876962e-04 1.679878048780487354e-01 4.908536585365852467e-02 9.451219512195118203e-03 3.048780487804876962e-04 3.048780487804876962e-04 2.774390243902438019e-02
2.328244274809160297e-02 3.816793893129770952e-04 3.816793893129770952e-04 3.816793893129770952e-04 3.816793893129770952e-04 3.816793893129770952e-04 3.816793893129770952e-04 6.526717557251908441e-02 3.816793893129770952e-04 1.263358778625954248e-01 9.580152671755726157e-02 3.816793893129770952e-04 3.816793893129770952e-04 3.816793893129770952e-04 3.816793893129770952e-04 4.618320610687022543e-02 1.946564885496182909e-02 3.816793893129770952e-04 3.816793893129770952e-04 3.816793893129770952e-04 3.816793893129770952e-04 3.816793893129770952e-04 3.816793893129770952e-04 3.091603053435114379e-02 3.438931297709923451e-01 1.183206106870229000e-02 4.198473282442748318e-03 3.091603053435114379e-02 1.183206106870229000e-02 1.835877862595420018e-01
5.235602094240838231e-04 2.670157068062827335e-02 5.235602094240838231e-04 5.235602094240838231e-04 5.235602094240838231e-04 5.235602094240838231e-04 7.905759162303666043e-02 5.235602094240838231e-04 5.235602094240838231e-04 2.146596858638743707e-02 2.146596858638743707e-02 5.235602094240838231e-04 5.235602094240838231e-04 4.764397905759162888e-02 1.099476439790576104e-02 2.670157068062827335e-02 5.235602094240838231e-04 5.235602094240838231e-04 5.235602094240838231e-04 1.104712041884817059e-01 5.235602094240838231e-04 5.235602094240838231e-04 5.235602094240838231e-04 5.235602094240838231e-04 1.099476439790576104e-02 5.235602094240838231e-04 5.235602094240838231e-04 5.759162303664923030e-03 5.287958115183246516e-02 5.764397905759163221e-01
