6.896551724137931589e-04 5.586206896551723644e-02 1.524137931034482973e-01 2.627586206896551646e-01 2.765517241379310542e-01 6.896551724137931589e-04 6.896551724137931589e-04 2.489655172413793305e-01 6.896551724137931589e-04 6.896551724137931589e-04
3.412969283276450546e-04 1.058020477815699648e-02 1.709897610921501665e-01 7.167235494880546363e-03 3.412969283276450546e-04 3.412969283276450546e-04 3.689419795221842713e-01 1.740614334470989497e-02 1.061433447098976135e-01 3.177474402730375291e-01
4.425824175824175644e-01 2.447802197802197710e-01 7.445054945054944973e-02 2.747252747252747250e-04 2.747252747252747250e-04 6.071428571428572063e-02 2.747252747252747250e-04 3.021978021978022084e-03 5.796703296703296926e-02 1.156593406593406648e-01
6.306306306306306945e-03 3.003003003003003411e-04 1.354354354354354306e-01 3.003003003003003411e-04 3.303303303303303535e-03 1.084084084084084160e-01 3.726726726726726779e-01 8.138138138138138744e-02 9.939939939939940183e-02 1.924924924924924785e-01
1.000000000000000056e-01 3.567251461988303618e-02 2.397660818713450229e-02 5.847953216374269115e-04 1.994152046783625731e-01 2.988304093567251685e-01 5.847953216374269115e-04 5.847953216374269115e-04 1.233918128654970803e-01 2.169590643274853792e-01
5.215517241379310359e-02 4.310344827586207379e-04 2.629310344827585910e-02 4.357758620689655138e-01 2.547413793103448509e-01 7.370689655172414645e-02 4.310344827586207379e-04 1.556034482758620885e-01 4.310344827586207379e-04 4.310344827586207379e-04
3.194888178913738103e-04 1.952076677316293973e-01 3.194888178913738103e-04 5.115015974440894064e-01 1.281150159744408878e-01 1.281150159744408878e-01 3.194888178913738103e-04 3.546325878594248915e-02 3.194888178913738103e-04 3.194888178913738103e-04
2.993421052631578885e-02 2.664473684210526272e-02 3.289473684210526242e-04 1.319078947368421129e-01 7.371710526315788936e-01 3.289473684210526242e-04 3.289473684210526242e-04 7.269736842105263552e-02 3.289473684210526242e-04 3.289473684210526242e-04
4.627586206896552312e-01 6.896551724137932673e-04 6.896551724137932673e-04 3.517241379310345056e-02 6.896551724137932673e-04 4.896551724137931938e-02 3.517241379310345056e-02 1.448275862068965948e-02 6.896551724137932673e-04 4.006896551724138944e-01
4.449917898193760796e-02 2.596059113300492327e-01 5.435139573070607577e-02 2.479474548440065498e-02 5.763546798029556967e-02 2.382594417077175675e-01 2.479474548440065498e-02 2.891625615763546708e-01 1.642036124794745539e-04 6.732348111658455897e-03
3.759459459459459363e-01 1.378378378378378351e-02 2.702702702702702744e-04 2.702702702702702744e-04 1.918918918918918748e-02 1.272972972972973016e-01 2.702702702702702744e-04 2.786486486486486336e-01 2.702702702702702744e-04 1.840540540540540337e-01
9.509202453987730674e-03 2.426380368098159379e-01 1.199386503067484677e-01 1.475460122699386589e-01 3.067484662576687297e-04 7.392638036809816293e-02 3.067484662576687297e-04 3.067484662576687297e-04 4.052147239263803602e-01 3.067484662576687297e-04
1.599201065246338149e-01 1.331557922769640678e-04 5.459387483355525317e-03 6.790945406125166103e-03 1.331557922769640678e-04 2.238348868175765449e-01 4.407456724367510292e-02 1.346205059920106417e-01 6.005326231691078542e-02 3.649800266311584718e-01
1.796551724137931128e-01 1.068965517241379261e-02 3.448275862068965795e-04 3.448275862068965795e-04 1.758620689655172181e-02 7.965517241379310720e-02 6.586206896551724532e-02 3.448275862068965795e-04 3.448275862068965795e-04 6.451724137931034164e-01
4.616326530612245294e-01 3.718367346938775686e-01 8.571428571428573590e-03 4.081632653061225183e-04 4.489795918367347864e-03 4.081632653061225183e-04 4.530612244897959384e-02 4.081632653061225183e-04 1.065306122448979737e-01 4.081632653061225183e-04
1.313099041533546396e-01 3.325878594249200848e-01 3.514376996805112022e-03 1.472843450479233152e-01 9.616613418530352286e-02 1.121405750798722123e-01 3.194888178913738103e-04 1.696485623003194942e-01 3.194888178913738103e-04 6.709265175718849908e-03
3.540816326530611957e-01 1.054421768707483088e-02 5.136054421768707079e-02 3.401360544217687382e-04 3.401360544217687382e-04 3.775510204081632820e-02 6.836734693877551117e-02 3.095238095238094997e-02 1.394557823129251653e-02 4.323129251700680298e-01
7.580340264650284321e-02 3.610586011342155344e-02 1.890359168241966079e-04 1.890359168241966079e-04 1.890359168241966079e-04 2.251417769376181377e-01 5.500945179584121325e-02 2.553875236294895767e-01 1.551984877126653950e-01 1.967863894139886549e-01
2.132530120481928027e-01 4.016064257028113165e-04 4.016064257028113165e-04 4.016064257028113165e-04 4.056224899598393635e-02 2.172690763052209095e-01 3.096385542168674787e-01 7.670682730923696069e-02 4.016064257028113165e-04 1.409638554216867679e-01
1.566318926974664683e-01 1.490312965722801787e-04 1.490312965722801787e-04 4.038748137108792713e-02 6.721311475409835756e-02 1.640834575260804729e-01 2.548435171385991099e-02 3.265275707898658841e-01 4.932935916542473959e-02 1.700447093889716765e-01
3.954248366013071725e-02 3.267973856209150643e-04 3.594771241830065599e-03 3.267973856209150643e-04 3.532679738562091165e-01 1.931372549019607920e-01 3.300653594771241900e-02 2.225490196078431238e-01 6.862745098039215591e-03 1.473856209150326835e-01
2.237136465324384847e-04 2.460850111856823386e-03 4.789709172259507541e-01 2.237136465324384847e-04 2.237136465324384847e-04 5.838926174496644750e-02 2.373601789709172127e-01 4.697986577181208559e-03 1.277404921700223683e-01 8.970917225950783558e-02
3.004999999999999893e-01 5.000000000000000104e-04 5.000000000000000104e-04 1.549999999999999989e-02 5.000000000000000104e-04 5.000000000000000104e-04 7.549999999999999767e-02 1.705000000000000127e-01 1.005000000000000060e-01 3.354999999999999649e-01
1.525362318840579878e-01 3.623188405797101493e-04 3.623188405797101493e-04 3.297101449275362250e-02 3.623188405797101493e-04 3.623188405797101493e-04 2.213768115942029158e-01 3.623188405797101493e-04 3.985507246376812293e-03 5.873188405797101774e-01
1.281150159744408878e-01 3.194888178913738103e-04 3.194888178913738103e-04 4.824281150159744069e-02 3.514376996805112022e-03 1.025559105431309986e-01 6.741214057507988189e-02 3.194888178913738103e-04 3.194888178913738103e-04 6.488817891373801494e-01
1.866279069767441956e-01 5.872093023255813699e-02 2.965116279069767227e-02 5.813953488372092943e-04 3.261627906976744540e-01 9.941860465116279799e-02 5.813953488372092943e-04 1.866279069767441956e-01 5.813953488372092943e-04 1.110465116279069908e-01
1.704453441295546712e-01 2.064777327935222659e-02 4.048582995951417914e-04 4.048582995951417914e-04 4.048582995951417914e-04 5.064777327935222617e-01 9.352226720647774383e-02 4.453441295546559271e-03 1.255060728744939423e-02 1.906882591093117807e-01
1.173160173160173320e-01 3.597402597402597491e-01 1.086580086580086757e-01 7.402597402597403675e-02 4.329004329004329543e-04 4.329004329004329543e-04 6.969696969696971556e-02 4.329004329004329543e-04 1.043290043290043545e-01 1.649350649350649622e-01
6.774193548387097419e-03 2.612903225806451415e-02 3.548387096774193762e-03 3.225806451612903223e-04 1.645161290322580405e-02 3.225806451612903223e-04 4.906451612903225401e-01 7.451612903225807161e-02 3.225806451612903223e-04 3.809677419354838279e-01
1.807377049180328155e-01 2.709016393442623127e-01 4.098360655737705457e-04 4.799180327868852736e-01 4.098360655737705457e-04 4.098360655737705457e-04 4.098360655737705457e-04 5.368852459016393991e-02 4.508196721311476599e-03 8.606557377049180863e-03
1.932975871313672711e-01 1.691689008042895348e-01 2.680965147453083378e-04 3.648793565683646212e-01 1.021447721179624679e-01 1.101876675603217226e-01 2.680965147453083378e-04 2.171581769436997308e-02 5.630026809651474985e-03 3.243967828418230226e-02
1.141538461538461613e-01 4.646153846153846384e-02 3.076923076923077029e-04 4.646153846153846384e-02 1.261538461538461511e-02 1.849230769230769400e-01 2.526153846153845750e-01 5.261538461538461942e-02 3.076923076923077029e-04 2.895384615384615223e-01
7.352941176470588133e-04 7.352941176470588133e-04 3.757352941176470562e-01 2.433823529411764941e-01 2.360294117647059042e-01 9.632352941176469674e-02 7.352941176470588133e-04 4.485294117647058848e-02 7.352941176470588133e-04 7.352941176470588133e-04
2.722007722007721911e-02 1.930501930501930493e-04 1.295366795366795221e-01 8.320463320463321322e-02 3.573359073359073101e-01 2.222007722007721953e-01 3.108108108108108281e-02 6.003861003861003798e-02 2.528957528957528900e-02 6.389961389961390514e-02
3.426799007444168432e-01 1.565756823821339849e-01 9.205955334987593608e-02 2.481389578163771710e-04 4.243176178660049841e-02 1.292803970223325161e-01 2.258064516129032126e-02 4.739454094292804009e-02 1.019851116625310194e-01 6.476426799007443946e-02
5.524861878453040179e-04 1.000000000000000194e-01 1.000000000000000194e-01 1.712707182320442195e-02 4.204419889502762908e-01 1.994475138121547253e-01 6.132596685082873644e-02 1.000000000000000194e-01 5.524861878453040179e-04 5.524861878453040179e-04
1.711382113821138251e-01 1.467479674796748068e-01 4.065040650406504062e-04 4.065040650406504062e-04 4.065040650406504062e-04 1.670731707317073267e-01 1.260162601626016281e-02 4.105691056910568820e-02 4.065040650406504062e-04 4.597560975609755740e-01
2.039062500000000111e-01 3.132812500000000111e-01 7.812500000000000434e-04 7.812500000000000434e-04 7.812500000000000434e-04 7.812500000000000434e-04 7.812500000000000434e-04 2.421875000000000069e-02 4.539062500000000111e-01 7.812500000000000434e-04
1.777272727272727337e-01 9.136363636363636909e-02 5.000000000000000104e-03 9.545454545454546205e-03 1.549999999999999989e-01 9.545454545454546205e-03 2.318181818181818191e-02 2.777272727272727115e-01 1.186363636363636370e-01 1.322727272727272918e-01
1.353697749196141331e-01 1.639871382636655384e-02 3.536977491961414491e-03 1.578778135048231335e-01 3.215434083601285704e-04 2.286173633440513886e-01 7.427652733118969564e-02 5.819935691318327275e-02 1.739549839228295425e-01 1.514469453376205421e-01
1.145669291338582835e-01 1.618110236220472731e-01 3.976377952755905804e-02 3.937007874015748519e-04 3.937007874015748519e-04 2.011811023622047390e-01 3.937007874015748519e-04 4.334645669291338765e-01 4.330708661417323642e-03 4.370078740157480601e-02
5.291005291005292446e-04 5.291005291005292446e-04 5.873015873015873661e-02 5.291005291005292446e-04 1.804232804232804577e-01 3.761904761904762418e-01 2.492063492063492647e-01 5.291005291005292446e-04 5.291005291005292446e-04 1.328042328042328413e-01
3.110714285714285543e-01 3.571428571428571425e-04 3.571428571428571425e-04 5.392857142857142988e-02 2.892857142857142849e-02 2.075000000000000178e-01 3.571428571428571425e-04 9.321428571428572174e-02 3.571428571428571425e-04 3.039285714285713813e-01
2.063670411985018827e-01 7.865168539325843172e-03 3.745318352059925243e-04 3.745318352059925243e-04 1.726591760299625578e-01 9.775280898876405333e-02 3.745318352059925243e-04 1.951310861423221077e-01 3.745318352059925243e-04 3.187265917602996046e-01
1.709580838323353225e-01 3.293413173652694897e-03 2.994011976047904157e-04 2.994011976047904157e-04 3.622754491017964040e-02 2.577844311377245345e-01 6.017964071856287539e-02 1.559880239520958223e-01 2.994011976047904157e-04 3.146706586826347185e-01
8.389261744966443855e-05 9.152684563758388403e-02 1.359899328859060230e-01 8.389261744966443855e-05 8.389261744966443855e-05 6.552013422818792066e-02 2.860738255033557290e-02 2.886744966442953420e-01 3.893456375838926231e-01 8.389261744966443855e-05
6.655629139072848088e-02 3.311258278145695361e-04 3.311258278145695361e-04 3.311258278145695361e-04 4.337748344370860598e-02 1.294701986754966949e-01 3.311258278145695361e-04 5.662251655629139263e-02 4.006622516556291452e-02 6.625827814569535956e-01
1.881226053639846740e-01 4.678160919540229612e-01 8.850574712643678732e-02 3.831417624521072924e-04 3.831417624521072924e-04 1.954022988505747099e-02 3.486590038314175966e-02 3.831417624521072924e-04 1.383141762452107237e-01 6.168582375478928043e-02
3.436440677966101642e-01 3.775423728813559476e-01 4.279661016949153074e-02 4.237288135593221300e-04 4.237288135593221300e-04 4.237288135593221300e-04 4.237288135593221300e-04 2.584745762711864597e-02 1.911016949152542777e-01 1.737288135593220359e-02
2.648550724637681042e-01 2.721014492753622838e-01 3.623188405797101493e-04 3.985507246376812293e-03 1.018115942028985504e-01 1.018115942028985504e-01 1.199275362318840688e-01 1.485507246376811460e-02 2.934782608695651884e-02 9.094202898550725334e-02
3.711656441717791494e-02 1.230061349693251510e-01 9.509202453987730674e-03 3.374233128834356298e-03 2.763803680981594679e-01 1.107361963190184040e-01 1.107361963190184040e-01 2.549079754601226711e-01 6.165644171779141591e-02 1.257668711656441569e-02
2.730769230769230713e-02 1.119230769230769307e-01 3.846153846153846151e-04 3.846153846153846151e-04 3.846153846153846151e-04 1.388461538461538414e-01 3.846153846153846151e-04 3.888461538461538414e-01 3.115384615384615349e-02 3.003846153846153610e-01
5.291005291005291362e-04 3.756613756613756683e-02 5.291005291005291362e-04 5.291005291005291362e-04 6.402116402116402039e-02 5.291005291005291362e-04 3.756613756613756683e-02 2.280423280423280463e-01 4.814814814814814825e-02 5.825396825396824685e-01
1.999999999999999554e-04 6.201999999999998625e-01 8.819999999999998674e-02 2.419999999999999235e-02 3.819999999999999091e-02 1.999999999999999554e-04 1.999999999999999554e-04 9.219999999999997642e-02 1.361999999999999600e-01 1.999999999999999554e-04
2.058219178082191791e-01 5.311643835616438603e-01 3.424657534246575369e-04 3.424657534246575369e-04 1.404109589041095847e-02 3.424657534246575369e-04 3.458904109589040765e-02 7.191780821917808167e-03 2.058219178082191791e-01 3.424657534246575369e-04
2.762430939226519547e-04 2.762430939226519547e-04 1.190607734806629903e-01 2.762430939226519547e-04 3.041436464088397851e-01 2.074585635359115776e-01 5.000000000000000278e-02 1.853591160220994238e-01 8.038674033149172116e-02 5.276243093922652200e-02
1.760273972602739712e-01 4.910958904109589129e-01 9.383561643835616750e-02 7.328767123287671659e-02 2.283105022831050427e-04 6.187214611872146608e-02 2.283105022831050427e-04 2.283105022831050427e-04 6.187214611872146608e-02 4.132420091324201517e-02
2.370716510903426721e-01 5.704049844236760425e-01 3.115264797507788291e-04 3.115264797507788291e-04 3.115264797507788291e-04 3.115264797507788291e-04 3.426791277258567445e-03 6.542056074766355520e-03 1.809968847352025068e-01 3.115264797507788291e-04
5.359550561797752355e-01 3.745318352059925243e-04 1.910112359550561814e-02 5.280898876404493958e-02 3.745318352059925243e-04 3.745318352059925243e-04 7.528089887640450339e-02 3.745318352059925243e-04 3.745318352059925243e-04 3.149812734082396704e-01
1.068597560975609734e-01 6.875000000000000555e-02 1.524390243902439023e-04 4.725609756097560836e-03 1.524390243902439023e-04 2.821646341463414642e-01 6.265243902439024404e-02 2.638719512195121797e-01 6.265243902439024404e-02 1.480182926829268220e-01
1.385185185185185130e-01 1.506172839506172804e-02 7.654320987654321222e-03 2.716049382716049718e-03 2.493827160493827105e-02 9.407407407407407385e-02 1.730864197530864179e-01 4.469135802469136054e-02 8.172839506172839552e-02 4.175308641975308266e-01
3.076923076923077029e-04 3.076923076923077029e-04 5.569230769230769373e-02 2.184615384615384501e-02 4.646153846153846384e-02 1.910769230769230886e-01 5.569230769230769373e-02 8.338461538461539035e-02 1.018461538461538501e-01 4.433846153846153770e-01
2.100840336134453365e-04 1.220588235294117335e-01 6.743697478991594885e-02 2.100840336134453365e-04 2.100840336134453365e-04 9.474789915966384812e-02 2.121848739495797720e-02 5.716386554621847305e-01 1.220588235294117335e-01 2.100840336134453365e-04
2.762430939226519547e-04 6.381215469613260582e-02 1.687845303867403224e-01 2.762430939226519547e-04 2.129834254143646299e-01 2.406077348066298083e-01 2.762430939226519547e-04 2.762430939226519547e-04 1.052486187845303872e-01 2.074585635359115776e-01
1.424242424242424254e-01 2.131313131313131437e-01 6.161616161616161047e-02 1.010101010101010100e-03 1.010101010101010100e-03 1.121212121212121215e-01 1.111111111111111154e-02 1.323232323232323149e-01 4.141414141414141020e-02 2.838383838383838342e-01
3.789017341040462061e-01 3.442196531791907321e-01 2.890173410404624460e-04 1.763005780346820622e-02 2.890173410404624460e-04 8.959537572254335988e-03 2.630057803468207819e-02 3.786127167630057994e-02 1.794797687861271751e-01 6.069364161849711420e-03
2.663120567375886205e-01 3.230496453900709164e-01 3.546099290780142083e-04 3.900709219858156454e-03 3.900709219858156454e-03 3.546099290780142083e-04 4.999999999999999584e-02 3.546099290780142083e-04 1.918439716312056731e-01 1.599290780141844059e-01
2.155555555555555558e-01 7.407407407407408124e-04 1.933333333333333570e-01 7.481481481481480622e-02 2.377777777777777823e-01 8.222222222222222432e-02 1.044444444444444370e-01 7.407407407407408124e-04 8.962962962962962854e-02 7.407407407407408124e-04
5.154639175257733161e-04 5.670103092783506694e-03 6.752577319587629856e-02 5.154639175257733161e-04 1.082474226804123855e-02 5.721649484536082964e-02 3.510309278350515760e-01 5.154639175257733161e-04 1.597938144329897128e-02 4.902061855670103441e-01
2.753521126760563598e-01 7.042253521126760939e-04 7.042253521126760939e-04 7.042253521126760939e-04 2.887323943661971454e-02 1.697183098591549533e-01 9.225352112676056537e-02 7.042253521126760939e-04 7.746478873239437575e-03 4.232394366197183011e-01
1.141176470588235320e-01 3.921568627450980771e-04 3.921568627450980771e-04 3.921568627450980771e-04 7.098039215686274828e-02 1.533333333333333492e-01 3.921568627450980771e-04 5.921568627450980032e-02 3.960784313725489864e-02 5.611764705882352766e-01
4.985454545454545139e-01 3.636363636363636686e-04 3.309090909090908750e-02 3.636363636363636686e-04 3.636363636363636686e-04 6.218181818181818532e-02 3.309090909090908750e-02 3.636363636363636686e-04 2.945454545454545200e-02 3.421818181818181426e-01
2.053388090349075672e-04 1.151950718685831321e-01 2.053388090349075672e-04 1.252566735112935897e-02 1.868583162217658800e-02 1.275154004106776040e-01 2.053388090349075672e-04 5.854209445585214500e-01 1.336755646817248122e-01 6.365503080082134287e-03
5.755102040816326148e-02 4.081632653061224641e-04 4.530612244897959384e-02 4.081632653061224641e-04 4.081632653061224641e-04 4.489795918367346997e-03 1.636734693877551217e-01 8.571428571428571855e-03 2.489795918367346955e-02 6.942857142857142838e-01
7.482517482517482554e-02 3.965034965034964776e-01 7.249417249417250408e-02 1.888111888111888154e-02 5.384615384615384914e-02 3.778554778554778504e-01 2.331002331002331000e-04 4.895104895104895534e-03 2.331002331002331000e-04 2.331002331002331000e-04
1.744063324538258630e-01 2.664907651715039960e-02 1.345646437994723124e-02 2.638522427440633694e-04 2.638522427440633694e-04 3.720316622691293568e-02 2.878627968337731380e-01 9.261213720316624487e-02 8.179419525065964938e-03 3.591029023746702409e-01
1.611888111888112041e-01 4.793706293706293531e-01 9.125874125874126885e-02 7.342657342657343301e-03 2.132867132867132670e-02 2.346153846153845868e-01 3.496503496503496500e-04 3.496503496503496500e-04 3.496503496503496500e-04 3.846153846153846367e-03
2.606249999999999956e-01 1.189583333333333326e-01 1.479166666666666650e-02 2.083333333333333467e-04 2.083333333333333467e-04 2.981249999999999734e-01 7.937500000000000111e-02 2.272916666666666419e-01 2.083333333333333467e-04 2.083333333333333467e-04
3.908366533864541803e-01 4.382470119521912622e-03 3.984063745019920466e-04 4.382470119521912622e-03 8.366533864541832871e-03 2.828685258964143412e-02 1.557768924302788960e-01 8.804780876494024133e-02 8.366533864541832871e-03 3.111553784860557337e-01
2.053388090349076215e-04 1.685831622176591216e-01 1.049281314168377804e-01 2.053388090349076215e-04 3.921971252566735372e-02 2.158110882956878751e-01 3.100616016427104604e-02 1.521560574948665201e-01 1.850102669404517231e-01 1.028747433264887157e-01
3.823529411764705482e-02 4.201680672268907814e-04 2.315126050420168169e-01 5.084033613445378130e-02 3.823529411764705482e-02 1.180672268907563133e-01 4.201680672268907814e-04 8.025210084033614077e-02 4.201680672268907814e-04 4.415966386554621703e-01
2.422580645161290236e-01 1.003225806451612939e-01 6.483870967741936497e-02 3.225806451612903223e-04 3.225806451612903223e-04 2.519354838709677025e-01 7.774193548387096919e-02 2.035483870967741971e-01 3.225806451612903223e-04 5.838709677419355593e-02
2.140909090909091372e-01 3.368181818181818499e-01 2.318181818181818191e-02 5.500000000000000722e-02 4.545454545454546535e-04 5.000000000000000971e-03 5.045454545454546025e-02 9.136363636363638296e-02 1.322727272727272918e-01 9.136363636363638296e-02
9.127134724857685621e-02 2.865275142314990461e-02 3.624288425047438728e-02 7.779886148007589437e-03 1.897533206831119527e-04 3.531309297912713641e-01 5.142314990512334566e-02 3.624288425047438728e-02 1.197343453510436445e-01 2.753320683111954437e-01
2.684523809523809423e-01 2.803571428571428603e-01 5.416666666666666158e-02 5.952380952380952918e-04 5.952380952380952918e-04 1.375000000000000111e-01 5.952380952380952918e-04 2.565476190476190799e-01 5.952380952380952918e-04 5.952380952380952918e-04
3.594306049822063726e-02 3.594306049822063726e-02 5.448398576512455405e-01 4.661921708185053081e-02 7.153024911032028477e-02 9.288256227758007189e-02 9.644128113879003872e-02 3.558718861209964664e-04 7.508896797153025160e-02 3.558718861209964664e-04
1.616867469879517960e-01 1.978313253012048134e-01 2.409638554216867628e-04 2.409638554216867628e-04 2.650602409638554580e-03 2.966265060240963480e-01 1.710843373493975764e-02 2.845783132530120274e-01 3.879518072289157155e-02 2.409638554216867628e-04
2.647668393782383611e-01 7.305699481865285394e-02 5.181347150259067117e-04 5.181347150259067117e-04 1.088082901554404160e-02 1.088082901554404160e-02 1.922279792746114102e-01 5.181347150259067117e-04 9.896373056994819950e-02 3.476683937823834003e-01
5.181347150259068201e-04 4.196891191709845037e-02 2.388601036269430433e-01 5.181347150259068201e-04 2.233160621761658415e-01 2.642487046632124512e-02 4.616580310880829541e-01 5.181347150259068201e-04 5.699481865284975780e-03 5.181347150259068201e-04
1.807377049180327877e-01 4.098360655737704914e-04 2.909836065573770392e-02 4.098360655737704914e-04 9.057377049180329043e-02 4.098360655737704914e-04 1.274590163934426201e-01 1.438524590163934580e-01 4.959016393442623044e-02 3.774590163934425924e-01
7.953488372093023284e-02 4.516279069767441534e-01 4.651162790697674679e-04 9.767441860465117531e-03 1.353488372093023251e-01 1.213953488372093020e-01 9.813953488372093026e-02 1.906976744186046277e-02 1.441860465116279189e-02 7.023255813953488413e-02
5.127388535031847383e-02 5.445859872611465147e-02 1.117834394904458628e-01 1.850318471337579762e-01 2.105095541401273695e-01 1.213375796178343957e-01 3.184713375796178721e-04 1.054140127388535075e-01 1.595541401273885274e-01 3.184713375796178721e-04
4.491891891891891531e-01 5.405405405405405489e-04 2.216216216216216131e-02 5.405405405405405489e-04 1.194594594594594605e-01 1.032432432432432573e-01 8.162162162162162060e-02 5.405405405405405489e-04 5.945945945945946796e-03 2.167567567567567632e-01
3.623188405797101493e-04 1.123188405797101441e-02 6.920289855072464524e-02 3.623188405797101493e-04 5.108695652173912694e-02 1.778985507246376996e-01 1.706521739130434923e-01 8.731884057971014967e-02 3.623188405797101493e-04 4.315217391304347894e-01
1.805031446540880380e-01 3.985324947589098388e-01 1.134171907756813397e-01 2.306079664570230819e-03 7.987421383647798356e-02 2.119496855345911757e-01 2.096436058700209811e-04 1.278825995807127830e-02 2.096436058700209811e-04 2.096436058700209811e-04
3.860045146726862747e-02 3.659142212189616106e-01 5.214446952595937212e-02 1.376975169300225649e-02 2.257336343115124290e-04 1.176072234762979701e-01 2.257336343115124290e-04 1.492099322799096961e-01 2.620767494356658900e-01 2.257336343115124290e-04
1.717105263157894801e-01 4.671052631578947317e-02 6.578947368421052483e-04 6.578947368421052483e-04 6.644736842105262997e-02 1.059210526315789574e-01 5.328947368421052544e-02 1.190789473684210620e-01 2.697368421052631290e-02 4.085526315789473895e-01
9.803921568627450844e-04 1.480392156862745112e-01 2.058823529411764677e-02 6.960784313725490446e-02 5.107843137254901578e-01 9.803921568627450844e-04 9.901960784313725006e-02 1.480392156862745112e-01 9.803921568627450844e-04 9.803921568627450844e-04
6.945454545454546325e-02 1.312727272727272909e-01 3.636363636363636686e-04 3.167272727272726907e-01 3.349090909090908785e-01 7.672727272727272729e-02 3.636363636363636686e-04 3.309090909090908750e-02 1.490909090909090830e-02 2.218181818181818102e-02
1.358024691358024859e-02 1.234567901234567876e-03 1.493827160493827189e-01 1.234567901234567876e-03 7.172839506172840052e-01 2.592592592592592865e-02 8.765432098765431335e-02 1.234567901234567876e-03 1.234567901234567876e-03 1.234567901234567876e-03
3.412969283276450546e-04 3.412969283276450546e-04 3.412969283276450546e-04 1.709897610921501665e-01 1.402730375426621268e-01 2.426621160409556111e-01 1.744027303754266123e-01 2.423208191126279692e-02 8.566552901023891109e-02 1.607508532423208292e-01
1.341991341991342034e-02 4.329004329004329001e-04 4.329004329004329001e-04 4.329004329004329001e-04 2.640692640692640647e-02 8.701298701298701421e-02 2.991341991341990858e-01 4.329004329004329001e-04 4.329004329004329001e-04 5.718614718614718484e-01
5.813953488372092943e-04 6.395348837209303104e-03 5.813953488372092943e-04 5.813953488372092943e-04 6.395348837209303104e-03 1.220930232558139518e-02 3.029069767441860406e-01 8.197674418604651569e-02 5.813953488372092943e-04 5.877906976744186052e-01
4.150943396226415213e-03 3.773584905660377713e-04 1.362264150943396368e-01 3.773584905660377713e-04 2.679245283018867954e-02 1.547169811320754651e-02 4.381132075471698140e-01 7.924528301886793469e-03 7.962264150943396124e-02 2.909433962264150741e-01
5.000000000000000104e-04 2.305000000000000104e-01 1.455000000000000182e-01 2.549999999999999836e-02 6.049999999999999822e-02 5.000000000000000104e-04 5.000000000000000104e-04 4.754999999999999782e-01 6.049999999999999822e-02 5.000000000000000104e-04
1.419191919191919449e-01 5.050505050505051585e-04 5.050505050505051585e-04 5.050505050505051585e-04 4.954545454545454808e-01 6.111111111111111605e-02 5.101010101010101244e-02 1.873737373737374146e-01 5.050505050505051585e-04 6.111111111111111605e-02
7.047970479704797342e-02 3.690036900369004125e-04 1.143911439114391262e-02 3.690036900369004125e-04 2.988929889298892750e-02 1.258302583025830423e-01 1.405904059040590515e-01 1.553505535055350606e-01 3.690036900369004125e-04 4.653136531365313355e-01
3.076923076923077029e-04 3.076923076923077029e-04 9.538461538461539060e-03 3.076923076923077029e-04 3.076923076923077029e-04 9.538461538461539060e-03 6.095384615384614735e-01 6.461538461538462140e-03 3.076923076923077029e-04 3.633846153846153615e-01
5.649717514124295067e-04 5.649717514124295067e-04 5.649717514124295067e-04 5.649717514124295067e-04 9.661016949152544109e-02 1.751412429378531449e-02 6.389830508474576565e-01 5.649717514124295067e-04 1.186440677966101899e-02 2.322033898305085331e-01
6.997742663656884160e-03 2.257336343115124019e-04 4.762979683972911465e-02 7.948081264108352029e-01 1.828442437923250355e-02 3.408577878103837000e-02 2.257336343115124019e-04 6.997742663656884160e-03 8.826185101580134862e-02 2.483069977426636665e-03
2.680965147453083378e-04 2.949061662198391824e-03 2.680965147453083378e-04 5.924932975871313734e-02 2.680965147453083378e-04 1.289544235924932891e-01 1.959785522788203560e-01 1.343163538873994589e-01 2.680965147453083378e-04 4.774798927613940758e-01
4.975124378109453509e-04 4.975124378109453509e-04 1.044776119402985107e-02 4.975124378109453509e-04 7.014925373134328623e-02 7.512437810945273020e-02 3.238805970149253310e-01 4.975124378109453509e-04 4.975124378109453509e-04 5.179104477611939927e-01
2.087682672233820576e-04 1.275574112734864374e-01 1.275574112734864374e-01 3.987473903966597122e-02 7.536534446764092676e-02 4.720250521920668074e-01 2.087682672233820576e-04 7.118997912317327759e-02 8.580375782881002888e-02 2.087682672233820576e-04
2.269230769230769496e-01 2.952991452991453047e-01 4.273504273504274043e-04 4.273504273504274043e-04 4.273504273504274043e-04 4.700854700854701501e-03 2.179487179487179724e-02 3.807692307692308042e-01 4.743589743589744084e-02 2.179487179487179724e-02
3.098591549295775030e-03 7.352112676056338225e-02 1.157746478873239449e-01 2.816901408450704376e-04 2.816901408450704376e-04 3.971830985915492801e-02 2.816901408450704376e-04 2.735211267605633378e-01 4.763380281690140494e-01 1.718309859154929647e-02
9.845360824742269146e-02 5.154639175257732077e-04 1.082474226804123682e-02 5.154639175257732077e-04 1.293814432989690844e-01 5.721649484536082270e-02 1.912371134020618701e-01 5.154639175257732077e-04 5.154639175257732077e-04 5.108247422680411987e-01
3.488095238095237915e-01 6.989795918367347483e-02 1.870748299319728060e-03 1.700680272108843691e-04 1.700680272108843691e-04 5.119047619047619596e-02 1.700680272108843691e-04 9.370748299319728303e-02 2.331632653061224414e-01 2.008503401360544061e-01
3.241803278688524248e-01 4.139344262295081844e-02 4.098360655737704914e-04 4.098360655737704914e-04 4.139344262295081844e-02 9.057377049180329043e-02 4.139344262295081844e-02 4.139344262295081844e-02 2.499999999999999792e-02 3.938524590163934302e-01
3.639498432601880884e-01 3.134796238244514309e-04 1.285266457680250655e-02 3.134796238244514309e-04 3.134796238244514309e-04 8.808777429467085085e-02 6.927899686520376521e-02 1.598746081504702141e-02 3.134796238244514309e-04 4.485893416927899668e-01
9.345794392523364873e-04 4.962616822429906649e-01 3.560747663551401820e-01 9.345794392523364873e-04 7.570093457943924409e-02 9.345794392523364873e-04 9.345794392523364873e-04 1.962616822429906482e-02 9.345794392523364873e-04 4.766355140186915446e-02
3.846153846153846367e-03 7.342657342657343301e-03 1.783216783216783063e-02 7.342657342657343301e-03 3.181818181818181490e-02 1.433566433566433457e-02 3.779720279720279463e-01 3.496503496503496500e-04 3.846153846153846367e-03 5.353146853146852902e-01
5.095454545454546347e-01 5.045454545454546025e-02 2.772727272727272887e-02 4.545454545454546535e-04 4.545454545454546535e-04 4.590909090909091328e-02 5.000000000000000971e-03 1.368181818181818388e-01 4.545454545454546535e-04 2.231818181818182034e-01
1.865585168018539866e-02 2.213209733487832981e-02 3.256083429895712672e-02 1.158748551564310419e-04 7.775202780996522123e-02 3.487833140208574517e-02 3.060254924681343747e-01 3.592120509849362243e-03 1.158748551564310419e-04 5.041714947856315021e-01
3.968253968253968251e-04 3.968253968253968251e-04 5.992063492063491592e-02 3.968253968253968251e-04 1.230158730158730125e-02 3.968253968253968251e-04 1.511904761904762085e-01 8.333333333333333218e-03 4.801587301587301182e-02 7.186507936507936511e-01
1.258302583025830423e-01 3.690036900369004125e-04 3.690036900369004125e-04 3.690036900369004125e-04 1.143911439114391262e-02 3.690036900369004125e-04 1.295202952029520238e-01 3.690036900369004125e-04 3.690036900369004125e-04 7.309963099630996108e-01
1.096491228070175324e-04 1.656798245614034826e-01 3.399122807017543584e-03 8.881578947368419172e-03 1.436403508771929606e-02 2.325657894736841702e-01 1.096491228070175324e-04 4.595394736842104977e-01 1.042763157894736614e-01 1.107456140350876993e-02
3.679389312977099369e-02 1.526717557251908435e-04 1.526717557251908435e-04 3.679389312977099369e-02 7.648854961832060595e-02 2.474809160305343481e-01 2.000000000000000042e-02 3.803053435114504000e-01 4.137404580152671818e-02 1.604580152671755688e-01
3.105590062111801357e-04 4.689440993788819567e-02 3.447204968944099501e-02 7.798136645962733260e-01 3.105590062111801357e-04 4.068322981366459534e-02 3.105590062111801357e-04 2.515527950310558758e-02 7.173913043478261087e-02 3.105590062111801357e-04
7.260802469135801962e-02 1.189043209876543133e-01 2.053240740740741033e-01 4.706790123456789689e-03 1.242283950617284125e-02 5.408950617283950213e-02 3.935185185185184793e-03 3.479938271604938321e-02 4.684413580246913900e-01 2.476851851851851957e-02
6.134969325153375678e-04 3.993865030674846883e-01 3.196319018404908396e-01 6.748466257668713462e-03 6.196319018404908979e-02 6.134969325153375678e-04 6.134969325153375678e-04 6.134969325153375678e-04 1.723926380368098477e-01 3.742331288343558882e-02
7.250000000000000888e-02 1.641666666666666829e-01 2.777777777777777775e-04 2.777777777777777775e-04 3.638888888888888729e-02 4.391666666666666496e-01 2.777777777777777775e-04 2.502777777777777657e-01 2.777777777777777775e-04 3.638888888888888729e-02
3.076923076923077029e-04 1.695384615384615545e-01 7.415384615384615352e-02 2.033846153846153582e-01 1.172307692307692356e-01 7.415384615384615352e-02 3.384615384615384786e-03 1.172307692307692356e-01 2.156923076923076832e-01 2.492307692307692280e-02
6.582608695652173436e-01 4.666666666666666879e-02 1.768115942028985338e-02 2.898550724637681086e-04 1.768115942028985338e-02 1.307246376811594113e-01 2.898550724637681086e-04 1.188405797101449099e-02 2.898550724637681086e-04 1.162318840579710244e-01
7.194244604316549089e-04 5.827338129496403840e-02 5.258992805755395850e-01 7.194244604316549089e-04 8.705035971223022695e-02 7.194244604316549089e-04 1.086330935251798718e-01 1.510791366906475211e-02 2.230215827338129925e-02 1.805755395683453779e-01
4.567901234567901814e-02 2.226337448559670973e-01 4.156378600823045638e-02 4.115226337448560129e-04 7.037037037037038867e-02 4.325102880658436288e-01 4.115226337448560129e-04 9.506172839506174532e-02 9.094650205761319051e-02 4.115226337448560129e-04
4.651162790697674679e-04 4.651162790697674679e-04 4.651162790697674679e-04 5.116279069767442310e-03 9.348837209302325590e-02 5.162790697674418672e-02 4.190697674418604191e-01 4.651162790697674679e-04 4.651162790697674679e-04 4.283720930232557955e-01
4.292452830188679680e-02 4.716981132075472819e-04 4.716981132075472819e-04 4.716981132075472819e-04 5.188679245283020318e-03 2.405660377358490726e-02 4.816037735849056922e-01 9.905660377358491836e-03 9.009433962264153106e-02 3.448113207547169878e-01
3.399082568807338944e-01 1.518348623853210955e-01 4.587155963302752548e-04 4.587155963302752548e-04 5.045871559633027803e-03 1.747706422018348582e-01 4.587155963302752548e-04 1.880733944954128198e-02 2.298165137614678888e-01 7.844036697247706857e-02
7.118644067796610700e-03 3.359322033898304860e-01 1.088135593220339037e-01 1.291525423728813737e-01 1.389830508474576218e-02 8.169491525423729084e-02 7.118644067796610700e-03 3.389830508474576498e-04 3.155932203389830160e-01 3.389830508474576498e-04
6.758104738154613322e-02 9.750623441396509550e-02 8.004987531172069737e-02 2.493765586034913089e-04 6.758104738154613322e-02 3.394014962593516205e-01 8.254364089775562130e-02 2.645885286783042356e-01 2.493765586034913089e-04 2.493765586034913089e-04
4.739336492890995406e-04 4.739336492890995406e-04 2.848341232227488140e-01 4.739336492890995406e-04 4.739336492890995406e-04 4.739336492890995406e-04 2.753554502369668366e-01 5.213270142180094838e-03 4.739336492890995406e-04 4.317535545023696297e-01
9.266304347826087584e-02 3.671195652173913082e-01 1.657608695652173711e-02 2.989130434782608786e-03 8.423913043478260809e-03 1.657608695652173711e-02 2.717391304347826120e-04 3.290760869565217406e-01 1.660326086956521729e-01 2.717391304347826120e-04
1.104166666666666768e-01 8.958333333333333426e-02 1.815476190476190271e-02 9.255952380952381375e-02 5.360119047619047450e-01 1.104166666666666768e-01 2.976190476190476459e-04 3.303571428571428631e-02 6.250000000000000347e-03 3.273809523809523888e-03
3.339743589743590091e-01 1.160256410256410298e-01 6.410256410256410251e-04 6.410256410256410251e-04 6.410256410256410251e-04 1.352564102564102755e-01 6.410256410256410251e-04 6.410256410256410251e-04 1.865384615384615419e-01 2.250000000000000056e-01
4.926108374384237159e-04 4.926108374384237159e-04 4.926108374384237159e-04 4.482758620689655110e-02 7.931034482758621273e-02 4.975369458128078848e-02 2.418719211822660253e-01 1.527093596059113378e-02 4.926108374384237159e-04 5.669950738916256228e-01
5.235602094240838231e-04 5.235602094240838231e-04 4.298429319371728230e-01 5.235602094240838231e-04 3.460732984293193870e-01 5.811518324607330838e-02 8.952879581151834687e-02 4.764397905759162888e-02 2.670157068062827335e-02 5.235602094240838231e-04
1.636661211129296367e-04 1.162029459901800336e-02 1.636661211129296367e-04 5.073649754500818114e-03 1.325695581014729903e-02 3.078559738134206136e-01 1.162029459901800336e-02 3.144026186579377824e-01 2.798690671031096866e-02 3.078559738134206136e-01
4.807692307692307959e-04 4.716346153846153744e-01 4.807692307692307959e-04 4.807692307692307959e-04 1.009615384615384671e-02 8.701923076923077927e-02 5.817307692307692457e-02 2.360576923076923017e-01 1.009615384615384671e-02 1.254807692307692291e-01
1.578864353312302571e-01 2.381703470031545228e-02 1.577287066246056625e-04 1.577287066246056625e-04 1.577287066246056625e-04 4.291798107255520023e-01 1.577287066246056625e-04 3.487381703470031069e-01 3.958990536277601918e-02 1.577287066246056625e-04
1.195744680851063835e-01 4.255319148936170717e-04 4.255319148936170717e-04 2.595744680851063552e-02 4.255319148936170717e-04 2.595744680851063552e-02 2.131914893617021245e-01 4.255319148936170717e-04 4.255319148936170717e-04 6.131914893617020912e-01
1.044642857142857179e-01 3.187499999999999778e-01 5.684523809523810145e-02 2.976190476190476459e-04 2.976190476190476459e-04 8.363095238095238915e-02 2.976190476190476459e-04 3.217261904761904434e-01 1.044642857142857179e-01 9.226190476190476372e-03
3.745318352059925243e-04 2.850187265917602519e-01 3.745318352059925243e-04 3.745318352059925243e-04 1.535580524344569084e-02 2.063670411985018827e-01 3.745318352059925243e-04 3.486891385767790230e-01 1.052434456928838941e-01 3.782771535580524425e-02
3.917431192660550399e-01 6.422018348623853568e-03 3.363914373088685347e-03 3.058103975535168546e-04 3.058103975535168546e-04 1.042813455657492366e-01 1.929663608562691146e-01 4.006116207951070096e-02 3.058103975535168546e-04 2.602446483180427816e-01
4.347826086956521900e-04 3.656521739130434434e-01 4.347826086956521900e-04 5.260869565217390909e-02 4.347826086956521900e-04 1.265217391304347960e-01 1.047826086956521741e-01 1.917391304347826064e-01 3.521739130434782539e-02 1.221739130434782716e-01
1.068965517241379261e-02 1.413793103448275808e-02 1.413793103448275808e-02 6.586206896551724532e-02 1.106896551724138034e-01 1.382758620689655271e-01 1.865517241379310298e-01 7.241379310344828006e-03 3.448275862068965795e-04 4.520689655172413501e-01
5.434782608695652240e-04 5.434782608695652240e-04 5.434782608695652240e-04 1.684782608695652162e-02 5.489130434782608231e-02 1.038043478260869679e-01 2.771739130434782566e-02 5.434782608695652240e-04 6.576086956521738636e-02 7.288043478260869401e-01
3.649635036496350678e-04 3.649635036496350678e-04 4.051094890510948537e-02 2.558394160583941646e-01 4.127737226277372051e-01 7.700729927007299302e-02 4.416058394160583822e-02 1.682481751824817517e-01 3.649635036496350678e-04 3.649635036496350678e-04
2.411111111111110816e-01 3.703703703703704062e-04 3.703703703703704062e-04 3.703703703703704062e-04 3.703703703703704062e-04 1.781481481481481666e-01 1.300000000000000044e-01 1.148148148148148140e-02 3.703703703703704062e-04 4.374074074074074114e-01
1.660112359550561800e-01 2.587078651685393305e-01 2.275280898876404223e-02 3.089887640449438637e-03 2.808988764044944068e-04 7.893258426966293095e-02 3.089887640449438637e-03 3.991573033707864759e-01 6.769662921348315598e-02 2.808988764044944068e-04
4.731266149870800852e-01 1.992248062015503640e-01 2.583979328165375003e-04 2.583979328165375003e-04 2.583979328165375003e-04 4.160206718346253635e-02 1.423772609819121404e-01 3.126614987080103547e-02 2.583979328165375003e-04 1.113695090439276586e-01
