6.802721088435375848e-04 6.802721088435375848e-04 2.789115646258503653e-02 7.482993197278913974e-03 7.482993197278913974e-03 6.802721088435375848e-04 6.802721088435375848e-04 1.428571428571428874e-02 6.802721088435375848e-04 6.802721088435375848e-04 6.802721088435375848e-04 6.802721088435375848e-04 6.802721088435375848e-04 6.802721088435375848e-04 6.802721088435375848e-04 6.802721088435375848e-04 9.591836734693878763e-02 6.802721088435375848e-04 2.183673469387755750e-01 6.870748299319728858e-02 1.435374149659864318e-01 6.190476190476191382e-02 6.802721088435375848e-04 1.231292517006803006e-01 6.802721088435375848e-04 6.802721088435375848e-04 2.108843537414966524e-02 1.775510204081633125e-01 2.108843537414966524e-02 6.802721088435375848e-04
3.389830508474575956e-04 1.291525423728813460e-01 1.728813559322033358e-02 3.389830508474575956e-04 3.389830508474575956e-04 1.050847457627118557e-02 3.389830508474575956e-04 3.389830508474575956e-04 3.389830508474575956e-04 7.118644067796608965e-03 1.189830508474576110e-01 3.389830508474575956e-04 3.389830508474575956e-04 3.084745762711863654e-02 1.257627118644067676e-01 3.389830508474575956e-04 1.122033898305084543e-01 2.067796610169490845e-02 5.457627118644067105e-02 1.050847457627118557e-02 2.067796610169490845e-02 3.389830508474575956e-04 3.728813559322033660e-03 1.664406779661016800e-01 3.389830508474575956e-04 3.389830508474575956e-04 3.389830508474575956e-04 3.389830508474575956e-04 1.664406779661016800e-01 3.389830508474575956e-04
2.732240437158469401e-04 2.732240437158469401e-04 2.732240437158469401e-04 2.732240437158469401e-04 2.732240437158469401e-04 3.005464480874316287e-03 5.765027322404370214e-02 2.732240437158469401e-04 9.316939890710379535e-02 5.218579234972676312e-02 7.950819672131145821e-02 3.852459016393441210e-02 3.032786885245900704e-02 5.491803278688523610e-02 2.732240437158469401e-04 1.478142076502731717e-01 3.005464480874316287e-03 7.404371584699451225e-02 5.737704918032784929e-03 4.398907103825135806e-02 3.852459016393441210e-02 2.732240437158469401e-04 2.732240437158469401e-04 2.732240437158469401e-04 2.732240437158469401e-04 3.005464480874316287e-03 2.270491803278687770e-01 5.737704918032784929e-03 2.732240437158469401e-04 3.852459016393441210e-02
3.283582089552239056e-03 3.313432835820895317e-02 3.611940298507462788e-02 9.283582089552239180e-02 3.910447761194029564e-02 9.283582089552239180e-02 2.985074626865671672e-04 2.985074626865671672e-04 6.895522388059702190e-02 2.985074626865671672e-04 4.507462686567163812e-02 2.985074626865671672e-04 1.522388059701492401e-02 9.582089552238806651e-02 3.611940298507462788e-02 2.985074626865671672e-04 2.417910447761193946e-02 4.805970149253731977e-02 2.119402985074626822e-02 1.223880597014925277e-02 2.985074626865671672e-04 2.985074626865671672e-04 2.985074626865671672e-04 6.597014925373134719e-02 2.985074626865671672e-04 2.985074626865671672e-04 3.283582089552239056e-03 3.283582089552239056e-03 2.570149253731343064e-01 3.283582089552239056e-03
6.358381502890176305e-03 2.947976878612717372e-02 6.358381502890176305e-03 5.780346820809251088e-04 5.780346820809251088e-04 5.780346820809251088e-04 1.213872832369942631e-02 1.213872832369942631e-02 1.791907514450867545e-02 5.780346820809251088e-04 5.780346820809251088e-04 5.780346820809251088e-04 5.780346820809251088e-04 6.358381502890176305e-03 5.780346820809251088e-04 5.780346820809251088e-04 4.109826589595376722e-01 2.028901734104046894e-01 2.369942196531792458e-02 5.780346820809251088e-04 1.791907514450867545e-02 1.213872832369942631e-02 5.780346820809251088e-04 5.260115606936417720e-02 4.682080924855492460e-02 5.780346820809251088e-04 5.780346820809251088e-04 1.161849710982659489e-01 5.780346820809251088e-04 1.791907514450867545e-02
3.461538461538462425e-02 4.273504273504274585e-04 4.273504273504274585e-04 4.273504273504274585e-04 4.700854700854702369e-03 4.273504273504274585e-04 2.606837606837607291e-02 4.273504273504274585e-04 4.700854700854702369e-03 4.273504273504274585e-04 4.273504273504274585e-04 4.273504273504274585e-04 4.273504273504274585e-04 1.752136752136752504e-02 4.273504273504274585e-04 4.273504273504274585e-04 7.307692307692309486e-02 5.598290598290599218e-02 4.273504273504274585e-04 5.170940170940171998e-02 4.273504273504274585e-04 2.440170940170940939e-01 8.974358974358977170e-03 4.273504273504274585e-04 4.273504273504274585e-04 3.038461538461538769e-01 4.273504273504274585e-04 5.598290598290599218e-02 4.273504273504274585e-04 1.115384615384615724e-01
3.174603174603174058e-04 3.174603174603174058e-04 3.174603174603174058e-04 3.174603174603174058e-04 3.174603174603174058e-04 1.619047619047618569e-02 1.936507936507935942e-02 3.174603174603174058e-04 5.746031746031745463e-02 3.174603174603174058e-04 3.174603174603174058e-04 3.174603174603174058e-04 6.666666666666665360e-03 5.111111111111110716e-02 3.174603174603174058e-04 3.174603174603174058e-04 4.793650793650792996e-02 3.174603174603174058e-04 1.936507936507935942e-02 1.622222222222221844e-01 8.920634920634919196e-02 2.955555555555554603e-01 3.523809523809522809e-02 3.174603174603174058e-04 3.174603174603174058e-04 1.301587301587301196e-02 8.920634920634919196e-02 8.920634920634919196e-02 3.174603174603174058e-04 3.492063492063491627e-03
3.267973856209150643e-04 6.862745098039215591e-03 5.261437908496732763e-02 3.267973856209150643e-04 3.267973856209150643e-04 3.267973856209150643e-04 6.862745098039215591e-03 3.627450980392156465e-02 3.267973856209150643e-04 3.267973856209150643e-04 3.267973856209150643e-04 1.993464052287581556e-02 3.267973856209150643e-04 1.993464052287581556e-02 3.267973856209150643e-04 3.267973856209150643e-04 3.267973856209150643e-04 3.267973856209150643e-04 8.202614379084967322e-02 6.862745098039215591e-03 3.267973856209150643e-04 3.267973856209150643e-04 3.267973856209150643e-04 3.267973856209150643e-04 3.267973856209150643e-04 4.513071895424836666e-01 5.261437908496732763e-02 2.584967320261437607e-01 3.267973856209150643e-04 3.267973856209150643e-04
6.802721088435375848e-04 6.190476190476191382e-02 6.802721088435375848e-04 6.802721088435375848e-04 7.482993197278913974e-03 6.802721088435375848e-04 6.802721088435375848e-04 6.802721088435375848e-04 6.802721088435375848e-04 7.482993197278913974e-03 1.299319727891156684e-01 6.802721088435375848e-04 2.319727891156463107e-01 6.802721088435375848e-04 6.802721088435375848e-04 6.802721088435375848e-04 6.802721088435375848e-04 3.952380952380953327e-01 6.802721088435375848e-04 6.802721088435375848e-04 1.231292517006803006e-01 1.428571428571428874e-02 6.802721088435375848e-04 6.802721088435375848e-04 6.802721088435375848e-04 7.482993197278913974e-03 6.802721088435375848e-04 7.482993197278913974e-03 6.802721088435375848e-04 6.802721088435375848e-04
1.636661211129296096e-04 1.800327332242225705e-03 1.636661211129296096e-04 1.325695581014729729e-02 8.346972176759408571e-03 3.780687397708673569e-02 4.926350245499180880e-02 1.653027823240588862e-02 3.436988543371521584e-03 3.356792144026186087e-01 1.636661211129296096e-04 5.073649754500817247e-03 1.636661211129296096e-04 1.325695581014729729e-02 4.435351882160392528e-02 8.346972176759408571e-03 3.289689034369885218e-02 1.636661211129296096e-04 1.980360065466447994e-02 1.636661211129296096e-04 2.080196399345335123e-01 1.800327332242225705e-03 1.800327332242225705e-03 1.636661211129296096e-04 6.072013093289688190e-02 1.636661211129296096e-04 1.162029459901799990e-02 1.636661211129296096e-04 1.636661211129296096e-04 1.245499181669394162e-01
2.688172043010752144e-04 1.373655913978494292e-01 8.333333333333331483e-03 8.629032258064513183e-02 2.956989247311827412e-03 2.688172043010752144e-04 7.284946236559138033e-02 8.897849462365589601e-02 5.940860215053762189e-02 2.180107526881719660e-01 3.252688172043009807e-02 5.645161290322579448e-03 2.688172043010752144e-04 2.688172043010752144e-04 2.688172043010752144e-04 5.645161290322579448e-03 2.126344086021504654e-01 2.446236559139784023e-02 2.688172043010752144e-04 2.688172043010752144e-04 3.521505376344084837e-02 2.688172043010752144e-04 2.688172043010752144e-04 2.688172043010752144e-04 2.688172043010752144e-04 2.688172043010752144e-04 2.688172043010752144e-04 2.688172043010752144e-04 5.645161290322579448e-03 2.688172043010752144e-04
3.353658536585365363e-03 6.402439024390242650e-03 3.048780487804877504e-04 3.353658536585365363e-03 9.451219512195119937e-03 3.048780487804877504e-04 6.402439024390242650e-03 3.048780487804877504e-04 6.402439024390242650e-03 4.603658536585365085e-02 3.048780487804877504e-04 3.048780487804877504e-04 3.353658536585365363e-03 1.435975609756097449e-01 3.048780487804877504e-04 3.048780487804877504e-04 3.048780487804877504e-04 3.048780487804877504e-04 3.048780487804877504e-04 3.448170731707316250e-01 3.048780487804877504e-04 9.451219512195119937e-03 3.048780487804877504e-04 1.557926829268292401e-01 3.048780487804877504e-04 2.774390243902438366e-02 1.679878048780487632e-01 9.451219512195119937e-03 3.353658536585365363e-03 4.908536585365853161e-02
5.444887118193889389e-03 1.382470119521912177e-01 1.328021248339973398e-04 9.428950863213809638e-03 1.328021248339973398e-04 2.802124833997343689e-02 1.075697211155378190e-02 4.661354581673306241e-02 5.856573705179281969e-02 1.460823373173970657e-03 1.382470119521912177e-01 6.520584329349268793e-02 2.484727755644089986e-01 4.262948207171314563e-02 7.715803452855245215e-02 8.100929614873835644e-03 2.934926958831340915e-02 2.138114209827357212e-02 1.328021248339973398e-04 1.328021248339973398e-04 1.460823373173970657e-03 8.100929614873835644e-03 1.328021248339973398e-04 1.328021248339973398e-04 1.328021248339973398e-04 1.328021248339973398e-04 1.328021248339973398e-04 1.328021248339973398e-04 1.328021248339973398e-04 5.989375830013279195e-02
3.424657534246574285e-04 2.773972602739724694e-02 3.424657534246574285e-04 3.424657534246574285e-04 3.424657534246574285e-04 3.424657534246574285e-04 3.424657534246574285e-04 3.424657534246574285e-04 3.424657534246574285e-04 3.424657534246574285e-04 4.181506849315066443e-01 3.424657534246574285e-04 3.667808219178080309e-01 3.424657534246574285e-04 3.424657534246574285e-04 1.030821917808218829e-01 3.424657534246574285e-04 2.431506849315067526e-02 3.767123287671231713e-03 3.424657534246574285e-04 3.424657534246574285e-04 1.404109589041095153e-02 3.424657534246574285e-04 7.191780821917805565e-03 1.061643835616437985e-02 1.746575342465752495e-02 3.424657534246574285e-04 3.424657534246574285e-04 3.424657534246574285e-04 3.424657534246574285e-04
4.048582995951417371e-04 4.453441295546559271e-03 4.048582995951417371e-04 4.048582995951417371e-04 4.048582995951417371e-04 5.708502024291498000e-02 4.048582995951417371e-04 4.453441295546559271e-03 4.048582995951417371e-04 4.048582995951417371e-04 4.048582995951417371e-04 4.453441295546559271e-03 4.453441295546559271e-03 1.255060728744939250e-02 9.757085020242915741e-02 8.947368421052631637e-02 4.048582995951417371e-04 2.473684210526315985e-01 8.502024291497975450e-03 4.898785425101214591e-02 2.064777327935222659e-02 4.048582995951417371e-04 4.048582995951417371e-04 4.048582995951417371e-04 4.048582995951417371e-04 4.048582995951417371e-04 3.931174089068825706e-01 4.048582995951417371e-04 4.048582995951417371e-04 4.048582995951417371e-04
3.174603174603173516e-04 3.174603174603173516e-04 3.174603174603173516e-04 2.003174603174602553e-01 3.492063492063491193e-03 4.158730158730156862e-02 3.174603174603173516e-04 3.174603174603173516e-04 3.174603174603173516e-04 1.177777777777777451e-01 3.174603174603173516e-04 3.174603174603173516e-04 3.174603174603173516e-04 3.174603174603173516e-04 3.174603174603173516e-04 3.174603174603173516e-04 3.174603174603173516e-04 3.174603174603173516e-04 3.174603174603173516e-04 9.841269841269838226e-03 2.511111111111110072e-01 9.238095238095235529e-02 3.174603174603173516e-04 3.174603174603173516e-04 9.238095238095235529e-02 5.746031746031744075e-02 2.253968253968252969e-02 3.206349206349205089e-02 3.174603174603173516e-04 7.333333333333330595e-02
3.378378378378377482e-04 3.378378378378377482e-04 3.378378378378377482e-04 3.378378378378377482e-04 3.378378378378377482e-04 3.378378378378377482e-04 3.716216216216215121e-03 3.378378378378377482e-04 3.378378378378377482e-04 4.087837837837836330e-02 3.212837837837836386e-01 3.378378378378377482e-04 1.692567567567566933e-01 2.736486486486485251e-02 3.378378378378377482e-04 3.412162162162160617e-02 6.790540540540537795e-02 2.604729729729728382e-01 3.378378378378377482e-04 3.378378378378377482e-04 3.378378378378377482e-04 7.094594594594592386e-03 7.094594594594592386e-03 3.378378378378377482e-04 1.722972972972972028e-02 3.378378378378377482e-04 1.047297297297297008e-02 3.378378378378377482e-04 2.736486486486485251e-02 3.378378378378377482e-04
2.090395480225988242e-02 2.016949152542372448e-01 1.883239171374764299e-04 1.883239171374764299e-04 2.278719397363464585e-02 3.973634651600752715e-02 1.883239171374764299e-04 1.883239171374764299e-04 1.583804143126176511e-01 4.915254237288135125e-02 2.090395480225988242e-02 7.363465160075327587e-02 3.973634651600752715e-02 1.883239171374764299e-04 4.726930320150658088e-02 1.883239171374764299e-04 1.037664783427495047e-01 6.986817325800374900e-02 2.071563088512240729e-03 3.408662900188323686e-02 1.883239171374764299e-04 1.883239171374764299e-04 1.883239171374764299e-04 1.883239171374764299e-04 3.220338983050847342e-02 1.883239171374764299e-04 1.902071563088511899e-02 1.883239171374764299e-04 2.278719397363464585e-02 3.973634651600752715e-02
3.984063745019921009e-04 1.235059760956175486e-02 3.984063745019921009e-04 3.984063745019921009e-04 3.984063745019921009e-04 1.039840637450199362e-01 3.984063745019921009e-04 6.812749003984065743e-02 3.984063745019921009e-04 1.956175298804781193e-01 4.784860557768924605e-01 2.430278884462151387e-02 1.235059760956175486e-02 3.984063745019921009e-04 3.984063745019921009e-04 3.984063745019921009e-04 3.984063745019921009e-04 4.023904382470119834e-02 3.984063745019921009e-04 3.984063745019921009e-04 5.219123505976096256e-02 3.984063745019921009e-04 3.984063745019921009e-04 3.984063745019921009e-04 3.984063745019921009e-04 3.984063745019921009e-04 3.984063745019921009e-04 3.984063745019921009e-04 4.382470119521913489e-03 3.984063745019921009e-04
1.485884101040118471e-04 3.493313521545318157e-01 4.606240713224366880e-03 6.092124814264484808e-03 1.485884101040118471e-04 1.634472511144130372e-03 5.364041604754827414e-02 2.689450222882614622e-02 6.701337295690934504e-02 1.485884101040118471e-04 7.741456166419016793e-02 1.485884101040118471e-04 3.283803863298662140e-02 1.485884101040118471e-04 1.634472511144130372e-03 4.323922734026744430e-02 8.187221396731052259e-02 5.066864784546804001e-02 1.634472511144130372e-03 1.485884101040118471e-04 6.255572065378899038e-02 1.649331352154531291e-02 1.485884101040118471e-04 1.500742942050519585e-02 9.063893016344720666e-03 1.485884101040118471e-04 1.485884101040118471e-04 4.175334323922733071e-02 1.485884101040118471e-04 5.512630014858839467e-02
3.246753246753245666e-04 4.577922077922075977e-02 3.246753246753245666e-04 3.246753246753245666e-04 3.246753246753245666e-04 3.571428571428570450e-03 3.279220779220778231e-02 3.246753246753245666e-04 1.980519480519479791e-02 2.954545454545453448e-02 1.107142857142856818e-01 3.246753246753245666e-04 3.246753246753245666e-04 1.331168831168830571e-02 3.246753246753245666e-04 3.246753246753245666e-04 5.035714285714283367e-01 4.902597402597400761e-02 3.246753246753245666e-04 3.246753246753245666e-04 3.928571428571427104e-02 3.246753246753245666e-04 3.246753246753245666e-04 3.246753246753245666e-04 7.499999999999998335e-02 1.655844155844155008e-02 6.818181818181816116e-03 3.246753246753245666e-04 3.246753246753245666e-04 4.902597402597400761e-02
2.227171492204899300e-04 2.227171492204899300e-04 1.316258351893095369e-01 2.227171492204899300e-04 9.131403118040086128e-03 6.035634743875277486e-02 4.677060133630288503e-03 2.227171492204899300e-04 2.227171492204899300e-04 2.227171492204899300e-04 9.153674832962135910e-02 2.227171492204899300e-04 2.227171492204899300e-04 1.138084632516703498e-01 2.051224944320712007e-01 2.227171492204899300e-04 2.227171492204899300e-04 2.227171492204899300e-04 9.376391982182626095e-02 2.227171492204899300e-04 2.449888641425389257e-03 2.227171492204899300e-04 2.227171492204899300e-04 1.048997772828507563e-01 1.581291759465478300e-02 2.227171492204899300e-04 2.227171492204899300e-04 6.904231625835187749e-03 1.472160356347438359e-01 9.131403118040086128e-03
4.950495049504951639e-04 2.029702970297030118e-02 4.950495049504951639e-04 4.950495049504951639e-04 4.950495049504951639e-04 4.009900990099010687e-02 4.950495049504951639e-04 4.950495049504951639e-04 4.504950495049506176e-02 4.950495049504951639e-04 5.495049504950496461e-02 4.950495049504951639e-04 7.970297029702973213e-02 4.950495049504951639e-04 4.950495049504951639e-04 4.950495049504951639e-04 9.950495049504953782e-02 3.024752475247525774e-01 8.465346534653468702e-02 4.950495049504951639e-04 1.490099009900990590e-01 1.039603960396040007e-02 4.950495049504951639e-04 4.950495049504951639e-04 4.950495049504951639e-04 6.485148514851486745e-02 2.524752475247525260e-02 1.534653465346535149e-02 4.950495049504951639e-04 4.950495049504951639e-04
3.273381294964028410e-02 2.194244604316546512e-02 3.597122302158273460e-04 1.474820143884891972e-02 7.553956834532374320e-03 3.597122302158273460e-04 3.597122302158273460e-04 3.597122302158273460e-04 3.633093525179856287e-02 3.597122302158273460e-04 4.356115107913668960e-01 2.913669064748201226e-02 1.262589928057553934e-01 3.597122302158273460e-04 3.273381294964028410e-02 2.553956834532374043e-02 6.151079136690647958e-02 3.597122302158273460e-04 3.597122302158273460e-04 3.597122302158273460e-04 3.597122302158273460e-04 3.597122302158273460e-04 1.474820143884891972e-02 3.597122302158273460e-04 3.597122302158273460e-04 1.115107913669064789e-02 3.597122302158273460e-04 2.194244604316546512e-02 1.226618705035971285e-01 3.597122302158273460e-04
3.174603174603173516e-04 3.174603174603173516e-04 3.174603174603173516e-04 3.174603174603173516e-04 3.174603174603173516e-04 3.174603174603173516e-04 3.174603174603173516e-04 3.174603174603173516e-04 6.666666666666664492e-03 3.174603174603173516e-04 3.146031746031744958e-01 2.253968253968252969e-02 1.558730158730158299e-01 3.206349206349205089e-02 1.301587301587301022e-02 1.558730158730158299e-01 2.130158730158729086e-01 3.841269841269839835e-02 3.174603174603173516e-04 3.174603174603173516e-04 3.174603174603173516e-04 3.174603174603173516e-04 1.936507936507935596e-02 3.174603174603173516e-04 1.936507936507935596e-02 3.174603174603173516e-04 3.174603174603173516e-04 3.174603174603173516e-04 3.492063492063491193e-03 3.174603174603173516e-04
5.747126436781611284e-04 5.747126436781611284e-04 5.747126436781611284e-04 2.534482758620690834e-01 1.385057471264368456e-01 5.747126436781611284e-04 5.747126436781611284e-04 8.678160919540232887e-02 7.528735632183909676e-02 6.321839080459772629e-03 8.678160919540232887e-02 5.747126436781611284e-04 2.356321839080460431e-02 5.747126436781611284e-04 5.747126436781611284e-04 5.747126436781611284e-04 1.097701149425287792e-01 5.747126436781611284e-04 5.747126436781611284e-04 5.747126436781611284e-04 5.747126436781611284e-04 5.747126436781611284e-04 5.747126436781611284e-04 6.321839080459772629e-03 5.229885057471266030e-02 1.327586206896552157e-01 5.747126436781611284e-04 5.747126436781611284e-04 5.747126436781611284e-04 1.781609195402299520e-02
4.016064257028112623e-04 4.417670682730924156e-03 1.646586345381526040e-02 4.016064257028112623e-04 4.016064257028112623e-04 4.016064257028112623e-04 4.016064257028112623e-04 4.016064257028112623e-04 9.277108433734940207e-02 1.409638554216867401e-01 1.289156626506024195e-01 4.016064257028112623e-04 1.244979919678714832e-02 4.016064257028112623e-04 4.417670682730924156e-03 4.016064257028112623e-04 4.859437751004015704e-02 4.016064257028112623e-04 4.016064257028112623e-04 4.016064257028112623e-04 4.056224899598393635e-02 4.016064257028112623e-04 4.016064257028112623e-04 1.646586345381526040e-02 6.064257028112449849e-02 4.016064257028112623e-04 4.016064257028112623e-04 4.417670682730924156e-03 4.016064257028112623e-04 4.220883534136545823e-01
4.291845493562232070e-04 4.291845493562232070e-04 4.291845493562232070e-04 4.291845493562232070e-04 4.291845493562232070e-04 1.759656652360514981e-02 4.291845493562232070e-04 4.291845493562232070e-04 4.291845493562232070e-04 4.291845493562232070e-04 1.549356223175965830e-01 4.291845493562232070e-04 6.051502145922746378e-02 9.914163090128755296e-02 4.291845493562232070e-04 1.635193133047210257e-01 4.291845493562232070e-04 6.909871244635193421e-02 4.291845493562232070e-04 1.248927038626609504e-01 4.291845493562232070e-04 1.330472103004291806e-02 4.291845493562232070e-04 1.330472103004291806e-02 4.291845493562232070e-04 4.291845493562232070e-04 1.806866952789699665e-01 9.055793991416309641e-02 4.721030042918455440e-03 4.291845493562232070e-04
3.205128205128204041e-04 3.205128205128204041e-04 3.205128205128204041e-04 4.839743589743587815e-02 2.916666666666665325e-02 3.205128205128204041e-04 3.205128205128204041e-04 2.596153846153845257e-02 3.205128205128204041e-04 6.730769230769228541e-03 5.612179487179485005e-01 3.205128205128204041e-04 1.314102564102563424e-02 3.205128205128204041e-04 3.205128205128204041e-04 3.205128205128204041e-04 9.967948717948714454e-02 3.205128205128204041e-04 3.205128205128204041e-04 3.205128205128204041e-04 3.205128205128204041e-04 3.205128205128204041e-04 3.557692307692306155e-02 3.205128205128204041e-04 3.205128205128204041e-04 3.205128205128204041e-04 1.634615384615384012e-02 3.205128205128204041e-04 1.573717948717948123e-01 3.205128205128204041e-04
4.065040650406505146e-04 4.065040650406505146e-04 4.065040650406505146e-04 2.036585365853658958e-01 4.065040650406505146e-04 3.699186991869919672e-02 4.065040650406505146e-04 4.065040650406505146e-04 4.065040650406505146e-04 4.065040650406505146e-04 4.471544715447155552e-03 4.065040650406505146e-04 4.065040650406505146e-04 8.536585365853660914e-03 4.065040650406505146e-04 4.065040650406505146e-04 6.544715447154474119e-02 4.065040650406505146e-04 4.065040650406505146e-04 4.065040650406505146e-04 2.971544715447154705e-01 1.101626016260162932e-01 9.390243902439027179e-02 3.292682926829269136e-02 6.951219512195123962e-02 4.471544715447155552e-03 4.065040650406505146e-04 4.471544715447155552e-03 4.065040650406505146e-04 6.138211382113822195e-02
2.666666666666665710e-04 2.666666666666665710e-04 2.693333333333331955e-02 1.175999999999999546e-01 2.666666666666665710e-04 5.893333333333330981e-02 2.666666666666665710e-04 5.599999999999997341e-03 2.666666666666665710e-04 2.933333333333332064e-03 2.666666666666665710e-04 2.666666666666665710e-04 2.666666666666665710e-04 5.599999999999997341e-03 2.666666666666665710e-04 5.093333333333331658e-02 5.359999999999998099e-02 2.666666666666665710e-04 2.666666666666665710e-04 2.666666666666665710e-04 1.869333333333332292e-01 1.175999999999999546e-01 1.095999999999999475e-01 5.599999999999997341e-03 7.226666666666663186e-02 2.666666666666665710e-04 2.666666666666665710e-04 6.426666666666663863e-02 2.666666666666665710e-04 1.175999999999999546e-01
3.058103975535167462e-04 3.058103975535167462e-04 3.363914373088684046e-03 4.006116207951068708e-02 2.171253822629968383e-02 4.006116207951068708e-02 3.058103975535167462e-04 5.229357798165136517e-02 3.058103975535167462e-04 5.229357798165136517e-02 4.743119266055044192e-01 1.253822629969418394e-02 3.363914373088684046e-03 3.058103975535167462e-04 3.058103975535167462e-04 1.865443425076451778e-02 7.981651376146786658e-02 3.058103975535167462e-04 1.865443425076451778e-02 3.058103975535167462e-04 6.422018348623850965e-03 1.253822629969418394e-02 2.782874617737001940e-02 3.058103975535167462e-04 3.058103975535167462e-04 4.006116207951068708e-02 6.422018348623850965e-03 1.559633027522935173e-02 1.253822629969418394e-02 5.840978593272169728e-02
7.246376811594205155e-04 7.246376811594205155e-04 3.340579710144928605e-01 7.246376811594205155e-04 2.971014492753623615e-02 7.246376811594205155e-04 7.246376811594205155e-04 7.971014492753626321e-03 1.521739130434783017e-02 7.246376811594205155e-04 1.521739130434783017e-02 1.521739130434783017e-02 7.246376811594205155e-04 7.246376811594205155e-04 7.246376811594205155e-04 7.246376811594205155e-04 7.246376811594205155e-04 4.420289855072464386e-02 7.246376811594205155e-04 7.246376811594205155e-04 7.246376811594205155e-04 1.746376811594203271e-01 7.318840579710146621e-02 7.246376811594205155e-04 7.246376811594205155e-04 2.326086956521739579e-01 1.521739130434783017e-02 7.246376811594205155e-04 7.246376811594205155e-04 2.971014492753623615e-02
4.442307692307691930e-02 1.923076923076922804e-04 5.403846153846152828e-02 2.115384615384614895e-03 2.115384615384614895e-03 8.480769230769229228e-02 4.249999999999999611e-02 1.749999999999999473e-02 2.115384615384614895e-03 1.923076923076922804e-04 2.134615384615384109e-02 9.634615384615383138e-02 5.788461538461537464e-02 1.923076923076922804e-04 1.040384615384615241e-01 1.923076923076922804e-04 5.019230769230768191e-02 1.923076923076922804e-04 2.326923076923076428e-02 4.038461538461537645e-03 2.326923076923076428e-02 2.519230769230768746e-02 1.923076923076922804e-04 1.923076923076922804e-04 1.923076923076922804e-04 2.001923076923076417e-01 5.961538461538460829e-03 1.923076923076922804e-04 1.923076923076922804e-04 1.367307692307691835e-01
2.740740740740739770e-02 9.407407407407404609e-02 2.469135802469135318e-04 2.469135802469135318e-04 2.469135802469135318e-04 2.469135802469135318e-04 4.469135802469134666e-02 2.469135802469135318e-04 1.335802469135802251e-01 2.740740740740739770e-02 5.456790123456788794e-02 2.469135802469135318e-04 2.469135802469135318e-04 2.469135802469135318e-04 7.679012345679010754e-02 6.197530864197529216e-02 2.716049382716048850e-03 1.903703703703703010e-01 2.469135802469135318e-04 4.469135802469134666e-02 9.654320987654319008e-02 2.469135802469135318e-04 2.469135802469135318e-04 1.753086419753085989e-02 2.469135802469135318e-04 2.469135802469135318e-04 5.950617283950616204e-02 3.481481481481480539e-02 2.987654320987653475e-02 2.469135802469135318e-04
2.240437158469945483e-02 5.464480874316940970e-04 6.010928961748635176e-03 5.464480874316940970e-04 4.426229508196721785e-02 6.010928961748635176e-03 2.027322404371585118e-01 5.464480874316940970e-04 5.464480874316940970e-04 5.464480874316940970e-04 5.464480874316940970e-04 3.879781420765027883e-02 5.464480874316940970e-04 6.065573770491804184e-02 5.464480874316940970e-04 5.464480874316940970e-04 5.464480874316940970e-04 5.464480874316940970e-04 5.464480874316940970e-04 1.693989071038251581e-02 5.464480874316940970e-04 5.464480874316940970e-04 6.010928961748635176e-03 5.464480874316940970e-04 2.683060109289617801e-01 5.464480874316940970e-04 1.147540983606557680e-02 1.316939890710382699e-01 4.972677595628415687e-02 1.262295081967213517e-01
4.032258064516129029e-04 4.879032258064516098e-02 4.032258064516129029e-04 8.508064516129032473e-02 4.032258064516129029e-04 4.032258064516129029e-04 5.685483870967741882e-02 1.939516129032258229e-01 4.032258064516129029e-04 4.032258064516129029e-04 1.375000000000000111e-01 1.495967741935483875e-01 2.459677419354838399e-02 4.435483870967741986e-03 4.032258064516129029e-04 4.032258064516129029e-04 2.383064516129032306e-01 4.032258064516129029e-04 4.032258064516129029e-04 4.032258064516129029e-04 3.669354838709677075e-02 4.032258064516129029e-04 4.032258064516129029e-04 4.032258064516129029e-04 1.653225806451612614e-02 4.032258064516129029e-04 4.032258064516129029e-04 4.032258064516129029e-04 4.032258064516129029e-04 4.032258064516129029e-04
7.692307692307694469e-04 7.692307692307694469e-04 7.692307692307694469e-04 7.692307692307694469e-04 8.538461538461540601e-02 7.692307692307694469e-04 8.461538461538464784e-03 7.692307692307694469e-04 6.230769230769232087e-02 7.692307692307694469e-04 8.461538461538464784e-03 7.692307692307694469e-04 7.692307692307694469e-04 3.623076923076923861e-01 8.461538461538464784e-03 7.692307692307694469e-04 7.692307692307694469e-04 1.315384615384615763e-01 7.692307692307694469e-04 1.776923076923077327e-01 7.692307692307694469e-04 7.692307692307694469e-04 7.692307692307694469e-04 7.692307692307694469e-04 7.692307692307694469e-04 7.692307692307694469e-04 1.392307692307692690e-01 7.692307692307694469e-04 7.692307692307694469e-04 7.692307692307694469e-04
4.504504504504505116e-04 9.504504504504505957e-02 4.504504504504505116e-04 9.459459459459461719e-03 4.504504504504505116e-04 4.504504504504505116e-04 4.504504504504505116e-04 1.220720720720720881e-01 4.504504504504505116e-04 4.504504504504505116e-04 3.648648648648648851e-02 4.504504504504505116e-04 7.252252252252254505e-02 4.504504504504505116e-04 4.504504504504505116e-04 4.504504504504505116e-04 2.842342342342342731e-01 4.549549549549550265e-02 4.504504504504505116e-04 4.504504504504505116e-04 1.626126126126126448e-01 4.504504504504505116e-04 4.504504504504505116e-04 4.099099099099099558e-02 4.504504504504505116e-04 9.054054054054055944e-02 4.504504504504505116e-04 4.504504504504505116e-04 3.198198198198198144e-02 4.504504504504505116e-04
3.194888178913737019e-04 4.824281150159742682e-02 3.194888178913737019e-04 3.194888178913737019e-04 3.194888178913737019e-04 3.194888178913737019e-04 3.194888178913737019e-04 3.194888178913737019e-04 3.038338658146963467e-01 3.194888178913737019e-04 2.268370607028753067e-02 4.824281150159742682e-02 2.111821086261979896e-01 3.194888178913737019e-04 6.741214057507985413e-02 3.194888178913737019e-04 3.194888178913737019e-04 3.194888178913737019e-04 3.194888178913737019e-04 6.102236421725237836e-02 3.194888178913737019e-04 6.421725239616611625e-02 2.907348242811500297e-02 3.194888178913737019e-04 3.194888178913737019e-04 3.194888178913737019e-04 3.194888178913737019e-04 7.699680511182106779e-02 3.194888178913737019e-04 6.102236421725237836e-02
3.906250000000001301e-04 3.906250000000001301e-04 5.117187500000001249e-02 3.906250000000001301e-04 1.992187500000000208e-02 1.210937500000000382e-02 3.906250000000001301e-04 3.906250000000001301e-04 8.203125000000002082e-03 5.277343750000000888e-01 6.289062500000001943e-02 4.726562500000001249e-02 3.906250000000001301e-04 1.210937500000000382e-02 3.906250000000001301e-04 3.906250000000001301e-04 8.203125000000002082e-03 3.906250000000001301e-04 3.906250000000001301e-04 7.851562500000001943e-02 4.335937500000000555e-02 4.296875000000001214e-03 3.906250000000001301e-04 3.906250000000001301e-04 3.906250000000001301e-04 3.906250000000001301e-04 3.906250000000001301e-04 3.164062500000000555e-02 1.992187500000000208e-02 6.679687500000001943e-02
5.235602094240838231e-04 5.235602094240838231e-04 4.764397905759162888e-02 5.235602094240838231e-04 5.235602094240838231e-04 3.717277486910994938e-02 1.104712041884817059e-01 5.235602094240838231e-04 5.235602094240838231e-04 5.235602094240838231e-04 3.193717277486911310e-02 5.235602094240838231e-04 1.261780104712042216e-01 5.235602094240838231e-04 7.905759162303666043e-02 5.235602094240838231e-04 2.146596858638743707e-02 5.235602094240838231e-04 5.235602094240838231e-04 5.235602094240838231e-04 4.240837696335079260e-02 5.235602094240838231e-04 5.235602094240838231e-04 5.235602094240838231e-04 3.193717277486911310e-02 1.623036649214660079e-02 5.235602094240838231e-04 5.235602094240838231e-04 1.261780104712042216e-01 3.198952879581152264e-01
3.546099290780140457e-04 8.900709219858153609e-02 3.900709219858154719e-03 3.546099290780140457e-04 3.546099290780140457e-04 3.546099290780140457e-04 3.546099290780140457e-04 2.875886524822693913e-01 8.546099290780138913e-02 1.244680851063829363e-01 9.609929078014181614e-02 3.546099290780140457e-04 3.546099290780140457e-04 3.936170212765955495e-02 3.546099290780140457e-04 3.546099290780140457e-04 1.776595744680850297e-01 2.163120567375885483e-02 3.546099290780140457e-04 3.546099290780140457e-04 4.645390070921983500e-02 3.546099290780140457e-04 3.546099290780140457e-04 3.546099290780140457e-04 1.099290780141843477e-02 3.546099290780140457e-04 3.546099290780140457e-04 7.446808510638295610e-03 3.900709219858154719e-03 3.546099290780140457e-04
3.717472118959107199e-04 3.717472118959107199e-04 3.717472118959107199e-04 3.717472118959107199e-04 3.717472118959107199e-04 3.717472118959107199e-04 3.717472118959107199e-04 3.717472118959107199e-04 3.717472118959107199e-04 3.717472118959107199e-04 1.156133828996282337e-01 8.215613382899626671e-02 1.416356877323419750e-01 1.895910780669144563e-02 4.089219330855017702e-03 3.717472118959107199e-04 3.349442379182155372e-01 6.356877323420073722e-02 3.717472118959107199e-04 3.717472118959107199e-04 7.472118959107805491e-02 3.717472118959107199e-04 3.717472118959107199e-04 3.717472118959107199e-04 7.100371747211894902e-02 8.587360594795537261e-02 3.717472118959107199e-04 3.717472118959107199e-04 3.717472118959107199e-04 3.717472118959107199e-04
2.976190476190475375e-04 9.851190476190473111e-02 2.113095238095237180e-02 4.196428571428569704e-02 2.976190476190475375e-04 2.976190476190475375e-04 3.273809523809523021e-03 9.851190476190473111e-02 5.982142857142855319e-02 2.708333333333332385e-02 1.401785714285713746e-01 2.976190476190475375e-04 2.976190476190475375e-04 2.976190476190475375e-04 2.976190476190475375e-04 2.976190476190475375e-04 3.008928571428570176e-01 4.494047619047617653e-02 2.976190476190475375e-04 2.976190476190475375e-04 5.089285714285712858e-02 2.976190476190475375e-04 2.976190476190475375e-04 2.976190476190475375e-04 8.363095238095236139e-02 3.273809523809523021e-03 2.976190476190475375e-04 2.113095238095237180e-02 2.976190476190475375e-04 2.976190476190475375e-04
8.375209380234507612e-05 2.102177554438861354e-02 3.190954773869347783e-02 8.375209380234507612e-05 2.613902847571190069e-01 1.072864321608040378e-01 7.621440536013401358e-03 1.934673366834171321e-02 8.375209380234507612e-05 8.375209380234507612e-05 9.212730318257959187e-04 8.375209380234507612e-05 8.375209380234507612e-05 2.354271356783920188e-01 6.289782244556114954e-02 8.375209380234507612e-05 8.375209380234507612e-05 8.375209380234507612e-05 1.180904522613065478e-02 5.108877721943049129e-03 4.614740368509213930e-02 8.375209380234507612e-05 8.375209380234507612e-05 1.659128978224455875e-01 8.375209380234507612e-05 8.375209380234507612e-05 6.783919597989950326e-03 1.758793969849246734e-03 1.097152428810720462e-02 2.596314907872697333e-03
3.289473684210525157e-04 1.088815789473683848e-01 3.289473684210525157e-04 3.289473684210525157e-04 3.618421052631578053e-03 3.289473684210525157e-04 3.289473684210525157e-04 2.108552631578946290e-01 3.289473684210525157e-04 4.309210526315787604e-02 1.483552631578946845e-01 1.348684210526315125e-02 2.664473684210525231e-02 3.289473684210525157e-04 3.289473684210525157e-04 3.289473684210525157e-04 2.667763157894735837e-01 3.289473684210525157e-04 3.289473684210525157e-04 3.289473684210525157e-04 4.967105263157892830e-02 3.289473684210525157e-04 3.289473684210525157e-04 2.993421052631577844e-02 9.243421052631575763e-02 3.289473684210525157e-04 3.289473684210525157e-04 3.289473684210525157e-04 3.289473684210525157e-04 3.289473684210525157e-04
3.802281368821291995e-04 1.939163498098858684e-02 4.182509505703421900e-03 3.802281368821291995e-04 3.802281368821291995e-04 3.802281368821291995e-04 3.802281368821291995e-04 3.840304182509504671e-02 3.802281368821291995e-04 2.699619771863117149e-02 4.182509505703421900e-03 9.163498098859314267e-02 2.699619771863117149e-02 4.220532319391633730e-02 3.802281368821291995e-04 1.030418250950570214e-01 7.984790874524713353e-03 8.783269961977184515e-02 4.600760456273762788e-02 7.642585551330798033e-02 7.262357414448668280e-02 3.802281368821291995e-04 4.182509505703421900e-03 7.642585551330798033e-02 3.802281368821291995e-04 3.802281368821291995e-04 2.513307984790874028e-01 3.802281368821291995e-04 1.558935361216729626e-02 3.802281368821291995e-04
4.201680672268908357e-04 2.563025210084033875e-02 4.201680672268908357e-04 4.621848739495799246e-03 4.621848739495799246e-03 8.025210084033615465e-02 4.201680672268908357e-04 4.201680672268908357e-04 4.201680672268908357e-04 8.823529411764707495e-03 4.243697478991596828e-02 4.201680672268908357e-04 4.201680672268908357e-04 7.605042016806724814e-02 1.054621848739495937e-01 1.138655462184874206e-01 4.201680672268908357e-04 1.852941176470588591e-01 4.201680672268908357e-04 5.924369747899160127e-02 4.201680672268908357e-04 4.201680672268908357e-04 4.201680672268908357e-04 4.201680672268908357e-04 4.201680672268908357e-04 4.201680672268908357e-04 2.399159663865546577e-01 4.201680672268908357e-04 4.201680672268908357e-04 4.663865546218487479e-02
3.597122302158273460e-04 3.597122302158273460e-04 3.597122302158273460e-04 3.597122302158273460e-04 3.597122302158273460e-04 3.597122302158273460e-04 1.514388489208633171e-01 3.597122302158273460e-04 1.010791366906474836e-01 3.597122302158273460e-04 1.082733812949640273e-01 1.874100719424460493e-01 3.597122302158273460e-04 2.194244604316546512e-02 3.597122302158273460e-04 3.597122302158273460e-04 3.597122302158273460e-04 3.956834532374100752e-03 1.834532374100719329e-02 3.956834532374100752e-03 3.597122302158273460e-04 3.597122302158273460e-04 3.597122302158273460e-04 3.956834532374100752e-03 3.597122302158273460e-04 6.510791366906475142e-02 1.226618705035971285e-01 3.597122302158273460e-04 1.046762589928057624e-01 1.010791366906474836e-01
3.993902439024388934e-02 3.048780487804876962e-04 3.048780487804876962e-04 3.353658536585364929e-03 4.298780487804876316e-02 1.070121951219511897e-01 1.618902439024389739e-01 7.957317073170729060e-02 4.908536585365852467e-02 3.048780487804876962e-04 1.554878048780487104e-02 1.100609756097560704e-01 6.432926829268291458e-02 3.048780487804876962e-04 3.048780487804876962e-04 3.048780487804876962e-04 5.213414634146339849e-02 3.048780487804876962e-04 3.048780487804876962e-04 3.048780487804876962e-04 3.048780487804876962e-04 3.048780487804876962e-04 3.353658536585364929e-03 3.993902439024388934e-02 3.048780487804876962e-04 1.009146341463414281e-01 2.774390243902438019e-02 3.048780487804876962e-04 5.213414634146339849e-02 4.603658536585364391e-02
1.946564885496182215e-02 1.187022900763358285e-01 3.816793893129769326e-04 1.946564885496182215e-02 3.816793893129769326e-04 4.198473282442746583e-03 4.236641221374044114e-02 7.671755725190837483e-02 6.526717557251905666e-02 1.034351145038167608e-01 7.671755725190837483e-02 4.198473282442746583e-03 4.198473282442746583e-03 3.816793893129769326e-04 8.015267175572516126e-03 1.564885496183205174e-02 3.591603053435112880e-01 3.816793893129769326e-04 1.564885496183205174e-02 3.473282442748090032e-02 3.816793893129769326e-04 3.816793893129769326e-04 3.816793893129769326e-04 3.816793893129769326e-04 2.328244274809159256e-02 3.816793893129769326e-04 3.816793893129769326e-04 3.816793893129769326e-04 3.816793893129769326e-04 4.198473282442746583e-03
5.235602094240839315e-04 5.235602094240839315e-04 5.235602094240839315e-04 5.235602094240839315e-04 5.235602094240839315e-04 4.240837696335079954e-02 5.235602094240839315e-04 5.235602094240839315e-04 2.146596858638744054e-02 2.146596858638744054e-02 1.052356020942408765e-01 5.235602094240839315e-04 8.952879581151836075e-02 1.623036649214660079e-02 5.235602094240839315e-04 5.235602094240839315e-04 5.816753926701572208e-01 3.193717277486912004e-02 5.235602094240839315e-04 5.235602094240839315e-04 5.235602094240839315e-04 5.235602094240839315e-04 5.235602094240839315e-04 1.623036649214660079e-02 5.235602094240839315e-04 5.235602094240839315e-04 6.335078534031415853e-02 5.235602094240839315e-04 5.235602094240839315e-04 5.235602094240839315e-04
