3.937007874015748519e-04 3.937007874015748519e-04 3.937007874015748519e-04 8.267716535433072486e-03 3.937007874015748519e-04 4.330708661417323642e-03 3.937007874015748519e-04 4.330708661417323642e-03 3.937007874015748519e-04 3.937007874015748519e-04 3.937007874015748519e-04 3.937007874015748519e-04 3.937007874015748519e-04 1.220472440944882046e-02 2.007874015748031468e-02 1.106299212598425424e-01 4.767716535433071390e-01 3.937007874015748519e-04 3.937007874015748519e-04 3.937007874015748519e-04 4.370078740157480601e-02 2.795275590551181411e-02 3.937007874015748519e-04 2.287401574803149817e-01 3.937007874015748519e-04 3.937007874015748519e-04 3.937007874015748519e-04 3.937007874015748519e-04 3.937007874015748519e-04 5.551181102362204994e-02
3.289473684210526242e-04 3.618421052631579354e-03 3.289473684210526242e-04 3.289473684210526242e-04 3.289473684210526242e-04 3.651315789473683765e-02 3.289473684210526242e-04 3.618421052631579354e-03 3.289473684210526242e-04 3.289473684210526242e-04 3.289473684210526242e-04 3.289473684210526242e-04 3.289473684210526242e-04 3.289473684210526242e-04 3.289473684210526242e-04 3.289473684210526242e-04 3.289473684210526242e-04 5.296052631578947872e-02 3.289473684210526242e-04 3.289473684210526242e-04 3.289473684210526242e-04 3.289473684210526242e-04 1.677631578947368432e-02 1.088815789473684265e-01 3.289473684210526242e-04 3.161184210526315486e-01 6.907894736842105921e-03 3.289473684210526242e-04 1.319078947368421129e-01 3.161184210526315486e-01
5.294117647058824150e-02 6.535947712418302370e-04 6.535947712418302370e-04 7.908496732026144838e-02 9.215686274509805875e-02 5.294117647058824150e-02 6.535947712418302370e-04 6.535947712418302370e-04 6.535947712418302370e-04 6.535947712418302370e-04 6.535947712418302370e-04 6.535947712418302370e-04 6.535947712418302370e-04 1.444444444444444864e-01 6.535947712418302370e-04 6.535947712418302370e-04 3.601307189542484188e-01 6.535947712418302370e-04 6.535947712418302370e-04 6.601307189542485188e-02 1.372549019607843465e-02 6.535947712418302370e-04 6.535947712418302370e-04 1.248366013071895708e-01 6.535947712418302370e-04 6.535947712418302370e-04 6.535947712418302370e-04 6.535947712418302370e-04 6.535947712418302370e-04 6.535947712418302370e-04
3.448275862068965253e-04 3.448275862068965253e-04 3.448275862068965253e-04 3.448275862068965253e-04 3.448275862068965253e-04 3.793103448275861669e-03 3.448275862068965253e-04 3.448275862068965253e-04 3.448275862068965253e-04 3.448275862068965253e-04 5.551724137931034198e-02 1.037931034482758447e-01 2.103448275862068381e-02 3.448275862068965253e-04 3.448275862068965253e-04 1.968965517241378915e-01 3.448275862068965253e-04 2.244827586206895875e-01 3.448275862068965253e-04 3.448275862068965253e-04 3.448275862068965253e-04 3.448275862068965253e-04 2.520689655172412835e-01 3.448275862068965253e-04 3.448275862068965253e-04 4.517241379310343863e-02 3.448275862068965253e-04 2.793103448275861475e-02 3.448275862068965253e-04 6.241379310344826598e-02
9.093851132686084360e-02 6.796116504854368863e-03 3.236245954692556679e-04 3.559870550161812509e-03 5.533980582524272024e-02 2.944983818770226594e-02 3.236245954692556679e-04 3.236245954692556679e-04 3.236245954692556679e-04 6.796116504854368863e-03 1.326860841423948070e-02 1.650485436893203706e-02 2.297734627831714976e-02 2.592233009708737601e-01 1.974110032362459341e-02 3.236245954692556679e-04 3.236245954692556679e-04 3.236245954692556679e-04 3.559870550161812509e-03 3.236245954692556679e-04 3.236245954692556679e-04 3.236245954692556679e-04 6.504854368932039277e-02 1.326860841423948070e-02 1.233009708737864141e-01 1.326860841423948070e-02 3.236245954692556679e-04 8.446601941747573783e-02 3.236245954692556679e-04 1.686084142394821961e-01
2.360515021459227720e-03 2.145922746781116035e-04 2.145922746781116035e-04 1.738197424892703666e-02 2.145922746781116035e-04 2.145922746781116035e-04 2.145922746781116035e-04 2.360515021459227720e-03 2.145922746781116035e-04 2.360515021459227720e-03 2.145922746781116035e-04 1.203862660944206020e-01 1.523605150214592252e-02 2.145922746781116035e-04 2.145922746781116035e-04 9.248927038626610087e-02 2.145922746781116035e-04 2.145922746781116035e-04 2.145922746781116035e-04 2.145922746781116035e-04 4.098712446351931299e-02 8.798283261802574903e-03 1.952789699570815427e-02 2.360515021459227720e-03 4.742489270386266581e-02 2.145922746781116035e-04 2.145922746781116035e-04 2.145922746781116035e-04 2.145922746781116035e-04 6.246781115879829205e-01
4.149377593360996830e-04 4.149377593360996830e-04 4.149377593360996830e-04 4.564315352697096567e-03 4.149377593360996830e-04 4.149377593360996830e-04 4.149377593360996830e-04 5.020746887966805877e-02 2.946058091286307690e-02 4.149377593360996830e-04 8.340248962655603948e-02 4.149377593360996830e-04 4.149377593360996830e-04 1.286307053941909001e-02 4.149377593360996830e-04 4.564315352697096567e-03 1.995850622406639407e-01 4.149377593360996830e-04 1.286307053941909001e-02 2.825726141078838682e-01 4.149377593360996830e-04 1.746887966804979708e-01 4.149377593360996830e-04 4.149377593360996830e-04 4.149377593360996830e-04 7.095435684647305452e-02 1.286307053941909001e-02 4.564315352697096567e-03 4.149377593360996830e-04 5.020746887966805877e-02
3.906250000000001301e-04 3.906250000000001301e-04 3.906250000000001301e-04 4.296875000000001214e-03 3.906250000000001301e-04 3.906250000000001301e-04 3.906250000000001301e-04 3.906250000000001301e-04 3.906250000000001301e-04 3.906250000000001301e-04 3.906250000000001301e-04 3.906250000000001301e-04 3.906250000000001301e-04 1.601562500000000208e-02 3.906250000000001301e-04 4.296875000000001214e-03 8.203125000000002082e-03 3.945312500000000555e-02 3.906250000000001301e-04 3.906250000000001301e-04 3.906250000000001301e-04 3.906250000000001301e-04 3.906250000000001301e-04 3.011718750000000333e-01 3.906250000000001301e-04 4.261718750000000888e-01 3.906250000000001301e-04 3.906250000000001301e-04 1.601562500000000208e-02 1.761718750000000333e-01
4.201680672268908899e-04 8.823529411764709229e-03 4.201680672268908899e-04 1.852941176470588869e-01 4.201680672268908899e-04 4.201680672268908899e-04 4.201680672268908899e-04 4.201680672268908899e-04 4.201680672268908899e-04 4.201680672268908899e-04 1.722689075630252226e-02 1.302521008403361748e-02 4.201680672268908899e-04 4.201680672268908899e-04 4.201680672268908899e-04 3.407563025210084695e-01 1.302521008403361748e-02 4.201680672268908899e-04 8.823529411764709229e-03 4.201680672268908899e-04 4.201680672268908899e-04 4.621848739495800114e-03 4.201680672268908899e-04 8.865546218487398156e-02 4.201680672268908899e-04 2.142857142857143224e-02 4.201680672268908899e-04 4.201680672268908899e-04 4.201680672268908899e-04 2.903361344537815358e-01
3.623188405797100951e-04 3.623188405797100951e-04 7.608695652173911618e-03 1.485507246376811114e-02 3.623188405797100951e-04 3.623188405797100951e-04 3.623188405797100951e-04 3.623188405797100951e-04 6.557971014492752770e-02 4.746376811594201633e-02 3.623188405797100951e-04 2.572463768115941518e-02 3.623188405797100951e-04 3.985507246376811426e-03 3.623188405797100951e-04 9.456521739130432924e-02 3.623188405797100951e-04 7.644927536231882481e-02 5.471014492753621672e-02 3.623188405797100951e-04 3.623188405797100951e-04 3.985507246376811426e-03 3.623188405797100951e-04 1.706521739130434367e-01 3.623188405797100951e-04 2.829710144927535254e-01 1.452898550724637527e-01 3.623188405797100951e-04 3.623188405797100951e-04 3.623188405797100951e-04
5.464480874316942054e-04 5.464480874316942054e-04 1.147540983606557853e-02 5.464480874316942054e-04 5.464480874316942054e-04 4.426229508196722479e-02 1.147540983606557853e-02 5.464480874316942054e-04 5.464480874316942054e-04 5.464480874316942054e-04 5.464480874316942054e-04 5.464480874316942054e-04 2.240437158469945830e-02 5.464480874316942054e-04 5.464480874316942054e-04 5.519125683060110976e-02 8.251366120218581179e-02 5.464480874316942054e-04 1.098360655737705277e-01 5.464480874316942054e-04 1.147540983606557853e-02 1.147540983606557853e-02 5.464480874316942054e-04 5.251366120218580180e-01 5.464480874316942054e-04 1.043715846994535956e-01 5.464480874316942054e-04 5.464480874316942054e-04 5.464480874316942054e-04 5.464480874316942054e-04
1.492537313432835294e-04 1.492537313432835294e-04 1.492537313432835294e-04 1.492537313432835294e-04 1.492537313432835294e-04 9.417910447761190795e-02 1.492537313432835294e-04 3.134328358208954279e-03 1.492537313432835294e-04 9.104477611940295020e-03 7.925373134328356217e-02 9.119402985074623325e-02 1.492537313432835294e-04 2.253731343283581212e-02 1.492537313432835294e-04 6.731343283582087722e-02 1.492537313432835294e-04 1.492537313432835294e-04 1.492537313432835294e-04 3.911940298507461944e-01 1.492537313432835294e-04 2.402985074626864948e-02 1.492537313432835294e-04 1.059701492537313064e-02 1.492537313432835294e-04 2.850746268656715807e-02 1.492537313432835294e-04 3.134328358208954279e-03 1.299999999999999489e-01 4.343283582089550732e-02
3.344481605351169316e-04 3.344481605351169316e-04 3.678929765886286736e-03 1.441471571906353943e-01 3.344481605351169316e-04 3.344481605351169316e-04 3.344481605351169316e-04 3.344481605351169316e-04 3.712374581939797968e-02 3.344481605351169316e-04 7.023411371237455944e-03 2.040133779264213104e-02 1.909698996655517789e-01 3.344481605351169316e-04 3.344481605351169316e-04 1.675585284280935727e-01 3.344481605351169316e-04 3.344481605351169316e-04 3.678929765886286736e-03 1.036789297658862428e-02 3.344481605351169316e-04 7.023411371237455944e-03 3.344481605351169316e-04 3.344481605351169316e-04 7.725752508361201365e-02 2.177257525083610978e-01 3.344481605351169316e-04 3.344481605351169316e-04 3.344481605351169316e-04 1.073578595317725426e-01
2.487562189054726754e-04 2.487562189054726754e-04 2.487562189054726754e-04 2.761194029850746329e-02 2.487562189054726754e-04 2.487562189054726754e-04 9.477611940298508175e-02 5.223880597014925534e-03 2.487562189054726754e-04 7.736318407960199317e-02 2.487562189054726754e-04 4.502487562189055187e-02 2.487562189054726754e-04 2.736318407960199213e-03 2.487562189054726754e-04 6.741293532338309136e-02 2.736318407960199213e-03 8.980099502487562391e-02 2.487562189054726754e-04 2.487562189054726754e-04 2.487562189054726754e-04 2.487562189054726754e-04 3.258706467661691419e-02 2.487562189054726754e-04 7.238805970149253532e-02 2.761194029850746329e-02 2.487562189054726754e-04 2.487562189054726754e-04 2.487562189054726754e-04 4.504975124378109430e-01
3.984063745019920466e-04 3.984063745019920466e-04 1.235059760956175312e-02 2.828685258964143412e-02 4.382470119521912622e-03 3.984063745019920466e-04 7.609561752988047711e-02 3.984063745019920466e-04 1.633466135458167337e-02 8.366533864541832871e-03 3.984063745019920466e-04 3.984063745019920466e-04 3.984063745019920466e-04 3.984063745019920466e-04 4.382470119521912622e-03 7.609561752988047711e-02 3.984063745019920466e-04 4.382470119521912622e-03 8.406374501992032455e-02 3.984063745019920466e-04 3.984063745019920466e-04 3.984063745019920466e-04 2.195219123505976200e-01 3.984063745019920466e-04 3.984063745019920466e-04 1.478087649402390624e-01 3.071713147410358169e-01 4.382470119521912622e-03 3.984063745019920466e-04 3.984063745019920466e-04
4.132231404958678668e-04 4.545454545454546101e-03 7.479338842975208346e-02 4.132231404958678668e-04 4.132231404958678668e-04 4.132231404958678668e-04 4.132231404958678668e-04 4.132231404958678668e-04 4.545454545454546101e-03 4.132231404958678668e-04 7.066115702479340566e-02 4.132231404958678668e-04 4.132231404958678668e-04 4.132231404958678668e-04 5.000000000000000278e-02 4.545454545454546101e-03 4.132231404958678668e-04 4.132231404958678668e-04 2.107438016528925817e-02 8.305785123966943906e-02 1.694214876033058037e-02 1.280991735537190257e-02 5.000000000000000278e-02 1.243801652892562171e-01 4.132231404958678668e-04 1.822314049586777063e-01 2.607438016528926261e-01 3.347107438016529157e-02 4.132231404958678668e-04 4.132231404958678668e-04
4.081632653061224641e-04 4.081632653061224641e-04 4.081632653061224641e-04 1.146938775510204095e-01 4.081632653061224641e-04 4.081632653061224641e-04 4.081632653061224641e-04 4.081632653061224641e-04 3.306122448979591927e-02 8.204081632653062450e-02 2.044897959183673564e-01 4.081632653061224641e-04 4.081632653061224641e-04 4.081632653061224641e-04 4.081632653061224641e-04 4.081632653061224641e-04 4.081632653061224641e-04 4.081632653061224641e-04 8.571428571428571855e-03 4.081632653061224641e-04 4.081632653061224641e-04 4.081632653061224641e-04 1.759183673469387754e-01 4.081632653061224641e-04 4.081632653061224641e-04 1.963265306122448928e-01 1.106122448979591916e-01 4.489795918367346997e-03 5.346938775510203662e-02 8.571428571428571855e-03
1.459074733096084667e-02 3.558718861209963038e-04 3.558718861209963038e-04 9.644128113878999708e-02 3.558718861209963038e-04 3.558718861209963038e-04 3.558718861209963038e-04 3.558718861209963038e-04 3.558718861209963038e-04 3.558718861209963038e-04 1.711743772241992312e-01 4.661921708185051694e-02 3.558718861209963038e-04 1.103202846975088504e-02 3.558718861209963038e-04 3.558718861209963038e-04 7.473309608540922543e-03 3.558718861209963038e-04 3.558718861209963038e-04 3.558718861209963038e-04 5.373665480427043672e-02 7.473309608540922543e-03 1.569395017793593639e-01 6.085409252669037039e-02 3.558718861209963038e-04 3.669039145907471711e-01 3.558718861209963038e-04 3.558718861209963038e-04 3.558718861209963038e-04 3.558718861209963038e-04
3.921568627450981314e-04 3.176470588235294490e-02 3.921568627450981314e-04 5.921568627450980726e-02 3.921568627450981314e-04 3.921568627450981314e-04 3.921568627450981314e-04 3.921568627450981314e-04 3.921568627450981314e-04 3.921568627450981314e-04 9.843137254901962452e-02 3.921568627450981314e-04 4.313725490196079065e-03 3.921568627450981314e-04 3.921568627450981314e-04 1.023529411764706049e-01 3.921568627450981314e-04 3.921568627450981314e-04 5.137254901960784659e-02 4.313725490196079065e-03 5.921568627450980726e-02 3.921568627450981314e-04 3.921568627450981314e-04 3.921568627450981314e-04 3.921568627450981314e-04 4.317647058823529393e-01 1.494117647058823828e-01 3.921568627450981314e-04 3.921568627450981314e-04 3.921568627450981314e-04
3.236245954692556679e-04 2.621359223300970612e-02 3.236245954692556679e-04 1.168284789644012944e-01 3.236245954692556679e-04 3.236245954692556679e-04 3.236245954692556679e-04 3.236245954692556679e-04 3.236245954692556679e-04 2.297734627831714976e-02 3.236245954692556679e-04 5.210355987055016735e-02 6.504854368932039277e-02 5.210355987055016735e-02 3.236245954692556679e-04 3.236245954692556679e-04 3.236245954692556679e-04 3.236245954692556679e-04 3.236245954692556679e-04 3.236245954692556679e-04 3.559870550161812509e-03 3.559870550161812509e-03 6.181229773462783295e-02 3.236245954692556679e-04 5.210355987055016735e-02 6.504854368932039277e-02 3.236245954692556679e-04 6.504854368932039277e-02 3.236245954692556679e-04 4.080906148867313732e-01
7.692307692307694469e-03 2.234432234432234821e-02 3.663003663003664085e-04 4.065934065934066755e-02 3.663003663003664085e-04 3.663003663003664085e-04 3.663003663003664085e-04 3.663003663003664085e-04 3.663003663003664085e-04 3.663003663003664085e-04 3.663003663003664085e-04 3.663003663003664085e-04 3.663003663003664085e-04 3.663003663003664085e-04 3.663003663003664085e-04 7.692307692307694469e-03 3.663003663003664085e-04 4.029304029304030602e-03 3.663003663003664085e-04 3.663003663003664085e-04 3.666666666666666963e-01 3.663003663003664085e-04 1.285714285714286143e-01 7.692307692307694469e-03 3.663003663003664085e-04 1.725274725274725807e-01 1.468864468864469197e-01 3.663003663003664085e-04 3.663003663003664085e-04 8.827838827838829783e-02
2.645502645502644597e-04 2.645502645502644597e-04 2.039682539682538820e-01 8.201058201058198521e-03 2.142857142857142183e-02 2.645502645502644597e-04 2.645502645502644597e-04 2.645502645502644597e-04 2.645502645502644597e-04 2.645502645502644597e-04 2.645502645502644597e-04 1.349206349206348750e-02 2.645502645502644597e-04 5.052910052910052074e-02 1.084656084656084214e-02 2.645502645502644597e-04 2.645502645502644597e-04 4.788359788359787539e-02 5.052910052910052074e-02 2.645502645502644597e-04 3.201058201058200325e-02 2.645502645502644597e-04 2.645502645502644597e-04 1.563492063492062933e-01 3.124338624338623416e-01 2.645502645502644597e-04 8.756613756613754185e-02 2.645502645502644597e-04 2.645502645502644597e-04 2.645502645502644597e-04
3.344481605351170943e-04 3.377926421404681828e-02 3.344481605351170943e-04 3.344481605351170943e-04 3.344481605351170943e-04 3.344481605351170943e-04 3.344481605351170943e-04 3.344481605351170943e-04 3.344481605351170943e-04 3.344481605351170943e-04 8.729096989966556031e-02 7.056856187290970472e-02 3.344481605351170943e-04 3.344481605351170943e-04 3.344481605351170943e-04 3.344481605351170943e-04 3.344481605351170943e-04 6.722408026755853638e-02 3.377926421404681828e-02 3.344481605351170943e-04 3.678929765886288037e-03 3.344481605351170943e-04 6.053511705685619276e-02 3.344481605351170943e-04 7.023411371237458546e-03 1.742474916387959927e-01 9.063545150501672865e-02 2.040133779264213798e-02 3.344481605351170943e-04 3.448160535117056891e-01
3.571428571428570883e-04 1.074999999999999845e-01 3.571428571428570883e-04 1.821428571428571064e-02 1.107142857142856887e-02 3.571428571428570883e-04 3.571428571428570883e-04 3.571428571428570883e-04 3.571428571428570883e-04 7.499999999999998855e-03 1.289285714285714202e-01 3.571428571428570883e-04 3.571428571428570883e-04 3.571428571428570883e-04 3.571428571428570883e-04 3.571428571428570883e-04 3.571428571428570883e-04 6.464285714285714080e-02 3.571428571428570883e-04 3.571428571428570883e-04 1.821428571428571064e-02 3.571428571428570883e-04 3.571428571428570883e-04 6.107142857142856124e-02 3.571428571428570883e-04 3.967857142857141861e-01 1.789285714285714091e-01 3.571428571428570883e-04 3.571428571428570883e-04 3.571428571428570883e-04
4.587155963302752548e-04 4.587155963302752548e-04 4.587155963302752548e-04 4.587155963302752548e-04 7.385321100917431603e-02 4.587155963302752548e-04 5.091743119266054635e-02 1.243119266055045941e-01 1.013761467889908313e-01 1.931192660550458684e-01 9.633027522935780351e-03 5.045871559633027803e-03 4.587155963302752548e-04 4.587155963302752548e-04 4.587155963302752548e-04 4.587155963302752548e-04 4.587155963302752548e-04 1.422018348623853290e-02 1.472477064220183429e-01 3.256880733944954309e-02 4.587155963302752548e-04 1.243119266055045941e-01 4.587155963302752548e-04 4.587155963302752548e-04 4.587155963302752548e-04 4.587155963302752548e-04 4.587155963302752548e-04 2.798165137614678707e-02 4.587155963302752548e-04 8.761467889908257367e-02
7.936507936507938669e-04 8.730158730158732103e-03 7.936507936507938669e-04 7.936507936507938669e-04 7.936507936507938669e-04 7.936507936507938669e-04 8.730158730158732103e-03 7.936507936507938669e-04 7.936507936507938669e-04 2.460317460317460944e-02 1.666666666666666990e-02 7.936507936507938669e-04 7.936507936507938669e-04 7.936507936507938669e-04 7.936507936507938669e-04 7.936507936507938669e-04 7.936507936507938669e-04 2.071428571428572118e-01 3.976190476190477052e-01 7.936507936507938669e-04 7.936507936507938669e-04 7.936507936507938669e-04 7.936507936507938669e-04 7.936507936507938669e-04 7.936507936507938669e-04 1.833333333333333759e-01 1.357142857142857595e-01 7.936507936507938669e-04 7.936507936507938669e-04 7.936507936507938669e-04
3.999999999999998349e-03 3.636363636363635059e-04 3.636363636363635059e-04 1.494545454545453955e-01 3.636363636363635059e-04 3.636363636363635059e-04 3.636363636363635059e-04 3.636363636363635059e-04 3.636363636363635059e-04 8.763636363636360949e-02 3.636363636363635059e-04 3.636363636363635059e-04 1.490909090909090136e-02 3.636363636363635059e-04 7.636363636363633842e-03 3.636363636363635059e-04 2.945454545454544160e-02 3.636363636363635059e-04 3.999999999999998349e-03 7.636363636363633842e-03 4.399999999999998357e-02 3.636363636363635059e-04 1.385454545454544995e-01 2.658181818181816758e-01 3.636363636363635059e-04 2.403636363636362516e-01 3.636363636363635059e-04 3.636363636363635059e-04 3.636363636363635059e-04 3.636363636363635059e-04
1.438356164383561980e-02 6.849315068493152907e-04 6.849315068493152907e-04 7.534246575342467764e-03 2.883561643835617083e-01 6.849315068493152907e-04 7.534246575342467764e-03 6.849315068493152907e-04 6.849315068493152907e-04 6.849315068493152907e-04 3.493150684931507072e-02 6.849315068493152907e-04 6.849315068493152907e-04 6.849315068493152907e-04 6.849315068493152907e-04 6.849315068493152907e-04 6.849315068493152907e-04 6.849315068493152907e-04 7.534246575342467764e-03 6.849315068493152907e-04 6.232876712328767888e-02 3.773972602739726900e-01 6.849315068493152907e-04 6.849315068493152907e-04 6.849315068493152907e-04 1.650684931506849751e-01 6.849315068493152907e-04 2.123287671232877358e-02 6.849315068493152907e-04 6.849315068493152907e-04
2.717391304347826120e-04 7.092391304347826775e-02 2.717391304347826120e-04 2.717391304347826120e-04 2.717391304347826120e-04 2.717391304347826120e-04 5.706521739130434798e-03 2.717391304347826120e-04 2.717391304347826120e-04 1.929347826086956486e-02 4.375000000000000416e-02 2.717391304347826120e-04 2.717391304347826120e-04 2.717391304347826120e-04 5.706521739130434798e-03 2.717391304347826120e-04 1.657608695652173711e-02 3.831521739130434867e-02 2.717391304347826120e-04 1.385869565217391283e-02 1.741847826086956319e-01 2.717391304347826120e-04 1.796195652173912805e-01 1.035326086956521729e-01 2.989130434782608786e-03 7.635869565217391630e-02 2.149456521739130377e-01 2.472826086956521688e-02 2.717391304347826120e-04 5.706521739130434798e-03
3.773584905660376629e-04 3.773584905660376629e-04 3.773584905660376629e-04 1.169811320754716825e-02 3.773584905660376629e-04 3.773584905660376629e-04 3.773584905660376629e-04 3.773584905660376629e-04 3.773584905660376629e-04 3.773584905660376629e-04 7.924528301886791734e-03 6.830188679245281780e-02 3.773584905660376629e-04 1.135849056603773360e-01 4.566037735849055174e-02 3.773584905660376629e-04 1.249056603773584656e-01 3.773584905660376629e-04 3.773584905660376629e-04 3.773584905660376629e-04 3.773584905660376629e-04 2.301886792452829608e-02 3.773584905660376629e-04 5.588679245283016961e-01 3.773584905660376629e-04 3.056603773584904912e-02 4.150943396226414346e-03 4.150943396226414346e-03 3.773584905660376629e-04 3.773584905660376629e-04
4.444444444444445742e-04 9.333333333333335841e-03 1.822222222222222646e-02 4.444444444444445742e-04 3.600000000000000422e-02 4.888888888888890533e-03 1.822222222222222646e-02 4.444444444444445742e-04 3.600000000000000422e-02 1.648888888888889459e-01 4.444444444444445742e-04 1.822222222222222646e-02 4.444444444444445742e-04 4.444444444444445742e-04 4.444444444444445742e-04 4.444444444444445742e-04 4.444444444444445742e-04 4.444444444444445742e-04 1.377777777777778115e-02 1.026666666666666977e-01 1.822222222222222646e-02 4.933333333333334708e-02 2.048888888888889537e-01 4.888888888888890533e-03 8.488888888888891648e-02 4.444444444444445742e-04 4.444444444444445742e-04 1.160000000000000336e-01 4.888888888888890533e-03 8.933333333333336179e-02
5.059952038369303767e-02 2.398081534772181765e-04 2.398081534772181765e-04 4.100719424460430584e-02 4.580335731414867523e-02 2.637889688249399778e-03 2.398081534772181765e-04 2.398081534772181765e-04 2.398081534772181765e-04 9.136690647482012539e-02 2.637889688249399778e-03 1.321342925659472201e-01 7.434052757793763525e-03 2.398081534772181765e-04 3.887290167865706247e-01 2.398081534772181765e-04 7.434052757793763525e-03 3.141486810551558095e-02 5.779376498800958134e-02 2.398081534772181765e-04 4.580335731414867523e-02 2.398081534772181765e-04 2.398081534772181765e-04 1.942446043165467137e-02 6.978417266187049439e-02 2.637889688249399778e-03 2.398081534772181765e-04 2.398081534772181765e-04 2.398081534772181765e-04 2.398081534772181765e-04
1.962616822429907176e-02 9.345794392523367041e-04 9.345794392523367041e-04 9.345794392523367041e-04 9.345794392523367041e-04 9.345794392523367041e-04 9.345794392523367041e-04 9.345794392523367041e-04 9.345794392523367041e-04 9.345794392523367041e-04 9.345794392523367041e-04 2.897196261682243729e-02 4.775700934579440449e-01 9.345794392523367041e-04 1.224299065420560995e-01 9.345794392523367041e-04 3.831775700934580281e-02 9.345794392523367041e-04 9.345794392523367041e-04 3.831775700934580281e-02 9.345794392523367041e-04 9.345794392523367041e-04 2.897196261682243729e-02 1.028037383177570450e-02 1.962616822429907176e-02 1.028037383177570450e-02 9.345794392523367041e-04 9.345794392523367041e-04 9.345794392523367041e-04 1.878504672897196859e-01
7.098039215686276215e-02 3.921568627450981314e-04 7.490196078431374249e-02 3.176470588235294490e-02 4.313725490196079933e-03 1.215686274509804148e-02 3.921568627450981314e-04 8.235294117647061138e-03 3.921568627450981314e-04 3.921568627450981314e-04 2.670588235294117929e-01 3.568627450980392524e-02 8.235294117647061138e-03 2.709803921568627594e-01 3.921568627450981314e-04 3.921568627450981314e-04 3.921568627450981314e-04 3.921568627450981314e-04 3.176470588235294490e-02 3.921568627450981314e-04 3.921568627450981314e-04 1.215686274509804148e-02 3.921568627450981314e-04 8.235294117647061138e-03 3.921568627450981314e-04 3.921568627450981314e-04 1.572549019607843435e-01 3.921568627450981314e-04 3.921568627450981314e-04 3.921568627450981314e-04
8.122977346278316413e-02 3.236245954692556137e-04 3.559870550161812076e-03 1.297734627831715060e-01 3.236245954692556137e-04 3.559870550161812076e-03 3.559870550161812076e-03 3.236245954692556137e-04 3.236245954692556137e-04 2.944983818770225900e-02 3.236245954692556137e-04 5.857605177993526618e-02 1.588996763754045027e-01 3.236245954692556137e-04 3.236245954692556137e-04 1.330097087378640519e-01 3.559870550161812076e-03 3.236245954692556137e-04 3.236245954692556137e-04 3.236245954692556137e-04 5.210355987055015348e-02 3.236245954692556137e-04 9.093851132686082972e-02 3.236245954692556137e-04 6.796116504854367996e-03 3.236245954692556137e-04 1.650485436893203359e-02 9.741100323624593549e-02 3.236245954692556137e-04 1.265372168284789323e-01
6.896551724137932673e-04 6.896551724137932673e-04 6.896551724137932673e-04 6.896551724137932673e-04 6.896551724137932673e-04 7.655172413793104313e-02 4.206896551724138844e-02 3.517241379310345056e-02 1.317241379310345184e-01 2.137931034482759216e-02 6.896551724137932673e-04 6.896551724137932673e-04 6.896551724137932673e-04 6.896551724137932673e-04 4.206896551724138844e-02 6.896551724137932673e-04 6.896551724137932673e-04 8.344827586206897407e-02 2.420689655172414412e-01 6.896551724137932673e-04 1.662068965517241870e-01 1.041379310344827808e-01 1.448275862068965948e-02 6.896551724137932673e-04 6.896551724137932673e-04 6.896551724137932673e-04 6.896551724137932673e-04 7.586206896551725941e-03 2.137931034482759216e-02 6.896551724137932673e-04
1.000000000000000238e-03 1.000000000000000238e-03 1.000000000000000238e-03 3.210000000000001186e-01 1.110000000000000292e-01 1.100000000000000457e-02 1.000000000000000238e-03 1.000000000000000238e-03 1.100000000000000457e-02 1.000000000000000238e-03 1.000000000000000238e-03 1.810000000000000775e-01 1.000000000000000238e-03 1.000000000000000238e-03 1.100000000000000457e-02 8.100000000000001643e-02 1.000000000000000238e-03 1.000000000000000238e-03 1.100000000000000457e-02 1.000000000000000238e-03 1.000000000000000238e-03 1.000000000000000238e-03 3.100000000000001019e-02 1.710000000000000686e-01 2.100000000000000824e-02 1.000000000000000238e-03 1.000000000000000238e-03 1.000000000000000238e-03 1.000000000000000238e-03 2.100000000000000824e-02
8.568588469184888756e-02 3.200795228628230266e-02 1.850894632206759038e-01 1.988071570576540551e-04 1.988071570576540551e-04 2.186878727634194389e-03 1.988071570576540551e-04 1.988071570576540551e-04 1.988071570576540551e-04 1.988071570576540551e-04 2.186878727634194389e-03 1.691848906560635690e-01 1.988071570576540551e-04 1.988071570576540551e-04 1.988071570576540551e-04 1.988071570576540551e-04 1.411530815109343466e-02 1.988071570576540551e-04 3.001988071570575733e-02 1.988071570576540551e-04 1.988071570576540551e-04 4.393638170974154683e-02 1.353876739562623888e-01 1.013916500994035443e-02 3.598409542743537942e-02 1.988071570576540551e-04 2.168986083499005457e-01 1.212723658051689454e-02 1.988071570576540551e-04 2.206759443339959686e-02
5.586592178770951418e-04 5.586592178770951418e-04 5.586592178770951418e-04 1.905027932960894343e-01 1.173184357541899592e-02 5.586592178770951418e-04 5.586592178770951418e-04 5.586592178770951418e-04 5.586592178770951418e-04 5.586592178770951418e-04 5.586592178770951418e-04 5.586592178770951418e-04 5.586592178770951418e-04 5.586592178770951418e-04 1.731843575418994668e-02 3.022346368715084219e-01 5.586592178770951418e-04 6.145251396648046018e-03 5.586592178770951418e-04 5.586592178770951418e-04 5.586592178770951418e-04 5.586592178770951418e-04 5.586592178770951418e-04 2.290502793296089398e-02 5.586592178770951418e-04 5.586592178770951418e-04 6.145251396648046018e-03 5.586592178770951418e-04 1.173184357541899592e-02 4.195530726256983534e-01
1.568322981366459395e-02 9.642857142857141906e-02 1.552795031055900408e-04 2.344720496894409437e-02 1.552795031055900408e-04 1.552795031055900408e-04 1.552795031055900408e-04 1.552795031055900408e-04 6.366459627329190858e-03 7.919254658385091808e-03 1.552795031055900408e-04 1.756211180124223337e-01 1.878881987577639412e-02 7.313664596273290741e-02 1.708074534161490611e-03 1.552795031055900408e-04 7.468944099378881096e-02 4.518633540372669899e-02 1.552795031055900408e-04 1.708074534161490611e-03 1.552795031055900408e-04 1.102484472049689197e-02 1.461180124223602217e-01 1.552795031055900408e-04 7.919254658385091808e-03 1.723602484472049404e-02 1.552795031055900408e-04 3.121118012422359825e-02 1.413043478260869214e-02 2.299689440993788192e-01
3.300330033003299286e-04 3.300330033003299286e-04 1.026402640264026112e-01 3.300330033003299286e-04 3.300330033003299286e-04 1.023102310231022681e-02 2.874587458745873070e-01 3.300330033003299286e-04 3.300330033003299286e-04 1.356435643564355975e-01 8.943894389438941661e-02 5.643564356435641638e-02 3.300330033003299286e-04 3.300330033003299286e-04 3.300330033003299286e-04 3.300330033003299286e-04 6.930693069306928175e-03 8.283828382838280546e-02 3.300330033003299286e-04 3.300330033003299286e-04 4.653465346534651353e-02 3.300330033003299286e-04 3.300330033003299286e-04 2.343234323432342309e-02 3.003300330033002036e-02 3.300330033003299286e-04 3.630363036303629106e-03 3.300330033003299286e-04 3.300330033003299286e-04 1.191419141914191043e-01
3.141592920353982604e-02 4.424778761061947925e-04 4.424778761061947925e-04 4.424778761061947925e-04 4.424778761061947925e-04 4.867256637168142393e-03 4.424778761061947925e-04 4.424778761061947925e-04 4.424778761061947925e-04 1.685840707964602059e-01 4.424778761061947925e-04 1.730088495575221597e-01 4.867256637168142393e-03 4.424778761061947925e-04 4.424778761061947925e-04 1.774336283185840857e-01 4.424778761061947925e-04 4.424778761061947925e-04 4.424778761061947925e-04 4.424778761061947925e-04 1.066371681415929362e-01 9.292035398230090101e-03 4.424778761061947925e-04 4.424778761061947925e-04 1.154867256637168299e-01 4.424778761061947925e-04 4.424778761061947925e-04 4.424778761061947925e-04 4.424778761061947925e-04 1.995575221238938268e-01
3.246753246753247293e-04 6.525974025974028148e-02 3.246753246753247293e-04 5.227272727272729014e-02 3.246753246753247293e-04 3.246753246753247293e-04 3.246753246753247293e-04 3.246753246753247293e-04 3.246753246753247293e-04 3.246753246753247293e-04 1.334415584415584721e-01 8.149350649350650677e-02 3.246753246753247293e-04 3.246753246753247293e-04 1.331168831168831265e-02 2.730519480519481013e-01 3.246753246753247293e-04 3.246753246753247293e-04 3.246753246753247293e-04 3.246753246753247293e-04 1.655844155844156049e-02 3.246753246753247293e-04 3.246753246753247293e-04 3.246753246753247293e-04 1.107142857142857373e-01 3.571428571428572184e-03 3.246753246753247293e-04 3.246753246753247293e-04 3.246753246753247293e-04 2.438311688311688707e-01
3.649635036496350678e-04 2.956204379562043724e-02 3.649635036496350678e-04 1.131386861313868689e-02 4.014598540145985529e-03 7.664233576642335774e-03 3.649635036496350678e-04 3.649635036496350678e-04 3.649635036496350678e-04 3.649635036496350678e-04 3.649635036496350678e-04 6.240875912408759552e-02 3.649635036496350678e-04 4.014598540145985529e-03 4.014598540145985529e-03 6.605839416058394142e-02 3.649635036496350678e-04 3.649635036496350678e-04 3.649635036496350678e-04 1.496350364963503453e-02 3.649635036496350678e-04 1.861313868613138564e-02 8.065693430656935281e-02 3.649635036496350678e-04 3.649635036496350678e-04 2.558394160583941646e-01 3.649635036496350678e-04 5.145985401459853698e-02 5.875912408759124267e-02 3.251824817518247923e-01
3.928571428571427104e-03 8.964285714285710749e-02 1.821428571428570717e-02 3.571428571428570341e-04 3.571428571428570341e-04 3.571428571428570341e-04 3.571428571428570341e-04 6.821428571428568566e-02 6.464285714285712692e-02 3.571428571428570341e-04 3.928571428571427104e-03 3.571428571428570341e-04 3.503571428571427004e-01 3.571428571428570341e-04 3.571428571428570341e-04 7.499999999999997120e-03 2.178571428571427632e-02 3.571428571428570341e-04 3.571428571428570341e-04 3.571428571428570341e-04 1.464285714285713629e-02 2.896428571428569798e-01 3.571428571428570341e-04 3.571428571428570341e-04 3.571428571428570341e-04 3.928571428571427104e-03 1.464285714285713629e-02 3.571428571428570341e-04 1.107142857142856714e-02 3.249999999999998723e-02
6.134969325153375678e-04 6.134969325153375678e-04 6.134969325153375678e-04 6.134969325153375678e-04 6.134969325153375678e-04 1.288343558282208784e-02 2.521472392638037241e-01 6.134969325153375678e-04 6.196319018404908979e-02 9.263803680981597122e-02 5.582822085889571628e-02 1.288343558282208784e-02 6.134969325153375678e-04 4.355828220858896233e-02 1.901840490797546482e-02 6.134969325153375678e-04 6.134969325153375678e-04 6.134969325153375678e-04 6.134969325153375678e-04 7.423312883435584375e-02 6.748466257668713462e-03 6.134969325153375678e-04 6.748466257668713462e-03 2.515337423312883486e-02 1.288343558282208784e-02 2.515337423312883486e-02 2.092024539877301026e-01 1.288343558282208784e-02 6.748466257668713462e-03 6.196319018404908979e-02
2.906976744186047013e-04 2.906976744186047013e-04 2.906976744186047013e-04 2.906976744186047013e-04 5.552325581395350235e-02 9.011627906976746663e-03 2.906976744186047013e-04 2.906976744186047013e-04 2.906976744186047013e-04 2.354651162790697902e-02 2.906976744186047013e-04 4.389534883720930952e-02 2.906976744186047013e-04 2.906976744186047013e-04 2.906976744186047013e-04 2.037790697674418672e-01 2.906976744186047013e-04 2.906976744186047013e-04 3.197674418604651986e-03 2.906976744186047013e-04 2.645348837209302723e-02 2.906976744186047013e-04 9.011627906976746663e-03 2.906976744186047013e-04 2.354651162790697902e-02 2.906976744186047013e-04 2.906976744186047013e-04 4.680232558139536120e-02 2.906976744186047013e-04 5.497093023255814614e-01
4.524886877828055570e-04 1.402714932126697227e-02 2.312217194570136414e-01 4.524886877828055570e-04 4.524886877828055570e-04 4.524886877828055570e-04 4.524886877828055570e-04 1.855203619909502610e-02 1.855203619909502610e-02 4.524886877828055570e-04 3.398190045248869473e-01 2.307692307692308167e-02 4.524886877828055570e-04 4.524886877828055570e-04 4.524886877828055570e-04 4.570135746606335952e-02 4.524886877828055570e-04 1.402714932126697227e-02 3.212669683257918934e-02 7.737556561085975892e-02 4.570135746606335952e-02 4.524886877828055570e-04 8.190045248868781103e-02 4.524886877828055570e-04 1.402714932126697227e-02 4.524886877828055570e-04 4.524886877828055570e-04 4.524886877828055570e-04 3.665158371040724838e-02 4.524886877828055570e-04
3.156626506024094725e-02 2.409638554216866544e-04 2.409638554216866544e-04 2.650602409638553279e-03 2.433734939759035071e-02 1.469879518072288518e-02 2.409638554216866544e-04 3.879518072289155073e-02 2.409638554216866544e-04 9.879518072289152422e-03 3.156626506024094725e-02 6.048192771084335423e-02 1.038554216867469543e-01 1.640963855421685991e-01 2.409638554216866544e-04 2.409638554216866544e-04 2.409638554216866544e-04 2.409638554216866544e-04 1.951807228915661621e-02 2.409638554216866544e-04 7.012048192771082322e-02 4.243373493975901578e-01 2.409638554216866544e-04 2.409638554216866544e-04 2.409638554216866544e-04 2.409638554216866544e-04 2.409638554216866544e-04 2.409638554216866544e-04 2.409638554216866544e-04 2.409638554216866544e-04
3.322259136212624771e-04 3.322259136212624771e-04 8.338870431893688484e-02 3.322259136212624771e-04 3.322259136212624771e-04 3.322259136212624771e-04 3.322259136212624771e-04 3.322259136212624771e-04 3.322259136212624771e-04 3.322259136212624771e-04 3.654485049833887302e-03 3.322259136212624771e-04 3.654485049833887302e-03 3.322259136212624771e-04 3.322259136212624771e-04 3.654485049833887302e-03 3.322259136212624771e-04 3.322259136212624771e-04 3.322259136212624771e-04 3.322259136212624771e-04 4.684385382059800401e-02 4.352159468438537848e-02 3.322259136212624771e-04 3.322259136212624771e-04 3.322259136212624771e-04 3.657807308970099647e-01 3.322259136212624771e-04 5.016611295681062954e-02 1.631229235880398698e-01 2.295681063122923526e-01
3.355704697986577542e-04 1.040268456375838951e-02 3.355704697986577542e-04 3.355704697986577542e-04 7.046979865771811971e-03 1.375838926174496532e-02 3.355704697986577542e-04 3.355704697986577542e-04 3.355704697986577542e-04 1.110738255033557054e-01 3.355704697986577542e-04 1.110738255033557054e-01 3.355704697986577542e-04 1.144295302013422916e-01 3.691275167785235296e-03 3.355704697986577542e-04 3.355704697986577542e-04 1.375838926174496532e-02 3.355704697986577542e-04 3.355704697986577542e-04 3.355704697986577542e-04 3.355704697986577542e-04 1.043624161073825607e-01 3.355704697986577542e-04 3.053691275167785130e-02 3.355704697986577542e-04 3.355704697986577542e-04 9.429530201342282980e-02 3.691275167785235296e-03 3.761744966442953086e-01
2.688172043010752144e-04 1.908602150537633615e-02 1.266129032258064280e-01 2.688172043010752144e-04 2.688172043010752144e-04 9.973118279569889721e-02 1.534946236559139310e-01 2.688172043010752144e-04 2.688172043010752144e-04 2.956989247311827412e-03 2.688172043010752144e-04 2.771505376344085003e-01 2.688172043010752144e-04 3.521505376344084837e-02 2.688172043010752144e-04 2.688172043010752144e-04 2.688172043010752144e-04 8.091397849462363123e-02 2.715053763440859400e-02 2.956989247311827412e-03 2.688172043010752144e-04 2.956989247311827412e-03 2.688172043010752144e-04 2.688172043010752144e-04 2.688172043010752144e-04 2.688172043010752144e-04 5.672043010752687159e-02 2.688172043010752144e-04 5.403225806451611435e-02 5.672043010752687159e-02
3.496503496503495416e-04 3.496503496503495416e-04 3.496503496503495416e-04 5.279720279720277742e-02 3.496503496503495416e-04 3.496503496503495416e-04 3.496503496503495416e-04 3.496503496503495416e-04 3.496503496503495416e-04 4.230769230769228922e-02 3.496503496503495416e-04 1.786713286713285942e-01 3.496503496503495416e-04 2.136363636363635687e-01 3.496503496503495416e-04 3.496503496503495416e-04 1.332167832167831800e-01 4.580419580419578529e-02 3.496503496503495416e-04 5.629370629370627349e-02 3.496503496503495416e-04 3.181818181818180102e-02 3.496503496503495416e-04 1.856643356643356002e-01 3.496503496503495416e-04 5.279720279720277742e-02 3.496503496503495416e-04 3.496503496503495416e-04 3.496503496503495416e-04 3.496503496503495416e-04
