3.289473684210526242e-04 9.901315789473684459e-02 3.289473684210526242e-04 6.319078947368420573e-01 1.516447368421052766e-01 1.677631578947368432e-02 5.296052631578947872e-02 3.289473684210526242e-04 4.638157894736841952e-02 3.289473684210526242e-04
1.257668711656441569e-02 3.990797546012269659e-01 3.067484662576687297e-04 3.067484662576687297e-04 2.177914110429447769e-02 8.619631901840490995e-02 3.067484662576687297e-04 3.067484662576687297e-04 4.481595092024539539e-01 3.098159509202453796e-02
5.115131578947367669e-02 1.809210526315789243e-03 1.990131578947368016e-02 5.444078947368419935e-02 2.550986842105262831e-01 8.404605263157893802e-02 4.458881578947367919e-01 1.644736842105262850e-04 2.483552631578946762e-02 6.266447368421051989e-02
4.206896551724138844e-02 6.896551724137932673e-04 7.179310344827587453e-01 6.896551724137932673e-04 4.206896551724138844e-02 1.041379310344827808e-01 6.965517241379311220e-02 2.137931034482759216e-02 6.896551724137932673e-04 6.896551724137932673e-04
2.695417789757412652e-04 2.964959568733153972e-03 2.644204851752021135e-01 2.964959568733153972e-03 8.652291105121294457e-02 8.113207547169812295e-02 5.177897574123988544e-01 2.452830188679245085e-02 1.374663072776280241e-02 5.660377358490566516e-03
1.329787234042553213e-04 1.329787234042553213e-04 4.442819148936170692e-01 5.452127659574467280e-03 1.462765957446808670e-03 2.767287234042553057e-01 1.105053191489361597e-01 8.257978723404255095e-02 5.731382978723404548e-02 2.140957446808510953e-02
3.448275862068965795e-04 2.793103448275861822e-02 5.210344827586206318e-01 3.827586206896551463e-02 3.448275862068965795e-04 3.482758620689654916e-02 5.896551724137931438e-02 3.175862068965517038e-01 3.448275862068965795e-04 3.448275862068965795e-04
7.795918367346940658e-02 4.085714285714285854e-01 2.738775510204081720e-01 8.571428571428573590e-03 4.081632653061225183e-04 4.489795918367347864e-03 2.081632653061224469e-02 4.489795918367347864e-03 6.571428571428572507e-02 1.351020408163265407e-01
3.389830508474576498e-04 1.728813559322033705e-02 6.240677966101694230e-01 3.728813559322034094e-03 6.135593220338983467e-02 7.152542372881356969e-02 3.728813559322034094e-03 1.732203389830508644e-01 4.101694915254237156e-02 3.728813559322034094e-03
3.205128205128205125e-04 1.060897435897435875e-01 9.647435897435897856e-02 5.801282051282051488e-02 3.112179487179487225e-01 2.596153846153845951e-02 3.721153846153845701e-01 3.205128205128205125e-04 3.525641025641026126e-03 2.596153846153845951e-02
6.064257028112450543e-02 4.016064257028113165e-04 1.971887550200803474e-01 4.016064257028113165e-04 2.048192771084337421e-02 4.016064257028113165e-04 3.337349397590361755e-01 3.698795180722891929e-01 4.016064257028113165e-04 1.646586345381526040e-02
6.409774436090226457e-02 1.879699248120300864e-04 1.994360902255639112e-01 9.586466165413533649e-03 3.966165413533834921e-02 2.633458646616541055e-01 2.783834586466165106e-01 7.913533834586466975e-02 5.093984962406015310e-02 1.522556390977443559e-02
2.709580838323353419e-02 1.362275449101796321e-02 2.426646706586826352e-01 1.212574850299401145e-02 6.751497005988024713e-02 1.378742514970059674e-01 4.417664670658683068e-01 9.131736526946107949e-03 4.805389221556886220e-02 1.497005988023952078e-04
3.267973856209150643e-04 3.267973856209150643e-04 1.702614379084967378e-01 3.267973856209150643e-04 1.114379084967320327e-01 4.807189542483659705e-01 1.702614379084967378e-01 6.568627450980392413e-02 3.267973856209150643e-04 3.267973856209150643e-04
2.706935123042505595e-02 2.237136465324384847e-04 4.697986577181208559e-03 6.957494407158837380e-02 2.237136465324384847e-04 5.838926174496644750e-02 2.237136465324384847e-04 2.776286353467561363e-01 3.089485458612975521e-01 2.530201342281879207e-01
5.000000000000000104e-04 5.500000000000000548e-03 4.804999999999999827e-01 1.255000000000000004e-01 1.755000000000000171e-01 1.050000000000000065e-02 1.355000000000000093e-01 4.549999999999999878e-02 2.049999999999999739e-02 5.000000000000000104e-04
1.485507246376811460e-02 3.623188405797101493e-04 2.576086956521738691e-01 3.623188405797101493e-04 4.384057971014492655e-02 1.307971014492753659e-01 3.623188405797101493e-04 5.221014492753622838e-01 2.572463768115941865e-02 3.985507246376812293e-03
3.194888178913738103e-04 3.194888178913738103e-04 7.095846645367411831e-01 3.194888178913738103e-04 4.824281150159744069e-02 9.616613418530352286e-02 2.907348242811501338e-02 9.616613418530352286e-02 1.948881789137379972e-02 3.194888178913738103e-04
1.866279069767441956e-01 4.127906976744186163e-02 1.110465116279069908e-01 2.912790697674418894e-01 2.383720930232557933e-02 1.401162790697674521e-01 1.982558139534883745e-01 6.395348837209303104e-03 5.813953488372092943e-04 5.813953488372092943e-04
3.258064516129031973e-02 2.612903225806451415e-02 3.583870967741935032e-01 3.225806451612903223e-04 5.193548387096774688e-02 3.225806451612903223e-04 3.225806451612903223e-04 5.293548387096773666e-01 3.225806451612903223e-04 3.225806451612903223e-04
8.701298701298702809e-02 2.948051948051947924e-01 2.341991341991342401e-01 4.329004329004329543e-04 4.329004329004329543e-04 4.329004329004329543e-04 4.329004329004329543e-04 1.476190476190476497e-01 1.086580086580086757e-01 1.259740259740259882e-01
4.048582995951417371e-04 4.048582995951417371e-04 2.230769230769230893e-01 2.554655870445344257e-01 4.453441295546559271e-03 6.923076923076923461e-02 2.554655870445344257e-01 6.113360323886639358e-02 4.048582995951417371e-04 1.299595141700404799e-01
4.098360655737705457e-04 1.561475409836065864e-01 4.098360655737705457e-04 8.647540983606559484e-02 4.676229508196721452e-01 4.508196721311476599e-03 2.381147540983606925e-01 4.098360655737705457e-04 1.270491803278688686e-02 3.319672131147541339e-02
1.367292225201072360e-02 1.048257372654155528e-01 1.021447721179624679e-01 8.310991957104557279e-03 4.265415549597855183e-01 8.069705093833780263e-02 1.986595174262734409e-01 2.680965147453083378e-04 8.310991957104557279e-03 5.656836461126005938e-02
6.800000000000000488e-02 3.076923076923077029e-04 3.541538461538461524e-01 3.384615384615384786e-03 9.261538461538461331e-02 6.461538461538462140e-03 2.064615384615384464e-01 2.587692307692307514e-01 9.538461538461539060e-03 3.076923076923077029e-04
1.930501930501930493e-04 1.370656370656370658e-02 1.179536679536679622e-01 3.361003861003861171e-01 8.899613899613899315e-02 1.797297297297297258e-01 2.722007722007721911e-02 1.949806949806949866e-02 1.314671814671814487e-01 8.513513513513513986e-02
4.485294117647058848e-02 1.625000000000000056e-01 7.352941176470588133e-04 3.977941176470588536e-01 6.691176470588235115e-02 1.257352941176470562e-01 7.352941176470588133e-04 7.352941176470588133e-04 8.088235294117647814e-03 1.919117647058823650e-01
9.454094292803970345e-02 4.987593052109181441e-02 1.193548387096774188e-01 2.009925558312655042e-02 3.250620347394540810e-02 2.037220843672456483e-01 1.119106699751861028e-01 6.972704714640198809e-02 1.193548387096774188e-01 1.789081885856079190e-01
5.549450549450549164e-02 1.269230769230769440e-01 5.494505494505494501e-04 3.686813186813186483e-01 2.038461538461538436e-01 1.269230769230769440e-01 4.450549450549450697e-02 6.098901098901098744e-02 5.494505494505494501e-04 1.153846153846153910e-02
5.347593582887700658e-04 5.347593582887700658e-04 3.796791443850267012e-02 1.449197860962566919e-01 1.235294117647058876e-01 1.235294117647058876e-01 5.347593582887700658e-04 2.839572192513368787e-01 5.347593582887700658e-04 2.839572192513368787e-01
3.571428571428571425e-04 3.964285714285713941e-02 4.860714285714285432e-01 2.178571428571428326e-02 8.607142857142857650e-02 2.324999999999999845e-01 1.325000000000000067e-01 3.571428571428571425e-04 3.571428571428571425e-04 3.571428571428571425e-04
5.655430711610486688e-02 7.865168539325843172e-03 2.925093632958801204e-01 3.745318352059925243e-04 4.119850187265917604e-03 4.235955056179774858e-01 1.426966292134831393e-01 7.153558052434456915e-02 3.745318352059925243e-04 3.745318352059925243e-04
3.283582089552239056e-03 2.985074626865671672e-04 4.599999999999999645e-01 8.089552238805970685e-02 7.194029850746269661e-02 2.570149253731343064e-01 1.256716417910447858e-01 2.985074626865671672e-04 2.985074626865671672e-04 2.985074626865671672e-04
9.453124999999999722e-02 2.273437500000000111e-01 4.765624999999999722e-02 7.812500000000000434e-04 7.812500000000000434e-04 8.593750000000000694e-03 7.812500000000000434e-04 1.640625000000000069e-02 6.023437499999999556e-01 7.812500000000000434e-04
4.048582995951417914e-04 4.048582995951417914e-04 4.659919028340081537e-01 4.048582995951417914e-04 2.064777327935223006e-02 1.502024291497976172e-01 2.635627530364372806e-01 9.757085020242917128e-02 4.048582995951417914e-04 4.048582995951417914e-04
3.628043660789253000e-01 1.435768261964735608e-02 8.396305625524770231e-05 3.198992443324936985e-02 1.435768261964735608e-02 5.214105793450881515e-02 1.183879093198992455e-02 1.855583543240973965e-02 4.081444164567590294e-01 8.572628043660789066e-02
5.022831050228311264e-03 1.283105022831050324e-01 1.694063926940639619e-01 4.566210045662101396e-04 1.511415525114155611e-01 3.794520547945205435e-01 1.374429223744292605e-01 2.328767123287671381e-02 4.566210045662101396e-04 5.022831050228311264e-03
3.225806451612903223e-04 3.225806451612903223e-04 2.293548387096774055e-01 3.225806451612903223e-04 1.229032258064516187e-01 4.358064516129032118e-01 1.100000000000000006e-01 6.483870967741936497e-02 3.225806451612903223e-04 3.580645161290322426e-02
2.795275590551181411e-02 3.937007874015748519e-04 4.330708661417323642e-03 3.976377952755905804e-02 4.137795275590551158e-01 8.700787401574804070e-02 3.507874015748031482e-01 3.937007874015748519e-04 7.519685039370080371e-02 3.937007874015748519e-04
3.816793893129770952e-04 3.438931297709923451e-01 1.301526717557252022e-01 8.015267175572519595e-03 4.198473282442748318e-03 3.816793893129770952e-04 1.072519083969465659e-01 5.763358778625954359e-02 2.522900763358778553e-01 9.580152671755726157e-02
3.623188405797101493e-04 1.597826086956521674e-01 3.623188405797101493e-04 9.456521739130435700e-02 3.659420289855072617e-02 3.623188405797101493e-04 4.423913043478260865e-01 2.105072463768115909e-01 3.623188405797101493e-04 5.471014492753623060e-02
1.291411042944785315e-01 3.067484662576687297e-04 3.067484662576687297e-04 1.751533742331288501e-01 2.058282208588956830e-01 8.619631901840490995e-02 2.794478527607361928e-01 1.046012269938650374e-01 1.564417177914110418e-02 3.374233128834356298e-03
3.846153846153846151e-04 3.846153846153846151e-04 2.849999999999999756e-01 3.846153846153846151e-04 1.961538461538461439e-02 2.734615384615384226e-01 3.349999999999999645e-01 3.846153846153846151e-04 8.500000000000000611e-02 3.846153846153846151e-04
5.235602094240838231e-04 5.287958115183246516e-02 3.460732984293193870e-01 5.235602094240838231e-04 1.261780104712042216e-01 4.298429319371728230e-01 5.235602094240838231e-04 5.759162303664923030e-03 3.717277486910994938e-02 5.235602094240838231e-04
1.359281437125748337e-01 6.469061876247504950e-01 1.996007984031936285e-04 4.191616766467066470e-03 1.996007984031936285e-04 1.996007984031936285e-04 2.015968063872255328e-02 4.191616766467066470e-03 1.818363273453093565e-01 6.187624750499002430e-03
1.487288135593220484e-01 2.546610169491525522e-01 3.266949152542373280e-01 4.237288135593221300e-04 8.898305084745764676e-03 3.432203389830508489e-02 4.237288135593221300e-04 4.237288135593221300e-04 1.953389830508474867e-01 3.008474576271186543e-02
3.642384105960265114e-03 3.311258278145695361e-04 6.460264900662251453e-01 3.311258278145695361e-04 4.999999999999999584e-02 2.387417218543046171e-01 3.675496688741721613e-02 3.642384105960265114e-03 2.019867549668874149e-02 3.311258278145695361e-04
1.740614334470989497e-02 4.713310580204778111e-01 6.518771331058020868e-02 3.412969283276450546e-04 4.812286689419795205e-02 3.412969283276450546e-04 1.812286689419795316e-01 3.412969283276450546e-04 2.153583617747440448e-01 3.412969283276450546e-04
2.762430939226519547e-04 3.038674033149171665e-03 3.895027624309391895e-02 2.488950276243093729e-01 2.762430939226519547e-04 1.660220994475138101e-01 2.516574585635358852e-01 8.591160220994475960e-02 5.552486187845304122e-02 1.494475138121547086e-01
1.161048689138576874e-02 3.745318352059925243e-04 4.722846441947565199e-01 3.745318352059925243e-04 1.014981273408239737e-01 6.404494382022472843e-02 1.876404494382022392e-01 1.127340823970037487e-01 4.157303370786516461e-02 7.865168539325843172e-03
4.350797266514806749e-02 4.466970387243735519e-01 7.539863325740318867e-02 1.845102505694760572e-02 2.756264236902049997e-02 2.277904328018223344e-04 1.300683371298405611e-01 2.277904328018223344e-04 1.505694760820045497e-01 1.072892938496583237e-01
1.249221183800623136e-01 5.018691588785046953e-01 6.573208722741433196e-02 3.426791277258567445e-03 3.115264797507788291e-04 3.115264797507788291e-04 1.560747663551401987e-01 3.115264797507788291e-04 1.467289719626168332e-01 3.115264797507788291e-04
1.014450867052023170e-01 2.979768786127167668e-01 2.315028901734103861e-01 2.890173410404624460e-04 2.890173410404624460e-04 2.341040462427745536e-02 4.942196531791907821e-02 2.890173410404624460e-04 2.286127167630057633e-01 6.676300578034682909e-02
1.010101010101010100e-03 1.323232323232323149e-01 2.434343434343434476e-01 1.010101010101010100e-03 1.010101010101010100e-03 1.929292929292929504e-01 2.636363636363636687e-01 2.121212121212121340e-02 1.424242424242424254e-01 1.010101010101010100e-03
2.762430939226519547e-04 3.038674033149171665e-03 2.295580110497237314e-01 2.571823204419889097e-01 3.618784530386739973e-02 1.577348066298342455e-01 1.052486187845303872e-01 5.000000000000000278e-02 1.604972375690607855e-01 2.762430939226519547e-04
6.157563025210083252e-01 4.852941176470587648e-02 2.100840336134453365e-04 2.100840336134453365e-04 4.852941176470587648e-02 9.054621848739494161e-02 6.113445378151259602e-02 2.100840336134453365e-04 1.346638655462184531e-01 2.100840336134453365e-04
9.923780487804877148e-02 1.524390243902439023e-04 2.608231707317072989e-01 1.524390243902439023e-04 1.844512195121951123e-02 2.242378048780487854e-01 3.324695121951219412e-01 3.368902439024390461e-02 3.064024390243902732e-02 1.524390243902439023e-04
3.581560283687942881e-02 2.556737588652481796e-01 2.946808510638297407e-01 7.446808510638298212e-03 3.546099290780142083e-04 1.808510638297872175e-02 1.989361702127659670e-01 5.354609929078014280e-02 1.351063829787234050e-01 3.546099290780142083e-04
2.716049382716049718e-03 2.469135802469135861e-04 5.064197530864197327e-01 2.469135802469135861e-04 2.000000000000000042e-02 4.469135802469136054e-02 1.212345679012345745e-01 2.199999999999999734e-01 8.419753086419753951e-02 2.469135802469135861e-04
9.538461538461539060e-03 3.076923076923077029e-04 1.972307692307692095e-01 7.415384615384615352e-02 1.079999999999999988e-01 4.218461538461538152e-01 3.076923076923077029e-04 1.018461538461538501e-01 8.646153846153846467e-02 3.076923076923077029e-04
5.154639175257732077e-04 2.628865979381442980e-02 4.025773195876288235e-01 1.087628865979381465e-01 5.154639175257732077e-04 1.499999999999999944e-01 5.154639175257732077e-04 3.097938144329897003e-01 5.154639175257732077e-04 5.154639175257732077e-04
7.042253521126760939e-04 7.042253521126760939e-04 5.781690140845070491e-01 7.042253521126760939e-04 2.887323943661971454e-02 7.816901408450703526e-02 1.556338028169014231e-01 1.556338028169014231e-01 7.042253521126760939e-04 7.042253521126760939e-04
3.921568627450981314e-04 3.921568627450981314e-04 6.866666666666667584e-01 9.058823529411766384e-02 4.352941176470588591e-02 6.313725490196080148e-02 8.274509803921570317e-02 3.176470588235294490e-02 3.921568627450981314e-04 3.921568627450981314e-04
7.407407407407408124e-04 3.777777777777777818e-02 7.407407407407408124e-04 3.037037037037036702e-02 1.637037037037037124e-01 5.999999999999999778e-02 2.377777777777777823e-01 1.266666666666666774e-01 1.340740740740740955e-01 2.081481481481481655e-01
3.636363636363636686e-04 3.636363636363636686e-04 6.294545454545454888e-01 3.636363636363636686e-04 7.636363636363636444e-03 3.672727272727272646e-02 1.821818181818181948e-01 6.218181818181818532e-02 6.581818181818181734e-02 1.490909090909090830e-02
2.341920374707259951e-04 1.220140515222482430e-01 2.341920374707259951e-04 1.662763466042154609e-02 1.126463700234192067e-01 1.360655737704918045e-01 2.344262295081967207e-01 2.341920374707259951e-04 2.341920374707259951e-04 3.772833723653395421e-01
4.115226337448560129e-04 8.641975308641976217e-03 4.942386831275720760e-01 4.526748971193416196e-03 8.641975308641976217e-03 4.115226337448560129e-04 4.115226337448560129e-04 4.366255144032922253e-01 4.156378600823045638e-02 4.526748971193416196e-03
7.678100263852243035e-02 2.638522427440633152e-04 3.960422163588390165e-01 2.638522427440633152e-04 2.928759894459102842e-02 1.084432717678100316e-01 3.192612137203166417e-02 3.195250659630606838e-01 2.902374670184696900e-03 3.456464379947229298e-02
6.162217659137576575e-01 4.537987679671456887e-02 2.053388090349075672e-04 8.418891170431208604e-03 3.100616016427103910e-02 6.386036960985624900e-02 7.207392197125254973e-02 8.418891170431208604e-03 1.275154004106776040e-01 2.689938398357288873e-02
6.894977168949772972e-02 2.926940639269406397e-01 2.835616438356164948e-01 4.566210045662101396e-04 4.566210045662101396e-04 1.415525114155251341e-02 1.328767123287671603e-01 4.566210045662101396e-04 1.328767123287671603e-01 7.351598173515982992e-02
2.196774193548386989e-01 3.225806451612903223e-04 2.067741935483870808e-01 3.225806451612903223e-04 3.225806451612903223e-04 3.225806451612903223e-04 3.809677419354838279e-01 5.838709677419355593e-02 3.258064516129031973e-02 1.003225806451612939e-01
4.219409282700422562e-04 8.860759493670888193e-03 3.042194092827004148e-01 4.219409282700422562e-04 6.371308016877637315e-02 2.873417721518987666e-01 1.308016877637131065e-02 7.637130801687765091e-02 4.219409282700422562e-04 2.451476793248945629e-01
2.053388090349076215e-04 3.511293634496920335e-02 9.466119096509240105e-02 5.770020533880904079e-02 2.279260780287474183e-02 6.180698151950719116e-02 3.903490759753593387e-01 8.418891170431210338e-03 2.671457905544147859e-01 6.180698151950719116e-02
3.984063745019920466e-04 3.984063745019920466e-04 4.824701195219123218e-01 4.382470119521912622e-03 3.984063745019920466e-04 7.211155378486056033e-02 2.394422310756972039e-01 1.478087649402390624e-01 5.219123505976095562e-02 3.984063745019920466e-04
7.342657342657343301e-03 7.377622377622378158e-02 9.825174825174826099e-02 9.125874125874126885e-02 3.496503496503496500e-04 1.821678321678321666e-01 2.835664335664335733e-01 3.496503496503496500e-04 3.496503496503496500e-04 2.625874125874125831e-01
2.897916666666666696e-01 2.083333333333333467e-04 3.770833333333333676e-02 2.083333333333333467e-04 1.270833333333333190e-02 5.437499999999999972e-02 4.522916666666666474e-01 5.645833333333333953e-02 9.604166666666666408e-02 2.083333333333333467e-04
2.625000000000000111e-01 5.952380952380952918e-04 1.613095238095238193e-01 5.952380952380952918e-04 5.952380952380952918e-04 6.547619047619047776e-03 3.874999999999999556e-01 2.440476190476190133e-02 1.553571428571428603e-01 5.952380952380952918e-04
5.871212121212121722e-03 1.893939393939393938e-04 3.789772727272727182e-01 1.534090909090909081e-02 6.079545454545454836e-02 2.653409090909090717e-01 5.511363636363636465e-02 1.912878787878787706e-02 1.876893939393939337e-01 1.155303030303030283e-02
4.098360655737704914e-04 4.098360655737704914e-04 3.651639344262294640e-01 1.274590163934426201e-01 4.959016393442623044e-02 4.098360655737704914e-04 1.643442622950819776e-01 1.766393442622950782e-01 1.151639344262295195e-01 4.098360655737704914e-04
5.181347150259067117e-04 3.160621761658030660e-02 5.699481865284974913e-03 2.544041450777201896e-01 5.181347150259067117e-04 2.124352331606217323e-02 5.181347150259067117e-04 3.580310880829015163e-01 3.678756476683937848e-02 2.906735751295336789e-01
5.181347150259067117e-04 5.699481865284974913e-03 5.031088082901553626e-01 1.404145077720207191e-01 5.181347150259067117e-04 3.160621761658030660e-02 1.507772020725388629e-01 1.041450777202072575e-01 6.269430051813471017e-02 5.181347150259067117e-04
3.086746987951807242e-01 2.409638554216867628e-04 2.674698795180722663e-02 2.409638554216867628e-04 2.409638554216867628e-04 1.038554216867469959e-01 3.689156626506023828e-01 5.566265060240964402e-02 8.216867469879518548e-02 5.325301204819277157e-02
3.558718861209964664e-04 2.170818505338078033e-02 3.558718861209964664e-04 3.914590747330960914e-03 5.373665480427046448e-02 6.441281138790036498e-02 2.526690391459074717e-02 3.238434163701067736e-02 3.419928825622775559e-01 4.558718861209964390e-01
6.498951781970649898e-03 3.794549266247379538e-02 2.746331236897274486e-02 1.406708595387840544e-01 5.471698113207547343e-02 1.511530398322850910e-01 2.979035639412997982e-01 2.096436058700209811e-04 2.746331236897274486e-02 2.559748427672955962e-01
1.468152866242038168e-01 1.404458598726114615e-01 6.687898089171974772e-03 1.942675159235668705e-02 2.009554140127388644e-01 2.328025477707006130e-01 3.184713375796178721e-04 3.184713375796178721e-04 1.882165605095541538e-01 6.401273885350318438e-02
4.651162790697674679e-04 1.446511627906976738e-01 1.586046511627907107e-01 1.679069767441860594e-01 4.651162790697674679e-04 4.651162790697674679e-04 2.609302325581395188e-01 1.446511627906976738e-01 1.027906976744186046e-01 1.906976744186046277e-02
1.785553047404063176e-01 2.914221218961625115e-01 2.257336343115124290e-04 9.255079006772007691e-03 2.257336343115124290e-04 6.794582392776524205e-02 4.740406320541760629e-03 2.257336343115124290e-04 3.817155756207674666e-01 6.568848758465010984e-02
5.405405405405405489e-04 5.405405405405405489e-04 4.059459459459459074e-01 1.356756756756756777e-01 5.945945945945946796e-03 6.540540540540540349e-02 1.086486486486486630e-01 2.059459459459459518e-01 7.081081081081080919e-02 5.405405405405405489e-04
3.623188405797102577e-04 3.623188405797102577e-04 3.590579710144928272e-01 1.847826086956521827e-02 2.934782608695652578e-02 1.597826086956522229e-01 7.282608695652176278e-02 2.721014492753623393e-01 3.623188405797102577e-04 8.731884057971016355e-02
5.290697674418605445e-02 5.813953488372094027e-04 5.005813953488372769e-01 5.813953488372094027e-04 5.813953488372094027e-04 4.127906976744186857e-02 1.802325581395349333e-02 3.843023255813953765e-01 5.813953488372094027e-04 5.813953488372094027e-04
4.329004329004329543e-04 4.329004329004329543e-04 4.549783549783550374e-01 4.329004329004329543e-04 2.207792207792207834e-02 1.086580086580086757e-01 3.506493506493506968e-02 3.770562770562770893e-01 4.329004329004329543e-04 4.329004329004329543e-04
2.423208191126279692e-02 4.812286689419795205e-02 2.187713310580204629e-01 2.255972696245733544e-01 8.225255972696246531e-02 2.051194539249146798e-01 8.225255972696246531e-02 1.095563139931740732e-01 3.412969283276450546e-04 3.754266211604095817e-03
1.149425287356321823e-03 1.149425287356321823e-03 1.149425287356321823e-03 4.379310344827586632e-01 1.149425287356321823e-03 2.540229885057471160e-01 1.149425287356321823e-03 1.965517241379310387e-01 1.149425287356321823e-03 1.045977011494252790e-01
6.644736842105262997e-02 6.578947368421052483e-04 4.940789473684210065e-01 6.578947368421052483e-04 1.059210526315789574e-01 1.782894736842105254e-01 1.519736842105263164e-01 6.578947368421052483e-04 6.578947368421052483e-04 6.578947368421052483e-04
8.036363636363637319e-02 1.567272727272727428e-01 3.636363636363636686e-04 2.258181818181818346e-01 2.839999999999999747e-01 3.636363636363636686e-04 9.490909090909091517e-02 2.581818181818181651e-02 2.945454545454545200e-02 1.021818181818181931e-01
9.803921568627450844e-04 7.941176470588234837e-02 2.058823529411764677e-02 5.205882352941176849e-01 2.656862745098039214e-01 1.078431372549019766e-02 6.960784313725490446e-02 3.039215686274509762e-02 9.803921568627450844e-04 9.803921568627450844e-04
2.488687782805430130e-03 5.703619909502262164e-01 2.488687782805430130e-03 5.000000000000000278e-02 2.174208144796379860e-01 1.832579185520362072e-02 2.262443438914027243e-04 2.262443438914027243e-04 1.337104072398190013e-01 4.751131221719457481e-03
3.773584905660377713e-04 3.773584905660377713e-04 1.173584905660377403e-01 3.773584905660377713e-04 3.773584905660377713e-04 4.188679245283018909e-02 3.433962264150943605e-02 6.116981132075471894e-01 6.075471698113207863e-02 1.324528301886792603e-01
1.655000000000000082e-01 6.049999999999999822e-02 5.550000000000000072e-02 5.000000000000000104e-04 5.000000000000000104e-04 5.550000000000000072e-02 4.154999999999999805e-01 5.000000000000000104e-04 9.050000000000001099e-02 1.554999999999999993e-01
5.050505050505050501e-04 5.050505050505050501e-04 3.080808080808080524e-02 4.601010101010100661e-01 1.368686868686868896e-01 5.050505050505050501e-04 2.681818181818181879e-01 1.015151515151515166e-01 5.050505050505050501e-04 5.050505050505050501e-04
3.690036900369004125e-04 3.690036900369004125e-04 5.501845018450184366e-01 7.749077490774907741e-03 3.690036900369004125e-04 1.221402214022140331e-01 1.738007380073800789e-01 1.369003690036900422e-01 3.690036900369004125e-04 7.749077490774907741e-03
3.076923076923077029e-04 3.076923076923077029e-04 2.372307692307692173e-01 3.076923076923077029e-04 3.384615384615384786e-03 2.800000000000000058e-02 3.415384615384615269e-02 6.956923076923077209e-01 3.076923076923077029e-04 3.076923076923077029e-04
1.751412429378531102e-02 5.649717514124293983e-04 2.096045197740113164e-01 1.531073446327683718e-01 5.649717514124293983e-04 6.271186440677965768e-02 5.649717514124293983e-04 5.542372881355931424e-01 5.649717514124293983e-04 5.649717514124293983e-04
2.680965147453083378e-04 2.680965147453083378e-04 3.058981233243967535e-01 2.680965147453083378e-04 1.635388739946380676e-02 1.530831099195710532e-01 1.557640750670241381e-01 3.380697050938337722e-01 2.975871313672922083e-02 2.680965147453083378e-04
1.918309859154929409e-01 2.816901408450704376e-04 8.732394366197182914e-03 2.816901408450704376e-04 2.816901408450704376e-04 1.016901408450704286e-01 2.284507042253521025e-01 3.098591549295775030e-03 4.059154929577464821e-01 5.943661971830986601e-02
3.166666666666667074e-01 4.316239316239316864e-02 9.444444444444445586e-02 4.700854700854701501e-03 4.273504273504274043e-04 4.273504273504274043e-04 4.790598290598290787e-01 1.752136752136752157e-02 4.316239316239316864e-02 4.273504273504274043e-04
2.087682672233820576e-04 7.954070981210856206e-02 2.087682672233820576e-04 3.361169102296451133e-02 9.832985386221294866e-02 2.361169102296450939e-01 1.860125260960333871e-01 2.087682672233820576e-04 2.402922755741127292e-01 1.254697286012526058e-01
4.975124378109453509e-04 4.975124378109453509e-04 1.398009950248756406e-01 1.099502487562189212e-01 6.019900497512438442e-02 4.975124378109453509e-04 4.975124378109453509e-04 6.572139303482588124e-01 3.034825870646766510e-02 4.975124378109453509e-04
1.173174872665534718e-01 7.147707979626485852e-02 4.331069609507640084e-01 1.035653650254668955e-02 1.697792869269949150e-04 7.657045840407471216e-02 6.468590831918506756e-02 8.658743633276740070e-03 2.174872665534804683e-01 1.697792869269949150e-04
5.154639175257732077e-04 5.154639175257732077e-04 4.386597938144329856e-01 2.118556701030927802e-01 5.154639175257732077e-04 5.154639175257732077e-04 5.154639175257732077e-04 2.994845360824742175e-01 5.154639175257732077e-04 4.690721649484536071e-02
1.356557377049180668e-01 4.098360655737705457e-04 6.356557377049181223e-01 4.549180327868852791e-02 4.098360655737705457e-04 9.877049180327870936e-02 1.680327868852458939e-02 4.098360655737705457e-04 6.598360655737706137e-02 4.098360655737705457e-04
3.508771929824561686e-04 3.508771929824561686e-04 2.915789473684210487e-01 1.301754385964912220e-01 3.508771929824561686e-04 3.508771929824561686e-04 3.508771929824561686e-04 5.757894736842105177e-01 3.508771929824561686e-04 3.508771929824561686e-04
1.130841121495327062e-01 3.093457943925233544e-01 9.439252336448597513e-02 9.345794392523364873e-04 9.345794392523364873e-04 9.345794392523364873e-04 9.345794392523364873e-04 9.345794392523364873e-04 2.999999999999999889e-01 1.785046728971962648e-01
9.590909090909091606e-02 4.545454545454545451e-04 4.322727272727272529e-01 4.545454545454545451e-04 4.545454545454545451e-04 2.004545454545454686e-01 2.686363636363636176e-01 4.545454545454545451e-04 4.545454545454545451e-04 4.545454545454545451e-04
4.750869061413673204e-03 1.158748551564310554e-04 2.677867902665121425e-01 1.194669756662804089e-01 9.385863267670914445e-03 3.719582850521437056e-02 1.865585168018540213e-02 5.064889918887601761e-01 2.560834298957126443e-02 1.054461181923522541e-02
8.366533864541834606e-03 3.984063745019921551e-04 3.908366533864542358e-01 1.633466135458167684e-02 3.984063745019921551e-04 2.031872509960159709e-02 3.984063745019921551e-04 5.143426294820717670e-01 3.625498007968128156e-02 1.235059760956175659e-02
1.143911439114391262e-02 3.690036900369004125e-04 5.870848708487084178e-01 4.059040590405904592e-03 3.690036900369004125e-04 3.690036900369004125e-04 3.690036900369004125e-04 3.583025830258302347e-01 3.690036900369004125e-04 3.726937269372693901e-02
2.079868708971553404e-01 4.824945295404813733e-02 1.094091903719912379e-04 1.094091903719912379e-04 3.730853391684901127e-02 1.587527352297592731e-01 4.333698030634572929e-01 1.094091903719912379e-04 1.138949671772428729e-01 1.094091903719912379e-04
1.068597560975609734e-01 3.201219512195122192e-03 1.556402439024390238e-01 5.045731707317073489e-02 3.096036585365853355e-01 2.806402439024390238e-01 4.283536585365853994e-02 1.844512195121951123e-02 3.216463414634146423e-02 1.524390243902439023e-04
3.105590062111801357e-04 7.642857142857142350e-01 3.105590062111801357e-04 3.105590062111801357e-04 1.059006211180124335e-01 3.136645962732919485e-02 2.515527950310558758e-02 3.105590062111801357e-04 7.173913043478261087e-02 3.105590062111801357e-04
5.047021943573667957e-02 6.583072100313480321e-03 5.959247648902821215e-01 3.134796238244514309e-04 3.134796238244514309e-04 1.664576802507836961e-01 6.300940438871473204e-02 1.163009404388714724e-01 3.134796238244514309e-04 3.134796238244514309e-04
8.097072419106317309e-02 8.251155624036979330e-02 4.861325115562403765e-02 3.929121725731894547e-03 3.397534668721109707e-02 3.628659476117103433e-02 7.010785824345146244e-03 7.704160246533128158e-05 6.395223420647149215e-01 6.710323574730353569e-02
3.086111111111111138e-01 3.055555555555555716e-03 7.805555555555555858e-02 5.027777777777778234e-02 2.777777777777777775e-04 1.058333333333333348e-01 4.530555555555555447e-01 2.777777777777777775e-04 2.777777777777777775e-04 2.777777777777777775e-04
7.913669064748201504e-03 7.194244604316546920e-04 9.424460431654675674e-02 5.107913669064748086e-02 7.194244604316546920e-04 7.194244604316546920e-04 7.194244604316546920e-04 2.525179856115107868e-01 1.302158273381295028e-01 4.611510791366906226e-01
3.744855967078189463e-02 4.115226337448560129e-04 4.115226337448560129e-04 7.448559670781894348e-02 4.115226337448560129e-04 1.855967078189300623e-01 5.765432098765432833e-01 1.687242798353909626e-02 1.074074074074074236e-01 4.115226337448560129e-04
5.116279069767443177e-03 4.651162790697675221e-04 3.074418604651162901e-01 1.167441860465116554e-01 4.651162790697675221e-04 4.232558139534883801e-02 4.697674418604651930e-02 4.795348837209302828e-01 4.651162790697675221e-04 4.651162790697675221e-04
4.764150943396226745e-02 9.905660377358491836e-03 3.400943396226415172e-01 4.716981132075472819e-04 4.716981132075472819e-04 4.716981132075472819e-04 5.188679245283020318e-03 5.570754716981132226e-01 3.820754716981132615e-02 4.716981132075472819e-04
3.389830508474576498e-04 3.901694915254236840e-01 3.389830508474576498e-04 3.389830508474576498e-04 4.440677966101694990e-02 3.423728813559322182e-02 5.796610169491525633e-02 7.118644067796610700e-03 3.698305084745762694e-01 9.525423728813560420e-02
2.891959798994974684e-01 2.512562814070352013e-04 1.783919597989949701e-02 3.793969849246230791e-02 1.783919597989949701e-02 2.138190954773869223e-01 1.987437185929648020e-01 4.547738693467336807e-02 2.512562814070352013e-04 1.786432160804019842e-01
3.715596330275228870e-02 5.045871559633027803e-03 4.408256880733944505e-01 4.587155963302752548e-04 9.633027522935780351e-03 3.256880733944954309e-02 1.747706422018348582e-01 4.587155963302752548e-04 2.986238532110091493e-01 4.587155963302752548e-04
4.739336492890995406e-04 4.739336492890995406e-04 2.374407582938388717e-01 4.739336492890995406e-04 4.739336492890995406e-04 4.739336492890995406e-04 5.213270142180094838e-03 4.981042654028435823e-01 1.426540284360189592e-01 1.142180094786729994e-01
2.881844380403458350e-04 2.881844380403458350e-04 1.933717579250720242e-01 2.881844380403458350e-04 2.881844380403458350e-04 2.881844380403458350e-04 5.766570605187320009e-01 1.270893371757925161e-01 5.792507204610951310e-02 4.351585014409221908e-02
6.134969325153374594e-04 3.257668711656441785e-01 6.196319018404907591e-02 6.134969325153374594e-04 1.288343558282208610e-02 6.134969325153374594e-04 6.134969325153374594e-04 6.134969325153374594e-04 3.196319018404907841e-01 2.766871165644171904e-01
1.598159509202453921e-01 2.457055214723926073e-01 4.938650306748466889e-02 3.067484662576687297e-04 2.180981595092024439e-01 2.177914110429447769e-02 8.926380368098159324e-02 3.067484662576687297e-04 2.150306748466257467e-01 3.067484662576687297e-04
7.142857142857143501e-03 1.734693877551020391e-02 2.384353741496598456e-01 1.329931972789115679e-01 9.557823129251701022e-02 7.517006802721089287e-02 7.142857142857143501e-03 4.255102040816326481e-01 3.401360544217687382e-04 3.401360544217687382e-04
3.743478260869564922e-01 3.521739130434782539e-02 9.173913043478261475e-02 1.782608695652173822e-02 6.565217391304348227e-02 7.000000000000000666e-02 2.482608695652173958e-01 8.739130434782609036e-02 4.347826086956521900e-04 9.130434782608696370e-03
3.067484662576687297e-04 3.067484662576687297e-04 4.542944785276073483e-01 3.067484662576687297e-04 6.441717791411043052e-03 3.067484662576687297e-04 2.487730061349693045e-01 2.641104294478527348e-01 3.067484662576687297e-04 2.484662576687116445e-02
4.535580524344569042e-01 3.745318352059925243e-04 3.745318352059925243e-04 1.464419475655430736e-01 3.745318352059925243e-04 1.314606741573033644e-01 1.576779026217228485e-01 3.745318352059925243e-04 1.089887640449438283e-01 3.745318352059925243e-04
5.405405405405406573e-04 1.675675675675675907e-02 7.518918918918919836e-01 5.405405405405406573e-04 5.405405405405406573e-04 2.216216216216216478e-02 5.405405405405406573e-04 1.302702702702702997e-01 7.621621621621622877e-02 5.405405405405406573e-04
2.443452380952380876e-01 1.342261904761904712e-01 2.708333333333333079e-02 2.976190476190476459e-04 5.089285714285714940e-02 4.791666666666666990e-02 3.633928571428571286e-01 2.976190476190476459e-04 1.312500000000000056e-01 2.976190476190476459e-04
4.255319148936171259e-04 4.255319148936171259e-04 5.280851063829787861e-01 3.446808510638298823e-02 4.255319148936171259e-04 8.936170212765959589e-03 4.255319148936171259e-04 4.259574468085107202e-01 4.255319148936171259e-04 4.255319148936171259e-04
3.170347003154574267e-02 1.577287066246056896e-04 4.589905362776025566e-02 1.577287066246056896e-04 1.847003154574132500e-01 2.824921135646687453e-01 3.802839116719242685e-01 1.577287066246056896e-04 7.429022082018928164e-02 1.577287066246056896e-04
4.235576923076923572e-01 4.807692307692308501e-04 9.663461538461540212e-02 4.807692307692308501e-04 4.807692307692308501e-04 4.807692307692308501e-04 3.658653846153846478e-01 1.110576923076923295e-01 4.807692307692308501e-04 4.807692307692308501e-04
1.636661211129296367e-04 1.636661211129296367e-04 2.440261865793780516e-01 8.346972176759410306e-03 3.126022913256955998e-02 4.486088379705401308e-01 2.309328968903436863e-01 1.980360065466448341e-02 1.653027823240589209e-02 1.636661211129296367e-04
5.811518324607329450e-02 5.235602094240838231e-04 5.235602094240838231e-04 2.308900523560209472e-01 5.235602094240838231e-04 1.209424083769633645e-01 5.759162303664922163e-03 8.952879581151833299e-02 5.759162303664922163e-03 4.874345549738219874e-01
2.475543478260869290e-01 2.203804347826086862e-01 2.717391304347826120e-04 5.706521739130434798e-03 1.114130434782608682e-02 2.717391304347826120e-04 3.209239130434782261e-01 2.717391304347826120e-04 1.932065217391304157e-01 2.717391304347826120e-04
5.960591133004925629e-02 4.926108374384237159e-04 2.320197044334975367e-01 1.137931034482758674e-01 6.453201970443349367e-02 4.926108374384237159e-04 4.926108374384237159e-04 5.275862068965516682e-01 4.926108374384237159e-04 4.926108374384237159e-04
6.410256410256410251e-04 6.410256410256410251e-04 6.288461538461538325e-01 6.410256410256410251e-04 6.410256410256410251e-04 1.352564102564102755e-01 1.346153846153846229e-02 7.051282051282052252e-03 2.057692307692307876e-01 7.051282051282052252e-03
3.611940298507462788e-02 6.895522388059702190e-02 5.402985074626866224e-02 3.256716417910447414e-01 2.659701492537313028e-01 1.405970149253731316e-01 2.985074626865671672e-04 2.985074626865671672e-04 5.104477611940298754e-02 5.701492537313433001e-02
4.587155963302752548e-04 9.633027522935780351e-03 2.986238532110091493e-01 4.587155963302752548e-04 4.587155963302752548e-04 3.256880733944954309e-02 1.610091743119266006e-01 1.334862385321100853e-01 2.848623853211009194e-01 7.844036697247706857e-02
8.065693430656936669e-02 1.390510948905109845e-01 3.649635036496351220e-04 3.069343065693431183e-01 2.886861313868613332e-01 2.226277372262774196e-02 3.321167883211679356e-02 1.496350364963503800e-02 3.649635036496351220e-04 1.135036496350365215e-01
1.696153846153846123e-01 3.846153846153846151e-04 8.076923076923077024e-03 3.388461538461537970e-01 2.346153846153846076e-02 2.730769230769230713e-02 2.619230769230769251e-01 1.580769230769230871e-01 1.192307692307692339e-02 3.846153846153846151e-04
5.007342143906020476e-02 1.998531571218795932e-01 1.337738619676945573e-01 1.483113069016152655e-02 7.797356828193832690e-02 1.279001468428781207e-01 1.293685756240822160e-01 1.468428781204111574e-04 2.600587371512481649e-01 6.020558002936856994e-03
3.205128205128205125e-04 3.525641025641026126e-03 5.644230769230769162e-01 3.205128205128205125e-04 3.205128205128205125e-04 1.028846153846153938e-01 1.766025641025641135e-01 1.092948717948717952e-01 3.205128205128205125e-04 4.198717948717948373e-02
2.594366197183098355e-01 1.467605633802817056e-01 8.478873239436619802e-02 2.816901408450704376e-04 1.436619718309859080e-02 2.000000000000000042e-02 3.946478873239436247e-01 2.816901408450704376e-04 7.915492957746479707e-02 2.816901408450704376e-04
1.518518518518518351e-02 4.074074074074074577e-03 6.374074074074074225e-01 3.703703703703704062e-04 3.703703703703704062e-04 2.259259259259259120e-02 1.188888888888888912e-01 1.522222222222222310e-01 7.777777777777778422e-03 4.111111111111111216e-02
5.968992248062016115e-02 2.583979328165375003e-04 2.999999999999999889e-01 2.583979328165375003e-04 2.583979328165375003e-04 2.583979328165375003e-04 3.335917312661498824e-01 1.604651162790697583e-01 2.583979328165375003e-04 1.449612403100775104e-01
4.208333333333333370e-02 4.166666666666667476e-04 1.629166666666666818e-01 5.875000000000000361e-02 4.166666666666667476e-04 2.541666666666666727e-02 4.166666666666667476e-04 6.629166666666667096e-01 4.166666666666667476e-04 4.625000000000000638e-02
3.420792079207920500e-01 4.950495049504950555e-04 4.950495049504950555e-04 4.950495049504950555e-04 9.950495049504951006e-02 1.193069306930693158e-01 1.737623762376237779e-01 7.970297029702970437e-02 2.029702970297029424e-02 1.638613861386138681e-01
9.433962264150945638e-04 5.754716981132075582e-02 1.801886792452830621e-01 1.981132075471698367e-02 9.433962264150945638e-04 9.433962264150945638e-04 4.811320754716981452e-02 6.047169811320755040e-01 9.433962264150945638e-04 8.584905660377359360e-02
