1.912045889101338418e-04 1.912045889101338418e-04 2.695984703632887253e-02 1.912045889101338418e-04 4.799235181644359582e-02 4.608030592734226050e-02 9.751434034416825089e-03 1.933078393881453028e-01 1.912045889101338418e-04 1.912045889101338418e-04 1.912045889101338418e-04 1.912045889101338418e-04 9.196940726577437775e-02 1.912045889101338418e-04 2.659655831739961562e-01 1.912045889101338418e-04 1.912045889101338418e-04 2.887189292543021132e-02 2.831739961759082158e-01 4.015296367112811300e-03
2.106290672451192891e-01 2.407809110629067009e-02 1.542299349240780770e-01 2.169197396963123818e-04 2.169197396963123818e-04 2.127982646420824298e-01 2.169197396963123818e-04 2.169197396963123818e-04 8.893709327548805429e-03 2.169197396963123818e-04 2.169197396963123818e-04 6.724511930585683889e-03 6.963123644251627276e-02 2.386117136659436037e-03 2.041214750542299228e-01 4.360086767895878651e-02 2.169197396963123818e-04 2.169197396963123818e-04 6.095444685466377965e-02 2.169197396963123818e-04
2.588424437299035458e-02 1.945337620578778057e-02 5.160771704180064368e-02 3.136655948553054296e-01 1.607717041800643123e-04 1.175241157556270039e-01 1.623794212218649530e-02 1.062700964630225037e-01 1.607717041800643123e-04 4.983922829581993383e-03 6.591639871382636018e-03 2.909967845659164332e-02 4.839228295819936188e-02 1.607717041800643123e-04 1.255627009646302084e-01 1.607717041800643123e-04 1.607717041800643123e-04 1.607717041800643123e-04 1.159163987138263630e-01 1.784565916398713620e-02
3.550000000000000377e-02 5.000000000000001188e-04 3.550000000000000377e-02 3.105000000000000537e-01 5.000000000000001188e-04 3.355000000000000204e-01 5.000000000000001188e-04 5.000000000000001188e-04 5.000000000000001188e-04 5.000000000000001188e-04 1.555000000000000271e-01 1.550000000000000336e-02 5.000000000000001188e-04 5.000000000000001188e-04 4.050000000000000128e-02 5.000000000000001188e-04 5.000000000000001188e-04 5.000000000000001188e-04 5.000000000000001188e-04 6.550000000000000266e-02
1.599476439790575577e-01 2.879581151832460214e-03 1.494764397905758713e-01 1.128272251308900243e-01 2.617801047120418031e-04 3.431937172774868205e-01 5.497382198952877920e-03 2.617801047120418031e-04 1.073298429319371333e-02 8.115183246073296927e-03 3.429319371727747312e-02 1.596858638743454961e-02 7.879581151832458497e-02 2.617801047120418031e-04 2.120418848167538589e-02 2.617801047120418031e-04 2.617801047120418031e-04 2.617801047120418031e-04 2.617801047120418031e-04 5.523560209424082518e-02
9.234234234234231856e-03 2.252252252252252016e-04 7.004504504504503737e-02 2.704954954954954527e-01 2.252252252252252016e-04 9.481981981981980889e-02 2.252252252252252016e-04 2.614864864864864247e-01 6.981981981981980924e-03 2.252252252252252016e-04 2.252252252252252016e-04 5.878378378378378011e-02 2.252252252252252016e-04 2.252252252252252016e-04 9.256756756756756577e-02 2.950450450450450152e-02 2.252252252252252016e-04 2.252252252252252016e-04 1.038288288288288230e-01 2.252252252252252016e-04
3.137614678899083159e-02 1.834862385321100911e-04 4.238532110091743077e-02 3.871559633027522873e-02 1.834862385321100911e-04 5.522935779816513790e-02 1.834862385321100911e-04 6.073394495412844096e-02 1.834862385321100911e-04 1.834862385321100911e-04 1.834862385321100911e-04 1.302752293577981620e-02 1.121100917431192695e-01 1.834862385321100911e-04 3.341284403669724790e-01 1.834862385321100911e-04 1.834862385321100911e-04 1.834862385321100911e-04 3.102752293577981657e-01 1.834862385321100911e-04
3.521126760563380470e-04 3.521126760563380470e-04 5.316901408450704081e-02 1.482394366197183067e-01 3.521126760563380470e-04 2.010563380281690238e-01 3.521126760563380470e-04 3.521126760563380470e-04 3.521126760563380470e-04 3.521126760563380470e-04 8.133802816901408717e-02 3.521126760563380470e-04 2.852112676056338045e-02 3.521126760563380470e-04 1.728873239436619635e-01 3.521126760563380470e-04 3.521126760563380470e-04 3.521126760563380470e-04 7.077464788732394652e-02 2.397887323943661830e-01
1.831501831501831500e-04 1.300366300366300257e-02 1.027472527472527430e-01 1.631868131868131899e-01 1.483516483516483450e-02 2.364468864468864395e-01 1.831501831501831500e-04 1.831501831501831500e-04 1.831501831501831500e-04 7.509157509157508500e-03 3.131868131868131844e-02 1.831501831501831500e-04 7.161172161172162098e-02 1.831501831501831500e-04 1.668498168498168399e-01 1.666666666666666644e-02 1.831501831501831500e-04 1.831501831501831500e-04 1.613553113553113372e-01 1.300366300366300257e-02
2.650602409638553713e-03 2.409638554216866815e-04 4.120481927710842318e-02 1.809638554216866924e-01 4.361445783132529563e-02 1.207228915662650337e-01 2.650602409638553713e-03 2.409638554216866815e-04 2.409638554216866815e-04 2.409638554216866815e-04 2.409638554216866815e-04 3.397590361445781970e-02 5.084337349397589217e-02 2.409638554216866815e-04 2.219277108433734269e-01 2.409638554216866815e-04 2.409638554216866815e-04 2.409638554216866815e-04 2.966265060240962925e-01 2.650602409638553713e-03
6.904231625835187749e-03 2.026726057906458323e-02 1.383073496659242563e-01 4.677060133630288503e-03 4.253897550111358089e-02 8.040089086859686374e-02 2.026726057906458323e-02 7.817371937639196189e-02 2.227171492204899300e-04 2.694877505567927836e-02 1.581291759465478300e-02 1.135857461024498451e-02 8.930957683741645725e-02 2.227171492204899300e-04 2.340757238307348831e-01 2.227171492204899300e-04 2.227171492204899300e-04 2.227171492204899300e-04 2.296213808463251072e-01 2.227171492204899300e-04
1.009957325746799195e-02 2.987197724039828989e-03 2.290184921763869022e-02 5.846372688477950719e-02 1.422475106685632852e-04 2.432432432432432221e-02 2.987197724039828989e-03 8.122332859174963282e-02 1.422475106685632852e-04 1.422475106685632852e-04 1.422475106685632852e-04 1.422475106685632852e-04 1.167852062588904394e-01 7.254623044096726245e-03 3.913229018492175859e-01 1.422475106685632852e-04 1.422475106685632852e-04 1.422475106685632852e-04 2.689900426742531381e-01 1.152204836415362567e-02
2.544529262086513426e-04 2.544529262086513426e-04 9.694656488549616147e-02 2.012722646310431962e-01 2.544529262086513426e-04 1.147582697201017521e-01 2.798982188295164823e-03 2.798982188295164823e-03 2.544529262086513426e-04 3.587786259541983491e-02 2.544529262086513426e-04 2.544529262086513426e-04 6.132315521628497329e-02 1.806615776081424429e-02 1.860050890585241146e-01 2.544529262086513426e-04 2.544529262086513426e-04 3.587786259541983491e-02 2.368956743002543774e-01 5.343511450381677706e-03
2.944297082228116563e-02 1.618037135278514380e-02 2.917771883289124995e-03 2.652519893899204541e-04 2.652519893899204541e-04 5.331564986737400563e-02 2.652519893899204541e-04 2.652519893899204541e-04 2.652519893899204541e-04 2.148541114058355461e-02 2.148541114058355461e-02 6.657824933687002400e-02 1.594164456233421734e-01 2.652519893899204541e-04 1.567639257294429767e-01 1.352785145888594012e-02 2.652519893899204541e-04 1.090185676392572967e-01 3.477453580901856411e-01 2.652519893899204541e-04
2.096436058700209811e-04 2.096436058700209811e-04 2.096436058700209811e-04 5.681341719077568492e-02 6.498951781970649898e-03 2.096436058700209811e-04 2.096436058700209811e-04 4.633123689727463440e-02 2.096436058700209811e-04 2.536687631027253684e-02 2.096436058700209811e-04 2.096436058700209811e-04 1.301886792452830177e-01 2.096436058700209811e-04 3.566037735849056367e-01 1.698113207547169781e-02 2.096436058700209811e-04 2.096436058700209811e-04 3.587002096436058829e-01 2.096436058700209811e-04
1.461988304093567279e-04 4.532163742690058401e-03 3.815789473684210592e-02 1.461988304093567279e-04 2.207602339181286358e-02 1.302631578947368307e-01 1.461988304093567279e-04 2.061403508771929641e-02 1.461988304093567279e-04 6.301169590643275475e-02 2.792397660818713573e-02 7.763157894736842646e-02 2.998538011695906502e-01 1.461988304093567279e-04 5.131578947368421045e-02 3.070175438596491231e-03 8.918128654970759045e-03 1.038011695906432622e-02 2.311403508771929793e-01 1.038011695906432622e-02
7.568493150684932336e-02 3.424657534246575369e-04 9.965753424657534942e-02 3.424657534246575369e-04 1.746575342465753189e-02 2.058219178082191791e-01 3.424657534246575369e-04 3.424657534246575369e-04 2.431506849315068219e-02 3.767123287671233015e-03 3.424657534246575369e-04 3.424657534246575369e-04 1.921232876712328785e-01 3.767123287671233015e-03 7.910958904109589851e-02 6.883561643835617305e-02 3.424657534246575369e-04 3.424657534246575369e-04 2.263698630136986023e-01 3.424657534246575369e-04
6.955445544554456072e-02 2.475247524752475278e-04 7.673267326732673144e-03 2.475247524752475278e-04 2.475247524752475278e-04 2.475247524752475278e-04 2.475247524752475278e-04 2.004950495049504997e-02 2.475247524752475278e-04 2.252475247524752394e-02 7.673267326732673144e-03 2.475247524752475278e-04 1.091584158415841582e-01 2.475247524752475278e-04 3.641089108910890992e-01 2.475247524752475278e-04 2.475247524752475278e-04 2.475247524752475278e-04 3.962871287128712505e-01 2.475247524752475278e-04
8.845108695652173503e-02 6.399456521739130266e-02 4.211956521739130405e-03 1.358695652173913060e-04 1.358695652173913060e-04 5.584239130434782983e-02 4.904891304347826220e-02 1.781250000000000056e-01 1.358695652173913060e-04 1.358695652173913060e-04 1.358695652173913060e-04 6.535326086956522174e-02 5.176630434782608647e-02 1.494565217391304393e-03 2.297554347826086807e-01 2.459239130434782636e-02 1.563858695652173836e-01 4.211956521739130405e-03 2.595108695652174197e-02 1.358695652173913060e-04
2.364066193853427784e-04 2.364066193853427784e-04 9.952718676122930541e-02 2.860520094562647372e-02 1.160756501182032968e-01 2.364066193853427784e-04 2.387706855791961805e-02 8.534278959810874532e-02 2.364066193853427784e-04 2.600472813238770536e-03 2.364066193853427784e-04 2.364066193853427784e-04 1.609929078014183945e-01 6.879432624113474004e-02 2.721040189125294995e-01 2.364066193853427784e-04 2.364066193853427784e-04 7.328605200945625779e-03 1.326241134751773021e-01 2.364066193853427784e-04
3.168067226890755039e-01 1.179271708683473086e-01 1.708683473389355223e-02 8.683473389355739203e-03 1.708683473389355223e-02 2.801120448179270973e-04 2.801120448179270973e-04 1.148459383753500963e-02 2.801120448179270973e-04 2.801120448179270973e-04 2.549019607843136179e-02 1.683473389355741867e-01 3.081232492997198341e-03 5.882352941176468772e-03 2.549019607843136179e-02 1.291316526610643833e-01 2.801120448179270973e-04 3.081232492997198341e-03 1.375350140056021964e-01 1.148459383753500963e-02
5.657276995305163259e-02 3.544600938967135129e-02 1.387323943661971370e-01 2.347417840375586257e-04 2.347417840375586257e-04 2.537558685446008599e-01 2.347417840375586257e-04 2.347417840375586257e-04 2.347417840375586257e-04 2.044600938967135462e-01 2.347417840375586257e-04 2.582159624413144991e-03 3.544600938967135129e-02 2.347417840375586257e-04 1.129107981220656975e-01 1.197183098591548915e-02 7.276995305164317938e-03 2.347417840375586257e-04 1.316901408450703859e-01 7.276995305164317938e-03
5.494505494505494501e-04 5.494505494505494501e-04 4.450549450549450697e-02 5.494505494505494501e-04 1.214285714285714413e-01 5.549450549450549164e-02 1.703296703296703490e-02 1.703296703296703490e-02 5.494505494505494501e-04 8.846153846153846645e-02 8.846153846153846645e-02 5.494505494505494501e-04 4.999999999999999584e-02 3.351648351648351537e-02 9.395604395604396919e-02 5.494505494505494501e-04 5.494505494505494501e-04 5.494505494505494501e-04 3.851648351648351287e-01 5.494505494505494501e-04
7.481751824817517264e-03 2.208029197080291911e-02 5.675182481751825381e-02 1.644160583941605691e-01 1.824817518248175339e-04 1.972627737226277378e-01 1.824817518248175339e-04 1.824817518248175339e-04 2.937956204379562133e-02 1.824817518248175339e-04 1.169708029197080168e-01 1.824817518248175339e-04 9.324817518248175452e-02 1.824817518248175339e-04 4.762773722627737516e-02 1.824817518248175339e-04 1.824817518248175339e-04 1.824817518248175339e-04 1.824817518248175339e-04 2.629562043795620196e-01
3.174603174603174058e-04 1.301587301587301196e-02 5.428571428571427743e-02 3.174603174603174058e-04 3.174603174603174058e-04 1.082539682539682413e-01 4.158730158730157556e-02 2.098412698412697730e-01 3.174603174603174058e-04 7.015873015873015650e-02 9.841269841269839960e-03 3.206349206349205783e-02 3.174603174603174058e-04 9.555555555555554637e-02 2.130158730158729641e-01 3.174603174603174058e-04 1.301587301587301196e-02 3.523809523809522809e-02 1.019047619047618869e-01 3.174603174603174058e-04
4.564315352697095700e-03 1.286307053941908828e-02 4.149377593360996288e-04 1.995850622406639130e-01 5.020746887966804489e-02 4.149377593360996288e-04 4.149377593360996288e-04 4.149377593360996288e-04 4.149377593360996288e-04 4.149377593360996288e-04 4.149377593360996288e-04 4.149377593360996288e-04 1.539419087136929543e-01 4.149377593360996288e-04 2.452282157676348717e-01 4.149377593360996288e-04 4.149377593360996288e-04 4.149377593360996288e-04 3.282157676348547715e-01 4.149377593360996288e-04
1.862197392923650111e-04 1.862197392923650111e-04 1.862197392923650111e-04 6.722532588454376012e-02 1.135940409683426459e-02 1.862197392923650111e-04 3.910614525139665017e-03 1.938547486033519451e-01 1.862197392923650111e-04 1.135940409683426459e-02 1.862197392923650111e-04 1.694599627560521363e-02 1.994413407821228890e-01 1.862197392923650111e-04 3.055865921787709327e-01 2.048417132216014905e-03 1.862197392923650111e-04 1.862197392923650111e-04 1.789571694599627338e-01 7.635009310986964372e-03
2.339331619537274309e-02 5.681233933161952687e-02 4.395886889460152991e-02 2.339331619537274309e-02 1.262210796915166633e-01 2.187660668380461970e-01 2.570694087403598243e-04 1.568123393316194977e-02 2.570694087403598243e-04 2.570694087403598243e-04 2.570694087403598243e-04 1.568123393316194977e-02 7.994858611825191030e-02 2.570694087403598243e-04 6.966580976863750996e-02 2.570694087403598243e-04 2.570694087403598243e-04 5.681233933161952687e-02 2.676092544987145327e-01 2.570694087403598243e-04
6.129629629629630011e-02 9.444444444444444545e-03 1.298148148148147996e-01 5.018518518518518684e-02 1.851851851851852031e-04 1.853703703703703520e-01 1.851851851851852031e-04 1.851851851851852031e-04 1.851851851851852031e-04 1.870370370370370156e-02 1.851851851851852031e-04 6.685185185185185675e-02 2.464814814814814681e-01 3.888888888888889211e-03 2.057407407407407240e-01 7.592592592592591755e-03 1.314814814814814666e-02 1.851851851851852031e-04 1.851851851851852031e-04 1.851851851851852031e-04
3.508771929824561686e-04 3.508771929824561686e-04 3.508771929824561686e-04 3.442105263157894668e-01 3.508771929824561686e-04 2.494736842105262919e-01 3.859649122807017746e-03 3.508771929824561686e-04 3.508771929824561686e-04 3.508771929824561686e-04 6.701754385964912852e-02 7.368421052631579649e-03 3.508771929824561686e-04 3.508771929824561686e-04 7.754385964912281770e-02 3.508771929824561686e-04 3.508771929824561686e-04 3.508771929824561686e-04 3.508771929824561686e-04 2.459649122807017474e-01
2.159827213822894409e-04 1.965442764578833462e-02 2.159827213822894409e-04 6.717062634989201531e-02 2.181425485961123109e-02 1.060475161987041032e-01 2.159827213822894409e-04 5.205183585313175043e-02 1.101511879049675915e-02 3.477321814254859950e-02 2.159827213822894409e-04 2.159827213822894409e-04 6.933045356371490830e-02 8.855291576673866155e-03 3.004319654427645703e-01 1.749460043196544162e-02 2.159827213822894409e-04 2.159827213822894409e-04 2.853131749460043332e-01 4.535637149028077554e-03
1.342281879194631017e-04 1.342281879194631017e-04 6.187919463087248467e-02 9.006711409395971868e-02 2.295302013422818865e-02 2.697986577181208170e-02 1.087248322147650950e-02 1.974496644295301861e-01 1.342281879194631017e-04 1.342281879194631017e-04 1.342281879194631017e-04 1.342281879194631017e-04 1.531543624161073869e-01 1.342281879194631017e-04 2.887248322147650814e-01 1.342281879194631017e-04 1.342281879194631017e-04 1.342281879194631017e-04 1.464429530201342144e-01 1.342281879194631017e-04
1.915708812260536462e-04 1.915708812260536462e-04 7.873563218390805529e-02 2.107279693486590298e-03 1.915708812260536462e-04 8.256704980842911878e-02 1.915708812260536462e-04 6.724137931034483706e-02 2.107279693486590298e-03 9.770114942528735497e-03 1.915708812260536462e-04 1.915708812260536462e-04 7.873563218390805529e-02 1.915708812260536462e-04 4.082375478927203205e-01 1.915708812260536462e-04 1.915708812260536462e-04 1.915708812260536462e-04 2.683908045977011492e-01 1.915708812260536462e-04
2.445520581113800815e-02 2.421307506053268230e-04 3.171912832929781045e-02 2.663438256658595162e-03 2.421307506053268230e-04 8.983050847457625665e-02 2.421307506053268230e-04 2.421307506053268230e-04 2.421307506053268230e-04 4.627118644067795272e-01 4.382566585956415572e-02 2.421307506053268230e-04 8.983050847457625665e-02 2.421307506053268230e-04 5.351089588377722778e-02 2.421307506053268230e-04 2.663438256658595162e-03 1.476997578692493436e-02 1.818401937046004169e-01 2.421307506053268230e-04
3.194888178913737561e-04 3.194888178913737561e-04 3.194888178913737561e-04 1.408945686900958394e-01 3.194888178913737561e-04 2.907348242811500991e-02 6.709265175718849041e-03 1.025559105431309709e-01 9.904153354632586059e-03 3.194888178913737561e-04 3.194888178913737561e-04 2.587859424920127202e-02 1.536741214057507632e-01 3.194888178913737561e-04 3.996805111821085110e-01 3.194888178913737561e-04 1.948881789137379625e-02 3.194888178913737561e-04 1.089456869009584467e-01 3.194888178913737561e-04
1.661129568106312385e-04 4.003322259136212619e-02 2.342192691029900201e-02 1.661129568106312385e-04 9.152823920265780455e-02 1.661129568106312385e-04 8.488372093023256737e-02 2.825581395348837344e-01 1.661129568106312385e-04 1.661129568106312385e-04 1.661129568106312385e-04 3.172757475083056583e-02 6.661129568106312349e-02 1.179401993355481612e-02 1.629568106312292153e-01 7.823920265780731631e-02 1.197674418604651042e-01 1.661129568106312385e-04 5.149501661129568530e-03 1.661129568106312385e-04
1.677852348993288771e-04 1.677852348993288771e-04 6.224832214765101124e-02 1.677852348993288771e-04 1.694630872483221529e-02 1.008389261744966486e-01 1.677852348993288771e-04 1.677852348993288771e-04 1.694630872483221529e-02 1.310402684563758413e-01 1.677852348993288771e-04 1.677852348993288771e-04 8.909395973154363157e-02 6.879194630872482660e-03 2.166107382550335470e-01 1.862416107382550146e-02 1.677852348993288771e-04 1.677852348993288771e-04 3.390939597315436038e-01 1.677852348993288771e-04
4.751773049645389296e-02 1.914893617021275890e-02 2.130023640661937723e-01 2.364066193853427513e-04 2.364066193853427513e-04 1.231678486997635630e-01 2.364066193853427513e-04 2.600472813238770102e-03 2.364066193853427513e-04 1.089834515366430029e-01 2.387706855791961458e-02 2.364066193853427513e-04 4.751773049645389296e-02 3.333333333333332593e-02 2.035460992907800748e-01 4.042553191489361292e-02 2.364066193853427513e-04 1.678486997635933106e-02 1.160756501182032829e-01 2.600472813238770102e-03
2.242152466367712755e-04 2.242152466367712755e-04 2.488789237668161125e-02 2.242152466367712755e-04 1.367713004484304683e-02 1.997757847533631892e-01 2.242152466367712755e-04 2.242152466367712755e-04 6.950672645739909214e-03 5.562780269058295035e-01 7.869955156950672603e-02 2.242152466367712755e-04 2.242152466367712755e-04 2.466367713004484138e-03 3.834080717488789342e-02 2.242152466367712755e-04 2.242152466367712755e-04 7.645739910313900656e-02 2.242152466367712755e-04 2.242152466367712755e-04
1.905882352941176347e-02 3.788235294117647117e-02 7.082352941176471572e-02 2.352941176470588300e-04 2.352941176470588300e-04 1.767058823529411571e-01 2.352941176470588300e-04 3.082352941176470448e-02 2.352941176470588300e-04 2.352941176470588300e-04 7.294117647058823324e-03 2.352941176470588300e-04 1.320000000000000062e-01 2.352941176470588300e-04 1.014117647058823540e-01 2.352941176470588300e-04 2.352941176470588300e-04 2.352941176470588300e-04 4.214117647058823191e-01 2.352941176470588300e-04
7.822085889570550357e-03 1.549079754601226724e-02 4.616564417177913826e-02 1.533742331288343377e-04 7.822085889570550357e-03 7.684049079754599887e-02 1.533742331288343377e-04 5.996932515337422692e-02 1.533742331288343377e-04 6.288343558282206980e-03 1.533742331288343377e-04 2.469325153374232751e-02 8.604294478527606260e-02 1.687116564417177715e-03 2.516871165644171127e-01 1.687116564417177715e-03 1.533742331288343377e-04 7.822085889570550357e-03 4.035276073619631365e-01 1.687116564417177715e-03
1.206018518518518351e-01 2.546296296296296068e-03 1.553240740740740311e-01 2.546296296296296068e-03 2.314814814814814632e-04 1.761574074074073737e-01 9.490740740740738826e-03 2.800925925925925458e-02 2.314814814814814632e-04 2.314814814814814632e-04 4.861111111111110321e-03 2.314814814814814632e-04 1.321759259259259189e-01 9.490740740740738826e-03 2.432870370370369961e-01 2.546296296296296068e-03 2.314814814814814632e-04 5.115740740740740145e-02 6.041666666666666019e-02 2.314814814814814632e-04
2.902374670184696033e-03 2.638522427440632609e-04 8.469656992084430291e-02 2.638522427440632609e-04 2.902374670184696033e-03 1.796833773087070651e-01 2.638522427440632609e-04 1.345646437994722430e-02 2.664907651715038572e-02 1.242744063324537906e-01 2.137203166226912115e-02 3.456464379947228605e-02 5.831134564643798007e-02 2.638522427440632609e-04 3.010554089709761572e-01 2.638522427440632609e-04 2.638522427440632609e-04 2.638522427440632609e-04 1.480211081794194916e-01 2.638522427440632609e-04
3.930722891566264948e-02 4.984939759036145085e-02 1.341867469879517993e-01 1.506024096385542301e-04 4.533132530120482367e-02 1.506024096385542301e-04 3.930722891566264948e-02 1.069277108433734809e-02 1.506024096385542301e-04 1.822289156626506063e-02 1.506024096385542301e-04 5.286144578313253101e-02 1.506024096385542301e-04 1.506024096385542301e-04 3.478915662650602925e-02 3.781626506024096113e-01 9.653614457831324880e-02 7.545180722891565994e-02 2.424698795180723135e-02 1.506024096385542301e-04
1.091778202676864234e-01 1.912045889101338418e-04 9.196940726577437775e-02 1.357552581261950268e-02 2.103250478011472503e-03 5.181644359464627342e-02 1.912045889101338418e-04 1.799235181644359416e-01 2.122370936902485614e-02 1.912045889101338418e-04 5.927342256214149230e-03 2.695984703632887253e-02 9.770554493307839761e-02 1.912045889101338418e-04 2.755258126195028745e-01 1.912045889101338418e-04 2.887189292543021132e-02 1.912045889101338418e-04 9.388145315487571307e-02 1.912045889101338418e-04
5.296703296703296482e-02 2.197802197802197529e-04 9.912087912087910735e-02 2.197802197802197529e-04 6.813186813186812747e-03 2.199999999999999734e-01 2.197802197802197529e-04 4.197802197802197322e-02 1.560439560439560135e-02 2.197802197802197529e-04 4.615384615384614947e-03 2.197802197802197529e-04 1.980219780219779901e-01 2.197802197802197529e-04 2.947252747252746552e-01 2.197802197802197529e-04 2.197802197802197529e-04 2.197802197802197529e-04 6.395604395604395642e-02 2.197802197802197529e-04
4.839572192513368065e-02 1.096256684491978169e-02 4.572192513368982664e-02 2.967914438502672683e-02 5.614973262032084064e-03 1.312834224598930233e-01 2.967914438502672683e-02 1.018716577540106638e-01 1.631016042780748104e-02 2.673796791443849787e-04 2.673796791443849787e-04 2.673796791443849787e-04 1.393048128342245506e-01 2.673796791443849787e-04 1.981283422459892418e-01 2.673796791443849787e-04 1.631016042780748104e-02 2.673796791443849787e-04 2.248663101604277126e-01 2.673796791443849787e-04
3.649635036496349594e-04 3.649635036496349594e-04 3.649635036496349594e-04 2.229927007299269681e-01 3.649635036496349594e-04 6.240875912408758164e-02 3.649635036496349594e-04 4.014598540145984662e-03 1.496350364963503279e-02 3.649635036496349594e-04 3.649635036496349594e-04 3.649635036496349594e-04 6.240875912408758164e-02 3.649635036496349594e-04 3.835766423357663268e-01 3.649635036496349594e-04 2.591240875912408093e-02 3.649635036496349594e-04 2.193430656934306222e-01 3.649635036496349594e-04
2.066115702479338521e-04 2.066115702479338521e-04 5.805785123966940992e-02 2.894628099173552904e-01 2.066115702479338521e-04 3.119834710743800768e-02 2.066115702479338521e-04 2.066115702479338521e-04 2.706611570247933335e-02 1.880165289256197775e-02 7.665289256198346002e-02 2.272727272727272183e-03 4.772727272727272235e-02 4.338842975206610650e-03 8.078512396694213782e-02 2.066115702479338521e-04 2.066115702479338521e-04 2.066115702479338521e-04 3.039256198347106697e-01 5.805785123966940992e-02
2.890173410404623918e-04 2.890173410404623918e-04 9.277456647398843459e-02 2.835260115606935694e-01 2.890173410404623918e-04 6.069364161849710552e-03 2.890173410404623918e-04 2.632947976878612373e-01 1.473988439306357992e-02 6.676300578034681521e-02 2.890173410404623918e-04 2.890173410404623918e-04 8.699421965317917504e-02 2.890173410404623918e-04 1.390173410404623999e-01 2.890173410404623918e-04 2.890173410404623918e-04 2.890173410404623918e-04 4.364161849710981866e-02 2.890173410404623918e-04
2.597402597402597400e-04 2.857142857142857140e-03 3.662337662337662031e-02 2.392207792207791672e-01 2.597402597402597400e-04 2.597402597402597400e-04 2.597402597402597400e-04 5.999999999999999778e-02 5.454545454545454107e-03 2.597402597402597400e-04 2.597402597402597400e-04 2.857142857142857140e-03 9.116883116883116311e-02 2.597402597402597400e-04 3.950649350649350078e-01 2.597402597402597400e-04 2.597402597402597400e-04 2.597402597402597400e-04 1.638961038961038730e-01 2.597402597402597400e-04
5.638629283489095256e-02 6.261682242990652958e-02 7.507788161993766973e-02 3.146417445482865144e-02 6.573208722741431809e-02 1.155763239875389065e-01 3.115264797507787207e-04 3.115264797507787207e-04 3.115264797507787207e-04 1.277258566978192560e-02 4.333333333333331816e-01 8.753894080996882376e-02 3.115264797507787207e-04 3.115264797507787207e-04 3.146417445482865144e-02 3.115264797507787207e-04 3.115264797507787207e-04 2.523364485981307442e-02 3.115264797507787207e-04 3.115264797507787207e-04
2.375296912114013706e-04 2.375296912114013706e-04 1.380047505938241936e-01 1.997624703087885201e-01 2.375296912114013706e-04 2.612826603325415185e-03 2.375296912114013706e-04 6.199524940617576196e-02 2.375296912114013706e-04 2.375296912114013706e-04 2.375296912114013706e-04 2.375296912114013706e-04 8.574821852731590033e-02 2.375296912114013706e-04 1.760095011876483817e-01 2.375296912114013706e-04 2.375296912114013706e-04 4.988123515439428675e-03 3.280285035629452728e-01 2.375296912114013706e-04
1.150176678445229556e-01 1.766784452296819982e-04 1.150176678445229556e-01 1.309187279151943495e-01 1.766784452296819982e-04 3.075971731448763347e-01 1.766784452296819982e-04 5.477031802120141402e-03 3.710247349823321637e-03 1.766784452296819982e-04 1.607773851590105912e-02 4.257950530035335690e-02 5.848056537102473695e-02 1.766784452296819982e-04 1.927561837455830374e-01 1.943462897526501872e-03 1.766784452296819982e-04 1.766784452296819982e-04 1.943462897526501872e-03 7.243816254416960733e-03
1.794811320754716721e-01 1.674528301886792081e-02 1.110849056603773477e-01 2.785377358490565558e-01 2.358490566037735596e-04 2.525943396226414395e-01 2.358490566037735596e-04 2.358490566037735596e-04 2.358490566037735596e-04 2.358490566037735596e-04 2.358490566037735596e-04 1.438679245283018548e-02 2.358490566037735596e-04 2.358490566037735596e-04 1.087264150943396124e-01 2.358490566037735596e-04 2.358490566037735596e-04 2.358490566037735596e-04 3.561320754716980341e-02 2.358490566037735596e-04
5.950155763239874801e-02 3.115264797507787749e-04 2.152647975077880971e-01 2.090342679127725201e-01 3.115264797507787749e-04 3.180685358255451178e-01 3.115264797507787749e-04 3.115264797507787749e-04 1.588785046728971584e-02 3.115264797507787749e-04 3.115264797507787749e-04 3.115264797507787749e-04 6.884735202492210659e-02 3.115264797507787749e-04 3.457943925233643995e-02 3.115264797507787749e-04 3.115264797507787749e-04 3.115264797507787749e-04 5.015576323987538249e-02 2.523364485981307789e-02
4.321428571428571203e-02 3.571428571428571425e-04 2.178571428571428326e-02 3.432142857142856940e-01 3.928571428571428839e-03 6.464285714285715467e-02 3.928571428571428839e-03 3.571428571428571425e-04 3.571428571428571425e-04 3.571428571428571425e-04 1.896428571428571408e-01 3.928571428571428839e-03 9.678571428571429436e-02 1.464285714285714149e-02 4.321428571428571203e-02 3.571428571428571425e-04 3.928571428571428839e-03 3.571428571428571425e-04 3.964285714285713941e-02 1.253571428571428614e-01
2.874493927125506762e-02 4.453441295546560139e-03 4.048582995951417914e-04 4.493927125506073927e-02 4.048582995951417914e-04 4.898785425101215285e-02 1.255060728744939597e-02 3.080971659919028993e-01 4.048582995951417914e-04 4.048582995951417914e-04 4.048582995951417914e-04 4.048582995951417914e-04 5.708502024291499388e-02 4.048582995951417914e-04 3.161943319838056987e-01 1.659919028340081301e-02 4.048582995951417914e-04 4.048582995951417914e-04 1.582995951417004443e-01 4.048582995951417914e-04
1.689189189189189283e-04 1.689189189189189283e-04 5.236486486486486777e-03 1.944256756756756743e-01 1.689189189189189283e-04 4.577702702702703130e-02 1.689189189189189283e-04 5.422297297297297425e-02 3.547297297297297494e-03 1.858108108108108211e-03 1.199324324324324217e-02 1.689189189189189283e-04 1.065878378378378455e-01 1.858108108108108211e-03 2.822635135135135309e-01 1.689189189189189283e-04 1.689189189189189283e-04 1.689189189189189283e-04 2.907094594594594739e-01 1.689189189189189283e-04
2.457002457002456400e-04 2.457002457002456400e-04 8.624078624078622413e-02 1.157248157248157022e-01 2.457002457002456400e-04 2.457002457002456400e-04 2.457002457002456400e-04 8.624078624078622413e-02 2.457002457002456400e-04 2.457002457002456400e-04 2.457002457002456400e-04 2.457002457002456400e-04 6.412776412776410861e-02 2.457002457002456400e-04 3.270270270270269064e-01 1.990171990171989494e-02 2.457002457002456400e-04 2.457002457002456400e-04 2.975429975429974561e-01 2.457002457002456400e-04
2.049180327868852457e-04 2.254098360655737866e-03 5.758196721311475974e-02 2.829918032786885029e-01 1.249999999999999896e-02 7.192622950819672900e-02 2.049180327868852457e-04 2.049180327868852457e-04 2.049180327868852457e-04 2.049180327868852457e-04 2.049180327868852457e-04 1.249999999999999896e-02 2.686475409836065475e-01 2.049180327868852457e-04 4.938524590163934774e-02 2.049180327868852457e-04 2.049180327868852457e-04 6.782786885245901953e-02 1.723360655737704861e-01 2.049180327868852457e-04
1.203431372549019635e-01 2.450980392156862711e-04 2.477941176470588036e-01 9.828431372549019385e-02 2.450980392156862711e-04 2.085784313725490002e-01 2.450980392156862711e-04 2.450980392156862711e-04 2.450980392156862711e-04 5.147058823529411693e-03 2.450980392156862711e-04 1.495098039215686167e-02 1.350490196078431293e-01 2.450980392156862711e-04 1.669117647058823428e-01 2.450980392156862711e-04 2.450980392156862711e-04 2.450980392156862711e-04 2.450980392156862711e-04 2.450980392156862711e-04
1.675958188153309492e-01 3.484320557491288111e-04 1.919860627177699675e-01 3.832752613240416814e-03 7.317073170731705142e-03 1.327526132404180659e-01 3.484320557491288111e-04 4.216027874564458322e-02 3.867595818815329489e-02 3.484320557491288111e-04 3.484320557491288111e-04 9.094076655052261982e-02 1.188153310104529264e-01 3.484320557491288111e-04 1.083623693379790615e-01 1.080139372822299174e-02 3.484320557491288111e-04 3.832752613240416814e-03 8.048780487804875483e-02 3.484320557491288111e-04
9.534883720930229650e-03 2.325581395348836798e-04 2.813953488372092360e-02 1.444186046511627686e-01 2.325581395348836798e-04 6.767441860465114867e-02 2.325581395348836798e-04 2.581395348837208642e-02 2.325581395348836798e-04 2.325581395348836798e-04 2.325581395348836798e-04 2.325581395348836798e-04 1.467441860465115988e-01 2.325581395348836798e-04 2.839534883720929437e-01 2.325581395348836798e-04 2.325581395348836798e-04 2.325581395348836798e-04 2.886046511627906042e-01 2.558139534883720288e-03
2.564102564102563558e-04 2.564102564102563558e-04 2.076923076923076206e-02 1.592307692307691758e-01 6.435897435897434959e-02 2.846153846153845132e-02 2.564102564102563558e-04 5.923076923076921879e-02 8.230769230769229006e-02 4.897435897435896412e-02 1.051282051282050913e-02 2.564102564102563558e-04 1.820512820512820013e-02 2.564102564102563558e-04 2.925641025641024795e-01 2.564102564102563558e-04 2.564102564102563558e-04 2.564102564102563558e-04 2.053846153846153044e-01 7.948717948717947193e-03
1.506024096385542301e-04 1.506024096385542301e-04 2.274096385542168780e-02 8.298192771084338115e-02 3.629518072289156932e-02 1.506024096385542301e-04 1.506024096385542301e-04 1.219879518072289164e-02 7.680722891566264462e-03 1.506024096385542301e-04 1.506024096385542301e-04 1.506024096385542301e-04 1.673192771084337227e-01 9.186746987951806276e-03 3.420180722891565939e-01 1.506024096385542301e-04 1.506024096385542301e-04 1.506024096385542301e-04 3.164156626506023917e-01 1.656626506024096558e-03
1.333333333333333397e-04 1.333333333333333397e-04 1.746666666666666506e-02 6.013333333333333725e-02 9.746666666666665979e-02 1.333333333333333397e-04 2.813333333333333658e-02 2.799999999999999972e-03 2.146666666666666862e-02 1.333333333333333397e-04 1.333333333333333397e-04 1.613333333333333286e-02 1.187999999999999889e-01 1.333333333333333397e-04 3.374666666666666370e-01 4.133333333333333477e-03 1.466666666666666683e-03 1.333333333333333397e-04 2.934666666666666535e-01 1.333333333333333397e-04
2.631578947368420993e-04 2.631578947368420993e-04 2.631578947368420993e-04 2.318421052631578771e-01 2.894736842105263309e-03 2.631578947368420993e-04 8.157894736842105296e-03 7.921052631578948122e-02 3.184210526315789380e-02 2.631578947368420993e-04 2.631578947368420993e-04 2.631578947368420993e-04 8.447368421052632581e-02 2.631578947368420993e-04 2.949999999999999845e-01 2.631578947368420993e-04 3.973684210526315375e-02 3.973684210526315375e-02 1.844736842105262897e-01 2.631578947368420993e-04
2.577319587628866039e-04 2.087628865979381312e-02 2.577319587628866039e-04 8.273195876288659545e-02 2.577319587628866039e-04 2.141752577319587514e-01 2.577319587628866039e-04 2.577319587628866039e-04 2.577319587628866039e-04 5.412371134020618410e-03 2.577319587628866039e-04 2.087628865979381312e-02 2.734536082474226526e-01 5.412371134020618410e-03 8.273195876288659545e-02 2.577319587628866039e-04 2.577319587628866039e-04 2.577319587628866039e-04 1.832474226804123585e-01 1.085051546391752608e-01
1.499999999999999389e-01 3.401360544217685755e-04 1.023809523809523503e-01 3.401360544217685755e-04 3.401360544217685755e-04 1.023809523809523503e-01 3.401360544217685755e-04 7.517006802721086511e-02 3.401360544217685755e-04 3.401360544217685755e-04 3.401360544217685755e-04 1.734693877551019697e-02 1.602040816326530115e-01 3.401360544217685755e-04 3.234693877551019225e-01 3.401360544217685755e-04 3.401360544217685755e-04 3.401360544217685755e-04 6.496598639455780644e-02 3.401360544217685755e-04
3.571428571428570341e-04 3.571428571428570341e-04 3.571428571428570341e-04 1.432142857142856551e-01 1.539285714285713591e-01 3.571428571428570341e-04 1.464285714285713629e-02 3.571428571428570341e-04 1.039285714285713980e-01 1.464285714285713629e-02 3.571428571428570341e-04 2.892857142857141461e-02 3.571428571428570341e-04 3.571428571428570341e-04 1.503571428571428004e-01 3.074999999999998290e-01 7.892857142857140351e-02 3.571428571428570341e-04 3.571428571428570341e-04 3.571428571428570341e-04
2.336448598130841218e-04 2.570093457943925259e-03 2.126168224299065240e-02 3.761682242990654207e-02 7.733644859813083861e-02 2.336448598130841218e-04 7.242990654205607587e-03 7.733644859813083861e-02 2.336448598130841218e-04 1.658878504672896964e-02 2.336448598130841218e-04 2.336448598130841218e-04 1.894859813084112110e-01 2.336448598130841218e-04 2.595794392523364524e-01 2.336448598130841218e-04 2.336448598130841218e-04 2.336448598130841218e-04 3.086448598130840937e-01 2.336448598130841218e-04
1.226993865030674919e-04 2.098159509202454295e-02 3.079754601226994057e-02 1.203680981595091903e-01 6.760736196319018509e-02 5.656441717791411278e-02 1.116564417177914013e-02 4.306748466257669106e-02 1.852760736196319008e-02 6.257668711656441327e-03 1.226993865030674919e-04 7.484662576687116028e-03 1.007361963190183951e-01 1.226993865030674919e-04 2.271165644171778963e-01 7.484662576687116028e-03 1.226993865030674919e-04 6.257668711656441327e-03 2.700613496932515178e-01 5.030674846625766625e-03
3.634311512415349527e-02 2.257336343115124019e-04 1.808126410835214082e-01 1.176072234762979563e-01 2.257336343115124019e-04 1.830699774266365265e-01 2.257336343115124019e-04 2.257336343115124019e-04 4.311512415349887106e-02 2.257336343115124019e-04 2.257336343115124019e-04 5.440180586907449045e-02 1.018058690744920863e-01 2.257336343115124019e-04 1.943566591422121459e-01 2.257336343115124019e-04 2.257336343115124019e-04 2.257336343115124019e-04 8.600451467268621641e-02 2.257336343115124019e-04
1.029357798165137644e-01 7.522935779816513138e-03 1.451376146788990740e-01 9.926605504587156237e-02 1.302752293577981620e-02 1.781651376146788923e-01 1.834862385321100911e-04 1.834862385321100911e-04 1.834862385321100911e-04 5.688073394495412986e-03 1.834862385321100911e-04 1.486238532110091722e-02 1.084403669724770675e-01 1.834862385321100911e-04 2.185321100917431147e-01 1.834862385321100911e-04 2.954128440366972710e-02 1.834862385321100911e-04 6.440366972477064300e-02 1.119266055045871518e-02
3.654618473895582254e-02 8.875502008032129519e-02 1.570281124497991954e-01 4.016064257028112623e-04 1.008032128514056297e-01 3.253012048192770872e-02 2.092369477911646680e-01 2.851405622489959837e-02 4.056224899598393635e-02 4.016064257028112623e-04 4.016064257028112623e-04 2.851405622489959837e-02 4.016064257028112623e-04 1.244979919678714832e-02 8.473895582329317444e-02 4.016064257028112623e-04 9.277108433734940207e-02 4.016064257028112623e-04 8.473895582329317444e-02 4.016064257028112623e-04
7.199281867145421177e-02 1.795332136445242218e-04 1.509874326750448303e-01 1.958707360861758895e-01 6.122082585278275368e-02 1.454219030520645904e-02 3.770197486535008333e-03 3.770197486535008333e-03 5.565529622980250335e-03 1.974865350089766332e-03 1.795332136445242218e-04 1.992818671454218635e-02 5.583482944344703158e-02 5.565529622980250335e-03 5.942549371633751298e-02 6.840215439856371649e-02 7.360861759425491903e-03 1.795332136445242218e-04 2.605026929982046102e-01 1.274685816876121834e-02
1.009146341463414281e-01 3.689024390243900858e-02 1.557926829268292124e-01 3.993902439024388934e-02 3.048780487804876962e-04 3.353658536585364929e-03 8.262195121951217136e-02 3.048780487804876962e-04 3.048780487804876962e-04 3.048780487804876962e-04 9.451219512195118203e-03 3.048780487804876962e-04 3.048780487804876962e-04 3.048780487804876962e-04 3.993902439024388934e-02 4.271341463414632389e-01 9.786585365853656127e-02 3.353658536585364929e-03 3.048780487804876962e-04 3.048780487804876962e-04
4.624697336561742894e-02 2.421307506053268501e-04 1.891041162227602435e-01 2.421307506053268501e-04 2.421307506053268501e-04 3.171912832929781739e-02 8.256658595641645781e-02 2.421307506053268501e-04 2.421307506053268501e-04 7.288135593220337882e-02 7.530266343825664510e-02 6.319612590799031371e-02 1.234866828087166808e-02 2.421307506053268501e-04 6.319612590799031371e-02 2.302663438256658257e-01 9.951573849878933564e-02 1.234866828087166808e-02 2.421307506053268501e-04 1.961259079903147212e-02
3.508771929824561686e-04 3.508771929824561686e-04 4.947368421052631554e-02 3.021052631578947101e-01 3.508771929824561686e-04 1.091228070175438714e-01 3.508771929824561686e-04 3.508771929824561686e-04 7.754385964912281770e-02 3.508771929824561686e-04 3.508771929824561686e-04 3.894736842105263330e-02 4.947368421052631554e-02 3.508771929824561686e-04 1.091228070175438714e-01 2.140350877192982379e-02 3.543859649122806793e-02 3.508771929824561686e-04 2.038596491228070184e-01 3.508771929824561686e-04
