6.357466063348414520e-02 2.262443438914026701e-04 2.262443438914026701e-04 2.262443438914026701e-04 2.262443438914026701e-04 4.751131221719455747e-03 1.606334841628958773e-02 4.773755656108596285e-02 2.737556561085972145e-02 2.058823529411763983e-02 4.751131221719455747e-03 2.262443438914026701e-04 2.262443438914026701e-04 2.262443438914026701e-04 1.540723981900452011e-01 2.262443438914026701e-04 2.262443438914026701e-04 2.488687782805429263e-03 1.380090497737556168e-02 2.488687782805429263e-03 7.013574660633482664e-03 4.751131221719455747e-03 3.712669683257917574e-01 7.013574660633482664e-03 2.262443438914026701e-04 2.262443438914026701e-04 2.262443438914026701e-04 1.156108597285067652e-01 1.337104072398189736e-01 2.262443438914026701e-04
2.759259259259259078e-01 2.057613168724280065e-04 2.057613168724280065e-04 1.255144032921810641e-02 2.057613168724280065e-04 1.255144032921810641e-02 2.057613168724280065e-04 1.504115226337448541e-01 2.057613168724280065e-04 1.255144032921810641e-02 2.057613168724280065e-04 2.057613168724280065e-04 2.057613168724280065e-04 2.263374485596708098e-03 2.057613168724280065e-04 2.057613168724280065e-04 4.958847736625515007e-02 2.695473251028806388e-02 9.279835390946501728e-02 2.057613168724280065e-04 2.057613168724280065e-04 7.427983539094649978e-02 2.057613168724280065e-04 2.057613168724280065e-04 6.810699588477366062e-02 2.057613168724280065e-04 2.057613168724280065e-04 2.057613168724280065e-04 2.183127572016460849e-01 2.057613168724280065e-04
2.409638554216866815e-04 2.409638554216866815e-04 2.409638554216866815e-04 3.156626506024095419e-02 9.879518072289152422e-03 2.363855421686746339e-01 2.409638554216866815e-04 1.228915662650601967e-02 2.409638554216866815e-04 2.409638554216866815e-04 2.171084337349396820e-01 2.409638554216866815e-04 2.409638554216866815e-04 2.409638554216866815e-04 2.409638554216866815e-04 2.409638554216866815e-04 1.951807228915661968e-02 2.409638554216866815e-04 2.409638554216866815e-04 2.409638554216866815e-04 2.409638554216866815e-04 2.409638554216866815e-04 2.409638554216866815e-04 1.183132530120481613e-01 7.975903614457829915e-02 9.879518072289152422e-03 5.325301204819275769e-02 2.409638554216866815e-04 2.074698795180722199e-01 2.409638554216866815e-04
1.494736842105262760e-02 2.105263157894736415e-04 2.105263157894736415e-04 2.105263157894736415e-04 2.105263157894736415e-04 2.802105263157894099e-01 2.105263157894736415e-04 2.105263157894736415e-04 2.105263157894736415e-04 2.149473684210525815e-01 2.105263157894736415e-04 2.105263157894736415e-04 2.105263157894736415e-04 2.105263157894736415e-04 2.105263157894736415e-04 2.105263157894736415e-04 4.652631578947367952e-02 2.547368421052630810e-02 2.105263157894736415e-04 2.105263157894736415e-04 2.105263157894736415e-04 2.105263157894736415e-04 2.105263157894736415e-04 2.105263157894736415e-04 9.915789473684208377e-02 2.105263157894736415e-04 6.526315789473683023e-03 2.105263157894736415e-04 3.075789473684209518e-01 2.105263157894736415e-04
6.896551724137932673e-04 2.006896551724138555e-01 7.586206896551725941e-03 1.110344827586207256e-01 6.896551724137932673e-04 2.558620689655172753e-01 3.517241379310345056e-02 6.896551724137932673e-04 6.896551724137932673e-04 6.896551724137932673e-04 6.896551724137932673e-04 6.896551724137932673e-04 6.896551724137932673e-04 8.344827586206897407e-02 6.896551724137932673e-04 6.896551724137932673e-04 6.896551724137932673e-04 7.586206896551725941e-03 6.896551724137932673e-04 2.137931034482759216e-02 9.034482758620690501e-02 6.896551724137932673e-04 6.896551724137932673e-04 6.275862068965518126e-02 6.896551724137932673e-04 6.965517241379311220e-02 6.896551724137932673e-04 4.206896551724138844e-02 6.896551724137932673e-04 6.896551724137932673e-04
4.901960784313727591e-04 5.392156862745099699e-03 1.029411764705882686e-02 4.901960784313727591e-04 4.901960784313727591e-04 4.901960784313727591e-04 5.931372549019608975e-02 4.901960784313727591e-04 4.901960784313727591e-04 4.901960784313727591e-04 4.901960784313727591e-04 4.171568627450981115e-01 2.651960784313726061e-01 4.901960784313727591e-04 4.901960784313727591e-04 4.901960784313727591e-04 1.029411764705882686e-02 4.901960784313727591e-04 4.901960784313727591e-04 4.901960784313727591e-04 4.901960784313727591e-04 1.475490196078431959e-01 4.901960784313727591e-04 4.950980392156863891e-02 4.901960784313727591e-04 5.392156862745099699e-03 4.901960784313727591e-04 1.029411764705882686e-02 4.901960784313727591e-04 1.029411764705882686e-02
7.078085642317377690e-02 2.518891687657429579e-04 2.518891687657429579e-04 2.518891687657429579e-04 2.770780856423172862e-03 2.518891687657429579e-04 2.518891687657429579e-04 3.803526448362718609e-02 2.518891687657429579e-04 2.518891687657429579e-04 1.536523929471031967e-02 2.518891687657429579e-04 2.518891687657429579e-04 2.518891687657429579e-04 2.518891687657429579e-04 5.818639798488663140e-02 2.518891687657429579e-04 2.518891687657429579e-04 4.307304785894205262e-02 3.551637279596975977e-02 2.518891687657429579e-04 3.780856423173801772e-01 1.387909319899243710e-01 1.211586901763223728e-01 2.518891687657429579e-04 2.518891687657429579e-04 3.299748110831232650e-02 5.566750629722919813e-02 5.289672544080602223e-03 2.518891687657429579e-04
3.891050583657587819e-04 3.891050583657587819e-04 1.595330739299610778e-02 3.891050583657587819e-04 3.891050583657587819e-04 3.891050583657587819e-04 4.280155642023346710e-03 3.891050583657587819e-04 3.891050583657587819e-04 3.891050583657587819e-04 3.891050583657587819e-04 4.280155642023346710e-03 3.891050583657587819e-04 3.891050583657587819e-04 3.891050583657587819e-04 4.517509727626459193e-01 1.206225680933852192e-02 2.373540856031128299e-02 3.891050583657587819e-04 3.891050583657587819e-04 3.891050583657587819e-04 3.891050583657587819e-04 3.891050583657587819e-04 2.727626459143968618e-01 1.093385214007782102e-01 3.891050583657587819e-04 3.891050583657587819e-04 3.540856031128404580e-02 6.264591439688715901e-02 3.891050583657587819e-04
3.344481605351169859e-04 3.344481605351169859e-04 1.006688963210702198e-01 2.040133779264213451e-02 3.344481605351169859e-04 3.344481605351169859e-04 1.036789297658862775e-02 3.344481605351169859e-04 3.344481605351169859e-04 3.344481605351169859e-04 2.812709030100333796e-01 3.344481605351169859e-04 3.344481605351169859e-04 3.344481605351169859e-04 3.344481605351169859e-04 3.344481605351169859e-04 3.344481605351169859e-04 3.013377926421403896e-01 3.344481605351169859e-04 3.344481605351169859e-04 3.344481605351169859e-04 3.344481605351169859e-04 3.344481605351169859e-04 1.006688963210702198e-01 3.344481605351169859e-04 4.046822742474915496e-02 3.344481605351169859e-04 3.344481605351169859e-04 1.374581939799330854e-01 3.344481605351169859e-04
3.354632587859424520e-03 1.597444089456868780e-04 3.210862619808306506e-02 1.597444089456868780e-04 1.597444089456868780e-04 1.597444089456868780e-04 1.597444089456868780e-04 2.092651757188497899e-02 2.509584664536740894e-01 1.597444089456868780e-04 1.597444089456868780e-04 4.169329073482427872e-02 1.597444089456868780e-04 1.597444089456868780e-04 2.571884984025558929e-02 1.597444089456868780e-04 1.597444089456868780e-04 1.597444089456868780e-04 1.597444089456868780e-04 8.322683706070285736e-02 2.412140575079871688e-02 1.597444089456868780e-04 1.597444089456868780e-04 1.597444089456868780e-04 6.246006389776356804e-02 5.287539936102235438e-02 1.597444089456868780e-04 1.597444089456868780e-04 3.995207667731628387e-01 1.597444089456868780e-04
2.285067873303166588e-02 1.153846153846153390e-02 2.262443438914026430e-04 2.262443438914026430e-04 2.262443438914026430e-04 1.269230769230768885e-01 2.262443438914026430e-04 5.678733031674206011e-02 2.262443438914026430e-04 2.963800904977374404e-02 2.262443438914026430e-04 2.262443438914026430e-04 2.262443438914026430e-04 2.262443438914026430e-04 2.262443438914026430e-04 4.095022624434387776e-02 7.941176470588232061e-02 2.262443438914026430e-04 2.262443438914026430e-04 4.751131221719455747e-03 2.285067873303166588e-02 1.947963800904976561e-01 1.223981900452488225e-01 1.495475113122171351e-01 5.452488687782803406e-02 2.262443438914026430e-04 4.999999999999998196e-02 2.262443438914026430e-04 2.963800904977374404e-02 2.262443438914026430e-04
4.166666666666668018e-04 4.166666666666668018e-04 4.583333333333335091e-03 4.166666666666668018e-04 4.166666666666668018e-04 1.254166666666667040e-01 4.166666666666668018e-04 4.166666666666668018e-04 4.166666666666668018e-04 4.166666666666668018e-04 4.166666666666668018e-04 4.166666666666668018e-04 4.166666666666668018e-04 4.166666666666668018e-04 4.166666666666668018e-04 4.166666666666668018e-04 4.166666666666668018e-04 4.166666666666668018e-04 4.166666666666668018e-04 4.166666666666668018e-04 4.166666666666668018e-04 4.166666666666668018e-04 4.170833333333334170e-01 8.791666666666669849e-02 4.166666666666668018e-04 4.166666666666668018e-04 4.166666666666668018e-04 2.087500000000000466e-01 1.462500000000000466e-01 4.166666666666668018e-04
3.154574132492112709e-04 3.154574132492112709e-04 3.154574132492112709e-04 3.154574132492112709e-04 3.154574132492112709e-04 3.154574132492112709e-04 6.624605678233435983e-03 3.154574132492112709e-04 3.154574132492112709e-04 2.555205047318610811e-02 3.154574132492112709e-04 9.779179810725548150e-03 4.132492113564667502e-02 3.154574132492112709e-04 3.154574132492112709e-04 4.482649842271291818e-01 3.154574132492112709e-04 3.154574132492112709e-04 3.501577287066244548e-02 1.293375394321765945e-02 1.328075709779179270e-01 3.154574132492112709e-04 3.154574132492112709e-04 1.138801261829652661e-01 2.239747634069399682e-02 3.154574132492112709e-04 3.154574132492112709e-04 3.154574132492112709e-04 1.454258675078863861e-01 3.154574132492112709e-04
2.427184466019416832e-04 2.427184466019416832e-04 2.427184466019416832e-04 2.427184466019416832e-04 2.427184466019416832e-04 2.427184466019416832e-04 2.427184466019416832e-04 4.878640776699028070e-02 2.427184466019416832e-04 2.427184466019416832e-04 2.427184466019416832e-04 2.427184466019416832e-04 2.427184466019416832e-04 2.427184466019416832e-04 2.427184466019416832e-04 9.951456310679607925e-03 1.070388349514562881e-01 2.427184466019416832e-04 2.427184466019416832e-04 2.427184466019416832e-04 2.427184466019416832e-04 2.936893203883494258e-02 4.565533980582522910e-01 4.150485436893203151e-02 2.427184466019416832e-04 5.097087378640775129e-03 2.427184466019416832e-04 2.427184466019416832e-04 2.963592233009707533e-01 2.427184466019416832e-04
3.278688524590162847e-04 3.278688524590162847e-04 3.278688524590162847e-04 3.606557377049179457e-03 3.606557377049179457e-03 7.245901639344259904e-02 3.606557377049179457e-03 3.609836065573768793e-01 1.016393442622950428e-02 3.278688524590162847e-04 1.344262295081966561e-02 3.278688524590162847e-04 3.278688524590162847e-04 3.278688524590162847e-04 3.278688524590162847e-04 3.278688524590162847e-04 3.278688524590162847e-04 1.016393442622950428e-02 3.278688524590162847e-04 3.606557377049179457e-03 3.278688524590162847e-04 3.606557377049179457e-03 3.839344262295080190e-01 3.278688524590162847e-04 3.278688524590162847e-04 3.278688524590162847e-04 3.278688524590162847e-04 7.245901639344259904e-02 5.278688524590162412e-02 3.278688524590162847e-04
1.930501930501930222e-04 4.054054054054053412e-03 1.930501930501930222e-04 1.930501930501930222e-04 1.930501930501930222e-04 1.930501930501930222e-04 1.930501930501930222e-04 2.123552123552123298e-03 1.930501930501930222e-04 1.930501930501930222e-04 1.930501930501930222e-04 1.930501930501930222e-04 3.687258687258686968e-02 2.123552123552123298e-03 1.930501930501930222e-04 1.025096525096524935e-01 2.915057915057914228e-02 1.930501930501930222e-04 1.930501930501930222e-04 1.930501930501930222e-04 1.932432432432431846e-01 1.930501930501930222e-04 4.054054054054053412e-03 1.488416988416987885e-01 2.897683397683397111e-01 1.930501930501930222e-04 1.930501930501930222e-04 1.930501930501930222e-04 1.681467181467181105e-01 1.563706563706563149e-02
1.879699248120300322e-04 1.879699248120300322e-04 4.154135338345864292e-02 1.879699248120300322e-04 3.947368421052630839e-03 1.879699248120300322e-04 1.879699248120300322e-04 1.879699248120300322e-04 1.879699248120300322e-04 1.879699248120300322e-04 3.590225563909774098e-02 1.334586466165413147e-02 1.146616541353383083e-02 1.879699248120300322e-04 1.879699248120300322e-04 1.879699248120300322e-04 5.845864661654134181e-02 9.586466165413531915e-03 3.947368421052630839e-03 1.825187969924811637e-01 1.879699248120300322e-04 4.513157894736841147e-01 2.067669172932330626e-03 7.725563909774434135e-02 1.879699248120300322e-04 1.879699248120300322e-04 1.879699248120300322e-04 5.827067669172931487e-03 9.981203007518794912e-02 1.879699248120300322e-04
2.008032128514055769e-04 6.224899598393572424e-03 1.827309236947790433e-02 2.208835341365461211e-03 6.224899598393572424e-03 1.206827309236947338e-01 2.208835341365461211e-03 4.839357429718874060e-02 2.008032128514055769e-04 2.008032128514055769e-04 2.008032128514055769e-04 2.008032128514055769e-04 2.008032128514055769e-04 2.208835341365461211e-03 2.008032128514055769e-04 2.008032128514055769e-04 2.311244979919677700e-01 2.008032128514055769e-04 2.228915662650601467e-02 3.835341365461846647e-02 2.008032128514055769e-04 2.692771084337348131e-01 1.447791164658633889e-01 2.008032128514055769e-04 2.208835341365461211e-03 2.208835341365461211e-03 1.425702811244979398e-02 2.008032128514055769e-04 6.646586345381523542e-02 2.008032128514055769e-04
1.876172607879924951e-04 1.876172607879924951e-04 6.960600375234521353e-02 2.082551594746716653e-02 1.876172607879924951e-04 1.876172607879924951e-04 1.876172607879924951e-04 1.052532833020637937e-01 1.876172607879924951e-04 1.876172607879924951e-04 2.046904315196997892e-01 2.063789868667917447e-03 1.519699812382739081e-02 1.876172607879924951e-04 1.876172607879924951e-04 1.876172607879924951e-04 1.876172607879924951e-04 1.876172607879924951e-04 1.876172607879924951e-04 1.876172607879924951e-04 1.876172607879924951e-04 3.939962476547842832e-03 1.876172607879924951e-04 1.876172607879924951e-04 4.333958724202626595e-02 1.876172607879924951e-04 1.876172607879924951e-04 1.876172607879924951e-04 5.311444652908068331e-01 1.876172607879924951e-04
4.524886877828054486e-04 1.180995475113122278e-01 6.832579185520361309e-02 4.524886877828054486e-04 9.547511312217195345e-02 8.190045248868778327e-02 8.642533936651584925e-02 4.524886877828054486e-04 4.524886877828054486e-04 4.570135746606334565e-02 4.524886877828054486e-04 4.524886877828054486e-04 4.524886877828054486e-04 4.524886877828054486e-04 9.095022624434390135e-02 4.524886877828054486e-04 4.524886877828054486e-04 4.524886877828054486e-04 4.524886877828054486e-04 4.524886877828054486e-04 1.045248868778280577e-01 4.524886877828054486e-04 4.524886877828054486e-04 4.524886877828054486e-04 5.927601809954750889e-02 5.475113122171945679e-02 4.524886877828054486e-04 4.977375565610860260e-03 1.814479638009049711e-01 4.524886877828054486e-04
4.104477611940299253e-03 4.104477611940299253e-03 3.731343283582089589e-04 7.835820895522389168e-03 3.731343283582089589e-04 3.395522388059701163e-02 7.835820895522389168e-03 1.902985074626865544e-02 3.731343283582089589e-04 4.104477611940299253e-03 3.731343283582089589e-04 1.529850746268656553e-02 2.276119402985074536e-02 1.156716417910447735e-02 3.731343283582089589e-04 3.731343283582089589e-04 7.126865671641791078e-02 3.731343283582089589e-04 2.649253731343283527e-02 3.768656716417910502e-02 3.731343283582089589e-04 3.958955223880596952e-01 1.682835820895522416e-01 3.731343283582089589e-04 3.731343283582089589e-04 3.731343283582089589e-04 5.634328358208955112e-02 1.156716417910447735e-02 9.738805970149254365e-02 3.731343283582089589e-04
2.624671916010498109e-04 2.624671916010498109e-04 2.624671916010498109e-04 2.887139107611548083e-03 5.511811023622045433e-03 2.624671916010498109e-04 2.887139107611548083e-03 1.076115485564304100e-02 2.624671916010498109e-04 2.624671916010498109e-04 2.624671916010498109e-04 2.624671916010498109e-04 5.511811023622045433e-03 2.624671916010498109e-04 2.624671916010498109e-04 4.517060367454066583e-01 2.624671916010498109e-04 2.624671916010498109e-04 5.511811023622045433e-03 6.850393700787399398e-02 1.288713910761154491e-01 2.624671916010498109e-04 2.624671916010498109e-04 1.603674540682414329e-01 2.624671916010498109e-04 2.624671916010498109e-04 2.624671916010498109e-04 2.887139107611548083e-03 1.498687664041994383e-01 2.624671916010498109e-04
2.577319587628866039e-04 4.407216494845361127e-02 7.242268041237114040e-02 2.087628865979381312e-02 2.577319587628866039e-04 2.577319587628866039e-04 2.577319587628866039e-04 2.835051546391752914e-03 4.407216494845361127e-02 2.577319587628866039e-04 4.149484536082474750e-02 2.577319587628866039e-04 2.577319587628866039e-04 2.577319587628866039e-04 2.577319587628866039e-04 2.577319587628866039e-04 2.577319587628866039e-04 2.577319587628866039e-04 3.891752577319587680e-02 1.829896907216494589e-02 1.136597938144329883e-01 2.577319587628866039e-04 7.989690721649483907e-03 2.577319587628866039e-04 2.064432989690721532e-01 1.056701030927834940e-02 2.577319587628866039e-04 2.577319587628866039e-04 3.739690721649484573e-01 2.577319587628866039e-04
2.499999999999999445e-02 3.645038167938930568e-02 2.099236641221373725e-03 2.099236641221373725e-03 1.908396946564885205e-04 2.099236641221373725e-03 1.908396946564885205e-04 1.908396946564885205e-04 1.908396946564885205e-04 1.908396946564885205e-04 4.007633587786258930e-03 1.908396946564885205e-04 7.270992366412212804e-02 1.908396946564885205e-04 1.908396946564885205e-04 2.099236641221373725e-03 2.099236641221373725e-03 1.908396946564885205e-04 1.908396946564885205e-04 1.908396946564885205e-04 1.261450381679388999e-01 1.908396946564885205e-04 5.916030534351144135e-03 2.690839694656487965e-02 4.601145038167938073e-01 2.309160305343510924e-02 1.354961832061068322e-02 1.908396946564885205e-04 1.929389312977098647e-01 1.908396946564885205e-04
2.212389380530973692e-04 2.433628318584071196e-03 5.110619469026549122e-02 9.756637168141593652e-02 4.889380530973451433e-02 2.212389380530973692e-04 2.212389380530973692e-04 5.995575221238938490e-02 2.212389380530973692e-04 1.128318584070796445e-02 3.340707964601769692e-02 2.212389380530973692e-04 2.212389380530973692e-04 4.889380530973451433e-02 2.898230088495575008e-02 2.898230088495575008e-02 2.212389380530973692e-04 2.212389380530973692e-04 2.212389380530973692e-04 2.212389380530973692e-04 2.212389380530973692e-04 4.646017699115044183e-03 1.128318584070796445e-02 3.561946902654867381e-02 3.119469026548672350e-02 2.212389380530973692e-04 2.081858407079645867e-01 6.858407079646017604e-03 2.856194690265486669e-01 2.433628318584071196e-03
8.998272884283245454e-02 3.626943005181346765e-03 1.727115716753022101e-04 1.400690846286700708e-01 1.727115716753022101e-04 1.727115716753022101e-04 1.727115716753022101e-04 1.727115716753022101e-04 1.899827288428324393e-03 1.727115716753022101e-04 2.435233160621761220e-02 1.727115716753022101e-04 1.899827288428324393e-03 1.727115716753022101e-04 1.398963730569947883e-02 2.780656303972365781e-02 1.727115716753022101e-04 1.727115716753022101e-04 1.727115716753022101e-04 1.727115716753022101e-04 8.652849740932641587e-02 1.727115716753022101e-04 3.626943005181346765e-03 1.727115716753022101e-04 2.350604490500863009e-01 1.744386873920552444e-02 1.053540587219343495e-02 1.727115716753022101e-04 3.404145077720206469e-01 1.727115716753022101e-04
3.067484662576687297e-04 9.509202453987730674e-03 3.067484662576687297e-04 3.067484662576687297e-04 3.067484662576687297e-04 3.067484662576687297e-04 3.067484662576687297e-04 3.067484662576687297e-04 3.067484662576687297e-04 3.067484662576687297e-04 9.509202453987730674e-03 6.441717791411043052e-03 9.509202453987730674e-03 3.374233128834356298e-03 3.067484662576687297e-04 3.067484662576687297e-04 3.067484662576687297e-04 3.067484662576687297e-04 3.067484662576687297e-04 3.374233128834356298e-03 1.168711656441717844e-01 3.067484662576687297e-04 6.441717791411043052e-03 1.257668711656441569e-02 4.880368098159508783e-01 1.257668711656441569e-02 6.441717791411043052e-03 3.067484662576687297e-04 2.917177914110429260e-01 1.871165644171779094e-02
3.584229390681002497e-04 2.189964157706092429e-01 3.584229390681002497e-04 3.584229390681002497e-04 3.584229390681002497e-04 8.996415770609315909e-02 3.584229390681002497e-04 7.526881720430104485e-03 3.584229390681002497e-04 1.186379928315411808e-01 3.942652329749102638e-03 3.584229390681002497e-04 3.584229390681002497e-04 3.584229390681002497e-04 1.111111111111110633e-02 3.584229390681002497e-04 7.526881720430104485e-03 3.584229390681002497e-04 3.584229390681002497e-04 7.526881720430104485e-03 1.903225806451612212e-01 3.584229390681002497e-04 3.584229390681002497e-04 8.637992831541214944e-02 2.189964157706092429e-01 3.584229390681002497e-04 3.584229390681002497e-04 3.584229390681002497e-04 3.261648745519711567e-02 3.584229390681002497e-04
2.941176470588235579e-04 2.941176470588235579e-04 2.941176470588235579e-04 2.941176470588235579e-04 2.941176470588235579e-04 8.852941176470588425e-02 2.941176470588235579e-04 2.941176470588235579e-04 3.235294117647059299e-03 2.941176470588235579e-04 2.941176470588235579e-04 2.941176470588235579e-04 3.235294117647059299e-03 2.941176470588235579e-04 2.941176470588235579e-04 2.941176470588235579e-04 2.941176470588235579e-04 2.941176470588235579e-04 2.941176470588235579e-04 2.941176470588235579e-04 5.911764705882353171e-02 2.941176470588235579e-04 5.032352941176470029e-01 2.970588235294117571e-02 9.117647058823528938e-03 2.941176470588235579e-04 2.941176470588235579e-04 7.676470588235294323e-02 2.208823529411764464e-01 2.941176470588235579e-04
1.356852103120759678e-04 1.356852103120759678e-04 6.255088195386701577e-02 1.356852103120759678e-04 1.356852103120759678e-04 1.356852103120759678e-04 5.563093622795113949e-03 1.356852103120759678e-04 2.727272727272727140e-02 1.356852103120759678e-04 1.356852103120759678e-04 2.891451831750338486e-01 2.023066485753052535e-01 1.356852103120759678e-04 1.356852103120759678e-04 1.356852103120759678e-04 1.356852103120759678e-04 1.356852103120759678e-04 1.370420624151967234e-02 4.219810040705562759e-02 1.100407055630936021e-01 1.249660786974219479e-01 1.356852103120759678e-04 1.356852103120759678e-04 1.356852103120759678e-04 1.356852103120759678e-04 1.356852103120759678e-04 1.356852103120759678e-04 1.195386702849389193e-01 1.356852103120759678e-04
3.571428571428571425e-04 3.571428571428571425e-04 3.571428571428571425e-04 3.571428571428571425e-04 3.928571428571428839e-03 1.717857142857142916e-01 3.571428571428571425e-04 3.571428571428571425e-04 3.571428571428571425e-04 3.928571428571428839e-03 3.571428571428571425e-04 3.571428571428571425e-04 3.571428571428571425e-04 3.571428571428571425e-04 1.821428571428571411e-02 3.571428571428571425e-04 1.107142857142857234e-02 3.571428571428571425e-04 3.571428571428571425e-04 3.571428571428571425e-04 3.571428571428571425e-04 1.821428571428571411e-02 5.253571428571428559e-01 3.928571428571428839e-03 3.571428571428571425e-04 3.571428571428571425e-04 3.571428571428571425e-04 8.250000000000000389e-02 1.539285714285714424e-01 3.571428571428571425e-04
5.524861878453040179e-04 6.132596685082873644e-02 5.524861878453040179e-04 6.077348066298344197e-03 5.524861878453040179e-04 6.077348066298344197e-03 5.524861878453040179e-04 5.524861878453040179e-04 5.524861878453040179e-04 5.524861878453040179e-04 5.524861878453040179e-04 1.110497237569060963e-01 5.027624309392265955e-02 5.524861878453040179e-04 5.524861878453040179e-04 5.027624309392265955e-02 5.524861878453040179e-04 6.077348066298344197e-03 5.524861878453040179e-04 1.712707182320442195e-02 6.077348066298344197e-03 5.524861878453040179e-04 5.524861878453040179e-04 3.044198895027624974e-01 3.099447513812155219e-01 5.524861878453040179e-04 6.077348066298344197e-03 1.712707182320442195e-02 3.922651933701657573e-02 5.524861878453040179e-04
2.096436058700209268e-04 1.008385744234800568e-01 2.096436058700209268e-04 2.096436058700209268e-04 2.096436058700209268e-04 2.096436058700209268e-04 2.096436058700209268e-04 2.096436058700209268e-04 2.096436058700209268e-04 2.096436058700209268e-04 2.096436058700209268e-04 3.165618448637315396e-02 7.358490566037734215e-02 2.096436058700209268e-04 2.096436058700209268e-04 2.117400419287211039e-02 2.096436058700209268e-04 2.096436058700209268e-04 2.096436058700209268e-04 2.096436058700209268e-04 1.532494758909852817e-01 2.096436058700209268e-04 2.096436058700209268e-04 1.742138364779873549e-01 2.832285115303982415e-01 2.096436058700209268e-04 2.096436058700209268e-04 2.096436058700209268e-04 1.574423480083856908e-01 2.096436058700209268e-04
3.003003003003001784e-04 3.003003003003001784e-04 3.003003003003001784e-04 3.003003003003001784e-04 6.306306306306303476e-03 7.837837837837834110e-02 2.432432432432431180e-02 3.003003003003001784e-04 3.003003003003001784e-04 3.003003003003001784e-04 3.003003003003001784e-04 3.003003003003001784e-04 1.231231231231230509e-02 3.003003003003001784e-04 3.003003003003001784e-04 3.303303303303301800e-03 3.003003003003001784e-04 3.003003003003001784e-04 3.003003003003001784e-04 3.003003003003001784e-04 3.003003003003001784e-04 3.426426426426424365e-01 1.624624624624623759e-01 1.894894894894894044e-01 9.309309309309305586e-03 3.003003003003001784e-04 3.333333333333331205e-02 3.033033033033031428e-02 1.024024024024023510e-01 3.003003003003001784e-04
1.953124999999999566e-04 1.953124999999999566e-04 1.953124999999999566e-04 2.148437499999999740e-03 1.953124999999999566e-04 1.953124999999999566e-04 3.925781249999999584e-02 1.953124999999999566e-04 8.007812499999997571e-03 1.953124999999999566e-04 1.953124999999999566e-04 1.953124999999999566e-04 1.582031249999999584e-02 1.953124999999999566e-04 1.953124999999999566e-04 1.953124999999999566e-04 4.101562499999999306e-03 1.953124999999999566e-04 1.953124999999999566e-04 3.263671874999999334e-01 1.953124999999999566e-04 1.583984374999999611e-01 3.730468749999999584e-02 2.148437499999999740e-03 7.246093749999998890e-02 1.953124999999999566e-04 1.953124999999999566e-04 1.777343749999999584e-02 3.126953124999999334e-01 1.953124999999999566e-04
8.167330677290834950e-03 1.992031872509959691e-04 1.992031872509959691e-04 1.992031872509959691e-04 2.191235059760955877e-03 8.784860557768922606e-02 1.992031872509959691e-04 1.992031872509959691e-04 1.992031872509959691e-04 1.992031872509959691e-04 1.992031872509959691e-04 1.992031872509959691e-04 8.167330677290834950e-03 1.992031872509959691e-04 1.992031872509959691e-04 1.992031872509959691e-04 1.015936254980079334e-02 1.992031872509959691e-04 1.992031872509959691e-04 1.992031872509959691e-04 5.199203187250995423e-02 5.141434262948206824e-01 2.011952191235059223e-02 8.784860557768922606e-02 1.992031872509959691e-04 2.191235059760955877e-03 1.992031872509959691e-04 1.992031872509959691e-04 2.033864541832668682e-01 1.992031872509959691e-04
2.303921568627450428e-02 1.633986928104575050e-04 1.633986928104575050e-04 1.813725490196077886e-02 1.633986928104575050e-04 1.633986928104575050e-04 1.633986928104575050e-04 1.486928104575163147e-02 1.633986928104575050e-04 1.633986928104575050e-04 1.813725490196077886e-02 1.633986928104575050e-04 1.323529411764705517e-02 1.633986928104575050e-04 1.633986928104575050e-04 1.633986928104575050e-04 1.633986928104575050e-04 1.160130718954248061e-02 1.633986928104575050e-04 1.633986928104575050e-04 7.042483660130717527e-02 1.797385620915032583e-03 9.967320261437906045e-03 3.431372549019607362e-03 3.416666666666666186e-01 5.898692810457515506e-02 2.467320261437908058e-02 1.633986928104575050e-04 3.874183006535946716e-01 1.633986928104575050e-04
2.403846153846152895e-04 2.403846153846152895e-04 2.403846153846152895e-04 2.403846153846152895e-04 2.403846153846152895e-04 5.072115384615382555e-02 2.403846153846152895e-04 2.908653846153844841e-02 2.403846153846152895e-04 2.403846153846152895e-04 2.403846153846152895e-04 2.403846153846152895e-04 2.403846153846152895e-04 2.403846153846152895e-04 2.403846153846152895e-04 2.403846153846152895e-04 7.451923076923073867e-03 2.403846153846152895e-04 2.403846153846152895e-04 2.403846153846152895e-04 2.403846153846152895e-04 2.403846153846152895e-04 6.276442307692305933e-01 6.033653846153844147e-02 2.403846153846152895e-04 2.403846153846152895e-04 2.403846153846152895e-04 6.514423076923074596e-02 1.516826923076922407e-01 2.644230769230768510e-03
3.800539083557951531e-02 2.695417789757412652e-04 2.695417789757412652e-04 2.695417789757412652e-04 2.695417789757412652e-04 2.695417789757412652e-04 2.695417789757412652e-04 3.800539083557951531e-02 2.452830188679245085e-02 1.105121293800538987e-02 2.695417789757412652e-04 2.964959568733153972e-03 2.695417789757412652e-04 2.695417789757412652e-04 2.695417789757412652e-04 2.695417789757412652e-04 3.261455525606468675e-02 2.695417789757412652e-04 2.695417789757412652e-04 2.695417789757412652e-04 3.261455525606468675e-02 5.660377358490566516e-03 3.857142857142856762e-01 2.695417789757412652e-04 1.913746630727762577e-02 2.695417789757412652e-04 2.695417789757412652e-04 8.921832884097034844e-02 3.156334231805929535e-01 2.695417789757412652e-04
1.809210526315789026e-03 1.644736842105262579e-04 1.661184210526315055e-02 1.644736842105262579e-04 1.644736842105262579e-04 8.898026315789470120e-02 2.976973684210525509e-02 6.743421052631575624e-03 1.644736842105262579e-04 4.292763157894735615e-02 1.809210526315789026e-03 1.809210526315789026e-03 1.644736842105262579e-04 1.644736842105262579e-04 1.644736842105262579e-04 1.644736842105262579e-04 1.644736842105262579e-04 4.457236842105261748e-02 2.483552631578946415e-02 1.644736842105262579e-04 2.319078947368420282e-02 3.488486842105261720e-01 9.555921052631576040e-02 1.333881578947367919e-01 1.644736842105262579e-04 1.644736842105262579e-04 1.809210526315789026e-03 4.950657894736840148e-02 8.240131578947365587e-02 3.453947368421051659e-03
1.598837209302325342e-03 1.322674418604650841e-02 1.468023255813953251e-02 1.453488372093022965e-04 1.453488372093022965e-04 3.648255813953488191e-02 1.453488372093022965e-04 1.453488372093022965e-04 1.453488372093022965e-04 5.959302325581393965e-03 1.598837209302325342e-03 3.938953488372092665e-02 8.444767441860463741e-02 1.453488372093022965e-04 1.453488372093022965e-04 1.453488372093022965e-04 1.453488372093022965e-04 1.453488372093022965e-04 1.453488372093022965e-04 2.049418604651162545e-02 1.453488372093022965e-04 3.257267441860464685e-01 1.322674418604650841e-02 1.453488372093022965e-04 1.556686046511627508e-01 1.149709302325581106e-01 1.453488372093022965e-04 1.453488372093022965e-04 1.702034883720929814e-01 1.453488372093022965e-04
2.923976608187134557e-04 2.923976608187134557e-04 2.923976608187134557e-04 2.923976608187134557e-04 2.923976608187134557e-04 2.923976608187134557e-04 2.923976608187134557e-04 2.923976608187134557e-04 2.923976608187134557e-04 2.923976608187134557e-04 2.923976608187134557e-04 1.198830409356725114e-02 2.923976608187134557e-04 2.923976608187134557e-04 2.923976608187134557e-04 2.923976608187134557e-04 2.923976608187134557e-04 9.064327485380116803e-03 2.923976608187134557e-04 2.751461988304093609e-01 2.923976608187134557e-04 2.780701754385964675e-01 2.923976608187134557e-04 2.923976608187134557e-04 2.923976608187134557e-04 2.923976608187134557e-04 2.923976608187134557e-04 2.923976608187134557e-04 4.184210526315789158e-01 2.923976608187134557e-04
2.457002457002455858e-04 2.457002457002455858e-04 1.498771498771498019e-02 2.457002457002455858e-04 2.457002457002455858e-04 7.395577395577393465e-02 2.457002457002455858e-04 2.457002457002455858e-04 2.457002457002455858e-04 3.710073710073708703e-02 2.457002457002455858e-04 2.235872235872234798e-02 5.159705159705157626e-03 2.457002457002455858e-04 2.457002457002455858e-04 2.457002457002455858e-04 2.457002457002455858e-04 2.457002457002455858e-04 2.457002457002455858e-04 2.457002457002455858e-04 2.727272727272726099e-02 6.095823095823093007e-01 1.007371007371006891e-02 6.412776412776410861e-02 4.201474201474200004e-02 2.457002457002455858e-04 7.616707616707614134e-03 2.457002457002455858e-04 8.132678132678129723e-02 2.457002457002455858e-04
6.485355648535562866e-03 2.092050209205020253e-04 2.092050209205020253e-04 2.092050209205020253e-04 2.092050209205020253e-04 6.506276150627612886e-02 2.092050209205020253e-04 2.092050209205020253e-04 2.092050209205020253e-04 2.092050209205020253e-04 2.301255230125522251e-03 2.092050209205020253e-04 6.485355648535562866e-03 2.322175732217572272e-02 2.092050209205020253e-04 2.092050209205020253e-04 2.092050209205020253e-04 2.092050209205020253e-04 2.092050209205020253e-04 2.112970711297070328e-02 4.205020920502090809e-02 5.525104602510458873e-01 8.577405857740581438e-03 1.236401673640167009e-01 2.092050209205020253e-04 2.092050209205020253e-04 1.485355648535564323e-02 2.092050209205020253e-04 1.299163179916317523e-01 2.092050209205020253e-04
1.999999999999999554e-04 3.619999999999999607e-02 1.321999999999999564e-01 1.999999999999999554e-04 6.199999999999998915e-03 1.999999999999999554e-04 1.999999999999999554e-04 1.019999999999999726e-02 1.999999999999999554e-04 2.819999999999999243e-02 1.999999999999999554e-04 2.541999999999999260e-01 2.561999999999999278e-01 1.999999999999999554e-04 1.999999999999999554e-04 1.999999999999999554e-04 1.999999999999999554e-04 1.999999999999999554e-04 1.999999999999999554e-04 2.219999999999999404e-02 3.619999999999999607e-02 7.619999999999998996e-02 1.999999999999999554e-04 1.999999999999999554e-04 2.219999999999999404e-02 3.219999999999999252e-02 1.999999999999999554e-04 1.999999999999999554e-04 6.419999999999999318e-02 2.019999999999999574e-02
3.906250000000001301e-04 3.906250000000001301e-04 3.906250000000001301e-04 3.906250000000001301e-04 3.906250000000001301e-04 3.906250000000001301e-04 3.906250000000001301e-04 3.906250000000001301e-04 3.554687500000000555e-02 4.296875000000001214e-03 3.906250000000001301e-04 4.726562500000001249e-02 3.906250000000001301e-04 3.906250000000001301e-04 3.906250000000001301e-04 3.906250000000001301e-04 1.210937500000000382e-02 2.773437500000000555e-02 3.906250000000001301e-04 3.906250000000001301e-04 4.296875000000001214e-03 3.906250000000001301e-04 3.164062500000000555e-02 4.144531250000000888e-01 7.460937500000001943e-02 3.906250000000001301e-04 3.906250000000001301e-04 2.152343750000000611e-01 1.253906250000000333e-01 3.906250000000001301e-04
2.624671916010498109e-04 4.070866141732282228e-01 1.551181102362204356e-01 5.511811023622045433e-03 6.587926509186349533e-02 2.624671916010498109e-04 2.624671916010498109e-04 2.624671916010498109e-04 2.624671916010498109e-04 2.624671916010498109e-04 2.624671916010498109e-04 2.624671916010498109e-04 6.850393700787399398e-02 2.624671916010498109e-04 2.624671916010498109e-04 2.624671916010498109e-04 2.624671916010498109e-04 2.624671916010498109e-04 2.624671916010498109e-04 2.887139107611548083e-03 2.624671916010498109e-04 9.737532808398947914e-02 2.624671916010498109e-04 2.624671916010498109e-04 5.013123359580051036e-02 5.511811023622045433e-03 2.624671916010498109e-04 2.624671916010498109e-04 1.314960629921259616e-01 5.511811023622045433e-03
1.886792452830188315e-04 1.886792452830188315e-04 1.886792452830188315e-04 1.886792452830188315e-04 1.886792452830188315e-04 1.886792452830188315e-04 1.886792452830188315e-04 3.039622641509432954e-01 1.886792452830188315e-04 1.886792452830188315e-04 3.037735849056603238e-02 1.886792452830188315e-04 2.075471698113207173e-03 5.849056603773584127e-03 1.886792452830188315e-04 1.886792452830188315e-04 1.716981132075471109e-02 1.886792452830188315e-04 1.886792452830188315e-04 1.886792452830188315e-04 1.886792452830188315e-04 1.886792452830188315e-04 4.039622641509432732e-01 1.886792452830188315e-04 1.886792452830188315e-04 1.886792452830188315e-04 2.075471698113207173e-03 3.962264150943395867e-03 2.266037735849056045e-01 1.886792452830188315e-04
5.555555555555556635e-04 5.555555555555556635e-04 1.061111111111111421e-01 5.555555555555556635e-04 6.111111111111112298e-03 5.555555555555556635e-04 2.227777777777778245e-01 5.555555555555556635e-04 1.166666666666666893e-02 5.555555555555556635e-04 7.833333333333333814e-02 1.116666666666666918e-01 2.894444444444445041e-01 5.555555555555556635e-04 5.555555555555556635e-04 5.555555555555556635e-04 5.555555555555556635e-04 5.555555555555556635e-04 6.111111111111112298e-03 1.166666666666666893e-02 5.555555555555556635e-04 5.555555555555556635e-04 5.555555555555556635e-04 2.833333333333333537e-02 5.555555555555556635e-04 1.172222222222222554e-01 5.555555555555556635e-04 5.555555555555556635e-04 5.555555555555556635e-04 5.555555555555556635e-04
4.739336492890995948e-04 4.739336492890995948e-04 1.900473933649289293e-01 4.739336492890995948e-04 4.739336492890995948e-04 9.952606635071092195e-03 4.739336492890995948e-04 4.739336492890995948e-04 4.739336492890995948e-04 4.739336492890995948e-04 4.739336492890995948e-04 4.739336492890995948e-04 8.104265402843603694e-02 4.739336492890995948e-04 4.739336492890995948e-04 4.739336492890995948e-04 4.739336492890995948e-04 4.739336492890995948e-04 4.739336492890995948e-04 4.739336492890995948e-04 4.739336492890995948e-04 4.739336492890995948e-04 4.739336492890995948e-04 1.379146919431279983e-01 2.800947867298578808e-01 4.739336492890995948e-04 5.260663507109004933e-02 5.213270142180095705e-03 2.327014218009479107e-01 4.739336492890995948e-04
3.105590062111801357e-04 3.105590062111801357e-04 2.515527950310558758e-02 3.416149068322981656e-03 3.105590062111801357e-04 3.105590062111801357e-04 3.105590062111801357e-04 6.521739130434783122e-03 3.105590062111801357e-04 3.105590062111801357e-04 3.416149068322981656e-03 3.105590062111801357e-04 3.105590062111801357e-04 3.105590062111801357e-04 3.105590062111801357e-04 3.416149068322981656e-03 1.338509316770186419e-01 3.105590062111801357e-04 3.105590062111801357e-04 3.105590062111801357e-04 3.105590062111801357e-04 3.105590062111801357e-04 1.711180124223602439e-01 3.139751552795030931e-01 7.795031055900621120e-02 3.105590062111801357e-04 3.105590062111801357e-04 6.521739130434783122e-03 2.425465838509316685e-01 6.521739130434783122e-03
2.499999999999999510e-04 2.499999999999999510e-04 2.024999999999999370e-02 1.774999999999999495e-02 2.499999999999999510e-04 2.499999999999999510e-04 2.499999999999999510e-04 2.499999999999999510e-04 2.499999999999999510e-04 2.499999999999999510e-04 5.249999999999998591e-03 2.749999999999999407e-03 2.499999999999999510e-04 2.499999999999999510e-04 2.499999999999999510e-04 5.249999999999998591e-03 3.774999999999998496e-02 2.499999999999999510e-04 2.499999999999999510e-04 2.499999999999999510e-04 2.499999999999999510e-04 2.499999999999999510e-04 2.499999999999999510e-04 3.552499999999998992e-01 3.752499999999998614e-01 2.499999999999999510e-04 2.499999999999999510e-04 2.499999999999999510e-04 1.352499999999999536e-01 4.024999999999999412e-02
3.236245954692556679e-04 1.003236245954692608e-02 3.236245954692556679e-04 1.974110032362459341e-02 3.236245954692556679e-04 3.236245954692556679e-04 6.796116504854368863e-03 1.974110032362459341e-02 1.326860841423948070e-02 3.236245954692556679e-04 1.974110032362459341e-02 3.236245954692556679e-04 3.236245954692556679e-04 3.236245954692556679e-04 3.236245954692556679e-04 1.326860841423948070e-02 5.210355987055016735e-02 1.524271844660194108e-01 3.236245954692556679e-04 1.650485436893203706e-02 3.236245954692556679e-04 3.559870550161812509e-03 1.650485436893203706e-02 2.297734627831714976e-02 3.236245954692556679e-04 3.236245954692556679e-04 3.236245954692556679e-04 4.177993527508090388e-01 1.459546925566343190e-01 6.504854368932039277e-02
