1.150313152400834898e-01 2.943632567849686216e-02 2.087682672233820034e-04 1.192066805845511251e-01 2.087682672233820034e-04 2.087682672233820034e-04 1.776617954070980610e-01 2.087682672233820034e-04 4.384133611691021747e-03 2.087682672233820034e-04 2.317327766179540227e-02 5.031315240083506640e-02 3.342379958246345373e-01 2.087682672233820034e-04 4.384133611691021747e-03 2.108559498956158115e-02 1.482254697286012127e-02 1.064718162839248077e-02 4.384133611691021747e-03 7.745302713987473053e-02 2.087682672233820034e-04 2.296450939457201929e-03 6.471816283924841998e-03 2.087682672233820034e-04 2.087682672233820034e-04 2.087682672233820034e-04 2.296450939457201929e-03 2.087682672233820034e-04 2.087682672233820034e-04 2.087682672233820034e-04
3.293768545994064240e-02 9.228486646884270783e-02 1.810089020771512777e-02 3.293768545994064240e-02 5.074183976261126272e-02 2.967359050445103207e-04 2.967359050445103207e-04 2.967359050445103207e-04 2.967359050445103207e-04 2.169139465875370154e-01 2.967359050445103207e-04 1.100890207715133212e-01 2.967359050445103207e-04 2.967359050445103207e-04 2.967359050445103207e-04 2.967359050445103207e-04 2.700296735905043446e-02 2.967359050445103207e-04 1.041543026706231168e-01 2.967359050445103207e-04 3.264094955489613582e-03 1.513353115727002381e-02 1.961424332344212929e-01 5.074183976261126272e-02 9.198813056379819345e-03 2.967359050445103207e-04 3.293768545994064240e-02 2.967359050445103207e-04 3.264094955489613582e-03 2.967359050445103207e-04
9.216216216216213675e-02 9.756756756756754245e-02 2.972972972972972097e-03 4.621621621621620907e-02 3.810810810810809357e-02 2.702702702702702202e-04 9.486486486486483960e-02 2.729729729729728910e-02 5.675675675675674083e-03 4.891891891891890498e-02 2.702702702702702202e-04 2.702702702702702202e-04 5.675675675675674083e-03 2.702702702702702202e-04 2.702702702702702202e-04 2.702702702702702202e-04 2.702702702702702202e-04 2.702702702702702202e-04 2.702702702702702202e-04 2.702702702702702202e-04 1.648648648648648116e-02 2.702702702702702202e-04 2.702702702702702202e-04 9.486486486486483960e-02 2.702702702702702202e-04 2.408108108108107104e-01 2.702702702702702202e-04 2.702702702702702202e-04 1.840540540540539782e-01 2.702702702702702202e-04
5.405405405405407657e-04 5.405405405405407657e-04 5.405405405405407657e-04 1.135135135135135510e-02 5.405405405405407657e-04 1.675675675675676254e-02 2.816216216216217427e-01 5.405405405405407657e-04 5.405405405405407657e-04 5.945945945945948531e-03 5.405405405405407657e-04 5.405405405405407657e-04 3.735135135135135842e-01 7.081081081081083695e-02 5.405405405405407657e-04 1.897297297297297902e-01 2.756756756756757396e-02 5.405405405405407657e-04 1.135135135135135510e-02 5.405405405405407657e-04 5.405405405405407657e-04 5.405405405405407657e-04 5.405405405405407657e-04 5.405405405405407657e-04 5.405405405405407657e-04 5.405405405405407657e-04 5.405405405405407657e-04 5.405405405405407657e-04 5.405405405405407657e-04 5.405405405405407657e-04
3.178438661710036861e-02 5.780669144981411683e-02 2.806691449814125577e-02 1.858736059479553599e-04 2.806691449814125577e-02 2.249070631970259693e-02 1.858736059479553599e-04 1.024163568773233945e-01 1.858736059479553599e-04 1.377323420074348936e-01 7.620817843866168999e-03 5.966542750929366978e-02 5.762081784386616050e-03 1.858736059479553599e-04 1.858736059479553599e-04 1.858736059479553599e-04 1.858736059479553599e-04 4.107806691449813336e-02 3.903345724907062667e-03 9.479553903345722815e-03 1.618959107806690889e-01 3.364312267657992156e-02 1.858736059479553599e-04 1.858736059479553599e-04 1.858736059479553599e-04 2.992565055762081566e-02 1.858736059479553599e-04 5.762081784386616050e-03 1.117100371747211662e-01 1.191449814126393641e-01
1.073298429319371333e-02 8.403141361256542818e-02 6.047120418848166146e-02 2.382198952879580403e-02 2.617801047120418031e-04 5.497382198952877920e-03 2.617801047120418031e-04 2.617801047120418031e-04 2.617801047120418031e-04 2.617801047120418031e-04 2.617801047120418031e-04 7.356020942408375562e-02 1.337696335078533694e-01 2.617801047120418031e-04 4.976439790575914457e-01 1.858638743455496775e-02 2.617801047120418031e-04 2.879581151832460214e-03 2.617801047120418031e-04 2.617801047120418031e-04 2.643979057591622217e-02 2.617801047120418031e-04 2.643979057591622217e-02 8.115183246073296927e-03 2.879581151832460214e-03 2.617801047120418031e-04 2.617801047120418031e-04 2.617801047120418031e-04 5.497382198952877920e-03 1.596858638743454961e-02
5.510204081632653905e-02 6.802721088435375848e-04 6.802721088435375848e-04 7.482993197278913974e-03 4.149659863945578953e-02 6.802721088435375848e-04 6.802721088435375848e-04 1.095238095238095510e-01 7.482993197278913974e-03 1.299319727891156684e-01 6.190476190476191382e-02 4.149659863945578953e-02 9.591836734693878763e-02 1.428571428571428874e-02 6.802721088435375848e-04 7.482993197278913974e-03 6.802721088435375848e-04 6.870748299319728858e-02 6.802721088435375848e-04 1.639455782312925491e-01 6.802721088435375848e-04 7.482993197278913974e-03 6.802721088435375848e-04 6.802721088435375848e-04 1.428571428571428874e-02 6.802721088435375848e-04 6.802721088435375848e-04 6.802721088435375848e-04 6.802721088435375848e-04 1.639455782312925491e-01
5.725388601036267983e-02 2.590673575129533016e-04 1.764248704663211875e-01 5.725388601036267983e-02 7.797927461139894656e-02 5.440414507772019063e-03 2.590673575129533016e-04 3.134715025906734814e-02 2.590673575129533016e-04 5.207253886010361488e-02 2.590673575129533016e-04 2.616580310880828319e-02 2.590673575129533016e-04 2.590673575129533016e-04 2.590673575129533016e-04 2.590673575129533016e-04 2.590673575129533016e-04 1.321243523316061735e-02 2.590673575129533016e-04 5.984455958549221577e-02 8.031088082901552405e-03 3.525906735751294097e-01 2.590673575129533016e-04 2.098445595854921478e-02 2.590673575129533016e-04 2.590673575129533016e-04 2.590673575129533016e-04 2.590673575129533016e-04 2.098445595854921478e-02 3.652849740932641309e-02
3.311475409836064226e-02 7.573770491803276383e-02 3.278688524590162847e-04 3.278688524590162847e-04 3.278688524590162847e-04 3.606557377049179457e-03 3.278688524590162847e-04 9.540983606557373875e-02 3.278688524590162847e-04 3.278688524590162847e-04 1.999999999999999001e-02 3.278688524590162847e-04 3.278688524590162847e-04 3.278688524590162847e-04 3.970491803278686782e-01 6.885245901639342088e-03 3.278688524590162847e-04 6.885245901639342088e-03 3.278688524590162847e-04 3.278688524590162847e-04 1.970491803278687781e-01 6.885245901639342088e-03 1.478688524590163478e-01 3.606557377049179457e-03 3.278688524590162847e-04 3.278688524590162847e-04 3.278688524590162847e-04 3.278688524590162847e-04 3.278688524590162847e-04 3.278688524590162847e-04
5.750988142292488836e-02 8.320158102766796182e-02 9.901185770750986492e-02 1.976284584980236858e-04 2.173913043478260462e-03 6.739130434782607260e-02 1.976284584980236858e-04 8.320158102766796182e-02 1.976284584980236858e-04 1.484189723320157583e-01 1.007905138339920681e-02 6.126482213438733636e-03 1.976284584980236858e-04 1.976284584980236858e-04 1.976284584980236858e-04 1.976284584980236858e-04 1.976284584980236858e-04 2.173913043478260462e-03 1.976284584980236858e-04 3.774703557312252683e-02 1.167984189723319938e-01 4.150197628458497483e-03 1.205533596837944296e-02 6.739130434782607260e-02 2.173913043478260462e-03 8.517786561264820144e-02 1.976284584980236858e-04 1.976284584980236858e-04 3.577075098814228721e-02 7.727272727272725683e-02
1.854320987654320407e-01 9.160493827160491598e-02 2.469135802469135318e-04 6.444444444444442921e-02 2.469135802469135318e-04 2.469135802469135318e-04 6.691358024691355932e-02 1.506172839506172284e-02 2.469135802469135318e-04 2.866666666666665697e-01 2.469135802469135318e-04 2.469135802469135318e-04 2.740740740740739770e-02 2.469135802469135318e-04 2.987654320987653475e-02 2.469135802469135318e-04 2.469135802469135318e-04 2.469135802469135318e-04 2.469135802469135318e-04 2.246913580246912706e-02 2.716049382716048850e-03 2.469135802469135318e-04 2.469135802469135318e-04 2.469135802469135318e-04 2.469135802469135318e-04 4.962962962962962077e-02 2.469135802469135318e-04 2.469135802469135318e-04 1.533333333333332937e-01 2.469135802469135318e-04
7.992202729044831783e-03 1.288499025341130200e-01 7.426900584795320670e-02 2.144249512670564836e-03 1.949317738791422677e-04 1.035087719298245362e-01 6.042884990253409756e-03 6.062378167641324644e-02 1.949317738791422677e-04 3.333333333333332593e-02 7.992202729044831783e-03 1.949317738791422677e-04 1.949317738791422677e-04 1.949317738791422677e-04 1.949317738791422677e-04 1.949317738791422677e-04 1.949317738791422677e-04 1.949317738791422677e-04 1.773879142300194625e-02 1.949317738791422677e-04 2.144249512670564836e-03 4.892787524366470908e-02 1.949317738791422677e-04 1.756335282651071694e-01 1.949317738791422677e-04 2.029239766081870899e-01 2.358674463937621146e-02 1.949317738791422677e-04 9.961013645224169044e-02 2.144249512670564836e-03
4.257425742574257044e-02 1.670438472418670217e-01 6.379066478076378388e-02 7.213578500707211807e-03 1.414427157001414367e-04 1.414427157001414367e-04 1.555869872701555641e-03 6.237623762376236919e-02 1.414427157001414367e-04 7.934936350777933856e-02 1.414427157001414367e-04 4.115983026874115575e-02 1.414427157001414367e-04 1.414427157001414367e-04 1.414427157001414367e-04 1.414427157001414367e-04 1.414427157001414367e-04 1.414427157001414367e-04 1.414427157001414367e-04 2.418670438472418638e-02 1.414427157001414367e-04 1.414427157001414367e-04 1.145685997171145415e-02 1.147100424328146850e-01 1.414427157001414367e-04 1.840169731258839703e-01 2.842998585572842699e-02 1.414427157001414367e-04 1.104667609618104340e-01 5.954738330975953980e-02
3.636538461538460498e-01 1.923076923076922804e-04 1.923076923076922804e-04 1.923076923076922804e-04 9.807692307692305461e-03 1.923076923076922804e-04 9.634615384615383138e-02 9.249999999999998501e-02 4.038461538461537645e-03 1.923076923076922804e-04 1.923076923076922804e-04 5.403846153846152828e-02 1.923076923076922804e-04 1.923076923076922804e-04 1.923076923076922804e-04 1.923076923076922804e-04 1.923076923076922804e-04 1.923076923076922804e-04 1.923076923076922804e-04 9.807692307692305461e-03 3.673076923076922656e-02 1.923076923076922804e-04 1.557692307692307328e-02 1.059615384615384404e-01 1.923076923076922804e-04 3.865384615384614975e-02 4.038461538461537645e-03 1.923076923076922804e-04 1.655769230769230382e-01 1.923076923076922804e-04
1.673629242819842933e-01 5.509138381201043877e-02 2.610966057441253189e-04 2.114882506527414677e-02 2.610966057441253189e-04 2.610966057441253189e-04 4.203655352480417662e-02 2.610966057441253189e-04 2.610966057441253189e-04 3.159268929503915996e-02 2.610966057441253189e-04 2.610966057441253189e-04 2.375979112271539920e-02 2.610966057441253189e-04 2.610966057441253189e-04 2.610966057441253189e-04 2.610966057441253189e-04 2.610966057441253189e-04 2.610966057441253189e-04 4.203655352480417662e-02 3.420365535248041239e-02 2.610966057441253189e-04 2.610966057441253189e-04 2.610966057441253189e-04 1.070496083550913531e-02 4.075718015665795724e-01 1.595300261096605499e-01 2.610966057441253189e-04 2.610966057441253189e-04 2.610966057441253189e-04
3.184357541899440758e-02 1.472998137802606633e-01 6.536312849162009830e-02 3.910614525139664149e-03 1.862197392923649569e-04 2.998137802607075963e-02 1.862197392923649569e-04 2.067039106145250951e-02 1.862197392923649569e-04 6.350093109869645036e-02 1.862197392923649569e-04 4.487895716945995706e-02 1.862197392923649569e-04 1.862197392923649569e-04 2.048417132216014472e-03 1.862197392923649569e-04 1.862197392923649569e-04 1.862197392923649569e-04 1.862197392923649569e-04 1.862197392923649569e-04 3.556797020484171040e-02 1.862197392923649569e-04 1.862197392923649569e-04 5.791433891992549959e-02 1.862197392923649569e-04 2.478584729981377355e-01 1.862197392923649569e-04 1.862197392923649569e-04 1.677839851024208184e-01 7.839851024208564778e-02
1.673629242819842655e-01 2.610966057441252647e-04 8.903394255874672036e-02 2.610966057441252647e-04 2.610966057441252647e-04 2.610966057441252647e-04 3.135770234986944294e-01 2.610966057441252647e-04 1.046997389033942349e-01 2.610966057441252647e-04 2.610966057441252647e-04 2.610966057441252647e-04 5.483028720626630451e-03 2.610966057441252647e-04 2.610966057441252647e-04 3.159268929503915302e-02 7.597911227154044433e-02 1.592689295039163844e-02 1.778067885117492752e-01 2.610966057441252647e-04 2.610966057441252647e-04 2.610966057441252647e-04 2.610966057441252647e-04 2.610966057441252647e-04 1.331592689295038601e-02 2.610966057441252647e-04 2.610966057441252647e-04 2.610966057441252647e-04 2.610966057441252647e-04 2.610966057441252647e-04
5.801104972375689152e-03 1.190607734806629486e-01 2.762430939226518463e-04 2.762430939226518463e-04 5.276243093922650812e-02 1.190607734806629486e-01 2.762430939226518463e-04 4.723756906077346968e-02 4.171270718232043123e-02 4.171270718232043123e-02 1.685082872928176170e-02 2.762430939226518463e-04 2.762430939226518463e-04 2.762430939226518463e-04 2.762430939226518463e-04 2.790055248618783512e-02 2.762430939226518463e-04 2.762430939226518463e-04 1.408839779005524248e-02 2.762430939226518463e-04 2.762430939226518463e-04 1.132596685082872499e-02 2.762430939226518463e-04 2.074585635359115221e-01 2.762430939226518463e-04 1.439226519337016286e-01 2.762430939226518463e-04 2.762430939226518463e-04 1.466850828729281409e-01 2.762430939226518463e-04
2.246537396121882912e-01 2.770083102493073931e-04 2.770083102493073931e-04 1.360110803324099393e-01 5.817174515235455472e-03 7.783933518005538288e-02 8.614958448753459730e-02 2.770083102493073931e-04 1.135734072022160160e-02 8.587257617728528969e-03 2.770083102493073931e-04 1.304709141274237871e-01 2.770083102493073931e-04 6.398891966759001626e-02 3.074792243767312042e-02 2.770083102493073931e-04 2.770083102493073931e-04 3.351800554016619305e-02 2.770083102493073931e-04 1.443213296398891676e-01 3.628808864265926915e-02 2.770083102493073931e-04 2.770083102493073931e-04 2.770083102493073931e-04 2.770083102493073931e-04 2.770083102493073931e-04 3.047091412742381541e-03 2.770083102493073931e-04 2.770083102493073931e-04 3.047091412742381541e-03
2.061855670103092072e-04 1.136082474226803724e-01 7.237113402061853829e-02 2.061855670103092072e-04 5.587628865979379911e-02 9.298969072164944838e-02 2.061855670103092072e-04 4.556701030927833712e-02 2.061855670103092072e-04 9.505154639175254772e-02 2.061855670103092072e-04 2.268041237113401550e-03 2.061855670103092072e-04 8.453608247422677441e-03 2.061855670103092072e-04 2.061855670103092072e-04 2.061855670103092072e-04 2.268041237113401550e-03 2.061855670103092072e-04 2.061855670103092072e-04 2.061855670103092072e-04 5.793814432989689150e-02 6.391752577319585911e-03 2.311340206185566182e-01 2.061855670103092072e-04 9.505154639175254772e-02 2.061855670103092072e-04 2.082474226804122835e-02 9.711340206185563317e-02 2.061855670103092072e-04
2.127659574468084274e-04 1.087234042553190949e-01 5.340425531914891333e-02 1.936170212765956494e-02 2.127659574468084274e-04 2.127659574468084274e-04 2.127659574468084274e-04 1.874468085106381909e-01 2.127659574468084274e-04 2.127659574468084274e-04 2.127659574468084274e-04 2.340425531914892485e-03 8.744680851063825477e-02 2.127659574468084274e-04 3.425531914893615443e-02 2.127659574468084274e-04 3.425531914893615443e-02 2.127659574468084274e-04 2.127659574468084274e-04 1.510638297872339553e-02 2.682978723404254029e-01 2.127659574468084274e-04 6.404255319148934034e-02 2.127659574468084274e-04 2.127659574468084274e-04 2.127659574468084274e-04 2.127659574468084274e-04 2.127659574468084274e-04 1.044680851063829324e-01 1.723404255319148023e-02
2.023809523809523558e-02 3.968253968253968251e-04 3.611111111111110772e-02 3.968253968253968251e-04 3.968253968253968251e-04 3.214285714285713969e-02 4.365079365079365184e-03 4.365079365079365184e-03 1.630952380952380987e-01 3.968253968253968251e-04 3.968253968253968251e-04 4.365079365079365184e-03 3.968253968253968251e-04 8.769841269841270603e-02 1.626984126984126755e-02 3.968253968253968251e-04 2.226190476190476331e-01 3.968253968253968251e-04 3.968253968253968251e-04 5.595238095238094789e-02 3.968253968253968251e-04 3.968253968253968251e-04 3.968253968253968251e-04 3.968253968253968251e-04 3.968253968253968251e-04 3.968253968253968251e-04 3.968253968253968251e-04 2.662698412698412676e-01 7.976190476190476997e-02 3.968253968253968251e-04
4.528688524590163134e-02 4.323770491803277660e-02 2.049180327868852186e-04 2.049180327868852186e-04 2.049180327868852186e-04 2.274590163934425702e-02 2.049180327868852186e-04 7.807377049180326545e-02 2.049180327868852186e-04 2.069672131147540575e-02 3.321721311475409055e-01 4.303278688524589564e-03 2.049180327868852186e-04 2.049180327868852186e-04 2.049180327868852186e-04 2.049180327868852186e-04 2.049180327868852186e-04 2.049180327868852186e-04 2.049180327868852186e-04 2.254098360655737432e-03 1.579918032786884752e-01 2.049180327868852186e-04 2.049180327868852186e-04 3.504098360655737154e-02 2.049180327868852186e-04 1.659836065573769975e-02 1.659836065573769975e-02 2.049180327868852186e-04 4.118852459016392881e-02 1.805327868852458495e-01
3.124999999999999306e-03 2.840909090909090229e-04 7.414772727272725406e-02 2.840909090909090229e-04 2.840909090909090229e-04 3.124999999999999306e-03 2.840909090909090229e-04 1.309659090909090495e-01 2.840909090909090229e-04 2.840909090909090229e-04 2.840909090909090229e-04 2.840909090909090229e-04 1.164772727272726793e-02 3.124999999999999306e-03 2.840909090909090229e-04 2.840909090909090229e-04 2.840909090909090229e-04 2.840909090909090229e-04 2.840909090909090229e-04 9.119318181818179825e-02 2.840909090909090229e-04 1.622159090909090495e-01 3.124999999999999306e-03 1.849431818181817289e-01 7.982954545454543083e-02 2.840909090909090229e-04 2.840909090909090229e-04 3.153409090909090051e-02 2.840909090909090229e-04 2.161931818181817289e-01
2.057613168724279251e-04 1.545267489711933395e-01 9.074074074074070517e-02 2.057613168724279251e-04 4.958847736625512925e-02 5.576131687242796842e-02 2.057613168724279251e-04 4.341563786008229009e-02 2.057613168724279251e-04 5.370370370370369101e-02 2.057613168724279251e-04 2.057613168724279251e-04 4.320987654320986374e-03 2.057613168724279251e-04 2.057613168724279251e-04 2.057613168724279251e-04 2.057613168724279251e-04 2.057613168724279251e-04 2.057613168724279251e-04 2.057613168724279251e-04 2.057613168724279251e-04 5.987654320987652323e-02 8.436213991769542925e-03 2.676954732510287149e-01 2.057613168724279251e-04 9.279835390946498952e-02 2.057613168724279251e-04 2.901234567901233435e-02 8.662551440329215036e-02 2.057613168724279251e-04
1.515912897822446238e-02 8.375209380234508968e-05 8.375209380234508968e-05 5.787269681742045202e-02 4.865996649916250194e-02 5.108877721943049996e-03 8.375209380234508968e-05 1.248743718592965207e-01 9.212730318257960271e-04 2.939698492462312907e-02 1.039363484087102579e-01 1.508375209380234949e-01 2.018425460636516858e-02 6.783919597989952061e-03 2.596314907872697766e-03 8.375209380234508968e-05 8.375209380234508968e-05 1.767169179229481635e-02 3.944723618090453798e-02 1.934673366834171668e-02 2.269681742043552081e-02 9.556113902847573893e-02 8.375209380234508968e-05 1.491624790619766050e-01 8.375209380234508968e-05 8.375209380234508968e-05 8.375209380234508968e-05 2.855946398659967717e-02 8.458961474036854125e-03 5.201005025125630260e-02
2.192771084337348866e-02 2.409638554216866815e-04 2.409638554216866815e-04 2.409638554216866815e-04 7.975903614457829915e-02 2.650602409638553713e-03 3.879518072289155767e-02 5.084337349397589217e-02 2.409638554216866815e-04 5.084337349397589217e-02 2.409638554216866815e-04 2.409638554216866815e-04 2.409638554216866815e-04 1.183132530120481613e-01 7.469879518072286909e-03 1.110843373493975578e-01 9.879518072289152422e-03 2.409638554216866815e-04 2.409638554216866815e-04 1.710843373493975417e-02 2.409638554216866815e-04 2.409638554216866815e-04 2.409638554216866815e-04 1.448192771084337027e-01 1.469879518072288692e-02 1.496385542168674199e-01 5.060240963855420528e-03 2.409638554216866815e-04 1.737349397590360889e-01 2.409638554216866815e-04
1.639344262295081695e-04 1.280327868852458584e-01 3.950819672131147126e-02 1.639344262295081695e-04 2.639344262295081553e-02 1.181967213114753779e-01 3.442622950819671478e-03 4.770491803278687631e-02 1.639344262295081695e-04 9.852459016393441682e-02 1.803278688524589946e-03 1.639344262295081695e-04 1.639344262295081695e-04 9.999999999999996739e-03 1.639344262295081695e-04 1.639344262295081695e-04 1.803278688524589946e-03 5.081967213114753010e-03 3.442622950819671478e-03 1.639344262295081695e-04 1.639344262295081695e-04 5.426229508196720591e-02 9.999999999999996739e-03 1.870491803278687970e-01 2.475409836065573313e-02 1.608196721311475064e-01 1.803278688524589946e-03 1.803278688524589946e-03 7.393442622950818777e-02 1.639344262295081695e-04
2.915451895043731190e-04 2.915451895043731190e-04 1.052478134110786806e-01 2.915451895043731190e-04 2.915451895043731190e-04 1.486880466472302598e-02 2.915451895043731190e-04 9.358600583090376235e-02 2.915451895043731190e-04 2.915451895043731190e-04 2.915451895043731190e-04 2.915451895043731190e-04 3.206997084548104254e-03 2.915451895043731190e-04 2.915451895043731190e-04 2.915451895043731190e-04 2.915451895043731190e-04 2.915451895043731190e-04 3.206997084548104254e-03 1.169096209912536127e-01 2.915451895043731190e-04 1.635568513119532996e-01 2.361516034985421814e-02 1.927113702623906022e-01 5.860058309037899371e-02 2.915451895043731190e-04 2.915451895043731190e-04 6.122448979591834685e-03 2.915451895043731190e-04 2.131195335276967195e-01
2.150537634408601878e-04 2.150537634408601878e-04 1.873118279569891964e-01 2.150537634408601878e-04 2.150537634408601878e-04 2.150537634408601878e-04 2.150537634408601878e-04 9.483870967741933611e-02 2.365591397849461930e-03 2.365591397849461930e-03 1.744086021505375783e-01 1.292473118279569566e-01 2.365591397849461930e-03 2.150537634408601878e-04 2.150537634408601878e-04 2.150537634408601878e-04 2.150537634408601878e-04 3.677419354838708937e-02 2.150537634408601878e-04 2.150537634408601878e-04 3.421505376344085025e-01 2.150537634408601878e-04 2.150537634408601878e-04 2.150537634408601878e-04 6.666666666666665360e-03 6.666666666666665360e-03 2.150537634408601878e-04 4.516129032258063211e-03 6.666666666666665360e-03 2.150537634408601878e-04
1.347826086956522076e-02 9.130434782608698105e-03 5.695652173913044736e-02 4.347826086956522985e-04 4.782608695652175446e-03 1.347826086956522076e-02 4.347826086956522985e-04 4.782608695652175446e-03 4.347826086956522985e-04 4.347826086956522985e-04 4.347826086956522985e-04 1.091304347826087262e-01 4.347826086956522985e-04 2.217391304347826608e-02 2.569565217391305278e-01 4.347826086956522985e-04 4.347826086956522985e-04 7.869565217391306933e-02 4.347826086956522985e-04 9.130434782608698105e-03 1.700000000000000400e-01 1.047826086956522018e-01 7.000000000000002054e-02 3.521739130434783233e-02 4.347826086956522985e-04 4.782608695652175446e-03 4.347826086956522985e-04 4.347826086956522985e-04 4.347826086956522985e-04 3.086956521739131140e-02
1.837155963302751771e-01 2.522935779816513468e-03 2.293577981651375732e-04 3.922018348623852735e-02 1.857798165137614088e-02 2.293577981651375732e-04 2.293577981651375732e-04 2.293577981651375732e-04 2.293577981651375732e-04 3.233944954128439159e-02 2.293577981651375732e-04 2.293577981651375732e-04 7.110091743119264715e-03 7.110091743119264715e-03 4.151376146788990362e-02 1.628440366972476461e-02 1.399082568807339007e-02 2.293577981651375732e-04 2.293577981651375732e-04 7.362385321100915758e-02 2.293577981651375732e-04 7.110091743119264715e-03 4.839449541284402551e-02 2.545871559633026623e-02 3.006880733944953255e-01 7.362385321100915758e-02 2.545871559633026623e-02 2.293577981651375732e-04 8.050458715596328640e-02 2.293577981651375732e-04
2.832861189801698983e-04 2.832861189801698983e-04 1.277620396600566144e-01 2.832861189801698983e-04 2.832861189801698983e-04 4.844192634560905153e-02 2.832861189801698983e-04 1.050991501416430329e-01 3.144475920679885850e-02 3.116147308781869098e-03 2.832861189801698983e-04 5.949008498583568082e-03 5.949008498583568082e-03 2.832861189801698983e-04 2.832861189801698983e-04 2.832861189801698983e-04 2.832861189801698983e-04 2.832861189801698983e-04 2.832861189801698983e-04 9.943342776203963063e-02 5.949008498583568082e-03 1.730878186968838051e-01 2.832861189801698983e-04 8.781869688385266631e-03 1.107648725212464214e-01 2.832861189801698983e-04 3.116147308781869098e-03 1.728045325779036315e-02 3.427762039660055271e-02 2.155807365439092738e-01
2.150537634408601878e-04 2.150537634408601878e-04 1.787096774193547843e-01 2.150537634408601878e-04 2.365591397849461930e-03 2.150537634408601878e-04 2.150537634408601878e-04 1.077419354838709403e-01 4.516129032258063211e-03 2.150537634408601878e-04 1.529032258064515759e-01 9.053763440860213008e-02 2.150537634408601878e-04 2.150537634408601878e-04 2.150537634408601878e-04 2.150537634408601878e-04 2.150537634408601878e-04 7.548387096774192284e-02 2.150537634408601878e-04 2.150537634408601878e-04 3.593548387096773267e-01 2.150537634408601878e-04 2.150537634408601878e-04 2.150537634408601878e-04 2.150537634408601878e-04 2.150537634408601878e-04 2.387096774193547821e-02 2.150537634408601878e-04 2.150537634408601878e-04 2.150537634408601878e-04
5.501519756838904596e-02 3.343465045592704417e-03 3.343465045592704417e-03 2.462006079027354716e-02 3.039513677811549273e-04 3.039513677811549273e-04 1.854103343465044948e-02 3.039513677811549273e-04 3.039513677811549273e-04 3.039513677811549273e-04 3.039513677811549273e-04 8.844984802431608839e-02 1.553191489361701594e-01 3.039513677811549273e-04 5.565349544072946131e-01 3.039513677811549273e-04 3.039513677811549273e-04 6.382978723404253256e-03 3.039513677811549273e-04 3.039513677811549273e-04 3.069908814589664484e-02 3.039513677811549273e-04 5.197568389057749538e-02 3.039513677811549273e-04 3.039513677811549273e-04 3.039513677811549273e-04 3.039513677811549273e-04 3.039513677811549273e-04 3.039513677811549273e-04 3.039513677811549273e-04
5.219999999999998946e-02 6.419999999999999318e-02 1.999999999999999554e-04 4.199999999999998873e-03 1.999999999999999554e-04 2.199999999999999699e-03 1.999999999999999554e-04 9.019999999999998852e-02 1.999999999999999554e-04 3.219999999999999252e-02 3.201999999999999291e-01 1.019999999999999726e-02 1.999999999999999554e-04 1.999999999999999554e-04 1.999999999999999554e-04 1.999999999999999554e-04 1.999999999999999554e-04 6.199999999999998915e-03 1.999999999999999554e-04 8.199999999999997222e-03 1.601999999999999535e-01 1.999999999999999554e-04 1.999999999999999554e-04 6.819999999999998286e-02 2.199999999999999699e-03 4.019999999999999268e-02 1.999999999999999554e-04 1.999999999999999554e-04 1.999999999999999554e-04 1.361999999999999600e-01
3.205128205128204041e-04 1.221153846153845701e-01 3.205128205128204041e-04 3.557692307692306155e-02 2.275641025641024842e-02 4.198717948717946985e-02 3.205128205128204041e-04 3.237179487179486087e-02 3.205128205128204041e-04 8.365384615384613420e-02 3.205128205128204041e-04 5.801282051282049407e-02 3.205128205128204041e-04 3.205128205128204041e-04 3.525641025641024825e-03 3.205128205128204041e-04 6.730769230769228541e-03 3.205128205128204041e-04 3.205128205128204041e-04 1.314102564102563424e-02 3.525641025641024825e-03 1.894230769230768607e-01 3.205128205128204041e-04 2.407051282051280994e-01 3.205128205128204041e-04 3.205128205128204041e-04 3.205128205128204041e-04 2.596153846153845257e-02 3.237179487179486087e-02 8.365384615384613420e-02
2.304147465437788016e-04 2.304147465437788016e-04 2.304147465437788016e-04 4.838709677419355051e-03 2.557603686635944590e-02 2.304147465437788016e-04 2.304147465437788016e-04 3.248847926267280778e-02 2.304147465437788016e-04 1.361751152073732707e-01 2.304147465437788016e-04 3.479262672811059970e-02 2.304147465437788016e-04 9.447004608294930217e-03 2.304147465437788016e-04 2.327188940092165745e-02 2.304147465437788016e-04 2.304147465437788016e-04 2.304147465437788016e-04 2.304147465437788016e-04 2.304147465437788016e-04 7.857142857142856984e-02 3.940092165898617660e-02 1.983870967741935276e-01 2.304147465437788016e-04 1.866359447004608055e-02 2.304147465437788016e-04 4.400921658986175350e-02 3.182027649769584854e-01 3.248847926267280778e-02
8.296836982968368301e-02 3.673965936739657934e-02 2.433090024330899820e-04 1.072992700729926696e-01 2.433090024330899820e-04 2.214111922141118530e-02 3.262773722627736461e-01 2.433090024330899820e-04 2.433090024330899820e-04 2.433090024330899820e-04 2.433090024330899820e-04 2.433090024330899820e-04 8.783454987834547756e-02 2.433090024330899820e-04 2.433090024330899820e-04 2.532846715328466169e-01 2.433090024330899820e-04 2.433090024330899820e-04 2.433090024330899820e-04 2.214111922141118530e-02 7.542579075425788655e-03 2.433090024330899820e-04 2.433090024330899820e-04 9.975669099756686795e-03 5.109489051094889649e-03 2.676399026763989775e-03 2.433090024330899820e-04 2.214111922141118530e-02 2.676399026763989775e-03 7.542579075425788655e-03
3.092105263157893941e-02 1.427631578947367863e-01 3.311403508771929016e-02 8.991228070175435322e-03 2.192982456140350376e-04 4.846491228070174545e-02 2.192982456140350376e-04 8.574561403508769442e-02 2.412280701754385658e-03 2.192982456140350376e-04 2.260964912280701011e-01 7.478070175438594758e-02 2.192982456140350376e-04 2.192982456140350376e-04 2.192982456140350376e-04 2.192982456140350376e-04 2.192982456140350376e-04 2.192982456140350376e-04 2.412280701754385658e-03 2.412280701754385658e-03 1.471491228070175017e-01 2.192982456140350376e-04 2.192982456140350376e-04 2.412280701754385658e-03 2.192982456140350376e-04 2.192982456140350376e-04 2.872807017543858865e-02 2.192982456140350376e-04 4.407894736842104394e-02 1.164473684210526050e-01
1.930379746835442223e-02 4.145569620253163057e-02 3.164556962025315431e-04 3.164556962025315431e-04 3.164556962025315431e-04 9.810126582278477780e-03 4.022151898734175335e-01 3.164556962025315431e-04 2.879746835443036668e-02 3.164556962025315431e-04 3.164556962025315431e-04 2.563291139240505417e-02 3.072784810126580890e-01 3.164556962025315431e-04 2.879746835443036668e-02 5.727848101265821390e-02 3.164556962025315431e-04 1.297468354430379202e-02 3.164556962025315431e-04 1.930379746835442223e-02 3.164556962025315431e-04 3.164556962025315431e-04 3.164556962025315431e-04 4.145569620253163057e-02 3.164556962025315431e-04 3.164556962025315431e-04 3.164556962025315431e-04 3.164556962025315431e-04 3.164556962025315431e-04 3.164556962025315431e-04
1.683473389355742145e-01 1.148459383753501137e-02 1.148459383753501137e-02 6.470588235294116863e-02 2.801120448179271515e-04 2.801120448179271515e-04 1.148459383753501137e-02 2.801120448179271515e-04 3.081232492997198775e-03 2.103641456582632518e-01 2.801120448179271515e-04 2.801120448179271515e-04 1.148459383753501137e-02 2.801120448179271515e-04 3.081232492997198775e-03 2.801120448179271515e-04 2.801120448179271515e-04 4.789915966386554258e-02 2.801120448179271515e-04 2.801120448179271515e-04 1.148459383753501137e-02 5.070028011204481128e-02 2.801120448179271515e-04 5.910364145658262430e-02 2.801120448179271515e-04 2.187675070028010649e-01 2.801120448179271515e-04 2.801120448179271515e-04 1.123249299719887850e-01 2.801120448179271515e-04
5.592334494773518183e-02 1.308362369337978670e-01 2.109756097560974986e-01 3.658536585365853005e-03 3.658536585365853005e-03 1.742160278745644327e-04 1.742160278745644327e-04 9.425087108013935344e-02 1.742160278745644327e-04 1.742160278745644327e-04 1.742160278745644327e-04 5.069686411149824934e-02 4.372822299651567268e-02 1.742160278745644327e-04 1.916376306620208841e-03 6.463414634146340265e-02 3.658536585365853005e-03 3.850174216027874019e-02 1.742160278745644327e-04 4.895470383275260517e-02 5.418118466898953767e-02 1.742160278745644327e-04 3.675958188153309603e-02 1.411149825783971842e-02 1.411149825783971842e-02 1.742160278745644327e-04 1.742160278745644327e-04 1.742160278745644327e-04 1.742160278745644327e-04 1.273519163763065787e-01
5.586592178770951418e-04 6.145251396648046885e-03 5.586592178770951418e-04 5.586592178770951418e-04 5.586592178770951418e-04 6.759776536312851747e-02 5.586592178770951418e-04 7.318435754189946130e-02 5.586592178770951418e-04 7.318435754189946130e-02 5.586592178770951418e-04 5.586592178770951418e-04 5.586592178770951418e-04 5.586592178770951418e-04 5.586592178770951418e-04 6.145251396648046885e-03 5.586592178770951418e-04 1.173184357541899939e-02 5.586592178770951418e-04 5.586592178770951418e-04 5.586592178770951418e-04 2.240223463687151528e-01 3.407821229050279899e-02 2.854748603351956460e-01 5.586592178770951418e-04 5.586592178770951418e-04 7.318435754189946130e-02 5.642458100558660899e-02 5.586592178770951418e-04 7.877094972067041900e-02
5.072202166064981171e-02 1.805054151624548367e-04 1.463898916967508734e-01 3.267148014440432457e-02 1.101083032490974417e-02 2.906137184115523131e-02 1.805054151624548367e-04 3.989169675090251804e-02 1.805054151624548367e-04 1.805054151624548367e-04 1.805054151624548367e-04 6.516245487364619171e-02 5.595667870036099938e-03 2.003610108303248774e-02 1.805054151624548367e-04 1.805054151624548367e-04 1.805054151624548367e-04 1.101083032490974417e-02 1.805054151624548367e-04 1.806859205776172872e-01 1.985559566787003204e-03 3.086642599277977794e-02 1.805054151624548367e-04 1.805054151624548367e-04 1.805054151624548367e-04 1.805054151624548367e-04 1.805054151624548367e-04 1.823104693140793764e-02 9.205776173285195804e-03 3.449458483754511695e-01
6.372767857142856707e-02 1.015624999999999861e-02 1.015624999999999861e-02 1.685267857142857054e-02 1.116071428571428537e-04 2.343749999999999913e-03 1.116071428571428537e-04 7.712053571428570398e-02 1.116071428571428537e-04 2.578124999999999861e-02 2.668526785714285254e-01 1.083705357142856901e-01 1.350446428571428284e-02 6.808035714285712650e-03 1.116071428571428537e-04 1.116071428571428537e-04 7.924107142857140726e-03 3.582589285714285476e-02 1.116071428571428537e-04 1.116071428571428537e-04 1.920758928571428270e-01 1.116071428571428537e-04 1.116071428571428537e-04 1.116071428571428537e-04 1.116071428571428537e-04 3.024553571428571092e-02 1.116071428571428537e-04 1.116071428571428537e-04 7.377232142857141628e-02 5.703124999999999167e-02
2.309468822170900114e-04 2.309468822170900114e-04 2.309468822170900114e-04 2.309468822170900114e-04 6.258660508083140062e-02 1.870669745958428859e-02 2.309468822170900114e-04 1.849884526558890907e-01 4.180138568129329601e-02 7.159353348729790081e-03 2.309468822170900114e-04 2.309468822170900114e-04 2.309468822170900114e-04 2.309468822170900114e-04 2.309468822170900114e-04 2.309468822170900114e-04 2.309468822170900114e-04 2.309468822170900114e-04 2.309468822170900114e-04 5.796766743648959497e-02 7.159353348729790081e-03 2.127020785219398968e-01 2.309468822170900114e-04 2.057736720554271814e-01 4.849884526558890727e-03 2.563510392609699012e-02 2.309468822170900114e-04 8.106235565819859545e-02 2.309468822170900114e-04 8.568129330254040110e-02
1.504173622704507163e-01 8.514190317195323432e-03 1.669449081803004733e-04 2.854757929883138326e-02 1.836393989983305369e-03 8.363939899833053304e-02 1.853088480801335161e-02 1.836393989983305369e-03 1.669449081803004733e-04 2.405676126878129595e-01 8.514190317195323432e-03 2.005008347245408606e-01 1.669449081803004733e-04 1.669449081803004733e-04 1.669449081803004733e-04 1.669449081803004733e-04 1.669449081803004733e-04 4.023372287145241671e-02 1.669449081803004733e-04 8.697829716193654359e-02 1.669449081803004733e-04 1.519198664440734280e-02 1.669449081803004733e-04 2.520868113522536924e-02 1.669449081803004733e-04 1.686143572621034634e-02 3.505843071786310210e-03 1.669449081803004733e-04 3.505843071786310210e-03 6.360601001669448362e-02
3.484320557491289196e-04 1.428571428571428527e-02 3.484320557491289196e-04 3.484320557491289196e-04 3.519163763066202044e-02 3.484320557491289196e-04 3.484320557491289196e-04 9.790940766550523811e-02 3.484320557491289196e-04 3.484320557491289196e-04 3.484320557491289196e-04 3.484320557491289196e-04 3.832752613240418549e-03 1.222996515679442564e-01 3.484320557491289196e-04 3.484320557491289196e-04 3.832752613240418549e-03 3.484320557491289196e-04 3.484320557491289196e-04 4.564459930313588543e-02 3.832752613240418549e-03 6.655052264808362927e-02 1.080139372822299694e-02 1.118466898954703914e-01 1.777003484320557533e-02 2.581881533101045290e-01 3.484320557491289196e-04 3.484320557491289196e-04 1.675958188153310047e-01 3.519163763066202044e-02
8.270676691729325972e-03 7.518796992481204542e-04 7.518796992481204542e-04 7.518796992481204542e-04 3.842105263157895578e-01 6.842105263157896577e-02 7.518796992481204542e-04 1.578947368421053030e-02 7.518796992481204542e-04 7.518796992481204542e-04 1.511278195488722220e-01 9.097744360902257355e-02 7.518796992481204542e-04 7.518796992481204542e-04 7.518796992481204542e-04 7.518796992481204542e-04 7.518796992481204542e-04 7.518796992481204542e-04 7.518796992481204542e-04 8.270676691729325972e-03 1.578947368421053030e-02 7.518796992481204542e-04 9.849624060150377614e-02 7.518796992481204542e-04 5.338345864661654672e-02 7.518796992481204542e-04 2.330827067669173636e-02 1.578947368421053030e-02 7.518796992481204542e-04 5.338345864661654672e-02
4.966292134831459815e-02 2.247191011235954603e-04 1.283146067415729952e-01 3.842696629213482318e-02 2.247191011235954603e-04 8.561797752808987527e-02 6.966292134831459162e-03 6.764044943820222977e-02 2.247191011235954603e-04 2.247191011235954603e-04 2.247191011235954603e-04 2.247191011235954603e-04 2.247191011235954603e-04 1.146067415730336707e-02 2.247191011235954603e-04 2.247191011235954603e-04 6.966292134831459162e-03 2.247191011235954603e-04 2.247191011235954603e-04 1.620224719101122923e-01 2.247191011235954603e-04 2.226966292134830716e-01 9.213483146067413115e-03 2.247191011235954603e-04 2.247191011235954603e-04 2.247191011235954603e-04 2.247191011235954603e-04 2.247191011235954603e-04 2.247191011235954603e-04 2.069662921348313922e-01
6.849315068493150738e-04 6.849315068493150738e-04 5.547945205479451469e-02 6.849315068493150738e-04 6.849315068493150738e-04 1.438356164383561633e-02 6.849315068493150738e-04 1.308219178082191958e-01 6.849315068493150738e-04 1.438356164383561633e-02 6.849315068493150738e-04 6.849315068493150738e-04 6.849315068493150738e-04 6.849315068493150738e-04 6.849315068493150738e-04 6.849315068493150738e-04 1.438356164383561633e-02 9.657534246575341652e-02 7.534246575342466029e-03 2.808219178082191694e-02 2.883561643835616528e-01 1.239726027397260316e-01 6.849315068493150738e-04 6.849315068493150738e-04 2.123287671232876664e-02 6.849315068493150738e-04 1.438356164383561633e-02 6.849315068493150738e-04 6.849315068493150738e-04 1.787671232876712479e-01
5.691056910569104385e-03 2.981029810298102111e-03 1.981029810298102212e-01 2.710027100271002166e-04 1.924119241192411359e-02 2.710027100271002166e-04 2.710027100271002166e-04 8.699186991869915786e-02 5.176151761517613914e-02 4.363143631436313535e-02 2.710027100271002166e-04 2.710027100271002166e-04 2.710027100271002166e-04 2.710027100271002166e-04 2.710027100271002166e-04 2.981029810298102111e-03 1.111111111111110633e-02 2.710027100271002166e-04 2.981029810298102111e-03 1.005420054200541757e-01 8.401084010840106225e-03 7.073170731707315029e-02 2.710027100271002166e-04 2.089430894308942355e-01 2.710027100271002166e-04 5.691056910569104385e-03 5.691056910569104385e-03 1.113821138211381762e-01 4.363143631436313535e-02 1.653116531165311001e-02
