7.481751824817517264e-03 1.824817518248175339e-04 6.096715328467153805e-01 1.295620437956204393e-02 1.824817518248175339e-04 1.824817518248175339e-04 2.082116788321167755e-01 5.656934306569343443e-03 3.832116788321167887e-03 1.516423357664233584e-01
2.338613861386138471e-01 4.376237623762376655e-02 2.081188118811881094e-01 1.980198019801980330e-04 1.603960396039603997e-02 2.000000000000000042e-02 6.138613861386138862e-03 1.980198019801980330e-04 1.980198019801980330e-04 4.714851485148514598e-01
1.414746543778801491e-01 3.394777265745007461e-02 4.486943164362518499e-01 3.241167434715821333e-02 1.536098310291858407e-04 1.551459293394776874e-02 1.660522273425498740e-01 1.536098310291858407e-04 7.834101382488477955e-03 1.537634408602150116e-01
3.165094339622641639e-01 4.716981132075472819e-04 2.363207547169811629e-01 1.938679245283019270e-01 4.716981132075472819e-04 4.716981132075472819e-04 4.716981132075472819e-04 4.716981132075472819e-04 2.877358490566037791e-02 2.221698113207547509e-01
3.058679706601467041e-01 2.444987775061125009e-04 9.070904645476772499e-02 1.640586797066014568e-01 1.002444987775060956e-02 5.134474327628361923e-03 2.689486552567237239e-03 2.444987775061125009e-04 5.892420537897311017e-02 3.621026894865525536e-01
8.355263157894737835e-02 2.192982456140350918e-04 4.541666666666666630e-01 2.192982456140350918e-04 1.118421052631578955e-02 2.192982456140350918e-04 2.217105263157894690e-01 2.192982456140350918e-04 2.192982456140350918e-04 2.282894736842105143e-01
1.798561151079136459e-04 1.798561151079136459e-04 6.674460431654675174e-01 5.575539568345323077e-03 1.276978417266186674e-02 1.798561151079136459e-04 6.133093525179855038e-02 1.798561151079136459e-04 1.798561151079136459e-04 2.519784172661869714e-01
8.566552901023891109e-02 3.412969283276450546e-04 2.836177474402730159e-01 3.211604095563139749e-01 3.412969283276450546e-04 3.412969283276450546e-04 3.412969283276450546e-04 1.740614334470989497e-02 3.412969283276450546e-04 2.904436860068259074e-01
1.747457627118643997e-01 1.203389830508474513e-02 4.425423728813559499e-01 1.694915254237288249e-04 1.694915254237288249e-04 1.694915254237288249e-04 1.694915254237288249e-04 4.254237288135593459e-02 1.694915254237288249e-04 3.272881355932203418e-01
7.680180180180180838e-02 2.252252252252252287e-04 6.173423423423424206e-01 6.981981981981981791e-03 2.252252252252252287e-04 1.148648648648648539e-02 4.729729729729729992e-03 3.175675675675675852e-02 2.252252252252252287e-04 2.502252252252252229e-01
2.109704641350211010e-04 2.552742616033755116e-02 4.896624472573839482e-01 4.430379746835443229e-03 8.649789029535864815e-03 4.430379746835443229e-03 3.818565400843881852e-02 2.974683544303797361e-02 3.818565400843881852e-02 3.609704641350210963e-01
1.379310344827585993e-04 8.413793103448273525e-03 7.573793103448275277e-01 1.117241379310344659e-02 1.379310344827585993e-04 1.517241379310344754e-03 5.668965517241378316e-02 1.255172413793103139e-02 1.379310344827585993e-04 1.518620689655172107e-01
1.252450980392156854e-01 2.450980392156862711e-04 5.590686274509804043e-01 2.450980392156862711e-04 2.696078431372549416e-03 2.450980392156862711e-04 2.450980392156862711e-04 2.450980392156862711e-04 5.906862745098039741e-02 2.526960784313725394e-01
4.447174447174447737e-02 2.457002457002456942e-04 5.776412776412775951e-01 2.457002457002456942e-04 2.457002457002456942e-04 2.727272727272727140e-02 9.852579852579852748e-02 2.457002457002456942e-04 3.464373464373464440e-02 2.164619164619164537e-01
4.303278688524589564e-03 2.049180327868852186e-04 7.563524590163933636e-01 4.303278688524589564e-03 2.049180327868852186e-04 2.254098360655737432e-03 9.036885245901637997e-02 2.049180327868852186e-04 2.049180327868852186e-04 1.415983606557376651e-01
3.921832884097035260e-02 1.347708894878706326e-04 5.446091644204852367e-01 2.843665768194070242e-02 1.630727762803234338e-02 1.900269541778975765e-02 5.525606469002694934e-03 1.347708894878706326e-04 7.695417789757412474e-02 2.696765498652290982e-01
6.677215189873418610e-02 9.810126582278481250e-03 5.003164556962025333e-01 3.164556962025316515e-04 3.164556962025316515e-04 3.164556962025316515e-04 3.164556962025316515e-04 6.645569620253164410e-03 3.164556962025316515e-04 4.148734177215189778e-01
2.415458937198067301e-04 2.415458937198067301e-04 8.359903381642511677e-01 2.415458937198067301e-04 2.657004830917874139e-03 2.415458937198067301e-04 3.405797101449274666e-02 2.415458937198067301e-04 1.231884057971014204e-02 1.137681159420289717e-01
1.841463414634146242e-02 1.219512195121951354e-04 2.220731707317073200e-01 1.219512195121951354e-04 2.501219512195121952e-01 2.817073170731707391e-02 2.708536585365853844e-01 1.219512195121951354e-04 1.219512195121951354e-04 2.098780487804877970e-01
2.262443438914027243e-04 2.262443438914027243e-04 4.006787330316741724e-01 2.262443438914027243e-04 2.262443438914027243e-04 2.262443438914027243e-04 1.676470588235293990e-01 1.902714932126696734e-01 2.262443438914027243e-04 2.400452488687782604e-01
2.512562814070352013e-04 6.055276381909548145e-02 1.610552763819095290e-01 7.788944723618090697e-03 1.532663316582914478e-02 4.575376884422110435e-01 5.050251256281407253e-02 1.030150753768844206e-02 5.276381909547739335e-03 2.314070351758793775e-01
2.629237288135592987e-01 3.199152542372881575e-02 3.243644067796609964e-01 4.449152542372881471e-03 2.330508474576271308e-03 2.118644067796610379e-04 2.118644067796610379e-04 2.330508474576271308e-03 7.012711864406780127e-02 3.010593220338982912e-01
3.717277486910994938e-02 5.235602094240838231e-04 6.078534031413612704e-01 2.670157068062827335e-02 5.235602094240838231e-04 5.235602094240838231e-04 1.099476439790576104e-02 7.382198952879581721e-02 1.623036649214660079e-02 2.256544502617801595e-01
1.068181818181818260e-01 7.884615384615384359e-02 1.085664335664335706e-01 4.284965034965034780e-01 1.748251748251748250e-04 1.748251748251748250e-04 5.419580419580420118e-03 8.916083916083915317e-03 7.167832167832167284e-03 2.554195804195804054e-01
2.967359050445104291e-04 2.967359050445104291e-04 1.605341246290801216e-01 1.216617210682492504e-02 1.216617210682492504e-02 2.967359050445104291e-04 3.623145400593471566e-01 6.261127596439169940e-02 8.041543026706231279e-02 3.089020771513352748e-01
4.098360655737705457e-04 4.098360655737705457e-04 8.446721311475410277e-01 4.098360655737705457e-04 4.098360655737705457e-04 4.098360655737705457e-04 4.098360655737705457e-04 1.680327868852458939e-02 4.098360655737705457e-04 1.356557377049180668e-01
1.971326164874552186e-03 1.792114695340501791e-04 6.560931899641577747e-01 1.971326164874552186e-03 1.792114695340501791e-04 1.792114695340501791e-04 1.865591397849462318e-01 1.971326164874552186e-03 1.792114695340501791e-04 1.507168458781361908e-01
9.338235294117647189e-02 2.450980392156862711e-04 4.340686274509804043e-01 2.450980392156862711e-04 2.720588235294117696e-02 2.450980392156862711e-04 2.450980392156862711e-04 7.377450980392157021e-02 7.598039215686274404e-03 3.629901960784313597e-01
1.505982905982905795e-01 1.709401709401709400e-04 3.694017094017094105e-01 1.709401709401709400e-04 1.213675213675213631e-02 1.709401709401709400e-04 1.042735042735042604e-02 1.042735042735042604e-02 4.461538461538461925e-02 4.018803418803418848e-01
2.721476510067113996e-01 4.395973154362416147e-02 1.546979865771812013e-01 3.627516778523489638e-01 3.355704697986577542e-04 3.355704697986577542e-04 3.355704697986577542e-04 3.355704697986577542e-04 3.355704697986577542e-04 1.647651006711409460e-01
2.536687631027252990e-02 2.096436058700209268e-04 7.234800838574422244e-01 2.096436058700209268e-04 4.402515723270439274e-03 2.096436058700209268e-04 4.423480083857441597e-02 2.117400419287211039e-02 2.096436058700209268e-04 1.805031446540879825e-01
1.060209424083769642e-02 1.308900523560209558e-04 5.590314136125654754e-01 1.308900523560209558e-04 1.308900523560209558e-04 1.439790575916230541e-03 2.082460732984293128e-01 6.675392670157067471e-03 1.308900523560209558e-04 2.134816753926701560e-01
1.505576208178438340e-02 1.858736059479553599e-04 6.916356877323418528e-01 1.858736059479553599e-04 1.858736059479553599e-04 1.858736059479553599e-04 6.338289962825277568e-02 1.858736059479553599e-04 1.858736059479553599e-04 2.288104089219330228e-01
2.807424593967517215e-02 2.552204176334106796e-03 3.436194895591647147e-01 4.872389791183294634e-03 7.192575406032482473e-03 2.320185614849187947e-04 2.320185614849187947e-04 2.320185614849187947e-04 4.410672853828306317e-01 1.719257540603248147e-01
3.134796238244514309e-04 3.134796238244514309e-04 7.714733542319749393e-01 2.539184952978056423e-02 3.134796238244514309e-04 3.134796238244514309e-04 6.300940438871473204e-02 3.134796238244514309e-04 3.134796238244514309e-04 1.382445141065830885e-01
1.538461538461538514e-04 1.538461538461538514e-04 1.339999999999999802e-01 1.692307692307692393e-03 1.955384615384615221e-01 3.230769230769231070e-03 4.278461538461538760e-01 1.553846153846153745e-02 1.538461538461538514e-04 2.216923076923076885e-01
1.147011308562197011e-02 1.793214862681744709e-02 5.946688206785137876e-01 5.008077544426494873e-03 1.954765751211631764e-02 1.777059773828756168e-03 1.308562197092083892e-02 9.854604200323101304e-03 9.709208400646203441e-02 2.295638126009693081e-01
9.072398190045248556e-02 2.262443438914027243e-04 4.278280542986425128e-01 2.262443438914027243e-04 4.095022624434389164e-02 2.262443438914027243e-04 2.262443438914027243e-04 3.416289592760180654e-02 6.131221719457013997e-02 3.441176470588235281e-01
2.169197396963123818e-04 2.169197396963123818e-04 8.481561822125813221e-02 2.169197396963123818e-04 2.169197396963123818e-04 2.169197396963123818e-04 2.386117136659436037e-03 2.386117136659436037e-03 6.921908893709327604e-01 2.171366594360086555e-01
4.835886214442013109e-02 2.188183807439825028e-04 6.216630196936543395e-01 2.407002188183807612e-03 2.407002188183807612e-03 2.188183807439825028e-04 2.188183807439825028e-04 2.210065645514223270e-02 2.188183807439825028e-04 3.021881838074398363e-01
3.713017751479289613e-02 1.479289940828402115e-04 6.791420118343194368e-01 6.065088757396448239e-03 1.479289940828402115e-04 1.642011834319526131e-02 8.446745562130175689e-02 3.106508875739644442e-03 1.479289940828402115e-04 1.732248520710058803e-01
2.149674620390455426e-01 2.169197396963123818e-04 2.995661605206073608e-01 2.169197396963123818e-04 2.169197396963123818e-04 2.386117136659436037e-03 3.492407809110629341e-02 2.386117136659436037e-03 2.190889370932754682e-02 4.232104121475054326e-01
8.676844783715012555e-02 3.333333333333333287e-02 5.040712468193384588e-01 2.544529262086513968e-04 2.544529262086513968e-04 2.544529262086513968e-04 2.544529262086513968e-04 2.544529262086513968e-04 6.895674300254453493e-02 3.055979643765903142e-01
1.457725947521865595e-04 1.457725947521865595e-04 5.553935860058308027e-02 4.518950437317783425e-03 4.826530612244897545e-01 1.180758017492711080e-02 2.930029154518950033e-02 7.434402332361513856e-03 3.367346938775509640e-02 3.747813411078717016e-01
4.771480804387568525e-02 1.828153564899451656e-04 4.444241316270566844e-01 3.839122486288848533e-03 3.857404021937842903e-02 3.839122486288848533e-03 2.250457038391224796e-01 1.828153564899451656e-04 1.828153564899451656e-04 2.360146252285191815e-01
9.073684210526315741e-02 2.105263157894736957e-04 4.991578947368420782e-01 2.105263157894736957e-04 2.315789473684210734e-03 2.105263157894736957e-04 2.105263157894736957e-04 6.526315789473684757e-03 2.105263157894736957e-04 4.002105263157894610e-01
8.295739348370927135e-02 2.506265664160400972e-04 4.513784461152882121e-01 2.756892230576441123e-03 4.536340852130325840e-02 2.506265664160400972e-04 9.799498746867167653e-02 2.506265664160400972e-04 5.263157894736841987e-03 3.135338345864661647e-01
5.729537366548043131e-02 3.594306049822063726e-02 8.046263345195728833e-01 3.558718861209964664e-04 7.473309608540926012e-03 3.558718861209964664e-04 7.473309608540926012e-03 3.558718861209964664e-04 3.558718861209964664e-04 8.576512455516015210e-02
2.206759443339960033e-02 2.604373757455268404e-02 5.071570576540754827e-01 2.149105367793240351e-01 1.988071570576540822e-04 1.988071570576540822e-04 1.988071570576540822e-04 2.007952286282306195e-02 1.988071570576540822e-04 2.089463220675944199e-01
2.857142857142857357e-04 4.028571428571428581e-02 4.659999999999999698e-01 2.857142857142857357e-04 2.857142857142857357e-04 2.857142857142857357e-04 2.259999999999999787e-01 8.857142857142856832e-03 6.000000000000000125e-03 2.517142857142857237e-01
2.321428571428571508e-02 2.551020408163265536e-04 7.579081632653061895e-01 2.551020408163265536e-04 2.806122448979592090e-03 2.551020408163265536e-04 3.341836734693877375e-02 2.551020408163265536e-04 2.551020408163265536e-04 1.813775510204081454e-01
2.923976608187134557e-04 2.923976608187134557e-04 7.923976608187134618e-02 3.774853801169590350e-01 2.923976608187134557e-04 1.055555555555555552e-01 2.923976608187134557e-04 8.801169590643274920e-02 3.830409356725145847e-02 3.102339181286549730e-01
3.479262672811059970e-02 2.304147465437788016e-04 6.960829493087558051e-01 2.534562211981567035e-03 2.304147465437788016e-04 2.304147465437788016e-04 2.096774193548386900e-02 9.447004608294930217e-03 4.838709677419355051e-03 2.306451612903225590e-01
3.492659053833604976e-01 1.631321370309951081e-04 2.497553017944534881e-01 2.463295269168026130e-02 1.631321370309951081e-04 3.425774877650897190e-03 1.631321370309951081e-04 1.631321370309951081e-04 1.794453507340946271e-03 3.704730831973898630e-01
5.432671081677703517e-01 2.207505518763796908e-04 1.724061810154525198e-01 2.008830022075054969e-02 2.207505518763796908e-04 6.843267108167770847e-03 2.207505518763796908e-04 5.761589403973510493e-02 2.207505518763796908e-04 1.988962472406180793e-01
2.654178674351584943e-01 5.792507204610951310e-02 2.048991354466858650e-01 8.933717579250721047e-03 3.170028818443804131e-03 2.881844380403458350e-04 2.881844380403458350e-04 2.881844380403458350e-04 2.881844380403458350e-04 4.585014409221901954e-01
9.623287671232877427e-02 1.404109589041095847e-02 2.434931506849314919e-01 4.695205479452054798e-01 3.424657534246575369e-04 3.424657534246575369e-04 3.424657534246575369e-04 3.424657534246575369e-04 1.404109589041095847e-02 1.613013698630137160e-01
3.891050583657588362e-04 3.891050583657588362e-04 5.529182879377433357e-01 3.891050583657588362e-04 1.206225680933852365e-02 3.891050583657588362e-04 2.844357976653696940e-01 3.891050583657588362e-04 3.891050583657588362e-04 1.482490272373541140e-01
3.990066225165562336e-02 1.655629139072847410e-04 7.170529801324502239e-01 1.672185430463575886e-02 1.655629139072847410e-04 1.655629139072847410e-04 5.811258278145694373e-02 1.655629139072847410e-04 1.655629139072847410e-04 1.673841059602648729e-01
1.678486997635933106e-02 2.364066193853427513e-04 6.503546099290778981e-01 2.600472813238770102e-03 4.964539007092197073e-03 2.364066193853427513e-04 1.184397163120567142e-01 7.328605200945624912e-03 2.364066193853427513e-04 1.988179669030732122e-01
1.389432485322896274e-02 2.152641878669276070e-03 6.675146771037182569e-01 9.980430528375733995e-03 1.956947162426614535e-04 1.956947162426614535e-04 1.956947162426614535e-04 3.346379647749510994e-02 1.956947162426614535e-04 2.722113502935420426e-01
2.399543378995433740e-01 2.283105022831050427e-04 1.897260273972602718e-01 2.283105022831050427e-04 2.283105022831050427e-04 4.794520547945205734e-03 2.283105022831050427e-04 2.283105022831050427e-04 2.283105022831050427e-04 5.641552511415525162e-01
1.539184952978056575e-01 1.912225705329153452e-02 3.420062695924764862e-01 3.134796238244514309e-04 3.134796238244514309e-04 9.717868338557993438e-03 3.448275862068965903e-03 1.285266457680250655e-02 3.448275862068965903e-03 4.548589341692789723e-01
2.466666666666666660e-02 2.222222222222222329e-04 6.980000000000000648e-01 2.222222222222222329e-04 2.222222222222222329e-04 2.222222222222222329e-04 2.688888888888888926e-02 2.222222222222222329e-04 2.222222222222222329e-04 2.491111111111110887e-01
2.512562814070352013e-04 2.213567839195979825e-01 4.977386934673366792e-01 4.798994974874372377e-02 2.512562814070352013e-04 7.788944723618090697e-03 4.547738693467336807e-02 2.512562814070352013e-04 1.030150753768844206e-02 1.685929648241205892e-01
1.472754050073637620e-04 1.472754050073637620e-04 7.129602356406479213e-01 1.472754050073637620e-04 1.472754050073637620e-04 1.472754050073637620e-04 3.402061855670102802e-02 3.254786450662738861e-02 1.472754050073637620e-04 2.195876288659793230e-01
1.302083333333333315e-04 1.302083333333333315e-04 6.889322916666665853e-01 1.432291666666666565e-03 9.244791666666665048e-03 1.432291666666666565e-03 6.914062499999999722e-02 3.138020833333333287e-02 1.302083333333333315e-04 1.980468749999999556e-01
2.610966057441253189e-04 1.621409921671018439e-01 6.373368146214098973e-01 2.610966057441253189e-04 2.610966057441253189e-04 2.610966057441253189e-04 1.046997389033942627e-01 2.610966057441253189e-04 2.610966057441253189e-04 9.425587467362925298e-02
2.713936430317848494e-02 1.735941320293398274e-02 5.405867970660146460e-01 1.371638141809291001e-01 2.444987775061125009e-04 2.444987775061125009e-04 2.444987775061125009e-04 2.444987775061125009e-04 9.070904645476772499e-02 1.860635696821515694e-01
1.750809061488673157e-01 3.236245954692556679e-04 4.113268608414239469e-01 3.236245954692556679e-04 3.236245954692556679e-04 3.559870550161812509e-03 3.915857605177993500e-02 3.236245954692556679e-04 3.559870550161812509e-03 3.660194174757281371e-01
3.424657534246575369e-04 4.113013698630136883e-01 1.852739726027397282e-01 3.424657534246575369e-04 1.818493150684931670e-01 3.424657534246575369e-04 3.424657534246575369e-04 3.424657534246575369e-04 2.431506849315068219e-02 1.955479452054794676e-01
2.288329519450801029e-04 2.288329519450801029e-04 6.569794050343249481e-01 2.288329519450801029e-04 2.288329519450801029e-04 2.288329519450801029e-04 1.604118993135011384e-01 2.288329519450801029e-04 2.288329519450801029e-04 1.810068649885583358e-01
8.502994011976046720e-03 1.031137724550898055e-01 5.629940119760478145e-01 1.197604790419161527e-04 1.317365269461077829e-03 1.197604790419161527e-04 1.246706586826347024e-01 1.197604790419161527e-04 1.197604790419161527e-04 1.989221556886227316e-01
1.488322717622080626e-01 7.876857749469214076e-02 3.314225053078556082e-01 2.123142250530785633e-04 2.123142250530785633e-04 8.704883227176220609e-03 2.335456475583864468e-03 2.335456475583864468e-03 2.123142250530785633e-04 4.269639065817409374e-01
2.540752351097178563e-01 4.858934169278996719e-03 3.246081504702194032e-01 1.567398119122257155e-04 2.993730407523511119e-02 9.561128526645767262e-03 1.567398119122257155e-04 1.567398119122257155e-04 1.724137931034482952e-03 3.747648902821316685e-01
1.895910780669144910e-02 3.717472118959108283e-04 1.007434944237918240e-01 3.717472118959108283e-04 2.568773234200743549e-01 2.267657992565055500e-02 1.788104089219330894e-01 5.241635687732341953e-02 3.717472118959108283e-04 3.684014869888475596e-01
4.907251264755480707e-02 1.854974704890387932e-03 3.998313659359190586e-01 1.686340640809443525e-04 4.232715008431703341e-02 3.389544688026981806e-02 3.726812816188870142e-02 1.586846543001686205e-01 1.686340640809443525e-04 2.767284991568296770e-01
1.783625730994151809e-02 1.084795321637426896e-01 2.923976608187134557e-04 3.216374269005848122e-03 4.798245614035087647e-01 1.198830409356725114e-02 2.923976608187134557e-04 2.923976608187134557e-04 2.923976608187134557e-04 3.774853801169590350e-01
2.283105022831050427e-04 4.360730593607306527e-02 7.785388127853881679e-02 8.242009132420091699e-02 4.089041095890411093e-01 5.958904109589041598e-02 2.283105022831050427e-04 2.283105022831050427e-04 8.926940639269406730e-02 2.376712328767123239e-01
4.074074074074073709e-02 1.922558922558922634e-01 4.649831649831649427e-01 3.063973063973063696e-02 2.053872053872053682e-02 7.070707070707071135e-03 3.703703703703703845e-03 3.367003367003367181e-04 3.367003367003367181e-04 2.393939393939393812e-01
2.164502164502164500e-04 4.545454545454545234e-03 3.963203463203462951e-01 1.536796536796536730e-02 1.536796536796536730e-02 4.545454545454545234e-03 1.452380952380952217e-01 2.164502164502164500e-04 2.164502164502164500e-04 4.179653679653679288e-01
6.092124814264485676e-03 1.485884101040118742e-04 7.208023774145615459e-01 1.649331352154531638e-02 6.092124814264485676e-03 1.634472511144130589e-03 7.295690936106982716e-02 1.634472511144130589e-03 2.838038632986626675e-02 1.457652303120356152e-01
2.739726027397260621e-04 3.013698630136986412e-03 3.454794520547945225e-01 2.739726027397260621e-04 2.739726027397260621e-04 1.397260273972602586e-02 1.920547945205479390e-01 1.536986301369863139e-01 2.739726027397260621e-04 2.906849315068493200e-01
4.007633587786259798e-03 1.700381679389312839e-01 3.646946564885495956e-01 1.927480916030534230e-02 6.698473282442748977e-02 1.908396946564885476e-04 1.223282442748091503e-01 5.916030534351145002e-03 1.908396946564885476e-04 2.463740458015267198e-01
2.879581151832461081e-03 1.075916230366492227e-01 3.510471204188481686e-01 2.227748691099476208e-01 2.617801047120419116e-04 2.617801047120419116e-04 1.547120418848167700e-01 2.617801047120419116e-04 4.476439790575916650e-02 1.154450261780104736e-01
2.469135802469135861e-04 1.506172839506172804e-02 3.780246913580246892e-01 2.469135802469135861e-04 4.716049382716049759e-02 2.740740740740740811e-02 2.469135802469135861e-04 3.681481481481481133e-01 2.469135802469135861e-04 1.632098765432098697e-01
1.661129568106312385e-04 3.671096345514950066e-02 7.011627906976745095e-01 1.661129568106312385e-04 1.661129568106312385e-04 1.661129568106312385e-04 3.671096345514950066e-02 1.661129568106312385e-04 7.823920265780731631e-02 1.463455149501660946e-01
3.921568627450981314e-04 6.705882352941178182e-02 5.768627450980392535e-01 3.921568627450981314e-04 3.921568627450981314e-04 3.921568627450981314e-04 5.921568627450980726e-02 3.921568627450981314e-04 2.000000000000000042e-02 2.749019607843137258e-01
6.603773584905660646e-03 1.603773584905660368e-02 6.827044025157232854e-01 1.289308176100628818e-02 3.144654088050314851e-04 3.144654088050314851e-04 3.144654088050314851e-04 2.547169811320754498e-02 3.144654088050314851e-04 2.550314465408805020e-01
2.494331065759637558e-03 2.267573696145124831e-04 7.052154195011338389e-02 6.598639455782313867e-02 2.494331065759637558e-03 2.267573696145124831e-04 2.267573696145124831e-04 2.267573696145124831e-04 6.464852607709751231e-01 2.111111111111111105e-01
6.458333333333333287e-03 2.083333333333333467e-04 4.085416666666666363e-01 2.083333333333333467e-04 2.083333333333333467e-04 1.062499999999999903e-02 2.083333333333333467e-04 2.083333333333333467e-04 2.083333333333333467e-04 5.731249999999999956e-01
4.382470119521913489e-03 1.039840637450199362e-01 6.298804780876494647e-01 3.984063745019921009e-04 4.023904382470119834e-02 3.984063745019921009e-04 1.235059760956175486e-02 3.984063745019921009e-04 3.984063745019921009e-04 2.075697211155378696e-01
1.161048689138576874e-02 3.782771535580524425e-02 4.119850187265917604e-03 3.745318352059925243e-04 3.745318352059925243e-04 3.745318352059925243e-04 3.745318352059925243e-04 3.745318352059925243e-04 7.456928838951311089e-01 1.988764044943820142e-01
1.151241534988713296e-02 2.257336343115124290e-04 5.194130925507900454e-01 2.257336343115124290e-04 2.257336343115124290e-04 2.257336343115124290e-04 1.785553047404063176e-01 2.257336343115124290e-04 2.257336343115124290e-04 2.891647855530473654e-01
1.338688085676037541e-04 1.338688085676037541e-04 2.866131191432396141e-01 1.338688085676037541e-04 1.485943775100401557e-02 1.338688085676037541e-04 5.074966532797858809e-01 1.472556894243641458e-03 5.100401606425702949e-02 1.380187416331994654e-01
2.300380228136881394e-02 1.901140684410645998e-04 5.058935361216729820e-01 1.920152091254752336e-02 1.159695817490494045e-02 1.901140684410645998e-04 4.771863117870722010e-02 4.391634980988592257e-02 5.893536121673002837e-03 3.423954372623573272e-01
3.653968253968253865e-01 3.174603174603174600e-04 2.066666666666666374e-01 3.174603174603174600e-04 3.492063492063492494e-03 3.174603174603174600e-04 4.476190476190475970e-02 3.174603174603174600e-04 3.174603174603174600e-04 3.780952380952380953e-01
2.881844380403458350e-04 6.080691642651297329e-02 3.170028818443804131e-03 5.504322766570605291e-02 3.487031700288184544e-02 1.181556195965417777e-02 2.881844380403458350e-04 1.181556195965417777e-02 3.374639769452449367e-01 4.844380403458213302e-01
5.366666666666666807e-02 3.333333333333333764e-04 4.169999999999999818e-01 3.333333333333333764e-04 2.699999999999999969e-02 3.333333333333333764e-04 7.033333333333334492e-02 3.333333333333333764e-04 3.333333333333333764e-04 4.303333333333332900e-01
1.879699248120300864e-04 3.966165413533834921e-02 6.580827067669173802e-01 5.845864661654135569e-02 1.879699248120300864e-04 1.879699248120300864e-04 5.093984962406015310e-02 1.879699248120300864e-04 1.879699248120300864e-04 1.919172932330827086e-01
1.492537313432835565e-04 1.805970149253731047e-02 6.299999999999998934e-01 3.447761194029850401e-02 3.134328358208954713e-03 1.492537313432835565e-04 1.180597014925372917e-01 1.492537313432835565e-04 1.492537313432835565e-04 1.956716417910447370e-01
2.967359050445104291e-04 3.264094955489614449e-03 7.272997032640949877e-01 2.967359050445104291e-04 6.231454005934717981e-03 2.403560830860533917e-02 7.151335311572701303e-02 2.967359050445104291e-04 1.216617210682492504e-02 1.545994065281899033e-01
3.952569169960474800e-04 3.952569169960474800e-04 6.090909090909091272e-01 3.952569169960474800e-04 3.952569169960474800e-04 3.952569169960474800e-04 4.347826086956522659e-03 3.952569169960474800e-04 3.952569169960474800e-04 3.837944664031620601e-01
2.401746724890829830e-03 2.183406113537117953e-04 1.770742358078602474e-01 2.183406113537117953e-04 3.844978165938864323e-01 6.768558951965065844e-03 2.183406113537117953e-04 2.183406113537117953e-04 3.515283842794759972e-02 3.932314410480349243e-01
9.360000000000000264e-02 1.309333333333333460e-01 1.762666666666666548e-01 2.666666666666666794e-04 1.416000000000000036e-01 4.826666666666667299e-02 1.093333333333333310e-02 2.666666666666666794e-04 2.933333333333333365e-03 3.949333333333333029e-01
1.148459383753501310e-02 2.801120448179272057e-04 5.661064425770307995e-01 2.801120448179272057e-04 2.801120448179272057e-04 2.801120448179272057e-04 7.871148459383753293e-02 7.310924369747899554e-02 2.801120448179272057e-04 2.691876750700279985e-01
2.583979328165375003e-04 2.583979328165375003e-04 1.914728682170542540e-01 1.576227390180878415e-02 3.594315245478035825e-01 1.576227390180878415e-02 2.018087855297157340e-01 2.609819121447028503e-02 2.583979328165375003e-04 1.888888888888888840e-01
1.650165016501650185e-04 1.650165016501650185e-04 5.991749174917492260e-01 6.765676567656765325e-03 4.306930693069307287e-02 3.465346534653465389e-03 1.486798679867986639e-01 1.666666666666666644e-02 1.650165016501650185e-04 1.816831683168316780e-01
1.223880597014925277e-02 2.985074626865671672e-04 5.017910447761193549e-01 1.346268656716417822e-01 2.985074626865671672e-04 2.985074626865671672e-04 1.286567164179104605e-01 2.985074626865671672e-04 2.985074626865671672e-04 2.211940298507462654e-01
1.379182156133829107e-01 3.717472118959108283e-04 3.646840148698884398e-01 3.717472118959108283e-04 1.895910780669144910e-02 3.717472118959108283e-04 3.382899628252788310e-02 3.717472118959108283e-04 1.895910780669144910e-02 4.241635687732341897e-01
1.481481481481481191e-04 1.481481481481481191e-04 6.579259259259258030e-01 1.481481481481481191e-04 1.644444444444444209e-02 9.037037037037034398e-03 8.014814814814813504e-02 1.644444444444444209e-02 9.037037037037034398e-03 2.105185185185184660e-01
2.631578947368421535e-04 2.631578947368421535e-04 3.528947368421053166e-01 2.894736842105263743e-03 2.894736842105263743e-03 1.078947368421052759e-02 2.739473684210526616e-01 2.894736842105263743e-03 8.157894736842107031e-03 3.450000000000000289e-01
1.391566265060241170e-01 6.024096385542169205e-04 6.084337349397590106e-02 1.030120481927710996e-01 1.391566265060241170e-01 1.331325301204819289e-01 6.024096385542169205e-04 6.024096385542169205e-04 1.331325301204819289e-01 2.897590361445783191e-01
3.115264797507788291e-04 3.115264797507788291e-04 4.426791277258566581e-01 9.657320872274144027e-03 3.115264797507788291e-04 3.146417445482865838e-02 1.747663551401869297e-01 8.130841121495327450e-02 3.115264797507788291e-04 2.588785046728971917e-01
2.375979112271540267e-02 2.610966057441253189e-04 2.091383812010443599e-01 1.070496083550913705e-02 1.177545691906005249e-01 2.610966057441253189e-04 1.934725848563968453e-01 2.352480417754569120e-01 1.070496083550913705e-02 1.986945169712793502e-01
9.550264550264550567e-02 1.457671957671957674e-01 8.756613756613756960e-02 3.730158730158730090e-02 2.645502645502645681e-04 2.142857142857142877e-02 2.357142857142857095e-01 1.457671957671957674e-01 2.645502645502645681e-04 2.304232804232804188e-01
3.247311827956989028e-02 2.150537634408602149e-04 2.668817204301074941e-01 2.150537634408602149e-04 1.741935483870967610e-02 2.150537634408602149e-04 1.526881720430107482e-02 1.744086021505376338e-01 5.612903225806451651e-02 4.367741935483870908e-01
2.597402597402597400e-04 2.597402597402597400e-04 1.561038961038961059e-01 4.961038961038961165e-02 2.597402597402597400e-04 2.597402597402597400e-04 2.597402597402597400e-04 3.742857142857142771e-01 6.000000000000000472e-02 3.587012987012986875e-01
1.445086705202312230e-04 7.369942196531791695e-03 6.171965317919075877e-01 1.445086705202312230e-04 1.445086705202312230e-04 1.445086705202312230e-04 1.634393063583814976e-01 2.904624277456647682e-02 1.445086705202312230e-04 1.822254335260115599e-01
1.648936170212765909e-02 5.319148936170212854e-04 1.707446808510638403e-01 5.372340425531915015e-02 2.664893617021276695e-01 1.920212765957446943e-01 5.319148936170212854e-04 5.319148936170212854e-04 5.851063829787234681e-03 2.930851063829787440e-01
2.932551319648093839e-04 2.932551319648093839e-04 5.662756598240469286e-01 2.932551319648093839e-04 6.158357771260997496e-03 2.932551319648093839e-04 1.469208211143694931e-01 2.961876832844574647e-02 2.932551319648093839e-04 2.495601173020527697e-01
3.092783505154639463e-03 1.472754050073637891e-04 2.696612665684830490e-01 3.092783505154639463e-03 1.695139911634756802e-01 1.472754050073637891e-04 4.625920471281296242e-01 4.138438880706921813e-02 1.472754050073637891e-04 5.022091310751104765e-02
1.333333333333333397e-04 1.333333333333333397e-04 4.521333333333333870e-01 1.466666666666666683e-03 1.079999999999999884e-02 1.333333333333333397e-04 2.214666666666666728e-01 7.080000000000000182e-02 1.333333333333333397e-04 2.427999999999999881e-01
6.129629629629630011e-02 1.851851851851852031e-04 4.872222222222222787e-01 1.851851851851852031e-04 1.851851851851852031e-04 1.851851851851852031e-04 1.409259259259259267e-01 2.611111111111110925e-02 1.851851851851852031e-04 2.835185185185185031e-01
2.599999999999999881e-02 2.974285714285714310e-01 1.402857142857142914e-01 3.602857142857142647e-01 2.857142857142857357e-04 2.857142857142857357e-04 2.857142857142857357e-04 2.857142857142857357e-04 2.857142857142857357e-04 1.745714285714285718e-01
2.782369146005509580e-02 2.754820936639118751e-04 1.407713498622589487e-01 3.608815426997245140e-02 1.680440771349862167e-02 3.333333333333333287e-02 3.666666666666666408e-01 2.754820936639118751e-04 1.680440771349862167e-02 3.611570247933884037e-01
1.637254901960784326e-01 8.202614379084967322e-02 9.836601307189543619e-02 2.846405228758169814e-01 3.267973856209150643e-04 3.267973856209150643e-04 3.267973856209150643e-04 3.267973856209150643e-04 1.339869281045751558e-02 3.565359477124182552e-01
4.496788008565310614e-03 2.141327623126338504e-04 2.100642398286937662e-01 2.141327623126338504e-04 4.518201284796573985e-02 2.141327623126338504e-04 4.434689507494646299e-01 6.873661670235546584e-02 2.141327623126338504e-04 2.271948608137044912e-01
1.785714285714285713e-04 1.785714285714285713e-04 5.519642857142857961e-01 1.785714285714285713e-04 1.785714285714285713e-04 1.785714285714285713e-04 2.251785714285714224e-01 7.339285714285714857e-02 1.785714285714285713e-04 1.483928571428571319e-01
2.363281249999999931e-02 1.953125000000000108e-04 1.857421874999999889e-01 1.386718749999999931e-02 9.589843750000000278e-02 1.972656249999999931e-02 2.267578124999999889e-01 2.949218749999999931e-02 1.953125000000000108e-04 4.044921874999999889e-01
2.044989775051124774e-04 1.042944785276073497e-02 4.501022494887525482e-01 2.269938650306748545e-02 6.339468302658486827e-03 1.247443762781185947e-02 3.744376278118609069e-01 8.384458077709610463e-03 2.044989775051124774e-04 1.147239263803681020e-01
1.189381933438985739e-01 1.664025356576862187e-03 4.002377179080824354e-01 2.226624405705229792e-02 9.587955625990490782e-03 7.923930269413629462e-05 2.456418383518225133e-03 7.210776545166401943e-03 7.923930269413629462e-05 4.374801901743264887e-01
8.400621118012423227e-02 4.208074534161490576e-02 4.673913043478260948e-02 7.919254658385091808e-03 1.880434782608695621e-01 2.408385093167701718e-01 1.552795031055900679e-04 7.003105590062111419e-02 1.552795031055900679e-04 3.200310559006210864e-01
1.580459770114942724e-03 1.436781609195402279e-04 1.984195402298850608e-01 1.436781609195402279e-04 2.228448275862068839e-01 1.436781609195402279e-04 4.455459770114942875e-01 6.479885057471264365e-02 1.436781609195402279e-04 6.623563218390804419e-02
1.740614334470989497e-02 7.167235494880546363e-03 2.733788395904436785e-01 3.412969283276450546e-04 2.764505119453924964e-02 1.399317406143344572e-02 2.255972696245733544e-01 7.542662116040955989e-02 3.412969283276450546e-04 3.587030716723549340e-01
2.016129032258064243e-04 2.036290322580644463e-02 6.514112903225804940e-01 2.016129032258064243e-04 2.016129032258064243e-04 2.016129032258064243e-04 7.076612903225805440e-02 2.016129032258064243e-04 8.266129032258061338e-03 2.481854838709676714e-01
3.009950248756218874e-02 2.487562189054726754e-04 3.087064676616915193e-01 7.711442786069651854e-03 2.761194029850746329e-02 2.487562189054726754e-04 1.470149253731343197e-01 1.196517412935323432e-01 2.487562189054726754e-04 3.584577114427860423e-01
2.212389380530973692e-04 3.119469026548672350e-02 4.537610619469026330e-01 8.207964601769911217e-02 2.212389380530973692e-04 2.212389380530973692e-04 1.794247787610619427e-01 4.646017699115044183e-03 2.212389380530973692e-04 2.480088495575221152e-01
1.644736842105263121e-04 1.809210526315789677e-03 4.623355263157895023e-01 1.644736842105263121e-04 1.644736842105263121e-04 1.644736842105263121e-04 2.797697368421052655e-01 1.003289473684210523e-02 1.825657894736841882e-02 2.271381578947368196e-01
2.597402597402597400e-04 3.924675324675324650e-01 1.067532467532467527e-01 1.584415584415584458e-02 2.597402597402597400e-04 2.597402597402597400e-04 2.597402597402597400e-04 1.872727272727272574e-01 2.857142857142857574e-03 2.937662337662337309e-01
1.855287569573284051e-04 3.896103896103896101e-03 5.437847866419295295e-01 1.855287569573284051e-04 3.543599257884972459e-02 1.855287569573284051e-04 1.987012987012986842e-01 6.512059369202226333e-02 1.855287569573284051e-04 1.523191094619665842e-01
2.141327623126337962e-04 2.141327623126337962e-04 6.576017130620983586e-01 2.141327623126337962e-04 2.141327623126337962e-04 2.141327623126337962e-04 1.051391862955031870e-01 2.376873661670234755e-02 1.520342612419699722e-02 1.972162740899356947e-01
1.084470989761092130e-01 5.204778156996586920e-03 4.855802047781569986e-01 1.791808873720136591e-03 1.544368600682593899e-02 3.498293515358361430e-03 1.459044368600682755e-02 8.532423208191126365e-05 2.056313993174061633e-02 3.447952218430034299e-01
7.322515212981743626e-02 2.028397565922920593e-04 5.904665314401621456e-01 2.028397565922920593e-04 2.028397565922920593e-04 2.028397565922920593e-04 5.294117647058822762e-02 3.671399594320486071e-02 3.062880324543609811e-02 2.152129817444218551e-01
3.046251993620414933e-02 1.594896331738436957e-04 1.803827751196172280e-01 2.408293460925039695e-02 3.462519936204146442e-01 8.133971291866028130e-03 1.118022328548644306e-01 1.594896331738436957e-04 1.610845295055821427e-02 2.824561403508771829e-01
9.622093023255814948e-02 2.063953488372093081e-02 2.183139534883720700e-01 2.645348837209302376e-02 2.906976744186046471e-04 2.906976744186046471e-04 2.822674418604650959e-01 6.104651162790697590e-03 1.107558139534883801e-01 2.386627906976744040e-01
2.538071065989847843e-04 1.548223350253806994e-02 2.538071065989847843e-04 2.538071065989847843e-04 3.581218274111674926e-01 2.538071065989847843e-04 4.901015228426395809e-01 2.538071065989847843e-04 2.538071065989847843e-04 1.347715736040609180e-01
1.703577512776831531e-04 1.703577512776831531e-04 3.664395229982964075e-01 1.703577512776831531e-04 4.105621805792163820e-02 1.873935264054514549e-03 3.408858603066439175e-01 1.720613287904599470e-02 1.873935264054514549e-03 2.301533219761499049e-01
1.703457446808510634e-01 1.210106382978723416e-02 2.873670212765957466e-01 1.329787234042553213e-04 5.997340425531914876e-02 1.329787234042553213e-04 1.184840425531914765e-01 1.329787234042553213e-04 1.329787234042553213e-04 3.511968085106383364e-01
3.032573289902280034e-01 6.547231270358307154e-02 3.257328990228013175e-04 2.348534201954397271e-01 1.986970684039087928e-02 3.257328990228013175e-04 3.257328990228013175e-04 3.257328990228013175e-04 3.257328990228013175e-04 3.749185667752442663e-01
4.938650306748466889e-02 1.257668711656441569e-02 2.487730061349693045e-01 4.205521472392637627e-01 3.067484662576687297e-04 3.067484662576687297e-04 3.374233128834356298e-03 3.067484662576687297e-04 3.374233128834356298e-03 2.610429447852760654e-01
3.559322033898305350e-03 1.694915254237288249e-04 4.340677966101695318e-01 1.542372881355932174e-02 1.881355932203389661e-02 8.644067796610168525e-03 4.103389830508474279e-01 1.694915254237288249e-04 1.694915254237288249e-04 1.086440677966101637e-01
2.035781544256120290e-01 3.954802259887005463e-03 3.410546139359698636e-01 1.883239171374764570e-04 4.161958568738229752e-02 1.883239171374764570e-04 7.928436911487758698e-02 2.071563088512241163e-03 1.883239171374764570e-04 3.278719397363464849e-01
4.428969359331476341e-02 2.881460848034663944e-02 3.095017022593624545e-05 5.379449086969978477e-01 1.922005571030640722e-02 3.283813060971835229e-02 3.095017022593624545e-05 1.244506344784896412e-01 4.243268337975858451e-02 1.699473847106159063e-01
3.286384976525820976e-03 7.057902973395929758e-02 1.721439749608763472e-03 1.564945226917057776e-04 4.586854460093896524e-01 1.564945226917057776e-04 2.755868544600938441e-01 2.050078247261345396e-02 1.111111111111110807e-02 1.582159624413145282e-01
2.444444444444444833e-03 4.244444444444444436e-02 2.113333333333333175e-01 2.222222222222222329e-04 1.799999999999999864e-02 2.222222222222222329e-04 2.846666666666666790e-01 1.757777777777777550e-01 2.222222222222222329e-04 2.646666666666666612e-01
1.444022770398481759e-01 1.897533206831119527e-04 1.918406072106261795e-01 1.897533206831119527e-04 5.901328273244781791e-02 1.897533206831119527e-04 1.897533206831119527e-04 3.055028462998102615e-02 1.897533206831119527e-04 5.732447817836812121e-01
6.095764272559853203e-02 1.841620626151013122e-04 2.174953959484346167e-01 1.675874769797421754e-02 1.307550644567219075e-02 1.841620626151013122e-04 1.254143646408839574e-01 7.550644567219152309e-03 6.095764272559853203e-02 4.974217311233886107e-01
3.936567164179104183e-02 1.865671641791044524e-04 7.240671641791043278e-01 1.865671641791044524e-04 1.865671641791044524e-04 1.865671641791044524e-04 7.667910447761192017e-02 1.865671641791044524e-04 1.865671641791044524e-04 1.587686567164178775e-01
1.314060446780551824e-04 5.387647831800261231e-03 7.346911957950065242e-01 1.314060446780551824e-04 1.314060446780551824e-04 5.387647831800261231e-03 1.170827858081471551e-01 6.701708278580813596e-03 1.314060446780551824e-04 1.302233902759526718e-01
