9.602169981916817976e-02 1.808318264014466541e-04 3.453887884267631270e-02 1.882459312839059595e-01 1.808318264014466541e-04 3.797468354430380034e-03 1.448462929475587690e-01 1.808318264014466541e-04 1.755877034358046818e-01 1.808318264014466541e-04 1.808318264014466541e-04 1.808318264014466541e-04 1.808318264014466541e-04 1.103074141048824598e-02 8.336347197106691587e-02 1.808318264014466541e-04 2.370705244122965627e-01 9.222423146473777977e-03 5.605786618444846305e-03 9.222423146473777977e-03
2.168749999999999567e-01 4.604166666666666130e-02 2.083333333333333196e-04 6.458333333333332420e-03 2.585416666666666141e-01 2.083333333333333196e-04 2.083333333333333196e-04 2.083333333333333196e-04 1.606249999999999623e-01 2.083333333333333196e-04 2.083333333333333196e-04 2.937499999999999487e-02 1.479166666666666477e-02 1.895833333333333051e-02 2.729166666666666199e-02 2.083333333333333196e-04 6.687499999999999001e-02 1.272916666666666641e-01 2.520833333333332912e-02 2.083333333333333196e-04
6.043276661514682124e-02 3.245749613601236257e-03 6.336939721792888246e-03 1.114374034003090957e-01 6.352395672333847887e-02 6.506955177743430074e-02 6.506955177743430074e-02 1.545595054095826699e-04 8.207109737248839687e-02 1.545595054095826699e-04 1.545595054095826699e-04 1.406491499227202104e-02 1.251931993817619569e-02 1.700154559505409396e-03 3.879443585780525255e-02 1.700154559505409396e-03 2.845440494590416591e-01 4.034003091190107443e-02 1.545595054095826699e-04 1.485316846986089179e-01
7.330097087378641130e-02 1.019417475728155373e-02 4.854368932038835289e-04 5.339805825242719198e-03 1.364077669902912793e-01 2.966019417475728170e-01 4.854368932038835289e-04 4.854368932038835289e-04 7.815533980582524409e-02 4.854368932038835289e-04 4.854368932038835289e-04 4.854368932038835289e-04 5.339805825242719198e-03 4.854368932038835289e-04 4.854368932038835289e-04 4.854368932038835289e-04 6.359223300970873183e-02 6.844660194174756462e-02 4.854368932038835289e-04 2.577669902912621547e-01
9.002493765586032370e-02 5.012468827930173509e-02 2.493765586034912005e-04 2.743142144638403314e-03 1.972568578553615393e-01 1.847880299251869751e-01 2.493765586034912005e-04 2.493765586034912005e-04 1.274314214463840023e-01 2.493765586034912005e-04 2.768079800498752380e-02 2.493765586034912005e-04 5.236907730673315102e-03 2.493765586034912005e-04 2.493765586034912005e-04 2.493765586034912005e-04 2.493765586034912005e-04 1.423940149625934903e-01 2.493765586034912005e-04 1.698254364089774870e-01
8.838709677419352706e-02 2.172043010752687520e-02 2.150537634408601878e-04 9.698924731182793912e-02 2.365591397849461930e-03 2.150537634408601878e-04 1.894623655913977855e-01 2.150537634408601878e-04 4.537634408602149449e-02 6.666666666666665360e-03 2.365591397849461930e-03 2.150537634408601878e-04 4.107526881720429540e-02 2.365591397849461930e-03 2.817204301075268078e-02 2.150537634408601878e-04 2.582795698924730265e-01 8.623655913978492404e-02 2.150537634408601878e-04 1.292473118279569566e-01
1.335042735042734630e-01 1.709401709401709129e-04 1.709401709401709129e-04 6.854700854700854218e-02 3.094017094017093711e-02 1.709401709401709129e-04 7.880341880341878991e-02 3.589743589743589307e-03 1.745299145299144816e-01 1.709401709401709129e-04 1.709401709401709129e-04 1.709401709401709129e-04 1.709401709401709129e-04 1.709401709401709129e-04 1.213675213675213457e-02 1.042735042735042431e-02 4.309401709401708414e-01 5.487179487179486698e-02 1.709401709401709129e-04 1.709401709401709129e-04
1.456081081081080919e-01 3.378378378378378024e-04 3.716216216216215989e-03 5.777027027027026307e-02 2.060810810810810231e-02 2.739864864864864358e-01 3.378378378378378024e-04 3.378378378378378024e-04 7.128378378378377733e-02 1.050675675675675491e-01 3.378378378378378024e-04 3.378378378378378024e-04 3.378378378378378024e-04 3.378378378378378024e-04 3.378378378378378024e-04 3.378378378378378024e-04 1.219594594594594350e-01 9.155405405405403485e-02 3.378378378378378024e-04 1.050675675675675491e-01
1.870370370370370017e-01 3.535353535353534700e-03 6.902356902356900255e-03 1.683501683501683320e-04 7.760942760942760033e-02 1.011784511784511592e-01 1.683501683501683320e-04 1.683501683501683320e-04 1.516835016835016425e-01 1.683501683501683320e-04 1.683501683501683320e-04 1.851851851851851706e-03 1.700336700336699952e-02 1.683501683501683320e-04 1.683501683501683320e-04 6.902356902356900255e-03 2.240740740740740089e-01 1.112794612794612420e-01 1.683501683501683320e-04 1.095959595959595662e-01
6.098130841121494894e-02 2.570093457943925259e-03 2.336448598130840947e-04 3.528037383177569375e-02 5.163551401869158342e-02 2.336448598130840947e-04 2.336448598130840947e-04 2.336448598130840947e-04 2.105140186915887557e-01 2.336448598130840947e-04 2.336448598130840947e-04 2.336448598130840947e-04 2.336448598130840947e-04 2.570093457943925259e-03 1.658878504672896964e-02 4.929906542056074203e-02 3.413551401869158175e-01 1.170560747663551282e-01 2.336448598130840947e-04 1.100467289719626041e-01
2.363829787234042468e-01 3.212765957446808707e-02 2.127659574468085358e-04 1.810638297872340374e-01 8.723404255319148343e-03 2.127659574468085358e-04 2.127659574468085358e-04 1.085106382978723305e-02 2.148936170212766006e-02 1.085106382978723305e-02 2.999999999999999889e-02 2.127659574468085358e-04 3.425531914893617524e-02 2.127659574468085358e-04 1.510638297872340420e-02 2.127659574468085358e-04 2.831914893617021312e-01 1.300000000000000044e-01 2.127659574468085358e-04 4.468085106382978927e-03
1.283765347885402197e-01 5.593451568894951265e-03 4.229195088676670870e-03 1.706684856753069301e-01 1.500682128240108998e-03 9.686221009549793315e-03 3.151432469304228656e-02 1.364256480218280882e-04 1.338335607094133517e-01 1.364256480218280882e-04 1.364256480218280882e-04 1.364256480218280882e-04 1.364256480218280882e-04 1.364256480218280882e-04 1.364256480218280882e-04 1.364256480218280882e-04 4.789904502046384294e-01 2.605729877216916499e-02 8.321964529331512053e-03 1.364256480218280882e-04
1.535279805352797733e-01 1.727493917274938728e-02 2.433090024330899820e-04 7.542579075425788655e-03 4.403892944038928503e-02 4.647201946472018230e-02 2.433090024330899820e-04 2.433090024330899820e-04 1.486618004866179787e-01 2.433090024330899820e-04 3.673965936739657934e-02 1.727493917274938728e-02 2.433090024330899820e-04 2.433090024330899820e-04 2.433090024330899820e-04 2.676399026763989775e-03 3.895377128953770307e-01 7.810218978102187459e-02 9.975669099756686795e-03 4.647201946472018230e-02
9.023136246786629677e-02 2.570694087403598243e-04 2.570694087403598243e-04 6.452442159383031672e-02 7.480719794344471707e-02 2.570694087403598243e-04 1.647814910025706403e-01 2.570694087403598243e-04 1.390745501285346741e-01 6.195372750642672011e-02 2.570694087403598243e-04 3.624678663239073312e-02 2.570694087403598243e-04 2.827763496143958447e-03 2.570694087403598243e-04 2.827763496143958447e-03 2.778920308483289747e-01 8.251928020565550692e-02 2.570694087403598243e-04 2.570694087403598243e-04
7.322515212981743626e-02 2.231237322515212517e-03 2.028397565922920593e-04 1.584178498985800709e-01 1.237322515212981380e-02 2.028397565922920593e-04 6.308316430020283194e-02 2.028397565922920593e-04 1.198782961460446023e-01 2.231237322515212517e-03 2.028397565922920593e-04 2.860040567951317725e-02 2.028397565922920593e-04 2.028397565922920593e-04 2.028397565922920593e-04 2.028397565922920593e-04 5.133874239350911806e-01 2.028397565922920593e-04 2.028397565922920593e-04 2.454361054766733552e-02
1.087743732590528978e-01 1.392757660167130707e-04 1.392757660167130707e-04 1.392757660167130707e-04 1.087743732590528978e-01 1.267409470752088943e-02 2.660167130919219997e-02 1.392757660167130707e-04 4.151810584958217087e-01 8.091922005571029752e-02 2.938718662952646138e-02 4.470752089136489915e-02 1.392757660167130707e-04 1.392757660167130707e-04 1.392757660167130707e-04 1.128133704735375872e-02 7.952646239554315988e-02 7.256267409470751328e-02 8.495821727019497310e-03 1.392757660167130707e-04
8.827361563517914511e-02 3.583061889250813842e-03 6.872964169381107213e-02 3.257328990228012633e-04 1.273615635179152772e-01 3.257328990228012633e-04 3.257328990228012633e-04 3.257328990228012633e-04 3.358306188925080371e-01 3.257328990228012633e-04 3.257328990228012633e-04 1.009771986970683932e-02 3.257328990228012633e-04 3.257328990228012633e-04 3.257328990228012633e-04 3.257328990228012633e-04 1.859934853420195100e-01 1.338762214983713061e-01 4.267100977198696327e-02 3.257328990228012633e-04
6.319612590799029983e-02 2.421307506053268230e-04 2.663438256658595162e-03 1.479418886198546890e-01 2.421307506053268230e-04 2.663438256658595162e-03 2.445520581113800815e-02 2.421307506053268230e-04 1.648910411622275529e-01 7.506053268765131188e-03 2.421307506053268230e-04 1.719128329297820237e-02 5.084745762711863175e-03 2.421307506053268230e-04 1.234866828087166635e-02 2.421307506053268230e-04 5.256658595641644505e-01 2.421307506053268230e-04 1.234866828087166635e-02 1.234866828087166635e-02
4.038961038961039196e-02 3.389610389610389629e-02 2.727272727272727487e-03 2.988311688311688363e-01 3.519480519480519543e-02 1.298701298701298700e-04 1.118181818181818166e-01 9.753246753246752609e-02 4.818181818181818676e-02 1.298701298701298700e-04 5.324675324675324020e-03 1.298701298701298700e-04 8.714285714285713302e-02 1.298701298701298700e-04 9.220779220779219687e-03 1.298701298701298700e-04 1.079220779220779192e-01 6.376623376623376249e-02 5.727272727272727376e-02 1.298701298701298700e-04
1.757777777777777550e-01 5.800000000000000294e-02 7.355555555555555458e-02 2.157777777777777628e-01 2.222222222222222329e-04 2.222222222222222329e-04 7.577777777777777724e-02 2.222222222222222329e-04 2.222222222222222329e-04 2.222222222222222329e-04 2.222222222222222329e-04 2.222222222222222329e-04 2.222222222222222329e-04 2.222222222222222329e-04 6.244444444444444825e-02 2.466666666666666660e-02 2.135555555555555540e-01 6.466666666666666397e-02 3.355555555555555375e-02 2.222222222222222329e-04
8.288770053475936345e-03 1.179144385026738018e-01 2.941176470588235687e-03 6.978609625668449890e-02 5.106951871657754161e-02 2.673796791443850329e-04 1.898395721925133506e-02 2.673796791443850329e-04 2.673796791443850329e-04 8.288770053475936345e-03 2.673796791443850329e-04 2.673796791443850329e-04 7.780748663101604012e-02 2.673796791443850329e-04 6.443850267379679086e-02 8.288770053475936345e-03 9.652406417112299741e-02 1.446524064171123003e-01 4.839572192513369453e-02 2.810160427807486538e-01
9.426605504587154405e-02 1.169724770642201553e-02 4.816513761467889308e-03 3.692660550458715107e-02 1.814220183486238147e-01 2.293577981651376003e-04 2.293577981651376003e-04 2.293577981651376003e-04 8.050458715596330028e-02 7.110091743119265582e-03 3.692660550458715107e-02 2.502293577981650752e-01 2.522935779816513468e-03 2.522935779816513468e-03 2.293577981651376003e-04 2.293577981651376003e-04 1.034403669724770491e-01 1.103211009174311780e-01 1.399082568807339180e-02 6.215596330275229009e-02
2.698412698412698194e-02 5.291005291005291362e-04 3.227513227513227612e-02 6.402116402116402039e-02 5.820105820105820824e-03 5.291005291005291362e-04 3.756613756613756683e-02 1.111111111111111154e-02 1.169312169312169414e-01 1.328042328042328135e-01 1.111111111111111154e-02 2.756613756613756627e-01 5.291005291005291362e-04 4.285714285714285754e-02 5.291005291005291362e-04 2.169312169312169122e-02 2.068783068783068835e-01 1.111111111111111154e-02 5.291005291005291362e-04 5.291005291005291362e-04
4.912587412587413049e-02 1.748251748251748250e-04 5.262237762237762656e-02 4.912587412587413049e-02 9.632867132867133086e-02 3.638111888111887904e-01 1.748251748251748250e-04 1.748251748251748250e-04 2.290209790209790305e-02 9.632867132867133086e-02 1.748251748251748250e-04 3.671328671328671651e-03 1.748251748251748250e-04 5.786713286713286719e-02 1.748251748251748250e-04 1.748251748251748250e-04 5.786713286713286719e-02 6.835664335664336233e-02 1.748251748251748250e-04 8.059440559440560203e-02
8.981481481481480567e-02 3.086419753086419148e-04 3.086419753086419148e-04 3.459876543209876032e-01 3.425925925925925319e-02 3.734567901234567278e-02 5.586419753086419027e-02 2.808641975308641403e-02 3.086419753086419148e-04 3.086419753086419148e-04 1.299382716049382602e-01 3.086419753086419148e-04 3.086419753086419148e-04 3.086419753086419148e-04 3.086419753086419148e-04 3.086419753086419148e-04 1.515432098765431834e-01 9.598765432098764483e-02 2.808641975308641403e-02 3.086419753086419148e-04
1.365758754863813096e-01 3.891050583657586735e-04 8.171206225680932578e-03 1.793774319066147593e-01 3.891050583657586735e-04 3.891050583657586735e-04 3.891050583657586735e-04 3.891050583657586735e-04 6.653696498054473274e-02 3.891050583657586735e-04 3.891050583657586735e-04 3.891050583657586735e-04 4.280155642023345842e-03 1.595330739299610431e-02 3.891050583657586735e-04 3.891050583657586735e-04 5.840466926070037035e-01 3.891050583657586735e-04 3.891050583657586735e-04 3.891050583657586735e-04
1.296762589928057430e-01 1.798561151079136730e-04 1.798561151079136730e-04 3.598920863309352236e-01 1.798561151079136730e-04 1.798561151079136730e-04 7.374100719424459861e-03 1.798561151079136730e-04 4.334532374100719815e-02 1.798561151079136730e-04 1.798561151079136730e-04 1.798561151079136730e-04 1.798561151079136730e-04 7.374100719424459861e-03 1.044964028776978471e-01 1.798561151079136730e-04 3.437050359712230385e-01 1.798561151079136730e-04 1.978417266187050376e-03 1.798561151079136730e-04
5.248756218905473170e-02 2.487562189054726754e-04 4.253731343283582295e-02 3.258706467661691419e-02 1.917910447761193848e-01 2.761194029850746329e-02 2.761194029850746329e-02 2.487562189054726754e-04 1.047263681592039836e-01 4.253731343283582295e-02 3.756218905472636510e-02 2.487562189054726754e-04 2.487562189054726754e-04 2.487562189054726754e-04 2.487562189054726754e-04 3.009950248756218874e-02 2.141791044776119313e-01 1.942786069651741276e-01 2.487562189054726754e-04 2.487562189054726754e-04
3.073298429319371583e-01 1.745200698080279320e-04 7.155322862129144534e-03 6.649214659685864781e-02 9.092495636998254582e-02 1.745200698080279320e-04 1.745200698080279320e-04 1.745200698080279320e-04 2.095986038394415385e-01 1.745200698080279320e-04 1.745200698080279320e-04 3.333333333333333287e-02 1.413612565445026073e-02 1.745200698080279320e-04 1.745200698080279320e-04 2.286212914485165684e-02 7.172774869109947715e-02 1.397905759162303696e-01 1.919720767888307388e-03 3.333333333333333287e-02
7.598684210526315819e-02 3.289473684210526242e-04 3.289473684210526242e-04 3.618421052631579354e-03 3.289473684210526242e-04 4.016447368421052211e-01 3.289473684210526242e-04 3.289473684210526242e-04 3.980263157894736725e-02 4.638157894736841952e-02 3.289473684210526242e-04 3.289473684210526242e-04 2.664473684210526272e-02 3.289473684210526242e-04 6.907894736842105921e-03 3.289473684210526242e-04 1.286184210526315763e-01 3.289473684210526242e-04 3.289473684210526242e-04 2.667763157894736392e-01
7.602459016393441071e-02 6.352459016393441696e-03 1.249999999999999722e-02 1.026639344262294806e-01 1.249999999999999722e-02 6.352459016393441696e-03 3.913934426229507407e-02 2.049180327868852186e-04 1.129098360655737404e-01 2.049180327868852186e-04 2.049180327868852186e-04 8.831967213114752524e-02 6.352459016393441696e-03 2.049180327868852186e-04 2.049180327868852186e-04 2.049180327868852186e-04 5.022540983606555987e-01 3.299180327868851681e-02 2.049180327868852186e-04 2.049180327868852186e-04
2.124040920716112335e-01 1.278772378516624200e-04 1.278772378516624200e-04 2.852941176470588092e-01 1.291560102301790233e-02 1.278772378516624200e-04 1.278772378516624200e-04 1.406649616368286539e-03 1.254475703324808011e-01 1.278772378516624200e-04 1.406649616368286539e-03 1.278772378516624200e-04 1.278772378516624200e-04 5.242966751918157892e-03 6.662404092071610995e-02 1.803069053708439978e-02 2.520460358056265671e-01 1.675191815856777455e-02 1.406649616368286539e-03 1.278772378516624200e-04
1.744954128440366903e-01 1.834862385321100911e-04 1.834862385321100911e-04 1.616513761467889831e-01 1.834862385321100911e-04 1.834862385321100911e-04 9.357798165137614158e-03 1.834862385321100911e-04 1.616513761467889831e-01 1.834862385321100911e-04 1.834862385321100911e-04 2.220183486238531956e-02 1.834862385321100911e-04 9.357798165137614158e-03 1.302752293577981620e-02 1.834862385321100911e-04 3.910091743119266106e-01 4.788990825688073383e-02 1.834862385321100911e-04 7.522935779816513138e-03
1.105747126436781441e-01 2.298850574712643592e-04 2.298850574712643592e-04 7.126436781609194783e-03 7.126436781609194783e-03 9.425287356321837562e-03 2.298850574712643592e-04 2.298850574712643592e-04 1.726436781609194948e-01 4.827586206896551137e-03 4.620689655172413590e-02 5.151724137931034120e-01 2.298850574712643592e-04 2.528735632183907924e-03 2.298850574712643592e-04 2.298850574712643592e-04 6.689655172413792872e-02 3.011494252873562691e-02 2.551724137931033962e-02 2.298850574712643592e-04
1.006079027355622907e-01 3.039513677811549815e-04 3.039513677811549815e-04 2.130699088145896203e-01 2.158054711246200005e-02 9.452887537993920342e-02 1.550151975683890238e-02 6.382978723404254123e-03 3.069908814589665177e-02 3.039513677811549815e-04 3.039513677811549815e-04 3.039513677811549815e-04 3.039513677811549815e-04 3.039513677811549815e-04 3.039513677811549815e-04 3.343465045592704851e-03 4.987841945288752910e-01 3.039513677811549815e-04 3.039513677811549815e-04 1.246200607902735180e-02
1.607717041800643123e-04 8.199356913183278653e-03 1.607717041800643123e-04 3.779742765273311766e-01 3.231511254019292512e-02 1.607717041800643123e-04 1.432475884244372999e-01 1.175241157556270039e-01 4.983922829581993383e-03 1.607717041800643123e-04 1.768488745980707462e-03 1.607717041800643123e-04 1.480707395498392087e-01 1.607717041800643123e-04 1.784565916398713620e-02 1.607717041800643123e-04 1.078778135048231446e-01 1.784565916398713620e-02 2.106109324758842494e-02 1.607717041800643123e-04
2.131955484896661257e-01 1.589825119236883935e-04 1.589825119236883935e-04 4.467408585055644005e-02 1.923688394276629535e-02 1.128775834658187621e-02 2.082670906200317917e-02 1.589825119236883935e-04 6.852146263910970092e-02 1.589825119236883935e-04 1.589825119236883935e-04 1.543720190779014345e-01 9.697933227344990650e-03 1.128775834658187621e-02 1.589825119236883935e-04 1.128775834658187621e-02 3.276629570747217612e-01 8.600953895071541955e-02 1.446740858505564387e-02 6.518282988871223864e-03
1.206818181818181540e-01 4.772727272727271368e-03 2.295454545454544623e-02 1.365909090909090684e-01 7.522727272727271208e-02 2.272727272727272183e-04 4.772727272727271368e-03 2.499999999999999618e-03 1.161363636363636070e-01 2.272727272727272183e-04 3.431818181818181018e-02 5.704545454545453115e-02 8.659090909090906563e-02 9.318181818181815734e-03 2.272727272727272183e-04 2.499999999999999618e-03 2.161363636363635710e-01 1.093181818181817866e-01 2.272727272727272183e-04 2.272727272727272183e-04
8.934782608695651662e-02 2.173913043478260679e-04 2.173913043478260679e-04 2.173913043478260679e-04 4.565217391304347318e-03 5.021739130434782483e-02 1.326086956521738830e-02 2.173913043478260679e-04 4.565217391304347318e-03 2.173913043478260679e-04 1.980434782608695155e-01 5.393478260869564167e-01 2.173913043478260679e-04 8.913043478260867375e-03 2.173913043478260679e-04 2.173913043478260679e-04 2.173913043478260679e-04 5.891304347826086668e-02 2.391304347826086855e-03 2.847826086956521327e-02
9.071925754060324032e-02 7.192575406032481605e-03 2.320185614849187676e-04 1.208816705336426822e-01 1.324825986078886075e-01 2.320185614849187676e-04 1.415313225058004339e-02 2.320185614849187676e-04 2.113689095127609663e-01 2.320185614849187676e-04 2.320185614849187676e-04 2.320185614849187676e-04 2.320185614849187676e-04 2.320185614849187676e-04 2.320185614849187676e-04 2.552204176334106796e-03 3.459396751740138609e-01 7.215777262180973761e-02 2.320185614849187676e-04 2.320185614849187676e-04
1.115898959881129193e-01 1.485884101040119013e-04 1.485884101040119013e-04 1.517087667161961251e-01 2.689450222882615316e-02 3.120356612184249818e-03 3.135215453194650781e-02 1.485884101040119013e-04 1.665676077265973165e-01 1.485884101040119013e-04 1.634472511144130806e-03 3.580980683506686940e-02 1.485884101040119013e-04 1.485884101040119013e-04 2.243684992570579503e-02 1.797919762258543691e-02 3.686478454680534589e-01 5.958395245170877014e-02 1.485884101040119013e-04 1.634472511144130806e-03
3.542035398230088394e-01 2.212389380530973692e-04 3.561946902654867381e-02 3.561946902654867381e-02 1.595132743362831784e-01 2.212389380530973692e-04 2.212389380530973692e-04 3.119469026548672350e-02 1.573008849557522015e-01 2.212389380530973692e-04 4.668141592920354438e-02 2.212389380530973692e-04 2.433628318584071196e-03 2.212389380530973692e-04 2.212389380530973692e-04 2.212389380530973692e-04 7.101769911504425548e-02 9.314159292035398274e-02 2.433628318584071196e-03 9.070796460176991025e-03
1.183417085427135307e-01 2.512562814070350928e-04 2.512562814070350928e-04 5.301507537688440741e-02 1.685929648241205336e-01 2.512562814070350928e-04 2.512562814070350928e-04 2.512562814070350928e-04 1.610552763819095012e-01 2.512562814070350928e-04 5.050251256281405865e-02 4.547738693467335419e-02 2.512562814070350928e-04 2.286432160804019453e-02 2.763819095477386238e-03 2.512562814070350928e-04 2.791457286432159624e-01 9.321608040201002920e-02 2.763819095477386238e-03 2.512562814070350928e-04
1.412587412587412369e-02 1.372027972027971832e-01 1.398601398601398329e-04 5.048951048951048209e-02 3.930069930069929329e-02 1.398601398601398329e-04 1.552447552447552143e-02 7.132867132867131560e-03 7.132867132867131560e-03 1.398601398601398329e-04 4.349650349650348996e-02 1.398601398601398329e-04 4.183216783216782697e-01 1.398601398601398329e-04 9.930069930069928760e-03 7.132867132867131560e-03 3.650349650349649783e-02 1.819580419580419106e-01 3.090909090909090690e-02 1.398601398601398329e-04
8.321033210332103025e-02 1.845018450184502062e-04 1.845018450184502062e-04 3.691881918819188146e-01 7.398523985239852108e-02 1.845018450184502062e-04 8.690036900369003947e-02 2.029520295202952296e-03 1.071955719557195624e-01 2.029520295202952296e-03 1.845018450184502062e-04 1.845018450184502062e-04 4.630996309963100049e-02 1.845018450184502062e-04 1.845018450184502062e-04 2.601476014760147407e-02 9.612546125461254864e-02 1.053505535055350578e-01 1.845018450184502062e-04 1.845018450184502062e-04
3.947257383966244482e-01 2.109704641350211010e-04 2.109704641350211010e-04 1.286919831223628553e-02 7.616033755274262407e-02 2.109704641350211010e-04 5.717299578059072129e-02 2.109704641350211010e-04 1.415611814345991426e-01 2.109704641350211010e-04 2.109704641350211010e-04 1.075949367088607604e-02 2.109704641350211010e-04 1.075949367088607604e-02 2.109704641350211010e-04 2.109704641350211010e-04 1.689873417721518833e-01 1.120253164556962028e-01 4.430379746835443229e-03 8.649789029535864815e-03
1.046997389033942349e-01 2.610966057441252647e-04 2.610966057441252647e-04 1.386422976501305027e-01 6.553524804177543461e-02 2.637075718015664816e-02 2.610966057441252647e-04 2.610966057441252647e-04 1.151436031331592447e-01 2.610966057441252647e-04 2.610966057441252647e-04 8.093994778067882881e-03 1.853785900783289087e-02 2.610966057441252647e-04 8.381201044386421550e-02 2.610966057441252647e-04 3.109660574412531631e-01 8.903394255874672036e-02 2.610966057441252647e-04 3.681462140992165788e-02
3.568904593639574824e-02 3.533568904593638879e-04 3.533568904593638879e-04 1.452296819787985693e-01 3.533568904593638879e-04 3.533568904593638879e-04 3.533568904593638879e-04 3.533568904593638879e-04 4.628975265017666596e-02 3.533568904593638879e-04 3.533568904593638879e-04 3.533568904593638879e-04 3.533568904593638879e-04 6.395759717314486448e-02 3.533568904593638879e-04 3.533568904593638879e-04 6.081272084805652289e-01 1.802120141342755666e-02 3.533568904593638879e-04 7.809187279151942607e-02
7.050781250000000278e-02 4.101562500000000173e-03 1.191406249999999931e-02 1.953125000000000108e-04 1.191406249999999931e-02 2.345703124999999889e-01 1.953125000000000108e-04 1.953125000000000108e-04 1.623046874999999889e-01 5.488281250000000278e-02 1.953125000000000108e-04 6.054687500000000173e-03 1.953125000000000108e-04 4.101562500000000173e-03 1.953125000000000108e-04 1.953125000000000108e-04 3.361328124999999889e-01 4.902343750000000278e-02 1.953125000000000108e-04 5.292968750000000278e-02
9.245810055865920363e-02 3.072625698324022141e-03 1.424581005586591891e-02 1.539106145251396551e-01 2.793296089385474625e-04 4.217877094972066060e-02 1.902234636871507900e-01 3.072625698324022141e-03 4.497206703910613945e-02 2.793296089385474625e-04 2.793296089385474625e-04 5.865921787709496224e-03 5.865921787709496224e-03 1.983240223463686794e-02 2.793296089385474625e-04 3.072625698324022141e-03 2.879888268156424180e-01 4.497206703910613945e-02 2.793296089385474625e-04 8.687150837988825980e-02
4.253731343283580907e-02 2.487562189054725670e-04 2.487562189054725670e-04 1.395522388059701191e-01 2.487562189054725670e-04 2.487562189054725670e-04 9.726368159203978292e-02 2.487562189054725670e-04 5.746268656716416873e-02 2.487562189054725670e-04 2.487562189054725670e-04 2.487562189054725670e-04 2.487562189054725670e-04 2.487562189054725670e-04 2.487562189054725670e-04 2.487562189054725670e-04 4.977611940298505844e-01 2.487562189054725670e-04 2.487562189054725670e-04 1.619402985074626378e-01
6.532507739938081537e-02 3.126934984520123723e-02 1.269349845201238336e-02 2.198142414860681029e-02 5.603715170278638497e-02 3.095975232198142600e-04 3.095975232198142600e-04 3.095975232198142600e-04 3.095975232198142600e-04 3.532507739938080538e-01 4.365325077399380416e-02 3.095975232198142600e-04 3.095975232198142600e-04 3.095975232198142600e-04 3.095975232198142600e-04 3.095975232198142600e-04 4.984520123839009803e-02 2.479876160990711897e-01 8.080495356037152577e-02 3.436532507739938069e-02
8.778801843317970977e-02 2.304147465437787474e-04 2.304147465437787474e-04 1.154377880184331573e-01 1.175115207373271520e-02 7.142857142857140899e-03 2.557603686635943896e-02 2.304147465437787474e-04 9.009216589861748781e-02 2.304147465437787474e-04 2.304147465437787474e-04 2.304147465437787474e-04 2.534562211981566168e-03 2.304147465437787474e-04 2.304147465437787474e-04 2.304147465437787474e-04 5.232718894009215083e-01 1.269585253456221030e-01 2.304147465437787474e-04 7.142857142857140899e-03
2.411965811965811890e-01 1.384615384615384484e-02 1.709401709401709400e-04 1.709401709401709400e-04 1.129914529914529814e-01 9.418803418803418925e-02 5.299145299145299574e-03 1.709401709401709400e-04 9.247863247863248592e-02 1.880341880341880557e-03 1.709401709401709400e-04 1.709401709401709400e-04 1.880341880341880557e-03 1.709401709401709400e-04 1.709401709401709400e-04 1.709401709401709400e-04 1.147008547008546847e-01 1.557264957264957173e-01 1.880341880341880557e-03 1.625641025641025583e-01
2.229545454545454330e-01 8.659090909090909338e-02 2.295454545454545317e-02 2.272727272727272725e-04 1.411363636363636431e-01 2.522727272727272665e-02 2.272727272727272725e-04 2.272727272727272725e-04 3.659090909090909755e-02 2.272727272727272725e-04 2.272727272727272725e-04 2.272727272727272725e-04 2.500000000000000052e-03 2.272727272727272725e-04 2.272727272727272725e-04 2.272727272727272725e-04 1.502272727272727093e-01 6.840909090909090551e-02 4.772727272727273103e-03 2.365909090909090740e-01
1.148997134670487197e-01 3.151862464183381469e-03 2.320916905444125877e-02 2.865329512893983153e-04 2.065902578796561528e-01 3.151862464183381469e-03 2.865329512893983153e-04 2.865329512893983153e-04 1.148997134670487197e-01 2.865329512893983153e-04 2.865329512893983153e-04 2.865329512893983153e-04 1.174785100286532789e-02 2.865329512893983153e-04 2.865329512893983153e-04 2.865329512893983153e-04 6.905444126074498923e-02 1.521489971346705050e-01 2.865329512893983153e-04 2.982808022922636138e-01
5.224913494809688141e-02 3.460207612456747835e-04 7.266435986159169858e-03 1.418685121107266314e-02 3.806228373702422348e-03 3.705882352941176072e-01 3.460207612456747835e-04 3.460207612456747835e-04 1.906574394463667887e-01 1.802768166089965540e-01 3.460207612456747835e-04 3.460207612456747835e-04 3.460207612456747835e-04 3.460207612456747835e-04 3.460207612456747835e-04 3.460207612456747835e-04 3.460207612456747835e-04 5.570934256055364020e-02 3.460207612456747835e-04 1.214532871972318351e-01
3.937007874015748519e-04 3.937007874015748519e-04 8.267716535433070751e-03 3.074803149606298858e-01 3.937007874015748519e-04 3.937007874015748519e-04 1.460629921259842534e-01 3.937007874015748519e-04 1.027559055118110326e-01 3.937007874015748519e-04 4.330708661417322775e-03 3.937007874015748519e-04 4.763779527559054705e-02 3.937007874015748519e-04 5.944881889763779098e-02 3.937007874015748519e-04 3.153543307086613678e-01 4.330708661417322775e-03 3.937007874015748519e-04 3.937007874015748519e-04
6.573770491803278271e-02 1.803278688524589946e-03 1.639344262295081695e-04 1.788524590163934058e-01 6.721311475409834542e-03 5.262295081967212351e-02 5.426229508196720591e-02 1.639344262295081695e-04 7.065573770491802297e-02 1.803278688524589946e-03 1.639344262295081695e-04 1.639344262295081695e-04 6.721311475409834542e-03 1.803278688524589946e-03 1.639344262295081695e-04 1.639344262295081695e-04 4.821311475409835734e-01 1.639344262295081695e-04 1.639344262295081695e-04 7.557377049180326323e-02
1.170560747663551143e-01 2.827102803738316961e-02 2.336448598130840676e-04 1.193925233644859557e-01 2.336448598130840676e-04 2.336448598130840676e-04 6.799065420560745920e-02 7.242990654205605852e-03 5.397196261682241786e-02 9.579439252336445498e-03 2.336448598130840676e-04 2.336448598130840676e-04 3.528037383177569375e-02 2.336448598130840676e-04 9.602803738317754190e-02 2.336448598130840676e-04 4.161214953271026862e-01 4.462616822429905927e-02 2.336448598130840676e-04 2.570093457943924825e-03
1.452941176470588236e-01 1.960784313725490386e-04 1.784313725490195915e-02 1.960784313725490386e-04 4.333333333333333481e-02 6.098039215686274633e-02 2.372549019607842966e-02 1.960784313725490386e-04 3.041176470588234926e-01 6.078431372549019870e-03 2.568627450980391982e-02 4.117647058823529702e-03 1.960784313725490386e-04 1.960784313725490386e-04 4.117647058823529702e-03 1.960784313725490386e-04 2.139215686274509587e-01 4.921568627450980532e-02 1.960784313725490386e-04 1.001960784313725566e-01
3.478571428571428092e-01 2.880952380952380570e-02 2.380952380952380679e-04 9.761904761904759836e-03 1.526190476190475986e-01 1.214285714285714100e-02 4.999999999999999237e-03 2.380952380952380679e-04 1.026190476190476097e-01 2.380952380952380679e-04 3.119047619047618514e-02 2.380952380952380679e-04 2.380952380952380679e-04 2.619047619047618937e-03 2.380952380952380679e-04 2.380952380952380679e-04 4.547619047619047561e-02 1.216666666666666591e-01 2.380952380952380679e-04 1.383333333333333082e-01
1.029801324503311077e-01 1.096026490066225045e-01 1.026490066225165323e-02 3.013245033112581933e-02 1.228476821192052842e-01 3.311258278145694819e-04 2.350993377483443295e-02 3.642384105960264681e-03 1.427152317880794608e-01 3.311258278145694819e-04 3.311258278145694819e-04 3.642384105960264681e-03 3.642384105960264681e-03 6.324503311258276861e-02 3.311258278145694819e-04 2.019867549668873802e-02 8.973509933774832803e-02 2.188741721854303990e-01 3.311258278145694819e-04 5.331125827814568729e-02
7.312072892938495383e-02 2.277904328018222802e-04 2.277904328018222802e-04 2.029612756264236317e-01 5.945330296127561420e-02 2.277904328018222802e-04 4.578587699316628151e-02 2.277904328018222802e-04 1.232346241457858427e-01 2.277904328018222802e-04 2.277904328018222802e-04 2.277904328018222802e-04 2.277904328018222802e-04 2.277904328018222802e-04 2.277904328018222802e-04 2.277904328018222802e-04 4.125284738041001265e-01 6.173120728929383516e-02 2.277904328018222802e-04 1.845102505694760225e-02
2.661870503597121504e-02 2.398081534772181765e-04 2.637889688249399778e-03 1.417266187050359449e-01 9.832134292565943012e-03 9.136690647482012539e-02 2.398081534772181765e-04 2.398081534772181765e-04 2.182254196642685259e-02 1.081534772182253940e-01 2.398081534772181765e-04 2.398081534772181765e-04 2.398081534772181765e-04 1.153477218225419376e-01 4.580335731414867523e-02 2.398081534772181765e-04 2.999999999999998779e-01 8.657074340527576295e-02 1.462829736211030719e-02 3.381294964028776218e-02
1.888243831640057935e-01 1.596516690856313644e-03 1.451378809869376064e-04 2.047895500725689377e-01 1.451378809869376064e-04 1.451378809869376064e-04 5.950653120464440698e-03 1.451378809869376064e-04 1.307692307692307487e-01 1.451378809869376064e-04 1.451378809869376064e-04 1.451378809869376064e-04 3.047895500725689329e-03 1.451378809869376064e-04 1.901306240928882230e-02 1.451378809869376064e-04 3.383164005805515129e-01 7.561683599419448398e-02 3.047895500725689329e-03 2.772133526850508248e-02
1.435279187817258550e-01 1.269035532994923650e-04 1.269035532994923650e-04 2.158629441624365097e-01 1.269035532994923650e-04 3.934010152284263262e-03 1.269035532994923650e-04 1.269035532994923650e-04 8.388324873096444922e-02 1.269035532994923650e-04 1.269035532994923650e-04 1.269035532994923650e-04 3.819796954314720605e-02 1.281725888324872914e-02 6.738578680203044513e-02 1.269035532994923650e-04 3.694162436548222850e-01 4.835025380710659265e-02 3.934010152284263262e-03 1.154822335025380495e-02
1.271820448877805133e-02 2.493765586034912547e-04 2.493765586034912547e-04 2.172069825436408474e-01 2.493765586034912547e-04 2.493765586034912547e-04 1.199501246882792860e-01 2.493765586034912547e-04 2.518703241895261374e-02 2.493765586034912547e-04 2.493765586034912547e-04 2.493765586034912547e-04 2.493765586034912547e-04 8.753117206982542753e-02 4.763092269326683198e-02 2.493765586034912547e-04 3.493765586034912052e-01 5.511221945137156908e-02 2.493765586034912547e-04 8.254364089775560742e-02
1.002439024390243960e-01 2.439024390243902708e-04 8.073170731707317305e-02 9.999999999999998473e-03 2.439024390243902708e-04 1.026829268292683006e-01 2.439024390243902708e-04 2.439024390243902708e-04 3.002439024390243794e-01 2.439024390243902708e-04 9.536585365853658680e-02 1.731707317073170535e-02 2.682926829268292897e-03 2.439024390243902708e-04 2.439024390243902708e-04 2.439024390243902708e-04 2.075609756097560876e-01 7.341463414634147311e-02 2.439024390243902708e-04 7.560975609756098205e-03
3.220820189274447021e-01 3.154574132492113251e-04 3.154574132492113251e-04 9.810725552050471310e-02 1.864353312302838850e-01 3.154574132492113251e-04 2.239747634069400029e-02 3.154574132492113251e-04 1.075709779179810643e-01 3.154574132492113251e-04 3.154574132492113251e-04 6.624605678233437718e-03 3.154574132492113251e-04 3.154574132492113251e-04 3.154574132492113251e-04 3.154574132492113251e-04 1.233438485804416174e-01 1.296529968454258608e-01 3.154574132492113251e-04 3.154574132492113251e-04
1.404109589041095500e-02 3.424657534246574827e-04 3.424657534246574827e-04 4.143835616438355102e-02 3.767123287671232581e-03 2.089041095890410357e-02 5.171232876712327647e-02 3.767123287671232581e-03 3.424657534246574827e-04 3.424657534246574827e-04 3.458904109589040071e-02 7.191780821917807300e-03 1.989726027397260011e-01 2.743150684931506267e-01 3.424657534246574827e-04 5.513698630136985857e-02 1.852739726027397005e-01 1.065068493150684720e-01 3.424657534246574827e-04 3.424657534246574827e-04
1.031319910514541111e-01 2.237136465324384305e-04 2.237136465324384305e-04 2.395973154362415480e-01 2.237136465324384305e-04 2.259507829977628127e-02 2.237136465324384305e-04 2.237136465324384305e-04 9.194630872483219863e-02 9.172259507829974567e-03 1.364653243847874231e-02 2.237136465324384305e-04 2.237136465324384305e-04 2.237136465324384305e-04 6.957494407158834604e-02 6.062639821029081749e-02 3.313199105145412937e-01 5.615212527964204975e-02 2.237136465324384305e-04 2.237136465324384305e-04
1.332943925233644744e-01 1.168224299065420474e-04 1.168224299065420474e-04 1.858644859813083916e-01 1.168224299065420474e-04 2.231308411214953311e-02 3.049065420560747447e-02 1.168224299065420474e-04 4.567757009345793651e-02 2.348130841121495033e-02 1.168224299065420474e-04 1.168224299065420474e-04 1.168224299065420474e-04 4.918224299065419858e-02 7.137850467289719170e-02 1.413551401869158654e-02 3.073598130841121434e-01 3.749999999999999861e-02 1.168224299065420474e-04 7.838785046728970196e-02
3.733475479744135517e-01 2.132196162046907950e-04 3.219616204690830402e-02 4.477611940298506857e-03 1.132196162046908011e-01 1.300639658848613649e-02 2.132196162046907950e-04 2.132196162046907950e-04 4.498933901918975714e-02 2.132196162046907950e-04 2.132196162046907950e-04 2.132196162046907950e-04 2.132196162046907950e-04 3.006396588486139748e-02 2.132196162046907950e-04 2.132196162046907950e-04 1.473347547974413196e-01 1.515991471215351327e-01 2.132196162046907950e-04 8.763326226012790876e-02
2.719798657718120460e-01 3.523489932885905986e-03 1.677852348993288771e-04 1.023489932885906020e-02 7.231543624161074213e-02 1.862416107382550146e-02 3.204697986577181162e-02 1.677852348993288771e-04 1.578859060402684478e-01 1.677852348993288771e-04 1.677852348993288771e-04 1.359060402684563774e-02 2.030201342281879109e-02 1.845637583892617648e-03 1.677852348993288771e-04 1.677852348993288771e-04 1.511744966442953031e-01 1.729865771812080510e-01 1.677852348993288771e-04 7.231543624161074213e-02
1.153256704980843012e-01 4.252873563218390746e-02 3.831417624521072924e-04 1.498084291187739558e-01 3.831417624521072924e-04 2.337164750957854142e-02 3.869731800766283702e-02 1.459770114942528785e-01 3.831417624521072924e-04 3.831417624521072924e-04 3.831417624521072924e-04 3.831417624521072924e-04 1.191570881226053646e-01 8.467432950191570995e-02 1.187739463601532666e-02 9.233716475095786469e-02 2.720306513409961532e-02 7.318007662835249172e-02 4.252873563218390746e-02 3.103448275862068922e-02
2.104347826086955947e-02 3.147826086956521247e-02 1.739130434782608543e-04 1.027826086956521584e-01 9.582608695652172770e-02 1.913043478260869398e-03 1.739130434782608543e-04 1.234782608695651936e-02 4.365217391304346967e-02 1.739130434782608543e-04 1.739130434782608543e-04 1.739130434782608543e-04 5.582608695652173381e-02 1.582608695652173644e-02 1.739130434782608543e-04 1.375652173913043119e-01 3.045217391304347321e-01 1.149565217391304017e-01 7.130434782608693726e-03 5.408695652173912266e-02
9.943342776203963063e-02 1.277620396600566144e-01 2.832861189801698983e-04 2.832861189801698983e-04 1.161473087818696431e-02 2.832861189801698983e-04 8.781869688385266631e-03 2.861189801699715735e-02 2.832861189801698983e-04 8.781869688385266631e-03 2.832861189801698983e-04 3.116147308781869098e-03 3.940509915014163145e-01 1.050991501416430329e-01 2.832861189801698983e-04 2.832861189801698983e-04 2.832861189801698983e-04 1.929178470254956645e-01 1.728045325779036315e-02 2.832861189801698983e-04
9.513888888888887008e-02 6.967592592592590506e-02 2.314814814814814361e-04 2.546296296296295635e-03 2.314814814814814361e-04 3.032407407407406580e-02 2.314814814814814361e-04 6.736111111111109384e-02 2.569444444444443643e-02 4.652777777777777207e-02 8.124999999999997502e-02 1.412037037037036646e-02 3.428240740740739478e-01 3.958333333333332454e-02 2.314814814814814361e-04 2.314814814814814361e-04 1.874999999999999584e-02 1.090277777777777513e-01 5.115740740740739451e-02 4.861111111111110321e-03
1.380471380471380051e-02 3.367003367003366639e-04 3.367003367003366639e-04 3.367003367003366639e-04 3.367003367003366639e-04 8.787878787878786180e-02 2.390572390572389891e-02 3.703703703703703411e-03 1.148148148148148001e-01 3.703703703703703411e-03 2.727272727272726793e-02 3.367003367003366639e-04 8.787878787878786180e-02 6.430976430976430291e-02 7.070707070707069400e-03 3.703703703703703411e-03 3.134680134680133956e-01 1.080808080808080690e-01 1.717171717171716780e-02 1.215488215488215312e-01
