3.564195298372512810e-01 5.605786618444845437e-03 1.808318264014466270e-04 1.808318264014466270e-04 1.808318264014466270e-04 7.414104882459310840e-03 1.808318264014466270e-04 1.808318264014466270e-04 1.103074141048824251e-02 1.808318264014466270e-04 1.808318264014466270e-04 1.808318264014466270e-04 1.808318264014466270e-04 1.808318264014466270e-04 1.808318264014466270e-04 1.808318264014466270e-04 1.989150090415912897e-03 6.889692585895115795e-02 1.954792043399637969e-01 1.808318264014466270e-04 5.985533453887883354e-02 2.007233273056057560e-02 1.808318264014466270e-04 1.394213381555153286e-01 3.634719710669077203e-02 1.808318264014466270e-04 1.808318264014466270e-04 7.414104882459310840e-03 1.808318264014466270e-04 8.698010849909582065e-02
1.891891891891891650e-02 2.600831600831600698e-01 2.079002079002079117e-04 4.365904365904366147e-03 2.079002079002079117e-04 2.079002079002079117e-04 2.307692307692307473e-02 2.079002079002079117e-04 2.079002079002079117e-04 2.079002079002079117e-04 8.523908523908522647e-03 2.079002079002079117e-04 6.444906444906445264e-03 6.881496881496881879e-02 2.079002079002079117e-04 1.476091476091476000e-02 9.376299376299376820e-02 2.079002079002079117e-04 1.582120582120581931e-01 2.079002079002079117e-04 2.079002079002079117e-04 5.841995841995842320e-02 4.365904365904366147e-03 2.079002079002079117e-04 2.767151767151767028e-01 2.079002079002079117e-04 2.079002079002079117e-04 2.079002079002079117e-04 2.079002079002079117e-04 2.079002079002079117e-04
2.239197530864197039e-01 7.731481481481480844e-02 1.837962962962962632e-01 1.543209876543209574e-04 1.543209876543209574e-04 3.240740740740740214e-03 1.558641975308641681e-02 1.697530864197530640e-03 1.697530864197530640e-03 1.543209876543209574e-04 1.543209876543209574e-04 6.327160493827158928e-03 1.867283950617283639e-02 7.422839506172838886e-02 1.697530864197530640e-03 1.543209876543209574e-04 1.543209876543209574e-04 5.725308641975308116e-02 9.274691358024690635e-02 1.543209876543209574e-04 9.413580246913577643e-03 1.543209876543209574e-04 4.783950617283950005e-03 1.004629629629629345e-01 9.274691358024690635e-02 1.543209876543209574e-04 1.543209876543209574e-04 2.330246913580246576e-02 9.413580246913577643e-03 1.543209876543209574e-04
1.260869565217391242e-01 3.913043478260869179e-02 2.951690821256038877e-01 4.830917874396135686e-04 4.830917874396135686e-04 4.830917874396135686e-04 4.830917874396135686e-04 4.830917874396135686e-04 4.830917874396135686e-04 4.879227053140096360e-02 4.830917874396135686e-04 4.830917874396135686e-04 4.830917874396135686e-04 4.830917874396135686e-04 5.314009661835749146e-03 9.227053140096619366e-02 1.497584541062801922e-02 4.830917874396135686e-04 4.830917874396135686e-04 4.830917874396135686e-04 4.830917874396135686e-04 4.830917874396135686e-04 1.980676328502415165e-02 4.830917874396135686e-04 1.743961352657004971e-01 4.830917874396135686e-04 3.913043478260869179e-02 7.294685990338163617e-02 6.328502415458936436e-02 4.830917874396135686e-04
2.487562189054725670e-04 1.644278606965173528e-01 1.818407960199004414e-01 2.487562189054725670e-04 1.766169154228855107e-02 2.487562189054725670e-04 2.487562189054725670e-04 7.711442786069650120e-03 2.487562189054725670e-04 2.512437810945272743e-02 2.487562189054725670e-04 2.736318407960198346e-03 2.736318407960198346e-03 2.487562189054725670e-04 2.487562189054725670e-04 5.497512437810943980e-02 8.980099502487559615e-02 2.487562189054725670e-04 2.487562189054725670e-04 2.487562189054725670e-04 2.736318407960198346e-03 2.487562189054725670e-04 2.014925373134327652e-02 2.736318407960198346e-03 2.937810945273630625e-01 2.487562189054725670e-04 2.487562189054725670e-04 1.221393034825870305e-01 7.711442786069650120e-03 2.487562189054725670e-04
3.135193133047209368e-01 4.098712446351930605e-02 1.139484978540772353e-01 8.798283261802571434e-03 2.145922746781115493e-04 2.145922746781115493e-04 2.145922746781115493e-04 2.145922746781115493e-04 2.145922746781115493e-04 6.652360515021458164e-03 2.145922746781115493e-04 2.145922746781115493e-04 2.145922746781115493e-04 2.145922746781115493e-04 2.145922746781115493e-04 3.240343347639484256e-02 6.888412017167380719e-02 2.145922746781115493e-04 6.244635193133046130e-02 2.145922746781115493e-04 5.600858369098711542e-02 1.309012875536480318e-02 2.145922746781115493e-04 1.697424892703862098e-01 1.096566523605150001e-01 2.145922746781115493e-04 2.145922746781115493e-04 2.145922746781115493e-04 2.145922746781115493e-04 2.145922746781115493e-04
3.687713310580204573e-01 6.843003412969284049e-02 1.877133105802047909e-03 1.706484641638225273e-04 1.877133105802047909e-03 1.706484641638225273e-04 1.706484641638225273e-04 1.706484641638225273e-04 1.706484641638225273e-04 1.706484641638225273e-04 1.706484641638225273e-04 1.706484641638225273e-04 1.552901023890784944e-02 1.552901023890784944e-02 1.706484641638225273e-04 1.877133105802047909e-03 2.406143344709897602e-02 1.706484641638225273e-04 2.868600682593856477e-01 1.706484641638225273e-04 1.706484641638225273e-04 1.706484641638225273e-04 1.877133105802047909e-03 1.127986348122866772e-01 9.232081911262798868e-02 5.290102389078498238e-03 1.706484641638225273e-04 1.706484641638225273e-04 1.706484641638225273e-04 1.706484641638225273e-04
1.585858585858585523e-01 7.777777777777776513e-02 1.484848484848484695e-01 3.367003367003366639e-04 3.367003367003366639e-04 1.380471380471380051e-02 3.367003367003366639e-04 3.367003367003366639e-04 3.367003367003366639e-04 3.367003367003366639e-04 1.043771043771043669e-02 3.703703703703703411e-03 3.367003367003366639e-04 3.367003367003366639e-04 3.367003367003366639e-04 3.367003367003366639e-04 6.094276094276093736e-02 3.367003367003366639e-04 5.757575757575757180e-02 3.367003367003366639e-04 3.367003367003366639e-04 3.367003367003366639e-04 3.367003367003366639e-04 3.703703703703703411e-03 2.057239057239056979e-01 3.367003367003366639e-04 3.367003367003366639e-04 1.855218855218855045e-01 6.767676767676766847e-02 3.367003367003366639e-04
8.084033613445376631e-02 1.680672268907562801e-04 1.833613445378150797e-01 1.680672268907562801e-04 4.722689075630251421e-02 2.537815126050419617e-02 1.680672268907562801e-04 1.680672268907562801e-04 2.201680672268907166e-02 1.193277310924369464e-02 1.680672268907562801e-04 1.680672268907562801e-04 1.680672268907562801e-04 1.110924369747898904e-01 1.680672268907562801e-04 1.529411764705881915e-02 8.252100840336133725e-02 1.680672268907562801e-04 1.413445378151260146e-01 1.680672268907562801e-04 1.680672268907562801e-04 3.529411764705882044e-03 1.680672268907562801e-04 2.537815126050419617e-02 2.438655462184873279e-01 1.680672268907562801e-04 1.848739495798319135e-03 1.680672268907562801e-04 1.680672268907562801e-04 1.848739495798319135e-03
3.638694638694637828e-01 5.850815850815849900e-02 1.564102564102563542e-01 2.331002331002330458e-04 2.331002331002330458e-04 2.331002331002330458e-04 2.331002331002330458e-04 2.331002331002330458e-04 9.557109557109554066e-03 2.331002331002330458e-04 2.331002331002330458e-04 2.331002331002330458e-04 2.331002331002330458e-04 4.685314685314684313e-02 2.331002331002330458e-04 3.053613053613052700e-02 7.948717948717946846e-02 2.331002331002330458e-04 2.030303030303029499e-01 2.331002331002330458e-04 2.331002331002330458e-04 2.331002331002330458e-04 2.331002331002330458e-04 2.331002331002330458e-04 4.685314685314684313e-02 2.331002331002330458e-04 2.331002331002330458e-04 2.331002331002330458e-04 2.331002331002330458e-04 2.331002331002330458e-04
3.420382165605094782e-01 2.123142250530785091e-04 2.123142250530785091e-04 2.123142250530785091e-04 3.842887473460721015e-02 2.123142250530785091e-04 2.123142250530785091e-04 2.123142250530785091e-04 2.356687898089171451e-02 2.123142250530785091e-04 2.123142250530785091e-04 1.719745222929935924e-02 2.123142250530785091e-04 4.458598726114648692e-03 2.123142250530785091e-04 2.123142250530785091e-04 1.424628450106156519e-01 2.123142250530785091e-04 1.658174097664542879e-01 1.932059447983014433e-02 2.123142250530785091e-04 1.719745222929935924e-02 5.116772823779192070e-02 1.021231422505307629e-01 7.239915074309977161e-02 2.123142250530785091e-04 2.123142250530785091e-04 2.123142250530785091e-04 2.123142250530785091e-04 2.123142250530785091e-04
2.944141689373295789e-01 1.362397820163487527e-04 1.362397820163487527e-04 1.362397820163487527e-04 1.376021798365122117e-02 1.362397820163487527e-04 1.362397820163487527e-04 1.362397820163487527e-04 1.239782016348773414e-02 1.362397820163487527e-04 1.362397820163487527e-04 1.362397820163487527e-04 1.362397820163487527e-04 2.193460490463214688e-02 1.362397820163487527e-04 1.362397820163487527e-04 1.362397820163487527e-04 2.861035422343323562e-03 4.565395095367846268e-01 1.362397820163487527e-04 1.362397820163487527e-04 1.362397820163487527e-04 1.362397820163487527e-04 1.186648501362397440e-01 7.098092643051769068e-02 1.362397820163487527e-04 1.362397820163487527e-04 5.585831062670297206e-03 1.362397820163487527e-04 1.362397820163487527e-04
2.817961165048542549e-01 8.276699029126211027e-02 1.847087378640775990e-01 2.427184466019416832e-04 2.427184466019416832e-04 2.669902912621358732e-03 2.427184466019416832e-04 2.427184466019416832e-04 2.427184466019416832e-04 2.427184466019416832e-04 2.427184466019416832e-04 2.427184466019416832e-04 2.427184466019416832e-04 2.669902912621358732e-03 3.422330097087377537e-02 2.427184466019416832e-04 6.577669902912619548e-02 2.427184466019416832e-04 2.211165048543688449e-01 2.427184466019416832e-04 2.208737864077669338e-02 2.427184466019416832e-04 2.427184466019416832e-04 2.427184466019416832e-04 9.490291262135920614e-02 2.669902912621358732e-03 2.427184466019416832e-04 2.427184466019416832e-04 2.427184466019416832e-04 2.427184466019416832e-04
1.720512820512819785e-01 7.205128205128202845e-02 2.564102564102563558e-04 2.564102564102563558e-04 5.923076923076921879e-02 2.564102564102563558e-04 2.564102564102563558e-04 2.564102564102563558e-04 2.564102564102563558e-04 3.358974358974357866e-02 1.564102564102563472e-02 2.564102564102563558e-04 2.564102564102563558e-04 4.897435897435896412e-02 2.589743589743588939e-02 1.307692307692307279e-02 2.564102564102563558e-04 2.820512820512819860e-03 2.079487179487178872e-01 2.564102564102563558e-04 1.182051282051281710e-01 2.820512820512819860e-03 2.564102564102563558e-04 1.130769230769230471e-01 1.028205128205127994e-01 2.564102564102563558e-04 2.564102564102563558e-04 2.564102564102563558e-04 7.948717948717947193e-03 2.564102564102563558e-04
2.856275303643723840e-01 2.024291497975708144e-04 2.854251012145748306e-02 2.024291497975708144e-04 5.080971659919027161e-02 1.437246963562752687e-02 2.024291497975708144e-04 6.275303643724695381e-03 2.024291497975708144e-04 2.226720647773279202e-03 2.024291497975708144e-04 2.226720647773279202e-03 2.024291497975708144e-04 5.080971659919027161e-02 2.024291497975708144e-04 2.024291497975708144e-04 2.024291497975708144e-04 4.251012145748986858e-03 3.888663967611334926e-01 2.024291497975708144e-04 2.024291497975708144e-04 2.024291497975708144e-04 2.024291497975708144e-04 1.459514170040485392e-01 1.234817813765181835e-02 2.024291497975708144e-04 2.024291497975708144e-04 2.024291497975708144e-04 4.251012145748986858e-03 2.024291497975708144e-04
1.892906815020861944e-01 7.663421418636995330e-02 1.390820584144645167e-04 1.390820584144645167e-04 1.961057023643949723e-02 2.796940194714881422e-01 1.390820584144645167e-04 1.390820584144645167e-04 2.920723226703754796e-03 1.961057023643949723e-02 1.390820584144645167e-04 5.702364394993044913e-03 1.390820584144645167e-04 4.311543810848399855e-03 4.186369958275382164e-02 2.656467315716272426e-02 1.390820584144645167e-04 1.390820584144645167e-04 7.246175243393601639e-02 5.702364394993044913e-03 1.390820584144645167e-04 1.390820584144645167e-04 1.390820584144645167e-04 1.265646731571627021e-02 2.143254520166898158e-01 1.390820584144645167e-04 1.390820584144645167e-04 1.126564673157162515e-02 1.543810848400556032e-02 1.390820584144645167e-04
3.246753246753245666e-04 9.123376623376620864e-02 3.246753246753245666e-04 3.246753246753245666e-04 3.246753246753245666e-04 7.824675324675321730e-02 3.246753246753245666e-04 3.246753246753245666e-04 1.655844155844155008e-02 3.246753246753245666e-04 3.246753246753245666e-04 3.246753246753245666e-04 6.818181818181816116e-03 3.246753246753245666e-04 3.246753246753245666e-04 3.246753246753245666e-04 6.525974025974023984e-02 3.246753246753245666e-04 3.509740259740258272e-01 3.246753246753245666e-04 3.246753246753245666e-04 3.246753246753245666e-04 6.818181818181816116e-03 3.571428571428570450e-03 2.795454545454544304e-01 3.246753246753245666e-04 3.246753246753245666e-04 3.246753246753245666e-04 6.818181818181816116e-03 8.798701298701296081e-02
3.166666666666665408e-01 2.415458937198067030e-04 2.415458937198067030e-04 2.415458937198067030e-04 2.415458937198067030e-04 3.647342995169081115e-02 1.473429951690820826e-02 2.415458937198067030e-04 2.415458937198067030e-04 7.487922705314007873e-03 2.415458937198067030e-04 2.415458937198067030e-04 2.415458937198067030e-04 1.185990338164250868e-01 2.415458937198067030e-04 1.714975845410627447e-02 2.415458937198067030e-04 2.922705314009661076e-02 4.060386473429950516e-01 2.415458937198067030e-04 2.415458937198067030e-04 2.415458937198067030e-04 2.657004830917873706e-03 4.371980676328501847e-02 2.657004830917873706e-03 2.415458937198067030e-04 2.415458937198067030e-04 2.415458937198067030e-04 2.415458937198067030e-04 2.415458937198067030e-04
1.142671854734111370e-01 5.719844357976652804e-02 1.297016861219195849e-04 1.297016861219195849e-04 1.297016861219195849e-04 1.050583657587548375e-02 4.941634241245135978e-02 1.958495460440985367e-02 1.309987029831387491e-02 1.297016861219195849e-04 1.297016861219195849e-04 1.791180285343709211e-01 3.774319066147859697e-02 2.723735408560311148e-03 1.297016861219195849e-04 2.347600518806744474e-02 8.184176394293124490e-02 1.297016861219195849e-04 1.687418936446173356e-01 6.614785992217897016e-03 1.297016861219195849e-04 5.330739299610894044e-02 1.297016861219195849e-04 1.337224383916990611e-01 4.422827496757457399e-02 2.723735408560311148e-03 1.297016861219195849e-04 1.297016861219195849e-04 1.297016861219195849e-04 1.297016861219195849e-04
4.059866962305985760e-01 2.017738359201773357e-02 2.217294900221728946e-04 5.121951219512194120e-02 2.217294900221728946e-04 2.217294900221728946e-04 2.217294900221728946e-04 6.873614190687360112e-03 9.556541019955651362e-02 2.217294900221728946e-04 2.217294900221728946e-04 2.217294900221728946e-04 2.217294900221728946e-04 2.217294900221728946e-04 2.439024390243902003e-03 2.217294900221728946e-04 4.900221729490020911e-02 2.217294900221728946e-04 1.288248337028824464e-01 2.217294900221728946e-04 2.217294900221728946e-04 2.217294900221728946e-04 2.217294900221728946e-04 1.820399113082039333e-01 4.678492239467848396e-02 6.873614190687360112e-03 2.217294900221728946e-04 2.217294900221728946e-04 2.217294900221728946e-04 2.217294900221728946e-04
1.682666666666666200e-01 2.666666666666666252e-04 2.666666666666666252e-04 2.666666666666666252e-04 2.666666666666666252e-04 2.666666666666666252e-04 1.469333333333333047e-01 2.666666666666666252e-04 1.626666666666666192e-02 3.362666666666665471e-01 5.599999999999998208e-03 2.666666666666666252e-04 2.666666666666666252e-04 2.666666666666666252e-04 2.666666666666666252e-04 8.266666666666665220e-03 1.095999999999999752e-01 2.666666666666666252e-04 4.293333333333332336e-02 2.666666666666666252e-04 2.933333333333332498e-03 2.666666666666666252e-04 2.666666666666666252e-04 2.666666666666666252e-04 1.522666666666666335e-01 2.666666666666666252e-04 2.666666666666666252e-04 5.599999999999998208e-03 2.666666666666666252e-04 2.666666666666666252e-04
7.574370709382149958e-02 2.288329519450800487e-04 2.288329519450800487e-04 2.288329519450800487e-04 2.082379862700228096e-02 2.288329519450800487e-04 2.288329519450800487e-04 2.288329519450800487e-04 3.455377574370708388e-02 4.805491990846681022e-03 2.288329519450800487e-04 2.311212814645308145e-02 1.167048054919908075e-02 2.405034324942791069e-01 2.288329519450800487e-04 1.741418764302058997e-01 7.803203661327229312e-02 2.082379862700228096e-02 1.260869565217390964e-01 2.288329519450800487e-04 2.288329519450800487e-04 2.288329519450800487e-04 1.167048054919908075e-02 2.288329519450800487e-04 1.512585812356978809e-01 2.288329519450800487e-04 2.288329519450800487e-04 1.167048054919908075e-02 1.167048054919908075e-02 2.288329519450800487e-04
3.057894736842106109e-01 5.263157894736844155e-04 5.263157894736844155e-04 2.684210526315789977e-02 2.684210526315789977e-02 5.263157894736844155e-04 5.789473684210528354e-03 5.263157894736844155e-04 1.057894736842105721e-01 5.263157894736844155e-04 5.263157894736844155e-04 5.263157894736844155e-04 5.263157894736844155e-04 3.321052631578948477e-01 5.263157894736844155e-04 5.263157894736844155e-04 5.263157894736844155e-04 5.263157894736844155e-04 5.789473684210528354e-03 5.263157894736844155e-04 5.263157894736844155e-04 5.263157894736844155e-04 5.263157894736844155e-04 5.263157894736844155e-04 5.315789473684211924e-02 5.789473684210528354e-03 5.263157894736844155e-04 5.263157894736844155e-04 1.215789473684210920e-01 5.263157894736844155e-04
1.554973821989528437e-01 5.410122164048864618e-03 2.008726003490400869e-01 1.745200698080279049e-04 1.937172774869109354e-02 1.745200698080279049e-04 1.745200698080279049e-04 1.745200698080279049e-04 1.745200698080279049e-04 1.745200698080279049e-04 3.333333333333332593e-02 1.745200698080279049e-04 1.745200698080279049e-04 1.745200698080279049e-04 1.745200698080279049e-04 2.635253054101220974e-02 3.507853403141360932e-02 1.745200698080279049e-04 1.588132635253053718e-02 1.745200698080279049e-04 1.745200698080279049e-04 1.745200698080279049e-04 1.745200698080279049e-04 1.745200698080279049e-04 1.851657940663175850e-01 1.745200698080279049e-04 1.745200698080279049e-04 3.178010471204187892e-01 1.745200698080279049e-04 1.919720767888306954e-03
3.284829721362227950e-01 1.888544891640865989e-02 3.095975232198141516e-04 3.095975232198141516e-04 3.095975232198141516e-04 3.095975232198141516e-04 3.095975232198141516e-04 3.095975232198141516e-04 3.405572755417955559e-03 3.095975232198141516e-04 3.095975232198141516e-04 6.222910216718264415e-02 3.095975232198141516e-04 3.095975232198141516e-04 3.095975232198141516e-04 3.095975232198141516e-04 3.095975232198141516e-04 1.578947368421051989e-02 4.365325077399379028e-02 2.198142414860680335e-02 3.095975232198141516e-04 1.888544891640865989e-02 1.055727554179566180e-01 2.325077399380803822e-01 1.303405572755417519e-01 3.095975232198141516e-04 3.405572755417955559e-03 9.597523219814238157e-03 3.095975232198141516e-04 3.095975232198141516e-04
5.081395348837206560e-01 3.875968992248060335e-04 7.790697674418602114e-02 1.201550387596898688e-02 1.589147286821704710e-02 8.139534883720926650e-03 3.875968992248060335e-04 3.875968992248060335e-04 3.875968992248060335e-04 3.875968992248060335e-04 2.364341085271316756e-02 1.201550387596898688e-02 3.875968992248060335e-04 3.875968992248060335e-04 3.875968992248060335e-04 3.875968992248060335e-04 3.875968992248060335e-04 3.875968992248060335e-04 3.337209302325579441e-01 3.875968992248060335e-04 3.875968992248060335e-04 3.875968992248060335e-04 3.875968992248060335e-04 3.875968992248060335e-04 3.875968992248060335e-04 3.875968992248060335e-04 3.875968992248060335e-04 3.875968992248060335e-04 3.875968992248060335e-04 3.875968992248060335e-04
3.412926391382404834e-01 1.795332136445242218e-04 1.795332136445242218e-04 1.795332136445242218e-04 1.454219030520645904e-02 1.795332136445242218e-04 1.795332136445242218e-04 1.795332136445242218e-04 1.795332136445242218e-04 1.795332136445242218e-04 1.795332136445242218e-04 1.795332136445242218e-04 1.795332136445242218e-04 1.274685816876121834e-02 1.795332136445242218e-04 1.795332136445242218e-04 1.795332136445242218e-04 7.378815080789945247e-02 2.874326750448832346e-01 1.795332136445242218e-04 7.360861759425491903e-03 3.788150807899461070e-02 1.795332136445242218e-04 2.030520646319568523e-01 9.156193895870733471e-03 7.360861759425491903e-03 1.795332136445242218e-04 1.795332136445242218e-04 1.795332136445242218e-04 1.974865350089766332e-03
2.409429280397021589e-01 7.692307692307690133e-03 1.513647642679900179e-02 2.481389578163771168e-04 2.481389578163771168e-04 2.481389578163771168e-04 2.481389578163771168e-04 2.481389578163771168e-04 7.220843672456574158e-02 2.481389578163771168e-04 2.481389578163771168e-04 2.481389578163771168e-04 2.481389578163771168e-04 2.481389578163771168e-04 2.481389578163771168e-04 1.441687344913150925e-01 6.476426799007442558e-02 2.481389578163771168e-04 1.937965260545904955e-01 2.481389578163771168e-04 2.481389578163771168e-04 2.481389578163771168e-04 2.481389578163771168e-04 2.481389578163771168e-04 2.186104218362282248e-01 2.729528535980148447e-03 3.002481389578162685e-02 5.210918114143919290e-03 2.481389578163771168e-04 2.481389578163771168e-04
4.372822299651567268e-02 8.554006968641113262e-02 2.456445993031358341e-02 1.916376306620208841e-03 1.081881533101045068e-01 1.168989547038327137e-01 1.916376306620208841e-03 1.742160278745644327e-04 1.742160278745644327e-04 1.742160278745644327e-04 1.742160278745644327e-04 1.742160278745644327e-04 5.400696864111497603e-03 1.742160278745644327e-04 2.630662020905922757e-02 1.411149825783971842e-02 9.425087108013935344e-02 3.658536585365853005e-03 1.378048780487804437e-01 1.742160278745644327e-04 1.742160278745644327e-04 1.742160278745644327e-04 3.658536585365853005e-03 3.501742160278745186e-02 2.911149825783971301e-01 1.742160278745644327e-04 1.742160278745644327e-04 1.742160278745644327e-04 1.742160278745644327e-04 3.658536585365853005e-03
1.708196721311475430e-01 2.327868852459016175e-02 4.757377049180327444e-01 3.278688524590163932e-04 3.606557377049180758e-03 3.278688524590163932e-04 3.278688524590163932e-04 3.278688524590163932e-04 3.278688524590163932e-04 3.278688524590163932e-04 1.016393442622950775e-02 3.278688524590163932e-04 3.278688524590163932e-04 3.278688524590163932e-04 3.278688524590163932e-04 2.000000000000000042e-02 3.278688524590163932e-04 3.278688524590163932e-04 3.967213114754098574e-02 3.278688524590163932e-04 3.278688524590163932e-04 3.278688524590163932e-04 3.278688524590163932e-04 3.278688524590163932e-04 4.950819672131147320e-02 3.278688524590163932e-04 3.278688524590163932e-04 1.445901639344262246e-01 5.606557377049180974e-02 3.278688524590163932e-04
2.619631901840490107e-01 2.044989775051124503e-04 2.044989775051124503e-04 2.044989775051124503e-04 4.519427402862984805e-02 4.294478527607361457e-03 2.044989775051124503e-04 2.044989775051124503e-04 1.860940695296522951e-02 2.044989775051124503e-04 2.044989775051124503e-04 2.044989775051124503e-04 8.384458077709608728e-03 2.108384458077708912e-01 2.044989775051124503e-04 2.044989775051124503e-04 1.042944785276073323e-02 2.044989775051124503e-04 2.333333333333332538e-01 2.044989775051124503e-04 2.044989775051124503e-04 1.247443762781185773e-02 2.044989775051124503e-04 1.004089979550102096e-01 8.609406952965233117e-02 2.044989775051124503e-04 2.044989775051124503e-04 2.044989775051124503e-04 2.044989775051124503e-04 4.294478527607361457e-03
3.219667943805873955e-01 6.015325670498082589e-02 1.277139208173690523e-04 1.404853128991059765e-03 5.887611749680713574e-02 1.277139208173690523e-04 1.277139208173690523e-04 1.277139208173690523e-04 1.404853128991059765e-03 1.277139208173690523e-04 1.277139208173690523e-04 1.277139208173690523e-04 1.277139208173690523e-04 1.277139208173690523e-04 1.277139208173690523e-04 1.277139208173690523e-04 4.482758620689653722e-02 8.314176245210724847e-02 2.121328224776500015e-01 1.277139208173690523e-04 1.277139208173690523e-04 1.404853128991059765e-03 1.277139208173690523e-04 1.444444444444444031e-01 4.610472541507023431e-02 1.277139208173690523e-04 1.277139208173690523e-04 1.404853128991059765e-03 2.056194125159642103e-02 1.277139208173690523e-04
2.913919413919413004e-01 6.611721611721610437e-02 1.831501831501831229e-04 1.831501831501831229e-04 6.978021978021976823e-02 1.117216117216116890e-02 1.831501831501831229e-04 1.831501831501831229e-04 2.014652014652014433e-03 1.831501831501831229e-04 1.831501831501831229e-04 1.831501831501831229e-04 1.831501831501831229e-04 7.161172161172159323e-02 2.032967032967032336e-02 1.831501831501831229e-04 4.963369963369962390e-02 1.831501831501831229e-04 3.152014652014651364e-01 1.831501831501831229e-04 1.831501831501831229e-04 2.014652014652014433e-03 1.831501831501831229e-04 2.399267399267398723e-02 4.963369963369962390e-02 2.399267399267398723e-02 1.831501831501831229e-04 1.831501831501831229e-04 1.831501831501831229e-04 1.831501831501831229e-04
6.674311926605502876e-02 1.399082568807339007e-02 2.293577981651375732e-04 2.293577981651375732e-04 1.169724770642201379e-02 2.293577981651375732e-04 2.293577981651375732e-04 2.293577981651375732e-04 9.403669724770639254e-03 2.775229357798164251e-02 2.293577981651375732e-04 1.857798165137614088e-02 2.293577981651375732e-04 1.837155963302751771e-01 3.649082568807338611e-01 2.293577981651375732e-04 1.169724770642201379e-02 2.293577981651375732e-04 7.362385321100915758e-02 2.522935779816513468e-03 4.816513761467888441e-03 2.293577981651375732e-04 1.628440366972476461e-02 4.816513761467888441e-03 1.286697247706421743e-01 2.293577981651375732e-04 4.816513761467888441e-03 2.522935779816513468e-03 5.068807339449540178e-02 2.293577981651375732e-04
1.639393939393938848e-01 3.030303030303029216e-04 7.606060606060603690e-02 3.030303030303029216e-04 3.030303030303029216e-04 3.030303030303029216e-04 3.030303030303029216e-04 3.030303030303029216e-04 3.030303030303029216e-04 3.030303030303029216e-04 3.030303030303029216e-04 4.272727272727271097e-02 3.030303030303029216e-04 3.030303030303029216e-04 3.030303030303029216e-04 3.030303030303029216e-04 3.030303030303029216e-04 3.030303030303029216e-04 3.093939393939392768e-01 3.030303030303029216e-04 3.030303030303029216e-04 6.393939393939392091e-02 3.030303030303029216e-04 2.245454545454544371e-01 1.003030303030302689e-01 1.242424242424241924e-02 3.030303030303029216e-04 3.030303030303029216e-04 3.030303030303029216e-04 3.030303030303029216e-04
1.605136436597110741e-04 1.605136436597110741e-04 1.605136436597110741e-04 1.605136436597110741e-04 3.370786516853932664e-03 1.605136436597110741e-04 1.300160513643659581e-02 1.605136436597110741e-04 3.868378812199037287e-02 1.765650080256821923e-03 1.605136436597110741e-04 2.473515248796147592e-01 3.707865168539326017e-02 1.605136436597110741e-04 1.605136436597110741e-04 1.605136436597110741e-04 6.276083467094703550e-02 1.109149277688603469e-01 1.028892455858747834e-01 1.605136436597110741e-04 1.300160513643659581e-02 5.313001605136436628e-02 1.605136436597110741e-04 2.008025682182985328e-01 7.399678972712681047e-02 1.781701444622792868e-02 1.765650080256821923e-03 1.942215088282503790e-02 1.605136436597110741e-04 1.605136436597110741e-04
3.049206349206348698e-01 2.396825396825396498e-02 1.587301587301587029e-04 6.507936507936505979e-03 3.190476190476190105e-02 1.587301587301587029e-04 1.587301587301587029e-04 1.587301587301587029e-04 1.587301587301587029e-04 1.587301587301587029e-04 1.587301587301587029e-04 1.587301587301587029e-04 1.587301587301587029e-04 9.380952380952380099e-02 1.112698412698412409e-01 3.190476190476190105e-02 5.571428571428570925e-02 1.587301587301587029e-04 2.049206349206348643e-01 1.587301587301587029e-04 1.587301587301587029e-04 1.587301587301587029e-04 1.587301587301587029e-04 3.190476190476190105e-02 9.857142857142855985e-02 1.587301587301587029e-04 1.587301587301587029e-04 1.587301587301587029e-04 1.746031746031745813e-03 1.587301587301587029e-04
1.113378684807255631e-01 7.959183673469384657e-02 2.267573696145123747e-04 2.267573696145123747e-04 2.494331065759636257e-03 2.743764172335599535e-02 2.267573696145123747e-04 1.383219954648525277e-02 2.267573696145123747e-04 2.267573696145123747e-04 2.267573696145123747e-04 2.267573696145123747e-04 2.063492063492062406e-02 4.104308390022674141e-02 5.011337868480723184e-02 3.877551020408161880e-02 1.816326530612243917e-01 1.383219954648525277e-02 2.292517006802719803e-01 9.297052154195005816e-03 4.761904761904759732e-03 2.517006802721086928e-02 2.267573696145123747e-04 3.650793650793648926e-02 7.505668934240358747e-02 2.517006802721086928e-02 2.267573696145123747e-04 2.267573696145123747e-04 9.297052154195005816e-03 2.494331065759636257e-03
1.108459869848155976e-01 2.169197396963123275e-04 2.169197396963123275e-04 2.169197396963123275e-04 2.169197396963123275e-04 2.169197396963123275e-04 2.169197396963123275e-04 2.169197396963123275e-04 2.169197396963123275e-04 2.169197396963123275e-04 2.169197396963123275e-04 2.169197396963123275e-04 2.169197396963123275e-04 2.169197396963123275e-04 4.904555314533621257e-01 2.386117136659435603e-03 3.709327548806940628e-02 2.169197396963123275e-04 2.841648590021691317e-02 2.386117136659435603e-03 2.169197396963123275e-04 2.169197396963123275e-04 2.041214750542298673e-01 2.169197396963123275e-04 1.195227765726680907e-01 2.169197396963123275e-04 2.169197396963123275e-04 2.169197396963123275e-04 2.169197396963123275e-04 2.169197396963123275e-04
2.340277777777776957e-01 1.159722222222221988e-01 2.314814814814814361e-04 2.314814814814814361e-04 7.175925925925924140e-03 2.314814814814814361e-04 2.314814814814814361e-04 2.314814814814814361e-04 2.314814814814814361e-04 2.314814814814814361e-04 2.314814814814814361e-04 2.314814814814814361e-04 2.314814814814814361e-04 2.314814814814814361e-04 2.314814814814814361e-04 1.412037037037036646e-02 2.314814814814814361e-04 2.314814814814814361e-04 4.030092592592591227e-01 2.314814814814814361e-04 4.861111111111110321e-03 2.314814814814814361e-04 2.314814814814814361e-04 2.314814814814814361e-04 2.155092592592591783e-01 2.314814814814814361e-04 2.314814814814814361e-04 2.314814814814814361e-04 2.314814814814814361e-04 2.314814814814814361e-04
3.132047477744805963e-01 9.362017804154300349e-02 1.483679525222551603e-04 1.483679525222551603e-04 4.910979228486645615e-02 1.483679525222551603e-04 1.483679525222551603e-04 1.483679525222551603e-04 1.350148367952521723e-02 1.483679525222551603e-04 1.483679525222551603e-04 1.483679525222551603e-04 1.483679525222551603e-04 8.916913946587534667e-02 1.483679525222551603e-04 1.483679525222551603e-04 2.685459940652818248e-02 2.833827893175073359e-02 2.479228486646883334e-01 1.483679525222551603e-04 2.091988130563797454e-02 1.483679525222551603e-04 1.483679525222551603e-04 1.498516320474776835e-02 9.955489614243319407e-02 1.483679525222551603e-04 1.483679525222551603e-04 1.483679525222551603e-04 1.483679525222551603e-04 1.483679525222551603e-04
6.843267108167769112e-03 3.181015452538630273e-01 4.635761589403972205e-03 2.207505518763796365e-04 5.761589403973509105e-02 2.428256070640176165e-03 2.207505518763796365e-04 1.125827814569536033e-02 2.207505518763796365e-04 2.207505518763796365e-04 2.207505518763796365e-04 2.428256070640176165e-03 2.207505518763796365e-04 2.207505518763796365e-04 2.207505518763796365e-04 2.207505518763796365e-04 5.099337748344370119e-02 1.346578366445915637e-02 1.194260485651213871e-01 1.788079470198674845e-02 2.207505518763796365e-04 4.635761589403972205e-03 2.229580573951434400e-02 2.207505518763796365e-04 3.313465783664458209e-01 2.428256070640176165e-03 2.207505518763796365e-04 2.450331125827813830e-02 6.843267108167769112e-03 2.207505518763796365e-04
1.255639097744360444e-01 2.506265664160400430e-04 1.278195488721804024e-02 2.506265664160400430e-04 2.506265664160400430e-04 2.506265664160400430e-04 2.506265664160400430e-04 2.756892230576440690e-03 2.506265664160400430e-04 2.506265664160400430e-04 2.506265664160400430e-04 2.506265664160400430e-04 2.506265664160400430e-04 1.581453634085212556e-01 2.756892230576440690e-03 8.796992481203005920e-02 6.541353383458645143e-02 1.779448621553884197e-02 2.383458646616540555e-01 2.506265664160400430e-04 2.506265664160400430e-04 5.789473684210524884e-02 8.546365914786965834e-02 2.506265664160400430e-04 1.406015037593984496e-01 2.506265664160400430e-04 2.506265664160400430e-04 2.506265664160400430e-04 2.506265664160400430e-04 2.506265664160400430e-04
1.396648044692737041e-04 9.092178770949717326e-02 1.396648044692737041e-04 1.396648044692737041e-04 1.396648044692737041e-04 1.536312849162010854e-03 7.122905027932957718e-03 1.396648044692737041e-04 2.388268156424580568e-02 2.248603351955306626e-02 1.396648044692737041e-04 8.673184357541896539e-02 1.789106145251395941e-01 1.396648044692737041e-04 5.726256983240220894e-03 1.396648044692737041e-04 4.219273743016758726e-01 2.108938547486032683e-02 1.396648044692737041e-04 1.396648044692737041e-04 1.131284916201116993e-02 1.396648044692737041e-04 8.519553072625694543e-03 4.329608938547484936e-03 3.645251396648043624e-02 1.396648044692737041e-04 5.321229050279328160e-02 1.396648044692737041e-04 2.248603351955306626e-02 1.536312849162010854e-03
1.640883977900552126e-01 4.622467771639041795e-02 1.841620626151012580e-04 1.841620626151012580e-04 1.841620626151012580e-04 1.841620626151012580e-04 1.841620626151012580e-04 1.841620626151012580e-04 1.841620626151012580e-04 5.709023941068138916e-03 1.841620626151012580e-04 2.025782688766113865e-03 1.841620626151012580e-04 1.841620626151012580e-04 1.841620626151012580e-04 7.937384898710864167e-02 9.963167587476977338e-02 3.149171270718231774e-02 1.972375690607734156e-01 1.841620626151012580e-04 1.841620626151012580e-04 1.254143646408839297e-01 2.025782688766113865e-03 1.825046040515653223e-01 4.990791896869244126e-02 1.841620626151012580e-04 1.841620626151012580e-04 1.841620626151012580e-04 3.867403314917126390e-03 7.550644567219150574e-03
3.389473684210525528e-02 1.644210526315788845e-01 2.126315789473683798e-02 2.105263157894736415e-04 2.105263157894736415e-04 2.105263157894736415e-04 2.105263157894736415e-04 2.105263157894736415e-04 8.631578947368418950e-03 2.105263157894736415e-04 2.105263157894736415e-04 2.105263157894736415e-04 2.105263157894736415e-04 5.284210526315788470e-02 2.315789473684210301e-03 2.105263157894736415e-04 2.547368421052630810e-02 1.284210526315789080e-02 2.865263157894736290e-01 2.105263157894736415e-04 2.105263157894736415e-04 2.105263157894736415e-04 2.105263157894736415e-04 1.138947368421052431e-01 2.696842105263156930e-01 4.421052631578946228e-03 2.105263157894736415e-04 2.105263157894736415e-04 2.105263157894736415e-04 2.105263157894736415e-04
2.111979166666666241e-01 6.276041666666666574e-02 2.604166666666666631e-04 2.604166666666666631e-04 2.604166666666666631e-04 2.604166666666666631e-04 2.604166666666666631e-04 2.604166666666666631e-04 1.328124999999999792e-02 2.604166666666666631e-04 2.604166666666666631e-04 2.109374999999999445e-02 5.468749999999999653e-03 1.067708333333333010e-02 2.604166666666666631e-04 3.932291666666665880e-02 2.630208333333333010e-02 1.799479166666666241e-01 2.346354166666666241e-01 2.604166666666666631e-04 1.067708333333333010e-02 2.604166666666666631e-04 3.671874999999999445e-02 2.604166666666666631e-04 1.356770833333333093e-01 2.604166666666666631e-04 2.604166666666666631e-04 2.604166666666666631e-04 5.468749999999999653e-03 2.864583333333333131e-03
2.257042253521125696e-01 3.521126760563378843e-04 1.728873239436619080e-01 7.394366197183095679e-03 3.521126760563378843e-04 3.521126760563378843e-04 3.521126760563378843e-04 3.521126760563378843e-04 3.521126760563378843e-04 3.521126760563378843e-04 3.521126760563378843e-04 3.521126760563378843e-04 3.521126760563378843e-04 8.485915492957743500e-02 3.521126760563378843e-04 3.521126760563378843e-04 3.521126760563378843e-04 7.394366197183095679e-03 3.348591549295772962e-01 3.521126760563378843e-04 3.521126760563378843e-04 9.542253521126757565e-02 3.521126760563378843e-04 2.852112676056336657e-02 3.556338028169012816e-02 3.521126760563378843e-04 3.521126760563378843e-04 3.521126760563378843e-04 3.521126760563378843e-04 3.521126760563378843e-04
2.165692007797270502e-01 2.144249512670564836e-03 1.736842105263157465e-01 1.949317738791422677e-04 1.189083820662767757e-02 1.949317738791422677e-04 2.144249512670564836e-03 1.949317738791422677e-04 2.144249512670564836e-03 1.949317738791422677e-04 1.949317738791422677e-04 1.949317738791422677e-04 1.949317738791422677e-04 3.528265107212474883e-02 4.093567251461987730e-03 1.578947368421052336e-02 1.949317738791422677e-04 1.949317738791422677e-04 2.107212475633527815e-01 1.949317738791422677e-04 1.949317738791422677e-04 1.949317738791422677e-04 1.949317738791422677e-04 1.949317738791422677e-04 1.132553606237816507e-01 2.144249512670564836e-03 1.949317738791422677e-04 1.015594541910331133e-01 9.961013645224169044e-02 6.042884990253409756e-03
2.064066852367687221e-01 2.785515320334260871e-04 1.033426183844010915e-01 2.785515320334260871e-04 2.785515320334260871e-04 2.785515320334260871e-04 2.785515320334260871e-04 2.785515320334260871e-04 2.785515320334260871e-04 2.785515320334260871e-04 2.785515320334260871e-04 2.785515320334260871e-04 2.785515320334260871e-04 2.534818941504177539e-02 2.785515320334260871e-04 2.785515320334260871e-04 5.877437325905290888e-02 1.142061281337046832e-02 8.662952646239552301e-02 2.785515320334260871e-04 3.649025069637881757e-02 4.763231197771586323e-02 2.785515320334260871e-04 2.871866295264622893e-01 8.662952646239552301e-02 2.785515320334260871e-04 3.064066852367687121e-03 2.785515320334260871e-04 3.370473537604455616e-02 8.635097493036208646e-03
3.104218362282876731e-01 2.481389578163770626e-04 1.367245657568237627e-01 5.210918114143918423e-03 2.481389578163770626e-04 2.481389578163770626e-04 2.481389578163770626e-04 2.481389578163770626e-04 2.481389578163770626e-04 2.481389578163770626e-04 2.481389578163770626e-04 2.481389578163770626e-04 2.481389578163770626e-04 3.250620347394539422e-02 2.481389578163770626e-04 2.481389578163770626e-04 6.476426799007441171e-02 2.481389578163770626e-04 3.451612903225804718e-01 2.481389578163770626e-04 1.513647642679900006e-02 2.481389578163770626e-04 2.481389578163770626e-04 7.965260545905704370e-02 5.210918114143918423e-03 2.481389578163770626e-04 2.481389578163770626e-04 2.481389578163770626e-04 2.481389578163770626e-04 2.481389578163770626e-04
1.052469135802468758e-01 3.086419753086418606e-04 3.086419753086418606e-04 3.086419753086418606e-04 3.425925925925924626e-02 3.086419753086418606e-04 3.086419753086418606e-04 3.086419753086418606e-04 5.895061728395060291e-02 4.108024691358023173e-01 3.086419753086418606e-04 9.567901234567898275e-03 3.086419753086418606e-04 3.086419753086418606e-04 3.086419753086418606e-04 6.203703703703702249e-02 8.055555555555553304e-02 3.117283950617282667e-02 9.567901234567898275e-03 2.191358024691357140e-02 6.481481481481479560e-03 3.086419753086418606e-04 1.265432098765431612e-02 3.086419753086418606e-04 1.453703703703703165e-01 3.086419753086418606e-04 3.086419753086418606e-04 6.481481481481479560e-03 3.086419753086418606e-04 3.086419753086418606e-04
3.358620689655171243e-01 2.298850574712642779e-04 8.298850574712640649e-02 2.298850574712642779e-04 4.827586206896550269e-03 2.298850574712642779e-04 2.298850574712642779e-04 2.298850574712642779e-04 2.298850574712642779e-04 2.298850574712642779e-04 2.298850574712642779e-04 2.298850574712642779e-04 2.298850574712642779e-04 2.298850574712642779e-04 2.298850574712642779e-04 4.827586206896550269e-03 8.758620689655169378e-02 2.298850574712642779e-04 3.473563218390803287e-01 2.298850574712642779e-04 3.241379310344826015e-02 2.298850574712642779e-04 2.298850574712642779e-04 1.862068965517240521e-02 6.689655172413791484e-02 4.827586206896550269e-03 2.298850574712642779e-04 2.298850574712642779e-04 9.425287356321834092e-03 2.298850574712642779e-04
