1.174479166666666657e-01 9.401041666666666574e-02 2.604166666666666631e-04 3.231770833333333370e-01 3.388020833333333370e-01 2.604166666666666631e-04 2.604166666666666631e-04 4.453125000000000139e-02 8.098958333333333703e-02 2.604166666666666631e-04
2.145922746781116035e-04 4.465665236051502007e-01 1.547210300429184560e-01 2.145922746781116035e-04 1.547210300429184560e-01 8.390557939914163044e-02 2.145922746781116035e-04 1.523605150214592252e-02 6.459227467811158585e-02 7.961373390557940910e-02
2.178649237472767095e-04 2.178649237472767095e-04 6.753812636165577345e-03 1.222222222222222321e-01 3.575163398692810524e-01 2.178649237472767095e-04 2.178649237472767095e-04 2.703703703703703720e-01 2.420479302832243829e-01 2.178649237472767095e-04
7.793176972281447290e-02 4.808102345415777440e-02 2.889125799573560166e-02 4.969083155650318995e-01 2.730277185501065462e-01 3.635394456289978149e-02 1.066098081023453975e-04 3.422174840085287495e-02 4.371002132196160836e-03 1.066098081023453975e-04
4.807692307692308501e-04 3.413461538461538824e-02 4.807692307692308501e-04 4.807692307692308501e-04 4.139423076923077205e-01 2.264423076923077205e-01 1.206730769230769523e-01 1.971153846153846090e-02 1.591346153846154021e-01 2.451923076923077233e-02
7.298850574712643924e-02 3.275862068965517543e-02 1.743295019157087983e-02 7.204980842911877792e-01 7.854406130268198546e-03 2.509578544061302763e-02 1.915708812260536462e-04 1.915708812260536462e-04 1.227969348659003757e-01 1.915708812260536462e-04
1.190721649484536154e-01 5.154639175257732077e-04 1.190721649484536154e-01 2.891752577319587902e-01 5.154639175257732077e-04 2.943298969072165039e-01 5.154639175257732077e-04 5.154639175257732077e-04 5.154639175257732077e-04 1.757731958762886737e-01
4.029304029304029734e-03 7.692307692307692735e-03 6.996336996336996461e-02 3.446886446886446853e-01 1.175824175824175810e-01 2.234432234432234474e-02 3.663003663003663000e-04 2.091575091575091638e-01 4.065934065934066061e-02 1.835164835164835306e-01
3.584905660377359082e-02 1.301886792452830177e-01 8.616352201257862498e-02 4.635220125786163603e-01 3.584905660377359082e-02 2.096436058700209811e-04 1.907756813417190583e-02 2.096436058700209811e-04 2.287211740041928676e-01 2.096436058700209811e-04
1.672240802675585471e-04 4.030100334448160487e-02 1.839464882943144019e-03 3.178929765886287506e-01 4.550167224080268191e-01 4.364548494983278015e-02 1.672240802675585471e-04 6.705685618729097242e-02 7.374581939799330910e-02 1.672240802675585471e-04
1.833333333333333082e-03 1.666666666666666340e-04 2.351666666666666072e-01 5.384999999999999787e-01 1.666666666666666340e-04 1.284999999999999754e-01 8.499999999999997141e-03 1.666666666666666340e-04 1.833333333333333082e-03 8.516666666666665442e-02
2.824858757062146991e-04 3.107344632768361745e-03 1.158192090395480066e-02 3.983050847457626775e-02 4.265536723163841637e-02 3.081920903954802338e-01 7.090395480225988867e-02 2.008474576271186418e-01 3.223163841807909491e-01 2.824858757062146991e-04
4.358047016274864405e-02 1.808318264014466541e-04 4.830018083182640587e-01 1.122965641952983762e-01 1.989150090415913331e-03 1.520795660036166341e-01 1.808318264014466541e-04 1.808318264014466541e-04 1.972875226039782770e-01 9.222423146473777977e-03
2.103321033210332064e-02 5.424354243542434811e-02 7.638376383763836874e-02 5.597785977859778273e-01 1.846248462484624542e-01 3.456334563345633132e-02 1.230012300123001104e-04 2.964329643296432712e-02 1.488314883148831279e-02 2.472324723247232292e-02
2.226530612244897733e-01 2.040816326530612321e-04 9.204081632653061951e-02 1.042857142857142871e-01 2.695918367346938904e-01 1.430612244897959129e-01 2.040816326530612321e-04 2.040816326530612321e-04 1.655102040816326392e-01 2.244897959183673498e-03
1.740526653821451719e-02 5.658959537572254561e-01 2.382787411689145721e-02 6.422607578676942943e-05 1.124598587026332669e-01 1.355170199100835110e-02 1.991008349389852394e-03 8.413615928066794578e-03 2.447655748233782957e-01 1.162491971740526805e-02
1.143153526970954320e-01 1.869294605809128651e-01 2.074688796680498144e-04 3.798755186721991528e-01 1.641078838174273857e-01 2.074688796680498144e-04 4.356846473029045777e-03 2.282157676348547850e-03 1.350622406639004069e-01 1.265560165975103575e-02
2.278719397363464932e-02 1.883239171374764570e-04 2.789077212806026496e-01 1.696798493408662734e-01 8.116760828625235735e-02 2.431261770244821097e-01 1.883239171374764570e-04 1.337099811676082869e-02 1.282485875706214640e-01 6.233521657250470915e-02
2.604166666666666088e-04 1.018229166666666380e-01 4.453124999999998751e-02 7.111979166666665408e-01 1.096354166666666380e-01 2.604166666666666088e-04 2.604166666666666088e-04 1.588541666666666227e-02 2.604166666666666088e-04 1.588541666666666227e-02
4.141791044776119146e-02 3.026119402985074647e-01 6.753731343283582433e-02 3.731343283582089589e-04 3.731343283582089589e-04 1.902985074626865544e-02 6.007462686567164450e-02 3.731343283582089589e-04 5.078358208955223718e-01 3.731343283582089589e-04
3.416149068322981656e-03 5.931677018633541021e-02 4.288819875776397339e-01 3.105590062111801357e-04 3.105590062111801357e-04 2.580745341614906763e-01 3.105590062111801357e-04 3.105590062111801357e-04 2.301242236024844678e-01 1.894409937888198725e-02
1.111111111111110980e-02 1.418300653594771199e-01 2.856209150326797230e-01 3.030501089324618702e-01 2.178649237472767095e-04 2.178649237472767095e-04 3.289760348583877642e-02 2.178649237472767095e-04 1.222222222222222321e-01 1.026143790849673165e-01
1.086956521739130448e-03 1.086956521739130448e-03 1.532608695652173947e-01 1.086956521739130448e-03 1.750000000000000167e-01 2.076086956521739357e-01 1.086956521739130448e-03 1.086956521739130448e-03 4.576086956521739357e-01 1.086956521739130448e-03
1.326259946949602270e-04 5.981432360742705567e-02 2.135278514588859547e-02 5.611405835543766818e-01 2.706896551724137789e-01 2.267904509283819731e-02 1.326259946949602270e-04 1.326259946949602270e-04 6.379310344827586465e-02 1.326259946949602270e-04
8.555555555555556524e-02 2.629629629629629331e-02 1.888888888888888909e-02 5.374074074074073337e-01 1.114814814814814870e-01 1.744444444444444575e-01 3.703703703703704062e-04 3.703703703703704062e-04 2.259259259259259120e-02 2.259259259259259120e-02
2.309523809523809645e-01 7.936507936507936501e-04 1.119047619047618958e-01 7.936507936507936501e-04 7.936507936507936501e-04 7.936507936507936501e-04 1.436507936507936678e-01 7.936507936507936501e-04 7.936507936507936501e-04 5.087301587301586991e-01
1.280409731113956362e-04 1.280409731113956362e-04 3.778489116517285140e-01 4.918053777208706290e-01 1.280409731113956362e-04 5.262483994878360688e-02 9.090909090909088733e-03 1.280409731113956362e-04 1.165172855313700156e-02 5.646606914212547179e-02
3.906250000000001301e-04 1.214843750000000333e-01 8.203125000000002082e-03 3.050781250000000333e-01 4.183593750000000888e-01 8.203125000000002082e-03 1.175781250000000333e-01 3.906250000000001301e-04 8.203125000000002082e-03 1.210937500000000382e-02
1.851851851851852031e-04 9.648148148148148751e-02 1.499999999999999944e-02 5.353703703703703853e-01 1.853703703703703520e-01 7.240740740740740644e-02 1.851851851851852031e-04 2.055555555555555608e-02 7.425925925925926097e-02 1.851851851851852031e-04
7.808564231738032886e-03 3.047858942065490365e-02 2.518891687657430121e-04 6.753148614609570943e-01 6.826196473551635058e-02 6.070528967254406466e-02 5.289672544080603091e-03 2.518891687657430121e-04 4.811083123425691915e-02 1.035264483627203747e-01
1.980198019801980330e-04 1.980198019801980330e-04 1.091089108910891087e-01 1.229702970297029685e-01 4.635643564356435320e-01 4.158415841584158640e-03 1.980198019801980330e-04 4.178217821782178459e-02 2.576237623762376305e-01 1.980198019801980330e-04
4.596774193548387732e-02 2.688172043010752686e-04 2.045698924731182700e-01 6.266129032258064280e-01 2.688172043010752686e-04 2.688172043010752686e-04 5.645161290322581182e-03 2.956989247311828280e-03 1.131720430107526904e-01 2.688172043010752686e-04
2.617801047120419116e-04 1.285340314136125817e-01 6.047120418848168227e-02 2.617801047120419116e-04 7.879581151832461272e-02 7.094240837696334789e-02 5.054973821989529048e-01 2.879581151832461081e-03 9.450261780104712850e-02 5.785340314136126066e-02
1.084045584045583849e-01 6.994301994301993508e-02 1.952991452991452714e-01 4.816239316239315782e-01 8.689458689458686921e-03 9.131054131054128220e-02 1.424501424501424410e-04 1.424501424501424410e-04 4.430199430199429494e-02 1.424501424501424410e-04
1.097902097902098001e-01 4.895104895104895534e-03 1.797202797202797075e-01 1.937062937062936918e-01 8.648018648018648835e-02 2.331002331002331000e-04 1.750582750582750369e-01 2.331002331002331000e-04 8.648018648018648835e-02 1.634032634032633879e-01
9.699863574351977324e-02 7.380627557980901088e-02 1.364256480218281153e-04 3.562073669849932234e-01 3.289222373806275357e-01 2.469304229195088893e-02 6.834924965893587889e-02 9.686221009549795050e-03 4.106412005457026060e-02 1.364256480218281153e-04
6.294117647058823650e-02 5.901960784313725616e-02 2.354901960784313575e-01 1.903921568627450767e-01 1.196078431372548864e-02 1.960784313725490386e-04 1.845098039215686270e-01 1.960784313725490386e-04 1.217647058823529416e-01 1.335294117647058687e-01
1.555209953343701288e-04 1.555209953343701288e-04 2.738724727838257600e-01 5.740279937791601395e-01 1.555209953343701288e-04 7.636080870917573427e-02 1.570762052877137938e-02 1.710730948678071362e-03 2.192846034214618670e-02 3.592534992223949536e-02
9.418344519015657557e-02 2.259507829977628127e-02 6.935123042505591563e-03 6.042505592841161954e-01 1.232662192393735728e-01 4.720357941834450732e-02 2.237136465324384305e-04 3.825503355704697184e-02 6.286353467561520136e-02 2.237136465324384305e-04
1.805054151624548909e-04 9.765342960288808660e-02 3.808664259927797835e-02 2.258122743682310363e-01 3.196750902527075722e-01 1.101083032490974591e-02 1.805054151624548909e-04 1.805054151624548909e-04 3.070397111913357180e-01 1.805054151624548909e-04
2.702517162471395618e-01 1.192219679633867296e-01 2.288329519450801029e-04 3.480549199084668199e-01 1.855835240274599507e-01 2.288329519450801029e-04 2.288329519450801029e-04 5.972540045766591005e-02 2.288329519450801029e-04 1.624713958810068692e-02
1.432330827067669343e-01 1.507518796992481369e-01 1.507518796992481369e-01 3.988721804511278224e-01 3.759398496240601729e-04 3.759398496240601729e-04 3.759398496240601729e-04 3.759398496240601729e-04 1.545112781954887382e-01 3.759398496240601729e-04
1.477211796246648834e-01 2.680965147453083378e-04 7.265415549597856182e-02 1.906166219839141862e-01 2.388739946380696866e-01 1.664879356568364777e-01 2.975871313672922083e-02 2.680965147453083378e-04 1.477211796246648834e-01 5.630026809651474985e-03
1.539473684210526383e-01 6.184210526315789269e-02 4.385964912280701836e-04 2.592105263157895023e-01 2.679824561403508776e-01 2.109649122807017718e-01 4.385964912280701836e-04 1.359649122807017607e-02 3.114035087719298212e-02 4.385964912280701836e-04
9.597523219814239892e-03 2.507739938080494682e-02 3.095975232198142058e-04 2.817337461300309029e-02 3.095975232198142058e-04 2.817337461300309029e-02 8.702786377708977561e-01 3.095975232198142058e-04 1.578947368421052336e-02 2.198142414860680682e-02
3.583870967741935032e-01 3.548387096774193762e-03 7.129032258064516014e-02 2.325806451612903170e-01 3.225806451612903223e-04 3.225806451612903223e-04 4.548387096774193089e-02 3.225806451612903223e-04 2.841935483870967616e-01 3.548387096774193762e-03
4.587155963302753090e-04 1.880733944954128545e-02 4.587155963302753090e-04 1.885321100917431436e-01 2.848623853211009749e-01 4.270642201834862761e-01 6.926605504587156348e-02 4.587155963302753090e-04 4.587155963302753090e-04 9.633027522935782086e-03
1.994800693240900979e-01 6.949740034662045540e-02 1.733102253032929010e-04 3.935875216637781393e-01 1.942807625649913272e-01 5.563258232235702289e-02 3.639514731369150949e-03 1.733102253032929010e-04 7.105719237435008211e-03 7.642980935875216819e-02
1.602564102564102292e-04 1.091346153846153577e-01 4.504807692307691847e-01 3.495192307692306932e-01 1.602564102564102292e-04 1.602564102564102292e-04 6.570512820512818854e-03 1.602564102564102292e-04 1.602564102564102292e-04 8.349358974358972452e-02
6.833333333333331018e-03 3.034999999999999365e-01 1.201666666666666300e-01 4.818333333333332802e-01 1.666666666666666340e-04 1.666666666666666340e-04 1.666666666666666340e-04 1.666666666666666340e-04 8.016666666666664998e-02 6.833333333333331018e-03
4.237288135593221300e-04 2.584745762711864597e-02 9.364406779661019198e-02 4.237288135593221300e-04 5.639830508474577009e-01 2.419491525423729250e-01 4.237288135593221300e-04 4.237288135593221300e-04 1.737288135593220359e-02 5.550847457627119258e-02
2.320185614849187947e-04 3.039443155452435999e-02 8.143851508120650284e-02 1.603248259860788616e-01 2.136890951276101958e-01 4.155452436194895238e-01 2.320185614849187947e-04 1.183294663573085728e-02 5.359628770301624184e-02 3.271461716937355130e-02
3.578199052132701591e-02 2.369668246445497703e-04 2.630331753554502119e-02 3.959715639810426624e-01 1.919431279620853123e-02 4.030805687203791177e-01 2.867298578199051901e-02 2.369668246445497703e-04 3.578199052132701591e-02 5.473933649289099840e-02
4.444196428571428603e-01 1.029017857142857234e-01 2.232142857142857344e-04 2.234374999999999833e-01 1.944196428571428326e-01 2.232142857142857344e-04 1.808035714285714107e-02 2.455357142857143241e-03 2.232142857142857344e-04 1.361607142857142703e-02
3.548387096774193762e-03 2.809677419354838501e-01 4.548387096774193089e-02 3.261290322580644996e-01 1.358064516129032229e-01 3.225806451612903223e-04 3.225806451612903223e-04 3.225806451612903223e-04 1.809677419354838723e-01 2.612903225806451415e-02
2.511320754716980796e-01 2.849056603773584759e-02 1.886792452830188857e-04 4.699999999999999734e-01 1.907547169811320553e-01 3.415094339622641584e-02 1.886792452830188857e-04 1.886792452830188857e-04 2.283018867924528281e-02 2.075471698113207607e-03
4.508426966292134602e-02 8.862359550561796362e-02 9.985955056179772471e-02 6.883426966292134352e-01 3.946629213483145854e-02 7.162921348314605502e-03 1.404494382022471763e-04 1.404494382022471763e-04 3.103932584269662731e-02 1.404494382022471763e-04
2.152993348115299077e-01 2.017738359201773704e-02 1.753880266075387995e-01 2.217294900221729488e-04 8.447893569844790174e-02 3.749445676274944517e-01 2.217294900221729488e-04 2.217294900221729488e-04 4.235033259423503366e-02 8.669623059866962689e-02
2.109311740890688625e-01 1.542510121457490169e-01 3.279352226720647773e-02 2.757085020242914797e-01 1.218623481781376666e-01 1.744939271255060986e-01 8.502024291497977185e-03 4.048582995951417914e-04 2.064777327935222659e-02 4.048582995951417914e-04
3.484320557491289196e-04 6.310104529616724633e-01 3.832752613240418549e-03 3.484320557491289196e-04 5.958188153310105262e-02 3.170731707317073211e-02 2.473867595818815199e-02 3.484320557491289196e-04 1.118466898954703914e-01 1.362369337979094097e-01
3.126838235294117641e-01 2.408088235294117418e-02 1.068014705882353033e-01 4.450367647058823262e-01 1.086397058823529438e-01 1.838235294117647033e-04 1.838235294117647033e-04 1.838235294117647033e-04 1.838235294117647033e-04 2.022058823529411953e-03
2.832134292565947065e-01 2.160671462829736045e-01 2.398081534772182307e-04 1.537170263788968649e-01 3.095923261390887138e-01 2.398081534772182307e-04 2.398081534772182307e-04 2.398081534772182307e-04 3.621103117505995034e-02 2.398081534772182307e-04
2.469135802469135861e-04 7.185185185185186119e-02 2.348148148148148096e-01 5.185185185185185036e-03 2.469135802469135861e-04 2.469135802469135861e-04 3.481481481481481233e-02 2.469135802469135861e-04 8.172839506172839552e-02 5.706172839506172823e-01
1.694510739856801979e-02 2.386634844868735139e-04 3.200477326968973468e-01 1.840095465393794538e-01 2.508353221957040358e-01 5.990453460620525500e-02 2.386634844868735139e-04 2.386634844868735139e-04 1.482100238663484615e-01 1.933174224343675238e-02
3.790123456790124301e-01 4.156378600823046332e-02 4.115226337448560671e-04 2.473251028806585095e-01 3.090534979423869011e-01 4.115226337448560671e-04 4.115226337448560671e-04 4.526748971193417063e-03 1.687242798353909626e-02 4.115226337448560671e-04
4.205314009661835772e-01 8.478260869565218405e-02 5.338164251207729721e-02 4.012077294685990059e-01 2.415458937198067843e-04 2.681159420289854975e-02 7.487922705314009608e-03 2.415458937198067843e-04 5.072463768115942524e-03 2.415458937198067843e-04
6.719745222929936201e-02 3.535031847133757871e-02 3.184713375796178721e-04 5.385350318471336939e-01 2.423566878980891459e-01 3.184713375796178721e-04 6.719745222929936201e-02 2.898089171974522343e-02 3.184713375796178721e-04 1.942675159235668705e-02
2.729603729603729545e-01 6.783216783216783341e-02 1.004662004662004726e-01 3.475524475524475188e-01 2.331002331002331000e-04 2.564102564102564100e-03 2.331002331002331000e-04 7.226107226107226535e-03 1.144522144522144569e-01 8.648018648018648835e-02
1.547425474254742472e-01 4.363143631436314923e-02 2.710027100271002708e-04 3.498644986449864214e-01 4.094850948509484723e-01 2.710027100271002708e-04 2.710027100271002708e-04 4.092140921409213872e-02 2.710027100271002708e-04 2.710027100271002708e-04
1.986899563318776998e-02 8.100436681222707158e-02 5.698689956331877415e-02 7.731441048034933816e-01 2.183406113537117682e-04 6.768558951965064976e-03 8.951965065502181032e-03 2.183406113537117682e-04 5.262008733624453510e-02 2.183406113537117682e-04
2.276485788113694897e-01 2.583979328165375003e-04 1.165374677002583986e-01 2.583979328165375003e-04 4.677002583979328332e-02 1.630490956072351560e-01 8.010335917312661966e-03 9.844961240310078077e-02 2.948320413436692489e-01 4.418604651162791330e-02
3.630573248407643894e-02 2.356687898089171798e-02 5.055201698513800412e-01 1.912951167728237645e-01 1.082802547770700570e-02 8.089171974522293973e-02 6.581740976645435517e-03 2.123142250530785633e-04 1.084925690021231459e-01 3.630573248407643894e-02
1.430615164520744023e-04 5.021459227467811592e-02 2.876967095851216127e-01 3.148783977110157228e-01 7.453505007153075901e-02 1.761087267525035804e-01 3.004291845493562395e-03 1.430615164520744023e-04 3.161659513590844156e-02 6.165951359084406724e-02
2.784810126582278056e-03 8.179746835443035824e-01 1.544303797468353848e-02 2.531645569620252778e-04 1.116455696202531406e-01 2.531645569620252778e-04 2.531645569620252778e-04 2.531645569620252778e-04 5.088607594936708084e-02 2.531645569620252778e-04
3.610108303249097818e-04 3.610108303249097818e-04 1.555956678700361195e-01 2.458483754512635067e-01 4.841155234657039674e-01 5.090252707581227609e-02 3.610108303249097818e-04 3.610108303249097818e-04 6.173285198555956976e-02 3.610108303249097818e-04
7.644927536231885257e-02 3.623188405797101493e-04 8.731884057971014967e-02 7.608695652173913353e-03 3.623188405797101493e-04 5.148550724637680487e-01 6.557971014492754158e-02 3.623188405797101493e-04 2.210144927536231846e-02 2.250000000000000056e-01
2.557544757033248400e-04 6.396419437340152836e-01 3.094629156010230212e-02 2.557544757033248400e-04 6.675191815856777733e-02 1.304347826086956451e-02 4.884910485933504493e-02 2.813299232736573077e-03 1.971867007672634120e-01 2.557544757033248400e-04
5.599999999999999943e-03 7.760000000000000231e-02 3.226666666666666572e-02 4.802666666666666750e-01 2.935999999999999721e-01 8.560000000000000941e-02 2.666666666666666794e-04 2.666666666666666794e-04 1.893333333333333326e-02 5.599999999999999943e-03
6.736111111111110772e-02 2.942129629629629539e-01 3.263888888888889089e-02 5.233796296296295836e-01 4.652777777777777901e-02 2.314814814814814903e-04 2.314814814814814903e-04 2.314814814814814903e-04 3.495370370370370211e-02 2.314814814814814903e-04
1.863563402889245602e-01 2.584269662921348520e-02 1.831460674157303348e-01 1.799357945425361094e-01 1.590690208667736583e-01 4.991974317817014783e-02 1.605136436597110741e-04 1.125200642054574596e-01 1.028892455858747834e-01 1.605136436597110741e-04
1.788908765652951925e-04 1.788908765652951925e-04 2.971377459749552918e-01 6.636851520572450980e-02 9.123434704830053407e-03 3.704830053667262924e-01 1.967799642218247009e-03 3.756708407871198717e-03 1.397137745974955103e-01 1.110912343470483038e-01
4.878504672897196470e-02 3.497196261682242735e-01 3.009345794392523712e-02 2.056074766355140554e-03 2.244859813084112143e-01 1.869158878504673083e-04 1.945794392523364502e-01 1.869158878504673083e-04 1.497196261682242902e-01 1.869158878504673083e-04
4.605263157894737280e-03 2.434210526315789408e-02 2.192982456140350918e-04 5.462719298245614086e-01 1.778508771929824539e-01 1.822368421052631415e-01 3.750000000000000555e-02 2.412280701754386091e-03 8.991228070175437057e-03 1.557017543859649106e-02
5.328282828282828593e-02 7.601010101010101383e-02 6.338383838383838953e-02 3.992424242424242320e-01 3.386363636363636243e-01 2.525252525252525250e-04 2.777777777777777884e-03 2.550505050505050275e-02 3.308080808080807872e-02 7.828282828282828384e-03
1.601522842639593880e-01 2.538071065989847843e-04 5.329949238578680741e-03 1.677664974619289262e-01 4.088832487309644326e-01 2.538071065989847843e-04 2.791878172588832790e-03 5.862944162436548728e-02 1.804568527918781473e-01 1.548223350253806994e-02
3.484320557491289196e-04 3.484320557491289196e-04 1.919860627177700507e-01 9.442508710801393590e-02 1.327526132404181214e-01 1.850174216027874741e-01 3.484320557491289196e-04 3.484320557491289196e-04 3.940766550522648015e-01 3.484320557491289196e-04
1.779359430604982332e-04 1.779359430604982332e-04 2.617437722419928559e-01 1.085409252669039017e-02 1.727758007117437544e-01 2.208185053380782858e-01 1.779359430604982332e-04 1.779359430604982332e-04 2.314946619217081725e-01 1.016014234875444872e-01
2.297764227642276336e-01 1.423780487804877926e-01 2.246951219512195175e-01 1.117886178861788671e-03 1.108739837398373951e-01 1.016260162601626015e-04 6.819105691056910612e-02 7.215447154471544763e-03 2.135162601626016121e-01 2.134146341463414795e-03
1.728832951945079854e-01 3.672768878718535301e-02 5.596109839816932885e-01 1.144164759725400379e-04 1.144164759725400379e-04 1.213958810068649641e-01 1.144164759725400379e-04 1.144164759725400379e-04 1.144164759725400379e-04 1.088100686498855579e-01
2.079002079002079117e-04 7.920997920997921438e-02 1.353430353430353228e-01 2.476091476091475951e-01 3.848232848232848169e-01 2.079002079002079117e-04 2.079002079002079117e-04 2.079002079002079117e-04 1.103950103950104011e-01 4.178794178794179026e-02
9.094202898550725334e-02 9.818840579710146066e-02 1.054347826086956541e-01 3.699275362318840132e-01 3.623188405797101493e-04 3.623188405797101493e-04 3.297101449275362250e-02 3.623188405797101493e-04 2.974637681159419955e-01 3.985507246376812293e-03
4.761904761904762985e-04 5.238095238095239609e-03 4.761904761904762985e-04 1.000000000000000194e-02 3.814285714285714501e-01 3.857142857142857595e-02 4.761904761904762985e-04 3.195238095238095433e-01 2.433333333333333737e-01 4.761904761904762985e-04
2.071428571428571286e-01 2.539408866995073732e-01 2.463054187192118580e-04 2.463054187192118580e-04 1.332512315270935888e-01 2.463054187192118580e-04 2.463054187192118580e-04 5.197044334975369634e-02 2.194581280788177324e-01 1.332512315270935888e-01
2.457002457002456942e-04 2.457002457002456942e-04 8.624078624078623800e-02 3.073710073710073654e-01 6.904176904176904939e-02 1.918918918918918748e-01 2.041769041769041504e-01 1.329238329238329186e-01 7.616707616707616736e-03 2.457002457002456942e-04
7.124802527646129091e-02 3.491311216429700270e-02 5.229067930489731536e-02 3.935229067930489655e-01 2.197472353870457973e-01 1.911532385466034600e-02 1.737756714060031829e-03 1.028436018957345904e-01 1.044233807266982533e-01 1.579778830963665226e-04
6.112026359143327842e-02 3.476112026359143292e-02 1.812191103789126921e-03 4.812191103789127400e-01 2.439868204283360820e-01 1.006589785831960432e-01 1.647446457990115506e-04 4.794069192751235914e-02 1.647446457990115506e-04 2.817133443163097328e-02
1.831501831501831500e-04 1.117216117216117237e-02 9.340659340659340434e-03 1.831501831501831500e-04 2.895604395604395309e-01 3.864468864468864617e-02 3.846153846153846367e-03 3.353479853479853223e-01 2.712454212454212255e-01 4.047619047619047811e-02
2.151869158878504662e-01 2.827102803738317655e-02 1.030373831775700938e-01 2.336448598130841218e-04 1.658878504672896964e-02 2.806074766355139971e-01 2.570093457943925259e-03 1.357476635514018592e-01 1.147196261682243007e-01 1.030373831775700938e-01
2.188183807439825028e-04 5.711159737417943749e-02 2.188183807439825028e-04 3.196936542669583936e-01 4.247264770240700149e-01 8.971553610503281775e-03 2.188183807439825028e-04 2.407002188183807612e-03 1.818380743982494496e-01 4.595185995623632912e-03
5.655430711610486688e-02 7.865168539325843172e-03 3.745318352059925243e-04 3.786516853932583859e-01 1.352059925093632986e-01 6.404494382022472843e-02 3.745318352059925243e-04 3.745318352059925243e-04 3.187265917602996046e-01 3.782771535580524425e-02
4.291845493562232612e-04 4.291845493562232612e-04 4.291845493562232612e-04 5.369098712446351840e-01 3.824034334763948828e-01 7.339055793991418331e-02 4.721030042918456307e-03 4.291845493562232612e-04 4.291845493562232612e-04 4.291845493562232612e-04
1.401069518716577256e-02 1.069518716577540050e-04 4.674866310160427640e-01 3.583957219251336923e-01 1.069518716577540050e-04 4.181818181818181684e-02 1.069518716577540050e-04 1.069518716577540050e-04 1.069518716577540050e-04 1.177540106951871501e-01
7.623762376237623595e-02 3.300330033003300370e-04 2.016501650165016535e-01 1.455445544554455628e-01 3.300330033003300370e-04 5.250825082508250308e-01 4.323432343234323572e-02 3.300330033003300370e-04 3.300330033003300370e-04 6.930693069306930777e-03
2.733446519524618257e-02 1.697792869269949150e-04 1.697792869269949150e-04 4.517826825127334578e-01 3.753820033955857505e-01 2.903225806451613031e-02 1.205432937181663729e-02 5.263157894736841987e-03 9.864176570458403626e-02 1.697792869269949150e-04
1.075704225352112769e-01 1.920774647887323883e-01 1.760563380281690235e-04 4.947183098591549644e-02 3.628521126760563265e-01 7.059859154929577774e-02 1.760563380281690235e-04 1.936619718309859394e-03 1.797535211267605459e-01 3.538732394366197326e-02
5.675381263616557231e-02 4.477124183006535307e-02 1.089324618736383412e-04 3.933551198257080328e-01 2.844226579520697240e-01 1.253812636165577143e-01 3.714596949891067063e-02 1.318082788671023735e-02 1.089324618736383412e-04 4.477124183006535307e-02
2.159827213822893867e-04 1.038876889848811824e-01 3.909287257019437856e-02 7.194384449244058954e-01 1.125269978401727683e-01 1.317494600431965042e-02 2.375809935205183254e-03 2.159827213822893867e-04 6.695464362850970554e-03 2.375809935205183254e-03
2.364066193853427784e-04 1.042553191489361541e-01 8.534278959810874532e-02 7.780141843971630777e-01 2.624113475177304589e-02 2.364066193853427784e-04 2.364066193853427784e-04 2.600472813238770536e-03 2.600472813238770536e-03 2.364066193853427784e-04
3.729508196721311591e-02 6.188524590163935191e-02 4.098360655737705457e-04 7.545081967213115304e-01 1.192622950819672289e-01 4.098360655737705457e-04 4.508196721311476599e-03 4.098360655737705457e-04 2.090163934426229539e-02 4.098360655737705457e-04
1.041558441558441545e-01 2.597402597402597400e-04 1.015584415584415562e-01 3.327272727272727049e-01 2.597402597402597400e-04 3.249350649350649101e-01 2.597402597402597400e-04 2.597402597402597400e-04 9.636363636363637353e-02 3.922077922077921858e-02
1.791530944625406921e-03 1.628664495114006316e-04 3.926710097719868786e-01 4.675895765472312116e-01 1.156351791530944341e-02 1.628664495114006316e-04 1.807817589576546716e-02 1.628664495114006316e-04 1.319218241042344891e-02 9.462540716612376224e-02
5.475113122171946373e-02 7.737556561085974505e-02 4.524886877828055028e-04 6.565610859728507887e-01 1.995475113122172350e-01 4.524886877828055028e-04 4.524886877828055028e-04 4.524886877828055028e-04 9.502262443438914963e-03 4.524886877828055028e-04
4.026548672566371279e-02 4.424778761061947383e-04 4.424778761061947383e-04 4.606194690265486558e-01 2.703539823008849763e-01 4.469026548672565963e-02 1.814159292035398205e-02 7.123893805309734761e-02 9.336283185840708876e-02 4.424778761061947383e-04
2.997005988023951906e-01 2.994011976047904157e-04 2.994011976047904157e-04 3.293413173652694897e-03 7.514970059880239639e-02 2.994011976047904157e-04 3.625748502994011746e-01 1.979041916167664505e-01 6.017964071856287539e-02 2.994011976047904157e-04
1.473118279569892441e-01 2.903225806451612684e-02 3.584229390681003581e-04 6.777777777777778123e-01 1.222222222222222321e-01 2.186379928315412141e-02 3.584229390681003581e-04 3.584229390681003581e-04 3.584229390681003581e-04 3.584229390681003581e-04
8.333333333333333868e-04 8.333333333333333868e-04 4.591666666666666674e-01 1.174999999999999933e-01 8.333333333333333868e-04 8.333333333333333868e-04 8.333333333333333868e-04 8.333333333333333868e-04 1.925000000000000044e-01 2.258333333333333581e-01
8.495762711864407457e-02 1.080508474576271152e-02 3.349576271186440746e-01 5.044491525423728806e-01 3.834745762711865014e-02 2.118644067796610379e-04 1.080508474576271152e-02 2.118644067796610379e-04 1.504237288135593098e-02 2.118644067796610379e-04
3.771106941838649196e-02 6.397748592870544648e-02 3.866791744840525347e-01 3.904315196998123794e-01 1.707317073170731489e-02 1.876172607879924951e-04 1.876172607879924951e-04 1.876172607879924951e-04 1.015009380863039490e-01 2.063789868667917447e-03
4.777777777777778012e-02 2.541269841269841456e-01 1.746031746031746247e-03 8.095238095238094581e-03 3.811111111111111227e-01 2.873015873015873078e-02 1.620634920634920484e-01 1.587301587301587300e-04 1.112698412698412548e-01 4.920634920634920847e-03
9.838150289017338901e-02 3.479768786127167279e-02 1.619653179190751191e-01 4.914450867052022609e-01 1.480924855491329295e-01 1.156069364161849676e-04 1.283236994219652885e-02 1.156069364161849676e-04 4.635838150289017107e-02 5.895953757225432315e-03
1.287990196078431238e-01 1.482843137254901897e-02 1.225490196078431356e-04 4.302696078431372806e-01 3.113970588235294157e-01 3.933823529411764608e-02 2.095588235294117835e-02 3.933823529411764608e-02 1.482843137254901897e-02 1.225490196078431356e-04
1.097847358121330774e-01 6.868884540117417559e-02 2.367906066536203460e-02 9.980430528375733995e-03 1.587084148727984367e-01 1.389432485322896274e-02 1.645792563600782799e-01 1.958904109589041098e-01 2.545988258317025132e-01 1.956947162426614535e-04
1.335632183908045945e-01 1.128735632183908016e-01 2.298850574712643863e-04 4.577011494252873347e-01 1.979310344827586166e-01 1.172413793103448121e-02 2.528735632183908358e-03 2.091954022988505579e-02 6.229885057471264836e-02 2.298850574712643863e-04
2.153184837827276307e-02 3.907776475185619381e-05 3.677608440797186518e-01 2.008987885892926928e-01 3.907776475185619381e-05 1.844861273935131107e-01 4.337631887456037255e-03 3.403673309886674075e-02 5.162172723720202805e-02 1.352481438061743091e-01
3.351851851851852387e-02 4.168518518518518623e-01 2.037037037037037288e-03 1.851851851851852031e-04 4.242592592592592249e-01 1.851851851851852031e-04 1.851851851851852031e-04 1.851851851851852031e-04 1.224074074074073953e-01 1.851851851851852031e-04
1.754385964912280843e-04 1.054385964912280677e-01 1.598245614035087581e-01 2.615789473684210220e-01 1.754385964912280843e-04 2.492982456140350744e-01 9.140350877192983392e-02 1.754385964912280843e-04 1.177192982456140291e-01 1.421052631578947380e-02
2.732432432432432279e-01 2.702702702702702744e-04 2.702702702702702744e-04 1.705405405405405472e-01 3.489189189189189078e-01 1.918918918918918748e-02 4.621621621621622295e-02 1.300000000000000044e-01 8.378378378378377803e-03 2.972972972972973398e-03
6.580516898608348986e-02 1.254473161033796968e-01 6.381709741550695147e-02 5.469184890656063613e-01 1.552683896620278003e-01 6.163021868787275925e-03 1.988071570576540551e-04 1.988071570576540551e-04 3.598409542743538636e-02 1.988071570576540551e-04
3.134796238244514309e-04 3.134796238244514309e-04 1.006269592476489033e-01 3.793103448275862016e-02 4.203761755485893037e-01 8.808777429467085085e-02 3.134796238244514309e-04 1.570532915360501602e-01 1.884012539184952983e-01 6.583072100313480321e-03
3.296903460837887628e-02 4.389799635701275432e-02 1.821493624772313295e-04 5.411657559198542744e-01 3.025500910746812266e-01 6.393442622950819276e-02 2.003642987249544625e-03 1.293260473588342396e-02 1.821493624772313295e-04 1.821493624772313295e-04
5.291005291005291362e-04 5.291005291005291362e-04 1.592592592592592671e-01 2.121693121693121742e-01 7.460317460317460181e-02 4.026455026455026398e-01 5.291005291005291362e-04 5.820105820105820824e-03 1.433862433862433949e-01 5.291005291005291362e-04
6.969696969696970168e-02 1.341991341991342034e-02 2.125541125541125509e-01 4.329004329004329001e-04 4.761904761904762334e-03 2.428571428571428548e-01 4.329004329004329001e-04 4.372294372294371900e-02 1.086580086580086618e-01 3.034632034632034348e-01
1.419417475728155242e-01 5.650485436893204483e-02 1.941747572815534116e-04 1.633009708737863941e-01 3.710679611650485321e-01 1.361165048543689082e-01 1.941747572815534116e-04 1.941747572815534116e-04 1.941747572815534116e-04 1.302912621359223200e-01
1.740853658536585524e-01 9.786585365853658902e-02 3.993902439024390322e-02 6.344512195121950748e-01 3.048780487804878046e-04 3.048780487804878046e-04 3.048780487804878046e-04 3.048780487804878046e-04 4.908536585365853855e-02 3.353658536585366230e-03
2.949852507374631227e-04 2.274336283185840468e-01 1.153392330383480879e-01 4.103244837758112107e-01 1.389380530973451378e-01 3.244837758112094784e-03 2.949852507374631227e-04 2.949852507374631227e-04 1.035398230088495630e-01 2.949852507374631227e-04
2.689922480620154932e-01 1.576227390180878415e-02 4.160206718346253635e-02 2.534883720930232176e-01 2.870801033591731111e-01 4.677002583979328332e-02 8.552971576227390293e-02 2.583979328165375003e-04 2.583979328165375003e-04 2.583979328165375003e-04
9.306518723994450237e-02 2.371705963938973427e-02 1.386962552011095681e-04 6.284327323162274270e-01 2.095700416088765172e-01 1.678224687933425538e-02 1.386962552011095681e-04 1.816920943134535046e-02 1.386962552011095681e-04 9.847434119278778222e-03
1.162162162162162227e-01 3.861003861003860986e-04 4.289575289575289219e-01 1.123552123552123555e-01 3.861003861003860986e-04 3.861003861003860986e-04 4.247104247104247464e-03 8.108108108108108558e-03 2.281853281853281901e-01 1.007722007722007818e-01
9.516380655226207991e-03 1.716068642745710018e-03 4.227769110764430932e-02 5.430577223088923766e-01 2.185647425897035701e-01 1.124804992199687909e-01 1.560062402496099844e-04 1.560062402496099844e-04 9.516380655226207991e-03 6.255850234009360800e-02
1.797169811320755151e-01 3.820754716981132615e-02 4.716981132075472819e-04 4.716981132075472819e-04 1.985849056603773977e-01 6.179245283018868634e-02 3.966981132075472205e-01 1.231132075471698395e-01 4.716981132075472819e-04 4.716981132075472819e-04
1.865443425076452472e-02 3.058103975535168546e-04 3.058103975535168546e-04 3.363914373088685347e-03 3.088685015290519933e-02 1.012232415902140775e-01 3.703363914373088428e-01 1.929663608562691146e-01 2.816513761467889787e-01 3.058103975535168546e-04
1.203832752613240020e-01 6.463414634146340265e-02 2.804878048780487521e-02 5.019163763066201156e-01 1.047038327526132184e-01 5.766550522648082600e-02 6.114982578397211432e-02 6.114982578397211432e-02 1.742160278745644327e-04 1.742160278745644327e-04
2.372848948374760847e-01 6.520076481835564153e-02 1.912045889101338418e-04 2.105162523900573623e-01 3.768642447418737995e-01 1.912045889101338418e-04 2.122370936902485614e-02 3.078393881453155012e-02 3.269598470363289239e-02 2.504780114722753373e-02
8.078512396694213782e-02 3.533057851239669589e-02 1.673553719008264232e-02 6.324380165289256173e-01 2.130165289256197858e-01 1.466942148760330342e-02 2.066115702479338792e-04 6.404958677685949550e-03 2.066115702479338792e-04 2.066115702479338792e-04
1.352331606217616611e-01 2.803108808290155629e-01 3.678756476683937848e-02 1.507772020725388629e-01 1.093264248704663294e-01 1.974093264248704682e-01 5.181347150259067117e-04 8.860103626943005573e-02 5.181347150259067117e-04 5.181347150259067117e-04
1.191895113230035779e-04 1.680572109654350499e-02 5.328963051251489613e-01 1.323003575685339703e-02 1.191895113230035779e-04 8.593563766388556679e-02 3.706793802145411099e-02 3.825983313468415276e-02 2.110846245530393350e-01 6.448152562574493984e-02
9.869565217391303158e-02 4.652173913043478742e-02 1.449275362318840543e-04 5.479710144927536497e-01 1.595652173913043315e-01 1.449275362318840543e-04 1.449275362318840543e-04 6.971014492753623004e-02 7.695652173913043737e-02 1.449275362318840543e-04
2.188183807439825028e-04 3.741794310722101197e-02 2.407002188183807612e-03 2.188183807439825028e-04 5.231947483588621495e-01 1.140043763676148875e-01 2.210065645514223270e-02 2.407002188183807612e-03 2.562363238512034846e-01 4.179431072210065823e-02
4.761904761904762334e-03 2.267573696145124831e-04 4.900226757369614550e-01 2.814058956916099530e-01 2.267573696145124831e-04 9.546485260770976033e-02 2.267573696145124831e-04 2.267573696145124831e-04 1.136054421768707551e-01 1.383219954648525971e-02
3.262032085561496902e-02 5.347593582887700658e-04 1.395721925133689978e-01 3.796791443850267012e-02 3.374331550802139312e-01 5.347593582887700658e-04 5.347593582887700658e-04 2.465240641711229919e-01 2.037433155080214109e-01 5.347593582887700658e-04
3.436426116838488232e-04 3.436426116838488232e-04 1.962199312714776600e-01 6.051546391752576914e-01 7.216494845360825125e-03 6.563573883161512301e-02 3.436426116838488232e-04 3.436426116838488232e-04 3.436426116838488232e-04 1.240549828178694192e-01
2.651162790697674312e-02 4.916279069767441334e-01 1.582945736434108186e-01 1.550387596899224622e-04 3.116279069767441401e-02 1.550387596899224622e-04 8.077519379844960712e-02 1.550387596899224622e-04 8.232558139534881803e-02 1.288372093023255616e-01
1.984126984126984125e-04 3.988095238095238498e-02 1.033730158730158805e-01 2.561507936507936289e-01 1.688492063492063322e-01 1.192460317460317526e-01 1.053571428571428575e-01 1.984126984126984125e-04 1.867063492063491814e-01 2.003968253968253788e-02
5.932203389830508627e-03 1.387005649717514277e-01 2.824858757062146991e-04 2.824858757062146991e-04 4.494350282485875536e-01 5.932203389830508627e-03 2.824858757062146991e-04 1.019774011299435096e-01 2.968926553672316393e-01 2.824858757062146991e-04
1.622406639004149442e-01 4.149377593360996288e-04 1.456431535269709643e-01 4.149377593360996288e-04 1.290456431535269843e-01 2.161825726141078929e-01 2.116182572614107651e-02 4.149377593360996288e-04 2.037344398340248941e-01 1.207468879668049805e-01
2.298850574712643863e-04 1.632183908045976850e-02 1.427586206896551690e-01 9.448275862068965247e-02 2.209195402298850530e-01 2.298850574712643863e-04 2.298850574712643863e-04 2.691954022988505835e-01 2.531034482758620641e-01 2.528735632183908358e-03
1.210157618213659886e-01 3.677758318739053536e-03 4.570928196147109462e-02 6.551663747810857474e-01 1.140105078809106470e-01 2.994746059544658306e-02 2.119089316987740265e-02 1.751313485113835172e-04 8.931698774080558401e-03 1.751313485113835172e-04
2.212389380530973421e-04 5.553097345132743112e-02 6.816371681415929196e-01 4.225663716814159060e-02 9.070796460176989290e-03 2.433628318584070763e-03 2.433628318584070763e-03 2.212389380530973421e-04 7.544247787610618150e-02 1.307522123893805066e-01
4.175257731958762625e-02 5.154639175257732077e-04 5.154639175257732077e-04 5.154639175257732077e-04 5.721649484536082270e-02 2.221649484536082630e-01 5.154639175257732077e-04 1.912371134020618701e-01 1.036082474226804190e-01 3.819587628865979134e-01
2.350427350427349883e-03 7.072649572649571115e-02 5.149572649572648625e-02 6.326923076923075540e-01 8.568376068376067078e-02 2.136752136752136479e-04 2.136752136752136479e-04 2.136752136752136479e-04 1.561965811965811413e-01 2.136752136752136479e-04
