2.762430939226518463e-04 2.762430939226518463e-04 2.762430939226518463e-04 2.762430939226518463e-04 2.762430939226518463e-04 8.314917127071820568e-02 1.549723756906076777e-01 2.762430939226518463e-04 3.038674033149170364e-03 2.762430939226518463e-04 9.696132596685080873e-02 8.563535911602207507e-03 5.801104972375689152e-03 2.762430939226518463e-04 2.762430939226518463e-04 4.447513812154695045e-02 2.762430939226518463e-04 2.350828729281767004e-01 8.867403314917124413e-02 2.762430939226518463e-04 3.895027624309391201e-02 2.762430939226518463e-04 2.762430939226518463e-04 8.563535911602207507e-03 1.408839779005524248e-02 4.447513812154695045e-02 2.762430939226518463e-04 1.685082872928176170e-02 2.762430939226518463e-04 1.522099447513811654e-01
3.039513677811549273e-04 3.343465045592704417e-03 4.589665653495438730e-02 1.735562310030394628e-01 3.039513677811549273e-04 3.039513677811549273e-04 3.039513677811549273e-04 3.039513677811549273e-04 3.039513677811549273e-04 9.422492401215802962e-03 3.039513677811549273e-04 5.805471124620058959e-02 3.069908814589664484e-02 3.039513677811549273e-04 3.981762917933129309e-02 3.039513677811549273e-04 3.343465045592704417e-03 3.039513677811549273e-04 3.039513677811549273e-04 3.677811550151974251e-02 3.039513677811549273e-04 3.039513677811549273e-04 4.197568389057749205e-01 3.039513677811549273e-04 3.039513677811549273e-04 3.039513677811549273e-04 3.039513677811549273e-04 9.422492401215802962e-03 1.644376899696048111e-01 3.039513677811549273e-04
1.642036124794745268e-04 1.642036124794745268e-04 5.090311986863709816e-03 1.642036124794745268e-04 1.642036124794745268e-04 6.732348111658455030e-03 2.234811165845648206e-01 1.001642036124794459e-02 1.642036124794745268e-04 3.448275862068965036e-03 4.778325123152708798e-02 1.642036124794745268e-04 1.642036124794745268e-04 2.972085385878488889e-02 1.642036124794745268e-04 1.134646962233168827e-01 1.642036124794745268e-04 2.399014778325122554e-01 7.405582922824301140e-02 3.448275862068965036e-03 1.642036124794745268e-04 1.642036124794745268e-04 1.806239737274219822e-03 1.642036124794745268e-04 3.464696223316912627e-02 1.642036124794745268e-04 1.642036124794745268e-04 5.927750410509030621e-02 2.479474548440065151e-02 1.200328407224958566e-01
1.999999999999999554e-04 1.219999999999999730e-02 1.999999999999999554e-04 1.999999999999999554e-04 1.999999999999999554e-04 1.999999999999999554e-04 2.019999999999999574e-02 1.999999999999999554e-04 1.999999999999999554e-04 9.619999999999997997e-02 2.199999999999999699e-03 1.521999999999999464e-01 1.999999999999999554e-04 1.999999999999999554e-04 1.999999999999999554e-04 1.999999999999999554e-04 3.621999999999999109e-01 6.219999999999999141e-02 4.619999999999999107e-02 1.999999999999999554e-04 1.999999999999999554e-04 1.019999999999999726e-02 1.999999999999999554e-04 1.521999999999999464e-01 2.199999999999999699e-03 1.999999999999999554e-04 1.999999999999999554e-04 7.819999999999999174e-02 1.999999999999999554e-04 1.999999999999999554e-04
2.150537634408601878e-04 2.150537634408601878e-04 2.150537634408601878e-04 2.150537634408601878e-04 2.150537634408601878e-04 2.150537634408601878e-04 2.150537634408601878e-04 2.150537634408601878e-04 2.150537634408601878e-04 1.636559139784945771e-01 2.817204301075268078e-02 3.679569892473117387e-01 2.150537634408601878e-04 2.150537634408601878e-04 4.516129032258063211e-03 1.486021505376343699e-01 8.817204301075265774e-03 1.956989247311827565e-02 2.150537634408601878e-04 2.150537634408601878e-04 6.666666666666665360e-03 4.516129032258063211e-03 2.150537634408601878e-04 2.088172043010751988e-01 2.150537634408601878e-04 2.365591397849461930e-03 2.150537634408601878e-04 3.247311827956988334e-02 2.150537634408601878e-04 2.150537634408601878e-04
2.840909090909091313e-04 3.437499999999999584e-02 2.840909090909091313e-04 2.840909090909091313e-04 2.840909090909091313e-04 2.840909090909091313e-04 7.982954545454545858e-02 1.196022727272727376e-01 1.309659090909091050e-01 4.573863636363637020e-02 2.840909090909091313e-04 3.125000000000000173e-03 2.840909090909091313e-04 2.840909090909091313e-04 2.840909090909091313e-04 4.005681818181817955e-02 1.053977272727272818e-01 2.840909090909091313e-04 1.448863636363636326e-02 2.840909090909091313e-04 2.840909090909091313e-04 2.840909090909091313e-04 2.840909090909091313e-04 2.840909090909091313e-04 1.164772727272727140e-02 2.585227272727272721e-02 2.840909090909091313e-04 1.991477272727272541e-01 2.840909090909091313e-04 1.849431818181818121e-01
4.805491990846681022e-03 2.288329519450800487e-04 6.201372997711668972e-02 2.288329519450800487e-04 2.288329519450800487e-04 2.311212814645308145e-02 7.345537757437069215e-02 2.288329519450800487e-04 1.215102974828374954e-01 9.382151029748280260e-03 2.288329519450800487e-04 2.288329519450800487e-04 2.288329519450800487e-04 1.558352402745994958e-01 2.288329519450800487e-04 2.288329519450800487e-04 2.288329519450800487e-04 7.093821510297481509e-03 8.718535469107549507e-02 1.167048054919908075e-02 6.659038901601829763e-02 7.803203661327229312e-02 6.887871853546909118e-02 2.288329519450800487e-04 1.604118993135010829e-01 2.288329519450800487e-04 2.288329519450800487e-04 5.972540045766588923e-02 2.288329519450800487e-04 7.093821510297481509e-03
4.347826086956522985e-04 3.521739130434783233e-02 4.347826086956522985e-04 4.347826086956522985e-04 2.217391304347826608e-02 3.521739130434783233e-02 4.347826086956522985e-04 4.347826086956522985e-04 4.347826086956522985e-04 4.347826086956522985e-04 4.347826086956522985e-04 1.873913043478261375e-01 4.347826086956522985e-04 4.347826086956522985e-04 4.782608695652175446e-03 1.782608695652174169e-02 1.347826086956522076e-02 4.347826086956522985e-04 4.347826086956522985e-04 4.347826086956522985e-04 4.347826086956522985e-04 4.347826086956522985e-04 3.308695652173913593e-01 1.352173913043478726e-01 4.782608695652175446e-03 4.347826086956522985e-04 5.695652173913044736e-02 1.178260869565217750e-01 3.086956521739131140e-02 4.347826086956522985e-04
2.150537634408601878e-04 8.817204301075265774e-03 2.365591397849461930e-03 2.150537634408601878e-04 2.150537634408601878e-04 2.150537634408601878e-04 2.150537634408601878e-04 2.150537634408601878e-04 2.150537634408601878e-04 1.292473118279569566e-01 2.817204301075268078e-02 3.873118279569891520e-01 2.150537634408601878e-04 2.150537634408601878e-04 2.150537634408601878e-04 1.507526881720429590e-01 4.516129032258063211e-03 3.032258064516128379e-02 2.150537634408601878e-04 2.150537634408601878e-04 2.150537634408601878e-04 2.150537634408601878e-04 2.150537634408601878e-04 2.217204301075268169e-01 6.666666666666665360e-03 2.150537634408601878e-04 2.150537634408601878e-04 2.602150537634407776e-02 2.150537634408601878e-04 2.150537634408601878e-04
3.216374269005848122e-03 2.923976608187134557e-04 3.216374269005848122e-03 3.216374269005848122e-03 2.923976608187134557e-04 2.923976608187134557e-04 1.289473684210526438e-01 1.143274853801169583e-01 1.026315789473684209e-01 1.491228070175438548e-02 2.923976608187134557e-04 1.783625730994151809e-02 2.923976608187134557e-04 2.923976608187134557e-04 2.923976608187134557e-04 7.923976608187134618e-02 9.385964912280701788e-02 2.923976608187134557e-04 3.216374269005848122e-03 2.923976608187134557e-04 2.923976608187134557e-04 2.076023391812865243e-02 2.923976608187134557e-04 3.216374269005848122e-03 2.923976608187134557e-04 3.245614035087718979e-02 2.923976608187134557e-04 1.932748538011695716e-01 2.923976608187134557e-04 1.815789473684210620e-01
2.409638554216866815e-04 2.409638554216866815e-04 2.433734939759035418e-02 2.409638554216866815e-04 2.409638554216866815e-04 1.469879518072288692e-02 1.255421686746987509e-01 5.060240963855420528e-03 2.409638554216866815e-04 2.433734939759035418e-02 9.180722891566263366e-02 2.409638554216866815e-04 2.409638554216866815e-04 7.493975903614456813e-02 2.433734939759035418e-02 1.469879518072288692e-02 2.409638554216866815e-04 6.530120481927709220e-02 1.351807228915662407e-01 9.662650602409636469e-02 1.134939759036144302e-01 2.409638554216866815e-04 1.228915662650601967e-02 2.409638554216866815e-04 5.060240963855420528e-03 2.409638554216866815e-04 2.409638554216866815e-04 7.469879518072286909e-03 2.409638554216866815e-04 1.616867469879517405e-01
2.066115702479338521e-04 1.673553719008263885e-02 2.066115702479338521e-04 2.066115702479338521e-04 2.066115702479338521e-04 2.066115702479338521e-04 2.109504132231404261e-01 2.066115702479338521e-04 2.066115702479338521e-04 2.066115702479338521e-04 8.078512396694213782e-02 2.066115702479338521e-04 2.066115702479338521e-04 2.066115702479338521e-04 2.066115702479338521e-04 4.772727272727272235e-02 2.066115702479338521e-04 2.853305785123966265e-01 5.599173553719007101e-02 2.066115702479338521e-04 2.066115702479338521e-04 2.066115702479338521e-04 2.066115702479338521e-04 2.066115702479338521e-04 3.326446280991735005e-02 2.066115702479338521e-04 2.066115702479338521e-04 7.252066115702478222e-02 2.066115702479338521e-04 1.923553719008263829e-01
1.684828164291701444e-02 3.361274098910309316e-02 1.852472757753562127e-02 2.606873428331936068e-02 6.462699077954733862e-02 4.618608549874266000e-02 9.304274937133275025e-03 2.439228834870075038e-02 2.439228834870075038e-02 5.373009220452638901e-02 2.103939647946353325e-02 8.390611902766133279e-02 8.306789606035203111e-02 4.274937133277451062e-03 3.436714165968146779e-03 2.355406538139144523e-02 7.384744341994968486e-02 8.382229673093042016e-05 9.220452640402345811e-04 8.382229673093042016e-05 8.382229673093042016e-05 8.382229673093042016e-05 8.382229673093042016e-05 7.468566638725898654e-02 8.382229673093042016e-05 9.220452640402345811e-04 8.382229673093042016e-05 8.222967309304272943e-02 6.295054484492873526e-02 1.668901927912824490e-01
2.061855670103092343e-04 8.453608247422677441e-03 2.061855670103092343e-04 2.061855670103092343e-04 2.061855670103092343e-04 8.453608247422677441e-03 2.084536082474226226e-01 8.453608247422677441e-03 2.061855670103092343e-04 2.061855670103092343e-04 9.711340206185564705e-02 2.061855670103092343e-04 8.453608247422677441e-03 2.061855670103092343e-04 2.061855670103092343e-04 7.855670103092782242e-02 2.061855670103092343e-04 2.785567010309277780e-01 8.061855670103090787e-02 2.061855670103092343e-04 2.061855670103092343e-04 2.061855670103092343e-04 2.061855670103092343e-04 2.061855670103092343e-04 8.453608247422677441e-03 2.061855670103092343e-04 2.061855670103092343e-04 3.938144329896906687e-02 2.061855670103092343e-04 1.713402061855669456e-01
2.849002849002848820e-04 2.849002849002848820e-04 2.849002849002848820e-04 2.849002849002848820e-04 3.447293447293446611e-02 1.737891737891737384e-02 8.575498575498574638e-02 1.199430199430199240e-01 1.085470085470085361e-01 7.435897435897434460e-02 5.982905982905982467e-03 2.849002849002848820e-04 5.982905982905982467e-03 2.849002849002848820e-04 2.849002849002848820e-04 6.011396011396010625e-02 1.341880341880341831e-01 2.849002849002848820e-04 1.168091168091167815e-02 2.849002849002848820e-04 2.849002849002848820e-04 2.849002849002848820e-04 2.849002849002848820e-04 2.849002849002848820e-04 2.849002849002848820e-04 2.307692307692307127e-02 2.849002849002848820e-04 1.655270655270655034e-01 2.849002849002848820e-04 1.484330484330484146e-01
2.049180327868851915e-04 2.049180327868851915e-04 2.049180327868851915e-04 2.049180327868851915e-04 8.401639344262291226e-03 2.049180327868851915e-04 2.049180327868851915e-04 2.049180327868851915e-04 2.254098360655736998e-03 5.758196721311473892e-02 2.049180327868851915e-04 1.436475409836064920e-01 2.049180327868851915e-04 2.049180327868851915e-04 2.049180327868851915e-04 2.049180327868851915e-04 3.895491803278687271e-01 1.006147540983606259e-01 6.782786885245899178e-02 2.049180327868851915e-04 2.049180327868851915e-04 5.143442622950818166e-02 2.049180327868851915e-04 1.047131147540983215e-01 2.049180327868851915e-04 2.049180327868851915e-04 2.049180327868851915e-04 6.987704918032784651e-02 2.049180327868851915e-04 2.049180327868851915e-04
7.579365079365080193e-02 3.972222222222222543e-01 3.968253968253968793e-04 3.968253968253968793e-04 3.968253968253968793e-04 2.817460317460317512e-02 3.968253968253968793e-04 3.968253968253968793e-04 2.817460317460317512e-02 3.968253968253968793e-04 2.023809523809523905e-02 3.968253968253968793e-04 3.968253968253968793e-04 8.373015873015875188e-02 1.392857142857143182e-01 8.769841269841271991e-02 3.968253968253968793e-04 1.230158730158730299e-02 3.968253968253968793e-04 4.365079365079366051e-03 8.333333333333334952e-03 3.968253968253968793e-04 3.968253968253968793e-04 3.968253968253968793e-04 1.230158730158730299e-02 7.182539682539683390e-02 8.333333333333334952e-03 3.968253968253968793e-04 3.968253968253968793e-04 1.626984126984127102e-02
2.340425531914893352e-03 2.127659574468084816e-04 2.127659574468084816e-04 6.829787234042551669e-02 2.127659574468084816e-04 2.127659574468084816e-04 2.127659574468084816e-04 2.127659574468084816e-04 1.297872340425531602e-02 2.746808510638297229e-01 2.127659574468084816e-04 1.108510638297872108e-01 6.617021276595742851e-02 2.127659574468084816e-04 2.361702127659573783e-02 4.468085106382978060e-03 1.085106382978723132e-02 2.127659574468084816e-04 7.893617021276594370e-02 2.127659574468084816e-04 2.127659574468084816e-04 1.065957446808510345e-01 6.617021276595742851e-02 1.385106382978723016e-01 2.127659574468084816e-04 2.127659574468084816e-04 2.127659574468084816e-04 2.999999999999999195e-02 2.127659574468084816e-04 2.340425531914893352e-03
2.777777777777777233e-04 2.777777777777777233e-04 7.805555555555553082e-02 2.777777777777777233e-04 3.083333333333332371e-02 4.472222222222221183e-02 2.777777777777777233e-04 2.777777777777777233e-04 1.972222222222221391e-02 2.777777777777777233e-04 1.138888888888888416e-02 5.027777777777776846e-02 2.169444444444443565e-01 1.972222222222221391e-02 1.972222222222221391e-02 1.138888888888888416e-02 6.694444444444443143e-02 2.777777777777777233e-04 3.055555555555554848e-03 6.416666666666664964e-02 2.777777777777777233e-04 3.083333333333332371e-02 3.083333333333332371e-02 3.916666666666665519e-02 1.780555555555554947e-01 2.777777777777777233e-04 2.777777777777777233e-04 2.777777777777777233e-04 8.083333333333331261e-02 2.777777777777777233e-04
3.194888178913738103e-04 1.249201277955271638e-01 3.194888178913738103e-04 2.587859424920127549e-02 2.907348242811501338e-02 3.194888178913738103e-04 8.019169329073483343e-02 3.226837060702875126e-02 3.194888178913738103e-04 7.699680511182109555e-02 3.194888178913738103e-04 3.194888178913738103e-04 1.121405750798722123e-01 3.194888178913738103e-04 3.194888178913738103e-04 3.194888178913738103e-04 3.194888178913738103e-04 3.194888178913738103e-04 6.709265175718849908e-03 3.194888178913738103e-04 3.194888178913738103e-04 8.338658146964857132e-02 1.629392971246006183e-02 3.194888178913738103e-04 6.709265175718849908e-03 3.194888178913738103e-04 3.194888178913738103e-04 9.936102236421726075e-02 3.514376996805112022e-03 2.974440894568690097e-01
1.173184357541899418e-02 1.290502793296089412e-01 5.586592178770950334e-04 5.586592178770950334e-04 1.290502793296089412e-01 5.586592178770950334e-04 1.849162011173184350e-01 2.290502793296089051e-02 4.525139664804469358e-02 5.586592178770950334e-04 6.145251396648045150e-03 5.586592178770950334e-04 9.553072625698325049e-02 5.586592178770950334e-04 6.145251396648045150e-03 7.318435754189943354e-02 5.586592178770950334e-04 5.586592178770950334e-04 5.586592178770950334e-04 5.586592178770950334e-04 5.586592178770950334e-04 5.586592178770950334e-04 5.586592178770950334e-04 5.586592178770950334e-04 5.586592178770950334e-04 1.173184357541899418e-02 5.586592178770950334e-04 4.525139664804469358e-02 9.553072625698325049e-02 1.346368715083798850e-01
2.444987775061123925e-04 3.691931540342296980e-02 1.004889975550121856e-01 5.892420537897308241e-02 2.689486552567236372e-03 3.691931540342296980e-02 7.579462102689484004e-03 2.444987775061123925e-04 3.202933985330071870e-02 2.444987775061123925e-04 1.980440097799510135e-02 2.689486552567236372e-03 7.114914425427870670e-02 2.444987775061123925e-04 2.444987775061123925e-04 2.444987775061123925e-04 2.444987775061123925e-04 5.892420537897308241e-02 2.444987775061123925e-04 4.599022004889973259e-01 1.491442542787285372e-02 2.444987775061123925e-04 2.689486552567236372e-03 1.980440097799510135e-02 2.444987775061123925e-04 2.444987775061123925e-04 2.444987775061123925e-04 2.444987775061123925e-04 7.114914425427870670e-02 2.444987775061123925e-04
2.192982456140350376e-04 2.192982456140350376e-04 2.192982456140350376e-04 2.192982456140350376e-04 2.192982456140350376e-04 2.192982456140350376e-04 4.605263157894735546e-03 2.192982456140350376e-04 2.192982456140350376e-04 3.749999999999999167e-02 2.192982456140350376e-04 1.230263157894736503e-01 1.010964912280701566e-01 2.192982456140350376e-04 2.192982456140350376e-04 2.192982456140350376e-04 2.436403508771929072e-01 1.010964912280701566e-01 7.258771929824560376e-02 2.192982456140350376e-04 2.192982456140350376e-04 2.434210526315788714e-02 2.192982456140350376e-04 1.624999999999999500e-01 1.118421052631578608e-02 2.434210526315788714e-02 2.192982456140350376e-04 8.574561403508769442e-02 4.605263157894735546e-03 2.192982456140350376e-04
3.154574132492112709e-04 3.154574132492112709e-04 3.154574132492112709e-04 2.400630914826497320e-01 3.154574132492112709e-04 3.470031545741323817e-03 3.154574132492112709e-04 9.779179810725548150e-03 3.154574132492112709e-04 3.154574132492112709e-04 3.154574132492112709e-04 2.555205047318610811e-02 4.447949526813878285e-02 3.154574132492112709e-04 1.454258675078863861e-01 3.154574132492112709e-04 3.154574132492112709e-04 1.293375394321765945e-02 3.154574132492112709e-04 4.041009463722395889e-01 3.154574132492112709e-04 3.154574132492112709e-04 3.154574132492112709e-04 1.608832807570977075e-02 3.470031545741323817e-03 3.154574132492112709e-04 3.470031545741323817e-03 3.154574132492112709e-04 8.548895899053625402e-02 3.154574132492112709e-04
2.801120448179270973e-04 3.389355742296917828e-02 2.801120448179270973e-04 1.148459383753500963e-02 2.801120448179270973e-04 3.949579831932771568e-02 1.123249299719887573e-01 2.801120448179270973e-04 2.801120448179270973e-04 2.801120448179270973e-04 2.327731092436974014e-01 3.109243697478990612e-02 8.431372549019605644e-02 5.882352941176468772e-03 1.428571428571428006e-02 3.389355742296917828e-02 2.801120448179270973e-04 2.801120448179270973e-04 8.431372549019605644e-02 1.148459383753500963e-02 2.801120448179270973e-04 2.523809523809522615e-01 2.801120448179270973e-04 2.801120448179270973e-04 2.801120448179270973e-04 5.882352941176468772e-03 2.801120448179270973e-04 3.949579831932771568e-02 3.081232492997198341e-03 2.801120448179270973e-04
3.142361111111111049e-02 1.927083333333332732e-02 3.315972222222221544e-02 2.795138888888888673e-02 1.736111111111110906e-04 1.736111111111110906e-04 5.381944444444443539e-03 1.736111111111110906e-04 1.753472222222221891e-02 9.045138888888887285e-02 1.736111111111110906e-04 9.392361111111109662e-02 1.824652777777777402e-01 1.736111111111110906e-04 1.736111111111110906e-04 2.293402777777777124e-01 3.489583333333332732e-02 1.736111111111110906e-04 1.909722222222221943e-03 1.059027777777777485e-02 1.736111111111110906e-04 1.736111111111110906e-04 4.184027777777777485e-02 5.572916666666665603e-02 4.010416666666666297e-02 1.736111111111110906e-04 1.736111111111110906e-04 4.878472222222221544e-02 1.736111111111110906e-04 3.315972222222221544e-02
2.304147465437787474e-04 9.009216589861748781e-02 2.304147465437787474e-04 7.142857142857140899e-03 2.327188940092165051e-02 2.304147465437787474e-04 1.960829493087556941e-01 1.866359447004607708e-02 2.304147465437787474e-04 2.788018433179722741e-02 8.087557603686634788e-02 2.304147465437787474e-04 2.788018433179722741e-02 2.304147465437787474e-04 2.304147465437787474e-04 4.838709677419354184e-03 2.304147465437787474e-04 2.304147465437787474e-04 2.052995391705068340e-01 2.304147465437787474e-04 2.304147465437787474e-04 2.304147465437787474e-04 2.304147465437787474e-04 2.304147465437787474e-04 2.304147465437787474e-04 3.709677419354837774e-02 2.304147465437787474e-04 3.248847926267280084e-02 2.304147465437787474e-04 2.444700460829492272e-01
1.015936254980079334e-02 1.396414342629481720e-01 1.992031872509959691e-04 1.992031872509959691e-04 1.414342629482071359e-02 1.992031872509959691e-04 1.316733067729083384e-01 3.804780876494023162e-02 5.199203187250995423e-02 1.097609561752987822e-01 1.456175298804780471e-01 1.992031872509959691e-04 4.003984063745019001e-02 1.992031872509959691e-04 1.015936254980079334e-02 1.992031872509959691e-04 2.211155378486055062e-02 5.199203187250995423e-02 1.992031872509959691e-04 1.992031872509959691e-04 1.992031872509959691e-04 2.191235059760955877e-03 2.191235059760955877e-03 1.215139442231075347e-02 1.992031872509959691e-04 1.992031872509959691e-04 1.992031872509959691e-04 2.011952191235059223e-02 1.992031872509959691e-04 1.954183266932270346e-01
1.805054151624548367e-04 1.805054151624548367e-04 2.364620938628158447e-02 1.805054151624548367e-04 3.989169675090251804e-02 5.433212996389890498e-02 1.805054151624548367e-04 1.805054151624548367e-04 1.084837545126353525e-01 3.086642599277977794e-02 1.805054151624548367e-04 1.805054151624548367e-04 1.283393501805053794e-01 5.595667870036099938e-03 1.805054151624548367e-04 1.463898916967508734e-01 2.023465703971118745e-01 1.805054151624548367e-04 3.790613718411551571e-03 1.805054151624548367e-04 1.805054151624548367e-04 1.805054151624548367e-04 1.805054151624548367e-04 1.048736462093862593e-01 1.048736462093862593e-01 1.805054151624548367e-04 1.985559566787003204e-03 3.628158844765342478e-02 5.595667870036099938e-03 1.805054151624548367e-04
6.244239631336404028e-02 1.085253456221197954e-01 2.534562211981566168e-03 2.304147465437787474e-04 4.170506912442395464e-02 2.304147465437787474e-04 1.175115207373271520e-02 4.170506912442395464e-02 1.338709677419354649e-01 1.016129032258064335e-01 4.170506912442395464e-02 2.304147465437787474e-04 2.304147465437787474e-04 2.304147465437787474e-04 2.304147465437787474e-04 1.175115207373271520e-02 9.447004608294926747e-03 2.304147465437787474e-04 4.631336405529953154e-02 2.304147465437787474e-04 2.304147465437787474e-04 2.304147465437787474e-04 2.304147465437787474e-04 2.304147465437787474e-04 2.534562211981566168e-03 2.304147465437787474e-04 4.838709677419354184e-03 4.861751152073731652e-02 2.534562211981566168e-03 3.251152073732717640e-01
3.484320557491288653e-04 3.484320557491288653e-04 3.484320557491288653e-04 3.484320557491288653e-04 3.867595818815330183e-02 7.317073170731706010e-03 1.606271777003484003e-01 1.777003484320557186e-02 3.484320557491288653e-04 7.003484320557490372e-02 2.024390243902438602e-01 3.484320557491288653e-04 3.484320557491288653e-04 8.397212543554005704e-02 3.484320557491288653e-04 3.484320557491288653e-04 3.484320557491288653e-04 1.153310104529616520e-01 1.327526132404180936e-01 3.484320557491288653e-04 3.484320557491288653e-04 3.484320557491288653e-04 3.484320557491288653e-04 3.484320557491288653e-04 3.170731707317072517e-02 3.484320557491288653e-04 3.484320557491288653e-04 3.867595818815330183e-02 3.484320557491288653e-04 9.442508710801392202e-02
7.518796992481204542e-04 7.518796992481204542e-04 7.518796992481204542e-04 7.518796992481204542e-04 2.330827067669173636e-02 2.330827067669173636e-02 4.586466165413534413e-02 3.315789473684211397e-01 7.518796992481204542e-04 7.518796992481204542e-04 7.518796992481204542e-04 7.518796992481204542e-04 7.518796992481204542e-04 7.518796992481204542e-04 7.518796992481204542e-04 7.518796992481204542e-04 8.345864661654137096e-02 7.518796992481204542e-04 8.270676691729325972e-03 7.518796992481204542e-04 8.270676691729325972e-03 7.518796992481204542e-04 6.842105263157896577e-02 7.518796992481204542e-04 4.586466165413534413e-02 2.330827067669173636e-02 4.586466165413534413e-02 1.135338345864661813e-01 7.518796992481204542e-04 1.661654135338346272e-01
2.247191011235954603e-04 2.247191011235954603e-04 2.471910112359549955e-03 2.247191011235954603e-04 4.719101123595504342e-03 5.640449438202246174e-02 2.247191011235954603e-04 2.247191011235954603e-04 2.788764044943819465e-01 4.741573033707864593e-02 2.247191011235954603e-04 2.247191011235954603e-04 2.494382022471909252e-02 2.247191011235954603e-04 2.494382022471909252e-02 8.337078651685390918e-02 1.215730337078651385e-01 4.741573033707864593e-02 2.471910112359549955e-03 1.820224719101122893e-02 2.247191011235954603e-04 1.370786516853932102e-02 2.247191011235954603e-04 9.213483146067413115e-03 6.539325842696627755e-02 2.247191011235954603e-04 2.247191011235954603e-04 7.662921348314605252e-02 2.247191011235954603e-04 1.193258426966291863e-01
7.534246575342467764e-03 6.849315068493152907e-04 6.849315068493152907e-04 2.808219178082192041e-02 6.849315068493152907e-04 6.849315068493152907e-04 6.849315068493152907e-04 6.849315068493152907e-04 1.438356164383561980e-02 1.308219178082192236e-01 6.849315068493152907e-04 8.972602739726029397e-02 7.534246575342467764e-03 6.849315068493152907e-04 6.849315068493152907e-04 6.849315068493152907e-04 6.917808219178082918e-02 6.849315068493152907e-04 6.849315068493152907e-04 6.849315068493152907e-04 7.534246575342467764e-03 6.849315068493152907e-04 6.849315068493152907e-04 2.883561643835617083e-01 6.849315068493152907e-04 1.513698630136986745e-01 6.849315068493152907e-04 1.924657534246575763e-01 6.849315068493152907e-04 6.849315068493152907e-04
1.116071428571428672e-04 1.116071428571428672e-04 1.116071428571428672e-04 1.116071428571428672e-04 1.116071428571428672e-04 1.116071428571428672e-04 1.116071428571428672e-04 1.116071428571428672e-04 7.924107142857142461e-03 9.720982142857141628e-02 6.808035714285713517e-03 1.697544642857142794e-01 4.140624999999999861e-02 1.462053571428571438e-02 1.573660714285714246e-02 1.116071428571428672e-04 1.731026785714285532e-01 3.359374999999999861e-02 6.930803571428571785e-02 1.116071428571428672e-04 1.116071428571428672e-04 3.359374999999999861e-02 1.116071428571428672e-04 2.300223214285714302e-01 1.116071428571428672e-04 1.116071428571428672e-04 1.116071428571428672e-04 1.050223214285714163e-01 1.116071428571428672e-04 1.116071428571428672e-04
1.672240802675584929e-04 1.672240802675584929e-04 2.023411371237457748e-02 1.672240802675584929e-04 2.190635451505016165e-02 1.857859531772574901e-01 5.702341137123744658e-02 1.672240802675584929e-04 3.862876254180601376e-02 1.672240802675584929e-04 1.672240802675584929e-04 6.371237458193979020e-02 2.292642140468226786e-01 1.839464882943143585e-03 1.672240802675584929e-04 1.672240802675584929e-04 5.183946488294313877e-03 2.190635451505016165e-02 2.023411371237457748e-02 1.521739130434782324e-02 1.672240802675584929e-04 2.275919732441470944e-01 1.672240802675584929e-04 4.531772575250835738e-02 4.364548494983277321e-02 1.672240802675584929e-04 1.672240802675584929e-04 1.672240802675584929e-04 1.672240802675584929e-04 1.672240802675584929e-04
2.036659877800406869e-04 2.036659877800406869e-04 4.704684317718939995e-02 2.036659877800406869e-04 2.036659877800406869e-04 5.315682281059062181e-02 2.240325865580447637e-03 2.036659877800406869e-04 5.315682281059062181e-02 2.240325865580447637e-03 6.313645621181261484e-03 2.036659877800406869e-04 1.122199592668024215e-01 2.240325865580447637e-03 2.036659877800406869e-04 5.723014256619143869e-02 1.020366598778003897e-01 2.036659877800406869e-04 2.036659877800406869e-04 2.240325865580447637e-03 2.668024439918532942e-02 1.549898167006109606e-01 2.036659877800406869e-04 4.908350305498980493e-02 1.997963340122199116e-01 1.242362525458248074e-02 2.036659877800406869e-04 1.142566191446028334e-01 2.036659877800406869e-04 2.036659877800406869e-04
4.905149051490513556e-02 2.252032520325202292e-01 2.710027100271002166e-04 2.710027100271002166e-04 3.008130081300812095e-02 1.382113821138210817e-02 1.140921409214091797e-01 4.905149051490513556e-02 8.970189701897016143e-02 4.363143631436313535e-02 2.710027100271002166e-04 2.710027100271002166e-04 1.924119241192411359e-02 2.981029810298102111e-03 2.710027100271002166e-04 2.710027100271002166e-04 2.710027100271002166e-04 2.710027100271002166e-04 6.531165311653114314e-02 2.710027100271002166e-04 2.710027100271002166e-04 3.550135501355012463e-02 2.710027100271002166e-04 2.710027100271002166e-04 1.059620596205961829e-01 5.691056910569104385e-03 2.710027100271002166e-04 3.550135501355012463e-02 2.710027100271002166e-04 1.113821138211381762e-01
3.630952380952381237e-02 5.952380952380954002e-04 5.952380952380954002e-04 5.952380952380954002e-04 7.202380952380953161e-02 5.952380952380954002e-04 1.315476190476190799e-01 5.952380952380954002e-04 5.952380952380954002e-04 3.035714285714286031e-02 6.607142857142858650e-02 5.952380952380954002e-04 5.952380952380954002e-04 5.952380952380954002e-04 5.416666666666667546e-02 8.392857142857143571e-02 3.630952380952381237e-02 5.952380952380954002e-04 7.797619047619049060e-02 5.952380952380954002e-04 7.797619047619049060e-02 1.250000000000000243e-02 6.011904761904762751e-02 4.226190476190476442e-02 5.952380952380954002e-04 1.845238095238095621e-02 5.952380952380954002e-04 4.821428571428572341e-02 5.952380952380954002e-04 1.434523809523809978e-01
1.824817518248174797e-04 1.824817518248174797e-04 2.572992700729926502e-02 2.572992700729926502e-02 1.824817518248174797e-04 9.507299270072991360e-02 1.824817518248174797e-04 2.447080291970802346e-01 2.228102189781021314e-01 1.824817518248174797e-04 1.824817518248174797e-04 5.656934306569341708e-03 8.777372262773720790e-02 1.478102189781021515e-02 1.824817518248174797e-04 1.824817518248174797e-04 3.667883211678831662e-02 1.824817518248174797e-04 1.824817518248174797e-04 2.390510948905108859e-02 1.824817518248174797e-04 3.302919708029196377e-02 9.306569343065691086e-03 1.824817518248174797e-04 8.777372262773720790e-02 1.824817518248174797e-04 4.032846715328466253e-02 4.032846715328466253e-02 1.824817518248174797e-04 3.832116788321167453e-03
1.686340640809443254e-04 1.686340640809443254e-04 1.854974704890387715e-03 1.686340640809443254e-04 1.686340640809443254e-04 8.448566610455310322e-02 1.686340640809443254e-04 1.854974704890387715e-03 1.013490725126475339e-01 1.686340640809443254e-04 1.854974704890387715e-03 6.256323777403034747e-02 1.637436762225969178e-01 1.686340640809443254e-04 1.686340640809443254e-04 6.424957841483978915e-02 1.418212478920741759e-01 1.686340640809443254e-04 3.541315345699830915e-03 1.686340640809443254e-04 1.686340640809443254e-04 5.581787521079257380e-02 1.686340640809443254e-04 8.448566610455310322e-02 1.468802698145025010e-01 1.686340640809443254e-04 1.686340640809443254e-04 8.279932546374366154e-02 1.686340640809443254e-04 1.686340640809443254e-04
4.735294117647057682e-02 6.499999999999998834e-02 6.794117647058821319e-02 3.264705882352939709e-02 2.941176470588234494e-04 5.029411764705880861e-02 1.532352941176470251e-01 2.941176470588234494e-04 9.117647058823527204e-03 2.941176470588234494e-04 2.591176470588234526e-01 3.235294117647057998e-03 2.941176470588234494e-04 2.941176470588234494e-04 2.941176470588234494e-04 2.970588235294116530e-02 2.941176470588234494e-04 6.176470588235291950e-03 1.297058823529411431e-01 4.735294117647057682e-02 2.941176470588234494e-04 2.941176470588234494e-04 3.235294117647057998e-03 2.941176470588234494e-04 3.235294117647057998e-03 2.941176470588234494e-04 5.029411764705880861e-02 2.941176470588234494e-04 3.852941176470586759e-02 2.941176470588234494e-04
9.920634920634920626e-05 7.043650793650792913e-03 9.920634920634920626e-05 9.920634920634920626e-05 9.920634920634920626e-05 6.359126984126983739e-02 1.350198412698412620e-01 9.920634920634920626e-05 2.589285714285714454e-02 1.211309523809523808e-01 9.920634920634920626e-05 7.043650793650792913e-03 4.871031746031746074e-02 9.027777777777776930e-03 9.920634920634920626e-05 6.855158730158729397e-02 2.787698412698412856e-02 6.557539682539681447e-02 1.340277777777777735e-01 9.920634920634920626e-05 9.920634920634920626e-05 4.474206349206349270e-02 9.920634920634920626e-05 7.351190476190475054e-02 4.573412698412698818e-02 1.498015873015872898e-02 9.920634920634920626e-05 8.045634920634919807e-02 9.920634920634920626e-05 2.589285714285714454e-02
1.461988304093567008e-04 1.461988304093567008e-04 8.786549707602338277e-02 3.568713450292396727e-01 1.461988304093567008e-04 1.461988304093567008e-04 1.461988304093567008e-04 3.070175438596490797e-03 2.207602339181286011e-02 1.608187134502923844e-03 1.461988304093567008e-04 1.184210526315789165e-02 1.184210526315789165e-02 7.456140350877191007e-03 3.523391812865496464e-02 1.461988304093567008e-04 1.476608187134502599e-02 1.608187134502923844e-03 1.461988304093567008e-04 3.831871345029239651e-01 1.461988304093567008e-04 5.994152046783623837e-03 1.461988304093567008e-04 4.839181286549706917e-02 1.461988304093567008e-04 1.461988304093567008e-04 1.461988304093567008e-04 5.994152046783623837e-03 1.461988304093567008e-04 1.461988304093567008e-04
2.710027100271002166e-04 2.710027100271002166e-04 2.981029810298102111e-03 2.737127371273711737e-02 2.710027100271002166e-04 2.710027100271002166e-04 1.764227642276422203e-01 2.710027100271002166e-04 8.401084010840106225e-03 3.008130081300812095e-02 2.279132791327912466e-01 4.905149051490513556e-02 2.710027100271002166e-04 2.710027100271002166e-04 2.710027100271002166e-04 2.737127371273711737e-02 2.710027100271002166e-04 2.710027100271002166e-04 2.387533875338752609e-01 2.710027100271002166e-04 1.111111111111110633e-02 1.276422764227641837e-01 2.710027100271002166e-04 2.981029810298102111e-03 2.710027100271002166e-04 2.710027100271002166e-04 2.710027100271002166e-04 6.531165311653114314e-02 2.710027100271002166e-04 2.710027100271002166e-04
7.434052757793763525e-03 2.637889688249399778e-03 2.422062350119903382e-02 5.299760191846521890e-02 2.398081534772181765e-04 2.398081534772181765e-04 2.328537170263788314e-01 7.434052757793763525e-03 2.398081534772181765e-04 1.942446043165467137e-02 2.520383693045562534e-01 2.398081534772181765e-04 2.398081534772181765e-04 5.539568345323740012e-02 2.398081534772181765e-04 6.738609112709831317e-02 2.398081534772181765e-04 2.398081534772181765e-04 1.992805755395682665e-01 2.398081534772181765e-04 7.434052757793763525e-03 6.258992805755393685e-02 2.637889688249399778e-03 2.637889688249399778e-03 2.398081534772181765e-04 2.398081534772181765e-04 2.398081534772181765e-04 2.398081534772181765e-04 2.398081534772181765e-04 2.398081534772181765e-04
1.323432343234323127e-01 3.300330033003299828e-04 3.630363036303629973e-03 3.300330033003299828e-04 3.300330033003299828e-04 3.300330033003299828e-04 3.300330033003299828e-04 1.353135313531352718e-02 1.023102310231022855e-02 3.630363036303629973e-03 3.630363036303629973e-03 3.300330033003299828e-04 3.663366336633662457e-02 1.683168316831682582e-02 2.379537953795378968e-01 3.300330033003299828e-04 3.300330033003299828e-04 3.300330033003299828e-04 3.300330033003299828e-04 3.300330033003299828e-04 3.300330033003299828e-04 3.300330033003299828e-04 6.963696369636962480e-02 1.353135313531352718e-02 3.300330033003299828e-04 3.996699669966995994e-01 3.333333333333332593e-02 3.300330033003299828e-04 3.300330033003299828e-04 2.013201320132012792e-02
6.237424547283701090e-03 2.012072434607645557e-04 4.044265593561367778e-02 2.012072434607645557e-04 2.012072434607645557e-04 9.275653923541245238e-02 3.440643863179074224e-02 2.012072434607645557e-04 2.012072434607645557e-04 2.012072434607645557e-04 2.919517102615693527e-01 2.012072434607645557e-04 8.672032193158951685e-02 2.012072434607645557e-04 3.440643863179074224e-02 2.233400402414486424e-02 2.012072434607645557e-04 6.056338028169012955e-02 8.672032193158951685e-02 1.229376257545271439e-01 2.012072434607645557e-04 4.446680080482896813e-02 2.012072434607645557e-04 1.629778672032192871e-02 2.012072434607645557e-04 2.012072434607645557e-04 2.012072434607645557e-04 2.012072434607645557e-04 5.653923541247483919e-02 2.012072434607645557e-04
3.748488512696493673e-03 1.209189842805320487e-04 1.209189842805320487e-04 6.166868198307133564e-03 4.727932285368802862e-02 1.209189842805320487e-04 1.573155985489721742e-01 1.209189842805320487e-04 1.209189842805320487e-04 5.816203143893591138e-02 1.137847642079806432e-01 4.123337363966143171e-02 7.267230955259976199e-02 1.209189842805320487e-04 1.209189842805320487e-04 1.210399032648125650e-01 2.188633615477630218e-02 1.342200725513905714e-02 1.766626360338573176e-01 2.188633615477630218e-02 1.330108827085852482e-03 5.090689238210398954e-02 9.794437726723094484e-03 4.607013301088271062e-02 2.430471584038694163e-02 1.209189842805320487e-04 1.209189842805320487e-04 1.209189842805320487e-04 1.209189842805320487e-04 1.100362756952841595e-02
3.975308641975307949e-02 2.469135802469135318e-04 2.469135802469135318e-04 2.469135802469135318e-04 2.469135802469135318e-04 2.469135802469135318e-04 2.469135802469135318e-04 1.999999999999999348e-02 2.469135802469135318e-04 1.753086419753085989e-02 7.925925925925923765e-02 1.753086419753085989e-02 2.469135802469135318e-04 2.246913580246912706e-02 5.703703703703702499e-02 2.469135802469135318e-04 4.222222222222221655e-02 1.706172839506172323e-01 6.197530864197529216e-02 2.469135802469135318e-04 2.469135802469135318e-04 7.654320987654319487e-03 9.901234567901232020e-02 2.716049382716048850e-03 1.506172839506172284e-02 2.987654320987653475e-02 2.125925925925925275e-01 2.469135802469135318e-04 1.014814814814814503e-01 2.469135802469135318e-04
1.623376623376623104e-04 1.623376623376623104e-04 9.902597402597400691e-03 1.623376623376623104e-04 1.152597402597402287e-02 1.623376623376623104e-04 1.623376623376623104e-04 8.279220779220776774e-03 4.237012987012986343e-02 8.620129870129868144e-02 4.399350649350648734e-02 6.347402597402596047e-02 3.409090909090908492e-03 9.902597402597400691e-03 1.623376623376623104e-04 1.623376623376623104e-04 1.267857142857142516e-01 1.024350649350649206e-01 1.349025974025973573e-01 1.623376623376623104e-04 1.623376623376623104e-04 9.902597402597400691e-03 1.623376623376623104e-04 1.576298701298700922e-01 1.152597402597402287e-02 1.623376623376623104e-04 1.623376623376623104e-04 1.170454545454545081e-01 1.801948051948051507e-02 4.074675324675323951e-02
3.355704697986575916e-04 3.355704697986575916e-04 3.355704697986575916e-04 4.731543624161071993e-02 3.355704697986575916e-04 6.409395973154360937e-02 1.244966442953019670e-01 3.355704697986575916e-04 7.046979865771809369e-03 3.355704697986575916e-04 2.083892617449663587e-01 3.355704697986575916e-04 1.278523489932885393e-01 3.355704697986575916e-04 3.355704697986575916e-04 5.067114093959729226e-02 7.046979865771809369e-03 3.355704697986575916e-04 4.060402684563756831e-02 3.355704697986575916e-04 2.718120805369126508e-02 1.614093959731543182e-01 1.711409395973153419e-02 3.355704697986575916e-04 3.724832214765098903e-02 3.355704697986575916e-04 1.040268456375838604e-02 5.067114093959729226e-02 1.375838926174496012e-02 3.355704697986575916e-04
2.873563218390804016e-04 2.873563218390804016e-04 6.034482758620687837e-03 2.873563218390804016e-04 2.873563218390804016e-04 2.873563218390804016e-04 2.704022988505745961e-01 2.873563218390804016e-04 2.873563218390804016e-04 6.034482758620687837e-03 3.364942528735631044e-01 3.160919540229884146e-03 1.752873563218390260e-02 2.873563218390804016e-04 2.873563218390804016e-04 2.873563218390804016e-04 2.873563218390804016e-04 2.873563218390804016e-04 1.612068965517240993e-01 2.873563218390804016e-04 2.873563218390804016e-04 1.525862068965516682e-01 2.873563218390804016e-04 2.873563218390804016e-04 2.873563218390804016e-04 2.873563218390804016e-04 2.873563218390804016e-04 2.873563218390804016e-04 2.873563218390804016e-04 4.051724137931032865e-02
