4.170984455958548498e-02 2.590673575129533016e-04 2.590673575129533016e-04 1.738341968911916446e-01 2.590673575129533016e-04 8.031088082901552405e-03 2.590673575129533016e-04 2.590673575129533016e-04 1.064766839378238072e-01 2.590673575129533016e-04 9.870466321243520635e-02 2.590673575129533016e-04 3.344559585492226650e-01 7.538860103626941755e-02 2.590673575129533016e-04 2.590673575129533016e-04 2.590673575129533016e-04 2.849740932642486589e-03 2.590673575129533016e-04 2.590673575129533016e-04 2.590673575129533016e-04 2.590673575129533016e-04 2.590673575129533016e-04 1.839378238341968230e-02 2.590673575129533016e-04 1.839378238341968230e-02 2.590673575129533016e-04 1.168393782383419371e-01 2.590673575129533016e-04 2.590673575129533016e-04
1.177350427350427053e-01 2.136752136752136479e-04 3.226495726495725441e-02 2.136752136752136479e-04 2.136752136752136479e-04 2.136752136752136479e-04 2.136752136752136479e-04 2.136752136752136479e-04 1.455128205128204677e-01 2.136752136752136479e-04 1.262820512820512497e-01 2.136752136752136479e-04 1.583333333333332704e-01 2.136752136752136479e-04 2.585470085470084611e-02 2.136752136752136479e-04 9.850427350427348738e-02 2.136752136752136479e-04 2.136752136752136479e-04 2.136752136752136479e-04 2.136752136752136479e-04 2.136752136752136479e-04 1.626068376068375565e-01 2.136752136752136479e-04 3.012820512820512178e-02 2.136752136752136479e-04 2.136752136752136479e-04 8.782051282051279995e-02 2.136752136752136479e-04 1.089743589743589341e-02
2.169197396963123275e-04 2.169197396963123275e-04 2.169197396963123275e-04 1.540130151843817352e-02 2.169197396963123275e-04 6.724511930585682154e-03 2.386117136659435603e-03 2.169197396963123275e-04 8.481561822125811834e-02 2.169197396963123275e-04 2.169197396963123275e-04 6.724511930585682154e-03 3.386117136659435034e-01 2.169197396963123275e-04 2.169197396963123275e-04 2.169197396963123275e-04 2.169197396963123275e-04 2.386117136659435603e-03 2.169197396963123275e-04 2.169197396963123275e-04 2.169197396963123275e-04 2.169197396963123275e-04 2.386117136659435603e-03 1.412147505422992888e-01 1.323210412147505025e-02 9.783080260303685105e-02 1.065075921908893442e-01 1.607375271149674156e-01 2.169197396963123275e-04 1.757049891540129680e-02
2.234042553191489030e-03 1.170212765957446676e-03 1.063829787234042544e-04 2.362765957446808229e-01 1.063829787234042544e-04 2.351063829787233828e-02 1.170212765957446676e-03 3.095744680851063649e-02 2.670212765957446707e-02 1.063829787234042544e-04 2.457446808510638236e-02 8.617021276595743587e-03 2.288297872340425143e-01 1.735106382978723050e-01 1.499999999999999771e-02 2.234042553191489030e-03 2.234042553191489030e-03 4.159574468085106003e-02 1.712765957446808415e-02 1.063829787234042544e-04 1.063829787234042544e-04 1.063829787234042544e-04 8.617021276595743587e-03 1.170212765957446676e-03 1.063829787234042544e-04 2.989361702127659240e-02 3.521276595744680243e-02 7.882978723404253374e-02 1.063829787234042544e-04 9.680851063829785941e-03
4.761904761904762985e-04 1.952380952380952314e-02 4.761904761904762985e-04 4.761904761904762985e-04 4.761904761904762985e-04 4.761904761904762985e-04 4.761904761904762985e-04 4.761904761904762985e-04 4.761904761904762985e-04 4.761904761904762985e-04 4.761904761904762985e-04 1.623809523809524036e-01 2.338095238095238559e-01 4.761904761904762985e-04 8.619047619047620623e-02 4.761904761904762985e-04 4.761904761904762985e-04 4.761904761904762985e-04 4.761904761904762985e-04 1.052380952380952556e-01 5.285714285714285948e-02 4.761904761904762985e-04 2.428571428571428895e-02 4.761904761904762985e-04 4.761904761904762985e-04 1.952380952380952314e-02 4.761904761904762985e-04 2.861904761904762173e-01 4.761904761904762985e-04 4.761904761904762985e-04
1.908396946564885205e-04 1.908396946564885205e-04 1.908396946564885205e-04 3.685114503816793174e-01 1.908396946564885205e-04 3.454198473282442394e-02 1.908396946564885205e-04 8.606870229007632100e-02 1.032442748091602913e-01 1.908396946564885205e-04 7.824427480916027605e-03 1.908396946564885205e-04 9.732824427480912810e-03 2.082061068702289464e-01 2.309160305343510924e-02 1.908396946564885205e-04 2.099236641221373725e-03 4.217557251908396476e-02 1.908396946564885205e-04 1.908396946564885205e-04 1.164122137404579801e-02 1.908396946564885205e-04 2.118320610687022404e-02 1.908396946564885205e-04 2.099236641221373725e-03 1.908396946564885205e-04 2.099236641221373725e-03 1.908396946564885205e-04 7.461832061068700284e-02 1.908396946564885205e-04
5.102040816326532157e-04 5.102040816326532157e-04 5.102040816326532157e-04 4.035714285714286365e-01 5.102040816326532157e-04 5.102040816326532157e-04 5.102040816326532157e-04 5.102040816326532157e-04 5.102040816326532157e-04 5.102040816326532157e-04 3.112244897959184561e-02 5.102040816326532157e-04 5.102040816326532157e-04 5.102040816326532157e-04 6.173469387755103899e-02 8.214285714285717022e-02 1.535714285714286365e-01 5.102040816326532157e-04 5.102040816326532157e-04 1.535714285714286365e-01 5.102040816326532157e-04 5.102040816326532157e-04 5.102040816326532157e-04 5.102040816326532157e-04 5.102040816326532157e-04 5.102040816326532157e-04 1.025510204081633014e-01 5.102040816326532157e-04 5.102040816326532157e-04 5.102040816326532157e-04
4.000000000000000951e-03 3.636363636363637228e-04 3.309090909090909444e-02 2.218181818181818449e-02 3.636363636363637228e-04 3.309090909090909444e-02 3.636363636363637228e-04 3.636363636363637228e-04 7.636363636363638178e-03 7.672727272727275505e-02 3.636363636363637228e-04 3.636363636363637228e-04 8.763636363636366500e-02 2.512727272727273142e-01 4.000000000000000951e-03 1.021818181818182070e-01 9.854545454545457495e-02 8.400000000000001910e-02 3.636363636363637228e-04 3.636363636363637228e-04 4.000000000000000951e-03 3.636363636363637228e-04 3.636363636363637228e-04 7.636363636363638178e-03 3.636363636363637228e-04 4.000000000000000951e-03 3.636363636363637228e-04 6.945454545454547712e-02 3.636363636363637228e-04 1.058181818181818390e-01
4.405010438413360652e-02 6.471816283924841998e-03 1.064718162839248077e-02 8.997912317327765030e-02 2.087682672233820034e-04 2.087682672233820034e-04 1.064718162839248077e-02 2.215031315240082732e-01 1.985386221294362652e-01 2.087682672233820034e-04 2.087682672233820034e-04 2.296450939457201929e-03 2.087682672233820034e-04 2.465553235908141128e-01 2.087682672233820034e-04 2.296450939457201929e-03 2.087682672233820034e-04 2.087682672233820034e-04 2.087682672233820034e-04 2.087682672233820034e-04 2.087682672233820034e-04 2.087682672233820034e-04 2.526096033402921992e-02 4.384133611691021747e-03 2.087682672233820034e-04 1.691022964509394239e-02 4.405010438413360652e-02 2.087682672233820034e-04 7.327766179540708136e-02 2.087682672233820034e-04
3.499999999999999639e-03 1.666666666666666340e-04 1.666666666666666340e-04 1.501666666666666150e-01 1.666666666666666340e-04 1.666666666666666340e-04 1.666666666666666340e-04 1.701666666666666328e-01 6.683333333333332793e-02 1.666666666666666340e-04 8.499999999999997141e-03 1.016666666666666413e-02 2.001666666666666317e-01 5.183333333333332849e-02 1.666666666666666340e-04 1.666666666666666340e-04 1.666666666666666340e-04 1.349999999999999638e-02 1.666666666666666340e-04 1.666666666666666340e-04 1.666666666666666340e-04 1.666666666666666340e-04 1.666666666666666340e-04 1.666666666666666340e-04 1.666666666666666340e-04 1.833333333333333082e-03 5.849999999999998951e-02 2.618333333333332513e-01 1.666666666666666340e-04 1.666666666666666340e-04
1.661129568106312114e-04 3.006644518272424960e-02 1.661129568106312114e-04 8.654485049833886279e-02 1.661129568106312114e-04 1.827242524916943217e-03 1.661129568106312114e-04 1.661129568106312114e-04 1.661129568106312114e-04 1.661129568106312114e-04 1.661129568106312114e-04 1.661129568106312114e-04 4.335548172757474478e-02 2.526578073089700283e-01 3.837209302325580995e-02 1.827242524916943217e-03 1.928571428571428104e-01 8.488372093023253961e-02 1.661129568106312114e-04 5.149501661129567663e-03 1.661129568106312114e-04 1.827242524916943217e-03 1.661129568106312114e-04 1.661129568106312114e-04 1.827242524916943217e-03 1.661129568106312114e-04 1.014950166112956603e-01 1.661129568106312114e-04 1.529900332225913318e-01 1.827242524916943217e-03
2.808988764044943525e-04 2.165730337078651258e-01 2.808988764044943525e-04 2.808988764044943525e-04 2.808988764044943525e-04 3.089887640449437770e-03 2.808988764044943525e-04 1.994382022471909849e-02 1.828651685393258008e-01 2.808988764044943525e-04 2.808988764044943525e-04 2.808988764044943525e-04 2.808988764044943525e-04 2.808988764044943525e-04 2.808988764044943525e-04 2.808988764044943525e-04 2.808988764044943525e-04 1.660112359550561523e-01 2.808988764044943525e-04 8.707865168539325254e-03 2.808988764044943525e-04 2.808988764044943525e-04 2.808988764044943525e-04 8.455056179775280456e-02 2.808988764044943525e-04 1.014044943820224531e-01 5.365168539325842340e-02 8.455056179775280456e-02 3.089887640449437770e-03 7.050561797752807891e-02
1.801801801801801558e-04 3.801801801801801134e-02 1.801801801801801558e-04 1.981981981981981687e-03 3.659459459459458719e-01 1.801801801801801558e-04 1.801801801801801558e-04 1.801801801801801558e-04 1.425225225225224823e-01 1.801801801801801558e-04 5.585585585585584913e-03 1.801801801801801558e-04 3.783783783783783300e-03 1.999999999999999695e-02 1.801801801801801558e-04 1.801801801801801558e-04 3.261261261261260563e-02 1.801801801801801558e-04 1.801801801801801558e-04 1.801801801801801558e-04 1.981981981981981687e-03 1.981981981981981687e-03 1.801801801801801558e-04 1.801801801801801558e-04 1.082882882882882647e-01 1.801801801801801558e-04 1.245045045045044679e-01 1.801801801801801558e-04 1.479279279279278880e-01 1.981981981981981687e-03
1.226993865030674648e-04 1.226993865030674648e-04 1.607361963190183721e-02 3.559509202453987053e-01 1.239263803680981137e-02 1.226993865030674648e-04 1.226993865030674648e-04 1.226993865030674648e-04 4.306748466257667718e-02 1.226993865030674648e-04 6.257668711656439592e-03 1.226993865030674648e-04 2.160736196319017755e-01 1.044171779141103984e-01 8.711656441717788996e-03 2.576687116564416354e-03 2.957055214723925893e-02 3.803680981595091055e-03 1.349693251533742085e-03 5.030674846625764890e-03 1.226993865030674648e-04 2.098159509202453601e-02 6.257668711656439592e-03 6.257668711656439592e-03 1.226993865030674648e-04 1.226993865030674648e-04 2.576687116564416354e-03 5.901840490797544830e-02 7.251533742331287002e-02 2.588957055214723482e-02
2.235772357723576909e-03 2.032520325203251760e-04 2.032520325203251760e-04 8.760162601626014789e-02 2.032520325203251760e-04 2.032520325203251760e-04 2.032520325203251760e-04 4.491869918699186587e-02 4.898373983739836429e-02 2.235772357723576909e-03 2.032520325203251760e-04 2.032520325203251760e-04 1.607723577235771750e-01 2.032520325203251760e-04 3.475609756097560593e-02 1.770325203252031965e-01 1.239837398373983338e-02 6.727642276422762802e-02 2.032520325203251760e-04 2.235772357723576909e-03 4.268292682926828722e-03 2.032520325203251760e-04 2.662601626016259521e-02 6.300813008130079669e-03 6.930894308943087723e-02 1.079268292682926678e-01 1.424796747967479182e-01 2.032520325203251760e-04 2.032520325203251760e-04 2.032520325203251760e-04
1.187299550994227321e-01 7.055805003207186966e-04 6.414368184733805717e-05 6.414368184733805717e-05 6.414368184733805717e-05 6.414368184733805717e-05 6.414368184733805717e-05 6.414368184733805717e-05 2.168697883258499937e-01 3.341885824246312864e-02 8.088518280949329176e-02 1.545862732520847209e-02 6.414368184733805717e-05 7.055805003207186966e-04 6.414368184733805717e-05 1.988454137267479677e-03 6.414368184733805717e-05 6.414368184733805717e-05 3.271327774214240550e-03 7.761385503527904253e-03 6.414368184733805717e-05 1.994868505452213753e-02 3.374599101988455252e-01 1.347017318794099241e-03 9.044259140474665559e-03 5.009621552277102041e-02 6.414368184733805717e-05 9.756254008980118353e-02 6.414368184733805717e-05 3.912764592687621203e-03
2.066115702479338521e-04 2.066115702479338521e-04 5.185950413223139321e-02 9.731404958677683514e-02 2.066115702479338521e-04 2.066115702479338521e-04 2.066115702479338521e-04 1.241735537190082339e-01 5.392561983471073211e-02 4.338842975206610650e-03 2.499999999999999445e-02 2.066115702479338521e-04 2.066115702479338521e-04 1.407024793388429174e-01 2.066115702479338521e-04 2.066115702479338521e-04 2.066115702479338521e-04 6.632231404958675858e-02 2.066115702479338521e-04 1.053719008264462562e-02 2.066115702479338521e-04 2.066115702479338521e-04 7.665289256198346002e-02 2.066115702479338521e-04 2.066115702479338521e-04 2.066115702479338521e-04 2.066115702479338521e-04 2.832644628099172945e-01 6.219008264462808772e-02 2.066115702479338521e-04
1.876172607879924680e-04 1.876172607879924680e-04 1.894934333958723724e-02 1.876172607879924680e-04 3.191369606003751636e-01 2.833020637898685939e-02 1.876172607879924680e-04 1.519699812382738907e-02 7.898686679174482528e-02 1.876172607879924680e-04 1.876172607879924680e-04 2.082551594746716306e-02 1.371482176360224736e-01 1.876172607879924680e-04 2.645403377110693705e-02 2.063789868667917013e-03 3.020637898686678868e-02 1.876172607879924680e-04 1.876172607879924680e-04 1.876172607879924680e-04 1.876172607879924680e-04 2.063789868667917013e-03 1.876172607879924680e-04 1.876172607879924680e-04 3.208255159474671103e-02 7.898686679174482528e-02 1.165103189493433139e-01 1.876172607879924680e-04 6.022514071294558097e-02 3.020637898686678868e-02
2.590673575129533016e-04 2.590673575129533016e-04 2.590673575129533016e-04 4.147668393782382168e-01 2.590673575129533016e-04 2.590673575129533016e-04 8.031088082901552405e-03 1.062176165803108488e-02 4.430051813471501398e-02 8.056994818652847556e-02 2.590673575129533016e-04 2.590673575129533016e-04 2.386010362694299669e-01 8.031088082901552405e-03 2.590673575129533016e-04 2.590673575129533016e-04 2.590673575129533016e-04 2.590673575129533016e-04 2.590673575129533016e-04 2.849740932642486589e-03 2.590673575129533016e-04 2.590673575129533016e-04 6.761658031088081666e-02 2.590673575129533016e-04 3.393782383419687715e-02 2.590673575129533016e-04 2.590673575129533016e-04 2.590673575129533016e-04 8.575129533678754745e-02 2.590673575129533016e-04
3.703703703703702978e-04 1.518518518518518004e-02 3.703703703703702978e-04 3.703703703703702978e-04 1.518518518518518004e-02 3.703703703703702978e-04 4.074074074074073709e-03 3.703703703703702978e-04 4.707407407407406263e-01 3.703703703703702978e-04 1.888888888888888215e-02 3.703703703703702978e-04 3.703703703703702978e-04 3.703703703703702978e-04 3.703703703703702978e-04 3.703703703703702978e-04 3.703703703703702978e-04 3.703703703703702978e-04 3.703703703703702978e-04 3.703703703703702978e-04 3.703703703703702978e-04 4.851851851851850944e-02 3.188888888888887774e-01 3.703703703703702978e-04 3.370370370370369406e-02 5.222222222222221155e-02 3.703703703703702978e-04 3.703703703703702978e-04 3.703703703703702978e-04 1.518518518518518004e-02
3.086419753086418606e-04 1.574074074074073570e-02 1.265432098765431612e-02 3.086419753086418606e-04 8.672839506172837221e-02 3.086419753086418606e-04 3.086419753086418606e-04 3.086419753086418606e-04 2.009259259259258412e-01 3.086419753086418606e-04 3.086419753086418606e-04 3.086419753086418606e-04 3.086419753086418606e-04 3.086419753086418606e-04 1.546296296296295891e-01 3.086419753086418606e-04 1.391975308641974773e-01 3.086419753086418606e-04 3.086419753086418606e-04 2.191358024691357140e-02 3.086419753086418606e-04 3.395061728395060846e-03 3.425925925925924626e-02 6.481481481481479560e-03 2.225308641975307644e-01 3.395061728395060846e-03 8.981481481481479179e-02 3.086419753086418606e-04 3.086419753086418606e-04 3.395061728395060846e-03
2.169197396963123275e-04 1.043383947939262313e-01 8.047722342733186485e-02 1.151843817787418373e-01 4.555314533622558879e-03 6.724511930585682154e-03 2.169197396963123275e-04 4.360086767895877957e-02 4.793926247288502612e-02 2.169197396963123275e-04 2.169197396963123275e-04 2.169197396963123275e-04 1.086767895878524709e-01 2.169197396963123275e-04 2.169197396963123275e-04 2.386117136659435603e-03 8.481561822125811834e-02 2.386117136659435603e-03 2.169197396963123275e-04 2.169197396963123275e-04 4.555314533622558879e-03 2.169197396963123275e-04 1.498915401301517958e-01 2.169197396963123275e-04 1.694143167028198949e-01 1.106290672451192697e-02 2.169197396963123275e-04 2.169197396963123275e-04 5.227765726681127267e-02 8.893709327548803695e-03
1.063829787234042788e-03 1.063829787234042788e-03 1.063829787234042788e-03 1.063829787234042788e-03 1.063829787234042788e-03 1.063829787234042788e-03 1.063829787234042788e-03 1.063829787234042788e-03 2.989361702127660281e-01 1.063829787234042788e-03 1.063829787234042788e-03 1.063829787234042788e-03 1.063829787234042788e-03 1.063829787234042788e-03 1.170212765957447110e-02 1.063829787234042788e-03 1.063829787234042788e-03 1.063829787234042788e-03 6.489361702127660614e-02 1.063829787234042788e-03 1.063829787234042788e-03 1.063829787234042788e-03 1.063829787234042788e-03 1.063829787234042788e-03 1.063829787234042788e-03 4.053191489361702704e-01 1.180851063829787412e-01 2.234042553191489811e-02 1.063829787234042788e-03 5.425531914893617219e-02
2.777777777777777450e-03 1.335978835978835801e-02 1.322751322751322569e-04 2.818783068783068391e-01 1.322751322751322569e-04 1.322751322751322569e-04 1.322751322751322569e-04 1.455026455026454989e-03 6.494708994708993377e-02 1.322751322751322569e-04 1.335978835978835801e-02 1.322751322751322569e-04 2.845238095238094567e-01 1.019841269841269549e-01 1.322751322751322569e-04 1.322751322751322569e-04 1.322751322751322569e-04 1.322751322751322569e-04 1.322751322751322569e-04 1.203703703703703533e-02 1.322751322751322569e-04 1.322751322751322569e-04 3.584656084656084180e-02 1.322751322751322569e-04 1.322751322751322569e-04 1.322751322751322569e-04 6.362433862433861109e-02 7.288359788359786984e-02 4.775132275132274590e-02 1.455026455026454989e-03
3.676470588235293525e-04 3.676470588235293525e-04 1.874999999999999584e-02 4.268382352941175184e-01 7.720588235294116239e-03 6.286764705882352811e-02 3.676470588235293525e-04 3.676470588235293525e-04 6.654411764705880916e-02 3.676470588235293525e-04 4.044117647058823040e-03 4.044117647058823040e-03 1.507352941176470090e-02 9.963235294117644969e-02 3.676470588235293525e-04 1.069852941176470396e-01 3.676470588235293525e-04 3.676470588235293525e-04 2.242647058823528730e-02 2.242647058823528730e-02 3.676470588235293525e-04 3.676470588235293525e-04 3.676470588235293525e-04 3.676470588235293525e-04 3.676470588235293525e-04 3.676470588235293525e-04 1.363970588235293990e-01 3.676470588235293525e-04 3.676470588235293525e-04 3.676470588235293525e-04
7.812500000000002602e-04 2.421875000000000763e-02 7.890625000000001110e-02 7.812500000000002602e-04 7.812500000000002602e-04 7.812500000000002602e-04 7.812500000000002602e-04 7.812500000000002602e-04 8.593750000000002429e-03 1.023437500000000250e-01 7.812500000000002602e-04 7.812500000000002602e-04 1.570312500000000389e-01 7.812500000000002602e-04 7.812500000000002602e-04 1.101562500000000250e-01 1.101562500000000250e-01 7.812500000000002602e-04 7.812500000000002602e-04 7.812500000000002602e-04 3.289062500000000666e-01 7.812500000000002602e-04 7.812500000000002602e-04 7.812500000000002602e-04 6.328125000000001110e-02 7.812500000000002602e-04 7.812500000000002602e-04 7.812500000000002602e-04 7.812500000000002602e-04 7.812500000000002602e-04
5.236270753512131497e-03 1.277139208173690794e-04 1.277139208173690794e-04 2.134099616858237125e-01 2.567049808429118507e-02 8.569604086845464264e-02 1.277139208173690794e-04 1.277139208173690794e-04 1.277139208173690794e-04 1.277139208173690794e-04 1.277139208173690794e-04 1.277139208173690794e-04 1.404853128991059982e-03 8.952745849297572001e-02 2.183908045977011464e-02 1.277139208173690794e-04 1.891443167305235928e-01 1.277139208173690794e-04 1.277139208173690794e-04 2.950191570881225897e-02 2.681992337164750776e-03 1.277139208173690794e-04 1.277139208173690794e-04 1.277139208173690794e-04 6.781609195402298063e-02 1.277139208173690794e-04 1.277139208173690794e-04 1.404853128991059982e-03 2.644955300127713738e-01 1.277139208173690794e-04
3.875968992248061962e-04 3.875968992248061962e-04 3.875968992248061962e-04 1.980620155038759767e-01 3.875968992248061962e-04 3.875968992248061962e-04 3.875968992248061962e-04 4.302325581395348431e-02 3.875968992248061962e-04 3.875968992248061962e-04 3.139534883720929842e-02 9.728682170542636565e-02 1.399224806201550542e-01 1.360465116279069853e-01 3.875968992248061962e-04 4.263565891472868158e-03 4.263565891472868158e-03 6.240310077519380105e-02 4.263565891472868158e-03 3.875968992248061962e-04 8.953488372093024172e-02 5.852713178294573215e-02 8.139534883720930120e-03 3.875968992248061962e-04 3.875968992248061962e-04 4.263565891472868158e-03 3.875968992248061962e-04 1.011627906976744207e-01 1.201550387596899208e-02 3.875968992248061962e-04
1.845018450184501520e-04 1.845018450184501520e-04 3.874538745387453437e-03 3.083025830258301903e-01 1.845018450184501520e-04 3.523985239852397977e-02 1.845018450184501520e-04 9.409594095940956859e-03 3.339483394833948210e-02 1.845018450184501520e-04 1.845018450184501520e-04 4.999999999999998890e-02 1.533210332103320528e-01 7.398523985239850720e-02 1.845018450184501520e-04 1.845018450184501520e-04 1.845018450184501520e-04 1.845018450184501520e-04 1.845018450184501520e-04 1.845018450184501520e-04 2.047970479704796717e-02 1.845018450184501520e-04 3.339483394833948210e-02 1.845018450184501520e-04 1.845018450184501520e-04 5.922509225092249807e-02 1.845018450184501520e-04 1.053505535055350301e-01 1.090405904059040393e-01 2.029520295202951862e-03
1.528822055137844110e-02 2.506265664160400430e-04 2.506265664160400430e-04 4.614035087719297046e-01 2.506265664160400430e-04 2.506265664160400430e-04 2.506265664160400430e-04 4.285714285714285060e-02 1.779448621553884197e-02 2.506265664160400430e-04 2.506265664160400430e-04 2.506265664160400430e-04 1.606516290726816565e-01 8.546365914786965834e-02 2.506265664160400430e-04 5.037593984962404625e-02 2.506265664160400430e-04 6.541353383458645143e-02 2.506265664160400430e-04 2.756892230576440690e-03 2.756892230576440690e-03 2.756892230576440690e-03 5.263157894736841119e-03 2.506265664160400430e-04 2.506265664160400430e-04 2.506265664160400430e-04 5.538847117794484798e-02 2.506265664160400430e-04 2.280701754385964022e-02 5.263157894736841119e-03
1.972386587771202821e-04 1.972386587771202821e-04 4.142011834319525923e-03 1.972386587771202821e-04 7.120315581854042009e-02 1.972386587771202821e-04 1.972386587771202821e-04 1.875739644970413622e-01 1.639053254437869422e-01 1.972386587771202821e-04 6.114398422090728744e-03 1.972386587771202821e-04 2.583826429980275521e-02 1.382642998027613090e-01 1.972386587771202821e-04 2.169625246548323103e-03 1.972386587771202821e-04 1.972386587771202821e-04 1.972386587771202821e-04 1.972386587771202821e-04 1.972386587771202821e-04 1.203155818540433547e-02 1.972386587771202821e-04 8.086785009861929829e-03 3.570019723865876932e-02 1.972386587771202821e-04 8.106508875739643072e-02 2.605522682445758909e-01 1.972386587771202821e-04 1.972386587771202821e-04
2.673796791443849787e-04 3.502673796791442445e-02 2.673796791443849787e-04 4.441176470588233949e-01 1.393048128342245506e-01 2.673796791443849787e-04 2.673796791443849787e-04 3.502673796791442445e-02 6.711229946524062406e-02 2.673796791443849787e-04 2.673796791443849787e-04 2.673796791443849787e-04 5.614973262032084064e-03 2.967914438502672683e-02 2.673796791443849787e-04 2.673796791443849787e-04 5.614973262032084064e-03 1.631016042780748104e-02 2.673796791443849787e-04 2.673796791443849787e-04 2.673796791443849787e-04 2.673796791443849787e-04 2.673796791443849787e-04 2.673796791443849787e-04 2.165775401069517866e-02 8.288770053475932875e-03 4.037433155080212555e-02 2.673796791443849787e-04 1.473262032085561057e-01 2.673796791443849787e-04
2.604166666666665546e-04 2.604166666666665546e-04 2.604166666666665546e-04 2.604166666666665546e-04 2.864583333333332264e-03 2.604166666666665546e-04 1.070312499999999528e-01 2.604166666666665546e-04 4.713541666666665186e-02 3.151041666666665186e-02 2.604166666666665546e-04 2.604166666666665546e-04 6.015624999999997363e-02 2.604166666666665546e-04 3.932291666666664492e-02 2.604166666666665546e-04 5.234374999999998057e-02 9.661458333333329540e-02 2.604166666666665546e-04 2.604166666666665546e-04 3.075520833333331705e-01 1.486979166666665964e-01 1.588541666666665880e-02 2.604166666666665546e-04 2.604166666666665546e-04 2.604166666666665546e-04 1.588541666666665880e-02 7.057291666666663799e-02 2.604166666666665546e-04 2.604166666666665546e-04
1.420454545454545386e-04 3.707386363636363397e-02 1.718749999999999792e-02 3.112215909090908506e-01 1.420454545454545386e-04 1.420454545454545386e-04 2.982954545454545147e-03 9.247159090909089219e-02 5.696022727272726655e-02 2.982954545454545147e-03 8.110795454545453864e-02 1.420454545454545386e-04 3.139204545454545026e-02 1.562499999999999870e-03 2.855113636363636187e-02 1.420454545454545386e-04 8.536931818181817122e-02 1.420454545454545386e-04 1.420454545454545386e-04 1.420454545454545386e-04 1.420454545454545386e-04 1.576704545454545026e-02 3.849431818181817816e-02 1.420454545454545386e-04 1.420454545454545386e-04 1.420454545454545386e-04 6.548295454545453864e-02 1.420454545454545386e-04 1.294034090909090551e-01 1.420454545454545386e-04
2.320185614849187405e-04 1.626450116009280078e-01 6.519721577726216022e-02 5.127610208816704013e-02 2.320185614849187405e-04 2.320185614849187405e-04 2.320185614849187405e-04 2.320185614849187405e-04 7.679814385150809941e-02 2.320185614849187405e-04 2.320185614849187405e-04 2.320185614849187405e-04 2.299303944315544412e-01 2.320185614849187405e-04 2.320185614849187405e-04 2.320185614849187405e-04 1.023201856148491656e-01 2.552204176334106362e-03 2.320185614849187405e-04 2.320185614849187405e-04 4.199535962877029571e-02 2.320185614849187405e-04 3.039443155452435305e-02 2.552204176334106362e-03 1.023201856148491656e-01 3.271461716937353742e-02 3.503480278422272526e-02 1.415313225058004165e-02 2.320185614849187405e-04 4.663573085846867139e-02
1.102040816326530295e-02 1.646258503401359929e-02 1.496598639455781971e-03 2.722448979591836071e-01 1.360544217687074519e-04 1.360544217687074519e-04 7.768707482993195135e-02 6.816326530612243362e-02 2.598639455782312396e-02 1.360544217687074519e-04 8.312925170068025116e-02 2.870748299319727040e-02 2.613605442176870075e-01 2.190476190476189911e-02 8.299319727891153048e-03 6.938775510204078963e-03 1.496598639455781971e-03 3.006802721088434535e-02 3.414965986394556674e-02 1.360544217687074519e-04 1.360544217687074519e-04 1.360544217687074519e-04 1.360544217687074519e-04 1.360544217687074519e-04 1.360544217687074519e-04 1.360544217687074519e-04 1.360544217687074519e-04 4.911564625850339122e-02 1.360544217687074519e-04 1.360544217687074519e-04
4.101562499999999306e-03 8.613281249999998890e-02 1.681640624999999611e-01 5.292968749999998890e-02 1.953124999999999566e-04 1.953124999999999566e-04 7.050781249999998890e-02 1.953124999999999566e-04 1.447265624999999611e-01 1.953124999999999566e-04 2.148437499999999740e-03 1.953124999999999566e-04 3.535156249999999584e-02 9.980468749999997502e-02 1.953124999999999566e-04 1.953124999999999566e-04 1.972656249999999584e-02 1.972656249999999584e-02 1.953124999999999566e-04 1.953124999999999566e-04 1.953124999999999566e-04 1.953124999999999566e-04 3.730468749999999584e-02 1.953124999999999566e-04 1.447265624999999611e-01 2.167968749999999584e-02 1.953124999999999566e-04 6.054687499999998439e-03 8.417968749999998890e-02 1.953124999999999566e-04
1.550387596899224622e-04 1.550387596899224622e-04 1.550387596899224622e-04 2.451162790697673788e-01 4.806201550387596139e-03 2.341085271317829009e-02 1.550387596899224622e-04 1.550387596899224622e-04 6.356589147286820056e-03 1.550387596899224622e-04 1.550387596899224622e-04 1.550387596899224622e-04 2.961240310077518922e-02 8.852713178294571716e-02 7.906976744186043973e-03 3.255813953488371788e-03 1.567441860465115799e-01 1.550387596899224622e-04 1.550387596899224622e-04 1.550387596899224622e-04 1.550387596899224622e-04 1.550387596899224622e-04 3.255813953488371788e-03 1.550387596899224622e-04 4.201550387596898750e-02 1.875968992248061573e-02 1.474418604651162312e-01 1.550387596899224622e-04 2.203100775193798100e-01 1.550387596899224622e-04
1.135857461024498451e-02 2.249443207126948160e-02 2.227171492204899300e-04 4.077951002227170330e-01 2.227171492204899300e-04 2.227171492204899300e-04 2.227171492204899300e-04 1.516703786191536119e-01 2.227171492204899300e-04 2.227171492204899300e-04 2.227171492204899300e-04 1.358574610244988462e-02 9.153674832962135910e-02 1.383073496659242563e-01 2.227171492204899300e-04 4.677060133630288503e-03 2.449888641425389257e-03 9.153674832962135910e-02 2.227171492204899300e-04 4.677060133630288503e-03 2.227171492204899300e-04 2.227171492204899300e-04 2.227171492204899300e-04 2.227171492204899300e-04 1.358574610244988462e-02 2.227171492204899300e-04 3.585746102449888228e-02 2.227171492204899300e-04 4.677060133630288503e-03 2.449888641425389257e-03
1.798561151079136459e-04 1.798561151079136459e-04 1.798561151079136459e-04 3.255395683453236877e-02 5.575539568345323077e-03 2.535971223021582163e-02 1.798561151079136459e-04 1.314748201438848685e-01 3.095323741007193763e-01 1.798561151079136459e-04 1.798561151079136459e-04 1.798561151079136459e-04 6.133093525179855038e-02 8.111510791366904893e-02 1.798561151079136459e-04 1.978417266187049942e-03 3.776978417266186293e-03 1.996402877697841388e-02 3.776978417266186293e-03 1.798561151079136459e-04 1.978417266187049942e-03 1.798561151079136459e-04 1.098920863309352375e-01 1.978417266187049942e-03 1.798561151079136459e-04 1.798561151079136459e-04 7.212230215827336588e-02 1.350719424460431195e-01 1.798561151079136459e-04 1.798561151079136459e-04
2.277904328018222802e-04 2.277904328018222802e-04 2.277904328018222802e-04 9.134396355353073538e-02 2.277904328018222802e-04 2.277904328018222802e-04 2.277904328018222802e-04 5.489749430523917229e-02 2.277904328018222802e-04 1.389521640091115687e-02 2.781321184510249789e-01 2.277904328018222802e-04 1.870159453302960573e-01 1.801822323462413944e-01 2.277904328018222802e-04 2.277904328018222802e-04 2.277904328018222802e-04 2.300683371298404764e-02 6.173120728929383516e-02 2.277904328018222802e-04 2.528473804100227207e-02 2.277904328018222802e-04 2.277904328018222802e-04 2.277904328018222802e-04 2.277904328018222802e-04 2.505694760820045136e-03 2.277904328018222802e-04 7.084282460136673287e-02 2.277904328018222802e-04 7.061503416856490523e-03
8.992537313432835688e-02 3.731343283582089589e-04 3.731343283582089589e-04 2.541044776119402715e-01 1.794776119402985148e-01 4.104477611940299253e-03 7.835820895522389168e-03 4.104477611940299253e-03 1.608208955223880687e-01 3.731343283582089589e-04 4.514925373134328485e-02 4.104477611940299253e-03 3.731343283582089589e-04 3.731343283582089589e-04 3.731343283582089589e-04 2.276119402985074536e-02 1.156716417910447735e-02 1.529850746268656553e-02 3.731343283582089589e-04 3.731343283582089589e-04 3.731343283582089589e-04 3.731343283582089589e-04 3.731343283582089589e-04 3.731343283582089589e-04 3.731343283582089589e-04 7.835820895522389168e-03 3.731343283582089589e-04 3.731343283582089589e-04 1.720149253731343419e-01 1.529850746268656553e-02
2.666666666666666252e-04 2.933333333333332498e-03 2.666666666666666252e-04 6.959999999999998133e-02 2.666666666666666252e-04 3.226666666666665878e-02 2.933333333333332498e-03 7.226666666666664574e-02 1.575999999999999623e-01 2.666666666666666252e-04 1.309333333333332905e-01 2.666666666666666252e-04 1.093333333333332963e-02 2.666666666666666252e-04 2.666666666666666252e-04 2.666666666666666252e-04 2.666666666666666252e-04 6.426666666666665251e-02 8.293333333333331725e-02 3.493333333333332319e-02 2.159999999999999420e-02 2.666666666666666252e-04 2.666666666666666252e-04 2.666666666666666252e-04 2.666666666666666252e-04 1.893333333333332633e-02 2.829333333333332590e-01 2.666666666666666252e-04 1.093333333333332963e-02 2.666666666666666252e-04
4.347826086956521900e-04 4.347826086956521900e-04 9.130434782608696370e-03 1.482608695652173902e-01 4.347826086956521900e-04 4.347826086956521900e-04 4.347826086956521900e-04 4.391304347826086724e-02 4.347826086956521900e-04 4.347826086956521900e-04 7.000000000000000666e-02 1.004347826086956635e-01 2.352173913043478226e-01 9.130434782608696370e-03 4.782608695652174578e-03 4.347826086956521900e-04 4.347826086956521900e-04 2.221739130434782772e-01 1.782608695652173822e-02 4.347826086956521900e-04 4.347826086956521900e-04 1.134782608695652228e-01 4.347826086956521900e-04 4.347826086956521900e-04 4.347826086956521900e-04 4.347826086956521900e-04 4.347826086956521900e-04 1.347826086956521729e-02 4.782608695652174578e-03 4.347826086956521900e-04
1.569230769230768596e-02 3.076923076923075945e-04 3.076923076923075945e-04 5.261538461538459860e-02 4.646153846153844302e-02 3.076923076923075945e-04 6.679999999999997051e-01 6.461538461538459538e-03 3.384615384615383919e-03 3.076923076923075945e-04 3.076923076923075945e-04 2.184615384615383807e-02 9.538461538461535591e-03 3.076923076923075945e-04 3.076923076923075945e-04 3.076923076923075945e-04 3.076923076923075945e-04 2.799999999999999017e-02 3.076923076923075945e-04 3.076923076923075945e-04 8.646153846153843692e-02 3.723076923076922007e-02 3.076923076923075945e-04 3.076923076923075945e-04 3.076923076923075945e-04 3.076923076923075945e-04 3.076923076923075945e-04 3.076923076923075945e-04 6.461538461538459538e-03 1.261538461538460991e-02
3.205128205128204041e-04 3.878205128205126917e-02 3.205128205128204041e-04 2.342948717948716841e-01 2.596153846153845257e-02 3.205128205128204041e-04 6.730769230769228541e-03 1.862179487179486670e-01 1.637820512820512275e-01 3.205128205128204041e-04 1.413461538461537881e-01 3.205128205128204041e-04 3.205128205128204041e-04 9.967948717948714454e-02 3.205128205128204041e-04 3.205128205128204041e-04 3.205128205128204041e-04 3.205128205128204041e-04 3.205128205128204041e-04 3.205128205128204041e-04 3.205128205128204041e-04 1.955128205128204427e-02 2.596153846153845257e-02 3.205128205128204041e-04 3.205128205128204041e-04 2.275641025641024842e-02 3.205128205128204041e-04 3.205128205128204041e-04 2.916666666666665325e-02 3.205128205128204041e-04
4.545454545454547077e-04 6.409090909090910115e-02 4.545454545454547077e-04 5.500000000000001416e-02 1.409090909090909491e-02 4.545454545454547077e-04 1.140909090909091317e-01 4.545454545454547077e-04 3.227272727272727931e-02 4.545454545454547077e-04 4.545454545454547077e-04 4.545454545454547077e-04 5.000000000000001839e-03 1.322727272727273196e-01 3.227272727272727931e-02 4.545454545454547077e-04 5.000000000000001839e-03 3.681818181818182628e-02 4.545454545454547077e-04 1.186363636363636787e-01 4.545454545454547077e-04 6.409090909090910115e-02 2.318181818181818538e-02 4.545454545454547077e-04 4.545454545454547077e-04 4.545454545454547077e-04 2.322727272727273529e-01 4.545454545454547077e-04 4.545454545454547077e-04 6.409090909090910115e-02
1.727115716753022101e-04 1.727115716753022101e-04 4.335060449050085613e-02 4.060449050086354927e-01 1.727115716753022101e-04 1.899827288428324393e-03 7.081174438687390209e-03 1.727115716753022101e-04 1.917098445595854378e-02 1.727115716753022101e-04 1.124352331606217337e-01 1.727115716753022101e-04 1.677029360967184357e-01 4.680483592400690174e-02 1.727115716753022101e-04 1.727115716753022101e-04 1.727115716753022101e-04 3.298791018998272623e-02 6.062176165803107725e-02 2.089810017271156659e-02 1.727115716753022101e-04 1.053540587219343495e-02 3.989637305699481051e-02 1.727115716753022101e-04 1.727115716753022101e-04 1.727115716753022101e-04 1.398963730569947883e-02 1.398963730569947883e-02 1.727115716753022101e-04 1.727115716753022101e-04
1.757188498402555794e-03 1.597444089456868780e-04 1.293929712460063601e-02 7.204472843450478170e-02 1.597444089456868780e-04 1.103833865814696225e-01 1.597444089456868780e-04 4.808306709265174755e-02 3.370607028753993401e-02 8.146964856230029181e-03 3.354632587859424520e-03 1.597444089456868780e-04 1.597444089456868780e-04 1.757188498402555794e-03 1.597444089456868780e-04 3.354632587859424520e-03 2.413738019169328619e-01 1.597444089456868780e-04 1.597444089456868780e-04 1.597444089456868780e-04 1.597444089456868780e-04 1.597444089456868780e-04 5.926517571884983016e-02 1.597444089456868780e-04 9.121405750798720902e-02 1.597444089456868780e-04 1.293929712460063601e-02 1.597444089456868780e-04 2.972843450479232819e-01 1.597444089456868780e-04
1.661129568106312114e-04 1.661129568106312114e-04 1.661129568106312114e-04 2.825581395348836788e-01 1.661129568106312114e-04 6.162790697674417478e-02 1.661129568106312114e-04 9.651162790697673244e-02 9.817275747508304173e-02 1.661129568106312114e-04 1.661129568106312114e-04 1.661129568106312114e-04 9.485049833887042314e-02 1.661129568106312114e-04 1.661129568106312114e-04 1.661129568106312114e-04 3.488372093023255332e-03 2.840531561461793683e-02 1.661129568106312114e-04 1.661129568106312114e-04 8.471760797342190591e-03 1.013289036544850162e-02 1.745847176079733665e-01 1.661129568106312114e-04 7.657807308970097926e-02 1.661129568106312114e-04 1.661129568106312114e-04 1.661129568106312114e-04 6.162790697674417478e-02 1.661129568106312114e-04
4.201680672268908357e-04 4.201680672268908357e-04 4.201680672268908357e-04 4.201680672268908357e-04 4.201680672268908357e-04 4.201680672268908357e-04 4.201680672268908357e-04 4.201680672268908357e-04 1.302521008403361574e-02 6.764705882352942123e-02 4.201680672268908357e-04 1.390756302521008736e-01 6.764705882352942123e-02 4.201680672268908357e-04 4.201680672268908357e-04 4.201680672268908357e-04 8.823529411764707495e-03 4.201680672268908357e-04 2.861344537815125877e-01 4.201680672268908357e-04 1.302521008403361574e-02 4.621848739495799246e-03 8.823529411764707495e-03 4.201680672268908357e-04 4.621848739495799246e-03 8.445378151260506117e-02 6.764705882352942123e-02 2.142857142857142877e-02 4.201680672268908357e-04 2.063025210084034056e-01
2.309468822170900114e-04 2.309468822170900114e-04 2.309468822170900114e-04 9.953810623556579029e-02 4.849884526558890727e-03 1.408775981524248988e-02 2.540415704387990505e-03 7.159353348729790081e-03 9.491916859122399852e-02 1.870669745958428859e-02 1.870669745958428859e-02 3.718244803695149731e-02 2.309468822170900114e-04 8.337182448036949134e-02 1.110854503464202975e-01 2.309468822170900114e-04 1.177829099307158879e-02 1.087759815242494016e-01 2.309468822170900114e-04 1.639722863741338924e-02 2.309468822170900114e-04 2.794457274826788948e-02 2.309468822170900114e-04 2.309468822170900114e-04 3.949191685912239319e-02 2.309468822170900114e-04 2.958429561200923152e-01 2.309468822170900114e-04 2.309468822170900114e-04 4.849884526558890727e-03
2.358490566037735325e-04 8.278301886792450992e-02 2.358490566037735325e-04 2.358490566037735325e-04 2.358490566037735325e-04 1.441037735849056145e-01 2.358490566037735325e-04 2.358490566037735325e-04 2.358490566037735325e-04 2.358490566037735325e-04 2.358490566037735325e-04 1.202830188679244842e-02 2.358490566037735325e-04 2.313679245283018215e-01 2.358490566037735325e-04 2.358490566037735325e-04 2.617924528301885864e-02 8.514150943396224525e-02 2.358490566037735325e-04 2.643867924528300883e-01 2.358490566037735325e-04 2.358490566037735325e-04 2.358490566037735325e-04 2.358490566037735325e-04 2.358490566037735325e-04 1.323113207547169379e-01 2.358490566037735325e-04 2.358490566037735325e-04 2.358490566037735325e-04 1.674528301886792081e-02
