4.447513812154695045e-02 2.762430939226518463e-04 5.828729281767954656e-02 2.762430939226518463e-04 3.038674033149170364e-03 2.295580110497236759e-01 4.723756906077346968e-02 2.762430939226518463e-04 2.019337016574584975e-01 2.762430939226518463e-04 2.762430939226518463e-04 2.762430939226518463e-04 2.762430939226518463e-04 4.447513812154695045e-02 2.762430939226518463e-04 2.762430939226518463e-04 2.762430939226518463e-04 2.237569060773480015e-02 3.066298342541435434e-02 2.762430939226518463e-04 3.038674033149170364e-03 2.762430939226518463e-04 2.762430939226518463e-04 2.513812154696131590e-02 1.328729281767955517e-01 2.762430939226518463e-04 2.762430939226518463e-04 2.237569060773480015e-02 1.408839779005524248e-02 1.162983425414364363e-01
3.039513677811549273e-04 3.039513677811549273e-04 3.343465045592704417e-03 1.218844984802431169e-01 3.039513677811549273e-04 3.039513677811549273e-04 1.550151975683889891e-02 3.039513677811549273e-04 3.039513677811549273e-04 1.036474164133738274e-01 1.550151975683889891e-02 3.039513677811549273e-04 3.039513677811549273e-04 3.039513677811549273e-04 3.039513677811549273e-04 1.644376899696048111e-01 3.343465045592704417e-03 3.039513677811549273e-04 3.039513677811549273e-04 1.553191489361701594e-01 3.039513677811549273e-04 3.039513677811549273e-04 3.039513677811549273e-04 3.039513677811549273e-04 3.343465045592704417e-03 1.550151975683889891e-02 3.924012158054709931e-01 3.039513677811549273e-04 3.039513677811549273e-04 3.039513677811549273e-04
8.390804597701148615e-02 1.642036124794745268e-04 2.151067323481116109e-02 1.642036124794745268e-04 4.121510673234810712e-02 2.924466338259441023e-01 1.642036124794745268e-04 5.763546798029555579e-02 1.758620689655172042e-01 1.642036124794745268e-04 1.330049261083743502e-02 1.642036124794745268e-04 5.090311986863709816e-03 1.642036124794745268e-04 1.330049261083743502e-02 1.806239737274219822e-03 1.642036124794745268e-04 9.211822660098520354e-02 1.658456486042692718e-02 1.642036124794745268e-04 6.732348111658455030e-03 1.642036124794745268e-04 1.642036124794745268e-04 1.642036124794745268e-04 6.584564860426928012e-02 8.374384236453199376e-03 3.448275862068965036e-03 2.643678160919539846e-02 3.957307060755336364e-02 3.300492610837438279e-02
7.819999999999997786e-02 1.019999999999999553e-02 1.999999999999999554e-04 1.999999999999999554e-04 1.999999999999999554e-04 1.999999999999999554e-04 1.999999999999999554e-04 1.999999999999999554e-04 7.219999999999997253e-02 1.561999999999999222e-01 1.021999999999999714e-01 1.819999999999999396e-02 1.999999999999999554e-04 1.999999999999999554e-04 1.999999999999999554e-04 1.999999999999999554e-04 2.781999999999998918e-01 2.619999999999999066e-02 8.199999999999997222e-03 1.999999999999999554e-04 2.199999999999999265e-03 2.081999999999999129e-01 1.999999999999999554e-04 1.999999999999999554e-04 1.999999999999999554e-04 1.999999999999999554e-04 1.999999999999999554e-04 1.019999999999999553e-02 1.999999999999999554e-04 2.619999999999999066e-02
1.270967741935483675e-01 1.311827956989246834e-02 2.817204301075268078e-02 2.150537634408601878e-04 2.150537634408601878e-04 2.150537634408601878e-04 6.666666666666665360e-03 2.817204301075268078e-02 2.387096774193547821e-02 3.808602150537633291e-01 2.150537634408601878e-04 1.012903225806451452e-01 2.150537634408601878e-04 2.150537634408601878e-04 2.365591397849461930e-03 2.150537634408601878e-04 2.150537634408601878e-04 2.365591397849461930e-03 2.150537634408601878e-04 1.741935483870967263e-02 2.150537634408601878e-04 2.045161290322579928e-01 2.150537634408601878e-04 2.150537634408601878e-04 2.150537634408601878e-04 2.150537634408601878e-04 2.150537634408601878e-04 6.043010752688170867e-02 2.150537634408601878e-04 2.150537634408601878e-04
1.196022727272726960e-01 2.840909090909090229e-04 2.019886363636362869e-01 2.840909090909090229e-04 2.840909090909090229e-04 3.980113636363634688e-01 2.840909090909090229e-04 2.840909090909090229e-04 2.840909090909090229e-04 3.124999999999999306e-03 2.840909090909090229e-04 5.426136363636362148e-02 7.414772727272725406e-02 2.840909090909090229e-04 2.840909090909090229e-04 3.124999999999999306e-03 2.840909090909090229e-04 2.840909090909090229e-04 2.840909090909090229e-04 5.965909090909089427e-03 2.840909090909090229e-04 4.005681818181816567e-02 2.840909090909090229e-04 2.840909090909090229e-04 2.840909090909090229e-04 2.840909090909090229e-04 2.840909090909090229e-04 9.119318181818179825e-02 2.840909090909090229e-04 3.124999999999999306e-03
1.283752860411898900e-01 1.624713958810067999e-02 2.311212814645308145e-02 2.288329519450800487e-04 9.382151029748280260e-03 2.288329519450800487e-04 2.288329519450800487e-04 1.489702517162470874e-01 2.517162471395880535e-03 2.288329519450800487e-04 8.489702517162470152e-02 2.288329519450800487e-04 9.405034324942788959e-02 1.215102974828374954e-01 7.116704805491989860e-02 2.288329519450800487e-04 2.288329519450800487e-04 2.288329519450800487e-04 2.288329519450800487e-04 9.633867276887869702e-02 1.624713958810067999e-02 9.382151029748280260e-03 2.288329519450800487e-04 2.288329519450800487e-04 4.370709382151029276e-02 7.093821510297481509e-03 2.288329519450800487e-04 2.288329519450800487e-04 1.100686498855834999e-01 1.395881006864988123e-02
4.347826086956522985e-04 5.260869565217392296e-02 4.347826086956522985e-04 4.347826086956522985e-04 9.130434782608698105e-03 4.347826086956522985e-04 4.347826086956522985e-04 4.347826086956522985e-04 4.347826086956522985e-04 1.352173913043478726e-01 9.173913043478264251e-02 5.695652173913044736e-02 4.347826086956522985e-04 4.347826086956522985e-04 4.347826086956522985e-04 4.347826086956522985e-04 4.347826086956522985e-04 1.347826086956522076e-02 4.782608695652175446e-03 2.917391304347826675e-01 4.347826086956522985e-04 8.739130434782611812e-02 4.347826086956522985e-04 9.130434782608698105e-03 3.086956521739131140e-02 4.347826086956522985e-04 1.439130434782609214e-01 6.565217391304349615e-02 4.347826086956522985e-04 4.347826086956522985e-04
1.356989247311827518e-01 4.516129032258063211e-03 2.172043010752687520e-02 2.150537634408601878e-04 2.150537634408601878e-04 2.150537634408601878e-04 2.150537634408601878e-04 2.602150537634407776e-02 1.311827956989246834e-02 3.765591397849461508e-01 2.150537634408601878e-04 8.408602150537632103e-02 2.150537634408601878e-04 2.150537634408601878e-04 2.150537634408601878e-04 2.150537634408601878e-04 2.150537634408601878e-04 2.365591397849461930e-03 2.365591397849461930e-03 4.322580645161289842e-02 2.365591397849461930e-03 1.808602150537633735e-01 1.096774193548386706e-02 2.150537634408601878e-04 2.150537634408601878e-04 2.150537634408601878e-04 2.150537634408601878e-04 7.763440860215052586e-02 1.526881720430107135e-02 2.150537634408601878e-04
1.494152046783625287e-01 2.923976608187133473e-04 1.991228070175437848e-01 2.923976608187133473e-04 2.923976608187133473e-04 3.804093567251460306e-01 2.923976608187133473e-04 2.923976608187133473e-04 2.923976608187133473e-04 2.923976608187133473e-04 2.923976608187133473e-04 4.122807017543857894e-02 5.877192982456138498e-02 2.923976608187133473e-04 2.923976608187133473e-04 2.923976608187133473e-04 2.923976608187133473e-04 3.216374269005847254e-03 2.923976608187133473e-04 2.923976608187133473e-04 3.216374269005847254e-03 2.076023391812864549e-02 2.923976608187133473e-04 2.923976608187133473e-04 2.923976608187133473e-04 2.923976608187133473e-04 2.923976608187133473e-04 1.201754385964911992e-01 1.783625730994151462e-02 2.923976608187133473e-04
2.650602409638553713e-03 2.409638554216866815e-04 6.771084337349396465e-02 2.409638554216866815e-04 2.650602409638553713e-03 1.785542168674698060e-01 2.409638554216866815e-04 3.638554216867468522e-02 1.496385542168674199e-01 2.409638554216866815e-04 2.409638554216866815e-04 2.409638554216866815e-04 2.409638554216866815e-04 3.879518072289155767e-02 6.048192771084336117e-02 1.951807228915661968e-02 2.409638554216866815e-04 6.530120481927709220e-02 6.771084337349396465e-02 2.409638554216866815e-04 9.421686746987949224e-02 5.060240963855420528e-03 5.807228915662649565e-02 2.409638554216866815e-04 2.409638554216866815e-04 5.060240963855420528e-03 1.710843373493975417e-02 2.650602409638553713e-03 1.183132530120481613e-01 7.469879518072286909e-03
5.185950413223139321e-02 2.066115702479338521e-04 1.880165289256197775e-02 2.066115702479338521e-04 2.272727272727272183e-03 3.204545454545453809e-01 6.425619834710742662e-02 2.066115702479338521e-04 2.254132231404958053e-01 2.066115702479338521e-04 2.066115702479338521e-04 2.066115702479338521e-04 2.272727272727272183e-03 2.066115702479338521e-04 2.066115702479338521e-04 2.272727272727272183e-03 2.066115702479338521e-04 4.338842975206610650e-03 2.066115702479338521e-04 1.053719008264462562e-02 4.152892561983470565e-02 2.066115702479338521e-04 2.066115702479338521e-04 2.066115702479338521e-04 1.159090909090908783e-01 2.066115702479338521e-04 1.466942148760330168e-02 5.392561983471073211e-02 4.979338842975205431e-02 1.880165289256197775e-02
4.274937133277452797e-03 2.942162615255659169e-02 8.474434199497068998e-02 3.193629505448450367e-02 4.031852472757755518e-02 1.191114836546521838e-01 5.951383067896062230e-03 8.382229673093046082e-05 8.382229673093046082e-05 1.685666387259011356e-01 3.361274098910311398e-02 7.133277451802182145e-02 2.020117351215424198e-02 8.382229673093046082e-05 5.951383067896062230e-03 2.942162615255659169e-02 1.082145850796312203e-01 1.760268231349539731e-03 8.382229673093046082e-05 8.382229673093046082e-05 4.283319362950546716e-02 3.696563285834033458e-02 1.760268231349539731e-03 6.789606035205366513e-03 4.786253143336129112e-02 4.115674769488685686e-02 8.466051969823976814e-03 4.786253143336129112e-02 7.627829002514671664e-03 3.436714165968148514e-03
7.649484536082472308e-02 2.268041237113401550e-03 1.051546391752576984e-02 2.061855670103092343e-04 2.061855670103092343e-04 3.053608247422679445e-01 9.917525773195874639e-02 2.061855670103092343e-04 2.105154639175257081e-01 2.061855670103092343e-04 2.061855670103092343e-04 2.061855670103092343e-04 2.288659793814432422e-02 2.061855670103092343e-04 2.061855670103092343e-04 2.061855670103092343e-04 2.061855670103092343e-04 3.731958762886597447e-02 1.051546391752576984e-02 2.061855670103092343e-04 2.494845360824741662e-02 2.061855670103092343e-04 2.061855670103092343e-04 2.061855670103092343e-04 1.074226804123711160e-01 2.061855670103092343e-04 2.061855670103092343e-04 3.113402061855669381e-02 5.381443298969071365e-02 4.329896907216494381e-03
1.313390313390312980e-01 2.849002849002848278e-04 1.968660968660967958e-01 2.849002849002848278e-04 2.849002849002848278e-04 3.792022792022790578e-01 2.849002849002848278e-04 2.849002849002848278e-04 2.849002849002848278e-04 2.849002849002848278e-04 2.849002849002848278e-04 4.586894586894586096e-02 1.028490028490028213e-01 2.849002849002848278e-04 2.849002849002848278e-04 2.849002849002848278e-04 2.849002849002848278e-04 2.849002849002848278e-04 2.849002849002848278e-04 2.849002849002848278e-04 2.849002849002848278e-04 3.732193732193730962e-02 2.849002849002848278e-04 2.849002849002848278e-04 5.982905982905981600e-03 2.849002849002848278e-04 2.849002849002848278e-04 9.145299145299143340e-02 3.133903133903133322e-03 2.849002849002848278e-04
7.397540983606555598e-02 1.249999999999999549e-02 2.254098360655736998e-03 4.303278688524588697e-03 2.049180327868851915e-04 2.049180327868851915e-04 2.049180327868851915e-04 2.049180327868851915e-04 7.807377049180325157e-02 1.518442622950819110e-01 1.047131147540983215e-01 2.889344262295080734e-02 2.049180327868851915e-04 2.049180327868851915e-04 2.049180327868851915e-04 6.352459016393440829e-03 2.645491803278687271e-01 3.299180327868851681e-02 2.049180327868851915e-04 8.401639344262291226e-03 2.049180327868851915e-04 1.907786885245900954e-01 2.049180327868851915e-04 1.454918032786884675e-02 2.049180327868851915e-04 2.049180327868851915e-04 2.049180327868851915e-04 8.401639344262291226e-03 2.049180327868851915e-04 1.454918032786884675e-02
3.968253968253969335e-04 3.059523809523809756e-01 2.543650793650794051e-01 3.968253968253969335e-04 3.968253968253969335e-04 3.968253968253969335e-04 3.968253968253969335e-04 3.968253968253969335e-04 3.214285714285714662e-02 4.365079365079366051e-03 3.968253968253969335e-04 4.404761904761905766e-02 4.365079365079366051e-03 9.563492063492065598e-02 4.404761904761905766e-02 4.007936507936508963e-02 3.968253968253969335e-04 2.817460317460317859e-02 4.007936507936508963e-02 3.968253968253969335e-04 3.968253968253969335e-04 3.968253968253969335e-04 3.968253968253969335e-04 6.785714285714287974e-02 3.968253968253969335e-04 3.968253968253969335e-04 3.968253968253969335e-04 4.365079365079366051e-03 2.817460317460317859e-02 3.968253968253969335e-04
3.425531914893616831e-02 2.127659574468084816e-04 1.085106382978723132e-02 8.744680851063828253e-02 2.127659574468084816e-04 2.127659574468084816e-04 2.127659574468084816e-04 2.127659574468084816e-04 2.127659574468084816e-04 1.129787234042552990e-01 1.555319148936169793e-01 2.127659574468084816e-04 6.595744680851062768e-03 2.127659574468084816e-04 2.787234042553190724e-02 1.510638297872339900e-02 5.340425531914892721e-02 2.127659574468084816e-04 2.127659574468084816e-04 2.002127659574467478e-01 2.127659574468084816e-04 1.087234042553191227e-01 2.127659574468084816e-04 1.085106382978723132e-02 2.127659574468084816e-04 2.127659574468084816e-04 1.510638297872339900e-02 2.999999999999999195e-02 4.276595744680850020e-02 8.531914893617019435e-02
8.638888888888886231e-02 2.777777777777777233e-04 2.777777777777777233e-04 2.777777777777777233e-04 5.305555555555554331e-02 3.055555555555554848e-03 2.777777777777777233e-04 2.777777777777777233e-04 2.777777777777777233e-04 1.280555555555555058e-01 2.777777777777777233e-04 3.638888888888887341e-02 5.583333333333331816e-02 2.252777777777776880e-01 5.305555555555554331e-02 6.972222222222219934e-02 1.058333333333333071e-01 3.055555555555554848e-03 2.777777777777777233e-04 5.833333333333331865e-03 2.777777777777777233e-04 3.055555555555554848e-03 5.583333333333331816e-02 2.777777777777777233e-04 4.194444444444443004e-02 2.777777777777777233e-04 3.916666666666665519e-02 1.416666666666666075e-02 3.055555555555554848e-03 1.416666666666666075e-02
3.194888178913737019e-04 2.268370607028753067e-02 1.249201277955271222e-01 3.194888178913737019e-04 3.194888178913737019e-04 1.984025559105430658e-01 3.194888178913737019e-04 3.194888178913737019e-04 3.194888178913737019e-04 5.463258785942490259e-02 2.907348242811500297e-02 5.782747603833864047e-02 9.616613418530348123e-02 3.194888178913737019e-04 3.194888178913737019e-04 3.194888178913737019e-04 4.185303514376995104e-02 3.194888178913737019e-04 3.194888178913737019e-04 6.709265175718847306e-03 4.185303514376995104e-02 6.709265175718847306e-03 3.194888178913737019e-04 3.194888178913737019e-04 1.408945686900958116e-01 6.741214057507985413e-02 6.421725239616611625e-02 3.865814696485621316e-02 3.514376996805110721e-03 3.194888178913737019e-04
1.173184357541899939e-02 2.290502793296089745e-02 3.525139664804470274e-01 5.586592178770951418e-04 5.586592178770951418e-04 3.022346368715084775e-01 5.586592178770951418e-04 5.586592178770951418e-04 5.586592178770951418e-04 7.318435754189946130e-02 1.731843575418995015e-02 5.586592178770951418e-04 1.173184357541899939e-02 6.145251396648046885e-03 5.586592178770951418e-04 5.586592178770951418e-04 5.586592178770951418e-04 5.586592178770951418e-04 5.586592178770951418e-04 5.586592178770951418e-04 5.586592178770951418e-04 6.145251396648046885e-03 5.586592178770951418e-04 5.586592178770951418e-04 1.458100558659218282e-01 5.586592178770951418e-04 5.586592178770951418e-04 3.966480446927375669e-02 5.586592178770951418e-04 5.586592178770951418e-04
2.444987775061123925e-04 3.447432762836184772e-02 2.444987775061123925e-04 5.134474327628361055e-03 2.958435207823960009e-02 2.689486552567236805e-03 2.444987775061123925e-04 2.444987775061123925e-04 2.444987775061123925e-04 2.444987775061123925e-04 6.381418092909534046e-02 2.444987775061123925e-04 5.647921760391196727e-02 8.092909535452320891e-02 2.444987775061123925e-04 1.616136919315402931e-01 2.689486552567236805e-03 2.689486552567236805e-03 2.349633251833740111e-01 2.444987775061123925e-04 2.444987775061123925e-04 5.134474327628361055e-03 3.058679706601465931e-01 2.444987775061123925e-04 5.134474327628361055e-03 2.444987775061123925e-04 2.444987775061123925e-04 2.444987775061123925e-04 5.134474327628361055e-03 2.444987775061123925e-04
5.065789473684208927e-02 2.192982456140350105e-04 2.192982456140350105e-04 8.991228070175435322e-03 2.192982456140350105e-04 1.557017543859648412e-02 2.192982456140350105e-04 4.605263157894735546e-03 9.232456140350873974e-02 1.734649122807016830e-01 1.010964912280701428e-01 2.192982456140350105e-04 2.192982456140350105e-04 2.192982456140350105e-04 2.192982456140350105e-04 2.192982456140350105e-04 2.589912280701753278e-01 2.192982456140350105e-04 2.192982456140350105e-04 2.192982456140350105e-04 2.192982456140350105e-04 1.537280701754385193e-01 2.192982456140350105e-04 2.192982456140350105e-04 4.188596491228068625e-02 2.192982456140350105e-04 2.192982456140350105e-04 4.627192982456138776e-02 2.192982456140350105e-04 4.846491228070173851e-02
3.154574132492112709e-04 3.154574132492112709e-04 3.154574132492112709e-04 1.138801261829652661e-01 2.555205047318610811e-02 3.154574132492112709e-04 3.154574132492112709e-04 3.154574132492112709e-04 3.154574132492112709e-04 5.394321766561512715e-02 3.154574132492112709e-04 3.154574132492112709e-04 3.154574132492112709e-04 3.154574132492112709e-04 1.293375394321765945e-02 3.883280757097790081e-01 3.154574132492112709e-04 3.154574132492112709e-04 1.924290220820188552e-02 3.154574132492112709e-04 3.154574132492112709e-04 3.154574132492112709e-04 3.252365930599367960e-01 3.154574132492112709e-04 3.154574132492112709e-04 6.624605678233435983e-03 4.132492113564667502e-02 3.154574132492112709e-04 6.624605678233435983e-03 3.154574132492112709e-04
3.081232492997197474e-03 1.988795518207281746e-02 2.801120448179270431e-04 2.801120448179270431e-04 2.801120448179270431e-04 1.123249299719887434e-01 2.549019607843135832e-02 2.801120448179270431e-04 3.081232492997197474e-03 6.470588235294115476e-02 3.109243697478989918e-02 8.683473389355739203e-03 1.148459383753500790e-02 2.801120448179270431e-04 2.801120448179270431e-04 1.988795518207281746e-02 4.509803921568626001e-02 3.280112044817925510e-01 2.801120448179270431e-04 2.801120448179270431e-04 2.801120448179270431e-04 3.081232492997197474e-03 2.801120448179270431e-04 2.801120448179270431e-04 1.515406162464985329e-01 2.801120448179270431e-04 2.801120448179270431e-04 2.801120448179270431e-04 9.551820728291311735e-02 7.310924369747895391e-02
1.598958333333332926e-01 1.736111111111110906e-04 1.753472222222221891e-02 3.836805555555555108e-02 1.909722222222221943e-03 5.052083333333332732e-02 1.736111111111110906e-04 5.381944444444443539e-03 1.736111111111110906e-04 9.392361111111109662e-02 1.668402777777777402e-01 3.142361111111111049e-02 7.482638888888887285e-02 1.736111111111110906e-04 1.736111111111110906e-04 1.232638888888888500e-02 1.736111111111110906e-04 1.736111111111110906e-04 6.614583333333332038e-02 2.621527777777777138e-02 1.736111111111110906e-04 1.269097222222221877e-01 1.736111111111110906e-04 1.736111111111110906e-04 3.142361111111111049e-02 1.736111111111110906e-04 1.406249999999999688e-02 8.003472222222221544e-02 1.736111111111110906e-04 1.736111111111110906e-04
2.304147465437787474e-04 3.018433179723501586e-02 5.552995391705067840e-02 2.304147465437787474e-04 7.142857142857140899e-03 3.158986175115206518e-01 2.304147465437787474e-04 2.304147465437787474e-04 1.384792626728110210e-01 1.635944700460828863e-02 2.534562211981566168e-03 2.304147465437787474e-04 7.142857142857140899e-03 2.304147465437787474e-04 2.304147465437787474e-04 4.838709677419354184e-03 1.175115207373271520e-02 4.400921658986173962e-02 4.838709677419354184e-03 2.304147465437787474e-04 2.304147465437787474e-04 2.304147465437787474e-04 2.304147465437787474e-04 2.304147465437787474e-04 3.940092165898616966e-02 3.709677419354837774e-02 2.304147465437787474e-04 4.861751152073731652e-02 1.638248847926266627e-01 6.935483870967740216e-02
6.195219123505975312e-02 5.199203187250995423e-02 8.187250996015935089e-02 1.992031872509959691e-04 1.215139442231075347e-02 3.109561752988047045e-01 1.992031872509959691e-04 1.992031872509959691e-04 6.175298804780875693e-03 1.992031872509959691e-04 1.992031872509959691e-04 1.992031872509959691e-04 7.390438247011950346e-02 2.211155378486055062e-02 4.183266932270915568e-03 1.992031872509959691e-04 1.992031872509959691e-04 9.183266932270914285e-02 2.191235059760955877e-03 1.992031872509959691e-04 4.999999999999998890e-02 3.804780876494023162e-02 1.992031872509959691e-04 1.992031872509959691e-04 7.988047808764939250e-02 3.804780876494023162e-02 1.992031872509959691e-04 7.191235059760954507e-02 1.992031872509959691e-04 1.992031872509959691e-04
2.763537906137183420e-01 1.823104693140793764e-02 1.805054151624548367e-04 1.805054151624548367e-04 1.805054151624548367e-04 1.805054151624548367e-04 1.805054151624548367e-04 1.805054151624548367e-04 1.805054151624548367e-04 5.072202166064981171e-02 6.155234657039709845e-02 1.662454873646208864e-01 1.481949458483754201e-01 1.499999999999999667e-01 3.790613718411551571e-03 9.205776173285195804e-03 3.447653429602887815e-02 3.790613718411551571e-03 1.805054151624548367e-04 5.595667870036099938e-03 1.805054151624548367e-04 1.805054151624548367e-04 1.805054151624548367e-04 1.805054151624548367e-04 1.805054151624548367e-04 1.805054151624548367e-04 1.805054151624548367e-04 5.974729241877255181e-02 1.805054151624548367e-04 9.205776173285195804e-03
5.783410138248847032e-02 5.322580645161289342e-02 1.292626728110598811e-01 2.304147465437787474e-04 9.447004608294926747e-03 2.974654377880183165e-01 2.304147465437787474e-04 2.304147465437787474e-04 2.327188940092165051e-02 1.866359447004607708e-02 2.304147465437787474e-04 2.304147465437787474e-04 6.705069124423961024e-02 7.142857142857140899e-03 2.534562211981566168e-03 2.304147465437787474e-04 2.304147465437787474e-04 5.783410138248847032e-02 2.534562211981566168e-03 2.304147465437787474e-04 5.092165898617510844e-02 6.013824884792625530e-02 2.304147465437787474e-04 4.838709677419354184e-03 2.304147465437787474e-04 4.631336405529953154e-02 1.175115207373271520e-02 9.700460829493084969e-02 2.304147465437787474e-04 2.304147465437787474e-04
3.484320557491289196e-04 3.484320557491289196e-04 5.958188153310105262e-02 2.473867595818815199e-02 3.484320557491289196e-04 3.592334494773519182e-01 3.484320557491289196e-04 3.484320557491289196e-04 1.153310104529616797e-01 3.484320557491289196e-04 2.473867595818815199e-02 3.484320557491289196e-04 3.484320557491289196e-04 3.484320557491289196e-04 9.094076655052264757e-02 3.484320557491289196e-04 3.484320557491289196e-04 9.790940766550523811e-02 3.484320557491289196e-04 3.484320557491289196e-04 3.484320557491289196e-04 5.261324041811846902e-02 3.832752613240418549e-03 3.484320557491289196e-04 1.428571428571428527e-02 2.822299651567944032e-02 3.484320557491289196e-04 1.428571428571428527e-02 1.083623693379791031e-01 3.484320557491289196e-04
3.834586466165414154e-02 7.518796992481204542e-04 2.639097744360903164e-01 7.518796992481204542e-04 8.270676691729325972e-03 7.518796992481204542e-04 7.518796992481204542e-04 9.097744360902257355e-02 7.518796992481204542e-04 4.586466165413534413e-02 7.518796992481204542e-04 7.518796992481204542e-04 7.518796992481204542e-04 9.097744360902257355e-02 7.518796992481204542e-04 7.518796992481204542e-04 1.511278195488722220e-01 7.518796992481204542e-04 7.518796992481204542e-04 3.082706766917293548e-02 7.518796992481204542e-04 7.518796992481204542e-04 7.518796992481204542e-04 7.518796992481204542e-04 7.518796992481204542e-04 2.488721804511278834e-01 7.518796992481204542e-04 1.578947368421053030e-02 7.518796992481204542e-04 7.518796992481204542e-04
1.485393258426965790e-01 4.719101123595504342e-03 2.631460674157302670e-01 2.247191011235954603e-04 2.247191011235954603e-04 4.966292134831459815e-02 2.247191011235954603e-04 6.966292134831459162e-03 2.247191011235954603e-04 3.168539325842695958e-02 3.168539325842695958e-02 8.561797752808987527e-02 1.912359550561797128e-01 2.269662921348314030e-02 2.247191011235954603e-04 1.595505617977527671e-02 2.247191011235954603e-04 2.247191011235954603e-04 2.247191011235954603e-04 2.247191011235954603e-04 2.471910112359549955e-03 5.640449438202246174e-02 2.247191011235954603e-04 2.247191011235954603e-04 2.247191011235954603e-04 2.247191011235954603e-04 2.247191011235954603e-04 4.292134831460673455e-02 2.247191011235954603e-04 4.292134831460673455e-02
1.924657534246575763e-01 6.849315068493152907e-04 6.849315068493152907e-04 2.123287671232877358e-02 6.849315068493152907e-04 6.849315068493152907e-04 6.849315068493152907e-04 6.849315068493152907e-04 6.849315068493152907e-04 1.171232876712329091e-01 6.232876712328767888e-02 4.863013698630137827e-02 6.849315068493152907e-04 6.849315068493152907e-04 6.849315068493152907e-04 6.849315068493152907e-04 2.123287671232877358e-02 7.534246575342467764e-03 4.178082191780822796e-02 6.849315068493152907e-04 6.849315068493152907e-04 2.678082191780822297e-01 6.849315068493152907e-04 1.438356164383561980e-02 6.849315068493152907e-04 7.534246575342467764e-03 6.849315068493152907e-04 1.856164383561644260e-01 6.849315068493152907e-04 6.849315068493152907e-04
2.466517857142856707e-02 1.116071428571428401e-04 1.116071428571428401e-04 1.116071428571428401e-04 1.116071428571428401e-04 1.116071428571428401e-04 1.116071428571428401e-04 5.691964285714283707e-03 3.582589285714284782e-02 3.081473214285713746e-01 7.600446428571426549e-02 3.470982142857142322e-02 1.015624999999999688e-02 1.116071428571428401e-04 1.238839285714285303e-02 1.908482142857142669e-02 1.920758928571427993e-01 3.024553571428570745e-02 1.116071428571428401e-04 1.116071428571428401e-04 1.116071428571428401e-04 1.206473214285713885e-01 1.116071428571428401e-04 2.343749999999999480e-03 1.116071428571428401e-04 1.116071428571428401e-04 1.227678571428571187e-03 4.921874999999999167e-02 1.015624999999999688e-02 6.595982142857141628e-02
6.872909698996654271e-02 1.672240802675584929e-04 3.511705685618728406e-03 5.535117056856186241e-02 2.023411371237457748e-02 1.672240802675584929e-04 1.672240802675584929e-04 1.672240802675584929e-04 1.688963210702340914e-02 1.523411371237457790e-01 6.856187290969898047e-03 5.033444816053510990e-02 6.036789297658862186e-02 1.506688963210701948e-01 1.672240802675584929e-04 5.183946488294313877e-03 6.705685618729095854e-02 1.839464882943143585e-03 1.672240802675584929e-04 1.672240802675584929e-04 1.672240802675584929e-04 1.839464882943143585e-03 1.672240802675584929e-04 1.672240802675584929e-04 7.709030100334446356e-02 1.672240802675584929e-04 1.672240802675584929e-04 1.672240802675584929e-04 1.672240802675584929e-04 2.593645484949831936e-01
1.061099796334011997e-01 2.036659877800406869e-04 4.276985743380854778e-03 2.036659877800406869e-04 2.036659877800406869e-04 2.036659877800406869e-04 6.313645621181261484e-03 3.482688391038696318e-02 2.036659877800406869e-04 5.723014256619143869e-02 6.537678207739305858e-02 1.896130346232178798e-01 2.668024439918532942e-02 1.712830957230142004e-01 2.036659877800406869e-04 2.036659877800406869e-04 2.057026476578410756e-02 4.093686354378817810e-02 3.686354378818736816e-02 2.036659877800406869e-04 2.036659877800406869e-04 2.036659877800406869e-04 2.240325865580447637e-03 2.036659877800406869e-04 2.036659877800406869e-04 3.482688391038696318e-02 8.350305498981667324e-03 5.926680244399184366e-02 2.036659877800406869e-04 1.325865580448064851e-01
4.634146341463413893e-02 7.886178861788616101e-02 1.493224932249322123e-01 2.710027100271002166e-04 1.653116531165311001e-02 1.710027100271002132e-01 2.710027100271002166e-04 2.981029810298102111e-03 7.615176151761515744e-02 2.981029810298102111e-03 2.710027100271002166e-04 3.821138211382112820e-02 1.113821138211381762e-01 2.710027100271002166e-04 2.710027100271002166e-04 2.710027100271002166e-04 2.981029810298102111e-03 8.401084010840106225e-03 2.710027100271002166e-04 2.710027100271002166e-04 2.710027100271002166e-04 2.981029810298102111e-03 2.981029810298102111e-03 2.981029810298102111e-03 1.222222222222221905e-01 7.615176151761515744e-02 2.710027100271002166e-04 3.821138211382112820e-02 4.634146341463413893e-02 2.710027100271002166e-04
4.226190476190477135e-02 5.952380952380955086e-04 7.797619047619050447e-02 5.952380952380955086e-04 5.952380952380955086e-04 3.815476190476191354e-01 5.952380952380955086e-04 2.440476190476191173e-02 9.583333333333336757e-02 1.250000000000000416e-02 3.630952380952381930e-02 6.547619047619050378e-03 5.952380952380955086e-04 5.952380952380955086e-04 5.952380952380955086e-04 6.547619047619050378e-03 4.226190476190477135e-02 7.797619047619050447e-02 6.547619047619050378e-03 5.952380952380955086e-04 3.630952380952381930e-02 1.017857142857143266e-01 6.547619047619050378e-03 5.952380952380955086e-04 5.952380952380955086e-04 6.547619047619050378e-03 3.035714285714286378e-02 5.952380952380955086e-04 5.952380952380955086e-04 5.952380952380955086e-04
3.850364963503649651e-02 1.824817518248175339e-04 5.656934306569343443e-03 2.025547445255474269e-02 1.295620437956204393e-02 1.824817518248175339e-04 1.824817518248175339e-04 1.425182481751824659e-01 3.832116788321167887e-03 4.580291970802920221e-02 1.824817518248175339e-04 1.206204379562043627e-01 1.954379562043795648e-01 2.520072992700729819e-01 1.843065693430656973e-02 5.656934306569343443e-03 7.864963503649635701e-02 1.824817518248175339e-04 1.824817518248175339e-04 1.824817518248175339e-04 1.824817518248175339e-04 2.007299270072992765e-03 1.478102189781021862e-02 1.824817518248175339e-04 2.007299270072992765e-03 3.667883211678832356e-02 2.007299270072992765e-03 1.824817518248175339e-04 1.824817518248175339e-04 1.824817518248175339e-04
1.873524451939291569e-01 1.686340640809443525e-04 1.686340640809443525e-04 3.895446880269815004e-02 5.227655986509274766e-03 1.686340640809443525e-04 1.686340640809443525e-04 1.686340640809443525e-04 1.686340640809443525e-04 2.059021922428330431e-01 4.232715008431703341e-02 7.605396290050590868e-02 2.075885328836424848e-01 9.797639123102866443e-02 1.686340640809443525e-04 2.040472175379426725e-02 1.686340640809443525e-04 1.686340640809443525e-04 1.686340640809443525e-04 6.913996627318718183e-03 1.686340640809443525e-04 1.534569983136593527e-02 1.686340640809443525e-04 1.686340640809443525e-04 1.686340640809443525e-04 5.227655986509274766e-03 1.686340640809443525e-04 3.220910623946037638e-02 1.686340640809443525e-04 5.581787521079258074e-02
3.235294117647057998e-03 9.147058823529409521e-02 2.941176470588234494e-04 2.941176470588234494e-04 2.941176470588234494e-04 7.382352941176469063e-02 6.205882352941174962e-02 7.970588235294115420e-02 2.591176470588234526e-01 2.941176470588234494e-04 2.941176470588234494e-04 6.176470588235291950e-03 2.941176470588234494e-04 5.911764705882351090e-02 9.117647058823527204e-03 2.941176470588234494e-04 2.941176470588234494e-04 1.267647058823528905e-01 2.941176470588234494e-04 2.941176470588234494e-04 2.941176470588234494e-04 3.235294117647057998e-03 7.676470588235291548e-02 2.941176470588234494e-04 2.941176470588234494e-04 2.941176470588234494e-04 9.117647058823527204e-03 2.941176470588234494e-04 4.441176470588233810e-02 9.147058823529409521e-02
1.022817460317460153e-01 5.059523809523808896e-03 9.920634920634920626e-05 9.920634920634920626e-05 9.920634920634920626e-05 2.390873015873015706e-02 9.920634920634920626e-05 2.291666666666666505e-02 1.062499999999999833e-01 7.251984126984126200e-02 9.632936507936505632e-02 9.920634920634920626e-05 6.160714285714285338e-02 3.482142857142856568e-02 9.920634920634920626e-05 9.920634920634920626e-05 1.091269841269841296e-03 9.920634920634920626e-05 7.043650793650792913e-03 2.490079365079364906e-02 3.085317460317460111e-02 1.022817460317460153e-01 9.920634920634920626e-05 1.001984126984126894e-02 4.077380952380951773e-02 2.083333333333333304e-03 9.920634920634920626e-05 4.275793650793650175e-02 1.022817460317460153e-01 1.092261904761904628e-01
1.330409356725145882e-02 1.461988304093567008e-04 2.353801169590643075e-02 3.583333333333332815e-01 1.461988304093567008e-04 1.461988304093567008e-04 1.461988304093567008e-04 1.461988304093567008e-04 3.070175438596490797e-03 1.461988304093567008e-04 1.461988304093567008e-04 7.456140350877191007e-03 1.622807017543859490e-02 1.461988304093567008e-04 1.461988304093567008e-04 2.706140350877192513e-01 2.061403508771929294e-02 1.461988304093567008e-04 6.739766081871344239e-02 1.461988304093567008e-04 1.461988304093567008e-04 2.353801169590643075e-02 1.887426900584794898e-01 1.461988304093567008e-04 1.461988304093567008e-04 1.608187134502923844e-03 1.461988304093567008e-04 1.461988304093567008e-04 1.461988304093567008e-04 3.070175438596490797e-03
8.401084010840107960e-03 2.710027100271002708e-04 2.710027100271002708e-04 2.710027100271002708e-04 2.710027100271002708e-04 7.073170731707317804e-02 2.710027100271002708e-04 2.710027100271002708e-04 8.157181571815719234e-02 6.531165311653117089e-02 5.691056910569106120e-03 1.382113821138211338e-02 2.710027100271002708e-04 2.195121951219512063e-02 2.710027100271002708e-04 2.981029810298103412e-03 5.691056910569106120e-03 1.791327913279132655e-01 2.710027100271002708e-04 5.691056910569106120e-03 2.710027100271002708e-04 3.550135501355013157e-02 2.710027100271002708e-04 2.710027100271002708e-04 8.428184281842818204e-02 2.710027100271002708e-04 2.710027100271002708e-04 2.710027100271002708e-04 2.008130081300812941e-01 2.143631436314362981e-01
2.398081534772181765e-04 2.398081534772181765e-04 1.462829736211030719e-02 2.661870503597121504e-02 2.398081534772181765e-04 2.040767386091126290e-01 2.637889688249399778e-03 6.498800959232611807e-02 4.100719424460430584e-02 2.398081534772181765e-04 9.832134292565943012e-03 2.398081534772181765e-04 2.398081534772181765e-04 2.398081534772181765e-04 9.136690647482012539e-02 4.820143884892085645e-02 2.398081534772181765e-04 2.088729016786569914e-01 2.398081534772181765e-04 2.398081534772181765e-04 2.637889688249399778e-03 1.942446043165467137e-02 2.398081534772181765e-04 2.398081534772181765e-04 5.035971223021581435e-03 2.398081534772181765e-04 2.398081534772181765e-04 2.398081534772181765e-04 1.729016786570742870e-01 8.417266187050358173e-02
3.300330033003298744e-04 3.300330033003298744e-04 5.643564356435640944e-02 3.300330033003298744e-04 3.300330033003298744e-04 1.353135313531352198e-02 3.003300330033001342e-02 7.623762376237619431e-02 3.300330033003298744e-04 3.300330033003298744e-04 2.673267326732671478e-02 3.630363036303628672e-03 3.300330033003298744e-04 3.300330033003298744e-04 3.300330033003298744e-04 6.303630363036299977e-02 3.300330033003298744e-04 1.353135313531352198e-02 3.300330033003298744e-04 7.953795379537949295e-02 3.300330033003298744e-04 3.300330033003298744e-04 3.300330033003298744e-04 5.118811881188115587e-01 3.300330033003298744e-04 1.191419141914190766e-01 3.300330033003298744e-04 3.300330033003298744e-04 3.300330033003298744e-04 3.300330033003298744e-04
2.012072434607645557e-04 4.225352112676055913e-03 2.012072434607645557e-04 5.050301810865190366e-02 3.641851106639838742e-02 7.263581488933600061e-02 2.012072434607645557e-04 5.050301810865190366e-02 2.879275653923540346e-01 2.032193158953721907e-02 2.012072434607645557e-04 2.012072434607645557e-04 2.012072434607645557e-04 1.329979879275653420e-01 2.012072434607645557e-04 2.012072434607645557e-04 2.012072434607645557e-04 3.843058350100603260e-02 2.012072434607645557e-04 2.012072434607645557e-04 2.012072434607645557e-04 6.237424547283701090e-03 1.772635814889335359e-01 2.012072434607645557e-04 5.050301810865190366e-02 4.225352112676055913e-03 2.012072434607645557e-04 2.012072434607645557e-04 1.026156941649899144e-02 5.452716297786719402e-02
6.058041112454654042e-02 1.704957678355501285e-02 1.209189842805320216e-04 1.100362756952841248e-02 1.209189842805320216e-04 5.211608222490930059e-02 1.209189842805320216e-04 1.209189842805320216e-04 1.149939540507859403e-01 7.629987908101569516e-02 4.969770253929865766e-02 1.209189842805320216e-04 4.002418379685609984e-02 5.211608222490930059e-02 1.209189842805320216e-04 1.209189842805320216e-04 1.209189842805320216e-04 7.992744860943165608e-02 1.209189842805320216e-04 1.209189842805320216e-04 5.816203143893589750e-02 5.090689238210397566e-02 2.309552599758161670e-02 1.209189842805320216e-04 1.209189842805320216e-04 1.209189842805320216e-04 9.794437726723092749e-03 4.123337363966141783e-02 1.827085852478838590e-01 7.871825876662633115e-02
2.469135802469135318e-04 2.469135802469135318e-04 7.654320987654319487e-03 2.469135802469135318e-04 1.999999999999999348e-02 2.469135802469135318e-04 3.730864197530863180e-01 2.469135802469135318e-04 1.632098765432098142e-01 5.703703703703702499e-02 2.469135802469135318e-04 2.716049382716048850e-03 2.469135802469135318e-04 2.246913580246912706e-02 1.259259259259258752e-02 2.469135802469135318e-04 5.185185185185184169e-03 2.469135802469135318e-04 2.469135802469135318e-04 6.691358024691355932e-02 2.469135802469135318e-04 2.716049382716048850e-03 2.469135802469135318e-04 5.950617283950616204e-02 5.456790123456788794e-02 6.197530864197529216e-02 3.728395061728394244e-02 4.962962962962962077e-02 2.469135802469135318e-04 2.469135802469135318e-04
7.159090909090909394e-02 1.623376623376623375e-04 1.623376623376623375e-04 3.262987012987013380e-02 2.288961038961039030e-02 1.623376623376623375e-04 1.623376623376623375e-04 5.032467532467532409e-03 1.251623376623376416e-01 1.235389610389610315e-01 2.775974025974026205e-02 1.024350649350649345e-01 3.750000000000000555e-02 6.655844155844155459e-03 1.152597402597402461e-02 3.409090909090909359e-03 1.623376623376623375e-04 1.623376623376623375e-04 1.785714285714285875e-03 5.032467532467532409e-03 2.775974025974026205e-02 1.560064935064935099e-01 1.623376623376623375e-04 1.623376623376623375e-04 1.623376623376623375e-04 6.655844155844155459e-03 1.623376623376623375e-04 5.860389610389610954e-02 1.008116883116883106e-01 7.159090909090909394e-02
7.751677852348994036e-02 3.691275167785235296e-03 3.355704697986577542e-04 3.355704697986577542e-04 3.355704697986577542e-04 3.355704697986577542e-04 7.046979865771811971e-03 3.355704697986577542e-04 1.244966442953020225e-01 3.355704697986577542e-04 3.053691275167785130e-02 3.355704697986577542e-04 4.731543624161073380e-02 2.016778523489932973e-01 3.355704697986577542e-04 5.402684563758389930e-02 3.355704697986577542e-04 1.110738255033557054e-01 3.691275167785235296e-03 2.046979865771812040e-02 3.355704697986577542e-04 3.355704697986577542e-04 3.691275167785235296e-03 3.355704697986577542e-04 5.738255033557047163e-02 3.355704697986577542e-04 3.355704697986577542e-04 3.355704697986577542e-04 4.731543624161073380e-02 2.050335570469798696e-01
2.873563218390804558e-04 2.873563218390804558e-04 2.873563218390804558e-04 2.873563218390804558e-04 2.873563218390804558e-04 1.640804597701149559e-01 3.160919540229885447e-03 3.160919540229885447e-03 2.040229885057471063e-02 3.160919540229885447e-03 2.873563218390804558e-04 2.873563218390804558e-04 2.873563218390804558e-04 2.873563218390804558e-04 2.873563218390804558e-04 2.873563218390804558e-04 1.178160919540229869e-02 2.646551724137931050e-01 2.873563218390804558e-04 3.160919540229885447e-03 1.178160919540229869e-02 2.873563218390804558e-04 2.873563218390804558e-04 2.873563218390804558e-04 1.439655172413793205e-01 2.873563218390804558e-04 2.873563218390804558e-04 2.873563218390804558e-04 1.870689655172413646e-01 1.784482758620689613e-01
