6.802168021680216059e-02 2.710027100271002708e-04 1.113821138211382039e-01 2.195121951219511716e-02 1.111111111111110807e-02 2.710027100271002708e-04 2.710027100271002708e-04 2.710027100271002708e-04 1.924119241192411359e-02 1.111111111111110807e-02 1.303523035230352012e-01 1.113821138211382039e-01 2.710027100271002708e-04 2.710027100271002708e-04 2.981029810298102978e-03 2.710027100271002708e-04 1.330623306233062186e-01 2.710027100271002708e-04 2.710027100271002708e-04 2.710027100271002708e-04 4.905149051490514250e-02 2.710027100271002708e-04 1.111111111111110807e-02 2.710027100271002708e-04 2.710027100271002708e-04 2.387533875338752887e-01 6.260162601626015344e-02 2.981029810298102978e-03 1.111111111111110807e-02 2.710027100271002708e-04
7.865168539325844907e-03 3.745318352059926327e-04 4.906367041198502615e-02 3.745318352059926327e-04 3.745318352059926327e-04 3.033707865168540005e-02 3.745318352059926327e-04 1.161048689138577047e-02 7.865168539325844907e-03 3.033707865168540005e-02 1.464419475655431013e-01 3.745318352059926327e-04 3.745318352059926327e-04 2.659176029962547275e-02 3.745318352059926327e-04 3.745318352059926327e-04 1.164794007490636968e-01 2.662921348314606917e-01 3.745318352059926327e-04 3.745318352059926327e-04 3.745318352059926327e-04 1.161048689138577047e-02 6.404494382022474230e-02 3.745318352059926327e-04 1.910112359550562161e-02 3.745318352059926327e-04 3.745318352059926327e-04 3.033707865168540005e-02 3.745318352059926327e-04 1.764044943820225197e-01
1.054237288135592837e-01 3.389830508474575414e-04 2.067796610169490498e-02 7.118644067796608098e-03 1.728813559322033011e-02 3.389830508474575414e-04 3.389830508474575414e-04 3.389830508474575414e-04 3.054237288135591699e-01 3.389830508474575414e-04 7.830508474576268474e-02 3.389830508474575414e-04 1.050847457627118210e-02 3.389830508474575414e-04 3.389830508474575414e-04 3.728813559322032792e-03 2.105084745762711151e-01 3.389830508474575414e-04 3.389830508474575414e-04 3.389830508474575414e-04 1.122033898305084404e-01 3.389830508474575414e-04 3.389830508474575414e-04 3.389830508474575414e-04 3.389830508474575414e-04 7.830508474576268474e-02 4.440677966101692908e-02 3.389830508474575414e-04 3.389830508474575414e-04 3.389830508474575414e-04
3.184713375796177637e-04 3.503184713375795400e-03 3.184713375796177637e-04 1.085987261146496435e-01 3.184713375796177637e-04 3.792993630573247010e-01 3.184713375796177637e-04 3.184713375796177637e-04 1.213375796178343541e-01 3.184713375796177637e-04 3.184713375796177637e-04 2.579617834394903539e-02 1.624203821656050248e-02 3.184713375796177637e-04 3.184713375796177637e-04 3.184713375796177637e-04 2.264331210191081745e-01 3.184713375796177637e-04 3.184713375796177637e-04 3.184713375796177637e-04 3.184713375796177637e-04 3.503184713375795400e-03 3.184713375796177637e-04 3.184713375796177637e-04 3.184713375796177637e-04 3.184713375796177637e-04 1.022292993630572883e-01 3.184713375796177637e-04 6.687898089171972170e-03 3.184713375796177637e-04
2.463054187192118580e-04 2.463054187192118580e-04 9.384236453201970363e-02 7.413793103448276800e-02 2.463054187192118580e-04 2.463054187192118580e-04 8.645320197044335797e-02 1.652709359605911144e-01 2.463054187192118580e-04 7.635467980295566892e-03 2.463054187192118580e-04 2.487684729064039424e-02 2.463054187192118580e-04 6.182266009852217109e-02 2.463054187192118580e-04 7.167487684729063890e-02 2.463054187192118580e-04 2.463054187192118580e-04 5.172413793103448204e-03 2.463054187192118580e-04 7.635467980295566892e-03 2.463054187192118580e-04 2.463054187192118580e-04 1.748768472906403817e-02 2.463054187192118580e-04 2.733990147783251293e-02 3.032019704433497331e-01 4.950738916256158112e-02 2.463054187192118580e-04 2.463054187192118580e-04
4.000000000000000734e-04 6.040000000000000230e-02 4.000000000000000734e-04 4.000000000000000734e-04 4.000000000000000734e-04 2.440000000000000155e-02 1.044000000000000206e-01 4.000000000000000734e-04 6.840000000000001634e-02 4.000000000000000734e-04 4.000000000000000734e-04 1.240000000000000130e-02 4.000000000000000734e-04 4.000000000000000734e-04 4.000000000000000734e-04 4.000000000000000734e-04 1.364000000000000212e-01 4.000000000000000734e-04 4.000000000000000734e-04 4.000000000000000734e-04 4.000000000000000734e-04 1.084000000000000241e-01 4.000000000000000734e-04 4.000000000000000734e-04 4.000000000000000734e-04 4.000000000000000734e-04 4.000000000000000734e-04 4.764000000000000457e-01 4.000000000000000734e-04 4.000000000000000734e-04
2.538071065989847301e-04 2.538071065989847301e-04 8.654822335025379176e-02 2.538071065989847301e-04 3.631979695431470923e-01 2.538071065989847301e-04 7.868020304568526524e-03 1.548223350253806647e-02 4.086294416243654165e-02 2.538071065989847301e-04 1.779187817258882642e-01 2.538071065989847301e-04 2.538071065989847301e-04 2.538071065989847301e-04 1.550761421319796496e-01 2.538071065989847301e-04 9.162436548223347466e-02 5.329949238578679006e-03 5.329949238578679006e-03 2.538071065989847301e-04 2.538071065989847301e-04 2.538071065989847301e-04 2.538071065989847301e-04 2.791878172588831922e-03 2.538071065989847301e-04 2.538071065989847301e-04 2.538071065989847301e-04 2.538071065989847301e-04 4.340101522842639004e-02 2.538071065989847301e-04
1.531393568147013736e-04 3.690658499234302642e-02 5.222052067381316443e-02 1.531393568147013736e-04 1.684532924961714946e-03 3.690658499234302642e-02 1.531393568147013736e-04 3.996937212863705541e-02 9.341500765696781131e-03 1.684532924961714946e-03 1.578866768759570882e-01 1.531393568147013736e-04 3.215926493108728357e-03 1.531393568147013736e-04 1.456355283307809723e-01 1.531393568147013736e-04 7.810107197549768371e-03 6.140888208269524445e-02 1.531393568147013736e-04 1.852986217457886289e-02 1.119448698315466811e-01 1.531393568147013736e-04 1.531393568147013736e-04 1.684532924961714946e-03 2.924961715160796089e-02 1.531393568147013736e-04 1.531393568147013736e-04 1.531393568147013736e-04 2.084226646248085180e-01 7.366003062787135347e-02
3.662613981762917470e-02 1.671732522796352425e-03 7.006079027355621713e-02 1.671732522796352425e-03 1.519756838905774907e-04 1.519756838905774907e-04 1.519756838905774907e-04 1.519756838905774907e-04 1.519756838905774907e-04 1.519756838905774907e-04 1.519756838905774907e-04 1.519756838905774907e-04 1.519756838905774907e-04 1.519756838905774907e-04 1.519756838905774907e-04 1.519756838905774907e-04 3.193009118541032532e-01 1.519756838905774907e-04 1.519756838905774907e-04 1.671732522796352425e-03 1.519756838905774907e-04 3.054711246200607702e-02 1.519756838905774907e-04 1.519756838905774907e-04 1.519756838905774907e-04 1.519756838905774907e-04 7.750759878419451188e-03 1.521276595744680549e-01 1.519756838905774907e-04 3.755319148936169249e-01
1.295918367346938216e-01 3.401360544217685755e-04 3.401360544217685755e-04 3.401360544217685755e-04 3.401360544217685755e-04 3.401360544217685755e-04 3.401360544217685755e-04 3.401360544217685755e-04 2.996598639455780866e-01 3.401360544217685755e-04 5.136054421768705691e-02 3.401360544217685755e-04 2.414965986394556827e-02 3.401360544217685755e-04 3.741496598639454819e-03 3.401360544217685755e-04 2.146258503401359818e-01 3.401360544217685755e-04 3.401360544217685755e-04 3.401360544217685755e-04 9.217687074829929161e-02 3.401360544217685755e-04 3.401360544217685755e-04 3.401360544217685755e-04 5.136054421768705691e-02 5.816326530612243167e-02 4.115646258503399824e-02 3.401360544217685755e-04 3.401360544217685755e-04 2.755102040816325218e-02
5.649717514124296151e-04 5.649717514124296151e-04 6.214689265536726091e-03 5.649717514124296151e-04 1.751412429378531796e-02 4.525423728813560698e-01 5.649717514124296151e-04 2.316384180790960826e-02 1.135593220338983467e-01 6.214689265536726091e-03 6.271186440677968543e-02 6.836158192090396879e-02 2.316384180790960826e-02 7.966101694915256326e-02 5.649717514124296151e-04 5.649717514124296151e-04 6.271186440677968543e-02 5.649717514124296151e-04 5.649717514124296151e-04 5.649717514124296151e-04 5.649717514124296151e-04 5.649717514124296151e-04 5.649717514124296151e-04 5.649717514124296151e-04 5.649717514124296151e-04 5.649717514124296151e-04 7.401129943502826602e-02 5.649717514124296151e-04 5.649717514124296151e-04 5.649717514124296151e-04
5.235602094240839315e-04 3.717277486910995632e-02 5.235602094240839315e-04 4.240837696335079954e-02 2.465968586387435324e-01 5.235602094240839315e-04 5.235602094240839315e-04 5.235602094240839315e-04 5.235602094240839315e-04 5.759162303664923897e-03 5.235602094240839315e-04 5.235602094240839315e-04 5.235602094240839315e-04 5.235602094240839315e-04 3.717277486910995632e-02 5.235602094240839315e-04 2.146596858638744054e-02 5.235602094240839315e-04 2.361256544502618460e-01 5.235602094240839315e-04 5.235602094240839315e-04 1.099476439790576278e-02 5.235602094240839315e-04 3.408376963350785993e-01 5.235602094240839315e-04 5.235602094240839315e-04 5.235602094240839315e-04 1.099476439790576278e-02 5.235602094240839315e-04 5.235602094240839315e-04
3.649193548387096725e-02 2.016129032258064514e-04 2.016129032258064514e-04 2.016129032258064514e-04 2.016129032258064514e-04 2.217741935483870993e-03 2.016129032258064514e-04 2.016129032258064514e-04 2.217741935483870993e-03 2.016129032258064514e-04 6.673387096774194283e-02 2.016129032258064514e-04 2.016129032258064514e-04 2.016129032258064514e-04 1.028225806451612753e-02 2.016129032258064514e-04 1.836693548387096642e-01 2.016129032258064514e-04 4.233870967741935887e-03 2.016129032258064514e-04 1.229838709677419199e-02 2.016129032258064514e-04 2.237903225806451429e-02 2.016129032258064514e-04 2.016129032258064514e-04 2.217741935483870993e-03 2.016129032258064514e-04 2.461693548387096642e-01 2.016129032258064514e-04 4.074596774193548487e-01
3.144654088050313767e-04 9.465408805031443051e-02 1.386792452830188094e-01 3.144654088050313767e-04 3.459119496855345144e-03 3.144654088050313767e-04 3.144654088050313767e-04 1.827044025157232021e-01 3.144654088050313767e-04 3.144654088050313767e-04 3.084905660377357250e-01 5.691823899371067919e-02 3.144654088050313767e-04 1.289308176100628298e-02 3.144654088050313767e-04 3.459119496855345144e-03 7.578616352201256179e-02 3.144654088050313767e-04 3.144654088050313767e-04 8.836477987421380298e-02 3.144654088050313767e-04 3.144654088050313767e-04 9.748427672955970943e-03 3.144654088050313767e-04 3.144654088050313767e-04 1.918238993710691051e-02 3.144654088050313767e-04 3.144654088050313767e-04 3.144654088050313767e-04 3.144654088050313767e-04
3.205128205128204041e-04 3.205128205128204041e-04 2.916666666666665325e-02 3.205128205128204041e-04 3.205128205128204041e-04 3.205128205128204041e-04 3.205128205128204041e-04 1.798076923076922518e-01 6.730769230769228541e-03 1.634615384615384012e-02 5.801282051282049407e-02 3.205128205128204041e-04 3.205128205128204041e-04 3.144230769230768052e-01 3.205128205128204041e-04 1.157051282051281688e-01 5.160256410256408577e-02 5.480769230769229339e-02 3.205128205128204041e-04 3.205128205128204041e-04 3.205128205128204041e-04 3.205128205128204041e-04 3.205128205128204041e-04 3.205128205128204041e-04 3.205128205128204041e-04 3.205128205128204041e-04 1.669871794871794213e-01 3.205128205128204041e-04 3.205128205128204041e-04 3.205128205128204041e-04
3.125000000000000065e-04 3.125000000000000065e-04 3.468749999999999611e-02 3.156250000000000028e-02 3.125000000000000065e-04 3.125000000000000065e-04 3.125000000000000065e-04 3.125000000000000065e-04 3.125000000000000065e-04 3.125000000000000065e-04 3.125000000000000065e-04 3.437500000000000451e-03 3.125000000000000065e-04 3.125000000000000065e-04 3.125000000000000065e-04 3.156250000000000028e-02 1.878124999999999933e-01 3.125000000000000065e-04 3.125000000000000065e-04 4.406249999999999750e-02 3.437500000000000451e-03 6.906249999999999889e-02 3.125000000000000065e-04 3.437500000000000451e-03 3.125000000000000065e-04 3.125000000000000065e-04 5.031250000000000305e-02 5.315624999999999378e-01 3.437500000000000451e-03 3.125000000000000065e-04
2.006578947368420351e-02 3.289473684210525157e-04 3.289473684210525157e-04 3.289473684210525157e-04 3.289473684210525157e-04 3.289473684210525157e-04 3.289473684210525157e-04 6.611842105263156244e-02 6.907894736842103318e-03 3.289473684210525157e-04 1.319078947368420573e-01 3.289473684210525157e-04 3.289473684210525157e-04 2.898026315789472562e-01 2.993421052631577844e-02 3.618421052631578053e-03 1.088815789473683848e-01 3.980263157894735337e-02 1.019736842105262858e-02 2.664473684210525231e-02 3.618421052631578053e-03 3.289473684210525157e-04 2.664473684210525231e-02 3.289473684210525157e-04 8.914473684210523496e-02 3.618421052631578053e-03 6.940789473684208510e-02 3.289473684210525157e-04 2.335526315789472618e-02 4.638157894736840564e-02
3.597122302158273460e-04 3.992805755395683470e-02 5.431654676258992898e-02 3.597122302158273460e-04 3.597122302158273460e-04 3.597122302158273460e-04 3.597122302158273460e-04 3.597122302158273460e-04 3.956834532374100752e-03 3.597122302158273460e-04 1.946043165467626068e-01 3.597122302158273460e-04 3.597122302158273460e-04 3.597122302158273460e-04 7.949640287769785263e-02 3.597122302158273460e-04 1.514388489208633171e-01 3.597122302158273460e-04 3.597122302158273460e-04 3.597122302158273460e-04 1.262589928057553934e-01 3.597122302158273460e-04 7.949640287769785263e-02 3.597122302158273460e-04 3.597122302158273460e-04 2.194244604316546512e-02 3.597122302158273460e-04 3.597122302158273460e-04 2.413669064748201198e-01 3.597122302158273460e-04
2.283105022831049885e-04 2.762557077625570068e-02 2.283105022831049885e-04 2.283105022831049885e-04 1.257990867579908412e-01 2.283105022831049885e-04 2.283105022831049885e-04 3.541095890410957958e-01 2.283105022831049885e-04 2.283105022831049885e-04 2.283105022831049885e-04 2.283105022831049885e-04 2.283105022831049885e-04 2.283105022831049885e-04 2.283105022831049885e-04 1.164383561643835170e-02 1.164383561643835170e-02 9.360730593607303335e-03 1.849315068493150027e-02 2.283105022831049885e-04 2.283105022831049885e-04 2.283105022831049885e-04 2.762557077625570068e-02 3.447488584474885098e-02 1.164383561643835170e-02 2.283105022831049885e-04 1.394977168949771418e-01 2.283105022831049885e-04 2.239726027397259678e-01 2.283105022831049885e-04
1.007936507936507686e-01 2.645502645502644597e-04 3.465608465608464167e-02 2.910052910052909544e-03 2.645502645502644597e-04 1.349206349206348750e-02 2.645502645502644597e-04 5.555555555555554033e-03 8.201058201058198521e-03 2.645502645502644597e-04 3.230158730158729230e-01 1.084656084656084214e-02 2.645502645502644597e-04 1.613756613756613112e-02 6.375661375661374752e-02 2.142857142857142183e-02 8.756613756613754185e-02 3.994708994708993238e-02 2.645502645502644597e-04 2.407407407407406719e-02 8.227513227513225114e-02 2.645502645502644597e-04 5.555555555555554033e-03 2.645502645502644597e-04 5.317460317460315916e-02 8.492063492063489649e-02 2.645502645502644597e-04 2.645502645502644597e-04 1.878306878306877647e-02 2.645502645502644597e-04
5.637149028077752949e-02 2.159827213822893867e-04 1.017278617710582894e-01 2.159827213822893867e-04 2.159827213822893867e-04 2.159827213822893867e-04 2.159827213822893867e-04 2.159827213822893867e-04 1.101511879049675742e-02 2.159827213822893867e-04 3.911447084233260485e-01 2.159827213822893867e-04 2.159827213822893867e-04 2.159827213822893867e-04 2.159827213822893867e-04 4.535637149028076687e-03 1.470842332613390424e-01 6.695464362850970554e-03 2.159827213822893867e-04 2.397408207343411715e-02 3.261339092872569262e-02 2.613390928725701362e-02 2.159827213822893867e-04 2.159827213822893867e-04 2.159827213822893867e-04 1.622030237580993073e-01 1.749460043196543815e-02 1.317494600431965042e-02 2.159827213822893867e-04 2.375809935205183254e-03
6.771084337349396465e-02 2.409638554216866815e-04 1.134939759036144302e-01 2.409638554216866815e-04 2.409638554216866815e-04 2.409638554216866815e-04 2.409638554216866815e-04 2.409638554216866815e-04 2.409638554216866815e-04 2.650602409638553713e-03 2.508433734939758408e-01 5.060240963855420528e-03 2.409638554216866815e-04 2.409638554216866815e-04 2.650602409638553713e-03 2.409638554216866815e-04 1.062650602409638267e-01 7.469879518072286909e-03 2.409638554216866815e-04 2.050602409638553614e-01 2.409638554216866815e-04 2.409638554216866815e-04 2.409638554216866815e-04 9.879518072289152422e-03 2.409638554216866815e-04 2.243373493975902855e-01 2.409638554216866815e-04 2.409638554216866815e-04 2.409638554216866815e-04 2.409638554216866815e-04
3.389830508474575956e-04 5.457627118644067105e-02 7.830508474576269862e-02 3.389830508474575956e-04 1.389830508474575871e-02 3.389830508474575956e-04 3.389830508474575956e-04 3.389830508474575956e-04 3.389830508474575956e-04 3.389830508474575956e-04 9.186440677966099810e-02 3.389830508474575956e-04 3.084745762711863654e-02 3.389830508474575956e-04 3.389830508474575956e-04 3.728813559322033660e-03 1.359322033898304749e-01 6.474576271186439913e-02 3.389830508474575956e-04 3.389830508474575956e-04 6.135593220338982079e-02 3.728813559322033660e-03 3.389830508474575956e-04 1.050847457627118557e-02 3.389830508474575956e-04 2.613559322033897625e-01 3.389830508474575956e-04 3.389830508474575956e-04 1.833898305084745439e-01 3.389830508474575956e-04
7.019999999999998463e-02 1.999999999999999554e-04 6.619999999999998108e-02 1.999999999999999554e-04 1.999999999999999554e-04 1.999999999999999554e-04 1.999999999999999554e-04 1.999999999999999554e-04 1.999999999999999554e-04 1.999999999999999554e-04 2.641999999999999349e-01 1.999999999999999554e-04 1.999999999999999554e-04 1.999999999999999554e-04 1.999999999999999554e-04 1.999999999999999554e-04 3.619999999999999607e-02 2.219999999999999404e-02 1.999999999999999554e-04 2.021999999999999353e-01 4.199999999999998873e-03 4.199999999999998873e-03 4.199999999999998873e-03 1.219999999999999730e-02 1.419999999999999561e-02 2.961999999999999078e-01 1.999999999999999554e-04 1.999999999999999554e-04 1.999999999999999554e-04 1.999999999999999554e-04
2.590673575129533559e-04 1.580310880829015330e-02 5.725388601036270064e-02 2.590673575129533559e-04 2.590673575129533559e-04 5.440414507772020798e-03 2.849740932642487456e-03 2.849740932642487456e-03 2.590673575129533559e-04 2.590673575129533559e-04 2.590673575129533559e-04 2.590673575129533559e-04 2.098445595854922172e-02 2.590673575129533559e-04 2.590673575129533559e-04 2.590673575129533559e-04 2.878238341968911707e-01 2.590673575129533559e-04 1.062176165803108661e-02 1.321243523316062082e-02 2.357512953367875419e-02 6.761658031088083054e-02 2.875647668393782261e-02 2.590673575129533559e-04 2.590673575129533559e-04 2.590673575129533559e-04 2.590673575129533559e-04 2.101036269430051617e-01 2.590673575129533559e-04 2.489637305699481662e-01
2.865329512893982069e-04 6.332378223495700731e-02 8.911174785100284268e-02 6.017191977077362454e-03 3.151862464183380168e-03 2.865329512893982069e-04 2.865329512893982069e-04 2.865329512893982069e-04 2.865329512893982069e-04 2.209169054441259827e-01 3.151862464183380168e-03 2.320916905444125183e-02 2.865329512893982069e-04 5.759312320916903927e-02 2.865329512893982069e-04 2.865329512893982069e-04 1.148997134670486781e-01 2.865329512893982069e-04 2.865329512893982069e-04 2.865329512893982069e-04 2.865329512893982069e-04 2.865329512893982069e-04 2.925501432664755486e-01 3.151862464183380168e-03 2.034383954154727128e-02 2.865329512893982069e-04 8.911174785100284268e-02 8.882521489971343873e-03 2.865329512893982069e-04 2.865329512893982069e-04
6.999999999999997891e-02 2.325581395348836798e-04 2.325581395348836798e-04 2.325581395348836798e-04 7.209302325581393341e-03 2.325581395348836798e-04 2.325581395348836798e-04 2.325581395348836798e-04 2.325581395348836798e-04 2.325581395348836798e-04 3.374418604651161502e-01 2.325581395348836798e-04 2.325581395348836798e-04 2.325581395348836798e-04 2.325581395348836798e-04 7.209302325581393341e-03 2.116279069767441207e-02 7.209302325581393341e-03 2.325581395348836798e-04 1.979069767441859751e-01 2.325581395348836798e-04 2.325581395348836798e-04 2.325581395348836798e-04 1.186046511627906509e-02 2.558139534883720288e-03 3.327906976744184897e-01 2.325581395348836798e-04 2.325581395348836798e-04 2.325581395348836798e-04 2.325581395348836798e-04
1.996381182147165950e-02 3.082026537997588356e-02 1.309408926417370556e-01 6.634499396863693900e-04 6.634499396863693900e-04 2.618214716525935626e-01 4.282267792521110561e-03 6.031363088057902991e-05 3.082026537997588356e-02 1.031363088057901493e-02 6.091676718938481526e-03 5.253317249698433167e-02 1.272617611580217564e-02 4.770808202653800678e-02 6.031363088057902991e-05 4.885404101326901172e-03 1.297346200241254743e-01 6.031363088057902991e-05 6.031363088057902991e-05 6.031363088057902991e-05 6.031363088057902991e-05 1.267189384800965213e-01 9.475271411338964667e-02 6.031363088057902991e-05 3.679131483715320384e-03 6.634499396863693900e-04 1.875753920386007828e-02 1.091676718938480554e-02 6.031363088057902991e-05 6.031363088057902991e-05
6.262295081967211852e-02 1.016393442622950602e-02 1.970491803278688336e-01 3.278688524590163389e-04 1.672131147540983215e-02 3.278688524590163389e-04 3.278688524590163389e-04 3.278688524590163389e-04 3.278688524590163389e-04 3.278688524590163389e-04 6.590163934426228332e-02 8.229508196721310731e-02 3.278688524590163389e-04 3.278688524590163389e-04 3.278688524590163389e-04 3.278688524590163389e-04 1.511475409836065265e-01 3.278688524590163389e-04 3.278688524590163389e-04 5.278688524590163106e-02 1.016393442622950602e-02 3.606557377049179891e-03 3.278688524590163389e-04 3.278688524590163389e-04 3.278688524590163389e-04 2.921311475409835157e-01 3.278688524590163389e-04 4.622950819672130146e-02 3.606557377049179891e-03 3.278688524590163389e-04
2.336448598130840676e-04 2.336448598130840676e-04 2.336448598130840676e-04 2.570093457943924825e-03 3.179906542056074037e-01 2.336448598130840676e-04 2.336448598130840676e-04 2.525700934579438450e-01 7.242990654205605852e-03 2.336448598130840676e-04 2.126168224299064893e-02 2.570093457943924825e-03 2.570093457943924825e-03 2.336448598130840676e-04 2.593457943925232823e-02 1.824766355140186314e-01 3.060747663551401099e-02 2.336448598130840676e-04 2.336448598130840676e-04 2.570093457943924825e-03 2.336448598130840676e-04 2.336448598130840676e-04 2.336448598130840676e-04 2.336448598130840676e-04 2.336448598130840676e-04 2.336448598130840676e-04 8.434579439252334887e-02 2.336448598130840676e-04 6.331775700934577644e-02 2.336448598130840676e-04
8.091042584434651741e-02 5.154185022026430002e-02 1.468428781204111303e-04 1.468428781204111303e-04 4.713656387665196568e-02 6.035242290748896871e-02 1.468428781204111303e-04 1.468428781204111303e-04 3.245227606461086045e-02 1.468428781204111303e-04 1.925110132158589504e-01 1.468428781204111303e-04 1.468428781204111303e-04 1.468428781204111303e-04 1.866372980910425139e-01 1.468428781204111303e-04 3.685756240822318786e-02 8.531571218795885869e-02 1.468428781204111303e-04 1.629955947136563221e-02 6.020558002936855259e-03 1.468428781204111303e-04 1.468428781204111303e-04 1.468428781204111303e-04 3.098384728340674785e-02 7.488986784140966128e-03 1.468428781204111303e-04 1.468428781204111303e-04 1.308370044052862835e-01 3.245227606461086045e-02
3.184713375796179263e-04 3.184713375796179263e-04 3.184713375796179263e-04 3.184713375796179263e-04 3.184713375796179263e-04 3.184713375796179263e-04 3.184713375796179263e-04 3.184713375796179263e-04 3.184713375796179263e-04 3.503184713375797135e-03 3.184713375796179263e-04 3.503184713375797135e-03 3.503184713375797135e-03 3.184713375796179263e-04 3.184713375796179263e-04 3.184713375796179263e-04 2.073248407643312197e-01 1.624203821656051289e-02 3.184713375796179263e-04 3.184713375796179263e-04 3.503184713375797135e-03 3.184713375796179263e-04 3.184713375796179263e-04 9.872611464968154144e-03 3.184713375796179263e-04 3.184713375796179263e-04 3.184713375796179263e-04 5.098726114649682062e-01 3.184713375796179263e-04 2.359872611464968462e-01
2.762430939226519547e-04 5.801104972375690887e-03 9.143646408839779804e-02 2.762430939226519547e-04 7.209944751381215655e-02 2.762430939226519547e-04 3.038674033149171665e-03 2.762430939226519547e-04 4.447513812154696433e-02 2.762430939226519547e-04 5.828729281767956044e-02 2.762430939226519547e-04 1.685082872928176864e-02 1.132596685082872846e-02 2.762430939226519547e-04 2.762430939226519547e-04 1.439226519337016563e-01 8.563535911602210976e-03 2.762430939226519547e-04 2.237569060773480709e-02 2.762430939226519547e-04 2.762430939226519547e-04 9.696132596685083649e-02 2.762430939226519547e-04 2.762430939226519547e-04 2.762430939226519547e-04 2.762430939226519547e-04 1.190607734806629903e-01 3.038674033149171665e-03 2.986187845303867050e-01
2.531645569620252778e-04 2.531645569620252778e-04 2.027848101265821990e-01 7.848101265822783612e-03 2.531645569620252778e-04 2.531645569620252778e-04 2.531645569620252778e-04 7.848101265822783612e-03 2.531645569620252778e-04 2.531645569620252778e-04 1.116455696202531406e-01 2.531645569620252778e-04 2.531645569620252778e-04 2.303797468354429681e-02 2.531645569620252778e-04 4.075949367088606973e-02 1.850632911392404434e-01 2.531645569620252778e-04 6.354430379746833779e-02 2.531645569620252778e-04 1.291139240506328570e-02 2.531645569620252778e-04 1.037974683544303466e-02 7.848101265822783612e-03 3.316455696202530445e-02 2.812658227848100490e-01 2.531645569620252778e-04 2.531645569620252778e-04 7.848101265822783612e-03 2.531645569620252778e-04
7.937293729372936479e-02 6.122112211221121536e-02 1.650165016501649914e-04 1.815181518151814987e-03 1.650165016501649914e-04 5.297029702970296183e-02 1.650165016501649914e-04 1.650165016501649914e-04 4.471947194719471524e-02 1.650165016501649914e-04 2.361386138613860985e-01 1.650165016501649914e-04 1.650165016501649914e-04 1.815181518151814987e-03 9.917491749174915661e-02 1.650165016501649914e-04 6.617161716171615637e-02 8.762376237623760444e-02 1.650165016501649914e-04 1.171617161716171328e-02 1.650165016501649914e-04 3.465346534653464955e-03 1.650165016501649914e-04 1.650165016501649914e-04 4.306930693069306593e-02 3.151815181518151376e-02 1.650165016501649914e-04 1.650165016501649914e-04 1.486798679867986361e-01 2.821782178217821513e-02
2.111368909512760517e-02 2.320185614849187405e-04 2.320185614849187405e-04 2.320185614849187405e-04 2.320185614849187405e-04 2.320185614849187405e-04 2.320185614849187405e-04 2.320185614849187405e-04 2.320185614849187405e-04 2.552204176334106362e-03 3.877030162412992143e-01 2.320185614849187405e-04 2.320185614849187405e-04 2.320185614849187405e-04 2.320185614849187405e-04 2.320185614849187405e-04 1.183294663573085381e-02 2.320185614849187405e-04 7.192575406032480738e-03 2.044083526682133889e-01 4.872389791183293767e-03 2.320185614849187405e-04 2.320185614849187405e-04 9.512761020881667709e-03 4.872389791183293767e-03 3.343387470997678523e-01 4.872389791183293767e-03 2.320185614849187405e-04 2.552204176334106362e-03 2.320185614849187405e-04
3.236245954692556679e-04 3.559870550161812509e-03 3.045307443365695699e-01 3.559870550161812509e-03 3.236245954692556679e-04 3.236245954692556679e-04 3.236245954692556679e-04 3.236245954692556679e-04 7.799352750809061818e-02 6.796116504854368863e-03 3.236245954692556679e-04 3.236245954692556679e-04 3.236245954692556679e-04 3.236245954692556679e-04 3.236245954692556679e-04 3.236245954692556679e-04 2.074433656957928584e-01 2.297734627831714976e-02 3.236245954692556679e-04 3.236245954692556679e-04 3.236245954692556679e-04 3.559870550161812509e-03 4.239482200647248789e-02 3.559870550161812509e-03 3.236245954692556679e-04 6.796116504854368863e-03 6.796116504854368863e-03 1.362459546925566256e-01 3.236245954692556679e-04 1.686084142394821961e-01
3.861003861003862070e-04 3.861003861003862070e-04 6.988416988416989994e-02 3.861003861003862070e-04 3.861003861003862070e-04 3.861003861003862070e-04 3.861003861003862070e-04 4.247104247104248331e-03 7.374517374517376711e-02 3.861003861003862070e-04 3.440154440154440940e-01 3.861003861003862070e-04 3.861003861003862070e-04 3.861003861003862070e-04 8.146718146718148756e-02 3.861003861003862070e-04 3.861003861003862070e-04 3.513513513513514402e-02 3.861003861003862070e-04 2.741312741312741663e-02 4.247104247104248331e-03 2.355212355212355640e-02 3.861003861003862070e-04 3.861003861003862070e-04 3.861003861003862070e-04 8.108108108108110293e-03 3.861003861003862070e-04 3.861003861003862070e-04 2.745173745173745683e-01 4.671814671814672471e-02
1.923076923076922804e-04 1.923076923076922804e-04 4.634615384615383554e-02 2.115384615384614895e-03 4.057692307692307293e-02 5.211538461538460509e-02 1.923076923076922804e-04 1.923076923076922804e-04 2.174999999999999434e-01 4.038461538461537645e-03 1.117307692307692030e-01 1.923076923076922804e-04 1.923076923076922804e-04 1.923076923076922804e-04 8.673076923076920852e-02 1.923076923076922804e-04 1.367307692307691835e-01 1.923076923076922804e-04 1.923076923076922804e-04 2.326923076923076428e-02 1.942307692307691791e-02 1.923076923076922804e-04 9.442307692307690126e-02 1.923076923076922804e-04 8.096153846153844591e-02 1.923076923076922804e-04 2.115384615384614895e-03 1.923076923076922804e-04 7.903846153846152967e-02 1.923076923076922804e-04
2.652173913043478354e-02 1.482608695652174180e-01 3.086956521739130793e-02 4.347826086956522442e-04 4.347826086956522442e-04 4.347826086956522442e-04 4.347826086956522442e-04 9.173913043478262863e-02 4.347826086956522442e-04 2.482608695652174235e-01 9.130434782608696370e-03 4.782608695652174578e-03 4.347826086956522442e-04 6.130434782608696481e-02 4.347826086956522442e-04 4.347826086956522442e-04 7.434782608695653106e-02 4.347826086956522442e-04 4.347826086956522442e-04 4.347826086956522442e-04 4.347826086956522442e-04 4.347826086956522442e-04 7.000000000000002054e-02 4.347826086956522442e-04 6.130434782608696481e-02 4.347826086956522442e-04 1.569565217391304668e-01 9.130434782608696370e-03 4.347826086956522442e-04 4.347826086956522442e-04
3.860294117647058119e-03 1.838235294117646762e-04 2.685661764705881693e-01 5.165441176470587231e-02 1.838235294117646762e-04 1.838235294117646762e-04 1.838235294117646762e-04 1.838235294117646762e-04 1.838235294117646762e-04 1.838235294117646762e-04 6.268382352941175018e-02 1.838235294117646762e-04 1.838235294117646762e-04 3.860294117647058119e-03 1.838235294117646762e-04 1.838235294117646762e-04 8.841911764705880084e-02 3.860294117647058119e-03 1.838235294117646762e-04 1.838235294117646762e-04 1.838235294117646762e-04 2.022058823529411520e-03 1.838235294117646762e-04 1.838235294117646762e-04 1.838235294117646762e-04 1.838235294117646762e-04 6.636029411764704511e-02 1.490808823529411464e-01 1.838235294117646762e-04 2.961397058823528883e-01
6.306306306306304343e-03 3.303303303303302234e-03 3.003003003003002326e-04 1.831831831831830931e-02 3.003003003003002326e-04 3.003003003003002326e-04 3.003003003003002326e-04 3.003003003003002326e-04 3.003003003003002326e-04 3.003003003003002326e-04 2.375375375375374520e-01 3.003003003003002326e-04 3.303303303303302234e-03 3.003003003003002326e-04 3.003003003003002326e-04 3.003003003003002326e-04 1.804804804804804319e-01 3.066066066066064910e-01 3.003003003003002326e-04 7.537537537537535026e-02 3.003003003003002326e-04 3.303303303303302234e-03 3.003003003003002326e-04 3.303303303303302234e-03 3.003003003003002326e-04 3.003003003003002326e-04 3.003003003003002326e-04 6.306306306306304343e-03 3.003003003003002326e-04 1.504504504504504125e-01
4.428571428571427548e-03 1.428571428571428408e-04 1.428571428571428408e-04 1.428571428571428408e-04 1.428571428571428408e-04 1.428571428571428408e-04 2.999999999999999629e-03 1.929999999999999494e-01 1.428571428571428408e-04 1.428571428571428408e-04 1.428571428571428408e-04 1.428571428571428408e-04 1.299999999999999767e-02 1.428571428571428408e-04 1.428571428571428408e-04 1.429999999999999605e-01 6.728571428571428203e-02 1.428571428571428408e-04 1.428571428571428408e-04 4.428571428571427548e-03 2.999999999999999629e-03 1.428571428571428408e-04 8.585714285714284022e-02 1.428571428571428408e-04 6.871428571428569998e-02 1.428571428571428408e-04 1.329999999999999793e-01 1.428571428571428408e-04 2.787142857142856367e-01 1.428571428571428408e-04
1.445086705202311959e-04 1.445086705202311959e-04 1.445086705202311959e-04 1.445086705202311959e-04 1.445086705202311959e-04 1.445086705202311959e-04 4.479768786127167127e-03 1.374277456647398643e-01 1.445086705202311959e-04 1.445086705202311959e-04 3.034682080924855276e-03 1.445086705202311959e-04 2.471098265895953563e-02 1.589595375722543209e-03 1.445086705202311959e-04 1.807803468208092068e-01 6.517341040462426571e-02 1.445086705202311959e-04 1.445086705202311959e-04 1.589595375722543209e-03 1.445086705202311959e-04 1.445086705202311959e-04 8.684971098265895084e-02 1.445086705202311959e-04 5.505780346820808580e-02 1.445086705202311959e-04 1.475433526011560303e-01 1.589595375722543209e-03 2.877167630057803072e-01 1.445086705202311959e-04
1.808318264014466541e-04 1.808318264014466541e-04 2.443037974683544278e-01 4.358047016274864405e-02 1.808318264014466541e-04 1.808318264014466541e-04 1.808318264014466541e-04 1.808318264014466541e-04 1.808318264014466541e-04 1.808318264014466541e-04 3.634719710669077897e-02 5.605786618444846305e-03 1.808318264014466541e-04 7.414104882459312575e-03 1.808318264014466541e-04 1.808318264014466541e-04 9.963833634719711230e-02 1.808318264014466541e-04 1.808318264014466541e-04 1.808318264014466541e-04 1.808318264014466541e-04 1.989150090415913331e-03 1.808318264014466541e-04 1.808318264014466541e-04 1.808318264014466541e-04 1.808318264014466541e-04 8.336347197106691587e-02 1.231464737793851599e-01 1.808318264014466541e-04 3.509945750452079238e-01
2.074688796680497602e-04 8.526970954356845322e-02 2.074688796680497602e-04 2.074688796680497602e-04 2.056016597510372801e-01 2.074688796680497602e-04 2.074688796680497602e-04 1.599585062240663491e-01 2.282157676348547416e-03 2.074688796680497602e-04 6.431535269709542403e-03 2.074688796680497602e-04 2.074688796680497602e-04 1.887966804979252650e-02 2.074688796680497602e-04 2.074688796680497602e-04 4.585062240663899391e-02 4.356846473029044910e-03 2.074688796680497602e-04 2.074688796680497602e-04 2.074688796680497602e-04 2.282157676348547416e-03 8.319502074688794879e-02 6.867219917012447328e-02 2.074688796680497602e-04 2.074688796680497602e-04 1.578838174273858308e-01 2.074688796680497602e-04 1.558091286307053402e-01 2.074688796680497602e-04
2.358490566037735325e-04 4.740566037735848004e-02 1.202830188679244842e-02 5.919811320754715667e-02 6.627358490566036264e-02 4.952830188679244183e-03 2.358490566037735325e-04 2.358490566037735325e-04 9.693396226415092187e-02 7.311320754716979509e-03 2.594339622641508858e-03 2.358490566037735325e-04 2.358490566037735325e-04 2.358490566037735325e-04 2.761792452830187927e-01 1.438679245283018375e-02 2.594339622641508858e-03 2.594339622641508858e-03 2.358490566037735325e-04 4.268867924528300939e-02 4.033018867924527406e-02 3.797169811320753874e-02 2.358490566037735325e-04 2.358490566037735325e-04 2.617924528301885864e-02 4.952830188679244183e-03 2.358490566037735325e-04 2.358490566037735325e-04 2.054245283018867330e-01 4.740566037735848004e-02
5.681818181818182626e-04 5.738636363636364507e-02 5.681818181818182626e-04 1.255681818181818565e-01 3.301136363636364424e-01 5.681818181818182626e-04 5.681818181818182626e-04 9.147727272727275427e-02 5.681818181818182626e-04 5.681818181818182626e-04 5.681818181818182626e-04 5.681818181818182626e-04 5.681818181818182626e-04 5.681818181818182626e-04 5.681818181818182626e-04 5.681818181818182626e-04 1.193181818181818406e-02 5.681818181818182626e-04 5.681818181818182626e-04 5.681818181818182626e-04 1.193181818181818406e-02 5.681818181818182626e-04 5.681818181818182626e-04 5.681818181818182626e-04 9.147727272727275427e-02 6.250000000000001214e-03 8.579545454545456362e-02 5.681818181818182626e-04 1.767045454545455030e-01 5.681818181818182626e-04
6.615905245346868913e-02 1.692047377326564867e-04 3.842639593908628859e-01 1.692047377326564867e-04 1.692047377326564867e-04 1.692047377326564867e-04 1.861252115059221354e-03 1.692047377326564867e-04 1.032148900169204547e-02 6.937394247038914871e-03 1.692047377326564867e-04 1.692047377326564867e-04 1.201353637901860991e-02 1.861252115059221354e-03 1.201353637901860991e-02 3.062605752961082561e-02 9.323181049069372006e-02 1.692047377326564867e-04 1.861252115059221354e-03 2.724196277495769675e-02 1.692047377326564867e-04 6.937394247038914871e-03 1.692047377326564867e-04 1.692047377326564867e-04 1.692047377326564867e-04 3.231810490693739352e-02 2.385786802030456441e-02 1.659898477157359942e-01 1.861252115059221354e-03 1.186125211505921900e-01
3.243727598566308046e-02 3.763440860215053110e-03 6.827956989247310760e-02 1.792114695340501520e-04 1.792114695340501520e-04 1.792114695340501520e-04 1.792114695340501520e-04 8.620071684587812810e-02 1.792114695340501520e-04 1.792114695340501520e-04 1.792114695340501520e-04 1.792114695340501520e-04 1.792114695340501520e-04 2.706093189964156945e-02 4.034050179211468579e-01 1.792114695340501520e-04 1.792114695340501520e-04 1.792114695340501520e-04 1.792114695340501520e-04 3.763440860215053110e-03 4.856630824372758920e-02 1.792114695340501520e-04 3.781362007168458106e-02 1.792114695340501520e-04 1.989247311827956402e-02 1.971326164874551753e-03 4.856630824372758920e-02 1.792114695340501520e-04 2.152329749103941980e-01 1.792114695340501520e-04
2.192982456140350105e-04 2.192982456140350105e-04 2.412280701754385224e-03 2.192982456140350105e-04 2.192982456140350105e-04 2.192982456140350105e-04 2.192982456140350105e-04 2.809210526315788492e-01 2.192982456140350105e-04 6.798245614035085434e-03 2.192982456140350105e-04 2.192982456140350105e-04 2.192982456140350105e-04 2.192982456140350105e-04 5.504385964912279078e-02 3.510964912280700179e-01 6.820175438596488837e-02 2.192982456140350105e-04 2.192982456140350105e-04 2.192982456140350105e-04 2.412280701754385224e-03 2.192982456140350105e-04 2.192982456140350105e-04 1.337719298245613510e-02 2.412280701754385224e-03 2.192982456140350105e-04 6.381578947368418686e-02 3.311403508771928322e-02 1.164473684210525911e-01 2.192982456140350105e-04
1.639344262295081695e-04 1.803278688524589946e-03 1.509836065573769981e-01 1.639344262295081695e-04 1.639344262295081695e-04 1.639344262295081695e-04 1.639344262295081695e-04 3.442622950819671478e-03 1.639344262295081695e-04 1.639344262295081695e-04 1.639344262295081695e-04 1.639344262295081695e-04 1.639344262295081695e-04 3.460655737704917412e-01 1.639344262295081695e-04 6.081967213114752857e-02 2.639344262295081553e-02 1.639344262295081695e-04 1.639344262295081695e-04 5.081967213114753010e-03 3.459016393442622406e-02 5.081967213114753010e-03 1.722950819672130762e-01 1.639344262295081695e-04 6.409836065573769337e-02 1.639344262295081695e-04 1.247540983606557075e-01 1.803278688524589946e-03 1.639344262295081695e-04 1.639344262295081695e-04
6.435006435006435880e-05 3.281853281853281540e-03 8.243243243243242313e-02 1.550836550836550906e-02 6.435006435006435880e-05 7.142857142857142634e-03 1.994851994851994798e-03 6.435006435006435880e-05 6.435006435006435880e-05 6.435006435006435880e-05 6.435006435006435880e-05 6.435006435006435880e-05 6.499356499356499263e-03 5.862290862290862187e-02 6.435006435006435880e-05 6.435006435006435880e-05 2.117760617760617858e-01 2.129987129987129940e-02 6.435006435006435880e-05 6.435006435006435880e-05 6.435006435006435880e-05 1.808236808236808255e-02 6.435006435006435880e-05 2.902187902187902332e-02 6.435006435006435880e-05 6.435006435006435880e-05 1.171814671814671721e-01 4.260617760617760874e-01 6.435006435006435880e-05 6.435006435006435880e-05
