2.702702702702702202e-04 2.702702702702702202e-04 2.702702702702702202e-04 3.191891891891890931e-01 2.702702702702702202e-04 2.702702702702702202e-04 2.702702702702702202e-04 2.702702702702702202e-04 4.081081081081079642e-02 2.702702702702702202e-04 2.702702702702702202e-04 2.702702702702702202e-04 5.675675675675674083e-03 2.702702702702702202e-04 2.702702702702702202e-04 2.702702702702702202e-04 2.029729729729728982e-01 1.624324324324323832e-01 2.972972972972972097e-03 2.702702702702702202e-04 2.702702702702702202e-04 2.702702702702702202e-04 9.486486486486483960e-02 2.702702702702702202e-04 2.702702702702702202e-04 2.702702702702702202e-04 2.702702702702702202e-04 1.272972972972972738e-01 3.810810810810809357e-02 2.702702702702702202e-04
3.745318352059924701e-04 1.161048689138576527e-02 4.531835205992508497e-02 3.745318352059924701e-04 3.745318352059924701e-04 4.119850187265916737e-03 3.745318352059924701e-04 3.782771535580523731e-02 3.745318352059924701e-04 3.782771535580523731e-02 3.745318352059924701e-04 3.745318352059924701e-04 1.164794007490636552e-01 3.745318352059924701e-04 2.250936329588014428e-01 3.745318352059924701e-04 2.659176029962546234e-02 7.865168539325841437e-03 3.745318352059924701e-04 3.745318352059924701e-04 4.119850187265916737e-03 7.865168539325841437e-03 1.239700374531834959e-01 3.745318352059924701e-04 2.588014981273407678e-01 3.745318352059924701e-04 3.745318352059924701e-04 7.153558052434455528e-02 1.535580524344568910e-02 3.745318352059924701e-04
5.443349753694579768e-02 2.709359605911329516e-03 3.965517241379309249e-02 4.211822660098521465e-02 2.463054187192117495e-04 9.137931034482756065e-02 9.384236453201967587e-02 7.167487684729062503e-02 3.450738916256156363e-01 4.211822660098521465e-02 5.172413793103447337e-03 2.709359605911329516e-03 7.635467980295564290e-03 2.463054187192117495e-04 2.463054187192117495e-04 2.709359605911329516e-03 1.012315270935960354e-01 1.748768472906403471e-02 2.463054187192117495e-04 1.009852216748768038e-02 2.980295566502462121e-02 2.463054187192117495e-04 2.463054187192117495e-04 1.256157635467979906e-02 2.463054187192117495e-04 2.709359605911329516e-03 2.241379310344826861e-02 2.463054187192117495e-04 2.463054187192117495e-04 2.463054187192117495e-04
5.698924731182795217e-02 1.536098310291858407e-04 1.536098310291858407e-04 1.536098310291858407e-04 3.225806451612902789e-03 1.536098310291858407e-04 2.626728110599078209e-02 1.536098310291858407e-04 2.319508448540706300e-02 1.536098310291858407e-04 2.473118279569892428e-02 1.092165898617511177e-01 1.536098310291858407e-04 3.225806451612902789e-03 8.771121351766511531e-02 1.536098310291858407e-04 6.006144393241166779e-02 2.165898617511520172e-02 2.167434715821812130e-01 1.536098310291858407e-04 3.225806451612902789e-03 8.463901689708140663e-02 4.777265745007679837e-02 1.536098310291858407e-04 8.310291858678954535e-02 4.009216589861750585e-02 1.536098310291858407e-04 1.061443932411674090e-01 1.536098310291858407e-04 1.536098310291858407e-04
1.484000000000000041e-01 1.164000000000000035e-01 4.000000000000000192e-04 4.000000000000000192e-04 2.039999999999999800e-02 4.000000000000000192e-04 4.000000000000000192e-04 1.639999999999999791e-02 4.000000000000000192e-04 4.000000000000000192e-04 4.000000000000000192e-04 4.000000000000000192e-04 4.000000000000000192e-04 1.484000000000000041e-01 4.000000000000000192e-04 4.000000000000000192e-04 8.440000000000000280e-02 4.000000000000000192e-04 4.000000000000000192e-04 8.039999999999999925e-02 4.000000000000000192e-04 4.000000000000000192e-04 8.400000000000001216e-03 4.000000000000000192e-04 4.000000000000000192e-04 4.000000000000000192e-04 4.000000000000000192e-04 4.000000000000000192e-04 3.683999999999999497e-01 4.000000000000000192e-04
3.942652329749102638e-03 3.584229390681002497e-04 3.584229390681002497e-04 3.584229390681002497e-04 7.921146953405015789e-02 3.584229390681002497e-04 3.584229390681002497e-04 3.584229390681002497e-04 3.584229390681002497e-04 3.942652329749102638e-03 3.584229390681002497e-04 7.921146953405015789e-02 3.942652329749102638e-03 7.526881720430104485e-03 3.942652329749102638e-03 3.584229390681002497e-04 1.043010752688171699e-01 8.637992831541214944e-02 1.544802867383512079e-01 3.584229390681002497e-04 3.584229390681002497e-04 1.150537634408601712e-01 3.157706093189962537e-01 3.584229390681002497e-04 3.584229390681002497e-04 3.942652329749102638e-03 3.261648745519711567e-02 3.584229390681002497e-04 3.584229390681002497e-04 3.584229390681002497e-04
2.283105022831049343e-04 2.283105022831049343e-04 2.283105022831049343e-04 2.283105022831049343e-04 4.360730593607304445e-02 2.283105022831049343e-04 4.817351598173514465e-02 2.511415525114154331e-03 1.920091324200912386e-01 2.283105022831049343e-04 2.283105022831049343e-04 2.283105022831049343e-04 2.511415525114154331e-03 1.164383561643834997e-02 2.511415525114154331e-03 5.273972602739724486e-02 6.643835616438353853e-02 2.283105022831049343e-04 1.394977168949771140e-01 2.283105022831049343e-04 3.061643835616437159e-01 2.511415525114154331e-03 6.187214611872143832e-02 1.621004566210045017e-02 2.283105022831049343e-04 4.794520547945203999e-03 2.283105022831049343e-04 2.283105022831049343e-04 2.283105022831049343e-04 4.360730593607304445e-02
3.289473684210524615e-04 3.289473684210524615e-04 3.289473684210524615e-04 6.907894736842101584e-03 3.289473684210524615e-04 3.289473684210524615e-04 6.940789473684207123e-02 2.993421052631577151e-02 9.901315789473678908e-02 1.713815789473683293e-01 3.289473684210524615e-04 1.019736842105262685e-02 1.319078947368420296e-01 6.907894736842101584e-03 3.322368421052629417e-02 3.289473684210524615e-04 9.243421052631574375e-02 3.289473684210524615e-04 6.940789473684207123e-02 3.289473684210524615e-04 3.289473684210524615e-04 3.651315789473682377e-02 3.651315789473682377e-02 3.289473684210524615e-04 9.901315789473678908e-02 3.618421052631577185e-03 3.289473684210524615e-04 9.901315789473678908e-02 3.289473684210524615e-04 3.289473684210524615e-04
3.144654088050314851e-04 3.805031446540880352e-02 2.547169811320754498e-02 3.144654088050314851e-04 3.144654088050314851e-04 4.748427672955974482e-02 3.144654088050314851e-04 3.144654088050314851e-04 9.748427672955974413e-03 3.459119496855346011e-03 9.748427672955974413e-03 3.144654088050314851e-04 3.144654088050314851e-04 3.144654088050314851e-04 6.603773584905660646e-03 3.459119496855346011e-03 2.015723270440251402e-01 3.144654088050314851e-04 3.144654088050314851e-04 3.144654088050314851e-04 3.144654088050314851e-04 3.144654088050314851e-04 3.144654088050314851e-04 3.144654088050314851e-04 3.459119496855346011e-03 6.603773584905660646e-03 3.144654088050314851e-04 3.144654088050314851e-04 6.386792452830188926e-01 3.144654088050314851e-04
3.144654088050312683e-04 3.144654088050312683e-04 3.144654088050312683e-04 6.006289308176097907e-02 3.805031446540878270e-02 3.459119496855344277e-03 1.198113207547169268e-01 5.062893081761003777e-02 3.144654088050312683e-04 3.144654088050312683e-04 1.984276729559747432e-01 9.748427672955969209e-03 1.603773584905659327e-02 3.144654088050312683e-04 3.144654088050312683e-04 3.144654088050312683e-04 1.732704402515722331e-01 9.465408805031441664e-02 3.144654088050312683e-04 3.144654088050312683e-04 1.289308176100628124e-02 1.603773584905659327e-02 3.144654088050312683e-04 3.459119496855344277e-03 1.289308176100628124e-02 3.144654088050312683e-04 3.144654088050312683e-04 1.858490566037734881e-01 3.144654088050312683e-04 3.144654088050312683e-04
2.659574468085105885e-04 2.659574468085105885e-04 2.659574468085105885e-04 8.244680851063827809e-03 2.925531914893616473e-03 2.659574468085105885e-04 2.659574468085105885e-04 1.622340425531914460e-02 2.659574468085105885e-04 2.659574468085105885e-04 4.281914893617020518e-02 8.005319148936168583e-02 1.888297872340424788e-02 2.659574468085105885e-04 1.356382978723403784e-02 2.659574468085105885e-04 5.345744680851062525e-02 1.678191489361701705e-01 2.925531914893616473e-03 2.659574468085105885e-04 2.686170212765956467e-02 5.079787234042552196e-02 1.811170212765956800e-01 2.659574468085105885e-04 5.079787234042552196e-02 8.244680851063827809e-03 2.659574468085105885e-04 2.715425531914892887e-01 2.659574468085105885e-04 2.659574468085105885e-04
2.331002331002329916e-04 2.331002331002329916e-04 2.331002331002329916e-04 2.331002331002329916e-04 7.715617715617711925e-02 2.331002331002329916e-04 1.400932400932400346e-01 4.895104895104892932e-03 1.424242424242423422e-01 2.564102564102562799e-03 2.564102564102562799e-03 2.331002331002329916e-04 2.331002331002329916e-04 2.820512820512818819e-02 2.331002331002329916e-04 1.188811188811188073e-02 2.331002331002329916e-04 1.655011655011653926e-02 6.550116550116547032e-02 2.331002331002329916e-04 3.102564102564100978e-01 2.331002331002329916e-04 2.331002331002329916e-04 2.331002331002329916e-04 2.331002331002329916e-04 2.331002331002329916e-04 2.331002331002329916e-04 2.331002331002329916e-04 2.331002331002329916e-04 1.937062937062935808e-01
2.427184466019416832e-04 2.427184466019416832e-04 2.427184466019416832e-04 2.427184466019416832e-04 2.427184466019416832e-04 2.427184466019416832e-04 2.427184466019416832e-04 5.097087378640775129e-03 7.524271844660192395e-03 2.427184466019416832e-04 3.182038834951455564e-01 7.524271844660192395e-03 2.427184466019416832e-04 2.427184466019416832e-04 2.694174757281552618e-02 2.427184466019416832e-04 9.247572815533978974e-02 1.798543689320387662e-01 2.427184466019416832e-04 2.427184466019416832e-04 2.427184466019416832e-04 2.427184466019416832e-04 1.361650485436892988e-01 3.179611650485435898e-02 6.577669902912619548e-02 2.427184466019416832e-04 7.524271844660192395e-03 1.143203883495145373e-01 2.427184466019416832e-04 2.669902912621358732e-03
2.012072434607645557e-04 2.012072434607645557e-04 2.213279678068410302e-03 5.050301810865190366e-02 2.012072434607645557e-04 2.012072434607645557e-04 2.012072434607645557e-04 2.012072434607645557e-04 2.012072434607645557e-04 6.237424547283701090e-03 4.267605633802815657e-01 2.012072434607645557e-04 2.012072434607645557e-04 2.012072434607645557e-04 5.653923541247483919e-02 2.012072434607645557e-04 6.257545271629777472e-02 2.074446680080482275e-01 2.012072434607645557e-04 4.225352112676055913e-03 2.012072434607645557e-04 2.012072434607645557e-04 1.249496981891347891e-01 2.012072434607645557e-04 5.452716297786719402e-02 2.012072434607645557e-04 2.012072434607645557e-04 2.012072434607645557e-04 2.012072434607645557e-04 2.012072434607645557e-04
2.937662337662336753e-01 4.701298701298699950e-02 2.597402597402596858e-04 2.597402597402596858e-04 2.597402597402596858e-04 2.597402597402596858e-04 1.324675324675324110e-02 2.597402597402596858e-04 2.597402597402596858e-04 2.597402597402596858e-04 5.454545454545453240e-03 8.051948051948049773e-03 2.597402597402596858e-04 3.402597402597401510e-02 3.402597402597401510e-02 2.597402597402596858e-04 1.638961038961038452e-01 2.597402597402596858e-04 2.597402597402596858e-04 2.597402597402596858e-04 1.324675324675324110e-02 2.597402597402596858e-04 5.999999999999998390e-02 2.597402597402596858e-04 1.041558441558441267e-01 2.857142857142856707e-03 1.584415584415583764e-02 2.597402597402596858e-04 2.002597402597401932e-01 2.597402597402596858e-04
3.264094955489613582e-03 2.967359050445103207e-04 2.967359050445103207e-04 2.967359050445103207e-04 4.777448071216616049e-02 2.967359050445103207e-04 2.106824925816023000e-02 2.967359050445103207e-04 2.106824925816023000e-02 8.338278931750739420e-02 2.967359050445103207e-04 2.967359050445103207e-04 2.970326409495547826e-01 3.590504451038574463e-02 2.967359050445103207e-04 2.967359050445103207e-04 2.703264094955488694e-01 2.967359050445103207e-04 2.967359050445103207e-04 3.264094955489613582e-03 2.967359050445103207e-04 2.967359050445103207e-04 2.967359050445103207e-04 6.231454005934716246e-03 2.967359050445103207e-04 2.967359050445103207e-04 2.967359050445103207e-04 1.842729970326408839e-01 2.967359050445103207e-04 2.106824925816023000e-02
2.331002331002330458e-04 4.895104895104893800e-03 2.331002331002330458e-04 3.519813519813518726e-02 2.331002331002330458e-04 2.331002331002330458e-04 2.331002331002330458e-04 2.331002331002330458e-04 7.226107226107224800e-03 2.331002331002330458e-04 4.477855477855476329e-01 2.331002331002330458e-04 2.331002331002330458e-04 2.331002331002330458e-04 5.850815850815849900e-02 2.331002331002330458e-04 2.331002331002330458e-04 1.540792540792540188e-01 7.226107226107224800e-03 2.331002331002330458e-04 2.331002331002330458e-04 2.331002331002330458e-04 1.634032634032633602e-01 1.888111888111887460e-02 8.881118881118879593e-02 2.331002331002330458e-04 2.331002331002330458e-04 2.331002331002330458e-04 2.331002331002330458e-04 9.557109557109554066e-03
2.207602339181285664e-02 1.461988304093566737e-04 1.461988304093566737e-04 1.461988304093566737e-04 7.178362573099413002e-02 1.461988304093566737e-04 1.461988304093566737e-04 1.461988304093566737e-04 1.608187134502923627e-03 1.461988304093566737e-04 5.423976608187133092e-02 1.461988304093566737e-04 1.461988304093566737e-04 1.608187134502923627e-03 8.932748538011693606e-02 1.461988304093566737e-04 1.461988304093566737e-04 5.994152046783622970e-03 1.624269005847952529e-01 1.461988304093566737e-04 1.461988304093566737e-04 1.214912280701753861e-01 1.668128654970759683e-01 1.461988304093566737e-04 7.032163742690056285e-02 6.301169590643272700e-02 4.532163742690057534e-03 1.536549707602338499e-01 1.461988304093566737e-04 8.918128654970757310e-03
3.378378378378378024e-04 3.378378378378378024e-04 2.398648648648648088e-02 1.658783783783783494e-01 4.087837837837837024e-02 3.378378378378378024e-04 3.378378378378378024e-04 3.378378378378378024e-04 3.378378378378378024e-04 3.378378378378378024e-04 3.378378378378378024e-04 7.128378378378377733e-02 3.378378378378378024e-04 3.378378378378378024e-04 3.412162162162161311e-02 3.378378378378378024e-04 5.439189189189188450e-02 2.097972972972972638e-01 1.861486486486486069e-01 3.378378378378378024e-04 3.378378378378378024e-04 3.378378378378378024e-04 3.412162162162161311e-02 3.378378378378378024e-04 3.378378378378378024e-04 7.094594594594593254e-03 7.466216216216214896e-02 8.817567567567566322e-02 3.716216216216215989e-03 3.378378378378378024e-04
1.167763157894736482e-02 1.809210526315789243e-03 3.453947368421052093e-03 1.644736842105262850e-04 6.595394736842104255e-02 1.644736842105262850e-04 1.644736842105262850e-04 1.644736842105262850e-04 1.644736842105262850e-04 3.453947368421052093e-03 6.595394736842104255e-02 1.809210526315789243e-03 1.644736842105262850e-04 1.644736842105262850e-04 1.103618421052631332e-01 1.644736842105262850e-04 1.644736842105262850e-04 1.644736842105262850e-04 1.350328947368420740e-01 1.644736842105262850e-04 1.496710526315789096e-02 1.136513157894736559e-01 2.172697368421052100e-01 1.644736842105262850e-04 9.555921052631577428e-02 5.115131578947367669e-02 1.661184210526315402e-02 8.898026315789472895e-02 1.644736842105262850e-04 1.644736842105262850e-04
2.875690607734805448e-01 3.618784530386739279e-02 5.801104972375689152e-03 2.762430939226518463e-04 2.513812154696131590e-02 2.762430939226518463e-04 2.762430939226518463e-04 2.762430939226518463e-04 2.762430939226518463e-04 2.762430939226518463e-04 2.762430939226518463e-04 2.762430939226518463e-04 5.552486187845302734e-02 1.107734806629833979e-01 2.762430939226518463e-04 2.762430939226518463e-04 1.466850828729281409e-01 2.762430939226518463e-04 3.618784530386739279e-02 2.762430939226518463e-04 2.762430939226518463e-04 2.762430939226518463e-04 2.762430939226518463e-04 2.762430939226518463e-04 1.632596685082872423e-01 2.762430939226518463e-04 2.762430939226518463e-04 1.132596685082872499e-02 3.895027624309391201e-02 7.762430939226516724e-02
2.325581395348836798e-04 2.325581395348836798e-04 2.325581395348836798e-04 5.837209302325579996e-02 2.325581395348836798e-04 2.325581395348836798e-04 2.325581395348836798e-04 2.325581395348836798e-04 2.325581395348836798e-04 2.325581395348836798e-04 4.955813953488370505e-01 2.558139534883720288e-03 2.325581395348836798e-04 4.883720930232557031e-03 4.209302325581394666e-02 2.325581395348836798e-04 1.186046511627906509e-02 1.444186046511627686e-01 4.883720930232557031e-03 1.186046511627906509e-02 2.325581395348836798e-04 2.558139534883720288e-03 1.513953488372092593e-01 2.558139534883720288e-03 6.302325581395347431e-02 2.325581395348836798e-04 2.325581395348836798e-04 2.325581395348836798e-04 2.325581395348836798e-04 2.325581395348836798e-04
1.926782273603082612e-04 2.138728323699421591e-02 1.926782273603082612e-04 1.926782273603082612e-04 7.899807321772638058e-03 1.926782273603082612e-04 2.119460500963390656e-03 7.899807321772638058e-03 1.926782273603082612e-04 2.119460500963390656e-03 3.102119460500963113e-02 1.926782273603082612e-04 4.643545279383429203e-02 5.221579961464353770e-02 1.926782273603082612e-04 1.926782273603082612e-04 1.408477842003853231e-01 1.926782273603082612e-04 6.955684007707127470e-02 1.926782273603082612e-04 1.926782273603082612e-04 1.350674373795760774e-01 1.639691714836223058e-01 1.926782273603082612e-04 6.570327552986511555e-02 4.643545279383429203e-02 1.926782273603082612e-04 1.254335260115606587e-01 1.926782273603082612e-04 7.919075144508669339e-02
7.259036144578311089e-02 3.012048192771083518e-04 3.012048192771083518e-04 3.012048192771083518e-04 3.012048192771083518e-04 1.837349397590360561e-02 3.012048192771083518e-04 3.012048192771083518e-04 4.246987951807227463e-02 3.012048192771083518e-04 8.765060240963852556e-02 3.313253012048191816e-03 3.012048192771083518e-04 3.012048192771083518e-04 3.918674698795179268e-01 3.012048192771083518e-04 7.259036144578311089e-02 3.012048192771083518e-04 3.012048192771083518e-04 3.012048192771083518e-04 3.012048192771083518e-04 3.012048192771083518e-04 6.355421686746985654e-02 3.012048192771083518e-04 1.659638554216867068e-01 3.012048192771083518e-04 3.012048192771083518e-04 6.355421686746985654e-02 1.234939759036144009e-02 3.012048192771083518e-04
2.762645914396887753e-02 1.984435797665369886e-02 3.891050583657588362e-04 3.891050583657588362e-04 3.891050583657588362e-04 3.891050583657588362e-04 3.891050583657588362e-04 3.891050583657588362e-04 3.891050583657588362e-04 3.891050583657588362e-04 1.171206225680934132e-01 3.891050583657588362e-04 1.984435797665369886e-02 3.891050583657588362e-04 4.319066147859922794e-02 3.891050583657588362e-04 3.891050583657588362e-04 3.891050583657588362e-04 2.766536964980544910e-01 3.891050583657588362e-04 3.891050583657588362e-04 5.486381322957199769e-02 9.377431906614788759e-02 3.891050583657588362e-04 1.365758754863813651e-01 2.373540856031128646e-02 3.891050583657588362e-04 1.287937743190661899e-01 3.891050583657588362e-04 5.097276264591441008e-02
1.979667282809611240e-01 1.848428835489833292e-04 5.730129390018483260e-03 1.848428835489833292e-04 1.848428835489833292e-04 3.530499075785582114e-02 1.848428835489833292e-04 1.848428835489833292e-04 2.975970425138631942e-02 1.848428835489833292e-04 7.578558225508316010e-03 1.848428835489833292e-04 2.033271719038816892e-03 1.848428835489833292e-04 1.497227356746764874e-02 1.848428835489833292e-04 2.219963031423289601e-01 1.147874306839186537e-01 1.848428835489833292e-04 5.730129390018483260e-03 1.848428835489833292e-04 1.848428835489833292e-04 1.848428835489833292e-04 5.730129390018483260e-03 1.776340110905729741e-01 1.127541589648798151e-02 1.848428835489833292e-04 2.975970425138631942e-02 1.369685767097966467e-01 1.848428835489833292e-04
1.428571428571428137e-04 1.428571428571428137e-04 4.157142857142855780e-02 1.428571428571428137e-04 1.571428571428571059e-03 1.428571428571428137e-04 7.442857142857139952e-02 1.157142857142856758e-02 1.729999999999999316e-01 1.428571428571428137e-04 1.428571428571428137e-04 2.014285714285713597e-02 7.585714285714283134e-02 2.999999999999999195e-03 1.428571428571428137e-04 1.428571428571428137e-04 1.044285714285713845e-01 1.428571428571428137e-04 2.801428571428570269e-01 1.428571428571428137e-04 1.729999999999999316e-01 1.428571428571428137e-04 1.571428571428571059e-03 1.428571428571428137e-04 1.428571428571428137e-04 1.428571428571428137e-04 2.014285714285713597e-02 2.999999999999999195e-03 1.442857142857142255e-02 1.428571428571428137e-04
3.559870550161812509e-03 3.236245954692556679e-04 3.236245954692556679e-04 3.236245954692556679e-04 3.236245954692556679e-04 4.886731391585760059e-02 3.236245954692556679e-04 3.236245954692556679e-04 2.944983818770226594e-02 1.003236245954692608e-02 3.236245954692556679e-04 3.236245954692556679e-04 6.796116504854368863e-03 3.236245954692556679e-04 6.504854368932039277e-02 6.796116504854368863e-03 3.207119741100323274e-01 1.135922330097087485e-01 3.236245954692556679e-04 3.236245954692556679e-04 3.236245954692556679e-04 3.236245954692556679e-04 2.297734627831714976e-02 3.236245954692556679e-04 1.653721682847896501e-01 3.236245954692556679e-04 3.236245954692556679e-04 3.236245954692556679e-04 2.009708737864077666e-01 3.236245954692556679e-04
1.445086705202311688e-04 8.815028901734101377e-03 3.193641618497108925e-02 1.445086705202311688e-04 1.445086705202311688e-04 1.445086705202311688e-04 8.106936416184969130e-02 1.445086705202311688e-04 1.778901734104045562e-01 1.445086705202311688e-04 3.034682080924854409e-03 3.049132947976877783e-02 6.517341040462425183e-02 1.445086705202311688e-04 1.445086705202311688e-04 3.034682080924854409e-03 6.661849710982656325e-02 1.445086705202311688e-04 3.108381502890172343e-01 1.445086705202311688e-04 1.547687861271675736e-01 1.445086705202311688e-04 1.445086705202311688e-04 1.445086705202311688e-04 4.479768786127166259e-03 1.445086705202311688e-04 4.349710982658958058e-02 1.445086705202311688e-04 1.170520231213872421e-02 4.479768786127166259e-03
2.070393374741200544e-04 4.347826086956520925e-03 2.070393374741200544e-04 2.070393374741200544e-04 1.803312629399585476e-01 2.070393374741200544e-04 5.403726708074533397e-02 3.540372670807452604e-02 1.865424430641821341e-01 2.070393374741200544e-04 2.070393374741200544e-04 2.070393374741200544e-04 9.544513457556934310e-02 4.161490683229812637e-02 2.070393374741200544e-04 7.474120082815734201e-02 3.333333333333332593e-02 2.070393374741200544e-04 1.761904761904761474e-01 2.070393374741200544e-04 6.438923395445132758e-02 2.070393374741200544e-04 2.070393374741200544e-04 1.677018633540372158e-02 2.277432712215320381e-03 2.070393374741200544e-04 1.884057971014492169e-02 2.070393374741200544e-04 2.070393374741200544e-04 1.262939958592132136e-02
1.173174872665534441e-01 1.697792869269948879e-04 4.770797962648556240e-02 4.261460101867571570e-02 1.867572156196943686e-03 1.697792869269948879e-04 1.697792869269948879e-04 1.697792869269948879e-04 6.960950764006788860e-03 1.697792869269948879e-04 2.903225806451612684e-02 1.697792869269948879e-04 1.697792869269948879e-04 6.960950764006788860e-03 4.431239388794566691e-02 1.697792869269948879e-04 2.718166383701187683e-01 2.157894736842104755e-01 1.867572156196943686e-03 1.697792869269948879e-04 3.565365025466892511e-03 3.565365025466892511e-03 1.697792869269948879e-04 1.697792869269948879e-04 6.468590831918505368e-02 1.697792869269948879e-04 1.697792869269948879e-04 1.697792869269948879e-04 1.393887945670627682e-01 1.697792869269948879e-04
5.681818181818182626e-04 5.681818181818182626e-04 1.193181818181818406e-02 5.681818181818182626e-04 3.471590909090909727e-01 1.142045454545454752e-01 6.250000000000001214e-03 5.170454545454546136e-02 1.482954545454545636e-01 5.681818181818182626e-04 5.681818181818182626e-04 5.681818181818182626e-04 6.250000000000001214e-03 5.681818181818182626e-04 5.681818181818182626e-04 5.681818181818182626e-04 5.681818181818182626e-04 5.681818181818182626e-04 1.823863636363636798e-01 5.681818181818182626e-04 5.681818181818182626e-04 1.193181818181818406e-02 5.681818181818182626e-04 5.681818181818182626e-04 5.681818181818182626e-04 5.681818181818182626e-04 2.329545454545454627e-02 8.579545454545456362e-02 5.681818181818182626e-04 5.681818181818182626e-04
2.156398104265402210e-02 7.345971563981041307e-03 2.369668246445497161e-04 2.369668246445497161e-04 5.710900473933647886e-02 3.104265402843600988e-02 7.345971563981041307e-03 2.369668246445497161e-04 2.369668246445497161e-04 2.369668246445497161e-04 1.208530805687203433e-02 4.289099526066349893e-02 2.369668246445497161e-04 2.606635071090046985e-03 2.369668246445497161e-04 2.369668246445497161e-04 7.345971563981041307e-03 4.052132701421800459e-02 2.419431279620852249e-01 2.369668246445497161e-04 1.208530805687203433e-02 2.206161137440757480e-01 2.606635071090046985e-03 2.369668246445497161e-04 6.658767772511846317e-02 6.184834123222747448e-02 1.208530805687203433e-02 7.606635071090045441e-02 2.369668246445497161e-04 7.369668246445496007e-02
3.756708407871197850e-03 1.788908765652951383e-04 5.742397137745974128e-02 1.788908765652951383e-04 1.788908765652951383e-04 1.788908765652951383e-04 5.205724508050088573e-02 1.788908765652951383e-04 4.669051878354203017e-02 1.788908765652951383e-04 1.788908765652951383e-04 7.710196779964220704e-02 6.994633273703039500e-02 1.788908765652951383e-04 1.788908765652951383e-04 1.788908765652951383e-04 5.384615384615383527e-02 1.449016100178890550e-02 2.202146690518783090e-01 1.788908765652951383e-04 2.164579606440070886e-02 2.559928443649372998e-01 3.237924865831841997e-02 1.788908765652951383e-04 1.788908765652951383e-04 1.788908765652951383e-04 1.788908765652951383e-04 9.141323792486581723e-02 1.788908765652951383e-04 1.788908765652951383e-04
6.799336650082915892e-03 8.457711442786066194e-03 1.658374792703150356e-04 1.658374792703150356e-04 1.658374792703150356e-04 1.658374792703150356e-04 1.658374792703150356e-04 1.840796019900496627e-02 8.640132669983413560e-02 3.167495854063017563e-02 1.177446102819236680e-02 3.830845771144277684e-02 3.965174129353232213e-01 3.167495854063017563e-02 1.658374792703150356e-04 1.824212271973465419e-03 2.389718076285239357e-01 1.658374792703150356e-04 1.658374792703150356e-04 1.658374792703150356e-04 8.640132669983413560e-02 1.824212271973465419e-03 1.658374792703150356e-04 2.669983416252072125e-02 1.658374792703150356e-04 1.658374792703150356e-04 5.140961857379766457e-03 1.658374792703150356e-04 1.658374792703150356e-04 6.799336650082915892e-03
2.183406113537117411e-04 6.768558951965064109e-03 2.032751091703056123e-01 2.401746724890829396e-03 2.183406113537117411e-04 2.183406113537117411e-04 2.491266375545850842e-01 6.768558951965064109e-03 9.410480349344976791e-02 1.768558951965065046e-02 2.183406113537117411e-04 2.423580786026200209e-02 2.183406113537117411e-04 1.113537117903929709e-02 6.768558951965064109e-03 2.183406113537117411e-04 3.296943231441046979e-02 2.183406113537117411e-04 9.628820960698687703e-02 2.183406113537117411e-04 1.879912663755457791e-01 4.585152838427946319e-03 2.183406113537117411e-04 4.585152838427946319e-03 2.183406113537117411e-04 2.183406113537117411e-04 2.183406113537117411e-04 4.585152838427946319e-03 4.388646288209606394e-02 2.183406113537117411e-04
2.512562814070350928e-04 2.512562814070350928e-04 1.283919597989949535e-01 2.512562814070350928e-04 7.788944723618088095e-03 5.276381909547737600e-03 1.030150753768843859e-02 2.512562814070350928e-04 1.030150753768843859e-02 2.512562814070350928e-04 2.512562814070350928e-04 2.512562814070350928e-04 2.512562814070350928e-04 2.512562814070350928e-04 2.512562814070350928e-04 2.512562814070350928e-04 2.512562814070350928e-04 2.512562814070350928e-04 2.339195979899496569e-01 2.763819095477386238e-03 1.532663316582914131e-02 4.072864321608039018e-01 2.512562814070350928e-04 1.281407035175878908e-02 2.512562814070350928e-04 2.512562814070350928e-04 2.763819095477386238e-03 1.384422110552763485e-01 2.512562814070350928e-04 2.035175879396984230e-02
2.702182284980744753e-02 6.418485237483954138e-05 6.418485237483954138e-05 6.418485237483954138e-05 6.418485237483954138e-05 1.354300385109114338e-02 6.418485237483954138e-05 2.060333761232349334e-02 6.745827984595635651e-02 6.418485237483954138e-05 7.060333761232349958e-04 6.418485237483954138e-05 3.915275994865211225e-03 6.553273427471116575e-02 5.205391527599485813e-02 2.381258023106546870e-02 2.741335044929396614e-01 4.557124518613606991e-03 6.418485237483954138e-05 6.418485237483954138e-05 6.418485237483954138e-05 6.418485237483954138e-05 6.418485237483954138e-05 6.418485237483954138e-05 6.418485237483954138e-05 1.989730423620025661e-03 1.867779204107830604e-02 6.418485237483954138e-05 4.249679075738125866e-01 6.418485237483954138e-05
9.051724137931036959e-03 1.336206896551724553e-02 4.310344827586207921e-04 4.310344827586207921e-04 4.310344827586207921e-04 4.310344827586207921e-04 2.629310344827586604e-02 4.310344827586207921e-04 4.310344827586207921e-04 4.310344827586207921e-04 9.051724137931036959e-03 3.060344827586207461e-02 3.060344827586207461e-02 4.310344827586207921e-04 4.310344827586207921e-04 4.310344827586207921e-04 7.370689655172416033e-02 3.491379310344828318e-02 3.064655172413793816e-01 4.310344827586207921e-04 4.310344827586207921e-04 1.987068965517241881e-01 1.512931034482759007e-01 4.310344827586207921e-04 9.051724137931036959e-03 4.310344827586207921e-04 4.310344827586207921e-04 9.094827586206899461e-02 4.310344827586207921e-04 9.051724137931036959e-03
3.154574132492112709e-04 3.154574132492112709e-04 1.924290220820188552e-02 3.154574132492112709e-04 8.864353312302836185e-02 9.179810725552046968e-02 3.154574132492112709e-04 3.470031545741323817e-03 3.154574132492112709e-04 3.154574132492112709e-04 3.154574132492112709e-04 1.611987381703469391e-01 3.154574132492112709e-04 3.470031545741323817e-03 1.293375394321765945e-02 3.154574132492112709e-04 3.154574132492112709e-04 3.154574132492112709e-04 1.233438485804416035e-01 3.154574132492112709e-04 3.501577287066244548e-02 2.463722397476339754e-01 3.154574132492112709e-04 3.154574132492112709e-04 6.025236593059934975e-02 3.154574132492112709e-04 3.154574132492112709e-04 1.454258675078863861e-01 3.470031545741323817e-03 3.154574132492112709e-04
1.345895020188425206e-04 1.345895020188425206e-04 3.109017496635262112e-02 1.345895020188425206e-04 8.209959623149392510e-03 1.345895020188425206e-04 2.436069986541049628e-02 7.954239569313592551e-02 1.345895020188425206e-04 2.826379542395692987e-03 1.831763122476446348e-01 5.262449528936742615e-02 1.480484522207267672e-03 6.864064602960967196e-03 1.345895020188425206e-04 1.345895020188425206e-04 6.069986541049797457e-02 1.345895020188425206e-04 4.724091520861372490e-02 1.345895020188425206e-04 9.165545087483174813e-02 3.298788694481830097e-01 4.993270524899057206e-02 1.345895020188425206e-04 1.345895020188425206e-04 1.345895020188425206e-04 1.480484522207267672e-03 2.301480484522207270e-02 2.826379542395692987e-03 1.480484522207267672e-03
1.992031872509959691e-04 1.992031872509959691e-04 1.992031872509959691e-04 1.992031872509959691e-04 6.175298804780874826e-03 1.992031872509959691e-04 1.992031872509959691e-04 1.992031872509959691e-04 1.992031872509959691e-04 1.992031872509959691e-04 1.992031872509959691e-04 2.651394422310756060e-01 1.992031872509959691e-04 3.207171314741034951e-02 1.992031872509959691e-04 1.992031872509959691e-04 9.382470119521910124e-02 1.992031872509959691e-04 1.992031872509959691e-04 1.992031872509959691e-04 1.992031872509959691e-04 3.707171314741034562e-01 1.177290836653386019e-01 1.812749003984063037e-02 1.015936254980079334e-02 1.992031872509959691e-04 4.183266932270914701e-03 1.992031872509959691e-04 1.992031872509959691e-04 7.788844621513942024e-02
3.003003003003002326e-04 3.003003003003002326e-04 6.306306306306304343e-03 3.003003003003002326e-04 1.831831831831830931e-02 3.003003003003002326e-04 9.309309309309305586e-03 9.309309309309305586e-03 3.003003003003002326e-04 3.003003003003002326e-04 3.003003003003002326e-04 4.534534534534533090e-02 3.003003003003002326e-04 4.834834834834833561e-02 3.003003003003002326e-04 3.003003003003002326e-04 3.003003003003002326e-04 3.003003003003002326e-04 3.576576576576575017e-01 3.303303303303302234e-03 1.831831831831830931e-02 3.066066066066064910e-01 7.837837837837835497e-02 3.003003003003002326e-04 3.003003003003002326e-04 3.003003003003002326e-04 6.306306306306304343e-03 8.738738738738735523e-02 3.003003003003002326e-04 3.003003003003002326e-04
1.721170395869190892e-04 1.721170395869190892e-04 1.721170395869190892e-04 8.777969018932872680e-03 4.320137693631669051e-02 1.721170395869190892e-04 1.893287435456109981e-03 1.893287435456109981e-03 1.721170395869190892e-04 1.721170395869190892e-04 2.254733218588639634e-02 1.721170395869190892e-04 1.721170395869190892e-04 3.975903614457830526e-02 5.352839931153183239e-02 2.254733218588639634e-02 1.721170395869190892e-04 5.697074010327021765e-02 1.327022375215145822e-01 5.335628227194491764e-03 1.893287435456109981e-03 1.826161790017211128e-01 1.395869191049913527e-01 1.721170395869190892e-04 1.721170395869190892e-04 1.721170395869190892e-04 2.598967297762477813e-02 1.223752151462994542e-01 1.721170395869190892e-04 1.361445783132529674e-01
4.672897196261682437e-04 4.719626168224298757e-02 4.672897196261682437e-04 2.850467289719625999e-02 4.672897196261682437e-04 4.672897196261682437e-04 4.672897196261682437e-04 4.672897196261682437e-04 5.140186915887850518e-03 4.672897196261682437e-04 4.672897196261682437e-04 5.140186915887850518e-03 4.672897196261682437e-04 9.813084112149532412e-03 5.140186915887850518e-03 4.672897196261682437e-04 1.915887850467289447e-02 5.140186915887850518e-03 4.672897196261682437e-04 5.186915887850467033e-02 4.672897196261682437e-04 4.672897196261682437e-04 4.672897196261682437e-04 4.672897196261682437e-04 4.672897196261682437e-04 4.672897196261682437e-04 4.672897196261682437e-04 4.672897196261682437e-04 8.135514018691588634e-01 4.672897196261682437e-04
4.183791606367582294e-01 5.947901591895801698e-02 1.447178002894355681e-04 1.591895803183791249e-03 1.591895803183791249e-03 1.447178002894355681e-04 4.486251808972501962e-03 1.447178002894355681e-04 4.486251808972501962e-03 1.447178002894355681e-04 1.447178002894355681e-04 1.447178002894355681e-04 1.447178002894355681e-04 1.447178002894355681e-04 2.908827785817654984e-02 1.591895803183791249e-03 1.159189580318378682e-01 1.606367583212734568e-02 1.447178002894355681e-04 1.316931982633863518e-02 1.316931982633863518e-02 1.461649782923299043e-02 1.447178002894355681e-04 1.751085383502170092e-02 1.260492040520983514e-01 1.447178002894355681e-04 1.447178002894355681e-04 4.790159189580316806e-02 1.130246020260491646e-01 1.447178002894355681e-04
2.739726027397259536e-04 3.013698630136985544e-03 6.328767123287669383e-02 2.739726027397259536e-04 9.616438356164380696e-02 5.753424657534244972e-03 2.739726027397259536e-04 2.739726027397259536e-04 2.739726027397259536e-04 2.739726027397259536e-04 2.739726027397259536e-04 3.013698630136985544e-03 2.739726027397259536e-04 7.698630136986299444e-02 2.739726027397259536e-04 2.739726027397259536e-04 8.493150684931505268e-03 2.739726027397259536e-04 2.550684931506848607e-01 2.739726027397259536e-04 2.331506849315067575e-01 2.739726027397259536e-04 2.219178082191779894e-02 2.739726027397259536e-04 2.739726027397259536e-04 2.739726027397259536e-04 2.739726027397259536e-04 2.739726027397259536e-04 9.890410958904106986e-02 1.290410958904109340e-01
1.919385796545105389e-04 4.030710172744721154e-03 1.307101727447216588e-01 1.919385796545105389e-04 6.545105566218809012e-02 1.919385796545105389e-04 2.706333973128598192e-02 1.919385796545105389e-04 1.919385796545105389e-04 5.950095969289826217e-03 1.919385796545105389e-04 4.030710172744721154e-03 1.919385796545105389e-04 1.919385796545105389e-04 1.919385796545105389e-04 1.919385796545105389e-04 1.170825335892514141e-02 5.950095969289826217e-03 7.869481765834931281e-03 1.919385796545105389e-04 5.777351247600766987e-02 2.381957773512475285e-01 3.666026871401151244e-02 1.919385796545105389e-04 1.362763915547024647e-02 1.919385796545105389e-04 1.919385796545105389e-04 1.537428023032628988e-01 1.919385796545105389e-04 2.343570057581573218e-01
3.057636887608068954e-01 2.881844380403458350e-04 2.881844380403458350e-04 2.881844380403458350e-04 2.881844380403458350e-04 3.198847262247838524e-02 2.881844380403458350e-04 2.881844380403458350e-04 1.011527377521613813e-01 1.757925072046109469e-02 2.881844380403458350e-04 2.881844380403458350e-04 3.170028818443804131e-03 7.521613832853026038e-02 2.881844380403458350e-04 2.881844380403458350e-04 1.559077809798271042e-01 2.622478386167146833e-02 2.881844380403458350e-04 2.881844380403458350e-04 2.881844380403458350e-04 2.881844380403458350e-04 2.881844380403458350e-04 2.881844380403458350e-04 2.881844380403458350e-04 6.051873198847262589e-03 2.881844380403458350e-04 5.504322766570605291e-02 2.164265129682997058e-01 2.881844380403458350e-04
3.076923076923077029e-04 3.076923076923077029e-04 3.076923076923077029e-04 3.076923076923077029e-04 3.076923076923077029e-04 3.384615384615384786e-03 3.076923076923077029e-04 9.538461538461539060e-03 1.261538461538461511e-02 3.076923076923077029e-04 3.076923076923077029e-04 3.076923076923077029e-04 3.076923076923077029e-04 3.384615384615384786e-03 2.800000000000000058e-02 3.076923076923077029e-04 6.492307692307693057e-02 3.076923076923077029e-04 3.384615384615384786e-03 3.076923076923077029e-04 3.076923076923077029e-04 3.076923076923077029e-04 3.076923076923077029e-04 3.076923076923077029e-04 7.107692307692307920e-02 3.076923076923077029e-04 3.076923076923077029e-04 3.076923076923077029e-04 7.972307692307692983e-01 3.076923076923077029e-04
2.257336343115123477e-04 2.257336343115123477e-04 2.257336343115123477e-04 2.483069977426635797e-03 9.729119638826182193e-02 2.257336343115123477e-04 2.505643340857786894e-02 2.257336343115123477e-04 2.257336343115123477e-04 2.483069977426635797e-03 1.334085778781037845e-01 2.257336343115123477e-04 2.257336343115123477e-04 2.483069977426635797e-03 4.762979683972910772e-02 2.257336343115123477e-04 2.257336343115123477e-04 2.257336343115123477e-04 3.546275395033858802e-01 2.257336343115123477e-04 2.257336343115123477e-04 6.343115124153496376e-02 5.440180586907447657e-02 2.257336343115123477e-04 5.214446952595935131e-02 2.257336343115123477e-04 2.257336343115123477e-04 6.568848758465009596e-02 9.503386004514668972e-02 2.257336343115123477e-04
1.302083333333333044e-04 1.302083333333333044e-04 1.302083333333333044e-04 1.302083333333333044e-04 3.658854166666665464e-02 1.302083333333333044e-04 1.445312499999999549e-02 1.302083333333333044e-04 1.302083333333333044e-04 5.338541666666665048e-03 5.872395833333331899e-02 1.302083333333333044e-04 1.432291666666666349e-03 1.302083333333333044e-04 6.523437499999998335e-02 1.302083333333333044e-04 1.302083333333333044e-04 4.960937499999999029e-02 1.863281249999999278e-01 1.302083333333333044e-04 1.302083333333333044e-04 1.498697916666666130e-01 1.602864583333332704e-01 1.302083333333333044e-04 2.877604166666666158e-02 1.302083333333333044e-04 1.302083333333333044e-04 1.212239583333332843e-01 4.309895833333331899e-02 7.695312499999998335e-02
3.012048192771083518e-04 3.012048192771083518e-04 9.367469879518069975e-02 3.012048192771083518e-04 3.012048192771083518e-04 3.012048192771083518e-04 2.412650602409637524e-01 1.237951807228915291e-01 3.012048192771083518e-04 2.439759036144577287e-02 3.012048192771083518e-04 3.012048192771083518e-04 3.012048192771083518e-04 2.439759036144577287e-02 3.012048192771083518e-04 3.012048192771083518e-04 3.012048192771083518e-04 3.012048192771083518e-04 3.012048192771083518e-04 3.012048192771083518e-04 1.207831325301204489e-01 2.623493975903613551e-01 3.012048192771083518e-04 3.012048192771083518e-04 3.012048192771083518e-04 3.012048192771083518e-04 9.337349397590358202e-03 9.066265060240960572e-02 3.012048192771083518e-04 3.313253012048191816e-03
