2.006666666666666876e-01 6.666666666666667528e-04 1.940000000000000058e-01 6.666666666666667528e-04 6.666666666666667528e-04 7.333333333333334064e-03 1.539999999999999980e-01 1.140000000000000041e-01 6.666666666666667528e-04 6.666666666666667528e-04 6.666666666666667528e-04 6.666666666666667528e-04 6.666666666666667528e-04 6.666666666666667528e-04 6.666666666666667528e-04 6.666666666666667528e-04 6.666666666666667528e-04 1.740000000000000158e-01 1.006666666666666682e-01 6.666666666666667528e-04 6.666666666666667528e-04 6.666666666666667528e-04 6.666666666666667528e-04 6.666666666666667528e-04 3.399999999999999550e-02 6.666666666666667528e-04 7.333333333333334064e-03 6.666666666666667528e-04 6.666666666666667528e-04 6.666666666666667528e-04
1.260330578512396278e-02 2.066115702479338521e-04 9.938016528925618098e-02 2.066115702479338521e-04 6.012396694214874882e-02 4.772727272727272235e-02 2.066115702479338521e-04 2.066115702479338521e-04 1.673553719008263885e-02 1.572314049586776286e-01 1.673553719008263885e-02 7.458677685950411418e-02 1.613636363636363202e-01 2.706611570247933335e-02 2.066115702479338521e-04 6.219008264462808772e-02 2.066115702479338521e-04 7.665289256198346002e-02 2.086776859504131665e-02 2.066115702479338521e-04 8.471074380165286716e-03 9.938016528925618098e-02 2.272727272727272183e-03 4.338842975206610650e-03 4.152892561983470565e-02 2.066115702479338521e-04 2.066115702479338521e-04 8.471074380165286716e-03 2.066115702479338521e-04 2.066115702479338521e-04
1.821493624772312753e-04 1.821493624772312753e-04 1.821493624772312753e-04 1.821493624772312753e-04 9.289617486338793903e-03 4.207650273224042281e-02 9.489981785063748843e-02 1.821493624772312753e-04 3.843351548269579449e-02 2.021857923497267021e-02 1.821493624772312753e-04 1.821493624772312753e-04 1.821493624772312753e-04 1.475409836065573119e-02 3.262295081967211408e-01 1.111111111111110633e-02 3.296903460837886241e-02 2.003642987249543757e-03 1.475409836065573119e-02 3.479052823315117310e-02 8.032786885245898900e-02 1.821493624772312753e-04 6.393442622950817888e-02 1.568306010928960936e-01 1.821493624772312753e-04 1.821493624772312753e-04 2.003642987249543757e-03 1.821493624772312753e-04 1.821493624772312753e-04 5.300546448087430085e-02
1.821493624772313024e-04 1.821493624772313024e-04 1.821493624772313024e-04 2.003642987249544191e-03 5.646630236794169914e-03 4.936247723132967946e-02 4.571948998178505807e-02 2.003642987249544191e-03 4.754098360655736877e-02 2.750455373406192339e-02 2.003642987249544191e-03 1.821493624772313024e-04 2.003642987249544191e-03 1.293260473588342049e-02 2.916211293260472792e-01 2.021857923497267367e-02 2.750455373406192339e-02 1.821493624772313024e-04 1.821493624772313024e-04 4.025500910746811906e-02 9.125683060109288092e-02 7.468123861566482342e-03 3.843351548269580836e-02 2.205828779599270928e-01 1.821493624772313024e-04 1.821493624772313024e-04 7.468123861566482342e-03 1.821493624772313024e-04 1.821493624772313024e-04 5.664845173041893611e-02
9.217687074829929161e-02 3.401360544217685755e-04 3.401360544217685755e-04 1.295918367346938216e-01 3.401360544217685755e-04 7.142857142857140032e-03 3.401360544217685755e-04 1.534013605442176298e-01 3.401360544217685755e-04 3.401360544217685755e-04 5.476190476190474776e-02 3.401360544217685755e-04 2.755102040816325218e-02 3.401360544217685755e-04 3.401360544217685755e-04 3.401360544217685755e-04 3.741496598639454819e-03 3.435374149659862347e-02 4.115646258503399824e-02 3.401360544217685755e-04 3.401360544217685755e-04 1.329931972789115124e-01 3.741496598639454819e-03 1.840136054421767919e-01 3.401360544217685755e-04 3.401360544217685755e-04 1.394557823129250959e-02 3.401360544217685755e-04 3.401360544217685755e-04 1.159863945578230859e-01
2.531645569620252778e-04 2.531645569620252778e-04 5.594936708860757946e-02 2.531645569620252778e-04 2.531645569620252778e-04 2.531645569620252778e-04 2.531645569620252778e-04 2.531645569620252778e-04 6.607594936708859057e-02 2.281012658227847267e-01 2.531645569620252778e-04 2.531645569620252778e-04 2.531645569620252778e-04 2.531645569620252778e-04 2.531645569620252778e-04 1.797468354430379125e-02 2.556962025316454959e-02 3.015189873417720712e-01 2.784810126582278056e-03 2.531645569620252778e-04 2.531645569620252778e-04 2.784810126582278056e-03 2.531645569620252778e-04 1.572151898734176767e-01 2.531645569620252778e-04 2.531645569620252778e-04 6.101265822784808501e-02 3.822784810126581001e-02 3.822784810126581001e-02 2.531645569620252778e-04
2.538071065989847301e-04 2.538071065989847301e-04 6.624365482233500468e-02 2.538071065989847301e-04 1.040609137055837144e-02 2.538071065989847301e-04 2.538071065989847301e-04 2.538071065989847301e-04 7.639593908629439822e-02 2.261421319796953489e-01 2.538071065989847301e-04 2.538071065989847301e-04 2.538071065989847301e-04 2.538071065989847301e-04 2.538071065989847301e-04 7.639593908629439822e-02 1.548223350253806647e-02 3.200507614213196628e-01 2.538071065989847301e-04 2.538071065989847301e-04 2.538071065989847301e-04 5.329949238578679006e-03 2.538071065989847301e-04 1.423857868020304285e-01 2.538071065989847301e-04 2.538071065989847301e-04 1.294416243654821809e-02 2.817258883248729973e-02 1.548223350253806647e-02 2.538071065989847301e-04
1.281249999999999403e-02 3.124999999999998981e-04 3.124999999999998981e-04 3.124999999999998981e-04 3.437499999999999150e-03 2.628124999999998934e-01 3.124999999999998981e-04 3.124999999999998981e-04 1.159374999999999573e-01 1.281249999999999403e-02 3.124999999999998981e-04 2.909374999999999045e-01 3.437499999999999150e-03 9.687499999999996461e-03 3.124999999999998981e-04 9.687499999999996461e-03 9.718749999999996836e-02 6.562499999999998022e-03 3.124999999999998981e-04 3.124999999999998981e-04 1.065624999999999628e-01 1.281249999999999403e-02 3.124999999999998981e-04 3.124999999999998981e-04 3.124999999999998981e-04 3.124999999999998981e-04 4.406249999999998362e-02 3.437499999999999150e-03 3.124999999999998981e-04 3.437499999999999150e-03
2.659176029962546581e-02 3.745318352059925243e-04 1.910112359550561814e-02 3.745318352059925243e-04 3.782771535580524425e-02 2.284644194756554197e-02 3.745318352059925243e-04 1.089887640449438283e-01 5.655430711610486688e-02 2.659176029962546581e-02 3.745318352059925243e-04 3.745318352059925243e-04 3.299625468164793518e-01 4.531835205992509191e-02 4.157303370786516461e-02 3.745318352059925243e-04 3.745318352059925243e-04 3.745318352059925243e-04 3.745318352059925243e-04 3.745318352059925243e-04 1.464419475655430736e-01 3.745318352059925243e-04 3.745318352059925243e-04 4.906367041198501922e-02 7.865168539325843172e-03 3.745318352059925243e-04 4.119850187265917604e-03 1.535580524344569084e-02 3.408239700374531694e-02 2.284644194756554197e-02
1.623036649214660079e-02 2.146596858638744054e-02 5.235602094240839315e-04 5.235602094240839315e-04 5.235602094240839315e-04 5.235602094240839315e-04 5.235602094240839315e-04 5.235602094240839315e-04 5.235602094240839315e-04 5.235602094240839315e-04 5.235602094240839315e-04 5.811518324607331532e-02 5.235602094240839315e-04 5.235602094240839315e-04 5.235602094240839315e-04 4.240837696335079954e-02 4.769633507853404120e-01 2.099476439790576576e-01 5.235602094240839315e-04 5.235602094240839315e-04 5.235602094240839315e-04 1.623036649214660079e-02 5.235602094240839315e-04 5.235602094240839315e-04 5.235602094240839315e-04 5.235602094240839315e-04 7.905759162303667431e-02 5.235602094240839315e-04 6.858638743455498787e-02 5.235602094240839315e-04
5.649717514124293983e-04 5.649717514124293983e-04 1.751412429378531102e-02 5.649717514124293983e-04 5.649717514124293983e-04 2.322033898305084776e-01 1.186440677966101725e-02 5.649717514124293983e-04 5.141242937853107015e-02 5.649717514124293983e-04 5.649717514124293983e-04 5.649717514124293983e-04 5.649717514124293983e-04 5.649717514124293983e-04 6.214689265536723489e-03 5.649717514124293983e-04 6.214689265536723489e-03 1.305084745762711829e-01 5.649717514124293983e-04 7.401129943502825215e-02 1.587570621468926690e-01 5.649717514124293983e-04 8.531073446327683274e-02 5.649717514124293983e-04 1.983050847457627219e-01 1.751412429378531102e-02 5.649717514124293983e-04 5.649717514124293983e-04 5.649717514124293983e-04 5.649717514124293983e-04
2.985074626865670587e-04 1.820895522388059004e-02 2.985074626865670587e-04 2.716417910447760029e-02 2.985074626865670587e-04 2.629850746268655448e-01 2.985074626865670587e-04 2.985074626865670587e-04 1.316417910447760797e-01 6.268656716417908559e-03 2.985074626865670587e-04 3.137313432835819871e-01 1.223880597014924930e-02 3.910447761194028177e-02 2.985074626865670587e-04 2.985074626865670587e-04 2.985074626865670587e-04 3.283582089552237755e-03 2.985074626865670587e-04 3.283582089552237755e-03 1.107462686567163845e-01 2.985074626865670587e-04 2.985074626865670587e-04 2.985074626865670587e-04 2.985074626865670587e-04 9.253731343283579797e-03 5.104477611940297366e-02 2.985074626865670587e-04 2.985074626865670587e-04 6.268656716417908559e-03
3.124999999999998981e-04 3.124999999999998981e-04 3.124999999999998981e-04 3.124999999999998981e-04 3.124999999999998981e-04 2.690624999999998712e-01 3.124999999999998981e-04 3.124999999999998981e-04 1.378124999999999489e-01 3.124999999999998981e-04 3.124999999999998981e-04 2.971874999999998823e-01 3.124999999999998981e-04 6.562499999999998022e-03 3.124999999999998981e-04 3.124999999999998981e-04 8.781249999999997391e-02 3.124999999999998981e-04 2.218749999999999195e-02 9.687499999999996461e-03 9.093749999999997669e-02 3.124999999999998981e-04 3.124999999999998981e-04 3.124999999999998981e-04 3.124999999999998981e-04 3.124999999999998981e-04 7.218749999999997391e-02 3.124999999999998981e-04 3.124999999999998981e-04 3.124999999999998981e-04
7.750759878419449453e-03 3.191489361702126628e-03 1.519756838905774636e-04 8.981762917933128199e-02 4.864741641337384515e-01 1.519756838905774636e-04 1.519756838905774636e-04 1.382978723404254713e-02 8.829787234042550670e-02 1.519756838905774636e-04 1.519756838905774636e-04 1.519756838905774636e-04 3.206686930091184190e-02 1.658054711246199908e-01 1.519756838905774636e-04 1.519756838905774636e-04 1.519756838905774636e-04 1.519756838905774636e-04 6.231003039513675033e-03 1.519756838905774636e-04 1.519756838905774636e-04 1.519756838905774636e-04 1.519756838905774636e-04 1.519756838905774636e-04 3.358662613981761719e-02 1.519756838905774636e-04 3.191489361702126628e-03 3.191489361702126628e-03 1.519756838905774636e-04 6.398176291793311599e-02
2.475247524752474735e-04 5.198019801980196565e-03 2.475247524752474735e-04 3.242574257425741291e-02 2.252475247524751700e-02 2.475247524752474735e-04 2.475247524752474735e-04 2.475247524752474735e-04 1.586633663366336100e-01 2.475247524752474735e-04 4.727722772277227065e-02 7.202970297029701041e-02 2.475247524752474735e-04 1.262376237623761936e-02 2.475247524752474735e-04 2.475247524752474735e-04 2.252475247524751700e-02 2.475247524752474735e-04 7.450495049504948786e-02 9.183168316831681610e-02 2.475247524752474735e-04 4.232673267326731575e-02 1.512376237623762054e-01 7.673267326732671409e-03 2.475247524752474735e-04 5.965346534653463706e-02 1.042079207920791756e-01 2.004950495049504303e-02 7.202970297029701041e-02 2.475247524752474735e-04
4.000000000000001276e-04 4.000000000000001276e-04 4.000000000000001276e-04 1.084000000000000241e-01 2.684000000000000274e-01 2.040000000000000493e-02 4.000000000000001276e-04 4.000000000000001276e-04 4.000000000000001276e-04 4.000000000000001276e-04 9.640000000000002733e-02 4.000000000000001276e-04 4.000000000000001276e-04 2.924000000000000488e-01 4.440000000000000890e-02 4.000000000000001276e-04 4.000000000000001276e-04 8.400000000000002950e-03 4.000000000000001276e-04 8.400000000000002950e-03 7.240000000000001990e-02 4.000000000000001276e-04 4.000000000000001276e-04 6.040000000000000924e-02 4.000000000000001276e-04 4.400000000000001132e-03 4.400000000000001132e-03 4.000000000000001276e-04 4.000000000000001276e-04 4.400000000000001132e-03
1.257627118644067954e-01 3.389830508474576498e-04 3.389830508474576498e-04 8.169491525423729084e-02 3.389830508474576498e-04 3.389830508474576498e-04 3.389830508474576498e-04 1.494915254237288160e-01 3.728813559322034094e-03 1.050847457627118731e-02 4.440677966101694990e-02 4.101694915254237156e-02 3.389830508474576498e-04 1.050847457627118731e-02 3.389830508474576498e-04 3.389830508474576498e-04 3.389830508474576498e-04 1.050847457627118731e-02 4.101694915254237156e-02 7.118644067796610700e-03 1.050847457627118731e-02 1.020338983050847470e-01 2.406779661016949026e-02 1.359322033898305027e-01 3.389830508474576498e-04 3.389830508474576498e-04 3.389830508474576498e-04 3.389830508474576498e-04 3.728813559322034094e-03 1.935593220338983067e-01
3.225806451612902789e-03 1.536098310291858407e-04 1.245775729646697028e-01 1.536098310291858407e-04 7.695852534562211411e-02 1.090629800307219358e-02 1.536098310291858407e-04 1.536098310291858407e-04 4.162826420890936713e-02 1.814132104454684591e-01 1.858678955453148610e-02 1.536098310291858407e-04 1.384024577572964265e-01 1.536098310291858407e-04 1.536098310291858407e-04 5.391705069124422961e-02 1.536098310291858407e-04 1.536098310291858407e-04 1.536098310291858407e-04 1.536098310291858407e-04 4.930875576036865965e-02 1.138248847926267016e-01 1.536098310291858407e-04 2.165898617511520172e-02 6.159754224270352213e-02 6.298003072196619277e-03 1.536098310291858407e-04 7.849462365591396151e-02 1.536098310291858407e-04 1.705069124423962829e-02
2.702702702702702202e-04 2.702702702702702202e-04 8.378378378378376068e-03 2.999999999999998848e-02 2.972972972972972097e-03 2.702702702702702202e-04 2.702702702702702202e-04 2.702702702702702202e-04 1.918918918918918401e-02 6.783783783783782495e-02 1.597297297297296803e-01 2.702702702702702202e-04 7.864864864864862248e-02 2.702702702702702202e-04 2.702702702702702202e-04 2.702702702702702202e-04 2.702702702702702202e-04 2.702702702702702202e-04 5.432432432432431069e-02 1.108108108108107719e-02 5.675675675675674083e-03 1.029729729729729482e-01 2.702702702702702202e-04 1.272972972972972738e-01 2.702702702702702202e-04 1.029729729729729482e-01 9.486486486486483960e-02 2.702702702702702202e-04 2.702702702702702202e-04 1.299999999999999767e-01
3.154574132492112709e-04 3.470031545741323817e-03 3.470031545741323817e-03 3.154574132492112709e-04 3.154574132492112709e-04 3.154574132492112709e-04 6.624605678233435983e-03 3.154574132492112709e-04 3.154574132492112709e-04 3.154574132492112709e-04 4.763406940063089762e-02 3.154574132492112709e-04 1.927444794952680729e-01 3.154574132492112709e-04 3.154574132492112709e-04 7.287066246056779495e-02 6.624605678233435983e-03 9.779179810725548150e-03 8.864353312302836185e-02 8.548895899053625402e-02 3.154574132492112709e-04 4.447949526813878285e-02 4.447949526813878285e-02 4.447949526813878285e-02 7.287066246056779495e-02 1.075709779179810366e-01 3.154574132492112709e-04 3.154574132492112709e-04 4.763406940063089762e-02 1.170347003154573740e-01
2.659574468085105885e-04 2.659574468085105885e-04 4.547872340425530846e-02 2.659574468085105885e-04 2.659574468085105885e-04 1.090425531914893109e-02 2.659574468085105885e-04 8.803191489361700262e-02 2.659574468085105885e-04 2.343085106382977734e-01 8.244680851063827809e-03 2.659574468085105885e-04 2.103723404255318230e-01 2.659574468085105885e-04 5.585106382978721924e-03 1.622340425531914460e-02 2.659574468085105885e-04 5.345744680851062525e-02 2.659574468085105885e-04 2.659574468085105885e-04 8.244680851063827809e-03 9.867021276595741575e-02 2.659574468085105885e-04 5.079787234042552196e-02 2.659574468085105885e-04 3.484042553191488145e-02 9.069148936170209896e-02 3.218085106382977817e-02 8.244680851063827809e-03 2.659574468085105885e-04
2.155172413793103147e-04 2.155172413793103147e-04 2.155172413793103147e-04 2.155172413793103147e-04 8.836206896551720980e-03 2.155172413793103147e-04 2.370689655172413327e-03 2.155172413793103147e-04 1.745689655172413118e-02 2.155172413793103147e-04 4.331896551724136873e-02 2.155172413793103147e-04 3.816810344827585300e-01 6.681034482758619296e-03 2.155172413793103147e-04 2.155172413793103147e-04 2.155172413793103147e-04 4.762931034482757731e-02 4.547413793103447649e-02 2.155172413793103147e-04 4.116379310344826792e-02 9.073275862068963526e-02 4.525862068965516745e-03 4.547413793103447649e-02 2.823275862068964914e-02 2.823275862068964914e-02 8.642241379310343363e-02 2.155172413793103147e-04 2.155172413793103147e-04 1.187499999999999806e-01
2.008032128514055769e-04 2.008032128514055769e-04 2.008032128514055769e-04 4.036144578313251990e-02 4.138554216867468272e-01 2.008032128514055769e-04 4.216867469879516384e-03 2.008032128514055769e-04 1.024096385542168190e-02 1.626506024096384742e-02 2.008032128514055769e-04 2.008032128514055769e-04 2.351405622489959046e-01 1.909638554216866735e-01 4.216867469879516384e-03 1.024096385542168190e-02 2.008032128514055769e-04 1.224899598393573881e-02 2.008032128514055769e-04 2.008032128514055769e-04 2.008032128514055769e-04 2.008032128514055769e-04 2.008032128514055769e-04 2.008032128514055769e-04 2.630522088353412849e-02 2.008032128514055769e-04 2.831325301204818193e-02 2.008032128514055769e-04 4.216867469879516384e-03 2.008032128514055769e-04
1.474820143884891278e-02 3.597122302158272376e-04 2.269784172661869492e-01 3.597122302158272376e-04 3.597122302158272376e-04 3.597122302158272376e-04 7.230215827338126733e-02 1.550359712230215126e-01 3.597122302158272376e-04 2.449640287769782876e-01 3.597122302158272376e-04 3.597122302158272376e-04 4.712230215827335755e-02 3.597122302158272376e-04 3.597122302158272376e-04 3.597122302158272376e-04 3.597122302158272376e-04 3.597122302158272376e-04 3.633093525179854205e-02 3.597122302158272376e-04 3.597122302158272376e-04 1.334532374100718954e-01 1.474820143884891278e-02 3.597122302158272376e-04 2.913669064748200185e-02 3.597122302158272376e-04 3.597122302158272376e-04 1.834532374100718635e-02 3.597122302158272376e-04 3.597122302158272376e-04
2.288329519450800487e-04 8.947368421052630250e-02 2.199084668192219094e-01 2.288329519450800487e-04 2.288329519450800487e-04 2.288329519450800487e-04 9.382151029748280260e-03 2.288329519450800487e-04 2.288329519450800487e-04 3.455377574370708388e-02 2.288329519450800487e-04 2.082379862700228096e-02 2.288329519450800487e-04 2.517162471395880535e-03 9.382151029748280260e-03 2.288329519450800487e-04 3.226544622425628339e-02 6.201372997711668972e-02 7.574370709382149958e-02 1.054919908466818990e-01 2.288329519450800487e-04 2.288329519450800487e-04 9.405034324942788959e-02 3.455377574370708388e-02 9.382151029748280260e-03 2.288329519450800487e-04 2.288329519450800487e-04 1.100686498855834999e-01 8.718535469107549507e-02 2.288329519450800487e-04
3.459119496855345144e-03 3.144654088050313767e-04 3.144654088050313767e-04 1.952830188679244572e-01 1.103773584905659993e-01 3.144654088050313767e-04 6.603773584905658044e-03 3.144654088050313767e-04 3.459119496855345144e-03 3.144654088050313767e-04 2.547169811320753804e-02 5.062893081761005165e-02 6.603773584905658044e-03 4.688679245283017272e-01 3.144654088050313767e-04 6.603773584905658044e-03 9.748427672955970943e-03 3.144654088050313767e-04 3.144654088050313767e-04 6.603773584905658044e-03 3.144654088050313767e-04 3.144654088050313767e-04 3.805031446540878964e-02 3.144654088050313767e-04 3.144654088050313767e-04 3.144654088050313767e-04 3.144654088050313767e-04 3.144654088050313767e-04 6.320754716981130672e-02 3.144654088050313767e-04
3.311258278145694277e-04 3.311258278145694277e-04 5.331125827814568036e-02 3.642384105960263813e-03 3.311258278145694277e-04 3.311258278145694277e-04 3.642384105960263813e-03 3.013245033112581586e-02 3.013245033112581586e-02 8.311258278145693124e-02 3.311258278145694277e-04 3.311258278145694277e-04 1.592715231788078833e-01 3.642384105960263813e-03 2.321192052980131371e-01 3.311258278145694277e-04 3.311258278145694277e-04 3.642384105960263813e-03 1.062913907284767923e-01 1.228476821192052565e-01 3.311258278145694277e-04 3.311258278145694277e-04 3.311258278145694277e-04 3.675496688741720225e-02 2.682119205298012093e-02 3.311258278145694277e-04 5.662251655629137181e-02 3.311258278145694277e-04 4.006622516556290065e-02 3.642384105960263813e-03
6.521739130434780519e-03 2.204968944099378048e-02 3.105590062111800273e-04 3.105590062111800273e-04 6.521739130434780519e-03 3.105590062111800273e-04 1.273291925465837998e-02 3.105590062111800273e-04 3.105590062111800273e-04 3.105590062111800273e-04 3.105590062111800273e-04 6.521739130434780519e-03 9.627329192546581552e-03 1.583850931677018015e-02 1.959627329192545897e-01 3.105590062111800273e-04 3.105590062111800273e-04 3.105590062111800273e-04 6.552795031055898278e-02 1.711180124223601884e-01 3.105590062111800273e-04 3.105590062111800273e-04 2.270186335403725775e-01 3.105590062111800273e-04 4.068322981366458146e-02 3.105590062111800273e-04 2.826086956521738081e-02 7.795031055900618344e-02 5.931677018633538939e-02 4.999999999999998890e-02
3.174603174603173516e-04 3.206349206349205089e-02 3.174603174603173516e-04 5.428571428571427049e-02 5.082539682539680692e-01 3.174603174603173516e-04 3.174603174603173516e-04 3.174603174603173516e-04 9.841269841269838226e-03 3.174603174603173516e-04 3.174603174603173516e-04 3.492063492063491193e-03 4.476190476190474582e-02 3.304761904761903124e-01 3.174603174603173516e-04 3.174603174603173516e-04 3.174603174603173516e-04 3.174603174603173516e-04 3.174603174603173516e-04 3.174603174603173516e-04 3.492063492063491193e-03 3.174603174603173516e-04 3.174603174603173516e-04 3.174603174603173516e-04 3.174603174603173516e-04 6.666666666666664492e-03 3.174603174603173516e-04 3.174603174603173516e-04 3.174603174603173516e-04 3.174603174603173516e-04
1.627627627627628235e-02 1.807807807807808309e-02 6.006006006006007905e-05 2.588588588588589326e-02 1.147147147147147515e-02 2.072672672672673244e-01 1.033633633633633947e-01 4.864864864864866349e-03 9.795795795795797511e-02 6.006006006006007905e-05 6.006006006006007905e-05 1.447447447447447987e-02 6.006006006006007905e-05 6.006006006006007905e-05 2.528528528528529301e-02 6.006006006006007905e-05 4.264264264264265233e-03 6.006006006006007905e-05 4.330330330330331434e-02 6.006006006006007905e-05 1.670270270270270974e-01 6.006006006006007905e-05 1.687687687687688259e-02 9.795795795795797511e-02 1.207207207207207540e-02 4.390390390390391112e-02 2.462462462462462753e-03 4.264264264264265233e-03 6.006006006006007905e-05 8.234234234234236172e-02
1.552162849872773011e-02 2.544529262086513426e-04 2.544529262086513426e-04 2.061068702290075674e-02 2.544529262086513426e-04 2.544529262086513426e-04 2.544529262086513426e-04 2.544529262086513426e-04 9.185750636132312963e-02 2.315521628498726919e-02 2.544529262086513426e-04 2.544529262086513426e-04 1.681933842239185239e-01 1.297709923664121592e-02 2.544529262086513426e-04 2.798982188295164823e-03 1.552162849872773011e-02 2.038167938931297052e-01 1.249363867684478019e-01 2.798982188295164823e-03 2.544529262086513426e-04 2.544529262086513426e-04 2.544529262086513426e-04 2.544529262086513426e-04 2.544529262086513426e-04 2.544529262086513426e-04 7.150127226463103003e-02 2.544529262086513426e-04 7.404580152671753901e-02 1.681933842239185239e-01
2.754820936639117666e-04 1.680440771349861473e-02 2.754820936639117666e-04 9.118457300275480126e-02 2.592286501377409347e-01 1.129476584022038113e-02 9.118457300275480126e-02 5.785123966942147533e-03 3.333333333333331899e-02 2.754820936639117666e-04 8.539944903581264332e-03 2.754820936639117666e-04 2.096418732782368288e-01 6.088154269972450433e-02 1.404958677685949793e-02 2.754820936639117666e-04 2.754820936639117666e-04 7.465564738292009006e-02 1.129476584022038113e-02 2.754820936639117666e-04 2.754820936639117666e-04 2.754820936639117666e-04 2.754820936639117666e-04 4.710743801652891166e-02 3.333333333333331899e-02 2.754820936639117666e-04 2.754820936639117666e-04 2.754820936639117666e-04 2.754820936639117666e-04 2.782369146005508539e-02
3.378378378378377482e-04 3.378378378378377482e-04 1.591216216216215784e-01 3.378378378378377482e-04 3.378378378378377482e-04 3.378378378378377482e-04 2.398648648648647741e-02 1.354729729729729215e-01 6.114864864864862776e-02 7.094594594594592386e-03 1.152027027027026640e-01 3.378378378378377482e-04 1.320945945945945499e-01 3.378378378378377482e-04 3.378378378378377482e-04 3.378378378378377482e-04 3.378378378378377482e-04 3.378378378378377482e-04 3.378378378378377482e-04 3.378378378378377482e-04 4.425675675675674187e-02 7.128378378378376345e-02 3.378378378378377482e-04 1.722972972972972028e-02 6.114864864864862776e-02 3.378378378378377482e-04 5.777027027027025613e-02 3.378378378378377482e-04 3.378378378378377482e-04 1.084459459459459069e-01
2.433090024330899820e-04 1.727493917274938728e-02 2.433090024330899820e-04 2.433090024330899820e-04 5.109489051094889649e-03 2.433090024330899820e-04 2.433090024330899820e-04 1.267639902676398755e-01 2.433090024330899820e-04 2.676399026763989775e-03 2.070559610705595410e-01 2.433090024330899820e-04 2.557177615571775142e-01 2.433090024330899820e-04 2.676399026763989775e-03 2.433090024330899820e-04 1.727493917274938728e-02 8.053527980535278574e-02 6.836982968369828551e-02 2.433090024330899820e-04 1.240875912408758754e-02 7.323600973236008005e-02 2.433090024330899820e-04 1.240875912408758754e-02 1.484184914841848654e-02 9.975669099756686795e-03 2.433090024330899820e-04 5.109489051094889649e-03 2.433090024330899820e-04 8.540145985401458029e-02
2.165289256198346668e-02 1.652892561983470925e-04 7.289256198347106308e-02 1.818181818181817963e-03 1.652892561983470925e-04 4.148760330578511735e-02 6.462809917355370748e-02 1.026446280991735321e-01 1.652892561983470925e-04 1.191735537190082295e-01 2.826446280991735255e-02 5.123966942148759814e-03 2.216528925619834223e-01 1.652892561983470925e-04 1.652892561983470925e-04 1.505785123966941752e-01 1.652892561983470925e-04 1.652892561983470925e-04 3.471074380165288780e-03 1.652892561983470925e-04 7.950413223140494201e-02 2.826446280991735255e-02 1.652892561983470925e-04 1.818181818181817963e-03 6.776859504132229546e-03 1.652892561983470925e-04 1.008264462809917161e-02 3.818181818181817788e-02 1.652892561983470925e-04 1.652892561983470925e-04
2.336448598130840676e-04 2.336448598130840676e-04 2.336448598130840676e-04 2.336448598130840676e-04 1.425233644859812653e-02 2.336448598130840676e-04 2.336448598130840676e-04 5.630841121495325924e-02 2.336448598130840676e-04 3.528037383177569375e-02 2.292056074766354312e-01 2.336448598130840676e-04 3.320093457943923965e-01 2.336448598130840676e-04 2.336448598130840676e-04 2.336448598130840676e-04 1.892523364485980755e-02 1.147196261682242729e-01 2.336448598130840676e-04 2.336448598130840676e-04 5.163551401869157648e-02 1.007009345794392247e-01 2.336448598130840676e-04 1.425233644859812653e-02 2.126168224299064893e-02 2.336448598130840676e-04 2.336448598130840676e-04 2.336448598130840676e-04 7.242990654205605852e-03 2.336448598130840676e-04
2.020202020202019929e-04 2.020202020202019929e-04 2.020202020202019929e-04 2.020202020202019929e-04 1.838383838383837732e-02 2.020202020202019929e-04 2.222222222222221787e-03 8.101010101010099052e-02 2.020202020202019929e-04 6.080808080808079719e-02 2.163636363636363136e-01 2.020202020202019929e-04 2.951515151515150537e-01 2.020202020202019929e-04 2.020202020202019929e-04 2.020202020202019929e-04 2.242424242424241945e-02 8.707070707070704851e-02 3.858585858585857759e-02 2.020202020202019929e-04 2.848484848484847745e-02 8.101010101010099052e-02 2.020202020202019929e-04 2.020202020202019929e-04 2.040404040404040012e-02 2.020202020202019929e-04 2.646464646464645812e-02 2.020202020202019929e-04 2.020202020202019929e-04 1.838383838383837732e-02
3.278688524590162847e-04 3.278688524590162847e-04 3.606557377049179457e-03 2.655737704918031614e-02 6.918032786885243424e-02 3.278688524590162847e-04 3.278688524590162847e-04 6.262295081967211852e-02 3.278688524590162847e-04 3.278688524590162847e-04 1.183606557377048785e-01 3.278688524590162847e-04 1.216393442622950433e-01 3.278688524590162847e-04 3.278688524590162847e-04 3.278688524590162847e-04 3.278688524590162847e-04 1.052459016393442331e-01 5.934426229508194678e-02 3.278688524590162847e-04 3.606557377049179457e-03 7.245901639344259904e-02 1.344262295081966561e-02 1.281967213114753590e-01 3.606557377049179457e-03 1.118032786885245489e-01 3.278688524590162847e-04 3.278688524590162847e-04 1.016393442622950428e-02 8.557377049180325823e-02
2.331002331002330458e-04 2.331002331002330458e-04 2.564102564102563667e-03 2.331002331002330458e-04 2.121212121212120646e-02 2.331002331002330458e-04 2.331002331002330458e-04 2.564102564102563667e-03 2.331002331002330458e-04 2.587412587412586673e-02 2.682983682983682283e-01 2.331002331002330458e-04 2.962703962703961968e-01 2.331002331002330458e-04 2.331002331002330458e-04 7.226107226107224800e-03 1.888111888111887460e-02 1.261072261072260781e-01 2.331002331002330458e-04 2.331002331002330458e-04 5.617715617715616366e-02 7.016317016317014099e-02 2.331002331002330458e-04 2.331002331002330458e-04 2.587412587412586673e-02 2.331002331002330458e-04 7.226107226107224800e-03 2.564102564102563667e-03 1.188811188811188420e-02 5.384615384615383527e-02
3.098591549295773729e-03 5.915492957746477237e-03 2.816901408450703291e-04 1.154929577464788339e-02 2.816901408450703291e-04 2.816901408450703291e-04 3.749295774647886104e-01 2.816901408450703291e-04 3.098591549295773729e-03 2.816901408450703291e-04 2.816901408450703291e-04 2.816901408450703291e-04 2.816901408450703291e-04 2.816901408450703291e-04 9.887323943661968650e-02 2.816901408450703291e-04 2.816901408450703291e-04 3.690140845070421366e-02 8.197183098591546979e-02 3.971830985915491413e-02 2.816901408450703291e-04 2.816901408450703291e-04 4.535211267605632895e-02 3.408450704225350625e-02 2.816901408450703291e-04 5.380281690140843731e-02 1.045070422535211013e-01 3.098591549295773729e-03 2.816901408450703291e-04 9.887323943661968650e-02
2.583979328165373918e-04 2.609819121447027462e-02 2.583979328165373918e-04 9.586563307493536912e-02 3.594315245478034715e-01 2.609819121447027462e-02 2.583979328165373918e-04 8.811369509043925907e-02 3.126614987080102159e-02 2.842377260981911527e-03 2.583979328165373918e-04 2.583979328165373918e-04 8.811369509043925907e-02 1.837209302325580607e-01 2.583979328165373918e-04 2.583979328165373918e-04 2.583979328165373918e-04 2.583979328165373918e-04 2.583979328165373918e-04 1.317829457364340547e-02 2.583979328165373918e-04 2.583979328165373918e-04 2.583979328165373918e-04 2.842377260981911527e-03 3.385012919896639855e-02 2.583979328165373918e-04 4.160206718346252247e-02 2.583979328165373918e-04 2.583979328165373918e-04 2.842377260981911527e-03
2.955882352941176586e-02 1.470588235294117789e-04 8.544117647058824261e-02 1.485294117647058786e-02 1.470588235294117789e-04 2.073529411764705663e-02 4.573529411764706148e-02 1.369117647058823439e-01 1.470588235294117789e-04 1.560294117647058609e-01 1.470588235294117789e-04 8.970588235294117349e-03 2.089705882352941024e-01 1.470588235294117789e-04 1.470588235294117789e-04 1.192647058823529393e-01 1.470588235294117789e-04 1.470588235294117789e-04 1.470588235294117789e-04 1.470588235294117789e-04 6.926470588235293657e-02 3.250000000000000111e-02 1.470588235294117789e-04 1.470588235294117789e-04 1.470588235294117789e-04 1.470588235294117789e-04 1.926470588235294074e-02 5.014705882352941263e-02 1.470588235294117789e-04 1.470588235294117789e-04
2.331002331002330458e-04 2.331002331002330458e-04 1.074592074592074370e-01 2.331002331002330458e-04 2.331002331002330458e-04 2.331002331002330458e-04 2.354312354312353486e-02 2.331002331002330458e-04 3.286713286713285886e-02 2.354312354312353486e-02 2.331002331002330458e-04 2.331002331002330458e-04 2.331002331002330458e-04 2.564102564102563667e-03 2.331002331002330458e-04 1.470862470862470406e-01 2.331002331002330458e-04 1.167832167832167506e-01 3.053613053613052700e-02 1.167832167832167506e-01 2.331002331002330458e-04 2.331002331002330458e-04 7.948717948717946846e-02 5.617715617715616366e-02 2.331002331002330458e-04 2.564102564102563667e-03 9.557109557109554066e-03 2.006993006993006423e-01 4.685314685314684313e-02 2.331002331002330458e-04
3.003003003003002326e-04 1.831831831831830931e-02 3.003003003003002326e-04 4.234234234234232619e-02 7.237237237237234555e-02 3.003003003003002326e-04 1.531531531531530980e-02 3.003003003003002326e-04 7.537537537537535026e-02 2.132132132132131402e-02 6.636636636636635000e-02 3.003003003003002326e-04 3.696696696696695206e-01 1.831831831831830931e-02 3.003003003003002326e-04 3.003003003003002326e-04 3.003003003003002326e-04 3.003003003003002326e-04 3.303303303303302234e-03 3.003003003003002326e-04 2.255255255255254332e-01 3.003003003003002326e-04 3.003003003003002326e-04 6.336336336336334529e-02 3.003003003003002326e-04 3.003003003003002326e-04 3.003003003003002326e-04 3.003003003003002326e-04 3.003003003003002326e-04 3.303303303303302234e-03
1.451378809869375793e-04 4.949201741654571385e-02 2.802612481857764126e-01 1.030478955007256732e-02 1.451378809869375793e-04 1.451378809869375793e-04 1.451378809869375793e-04 1.175616835994194170e-02 5.965166908563133974e-02 6.255442670537009198e-02 1.451378809869375793e-04 4.499274310595064580e-03 1.451378809869375793e-04 3.047895500725688895e-03 1.451378809869375793e-04 1.451378809869375793e-04 1.451378809869375793e-04 1.451378809869375793e-04 8.577648766328010987e-02 1.322206095791001179e-01 1.451378809869375793e-04 1.451378809869375793e-04 5.965166908563133974e-02 1.451378809869375793e-04 1.451378809869375793e-04 1.451378809869375793e-04 2.481857764876632677e-02 1.714078374455732523e-01 4.223512336719883326e-02 1.451378809869375793e-04
1.580459770114942290e-03 4.324712643678160079e-02 3.119252873563218009e-01 5.890804597701147609e-03 1.436781609195402279e-04 1.436781609195402279e-04 1.436781609195402279e-04 1.163793103448275586e-02 4.181034482758620024e-02 3.318965517241379004e-02 1.436781609195402279e-04 1.436781609195402279e-04 1.436781609195402279e-04 4.454022988505746197e-03 1.436781609195402279e-04 1.436781609195402279e-04 1.436781609195402279e-04 1.436781609195402279e-04 6.192528735632182868e-02 1.280172413793103092e-01 1.436781609195402279e-04 5.890804597701147609e-03 4.324712643678160079e-02 1.436781609195402279e-04 1.436781609195402279e-04 1.436781609195402279e-04 3.175287356321838950e-02 1.941091954022988175e-01 5.761494252873562705e-02 2.169540229885057181e-02
1.821493624772313024e-04 1.821493624772313024e-04 1.821493624772313024e-04 2.568306010928961269e-02 2.424408014571948489e-01 1.821493624772313024e-04 1.821493624772313024e-04 1.821493624772313024e-04 9.854280510018213757e-02 1.821493624772313024e-04 2.003642987249544191e-03 5.846994535519124681e-02 1.586520947176684460e-01 1.367941712204006899e-01 1.821493624772313024e-04 1.821493624772313024e-04 1.821493624772313024e-04 1.821493624772313024e-04 3.843351548269580836e-02 1.821493624772313024e-04 1.821493624772313024e-04 1.821493624772313024e-04 5.646630236794169914e-03 1.293260473588342049e-02 1.821493624772313024e-04 2.568306010928961269e-02 2.386156648451729853e-02 1.821493624772313024e-04 1.821493624772313024e-04 1.677595628415300133e-01
5.740740740740739832e-03 1.851851851851851489e-04 1.851851851851851489e-04 4.277777777777776874e-02 2.372222222222221677e-01 1.851851851851851489e-04 1.851851851851851489e-04 3.888888888888888343e-03 9.648148148148145975e-02 1.851851851851851489e-04 1.851851851851851489e-04 5.574074074074072960e-02 1.872222222222221788e-01 1.205555555555555131e-01 1.851851851851851489e-04 1.851851851851851489e-04 1.851851851851851489e-04 1.851851851851851489e-04 5.388888888888888201e-02 1.851851851851851489e-04 1.851851851851851489e-04 1.851851851851851489e-04 1.851851851851851489e-04 1.851851851851851489e-04 1.851851851851851489e-04 2.611111111111110578e-02 4.648148148148147779e-02 1.851851851851851489e-04 1.851851851851851489e-04 1.205555555555555131e-01
3.215434083601285162e-04 3.215434083601285162e-04 3.215434083601285162e-04 6.141479099678454762e-02 7.749196141479097744e-02 3.215434083601285162e-04 3.215434083601285162e-04 9.967845659163983296e-03 1.996784565916397969e-01 3.215434083601285162e-04 9.967845659163983296e-03 1.318327974276526683e-02 1.803858520900321061e-01 1.900321543408359515e-01 1.639871382636655384e-02 3.215434083601285162e-04 3.215434083601285162e-04 3.215434083601285162e-04 3.215434083601285162e-04 3.215434083601285162e-04 2.282958199356912091e-02 3.215434083601285162e-04 3.215434083601285162e-04 7.749196141479097744e-02 3.215434083601285162e-04 8.070739549839225924e-02 1.318327974276526683e-02 3.215434083601285162e-04 3.215434083601285162e-04 4.212218649517682906e-02
5.048355899419729176e-02 1.934235976789168508e-04 1.934235976789168508e-04 1.934235976789168508e-04 4.061895551257253649e-03 6.595744680851063635e-02 3.500967117988394717e-02 1.934235976789168508e-04 1.375241779497098638e-01 2.264990328820115917e-01 1.760154738878142930e-02 2.533849129593810506e-02 3.114119922630561102e-02 1.934235976789168508e-04 2.533849129593810506e-02 1.065764023210831746e-01 1.934235976789168508e-04 6.982591876208897597e-02 5.435203094777563138e-02 1.934235976789168508e-04 2.127659574468085141e-03 2.533849129593810506e-02 3.114119922630561102e-02 2.340425531914893525e-02 6.208897485493230367e-02 1.934235976789168508e-04 1.934235976789168508e-04 2.127659574468085141e-03 1.934235976789168508e-04 2.127659574468085141e-03
4.347826086956522985e-04 3.086956521739131140e-02 4.347826086956522985e-04 4.347826086956522985e-04 4.347826086956522985e-04 4.347826086956522985e-04 3.960869565217391974e-01 4.347826086956522985e-04 4.347826086956522985e-04 4.347826086956522985e-04 4.347826086956522985e-04 4.347826086956522985e-04 1.782608695652174169e-02 4.347826086956522985e-04 1.178260869565217750e-01 4.347826086956522985e-04 4.347826086956522985e-04 4.347826086956522985e-04 8.304347826086959372e-02 1.613043478260869912e-01 4.347826086956522985e-04 4.347826086956522985e-04 1.439130434782609214e-01 4.347826086956522985e-04 4.347826086956522985e-04 3.521739130434783233e-02 4.782608695652175446e-03 4.347826086956522985e-04 4.347826086956522985e-04 4.347826086956522985e-04
1.984435797665369192e-02 3.891050583657586735e-04 7.821011673151749555e-02 3.891050583657586735e-04 4.319066147859921406e-02 8.171206225680932578e-03 4.280155642023345842e-03 3.891050583657586735e-04 1.984435797665369192e-02 3.700389105058364825e-01 2.762645914396886365e-02 3.891050583657586735e-04 1.677042801556419827e-01 3.891050583657586735e-04 3.891050583657586735e-04 8.210116731517508315e-02 3.891050583657586735e-04 4.319066147859921406e-02 3.891050583657586735e-04 4.280155642023345842e-03 2.373540856031127605e-02 3.891050583657586735e-04 3.891050583657586735e-04 3.891050583657586735e-04 8.599221789883267075e-02 3.891050583657586735e-04 1.595330739299610431e-02 3.891050583657586735e-04 3.891050583657586735e-04 3.891050583657586735e-04
2.925311203319501743e-02 4.999999999999999584e-02 2.118257261410788073e-01 2.074688796680497873e-04 2.074688796680497873e-04 2.074688796680497873e-04 1.744813278008298385e-01 2.074688796680497873e-04 2.074688796680497873e-04 2.095435684647302746e-02 4.356846473029044910e-03 2.074688796680497873e-04 2.074688796680497873e-04 2.074688796680497873e-04 8.506224066390039029e-03 2.074688796680497873e-04 2.717842323651451994e-02 2.510373443983402245e-02 5.207468879668049333e-02 1.599585062240663491e-01 2.074688796680497873e-04 2.074688796680497873e-04 5.414937759336099082e-02 4.999999999999999584e-02 2.074688796680497873e-04 2.074688796680497873e-04 8.941908713692944821e-02 2.074688796680497873e-04 3.962655601659750837e-02 2.074688796680497873e-04
