3.355704697986575916e-04 3.124161073825502122e-01 3.355704697986575916e-04 3.355704697986575916e-04 3.355704697986575916e-04 7.046979865771809369e-03 3.355704697986575916e-04 1.916107382550334970e-01 3.355704697986575916e-04 3.355704697986575916e-04 3.355704697986575916e-04 3.355704697986575916e-04 9.093959731543621583e-02 3.355704697986575916e-04 3.355704697986575916e-04 3.355704697986575916e-04 1.375838926174496012e-02 5.402684563758387848e-02 1.040268456375838604e-02 6.744966442953018171e-02 3.355704697986575916e-04 1.711409395973153419e-02 2.083892617449663587e-01 1.375838926174496012e-02 7.046979865771809369e-03 3.355704697986575916e-04 3.355704697986575916e-04 3.355704697986575916e-04 3.355704697986575916e-04 3.355704697986575916e-04
2.450980392156862169e-04 4.218137254901959676e-01 2.450980392156862169e-04 2.450980392156862169e-04 2.450980392156862169e-04 2.696078431372548549e-03 2.696078431372548549e-03 6.397058823529409854e-02 2.450980392156862169e-04 2.450980392156862169e-04 2.450980392156862169e-04 5.171568627450979366e-02 3.946078431372548184e-02 2.450980392156862169e-04 7.598039215686272670e-03 2.696078431372548549e-03 2.450980392156862169e-04 2.450980392156862169e-04 2.450980392156862169e-04 2.450980392156862169e-04 2.450980392156862169e-04 5.147058823529410826e-03 3.409313725490195068e-01 2.450980392156862169e-04 2.450980392156862169e-04 7.598039215686272670e-03 2.696078431372548549e-03 2.450980392156862169e-04 3.455882352941175295e-02 1.249999999999999549e-02
1.953125000000000108e-04 3.615234374999999889e-01 1.953125000000000108e-04 1.953125000000000108e-04 9.960937499999999306e-03 2.363281249999999931e-02 1.953125000000000108e-04 1.466796874999999889e-01 1.953125000000000108e-04 1.953125000000000108e-04 1.953125000000000108e-04 1.953125000000000108e-04 1.777343749999999931e-02 6.054687500000000173e-03 1.953125000000000108e-04 4.101562500000000173e-03 1.953125000000000108e-04 1.953125000000000108e-04 6.054687500000000173e-03 1.953125000000000108e-04 1.953125000000000108e-04 1.582031249999999931e-02 2.892578124999999889e-01 9.589843750000000278e-02 1.953125000000000108e-04 1.953125000000000108e-04 1.953125000000000108e-04 2.148437500000000173e-03 1.777343749999999931e-02 1.953125000000000108e-04
3.610108303249096734e-04 3.610108303249096734e-04 3.610108303249096734e-04 5.812274368231046262e-02 9.061371841155232976e-02 2.133574007220216118e-01 9.422382671480142302e-02 3.610108303249096734e-04 3.610108303249096734e-04 3.610108303249096734e-04 5.812274368231046262e-02 7.978339350180503609e-02 3.610108303249096734e-04 3.610108303249096734e-04 3.610108303249096734e-04 3.610108303249096734e-04 2.924187725631768181e-02 3.610108303249096734e-04 3.610108303249096734e-04 3.610108303249096734e-04 3.610108303249096734e-04 3.610108303249096734e-04 3.610108303249096734e-04 2.783393501805053183e-01 3.610108303249096734e-04 7.581227436823103141e-03 6.895306859205775629e-02 1.480144404332129487e-02 3.610108303249096734e-04 3.610108303249096734e-04
3.115264797507787207e-04 3.115264797507787207e-04 4.080996884735201002e-02 3.115264797507787207e-04 3.115264797507787207e-04 3.115264797507787207e-04 9.376947040498440078e-02 3.115264797507787207e-04 6.884735202492209272e-02 3.115264797507787207e-04 3.769470404984422152e-02 6.542056074766352917e-03 3.115264797507787207e-04 8.442367601246103526e-02 5.015576323987537555e-02 3.115264797507787207e-04 6.573208722741431809e-02 3.115264797507787207e-04 3.115264797507787207e-04 3.115264797507787207e-04 2.495327102803737152e-01 2.523364485981307442e-02 3.115264797507787207e-04 8.753894080996882376e-02 3.115264797507787207e-04 3.115264797507787207e-04 3.115264797507787207e-04 1.277258566978192560e-02 3.115264797507787207e-04 1.716510903426790580e-01
1.085416666666666474e-01 2.291666666666666245e-03 2.083333333333332925e-04 2.083333333333332925e-04 3.145833333333332427e-02 2.083333333333332925e-04 2.291666666666666245e-03 6.458333333333332420e-03 2.083333333333332925e-04 2.083333333333332925e-04 2.083333333333332925e-04 2.291666666666666245e-03 1.479166666666666304e-02 2.291666666666666245e-03 2.083333333333332925e-04 4.064583333333331994e-01 2.083333333333332925e-04 2.083333333333332925e-04 2.291666666666666245e-03 1.939583333333332882e-01 2.083333333333332925e-04 6.479166666666665020e-02 2.083333333333332925e-04 2.083333333333332925e-04 2.083333333333332925e-04 2.083333333333332925e-04 1.460416666666666252e-01 2.291666666666666245e-03 2.083333333333332925e-04 1.062499999999999729e-02
3.184713375796178721e-04 3.184713375796178721e-04 1.305732484076433005e-02 3.184713375796178721e-04 3.503184713375796268e-03 3.184713375796178721e-04 3.184713375796178721e-04 8.312101910828026408e-02 3.184713375796178721e-04 3.184713375796178721e-04 3.184713375796178721e-04 3.184713375796178721e-04 2.898089171974522343e-02 2.136942675159235472e-01 1.624203821656050942e-02 3.853503184713375634e-02 3.184713375796178721e-04 3.184713375796178721e-04 3.184713375796178721e-04 9.585987261146497462e-02 3.184713375796178721e-04 3.184713375796178721e-04 3.535031847133757871e-02 3.184713375796178721e-04 2.579617834394904233e-02 1.499999999999999944e-01 1.624203821656050942e-02 3.184713375796178721e-04 2.646496815286624171e-01 9.872611464968152409e-03
5.529661016949151409e-02 2.775423728813558588e-02 2.118644067796609837e-04 2.118644067796609837e-04 2.118644067796609837e-04 2.118644067796609837e-04 2.118644067796609837e-04 3.622881355932202480e-02 4.449152542372880603e-03 2.118644067796609837e-04 2.118644067796609837e-04 2.118644067796609837e-04 2.118644067796609837e-04 3.794491525423727696e-01 1.654661016949152130e-01 2.118644067796609837e-04 2.118644067796609837e-04 2.118644067796609837e-04 2.330508474576270875e-03 2.118644067796609837e-04 2.118644067796609837e-04 2.118644067796609837e-04 1.167372881355931979e-01 1.082627118644067521e-01 5.953389830508473701e-02 2.351694915254236642e-02 2.118644067796609837e-04 2.118644067796609837e-04 1.716101694915253897e-02 2.118644067796609837e-04
2.624671916010498109e-04 2.125984251968503214e-02 7.375328083989499128e-02 2.887139107611548083e-03 2.624671916010498109e-04 2.624671916010498109e-04 2.624671916010498109e-04 2.624671916010498109e-04 2.624671916010498109e-04 2.624671916010498109e-04 2.887139107611548083e-03 2.624671916010498109e-04 7.637795275590548993e-02 3.467191601049867677e-01 1.236220472440944518e-01 1.601049868766403483e-02 2.887139107611548083e-03 5.538057742782150766e-02 2.624671916010498109e-04 2.650918635170602944e-02 2.624671916010498109e-04 8.687664041994748454e-02 2.887139107611548083e-03 2.624671916010498109e-04 1.577427821522309204e-01 2.624671916010498109e-04 2.624671916010498109e-04 2.624671916010498109e-04 2.624671916010498109e-04 2.624671916010498109e-04
4.303278688524589564e-03 2.829918032786884474e-01 2.069672131147540575e-02 2.049180327868852186e-04 2.049180327868852186e-04 2.049180327868852186e-04 1.454918032786884849e-02 1.313524590163933914e-01 2.049180327868852186e-04 2.049180327868852186e-04 2.049180327868852186e-04 2.049180327868852186e-04 4.303278688524589564e-03 6.352459016393441696e-03 4.303278688524589564e-03 2.049180327868852186e-04 1.249999999999999722e-02 2.049180327868852186e-04 2.049180327868852186e-04 2.049180327868852186e-04 4.528688524590163134e-02 2.049180327868852186e-04 2.932377049180326933e-01 1.354508196721311009e-01 6.352459016393441696e-03 3.504098360655737154e-02 2.049180327868852186e-04 2.049180327868852186e-04 2.049180327868852186e-04 2.049180327868852186e-04
9.011627906976741459e-03 3.197674418604650251e-03 5.552325581395347459e-02 2.936046511627905808e-02 2.906976744186045929e-04 4.389534883720928871e-02 1.078488372093023007e-01 2.906976744186045929e-04 2.906976744186045929e-04 2.906976744186045929e-04 1.136627906976743901e-01 2.906976744186045929e-04 2.906976744186045929e-04 2.906976744186045929e-04 2.906976744186045929e-04 5.261627906976742985e-02 2.906976744186045929e-04 9.040697674418601837e-02 4.098837209302324397e-02 9.011627906976741459e-03 2.906976744186045929e-04 6.104651162790695855e-03 2.906976744186045929e-04 2.906976744186045929e-04 1.165697674418604279e-01 1.369186046511627619e-01 2.906976744186045929e-04 2.906976744186045929e-04 1.805232558139534260e-01 2.906976744186045929e-04
3.773584905660377713e-04 3.773584905660377713e-04 3.773584905660377713e-04 3.773584905660377713e-04 1.135849056603773638e-01 3.773584905660377713e-04 3.773584905660377713e-04 3.773584905660377713e-04 3.773584905660377713e-04 3.773584905660377713e-04 2.833962264150943211e-01 7.924528301886793469e-03 7.962264150943396124e-02 4.150943396226415213e-03 4.188679245283018909e-02 3.773584905660377713e-04 1.173584905660377403e-01 5.320754716981131865e-02 1.169811320754716999e-02 9.849056603773585772e-02 9.471698113207548120e-02 3.773584905660377713e-04 3.773584905660377713e-04 7.924528301886793469e-03 2.679245283018867954e-02 3.773584905660377713e-04 7.924528301886793469e-03 3.773584905660377713e-04 4.566037735849056561e-02 3.773584905660377713e-04
4.691056910569104121e-01 2.710027100271002166e-04 2.710027100271002166e-04 2.710027100271002166e-04 2.710027100271002166e-04 2.981029810298102111e-03 2.710027100271002166e-04 2.710027100271002166e-04 2.710027100271002166e-04 2.710027100271002166e-04 2.710027100271002166e-04 2.710027100271002166e-04 2.981029810298102111e-03 2.710027100271002166e-04 7.886178861788616101e-02 1.086720867208671726e-01 2.710027100271002166e-04 8.401084010840106225e-03 2.710027100271002166e-04 1.601626016260162266e-01 2.710027100271002166e-04 1.195121951219511869e-01 1.111111111111110633e-02 2.710027100271002166e-04 2.710027100271002166e-04 1.382113821138210817e-02 2.710027100271002166e-04 2.710027100271002166e-04 1.924119241192411359e-02 2.710027100271002166e-04
1.592356687898089361e-04 3.343949044585987386e-03 3.200636942675159219e-02 3.519108280254776983e-02 1.418789808917197415e-01 1.164012738853503065e-01 1.036624203821655960e-01 4.156050955414013204e-02 4.936305732484076204e-03 1.592356687898089361e-04 1.592356687898089361e-04 1.132165605095541289e-01 4.936305732484076204e-03 3.041401273885350684e-02 1.592356687898089361e-04 1.592356687898089361e-04 4.936305732484076204e-03 2.882165605095541455e-02 1.751592356687898134e-03 1.592356687898089361e-04 1.592356687898089361e-04 1.592356687898089361e-04 1.592356687898089361e-04 5.429936305732484259e-02 1.068471337579617736e-01 1.926751592356687817e-02 1.592356687898089361e-04 3.519108280254776983e-02 1.195859872611464841e-01 1.592356687898089361e-04
2.132196162046907679e-04 2.132196162046907679e-04 2.132196162046907679e-04 2.132196162046907679e-04 6.844349680170573602e-02 3.646055437100212404e-02 2.132196162046907679e-04 7.057569296375264256e-02 4.477611940298505989e-03 2.132196162046907679e-04 2.153518123667376438e-02 2.132196162046907679e-04 3.859275053304903058e-02 4.266524520255861597e-01 1.388059701492536657e-01 2.345415778251598582e-03 2.132196162046907679e-04 2.132196162046907679e-04 2.132196162046907679e-04 2.132196162046907679e-04 4.498933901918975020e-02 2.132196162046907679e-04 2.132196162046907679e-04 9.616204690831553492e-02 2.793176972281448747e-02 2.132196162046907679e-04 2.132196162046907679e-04 2.132196162046907679e-04 1.940298507462685784e-02 2.132196162046907679e-04
2.930648769574943982e-02 1.812080536912751699e-02 1.456375838926174393e-01 2.237136465324384847e-04 6.510067114093960605e-02 2.460850111856823386e-03 2.460850111856823386e-03 2.460850111856823386e-03 1.612975391498881195e-01 2.038031319910514338e-01 2.460850111856823386e-03 6.935123042505593298e-03 5.838926174496644750e-02 1.364653243847874578e-02 2.460850111856823386e-03 4.697986577181208559e-03 2.237136465324384847e-04 5.615212527964206363e-02 2.237136465324384847e-04 9.172259507829976302e-03 2.237136465324384847e-04 4.697986577181208559e-03 2.237136465324384847e-04 2.237136465324384847e-04 4.697986577181208559e-03 2.237136465324384847e-04 1.814317673378075813e-01 2.237136465324384847e-04 2.259507829977628474e-02 2.237136465324384847e-04
1.612903225806451828e-03 3.387096774193548709e-02 1.466275659824046920e-04 6.011730205278591720e-03 5.879765395894428343e-02 2.214076246334310827e-02 1.466275659824046920e-04 2.067448680351906265e-02 1.466275659824046920e-04 1.612903225806451828e-03 1.466275659824046920e-04 1.920821114369501356e-02 1.466275659824046920e-04 3.212609970674486504e-01 7.492668621700880605e-02 1.466275659824046920e-04 1.466275659824046920e-04 1.466275659824046920e-04 1.466275659824046920e-04 1.187683284457478027e-02 4.545454545454545234e-03 1.466275659824046920e-04 1.466275659824046920e-04 5.293255131964809401e-02 1.394428152492668549e-01 4.706744868035191154e-02 1.466275659824046920e-04 1.466275659824046920e-04 1.760997067448680231e-01 6.011730205278591720e-03
1.084656084656084214e-02 2.645502645502644597e-04 2.645502645502644597e-04 1.007936507936507686e-01 1.613756613756613112e-02 2.645502645502644597e-04 2.910052910052909544e-03 2.645502645502644597e-04 2.330687830687829809e-01 3.465608465608464167e-02 5.555555555555554033e-03 2.645502645502644597e-04 6.375661375661374752e-02 2.645502645502644597e-04 6.640211640211637900e-02 1.563492063492062933e-01 1.084656084656084214e-02 6.375661375661374752e-02 2.645502645502644597e-04 1.722222222222221655e-01 2.142857142857142183e-02 2.645502645502644597e-04 3.730158730158728703e-02 2.645502645502644597e-04 2.645502645502644597e-04 2.645502645502644597e-04 2.645502645502644597e-04 2.645502645502644597e-04 2.645502645502644597e-04 2.645502645502644597e-04
1.411654135338345495e-01 2.067669172932330626e-03 1.468045112781954376e-01 1.879699248120300322e-04 3.778195488721804163e-02 1.879699248120300322e-04 1.879699248120300322e-04 3.778195488721804163e-02 1.881578947368420518e-01 4.718045112781954487e-02 1.334586466165413147e-02 1.879699248120300322e-04 8.101503759398494264e-02 1.879699248120300322e-04 5.281954887218043987e-02 4.154135338345864292e-02 1.879699248120300322e-04 7.537593984962404070e-02 1.879699248120300322e-04 1.035714285714285504e-01 1.879699248120300322e-04 1.334586466165413147e-02 1.879699248120300322e-04 1.879699248120300322e-04 1.879699248120300322e-04 7.706766917293230400e-03 7.706766917293230400e-03 1.879699248120300322e-04 1.879699248120300322e-04 1.879699248120300322e-04
2.997890295358648927e-01 4.430379746835442362e-03 2.109704641350210468e-04 2.109704641350210468e-04 2.109704641350210468e-04 2.109704641350210468e-04 2.109704641350210468e-04 2.109704641350210468e-04 2.109704641350210468e-04 2.109704641350210468e-04 2.109704641350210468e-04 2.320675105485231569e-03 2.109704641350210468e-04 2.196202531645569112e-01 9.936708860759491113e-02 1.415611814345991148e-01 2.109704641350210468e-04 2.109704641350210468e-04 2.109704641350210468e-04 1.141350210970463880e-01 2.109704641350210468e-04 8.459915611814344816e-02 2.109704641350210468e-04 2.109704641350210468e-04 2.130801687763712524e-02 2.109704641350210468e-04 2.109704641350210468e-04 2.109704641350210468e-04 8.649789029535861345e-03 2.109704641350210468e-04
9.239130434782605664e-03 5.615942028985506339e-03 1.992753623188405713e-03 2.373188405797100817e-02 4.909420289855071645e-02 3.641304347826086751e-02 1.811594202898550476e-04 9.981884057971013302e-02 1.811594202898550476e-04 1.811594202898550476e-04 1.811594202898550476e-04 1.105072463768115576e-02 9.239130434782605664e-03 3.498188405797100775e-01 1.161231884057970648e-01 1.811594202898550476e-04 1.811594202898550476e-04 1.811594202898550476e-04 1.811594202898550476e-04 1.811594202898550476e-04 1.811594202898550476e-04 1.811594202898550476e-04 1.648550724637680778e-02 3.460144927536231568e-02 6.539855072463766905e-02 1.811594202898550476e-04 3.804347826086955809e-03 1.811594202898550476e-04 1.650362318840579157e-01 1.811594202898550476e-04
1.727115716753022101e-04 8.134715025906734398e-02 1.917098445595854378e-02 1.727115716753022101e-04 1.020725388601036038e-01 7.098445595854921408e-02 5.371329879101899296e-02 7.271157167530223342e-02 1.727115716753022101e-04 1.727115716753022101e-04 1.727115716753022101e-04 1.398963730569947883e-02 6.753022452504316153e-02 1.727115716753022101e-04 1.727115716753022101e-04 1.727115716753022101e-04 1.727115716753022101e-04 6.580310880829014220e-02 1.727115716753022101e-04 2.780656303972365781e-02 1.899827288428324393e-03 1.727115716753022101e-04 1.727115716753022101e-04 1.727115716753022101e-04 2.435233160621761220e-02 4.335060449050085613e-02 2.333333333333332815e-01 1.727115716753022101e-04 1.193436960276338249e-01 1.727115716753022101e-04
8.833333333333333315e-02 2.380952380952380950e-04 2.380952380952380950e-04 2.380952380952380950e-04 2.380952380952380950e-04 2.380952380952380950e-04 2.380952380952380950e-04 2.380952380952380950e-04 2.380952380952380950e-04 2.380952380952380950e-04 2.380952380952380950e-04 5.023809523809524141e-02 4.309523809523809618e-02 2.380952380952380950e-04 8.833333333333333315e-02 2.240476190476190232e-01 2.619047619047619371e-03 3.595238095238095094e-02 2.380952380952380950e-04 1.928571428571428450e-02 2.380952380952380950e-04 1.928571428571428450e-02 2.380952380952380950e-04 2.619047619047619371e-03 2.380952380952380950e-04 9.309523809523809201e-02 3.264285714285714013e-01 2.380952380952380950e-04 2.380952380952380950e-04 2.619047619047619371e-03
4.798206278026906357e-02 4.633781763826607010e-03 2.257100149476830991e-02 1.494768310911808774e-04 2.406576980568012059e-02 7.040358744394618895e-02 7.787742899850523537e-02 3.751868460388640275e-02 3.139013452914798507e-03 1.958146487294469204e-02 3.153961136023916700e-02 1.494768310911808774e-04 1.494768310911808774e-04 2.109118086696561978e-01 6.442451420029896014e-02 5.844544095665172440e-02 1.494768310911808774e-04 1.494768310911808774e-04 1.644245142002989570e-03 1.107623318385650146e-01 3.153961136023916700e-02 1.122571001494768184e-01 1.494768310911808774e-04 1.494768310911808774e-04 1.494768310911808774e-04 1.494768310911808774e-04 1.494768310911808774e-04 1.494768310911808774e-04 6.890881913303438522e-02 1.494768310911808774e-04
2.197802197802197258e-04 2.197802197802197258e-04 2.199999999999999456e-01 2.197802197802197258e-04 2.197802197802197258e-04 3.318681318681317854e-02 4.417582417582417015e-02 1.340659340659340268e-02 2.197802197802197258e-04 2.197802197802197258e-04 2.659340659340658428e-02 8.373626373626372188e-02 5.736263736263735175e-02 3.978021978021977628e-02 5.516483516483515481e-02 2.197802197802197258e-04 1.560439560439559961e-02 9.472527472527469961e-02 2.197802197802197258e-04 4.197802197802197322e-02 4.637362637362636708e-02 2.197802197802197258e-04 3.318681318681317854e-02 9.010989010989008813e-03 2.197802197802197258e-04 2.197802197802197258e-04 2.197802197802197258e-04 3.538461538461537548e-02 2.439560439560438734e-02 1.232967032967032667e-01
1.313364055299539278e-02 7.680491551459293388e-05 8.448540706605223811e-04 3.540706605222734144e-02 7.680491551459293388e-05 8.525345622119815878e-03 2.388632872503840265e-02 8.448540706605223811e-04 8.533026113671274282e-02 3.310291858678955645e-02 7.680491551459293388e-05 6.382488479262672654e-02 3.079877112135176800e-02 7.680491551459293388e-05 7.680491551459293388e-05 1.466973886328725232e-02 8.525345622119815878e-03 6.843317972350229650e-02 7.680491551459293388e-05 2.004608294930875639e-02 4.685099846390168750e-03 7.680491551459293388e-05 7.680491551459293388e-05 7.680491551459293388e-05 3.310291858678955645e-02 7.680491551459293388e-05 2.311827956989247548e-02 3.864055299539170818e-01 3.694316436251920271e-02 1.076036866359446897e-01
1.657556270096462725e-01 1.302250803858520656e-02 1.607717041800642852e-04 1.945337620578777710e-02 1.607717041800642852e-04 1.607717041800642852e-04 3.376205787781349880e-03 1.768488745980707245e-03 1.768488745980707245e-03 5.643086816720256638e-02 1.607717041800642852e-04 3.376205787781349880e-03 1.607717041800642852e-04 1.721864951768488361e-01 3.392282958199356602e-02 5.643086816720256638e-02 1.607717041800642852e-04 1.607717041800642852e-04 1.768488745980707245e-03 1.737942122186494631e-01 1.607717041800642852e-04 5.482315112540191854e-02 1.607717041800642852e-04 1.607717041800642852e-04 3.392282958199356602e-02 4.517684887459806620e-02 1.607717041800642852e-04 4.999999999999999584e-02 1.094855305466237716e-01 1.768488745980707245e-03
1.348027842227377815e-01 2.552204176334106362e-03 9.512761020881667709e-03 2.320185614849187405e-04 2.320185614849187405e-04 2.320185614849187405e-04 6.983758700696053590e-02 2.552204176334106362e-03 2.552204176334106362e-03 3.088167053364268000e-01 6.287703016241298626e-02 7.192575406032480738e-03 2.320185614849187405e-04 2.320185614849187405e-04 1.415313225058004165e-02 8.607888631090485076e-02 2.320185614849187405e-04 3.271461716937353742e-02 2.320185614849187405e-04 1.394431554524361572e-01 2.111368909512760517e-02 9.303944315545241428e-02 2.320185614849187405e-04 2.320185614849187405e-04 2.320185614849187405e-04 2.320185614849187405e-04 4.872389791183293767e-03 2.552204176334106362e-03 2.320185614849187405e-04 2.552204176334106362e-03
2.114164904862578882e-04 2.114164904862578882e-04 1.923890063424946520e-02 2.114164904862578882e-04 1.712473572938688626e-02 2.114164904862578882e-04 2.114164904862578882e-04 3.192389006342493535e-02 2.114164904862578882e-04 2.114164904862578882e-04 6.553911205073994183e-03 2.114164904862578882e-04 2.114164904862578882e-04 3.955602536997884777e-01 1.355179704016912789e-01 2.325581395348836743e-03 2.114164904862578882e-04 2.114164904862578882e-04 2.114164904862578882e-04 2.114164904862578882e-04 4.439746300211415246e-03 1.289640591966173012e-02 1.078224101479915119e-02 1.501057082452430906e-02 8.689217758985198770e-02 2.325581395348836743e-03 2.114164904862578882e-04 2.114164904862578882e-04 2.560253699788582749e-01 2.114164904862578882e-04
1.432664756446991306e-04 1.432664756446991306e-04 1.432664756446991306e-04 5.873925501432663079e-03 1.575931232091690518e-03 1.432664756446991306e-04 1.017191977077363738e-02 2.107449856733523974e-01 1.432664756446991306e-04 1.432664756446991306e-04 3.008595988538681661e-03 1.432664756446991306e-04 1.432664756446991306e-04 1.276504297994268955e-01 1.432664756446991306e-04 1.432664756446991306e-04 4.441260744985672804e-03 1.432664756446991306e-04 1.432664756446991306e-04 1.432664756446991306e-04 1.160458452722062765e-02 1.432664756446991306e-04 1.432664756446991306e-04 1.432664756446991306e-04 3.008595988538681661e-03 2.422636103151862008e-01 1.432664756446991306e-04 1.733524355300859396e-02 3.597421203438394555e-01 1.432664756446991306e-04
1.428571428571428570e-03 1.428571428571428570e-03 1.442857142857142672e-01 1.428571428571428570e-03 2.014285714285714290e-01 1.428571428571428570e-03 1.571428571428571536e-02 1.428571428571428570e-03 1.157142857142857140e-01 2.014285714285714290e-01 1.428571428571428570e-03 1.428571428571428570e-03 1.428571428571428570e-03 1.571428571428571536e-02 1.428571428571428570e-03 1.428571428571428570e-03 1.428571428571428570e-03 1.428571428571428570e-03 1.428571428571428570e-03 1.428571428571428570e-03 1.428571428571428570e-03 1.428571428571428570e-03 1.428571428571428570e-03 1.571428571428571536e-02 1.428571428571428570e-03 1.428571428571428570e-03 1.728571428571428481e-01 1.428571428571428570e-03 1.428571428571428570e-03 8.714285714285713302e-02
3.226744186046511670e-02 2.906976744186046471e-04 2.906976744186046471e-04 2.906976744186046471e-04 6.715116279069767435e-02 2.906976744186046471e-04 2.906976744186046471e-04 2.906976744186046471e-04 2.906976744186046471e-04 3.197674418604651552e-03 2.906976744186046471e-04 2.906976744186046471e-04 4.680232558139535426e-02 3.808139534883720617e-02 2.906976744186046471e-04 2.906976744186046471e-04 2.906976744186046471e-04 2.906976744186046471e-04 2.906976744186046471e-04 9.912790697674418727e-02 3.197674418604651552e-03 9.011627906976744928e-03 3.517441860465116144e-02 3.197674418604651552e-03 3.808139534883720617e-02 1.688953488372093026e-01 2.906976744186046471e-04 1.191860465116278966e-02 3.898255813953488413e-01 4.970930232558139900e-02
1.666666666666666557e-03 1.515151515151514879e-04 1.515151515151514879e-04 1.515151515151514879e-04 4.712121212121211239e-02 1.515151515151514879e-04 1.515151515151514879e-04 1.683333333333333071e-01 1.666666666666666557e-03 1.515151515151514879e-04 1.666666666666666557e-03 1.515151515151514879e-04 1.681818181818181546e-02 1.380303030303030032e-01 9.242424242424239489e-03 1.515151515151514879e-04 1.515151515151514879e-04 1.515151515151514879e-04 1.515151515151514879e-04 1.515151515151514879e-04 1.515151515151514879e-04 1.515151515151514879e-04 1.515151515151514879e-04 2.439393939393939142e-02 2.590909090909090592e-02 2.395454545454545059e-01 1.515151515151514879e-04 1.515151515151514879e-04 3.092424242424242076e-01 1.378787878787878472e-02
1.337254901960784614e-01 2.000000000000000389e-02 8.235294117647061138e-03 4.313725490196079933e-03 1.215686274509804148e-02 3.921568627450981314e-04 3.921568627450981314e-04 3.921568627450981314e-04 3.921568627450981314e-04 3.921568627450981314e-04 4.313725490196079933e-03 4.313725490196079933e-03 3.921568627450981314e-04 3.023529411764706576e-01 4.317647058823529949e-01 4.352941176470589285e-02 3.921568627450981314e-04 3.921568627450981314e-04 3.921568627450981314e-04 3.921568627450981314e-04 3.921568627450981314e-04 4.313725490196079933e-03 4.313725490196079933e-03 3.921568627450981314e-04 2.000000000000000389e-02 3.921568627450981314e-04 3.921568627450981314e-04 3.921568627450981314e-04 3.921568627450981314e-04 3.921568627450981314e-04
1.841620626151012580e-04 6.279926335174952634e-02 3.867403314917126390e-03 7.550644567219150574e-03 1.841620626151012580e-04 7.550644567219150574e-03 1.841620626151012580e-04 1.604051565377531685e-01 1.841620626151012580e-04 1.841620626151012580e-04 3.517495395948434106e-02 3.149171270718231774e-02 1.491712707182320068e-02 2.543278084714548082e-01 1.841620626151012580e-04 1.841620626151012580e-04 1.491712707182320068e-02 1.841620626151012580e-04 1.841620626151012580e-04 1.841620626151012580e-04 5.727440147329649484e-02 2.025782688766113865e-03 3.867403314917126390e-03 9.392265193370163967e-03 9.963167587476977338e-02 1.162062615101288887e-01 1.841620626151012580e-04 1.841620626151012580e-04 1.125230202578268723e-01 3.867403314917126390e-03
2.673796791443849787e-04 2.248663101604277126e-01 2.673796791443849787e-04 8.288770053475932875e-03 2.673796791443849787e-04 2.700534759358287976e-02 5.614973262032084064e-03 9.117647058823527551e-02 5.614973262032084064e-03 2.673796791443849787e-04 2.941176470588234820e-03 2.700534759358287976e-02 7.245989304812831822e-02 2.673796791443849787e-04 2.433155080213902921e-02 2.673796791443849787e-04 2.673796791443849787e-04 1.363636363636363050e-02 1.363636363636363050e-02 1.631016042780748104e-02 2.941176470588234820e-03 2.673796791443849787e-04 3.077540106951870413e-01 6.711229946524062406e-02 2.673796791443849787e-04 2.673796791443849787e-04 2.673796791443849787e-04 6.176470588235292297e-02 2.165775401069517866e-02 2.941176470588234820e-03
1.694915254237287707e-04 7.813559322033895860e-02 1.694915254237287707e-04 2.357627118644066710e-01 1.694915254237287707e-04 6.966101694915251274e-02 3.915254237288134237e-02 1.542372881355931480e-02 1.864406779661016396e-03 3.628813559322032201e-01 1.694915254237287707e-04 5.101694915254235269e-02 1.694915254237287707e-04 3.067796610169490693e-02 1.694915254237287707e-04 1.694915254237287707e-04 1.694915254237287707e-04 1.694915254237287707e-04 1.694915254237287707e-04 1.694915254237287707e-04 1.694915254237287707e-04 1.694915254237287707e-04 1.694915254237287707e-04 1.694915254237287707e-04 1.694915254237287707e-04 1.694915254237287707e-04 2.898305084745761775e-02 8.322033898305081223e-02 1.694915254237287707e-04 1.694915254237287707e-04
7.333333333333334064e-03 6.666666666666667528e-04 6.666666666666667528e-04 7.333333333333334064e-03 6.666666666666667528e-04 2.066666666666666652e-02 2.806666666666666754e-01 6.666666666666667528e-04 2.066666666666666652e-02 6.666666666666667528e-04 1.400000000000000029e-02 6.666666666666667528e-04 6.666666666666667528e-04 1.406666666666666898e-01 6.666666666666667528e-04 1.400000000000000029e-02 2.006666666666666876e-01 6.666666666666667528e-04 6.666666666666667528e-04 7.333333333333334064e-03 2.740000000000000213e-01 6.666666666666667528e-04 6.666666666666667528e-04 6.666666666666667528e-04 6.666666666666667528e-04 6.666666666666667528e-04 6.666666666666667528e-04 6.666666666666667528e-04 6.666666666666667528e-04 6.666666666666667528e-04
1.434720229555236696e-04 3.012912482065996898e-03 1.434720229555236696e-04 1.434720229555236696e-04 1.449067431850788873e-02 1.434720229555236696e-04 1.162123385939741425e-02 2.253945480631276421e-01 3.012912482065996898e-03 1.434720229555236696e-04 1.434720229555236696e-04 1.434720229555236696e-04 1.434720229555236696e-04 1.206599713055953871e-01 1.434720229555236696e-04 1.434720229555236696e-04 1.434720229555236696e-04 1.434720229555236696e-04 1.434720229555236696e-04 1.434720229555236696e-04 1.434720229555236696e-04 1.434720229555236696e-04 3.012912482065996898e-03 2.453371592539454679e-02 1.578192252510760311e-03 2.497847919655666604e-01 1.434720229555236696e-04 1.578192252510760311e-03 3.344332855093256063e-01 4.447632711621233269e-03
6.535947712418301286e-04 6.535947712418301286e-04 6.535947712418301286e-04 6.535947712418301286e-04 6.535947712418301286e-04 6.601307189542483800e-02 1.640522875816993464e-01 6.535947712418301286e-04 6.535947712418301286e-04 6.535947712418301286e-04 6.535947712418301286e-04 6.535947712418301286e-04 6.535947712418301286e-04 1.836601307189542620e-01 6.535947712418301286e-04 6.535947712418301286e-04 2.424836601307189532e-01 6.535947712418301286e-04 6.535947712418301286e-04 6.535947712418301286e-04 2.882352941176470895e-01 6.535947712418301286e-04 6.535947712418301286e-04 3.986928104575163112e-02 6.535947712418301286e-04 6.535947712418301286e-04 6.535947712418301286e-04 6.535947712418301286e-04 6.535947712418301286e-04 6.535947712418301286e-04
1.798561151079136459e-04 5.953237410071941793e-02 4.874100719424459549e-02 2.447841726618704417e-01 1.798561151079136459e-04 8.291366906474818832e-02 3.075539568345323285e-02 1.798561151079136459e-04 1.798561151079136459e-04 3.706834532374099767e-01 1.798561151079136459e-04 5.953237410071941793e-02 1.798561151079136459e-04 1.978417266187049942e-03 1.798561151079136459e-04 9.172661870503594911e-03 1.798561151079136459e-04 1.798561151079136459e-04 1.798561151079136459e-04 1.798561151079136459e-04 1.798561151079136459e-04 1.798561151079136459e-04 1.798561151079136459e-04 5.575539568345323077e-03 1.798561151079136459e-04 1.798561151079136459e-04 2.535971223021582163e-02 5.053956834532373488e-02 1.798561151079136459e-04 7.374100719424458127e-03
2.590673575129533016e-04 7.279792746113987467e-02 2.590673575129533016e-04 2.590673575129533016e-04 2.849740932642486589e-03 2.590673575129533016e-04 2.590673575129533016e-04 1.116580310880828791e-01 2.590673575129533016e-04 2.590673575129533016e-04 6.761658031088081666e-02 2.357512953367874725e-02 2.590673575129533016e-04 3.085492227979273472e-01 1.580310880829014983e-02 2.590673575129533016e-04 2.875647668393781567e-02 2.590673575129533016e-04 2.590673575129533016e-04 5.440414507772019063e-03 3.652849740932641309e-02 2.590673575129533016e-04 1.321243523316061735e-02 5.207253886010361488e-02 1.375647668393782108e-01 9.611398963730567735e-02 5.440414507772019063e-03 2.590673575129533016e-04 1.839378238341968230e-02 2.590673575129533016e-04
1.438848920863309330e-04 1.438848920863309330e-04 1.438848920863309330e-04 1.438848920863309330e-04 1.438848920863309330e-04 1.438848920863309330e-04 1.309352517985611260e-02 2.317985611510790800e-01 1.438848920863309330e-04 1.438848920863309330e-04 1.438848920863309330e-04 1.438848920863309330e-04 1.438848920863309330e-04 1.210071942446042936e-01 3.021582733812949294e-03 3.021582733812949294e-03 1.438848920863309330e-04 1.438848920863309330e-04 1.438848920863309330e-04 1.438848920863309330e-04 1.438848920863309330e-04 1.438848920863309330e-04 1.582733812949640127e-03 1.438848920863309330e-04 2.172661870503596673e-02 2.663309352517985173e-01 1.438848920863309330e-04 1.021582733812949340e-02 3.253237410071941893e-01 1.438848920863309330e-04
1.798561151079136459e-04 5.953237410071941793e-02 3.255395683453236877e-02 2.537769784172661525e-01 1.798561151079136459e-04 6.133093525179855038e-02 5.575539568345323077e-03 1.798561151079136459e-04 1.798561151079136459e-04 3.832733812949639662e-01 1.798561151079136459e-04 6.492805755395682221e-02 1.798561151079136459e-04 1.798561151079136459e-04 1.798561151079136459e-04 1.996402877697841388e-02 1.798561151079136459e-04 1.798561151079136459e-04 1.798561151079136459e-04 1.798561151079136459e-04 1.798561151079136459e-04 1.798561151079136459e-04 1.978417266187049942e-03 1.798561151079136459e-04 1.798561151079136459e-04 1.798561151079136459e-04 1.456834532374100440e-02 9.910071942446041504e-02 1.798561151079136459e-04 1.798561151079136459e-04
9.540229885057469050e-02 6.732348111658455030e-03 1.642036124794745268e-04 1.642036124794745268e-04 1.642036124794745268e-04 1.642036124794745268e-04 1.642036124794745268e-04 1.642036124794745268e-04 1.642036124794745268e-04 3.448275862068965036e-03 1.642036124794745268e-04 1.642036124794745268e-04 2.972085385878488889e-02 3.761904761904761307e-01 6.091954022988504969e-02 1.642036124794745268e-04 1.642036124794745268e-04 1.642036124794745268e-04 5.090311986863709816e-03 4.285714285714285060e-02 1.806239737274219822e-03 1.922824302134646390e-01 1.642036124794745268e-04 1.642036124794745268e-04 1.446633825944170504e-01 2.151067323481116109e-02 1.642036124794745268e-04 5.090311986863709816e-03 1.165845648604268980e-02 1.642036124794745268e-04
2.057613168724279522e-04 2.695473251028806042e-02 2.057613168724279522e-04 4.320987654320987241e-03 2.057613168724279522e-04 2.057613168724279522e-04 2.057613168724279522e-04 1.195473251028806305e-01 2.057613168724279522e-04 4.320987654320987241e-03 3.518518518518518046e-02 5.576131687242797536e-02 2.901234567901233782e-02 2.306584362139917077e-01 2.057613168724279522e-04 2.057613168724279522e-04 2.078189300411522125e-02 2.057613168724279522e-04 2.057613168724279522e-04 1.255144032921810295e-02 4.547325102880657444e-02 2.263374485596707664e-03 2.283950617283949866e-02 9.279835390946500340e-02 1.462962962962962576e-01 6.810699588477364674e-02 4.320987654320987241e-03 2.263374485596707664e-03 1.460905349794238209e-02 5.987654320987653017e-02
3.741496598639453951e-03 9.217687074829927774e-02 1.394557823129250786e-02 3.741496598639453951e-03 3.095238095238093262e-02 3.401360544217685213e-04 1.363945578231291755e-01 6.836734693877546953e-02 3.401360544217685213e-04 3.741496598639453951e-03 3.401360544217685213e-04 3.741496598639453951e-03 2.074829931972787742e-02 3.401360544217685213e-04 3.401360544217685213e-04 3.401360544217685213e-04 5.136054421768704303e-02 3.401360544217685213e-04 3.401360544217685213e-04 3.775510204081630045e-02 2.962585034013603402e-01 3.401360544217685213e-04 3.741496598639453951e-03 1.704081632653060285e-01 5.816326530612241780e-02 3.401360544217685213e-04 3.401360544217685213e-04 3.401360544217685213e-04 3.401360544217685213e-04 3.401360544217685213e-04
5.649717514124295067e-04 5.649717514124295067e-04 5.649717514124295067e-04 1.361581920903955079e-01 5.649717514124295067e-04 8.531073446327684662e-02 5.649717514124295067e-04 5.649717514124295067e-04 5.649717514124295067e-04 6.214689265536724357e-03 1.186440677966101899e-02 7.966101694915254938e-02 5.141242937853107708e-02 5.649717514124295067e-04 5.649717514124295067e-04 5.649717514124295067e-04 2.316384180790960479e-02 5.649717514124295067e-04 3.446327683615819232e-02 1.751412429378531449e-02 1.587570621468926968e-01 5.649717514124295067e-04 5.649717514124295067e-04 1.751412429378531449e-02 5.649717514124295067e-04 5.649717514124295067e-04 5.649717514124295067e-04 6.836158192090396879e-02 5.649717514124295067e-04 3.000000000000000444e-01
3.115264797507788291e-04 3.115264797507788291e-04 3.115264797507788291e-04 8.442367601246106301e-02 3.115264797507788291e-04 3.115264797507788291e-04 3.115264797507788291e-04 3.115264797507788291e-04 3.115264797507788291e-04 3.115264797507788291e-04 3.115264797507788291e-04 3.115264797507788291e-04 3.115264797507788291e-04 3.115264797507788291e-04 3.115264797507788291e-04 3.115264797507788291e-04 3.115264797507788291e-04 7.507788161993769749e-02 9.657320872274144027e-03 5.950155763239875495e-02 8.130841121495327450e-02 3.115264797507788291e-04 3.115264797507788291e-04 2.211838006230529632e-02 3.115264797507788291e-04 3.115264797507788291e-04 1.218068535825545251e-01 5.015576323987539636e-02 3.115264797507788291e-04 4.894080996884734858e-01
4.000000000000000734e-04 5.240000000000000213e-02 4.000000000000000734e-04 4.000000000000000734e-04 4.000000000000000734e-04 4.000000000000000734e-04 4.000000000000000734e-04 4.000000000000000734e-04 3.640000000000000180e-02 4.000000000000000734e-04 4.400000000000001132e-03 4.840000000000000552e-02 6.440000000000001279e-02 4.000000000000000734e-04 4.000000000000000734e-04 1.640000000000000138e-02 4.000000000000000734e-04 4.000000000000000734e-04 1.640000000000000138e-02 4.000000000000000734e-04 4.000000000000000734e-04 4.000000000000000734e-04 3.284000000000000252e-01 4.000000000000000734e-04 4.000000000000000734e-04 4.000000000000000734e-04 4.000000000000000734e-04 1.244000000000000244e-01 2.484000000000000374e-01 5.240000000000000213e-02
2.499999999999998751e-02 6.212871287128710757e-02 2.475247524752474193e-04 8.935643564356432478e-02 7.673267326732670542e-03 2.475247524752474193e-04 2.475247524752474193e-04 2.252475247524751353e-02 2.475247524752474193e-04 5.198019801980195698e-03 2.475247524752474193e-04 2.475247524752474193e-04 2.995049504950493546e-02 2.475247524752474193e-04 2.475247524752474193e-04 8.935643564356432478e-02 1.509900990099009160e-02 1.165841584158415351e-01 2.475247524752474193e-04 3.740099009900988425e-01 2.475247524752474193e-04 2.475247524752474193e-04 2.475247524752474193e-04 2.475247524752474193e-04 5.470297029702968217e-02 2.475247524752474193e-04 6.707920792079205552e-02 2.475247524752474193e-04 1.014851485148514365e-02 2.747524752475246149e-02
1.538461538461538243e-04 2.015384615384615066e-02 2.323076923076922498e-02 1.538461538461538243e-04 1.553846153846153572e-02 1.861538461538461003e-02 1.538461538461538243e-04 6.784615384615383382e-02 1.538461538461538243e-04 1.538461538461538243e-04 1.538461538461538243e-04 1.538461538461538243e-04 2.630769230769230624e-02 2.801538461538460867e-01 1.263076923076922875e-01 3.246153846153845834e-02 1.246153846153845966e-02 1.399999999999999682e-02 6.476923076923075950e-02 1.538461538461538243e-04 1.538461538461538243e-04 1.538461538461538243e-04 3.707692307692306982e-02 1.016923076923076652e-01 5.553846153846152961e-02 2.169230769230768782e-02 1.538461538461538243e-04 4.169230769230768824e-02 1.553846153846153572e-02 2.323076923076922498e-02
2.702702702702702202e-04 2.702702702702702202e-04 3.540540540540539072e-02 5.675675675675674083e-03 2.702702702702702202e-04 8.945945945945943389e-02 7.864864864864862248e-02 8.378378378378376068e-03 2.702702702702702202e-04 2.702702702702702202e-04 2.702702702702702202e-04 2.999999999999998848e-02 5.432432432432431069e-02 3.270270270270269480e-02 2.702702702702702202e-04 2.972972972972972097e-03 1.570270270270269775e-01 1.648648648648648116e-02 2.218918918918918182e-01 9.756756756756754245e-02 2.702702702702702202e-04 2.972972972972972097e-03 8.378378378378376068e-03 7.594594594594591963e-02 7.594594594594591963e-02 2.702702702702702202e-04 2.702702702702702202e-04 2.702702702702702202e-04 2.972972972972972097e-03 2.702702702702702202e-04
