2.358490566037735596e-04 8.514150943396225912e-02 2.358490566037735596e-04 2.358490566037735596e-04 2.358490566037735596e-04 2.242924528301886433e-01 2.382075471698112679e-02 2.358490566037735596e-04 2.358490566037735596e-04 2.358490566037735596e-04 1.016509433962264064e-01 2.358490566037735596e-04 4.952830188679245051e-03 2.382075471698112679e-02 4.952830188679245051e-03 1.983490566037735547e-01 2.594339622641509292e-03 2.358490566037735596e-04 4.033018867924528100e-02 2.358490566037735596e-04 1.438679245283018548e-02 2.358490566037735596e-04 2.172169811320754373e-01 2.358490566037735596e-04 4.740566037735848698e-02 2.358490566037735596e-04 2.594339622641509292e-03 4.952830188679245051e-03 2.358490566037735596e-04 2.358490566037735596e-04
2.331002331002330458e-04 2.331002331002330458e-04 1.051282051282051017e-01 1.188811188811188420e-02 2.331002331002330458e-04 2.564102564102563667e-03 1.888111888111887460e-02 2.331002331002330458e-04 2.331002331002330458e-04 2.331002331002330458e-04 6.083916083916082740e-02 2.331002331002330458e-04 2.331002331002330458e-04 9.557109557109554066e-03 2.331002331002330458e-04 2.564102564102563667e-03 3.428904428904427926e-01 1.634032634032633602e-01 2.030303030303029499e-01 2.331002331002330458e-04 2.331002331002330458e-04 2.331002331002330458e-04 2.331002331002330458e-04 2.331002331002330458e-04 2.331002331002330458e-04 2.331002331002330458e-04 2.331002331002330458e-04 2.331002331002330458e-04 7.482517482517481167e-02 2.331002331002330458e-04
2.947214076246333983e-02 7.199413489736068705e-02 1.466275659824046648e-04 1.466275659824046648e-04 1.187683284457477680e-02 3.973607038123166957e-02 1.629032258064515848e-01 3.826979472140761701e-02 6.612903225806450458e-02 1.466275659824046648e-04 1.334310850439882415e-02 1.466275659824046648e-04 1.466275659824046648e-04 1.466275659824046648e-04 2.360703812316715389e-02 6.011730205278590852e-03 1.466275659824046648e-04 3.240469208211143454e-02 5.733137829912022393e-02 6.026392961876832211e-02 1.466275659824046648e-04 1.466275659824046648e-04 2.552785923753665420e-01 1.466275659824046648e-04 6.759530791788855020e-02 1.466275659824046648e-04 5.586510263929617831e-02 1.466275659824046648e-04 6.011730205278590852e-03 1.466275659824046648e-04
2.352941176470588029e-04 6.141176470588234626e-02 2.352941176470588029e-04 2.352941176470588029e-04 2.352941176470588029e-04 2.261176470588234788e-01 1.670588235294117457e-02 2.352941176470588029e-04 2.352941176470588029e-04 2.352941176470588029e-04 8.494117647058822829e-02 2.352941176470588029e-04 2.352941176470588029e-04 4.941176470588234428e-03 2.611764705882352669e-02 1.884705882352940842e-01 2.352941176470588029e-04 2.352941176470588029e-04 1.199999999999999678e-02 4.941176470588234428e-03 4.494117647058823439e-02 2.588235294117646832e-03 2.731764705882352429e-01 2.352941176470588029e-04 4.729411764705881982e-02 2.352941176470588029e-04 2.588235294117646832e-03 2.352941176470588029e-04 2.352941176470588029e-04 2.352941176470588029e-04
2.770083102493073931e-04 2.770083102493073931e-04 8.587257617728528969e-03 1.689750692520775033e-02 2.770083102493073931e-04 1.689750692520775033e-02 2.770083102493073931e-04 8.587257617728528969e-03 2.770083102493073931e-04 8.337950138504153508e-02 2.135734072022159868e-01 2.770083102493073931e-04 1.412742382271467596e-02 2.770083102493073931e-04 2.883656509695289860e-01 1.412742382271467596e-02 2.770083102493073931e-04 9.445983379501382560e-02 1.689750692520775033e-02 2.770083102493073931e-04 2.770083102493073931e-04 2.770083102493073931e-04 2.797783933518004432e-02 2.770083102493073931e-04 1.720221606648199009e-01 3.047091412742381541e-03 2.770083102493073931e-04 1.689750692520775033e-02 2.770083102493073931e-04 2.770083102493073931e-04
1.815181518151814553e-03 8.762376237623759057e-02 1.650165016501649643e-04 1.650165016501649643e-04 6.765676567656762723e-03 4.141914191419140273e-02 1.420792079207920111e-01 4.801980198019800694e-02 4.801980198019800694e-02 1.650165016501649643e-04 5.462046204620460421e-02 1.650165016501649643e-04 1.650165016501649643e-04 1.650165016501649643e-04 1.006600660066006223e-02 6.765676567656762723e-03 1.650165016501649643e-04 6.765676567656762723e-03 6.122112211221120148e-02 9.917491749174914273e-02 1.815181518151814553e-03 3.465346534653464088e-03 2.295379537953794458e-01 1.650165016501649643e-04 8.762376237623759057e-02 1.650165016501649643e-04 6.122112211221120148e-02 1.650165016501649643e-04 1.650165016501649643e-04 1.650165016501649643e-04
3.378378378378377482e-04 9.493243243243240648e-02 3.378378378378377482e-04 3.378378378378377482e-04 3.378378378378377482e-04 3.378378378378377482e-04 1.658783783783783217e-01 5.101351351351349206e-02 3.378378378378377482e-04 3.716216216216215121e-03 1.456081081081080641e-01 3.378378378378377482e-04 3.378378378378377482e-04 5.777027027027025613e-02 3.378378378378377482e-04 2.469594594594593517e-01 3.378378378378377482e-04 3.378378378378377482e-04 2.736486486486485251e-02 3.378378378378377482e-04 6.452702702702700632e-02 3.378378378378377482e-04 1.354729729729729215e-01 3.378378378378377482e-04 3.378378378378377482e-04 3.378378378378377482e-04 3.378378378378377482e-04 3.378378378378377482e-04 3.378378378378377482e-04 3.378378378378377482e-04
1.447178002894355952e-04 1.447178002894355952e-04 1.506512301013024357e-01 1.447178002894355952e-04 1.447178002894355952e-04 3.039073806078147148e-03 3.561505065123009572e-01 7.380607814761214192e-03 3.039073806078147148e-03 8.263386396526771482e-02 8.263386396526771482e-02 1.447178002894355952e-04 1.447178002894355952e-04 3.039073806078147148e-03 1.591895803183791466e-03 1.447178002894355952e-04 1.274963820549927240e-01 1.447178002894355952e-04 6.237337192474673442e-02 1.447178002894355952e-04 1.447178002894355952e-04 1.447178002894355952e-04 1.447178002894355952e-04 3.039073806078147148e-03 1.447178002894355952e-04 1.447178002894355952e-04 1.447178002894355952e-04 1.447178002894355952e-04 1.144717800289435372e-01 1.447178002894355952e-04
3.225806451612902139e-04 4.225806451612901249e-02 5.193548387096772606e-02 3.225806451612902139e-04 3.225806451612902139e-04 3.225806451612902139e-04 3.225806451612902139e-04 9.999999999999996739e-03 3.225806451612902139e-04 2.612903225806450375e-02 3.454838709677418018e-01 3.580645161290321038e-02 1.551612903225805806e-01 1.067741935483870613e-01 3.225806451612902139e-04 3.548387096774192461e-03 3.548387096774192461e-03 3.548387096774192461e-03 3.225806451612902139e-04 3.225806451612902139e-04 3.225806451612902139e-04 3.225806451612902139e-04 6.774193548387094817e-03 3.225806451612902139e-04 1.519354838709676969e-01 5.193548387096772606e-02 3.225806451612902139e-04 3.225806451612902139e-04 3.225806451612902139e-04 3.225806451612902139e-04
1.430615164520743752e-04 1.430615164520743752e-04 1.703862660944205631e-01 1.430615164520743752e-04 1.430615164520743752e-04 1.573676680972818263e-03 3.606580829756794726e-01 1.731044349070099894e-02 1.430615164520743752e-04 7.596566523605148558e-02 9.027181688125893166e-02 1.430615164520743752e-04 3.004291845493561961e-03 1.430615164520743752e-04 1.430615164520743752e-04 1.430615164520743752e-04 1.131616595135908204e-01 3.004291845493561961e-03 6.309012875536479381e-02 1.430615164520743752e-04 1.430615164520743752e-04 1.430615164520743752e-04 1.430615164520743752e-04 1.430615164520743752e-04 1.430615164520743752e-04 1.430615164520743752e-04 1.430615164520743752e-04 1.430615164520743752e-04 9.885550786838337434e-02 1.430615164520743752e-04
1.851851851851852031e-04 7.592592592592591755e-03 7.425925925925926097e-02 1.851851851851852031e-04 1.851851851851852031e-04 1.851851851851852031e-04 1.851851851851852031e-04 1.851851851851852031e-04 2.037037037037037288e-03 1.851851851851852031e-04 1.835185185185184975e-01 3.722222222222222598e-02 1.353703703703703631e-01 1.242592592592592499e-01 1.742592592592592526e-01 1.851851851851852031e-04 1.851851851851852031e-04 1.851851851851852031e-04 1.851851851851852031e-04 1.851851851851852031e-04 1.851851851851852031e-04 1.851851851851852031e-04 5.388888888888888895e-02 1.851851851851852031e-04 1.649999999999999800e-01 3.722222222222222598e-02 1.851851851851852031e-04 1.851851851851852031e-04 1.851851851851852031e-04 2.037037037037037288e-03
3.891050583657587819e-04 3.540856031128404580e-02 3.891050583657587819e-04 3.891050583657587819e-04 1.206225680933852192e-02 7.821011673151750943e-02 2.533073929961089377e-01 3.891050583657587819e-04 3.891050583657587819e-04 3.891050583657587819e-04 2.373540856031128299e-02 3.891050583657587819e-04 3.891050583657587819e-04 3.891050583657587819e-04 4.319066147859922100e-02 3.891050583657587819e-04 4.280155642023346710e-03 3.151750972762645819e-02 3.151750972762645819e-02 3.891050583657587819e-04 4.280155642023346710e-03 3.891050583657587819e-04 3.311284046692606897e-01 3.891050583657587819e-04 9.766536964980544744e-02 3.891050583657587819e-04 3.891050583657587819e-04 4.708171206225680860e-02 3.891050583657587819e-04 3.891050583657587819e-04
3.012048192771083518e-04 3.436746987951805887e-01 3.012048192771083518e-04 3.012048192771083518e-04 3.012048192771083518e-04 7.560240963855419105e-02 3.012048192771083518e-04 3.012048192771083518e-04 3.012048192771083518e-04 3.012048192771083518e-04 1.298192771084336894e-01 3.012048192771083518e-04 3.012048192771083518e-04 3.012048192771083518e-04 8.463855421686744540e-02 3.313253012048191816e-03 3.012048192771083518e-04 3.012048192771083518e-04 3.012048192771083518e-04 3.012048192771083518e-04 3.012048192771083518e-04 3.012048192771083518e-04 1.960843373493975084e-01 3.012048192771083518e-04 1.478915662650601981e-01 1.234939759036144009e-02 3.012048192771083518e-04 3.012048192771083518e-04 3.012048192771083518e-04 3.012048192771083518e-04
1.926782273603082612e-04 1.926782273603082612e-04 1.368015414258188372e-02 1.926782273603082612e-04 1.926782273603082612e-04 5.973025048169555880e-03 1.504816955684007140e-01 1.368015414258188372e-02 5.992292870905586294e-02 3.680154142581888027e-02 2.236994219653178628e-01 1.926782273603082612e-04 1.926782273603082612e-04 1.926782273603082612e-04 2.119460500963390656e-03 4.046242774566473702e-03 2.119460500963390656e-03 6.377649325626202903e-02 8.497109826589593906e-02 3.872832369942195985e-02 1.926782273603082612e-04 1.560693641618496677e-02 1.851637764932562158e-01 1.926782273603082612e-04 3.294797687861271418e-02 1.926782273603082612e-04 3.487475915221579376e-02 2.909441233140654462e-02 1.926782273603082612e-04 1.926782273603082612e-04
1.444444444444444031e-01 2.364066193853427513e-04 2.860520094562647025e-02 2.364066193853427513e-04 9.007092198581558018e-02 2.387706855791961458e-02 1.680851063829786607e-01 4.515366430260046166e-02 9.479905437352244280e-02 2.387706855791961458e-02 1.205673758865247885e-02 2.364066193853427513e-04 2.364066193853427513e-04 2.364066193853427513e-04 1.914893617021275890e-02 2.364066193853427513e-04 2.364066193853427513e-04 6.879432624113474004e-02 7.588652482269502009e-02 2.364066193853427513e-04 2.364066193853427513e-04 2.364066193853427513e-04 3.569739952718675030e-02 2.364066193853427513e-04 5.697399527186759738e-02 4.515366430260046166e-02 2.364066193853427513e-04 6.406619385342787742e-02 2.364066193853427513e-04 2.364066193853427513e-04
5.170454545454546830e-02 5.681818181818183711e-04 1.482954545454545914e-01 5.681818181818183711e-04 5.681818181818183711e-04 5.681818181818183711e-04 5.681818181818183711e-04 4.034090909090910088e-02 5.681818181818183711e-04 5.681818181818183711e-04 2.329545454545454974e-02 6.250000000000002949e-03 5.681818181818183711e-04 1.193181818181818579e-02 5.681818181818183711e-04 5.681818181818183711e-04 5.681818181818183711e-04 5.681818181818183711e-04 5.517045454545456140e-01 5.681818181818183711e-04 4.034090909090910088e-02 5.681818181818183711e-04 5.681818181818183711e-04 5.681818181818183711e-04 5.681818181818183711e-04 1.142045454545455030e-01 5.681818181818183711e-04 5.681818181818183711e-04 5.681818181818183711e-04 5.681818181818183711e-04
1.091234347048300295e-02 1.788908765652951383e-04 5.384615384615383527e-02 1.788908765652951383e-04 5.742397137745974128e-02 1.788908765652951383e-04 2.738819320214668229e-01 5.545617173524149124e-03 3.025044722719140711e-01 4.132379248658318155e-02 1.627906976744185677e-02 1.967799642218246575e-03 3.756708407871197850e-03 3.953488372093022507e-02 1.788908765652951383e-04 1.788908765652951383e-04 4.847942754919498665e-02 1.788908765652951383e-04 1.788908765652951383e-04 1.788908765652951383e-04 1.788908765652951383e-04 9.123434704830051672e-03 8.067978533094810611e-02 1.788908765652951383e-04 1.967799642218246575e-03 1.967799642218246575e-03 1.788908765652951383e-04 5.545617173524149124e-03 4.311270125223613109e-02 1.788908765652951383e-04
2.919254658385092571e-02 2.070393374741200544e-04 1.347826086956521174e-01 2.070393374741200544e-04 2.070393374741200544e-04 2.070393374741200544e-04 7.267080745341612802e-02 7.888198757763974223e-02 2.277432712215320381e-03 1.016563146997929434e-01 7.888198757763974223e-02 2.070393374741200544e-04 2.070393374741200544e-04 2.070393374741200544e-04 2.070393374741200544e-04 2.070393374741200544e-04 1.055900621118012125e-02 2.505175983436852202e-02 3.024844720496893680e-01 2.070393374741200544e-04 4.161490683229812637e-02 2.070393374741200544e-04 2.070393374741200544e-04 2.277432712215320381e-03 2.277432712215320381e-03 2.070393374741200544e-04 2.070393374741200544e-04 2.070393374741200544e-04 1.099378881987577439e-01 4.347826086956520925e-03
1.697792869269949150e-04 8.658743633276740070e-03 4.431239388794567385e-02 1.697792869269949150e-04 1.867572156196944120e-03 2.224108658743633241e-02 1.697792869269949150e-04 1.697792869269949150e-04 8.658743633276740070e-03 3.565365025466893378e-03 2.531409168081493744e-01 3.242784380305602926e-02 1.325976230899830188e-01 2.548387096774193394e-01 1.308998302207130537e-01 5.263157894736841987e-03 2.903225806451613031e-02 1.697792869269949150e-04 1.697792869269949150e-04 1.035653650254668955e-02 1.697792869269949150e-04 1.697792869269949150e-04 1.697792869269949150e-04 1.697792869269949150e-04 5.110356536502547176e-02 3.565365025466893378e-03 1.697792869269949150e-04 1.697792869269949150e-04 1.867572156196944120e-03 3.565365025466893378e-03
1.924290220820188552e-02 3.154574132492112709e-04 3.154574132492112709e-04 3.154574132492112709e-04 1.738170347003153982e-01 3.154574132492112709e-04 3.186119873817033765e-02 9.779179810725548150e-03 2.242902208201891789e-01 3.154574132492112709e-04 3.154574132492112709e-04 3.154574132492112709e-04 1.608832807570977075e-02 3.154574132492112709e-04 3.154574132492112709e-04 3.154574132492112709e-04 3.154574132492112709e-04 3.154574132492112709e-04 1.895899053627759512e-01 3.154574132492112709e-04 3.154574132492112709e-04 3.154574132492112709e-04 2.148264984227128416e-01 6.624605678233435983e-03 4.763406940063089762e-02 4.447949526813878285e-02 1.608832807570977075e-02 3.154574132492112709e-04 3.154574132492112709e-04 3.154574132492112709e-04
1.125000000000000167e-01 4.310344827586207921e-04 4.353448275862069339e-02 4.310344827586207921e-04 4.741379310344828388e-03 9.051724137931035225e-03 2.245689655172414256e-01 4.310344827586207921e-04 1.943965517241379726e-01 4.784482758620690196e-02 4.310344827586207921e-04 4.310344827586207921e-04 4.310344827586207921e-04 4.310344827586207921e-04 2.198275862068965747e-02 4.310344827586207921e-04 4.310344827586207921e-04 1.767241379310344890e-02 4.310344827586207921e-04 4.741379310344828388e-03 4.310344827586207921e-04 4.310344827586207921e-04 3.064655172413793260e-01 4.310344827586207921e-04 4.310344827586207921e-04 4.310344827586207921e-04 4.741379310344828388e-03 4.310344827586207921e-04 4.310344827586207921e-04 4.310344827586207921e-04
6.410256410256412961e-05 5.198717948717949955e-02 1.096794871794872089e-01 6.410256410256412961e-05 6.410256410256412961e-05 3.910256410256411283e-03 7.051282051282053986e-04 1.032051282051282479e-02 6.410256410256412961e-05 5.192307692307693984e-03 2.987820512820513752e-01 6.410256410256412961e-05 4.122435897435898777e-01 1.096153846153846527e-02 2.378205128205129054e-02 6.410256410256412961e-05 6.410256410256412961e-05 6.410256410256412961e-05 7.051282051282053986e-04 6.410256410256412961e-05 7.756410256410258518e-03 1.608974358974359434e-02 6.410256410256412961e-05 6.410256410256412961e-05 6.410256410256412961e-05 2.185897435897436736e-02 6.410256410256412961e-05 8.397435897435899868e-03 6.410256410256412961e-05 1.673076923076923656e-02
7.788944723618088095e-03 2.512562814070350928e-04 1.030150753768843859e-02 2.512562814070350928e-04 5.050251256281405865e-02 2.512562814070350928e-04 1.685929648241205336e-01 3.542713567839195221e-02 5.178391959798993582e-01 2.035175879396984230e-02 2.512562814070350928e-04 2.512562814070350928e-04 2.512562814070350928e-04 2.512562814070350928e-04 2.512562814070350928e-04 2.512562814070350928e-04 2.512562814070350928e-04 4.296482412060300543e-02 2.763819095477386238e-03 2.512562814070350928e-04 2.512562814070350928e-04 2.512562814070350928e-04 1.384422110552763485e-01 2.512562814070350928e-04 2.512562814070350928e-04 2.512562814070350928e-04 2.512562814070350928e-04 2.512562814070350928e-04 2.512562814070350928e-04 2.512562814070350928e-04
2.401746724890829396e-03 2.183406113537117411e-04 4.170305676855894789e-02 6.768558951965064109e-03 2.183406113537117411e-04 2.183406113537117411e-04 1.596069868995632635e-01 6.768558951965064109e-03 8.100436681222705770e-02 2.183406113537117411e-04 7.663755458515282559e-02 2.183406113537117411e-04 3.078602620087335373e-02 2.183406113537117411e-04 6.768558951965064109e-03 2.183406113537117411e-04 3.233624454148470440e-01 2.183406113537117411e-04 4.585152838427946319e-03 2.183406113537117411e-04 2.183406113537117411e-04 2.401746724890829396e-03 2.183406113537117411e-04 6.768558951965064109e-03 2.183406113537117411e-04 2.183406113537117411e-04 2.183406113537117411e-04 2.183406113537117411e-04 2.425764192139737152e-01 4.585152838427946319e-03
1.658374792703150627e-04 1.658374792703150627e-04 1.112769485903813971e-01 1.658374792703150627e-04 2.172470978441127382e-02 1.011608623548921823e-02 1.011608623548921823e-02 1.658374792703150627e-04 8.457711442786067929e-03 3.998341625207296191e-01 2.456053067993365924e-01 1.658374792703150627e-04 1.658374792703150627e-04 3.830845771144278378e-02 1.658374792703150627e-04 1.658374792703150627e-04 5.157545605306798620e-02 1.824212271973465853e-03 5.140961857379767325e-03 1.658374792703150627e-04 1.658374792703150627e-04 7.976782752902154827e-02 1.658374792703150627e-04 1.658374792703150627e-04 1.658374792703150627e-04 1.658374792703150627e-04 1.658374792703150627e-04 1.343283582089551884e-02 1.658374792703150627e-04 1.658374792703150627e-04
4.030710172744721154e-03 1.919385796545105389e-04 3.666026871401151244e-02 1.919385796545105389e-04 1.919385796545105389e-04 1.919385796545105389e-04 2.514395393474087512e-02 5.009596928982724962e-02 2.919385796545104772e-01 1.919385796545105389e-04 1.919385796545105389e-04 1.919385796545105389e-04 4.030710172744721154e-03 2.111324376199615657e-03 1.919385796545105389e-04 1.919385796545105389e-04 6.545105566218809012e-02 2.420345489443377351e-01 1.919385796545105389e-04 1.919385796545105389e-04 1.919385796545105389e-04 1.746641074856045486e-02 1.825335892514394764e-01 1.919385796545105389e-04 2.322456813819577179e-02 1.919385796545105389e-04 9.788867562380036344e-03 1.919385796545105389e-04 4.241842610364682936e-02 1.919385796545105389e-04
3.033057851239668312e-01 2.754820936639117666e-04 2.754820936639117666e-04 2.754820936639117666e-04 2.754820936639117666e-04 2.754820936639117666e-04 9.944903581267214299e-02 9.944903581267214299e-02 3.030303030303029433e-03 2.754820936639117666e-04 9.669421487603303833e-02 2.754820936639117666e-04 6.914600550964185299e-02 2.754820936639117666e-04 3.030303030303029433e-03 2.754820936639117666e-04 1.848484848484847620e-01 1.187327823691459727e-01 2.754820936639117666e-04 1.404958677685949793e-02 2.754820936639117666e-04 2.754820936639117666e-04 2.754820936639117666e-04 2.754820936639117666e-04 2.754820936639117666e-04 2.754820936639117666e-04 3.030303030303029433e-03 2.754820936639117666e-04 2.754820936639117666e-04 2.754820936639117666e-04
1.447178002894355681e-04 1.751085383502170092e-02 1.447178002894355681e-04 1.027496382054992295e-02 1.447178002894355681e-04 1.447178002894355681e-04 7.380607814761212457e-03 1.447178002894355681e-04 1.447178002894355681e-04 1.447178002894355681e-04 1.651230101302459674e-01 5.933429811866857209e-03 6.092619392185236876e-02 2.329956584659912538e-02 4.386396526772791682e-01 5.933429811866857209e-03 1.447178002894355681e-04 1.447178002894355681e-04 1.447178002894355681e-04 1.447178002894355681e-04 1.447178002894355681e-04 1.447178002894355681e-04 5.947901591895801698e-02 1.447178002894355681e-04 1.376266280752531934e-01 1.447178002894355681e-04 1.447178002894355681e-04 3.921852387843703658e-02 2.619392185238783588e-02 1.447178002894355681e-04
4.672897196261683521e-04 4.672897196261683521e-04 4.672897196261683521e-04 4.252336448598131868e-02 5.140186915887852252e-03 3.317757009345795316e-02 4.672897196261683521e-04 4.672897196261683521e-04 4.672897196261683521e-04 4.672897196261683521e-04 6.588785046728973249e-02 1.448598130841121864e-02 7.574766355140188923e-01 4.672897196261683521e-04 4.672897196261683521e-04 5.140186915887852252e-03 9.813084112149535881e-03 4.672897196261683521e-04 4.672897196261683521e-04 4.672897196261683521e-04 4.672897196261683521e-04 4.672897196261683521e-04 4.672897196261683521e-04 4.672897196261683521e-04 5.140186915887852252e-03 4.672897196261683521e-04 4.672897196261683521e-04 5.186915887850468421e-02 4.672897196261683521e-04 4.672897196261683521e-04
1.222030981067125273e-02 7.074010327022374478e-02 1.721170395869190892e-04 7.056798623063680921e-03 7.056798623063680921e-03 7.056798623063680921e-03 1.413080895008605453e-01 5.352839931153183239e-02 1.516351118760757011e-01 5.335628227194491764e-03 4.836488812392426145e-02 7.056798623063680921e-03 1.721170395869190892e-04 1.222030981067125273e-02 1.721170395869190892e-04 1.721170395869190892e-04 1.721170395869190892e-04 1.154905335628226837e-01 4.320137693631669051e-02 3.459552495697073432e-02 3.459552495697073432e-02 1.721170395869190892e-04 2.325301204819276435e-01 1.721170395869190892e-04 1.893287435456109981e-03 1.721170395869190892e-04 1.721170395869190892e-04 1.721170395869190892e-04 1.049913941480206357e-02 1.893287435456109981e-03
3.933933933933932148e-02 3.003003003003002326e-04 3.003003003003002326e-04 6.306306306306304343e-03 3.003003003003002326e-04 3.003003003003002326e-04 3.846846846846845303e-01 6.306306306306304343e-03 3.486486486486485292e-01 3.003003003003002326e-04 9.309309309309305586e-03 3.003003003003002326e-04 3.003003003003002326e-04 3.003003003003002326e-04 3.003003003003002326e-04 3.003003003003002326e-04 3.003003003003002326e-04 2.432432432432431527e-02 3.003003003003002326e-04 6.036036036036034058e-02 3.003003003003002326e-04 3.003003003003002326e-04 6.336336336336334529e-02 3.303303303303302234e-03 3.303303303303302234e-03 3.303303303303302234e-03 3.003003003003002326e-04 3.003003003003002326e-04 4.234234234234232619e-02 3.003003003003002326e-04
1.999999999999999554e-04 2.199999999999999699e-03 1.999999999999999554e-04 1.999999999999999554e-04 2.281999999999999307e-01 1.999999999999999554e-04 7.019999999999998463e-02 1.999999999999999554e-04 3.041999999999999149e-01 1.999999999999999554e-04 1.541999999999999482e-01 1.999999999999999554e-04 1.999999999999999554e-04 1.999999999999999554e-04 1.999999999999999554e-04 1.999999999999999554e-04 8.199999999999997222e-03 5.219999999999998946e-02 8.199999999999997222e-03 4.619999999999999107e-02 1.999999999999999554e-04 1.999999999999999554e-04 9.619999999999997997e-02 1.999999999999999554e-04 2.199999999999999699e-03 1.999999999999999554e-04 1.999999999999999554e-04 1.999999999999999554e-04 1.819999999999999396e-02 6.199999999999998915e-03
1.091644204851751829e-02 1.347708894878706055e-04 1.347708894878706055e-04 1.347708894878706055e-04 6.078167115902963907e-02 1.942048517520215123e-01 1.807277628032344652e-01 1.091644204851751829e-02 2.912398921832883847e-01 1.347708894878706055e-04 7.695417789757411087e-02 1.347708894878706055e-04 1.347708894878706055e-04 1.347708894878706055e-04 1.347708894878706055e-04 9.568733153638812883e-03 1.025606469002695170e-01 1.347708894878706055e-04 1.347708894878706055e-04 1.347708894878706055e-04 1.347708894878706055e-04 1.347708894878706055e-04 4.056603773584905454e-02 1.347708894878706055e-04 1.347708894878706055e-04 1.347708894878706055e-04 1.347708894878706055e-04 1.347708894878706055e-04 1.900269541778975418e-02 1.347708894878706055e-04
3.095975232198141516e-04 3.126934984520122335e-02 1.578947368421051989e-02 3.095975232198141516e-04 3.095975232198141516e-04 3.405572755417955559e-03 3.095975232198141516e-04 9.597523219814238157e-03 3.095975232198141516e-04 3.095975232198141516e-04 1.272445820433436015e-01 3.095975232198141516e-04 7.495356037151700290e-01 3.095975232198141516e-04 3.095975232198141516e-04 3.095975232198141516e-04 3.095975232198141516e-04 3.405572755417955559e-03 3.095975232198141516e-04 3.095975232198141516e-04 3.095975232198141516e-04 3.095975232198141516e-04 3.095975232198141516e-04 3.095975232198141516e-04 4.984520123839007721e-02 3.095975232198141516e-04 3.095975232198141516e-04 3.095975232198141516e-04 3.095975232198141516e-04 3.405572755417955559e-03
2.881844380403457808e-04 2.881844380403457808e-04 1.097982708933717411e-01 2.881844380403457808e-04 2.881844380403457808e-04 2.881844380403457808e-04 2.881844380403457808e-04 2.881844380403457808e-04 2.881844380403457808e-04 2.881844380403457808e-04 1.991354466858789030e-01 6.051873198847261721e-03 1.904899135446685432e-01 2.881844380403457808e-04 2.769452449567722518e-01 2.881844380403457808e-04 2.881844380403457808e-04 3.170028818443803697e-03 2.881844380403457808e-04 2.881844380403457808e-04 2.881844380403457808e-04 2.881844380403457808e-04 2.881844380403457808e-04 8.933717579250719312e-03 2.881844380403457808e-04 6.945244956772334000e-02 2.881844380403457808e-04 1.299711815561959416e-01 2.881844380403457808e-04 2.881844380403457808e-04
5.440180586907448351e-02 9.255079006772005956e-03 4.740406320541759762e-03 2.483069977426636231e-03 2.257336343115123748e-04 1.085778781038374413e-01 2.079006772009028559e-01 3.860045146726861359e-02 9.503386004514670360e-02 2.257336343115123748e-04 2.257336343115123748e-04 2.257336343115123748e-04 5.891647855530472710e-02 4.740406320541759762e-03 2.257336343115123748e-04 3.408577878103836306e-02 2.257336343115123748e-04 2.257336343115123748e-04 9.051918735891645307e-02 2.257336343115123748e-04 2.257336343115123748e-04 2.257336343115123748e-04 2.372460496613994774e-01 2.257336343115123748e-04 4.085778781038373886e-02 2.257336343115123748e-04 2.257336343115123748e-04 2.257336343115123748e-04 9.255079006772005956e-03 2.257336343115123748e-04
3.546099290780140457e-04 3.936170212765955495e-02 3.546099290780140457e-04 3.900709219858154719e-03 3.900709219858154719e-03 3.546099290780140457e-04 3.900709219858154719e-03 3.546099290780140457e-04 3.546099290780140457e-04 3.900709219858154719e-03 1.067375886524822293e-01 3.546099290780140457e-04 7.521276595744678106e-01 3.546099290780140457e-04 3.546099290780140457e-04 3.546099290780140457e-04 3.546099290780140457e-04 3.546099290780140457e-04 3.546099290780140457e-04 3.546099290780140457e-04 3.546099290780140457e-04 3.546099290780140457e-04 2.163120567375885483e-02 3.900709219858154719e-03 4.999999999999998196e-02 3.546099290780140457e-04 3.546099290780140457e-04 3.546099290780140457e-04 3.546099290780140457e-04 3.900709219858154719e-03
3.012048192771084603e-04 3.012048192771084603e-04 1.234939759036144530e-02 3.012048192771084603e-04 3.012048192771084603e-04 6.325301204819277177e-03 3.012048192771084603e-04 5.451807228915662995e-02 3.406626506024096335e-01 3.313253012048193117e-03 7.259036144578313865e-02 3.012048192771084603e-04 3.012048192771084603e-04 3.012048192771084603e-04 3.012048192771084603e-04 3.012048192771084603e-04 1.328313253012048112e-01 3.012048192771084603e-04 2.740963855421686690e-02 3.012048192771084603e-04 3.012048192771084603e-04 1.027108433734939819e-01 9.337349397590361672e-03 3.012048192771084603e-04 3.012048192771084603e-04 3.012048192771084603e-04 3.313253012048193117e-03 3.012048192771084603e-04 2.292168674698794872e-01 3.012048192771084603e-04
3.919270833333333287e-02 1.302083333333333315e-04 1.302083333333333315e-04 1.302083333333333315e-04 1.445312499999999896e-02 5.872395833333333287e-02 1.902343749999999833e-01 1.315104166666666678e-02 1.303385416666666685e-01 1.302083333333333315e-04 1.835937500000000069e-02 2.734375000000000260e-03 4.309895833333333287e-02 1.302083333333333315e-04 5.338541666666665915e-03 9.244791666666666782e-03 1.302083333333333315e-04 9.648437499999999722e-02 4.309895833333333287e-02 5.338541666666665915e-03 1.302083333333333315e-04 2.734375000000000260e-03 2.852864583333333259e-01 1.302083333333333315e-04 4.049479166666666852e-02 1.302083333333333315e-04 1.302083333333333315e-04 1.302083333333333315e-04 1.302083333333333315e-04 1.302083333333333315e-04
2.762430939226518463e-04 2.762430939226518463e-04 2.762430939226518463e-04 2.762430939226518463e-04 2.762430939226518463e-04 3.538674033149170062e-01 2.762430939226518463e-04 2.762430939226518463e-04 2.762430939226518463e-04 5.801104972375689152e-03 2.185082872928175990e-01 2.762430939226518463e-04 6.104972375690605885e-02 3.618784530386739279e-02 2.544198895027623419e-01 2.762430939226518463e-04 2.762430939226518463e-04 2.762430939226518463e-04 2.762430939226518463e-04 2.762430939226518463e-04 2.762430939226518463e-04 2.762430939226518463e-04 4.723756906077346968e-02 2.762430939226518463e-04 2.762430939226518463e-04 2.762430939226518463e-04 3.038674033149170364e-03 1.408839779005524248e-02 2.762430939226518463e-04 2.762430939226518463e-04
2.066115702479338521e-04 2.066115702479338521e-04 1.489669421487602730e-01 2.066115702479338521e-04 2.293388429752065555e-02 2.066115702479338521e-04 1.716942148760330078e-01 2.066115702479338521e-04 1.861570247933883870e-01 2.066115702479338521e-04 2.066115702479338521e-04 2.066115702479338521e-04 6.404958677685948683e-03 1.053719008264462562e-02 2.066115702479338521e-04 4.338842975206610650e-03 3.142561983471073295e-01 6.404958677685948683e-03 2.066115702479338521e-04 8.471074380165286716e-03 2.066115702479338521e-04 2.066115702479338521e-04 2.066115702479338521e-04 2.066115702479338521e-04 2.066115702479338521e-04 2.066115702479338521e-04 4.338842975206610650e-03 8.471074380165286716e-03 1.035123966942148588e-01 2.066115702479338521e-04
1.610305958132044867e-04 5.330112721417068489e-02 1.610305958132044867e-04 1.610305958132044867e-04 3.397745571658614822e-02 6.296296296296295669e-02 2.578099838969403756e-01 1.610305958132044867e-04 1.869565217391303824e-01 1.610305958132044867e-04 1.610305958132044867e-04 1.610305958132044867e-04 3.075684380032205761e-02 1.610305958132044867e-04 1.610305958132044867e-04 3.075684380032205761e-02 1.610305958132044867e-04 3.381642512077294004e-03 1.241545893719806504e-01 1.610305958132044867e-04 1.610305958132044867e-04 1.610305958132044867e-04 2.062801932367149260e-01 1.610305958132044867e-04 1.771336553945249354e-03 4.991948470209338871e-03 1.610305958132044867e-04 1.610305958132044867e-04 1.610305958132044867e-04 1.610305958132044867e-04
3.039513677811549273e-04 4.589665653495438730e-02 3.343465045592704417e-03 3.039513677811549273e-04 3.039513677811549273e-04 2.158054711246199658e-02 3.039513677811549273e-04 3.039513677811549273e-04 3.039513677811549273e-04 3.039513677811549273e-04 2.313069908814588682e-01 3.039513677811549273e-04 1.522796352583586088e-01 1.857142857142856651e-01 3.042553191489360542e-01 3.039513677811549273e-04 3.039513677811549273e-04 3.039513677811549273e-04 3.343465045592704417e-03 3.039513677811549273e-04 3.039513677811549273e-04 3.039513677811549273e-04 4.589665653495438730e-02 3.039513677811549273e-04 3.039513677811549273e-04 3.039513677811549273e-04 3.039513677811549273e-04 3.039513677811549273e-04 3.039513677811549273e-04 3.039513677811549273e-04
1.991525423728813388e-02 2.556497175141243111e-02 1.314971751412429279e-01 1.553672316384180872e-03 1.412429378531073496e-04 1.412429378531073496e-04 1.343220338983050766e-01 1.709039548022598873e-02 1.412429378531073496e-04 5.240112994350282910e-02 7.358757062146892292e-02 7.203389830508473771e-03 1.553672316384180872e-03 1.412429378531073496e-04 1.144067796610169496e-02 1.412429378531073496e-04 7.217514124293784861e-02 1.412429378531073496e-04 3.334745762711864292e-01 1.850282485875706304e-02 4.378531073446327755e-03 4.378531073446327755e-03 1.412429378531073496e-04 5.790960451977400329e-03 1.412429378531073496e-04 1.412429378531073496e-04 1.426553672316384185e-02 7.203389830508473771e-03 5.522598870056497078e-02 7.203389830508473771e-03
9.646365422396854794e-02 4.125736738703339457e-03 2.573673870333987451e-02 2.161100196463653939e-03 1.691552062868368900e-01 1.964636542239685301e-04 3.263261296660117106e-01 2.161100196463653939e-03 2.379174852652258809e-01 1.964636542239685301e-04 1.062868369351669673e-01 1.964636542239685301e-04 1.964636542239685301e-04 1.964636542239685301e-04 1.964636542239685301e-04 1.964636542239685301e-04 1.964636542239685301e-04 1.964636542239685301e-04 1.964636542239685301e-04 1.964636542239685301e-04 1.964636542239685301e-04 1.964636542239685301e-04 2.161100196463653939e-03 1.964636542239685301e-04 1.964636542239685301e-04 2.161100196463653939e-03 1.964636542239685301e-04 1.964636542239685301e-04 2.180746561886050608e-02 1.964636542239685301e-04
2.469135802469135318e-04 2.716049382716048850e-03 2.469135802469135318e-04 5.185185185185184169e-03 2.469135802469135318e-04 4.274074074074072915e-01 1.187654320987654027e-01 1.012345679012345394e-02 2.469135802469135318e-04 2.469135802469135318e-04 1.409876543209876154e-01 2.469135802469135318e-04 2.469135802469135318e-04 2.469135802469135318e-04 2.469135802469135318e-04 2.469135802469135318e-04 2.469135802469135318e-04 2.469135802469135318e-04 2.469135802469135318e-04 3.481481481481480539e-02 2.469135802469135318e-04 2.469135802469135318e-04 1.854320987654320407e-01 2.469135802469135318e-04 2.469135802469135318e-04 2.469135802469135318e-04 2.469135802469135318e-04 1.753086419753085989e-02 7.654320987654319487e-03 4.469135802469134666e-02
4.021052631578946740e-02 1.705263157894736439e-02 4.421052631578946228e-03 2.105263157894736415e-04 1.770526315789473226e-01 2.105263157894736415e-04 2.970526315789472904e-01 7.178947368421051412e-02 1.749473684210525737e-01 2.105263157894736415e-04 8.021052631578945435e-02 2.105263157894736415e-04 4.421052631578946228e-03 2.105263157894736415e-04 2.105263157894736415e-04 2.105263157894736415e-04 1.494736842105262760e-02 6.526315789473683023e-03 8.231578947368418941e-02 6.526315789473683023e-03 2.105263157894736415e-04 2.105263157894736415e-04 2.105263157894736415e-04 1.705263157894736439e-02 2.105263157894736415e-04 2.105263157894736415e-04 2.315789473684210301e-03 2.105263157894736415e-04 2.105263157894736415e-04 2.105263157894736415e-04
3.289473684210525157e-04 1.348684210526315125e-02 3.289473684210525157e-04 3.618421052631578053e-03 2.503289473684209288e-01 2.006578947368420351e-02 1.019736842105262858e-02 3.289473684210525157e-04 3.289473684210525157e-04 3.289473684210525157e-04 8.256578947368418964e-02 6.907894736842103318e-03 3.289473684210525157e-04 3.289473684210525157e-04 3.289473684210525157e-04 1.680921052631578483e-01 3.289473684210525157e-04 3.289473684210525157e-04 3.289473684210525157e-04 5.953947368421051017e-02 3.289473684210525157e-04 3.289473684210525157e-04 3.786184210526314375e-01 3.289473684210525157e-04 3.289473684210525157e-04 3.289473684210525157e-04 3.289473684210525157e-04 3.289473684210525157e-04 3.289473684210525157e-04 3.289473684210525157e-04
1.414427157001414367e-04 3.267326732673266759e-02 1.414427157001414367e-04 1.414427157001414367e-04 5.388967468175388104e-02 7.934936350777933856e-02 1.642149929278641785e-01 1.414427157001414367e-04 1.217821782178217516e-01 1.414427157001414367e-04 3.550212164073549698e-02 1.414427157001414367e-04 1.414427157001414367e-04 1.414427157001414367e-04 4.257425742574257044e-02 2.560113154172559760e-02 1.145685997171145415e-02 1.711456859971711292e-02 8.359264497878357569e-02 1.414427157001414367e-04 7.213578500707211807e-03 1.414427157001414367e-04 2.660537482319659808e-01 1.414427157001414367e-04 4.681753889674681451e-02 1.414427157001414367e-04 1.555869872701555641e-03 1.414427157001414367e-04 5.799151343705797983e-03 2.970297029702969899e-03
5.710900473933647886e-02 2.369668246445497161e-04 2.606635071090046985e-03 2.606635071090046985e-03 1.208530805687203433e-02 2.369668246445497161e-04 2.111374407582937707e-01 2.369668246445497161e-04 4.978672985781988913e-01 2.369668246445497161e-04 2.867298578199051207e-02 2.369668246445497161e-04 2.369668246445497161e-04 2.369668246445497161e-04 2.369668246445497161e-04 2.369668246445497161e-04 4.052132701421800459e-02 4.976303317535543495e-03 1.682464454976302648e-02 2.369668246445497161e-04 2.606635071090046985e-03 2.369668246445497161e-04 8.554502369668244566e-02 2.606635071090046985e-03 2.369668246445497161e-04 2.369668246445497161e-04 2.369668246445497161e-04 7.345971563981041307e-03 2.393364928909951991e-02 2.369668246445497161e-04
6.060606060606061685e-04 6.060606060606061685e-04 6.727272727272727570e-02 6.060606060606061685e-04 1.878787878787879090e-02 3.278787878787879362e-01 1.878787878787879090e-02 6.060606060606061685e-04 6.060606060606061685e-04 6.060606060606061685e-04 1.824242424242424609e-01 6.060606060606061685e-04 2.066666666666667207e-01 6.060606060606061685e-04 6.060606060606061685e-04 6.060606060606061685e-04 6.060606060606061685e-04 6.060606060606061685e-04 6.060606060606061685e-04 6.060606060606061685e-04 1.157575757575757813e-01 3.090909090909091383e-02 6.666666666666667962e-03 6.060606060606061685e-04 6.060606060606061685e-04 6.060606060606061685e-04 6.060606060606061685e-04 6.060606060606061685e-04 6.666666666666667962e-03 6.666666666666667962e-03
7.556008146639509038e-02 2.036659877800406869e-04 8.981670061099793212e-02 2.036659877800406869e-04 6.313645621181260617e-03 3.077393075356414376e-01 1.162932790224032176e-01 2.036659877800406869e-04 4.276985743380853910e-03 2.036659877800406869e-04 9.999999999999996392e-02 2.036659877800406869e-04 2.036659877800406869e-04 2.036659877800406869e-04 2.036659877800406869e-04 3.279022403258655127e-02 8.981670061099793212e-02 3.686354378818736122e-02 2.240325865580447637e-03 5.926680244399183672e-02 2.036659877800406869e-04 2.036659877800406869e-04 7.556008146639509038e-02 2.036659877800406869e-04 2.036659877800406869e-04 2.036659877800406869e-04 2.036659877800406869e-04 2.036659877800406869e-04 2.036659877800406869e-04 2.036659877800406869e-04
8.232142857142855930e-02 3.767857142857142239e-02 1.785714285714285442e-04 1.785714285714285442e-04 7.874999999999998668e-02 1.785714285714285442e-04 2.519642857142856407e-01 4.482142857142856762e-02 1.073214285714285537e-01 1.785714285714285442e-04 2.696428571428570800e-02 1.785714285714285442e-04 9.107142857142855319e-03 1.785714285714285442e-04 3.053571428571428062e-02 1.785714285714285442e-04 1.785714285714285442e-04 1.785714285714285442e-04 2.339285714285713885e-02 1.785714285714285442e-04 4.303571428571428131e-02 1.785714285714285442e-04 1.555357142857142494e-01 2.339285714285713885e-02 4.303571428571428131e-02 1.785714285714285442e-04 1.267857142857142620e-02 1.785714285714285442e-04 1.785714285714285442e-04 2.696428571428570800e-02
