2.409638554216866815e-04 2.409638554216866815e-04 2.433734939759035418e-02 2.409638554216866815e-04 3.638554216867468522e-02 2.409638554216866815e-04 5.060240963855420528e-03 2.409638554216866815e-04 2.409638554216866815e-04 2.915662650602408867e-02 5.084337349397589217e-02 2.677108433734938786e-01 2.650602409638553713e-03 2.409638554216866815e-04 2.409638554216866815e-04 9.903614457831322326e-02 9.879518072289152422e-03 2.915662650602408867e-02 3.397590361445781970e-02 1.857831325301204095e-01 2.650602409638553713e-03 2.409638554216866815e-04 2.409638554216866815e-04 8.939759036144576121e-02 2.409638554216866815e-04 2.409638554216866815e-04 5.566265060240963014e-02 2.409638554216866815e-04 7.493975903614456813e-02 2.409638554216866815e-04
6.038525963149080772e-02 2.353433835845897271e-02 5.033500837520939880e-02 1.432160804020101222e-02 6.783919597989952061e-03 9.212730318257960271e-04 8.375209380234508968e-05 8.375209380234508968e-05 6.783919597989952061e-03 5.946398659966501028e-03 3.944723618090453798e-02 8.375209380234508968e-05 1.198492462311558232e-01 8.375209380234508968e-05 1.173366834170854606e-01 1.156616415410385706e-01 4.271356783919598964e-03 8.375209380234508968e-05 3.023450586264657750e-02 1.515912897822446238e-02 9.472361809045229397e-02 7.211055276381911350e-02 7.127303182579566854e-02 8.375209380234508968e-05 2.353433835845897271e-02 2.269681742043552081e-02 8.718592964824123381e-02 8.375209380234508968e-05 8.375209380234508968e-05 1.683417085427136445e-02
2.178649237472766553e-04 2.178649237472766553e-04 2.178649237472766553e-04 2.178649237472766553e-04 4.596949891067537292e-02 2.178649237472766553e-04 2.178649237472766553e-04 4.575163398692809816e-03 2.178649237472766553e-04 2.178649237472766553e-04 2.178649237472766553e-04 2.178649237472766553e-04 2.660130718954247797e-01 2.178649237472766553e-04 2.854030501089323962e-02 2.178649237472766553e-04 3.507625272331153787e-02 3.289760348583876948e-02 3.071895424836600455e-02 2.178649237472766553e-04 3.030501089324617592e-01 1.982570806100217298e-02 2.178649237472766553e-04 2.178649237472766553e-04 1.527233115468409064e-01 7.211328976034857285e-02 4.575163398692809816e-03 2.178649237472766553e-04 2.178649237472766553e-04 2.178649237472766553e-04
3.216374269005847688e-03 2.923976608187134015e-04 2.923976608187134015e-04 1.172514619883040787e-01 2.953216374269005198e-02 3.216374269005847688e-03 2.923976608187134015e-04 2.923976608187134015e-04 2.660818713450291764e-02 3.216374269005847688e-03 9.385964912280700401e-02 3.216374269005847688e-03 2.923976608187134015e-04 2.923976608187134015e-04 1.491228070175438201e-02 1.698830409356724969e-01 2.923976608187134015e-04 2.923976608187134015e-04 2.923976608187134015e-04 4.122807017543858588e-02 1.640350877192982282e-01 1.198830409356724767e-02 6.140350877192981595e-03 2.923976608187134015e-04 2.923976608187134015e-04 1.172514619883040787e-01 1.815789473684210342e-01 9.064327485380115068e-03 2.923976608187134015e-04 2.923976608187134015e-04
6.382978723404253256e-03 1.127659574468084791e-01 3.039513677811549273e-04 3.039513677811549273e-04 3.039513677811549273e-04 3.373860182370819194e-02 3.039513677811549273e-04 3.039513677811549273e-04 3.039513677811549273e-04 4.227963525835864433e-01 1.246200607902735007e-02 3.039513677811549273e-04 7.629179331306988610e-02 1.340425531914893331e-01 1.854103343465044948e-02 9.422492401215802962e-03 1.674772036474163617e-01 3.039513677811549273e-04 3.039513677811549273e-04 3.039513677811549273e-04 3.039513677811549273e-04 3.039513677811549273e-04 3.039513677811549273e-04 3.039513677811549273e-04 3.039513677811549273e-04 3.039513677811549273e-04 3.039513677811549273e-04 3.039513677811549273e-04 3.039513677811549273e-04 3.039513677811549273e-04
2.066115702479338521e-04 2.066115702479338521e-04 2.499999999999999445e-02 3.739669421487602785e-02 4.772727272727272235e-02 2.066115702479338521e-04 2.066115702479338521e-04 2.272727272727272183e-03 2.272727272727272183e-03 2.066115702479338521e-04 1.283057851239669256e-01 2.853305785123966265e-01 2.706611570247933335e-02 2.066115702479338521e-04 6.404958677685948683e-03 9.111570247933882538e-02 2.066115702479338521e-04 2.066115702479338521e-04 6.632231404958675858e-02 2.066115702479338521e-04 2.499999999999999445e-02 8.471074380165286716e-03 2.066115702479338521e-04 1.673553719008263885e-02 4.338842975206610650e-03 3.946280991735536675e-02 1.840909090909090273e-01 2.066115702479338521e-04 2.066115702479338521e-04 2.066115702479338521e-04
2.652173913043478354e-02 4.347826086956522442e-04 4.347826086956522442e-04 4.782608695652174578e-03 4.347826086956522442e-04 4.347826086956522442e-04 1.782608695652173822e-02 4.347826086956522442e-04 2.217391304347826261e-02 7.869565217391305545e-02 4.347826086956522442e-04 4.347826086956522442e-04 1.439130434782608936e-01 4.347826086956522442e-04 1.004347826086956774e-01 4.347826086956522442e-04 2.178260869565217805e-01 9.130434782608696370e-03 2.652173913043478354e-02 4.347826086956522442e-04 2.134782608695652562e-01 4.391304347826087418e-02 4.347826086956522442e-04 4.347826086956522442e-04 4.347826086956522442e-04 7.000000000000002054e-02 9.130434782608696370e-03 9.130434782608696370e-03 4.347826086956522442e-04 4.347826086956522442e-04
2.136752136752136208e-04 3.867521367521366271e-02 2.136752136752136208e-04 2.136752136752136208e-04 1.006410256410256027e-01 1.730769230769230171e-02 2.136752136752136208e-04 4.487179487179485983e-03 2.136752136752136208e-04 6.623931623931622083e-03 2.136752136752136208e-04 2.136752136752136208e-04 6.004273504273502371e-02 5.576923076923075151e-02 2.136752136752136208e-04 2.136752136752136208e-04 1.754273504273503592e-01 2.136752136752136208e-04 2.136752136752136208e-04 2.136752136752136208e-04 2.822649572649571503e-01 2.136752136752136208e-04 7.499999999999996947e-02 2.136752136752136208e-04 2.136752136752136208e-04 4.722222222222220711e-02 1.305555555555555081e-01 2.136752136752136208e-04 2.350427350427349883e-03 2.136752136752136208e-04
2.288329519450800487e-04 2.288329519450800487e-04 2.288329519450800487e-04 2.288329519450800487e-04 7.093821510297481509e-03 2.288329519450800487e-04 2.288329519450800487e-04 1.466819221967962938e-01 2.288329519450800487e-04 5.057208237986268728e-02 1.237986270022883029e-01 2.288329519450800487e-04 2.288329519450800487e-04 1.853546910755148047e-02 1.624713958810067999e-02 2.288329519450800487e-04 8.489702517162470152e-02 2.221967963386727030e-01 2.082379862700228096e-02 8.947368421052630250e-02 2.288329519450800487e-04 2.288329519450800487e-04 7.803203661327229312e-02 2.288329519450800487e-04 7.093821510297481509e-03 7.345537757437069215e-02 4.599542334096108631e-02 4.805491990846681022e-03 7.093821510297481509e-03 2.288329519450800487e-04
2.197802197802197529e-04 2.197802197802197529e-04 4.615384615384614947e-03 8.593406593406592575e-02 7.934065934065932801e-02 2.197802197802197529e-04 2.417582417582417580e-03 2.197802197802197529e-04 2.197802197802197529e-04 2.197802197802197529e-04 2.197802197802197529e-04 1.120879120879120575e-02 1.694505494505494092e-01 6.813186813186812747e-03 1.452747252747252360e-01 4.615384615384614947e-03 2.197802197802197529e-04 2.197802197802197529e-04 5.516483516483516175e-02 1.780219780219780001e-02 9.032967032967031962e-02 2.199999999999999734e-01 2.197802197802197529e-04 2.197802197802197529e-04 2.197802197802197529e-04 2.659340659340658775e-02 7.714285714285713802e-02 2.197802197802197529e-04 2.197802197802197529e-04 2.197802197802197529e-04
2.304147465437787474e-04 2.304147465437787474e-04 3.479262672811058582e-02 2.304147465437787474e-04 1.175115207373271520e-02 2.304147465437787474e-04 1.866359447004607708e-02 2.304147465437787474e-04 1.635944700460828863e-02 2.304147465437787474e-04 8.778801843317970977e-02 2.905529953917049824e-01 2.534562211981566168e-03 2.304147465437787474e-04 2.304147465437787474e-04 1.661290322580644685e-01 2.304147465437787474e-04 2.304147465437787474e-04 2.304147465437787474e-04 8.548387096774191785e-02 5.552995391705067840e-02 4.838709677419354184e-03 2.096774193548386553e-02 2.304147465437787474e-04 2.304147465437787474e-04 2.304147465437787474e-04 2.006912442396312779e-01 2.304147465437787474e-04 2.304147465437787474e-04 2.304147465437787474e-04
2.801120448179270973e-04 2.801120448179270973e-04 2.801120448179270973e-04 2.801120448179270973e-04 2.801120448179270973e-04 2.801120448179270973e-04 2.801120448179270973e-04 2.801120448179270973e-04 1.148459383753500963e-02 3.081232492997198341e-03 3.081232492997198341e-03 7.030812324929970603e-02 6.470588235294115476e-02 2.801120448179270973e-04 4.509803921568626695e-02 2.801120448179270973e-04 2.801120448179270973e-04 1.403361344537814581e-01 1.988795518207282093e-02 2.383753501400559249e-01 2.801120448179270973e-04 7.591036414565824342e-02 5.630252100840334867e-02 1.148459383753500963e-02 2.801120448179270973e-04 2.801120448179270973e-04 2.467787114845937380e-01 5.882352941176468772e-03 3.081232492997198341e-03 2.801120448179270973e-04
1.634615384615384012e-02 1.634615384615384012e-02 5.801282051282049407e-02 3.557692307692306155e-02 3.205128205128204041e-04 3.205128205128204041e-04 3.205128205128204041e-04 3.205128205128204041e-04 3.525641025641024825e-03 6.121794871794870169e-02 6.121794871794870169e-02 1.314102564102563424e-02 2.275641025641024842e-02 3.205128205128204041e-04 5.160256410256408577e-02 1.926282051282050545e-01 3.205128205128204041e-04 3.205128205128204041e-04 3.205128205128204041e-04 3.205128205128204041e-04 4.839743589743587815e-02 9.935897435897431823e-03 1.092948717948717535e-01 3.205128205128204041e-04 1.634615384615384012e-02 6.121794871794870169e-02 2.182692307692306599e-01 3.205128205128204041e-04 3.205128205128204041e-04 3.205128205128204041e-04
1.739130434782608543e-04 2.278260869565216715e-02 1.739130434782608543e-04 1.060869565217390995e-02 9.060869565217390120e-02 1.913043478260869398e-03 1.739130434782608543e-04 1.739130434782608543e-04 3.652173913043477507e-03 1.060869565217390995e-02 1.340869565217391035e-01 1.739130434782608543e-04 1.114782608695651794e-01 1.756521739130434412e-02 1.739130434782608543e-04 3.321739130434782361e-02 7.321739130434781750e-02 1.739130434782608543e-04 1.739130434782608543e-04 1.739130434782608543e-04 9.060869565217390120e-02 1.739130434782608543e-04 7.321739130434781750e-02 3.669565217391303896e-02 3.147826086956521247e-02 2.558260869565217033e-01 1.739130434782608543e-04 1.739130434782608543e-04 1.739130434782608543e-04 1.739130434782608543e-04
5.083798882681563741e-02 5.586592178770950334e-04 5.586592178770950334e-04 5.586592178770950334e-04 5.586592178770950334e-04 5.586592178770950334e-04 5.586592178770950334e-04 5.586592178770950334e-04 2.849162011173184128e-02 5.586592178770950334e-04 2.966480446927374226e-01 5.586592178770950334e-04 5.586592178770950334e-04 5.586592178770950334e-04 6.145251396648045150e-03 3.189944134078212534e-01 5.586592178770950334e-04 5.586592178770950334e-04 5.586592178770950334e-04 5.586592178770950334e-04 9.553072625698325049e-02 2.849162011173184128e-02 6.201117318435753895e-02 5.586592178770950334e-04 5.586592178770950334e-04 5.586592178770950334e-04 8.435754189944133508e-02 1.173184357541899418e-02 5.586592178770950334e-04 6.145251396648045150e-03
2.439024390243902708e-04 3.926829268292682945e-02 2.439024390243902708e-04 2.439024390243902708e-04 2.439024390243902708e-04 1.487804878048780421e-02 2.682926829268292897e-03 2.439024390243902708e-04 2.439024390243902708e-04 2.439024390243902708e-04 1.100000000000000006e-01 7.560975609756098205e-03 1.975609756097560996e-02 2.441463414634146289e-01 5.121951219512195334e-03 7.560975609756098205e-03 2.439024390243902708e-04 2.682926829268292897e-03 2.439024390243902708e-04 2.439024390243902708e-04 2.439024390243902708e-04 2.439024390243902708e-04 6.853658536585366390e-02 7.097560975609756850e-02 2.439024390243902708e-04 2.439024390243902708e-04 2.439024390243902708e-04 2.439024390243902708e-04 3.953658536585365479e-01 7.560975609756098205e-03
2.563291139240506111e-02 2.060126582278480889e-01 3.164556962025316515e-04 2.563291139240506111e-02 3.164556962025316515e-04 3.231012658227848111e-01 2.246835443037974514e-02 3.164556962025316515e-04 3.164556962025316515e-04 3.164556962025316515e-04 1.297468354430379549e-02 3.164556962025316515e-04 5.411392405063291527e-02 6.993670886075949167e-02 1.613924050632911320e-02 3.164556962025316515e-04 3.164556962025316515e-04 3.164556962025316515e-04 3.164556962025316515e-04 3.164556962025316515e-04 3.164556962025316515e-04 6.645569620253164410e-03 3.164556962025316515e-04 3.164556962025316515e-04 3.164556962025316515e-04 3.164556962025316515e-04 6.645569620253164410e-03 3.164556962025316515e-04 2.218354430379746722e-01 3.481012658227848437e-03
3.832116788321167453e-03 2.390510948905108859e-02 2.007299270072992331e-03 1.662408759124087143e-01 1.824817518248174797e-04 1.824817518248174797e-04 1.824817518248174797e-04 7.682481751824815630e-02 1.824817518248174797e-04 3.832116788321167453e-03 2.208029197080291564e-02 2.007299270072992331e-03 1.824817518248174797e-04 6.040145985401458584e-02 4.580291970802918833e-02 5.656934306569341708e-03 2.007299270072992331e-03 2.355839416058393698e-01 1.824817518248174797e-04 1.824817518248174797e-04 5.656934306569341708e-03 1.824817518248174797e-04 2.319343065693429962e-01 1.824817518248174797e-04 2.007299270072992331e-03 4.397810218978101537e-02 1.824817518248174797e-04 3.667883211678831662e-02 2.572992700729926502e-02 2.007299270072992331e-03
1.689189189189189012e-04 3.733108108108107448e-02 1.689189189189189012e-04 2.603040540540539904e-01 1.689189189189189012e-04 1.689189189189189012e-04 1.689189189189189012e-04 2.043918918918918512e-02 1.689189189189189012e-04 1.689189189189189012e-04 1.858108108108107994e-03 1.689189189189189012e-04 1.268581081081080753e-01 5.236486486486485910e-03 7.280405405405404595e-02 1.689189189189189012e-04 1.689189189189189012e-04 2.043918918918918512e-02 1.858108108108107994e-03 1.689189189189189012e-04 1.150337837837837468e-01 1.689189189189189012e-04 1.251689189189188756e-01 8.614864864864861874e-03 3.057432432432432082e-02 1.589527027027026751e-01 1.199324324324324044e-02 1.689189189189189012e-04 1.689189189189189012e-04 1.689189189189189012e-04
6.756756756756757132e-04 6.756756756756757132e-04 6.756756756756757132e-04 6.756756756756757132e-04 1.358108108108108114e-01 6.756756756756757132e-04 1.418918918918918998e-02 6.756756756756757132e-04 6.756756756756757132e-04 6.756756756756757132e-04 6.756756756756757132e-04 6.756756756756757132e-04 3.445945945945945443e-02 6.756756756756757132e-04 1.222972972972973110e-01 6.756756756756757132e-04 4.797297297297296870e-02 6.756756756756757132e-04 6.756756756756757132e-04 6.756756756756757132e-04 2.439189189189189255e-01 6.824324324324324009e-02 1.418918918918918998e-02 6.756756756756757132e-04 7.499999999999999722e-02 1.831081081081081252e-01 6.756756756756757132e-04 6.756756756756757132e-04 6.756756756756757132e-04 4.797297297297296870e-02
1.996007984031935743e-04 1.996007984031935743e-04 1.996007984031935743e-04 1.417165668662674280e-02 6.806387225548900244e-02 1.996007984031935743e-04 1.996007984031935743e-04 8.183632734530935787e-03 8.403193612774449706e-02 1.996007984031935743e-04 1.319361277445109393e-01 6.407185628742513572e-02 1.996007984031935743e-04 1.996007984031935743e-04 6.187624750499000695e-03 1.778443113772454620e-01 1.996007984031935743e-04 4.610778443113771469e-02 2.195608782435129209e-03 1.996007984031935743e-04 8.203592814371256370e-02 1.996007984031935743e-04 7.804391217564868310e-02 1.217564870259480771e-02 2.215568862275448664e-02 1.816367265469061298e-02 1.818363273453093287e-01 1.996007984031935743e-04 1.996007984031935743e-04 1.996007984031935743e-04
2.309468822170900114e-04 2.309468822170900114e-04 2.563510392609699012e-02 2.332563510392609077e-02 9.953810623556579029e-02 2.309468822170900114e-04 2.309468822170900114e-04 2.309468822170900114e-04 7.875288683602769957e-02 2.309468822170900114e-04 5.103926096997689343e-02 6.951501154734410215e-02 2.309468822170900114e-04 2.332563510392609077e-02 2.309468822170900114e-04 2.196304849884525845e-01 2.309468822170900114e-04 2.309468822170900114e-04 2.309468822170900114e-04 2.540415704387990505e-03 7.875288683602769957e-02 2.309468822170900114e-04 7.875288683602769957e-02 2.309468822170900114e-04 4.849884526558890727e-03 7.413394919168589392e-02 1.318706697459584021e-01 2.309468822170900114e-04 2.309468822170900114e-04 3.487297921478058754e-02
8.270676691729325972e-03 7.518796992481204542e-04 3.015037593984963293e-01 7.518796992481204542e-04 8.270676691729325972e-03 1.578947368421053030e-02 7.518796992481204542e-04 3.082706766917293548e-02 7.518796992481204542e-04 2.330827067669173636e-02 2.864661654135339242e-01 7.518796992481204542e-04 7.518796992481204542e-04 7.518796992481204542e-04 6.090225563909775625e-02 7.518796992481204542e-04 7.518796992481204542e-04 8.270676691729325972e-03 2.330827067669173636e-02 7.518796992481204542e-04 7.518796992481204542e-04 1.736842105263158298e-01 7.518796992481204542e-04 7.518796992481204542e-04 7.518796992481204542e-04 7.518796992481204542e-04 7.518796992481204542e-04 4.586466165413534413e-02 7.518796992481204542e-04 7.518796992481204542e-04
6.547619047619049511e-03 5.952380952380954002e-04 2.208333333333333814e-01 3.630952380952381237e-02 5.416666666666667546e-02 5.952380952380954002e-04 1.250000000000000243e-02 5.952380952380954002e-04 5.952380952380954002e-04 5.952380952380954002e-04 6.547619047619049511e-03 2.505952380952381486e-01 1.250000000000000243e-02 1.250000000000000243e-02 5.952380952380954002e-04 1.851190476190476553e-01 5.952380952380954002e-04 5.952380952380954002e-04 1.845238095238095621e-02 7.797619047619049060e-02 5.952380952380954002e-04 2.440476190476190826e-02 5.952380952380954002e-04 5.952380952380954002e-04 5.952380952380954002e-04 2.440476190476190826e-02 4.226190476190476442e-02 6.547619047619049511e-03 5.952380952380954002e-04 5.952380952380954002e-04
2.036659877800406869e-04 4.276985743380854778e-03 2.036659877800406869e-04 8.574338085539713605e-02 2.036659877800406869e-04 1.038696537678207403e-02 2.036659877800406869e-04 7.352342158859469234e-02 2.036659877800406869e-04 2.036659877800406869e-04 2.036659877800406869e-04 2.240325865580447637e-03 2.036659877800406869e-04 2.036659877800406869e-04 7.352342158859469234e-02 2.036659877800406869e-04 2.036659877800406869e-04 2.036659877800406869e-04 7.148676171079428043e-02 4.297352342158859001e-02 1.468431771894093130e-01 2.464358452138492098e-02 1.651731160896129924e-01 2.036659877800406869e-04 2.260692464358451600e-02 1.346232179226068693e-01 9.999999999999997780e-02 4.276985743380854778e-03 1.446028513238288744e-02 2.057026476578410756e-02
1.020066889632106726e-02 1.020066889632106726e-02 1.672240802675584929e-04 1.289297658862876006e-01 1.672240802675584929e-04 1.672240802675584929e-04 1.672240802675584929e-04 1.672240802675584929e-04 1.672240802675584929e-04 1.672240802675584929e-04 1.672240802675584929e-04 1.187290969899665316e-02 1.473244147157190265e-01 8.377926421404681412e-02 8.545150501672239829e-02 1.187290969899665316e-02 1.672240802675584929e-04 9.046822742474915080e-02 1.672240802675584929e-04 1.672240802675584929e-04 1.672240802675584929e-04 1.672240802675584929e-04 1.523411371237457790e-01 6.856187290969898047e-03 1.672240802675584929e-04 3.695652173913042959e-02 2.025083612040133318e-01 1.187290969899665316e-02 6.856187290969898047e-03 1.672240802675584929e-04
1.114827201783723422e-04 3.467112597547379604e-02 2.341137123745819226e-03 1.237458193979932945e-02 8.260869565217389410e-02 1.906354515050167134e-02 2.341137123745819226e-03 1.114827201783723422e-04 1.114827201783723422e-04 1.114827201783723422e-04 1.114827201783723422e-04 3.355629877369007558e-02 1.517279821627647574e-01 1.114827201783723422e-04 1.963210702341136871e-01 1.114827201783723422e-04 2.240802675585284315e-02 1.683389074693422346e-02 1.114827201783723422e-04 1.237458193979932945e-02 1.260869565217390964e-01 1.584169453734670940e-01 4.581939799331103541e-02 1.114827201783723422e-04 1.114827201783723422e-04 3.801560758082497132e-02 4.358974358974358754e-02 1.114827201783723422e-04 1.114827201783723422e-04 1.114827201783723422e-04
1.805054151624548367e-04 1.805054151624548367e-04 1.805054151624548367e-04 1.716606498194945263e-01 1.805054151624548367e-04 1.805054151624548367e-04 1.805054151624548367e-04 2.003610108303248774e-02 3.790613718411551571e-03 1.805054151624548367e-04 1.805054151624548367e-04 1.805054151624548367e-04 1.805054151624548367e-04 2.364620938628158447e-02 1.518050541516245133e-01 1.805054151624548367e-04 1.101083032490974417e-02 1.805054151624548367e-04 1.805054151624548367e-04 1.642599277978339101e-02 1.462093862815884091e-02 4.169675090252707161e-02 1.734657039711191007e-01 1.805054151624548367e-04 5.433212996389890498e-02 3.034296028880865692e-01 1.805054151624548367e-04 1.101083032490974417e-02 1.805054151624548367e-04 1.805054151624548367e-04
2.247191011235954603e-04 2.247191011235954603e-04 2.247191011235954603e-04 1.283146067415729952e-01 1.820224719101122893e-02 1.370786516853932102e-02 2.247191011235954603e-04 2.247191011235954603e-04 2.247191011235954603e-04 2.471910112359549955e-03 8.337078651685390918e-02 2.247191011235954603e-04 2.247191011235954603e-04 1.820224719101122893e-02 5.191011235955055036e-02 3.842696629213482318e-02 2.471910112359549955e-03 2.247191011235954603e-04 2.247191011235954603e-04 2.247191011235954603e-04 4.741573033707864593e-02 2.471910112359549955e-03 1.844943820224718423e-01 2.247191011235954603e-04 2.269662921348314030e-02 2.429213483146066554e-01 1.395505617977527701e-01 2.247191011235954603e-04 2.247191011235954603e-04 2.247191011235954603e-04
5.691056910569103518e-03 2.710027100271001623e-04 2.710027100271001623e-04 8.157181571815715071e-02 1.924119241192411012e-02 2.710027100271001623e-04 4.905149051490512863e-02 3.550135501355011769e-02 1.032520325203251654e-01 2.710027100271001623e-04 5.447154471544713578e-02 3.550135501355011769e-02 2.710027100271001623e-04 5.691056910569103518e-03 2.710027100271001623e-04 1.303523035230351734e-01 2.710027100271001623e-04 2.981029810298101677e-03 2.710027100271001623e-04 2.710027100271001623e-04 5.718157181571813241e-02 2.710027100271001623e-04 3.279132791327911411e-02 2.710027100271001623e-04 8.699186991869914398e-02 1.249322493224931663e-01 1.574525745257451814e-01 2.710027100271001623e-04 2.710027100271001623e-04 1.382113821138210644e-02
1.433566433566433110e-02 3.496503496503495958e-04 1.433566433566433110e-02 5.629370629370628737e-02 9.475524475524474410e-02 3.496503496503495958e-04 3.496503496503495958e-04 1.083916083916083677e-02 3.496503496503495958e-04 2.132867132867132323e-02 3.496503496503495958e-04 2.870629370629370070e-01 3.496503496503495958e-04 3.496503496503495958e-04 3.496503496503495958e-04 7.377622377622376770e-02 3.496503496503495958e-04 3.531468531468530403e-02 3.496503496503495958e-04 1.751748251748251328e-01 1.783216783216782717e-02 3.496503496503495958e-04 3.496503496503495958e-04 3.496503496503495958e-04 3.496503496503495958e-04 3.846153846153845500e-03 1.891608391608391171e-01 3.496503496503495958e-04 3.496503496503495958e-04 3.496503496503495958e-04
2.941176470588235036e-04 4.147058823529410632e-02 2.941176470588235036e-04 2.941176470588235036e-04 2.941176470588235036e-04 2.941176470588235036e-04 2.941176470588235036e-04 2.941176470588235036e-04 5.029411764705882248e-02 9.117647058823528938e-03 5.617647058823528605e-02 3.355882352941175761e-01 9.117647058823528938e-03 3.235294117647058432e-03 2.941176470588235036e-04 2.941176470588235036e-04 2.941176470588235036e-04 5.617647058823528605e-02 4.147058823529410632e-02 8.264705882352940680e-02 2.088235294117646648e-02 1.205882352941176246e-02 2.941176470588235036e-04 2.382352941176470174e-02 2.941176470588235036e-04 2.941176470588235036e-04 1.444117647058823228e-01 5.323529411764705427e-02 5.617647058823528605e-02 2.941176470588235036e-04
3.300330033003299286e-04 1.353135313531352545e-02 2.673267326732672172e-02 3.300330033003299286e-04 3.630363036303629106e-03 3.300330033003299286e-04 4.953795379537951904e-01 6.930693069306928175e-03 3.300330033003299286e-04 5.313531353135311774e-02 6.930693069306928175e-03 3.300330033003299286e-04 3.630363036303629106e-03 1.023102310231022681e-02 3.300330033003299286e-04 3.300330033003299286e-04 8.283828382838280546e-02 3.300330033003299286e-04 2.343234323432342309e-02 3.300330033003299286e-04 6.930693069306928175e-03 4.983498349834981217e-02 4.653465346534651353e-02 3.300330033003299286e-04 4.323432343234321490e-02 1.023102310231022681e-02 3.630363036303629106e-03 3.630363036303629106e-03 3.300330033003299286e-04 1.059405940594059098e-01
2.398081534772181765e-04 2.637889688249399778e-03 2.398081534772181765e-04 2.398081534772181765e-04 2.398081534772181765e-04 1.462829736211030719e-02 2.398081534772181765e-04 2.398081534772181765e-04 2.398081534772181765e-04 2.398081534772181765e-04 2.182254196642685259e-02 3.167865707434051603e-01 2.637889688249399778e-03 6.498800959232611807e-02 1.223021582733812597e-02 2.398081534772181765e-04 7.434052757793763525e-03 1.105515587529975752e-01 2.398081534772181765e-04 2.880095923261389856e-01 1.223021582733812597e-02 2.398081534772181765e-04 5.035971223021581435e-03 7.434052757793763525e-03 2.398081534772181765e-04 2.398081534772181765e-04 1.297362110311750250e-01 2.398081534772181765e-04 2.398081534772181765e-04 2.398081534772181765e-04
1.382113821138210817e-02 2.981029810298102111e-03 2.981029810298102111e-03 2.710027100271002166e-04 1.086720867208671726e-01 2.981029810298102111e-03 2.710027100271002166e-04 2.710027100271002166e-04 2.710027100271002166e-04 2.710027100271002166e-04 2.710027100271002166e-04 2.116531165311652252e-01 4.634146341463413893e-02 5.691056910569104385e-03 2.710027100271002166e-04 3.008130081300812095e-02 2.710027100271002166e-04 8.157181571815716459e-02 5.691056910569104385e-03 1.818428184281841997e-01 7.344173441734415386e-02 2.981029810298102111e-03 2.710027100271002166e-04 2.710027100271002166e-04 2.710027100271002166e-04 2.710027100271002166e-04 2.252032520325202292e-01 2.710027100271002166e-04 2.710027100271002166e-04 2.710027100271002166e-04
1.461988304093566737e-04 2.442982456140349867e-01 1.461988304093566737e-04 3.377192982456139747e-02 2.353801169590642728e-02 1.361111111111110439e-01 3.070175438596490364e-03 1.461988304093566737e-04 1.461988304093566737e-04 3.070175438596490364e-03 1.608187134502923627e-03 1.461988304093566737e-04 1.461988304093566737e-04 2.837719298245612864e-01 7.456140350877190140e-03 1.461988304093566737e-04 5.994152046783622970e-03 1.461988304093566737e-04 1.461988304093566737e-04 1.461988304093566737e-04 3.070175438596490364e-03 1.461988304093566737e-04 8.918128654970757310e-03 7.032163742690056285e-02 4.532163742690057534e-03 1.608187134502923627e-03 1.461988304093566737e-04 4.532163742690057534e-03 1.624269005847952529e-01 1.461988304093566737e-04
1.626506024096385089e-02 1.425702811244979572e-02 2.008032128514055769e-04 2.008032128514055769e-04 1.827309236947790780e-02 2.008032128514055769e-04 2.008032128514055769e-04 2.008032128514055769e-04 1.024096385542168364e-02 2.008032128514055769e-04 3.433734939759035959e-02 3.094377510040159929e-01 7.248995983935740961e-02 6.224899598393573291e-03 2.008032128514055769e-04 2.228915662650601814e-02 2.008032128514055769e-04 9.056224899598391831e-02 3.634538152610441303e-02 1.425702811244979572e-02 2.008032128514055769e-04 2.208835341365461644e-03 4.437751004016063372e-02 4.236947791164658028e-02 2.008032128514055769e-04 2.008032128514055769e-04 1.246987951807228684e-01 2.008032128514055769e-04 1.387550200803212286e-01 2.008032128514055769e-04
9.920634920634920626e-05 9.920634920634920626e-05 1.299603174603174496e-02 7.450396825396825295e-02 1.330357142857142849e-01 9.920634920634920626e-05 1.299603174603174496e-02 1.498015873015872898e-02 1.091269841269841296e-03 9.920634920634920626e-05 7.847222222222222099e-02 3.482142857142857262e-02 9.920634920634920626e-05 6.051587301587300904e-03 1.091269841269841296e-03 2.083333333333333304e-03 1.498015873015872898e-02 2.083333333333333304e-03 3.581349206349206810e-02 3.283730158730158860e-02 1.211309523809523808e-01 9.920634920634920626e-05 8.144841269841268661e-02 1.001984126984126894e-02 2.083333333333333304e-03 1.439484126984126866e-01 1.826388888888888784e-01 9.920634920634920626e-05 9.920634920634920626e-05 9.920634920634920626e-05
3.355704697986576458e-04 2.718120805369126855e-02 3.355704697986576458e-04 1.379194630872483118e-01 3.355704697986576458e-04 3.355704697986576458e-04 3.355704697986576458e-04 3.355704697986576458e-04 3.355704697986576458e-04 3.355704697986576458e-04 3.355704697986576458e-04 2.184563758389261034e-01 7.046979865771811104e-03 7.080536912751676792e-02 3.355704697986576458e-04 1.040268456375838778e-02 3.355704697986576458e-04 7.751677852348992648e-02 3.355704697986576458e-04 1.211409395973154224e-01 3.355704697986576458e-04 3.355704697986576458e-04 1.040268456375838778e-02 3.355704697986576458e-04 3.355704697986576458e-04 8.758389261744965737e-02 2.251677852348992759e-01 3.355704697986576458e-04 3.355704697986576458e-04 3.355704697986576458e-04
2.873563218390804558e-04 2.873563218390804558e-04 2.873563218390804558e-04 2.873563218390804558e-04 3.477011494252873341e-02 2.873563218390804558e-04 2.873563218390804558e-04 2.873563218390804558e-04 2.873563218390804558e-04 2.873563218390804558e-04 8.908045977011494129e-03 2.215517241379310054e-01 8.908045977011494129e-03 6.034482758620689571e-03 2.873563218390804558e-04 8.908045977011494129e-03 3.160919540229885447e-03 5.775862068965517682e-02 2.873563218390804558e-04 3.566091954022988508e-01 2.873563218390804558e-04 1.465517241379310324e-02 2.873563218390804558e-04 3.160919540229885447e-03 2.873563218390804558e-04 2.873563218390804558e-04 2.704022988505747072e-01 2.873563218390804558e-04 2.873563218390804558e-04 2.873563218390804558e-04
1.209189842805320216e-04 1.330108827085852265e-03 4.607013301088269674e-02 1.209189842805320216e-04 6.178960096735185842e-02 1.209189842805320216e-04 1.330108827085852265e-03 1.209189842805320216e-04 9.794437726723092749e-03 2.430471584038693469e-02 1.209189842805320216e-04 1.718258766626359901e-01 6.783555018137846226e-02 1.209189842805320216e-04 5.816203143893589750e-02 3.881499395405077490e-02 1.209189842805320216e-04 1.209189842805320216e-04 1.209189842805320216e-04 1.790810157194679120e-01 5.937122128174121549e-02 1.209189842805320216e-04 1.209189842805320216e-04 1.209189842805320216e-04 4.957678355501812101e-03 8.234582829504229207e-02 1.476420798065295747e-01 1.209189842805320216e-04 3.518742442563481398e-02 8.585247883917773021e-03
2.537313432835821420e-02 4.975124378109454593e-04 5.472636815920400161e-03 9.004975124378113149e-02 4.975124378109454593e-04 4.975124378109454593e-04 5.472636815920400161e-03 4.975124378109454593e-04 4.975124378109454593e-04 4.975124378109454593e-04 5.522388059701494045e-02 6.517412935323384227e-02 4.975124378109454593e-04 5.522388059701494045e-02 4.975124378109454593e-04 5.522388059701494045e-02 4.975124378109454593e-04 4.029850746268657385e-02 3.089552238805970963e-01 4.975124378109454593e-04 4.975124378109454593e-04 4.975124378109454593e-04 8.009950248756221580e-02 4.975124378109454593e-04 4.975124378109454593e-04 5.472636815920400161e-03 5.472636815920400161e-03 1.945273631840796769e-01 4.975124378109454593e-04 4.975124378109454593e-04
3.215434083601285704e-04 3.215434083601285704e-04 3.215434083601285704e-04 3.215434083601285704e-04 3.890675241157555420e-02 3.215434083601285704e-04 3.215434083601285704e-04 3.215434083601285704e-04 2.604501607717041312e-02 3.536977491961414491e-03 3.215434083601285704e-04 3.475884244372989262e-01 3.215434083601285704e-04 3.536977491961414491e-03 3.215434083601285704e-04 5.498392282958199095e-02 3.215434083601285704e-04 3.536977491961414491e-03 1.353697749196141331e-01 1.514469453376205421e-01 3.215434083601285704e-04 3.215434083601285704e-04 3.215434083601285704e-04 3.215434083601285704e-04 3.215434083601285704e-04 3.215434083601285704e-04 1.868167202572346974e-01 4.212218649517684294e-02 3.215434083601285704e-04 3.215434083601285704e-04
2.457002457002456400e-04 2.457002457002456400e-04 2.457002457002456400e-04 2.457002457002456400e-04 7.616707616707615001e-03 3.464373464373463052e-02 2.457002457002456400e-04 2.457002457002456400e-04 2.457002457002456400e-04 8.624078624078622413e-02 9.361179361179358671e-02 4.938574938574937651e-02 6.412776412776410861e-02 2.457002457002456400e-04 2.457002457002456400e-04 1.157248157248157022e-01 6.904176904176902163e-02 3.464373464373463052e-02 2.457002457002456400e-04 1.253071253071252715e-02 1.990171990171989494e-02 3.710073710073708703e-02 2.457002457002456400e-04 2.457002457002456400e-04 5.159705159705158493e-03 1.253071253071252715e-02 8.869778869778867370e-02 2.656019656019655284e-01 2.457002457002456400e-04 2.457002457002456400e-04
2.288961038961037989e-02 1.623376623376622833e-04 1.623376623376622833e-04 3.100649350649349600e-02 7.970779220779218577e-02 6.655844155844152857e-03 1.623376623376622833e-04 2.775974025974025164e-02 3.409090909090908058e-03 3.409090909090908058e-03 1.623376623376622833e-04 1.235389610389609899e-01 1.639610389610389116e-02 1.314935064935064332e-02 1.089285714285713746e-01 1.623376623376622833e-04 5.032467532467530674e-03 1.623376623376622833e-04 1.623376623376622833e-04 4.724025974025972824e-02 2.306818181818180991e-01 6.022727272727270570e-02 5.535714285714284089e-02 1.623376623376622833e-04 2.775974025974025164e-02 6.834415584415581835e-02 6.672077922077919443e-02 1.623376623376622833e-04 1.623376623376622833e-04 1.623376623376622833e-04
3.508771929824561686e-04 2.178947368421052799e-01 3.508771929824561686e-04 3.508771929824561686e-04 3.508771929824561686e-04 1.617543859649122895e-01 3.508771929824561686e-04 3.859649122807017746e-03 3.508771929824561686e-04 3.508771929824561686e-04 3.508771929824561686e-04 3.508771929824561686e-04 4.245614035087719174e-02 1.968421052631579016e-01 5.298245614035087397e-02 3.508771929824561686e-04 3.508771929824561686e-04 6.701754385964912852e-02 3.508771929824561686e-04 3.859649122807017746e-03 3.508771929824561686e-04 3.508771929824561686e-04 1.087719298245613982e-02 3.508771929824561686e-04 1.087719298245613982e-02 3.508771929824561686e-04 1.438596491228069998e-02 7.052631578947368696e-02 1.091228070175438714e-01 3.192982456140350950e-02
4.081632653061225725e-04 7.795918367346940658e-02 4.489795918367348732e-03 4.081632653061225725e-04 4.081632653061225725e-04 4.081632653061225725e-04 4.081632653061225725e-04 4.081632653061225725e-04 2.081632653061224816e-02 1.065306122448979875e-01 9.836734693877553781e-02 4.081632653061225725e-04 4.081632653061225725e-04 4.081632653061225725e-04 6.163265306122450021e-02 2.371428571428572107e-01 4.489795918367348732e-03 4.489795918367348732e-03 2.489795918367347302e-02 4.081632653061225725e-04 4.081632653061225725e-04 4.081632653061225725e-04 3.714285714285715106e-02 4.081632653061225725e-04 1.265306122448979845e-02 4.081632653061225725e-04 4.081632653061225725e-04 2.738775510204082275e-01 4.081632653061225725e-04 2.897959183673469788e-02
1.733102253032928739e-04 1.057192374350086374e-02 1.906412478336221667e-03 1.733102253032928739e-04 4.176776429809358343e-02 2.443674176776429105e-02 1.733102253032928739e-04 1.733102253032928739e-04 3.136915077989600731e-02 1.733102253032928739e-04 3.310225303292893551e-02 3.086655112651645605e-01 1.733102253032928739e-04 2.616984402079722272e-02 1.733102253032928739e-04 1.733102253032928739e-04 1.733102253032928739e-04 1.284228769497400002e-01 5.389948006932408081e-02 1.682842287694973626e-01 3.639514731369150081e-03 1.230502599653379193e-02 1.733102253032928739e-04 5.043327556325822442e-02 3.639514731369150081e-03 1.733102253032928739e-04 7.642980935875215431e-02 8.838821490467935540e-03 1.403812824956672187e-02 1.733102253032928739e-04
1.692047377326564867e-04 1.861252115059221354e-03 1.692047377326564867e-04 6.937394247038914871e-03 1.692047377326564867e-04 6.954314720812181105e-02 1.692047377326564867e-04 1.692047377326564867e-04 2.216582064297799998e-02 1.692047377326564867e-04 5.245346869712351305e-03 3.588832487309643882e-01 1.692047377326564867e-04 1.539763113367173877e-02 1.692047377326564867e-04 2.385786802030456441e-02 1.692047377326564867e-04 5.093062605752960575e-02 8.815566835871402329e-02 1.524534686971234787e-01 1.032148900169204547e-02 1.539763113367173877e-02 1.692047377326564867e-04 2.385786802030456441e-02 1.692047377326564867e-04 1.692047377326564867e-04 1.524534686971234787e-01 1.692047377326564867e-04 1.692047377326564867e-04 1.692047377326564867e-04
4.830917874396136770e-04 4.830917874396136770e-04 6.328502415458939212e-02 7.294685990338166393e-02 4.830917874396136770e-04 3.386473429951691316e-01 1.357487922705314376e-01 4.830917874396136770e-04 4.830917874396136770e-04 4.830917874396136770e-04 4.830917874396136770e-04 4.830917874396136770e-04 4.830917874396136770e-04 4.830917874396136770e-04 1.980676328502415859e-02 4.830917874396136770e-04 4.830917874396136770e-04 4.830917874396136770e-04 4.830917874396136770e-04 4.830917874396136770e-04 4.830917874396136770e-04 4.396135265700484157e-02 6.328502415458939212e-02 4.830917874396136770e-04 7.294685990338166393e-02 1.550724637681159812e-01 4.830917874396136770e-04 5.314009661835750881e-03 4.830917874396136770e-04 1.980676328502415859e-02
1.573469387755101478e-01 8.183673469387751920e-02 2.040816326530611778e-04 1.797959183673468742e-01 2.040816326530611778e-04 8.367346938775506449e-03 2.040816326530611778e-04 2.040816326530611778e-04 2.040816326530611778e-04 2.040816326530611778e-04 2.040816326530611778e-04 2.040816326530611778e-04 6.142857142857140879e-02 8.999999999999996891e-02 7.775510204081630128e-02 2.040816326530611778e-04 2.040816326530611778e-04 2.877551020408162033e-02 2.040816326530611778e-04 2.040816326530611778e-04 2.040816326530611778e-04 2.040816326530611778e-04 2.124489795918366453e-01 2.244897959183673065e-03 2.040816326530611778e-04 5.326530612244896601e-02 2.040816326530611778e-04 2.040816326530611778e-04 3.489795918367345762e-02 8.367346938775506449e-03
1.243781094527363106e-04 7.599502487562187492e-02 1.243781094527363106e-04 3.495024875621890320e-02 5.609452736318407129e-02 3.246268656716417428e-02 1.368159203980099390e-03 1.243781094527363106e-04 1.243781094527363106e-04 3.495024875621890320e-02 2.611940298507462333e-03 1.243781094527363106e-04 2.126865671641790800e-02 1.058457711442785804e-01 4.490049751243780501e-02 1.243781094527363106e-04 1.243781094527363106e-04 1.243781094527363106e-04 5.099502487562188220e-03 4.241293532338308303e-02 4.863184079601989840e-02 1.504975124378109264e-02 4.116915422885571857e-02 1.243781094527363106e-04 3.121890547263681329e-02 1.243781094527363106e-04 1.368159203980099390e-03 1.243781094527363106e-04 4.031094527363183744e-01 1.243781094527363106e-04
2.749999999999998973e-03 2.499999999999998968e-04 1.274999999999999398e-02 2.499999999999998968e-04 2.499999999999998968e-04 2.499999999999998968e-04 2.499999999999998968e-04 7.749999999999997342e-03 2.499999999999998968e-04 2.499999999999998968e-04 1.377499999999999558e-01 2.499999999999998968e-04 4.024999999999998718e-02 1.524999999999999273e-02 2.499999999999998968e-04 2.499999999999998968e-04 2.499999999999998968e-04 3.227499999999998703e-01 2.977499999999998481e-01 2.499999999999998968e-04 2.499999999999998968e-04 5.249999999999997724e-03 1.274999999999999398e-02 2.499999999999998968e-04 2.499999999999998968e-04 2.499999999999998968e-04 1.252499999999999447e-01 2.749999999999998973e-03 1.274999999999999398e-02 2.499999999999998968e-04
