2.092050209205020524e-04 2.428870292887028715e-01 2.010460251046024549e-01 7.133891213389119412e-02 2.301255230125522685e-03 2.092050209205020524e-04 2.092050209205020524e-04 2.092050209205020524e-04 4.832635983263597335e-02 2.092050209205020524e-04 2.301255230125522685e-03 1.485355648535564496e-02 2.092050209205020524e-04 3.786610878661086921e-02 1.152719665271966232e-01 4.832635983263597335e-02 2.092050209205020524e-04 2.092050209205020524e-04 2.092050209205020524e-04 1.485355648535564496e-02 2.092050209205020524e-04 2.092050209205020524e-04 2.092050209205020524e-04 2.092050209205020524e-04 2.092050209205020524e-04 1.968619246861924021e-01 2.092050209205020524e-04 2.092050209205020524e-04 2.092050209205020524e-04 2.092050209205020524e-04
2.702702702702702744e-04 5.675675675675675817e-03 4.891891891891892580e-02 5.675675675675675817e-03 2.702702702702702744e-04 2.702702702702702744e-04 2.702702702702702744e-04 2.702702702702702744e-04 1.108108108108108066e-02 6.783783783783783883e-02 4.081081081081081030e-02 1.918918918918918748e-02 2.972972972972973398e-03 2.702702702702702744e-04 4.081081081081081030e-02 4.081081081081081030e-02 2.702702702702702744e-04 1.840540540540540337e-01 2.972972972972973398e-03 2.702702702702702744e-04 2.702702702702702744e-04 2.702702702702702744e-04 2.702702702702702744e-04 4.351351351351352009e-02 2.702702702702702744e-04 2.189189189189189033e-02 2.840540540540540393e-01 2.702702702702702744e-04 2.702702702702702744e-04 1.759459459459459252e-01
3.985507246376812293e-03 1.123188405797101441e-02 3.623188405797101493e-04 3.623188405797101493e-04 3.623188405797101493e-04 3.623188405797101493e-04 1.847826086956521480e-02 3.623188405797101493e-04 3.623188405797101493e-04 1.307971014492753659e-01 3.623188405797101493e-04 3.623188405797101493e-04 3.623188405797101493e-04 3.623188405797101493e-04 3.623188405797101493e-04 3.623188405797101493e-04 3.623188405797101493e-04 1.380434782608695732e-01 3.623188405797101493e-04 1.634057971014492849e-01 3.297101449275362250e-02 3.623188405797101493e-04 1.485507246376811460e-02 5.833333333333334120e-02 3.623188405797101493e-04 3.623188405797101493e-04 3.047101449275362306e-01 3.623188405797101493e-04 2.210144927536231846e-02 9.456521739130435700e-02
2.958579881656803689e-04 2.958579881656803689e-04 2.958579881656803689e-04 2.958579881656803689e-04 4.171597633136093358e-02 3.254437869822484220e-03 2.958579881656803689e-04 2.958579881656803689e-04 2.958579881656803689e-04 2.958579881656803689e-04 6.538461538461536049e-02 2.958579881656803689e-04 4.322485207100590365e-01 8.017751479289939032e-02 2.958579881656803689e-04 1.363905325443786620e-01 1.213017751479289474e-02 4.763313609467454551e-02 2.958579881656803689e-04 2.958579881656803689e-04 2.958579881656803689e-04 2.958579881656803689e-04 2.958579881656803689e-04 3.284023668639052262e-02 9.171597633136092248e-03 1.508875739644969724e-02 5.650887573964495647e-02 2.958579881656803689e-04 2.958579881656803689e-04 6.242603550295856146e-02
2.087682672233820576e-04 2.087682672233820576e-04 2.087682672233820576e-04 2.087682672233820576e-04 2.296450939457202797e-03 2.087682672233820576e-04 2.087682672233820576e-04 1.273486430062630362e-02 5.240083507306889793e-02 6.910229645093945994e-02 6.471816283924843732e-03 7.954070981210856206e-02 2.087682672233820576e-04 2.087682672233820576e-04 2.087682672233820576e-04 4.384133611691023481e-03 1.482254697286012474e-02 1.797494780793319202e-01 2.087682672233820576e-04 6.910229645093945994e-02 1.482254697286012474e-02 2.087682672233820576e-04 2.087682672233820576e-04 2.087682672233820576e-04 2.296450939457202797e-03 2.087682672233820576e-04 1.609603340292275475e-01 2.087682672233820576e-04 1.273486430062630362e-02 3.154488517745302478e-01
1.547169811320754651e-02 4.188679245283018909e-02 3.773584905660377713e-04 4.150943396226415213e-03 3.773584905660377713e-04 3.773584905660377713e-04 1.098113207547169873e-01 3.773584905660377713e-04 3.773584905660377713e-04 6.075471698113207863e-02 6.452830188679245516e-02 3.773584905660377713e-04 3.773584905660377713e-04 3.773584905660377713e-04 3.773584905660377713e-04 7.924528301886793469e-03 1.924528301886792303e-02 2.079245283018867907e-01 3.773584905660377713e-04 3.773584905660377713e-04 4.150943396226415213e-03 3.773584905660377713e-04 6.452830188679245516e-02 3.773584905660377713e-04 5.320754716981131865e-02 3.773584905660377713e-04 1.400000000000000133e-01 4.150943396226415213e-03 9.471698113207548120e-02 1.022641509433962342e-01
2.732240437158469943e-04 6.311475409836066197e-02 1.393442622950819519e-02 2.243169398907103596e-01 2.732240437158469943e-04 2.732240437158469943e-04 2.732240437158469943e-04 1.939890710382513594e-02 2.732240437158469943e-04 6.311475409836066197e-02 5.737704918032787531e-03 2.732240437158469943e-04 4.672131147540983798e-02 2.732240437158469943e-04 2.732240437158469943e-04 2.732240437158469943e-04 5.765027322404372295e-02 2.732240437158469943e-04 2.732240437158469943e-04 2.732240437158469943e-04 1.942622950819671845e-01 2.732240437158469943e-04 2.732240437158469943e-04 2.732240437158469943e-04 2.732240437158469943e-04 2.732240437158469943e-04 1.860655737704917934e-01 6.857923497267759405e-02 5.218579234972677700e-02 2.732240437158469943e-04
2.212389380530973692e-04 2.212389380530973692e-04 2.212389380530973692e-04 2.212389380530973692e-04 2.212389380530973692e-04 2.212389380530973692e-04 4.646017699115044183e-03 2.212389380530973692e-04 2.455752212389380323e-02 2.212389380530973692e-04 2.212389380530973692e-04 6.659292035398230170e-02 2.212389380530973692e-04 2.212389380530973692e-04 4.646017699115044183e-03 1.570796460176990955e-02 2.898230088495575008e-02 1.926991150442477763e-01 2.212389380530973692e-04 1.196902654867256638e-01 2.898230088495575008e-02 2.212389380530973692e-04 2.212389380530973692e-04 2.212389380530973692e-04 2.212389380530973692e-04 1.570796460176990955e-02 1.838495575221238687e-01 2.212389380530973692e-04 2.212389380530973692e-04 3.099557522123893571e-01
2.044609665427508851e-03 1.858736059479553599e-04 1.858736059479553599e-04 1.858736059479553599e-04 1.858736059479553599e-04 1.858736059479553599e-04 2.063197026022304398e-02 4.665427509293679914e-02 3.903345724907062667e-03 1.858736059479553599e-04 1.858736059479553599e-04 7.453531598513009337e-02 1.858736059479553599e-04 2.044609665427508851e-03 5.594795539033456389e-02 2.083643122676579473e-01 1.172862453531598320e-01 1.079925650557620603e-01 1.858736059479553599e-04 7.825278810408919927e-02 1.858736059479553599e-04 1.133828996282527576e-02 1.858736059479553599e-04 4.107806691449813336e-02 1.079925650557620603e-01 1.505576208178438340e-02 2.992565055762081566e-02 1.858736059479553599e-04 1.858736059479553599e-04 7.453531598513009337e-02
1.016393442622950428e-02 3.278688524590162847e-04 3.606557377049179457e-03 3.278688524590162847e-04 3.278688524590162847e-04 3.278688524590162847e-04 3.278688524590162847e-04 3.278688524590162847e-04 3.278688524590162847e-04 3.278688524590162847e-04 3.278688524590162847e-04 6.885245901639342088e-03 3.606557377049179457e-03 5.281967213114752147e-01 3.278688524590162847e-04 1.380327868852458673e-01 2.167213114754097392e-01 4.622950819672129452e-02 3.278688524590162847e-04 6.885245901639342088e-03 1.016393442622950428e-02 3.278688524590162847e-04 1.344262295081966561e-02 3.278688524590162847e-04 3.278688524590162847e-04 3.278688524590162847e-04 3.278688524590162847e-04 3.278688524590162847e-04 1.016393442622950428e-02 3.278688524590162847e-04
2.610966057441253189e-04 5.483028720626632185e-03 5.509138381201044571e-02 2.610966057441253189e-04 2.637075718015665857e-02 2.610966057441253189e-04 2.610966057441253189e-04 2.610966057441253189e-04 2.610966057441253189e-04 2.979112271540469981e-01 2.610966057441253189e-04 2.610966057441253189e-04 8.093994778067884616e-03 2.610966057441253189e-04 5.770234986945169814e-02 2.872062663185378888e-03 2.610966057441253189e-04 3.159268929503916690e-02 2.375979112271540267e-02 5.483028720626632185e-03 2.610966057441253189e-04 2.610966057441253189e-04 2.610966057441253189e-04 2.610966057441253189e-04 2.610966057441253189e-04 8.120104438642297695e-02 7.859007832898172452e-02 2.610966057441253189e-04 1.046997389033942627e-01 2.169712793733681311e-01
5.405405405405407657e-04 2.329729729729730636e-01 3.627027027027027728e-01 2.756756756756757396e-02 5.405405405405407657e-04 1.135135135135135510e-02 5.405405405405407657e-04 5.405405405405407657e-04 5.405405405405407657e-04 5.405405405405407657e-04 5.405405405405407657e-04 5.945945945945948531e-03 5.405405405405407657e-04 5.405405405405407657e-04 5.405405405405407657e-04 5.405405405405407657e-04 5.405405405405407657e-04 5.405405405405407657e-04 2.275675675675676579e-01 5.405405405405407657e-04 5.405405405405407657e-04 5.405405405405407657e-04 5.405405405405407657e-04 5.405405405405407657e-04 3.297297297297298313e-02 1.135135135135135510e-02 5.405405405405407657e-04 5.405405405405407657e-04 7.621621621621624265e-02 5.405405405405407657e-04
2.469135802469135318e-04 6.691358024691355932e-02 2.469135802469135318e-04 2.469135802469135318e-04 2.469135802469135318e-04 2.469135802469135318e-04 2.469135802469135318e-04 2.469135802469135318e-04 7.432098765432096354e-02 2.469135802469135318e-04 2.469135802469135318e-04 2.469135802469135318e-04 2.469135802469135318e-04 4.716049382716048372e-02 1.039506172839505943e-01 2.469135802469135318e-04 2.716049382716048850e-03 2.397530864197530143e-01 2.469135802469135318e-04 8.913580246913578586e-02 2.469135802469135318e-04 2.469135802469135318e-04 2.469135802469135318e-04 1.999999999999999348e-02 7.432098765432096354e-02 7.925925925925923765e-02 7.679012345679010754e-02 2.469135802469135318e-04 7.654320987654319487e-03 1.138271604938271286e-01
1.949317738791422677e-04 2.144249512670564836e-03 1.949317738791422677e-04 2.553606237816763436e-02 1.949317738791422677e-04 1.949317738791422677e-04 6.257309941520466934e-02 1.949317738791422677e-04 1.949317738791422677e-04 7.037037037037036091e-02 3.138401559454190304e-02 3.138401559454190304e-02 1.949317738791422677e-04 2.144249512670564836e-03 1.949317738791422677e-04 1.968810916179336568e-02 1.949317738791422677e-04 9.181286549707601274e-02 1.949317738791422677e-04 3.918128654970759461e-02 1.773879142300194625e-02 9.941520467836254676e-03 1.949317738791422677e-04 1.949317738791422677e-04 1.949317738791422677e-04 6.042884990253409756e-03 4.621832358674463070e-01 1.949317738791422677e-04 3.918128654970759461e-02 8.596491228070174406e-02
1.976284584980236858e-04 3.972332015810275951e-02 1.976284584980236858e-04 2.173913043478260462e-03 1.976284584980236858e-04 1.976284584980236858e-04 1.976284584980236858e-04 6.343873517786560723e-02 2.173913043478260462e-03 1.600790513833991527e-02 2.173913043478260462e-03 7.332015810276679146e-02 1.976284584980236858e-04 5.158102766798418337e-02 4.565217391304347144e-02 1.839920948616600160e-01 4.169960474308299914e-02 1.187747035573122334e-01 1.976284584980236858e-04 1.976284584980236858e-04 1.976284584980236858e-04 2.984189723320157528e-02 1.976284584980236858e-04 1.976284584980236858e-04 5.553359683794465568e-02 1.205533596837944296e-02 2.274703557312252322e-01 3.181818181818181490e-02 1.976284584980236858e-04 1.976284584980236858e-04
2.583979328165373918e-04 2.583979328165373918e-04 2.583979328165373918e-04 2.583979328165373918e-04 2.583979328165373918e-04 2.583979328165373918e-04 3.361757105943151136e-01 8.294573643410850516e-02 2.583979328165373918e-04 2.583979328165373918e-04 5.968992248062014033e-02 9.328165374676999910e-02 5.426356589147285879e-03 2.583979328165373918e-04 1.346253229974159749e-01 6.227390180878551729e-02 2.093023255813952765e-02 3.643410852713176856e-02 2.583979328165373918e-04 2.583979328165373918e-04 2.583979328165373918e-04 2.583979328165373918e-04 2.842377260981911527e-03 2.583979328165373918e-04 6.227390180878551729e-02 2.583979328165373918e-04 5.452196382428939336e-02 2.868217054263564811e-02 2.583979328165373918e-04 1.576227390180878069e-02
6.802721088435375848e-04 9.591836734693878763e-02 6.802721088435375848e-04 6.802721088435375848e-04 4.149659863945578953e-02 6.802721088435375848e-04 4.149659863945578953e-02 7.551020408163267028e-02 6.802721088435375848e-04 6.802721088435375848e-04 3.469387755102041476e-02 1.095238095238095510e-01 6.802721088435375848e-04 6.802721088435375848e-04 2.523809523809524280e-01 1.163265306122449327e-01 8.231292517006803811e-02 6.802721088435375848e-04 6.802721088435375848e-04 6.802721088435375848e-04 3.469387755102041476e-02 6.802721088435375848e-04 6.802721088435375848e-04 6.802721088435375848e-04 1.027210884353741693e-01 6.802721088435375848e-04 6.802721088435375848e-04 6.802721088435375848e-04 6.802721088435375848e-04 6.802721088435375848e-04
1.414427157001414367e-04 1.414427157001414367e-04 1.555869872701555641e-03 4.964639321074963696e-02 1.414427157001414367e-04 1.414427157001414367e-04 1.414427157001414367e-04 8.642149929278640508e-02 1.145685997171145415e-02 7.934936350777933856e-02 1.414427157001414367e-04 7.213578500707211807e-03 1.414427157001414367e-04 1.414427157001414367e-04 5.813295615275812511e-02 8.500707213578499732e-02 3.550212164073549698e-02 1.090523338048090263e-01 1.414427157001414367e-04 1.005657708628005381e-01 1.414427157001414367e-04 2.970297029702969899e-03 1.414427157001414367e-04 1.414427157001414367e-04 1.414427157001414367e-04 1.414427157001414367e-04 2.943422913719943024e-01 1.555869872701555641e-03 7.213578500707211807e-03 6.803394625176802102e-02
2.879581151832460214e-03 1.599476439790575577e-01 1.335078534031413147e-02 5.785340314136123985e-02 2.617801047120418031e-04 2.617801047120418031e-04 1.073298429319371333e-02 5.785340314136123985e-02 8.115183246073296927e-03 2.879581151832460214e-03 2.617801047120418031e-04 2.617801047120418031e-04 4.738219895287957423e-02 5.212041884816752679e-01 2.617801047120418031e-04 6.832460732984291241e-02 2.617801047120418031e-04 2.617801047120418031e-04 2.617801047120418031e-04 2.617801047120418031e-04 2.617801047120418031e-04 2.617801047120418031e-04 2.617801047120418031e-04 2.617801047120418031e-04 2.617801047120418031e-04 4.214659685863873795e-02 2.617801047120418031e-04 2.879581151832460214e-03 2.617801047120418031e-04 2.617801047120418031e-04
2.048417132216014472e-03 1.862197392923649569e-04 1.862197392923649569e-04 7.635009310986962637e-03 1.862197392923649569e-04 3.910614525139664149e-03 2.048417132216014472e-03 1.081936685288640426e-01 1.862197392923649569e-04 5.418994413407820371e-02 1.862197392923649569e-04 2.048417132216014472e-03 1.862197392923649569e-04 3.910614525139664149e-03 5.046554934823090782e-02 8.212290502793294367e-02 5.791433891992549959e-02 1.789571694599627061e-01 1.862197392923649569e-04 9.329608938547484520e-02 1.862197392923649569e-04 1.862197392923649569e-04 1.862197392923649569e-04 1.862197392923649569e-04 2.625698324022345681e-02 1.862197392923649569e-04 2.776536312849161581e-01 1.862197392923649569e-04 7.635009310986962637e-03 3.929236499068900629e-02
3.038674033149171231e-03 2.762430939226519005e-04 3.038674033149171231e-03 2.762430939226519005e-04 2.762430939226519005e-04 4.447513812154695739e-02 3.066298342541435781e-02 5.276243093922651506e-02 2.762430939226519005e-04 6.104972375690607272e-02 3.038674033149171231e-03 2.237569060773480362e-02 5.801104972375690019e-03 2.762430939226519005e-04 1.408839779005524595e-02 2.762430939226519005e-04 3.038674033149171231e-03 1.825966850828728838e-01 2.237569060773480362e-02 2.762430939226519005e-04 2.762430939226519005e-04 2.762430939226519005e-04 2.762430939226519005e-04 2.790055248618783859e-02 3.038674033149171231e-03 1.961325966850828439e-02 4.533149171270717259e-01 2.762430939226519005e-04 1.408839779005524595e-02 3.066298342541435781e-02
2.610966057441252647e-04 1.592689295039163844e-02 2.639686684073105916e-01 2.610966057441252647e-04 3.681462140992165788e-02 1.543080939947780172e-01 2.610966057441252647e-04 1.331592689295038601e-02 2.610966057441252647e-04 2.610966057441252647e-04 6.814621409921668704e-02 2.610966057441252647e-04 4.203655352480416968e-02 2.610966057441252647e-04 2.610966057441252647e-04 5.248041775456917940e-02 2.610966057441252647e-04 2.610966057441252647e-04 2.378590078328980950e-01 4.203655352480416968e-02 2.610966057441252647e-04 2.610966057441252647e-04 2.637075718015664816e-02 2.610966057441252647e-04 2.610966057441252647e-04 3.159268929503915302e-02 2.610966057441252647e-04 2.610966057441252647e-04 1.070496083550913358e-02 2.610966057441252647e-04
1.923076923076922804e-04 1.923076923076922804e-04 1.923076923076922804e-04 1.923076923076922804e-04 1.923076923076922804e-04 1.923076923076922804e-04 1.923076923076922804e-04 1.923076923076922804e-04 6.173076923076922101e-02 1.923076923076922804e-04 1.173076923076922691e-02 8.673076923076920852e-02 4.038461538461537645e-03 2.903846153846153036e-02 1.923076923076922804e-04 8.480769230769229228e-02 7.134615384615383693e-02 1.117307692307692030e-01 1.923076923076922804e-04 2.711538461538460718e-02 1.923076923076922804e-04 1.923076923076922804e-04 2.115384615384614895e-03 1.923076923076922804e-04 4.442307692307691930e-02 7.134615384615383693e-02 8.480769230769229228e-02 1.923076923076922804e-04 1.923076923076922804e-04 3.059615384615383959e-01
2.915451895043731732e-04 2.915451895043731732e-04 2.915451895043731732e-04 2.915451895043731732e-04 2.915451895043731732e-04 2.915451895043731732e-04 3.268221574344022939e-01 4.693877551020408240e-02 2.915451895043731732e-04 3.206997084548105122e-03 2.915451895043731732e-04 8.483965014577260488e-02 2.915451895043731732e-04 2.915451895043731732e-04 1.344023323615160526e-01 2.915451895043731732e-04 3.206997084548105122e-03 3.206997084548105122e-03 2.915451895043731732e-04 2.915451895043731732e-04 2.915451895043731732e-04 2.915451895043731732e-04 2.915451895043731732e-04 2.915451895043731732e-04 3.206997084548105122e-03 2.915451895043731732e-04 2.539358600583090375e-01 1.227405247813411066e-01 1.195335276967929988e-02 2.915451895043731732e-04
2.057613168724279522e-04 2.057613168724279522e-04 2.057613168724279522e-04 2.057613168724279522e-04 2.057613168724279522e-04 2.057613168724279522e-04 8.045267489711932507e-02 4.135802469135801962e-02 2.057613168724279522e-04 6.399176954732509193e-02 2.057613168724279522e-04 6.193415637860081452e-02 2.057613168724279522e-04 2.057613168724279522e-04 1.666666666666666297e-02 2.057613168724279522e-04 2.057613168724279522e-04 8.456790123456787989e-02 2.057613168724279522e-04 8.662551440329216423e-02 2.057613168724279522e-04 2.057613168724279522e-04 2.057613168724279522e-04 2.078189300411522125e-02 2.057613168724279522e-04 2.057613168724279522e-04 4.590534979423867012e-01 2.057613168724279522e-04 7.839506172839504072e-02 2.263374485596707664e-03
2.840909090909090771e-04 2.840909090909090771e-04 2.840909090909090771e-04 2.840909090909090771e-04 2.840909090909090771e-04 3.124999999999999740e-03 3.326704545454544637e-01 4.857954545454545164e-02 2.840909090909090771e-04 2.840909090909090771e-04 2.840909090909090771e-04 7.982954545454544470e-02 2.840909090909090771e-04 2.840909090909090771e-04 1.735795454545454308e-01 3.124999999999999740e-03 2.840909090909090771e-04 2.840909090909090771e-04 2.840909090909090771e-04 2.840909090909090771e-04 2.840909090909090771e-04 2.840909090909090771e-04 2.840909090909090771e-04 2.840909090909090771e-04 2.840909090909090771e-04 2.840909090909090771e-04 2.446022727272726682e-01 9.687499999999998890e-02 1.164772727272726967e-02 2.840909090909090771e-04
2.049180327868852186e-04 2.049180327868852186e-04 2.049180327868852186e-04 2.049180327868852186e-04 2.049180327868852186e-04 2.049180327868852186e-04 2.049180327868852186e-04 4.303278688524589564e-03 2.049180327868852186e-04 2.049180327868852186e-04 2.049180327868852186e-04 1.702868852459015758e-01 2.049180327868852186e-04 2.049180327868852186e-04 4.303278688524589564e-03 2.276639344262294529e-01 3.299180327868851681e-02 2.684426229508195955e-02 2.049180327868852186e-04 1.864754098360655102e-02 2.049180327868852186e-04 3.834016393442621906e-01 2.049180327868852186e-04 4.303278688524589564e-03 2.049180327868852186e-04 2.049180327868852186e-04 1.047131147540983354e-01 2.049180327868852186e-04 2.049180327868852186e-04 1.864754098360655102e-02
3.214285714285714662e-02 3.968253968253969335e-04 3.968253968253969335e-04 3.968253968253969335e-04 3.968253968253969335e-04 1.908730158730159165e-01 3.968253968253969335e-04 4.365079365079366051e-03 3.968253968253969335e-04 3.968253968253969335e-04 9.563492063492065598e-02 1.230158730158730472e-02 3.968253968253969335e-04 3.968253968253969335e-04 3.968253968253969335e-04 3.968253968253969335e-04 8.333333333333334952e-03 2.420634920634921056e-02 1.829365079365079805e-01 8.333333333333334952e-03 3.968253968253969335e-04 3.968253968253969335e-04 2.543650793650794051e-01 3.968253968253969335e-04 3.968253968253969335e-04 3.968253968253969335e-04 1.035714285714286059e-01 3.611111111111111466e-02 4.007936507936508963e-02 3.968253968253969335e-04
3.433835845896147931e-03 3.023450586264657403e-02 3.433835845896147931e-03 6.457286432160805334e-02 8.375209380234507612e-05 9.296482412060302555e-03 1.056113902847571340e-01 1.850921273031826131e-02 8.375209380234507612e-05 8.375209380234507612e-05 3.358458961474037469e-02 8.718592964824121994e-02 8.375209380234507612e-05 7.621440536013401358e-03 4.530988274706868740e-02 1.801507537688442628e-01 4.112227805695143484e-02 8.375209380234507612e-05 8.375209380234507612e-05 8.375209380234507612e-05 8.375209380234507612e-05 7.797319932998325598e-02 2.185929648241206544e-02 4.279731993299833170e-02 6.541038525963149830e-02 3.525963149078727848e-02 1.106365159128978454e-01 1.013400335008375446e-02 5.108877721943049129e-03 8.375209380234507612e-05
9.662650602409636469e-02 1.469879518072288692e-02 9.879518072289152422e-03 2.409638554216866815e-04 5.566265060240963014e-02 2.409638554216866815e-04 1.710843373493975417e-02 2.409638554216866815e-04 1.038554216867469682e-01 5.566265060240963014e-02 5.325301204819275769e-02 2.674698795180721969e-02 2.409638554216866815e-04 7.469879518072286909e-03 2.409638554216866815e-04 2.409638554216866815e-04 2.409638554216866815e-04 1.761445783132529475e-01 2.409638554216866815e-04 2.409638554216866815e-04 6.530120481927709220e-02 2.409638554216866815e-04 2.409638554216866815e-04 7.975903614457829915e-02 2.409638554216866815e-04 2.409638554216866815e-04 2.074698795180722199e-01 7.469879518072286909e-03 2.409638554216866815e-04 1.951807228915661968e-02
2.311475409836065073e-02 1.639344262295081695e-04 1.639344262295081695e-04 1.639344262295081695e-04 1.639344262295081695e-04 8.360655737704916074e-03 6.901639344262293363e-02 1.163934426229507914e-02 1.639344262295081695e-04 6.573770491803278271e-02 1.639344262295081695e-04 1.067213114754098080e-01 1.639344262295081695e-04 1.639344262295081695e-04 1.983606557377048593e-02 1.639344262295081695e-04 8.360655737704916074e-03 1.231147540983606181e-01 1.639344262295081695e-04 8.360655737704916074e-03 1.639344262295081695e-04 1.639344262295081695e-04 1.639344262295081695e-04 3.442622950819671478e-03 3.786885245901638886e-02 6.721311475409834542e-03 4.755737704918032160e-01 1.639344262295081695e-04 2.967213114754098033e-02 1.639344262295081695e-04
2.150537634408601878e-04 2.150537634408601878e-04 1.096774193548386706e-02 2.150537634408601878e-04 2.150537634408601878e-04 2.150537634408601878e-04 1.526881720430107135e-02 2.367741935483870241e-01 2.150537634408601878e-04 2.150537634408601878e-04 2.150537634408601878e-04 9.698924731182793912e-02 2.150537634408601878e-04 2.150537634408601878e-04 5.827956989247310565e-02 3.098924731182794989e-01 2.045161290322579928e-01 2.150537634408601878e-04 2.150537634408601878e-04 5.397849462365590656e-02 4.516129032258063211e-03 2.150537634408601878e-04 2.365591397849461930e-03 2.150537634408601878e-04 2.150537634408601878e-04 2.150537634408601878e-04 2.150537634408601878e-04 2.150537634408601878e-04 2.150537634408601878e-04 2.365591397849461930e-03
1.999999999999999554e-04 1.999999999999999554e-04 1.999999999999999554e-04 2.199999999999999699e-03 2.199999999999999699e-03 1.999999999999999554e-04 1.999999999999999554e-04 4.019999999999999268e-02 1.999999999999999554e-04 1.999999999999999554e-04 1.999999999999999554e-04 1.441999999999999671e-01 1.999999999999999554e-04 1.999999999999999554e-04 1.999999999999999554e-04 2.401999999999999413e-01 2.419999999999999235e-02 2.219999999999999404e-02 1.999999999999999554e-04 3.619999999999999607e-02 1.999999999999999554e-04 3.801999999999999269e-01 1.999999999999999554e-04 2.199999999999999699e-03 1.999999999999999554e-04 1.999999999999999554e-04 6.219999999999999141e-02 1.999999999999999554e-04 6.199999999999998915e-03 3.419999999999999429e-02
1.516055045871559093e-01 2.293577981651375732e-04 9.403669724770639254e-03 2.293577981651375732e-04 6.215596330275228315e-02 2.293577981651375732e-04 4.610091743119264923e-02 2.293577981651375732e-04 4.816513761467888441e-03 2.293577981651375732e-04 2.293577981651375732e-04 2.293577981651375732e-04 2.522935779816513468e-03 6.903669724770640503e-02 6.444954128440365249e-02 2.293577981651375732e-04 7.110091743119264715e-03 2.087155963302751716e-02 2.293577981651375732e-04 7.362385321100915758e-02 2.522935779816513468e-03 2.293577981651375732e-04 2.293577981651375732e-04 2.293577981651375732e-04 2.662844036697246675e-01 6.215596330275228315e-02 8.050458715596328640e-02 2.293577981651375732e-04 6.674311926605502876e-02 7.110091743119264715e-03
2.832861189801700067e-04 2.832861189801700067e-04 2.832861189801700067e-04 2.832861189801700067e-04 2.832861189801700067e-04 8.781869688385270101e-03 3.487252124645892071e-01 5.127478753541076656e-02 2.832861189801700067e-04 2.832861189801700067e-04 3.116147308781869966e-03 1.079320113314447688e-01 2.832861189801700067e-04 2.832861189801700067e-04 1.220963172804532676e-01 2.832861189801700067e-04 2.832861189801700067e-04 8.781869688385270101e-03 2.832861189801700067e-04 2.832861189801700067e-04 2.832861189801700067e-04 2.832861189801700067e-04 2.832861189801700067e-04 2.832861189801700067e-04 2.832861189801700067e-04 2.832861189801700067e-04 2.354107648725212165e-01 1.079320113314447688e-01 2.832861189801700067e-04 2.832861189801700067e-04
2.150537634408601607e-04 2.150537634408601607e-04 4.516129032258063211e-03 2.150537634408601607e-04 2.150537634408601607e-04 2.150537634408601607e-04 2.172043010752687173e-02 2.561290322580644374e-01 2.150537634408601607e-04 2.365591397849461496e-03 2.150537634408601607e-04 9.483870967741932223e-02 2.150537634408601607e-04 2.150537634408601607e-04 4.537634408602149449e-02 3.313978494623654458e-01 1.722580645161289614e-01 1.096774193548386532e-02 8.817204301075264039e-03 3.892473118279568545e-02 2.150537634408601607e-04 2.150537634408601607e-04 2.150537634408601607e-04 2.150537634408601607e-04 2.150537634408601607e-04 6.666666666666664492e-03 2.150537634408601607e-04 2.150537634408601607e-04 2.150537634408601607e-04 2.365591397849461496e-03
3.039513677811549273e-04 2.069908814589664636e-01 1.854103343465044948e-02 4.589665653495438730e-02 3.039513677811549273e-04 3.039513677811549273e-04 3.343465045592704417e-03 3.039513677811549273e-04 3.039513677811549273e-04 3.039513677811549273e-04 3.039513677811549273e-04 3.039513677811549273e-04 2.158054711246199658e-02 5.352583586626137313e-01 3.039513677811549273e-04 9.148936170212763896e-02 3.039513677811549273e-04 6.382978723404253256e-03 9.422492401215802962e-03 6.382978723404253256e-03 3.039513677811549273e-04 3.039513677811549273e-04 3.039513677811549273e-04 3.039513677811549273e-04 3.039513677811549273e-04 3.981762917933129309e-02 3.039513677811549273e-04 3.343465045592704417e-03 3.039513677811549273e-04 6.382978723404253256e-03
1.961325966850828093e-02 2.762430939226518463e-04 6.933701657458561651e-02 1.107734806629833979e-01 2.762430939226518463e-04 8.563535911602207507e-03 2.237569060773480015e-02 1.961325966850828093e-02 3.618784530386739279e-02 3.342541436464087357e-02 2.762430939226518463e-04 2.762430939226518463e-04 2.762430939226518463e-04 1.132596685082872499e-02 2.903314917127070571e-01 6.104972375690605885e-02 1.408839779005524248e-02 3.038674033149170364e-03 2.762430939226518463e-04 1.685082872928176170e-02 2.762430939226518463e-04 2.790055248618783512e-02 2.762430939226518463e-04 2.762430939226518463e-04 7.762430939226516724e-02 1.687845303867402946e-01 2.762430939226518463e-04 5.801104972375689152e-03 2.762430939226518463e-04 2.762430939226518463e-04
2.127659574468084816e-04 5.553191489361700844e-02 2.340425531914893352e-03 2.340425531914893352e-03 2.127659574468084816e-04 2.127659574468084816e-04 2.127659574468084816e-04 1.723404255319148370e-02 6.595744680851062768e-03 2.127659574468084816e-04 2.127659574468084816e-04 1.044680851063829602e-01 2.127659574468084816e-04 1.597872340425531279e-01 2.127659574468084816e-04 2.087234042553190727e-01 2.193617021276595136e-01 8.531914893617019435e-02 6.595744680851062768e-03 3.851063829787233078e-02 2.127659574468084816e-04 2.999999999999999195e-02 2.127659574468084816e-04 2.127659574468084816e-04 3.638297872340424954e-02 2.127659574468084816e-04 2.127659574468084816e-04 2.340425531914893352e-03 2.148936170212765312e-02 2.127659574468084816e-04
4.782608695652175446e-03 4.347826086956522985e-04 4.347826086956522985e-04 4.347826086956522985e-04 4.347826086956522985e-04 9.130434782608698105e-03 4.347826086956522985e-04 4.347826086956522985e-04 4.347826086956522985e-04 3.086956521739131140e-02 4.347826086956522985e-04 4.391304347826088111e-02 4.782608695652175446e-03 3.352173913043479114e-01 1.047826086956522018e-01 1.700000000000000400e-01 1.569565217391304668e-01 4.347826086956522985e-04 4.347826086956522985e-04 4.347826086956522985e-04 4.347826086956522985e-04 3.086956521739131140e-02 5.260869565217392296e-02 4.826086956521739857e-02 4.347826086956522985e-04 4.347826086956522985e-04 4.347826086956522985e-04 4.347826086956522985e-04 4.347826086956522985e-04 4.347826086956522985e-04
2.061855670103092343e-04 2.061855670103092343e-04 2.061855670103092343e-04 2.061855670103092343e-04 2.061855670103092343e-04 2.061855670103092343e-04 7.030927835051545283e-02 2.907216494845360141e-02 2.061855670103092343e-04 2.061855670103092343e-04 2.061855670103092343e-04 6.618556701030926803e-02 2.061855670103092343e-04 3.319587628865978968e-02 2.701030927835050902e-02 2.061855670103092343e-04 4.329896907216494381e-03 7.443298969072163762e-02 2.061855670103092343e-04 5.999999999999999084e-02 2.061855670103092343e-04 2.061855670103092343e-04 2.061855670103092343e-04 3.525773195876288207e-02 2.061855670103092343e-04 2.061855670103092343e-04 5.156701030927833829e-01 2.061855670103092343e-04 8.061855670103090787e-02 2.061855670103092343e-04
7.142857142857140899e-03 2.304147465437787474e-04 2.304147465437787474e-04 3.018433179723501586e-02 2.304147465437787474e-04 4.838709677419354184e-03 8.778801843317970977e-02 2.304147465437787474e-04 2.304147465437787474e-04 2.304147465437787474e-04 8.087557603686634788e-02 4.170506912442395464e-02 2.304147465437787474e-04 4.838709677419354184e-03 3.248847926267280084e-02 2.304147465437787474e-04 7.142857142857140899e-03 2.191244239631335577e-01 4.838709677419354184e-03 5.322580645161289342e-02 2.304147465437787474e-04 2.534562211981566168e-03 3.018433179723501586e-02 3.940092165898616966e-02 2.304147465437787474e-04 2.304147465437787474e-04 3.182027649769584299e-01 2.304147465437787474e-04 2.534562211981566168e-03 3.018433179723501586e-02
3.205128205128204041e-04 3.205128205128204041e-04 3.205128205128204041e-04 6.730769230769228541e-03 3.205128205128204041e-04 3.205128205128204041e-04 1.541666666666666186e-01 3.205128205128204041e-04 3.205128205128204041e-04 3.205128205128204041e-04 4.519230769230767747e-02 3.205128205128204041e-04 3.205128205128204041e-04 3.237179487179486087e-02 6.762820512820510999e-02 3.237179487179486087e-02 5.801282051282049407e-02 5.480769230769229339e-02 3.525641025641024825e-03 3.205128205128204041e-04 3.205128205128204041e-04 3.205128205128204041e-04 7.083333333333331761e-02 6.730769230769228541e-03 2.503205128205127084e-01 9.967948717948714454e-02 1.092948717948717535e-01 3.205128205128204041e-04 3.525641025641024825e-03 3.205128205128204041e-04
2.439024390243901895e-04 6.853658536585363614e-02 9.048780487804876371e-02 2.439024390243901895e-04 2.682926829268292030e-03 2.439024390243901895e-04 2.439024390243901895e-04 2.439024390243901895e-04 4.465853658536583781e-01 2.682926829268292030e-03 1.975609756097560302e-02 9.999999999999996739e-03 2.439024390243901895e-04 2.439024390243901895e-04 2.439024390243901895e-04 2.219512195121950415e-02 2.439024390243901895e-04 2.439024390243901895e-04 2.439024390243901895e-04 2.439024390243901895e-04 7.585365853658534996e-02 2.439024390243901895e-04 2.682926829268292030e-03 2.439024390243901895e-04 7.829268292682925456e-02 1.026829268292682729e-01 1.975609756097560302e-02 5.121951219512193600e-03 4.902439024390242706e-02 2.439024390243901895e-04
1.742160278745644327e-04 4.198606271777002852e-02 1.236933797909407426e-02 1.742160278745644327e-04 1.742160278745644327e-04 1.742160278745644327e-04 1.759581881533100675e-02 2.127177700348431566e-01 1.742160278745644327e-04 1.742160278745644327e-04 1.742160278745644327e-04 1.064459930313588626e-01 1.742160278745644327e-04 1.411149825783971842e-02 6.986062717770033514e-02 1.691637630662020386e-01 2.108013937282229508e-02 1.742160278745644327e-04 7.142857142857140899e-03 5.243902439024389350e-02 7.160278745644597931e-02 1.742160278745644327e-04 1.742160278745644327e-04 1.916376306620208841e-03 1.430313588850173900e-01 1.742160278745644327e-04 1.742160278745644327e-04 1.742160278745644327e-04 5.592334494773518183e-02 1.742160278745644327e-04
3.154574132492112709e-04 1.675078864353311825e-01 3.410094637223973213e-01 5.709779179810724192e-02 3.154574132492112709e-04 1.293375394321765945e-02 3.154574132492112709e-04 3.154574132492112709e-04 1.832807570977917355e-01 3.186119873817033765e-02 3.154574132492112709e-04 3.154574132492112709e-04 3.154574132492112709e-04 2.239747634069399682e-02 2.239747634069399682e-02 3.154574132492112709e-04 3.154574132492112709e-04 6.624605678233435983e-03 4.763406940063089762e-02 3.154574132492112709e-04 3.154574132492112709e-04 3.154574132492112709e-04 1.924290220820188552e-02 3.154574132492112709e-04 3.154574132492112709e-04 4.447949526813878285e-02 3.154574132492112709e-04 9.779179810725548150e-03 2.870662460567822288e-02 3.154574132492112709e-04
2.801120448179272057e-04 3.081232492997199642e-03 1.148459383753501484e-02 3.081232492997199642e-03 2.801120448179272057e-04 2.801120448179272057e-04 2.801120448179272057e-04 8.683473389355744407e-03 2.801120448179272057e-04 2.268907563025210350e-02 2.801120448179272057e-04 3.949579831932773649e-02 3.081232492997199642e-03 2.801120448179272057e-04 7.030812324929973378e-02 7.030812324929973378e-02 2.801120448179272057e-04 1.515406162464986162e-01 3.081232492997199642e-03 2.801120448179272057e-04 2.801120448179272057e-04 2.801120448179272057e-04 3.109243697478992000e-02 2.801120448179272057e-04 1.988795518207283133e-02 3.389355742296919216e-02 1.851540616246498683e-01 2.801120448179272057e-04 1.708683473389355917e-02 3.224089635854341940e-01
2.192982456140350376e-04 1.118421052631578608e-02 2.192982456140350376e-04 2.192982456140350376e-04 2.192982456140350376e-04 1.118421052631578608e-02 2.192982456140350376e-04 2.192982456140350376e-04 2.412280701754385658e-03 2.192982456140350376e-04 2.192982456140350376e-04 9.232456140350875362e-02 6.798245614035086301e-03 2.192982456140350376e-04 6.162280701754384998e-02 1.997807017543858921e-01 1.098684210526315597e-01 3.311403508771929016e-02 2.192982456140350376e-04 7.478070175438594758e-02 4.605263157894735546e-03 2.260964912280701011e-01 2.192982456140350376e-04 2.192982456140350376e-04 4.605263157894735546e-03 7.697368421052630527e-02 7.697368421052630527e-02 2.192982456140350376e-04 2.412280701754385658e-03 2.412280701754385658e-03
5.586592178770951418e-04 5.586592178770951418e-04 5.586592178770951418e-04 1.173184357541899939e-02 5.586592178770951418e-04 5.586592178770951418e-04 3.748603351955308027e-01 5.586592178770951418e-04 5.586592178770951418e-04 5.586592178770951418e-04 6.145251396648046885e-03 7.877094972067041900e-02 5.586592178770951418e-04 2.849162011173185169e-02 4.525139664804470746e-02 5.586592178770951418e-04 3.966480446927375669e-02 1.173184357541899939e-02 5.586592178770951418e-04 5.586592178770951418e-04 5.586592178770951418e-04 5.586592178770951418e-04 5.586592178770951418e-04 6.145251396648046885e-03 1.346368715083799406e-01 5.586592178770951418e-04 2.463687150837989559e-01 6.145251396648046885e-03 5.586592178770951418e-04 5.586592178770951418e-04
1.146067415730336707e-02 2.247191011235954603e-04 1.370786516853932102e-02 2.247191011235954603e-04 4.719101123595504342e-03 2.247191011235954603e-04 5.191011235955055036e-02 9.460674157303368415e-02 2.247191011235954603e-04 2.471910112359549955e-03 2.247191011235954603e-04 6.089887640449437312e-02 2.247191011235954603e-04 2.247191011235954603e-04 1.103370786516853636e-01 2.247191011235954603e-04 4.741573033707864593e-02 2.247191011235954603e-04 2.247191011235954603e-04 2.471910112359549955e-03 2.471910112359549955e-03 1.146067415730336707e-02 4.719101123595504342e-03 2.247191011235954603e-04 2.721348314606740759e-01 3.842696629213482318e-02 1.642696629213482584e-01 1.035955056179775069e-01 2.247191011235954603e-04 2.247191011235954603e-04
6.756756756756758216e-04 6.756756756756758216e-04 6.756756756756758216e-04 6.756756756756758216e-04 6.756756756756758216e-04 2.770270270270270424e-02 7.432432432432434580e-03 8.851351351351352537e-02 6.756756756756758216e-04 6.756756756756758216e-04 6.756756756756758216e-04 3.385135135135136086e-01 6.756756756756758216e-04 6.756756756756758216e-04 6.756756756756758216e-04 2.506756756756757243e-01 1.087837837837838106e-01 6.756756756756758216e-04 6.756756756756758216e-04 6.756756756756758216e-04 6.756756756756758216e-04 3.445945945945946137e-02 6.756756756756758216e-04 6.756756756756758216e-04 6.148648648648649684e-02 6.824324324324325397e-02 6.756756756756758216e-04 6.756756756756758216e-04 6.756756756756758216e-04 6.756756756756758216e-04
2.309468822170900114e-04 2.540415704387990505e-03 2.309468822170900114e-04 2.309468822170900114e-04 2.309468822170900114e-04 9.468822170900689436e-03 1.572748267898382846e-01 2.540415704387990505e-03 9.468822170900689436e-03 2.309468822170900114e-04 5.565819861431869214e-02 1.549653579676673887e-01 2.309468822170900114e-04 9.468822170900689436e-03 6.720554272517319239e-02 2.309468822170900114e-04 2.540415704387990505e-03 1.870669745958428859e-02 4.849884526558890727e-03 2.309468822170900114e-04 2.309468822170900114e-04 7.159353348729790081e-03 3.256351039260969166e-02 9.953810623556579029e-02 8.106235565819859545e-02 7.159353348729790081e-03 2.635103926096996618e-01 7.159353348729790081e-03 2.309468822170900114e-04 4.849884526558890727e-03
9.790940766550519647e-02 3.484320557491288111e-04 7.317073170731705142e-03 3.484320557491288111e-04 3.484320557491288111e-04 3.484320557491288111e-04 7.351916376306617817e-02 1.080139372822299174e-02 3.484320557491288111e-04 3.484320557491288111e-04 3.867595818815329489e-02 8.745644599303133149e-02 3.484320557491288111e-04 3.832752613240416814e-03 3.484320557491288111e-04 3.484320557491288111e-04 3.484320557491288111e-04 1.257839721254354892e-01 3.832752613240416814e-03 4.564459930313587155e-02 7.317073170731705142e-03 3.832752613240416814e-03 3.484320557491288111e-04 3.484320557491288111e-04 3.484320557491288111e-04 3.519163763066200656e-02 3.975609756097558956e-01 3.484320557491288111e-04 3.484320557491288111e-04 5.609756097560973653e-02
