3.768656716417910502e-02 7.500000000000001110e-02 3.731343283582089589e-04 3.731343283582089589e-04 4.481343283582089332e-01 9.738805970149254365e-02 3.731343283582089589e-04 5.261194029850746468e-02 6.007462686567164450e-02 2.279850746268656803e-01
1.617903930131004142e-01 2.183406113537117953e-04 2.183406113537117953e-04 2.183406113537117953e-04 2.229257641921397193e-01 5.698689956331878109e-02 2.993449781659388576e-01 1.530567685589519500e-01 2.183406113537117953e-04 1.050218340611353690e-01
1.283697047496790557e-04 1.283697047496790557e-04 1.283697047496790557e-04 1.283697047496790557e-04 2.671373555840821368e-01 4.096277278562259205e-01 1.631578947368420851e-01 2.451861360718870023e-02 1.283697047496790557e-04 1.349165596919126853e-01
8.730158730158730368e-03 1.198412698412698318e-01 1.357142857142857317e-01 7.936507936507936501e-04 7.936507936507936501e-04 7.936507936507936501e-04 3.182539682539682890e-01 2.460317460317460250e-02 3.896825396825396859e-01 7.936507936507936501e-04
3.891050583657588362e-04 3.350194552529183190e-01 1.677042801556420659e-01 1.595330739299611125e-02 2.766536964980544910e-01 3.891050583657588362e-04 3.929961089494164034e-02 3.891050583657588362e-04 3.891050583657588362e-04 1.638132295719844644e-01
6.129629629629630011e-02 2.372222222222222232e-01 9.444444444444444545e-03 1.851851851851852031e-04 3.779629629629629450e-01 1.224074074074073953e-01 1.851851851851852031e-04 6.500000000000000222e-02 1.851851851851852031e-04 1.261111111111110905e-01
6.574307304785895201e-02 2.518891687657430663e-04 2.518891687657430663e-04 4.055415617128464018e-02 6.249370277078085678e-01 5.062972292191435936e-02 2.518891687657430663e-04 2.518891687657430663e-04 2.518891687657430663e-04 2.168765743073047814e-01
1.984126984126984125e-04 4.684523809523809534e-01 1.984126984126984125e-04 2.797619047619047394e-02 1.408730158730158583e-02 1.984126984126984125e-04 2.202380952380952189e-02 1.787698412698412453e-01 4.166666666666666609e-03 2.839285714285714191e-01
2.688172043010752686e-04 2.688172043010752686e-04 2.688172043010752686e-04 2.688172043010752686e-04 3.389784946236559238e-01 4.059139784946236285e-02 1.293010752688172060e-01 1.454301075268817356e-01 2.688172043010752686e-04 3.443548387096774244e-01
3.952879581151832328e-02 1.756544502617800874e-01 5.369109947643978531e-01 2.617801047120419116e-04 4.214659685863874489e-02 2.617801047120419116e-04 2.643979057591622911e-02 1.858638743455497122e-02 1.599476439790575855e-01 2.617801047120419116e-04
8.133903133903133686e-02 1.424501424501424681e-04 1.424501424501424681e-04 1.424501424501424681e-04 3.192307692307692069e-01 2.109686609686609593e-01 8.418803418803419425e-02 7.849002849002849336e-02 2.863247863247863484e-02 1.967236467236467279e-01
7.948717948717949622e-02 7.482517482517482554e-02 1.004662004662004726e-01 2.331002331002331000e-04 2.216783216783216603e-01 3.752913752913752954e-02 3.405594405594405405e-01 1.144522144522144569e-01 2.331002331002331000e-04 3.053613053613053394e-02
8.881309686221008914e-02 2.593451568894952208e-01 5.334242837653479369e-02 1.364256480218281153e-04 4.135061391541610121e-01 2.196452933151432640e-02 1.364256480218281153e-04 3.287858117326057650e-02 2.864938608458390476e-03 1.270122783083219575e-01
2.954990215264187772e-02 1.956947162426614535e-04 1.567514677103718224e-01 1.956947162426614535e-04 1.450097847358121084e-01 1.956947162426614535e-04 2.741682974559686570e-01 1.176125244618395349e-01 9.021526418786693369e-02 1.861056751467710380e-01
1.557632398753893874e-04 2.040498442367600848e-02 6.386292834890963666e-03 1.557632398753893874e-04 4.456386292834890739e-01 2.789719626168223887e-01 1.309968847352024623e-01 4.844236760124610158e-02 1.557632398753893874e-04 6.869158878504671994e-02
4.496644295302013733e-02 2.237136465324384847e-04 2.237136465324384847e-04 2.460850111856823386e-03 5.662192393736017459e-01 2.706935123042505595e-02 2.237136465324384847e-04 2.237136465324384847e-04 2.483221476510067208e-02 3.335570469798657678e-01
1.505434782608695565e-01 3.824275362318840243e-01 5.615942028985507206e-03 7.427536231884057302e-03 8.170289855072464247e-02 2.373188405797101511e-02 1.811594202898550747e-04 1.668478260869565022e-01 1.992753623188406147e-03 1.795289855072463581e-01
2.359267734553775475e-01 1.329519450800915326e-01 2.288329519450801029e-04 3.913043478260869873e-02 3.869565217391304213e-01 2.288329519450801029e-04 2.288329519450801029e-04 2.288329519450801029e-04 2.288329519450801029e-04 2.038901601830663546e-01
1.501872659176030078e-01 7.865168539325843172e-03 4.119850187265917604e-03 3.745318352059925243e-04 1.389513108614232328e-01 1.164794007490636690e-01 1.910112359550561814e-02 1.764044943820224642e-01 3.745318352059925243e-04 3.861423220973782544e-01
1.128686327077748075e-01 2.361930294906166017e-01 3.512064343163538715e-02 2.680965147453083378e-04 2.254691689008042621e-01 2.680965147453083378e-04 2.707774798927613941e-02 1.906166219839141862e-01 2.680965147453083378e-04 1.718498659517426197e-01
7.061403508771930959e-02 1.013157894736842202e-01 4.385964912280701836e-04 4.385964912280701836e-04 4.565789473684210287e-01 4.385964912280701836e-04 9.210526315789474561e-03 3.552631578947368363e-02 1.188596491228070262e-01 2.065789473684210564e-01
2.507739938080494682e-02 3.095975232198142058e-04 8.145510835913312153e-01 3.095975232198142058e-04 4.984520123839009109e-02 3.095975232198142058e-04 3.095975232198142058e-04 6.501547987616098159e-03 1.024767801857584953e-01 3.095975232198142058e-04
3.536977491961414925e-03 3.215434083601286246e-04 2.282958199356913132e-02 1.318327974276527204e-02 8.070739549839228699e-02 3.569131832797427240e-02 3.569131832797427240e-02 8.713826366559486447e-02 8.392282958199356879e-02 6.369774919614147324e-01
5.045871559633027803e-03 1.793577981651376108e-01 4.587155963302752548e-04 4.587155963302752548e-04 2.389908256880733939e-01 4.587155963302752548e-04 4.587155963302752548e-04 1.885321100917431159e-01 3.399082568807338944e-01 4.633027522935779380e-02
2.585000000000000075e-01 1.666666666666666882e-04 1.666666666666666882e-04 6.833333333333332753e-03 2.568333333333333024e-01 1.001666666666666677e-01 1.201666666666666577e-01 1.666666666666666882e-04 1.666666666666666882e-04 2.568333333333333024e-01
9.486356340288923383e-02 1.605136436597110470e-04 1.605136436597110470e-04 1.605136436597110470e-04 6.918138041733545851e-02 4.576243980738362027e-01 2.553772070626002533e-01 1.605136436597110470e-04 1.605136436597110470e-04 1.221508828250400941e-01
1.041594454072790332e-01 2.081455805892547528e-01 5.372616984402080013e-03 1.906412478336221884e-03 4.334488734835355017e-01 1.733102253032929010e-04 2.616984402079722619e-02 1.733102253032929010e-04 6.083188908145580748e-02 1.596187175043327355e-01
4.237288135593221300e-04 6.699152542372881491e-01 4.237288135593221300e-04 4.237288135593221300e-04 3.008474576271186543e-02 4.703389830508474673e-02 7.669491525423730027e-02 1.275423728813559476e-01 4.703389830508474673e-02 4.237288135593221300e-04
3.967517401392111481e-02 1.928074245939674913e-01 2.320185614849187947e-04 2.320185614849187947e-04 3.366589327146171651e-01 2.320185614849187947e-04 3.967517401392111481e-02 1.487238979118329363e-01 1.278422273781902596e-01 1.139211136890951326e-01
2.369668246445497703e-04 1.234597156398104245e-01 2.606635071090047419e-03 4.976303317535545230e-03 1.400473933649289127e-01 2.300947867298578087e-01 2.369668246445497703e-04 1.116113744075829389e-01 3.130331753554502217e-01 7.369668246445497395e-02
1.850779510022271535e-01 6.703786191536748040e-02 2.227171492204899842e-04 2.227171492204899842e-04 4.902004454342984152e-01 6.904231625835189484e-03 2.227171492204899842e-04 2.449888641425390125e-03 2.472160356347438692e-02 2.229398663697104432e-01
2.970967741935483519e-01 9.387096774193548487e-02 3.225806451612903223e-04 3.225806451612903223e-04 1.422580645161290458e-01 3.225806451612903223e-04 9.709677419354839634e-02 1.322580645161290126e-02 3.548387096774193762e-03 3.519354838709677358e-01
1.153119092627599186e-02 1.551984877126653950e-01 1.890359168241966079e-04 3.988657844990548679e-02 5.786389413988658470e-01 2.854442344045368674e-02 1.890359168241966079e-04 1.909262759924385683e-02 1.153119092627599186e-02 1.551984877126653950e-01
7.901408450704223985e-02 5.774647887323942561e-03 2.957746478873239052e-03 1.408450704225351917e-04 4.071830985915492751e-01 1.691549295774647521e-01 3.394366197183098371e-02 9.999999999999998473e-03 1.408450704225351917e-04 2.916901408450703892e-01
2.217294900221729488e-04 8.891352549889135204e-02 2.217294900221729488e-04 2.217294900221729488e-04 4.678492239467849784e-02 2.017738359201773704e-02 1.576496674057649428e-01 1.753880266075387995e-01 3.682926829268292623e-01 1.421286031042128528e-01
2.311740890688259165e-01 1.744939271255060709e-01 4.048582995951417371e-04 2.064777327935222659e-02 1.744939271255060709e-01 4.048582995951417371e-04 4.048582995951417371e-04 4.898785425101214591e-02 1.663967611336032437e-01 1.825910931174089258e-01
6.972125435540069693e-01 8.745644599303135924e-02 9.094076655052264757e-02 7.317073170731707744e-03 3.484320557491289196e-04 3.484320557491289196e-04 1.083623693379791031e-01 7.317073170731707744e-03 3.484320557491289196e-04 3.484320557491289196e-04
5.716911764705882859e-02 6.268382352941176405e-02 1.838235294117647033e-04 1.838235294117647033e-04 3.917279411764705843e-01 7.187500000000000833e-02 1.488970588235294032e-02 2.040441176470588272e-02 1.838235294117647033e-04 3.806985294117646856e-01
3.383693045563548885e-01 2.208633093525179669e-01 2.398081534772182307e-04 2.398081534772182307e-04 3.095923261390887138e-01 2.398081534772182307e-04 2.398081534772182307e-04 2.637889688249400646e-03 2.398081534772182307e-04 1.273381294964028854e-01
7.925925925925926541e-02 2.469135802469135861e-04 3.234567901234567527e-02 5.185185185185185036e-03 2.469135802469135861e-04 7.679012345679012141e-02 5.607407407407407618e-01 7.654320987654321222e-03 2.372839506172839397e-01 2.469135802469135861e-04
2.386634844868735139e-04 2.508353221957040358e-01 2.386634844868735139e-04 2.386634844868735139e-04 1.694510739856801979e-02 1.863961813842481829e-01 1.362768496420047881e-01 1.553699284009546489e-01 2.386634844868735139e-04 2.532219570405727649e-01
1.403292181069959177e-01 3.460905349794238806e-01 3.744855967078189463e-02 4.115226337448560129e-04 3.790123456790123746e-01 4.115226337448560129e-04 4.115226337448560129e-04 4.115226337448560129e-04 4.115226337448560129e-04 9.506172839506174532e-02
1.400000000000000133e-01 2.409638554216867628e-04 2.409638554216867628e-04 2.409638554216867628e-04 4.701204819277108315e-01 5.060240963855422262e-03 6.289156626506024750e-02 2.409638554216867628e-04 1.951807228915662662e-02 3.014457831325301207e-01
3.546325878594248915e-02 1.728434504792332183e-01 5.782747603833866129e-02 3.194888178913738103e-04 5.210862619808306340e-01 3.194888178913738103e-04 3.194888178913738103e-04 3.194888178913738103e-04 1.948881789137379972e-02 1.920127795527156733e-01
9.558139534883720867e-02 2.325581395348837340e-04 3.511627906976744207e-02 2.325581395348837340e-04 1.418604651162790574e-02 1.606976744186046357e-01 3.279069767441860489e-02 7.232558139534883690e-02 8.395348837209302972e-02 5.048837209302325935e-01
6.135371179039301320e-02 2.183406113537117953e-04 2.401746724890829830e-03 2.183406113537117953e-04 5.395196506550218318e-01 1.028384279475982599e-01 2.183406113537117953e-04 2.641921397379912509e-02 2.183406113537117953e-04 2.665938864628820681e-01
2.577319587628866039e-04 1.497422680412371088e-01 1.829896907216494589e-02 7.989690721649483907e-03 1.056701030927834940e-02 2.577319587628866039e-04 1.858247422680412153e-01 2.270618556701030910e-01 3.610824742268041176e-01 3.891752577319587680e-02
3.638297872340425648e-02 2.127659574468085358e-04 1.085106382978723305e-02 2.127659574468085358e-04 1.704255319148935965e-01 9.595744680851063524e-02 4.044680851063829907e-01 2.746808510638297784e-01 2.127659574468085358e-04 6.595744680851063635e-03
6.022889842632331986e-02 3.590844062947067677e-02 1.430615164520744023e-04 1.430615164520744023e-04 1.618025751072961205e-01 2.819742489270385954e-01 1.732474964234620718e-01 1.002861230329041425e-01 5.307582260371960375e-02 1.331902718168812561e-01
8.699186991869919949e-02 2.983739837398374228e-01 2.981029810298103846e-03 8.401084010840109695e-03 2.468834688346883688e-01 2.710027100271003250e-04 2.710027100271003250e-04 2.710027100271003250e-04 8.401084010840109695e-03 3.471544715447154594e-01
3.610108303249097818e-04 5.129963898916967135e-01 3.610108303249097818e-04 3.610108303249097818e-04 1.736462093862815859e-01 3.610108303249097818e-04 1.086642599277978377e-01 4.007220216606498242e-02 3.610108303249097818e-04 1.628158844765343061e-01
8.939240506329113600e-01 5.341772151898734056e-02 2.303797468354430028e-02 2.531645569620252778e-04 2.531645569620252778e-04 2.531645569620252778e-04 2.531645569620252778e-04 2.810126582278480584e-02 2.531645569620252778e-04 2.531645569620252778e-04
3.985507246376812293e-03 3.297101449275362250e-02 1.485507246376811460e-02 3.623188405797101493e-04 1.670289855072463747e-01 3.623188405797101493e-04 1.634057971014492849e-01 2.213768115942029158e-01 3.952898550724637250e-01 3.623188405797101493e-04
6.456632653061223914e-01 4.617346938775510751e-02 1.150510204081632709e-01 2.831632653061224442e-02 2.551020408163265536e-04 2.321428571428571508e-02 5.357142857142857192e-03 1.354591836734694021e-01 2.551020408163265536e-04 2.551020408163265536e-04
8.026666666666666672e-02 2.722666666666666568e-01 1.893333333333333326e-02 2.666666666666666794e-04 3.815999999999999948e-01 2.426666666666666555e-02 2.666666666666666794e-04 2.426666666666666555e-02 2.666666666666666794e-04 1.975999999999999979e-01
2.664351851851851638e-01 1.874999999999999931e-02 9.490740740740740561e-03 2.314814814814814903e-04 3.543981481481481288e-01 9.050925925925926152e-02 2.314814814814814903e-04 2.314814814814814903e-04 2.314814814814814903e-04 2.594907407407407440e-01
3.065810593900481634e-02 1.109149277688603469e-01 1.765650080256821923e-03 7.881219903691813466e-02 5.152487961476726053e-02 4.028892455858748556e-02 9.325842696629213502e-02 9.486356340288924771e-02 6.757624398073835970e-02 4.303370786516854118e-01
3.998123827392119911e-01 1.765478424015009262e-01 2.234521575984990405e-01 1.876172607879924951e-04 2.063789868667917447e-03 1.876172607879924951e-04 2.082551594746716653e-02 8.461538461538462008e-02 1.876172607879924951e-04 9.212007504690432336e-02
4.605263157894737280e-03 1.493421052631578871e-01 3.092105263157894635e-02 2.192982456140350918e-04 4.739035087719298267e-01 7.258771929824561764e-02 2.192982456140350918e-04 2.192982456140350918e-04 1.142543859649122889e-01 1.537280701754385748e-01
6.843434343434344480e-02 2.325757575757575746e-01 2.525252525252525250e-04 2.525252525252525250e-04 3.361111111111110827e-01 2.297979797979797859e-02 6.843434343434344480e-02 2.297979797979797859e-02 2.525252525252525250e-04 2.477272727272727126e-01
2.538071065989847843e-04 5.053299492385786573e-01 9.162436548223350241e-02 3.578680203045685182e-02 1.880710659898477133e-01 2.538071065989847843e-04 1.040609137055837491e-02 4.847715736040609374e-02 1.802030456852791659e-02 1.017766497461928960e-01
3.496503496503496500e-04 1.087412587412587422e-01 3.496503496503496500e-04 3.496503496503496500e-04 5.279720279720279824e-02 3.496503496503496500e-04 1.611888111888112041e-01 5.108391608391608107e-01 1.083916083916084024e-02 1.541958041958041981e-01
1.776198934280639606e-04 1.920071047957370991e-01 2.149200710479573506e-02 1.776198934280639606e-04 1.776198934280639606e-04 5.168738898756661260e-02 2.150976909413854221e-01 4.246891651865009054e-01 6.589698046181172164e-02 2.859680284191829652e-02
1.792114695340501791e-04 5.215053763440860579e-02 1.792114695340501791e-04 1.971326164874552186e-03 6.469534050179211182e-02 2.725806451612903247e-01 2.224014336917562729e-01 2.080645161290322342e-01 1.758064516129032029e-01 1.971326164874552186e-03
2.727364185110663919e-01 1.057344064386317728e-01 8.158953722334003067e-02 2.424547283702213271e-02 1.006036217303822914e-04 1.006036217303822914e-04 2.868209255533198943e-01 9.164989939637825656e-02 4.839034205231387831e-02 8.863179074446678185e-02
1.814583333333333326e-01 2.772916666666666585e-01 2.083333333333333467e-04 2.083333333333333467e-04 1.127083333333333409e-01 1.377083333333333215e-01 1.043750000000000094e-01 9.812500000000000389e-02 2.083333333333333467e-04 8.770833333333333259e-02
3.380952380952381015e-02 5.766666666666667718e-01 4.761904761904762985e-04 2.671428571428571819e-01 1.952380952380952314e-02 4.761904761904762985e-04 5.238095238095239609e-03 9.571428571428573784e-02 4.761904761904762985e-04 4.761904761904762985e-04
3.261728395061728181e-01 3.014814814814814614e-01 1.755555555555555480e-01 1.753086419753086336e-02 2.469135802469135861e-04 2.469135802469135861e-04 8.666666666666666963e-02 2.469135802469135861e-04 8.666666666666666963e-02 5.185185185185185036e-03
1.990171990171990188e-02 2.457002457002456942e-04 1.329238329238329186e-01 1.007371007371007238e-02 4.007371007371007265e-01 2.457002457002456942e-04 8.869778869778870145e-02 7.641277641277641197e-02 2.115479115479115269e-01 5.921375921375921642e-02
6.650868878357030223e-02 1.202211690363349100e-01 2.543443917851501146e-02 6.808846761453396512e-02 3.161137440758293726e-01 1.579778830963665226e-04 3.649289099526066560e-02 6.808846761453396512e-02 1.579778830963665226e-04 2.987361769352290808e-01
1.663920922570016545e-02 1.945634266886326069e-01 1.812191103789126921e-03 3.970345963756178459e-02 4.087314662273476285e-01 4.958813838550247405e-02 1.647446457990115506e-04 1.812191103789126921e-03 9.736408566721581337e-02 1.896210873146622622e-01
6.098130841121495588e-02 7.967289719626167999e-02 2.336448598130841218e-04 2.336448598130841218e-04 7.266355140186915584e-02 2.827102803738317655e-02 8.901869158878504551e-02 1.450934579439252248e-01 5.072429906542056388e-01 1.658878504672896964e-02
3.745318352059925243e-04 2.363295880149812733e-01 3.745318352059925243e-04 3.745318352059925243e-04 7.865168539325843172e-03 1.089887640449438283e-01 3.745318352059925243e-04 1.764044943820224642e-01 6.779026217228464879e-02 4.011235955056179359e-01
3.719582850521436362e-02 2.433371958285051716e-03 1.158748551564310419e-04 1.158748551564310419e-04 1.158748551564310419e-04 1.136732329084588489e-01 4.636152954808805959e-01 1.727694090382386749e-01 8.818076477404401814e-02 1.217844727694090134e-01
4.422018348623853179e-02 3.671559633027522973e-01 1.834862385321100911e-04 3.396330275229357820e-01 3.688073394495412771e-02 1.834862385321100911e-04 1.834862385321100911e-04 1.983486238532110035e-01 1.302752293577981620e-02 1.834862385321100911e-04
3.085339168490153217e-02 3.481400437636761325e-01 3.522975929978118537e-02 2.188183807439825028e-04 1.161925601750547071e-01 2.407002188183807612e-03 2.188183807439825028e-04 5.929978118161925715e-02 8.971553610503281775e-03 3.984682713347921235e-01
1.996376811594202938e-01 3.623188405797101493e-04 3.623188405797101493e-04 3.623188405797101493e-04 4.746376811594203021e-02 4.746376811594203021e-02 5.108695652173912694e-02 1.054347826086956541e-01 5.833333333333334120e-02 4.894927536231883924e-01
4.291845493562232612e-04 3.094420600858369119e-01 4.291845493562232612e-04 4.291845493562232612e-04 5.154506437768240357e-01 4.291845493562232612e-04 4.291845493562232612e-04 4.291845493562232612e-04 4.291845493562232612e-04 1.721030042918455238e-01
6.930693069306930777e-03 3.300330033003300370e-04 3.300330033003300370e-04 3.300330033003300370e-04 2.808580858085808485e-01 1.353135313531353065e-02 1.389438943894389378e-01 4.029702970297029396e-01 1.059405940594059514e-01 4.983498349834983299e-02
1.173959445037353133e-03 1.067235859124866473e-04 1.067235859124866473e-04 1.067235859124866473e-04 1.580576307363927291e-01 4.590181430096050841e-01 2.605122732123799079e-01 1.718249733191035133e-02 3.532550693703308264e-02 6.840981856990394072e-02
1.697792869269949150e-04 1.954159592529711165e-01 1.544991511035653624e-02 1.697792869269949150e-04 4.483870967741935831e-01 1.697792869269949150e-04 5.263157894736841987e-03 4.431239388794567385e-02 3.565365025466893378e-03 2.870967741935483986e-01
2.572183098591548922e-01 3.065140845070422615e-01 1.426056338028169022e-02 1.760563380281690235e-04 5.123239436619718423e-02 1.760563380281690235e-04 1.760563380281690235e-04 1.832746478873239215e-01 3.890845070422535579e-02 1.480633802816901379e-01
6.873638344226579155e-02 2.103485838779956263e-01 3.387799564270152497e-02 4.912854030501089680e-02 3.998910675381263657e-01 3.061002178649237584e-02 1.089324618736383548e-04 1.089324618736383548e-04 3.714596949891067756e-02 1.700435729847494526e-01
9.956803455723542418e-02 3.045356371490280656e-02 1.965442764578833462e-02 2.159827213822894409e-04 4.321814254859611126e-01 1.038876889848812102e-01 6.695464362850972288e-03 4.535637149028077554e-03 2.159827213822894409e-04 3.025917926565874772e-01
1.302600472813238708e-01 2.364066193853428055e-04 2.600472813238770969e-03 2.364066193853428055e-04 5.416075650118202800e-01 1.160756501182033107e-01 9.692671394799052750e-03 2.364066193853428055e-04 2.364066193853428055e-04 1.988179669030732677e-01
7.418032786885248031e-02 1.680327868852458939e-02 4.508196721311476599e-03 8.606557377049180863e-03 6.028688524590164466e-01 6.188524590163935191e-02 4.098360655737705457e-04 4.098360655737705457e-04 4.098360655737705457e-04 2.299180327868852736e-01
4.424778761061947925e-04 3.898230088495575618e-01 9.292035398230090101e-03 4.424778761061947925e-04 4.207964601769911828e-01 4.424778761061947925e-04 4.424778761061947925e-04 4.424778761061947925e-04 4.424778761061947925e-04 1.774336283185840857e-01
1.628664495114006316e-04 1.628664495114006316e-04 5.048859934853419662e-03 1.628664495114006316e-04 2.086319218241041995e-01 4.366449511400651295e-01 2.004885993485341633e-01 1.482084690553745615e-02 1.628664495114006316e-04 1.337133550488598943e-01
3.212669683257918241e-02 1.588235294117647245e-01 4.524886877828054486e-04 9.502262443438914963e-03 5.117647058823528994e-01 4.524886877828054486e-04 4.524886877828054486e-04 4.524886877828054486e-04 4.524886877828054486e-04 2.855203619909502111e-01
2.597402597402597400e-04 2.597402597402597400e-04 2.597402597402597400e-04 2.597402597402597400e-04 3.483116883116882945e-01 2.883116883116882898e-02 8.597402597402598046e-02 1.457142857142857129e-01 2.444155844155843915e-01 1.457142857142857129e-01
2.118644067796610379e-04 1.927966101694915044e-02 2.118644067796610379e-04 4.449152542372881471e-03 2.099576271186440468e-01 2.099576271186440468e-01 2.163135593220338881e-01 2.118644067796610379e-04 2.118644067796610379e-04 3.391949152542372836e-01
5.856873822975518229e-02 1.883239171374764570e-04 1.883239171374764570e-04 1.883239171374764570e-04 1.037664783427495324e-01 1.960451977401129753e-01 2.374764595103578124e-01 9.058380414312618145e-02 1.883239171374764570e-04 3.128060263653483775e-01
3.430158730158729963e-01 2.509523809523809268e-01 1.985714285714285654e-01 1.587301587301587300e-04 1.587301587301587300e-04 1.587301587301587300e-04 2.714285714285714565e-02 1.017460317460317371e-01 1.587301587301587300e-04 7.793650793650794273e-02
5.438799076212471467e-02 9.018475750577366334e-02 1.154734411085450463e-04 1.154734411085450463e-04 2.368360277136258574e-01 1.964203233256351100e-01 2.898383371824480442e-02 6.247113163972286415e-02 1.154734411085450463e-04 3.303695150115473766e-01
6.129032258064516514e-02 3.942652329749104373e-03 3.584229390681003581e-04 3.584229390681003581e-04 5.164874551971325722e-01 2.903225806451612684e-02 3.584229390681003581e-04 3.584229390681003581e-04 7.526881720430107954e-03 3.802867383512544830e-01
1.380239520958083943e-01 2.994011976047904157e-04 3.086826347305389184e-01 1.649700598802395224e-01 1.380239520958083943e-01 2.994011976047904157e-04 2.994011976047904157e-04 2.994011976047904157e-04 1.080838323353293523e-01 1.410179640718562943e-01
9.166666666666666713e-03 8.333333333333333868e-04 2.583333333333333315e-02 8.333333333333333868e-04 1.341666666666666841e-01 8.333333333333333868e-04 4.758333333333333304e-01 8.333333333333333868e-04 3.508333333333333304e-01 8.333333333333333868e-04
2.340686274509803932e-02 2.672794117647058765e-01 3.075980392156862919e-02 3.799019607843137202e-03 4.560049019607843590e-01 1.225490196078431356e-04 1.225490196078431356e-04 1.225490196078431356e-04 5.036764705882353088e-02 1.680147058823529271e-01
5.872222222222220900e-01 2.761111111111110294e-01 3.351851851851851694e-02 1.851851851851851489e-04 2.037037037037036855e-03 1.851851851851851489e-04 1.851851851851851489e-04 1.001851851851851688e-01 1.851851851851851489e-04 1.851851851851851489e-04
3.904724716907458950e-05 2.737212026552128183e-02 3.904724716907458950e-05 3.166731745411948545e-02 3.943771964076533444e-03 4.092541975790707220e-01 2.198750488090590038e-01 7.383834439672004590e-02 1.546661460367044494e-01 7.930495900039048751e-02
9.412915851272016243e-02 1.587084148727984367e-01 1.626223091976516655e-01 2.311154598825831685e-01 1.956947162426614535e-04 1.956947162426614535e-04 9.980430528375733995e-03 2.056751467710371817e-01 6.477495107632094684e-02 7.260273972602740433e-02
6.919540229885058624e-02 1.841379310344827824e-01 9.425287356321839297e-03 2.298850574712644134e-04 2.691954022988505835e-01 2.298850574712644134e-04 4.390804597701150613e-02 2.298850574712644134e-04 2.298850574712644134e-04 4.232183908045977216e-01
7.534965034965035446e-02 1.923076923076923184e-03 5.961538461538461869e-02 1.748251748251748250e-04 2.973776223776223859e-01 6.660839160839161777e-02 1.155594405594405488e-01 1.749999999999999889e-01 9.807692307692307543e-02 1.103146853146853151e-01
2.195121951219512063e-02 4.420054200542005152e-01 1.924119241192411706e-02 1.249322493224932357e-01 9.512195121951219634e-02 4.092140921409213872e-02 2.710027100271002708e-04 5.691056910569106120e-03 2.710027100271002708e-04 2.495934959349593307e-01
1.512922465208747513e-01 8.369781312127236306e-02 1.610337972166997825e-02 1.988071570576540822e-04 3.401590457256460920e-01 1.473161033797216468e-01 1.988071570576540822e-04 1.988071570576540822e-04 1.988071570576540822e-04 2.606361829025845012e-01
3.134796238244514309e-04 3.890282131661441656e-01 3.134796238244514309e-04 3.134796238244514309e-04 1.351097178683385580e-01 3.134796238244514309e-04 1.601880877742946629e-01 2.166144200626959060e-01 9.749216300940438673e-02 3.134796238244514309e-04
2.932604735883424796e-02 2.679417122040072541e-01 5.300546448087432166e-02 1.821493624772313295e-04 4.318761384335154663e-01 5.664845173041894305e-02 1.821493624772313295e-04 3.825136612021857920e-03 1.821493624772313295e-04 1.568306010928961769e-01
4.347826086956522442e-04 4.347826086956522442e-04 1.347826086956521903e-02 3.352173913043478559e-01 1.047826086956521879e-01 4.347826086956522442e-04 3.873913043478260931e-01 4.782608695652174578e-03 1.526086956521739424e-01 4.347826086956522442e-04
1.477669902912621125e-01 4.021359223300970953e-01 1.941747572815534116e-04 1.941747572815534116e-04 1.031067961165048619e-01 1.941747572815534116e-04 2.543689320388349551e-02 1.941747572815534116e-04 2.234951456310679541e-01 9.728155339805825974e-02
3.058103975535168546e-04 5.229357798165137905e-02 3.394495412844036886e-02 3.363914373088685347e-03 3.091743119266054940e-01 5.229357798165137905e-02 3.058103975535168546e-04 3.058103975535168546e-04 3.058103975535168546e-04 5.477064220183486265e-01
2.834808259587020540e-01 1.005899705014749318e-01 2.949852507374631227e-04 2.949852507374631227e-04 1.831858407079645923e-01 2.094395280235988172e-02 4.749262536873156970e-02 2.094395280235988172e-02 3.244837758112094784e-03 3.395280235988200612e-01
3.911917098445595598e-02 2.748704663212435118e-01 8.056994818652850332e-02 2.590673575129533559e-04 1.168393782383419788e-01 7.279792746113990243e-02 2.590673575129533559e-04 2.590673575129533559e-04 1.321243523316062082e-02 4.018134715025906689e-01
5.006934812760054782e-02 1.208044382801664041e-01 5.686546463245491234e-03 1.386962552011095681e-04 5.674063800277392433e-01 2.926490984743411808e-02 1.386962552011095681e-04 2.912621359223300632e-03 5.686546463245491234e-03 2.178918169209430877e-01
5.820105820105821691e-03 8.518518518518521099e-02 2.698412698412698540e-02 5.820105820105821691e-03 1.486772486772487134e-01 7.460317460317461569e-02 8.518518518518521099e-02 4.026455026455026953e-01 1.645502645502645855e-01 5.291005291005292446e-04
4.247104247104247464e-03 3.861003861003860986e-04 3.861003861003860986e-04 3.861003861003860986e-04 8.108108108108108558e-03 1.471042471042471045e-01 3.864864864864864802e-01 2.552123552123551908e-01 1.007722007722007818e-01 9.691119691119691459e-02
1.562499999999999761e-04 1.282812499999999578e-01 1.562499999999999761e-04 1.562499999999999761e-04 5.892187499999999023e-01 5.640624999999999112e-02 2.984374999999999528e-02 4.546874999999999528e-02 2.984374999999999528e-02 1.204687499999999717e-01
3.058103975535168546e-04 3.058103975535168546e-04 3.214067278287461860e-01 1.195718654434250877e-01 3.058103975535168546e-04 6.422018348623853568e-03 3.363914373088685347e-03 1.103975535168195826e-01 4.376146788990825653e-01 3.058103975535168546e-04
8.902439024390243483e-02 1.012195121951219579e-01 8.885017421602787666e-03 1.236933797909407599e-02 4.444250871080139276e-01 1.099303135888501787e-01 1.236933797909407599e-02 1.742160278745644598e-04 6.986062717770034902e-02 1.517421602787456247e-01
5.185950413223140709e-02 1.716942148760330356e-01 2.066115702479339063e-04 2.066115702479339063e-04 3.473140495867768629e-01 4.359504132231405149e-02 2.066115702479339063e-04 2.272727272727273051e-03 2.272727272727273051e-03 3.803719008264462853e-01
3.424870466321243700e-01 2.642487046632124512e-02 5.233160621761658721e-02 5.181347150259068201e-04 5.699481865284975780e-03 1.300518134715026308e-01 5.181347150259068201e-04 5.181347150259068201e-04 3.476683937823834558e-01 9.378238341968914149e-02
8.840579710144926689e-03 9.579710144927534865e-02 1.608695652173913054e-02 7.115942028985507151e-02 4.204347826086957118e-01 4.492753623188405765e-03 1.449275362318840543e-04 1.449275362318840543e-04 3.043478260869565168e-03 3.798550724637681508e-01
1.181222707423580792e-01 4.543668122270742016e-01 2.183406113537117953e-04 1.986899563318777345e-02 2.183406113537117953e-04 2.183406113537117953e-04 4.606986899563319388e-02 3.604803493449781349e-01 2.183406113537117953e-04 2.183406113537117953e-04
2.712765957446808263e-02 3.303191489361702038e-01 5.319148936170212854e-04 5.319148936170212854e-04 5.372340425531915015e-02 5.319148936170212854e-04 2.452127659574468155e-01 2.239361702127659615e-01 1.175531914893617053e-01 5.319148936170212854e-04
6.650943396226416393e-02 1.985849056603773977e-01 3.023584905660377520e-01 5.707547169811321569e-02 6.650943396226416393e-02 4.716981132075472819e-04 4.716981132075472819e-04 4.716981132075472819e-04 3.070754716981132226e-01 4.716981132075472819e-04
1.931166347992351734e-02 3.386233269598470375e-01 3.269598470363289239e-02 1.931166347992351734e-02 9.579349904397706228e-02 1.912045889101338418e-04 9.751434034416825089e-03 1.912045889101338418e-04 2.504780114722753373e-02 4.590822179732313435e-01
7.045454545454545719e-03 2.272727272727272725e-04 9.318181818181817469e-03 2.272727272727272725e-04 7.068181818181817899e-02 3.934090909090908750e-01 1.206818181818181818e-01 3.093181818181818254e-01 2.272727272727272725e-04 8.886363636363636687e-02
1.191895113230035644e-04 2.276519666269368261e-02 6.078665077473181105e-03 4.541120381406435480e-02 1.191895113230035644e-04 9.547079856972584544e-02 4.589988081048867463e-01 3.433849821215732567e-01 2.038140643623360948e-02 7.270560190703216803e-03
3.436426116838488232e-04 3.436426116838488232e-04 3.436426116838488232e-04 3.436426116838488232e-04 5.398625429553264299e-01 3.233676975945016796e-01 5.189003436426116445e-02 7.216494845360825125e-03 7.594501718213059194e-02 3.436426116838488232e-04
5.387345679012346400e-01 9.413580246913579377e-03 9.274691358024692023e-02 1.712962962962963007e-02 1.543209876543209845e-04 1.143518518518518434e-01 1.359567901234567944e-01 3.240740740740741081e-03 6.805555555555556357e-02 2.021604938271604965e-02
6.567460317460317720e-02 2.442460317460317387e-01 1.609126984126983961e-01 1.984126984126984125e-04 2.202380952380952189e-02 2.283730158730158666e-01 4.186507936507936900e-02 1.113095238095238165e-01 6.150793650793650626e-03 1.192460317460317526e-01
1.302259887005649819e-01 4.635593220338982690e-01 1.440677966101694754e-02 2.824858757062146991e-04 5.932203389830508627e-03 2.824858757062146991e-04 1.612994350282485889e-01 1.245762711864406846e-01 9.915254237288136097e-02 2.824858757062146991e-04
4.149377593360996288e-04 1.829875518672199330e-01 5.435684647302904682e-02 4.149377593360996288e-04 4.149377593360996288e-04 4.149377593360996288e-04 1.622406639004149442e-01 2.784232365145227761e-01 1.207468879668049805e-01 1.995850622406639130e-01
1.632183908045976850e-02 1.634482758620689480e-01 2.298850574712643863e-04 3.174712643678160862e-01 7.609195402298850330e-02 2.298850574712643863e-04 1.496551724137930861e-01 2.140229885057471082e-01 2.298850574712643863e-04 6.229885057471264836e-02
3.119469026548672003e-02 1.349557522123893613e-02 3.119469026548672003e-02 2.212389380530973421e-04 2.676991150442477319e-02 7.101769911504424160e-02 7.325221238938052215e-01 9.314159292035396887e-02 2.212389380530973421e-04 2.212389380530973421e-04
5.208333333333333261e-04 1.359375000000000167e-01 4.218749999999999584e-02 4.432291666666666186e-01 5.208333333333333261e-04 5.208333333333333261e-04 2.244791666666666741e-01 5.208333333333333261e-04 1.515625000000000167e-01 5.208333333333333261e-04
1.306209850107066354e-02 7.301927194860813319e-02 2.141327623126338504e-04 2.141327623126338504e-04 2.700214132762312480e-01 2.591006423982869164e-02 3.447537473233405064e-02 2.141327623126338504e-04 2.141327623126338504e-04 5.826552462526767284e-01
2.819614711033275115e-02 7.548161120840631011e-02 2.644483362521891229e-02 1.751313485113835443e-04 3.854640980735551392e-01 1.893169877408056034e-01 1.751313485113835443e-04 1.418563922942206630e-02 1.751313485113835443e-04 2.803852889667250436e-01
1.893939393939393938e-04 3.316287878787878562e-01 1.138257575757575801e-01 1.893939393939393938e-04 1.912878787878787706e-02 1.912878787878787706e-02 1.893939393939393938e-04 3.617424242424242820e-02 1.592803030303030221e-01 3.202651515151515027e-01
1.893939393939393938e-04 1.893939393939393938e-04 1.893939393939393938e-04 1.893939393939393938e-04 8.541666666666666852e-02 4.433712121212121104e-01 2.009469696969696795e-01 5.871212121212121722e-03 1.893939393939393938e-04 2.634469696969696795e-01
3.403954802259887003e-02 1.413841807909604342e-01 1.412429378531073225e-04 1.412429378531073225e-04 5.354519774011299305e-01 1.018361581920903675e-01 1.412429378531073225e-04 1.412429378531073225e-04 3.827683615819208601e-02 1.484463276836157919e-01
2.689393939393939365e-02 3.787878787878787876e-04 3.787878787878787876e-04 3.787878787878787876e-04 3.791666666666666519e-01 2.049242424242424254e-01 4.166666666666666609e-03 1.931818181818181768e-02 3.787878787878787876e-04 3.640151515151515138e-01
1.851851851851852031e-04 2.037037037037037288e-03 2.425925925925925819e-02 1.685185185185185050e-02 7.425925925925926097e-02 1.224074074074073953e-01 5.388888888888888895e-02 5.038888888888889417e-01 1.612962962962962987e-01 4.092592592592592809e-02
1.391752577319587542e-02 1.101374570446735229e-01 1.718213058419244116e-04 1.152920962199312643e-01 1.718213058419244116e-04 3.969072164948454079e-02 1.015463917525773196e-01 3.558419243986254421e-01 8.762886597938144423e-03 2.544673539518900185e-01
4.178794178794179026e-02 7.920997920997921438e-02 2.286902286902287029e-03 6.444906444906445264e-03 1.891891891891891650e-02 1.683991683991684085e-02 3.744282744282744213e-01 2.413721413721413578e-01 2.164241164241164084e-01 2.286902286902287029e-03
2.163120567375886524e-02 3.226950354609928878e-02 6.418439716312057675e-02 3.900709219858156454e-03 5.570921985815602273e-01 7.482269503546100375e-02 3.546099290780142083e-04 7.446808510638298212e-03 3.226950354609928878e-02 2.060283687943262332e-01
2.688172043010752686e-04 8.333333333333333218e-03 2.688172043010752686e-04 5.645161290322581182e-03 1.239247311827957054e-01 2.475806451612903025e-01 3.094086021505376149e-01 1.911290322580644907e-01 9.973118279569892497e-02 1.370967741935483729e-02
9.255898366606169284e-03 3.940108892921960204e-01 1.814882032667876734e-04 1.814882032667876734e-04 1.814882032667876734e-04 8.185117967332124211e-02 6.551724137931035086e-02 3.286751361161524554e-01 1.833030852994555274e-02 1.018148820326678777e-01
6.366459627329191726e-03 1.552795031055900679e-04 1.552795031055900679e-04 1.552795031055900679e-04 1.709627329192546508e-01 3.790372670807453104e-01 1.989130434782608592e-01 7.158385093167701774e-02 1.552795031055900679e-04 1.725155279503105543e-01
7.853535353535354147e-02 1.694444444444444253e-01 3.813131313131312705e-02 1.037878787878787901e-01 4.244949494949494806e-01 2.297979797979797859e-02 1.287878787878787845e-02 2.525252525252525250e-04 2.525252525252525250e-04 1.492424242424242598e-01
5.738255033557047163e-02 3.355704697986577542e-04 3.355704697986577542e-04 3.355704697986577542e-04 5.708053691275167818e-01 8.422818791946309891e-02 3.355704697986577542e-04 4.731543624161073380e-02 3.355704697986577542e-04 2.385906040268456207e-01
1.848428835489833834e-04 1.848428835489833834e-04 1.848428835489833834e-04 3.160813308687615564e-02 3.144177449168206739e-01 8.336414048059150039e-02 1.609981515711645106e-01 1.665434380776339984e-01 1.573012939001848243e-01 8.521256931608132967e-02
2.750000000000000274e-03 2.750000000000000274e-03 6.752500000000000169e-01 2.274999999999999939e-02 2.500000000000000052e-04 2.500000000000000052e-04 2.500000000000000052e-04 3.774999999999999883e-02 2.552499999999999769e-01 2.750000000000000274e-03
1.649700598802395224e-01 2.994011976047904157e-04 1.230538922155688664e-01 1.290419161676646664e-01 2.458083832335329066e-01 2.994011976047904157e-04 1.170658682634730524e-01 4.820359281437126137e-02 2.994011976047904157e-04 1.709580838323353225e-01
1.176197836166924110e-01 2.366306027820710978e-01 1.545595054095826970e-04 3.245749613601236691e-03 4.143740340030912517e-01 1.021638330757341506e-01 1.545595054095826970e-04 1.545595054095826970e-04 1.715610510046367693e-02 1.083462132921174520e-01
2.698529411764705732e-01 2.450980392156862711e-04 2.551470588235293935e-01 2.450980392156862711e-04 7.132352941176471617e-02 2.450980392156862711e-04 3.946078431372549572e-02 7.867647058823529216e-02 2.649509803921568651e-01 1.985294117647058709e-02
3.127351664254703345e-01 3.749638205499276622e-01 1.447178002894355952e-04 1.447178002894355952e-04 5.803183791606367908e-02 1.447178002894355952e-04 4.486251808972503696e-03 1.882778581765557069e-01 1.447178002894355952e-04 6.092619392185238958e-02
6.086956521739130335e-03 4.060869565217390953e-01 2.898550724637681086e-04 2.898550724637681086e-04 8.144927536231884313e-02 2.898550724637681086e-04 6.405797101449275943e-02 9.594202898550724390e-02 2.898550724637681086e-04 3.452173913043478093e-01
1.620331950207468674e-01 2.035269709543568450e-01 2.717842323651452341e-02 3.757261410788381717e-01 2.282157676348547850e-03 2.074688796680498144e-04 2.074688796680498144e-04 2.095435684647302746e-02 2.095435684647302746e-02 1.869294605809128651e-01
2.145922746781116035e-04 7.961373390557940910e-02 2.145922746781116035e-04 2.145922746781116035e-04 4.851931330472102899e-01 2.381974248927038601e-02 1.761802575107296043e-01 4.957081545064377648e-02 1.289699570815450724e-01 5.600858369098712930e-02
7.320512820512820040e-02 1.116666666666666641e-01 1.282051282051282050e-04 9.628205128205127861e-02 2.385897435897435803e-01 1.578205128205128205e-01 3.602564102564102810e-02 9.115384615384614087e-02 1.282051282051282050e-04 1.949999999999999789e-01
