2.702702702702702202e-04 5.162162162162160783e-02 2.702702702702702202e-04 2.702702702702702202e-04 1.648648648648648116e-02 2.702702702702702202e-04 2.972972972972972097e-03 2.702702702702702202e-04 1.948648648648647896e-01 2.702702702702702202e-04 2.702702702702702202e-04 1.108108108108107719e-02 1.108108108108107719e-02 2.702702702702702202e-04 2.702702702702702202e-04 1.894594594594593839e-01 2.702702702702702202e-04 1.705405405405404917e-01 8.378378378378376068e-03 2.702702702702702202e-04 2.972972972972972097e-03 2.702702702702702202e-04 4.351351351351350621e-02 2.972972972972972097e-03 1.678378378378377889e-01 2.702702702702702202e-04 2.702702702702702202e-04 5.675675675675674083e-03 2.459459459459458625e-02 9.216216216216213675e-02
1.256157635467979906e-02 3.672413793103447288e-01 2.463054187192117495e-04 1.502463054187191602e-02 2.463054187192117495e-04 2.463054187192117495e-04 1.995073891625614992e-02 9.137931034482756065e-02 1.256157635467979906e-02 2.463054187192117495e-04 7.413793103448274024e-02 5.172413793103447337e-03 2.463054187192117495e-04 4.458128078817732987e-02 2.463054187192117495e-04 1.502463054187191602e-02 2.463054187192117495e-04 7.660098522167485546e-02 1.578817733990147132e-01 2.463054187192117495e-04 5.172413793103447337e-03 2.463054187192117495e-04 3.226600985221673989e-02 1.256157635467979906e-02 2.463054187192117495e-04 7.635467980295564290e-03 7.635467980295564290e-03 3.965517241379309249e-02 2.463054187192117495e-04 2.463054187192117495e-04
1.536098310291858407e-04 4.009216589861750585e-02 1.536098310291858407e-04 1.689708141321044329e-03 1.536098310291858407e-04 1.536098310291858407e-04 1.015360983102918391e-01 2.933947772657449771e-02 1.536098310291858407e-04 1.536098310291858407e-04 1.536098310291858407e-04 1.536098310291858407e-04 1.536098310291858407e-04 1.536098310291858407e-04 2.319508448540706300e-02 1.858678955453148610e-02 1.536098310291858407e-04 4.162826420890936713e-02 1.536098310291858407e-04 1.536098310291858407e-04 1.536098310291858407e-04 1.675883256528417353e-01 1.691244239631335966e-01 5.545314900153609089e-02 1.353302611367127040e-01 7.081413210445466899e-02 3.855606758832565151e-02 4.930875576036865965e-02 1.858678955453148610e-02 3.701996927803379023e-02
4.098360655737705999e-04 1.270491803278688860e-02 1.680327868852459286e-02 4.098360655737705999e-04 2.500000000000000486e-02 4.098360655737705999e-04 4.098360655737705999e-04 4.098360655737705999e-04 1.725409836065574243e-01 4.098360655737705999e-04 4.098360655737705999e-04 4.098360655737705999e-04 4.549180327868853485e-02 4.098360655737705999e-04 4.098360655737705999e-04 4.098360655737705999e-04 4.098360655737705999e-04 1.766393442622951337e-01 4.098360655737705999e-04 3.241803278688525358e-01 4.098360655737705999e-04 4.098360655737705999e-04 4.098360655737705999e-04 4.098360655737705999e-04 4.098360655737705999e-04 4.098360655737705999e-04 4.098360655737705999e-04 2.094262295081967817e-01 4.098360655737705999e-04 8.606557377049182597e-03
4.172932330827065772e-02 1.165413533834585950e-02 3.759398496240600102e-04 3.759398496240600102e-04 3.759398496240600102e-04 3.759398496240600102e-04 3.759398496240600102e-04 3.759398496240600102e-04 3.759398496240600102e-04 3.759398496240600102e-04 3.759398496240600102e-04 9.812030075187966327e-02 1.165413533834585950e-02 3.759398496240600102e-04 3.045112781954885731e-02 7.894736842105259944e-03 3.759398496240600102e-04 1.244360902255638585e-01 4.135338345864660384e-03 3.796992481203005643e-02 3.759398496240600102e-04 3.759398496240600102e-04 1.541353383458645906e-02 1.169172932330826559e-01 2.184210526315788492e-01 2.635338345864660092e-01 3.759398496240600102e-04 1.165413533834585950e-02 3.759398496240600102e-04 3.759398496240600102e-04
3.597122302158272376e-04 3.597122302158272376e-04 3.597122302158272376e-04 3.597122302158272376e-04 3.597122302158272376e-04 3.597122302158272376e-04 9.028776978417263344e-02 3.597122302158272376e-04 3.597122302158272376e-04 3.597122302158272376e-04 3.597122302158272376e-04 7.553956834532371718e-03 2.913669064748200185e-02 3.597122302158272376e-04 3.597122302158272376e-04 8.309352517985608977e-02 3.597122302158272376e-04 1.802158273381294362e-01 3.597122302158272376e-04 3.597122302158272376e-04 3.956834532374099017e-03 3.633093525179854205e-02 3.061151079136689157e-01 3.597122302158272376e-04 2.305755395683452003e-01 3.597122302158272376e-04 3.597122302158272376e-04 3.956834532374099017e-03 3.597122302158272376e-04 2.194244604316545819e-02
2.288329519450800487e-04 1.832951945080091016e-01 7.093821510297481509e-03 1.558352402745994958e-01 2.130434782608695010e-01 4.370709382151029276e-02 2.288329519450800487e-04 1.077803203661326925e-01 2.288329519450800487e-04 2.288329519450800487e-04 2.288329519450800487e-04 2.768878718535468242e-02 1.853546910755148047e-02 2.288329519450800487e-04 2.288329519450800487e-04 2.288329519450800487e-04 2.288329519450800487e-04 5.743707093821508874e-02 2.288329519450800487e-04 2.288329519450800487e-04 4.599542334096108631e-02 2.288329519450800487e-04 1.352402745995422984e-01 2.288329519450800487e-04 2.288329519450800487e-04 2.288329519450800487e-04 2.288329519450800487e-04 2.288329519450800487e-04 2.288329519450800487e-04 2.288329519450800487e-04
1.085245901639343702e-01 6.918032786885242036e-02 3.278688524590162305e-04 3.278688524590162305e-04 3.278688524590162305e-04 3.278688524590162305e-04 6.885245901639340353e-03 4.950819672131144544e-02 3.278688524590162305e-04 3.278688524590162305e-04 1.708196721311474597e-01 5.278688524590161718e-02 3.278688524590162305e-04 6.918032786885242036e-02 3.278688524590162305e-04 1.999999999999998654e-02 3.278688524590162305e-04 9.213114754098356007e-02 3.278688524590162305e-04 3.278688524590162305e-04 3.278688524590162305e-04 3.278688524590162305e-04 1.314754098360655099e-01 3.278688524590162305e-04 9.868852459016388967e-02 9.868852459016388967e-02 3.278688524590162305e-04 3.278688524590162305e-04 2.655737704918031267e-02 3.278688524590162305e-04
3.115264797507787207e-04 5.327102803738316406e-02 3.115264797507787207e-04 3.457943925233643301e-02 3.115264797507787207e-04 9.657320872274140558e-03 3.115264797507787207e-04 3.115264797507787207e-04 3.115264797507787207e-04 3.115264797507787207e-04 3.115264797507787207e-04 6.542056074766352917e-03 3.115264797507787207e-04 3.769470404984422152e-02 3.115264797507787207e-04 9.657320872274140558e-03 3.115264797507787207e-04 1.560747663551401432e-01 3.769470404984422152e-02 6.295950155763238021e-01 3.115264797507787207e-04 3.115264797507787207e-04 3.115264797507787207e-04 3.115264797507787207e-04 3.115264797507787207e-04 6.542056074766352917e-03 3.115264797507787207e-04 3.426791277258566144e-03 9.657320872274140558e-03 3.115264797507787207e-04
2.861635220125785181e-02 6.320754716981130672e-02 3.144654088050313767e-04 2.861635220125785181e-02 6.603773584905658044e-03 3.144654088050313767e-04 3.144654088050313767e-04 6.006289308176098601e-02 3.144654088050313767e-04 3.144654088050313767e-04 3.144654088050313767e-04 1.603773584905659674e-02 6.320754716981130672e-02 1.009433962264150580e-01 2.547169811320753804e-02 1.166666666666666269e-01 3.144654088050313767e-04 3.144654088050313767e-04 3.144654088050313767e-04 3.144654088050313767e-04 3.144654088050313767e-04 3.144654088050313767e-04 3.144654088050313767e-04 3.144654088050313767e-04 1.952830188679244572e-01 3.144654088050313767e-04 1.606918238993710057e-01 3.144654088050313767e-04 1.040880503144653718e-01 2.547169811320753804e-02
2.659574468085105885e-04 2.659574468085105885e-04 1.888297872340424788e-02 1.090425531914893109e-02 2.925531914893616473e-03 5.585106382978721924e-03 8.537234042553189239e-02 1.622340425531914460e-02 2.659574468085105885e-04 2.659574468085105885e-04 2.659574468085105885e-04 2.659574468085105885e-04 2.659574468085105885e-04 2.659574468085105885e-04 2.659574468085105885e-04 8.803191489361700262e-02 2.659574468085105885e-04 1.093085106382978428e-01 2.659574468085105885e-04 1.356382978723403784e-02 2.659574468085105885e-04 6.941489361702125882e-02 5.585106382978721924e-03 2.925531914893616473e-03 4.124999999999998668e-01 2.686170212765956467e-02 9.601063829787231940e-02 5.585106382978721924e-03 2.659574468085105885e-04 2.686170212765956467e-02
1.468428781204111303e-04 1.468428781204111303e-04 1.776798825256974829e-02 8.957415565345079600e-03 3.245227606461086045e-02 1.468428781204111303e-04 1.615271659324522650e-03 1.483113069016152481e-02 4.552129221732745257e-03 1.468428781204111303e-04 1.468428781204111303e-04 4.273127753303964521e-02 4.566813509544786348e-02 1.468428781204111303e-04 1.468428781204111303e-04 1.468428781204111303e-04 4.552129221732745257e-03 2.070484581497797003e-02 1.468428781204111303e-04 1.468428781204111303e-04 1.923641703377385742e-02 1.337738619676945295e-01 1.455212922173274304e-01 8.678414096916298170e-02 2.629955947136563554e-01 2.657856093979441697e-02 8.237885462555065430e-02 2.217327459618208263e-02 2.217327459618208263e-02 3.083700440528633954e-03
2.325581395348837340e-04 2.325581395348837340e-04 1.651162790697674465e-02 2.325581395348837340e-04 2.325581395348837340e-04 2.558139534883721155e-03 2.325581395348837340e-04 2.325581395348837340e-04 2.325581395348837340e-04 2.325581395348837340e-04 2.325581395348837340e-04 2.325581395348837340e-04 2.325581395348837340e-04 2.325581395348837340e-04 2.325581395348837340e-04 9.790697674418605279e-02 2.325581395348837340e-04 2.325581395348837340e-04 2.325581395348837340e-04 2.325581395348837340e-04 2.325581395348837340e-04 2.325581395348837340e-04 2.325581395348837340e-04 2.325581395348837340e-04 3.002325581395348664e-01 2.325581395348837340e-04 3.420930232558139217e-01 1.651162790697674465e-02 2.188372093023255582e-01 2.325581395348837340e-04
2.754820936639118751e-04 2.782369146005509580e-02 2.754820936639118751e-04 2.754820936639118751e-04 3.030303030303030734e-03 2.754820936639118751e-04 2.754820936639118751e-04 2.754820936639118751e-04 5.785123966942149268e-03 2.754820936639118751e-04 8.539944903581267802e-03 9.393939393939394755e-02 3.030303030303030734e-03 2.754820936639118751e-04 2.754820936639118751e-04 6.088154269972452515e-02 2.754820936639118751e-04 1.848484848484848453e-01 1.129476584022038460e-02 2.506887052341597727e-02 9.393939393939394755e-02 2.754820936639118751e-04 2.754820936639118751e-04 2.754820936639118751e-04 3.333333333333333287e-02 1.490358126721763043e-01 1.404958677685950313e-02 2.509641873278236623e-01 3.057851239669421434e-02 2.754820936639118751e-04
1.650165016501649914e-04 1.171617161716171328e-02 3.976897689768976729e-02 1.815181518151814987e-03 1.650165016501649914e-04 1.650165016501649914e-04 1.650165016501649914e-04 1.650165016501649914e-04 1.650165016501649914e-04 1.650165016501649914e-04 1.650165016501649914e-04 2.821782178217821513e-02 5.792079207920790979e-02 1.650165016501649914e-04 6.765676567656763590e-03 5.115511551155114273e-03 1.650165016501649914e-04 1.650165016501649914e-04 1.650165016501649914e-04 5.115511551155114273e-03 1.650165016501649914e-04 1.041254125412541115e-01 1.701320132013200981e-01 9.917491749174915661e-02 2.938943894389438038e-01 2.326732673267326371e-02 7.442244224422440990e-02 4.306930693069306593e-02 3.316831683168316308e-02 1.650165016501649914e-04
3.378378378378377482e-04 3.378378378378377482e-04 3.378378378378377482e-04 7.094594594594592386e-03 3.716216216216215121e-03 3.378378378378377482e-04 3.749999999999998473e-02 3.378378378378377482e-04 1.624999999999999500e-01 1.047297297297297008e-02 3.378378378378377482e-04 3.378378378378377482e-04 3.378378378378377482e-04 3.378378378378377482e-04 7.094594594594592386e-03 1.658783783783783217e-01 5.439189189189187756e-02 1.354729729729729215e-01 3.378378378378377482e-04 3.378378378378377482e-04 3.378378378378377482e-04 3.378378378378377482e-04 1.895270270270269508e-01 3.378378378378377482e-04 2.165540540540539516e-01 3.378378378378377482e-04 3.378378378378377482e-04 3.716216216216215121e-03 3.378378378378377482e-04 3.378378378378377482e-04
2.427184466019417645e-04 2.427184466019417645e-04 2.669902912621359599e-03 2.427184466019417645e-04 2.427184466019417645e-04 1.237864077669902779e-02 2.427184466019417645e-04 2.427184466019417645e-04 2.427184466019417645e-04 2.427184466019417645e-04 2.427184466019417645e-04 2.427184466019417645e-04 2.427184466019417645e-04 2.669902912621359599e-03 2.427184466019417645e-04 1.895631067961164873e-01 2.427184466019417645e-04 5.606796116504854377e-02 2.427184466019417645e-04 7.524271844660194129e-03 2.669902912621359599e-03 2.427184466019417645e-04 2.427184466019417645e-04 2.427184466019417645e-04 2.453883495145630922e-01 2.427184466019417645e-04 2.987864077669902807e-01 2.208737864077669685e-02 1.555825242718446577e-01 2.427184466019417645e-04
2.331002331002331000e-04 2.331002331002331000e-04 2.331002331002331000e-04 2.331002331002331000e-04 2.331002331002331000e-04 2.331002331002331000e-04 2.331002331002331000e-04 2.331002331002331000e-04 2.331002331002331000e-04 2.331002331002331000e-04 2.564102564102564100e-03 2.331002331002331000e-04 2.331002331002331000e-04 7.226107226107226535e-03 2.331002331002331000e-04 9.114219114219114515e-02 2.331002331002331000e-04 2.331002331002331000e-04 2.564102564102564100e-03 2.564102564102564100e-03 2.331002331002331000e-04 2.331002331002331000e-04 2.331002331002331000e-04 2.331002331002331000e-04 2.776223776223776252e-01 2.331002331002331000e-04 3.895104895104894993e-01 2.354312354312354180e-02 1.983682983682983625e-01 2.331002331002331000e-04
1.452662721893490383e-01 1.215976331360946183e-01 6.213017751479287150e-03 2.958579881656803147e-04 2.958579881656803147e-04 2.958579881656803147e-04 2.958579881656803147e-04 2.958579881656803147e-04 2.958579881656803147e-04 3.254437869822483786e-03 9.497041420118339239e-02 3.020710059171595741e-01 1.508875739644969551e-02 2.958579881656803147e-04 3.254437869822483786e-03 6.538461538461536049e-02 2.958579881656803147e-04 1.215976331360946183e-01 1.508875739644969551e-02 2.958579881656803147e-04 2.958579881656803147e-04 6.213017751479287150e-03 2.958579881656803147e-04 2.958579881656803147e-04 9.201183431952658642e-02 3.254437869822483786e-03 2.958579881656803147e-04 2.958579881656803147e-04 2.958579881656803147e-04 2.958579881656803147e-04
2.590673575129533016e-04 2.590673575129533016e-04 1.321243523316061735e-02 2.590673575129533016e-04 2.849740932642486589e-03 2.590673575129533016e-04 2.590673575129533016e-04 2.590673575129533016e-04 2.590673575129533016e-04 3.393782383419687715e-02 2.590673575129533016e-04 2.590673575129533016e-04 2.590673575129533016e-04 2.590673575129533016e-04 1.246113989637305380e-01 3.134715025906734814e-02 2.357512953367874725e-02 3.137305699481864329e-01 2.590673575129533016e-04 1.194300518134714661e-01 2.590673575129533016e-04 5.440414507772019063e-03 2.590673575129533016e-04 1.321243523316061735e-02 2.590673575129533016e-04 1.580310880829014983e-02 2.590673575129533016e-04 2.826424870466320294e-01 1.580310880829014983e-02 2.590673575129533016e-04
2.016129032258064514e-04 2.016129032258064514e-04 4.657258064516129475e-02 2.016129032258064514e-04 2.016129032258064514e-04 8.266129032258063072e-03 2.016129032258064514e-04 2.016129032258064514e-04 2.016129032258064514e-04 2.016129032258064514e-04 8.266129032258063072e-03 2.016129032258064514e-04 2.016129032258064514e-04 2.016129032258064514e-04 2.016129032258064514e-04 1.312499999999999778e-01 2.016129032258064514e-04 2.036290322580645157e-02 2.217741935483870993e-03 2.016129032258064514e-04 2.016129032258064514e-04 2.016129032258064514e-04 2.016129032258064514e-04 2.016129032258064514e-04 2.401209677419354760e-01 6.250000000000000347e-03 3.187499999999999778e-01 2.641129032258064321e-02 1.877016129032257896e-01 2.016129032258064514e-04
2.331002331002330458e-04 1.331002331002330563e-01 4.895104895104893800e-03 2.846153846153845479e-01 1.843822843822843227e-01 7.226107226107224800e-03 2.331002331002330458e-04 1.027972027972027802e-01 2.564102564102563667e-03 2.331002331002330458e-04 2.564102564102563667e-03 2.331002331002330458e-04 2.331002331002330458e-04 2.331002331002330458e-04 2.331002331002330458e-04 1.188811188811188420e-02 2.331002331002330458e-04 5.384615384615383527e-02 2.331002331002330458e-04 2.564102564102563667e-03 1.377622377622377270e-01 5.151515151515150687e-02 2.331002331002330458e-04 2.331002331002330458e-04 2.331002331002330458e-04 2.331002331002330458e-04 2.331002331002330458e-04 7.226107226107224800e-03 9.557109557109554066e-03 2.331002331002330458e-04
1.428571428571428408e-04 1.629999999999999782e-01 1.428571428571428408e-04 1.172857142857142571e-01 4.014285714285713985e-02 1.428571428571428408e-04 1.428571428571428408e-04 1.144285714285714073e-01 1.428571428571428408e-04 1.571428571428571275e-03 1.428571428571428408e-04 7.299999999999999545e-02 1.428571428571428408e-04 1.428571428571428408e-04 1.428571428571428408e-04 1.871428571428571108e-02 3.014285714285714138e-02 1.115714285714285436e-01 1.428571428571428408e-04 8.714285714285712608e-03 4.428571428571427548e-03 2.728571428571428467e-02 2.858571428571428097e-01 1.428571428571428408e-04 1.428571428571428408e-04 1.428571428571428408e-04 1.428571428571428408e-04 1.571428571428571275e-03 1.428571428571428408e-04 1.428571428571428408e-04
1.445086705202311959e-04 1.403179190751444871e-01 1.445086705202311959e-04 1.229768786127167363e-01 4.060693641618496469e-02 1.445086705202311959e-04 1.445086705202311959e-04 1.244219653179190477e-01 1.445086705202311959e-04 5.924855491329478543e-03 1.445086705202311959e-04 9.552023121387280546e-02 4.479768786127167127e-03 5.924855491329478543e-03 7.369942196531789960e-03 1.445086705202311959e-04 1.459537572254335051e-02 8.684971098265895084e-02 1.445086705202311959e-04 5.924855491329478543e-03 1.445086705202311959e-04 1.445086705202311959e-04 3.382947976878611929e-01 1.445086705202311959e-04 1.445086705202311959e-04 3.034682080924855276e-03 1.445086705202311959e-04 1.589595375722543209e-03 1.445086705202311959e-04 1.445086705202311959e-04
3.225806451612902139e-04 6.483870967741933722e-02 3.225806451612902139e-04 3.225806451612902139e-04 3.225806451612902139e-04 3.225806451612902139e-04 3.225806451612902139e-04 3.225806451612902139e-04 3.225806451612902139e-04 3.225806451612902139e-04 3.225806451612902139e-04 3.225806451612902139e-04 3.225806451612902139e-04 1.322580645161289779e-02 1.003225806451612523e-01 2.067741935483869975e-01 3.225806451612902139e-04 2.809677419354837391e-01 1.003225806451612523e-01 1.229032258064515770e-01 3.225806451612902139e-04 3.225806451612902139e-04 3.225806451612902139e-04 3.548387096774192461e-03 3.225806451612902139e-04 9.709677419354835470e-02 3.225806451612902139e-04 3.225806451612902139e-04 3.225806451612902139e-04 3.548387096774192461e-03
1.811594202898550476e-04 6.721014492753621394e-02 1.811594202898550476e-04 1.811594202898550476e-04 1.811594202898550476e-04 1.811594202898550476e-04 1.811594202898550476e-04 1.811594202898550476e-04 1.992753623188405713e-03 3.804347826086955809e-03 1.811594202898550476e-04 1.811594202898550476e-04 1.811594202898550476e-04 1.811594202898550476e-04 1.523550724637680875e-01 1.994565217391303935e-01 1.811594202898550476e-04 1.052536231884057816e-01 5.996376811594202050e-02 7.626811594202896616e-02 1.811594202898550476e-04 1.811594202898550476e-04 1.811594202898550476e-04 1.992753623188405713e-03 7.083333333333331761e-02 8.894927536231882204e-02 1.811594202898550476e-04 1.668478260869564744e-01 1.811594202898550476e-04 1.992753623188405713e-03
1.841620626151012580e-04 8.121546961325964986e-02 1.841620626151012580e-04 1.841620626151012580e-04 1.841620626151012580e-04 1.841620626151012580e-04 1.841620626151012580e-04 1.841620626151012580e-04 1.841620626151012580e-04 1.860036832412522573e-02 1.841620626151012580e-04 1.841620626151012580e-04 1.841620626151012580e-04 1.841620626151012580e-04 1.419889502762430589e-01 2.340699815837936903e-01 1.841620626151012580e-04 8.489871086556168012e-02 5.359116022099446458e-02 9.963167587476977338e-02 2.025782688766113865e-03 2.025782688766113865e-03 1.841620626151012580e-04 1.841620626151012580e-04 2.780847145488028749e-02 8.489871086556168012e-02 1.841620626151012580e-04 1.659300184162062208e-01 1.841620626151012580e-04 1.841620626151012580e-04
4.046242774566473702e-03 1.926782273603082612e-04 7.899807321772638058e-03 1.926782273603082612e-04 1.926782273603082612e-04 1.926782273603082612e-04 1.368015414258188372e-02 1.926782273603082612e-04 5.973025048169555880e-03 1.926782273603082612e-04 1.926782273603082612e-04 1.215799614643544996e-01 3.872832369942195985e-02 1.926782273603082612e-04 1.926782273603082612e-04 1.926782273603082612e-04 1.926782273603082612e-04 2.314065510597301811e-01 1.926782273603082612e-04 1.926782273603082612e-04 5.992292870905586294e-02 6.184971098265894945e-02 1.061657032755298491e-01 7.533718689788052036e-02 1.697495183044315514e-01 3.102119460500963113e-02 4.046242774566473702e-03 2.119460500963390656e-03 2.331406551059729548e-02 4.065510597302503942e-02
3.861003861003860986e-04 3.861003861003860986e-04 3.861003861003860986e-04 3.861003861003860986e-04 3.861003861003860986e-04 3.861003861003860986e-04 4.671814671814671777e-02 3.861003861003860986e-04 3.861003861003860986e-04 8.108108108108108558e-03 3.861003861003860986e-04 5.057915057915057799e-02 3.861003861003860986e-04 4.247104247104247464e-03 3.861003861003860986e-04 3.861003861003860986e-04 3.861003861003860986e-04 3.861003861003860986e-04 3.861003861003860986e-04 3.861003861003860986e-04 5.444015444015443822e-02 6.988416988416988607e-02 2.590733590733590441e-01 1.196911196911196879e-02 3.092664092664092479e-01 2.741312741312741316e-02 6.988416988416988607e-02 4.671814671814671777e-02 3.513513513513513709e-02 3.861003861003860986e-04
3.003003003003002326e-04 3.003003003003002326e-04 3.003003003003002326e-04 3.003003003003002326e-04 3.003003003003002326e-04 3.003003003003002326e-04 3.003003003003002326e-04 3.003003003003002326e-04 3.003003003003002326e-04 8.438438438438436440e-02 3.003003003003002326e-04 3.003003003003002326e-04 3.003003003003002326e-04 3.003003003003002326e-04 3.003003003003002326e-04 6.636636636636635000e-02 3.003003003003002326e-04 1.384384384384383937e-01 3.003003003003002326e-04 8.738738738738735523e-02 3.003003003003002326e-04 3.303303303303302234e-03 3.003003003003002326e-04 1.231231231231230683e-02 1.834834834834834227e-01 3.156156156156154635e-01 3.003003003003002326e-04 7.837837837837835497e-02 2.432432432432431527e-02 3.003003003003002326e-04
2.074688796680497602e-04 1.371369294605808697e-01 2.074688796680497602e-04 1.265560165975103402e-02 3.425311203319501008e-01 2.510373443983401898e-02 2.074688796680497602e-04 1.039419087136929237e-01 2.074688796680497602e-04 2.074688796680497602e-04 2.074688796680497602e-04 8.734439834024894378e-02 7.697095435684646325e-02 1.473029045643153151e-02 2.074688796680497602e-04 2.074688796680497602e-04 1.058091286307053652e-02 1.080912863070539187e-01 2.074688796680497602e-04 2.074688796680497602e-04 4.170124481327799892e-02 8.506224066390039029e-03 2.717842323651451647e-02 2.074688796680497602e-04 2.074688796680497602e-04 2.074688796680497602e-04 2.074688796680497602e-04 2.074688796680497602e-04 2.074688796680497602e-04 2.074688796680497602e-04
6.285714285714288571e-03 2.914285714285715090e-02 5.714285714285716883e-04 5.714285714285716883e-04 5.891428571428573013e-01 5.714285714285716883e-04 5.714285714285716883e-04 6.914285714285715867e-02 5.714285714285716883e-04 1.605714285714286427e-01 5.714285714285716883e-04 5.714285714285716883e-04 1.200000000000000372e-02 6.285714285714288571e-03 5.714285714285716883e-04 7.485714285714288596e-02 2.342857142857143402e-02 5.714285714285716883e-04 5.714285714285716883e-04 5.714285714285716883e-04 5.714285714285716883e-04 5.714285714285716883e-04 5.714285714285716883e-04 5.714285714285716883e-04 1.771428571428572060e-02 5.714285714285716883e-04 5.714285714285716883e-04 5.714285714285716883e-04 5.714285714285716883e-04 5.714285714285716883e-04
2.352941176470587487e-04 2.352941176470587487e-04 2.352941176470587487e-04 2.352941176470587487e-04 1.108235294117646680e-01 2.588235294117646398e-03 2.352941176470587487e-04 2.352941176470587487e-04 2.352941176470587487e-04 1.319999999999999507e-01 2.141176470588234196e-02 3.788235294117645729e-02 2.352941176470587487e-04 2.352941176470587487e-04 2.352941176470587487e-04 2.141176470588234196e-02 2.588235294117646398e-03 2.352941176470587487e-04 2.352941176470587487e-04 2.352941176470587487e-04 5.199999999999998374e-02 2.449411764705881345e-01 1.625882352941175613e-01 4.258823529411763509e-02 5.670588235294115459e-02 4.023529411764704272e-02 2.352941176470587487e-04 1.435294117647058221e-02 5.435294117647056916e-02 2.352941176470587487e-04
1.788908765652951925e-04 1.627906976744186024e-02 1.788908765652951925e-04 7.173524150268337229e-02 1.788908765652951925e-04 1.788908765652951925e-04 1.449016100178890896e-02 9.141323792486583111e-02 1.788908765652951925e-04 9.123434704830053407e-03 2.880143112701252436e-02 1.788908765652951925e-04 1.788908765652951925e-04 9.123434704830053407e-03 1.788908765652951925e-04 1.039355992844364918e-01 1.788908765652951925e-04 1.788908765652951925e-04 1.788908765652951925e-04 1.788908765652951925e-04 1.788908765652951925e-04 3.364937388193202095e-01 2.202146690518783367e-01 1.788908765652951925e-04 7.531305903398927137e-02 1.788908765652951925e-04 3.756708407871198717e-03 1.788908765652951925e-04 1.627906976744186024e-02 1.788908765652951925e-04
1.689189189189189012e-04 2.043918918918918512e-02 3.902027027027026723e-02 5.236486486486485910e-03 1.689189189189189012e-04 1.689189189189189012e-04 8.614864864864861874e-03 1.689189189189189012e-04 1.689189189189189012e-04 1.689189189189189012e-04 1.689189189189189012e-04 1.689189189189189012e-04 1.858108108108107994e-03 1.858108108108107994e-03 3.564189189189188867e-02 3.701013513513512487e-01 1.030405405405405116e-02 1.775337837837837329e-01 8.614864864864861874e-03 1.319256756756756466e-01 1.689189189189189012e-04 5.236486486486485910e-03 1.689189189189189012e-04 1.689189189189189012e-04 1.689189189189189012e-04 3.564189189189188867e-02 1.689189189189189012e-04 1.217905405405405039e-01 2.381756756756756369e-02 1.689189189189189012e-04
4.329004329004330085e-04 8.268398268398270690e-02 4.329004329004330085e-04 4.329004329004330085e-04 4.329004329004330085e-04 4.329004329004330085e-04 4.329004329004330085e-04 4.329004329004330085e-04 4.329004329004330085e-04 4.329004329004330085e-04 9.090909090909093937e-03 2.640692640692641341e-02 3.506493506493506968e-02 4.329004329004330085e-04 4.329004329004330085e-04 4.329004329004330085e-04 4.329004329004330085e-04 9.090909090909093937e-03 4.329004329004330085e-04 4.761904761904763202e-03 4.329004329004330085e-04 3.337662337662338219e-01 2.515151515151515804e-01 4.329004329004330085e-04 2.255411255411255977e-01 4.329004329004330085e-04 4.329004329004330085e-04 1.341991341991342380e-02 4.329004329004330085e-04 4.329004329004330085e-04
3.154574132492112709e-04 3.470031545741323817e-03 3.154574132492112709e-04 3.154574132492112709e-04 1.138801261829652661e-01 3.154574132492112709e-04 2.022082018927443825e-01 3.154574132492112709e-04 3.154574132492112709e-04 1.107255520504731444e-01 3.154574132492112709e-04 3.501577287066244548e-02 1.924290220820188552e-02 4.132492113564667502e-02 3.154574132492112709e-04 3.154574132492112709e-04 3.154574132492112709e-04 3.154574132492112709e-04 1.924290220820188552e-02 3.154574132492112709e-04 3.154574132492112709e-04 2.369085173501576380e-01 3.470031545741323817e-03 3.154574132492112709e-04 1.422712933753942643e-01 5.394321766561512715e-02 3.154574132492112709e-04 1.293375394321765945e-02 3.154574132492112709e-04 3.154574132492112709e-04
1.599999999999999589e-04 1.089599999999999458e-01 1.599999999999999589e-04 4.335999999999998883e-02 1.599999999999999589e-04 1.599999999999999589e-04 3.375999999999999140e-02 1.599999999999999589e-04 1.599999999999999589e-04 1.599999999999999589e-04 4.417599999999998750e-01 1.457599999999999452e-01 1.599999999999999589e-04 2.415999999999999051e-02 1.599999999999999589e-04 1.041599999999999471e-01 1.599999999999999589e-04 7.855999999999997707e-02 1.599999999999999589e-04 1.599999999999999589e-04 1.599999999999999589e-04 1.599999999999999589e-04 9.759999999999996109e-03 1.599999999999999589e-04 1.599999999999999589e-04 1.599999999999999589e-04 1.599999999999999589e-04 1.599999999999999589e-04 6.559999999999997257e-03 1.599999999999999589e-04
6.422607578676945653e-05 1.060372511239563720e-01 6.422607578676945653e-05 6.422607578676945653e-05 6.422607578676945653e-05 9.055876685934492396e-03 6.422607578676945653e-05 7.064868336544641303e-04 7.064868336544641303e-04 6.422607578676945653e-05 7.007064868336547458e-02 6.422607578676945653e-05 6.422607578676945653e-05 2.633269107257547609e-03 6.422607578676945653e-05 3.667308927424536152e-02 1.355170199100835630e-02 2.499036608863199616e-01 4.116891457931921849e-02 4.265253692999359525e-01 6.422607578676945653e-05 6.422607578676945653e-05 6.422607578676945653e-05 1.034039820166988283e-02 6.422607578676945653e-05 6.422607578676945653e-05 6.422607578676945653e-05 3.153500321130380674e-02 6.422607578676945653e-05 6.422607578676945653e-05
2.512562814070350928e-04 1.030150753768843686e-02 2.512562814070350928e-04 2.512562814070350928e-04 2.512562814070350928e-04 2.512562814070350928e-04 4.296482412060299849e-02 2.512562814070350928e-04 2.763819095477385804e-03 2.512562814070350928e-04 2.512562814070350928e-04 2.788944723618089205e-02 1.783919597989949007e-02 5.050251256281405171e-02 2.512562814070350928e-04 2.512562814070350928e-04 2.512562814070350928e-04 3.040201005025124081e-02 2.512562814070350928e-04 2.763819095477385804e-03 2.512562814070350928e-04 5.379396984924620373e-01 1.484924623115577158e-01 2.512562814070350928e-04 1.158291457286431680e-01 2.512562814070350928e-04 7.788944723618087228e-03 2.512562814070350928e-04 2.512562814070350928e-04 2.512562814070350928e-04
2.188183807439824757e-04 4.179431072210065129e-02 2.188183807439824757e-04 2.518599562363237898e-01 2.188183807439824757e-04 2.407002188183807179e-03 1.991247264770240263e-02 2.146608315098468001e-01 1.115973741794310491e-02 2.188183807439824757e-04 2.188183807439824757e-04 2.188183807439824757e-04 2.188183807439824757e-04 1.490153172866520437e-01 2.188183807439824757e-04 2.188183807439824757e-04 2.210065645514222923e-02 5.492341356673960395e-02 2.188183807439824757e-04 2.188183807439824757e-04 2.188183807439824757e-04 7.680525164113784220e-02 1.402625820568927373e-01 6.783369803063456910e-03 2.188183807439824757e-04 2.188183807439824757e-04 2.188183807439824757e-04 4.595185995623632044e-03 2.188183807439824757e-04 2.188183807439824757e-04
1.644736842105262579e-04 7.417763157894734227e-02 1.644736842105262579e-04 6.595394736842102867e-02 1.809210526315789026e-03 1.644736842105262579e-04 2.976973684210525509e-02 1.644736842105262579e-04 3.453947368421051659e-03 1.644736842105262579e-04 4.277960526315788270e-01 1.136513157894736281e-01 1.644736842105262579e-04 2.483552631578946415e-02 1.644736842105262579e-04 1.449013157894736281e-01 1.644736842105262579e-04 7.582236842105261054e-02 1.644736842105262579e-04 1.644736842105262579e-04 3.453947368421051659e-03 1.644736842105262579e-04 1.825657894736841536e-02 1.644736842105262579e-04 1.644736842105262579e-04 1.644736842105262579e-04 1.644736842105262579e-04 1.644736842105262579e-04 1.332236842105262616e-02 1.644736842105262579e-04
1.344086021505376072e-04 1.344086021505376072e-04 1.478494623655913706e-03 9.422043010752684244e-02 1.344086021505376072e-04 1.344086021505376072e-04 3.776881720430106532e-02 3.776881720430106532e-02 1.344086021505376072e-04 1.344086021505376072e-04 4.583333333333332316e-02 1.344086021505376072e-04 1.223118279569892011e-02 5.793010752688170645e-02 1.344086021505376072e-04 1.344086021505376072e-04 2.822580645161289724e-03 7.943548387096771579e-02 1.344086021505376072e-04 1.478494623655913706e-03 1.344086021505376072e-04 2.272849462365590656e-01 1.264784946236558738e-01 1.344086021505376072e-04 4.045698924731181562e-02 1.344086021505376072e-04 5.510752688172040892e-03 1.344086021505376072e-04 2.272849462365590656e-01 1.344086021505376072e-04
1.992031872509959691e-04 2.410358565737050901e-02 2.191235059760955443e-03 1.992031872509959691e-04 6.175298804780874826e-03 1.015936254980079334e-02 2.133466135458166602e-01 1.992031872509959691e-04 1.992031872509959691e-04 1.992031872509959691e-04 1.992031872509959691e-04 1.992031872509959691e-04 1.992031872509959691e-04 3.207171314741034951e-02 1.992031872509959691e-04 1.992031872509959691e-04 2.011952191235058876e-02 1.874501992031871733e-01 4.183266932270914701e-03 1.992031872509959691e-04 5.199203187250994729e-02 2.412350597609560776e-01 1.256972111553784355e-01 6.175298804780874826e-03 6.992031872509958668e-02 1.992031872509959691e-04 1.992031872509959691e-04 2.191235059760955443e-03 1.992031872509959691e-04 1.992031872509959691e-04
3.021148036253775890e-04 3.021148036253775890e-04 3.021148036253775890e-04 3.021148036253775890e-04 1.540785498489425677e-02 3.021148036253775890e-04 3.021148036253775890e-04 3.021148036253775890e-04 3.021148036253775890e-04 3.021148036253775890e-04 3.021148036253775890e-04 3.323262839879153642e-03 2.749244712990936076e-02 3.021148036253775890e-04 3.021148036253775890e-04 3.021148036253775890e-04 1.540785498489425677e-02 5.468277945619334779e-02 3.021148036253775890e-04 3.021148036253775890e-04 1.540785498489425677e-02 4.474320241691842059e-01 3.024169184290029788e-01 3.021148036253775890e-04 1.120845921450150939e-01 3.021148036253775890e-04 3.021148036253775890e-04 3.021148036253775890e-04 3.021148036253775890e-04 3.021148036253775890e-04
1.721170395869190892e-04 1.893287435456109981e-03 6.729776247848535953e-02 1.721170395869190892e-04 6.557659208261616690e-02 3.614457831325300439e-03 1.893287435456109981e-03 1.222030981067125273e-02 1.893287435456109981e-03 1.721170395869190892e-04 1.721170395869190892e-04 7.418244406196211616e-02 1.721170395869190892e-04 1.721170395869190892e-04 1.721170395869190892e-04 1.893287435456109981e-03 1.721170395869190892e-04 3.631669535283992695e-02 1.049913941480206357e-02 1.721170395869190892e-04 1.189328743545610689e-01 2.325301204819276435e-01 7.074010327022374478e-02 4.492254733218588314e-02 2.239242685025817081e-01 1.721170395869190892e-04 3.614457831325300439e-03 7.056798623063680921e-03 1.910499139414801803e-02 1.721170395869190892e-04
4.716981132075473361e-04 4.716981132075473361e-04 4.716981132075473361e-04 4.716981132075473361e-04 4.716981132075473361e-04 4.716981132075473361e-04 5.188679245283020318e-03 4.716981132075473361e-04 9.481132075471701559e-02 4.716981132075473361e-04 4.716981132075473361e-04 4.716981132075473361e-04 4.716981132075473361e-04 4.716981132075473361e-04 4.716981132075473361e-04 4.716981132075473361e-04 4.716981132075473361e-04 1.183962264150943827e-01 4.716981132075473361e-04 7.174528301886794468e-01 4.716981132075473361e-04 4.716981132075473361e-04 4.716981132075473361e-04 4.716981132075473361e-04 4.716981132075473361e-04 4.716981132075473361e-04 4.716981132075473361e-04 3.349056603773585550e-02 4.716981132075473361e-04 1.933962264150943661e-02
1.445086705202311959e-04 1.459537572254335051e-02 1.445086705202311959e-04 1.604046242774566020e-02 1.445086705202311959e-04 3.034682080924855276e-03 1.445086705202311959e-04 1.315028901734103736e-02 3.034682080924855276e-03 1.445086705202311959e-04 1.445086705202311959e-04 8.815028901734101377e-03 1.445086705202311959e-04 1.445086705202311959e-04 6.372832369942195430e-02 7.962427745664739376e-02 1.445086705202311959e-04 1.533236994219652760e-01 1.445086705202311959e-04 7.095375722543351138e-02 1.445086705202311959e-04 1.445086705202311959e-04 1.445086705202311959e-04 1.445086705202311959e-04 5.794797687861270863e-02 9.552023121387280546e-02 1.445086705202311959e-04 4.018786127167629507e-01 1.604046242774566020e-02 1.445086705202311959e-04
2.754820936639117666e-04 2.754820936639117666e-04 2.754820936639117666e-04 1.545454545454545137e-01 3.333333333333331899e-02 2.754820936639117666e-04 3.030303030303029433e-03 2.754820936639117666e-04 2.754820936639117666e-04 2.754820936639117666e-04 1.129476584022038113e-02 2.754820936639117666e-04 9.669421487603303833e-02 2.754820936639117666e-04 2.754820936639117666e-04 2.754820936639117666e-04 2.754820936639117666e-04 1.325068870523415654e-01 5.785123966942147533e-03 2.231404958677685180e-02 8.842975206611568273e-02 2.867768595041321200e-01 1.573002754820936322e-01 3.030303030303029433e-03 2.754820936639117666e-04 2.754820936639117666e-04 2.754820936639117666e-04 2.754820936639117666e-04 2.754820936639117666e-04 2.754820936639117666e-04
1.919385796545105389e-04 1.170825335892514141e-02 5.950095969289826217e-03 7.888675623800382730e-02 2.111324376199615657e-03 1.919385796545105389e-04 1.919385796545105389e-04 4.030710172744721154e-03 9.788867562380036344e-03 1.919385796545105389e-04 2.111324376199615657e-03 1.919385796545105389e-04 4.049904030710171909e-02 2.898272552783108871e-02 1.919385796545105389e-04 1.919385796545105389e-04 1.919385796545105389e-04 1.919385796545105389e-04 1.919385796545105389e-04 1.919385796545105389e-04 2.439539347408828662e-01 3.821497120921304447e-01 1.554702495201535153e-02 1.919385796545105389e-04 1.614203454894433398e-01 9.788867562380036344e-03 1.919385796545105389e-04 1.919385796545105389e-04 1.919385796545105389e-04 1.919385796545105389e-04
9.365558912386703905e-03 6.344410876132928340e-03 3.021148036253775348e-04 1.845921450151056797e-01 3.021148036253775348e-04 3.323262839879153208e-03 3.021148036253775348e-04 2.450151057401811772e-01 3.021148036253775348e-04 3.021148036253775348e-04 4.864048338368578972e-02 3.021148036253775348e-04 6.072507552870089198e-02 4.561933534743201069e-02 3.021148036253775348e-04 3.021148036253775348e-04 3.021148036253775348e-04 3.957703927492445956e-02 3.021148036253775348e-04 3.021148036253775348e-04 3.021148036253775348e-04 2.963746223564953652e-01 3.021148036253775348e-04 3.323262839879153208e-03 5.166163141993956182e-02 3.021148036253775348e-04 3.021148036253775348e-04 3.021148036253775348e-04 3.021148036253775348e-04 3.021148036253775348e-04
3.900709219858155587e-03 3.546099290780141541e-04 3.546099290780141541e-04 3.546099290780141541e-04 3.546099290780141541e-04 3.900709219858155587e-03 3.900709219858155587e-03 3.546099290780141541e-04 3.900709219858155587e-03 3.546099290780141541e-04 3.546099290780141541e-04 3.546099290780141541e-04 3.546099290780141541e-04 3.546099290780141541e-04 3.546099290780141541e-04 3.546099290780141541e-04 3.546099290780141541e-04 1.280141843971631110e-01 3.900709219858155587e-03 7.450354609929076277e-01 3.546099290780141541e-04 3.546099290780141541e-04 3.546099290780141541e-04 3.546099290780141541e-04 3.546099290780141541e-04 5.709219858156027588e-02 3.546099290780141541e-04 4.290780141843970885e-02 3.546099290780141541e-04 3.546099290780141541e-04
8.933717579250721047e-03 1.097982708933717688e-01 2.881844380403458350e-04 3.170028818443804131e-03 6.051873198847262589e-03 2.881844380403458350e-04 6.051873198847262589e-03 2.881844380403458350e-04 2.881844380403458350e-04 1.559077809798271042e-01 2.881844380403458350e-04 2.881844380403458350e-04 2.881844380403458350e-04 3.170028818443804131e-03 2.881844380403458350e-04 2.881844380403458350e-04 3.170028818443804131e-03 1.876080691642651177e-01 2.881844380403458350e-04 9.538904899135447479e-02 2.881844380403458350e-04 2.881844380403458350e-04 2.881844380403458350e-04 1.181556195965417777e-02 2.881844380403458350e-04 1.181556195965417777e-02 2.881844380403458350e-04 3.922190201729106596e-01 2.881844380403458350e-04 2.881844380403458350e-04
