6.666666666666668612e-04 6.666666666666668612e-04 2.733333333333333448e-02 6.666666666666668612e-04 6.666666666666668612e-04 6.666666666666668612e-04 6.666666666666668612e-04 6.666666666666668612e-04 7.333333333333334932e-03 6.666666666666668612e-04 2.940000000000000391e-01 6.666666666666668612e-04 1.400000000000000376e-02 5.400000000000000633e-02 6.666666666666668612e-04 7.333333333333334932e-03 6.666666666666668612e-04 3.400000000000000244e-02 6.666666666666668612e-04 1.006666666666666821e-01 6.666666666666668612e-04 7.333333333333334932e-03 6.666666666666668612e-04 6.666666666666668612e-04 2.940000000000000391e-01 6.666666666666668612e-04 6.666666666666668612e-04 6.666666666666668612e-04 1.473333333333333717e-01 6.666666666666668612e-04
1.438848920863309330e-04 1.582733812949640127e-03 3.755395683453237321e-02 1.438848920863309330e-04 1.438848920863309330e-04 1.438848920863309330e-04 5.482014388489207801e-02 1.582733812949640127e-03 1.438848920863309330e-04 1.438848920863309330e-04 1.438848920863309330e-04 1.438848920863309330e-04 1.438848920863309330e-04 1.438848920863309330e-04 1.582733812949640127e-03 2.028776978417265800e-02 1.438848920863309330e-04 1.582733812949640127e-03 1.438848920863309330e-04 1.438848920863309330e-04 1.582733812949640127e-03 1.438848920863309330e-04 1.438848920863309330e-04 1.438848920863309330e-04 1.438848920863309330e-04 2.217266187050359327e-01 6.548201438848919587e-01 1.438848920863309330e-04 1.438848920863309330e-04 1.438848920863309330e-04
4.466858789625359656e-03 1.440922190201728904e-04 4.769452449567723046e-02 1.440922190201728904e-04 1.585014409221901848e-03 1.440922190201728904e-04 5.057636887608068371e-02 1.440922190201728904e-04 1.440922190201728904e-04 1.440922190201728904e-04 1.440922190201728904e-04 1.440922190201728904e-04 1.440922190201728904e-04 1.440922190201728904e-04 1.440922190201728904e-04 5.907780979827088018e-03 1.440922190201728904e-04 1.585014409221901848e-03 1.440922190201728904e-04 1.440922190201728904e-04 1.440922190201728904e-04 1.440922190201728904e-04 1.440922190201728904e-04 1.440922190201728904e-04 1.440922190201728904e-04 2.220461095100864091e-01 6.629682997118154786e-01 1.440922190201728904e-04 1.440922190201728904e-04 1.440922190201728904e-04
2.679738562091503462e-02 2.679738562091503462e-02 6.535947712418302370e-04 6.535947712418302370e-04 2.679738562091503462e-02 6.535947712418302370e-04 6.535947712418302370e-04 6.535947712418302370e-04 6.535947712418302370e-04 6.535947712418302370e-04 2.359477124183007035e-01 6.535947712418302370e-04 6.535947712418302370e-04 4.640522875816994325e-02 7.189542483660132932e-03 4.640522875816994325e-02 6.535947712418302370e-04 6.535947712418302370e-04 6.535947712418302370e-04 7.908496732026144838e-02 6.535947712418302370e-04 6.535947712418302370e-04 6.535947712418302370e-04 6.535947712418302370e-04 3.209150326797386432e-01 6.535947712418302370e-04 6.535947712418302370e-04 6.535947712418302370e-04 1.705882352941176794e-01 6.535947712418302370e-04
1.821493624772313024e-04 1.821493624772313024e-04 6.029143897996355750e-02 2.003642987249544191e-03 1.714025500910746347e-01 5.300546448087430779e-02 1.821493624772313024e-04 1.821493624772313024e-04 1.821493624772313024e-04 1.821493624772313024e-04 1.293260473588342049e-02 1.821493624772313024e-04 1.331511839708560685e-01 4.207650273224042975e-02 1.821493624772313024e-04 1.821493624772313024e-04 1.111111111111110807e-02 1.821493624772313024e-04 1.021857923497267590e-01 1.821493624772313024e-04 1.821493624772313024e-04 1.821493624772313024e-04 1.914389799635700662e-01 9.672131147540981300e-02 6.575591985428050346e-02 1.821493624772313024e-04 1.821493624772313024e-04 2.003642987249544191e-03 1.821493624772313024e-04 5.300546448087430779e-02
2.590673575129533559e-04 2.849740932642487456e-03 6.502590673575130154e-02 5.984455958549222965e-02 2.590673575129533559e-04 2.590673575129533559e-04 2.590673575129533559e-04 2.590673575129533559e-04 2.590673575129533559e-04 2.590673575129533559e-04 1.556994818652849832e-01 2.590673575129533559e-04 2.590673575129533559e-04 2.849740932642487456e-03 2.590673575129533559e-04 4.689119170984456381e-02 2.590673575129533559e-04 2.357512953367875419e-02 2.590673575129533559e-04 2.590673575129533559e-04 4.689119170984456381e-02 2.590673575129533559e-04 2.590673575129533559e-04 2.590673575129533559e-04 3.652849740932642697e-02 1.323834196891191806e-01 1.323834196891191806e-01 1.997409326424870457e-01 8.834196891191710421e-02 2.849740932642487456e-03
1.443001443001442729e-04 1.443001443001442729e-04 4.776334776334775767e-02 1.443001443001442729e-04 1.443001443001442729e-04 1.443001443001442729e-04 6.219336219336218247e-02 1.443001443001442729e-04 1.443001443001442729e-04 1.443001443001442729e-04 1.443001443001442729e-04 1.443001443001442729e-04 1.443001443001442729e-04 1.443001443001442729e-04 1.443001443001442729e-04 5.916305916305915000e-03 1.443001443001442729e-04 1.601731601731601340e-02 1.443001443001442729e-04 1.443001443001442729e-04 1.443001443001442729e-04 1.443001443001442729e-04 1.587301587301587083e-03 1.443001443001442729e-04 1.443001443001442729e-04 2.036075036075035705e-01 6.595959595959595134e-01 1.443001443001442729e-04 1.443001443001442729e-04 1.443001443001442729e-04
1.821493624772313024e-04 1.821493624772313024e-04 9.672131147540981300e-02 7.468123861566482342e-03 1.477231329690345540e-01 2.568306010928961269e-02 1.821493624772313024e-04 1.821493624772313024e-04 1.821493624772313024e-04 1.821493624772313024e-04 1.475409836065573466e-02 1.657559198542804535e-02 1.695810564663023101e-01 4.389799635701274738e-02 3.825136612021857486e-03 1.821493624772313024e-04 1.821493624772313024e-04 1.821493624772313024e-04 8.761384335154825953e-02 1.821493624772313024e-04 1.821493624772313024e-04 1.821493624772313024e-04 1.841530054644808234e-01 1.331511839708560685e-01 4.571948998178505807e-02 1.821493624772313024e-04 1.821493624772313024e-04 1.821493624772313024e-04 1.821493624772313024e-04 2.021857923497267367e-02
3.448275862068965036e-03 5.090311986863709816e-03 1.642036124794745268e-04 1.642036124794745268e-04 1.642036124794745268e-04 1.642036124794745268e-04 6.732348111658455030e-03 5.763546798029555579e-02 1.642036124794745268e-04 1.873563218390804086e-01 2.054187192118226146e-01 1.642036124794745268e-04 1.642036124794745268e-04 1.642036124794745268e-04 1.642036124794745268e-04 1.165845648604268980e-02 1.642036124794745268e-04 1.282430213464695878e-01 1.642036124794745268e-04 1.806239737274219822e-03 1.642036124794745268e-04 1.001642036124794459e-02 1.642036124794745268e-04 1.642036124794745268e-04 1.642036124794745268e-04 4.778325123152708798e-02 1.642036124794745268e-04 3.105090311986862806e-01 1.642036124794745268e-04 2.151067323481116109e-02
2.057613168724280065e-04 4.135802469135802656e-02 6.193415637860082840e-02 4.958847736625515007e-02 8.436213991769546394e-03 2.057613168724280065e-04 8.436213991769546394e-03 2.057613168724280065e-04 3.312757201646090999e-02 2.057613168724280065e-04 1.154320987654321035e-01 2.057613168724280065e-04 2.057613168724280065e-04 2.263374485596708098e-03 2.057613168724280065e-04 4.135802469135802656e-02 2.263374485596708098e-03 1.049382716049382727e-02 2.057613168724280065e-04 2.057613168724280065e-04 5.576131687242798923e-02 2.057613168724280065e-04 2.057613168724280065e-04 3.724279835390946480e-02 4.547325102880658831e-02 1.462962962962962854e-01 7.839506172839506848e-02 1.586419753086419637e-01 8.456790123456790764e-02 1.666666666666666644e-02
2.481389578163771168e-04 4.243176178660048453e-02 1.017369727047146011e-02 1.761786600496277264e-02 3.498759305210916853e-02 2.481389578163771168e-04 2.481389578163771168e-04 8.709677419354835970e-02 6.476426799007442558e-02 2.481389578163771168e-04 2.481389578163771168e-04 4.617866004962777882e-01 4.987593052109180053e-02 6.476426799007442558e-02 2.481389578163771168e-04 2.481389578163771168e-04 2.481389578163771168e-04 1.017369727047146011e-02 2.481389578163771168e-04 2.481389578163771168e-04 2.481389578163771168e-04 2.481389578163771168e-04 2.754342431761785601e-02 2.481389578163771168e-04 2.481389578163771168e-04 2.729528535980148447e-03 7.692307692307690133e-03 5.483870967741934221e-02 2.481389578163771168e-04 5.980148883374688390e-02
2.531645569620252778e-04 2.531645569620252778e-04 2.531645569620252778e-04 2.531645569620252778e-04 5.316455696202529967e-03 2.531645569620252778e-04 2.531645569620252778e-04 2.531645569620252778e-04 5.316455696202529967e-03 2.784810126582278056e-03 9.139240506329111835e-02 2.050632911392404403e-02 2.531645569620252778e-04 6.101265822784808501e-02 2.531645569620252778e-04 2.531645569620252778e-04 2.531645569620252778e-04 2.531645569620252778e-04 2.531645569620252778e-04 2.531645569620252778e-04 4.329113924050632251e-02 3.569620253164555723e-02 1.065822784810126350e-01 2.531645569620252778e-04 2.531645569620252778e-04 2.736708860759492490e-01 2.531645569620252778e-04 2.531645569620252778e-04 2.812658227848100490e-01 6.860759493670884335e-02
2.972972972972972097e-03 2.408108108108107104e-01 2.702702702702702202e-04 2.702702702702702202e-04 5.675675675675674083e-03 5.675675675675674083e-03 1.108108108108107719e-02 2.702702702702702202e-04 2.702702702702702202e-04 2.702702702702702202e-04 2.702702702702702202e-04 4.621621621621620907e-02 2.702702702702702202e-04 8.675675675675673104e-02 2.702702702702702202e-04 2.381081081081080075e-01 3.810810810810809357e-02 1.272972972972972738e-01 2.189189189189188339e-02 2.702702702702702202e-04 2.702702702702702202e-04 2.972972972972972097e-03 3.810810810810809357e-02 2.702702702702702202e-04 2.702702702702702202e-04 1.110810810810810567e-01 1.918918918918918401e-02 2.702702702702702202e-04 2.702702702702702202e-04 2.702702702702702202e-04
2.315950920245398587e-02 1.533742331288343648e-04 2.929447852760736284e-02 5.843558282208589222e-02 9.355828220858895469e-03 1.533742331288343648e-04 1.533742331288343648e-04 1.533742331288343648e-04 1.533742331288343648e-04 1.533742331288343648e-04 2.486196319018404710e-01 4.003067484662577169e-02 2.315950920245398587e-02 1.533742331288343648e-04 1.687116564417178149e-03 1.533742331288343648e-04 1.013803680981595068e-01 1.395705521472392560e-02 1.702453987730061236e-02 1.533742331288343648e-04 4.463190184049079662e-02 3.542944785276073982e-02 1.533742331288343648e-04 2.469325153374233445e-02 6.288343558282207847e-03 1.197852760736196204e-01 3.542944785276073982e-02 1.657975460122699252e-01 1.533742331288343648e-04 1.533742331288343648e-04
1.394557823129251653e-02 1.734693877551020391e-02 1.397959183673469497e-01 7.142857142857143501e-03 3.401360544217687382e-04 3.401360544217687382e-04 3.741496598639456120e-03 3.401360544217687382e-04 4.115646258503401211e-02 3.401360544217687382e-04 3.401360544217687382e-04 4.795918367346938688e-02 3.401360544217687382e-04 1.054421768707483088e-02 3.401360544217687382e-04 9.557823129251701022e-02 7.857142857142856984e-02 3.435374149659863735e-02 1.394557823129251653e-02 3.401360544217687382e-04 3.401360544217687382e-04 7.142857142857143501e-03 2.826530612244897989e-01 3.401360544217687382e-04 3.401360544217687382e-04 4.115646258503401211e-02 3.401360544217687382e-04 1.261904761904761862e-01 2.414965986394557868e-02 1.054421768707483088e-02
2.164000000000000645e-01 4.400000000000001132e-03 4.000000000000001276e-04 2.604000000000000203e-01 4.000000000000001276e-04 1.240000000000000303e-02 2.764000000000000346e-01 4.000000000000001276e-04 4.400000000000001132e-03 4.000000000000001276e-04 4.400000000000001132e-03 1.640000000000000138e-02 4.400000000000001132e-03 4.000000000000001276e-04 4.000000000000001276e-04 4.400000000000001132e-03 4.000000000000001276e-04 8.400000000000002950e-03 4.000000000000001276e-04 2.440000000000000502e-02 2.840000000000000510e-02 4.000000000000001276e-04 7.240000000000001990e-02 4.040000000000000535e-02 8.400000000000002950e-03 4.000000000000001276e-04 4.000000000000001276e-04 4.000000000000001276e-04 8.400000000000002950e-03 4.000000000000001276e-04
3.125000000000000607e-04 3.125000000000000607e-04 3.125000000000000607e-04 3.125000000000000607e-04 3.125000000000000607e-04 3.125000000000000607e-04 6.562500000000001492e-03 3.125000000000000607e-04 7.531250000000001832e-02 3.125000000000000607e-04 3.125000000000000607e-04 1.159375000000000266e-01 3.437500000000000885e-03 3.125000000000000607e-04 3.125000000000000607e-04 3.125000000000000607e-04 9.687500000000001665e-03 3.125000000000000607e-04 3.125000000000000607e-04 3.125000000000000607e-04 1.971875000000000433e-01 3.125000000000000607e-04 3.125000000000000607e-04 3.753125000000000488e-01 3.125000000000000607e-04 3.125000000000000607e-04 3.125000000000000607e-04 3.125000000000000607e-04 3.437500000000000885e-03 2.065625000000000100e-01
5.649717514124296151e-04 5.649717514124296151e-04 5.649717514124296151e-04 5.649717514124296151e-04 4.011299435028249649e-02 4.576271186440679373e-02 5.649717514124296151e-04 5.649717514124296151e-04 1.751412429378531796e-02 5.649717514124296151e-04 5.649717514124296151e-04 6.836158192090396879e-02 5.706214689265538126e-02 6.271186440677968543e-02 5.649717514124296151e-04 5.649717514124296151e-04 5.649717514124296151e-04 5.649717514124296151e-04 1.186440677966102072e-02 2.316384180790960826e-02 3.225988700564972889e-01 5.649717514124296151e-04 5.649717514124296151e-04 2.435028248587571553e-01 5.649717514124296151e-04 5.141242937853109096e-02 5.649717514124296151e-04 5.649717514124296151e-04 4.576271186440679373e-02 5.649717514124296151e-04
5.280898876404491876e-02 3.745318352059923616e-04 2.588014981273407122e-01 2.284644194756553157e-02 3.745318352059923616e-04 3.745318352059923616e-04 3.745318352059923616e-04 1.535580524344568563e-02 3.745318352059923616e-04 3.745318352059923616e-04 3.745318352059923616e-04 4.119850187265915870e-03 3.745318352059923616e-04 1.089887640449437728e-01 3.745318352059923616e-04 7.528089887640446176e-02 2.176029962546815744e-01 3.408239700374530307e-02 7.153558052434454140e-02 3.745318352059923616e-04 4.531835205992507110e-02 3.745318352059923616e-04 3.745318352059923616e-04 6.404494382022470067e-02 7.865168539325839703e-03 1.535580524344568563e-02 3.745318352059923616e-04 3.745318352059923616e-04 3.745318352059923616e-04 3.745318352059923616e-04
3.125000000000000607e-04 3.125000000000000607e-04 2.218750000000000236e-02 3.125000000000000607e-04 3.125000000000000607e-04 2.218750000000000236e-02 3.125000000000000607e-04 3.125000000000000607e-04 6.281250000000002109e-02 3.125000000000000607e-04 3.125000000000000607e-04 8.468750000000001277e-02 3.125000000000000607e-04 3.125000000000000607e-04 3.125000000000000607e-04 3.125000000000000607e-04 3.125000000000000607e-04 9.687500000000001665e-03 3.125000000000000607e-04 3.125000000000000607e-04 2.096875000000000266e-01 3.125000000000000607e-04 3.125000000000000607e-04 3.596875000000000488e-01 3.125000000000000607e-04 3.125000000000000607e-04 3.125000000000000607e-04 3.125000000000000607e-04 3.125000000000000607e-04 2.221875000000000100e-01
2.538071065989847301e-04 2.538071065989847301e-04 2.538071065989847301e-04 2.538071065989847301e-04 2.538071065989847301e-04 2.791878172588831922e-03 2.538071065989847301e-04 2.538071065989847301e-04 5.329949238578679006e-03 2.538071065989847301e-04 1.093908629441624064e-01 3.324873096446699650e-02 2.538071065989847301e-04 8.401015228426393644e-02 2.538071065989847301e-04 2.538071065989847301e-04 2.309644670050760643e-02 2.538071065989847301e-04 2.538071065989847301e-04 2.538071065989847301e-04 3.071065989847714811e-02 7.868020304568526524e-03 9.416243654822332998e-02 2.538071065989847301e-04 2.538071065989847301e-04 2.972081218274110759e-01 2.538071065989847301e-04 2.538071065989847301e-04 2.667512690355329230e-01 4.086294416243654165e-02
1.382978723404255060e-02 6.398176291793311599e-02 1.519756838905774907e-04 5.077507598784194442e-01 1.519756838905774907e-04 1.519756838905774907e-04 1.521276595744680549e-01 1.671732522796352425e-03 1.686930091185409944e-02 1.519756838905774907e-04 1.519756838905774907e-04 9.270516717325226475e-03 1.519756838905774907e-04 2.294832826747720059e-02 1.519756838905774907e-04 9.270516717325226475e-03 8.069908814589664414e-02 8.373860182370819472e-02 3.191489361702127062e-03 1.838905775075987473e-02 1.519756838905774907e-04 1.519756838905774907e-04 1.519756838905774907e-04 1.519756838905774907e-04 7.750759878419451188e-03 1.519756838905774907e-04 1.519756838905774907e-04 4.711246200607902349e-03 1.519756838905774907e-04 1.671732522796352425e-03
3.283582089552239489e-03 2.985074626865672214e-04 2.985074626865672214e-04 3.283582089552239489e-03 2.985074626865672214e-04 2.985074626865672214e-04 1.223880597014925450e-02 2.985074626865672214e-04 2.985074626865672214e-04 2.985074626865672214e-04 2.985074626865672214e-04 1.017910447761194298e-01 6.268656716417912028e-03 2.985074626865672214e-04 1.522388059701492748e-02 2.985074626865672214e-04 2.985074626865672214e-04 2.119402985074627169e-02 9.253731343283583266e-03 2.985074626865672214e-04 2.122388059701492691e-01 2.985074626865672214e-04 2.985074626865672214e-04 3.614925373134328934e-01 2.985074626865672214e-04 2.985074626865672214e-04 2.985074626865672214e-04 2.985074626865672214e-04 2.985074626865672214e-04 2.480597014925373378e-01
5.235602094240839315e-04 5.235602094240839315e-04 5.235602094240839315e-04 5.235602094240839315e-04 1.623036649214660079e-02 5.759162303664923897e-03 5.759162303664923897e-03 5.235602094240839315e-04 1.099476439790576278e-02 5.235602094240839315e-04 5.235602094240839315e-04 5.235602094240839315e-04 5.235602094240839315e-04 5.235602094240839315e-04 3.356020942408377561e-01 5.235602094240839315e-04 1.099476439790576278e-02 2.670157068062827682e-02 5.235602094240839315e-04 5.759162303664923897e-03 5.235602094240839315e-04 5.235602094240839315e-04 5.235602094240839315e-04 5.235602094240839315e-04 5.235602094240839315e-04 1.157068062827225491e-01 5.235602094240839315e-04 5.235602094240839315e-04 1.837696335078534693e-01 2.727748691099477485e-01
3.412969283276450004e-04 5.836177474402729631e-02 1.505119453924914363e-01 3.412969283276450004e-04 3.412969283276450004e-04 3.412969283276450004e-04 3.105802047781569195e-02 3.412969283276450004e-04 1.740614334470989150e-02 3.412969283276450004e-04 3.412969283276450004e-04 3.447098976109214119e-02 3.412969283276450004e-04 3.105802047781569195e-02 3.412969283276450004e-04 8.566552901023889721e-02 5.494880546075085054e-02 7.883959044368599178e-02 3.412969283276450004e-04 3.412969283276450004e-04 1.399317406143344399e-02 3.412969283276450004e-04 2.494880546075084748e-01 3.412969283276450004e-04 3.754266211604094950e-03 5.836177474402729631e-02 3.412969283276450004e-04 9.249146757679180264e-02 3.447098976109214119e-02 3.412969283276450004e-04
2.288329519450800487e-04 2.288329519450800487e-04 2.288329519450800487e-04 2.517162471395880535e-03 1.395881006864988123e-02 2.517162471395880535e-03 2.288329519450800487e-04 2.288329519450800487e-04 2.288329519450800487e-04 2.768878718535468242e-02 1.512585812356978809e-01 1.878718535469106887e-01 2.288329519450800487e-04 2.288329519450800487e-04 2.288329519450800487e-04 2.288329519450800487e-04 2.288329519450800487e-04 7.093821510297481509e-03 2.311212814645308145e-02 3.913043478260869179e-02 2.288329519450800487e-04 2.999999999999999334e-01 2.517162471395880535e-03 2.288329519450800487e-04 2.288329519450800487e-04 5.743707093821508874e-02 2.517162471395880535e-03 6.887871853546909118e-02 8.260869565217389410e-02 2.768878718535468242e-02
3.311258278145694277e-04 3.311258278145694277e-04 1.096026490066224768e-01 3.311258278145694277e-04 2.288079470198674525e-01 3.311258278145694277e-04 3.311258278145694277e-04 3.675496688741720225e-02 3.311258278145694277e-04 2.350993377483442601e-02 1.026490066225165150e-02 7.980132450331123284e-02 3.311258278145694277e-04 1.129139072847681752e-01 3.311258278145694277e-04 3.311258278145694277e-04 1.029801324503310939e-01 8.311258278145693124e-02 4.337748344370859210e-02 3.311258278145694277e-04 3.311258278145694277e-04 2.019867549668873455e-02 3.311258278145694277e-04 3.642384105960263813e-03 3.311258278145694277e-04 8.642384105960261576e-02 1.688741721854303962e-02 3.675496688741720225e-02 3.311258278145694277e-04 3.311258278145694277e-04
3.147798742138363526e-01 3.144654088050313767e-04 3.144654088050313767e-04 2.232704402515722428e-02 3.144654088050313767e-04 3.144654088050313767e-04 4.311320754716979620e-01 2.232704402515722428e-02 6.320754716981130672e-02 3.144654088050313767e-04 3.144654088050313767e-04 3.144654088050313767e-04 3.144654088050313767e-04 3.144654088050313767e-04 3.144654088050313767e-04 3.144654088050313767e-04 3.144654088050313767e-04 6.949685534591193425e-02 6.603773584905658044e-03 3.144654088050313767e-04 3.144654088050313767e-04 3.144654088050313767e-04 3.144654088050313767e-04 3.144654088050313767e-04 6.603773584905658044e-03 3.144654088050313767e-04 2.861635220125785181e-02 3.144654088050313767e-04 3.144654088050313767e-04 2.861635220125785181e-02
5.040160642570280097e-02 1.425702811244979572e-02 1.006024096385541994e-01 4.238955823293171776e-01 2.208835341365461644e-03 4.216867469879517251e-03 1.186746987951806942e-01 2.008032128514055769e-04 2.008032128514055769e-04 2.008032128514055769e-04 2.008032128514055769e-04 2.008032128514055769e-04 2.008032128514055769e-04 2.008032128514055769e-04 2.008032128514055769e-04 2.008032128514055769e-04 2.070281124497991287e-01 3.032128514056224231e-02 2.008032128514055769e-04 1.024096385542168364e-02 8.232931726907628464e-03 2.008032128514055769e-04 2.008032128514055769e-04 2.008032128514055769e-04 2.208835341365461644e-03 8.232931726907628464e-03 1.024096385542168364e-02 4.216867469879517251e-03 2.208835341365461644e-03 2.008032128514055769e-04
1.090425531914893283e-02 1.172872340425531734e-01 1.090425531914893283e-02 2.659574468085105885e-04 1.090425531914893283e-02 2.659574468085105885e-04 1.090425531914893283e-02 2.659574468085105885e-04 5.585106382978722792e-03 1.090425531914893283e-02 8.244680851063829544e-03 3.749999999999999167e-02 2.659574468085105885e-04 2.154255319148935810e-02 2.659574468085105885e-04 1.704787234042552668e-01 5.611702127659574241e-02 5.585106382978722792e-03 2.154255319148935810e-02 2.659574468085105885e-04 8.244680851063829544e-03 3.484042553191488839e-02 2.925531914893616907e-03 5.585106382978722792e-03 2.659574468085105885e-04 2.768617021276595369e-01 5.079787234042552890e-02 1.199468085106382836e-01 2.659574468085105885e-04 2.659574468085105885e-04
1.277258566978192560e-02 3.115264797507787207e-04 4.704049844236758010e-02 3.115264797507787207e-04 1.623052959501557202e-01 6.542056074766352917e-03 3.426791277258566144e-03 9.376947040498440078e-02 3.115264797507787207e-04 5.015576323987537555e-02 3.115264797507787207e-04 2.495327102803737152e-01 4.704049844236758010e-02 2.834890965732085946e-02 3.115264797507787207e-04 3.115264797507787207e-04 3.146417445482865144e-02 1.588785046728971237e-02 1.591900311526479317e-01 4.080996884735201002e-02 3.115264797507787207e-04 4.080996884735201002e-02 3.115264797507787207e-04 3.115264797507787207e-04 3.115264797507787207e-04 3.115264797507787207e-04 3.115264797507787207e-04 3.115264797507787207e-04 6.542056074766352917e-03 3.115264797507787207e-04
1.099137931034482353e-02 1.036637931034482540e-01 2.155172413793103147e-04 2.155172413793103147e-04 2.155172413793103147e-04 2.155172413793103147e-04 1.314655172413792782e-02 2.155172413793103147e-04 2.155172413793103147e-04 2.155172413793103147e-04 3.038793103448274996e-02 2.155172413793103147e-04 2.155172413793103147e-04 4.978448275862067812e-02 2.370689655172413327e-03 1.618534482758620108e-01 1.510775862068965136e-01 8.642241379310343363e-02 2.155172413793103147e-04 8.836206896551720980e-03 4.525862068965516745e-03 1.745689655172413118e-02 6.056034482758619608e-02 2.607758620689654486e-02 2.155172413793103147e-04 8.836206896551720980e-03 2.221982758620688891e-01 3.900862068965516710e-02 2.155172413793103147e-04 2.155172413793103147e-04
3.154574132492112709e-04 1.924290220820188552e-02 3.154574132492112709e-04 3.154574132492112709e-04 3.154574132492112709e-04 1.012618296529968070e-01 3.154574132492112709e-04 1.608832807570977075e-02 3.154574132492112709e-04 1.608832807570977075e-02 3.154574132492112709e-04 6.025236593059934975e-02 4.763406940063089762e-02 1.138801261829652661e-01 3.154574132492112709e-04 1.075709779179810366e-01 5.709779179810724192e-02 3.186119873817033765e-02 1.924290220820188552e-02 1.608832807570977075e-02 3.154574132492112709e-04 9.495268138801259139e-02 3.154574132492112709e-04 3.154574132492112709e-04 3.154574132492112709e-04 7.602523659305991666e-02 2.179810725552049633e-01 3.154574132492112709e-04 3.154574132492112709e-04 3.154574132492112709e-04
3.597122302158273460e-04 3.597122302158273460e-04 3.597122302158273460e-04 3.597122302158273460e-04 3.597122302158273460e-04 7.589928057553957386e-02 3.597122302158273460e-04 3.597122302158273460e-04 3.597122302158273460e-04 3.597122302158273460e-04 2.449640287769783986e-01 3.597122302158273460e-04 3.597122302158273460e-04 3.597122302158273460e-04 3.597122302158273460e-04 5.431654676258992898e-02 3.597122302158273460e-04 1.586330935251798746e-01 3.597122302158273460e-04 3.597122302158273460e-04 3.597122302158273460e-04 3.597122302158273460e-04 3.633093525179856287e-02 3.597122302158273460e-04 3.597122302158273460e-04 2.197841726618705027e-01 3.597122302158273460e-04 2.017985611510791366e-01 3.597122302158273460e-04 3.597122302158273460e-04
2.544529262086513426e-04 2.826972010178115946e-01 2.544529262086513426e-04 1.552162849872773011e-02 2.544529262086513426e-04 2.544529262086513426e-04 4.096692111959286675e-02 2.544529262086513426e-04 2.544529262086513426e-04 2.544529262086513426e-04 5.343511450381677706e-03 2.544529262086513426e-04 2.544529262086513426e-04 9.694656488549616147e-02 3.587786259541983491e-02 1.122137404580152431e-01 1.043256997455470347e-02 1.402035623409668974e-01 1.806615776081424429e-02 7.404580152671753901e-02 2.544529262086513426e-04 3.333333333333332593e-02 4.605597964376589165e-02 2.544529262086513426e-04 2.544529262086513426e-04 2.544529262086513426e-04 6.641221374045799819e-02 1.806615776081424429e-02 2.544529262086513426e-04 2.544529262086513426e-04
2.331002331002331000e-04 2.216783216783216603e-01 3.053613053613053394e-02 2.564102564102564100e-03 2.331002331002331000e-04 4.895104895104895534e-03 2.331002331002331000e-04 2.564102564102564100e-03 2.331002331002331000e-04 2.331002331002331000e-04 2.331002331002331000e-04 2.331002331002331000e-04 2.331002331002331000e-04 2.331002331002331000e-04 2.331002331002331000e-04 1.144522144522144569e-01 1.121212121212121215e-01 2.331002331002331000e-04 2.331002331002331000e-04 2.331002331002331000e-04 2.331002331002331000e-04 2.331002331002331000e-04 2.331002331002331000e-04 4.895104895104895534e-03 2.331002331002331000e-04 9.557109557109555800e-03 4.198135198135197754e-01 7.016317016317016875e-02 2.564102564102564100e-03 2.331002331002331000e-04
3.389830508474576498e-04 2.274576271186440624e-01 1.732203389830508644e-01 3.389830508474576498e-04 4.101694915254237156e-02 3.423728813559322182e-02 3.389830508474576498e-04 3.389830508474576498e-04 3.389830508474576498e-04 3.389830508474576498e-04 1.935593220338983067e-01 3.389830508474576498e-04 3.389830508474576498e-04 3.389830508474576498e-04 3.389830508474576498e-04 3.389830508474576498e-04 4.779661016949152130e-02 4.440677966101694990e-02 3.389830508474576498e-04 7.118644067796610700e-03 3.389830508474576498e-04 3.389830508474576498e-04 1.050847457627118731e-02 3.389830508474576498e-04 3.389830508474576498e-04 7.491525423728813415e-02 3.389830508474576498e-04 1.393220338983050810e-01 3.389830508474576498e-04 3.389830508474576498e-04
1.470588235294117518e-04 1.470588235294117518e-04 1.207352941176470240e-01 4.573529411764705455e-02 1.470588235294117518e-04 1.779411764705882137e-02 1.470588235294117518e-04 1.470588235294117518e-04 1.470588235294117518e-04 6.191176470588234670e-02 1.545588235294117208e-01 1.470588235294117518e-04 1.470588235294117518e-04 1.470588235294117518e-04 1.470588235294117518e-04 8.691176470588234115e-02 7.073529411764704899e-02 2.661764705882352713e-02 1.470588235294117518e-04 1.470588235294117518e-04 2.808823529411764303e-02 1.470588235294117518e-04 1.470588235294117518e-04 4.132352941176470340e-02 2.514705882352941124e-02 2.104411764705881871e-01 3.985294117647058404e-02 2.661764705882352713e-02 4.132352941176470340e-02 1.470588235294117518e-04
3.278688524590162847e-04 3.347540983606556164e-01 3.278688524590162847e-04 3.639344262295080706e-02 3.278688524590162847e-04 3.278688524590162847e-04 3.278688524590162847e-04 1.016393442622950428e-02 3.606557377049179457e-03 3.278688524590162847e-04 3.278688524590162847e-04 3.278688524590162847e-04 1.016393442622950428e-02 3.278688524590162847e-04 1.344262295081966561e-02 2.199999999999998901e-01 3.606557377049179457e-03 1.118032786885245489e-01 1.999999999999999001e-02 3.278688524590162847e-04 3.278688524590162847e-04 3.278688524590162847e-04 9.213114754098357395e-02 3.278688524590162847e-04 1.016393442622950428e-02 3.278688524590162847e-04 6.262295081967211852e-02 4.950819672131145238e-02 1.672131147540982868e-02 3.278688524590162847e-04
2.842377260981911527e-03 2.583979328165373918e-04 4.160206718346252247e-02 4.240310077519378607e-01 2.583979328165373918e-04 2.583979328165373918e-04 1.423772609819121127e-01 2.583979328165373918e-04 2.583979328165373918e-04 2.842377260981911527e-03 2.583979328165373918e-04 2.583979328165373918e-04 2.583979328165373918e-04 2.583979328165373918e-04 2.583979328165373918e-04 2.583979328165373918e-04 1.010335917312661230e-01 9.328165374676999910e-02 2.583979328165373918e-04 3.643410852713176856e-02 1.834625322997415417e-02 2.583979328165373918e-04 2.868217054263564811e-02 5.426356589147285879e-03 2.351421188630490114e-02 4.418604651162789942e-02 3.126614987080102159e-02 2.583979328165373918e-04 2.583979328165373918e-04 2.583979328165373918e-04
2.020202020202019929e-04 2.042424242424241976e-01 6.484848484848483585e-02 6.262626262626261320e-03 2.020202020202019929e-04 1.434343434343433865e-02 2.020202020202019929e-04 2.020202020202019929e-04 2.020202020202019929e-04 2.020202020202019929e-04 2.020202020202019929e-04 2.020202020202019929e-04 2.222222222222221787e-03 2.444444444444443879e-02 2.020202020202019929e-04 1.698989898989898550e-01 8.303030303030300985e-02 2.020202020202019929e-04 2.020202020202019929e-04 2.020202020202019929e-04 2.020202020202019929e-04 2.020202020202019929e-04 2.020202020202019929e-04 2.020202020202019929e-04 2.020202020202019929e-04 2.020202020202019929e-04 3.779797979797978602e-01 4.464646464646464252e-02 2.020202020202019929e-04 4.242424242424241987e-03
6.009615384615386304e-05 1.862980769230769768e-03 4.513221153846154465e-02 6.670673076923078378e-03 1.989182692307692873e-02 2.530048076923077649e-02 3.371394230769231976e-02 9.675480769230773020e-03 2.349759615384616057e-02 3.665865384615385469e-03 6.009615384615386304e-05 4.753605769230770384e-02 3.611778846153847200e-02 6.556490384615386302e-02 6.009615384615386304e-05 3.671875000000000833e-02 6.009615384615386304e-05 4.453125000000000833e-02 2.289663461538462078e-02 1.989182692307692873e-02 5.294471153846155159e-02 6.009615384615386304e-05 1.088341346153846451e-01 3.257812500000000777e-01 6.676682692307693567e-02 6.009615384615386304e-05 6.610576923076925612e-04 6.009615384615386304e-05 1.262019230769231273e-03 6.610576923076925612e-04
2.336448598130840676e-04 2.336448598130840676e-04 2.126168224299064893e-02 2.336448598130840676e-04 7.266355140186914197e-02 2.336448598130840676e-04 7.242990654205605852e-03 7.242990654205605852e-03 2.336448598130840676e-04 1.427570093457943556e-01 2.827102803738316961e-02 1.147196261682242729e-01 2.336448598130840676e-04 2.336448598130840676e-04 2.336448598130840676e-04 2.336448598130840676e-04 7.242990654205605852e-03 2.336448598130840676e-04 3.060747663551401099e-02 2.336448598130840676e-04 7.242990654205605852e-03 2.151869158878504107e-01 3.060747663551401099e-02 2.336448598130840676e-04 2.336448598130840676e-04 7.499999999999998335e-02 2.570093457943924825e-03 2.336448598130840676e-04 2.338785046728971140e-01 2.336448598130840676e-04
8.516483516483513982e-03 2.747252747252746708e-04 2.747252747252746708e-04 2.887362637362636542e-01 2.499999999999999098e-02 5.247252747252745958e-02 3.873626373626372354e-02 2.225274725274724655e-02 2.747252747252746708e-04 2.747252747252746708e-04 2.747252747252746708e-04 8.516483516483513982e-03 3.021978021978021216e-03 2.747252747252746708e-04 2.747252747252746708e-04 2.747252747252746708e-04 2.887362637362636542e-01 4.697802197802197072e-02 2.747252747252746708e-04 9.917582417582414267e-02 2.774725274725273888e-02 2.747252747252746708e-04 2.747252747252746708e-04 2.747252747252746708e-04 2.747252747252746708e-04 1.401098901098900631e-02 3.049450549450548331e-02 2.747252747252746708e-04 4.148351648351646798e-02 2.747252747252746708e-04
2.676399026763989775e-03 1.827250608272505406e-01 2.457420924574208604e-02 2.433090024330899820e-04 2.433090024330899820e-04 2.433090024330899820e-04 2.433090024330899820e-04 2.433090024330899820e-04 2.433090024330899820e-04 2.676399026763989775e-03 2.433090024330899820e-04 2.433090024330899820e-04 2.433090024330899820e-04 7.323600973236008005e-02 2.433090024330899820e-04 1.267639902676398755e-01 1.462287104622870815e-01 5.863746958637468254e-02 2.433090024330899820e-04 7.542579075425788655e-03 2.433090024330899820e-04 2.433090024330899820e-04 2.433090024330899820e-04 2.433090024330899820e-04 2.433090024330899820e-04 8.783454987834547756e-02 2.824817518248174397e-01 2.433090024330899820e-04 2.433090024330899820e-04 2.433090024330899820e-04
2.336448598130841218e-04 2.362149532710280109e-01 4.462616822429906621e-02 9.579439252336447233e-03 2.336448598130841218e-04 2.336448598130841218e-04 2.336448598130841218e-04 2.336448598130841218e-04 2.336448598130841218e-04 2.336448598130841218e-04 2.336448598130841218e-04 2.336448598130841218e-04 2.336448598130841218e-04 2.336448598130841218e-04 2.336448598130841218e-04 1.147196261682243007e-01 1.240654205607476662e-01 2.336448598130841218e-04 2.336448598130841218e-04 2.336448598130841218e-04 2.336448598130841218e-04 2.336448598130841218e-04 2.336448598130841218e-04 2.336448598130841218e-04 2.570093457943925259e-03 2.336448598130841218e-04 4.254672897196261627e-01 3.528037383177570069e-02 2.336448598130841218e-04 2.570093457943925259e-03
1.652892561983470925e-04 1.008264462809917161e-02 1.059504132231404716e-01 1.338842975206611281e-02 1.652892561983470925e-04 3.652892561983470815e-02 1.652892561983470925e-04 1.652892561983470925e-04 1.652892561983470925e-04 3.983471074380164761e-02 1.819834710743801209e-01 1.652892561983470925e-04 5.123966942148759814e-03 1.652892561983470925e-04 1.652892561983470925e-04 1.323966942148759873e-01 5.140495867768594268e-02 2.165289256198346668e-02 8.429752066115700146e-03 5.123966942148759814e-03 3.652892561983470815e-02 1.652892561983470925e-04 1.652892561983470925e-04 6.297520661157024469e-02 1.504132231404958255e-02 1.819834710743801209e-01 4.148760330578511735e-02 4.148760330578511735e-02 5.123966942148759814e-03 1.818181818181817963e-03
2.857142857142856273e-04 5.999999999999998390e-03 3.142857142857142117e-03 2.857142857142856273e-04 7.742857142857140218e-02 1.859999999999999154e-01 2.857142857142856273e-04 2.857142857142856273e-04 5.171428571428569876e-02 2.857142857142856273e-04 2.857142857142856273e-04 6.599999999999998923e-02 1.345714285714285363e-01 1.802857142857142436e-01 2.857142857142856273e-04 2.857142857142856273e-04 5.999999999999998390e-03 5.742857142857141217e-02 2.857142857142856273e-04 1.231428571428571095e-01 2.857142857142856273e-04 2.028571428571427845e-02 2.857142857142856273e-04 2.857142857142856273e-04 5.999999999999998390e-03 7.171428571428568877e-02 2.857142857142856273e-04 2.857142857142856273e-04 5.999999999999998390e-03 2.857142857142856273e-04
1.939682539682539009e-01 3.492063492063491193e-03 5.746031746031744075e-02 3.780952380952379288e-01 3.174603174603173516e-04 3.174603174603173516e-04 3.019047619047617870e-01 3.174603174603173516e-04 3.174603174603173516e-04 3.174603174603173516e-04 3.174603174603173516e-04 3.174603174603173516e-04 9.841269841269838226e-03 3.174603174603173516e-04 3.174603174603173516e-04 3.174603174603173516e-04 3.206349206349205089e-02 3.174603174603173516e-04 3.174603174603173516e-04 3.174603174603173516e-04 1.301587301587301022e-02 3.174603174603173516e-04 3.174603174603173516e-04 3.492063492063491193e-03 3.174603174603173516e-04 3.174603174603173516e-04 3.174603174603173516e-04 3.174603174603173516e-04 3.174603174603173516e-04 3.174603174603173516e-04
4.803493449781661394e-03 4.366812227074236990e-04 6.593886462882098121e-02 4.366812227074236990e-04 1.270742358078602863e-01 2.056768558951965753e-01 4.366812227074236990e-04 4.366812227074236990e-04 4.366812227074236990e-04 4.366812227074236990e-04 4.366812227074236990e-04 2.187772925764192855e-01 1.227074235807860680e-01 4.803493449781661394e-03 4.366812227074236990e-04 4.366812227074236990e-04 4.366812227074236990e-04 4.366812227074236990e-04 1.790393013100436900e-02 3.537117903930131479e-02 4.366812227074236990e-04 4.847161572052402501e-02 4.803493449781661394e-03 4.366812227074236990e-04 1.139737991266375899e-01 4.366812227074236990e-04 4.366812227074236990e-04 4.366812227074236990e-04 4.366812227074236990e-04 2.227074235807860805e-02
1.937984496124030710e-04 1.937984496124030710e-04 4.069767441860464192e-03 1.937984496124030710e-04 1.937984496124030710e-04 2.151162790697673868e-02 7.945736434108525287e-03 2.344961240310076966e-02 1.937984496124030710e-04 2.131782945736433645e-03 9.903100775193796057e-02 4.476744186046510698e-02 2.131782945736433645e-03 1.763565891472867672e-02 1.937984496124030710e-04 1.937984496124030710e-04 2.926356589147286261e-02 2.732558139534883163e-02 1.937984496124030710e-04 4.069767441860464192e-03 1.649224806201549931e-01 1.937984496124030710e-04 1.067829457364340845e-01 2.344961240310076966e-02 7.945736434108525287e-03 2.579457364341084524e-01 3.701550387596899000e-02 8.352713178294572660e-02 3.313953488372092804e-02 1.937984496124030710e-04
1.675241157556269234e-01 3.215434083601284619e-04 4.533762057877811086e-02 5.498392282958197014e-02 6.752411575562697159e-03 3.215434083601284619e-04 8.713826366559480896e-02 3.215434083601284619e-04 1.160771704180063729e-01 3.215434083601284619e-04 3.215434083601284619e-04 9.356913183279738644e-02 3.215434083601284619e-04 5.176848874598068140e-02 3.215434083601284619e-04 1.961414790996783217e-02 1.418006430868166412e-01 4.212218649517682212e-02 1.318327974276526510e-02 3.536977491961413190e-03 3.215434083601284619e-04 3.215434083601284619e-04 1.450160771704179230e-01 3.215434083601284619e-04 3.215434083601284619e-04 3.215434083601284619e-04 3.215434083601284619e-04 6.752411575562697159e-03 3.215434083601284619e-04 3.215434083601284619e-04
3.891050583657587819e-04 3.891050583657587819e-04 6.653696498054474662e-02 5.875486381322957141e-02 3.891050583657587819e-04 3.891050583657587819e-04 4.280155642023346710e-03 3.891050583657587819e-04 3.891050583657587819e-04 3.891050583657587819e-04 1.910505836575875638e-01 3.891050583657587819e-04 3.891050583657587819e-04 3.151750972762645819e-02 3.891050583657587819e-04 3.891050583657587819e-04 7.821011673151750943e-02 4.280155642023346710e-03 3.891050583657587819e-04 1.206225680933852192e-02 3.540856031128404580e-02 3.891050583657587819e-04 3.891050583657587819e-04 3.891050583657587819e-04 6.264591439688715901e-02 2.805447470817120648e-01 7.821011673151750943e-02 5.875486381322957141e-02 3.151750972762645819e-02 3.891050583657587819e-04
