2.092050209205020253e-04 6.506276150627612886e-02 2.092050209205020253e-04 2.092050209205020253e-04 2.301255230125522251e-03 3.368200836820083033e-02 2.092050209205020253e-04 1.257322175732217273e-01 2.092050209205020253e-04 2.092050209205020253e-04 2.092050209205020253e-04 2.092050209205020253e-04 2.092050209205020253e-04 4.393305439330542558e-03 6.297071129707111636e-02 2.092050209205020253e-04 2.092050209205020253e-04 2.092050209205020253e-04 2.092050209205020253e-04 2.112970711297070328e-02 2.092050209205020253e-04 2.094142259414225049e-01 1.257322175732217273e-01 1.529288702928869592e-01 8.577405857740581438e-03 1.194560669456066482e-01 2.092050209205020253e-04 1.066945606694560261e-02 2.092050209205020253e-04 5.460251046025103167e-02
1.732432432432431668e-01 5.675675675675674083e-03 2.702702702702702202e-04 2.702702702702702202e-04 2.702702702702702202e-04 2.189189189189188339e-02 4.891891891891890498e-02 2.702702702702702202e-04 2.702702702702702202e-04 5.675675675675674083e-03 2.702702702702702202e-04 2.702702702702702202e-04 2.702702702702702202e-04 5.162162162162160783e-02 8.378378378378376068e-03 2.702702702702702202e-04 2.972972972972972097e-03 2.702702702702702202e-04 1.705405405405404917e-01 2.189189189189188339e-02 2.702702702702702202e-04 3.540540540540539072e-02 2.702702702702702202e-04 5.702702702702701354e-02 2.354054054054053047e-01 4.891891891891890498e-02 2.702702702702702202e-04 2.702702702702702202e-04 8.675675675675673104e-02 2.189189189189188339e-02
1.416666666666666075e-01 3.623188405797100409e-04 3.623188405797100409e-04 3.623188405797100409e-04 3.985507246376810558e-03 3.985507246376810558e-03 6.920289855072461749e-02 3.623188405797100409e-04 7.608695652173909883e-03 3.623188405797100409e-04 3.985507246376810558e-03 3.623188405797100409e-04 7.608695652173909883e-03 8.007246376811591460e-02 3.623188405797100409e-04 3.623188405797100409e-04 3.623188405797100409e-04 4.746376811594200940e-02 8.369565217391301826e-02 7.608695652173909883e-03 3.623188405797100409e-04 3.623188405797100409e-04 7.608695652173909883e-03 3.623188405797100409e-04 4.858695652173911084e-01 3.623188405797100409e-04 3.623188405797100409e-04 7.608695652173909883e-03 3.659420289855070535e-02 3.623188405797100409e-04
6.538461538461536049e-02 2.958579881656803689e-04 9.171597633136092248e-03 2.958579881656803689e-04 2.100591715976330570e-02 3.254437869822484220e-03 2.958579881656803689e-04 2.958579881656803689e-04 2.958579881656803689e-04 3.875739644970412762e-02 2.958579881656803689e-04 3.254437869822484220e-03 1.511834319526626780e-01 2.958579881656803689e-04 4.763313609467454551e-02 7.721893491124258435e-02 2.958579881656803689e-04 3.254437869822484220e-03 1.837278106508875297e-01 9.201183431952660030e-02 2.958579881656803689e-04 1.452662721893490660e-01 2.958579881656803689e-04 2.958579881656803689e-04 2.958579881656803689e-04 2.958579881656803689e-04 5.650887573964495647e-02 4.763313609467454551e-02 2.958579881656803689e-04 5.059171597633135148e-02
5.031315240083506640e-02 1.064718162839248077e-02 2.087682672233820034e-04 2.087682672233820034e-04 2.087682672233820034e-04 3.361169102296450439e-02 2.087682672233820034e-04 2.087682672233820034e-04 6.492693110647181076e-02 2.087682672233820034e-04 2.087682672233820034e-04 2.087682672233820034e-04 6.075156576200416159e-02 3.778705636743214663e-02 2.087682672233820034e-04 2.087682672233820034e-04 2.087682672233820034e-04 2.943632567849686216e-02 7.954070981210854818e-02 2.087682672233820034e-04 2.087682672233820034e-04 2.087682672233820034e-04 2.087682672233820034e-04 6.075156576200416159e-02 3.947807933194153462e-01 2.734864300626304104e-02 2.943632567849686216e-02 2.087682672233820034e-04 1.171189979123173075e-01 2.087682672233820034e-04
1.890566037735849081e-01 1.588679245283018959e-01 3.773584905660377713e-04 3.773584905660377713e-04 3.773584905660377713e-04 3.773584905660377713e-04 1.060377358490566108e-01 3.811320754716981257e-02 4.150943396226415213e-03 3.773584905660377713e-04 9.471698113207548120e-02 2.301886792452829955e-02 3.773584905660377713e-04 3.773584905660377713e-04 4.150943396226415213e-03 3.773584905660377713e-04 3.433962264150943605e-02 3.773584905660377713e-04 2.720754716981131915e-01 1.169811320754716999e-02 3.773584905660377713e-04 4.150943396226415213e-03 3.773584905660377713e-04 3.773584905660377713e-04 3.773584905660377713e-04 3.773584905660377713e-04 3.773584905660377713e-04 4.943396226415094213e-02 3.773584905660377713e-04 4.150943396226415213e-03
3.008196721311475197e-01 2.732240437158469943e-04 2.732240437158469943e-04 2.732240437158469943e-04 2.732240437158469943e-04 5.737704918032787531e-03 2.732240437158469943e-04 8.469945355191257907e-03 7.131147540983606703e-02 2.732240437158469943e-04 2.732240437158469943e-04 2.732240437158469943e-04 2.732240437158469943e-04 2.732240437158469943e-04 2.732240437158469943e-04 3.005464480874317154e-03 2.732240437158469943e-04 9.043715846994536400e-02 8.224043715846994507e-02 1.393442622950819519e-02 2.732240437158469943e-04 6.857923497267759405e-02 2.732240437158469943e-04 3.852459016393442598e-02 2.732240437158469943e-04 5.737704918032787531e-03 2.732240437158469943e-04 4.945355191256831096e-02 3.306010928961748696e-02 2.243169398907103596e-01
3.783185840707963682e-02 4.646017699115043316e-03 2.212389380530973150e-04 2.212389380530973150e-04 2.212389380530973150e-04 4.668141592920353050e-02 2.212389380530973150e-04 2.212389380530973150e-04 4.004424778761061371e-02 2.212389380530973150e-04 2.212389380530973150e-04 2.433628318584070329e-03 5.995575221238937103e-02 2.433628318584070329e-03 2.212389380530973150e-04 2.212389380530973150e-04 2.212389380530973150e-04 1.792035398230087950e-02 7.101769911504422772e-02 2.212389380530973150e-04 2.212389380530973150e-04 2.212389380530973150e-04 2.212389380530973150e-04 9.314159292035396887e-02 4.780973451327432122e-01 4.446902654867256055e-02 2.212389380530973150e-04 2.212389380530973150e-04 9.756637168141590877e-02 2.212389380530973150e-04
5.594795539033456389e-02 2.806691449814125577e-02 1.858736059479553599e-04 1.858736059479553599e-04 1.858736059479553599e-04 1.879182156133828441e-01 2.434944237918214988e-02 1.858736059479553599e-04 1.563197026022304370e-01 3.736059479553902746e-02 1.858736059479553599e-04 1.858736059479553599e-04 3.903345724907062667e-03 1.858736059479553599e-04 8.754646840148697096e-02 1.133828996282527576e-02 2.044609665427508851e-03 1.858736059479553599e-04 9.869888475836428865e-02 1.858736059479553599e-04 1.265799256505575898e-01 4.293680297397768630e-02 1.858736059479553599e-04 1.858736059479553599e-04 1.340148698884758016e-01 1.858736059479553599e-04 1.858736059479553599e-04 1.858736059479553599e-04 1.858736059479553599e-04 1.858736059479553599e-04
2.327868852459016175e-02 3.278688524590163932e-04 3.278688524590163932e-04 3.278688524590163932e-04 3.278688524590163932e-04 1.839344262295082022e-01 3.278688524590163932e-04 3.278688524590163932e-04 1.016393442622950775e-02 3.278688524590163932e-04 3.278688524590163932e-04 6.885245901639344690e-03 7.901639344262295639e-02 3.278688524590163932e-04 7.573770491803279159e-02 3.278688524590163932e-04 3.278688524590163932e-04 3.278688524590163932e-04 3.278688524590163932e-04 3.278688524590163932e-04 3.278688524590163932e-04 3.639344262295082094e-02 3.278688524590163932e-04 3.278688524590163932e-04 2.655737704918032654e-02 3.278688524590163932e-04 3.606557377049180758e-03 5.478688524590163977e-01 3.278688524590163932e-04 3.278688524590163932e-04
2.610966057441252647e-04 2.610966057441252647e-04 2.610966057441252647e-04 1.592689295039163844e-02 2.872062663185378020e-03 2.610966057441252647e-04 2.610966057441252647e-04 2.872062663185378020e-03 3.159268929503915302e-02 2.610966057441252647e-04 2.610966057441252647e-04 2.610966057441252647e-04 8.093994778067882881e-03 2.378590078328980950e-01 2.610966057441252647e-04 2.610966057441252647e-04 2.610966057441252647e-04 2.610966057441252647e-04 4.362924281984332797e-01 2.610966057441252647e-04 1.070496083550913358e-02 1.360313315926892641e-01 2.610966057441252647e-04 7.597911227154044433e-02 2.872062663185378020e-03 3.420365535248040545e-02 2.610966057441252647e-04 2.610966057441252647e-04 2.610966057441252647e-04 2.610966057441252647e-04
5.405405405405407657e-04 5.405405405405407657e-04 5.945945945945948531e-03 5.405405405405407657e-04 5.405405405405407657e-04 5.405405405405407657e-04 5.405405405405407657e-04 2.437837837837838750e-01 5.405405405405407657e-04 5.405405405405407657e-04 5.405405405405407657e-04 5.405405405405407657e-04 5.405405405405407657e-04 5.405405405405407657e-04 5.405405405405407657e-04 5.405405405405407657e-04 5.405405405405407657e-04 5.405405405405407657e-04 5.405405405405407657e-04 1.135135135135135510e-02 3.297297297297298313e-02 5.405405405405407657e-04 3.681081081081081785e-01 6.000000000000001860e-02 1.675675675675676254e-02 2.113513513513514130e-01 3.297297297297298313e-02 5.405405405405407657e-04 5.405405405405407657e-04 5.945945945945948531e-03
2.469135802469135318e-04 2.027160493827159793e-01 5.185185185185184169e-03 5.185185185185184169e-03 2.469135802469135318e-04 1.259259259259258752e-02 2.469135802469135318e-04 2.469135802469135318e-04 7.925925925925923765e-02 2.469135802469135318e-04 2.469135802469135318e-04 2.469135802469135318e-04 2.469135802469135318e-04 2.469135802469135318e-04 1.753086419753085989e-02 2.469135802469135318e-04 7.654320987654319487e-03 2.716049382716048850e-03 2.619753086419752131e-01 2.469135802469135318e-04 2.469135802469135318e-04 1.187654320987654027e-01 2.469135802469135318e-04 2.469135802469135318e-04 1.755555555555554925e-01 5.703703703703702499e-02 2.469135802469135318e-04 3.234567901234566834e-02 2.469135802469135318e-04 1.753086419753085989e-02
2.419103313840155201e-01 2.144249512670564836e-03 1.949317738791422677e-04 1.949317738791422677e-04 1.949317738791422677e-04 2.163742690058478857e-02 4.113060428849901751e-02 1.949317738791422677e-04 6.062378167641324644e-02 1.949317738791422677e-04 4.307992202729044040e-02 3.723196881091617172e-02 1.949317738791422677e-04 5.282651072124755487e-02 1.949317738791422677e-04 1.949317738791422677e-04 4.093567251461987730e-03 1.773879142300194625e-02 6.452241715399609223e-02 9.941520467836254676e-03 4.113060428849901751e-02 1.949317738791422677e-04 1.949317738791422677e-04 1.949317738791422677e-04 2.711500974658868635e-01 4.093567251461987730e-03 1.949317738791422677e-04 2.144249512670564836e-03 4.892787524366470908e-02 3.333333333333332593e-02
1.622529644268774496e-01 1.286561264822134176e-01 1.976284584980237129e-04 1.976284584980237129e-04 1.976284584980237129e-04 1.069169960474308234e-01 1.976284584980237129e-04 1.996047430830039104e-02 7.727272727272727071e-02 1.798418972332015489e-02 1.996047430830039104e-02 2.173913043478260896e-03 1.976284584980237129e-04 1.976284584980237129e-04 1.148221343873517680e-01 1.976284584980237129e-04 4.150197628458497483e-03 1.976284584980237129e-04 1.227272727272727126e-01 2.173913043478260896e-03 1.266798418972331641e-01 1.976284584980237129e-04 1.976284584980237129e-04 8.102766798418970656e-03 6.739130434782608647e-02 1.976284584980237129e-04 1.976284584980237129e-04 1.600790513833991874e-02 1.976284584980237129e-04 1.976284584980237129e-04
7.777777777777776513e-02 1.576227390180878069e-02 2.583979328165373918e-04 2.583979328165373918e-04 2.583979328165373918e-04 7.002583979328164121e-02 1.165374677002583709e-01 2.583979328165373918e-04 4.935400516795864639e-02 1.059431524547803198e-02 2.664082687338500399e-01 1.475452196382428527e-01 2.583979328165373918e-04 2.583979328165373918e-04 1.059431524547803198e-02 1.059431524547803198e-02 1.834625322997415417e-02 2.583979328165373918e-04 3.126614987080102159e-02 1.576227390180878069e-02 1.217054263565891109e-01 2.583979328165373918e-04 2.583979328165373918e-04 2.583979328165373918e-04 1.317829457364340547e-02 2.583979328165373918e-04 2.583979328165373918e-04 2.583979328165373918e-04 2.583979328165373918e-04 2.093023255813952765e-02
7.482993197278913974e-03 1.911564625850340482e-01 6.802721088435375848e-04 6.802721088435375848e-04 1.428571428571428874e-02 6.870748299319728858e-02 5.510204081632653905e-02 6.870748299319728858e-02 6.802721088435375848e-04 1.435374149659864318e-01 6.802721088435375848e-04 6.802721088435375848e-04 2.108843537414966524e-02 7.482993197278913974e-03 1.231292517006803006e-01 1.428571428571428874e-02 6.802721088435375848e-04 4.829931972789116429e-02 1.428571428571428874e-02 6.802721088435375848e-04 7.551020408163267028e-02 6.802721088435375848e-04 6.802721088435375848e-04 2.108843537414966524e-02 6.802721088435375848e-04 6.802721088435375848e-04 6.802721088435375848e-04 6.802721088435375848e-04 6.802721088435375848e-04 1.163265306122449327e-01
1.811881188118811548e-01 8.628005657708626500e-03 1.414427157001414367e-04 1.414427157001414367e-04 1.414427157001414367e-04 4.540311173974539982e-02 1.414427157001414367e-04 7.213578500707211807e-03 1.387553041018387279e-01 3.408769448373408228e-02 1.414427157001414367e-04 1.414427157001414367e-04 1.414427157001414367e-04 5.106082036775105165e-02 1.414427157001414367e-04 1.414427157001414367e-04 1.414427157001414367e-04 1.414427157001414367e-04 1.005657708628005381e-01 1.104667609618104340e-01 8.076379066478074631e-02 2.701555869872701229e-02 1.414427157001414367e-04 1.414427157001414367e-04 1.613861386138613629e-01 2.970297029702969899e-03 1.414427157001414367e-04 1.004243281471003946e-02 1.852899575671852414e-02 1.994342291371993883e-02
9.450261780104712850e-02 2.879581151832461081e-03 2.617801047120419116e-04 2.617801047120419116e-04 5.497382198952879655e-03 2.382198952879581097e-02 2.879581151832461081e-03 1.154450261780104736e-01 2.617801047120419116e-04 1.596858638743455308e-02 2.617801047120419116e-04 2.617801047120419116e-04 2.617801047120419116e-04 2.617801047120419116e-04 2.905759162303664725e-02 5.497382198952879655e-03 1.596858638743455308e-02 2.617801047120419116e-04 2.617801047120419116e-04 2.905759162303664725e-02 2.617801047120419116e-04 5.000000000000000278e-02 2.905759162303664725e-02 2.617801047120419116e-04 2.617801047120419116e-04 2.617801047120419116e-04 5.497382198952879655e-03 5.212041884816753790e-01 2.617801047120419116e-04 5.000000000000000278e-02
1.715083798882681143e-01 7.635009310986962637e-03 1.862197392923649569e-04 1.862197392923649569e-04 1.862197392923649569e-04 1.135940409683426112e-02 1.862197392923649569e-04 1.862197392923649569e-04 6.350093109869645036e-02 3.743016759776535834e-02 1.862197392923649569e-04 1.862197392923649569e-04 1.862197392923649569e-04 4.115456238361265423e-02 8.026070763500929572e-02 1.862197392923649569e-04 7.635009310986962637e-03 1.862197392923649569e-04 2.273743016759776081e-01 5.232774674115455577e-02 1.230912476722532262e-01 1.862197392923649569e-04 2.048417132216014472e-03 1.862197392923649569e-04 1.696461824953444664e-01 2.048417132216014472e-03 1.862197392923649569e-04 1.862197392923649569e-04 1.862197392923649569e-04 1.862197392923649569e-04
3.759668508287291600e-01 2.762430939226518463e-04 6.381215469613257807e-02 2.762430939226518463e-04 2.762430939226518463e-04 2.762430939226518463e-04 8.314917127071820568e-02 3.038674033149170364e-03 1.408839779005524248e-02 3.038674033149170364e-03 2.762430939226518463e-04 2.762430939226518463e-04 2.762430939226518463e-04 4.171270718232043123e-02 2.762430939226518463e-04 2.762430939226518463e-04 2.237569060773480015e-02 2.762430939226518463e-04 4.999999999999998890e-02 5.552486187845302734e-02 4.171270718232043123e-02 2.762430939226518463e-04 2.762430939226518463e-04 3.342541436464087357e-02 1.991712707182319575e-01 2.762430939226518463e-04 2.762430939226518463e-04 2.762430939226518463e-04 8.563535911602207507e-03 2.762430939226518463e-04
2.610966057441252647e-04 2.872062663185378020e-03 1.360313315926892641e-01 2.610966057441252647e-04 9.686684073107047765e-02 2.610966057441252647e-04 8.093994778067882881e-03 5.483028720626630451e-03 8.093994778067882881e-03 2.610966057441252647e-04 2.610966057441252647e-04 2.872062663185378020e-03 4.464751958224542211e-02 1.331592689295038601e-02 4.464751958224542211e-02 2.610966057441252647e-04 2.610966057441252647e-04 2.610966057441252647e-04 2.610966057441252647e-04 2.610966057441252647e-04 1.070496083550913358e-02 3.420365535248040545e-02 2.535248041775455818e-01 1.281984334203654929e-01 2.610966057441252647e-04 2.065274151436030659e-01 2.610966057441252647e-04 2.610966057441252647e-04 2.610966057441252647e-04 2.610966057441252647e-04
1.923076923076922804e-04 1.923076923076922804e-04 1.923076923076922804e-04 1.923076923076922804e-04 1.923076923076922804e-04 1.923076923076922804e-04 1.923076923076922804e-04 3.288461538461538020e-02 1.213461538461538258e-01 1.923076923076922804e-04 1.923076923076922804e-04 1.923076923076922804e-04 8.096153846153844591e-02 4.038461538461537645e-03 7.711538461538459954e-02 1.923076923076922804e-04 9.807692307692305461e-03 2.115384615384614895e-03 9.249999999999998501e-02 1.923076923076922804e-04 1.923076923076922804e-04 1.923076923076922804e-04 1.923076923076922804e-04 5.980769230769229783e-02 2.424999999999999378e-01 1.001923076923076777e-01 1.923076923076922804e-04 1.923076923076922804e-04 1.732692307692307310e-01 1.923076923076922804e-04
2.510204081632652073e-01 2.915451895043731190e-04 3.206997084548104254e-03 2.915451895043731190e-04 2.915451895043731190e-04 1.139941690962098797e-01 1.956268221574343213e-01 2.915451895043731190e-04 6.122448979591834685e-03 2.915451895043731190e-04 4.402332361516033549e-02 1.227405247813410649e-01 2.915451895043731190e-04 2.915451895043731190e-04 2.915451895043731190e-04 2.915451895043731190e-04 2.915451895043731190e-04 2.915451895043731190e-04 2.915451895043731190e-04 2.915451895043731190e-04 1.868804664723031361e-01 2.915451895043731190e-04 2.915451895043731190e-04 2.915451895043731190e-04 2.361516034985421814e-02 2.915451895043731190e-04 2.915451895043731190e-04 2.915451895043731190e-04 2.915451895043731190e-04 4.693877551020406852e-02
3.170781893004114282e-01 5.164609053497941360e-02 2.057613168724279522e-04 2.057613168724279522e-04 2.057613168724279522e-04 2.263374485596707664e-03 1.257201646090534697e-01 2.057613168724279522e-04 1.010288065843621130e-01 2.695473251028806042e-02 2.057613168724279522e-04 4.341563786008229703e-02 2.057613168724279522e-04 2.057613168724279522e-04 2.057613168724279522e-04 2.057613168724279522e-04 6.378600823045266384e-03 2.057613168724279522e-04 2.057613168724279522e-04 1.010288065843621130e-01 2.078189300411522125e-02 2.057613168724279522e-04 2.057613168724279522e-04 2.057613168724279522e-04 1.956790123456789432e-01 2.057613168724279522e-04 4.320987654320987241e-03 2.057613168724279522e-04 2.057613168724279522e-04 2.057613168724279522e-04
2.389204545454544637e-01 2.840909090909090229e-04 2.840909090909090229e-04 2.840909090909090229e-04 2.840909090909090229e-04 1.053977272727272402e-01 2.218749999999999056e-01 2.840909090909090229e-04 2.840909090909090229e-04 3.124999999999999306e-03 8.806818181818179547e-03 1.281249999999999611e-01 2.840909090909090229e-04 3.124999999999999306e-03 2.840909090909090229e-04 2.840909090909090229e-04 2.840909090909090229e-04 2.840909090909090229e-04 2.840909090909090229e-04 2.840909090909090229e-04 2.161931818181817289e-01 2.840909090909090229e-04 2.840909090909090229e-04 2.840909090909090229e-04 2.840909090909090229e-04 1.164772727272726793e-02 2.840909090909090229e-04 5.965909090909089427e-03 3.124999999999999306e-03 4.857954545454544470e-02
2.049180327868852186e-04 2.049180327868852186e-04 2.049180327868852186e-04 2.049180327868852186e-04 2.049180327868852186e-04 1.395491803278688103e-01 2.049180327868852186e-04 2.049180327868852186e-04 1.456967213114753745e-01 2.069672131147540575e-02 2.049180327868852186e-04 2.049180327868852186e-04 1.659836065573769975e-02 2.049180327868852186e-04 1.374999999999999556e-01 2.049180327868852186e-04 3.342213114754097325e-01 2.049180327868852186e-04 2.479508196721310828e-02 2.254098360655737432e-03 2.049180327868852186e-04 6.987704918032786039e-02 2.049180327868852186e-04 2.049180327868852186e-04 1.047131147540983354e-01 2.049180327868852186e-04 2.049180327868852186e-04 2.049180327868852186e-04 2.049180327868852186e-04 2.049180327868852186e-04
5.595238095238096176e-02 5.198412698412699373e-02 3.059523809523809756e-01 5.198412698412699373e-02 1.230158730158730472e-02 3.968253968253969335e-04 3.968253968253969335e-04 4.007936507936508963e-02 2.420634920634921056e-02 3.968253968253969335e-04 4.365079365079366051e-03 2.861111111111111494e-01 3.968253968253969335e-04 3.968253968253969335e-04 3.968253968253969335e-04 3.968253968253969335e-04 3.968253968253969335e-04 3.968253968253969335e-04 3.968253968253969335e-04 3.968253968253969335e-04 3.968253968253969335e-04 8.333333333333334952e-03 7.579365079365081581e-02 8.333333333333334952e-03 3.611111111111111466e-02 2.023809523809524252e-02 8.333333333333334952e-03 4.365079365079366051e-03 3.968253968253969335e-04 3.968253968253969335e-04
5.871021775544390392e-02 4.698492462311559814e-02 1.348408710217756032e-02 8.375209380234508968e-05 1.599664991624791255e-02 9.221105527638194521e-02 1.231993299832496169e-01 1.850921273031826478e-02 2.855946398659967717e-02 4.698492462311559814e-02 4.614740368509214624e-02 2.939698492462312907e-02 8.375209380234508968e-05 8.375209380234508968e-05 1.776381909547739280e-01 3.777219430485763418e-02 4.949748743718594690e-02 8.375209380234508968e-05 8.375209380234508968e-05 8.969849246231158257e-02 8.375209380234508968e-05 8.375209380234508968e-05 8.375209380234508968e-05 9.296482412060304290e-03 3.023450586264657750e-02 9.212730318257960271e-04 8.375209380234508968e-05 8.458961474036854125e-03 8.375209380234508968e-05 7.546063651591292110e-02
2.146987951807228234e-01 7.469879518072286909e-03 1.710843373493975417e-02 9.903614457831322326e-02 2.409638554216866815e-04 2.409638554216866815e-04 1.014457831325300957e-01 2.915662650602408867e-02 1.228915662650601967e-02 2.409638554216866815e-04 2.409638554216866815e-04 2.409638554216866815e-04 3.879518072289155767e-02 1.228915662650601967e-02 2.409638554216866815e-04 2.409638554216866815e-04 2.409638554216866815e-04 5.566265060240963014e-02 7.493975903614456813e-02 2.650602409638553713e-03 2.409638554216866815e-04 2.409638554216866815e-04 2.192771084337348866e-02 2.409638554216866815e-04 2.122891566265059649e-01 8.457831325301203018e-02 2.409638554216866815e-04 1.228915662650601967e-02 2.409638554216866815e-04 2.409638554216866815e-04
3.198360655737703673e-01 1.639344262295081424e-04 1.639344262295081424e-04 3.622950819672129952e-02 1.639344262295081424e-04 1.983606557377048246e-02 8.213114754098357895e-02 1.639344262295081424e-04 4.934426229508195177e-02 9.999999999999995004e-03 1.639344262295081424e-04 4.934426229508195177e-02 1.639344262295081424e-04 1.639344262295081424e-04 1.639344262295081424e-04 5.081967213114752142e-03 1.639344262295081424e-04 1.803278688524589729e-03 7.721311475409833869e-02 5.918032786885243923e-02 3.131147540983605926e-02 1.639344262295081424e-04 1.639344262295081424e-04 1.819672131147540353e-02 1.772131147540982887e-01 1.639344262295081424e-04 1.803278688524589729e-03 1.639344262295081424e-04 2.639344262295081206e-02 3.295081967213113472e-02
2.150537634408601878e-04 4.516129032258064079e-03 2.150537634408601878e-04 2.150537634408601878e-04 4.516129032258064079e-03 2.496774193548386700e-01 2.150537634408601878e-04 2.150537634408601878e-04 9.053763440860214395e-02 2.346236559139784628e-01 2.150537634408601878e-04 2.150537634408601878e-04 1.526881720430107309e-02 3.247311827956989028e-02 2.604301075268816712e-01 2.150537634408601878e-04 2.150537634408601878e-04 2.150537634408601878e-04 2.602150537634408123e-02 2.150537634408601878e-04 5.182795698924731048e-02 2.150537634408601878e-04 2.150537634408601878e-04 2.365591397849462364e-03 1.956989247311827565e-02 2.150537634408601878e-04 2.150537634408601878e-04 2.365591397849462364e-03 2.365591397849462364e-03 2.150537634408601878e-04
1.999999999999999554e-04 1.999999999999999554e-04 4.199999999999998873e-03 1.999999999999999554e-04 1.999999999999999554e-04 1.561999999999999222e-01 1.999999999999999554e-04 1.999999999999999554e-04 1.221999999999999614e-01 4.199999999999998873e-03 1.999999999999999554e-04 1.999999999999999554e-04 3.619999999999998913e-02 1.999999999999999554e-04 1.361999999999999322e-01 1.999999999999999554e-04 3.681999999999998607e-01 1.999999999999999554e-04 3.219999999999999252e-02 1.999999999999999554e-04 1.999999999999999554e-04 6.619999999999998108e-02 1.999999999999999554e-04 6.199999999999998047e-03 6.019999999999998269e-02 1.999999999999999554e-04 2.199999999999999265e-03 2.199999999999999265e-03 1.999999999999999554e-04 1.999999999999999554e-04
2.522935779816513468e-03 1.424311926605504319e-01 2.293577981651375732e-04 3.488532110091742133e-01 2.293577981651375732e-04 2.293577981651375732e-04 7.110091743119264715e-03 2.293577981651375732e-04 4.839449541284402551e-02 2.293577981651375732e-04 4.816513761467888441e-03 2.293577981651375732e-04 2.293577981651375732e-04 2.293577981651375732e-04 2.293577981651375732e-04 2.293577981651375732e-04 1.857798165137614088e-02 2.293577981651375732e-04 2.087155963302751716e-02 2.293577981651375732e-04 3.922018348623852735e-02 1.172018348623852929e-01 2.293577981651375732e-04 3.463302752293576786e-02 1.194954128440366692e-01 2.293577981651375732e-04 2.775229357798164251e-02 5.986238532110090688e-02 2.522935779816513468e-03 2.522935779816513468e-03
2.212464589235126622e-01 2.832861189801698983e-04 2.832861189801698983e-04 2.832861189801698983e-04 2.832861189801698983e-04 1.107648725212464214e-01 1.957507082152973588e-01 3.116147308781869098e-03 3.116147308781869098e-03 2.832861189801698983e-04 2.294617563739375851e-02 1.589235127478753062e-01 2.832861189801698983e-04 2.832861189801698983e-04 2.832861189801698983e-04 2.832861189801698983e-04 2.832861189801698983e-04 2.832861189801698983e-04 2.832861189801698983e-04 2.832861189801698983e-04 2.070821529745041634e-01 2.832861189801698983e-04 2.832861189801698983e-04 2.832861189801698983e-04 2.832861189801698983e-04 2.832861189801698983e-04 2.832861189801698983e-04 3.116147308781869098e-03 2.832861189801698983e-04 6.827195467422093877e-02
4.322580645161289842e-02 2.150537634408601878e-04 2.150537634408601878e-04 2.365591397849462364e-03 2.150537634408601878e-04 2.797849462365590845e-01 2.150537634408601878e-04 2.150537634408601878e-04 8.623655913978493792e-02 2.002150537634408145e-01 2.150537634408601878e-04 2.150537634408601878e-04 3.247311827956989028e-02 1.741935483870967610e-02 2.690322580645160833e-01 2.150537634408601878e-04 2.150537634408601878e-04 2.150537634408601878e-04 2.150537634408601878e-04 2.150537634408601878e-04 5.182795698924731048e-02 2.150537634408601878e-04 2.150537634408601878e-04 2.150537634408601878e-04 4.516129032258064079e-03 2.150537634408601878e-04 2.150537634408601878e-04 2.150537634408601878e-04 8.817204301075267509e-03 2.150537634408601878e-04
3.039513677811550357e-04 3.343465045592705284e-03 3.039513677811550357e-04 3.039513677811550357e-04 3.039513677811550357e-04 3.039513677811550357e-04 3.039513677811550357e-04 1.431610942249240126e-01 3.039513677811550357e-04 3.039513677811550357e-04 3.039513677811550357e-04 3.039513677811550357e-04 3.039513677811550357e-04 3.039513677811550357e-04 8.237082066869301500e-02 1.246200607902735527e-02 3.039513677811550357e-04 3.039513677811550357e-04 3.039513677811550357e-04 1.246200607902735527e-02 3.039513677811550357e-04 1.036474164133738690e-01 3.039513677811550357e-04 4.589665653495440811e-02 3.039513677811550357e-04 3.039513677811550357e-04 3.039513677811550357e-04 5.413373860182371100e-01 3.039513677811550357e-04 4.893617021276595869e-02
3.038674033149169930e-03 1.881215469613258529e-01 2.762430939226517921e-04 2.762430939226517921e-04 4.723756906077346274e-02 3.038674033149169930e-03 2.762430939226517921e-04 5.828729281767953269e-02 2.762430939226517921e-04 2.762430939226517921e-04 2.762430939226517921e-04 2.762430939226517921e-04 1.961325966850827746e-02 2.762430939226517921e-04 1.715469613259667792e-01 2.762430939226517921e-04 2.762430939226517921e-04 2.762430939226517921e-04 1.132596685082872326e-02 2.762430939226517921e-04 1.218232044198894470e-01 1.549723756906076777e-01 2.762430939226517921e-04 6.933701657458560264e-02 2.762430939226517921e-04 4.999999999999998196e-02 2.762430939226517921e-04 8.563535911602205772e-03 3.038674033149169930e-03 8.591160220994471797e-02
2.127659574468084816e-04 2.127659574468084816e-04 2.127659574468084816e-04 2.127659574468084816e-04 4.276595744680850020e-02 2.321276595744680149e-01 2.340425531914893352e-03 4.063829787234041896e-02 1.427659574468084502e-01 2.127659574468084816e-04 1.936170212765956841e-02 2.127659574468084816e-04 1.002127659574467838e-01 2.127659574468084816e-04 6.404255319148935421e-02 2.127659574468084816e-04 4.468085106382978060e-03 2.127659574468084816e-04 3.425531914893616831e-02 2.340425531914893352e-03 6.595744680851062768e-03 3.638297872340424954e-02 8.723404255319146608e-03 2.574468085106382254e-02 6.191489361702126604e-02 2.127659574468084816e-04 4.489361702127658837e-02 1.257446808510638003e-01 2.340425531914893352e-03 2.127659574468084816e-04
4.347826086956522985e-04 4.347826086956522985e-04 3.086956521739131140e-02 4.782608695652175446e-03 2.652173913043478701e-02 2.613043478260870245e-01 4.347826086956522985e-04 4.347826086956522985e-04 4.347826086956522985e-04 4.347826086956522985e-04 4.347826086956522985e-04 2.217391304347826608e-02 4.347826086956522985e-04 3.086956521739131140e-02 1.656521739130435156e-01 4.347826086956522985e-04 4.347826086956522985e-04 4.347826086956522985e-04 4.347826086956522985e-04 1.347826086956522076e-02 4.347826086956522985e-04 2.217391304347826608e-02 4.347826086956522985e-04 4.782608695652175446e-03 9.130434782608698105e-03 4.347826086956522985e-04 3.086956521739131140e-02 3.569565217391305056e-01 4.347826086956522985e-04 1.347826086956522076e-02
2.764948453608246925e-01 4.556701030927834406e-02 2.061855670103092343e-04 2.061855670103092343e-04 2.061855670103092343e-04 2.061855670103092343e-04 1.301030927835051254e-01 2.061855670103092343e-04 5.175257731958762125e-02 2.082474226804123182e-02 2.061855670103092343e-04 2.701030927835050902e-02 1.257731958762886224e-02 2.061855670103092343e-04 2.061855670103092343e-04 2.061855670103092343e-04 2.268041237113401550e-03 2.061855670103092343e-04 1.051546391752576984e-02 1.053608247422680166e-01 5.587628865979380605e-02 2.061855670103092343e-04 2.061855670103092343e-04 2.268041237113401550e-03 2.331958762886597314e-01 2.061855670103092343e-04 2.082474226804123182e-02 2.061855670103092343e-04 2.061855670103092343e-04 2.268041237113401550e-03
1.845622119815667483e-01 2.096774193548386553e-02 9.447004608294926747e-03 2.304147465437787474e-04 2.304147465437787474e-04 1.405529953917050191e-02 7.165898617511519408e-02 2.304147465437787474e-04 5.092165898617510844e-02 2.304147465437787474e-04 1.635944700460828863e-02 9.470046082949307165e-02 3.248847926267280084e-02 2.304147465437787474e-04 7.142857142857140899e-03 2.304147465437787474e-04 2.304147465437787474e-04 2.534562211981566168e-03 8.548387096774191785e-02 3.479262672811058582e-02 2.304147465437787474e-04 2.304147465437787474e-04 2.304147465437787474e-04 2.304147465437787474e-04 3.389400921658985433e-01 2.534562211981566168e-03 2.304147465437787474e-04 2.304147465437787474e-04 1.866359447004607708e-02 1.175115207373271520e-02
1.955128205128204080e-02 1.509615384615383971e-01 3.205128205128203499e-04 3.205128205128203499e-04 9.935897435897430088e-03 3.205128205128203499e-04 1.541666666666665908e-01 3.205128205128203499e-04 1.028846153846153383e-01 3.205128205128203499e-04 1.413461538461537603e-01 1.285256410256409576e-01 3.557692307692305461e-02 3.205128205128203499e-04 3.878205128205126223e-02 3.205128205128203499e-04 3.205128205128203499e-04 3.205128205128203499e-04 3.205128205128203499e-04 3.525641025641023957e-03 3.205128205128203499e-04 4.519230769230766359e-02 3.205128205128203499e-04 3.205128205128203499e-04 9.326923076923072931e-02 3.205128205128203499e-04 3.205128205128203499e-04 4.839743589743587121e-02 9.935897435897430088e-03 1.314102564102563250e-02
8.804878048780487299e-02 2.951219512195121450e-02 2.439024390243902166e-04 2.219512195121950762e-02 2.439024390243902166e-04 3.195121951219511564e-02 2.439024390243902166e-04 1.975609756097560649e-02 2.439024390243902166e-04 2.439024390243902166e-04 2.439024390243902166e-04 1.243902439024389961e-02 2.439024390243902166e-04 7.560975609756096470e-03 2.439024390243902166e-04 2.439024390243902166e-04 2.439024390243902166e-04 1.075609756097560821e-01 2.439024390243902166e-04 2.439024390243902166e-04 1.975609756097560649e-02 1.368292682926829096e-01 2.439024390243902166e-04 1.075609756097560821e-01 2.439024390243902166e-04 4.124390243902438247e-01 2.439024390243902166e-04 2.439024390243902166e-04 2.439024390243902166e-04 2.439024390243902166e-04
3.153310104529616353e-02 4.372822299651567268e-02 1.742160278745644327e-04 1.742160278745644327e-04 1.742160278745644327e-04 1.256097560975609484e-01 1.759581881533100675e-02 1.411149825783971842e-02 5.069686411149824934e-02 1.742160278745644327e-04 1.742160278745644327e-04 1.916376306620208841e-03 6.289198606271775849e-02 1.742160278745644327e-04 1.238675958188152904e-01 1.742160278745644327e-04 1.742160278745644327e-04 2.108013937282229508e-02 1.742160278745644327e-04 3.850174216027874019e-02 2.231707317073170216e-01 5.592334494773518183e-02 1.236933797909407426e-02 1.742160278745644327e-04 1.742160278745644327e-04 7.142857142857140899e-03 4.895470383275260517e-02 4.198606271777002852e-02 7.508710801393726764e-02 1.916376306620208841e-03
1.293375394321765945e-02 2.555205047318610811e-02 1.608832807570977075e-02 3.154574132492112709e-04 3.154574132492112709e-04 3.154574132492112709e-04 3.154574132492112709e-04 1.107255520504731444e-01 3.470031545741323817e-03 3.154574132492112709e-04 3.154574132492112709e-04 3.154574132492112709e-04 3.470031545741323817e-03 3.154574132492112709e-04 3.470031545741323817e-03 3.154574132492112709e-04 3.154574132492112709e-04 3.154574132492112709e-04 3.154574132492112709e-04 6.656151419558357929e-02 3.154574132492112709e-04 5.078864353312301239e-02 9.495268138801259139e-02 7.287066246056779495e-02 3.154574132492112709e-04 4.892744479495266252e-01 3.154574132492112709e-04 3.154574132492112709e-04 3.154574132492112709e-04 4.447949526813878285e-02
8.991596638655459384e-02 1.179271708683473086e-01 2.801120448179270973e-04 2.801120448179270973e-04 3.389355742296917828e-02 8.683473389355739203e-03 2.801120448179270973e-04 2.801120448179270973e-04 6.750700280112043039e-02 5.882352941176468772e-03 2.801120448179270973e-04 7.591036414565824342e-02 3.081232492997198341e-03 2.801120448179270973e-04 7.871148459383751905e-02 2.801120448179270973e-04 2.801120448179270973e-04 2.801120448179270973e-04 3.112044817927169804e-01 1.148459383753500963e-02 2.801120448179270973e-04 3.949579831932771568e-02 2.801120448179270973e-04 2.829131652661063395e-02 1.123249299719887573e-01 8.683473389355739203e-03 2.801120448179270973e-04 2.801120448179270973e-04 3.081232492997198341e-03 2.801120448179270973e-04
2.434210526315788714e-02 4.605263157894735546e-03 4.605263157894735546e-03 2.192982456140350376e-04 2.192982456140350376e-04 9.013157894736839593e-02 2.192982456140350376e-04 2.192982456140350376e-04 7.697368421052630527e-02 2.192982456140350376e-04 2.192982456140350376e-04 2.192982456140350376e-04 8.355263157894735060e-02 2.192982456140350376e-04 2.129385964912280105e-01 2.192982456140350376e-04 2.304824561403508165e-01 1.776315789473683834e-02 5.723684210526314847e-02 2.192982456140350376e-04 1.118421052631578608e-02 8.135964912280700678e-02 2.192982456140350376e-04 3.311403508771929016e-02 5.504385964912279772e-02 2.192982456140350376e-04 2.192982456140350376e-04 2.192982456140350376e-04 2.192982456140350376e-04 1.337719298245613683e-02
2.240223463687150973e-01 5.586592178770950334e-04 1.731843575418994322e-02 5.586592178770950334e-04 5.586592178770950334e-04 5.586592178770950334e-04 1.178770949720670536e-01 5.586592178770950334e-04 1.731843575418994322e-02 5.586592178770950334e-04 5.586592178770950334e-04 1.960893854748603504e-01 5.586592178770950334e-04 5.586592178770950334e-04 7.318435754189943354e-02 6.145251396648045150e-03 1.290502793296089412e-01 5.586592178770950334e-04 2.290502793296089051e-02 1.234636871508379974e-01 5.586592178770950334e-04 5.586592178770950334e-04 5.586592178770950334e-04 5.586592178770950334e-04 5.586592178770950334e-04 5.586592178770950334e-04 5.586592178770950334e-04 5.586592178770950334e-04 4.525139664804469358e-02 1.731843575418994322e-02
2.494382022471909252e-02 9.011235955056177971e-02 4.719101123595504342e-03 2.471910112359549955e-03 2.247191011235954603e-04 3.617977528089887096e-02 1.035955056179775069e-01 2.247191011235954603e-04 4.516853932584268677e-02 2.247191011235954603e-04 1.507865168539325451e-01 3.393258426966291180e-02 2.247191011235954603e-04 4.719101123595504342e-03 4.067415730337078233e-02 2.247191011235954603e-04 2.247191011235954603e-04 2.247191011235954603e-04 2.247191011235954603e-04 2.247191011235954603e-04 3.462921348314605963e-01 8.561797752808987527e-02 2.247191011235954603e-04 2.247191011235954603e-04 2.247191011235954603e-04 2.044943820224718461e-02 2.247191011235954603e-04 2.471910112359549955e-03 4.719101123595504342e-03 2.247191011235954603e-04
6.756756756756758216e-04 7.432432432432434580e-03 2.094594594594595058e-02 6.756756756756758216e-04 6.756756756756758216e-04 3.790540540540541237e-01 6.756756756756758216e-04 6.756756756756758216e-04 5.472972972972973971e-02 6.148648648648649684e-02 6.756756756756758216e-04 6.756756756756758216e-04 7.432432432432434580e-03 6.756756756756758216e-04 1.898648648648649240e-01 6.756756756756758216e-04 6.756756756756758216e-04 7.432432432432434580e-03 6.756756756756758216e-04 6.756756756756758216e-04 1.493243243243243534e-01 1.418918918918919171e-02 6.756756756756758216e-04 4.797297297297298257e-02 6.756756756756758216e-04 6.756756756756758216e-04 2.770270270270270424e-02 2.094594594594595058e-02 6.756756756756758216e-04 6.756756756756758216e-04
1.734411085450345835e-01 3.025404157043878883e-02 5.103926096997689343e-02 2.309468822170900114e-04 2.309468822170900114e-04 6.027713625866049779e-02 1.803695150115472712e-01 2.540415704387990505e-03 5.103926096997689343e-02 1.177829099307158879e-02 7.644341801385678981e-02 1.341801385681292980e-01 6.720554272517319239e-02 2.309468822170900114e-04 2.309468822170900114e-04 2.309468822170900114e-04 2.309468822170900114e-04 2.540415704387990505e-03 2.309468822170900114e-04 2.309468822170900114e-04 7.875288683602769957e-02 2.309468822170900114e-04 2.309468822170900114e-04 2.309468822170900114e-04 7.644341801385678981e-02 2.309468822170900114e-04 2.309468822170900114e-04 2.309468822170900114e-04 2.309468822170900114e-04 2.309468822170900114e-04
1.432055749128919309e-01 1.080139372822299174e-02 3.484320557491288111e-04 3.519163763066200656e-02 3.484320557491288111e-04 3.484320557491288111e-04 8.397212543554004316e-02 8.397212543554004316e-02 7.351916376306617817e-02 3.519163763066200656e-02 3.484320557491288111e-04 7.317073170731705142e-03 3.484320557491288111e-04 3.484320557491288111e-04 3.484320557491288111e-04 3.484320557491288111e-04 7.317073170731705142e-03 3.484320557491288111e-04 1.641114982578396608e-01 3.484320557491288111e-04 3.484320557491288111e-04 3.484320557491288111e-04 3.484320557491288111e-04 3.832752613240416814e-03 3.278745644599301845e-01 3.484320557491288111e-04 3.484320557491288111e-04 7.317073170731705142e-03 3.832752613240416814e-03 7.317073170731705142e-03
