4.608294930875577659e-04 5.069124423963135805e-03 4.608294930875577659e-04 4.608294930875577659e-04 4.608294930875577659e-04 4.608294930875577659e-04 1.202764976958525661e-01 4.608294930875577659e-04 4.608294930875577659e-04 5.576036866359448257e-02 4.608294930875577659e-04 3.732718894009217497e-02 4.608294930875577659e-04 4.608294930875577659e-04 3.000000000000000444e-01 4.608294930875577659e-04 9.677419354838711837e-03 4.608294930875577659e-04 4.608294930875577659e-04 1.428571428571429047e-02 4.608294930875577659e-04 2.032258064516129503e-01 4.608294930875577659e-04 4.608294930875577659e-04 4.608294930875577659e-04 4.608294930875577659e-04 4.608294930875577659e-04 4.608294930875577659e-04 2.216589861751152857e-01 2.350230414746544080e-02
1.825396825396825157e-02 2.732426303854875241e-02 1.133786848072562280e-04 1.133786848072562280e-04 2.165532879818593895e-02 1.031746031746031550e-02 7.947845804988661056e-02 1.133786848072562280e-04 1.133786848072562280e-04 6.587301587301586103e-02 1.031746031746031550e-02 9.081632653061222360e-02 1.133786848072562280e-04 5.680272108843537060e-02 1.133786848072562280e-04 1.133786848072562280e-04 3.514739229024942905e-03 1.133786848072562280e-04 1.133786848072562280e-04 1.133786848072562280e-04 1.133786848072562280e-04 1.157596371882086000e-01 1.145124716553287854e-02 1.133786848072562280e-04 1.133786848072562280e-04 1.712018140589569026e-02 1.133786848072562280e-04 3.697278911564625403e-01 9.988662131519272791e-02 1.133786848072562280e-04
2.207505518763796365e-04 3.774834437086092148e-02 2.207505518763796365e-04 2.207505518763796365e-04 1.128035320088299903e-01 9.293598233995582769e-02 2.207505518763796365e-04 2.207505518763796365e-04 2.207505518763796365e-04 1.567328918322295414e-02 2.428256070640176165e-03 1.415011037527593440e-01 2.207505518763796365e-04 1.591611479028696985e-01 2.207505518763796365e-04 2.207505518763796365e-04 2.207505518763796365e-04 9.050772626931564285e-03 6.644591611479026827e-02 2.496688741721853622e-01 2.207505518763796365e-04 2.207505518763796365e-04 2.229580573951434400e-02 2.207505518763796365e-04 2.207505518763796365e-04 2.207505518763796365e-04 2.207505518763796365e-04 4.635761589403972205e-03 8.189845474613684229e-02 2.207505518763796365e-04
2.173913043478260408e-04 2.173913043478260408e-04 2.173913043478260408e-04 1.108695652173912610e-02 2.173913043478260408e-04 2.741304347826086230e-01 4.804347826086955570e-02 2.173913043478260408e-04 2.413043478260868888e-02 5.456521739130433535e-02 2.173913043478260408e-04 2.173913043478260408e-04 2.173913043478260408e-04 2.173913043478260408e-04 2.847826086956520980e-02 4.565217391304347318e-03 1.543478260869564703e-02 6.739130434782606913e-03 7.413043478260868124e-02 2.173913043478260408e-04 1.958695652173912394e-01 2.173913043478260408e-04 1.263043478260869323e-01 2.173913043478260408e-04 2.173913043478260408e-04 1.284782608695651807e-01 2.173913043478260408e-04 2.173913043478260408e-04 4.565217391304347318e-03 2.173913043478260408e-04
1.117318435754189958e-04 1.117318435754189958e-04 1.117318435754189958e-04 2.581005586592179102e-02 3.463687150837988817e-03 1.117318435754189958e-04 9.620111731843575265e-02 1.117318435754189958e-04 1.117318435754189958e-04 9.396648044692736124e-02 7.385474860335194958e-02 2.068156424581005515e-01 1.117318435754189958e-04 6.379888268156425069e-02 3.463687150837988817e-03 4.581005586592178450e-03 3.463687150837988817e-03 1.117318435754189958e-04 6.603351955307262822e-02 7.932960893854748216e-03 3.921787709497207008e-02 1.117318435754189958e-04 1.117318435754189958e-04 2.346368715083799183e-03 1.117318435754189958e-04 1.833519553072625596e-01 1.229050279329609117e-03 2.804469273743016855e-02 9.508379888268156388e-02 1.117318435754189958e-04
1.736111111111110906e-04 6.614583333333332038e-02 1.736111111111110906e-04 1.736111111111110906e-04 1.736111111111110906e-04 1.736111111111110906e-04 1.736111111111110906e-04 1.736111111111110906e-04 4.878472222222221544e-02 1.736111111111110906e-04 1.736111111111110906e-04 1.772569444444443976e-01 3.645833333333332957e-03 1.581597222222221877e-01 1.232638888888888500e-02 1.736111111111110906e-04 1.736111111111110906e-04 5.381944444444443539e-03 1.251736111111110827e-01 1.303819444444443976e-01 1.736111111111110906e-04 8.854166666666664701e-03 2.100694444444443920e-02 1.736111111111110906e-04 1.736111111111110906e-04 6.788194444444443920e-02 1.078124999999999778e-01 1.736111111111110906e-04 6.440972222222221544e-02 1.736111111111110906e-04
4.084967320261438981e-05 5.273692810457517033e-02 8.210784313725492251e-03 4.084967320261438981e-05 4.084967320261438981e-05 2.005718954248366520e-02 1.433823529411764990e-02 4.493464052287583083e-04 3.190359477124183468e-02 4.084967320261438981e-05 4.084967320261438981e-05 1.405637254901961064e-01 2.005718954248366520e-02 2.488153594771242427e-01 5.191993464052288565e-02 7.802287581699348176e-03 2.083333333333333738e-03 1.760620915032680076e-02 4.089052287581700085e-02 3.558006535947712962e-02 4.084967320261438981e-05 4.084967320261438981e-05 3.476307189542483800e-02 2.455065359477124828e-02 2.250816993464052618e-02 2.247140522875817614e-01 4.084967320261438981e-05 4.084967320261438981e-05 4.084967320261438981e-05 4.084967320261438981e-05
1.531393568147013736e-04 2.312404287901990291e-02 1.531393568147013736e-04 1.531393568147013736e-04 1.531393568147013736e-04 2.924961715160796089e-02 5.528330781010719341e-02 4.747320061255741984e-03 1.546707503828483564e-02 2.006125574272587739e-02 1.531393568147013736e-04 1.165390505359877177e-01 1.531393568147013736e-04 1.104134762633996597e-01 2.771822358346094639e-02 1.531393568147013736e-04 7.366003062787135347e-02 3.996937212863705541e-02 1.531393568147013736e-04 1.531393568147013736e-04 2.006125574272587739e-02 1.531393568147013736e-04 1.531393568147013736e-04 1.531393568147013736e-04 3.462480857580397253e-01 1.531393568147013736e-04 1.531393568147013736e-04 1.531393568147013736e-04 6.294027565084225895e-02 5.222052067381316443e-02
4.587155963302753632e-04 4.587155963302753632e-04 1.422018348623853637e-02 4.587155963302753632e-04 8.761467889908260143e-02 4.587155963302753632e-04 3.169724770642202150e-01 4.587155963302753632e-04 4.587155963302753632e-04 1.422018348623853637e-02 5.045871559633029538e-03 4.587155963302753632e-04 4.587155963302753632e-04 4.587155963302753632e-04 4.633027522935780768e-02 4.587155963302753632e-04 4.587155963302753632e-04 4.587155963302753632e-04 4.587155963302753632e-04 4.587155963302753632e-04 4.587155963302753632e-04 1.701834862385321612e-01 4.587155963302753632e-04 4.587155963302753632e-04 4.587155963302753632e-04 1.564220183486239035e-01 4.587155963302753632e-04 4.587155963302753632e-04 6.009174311926607226e-02 1.197247706422018693e-01
2.003642987249544191e-03 1.821493624772313024e-04 1.821493624772313024e-04 1.821493624772313024e-04 1.821493624772313024e-04 1.604735883424407705e-01 1.821493624772313024e-04 1.821493624772313024e-04 1.821493624772313024e-04 1.821493624772313024e-04 1.821493624772313024e-04 1.641165755919853919e-01 1.821493624772313024e-04 2.151183970856101468e-01 6.211293260473587513e-02 2.003642987249544191e-03 5.846994535519124681e-02 7.668488160291438149e-02 2.386156648451729853e-02 1.932604735883423908e-01 1.821493624772313024e-04 2.003642987249544191e-03 1.821493624772313024e-04 1.821493624772313024e-04 1.475409836065573466e-02 1.821493624772313024e-04 7.468123861566482342e-03 1.821493624772313024e-04 1.821493624772313024e-04 1.475409836065573466e-02
1.814946619217081697e-02 3.558718861209964664e-04 2.170818505338078033e-02 2.494661921708184738e-01 3.558718861209964664e-04 1.459074733096085361e-02 3.238434163701067736e-02 3.558718861209964664e-04 2.170818505338078033e-02 2.209964412811387946e-01 3.558718861209964664e-04 3.558718861209964664e-04 1.459074733096085361e-02 3.558718861209964664e-04 7.153024911032028477e-02 3.914590747330960914e-03 3.558718861209964664e-04 3.558718861209964664e-04 1.103202846975089024e-02 6.441281138790036498e-02 3.558718861209964664e-04 3.558718861209964664e-04 3.914590747330960914e-03 3.558718861209964664e-04 3.558718861209964664e-04 3.558718861209964664e-04 3.558718861209964664e-04 3.558718861209964664e-04 2.459074733096085208e-01 3.558718861209964664e-04
1.483679525222551603e-04 2.388724035608308024e-02 1.483679525222551603e-04 1.483679525222551603e-04 3.115727002967358123e-03 2.642433234421364130e-01 5.801186943620176284e-02 1.483679525222551603e-04 3.427299703264093805e-02 5.652818991097920825e-02 1.483679525222551603e-04 4.762611275964390156e-02 1.483679525222551603e-04 1.410979228486646253e-01 4.169139465875369710e-02 1.483679525222551603e-04 1.201780415430266612e-02 2.388724035608308024e-02 3.115727002967358123e-03 2.775964391691393418e-01 1.483679525222551603e-04 1.483679525222551603e-04 1.483679525222551603e-04 1.483679525222551603e-04 1.483679525222551603e-04 1.483679525222551603e-04 1.483679525222551603e-04 1.632047477744806791e-03 9.050445103857563886e-03 1.483679525222551603e-04
1.050000000000000412e-02 5.000000000000001188e-04 5.500000000000002283e-03 5.000000000000001188e-04 5.000000000000001188e-04 5.500000000000002283e-03 1.905000000000000582e-01 5.000000000000001188e-04 5.000000000000001188e-04 3.050000000000000627e-02 5.000000000000001188e-04 5.000000000000001188e-04 5.000000000000001188e-04 5.000000000000001188e-04 3.505000000000000893e-01 5.000000000000001188e-04 5.000000000000001188e-04 5.000000000000001188e-04 1.305000000000000326e-01 6.050000000000001210e-02 5.000000000000001188e-04 5.000000000000001188e-04 7.550000000000002542e-02 5.000000000000001188e-04 5.000000000000001188e-04 1.205000000000000376e-01 5.000000000000001188e-04 5.000000000000001188e-04 5.000000000000001188e-04 1.050000000000000412e-02
3.945172824791417371e-02 6.078665077473180238e-03 1.799761620977353635e-02 1.918951132300357118e-02 1.084624553039332216e-02 1.514898688915375102e-01 2.502979737783074445e-03 1.191895113230035508e-04 4.886769964243144540e-03 5.733015494636470311e-02 1.191895113230035508e-04 2.753277711561382193e-02 3.694874851013110143e-03 2.206197854588795582e-01 4.779499404052442446e-02 1.191895113230035508e-04 1.191895113230035508e-04 4.886769964243144540e-03 1.799761620977353635e-02 5.852205005959474488e-02 1.191895113230035508e-04 3.694874851013110143e-03 1.383790226460070993e-01 1.799761620977353635e-02 4.886769964243144540e-03 5.137067938021452895e-02 1.191895113230035508e-04 1.191895113230035508e-04 7.270560190703215936e-03 8.474374255065551809e-02
3.731343283582090674e-04 3.731343283582090674e-04 7.835820895522390903e-03 3.731343283582090674e-04 3.731343283582090674e-04 3.735074626865672043e-01 3.022388059701493213e-02 4.104477611940300120e-03 3.731343283582090674e-04 3.731343283582090674e-04 3.731343283582090674e-04 3.731343283582090674e-04 3.731343283582090674e-04 3.731343283582090674e-04 4.141791044776119840e-02 3.731343283582090674e-04 3.395522388059701857e-02 3.731343283582090674e-04 3.731343283582090674e-04 3.731343283582090674e-04 1.902985074626865891e-02 3.731343283582090674e-04 9.738805970149255753e-02 8.992537313432838464e-02 1.902985074626865891e-02 1.794776119402985426e-01 4.104477611940300120e-03 3.731343283582090674e-04 3.731343283582090674e-04 9.365671641791047108e-02
2.564102564102563558e-04 1.564102564102563472e-02 1.307692307692307279e-02 2.589743589743588939e-02 3.102564102564101672e-02 5.384615384615383527e-03 8.487179487179484505e-02 2.564102564102563558e-04 2.564102564102563558e-04 2.564102564102563558e-04 7.205128205128202845e-02 5.384615384615383527e-03 2.564102564102563558e-04 2.564102564102563558e-04 2.564102564102563558e-04 2.899999999999999245e-01 1.307692307692307279e-02 2.564102564102563558e-04 3.615384615384614059e-02 2.564102564102563558e-04 2.564102564102563558e-04 2.564102564102563558e-04 4.641025641025640219e-02 1.820512820512820013e-02 1.258974358974358776e-01 8.999999999999998279e-02 2.564102564102563558e-04 5.923076923076921879e-02 4.128205128205127139e-02 2.333333333333332399e-02
2.136752136752136479e-04 1.089743589743589341e-02 2.136752136752136479e-04 2.136752136752136479e-04 4.722222222222221405e-02 2.288461538461537825e-01 6.623931623931622083e-03 2.136752136752136479e-04 2.136752136752136479e-04 4.081196581196580575e-02 2.136752136752136479e-04 3.012820512820512178e-02 2.136752136752136479e-04 2.350427350427349883e-03 3.653846153846153355e-02 2.136752136752136479e-04 2.136752136752136479e-04 2.136752136752136479e-04 6.217948717948716675e-02 4.294871794871794185e-02 7.927350427350425555e-02 2.136752136752136479e-04 1.711538461538461009e-01 2.136752136752136479e-04 2.350427350427349883e-03 2.032051282051281493e-01 2.136752136752136479e-04 8.760683760683757315e-03 2.136752136752136479e-04 2.371794871794871001e-02
1.596491228070174781e-02 1.754385964912280030e-04 1.754385964912280030e-04 1.754385964912280030e-04 1.754385964912280030e-04 1.947368421052630624e-02 4.929824561403507027e-02 1.754385964912280030e-04 1.754385964912280030e-04 9.666666666666663688e-02 1.754385964912280030e-04 6.684210526315786938e-02 1.754385964912280030e-04 1.947368421052630624e-02 4.422807017543857744e-01 1.754385964912280030e-04 1.754385964912280030e-04 7.035087719298242781e-02 1.754385964912280030e-04 1.754385964912280030e-04 5.982456140350875251e-02 1.754385964912280030e-04 3.175438596491227117e-02 3.684210526315788090e-03 9.491228070175435072e-02 1.596491228070174781e-02 1.754385964912280030e-04 1.754385964912280030e-04 1.070175438596490669e-02 1.754385964912280030e-04
2.096436058700209268e-04 2.096436058700209268e-04 4.213836477987420448e-02 4.633123689727462746e-02 2.096436058700209268e-04 3.375262054507337239e-02 1.698113207547169434e-02 2.096436058700209268e-04 3.375262054507337239e-02 3.165618448637315396e-02 2.096436058700209268e-04 2.096436058700209268e-04 2.096436058700209268e-04 6.498951781970648163e-03 3.524109014675051443e-01 8.595387840670857052e-03 5.262054507337525500e-02 2.096436058700209268e-04 6.498951781970648163e-03 2.096436058700209268e-04 2.306079664570230385e-03 2.096436058700209268e-04 2.306079664570230385e-03 2.096436058700209268e-04 2.096436058700209268e-04 2.536687631027252990e-02 3.165618448637315396e-02 2.096436058700209268e-04 2.853249475890984321e-01 1.907756813417190236e-02
4.564125969876769783e-05 1.789593792788681526e-01 4.564125969876769783e-05 3.336376083979918084e-02 4.564125969876769783e-05 2.971246006389776859e-02 3.610223642172524783e-02 1.414879050661798504e-03 3.747147421268827439e-02 4.564125969876769783e-05 4.564125969876769783e-05 6.394340483797353314e-02 1.921497033318119926e-02 2.291647649475126169e-01 2.784116841624829398e-03 9.584664536741216477e-04 1.373801916932907742e-02 1.328160657234139959e-02 1.155180282975810380e-01 6.850753080785031146e-02 1.871291647649475252e-03 2.104062072113190712e-02 4.203560018256504577e-02 4.564125969876769783e-05 6.435417617526245117e-03 3.564582382473757000e-02 1.373801916932907742e-02 4.564125969876769783e-05 4.564125969876769783e-05 3.473299863076221433e-02
2.008032128514055498e-04 2.008032128514055498e-04 2.008032128514055498e-04 2.008032128514055498e-04 2.008032128514055498e-04 2.008032128514055498e-04 1.026104417670682251e-01 2.008032128514055498e-04 2.008032128514055498e-04 2.008032128514055498e-04 1.626506024096384742e-02 4.216867469879516384e-03 2.208835341365461211e-03 1.026104417670682251e-01 4.299196787148592547e-01 2.008032128514055498e-04 7.851405622489956992e-02 3.835341365461845953e-02 4.437751004016062678e-02 2.429718875502006811e-02 2.008032128514055498e-04 2.008032128514055498e-04 5.843373493975901473e-02 2.008032128514055498e-04 4.036144578313251297e-02 2.008032128514055498e-04 5.240963855421684747e-02 2.008032128514055498e-04 2.208835341365461211e-03 2.008032128514055498e-04
6.351351351351351704e-02 2.747747747747747785e-02 4.504504504504505116e-04 4.504504504504505116e-04 4.954954954954956386e-03 4.504504504504505116e-04 4.504504504504505116e-04 4.504504504504505116e-04 4.504504504504505116e-04 4.504504504504505116e-04 4.504504504504505116e-04 1.310810810810811022e-01 4.504504504504505116e-04 1.445945945945946165e-01 2.346846846846847301e-01 4.504504504504505116e-04 4.504504504504505116e-04 2.076576576576577016e-01 4.504504504504505116e-04 2.297297297297297425e-02 3.198198198198198144e-02 4.504504504504505116e-04 4.504504504504505116e-04 4.504504504504505116e-04 6.801801801801803105e-02 4.549549549549550265e-02 4.504504504504505116e-04 9.459459459459461719e-03 4.504504504504505116e-04 4.504504504504505116e-04
1.175953079178885252e-01 3.225806451612902356e-03 2.932551319648093297e-04 6.187683284457476396e-02 2.932551319648093297e-04 3.225806451612902356e-03 2.932551319648093297e-04 2.932551319648093297e-04 2.932551319648093297e-04 3.255131964809383077e-02 2.932551319648093297e-04 2.026392961876831988e-01 2.932551319648093297e-04 3.225806451612902356e-03 2.876832844574778725e-01 1.788856304985336418e-02 2.932551319648093297e-04 9.090909090909088733e-03 3.255131964809383077e-02 2.932551319648093297e-04 3.548387096774192201e-02 6.158357771260994894e-03 7.067448680351903767e-02 3.225806451612902356e-03 8.240469208211141650e-02 9.090909090909088733e-03 2.932551319648093297e-04 2.932551319648093297e-04 1.788856304985336418e-02 2.932551319648093297e-04
2.915451895043731190e-04 3.236151603498541030e-02 2.915451895043731190e-04 1.081632653061224136e-01 2.944606413994168073e-02 2.915451895043731190e-04 2.915451895043731190e-04 2.915451895043731190e-04 2.915451895043731190e-04 1.548104956268221144e-01 2.915451895043731190e-04 6.734693877551019281e-02 2.915451895043731190e-04 2.915451895043731190e-04 6.122448979591834685e-03 2.915451895043731190e-04 2.653061224489794770e-02 2.915451895043731190e-04 9.067055393586002932e-02 2.915451895043731190e-04 2.653061224489794770e-02 1.868804664723031361e-01 1.752186588921282318e-01 2.915451895043731190e-04 2.915451895043731190e-04 4.693877551020406852e-02 3.206997084548104254e-03 2.915451895043731190e-04 2.069970845481048857e-02 2.069970845481048857e-02
4.280155642023344975e-03 3.891050583657586193e-04 3.891050583657586193e-04 3.891050583657586193e-04 3.891050583657586193e-04 5.875486381322954366e-02 3.891050583657586193e-04 3.891050583657586193e-04 3.891050583657586193e-04 3.891050583657586193e-04 3.891050583657586193e-04 3.891050583657586193e-04 3.891050583657586193e-04 3.194552529182878020e-01 1.832684824902723053e-01 1.595330739299610084e-02 3.891050583657586193e-04 4.708171206225678779e-02 3.891050583657586193e-04 2.455252918287936792e-01 3.891050583657586193e-04 3.891050583657586193e-04 3.891050583657586193e-04 3.891050583657586193e-04 1.171206225680933438e-01 3.891050583657586193e-04 3.891050583657586193e-04 3.891050583657586193e-04 3.891050583657586193e-04 3.891050583657586193e-04
9.523809523809527054e-04 9.523809523809527054e-04 9.523809523809527054e-04 9.523809523809527054e-04 9.523809523809527054e-04 9.523809523809527054e-04 1.247619047619047961e-01 9.523809523809527054e-04 9.523809523809527054e-04 9.523809523809527054e-04 9.523809523809527054e-04 9.523809523809527054e-04 9.523809523809527054e-04 9.523809523809527054e-04 9.523809523809527054e-04 9.523809523809527054e-04 9.523809523809527054e-04 6.104761904761906166e-01 9.523809523809527054e-04 9.523809523809527054e-04 9.523809523809527054e-04 9.523809523809527054e-04 9.523809523809527054e-04 9.523809523809527054e-04 9.523809523809527054e-04 2.009523809523810212e-01 9.523809523809527054e-04 9.523809523809527054e-04 9.523809523809527054e-04 3.904761904761905322e-02
1.555209953343701288e-04 1.555209953343701288e-04 1.555209953343701288e-04 5.147744945567651192e-02 2.192846034214618670e-02 1.104199066874027822e-02 3.265940902021772542e-03 1.555209953343701288e-04 1.555209953343701288e-04 5.458786936236391385e-02 1.555209953343701288e-04 1.710730948678071362e-03 1.555209953343701288e-04 1.555209953343701288e-04 1.555209953343701288e-04 1.555209953343701288e-04 1.555209953343701288e-04 1.555209953343701288e-04 4.821150855365473505e-03 3.592534992223949536e-02 5.458786936236391385e-02 3.592534992223949536e-02 2.318818040435458305e-01 1.881804043545878477e-02 1.555209953343701288e-04 2.256609642301710128e-01 4.059097978227060172e-02 1.555209953343701288e-04 1.555209953343701288e-04 2.054432348367029038e-01
1.964601769911503842e-02 1.769911504424778520e-04 1.769911504424778520e-04 7.097345132743361484e-02 1.769911504424778520e-04 1.769911504424778520e-04 6.389380530973449990e-02 1.769911504424778520e-04 1.769911504424778520e-04 6.389380530973449990e-02 1.769911504424778520e-04 4.973451327433627694e-02 1.769911504424778520e-04 3.716814159292035000e-03 1.769911504424778520e-04 1.769911504424778520e-04 5.486725663716812869e-03 1.769911504424778520e-04 2.141592920353981716e-02 1.769911504424778520e-04 1.787610619469025969e-02 1.630088495575220675e-01 9.752212389380529589e-02 1.769911504424778520e-04 1.769911504424778520e-04 1.771681415929202974e-01 1.769911504424778520e-04 1.769911504424778520e-04 1.769911504424778520e-04 2.426548672566370968e-01
7.730673316708227757e-03 2.493765586034912005e-04 2.493765586034912005e-04 2.493765586034912005e-04 2.493765586034912005e-04 1.573566084788029507e-01 7.755610972568577344e-02 2.493765586034912005e-04 5.236907730673315102e-03 2.493765586034912005e-04 1.271820448877804960e-02 4.513715710723190805e-02 2.493765586034912005e-04 1.374064837905236425e-01 2.493765586034912005e-04 2.493765586034912005e-04 2.493765586034912005e-04 2.493765586034912005e-04 1.249376558603490922e-01 3.144638403990023812e-01 2.743142144638403314e-03 2.493765586034912005e-04 2.493765586034912005e-04 9.750623441396506774e-02 2.493765586034912005e-04 2.493765586034912005e-04 2.493765586034912005e-04 1.022443890274313781e-02 2.743142144638403314e-03 2.493765586034912005e-04
2.156914893617020434e-01 2.925531914893616473e-03 2.659574468085105885e-04 1.465425531914893165e-01 2.686170212765956467e-02 2.659574468085105885e-04 5.079787234042552196e-02 2.420212765957446138e-02 2.659574468085105885e-04 1.545212765957446333e-01 2.659574468085105885e-04 2.686170212765956467e-02 2.659574468085105885e-04 2.659574468085105885e-04 1.090425531914893109e-02 2.659574468085105885e-04 2.659574468085105885e-04 5.585106382978721924e-03 2.659574468085105885e-04 8.244680851063827809e-03 2.925531914893616473e-03 2.659574468085105885e-04 1.518617021276595369e-01 2.659574468085105885e-04 2.659574468085105885e-04 1.356382978723403784e-02 2.925531914893616473e-03 2.659574468085105885e-04 5.585106382978721924e-03 1.465425531914893165e-01
3.328050713153723941e-03 1.584786053882725621e-04 1.584786053882725621e-04 1.584786053882725621e-04 6.497622820919174425e-03 2.473851030110934546e-01 3.328050713153723941e-03 1.743264659270998265e-03 4.611727416798731827e-02 1.047543581616481451e-01 4.912836767036449399e-03 3.343898573692551113e-02 1.584786053882725621e-04 4.294770206022186648e-02 1.584786053882725621e-04 1.743264659270998265e-03 8.082408874801900317e-03 1.743264659270998265e-03 3.155309033280506714e-01 1.283676703645007626e-02 1.584786053882725621e-04 1.283676703645007626e-02 1.584786053882725621e-04 1.584786053882725621e-04 1.584786053882725621e-04 7.939778129952455854e-02 1.743264659270998265e-03 1.584786053882725621e-04 6.988906497622819625e-02 1.584786053882725621e-04
2.754820936639117666e-04 5.785123966942147533e-03 6.639118457300273446e-02 6.639118457300273446e-02 1.129476584022038113e-02 2.754820936639117666e-04 3.060606060606059220e-01 2.754820936639117666e-04 9.118457300275480126e-02 1.680440771349861473e-02 2.754820936639117666e-04 2.506887052341597033e-02 2.754820936639117666e-04 3.608815426997243753e-02 1.404958677685949793e-02 2.754820936639117666e-04 8.567493112947656420e-02 1.129476584022038113e-02 2.506887052341597033e-02 2.754820936639117666e-04 2.782369146005508539e-02 2.506887052341597033e-02 2.754820936639117666e-04 2.754820936639117666e-04 8.539944903581264332e-03 2.754820936639117666e-04 5.537190082644626726e-02 2.754820936639117666e-04 1.187327823691459727e-01 2.754820936639117666e-04
1.249999999999999896e-02 3.048780487804878046e-04 3.048780487804878046e-04 3.048780487804878046e-04 6.128048780487805464e-02 3.048780487804878046e-04 3.048780487804878046e-04 3.048780487804878046e-04 3.048780487804878046e-04 9.481707317073170826e-02 3.048780487804878046e-04 3.048780487804878046e-04 3.048780487804878046e-04 9.451219512195121672e-03 6.402439024390244385e-03 3.353658536585366230e-03 3.048780487804878046e-04 3.048780487804878046e-04 3.048780487804878046e-04 3.048780487804878046e-04 3.048780487804878046e-04 6.402439024390244385e-03 3.079268292682926789e-02 4.606707317073170382e-01 3.048780487804878046e-04 3.048780487804878046e-04 6.402439024390244385e-03 1.893292682926829285e-01 3.048780487804878046e-04 1.131097560975609789e-01
1.712328767123287414e-04 1.712328767123287414e-04 4.469178082191780504e-02 1.268835616438355740e-01 1.729452054794520036e-02 2.585616438356163824e-02 8.921232876712327509e-02 1.712328767123287414e-04 1.712328767123287414e-04 1.712328767123287414e-04 1.712328767123287414e-04 1.883561643835616290e-03 1.712328767123287414e-04 1.712328767123287414e-04 1.712328767123287414e-04 1.712328767123287414e-04 1.558219178082191451e-02 1.712328767123287414e-04 4.640410958904109262e-02 1.712328767123287414e-04 7.020547945205477501e-03 5.154109589041094841e-02 2.124999999999999389e-01 1.712328767123287414e-04 1.712328767123287414e-04 1.731164383561643316e-01 1.712328767123287414e-04 1.044520547945205179e-02 1.712328767123287414e-04 1.748287671232876261e-01
2.242152466367712484e-04 5.179372197309416170e-02 2.242152466367712484e-04 6.524663677130043693e-02 2.242152466367712484e-04 2.242152466367712484e-04 1.591928251121075763e-02 2.242152466367712484e-04 4.730941704035873663e-02 1.100896860986546877e-01 2.242152466367712484e-04 1.325112107623317992e-01 2.242152466367712484e-04 2.242152466367712484e-04 2.242152466367712484e-04 2.242152466367712484e-04 2.466367713004483705e-03 2.040358744394618271e-02 1.975336322869954420e-01 2.242152466367712484e-04 2.242152466367712484e-04 1.257847533632286685e-01 2.242152466367712484e-04 2.242152466367712484e-04 2.242152466367712484e-04 6.300448430493271745e-02 2.242152466367712484e-04 2.466367713004483705e-03 3.161434977578474192e-02 1.302690582959641075e-01
1.565756823821339572e-01 2.481389578163771168e-04 7.692307692307690133e-03 4.243176178660048453e-02 2.506203473945408516e-02 2.481389578163771168e-04 5.210918114143919290e-03 2.481389578163771168e-04 3.498759305210916853e-02 1.491315136476426551e-01 2.481389578163771168e-04 2.481389578163771168e-04 2.481389578163771168e-04 2.729528535980148447e-03 2.481389578163771168e-04 2.481389578163771168e-04 2.481389578163771168e-04 2.481389578163771168e-04 1.392059553349875578e-01 2.481389578163771168e-04 2.481389578163771168e-04 2.481389578163771168e-04 2.186104218362282248e-01 2.258064516129031432e-02 2.481389578163771168e-04 3.002481389578162685e-02 2.481389578163771168e-04 2.729528535980148447e-03 6.228287841191065821e-02 9.702233250620345695e-02
1.976284584980236858e-04 1.976284584980236858e-04 3.181818181818181490e-02 9.110671936758892031e-02 2.173913043478260462e-03 1.976284584980236858e-04 5.158102766798418337e-02 1.976284584980236858e-04 4.150197628458497483e-03 6.541501976284583297e-02 1.976284584980236858e-04 1.976284584980236858e-04 1.976284584980236858e-04 1.976284584980236858e-04 4.150197628458497483e-03 1.976284584980236858e-04 1.976284584980236858e-04 1.976284584980236858e-04 8.320158102766796182e-02 1.976284584980236858e-04 1.976284584980236858e-04 8.122529644268773608e-02 1.247035573122529384e-01 1.007905138339920681e-02 1.976284584980236858e-04 2.847826086956520841e-01 1.976284584980236858e-04 2.173913043478260462e-03 1.976284584980236858e-04 1.602766798418971961e-01
2.915451895043731190e-04 2.915451895043731190e-04 2.915451895043731190e-04 2.915451895043731190e-04 2.915451895043731190e-04 2.653061224489794770e-02 2.915451895043731190e-04 2.915451895043731190e-04 2.915451895043731190e-04 2.915451895043731190e-04 2.915451895043731190e-04 1.489795918367346483e-01 3.206997084548104254e-03 1.752186588921282318e-01 2.069970845481048857e-02 2.915451895043731190e-04 2.915451895043731190e-04 2.072886297376092535e-01 2.915451895043731190e-04 1.606413994169095805e-01 2.915451895043731190e-04 2.915451895043731190e-04 2.915451895043731190e-04 6.122448979591834685e-03 2.915451895043731190e-04 1.198250728862973458e-01 5.568513119533526068e-02 2.915451895043731190e-04 2.915451895043731190e-04 7.026239067055391196e-02
4.440677966101694990e-02 3.389830508474576498e-04 3.389830508474576498e-04 7.491525423728813415e-02 9.186440677966102586e-02 3.762711864406779322e-02 3.389830508474576498e-04 3.389830508474576498e-04 1.155932203389830604e-01 5.118644067796609964e-02 3.389830508474576498e-04 3.389830508474576498e-04 3.389830508474576498e-04 7.118644067796610700e-03 3.389830508474576498e-04 3.389830508474576498e-04 1.728813559322033705e-02 3.389830508474576498e-04 6.474576271186441301e-02 3.389830508474576498e-04 3.389830508474576498e-04 7.118644067796610700e-03 1.155932203389830604e-01 3.389830508474576498e-04 3.389830508474576498e-04 1.393220338983050810e-01 3.389830508474576498e-04 3.389830508474576498e-04 7.152542372881356969e-02 1.562711864406779727e-01
2.312039312039311234e-01 5.159705159705158493e-03 5.184275184275183301e-02 3.464373464373463052e-02 2.727272727272726446e-02 2.702702702702701985e-03 2.457002457002456400e-04 2.457002457002456400e-04 4.447174447174446349e-02 1.525798525798525429e-01 2.457002457002456400e-04 2.457002457002456400e-04 2.457002457002456400e-04 4.938574938574937651e-02 2.457002457002456400e-04 2.457002457002456400e-04 2.457002457002456400e-04 2.457002457002456400e-04 2.457002457002456400e-04 2.457002457002456400e-04 2.457002457002456400e-04 2.481572481572480796e-02 9.361179361179358671e-02 2.457002457002456400e-04 2.457002457002456400e-04 2.457002457002456400e-04 1.007371007371007064e-02 2.457002457002456400e-04 1.157248157248157022e-01 1.525798525798525429e-01
3.780068728522335483e-03 3.436426116838486606e-04 3.436426116838486606e-04 3.436426116838486606e-04 5.570446735395186977e-01 3.436426116838486606e-04 2.439862542955325425e-02 3.436426116838486606e-04 3.436426116838486606e-04 1.549828178694157566e-01 3.436426116838486606e-04 3.780068728522335483e-03 3.436426116838486606e-04 1.752577319587628191e-02 3.436426116838486606e-04 3.436426116838486606e-04 3.436426116838486606e-04 1.065292096219930956e-02 3.436426116838486606e-04 3.436426116838486606e-04 7.216494845360822523e-03 1.171821305841923982e-01 3.436426116838486606e-04 8.625429553264601923e-02 3.436426116838486606e-04 3.436426116838486606e-04 3.436426116838486606e-04 7.216494845360822523e-03 3.780068728522335483e-03 3.436426116838486606e-04
3.494809688581314994e-02 3.460207612456747835e-04 4.878892733564013651e-02 2.183391003460207758e-01 1.072664359861591650e-02 3.494809688581314994e-02 3.460207612456747835e-04 3.460207612456747835e-04 4.186851211072663975e-02 7.993079584775086843e-02 1.072664359861591650e-02 9.377162629757786194e-02 3.460207612456747835e-04 3.460207612456747835e-04 3.460207612456747835e-04 3.460207612456747835e-04 3.460207612456747835e-04 3.460207612456747835e-04 3.460207612456747835e-04 3.460207612456747835e-04 3.460207612456747835e-04 3.460207612456747835e-04 1.733564013840830365e-01 7.647058823529412352e-02 3.460207612456747835e-04 3.460207612456747835e-04 3.460207612456747835e-04 7.266435986159169858e-03 8.685121107266435825e-02 7.647058823529412352e-02
6.284722222222223487e-02 1.218750000000000250e-01 3.819444444444445620e-03 3.854166666666667546e-02 3.819444444444445620e-03 3.472222222222222897e-04 3.472222222222222897e-04 3.472222222222222897e-04 1.288194444444444864e-01 3.472222222222222897e-04 1.770833333333333634e-02 3.472222222222222897e-04 3.854166666666667546e-02 1.392361111111111438e-01 3.472222222222222897e-04 3.472222222222222897e-04 1.076388888888889055e-02 3.854166666666667546e-02 4.201388888888889922e-02 7.291666666666668517e-03 1.076388888888889055e-02 3.472222222222222897e-04 3.506944444444445169e-02 3.472222222222222897e-04 3.472222222222222897e-04 3.472222222222222897e-04 3.472222222222222897e-04 3.472222222222222897e-04 7.326388888888890616e-02 2.225694444444444586e-01
1.097014925373133998e-01 8.731343283582088111e-02 2.487562189054725670e-04 2.487562189054725670e-04 1.246268656716417594e-01 2.487562189054725670e-04 2.487562189054725670e-04 2.487562189054725670e-04 8.731343283582088111e-02 5.248756218905471782e-02 2.487562189054725670e-04 8.980099502487559615e-02 2.487562189054725670e-04 1.268656716417910016e-02 2.263681592039800197e-02 2.487562189054725670e-04 2.487562189054725670e-04 5.223880597014923799e-03 2.761194029850745288e-02 2.487562189054725670e-04 2.736318407960198346e-03 5.223880597014923799e-03 5.995024875621889071e-02 4.253731343283580907e-02 2.487562189054725670e-04 2.736318407960198346e-03 7.711442786069650120e-03 1.268656716417910016e-02 1.843283582089551564e-01 5.995024875621889071e-02
2.118644067796609566e-04 2.118644067796609566e-04 4.449152542372879736e-03 4.682203389830506823e-02 4.449152542372879736e-03 2.417372881355931147e-01 2.118644067796609566e-04 2.118644067796609566e-04 2.118644067796609566e-04 6.567796610169489464e-03 1.927966101694914350e-02 2.118644067796609566e-04 2.118644067796609566e-04 6.567796610169489464e-03 6.588983050847455059e-02 2.118644067796609566e-04 2.118644067796609566e-04 2.118644067796609566e-04 2.118644067796609566e-04 2.351694915254236296e-02 3.411016949152541333e-02 6.165254237288133460e-02 2.459745762711863515e-01 8.686440677966098325e-03 2.330508474576270441e-03 1.040254237288135292e-01 1.080508474576270805e-02 2.118644067796609566e-04 2.118644067796609566e-04 1.103813559322033566e-01
2.493765586034912005e-04 2.493765586034912005e-04 2.493765586034912005e-04 4.014962593516208794e-02 5.261845386533664515e-02 2.770573566084786887e-01 2.493765586034912005e-04 2.493765586034912005e-04 2.493765586034912005e-04 7.256857855361593945e-02 2.493765586034912005e-04 2.493765586034912005e-04 2.493765586034912005e-04 5.236907730673315102e-03 2.493765586034912005e-04 2.493765586034912005e-04 2.493765586034912005e-04 2.493765586034912005e-04 2.493765586034912005e-04 4.763092269326682504e-02 4.513715710723190805e-02 2.493765586034912005e-04 2.795511221945136127e-01 2.493765586034912005e-04 2.493765586034912005e-04 1.024937655860348878e-01 2.493765586034912005e-04 2.493765586034912005e-04 7.256857855361593945e-02 2.493765586034912005e-04
1.254403131115459369e-01 1.956947162426614264e-04 1.956947162426614264e-04 1.352250489236790087e-01 2.759295499021525641e-02 3.737769080234833174e-02 1.956947162426614264e-04 1.956947162426614264e-04 1.193737769080234490e-02 1.117416829745596640e-01 1.956947162426614264e-04 1.956947162426614264e-04 1.389432485322895927e-02 6.086105675146769728e-02 1.956947162426614264e-04 1.956947162426614264e-04 1.956947162426614264e-04 1.956947162426614264e-04 1.956947162426614264e-04 1.956947162426614264e-04 1.956947162426614264e-04 1.956947162426614264e-04 1.880626223091975968e-01 1.410958904109588519e-01 1.956947162426614264e-04 1.956947162426614264e-04 1.956947162426614264e-04 1.976516634050880239e-02 4.716242661448140361e-02 7.651663405088060532e-02
2.570694087403598243e-04 1.825192802056554639e-02 2.570694087403598243e-04 8.766066838046270016e-02 2.570694087403598243e-04 1.311053984575834969e-02 2.570694087403598243e-04 2.570694087403598243e-04 4.910025706940873008e-02 1.056555269922878904e-01 2.570694087403598243e-04 2.570694087403598243e-04 2.570694087403598243e-04 5.398457583547556365e-03 2.570694087403598243e-04 2.570694087403598243e-04 5.167095115681232670e-02 2.827763496143958447e-03 1.416452442159382707e-01 2.570694087403598243e-04 2.570694087403598243e-04 2.570694087403598243e-04 7.737789203084831369e-02 2.570694087403598243e-04 2.570694087403598243e-04 1.416452442159382707e-01 2.570694087403598243e-04 2.570694087403598243e-04 2.570694087403598243e-04 3.010282776349613165e-01
5.398406374501991262e-02 1.992031872509959691e-04 1.992031872509959691e-04 3.007968127490039112e-02 1.992031872509959691e-04 1.555776892430278391e-01 7.390438247011950346e-02 1.992031872509959691e-04 1.992031872509959691e-04 8.984063745019918446e-02 1.992031872509959691e-04 8.167330677290834950e-03 2.191235059760955877e-03 2.011952191235059223e-02 4.183266932270915568e-03 1.992031872509959691e-04 2.609561752988047087e-02 1.992031872509959691e-04 1.992031872509959691e-04 1.037848605577689071e-01 1.992031872509959691e-04 1.992031872509959691e-04 1.595617529880477559e-01 1.992031872509959691e-04 1.992031872509959691e-04 1.992031872509959691e-04 1.992031872509959691e-04 1.992031872509959691e-04 1.992031872509959691e-04 2.691235059760955228e-01
1.872659176029962350e-04 2.078651685393257884e-02 1.872659176029962350e-04 2.059925093632958368e-03 1.872659176029962350e-04 1.911985018726591323e-01 1.872659176029962350e-04 1.872659176029962350e-04 2.078651685393257884e-02 1.872659176029962350e-04 1.872659176029962350e-04 1.181647940074906089e-01 1.329588014981273117e-02 2.305243445692883308e-01 5.449438202247190027e-02 1.872659176029962350e-04 1.872659176029962350e-04 9.194756554307113861e-02 1.872659176029962350e-04 1.406367041198501588e-01 1.872659176029962350e-04 1.872659176029962350e-04 1.069288389513108478e-01 1.872659176029962350e-04 1.872659176029962350e-04 1.872659176029962350e-04 1.872659176029962350e-04 1.872659176029962350e-04 1.872659176029962350e-04 5.805243445692882635e-03
4.599999999999999228e-02 2.857142857142856273e-04 1.459999999999999631e-01 1.145714285714285324e-01 5.999999999999998390e-03 1.457142857142856504e-02 2.857142857142856273e-04 2.857142857142856273e-04 6.028571428571426888e-02 1.488571428571427990e-01 2.857142857142856273e-04 9.171428571428569265e-02 5.999999999999998390e-03 2.857142857142856273e-04 2.857142857142856273e-04 2.857142857142856273e-04 2.857142857142856273e-04 2.857142857142856273e-04 2.857142857142856273e-04 2.857142857142856273e-04 5.999999999999998390e-03 2.857142857142856273e-04 1.574285714285713900e-01 2.857142857142856273e-04 2.857142857142856273e-04 2.857142857142856273e-04 2.857142857142856273e-04 5.999999999999998390e-03 4.599999999999999228e-02 1.459999999999999631e-01
1.732954545454544817e-02 1.164772727272726793e-02 3.153409090909090051e-02 4.289772727272726099e-02 5.965909090909089427e-03 2.840909090909090229e-04 8.551136363636360760e-02 2.840909090909090229e-04 1.448863636363635805e-02 2.840909090909090229e-04 2.840909090909090229e-04 2.301136363636362842e-02 3.124999999999999306e-03 2.585227272727271680e-02 4.548295454545452920e-01 2.840909090909090229e-04 1.622159090909090495e-01 2.840909090909090229e-04 2.840909090909090229e-04 2.840909090909090229e-04 2.840909090909090229e-04 2.840909090909090229e-04 4.005681818181816567e-02 3.124999999999999306e-03 3.721590909090907728e-02 3.721590909090907728e-02 2.840909090909090229e-04 2.840909090909090229e-04 2.840909090909090229e-04 2.840909090909090229e-04
2.409638554216866815e-04 5.060240963855420528e-03 2.409638554216866815e-04 9.879518072289152422e-03 3.397590361445781970e-02 2.556626506024095580e-01 2.409638554216866815e-04 2.409638554216866815e-04 3.397590361445781970e-02 1.207228915662650337e-01 2.650602409638553713e-03 6.771084337349396465e-02 2.409638554216866815e-04 2.650602409638553713e-03 2.650602409638553713e-03 2.409638554216866815e-04 2.409638554216866815e-04 2.409638554216866815e-04 2.580722891566264443e-01 1.710843373493975417e-02 2.409638554216866815e-04 2.409638554216866815e-04 2.409638554216866815e-04 2.409638554216866815e-04 2.409638554216866815e-04 9.662650602409636469e-02 2.650602409638553713e-03 2.409638554216866815e-04 2.409638554216866815e-04 8.698795180722888876e-02
