2.092050209205020253e-04 2.092050209205020253e-04 1.276150627615062205e-02 2.092050209205020253e-04 6.715481171548115524e-02 2.092050209205020253e-04 8.577405857740581438e-03 6.485355648535562866e-03 2.092050209205020253e-04 1.694560669456066440e-02 2.092050209205020253e-04 2.092050209205020253e-04 2.092050209205020253e-04 9.644351464435142740e-02 3.995815899581588865e-02 5.669456066945605111e-02 2.092050209205020253e-04 8.577405857740581438e-03 2.301255230125522251e-03 2.092050209205020253e-04 3.368200836820083033e-02 1.276150627615062205e-02 3.725941422594140628e-01 2.092050209205020253e-04 8.179916317991629826e-02 2.092050209205020253e-04 4.832635983263596641e-02 1.194560669456066482e-01 2.092050209205020253e-04 1.276150627615062205e-02
1.378378378378377830e-02 2.702702702702702202e-04 2.972972972972972097e-03 2.702702702702702202e-04 5.675675675675674083e-03 2.702702702702702202e-04 7.864864864864862248e-02 2.702702702702702202e-04 1.948648648648647896e-01 2.702702702702702202e-04 6.783783783783782495e-02 2.702702702702702202e-04 2.702702702702702202e-04 2.702702702702702202e-04 2.702702702702702202e-04 2.459459459459458625e-02 2.759459459459458475e-01 2.702702702702702202e-04 2.702702702702702202e-04 5.432432432432431069e-02 2.702702702702702202e-04 1.516216216216215718e-01 5.162162162162160783e-02 1.648648648648648116e-02 2.702702702702702202e-04 5.675675675675674083e-03 2.702702702702702202e-04 4.351351351351350621e-02 5.675675675675674083e-03 2.972972972972972097e-03
3.623188405797100951e-04 3.623188405797100951e-04 3.623188405797100951e-04 2.934782608695651537e-02 3.623188405797100951e-04 3.623188405797100951e-04 1.344202898550724279e-01 2.934782608695651537e-02 3.807971014492752548e-01 3.623188405797100951e-04 3.623188405797100951e-04 3.623188405797100951e-04 3.985507246376811426e-03 3.985507246376811426e-03 3.623188405797100951e-04 3.623188405797100951e-04 8.731884057971013580e-02 3.623188405797100951e-04 3.623188405797100951e-04 3.623188405797100951e-04 4.746376811594201633e-02 9.818840579710143290e-02 1.123188405797101268e-02 3.623188405797100951e-04 3.623188405797100951e-04 1.163043478260869373e-01 3.623188405797100951e-04 3.623188405797100951e-04 5.108695652173912000e-02 3.623188405797100951e-04
2.958579881656803689e-04 3.254437869822484220e-03 1.804733727810650321e-02 2.958579881656803689e-04 2.958579881656803689e-04 2.958579881656803689e-04 1.304733727810650501e-01 9.171597633136092248e-03 2.958579881656803689e-04 7.426035502958577839e-02 7.130177514792897242e-02 2.958579881656803689e-04 2.958579881656803689e-04 2.958579881656803689e-04 1.127218934911242282e-01 2.958579881656803689e-04 1.156804733727810341e-01 2.958579881656803689e-04 5.946745562130176244e-02 3.286982248520708971e-01 2.958579881656803689e-04 2.958579881656803689e-04 6.213017751479288017e-03 2.958579881656803689e-04 3.579881656804732165e-02 3.254437869822484220e-03 3.254437869822484220e-03 3.254437869822484220e-03 2.958579881656803689e-04 2.100591715976330570e-02
2.087682672233820034e-04 2.087682672233820034e-04 2.087682672233820034e-04 2.087682672233820034e-04 2.087682672233820034e-04 2.087682672233820034e-04 5.657620041753652629e-02 1.087682672233820230e-01 2.340292275574112069e-01 2.087682672233820034e-04 2.087682672233820034e-04 8.559498956158661381e-03 2.087682672233820034e-04 2.087682672233820034e-04 8.559498956158661381e-03 2.943632567849686216e-02 2.235908141962421047e-01 2.087682672233820034e-04 2.087682672233820034e-04 2.296450939457201929e-03 3.778705636743214663e-02 2.590814196242170464e-01 2.087682672233820034e-04 2.087682672233820034e-04 2.296450939457201929e-03 2.087682672233820034e-04 2.087682672233820034e-04 2.087682672233820034e-04 2.526096033402921992e-02 2.087682672233820034e-04
1.173584905660377403e-01 3.773584905660377713e-04 3.773584905660377713e-04 3.773584905660377713e-04 6.452830188679245516e-02 6.452830188679245516e-02 1.588679245283018959e-01 3.773584905660377713e-04 4.188679245283018909e-02 3.773584905660377713e-04 3.773584905660377713e-04 3.773584905660377713e-04 4.188679245283018909e-02 3.773584905660377713e-04 3.773584905660377713e-04 3.773584905660377713e-04 2.871698113207546976e-01 3.773584905660377713e-04 6.075471698113207863e-02 3.773584905660377713e-04 3.773584905660377713e-04 3.773584905660377713e-04 4.566037735849056561e-02 3.773584905660377713e-04 3.773584905660377713e-04 3.773584905660377713e-04 4.150943396226415213e-03 3.773584905660377713e-04 6.075471698113207863e-02 4.566037735849056561e-02
1.666666666666666644e-02 2.732240437158469943e-04 5.737704918032787531e-03 1.642076502732240373e-01 2.732240437158469943e-04 2.732240437158469943e-04 2.732240437158469943e-04 4.125683060109289202e-02 2.732240437158469943e-04 3.032786885245901398e-02 1.314207650273224171e-01 1.393442622950819519e-02 2.732240437158469943e-04 2.732240437158469943e-04 2.732240437158469943e-04 2.732240437158469943e-04 4.945355191256831096e-02 3.005464480874317154e-03 2.732240437158469943e-04 2.759562841530054447e-02 5.765027322404372295e-02 2.732240437158469943e-04 2.213114754098360545e-02 2.732240437158469943e-04 2.732240437158469943e-04 2.732240437158469943e-04 7.131147540983606703e-02 1.751366120218579014e-01 1.696721311475409832e-01 1.666666666666666644e-02
2.212389380530973150e-04 2.212389380530973150e-04 2.212389380530973150e-04 2.212389380530973150e-04 2.212389380530973150e-04 2.212389380530973150e-04 2.234513274336282634e-02 1.462389380530972893e-01 2.236725663716813417e-01 2.212389380530973150e-04 2.212389380530973150e-04 2.212389380530973150e-04 9.070796460176987555e-03 2.212389380530973150e-04 4.225663716814158366e-02 1.128318584070796098e-02 1.949115044247786976e-01 2.212389380530973150e-04 1.349557522123893440e-02 2.212389380530973150e-04 7.101769911504422772e-02 2.568584070796459673e-01 2.212389380530973150e-04 2.212389380530973150e-04 2.212389380530973150e-04 2.212389380530973150e-04 2.212389380530973150e-04 4.646017699115043316e-03 2.212389380530973150e-04 2.212389380530973150e-04
9.126394052044607685e-02 2.044609665427508851e-03 1.858736059479553599e-04 5.762081784386616050e-03 1.377323420074348936e-01 1.877323420074349103e-02 4.479553903345723925e-02 8.940520446096653084e-02 1.321561338289962417e-01 1.858736059479553599e-04 1.319702602230482871e-02 1.858736059479553599e-04 1.858736059479553599e-04 1.858736059479553599e-04 1.711895910780668606e-01 1.858736059479553599e-04 1.005576208178438485e-01 1.265799256505575898e-01 1.858736059479553599e-04 1.858736059479553599e-04 1.858736059479553599e-04 1.858736059479553599e-04 1.858736059479553599e-04 1.858736059479553599e-04 1.858736059479553599e-04 1.858736059479553599e-04 4.851301115241635209e-02 1.858736059479553599e-04 1.858736059479553599e-04 1.505576208178438340e-02
3.278688524590162847e-04 3.278688524590162847e-04 3.278688524590162847e-04 3.606557377049179457e-03 3.278688524590162847e-04 3.278688524590162847e-04 3.606557377049179457e-03 1.085245901639343841e-01 3.311475409836064226e-02 5.150819672131144999e-01 1.344262295081966561e-02 4.950819672131145238e-02 3.278688524590162847e-04 3.278688524590162847e-04 2.983606557377048094e-02 3.278688524590162847e-04 3.278688524590162847e-04 1.544262295081966774e-01 3.278688524590162847e-04 6.918032786885243424e-02 1.344262295081966561e-02 3.278688524590162847e-04 3.278688524590162847e-04 3.278688524590162847e-04 3.278688524590162847e-04 3.278688524590162847e-04 3.278688524590162847e-04 3.278688524590162847e-04 3.278688524590162847e-04 3.278688524590162847e-04
2.610966057441252647e-04 2.610966057441252647e-04 2.610966057441252647e-04 1.281984334203654929e-01 2.872062663185378020e-03 2.610966057441252647e-04 2.610966057441252647e-04 2.610966057441252647e-04 2.610966057441252647e-04 2.610966057441252647e-04 3.159268929503915302e-02 8.120104438642294920e-02 2.610966057441252647e-04 1.281984334203654929e-01 2.610966057441252647e-04 5.248041775456917940e-02 4.258485639686682700e-01 2.610966057441252647e-04 2.610966057441252647e-04 2.872062663185378020e-03 2.610966057441252647e-04 5.509138381201043183e-02 3.159268929503915302e-02 2.610966057441252647e-04 2.610966057441252647e-04 2.610966057441252647e-04 2.610966057441252647e-04 2.610966057441252647e-04 5.509138381201043183e-02 2.610966057441252647e-04
1.675675675675676254e-02 5.405405405405407657e-04 5.405405405405407657e-04 5.405405405405407657e-04 5.405405405405407657e-04 5.405405405405407657e-04 5.405405405405407657e-04 1.135135135135135510e-02 5.405405405405407657e-04 5.405405405405407657e-04 5.405405405405407657e-04 5.405405405405407657e-04 5.405405405405407657e-04 1.681081081081081674e-01 5.405405405405407657e-04 1.135135135135135510e-02 5.405405405405407657e-04 5.405405405405407657e-04 5.405405405405407657e-04 5.945945945945948531e-03 7.621621621621624265e-02 5.405405405405407657e-04 5.410810810810812166e-01 1.464864864864865446e-01 1.135135135135135510e-02 5.405405405405407657e-04 5.405405405405407657e-04 5.405405405405407657e-04 5.405405405405407657e-04 5.405405405405407657e-04
7.185185185185183343e-02 2.469135802469135318e-04 2.469135802469135318e-04 2.469135802469135318e-04 2.469135802469135318e-04 2.469135802469135318e-04 2.469135802469135318e-04 4.716049382716048372e-02 1.879012345679011708e-01 2.246913580246912706e-02 2.469135802469135318e-04 7.432098765432096354e-02 2.469135802469135318e-04 2.716049382716048850e-03 1.088888888888888684e-01 2.987654320987653475e-02 2.767901234567900493e-01 2.469135802469135318e-04 1.064197530864197244e-01 2.469135802469135318e-04 1.259259259259258752e-02 1.259259259259258752e-02 7.654320987654319487e-03 2.469135802469135318e-04 3.234567901234566834e-02 2.469135802469135318e-04 2.469135802469135318e-04 2.469135802469135318e-04 2.716049382716048850e-03 2.469135802469135318e-04
1.230019493177387652e-01 1.949317738791422677e-04 1.949317738791422677e-04 7.992202729044831783e-03 1.949317738791422677e-04 7.992202729044831783e-03 6.257309941520466934e-02 2.144249512670564836e-03 1.561403508771929405e-01 1.949317738791422677e-04 4.113060428849901751e-02 1.949317738791422677e-04 2.553606237816763436e-02 1.949317738791422677e-04 2.144249512670564836e-03 1.949317738791422677e-04 1.736842105263157465e-01 2.144249512670564836e-03 1.269005847953215971e-01 1.949317738791422677e-04 1.949317738791422677e-04 5.672514619883040066e-02 1.949317738791422677e-04 1.773879142300194625e-02 1.949317738791422677e-04 9.961013645224169044e-02 4.093567251461987730e-03 9.941520467836254676e-03 7.816764132553605249e-02 1.949317738791422677e-04
1.385375494071145741e-01 1.976284584980236858e-04 1.976284584980236858e-04 1.403162055335967912e-02 4.367588932806323182e-02 6.126482213438733636e-03 2.173913043478260462e-03 8.320158102766796182e-02 8.913043478260868069e-02 1.976284584980236858e-04 1.780632411067193110e-01 1.976284584980236858e-04 1.976284584980236858e-04 5.948616600790512798e-02 1.148221343873517541e-01 1.976284584980236858e-04 1.543478260869564633e-01 6.541501976284583297e-02 4.565217391304347144e-02 1.976284584980236858e-04 1.976284584980236858e-04 1.976284584980236858e-04 1.976284584980236858e-04 1.976284584980236858e-04 1.976284584980236858e-04 1.976284584980236858e-04 1.976284584980236858e-04 2.173913043478260462e-03 1.976284584980236858e-04 1.976284584980236858e-04
2.560723514211885599e-01 2.583979328165373918e-04 2.583979328165373918e-04 2.583979328165373918e-04 5.710594315245477032e-02 1.191214470284237409e-01 5.193798449612401641e-02 5.968992248062014033e-02 4.935400516795864639e-02 2.583979328165373918e-04 5.968992248062014033e-02 2.842377260981911527e-03 3.901808785529714552e-02 2.583979328165373918e-04 5.710594315245477032e-02 2.583979328165373918e-04 2.583979328165373918e-04 2.583979328165373918e-04 2.583979328165373918e-04 5.426356589147285879e-03 2.583979328165373918e-04 2.842377260981911527e-03 2.583979328165373918e-04 2.583979328165373918e-04 2.609819121447027462e-02 2.583979328165373918e-04 2.069767441860464463e-01 2.583979328165373918e-04 2.583979328165373918e-04 2.842377260981911527e-03
6.802721088435375848e-04 7.482993197278913974e-03 6.802721088435375848e-04 6.802721088435375848e-04 1.435374149659864318e-01 6.802721088435375848e-04 2.789115646258503653e-02 6.802721088435375848e-04 6.802721088435375848e-04 6.802721088435375848e-04 8.911564625850341981e-02 6.802721088435375848e-04 6.802721088435375848e-04 5.510204081632653905e-02 6.802721088435375848e-04 6.802721088435375848e-04 6.802721088435375848e-04 2.047619047619048116e-01 1.503401360544218135e-01 6.802721088435375848e-04 6.802721088435375848e-04 8.911564625850341981e-02 5.510204081632653905e-02 6.802721088435375848e-04 7.551020408163267028e-02 6.802721088435375848e-04 6.802721088435375848e-04 6.802721088435375848e-04 6.190476190476191382e-02 2.789115646258503653e-02
4.823196605374822921e-02 1.414427157001414367e-04 1.414427157001414367e-04 2.418670438472418638e-02 7.652050919377650917e-02 1.555869872701555641e-03 1.414427157001414367e-04 3.974540311173974105e-02 1.019801980198019598e-01 2.970297029702969899e-03 1.769448373408769037e-01 1.414427157001414367e-04 7.213578500707211807e-03 1.414427157001414367e-04 5.530410183875529573e-02 1.414427157001414367e-04 2.533239038189532555e-01 2.560113154172559760e-02 6.096181046676095450e-02 6.520509193776519163e-02 1.414427157001414367e-04 3.267326732673266759e-02 1.414427157001414367e-04 1.414427157001414367e-04 1.414427157001414367e-04 1.414427157001414367e-04 1.414427157001414367e-04 2.560113154172559760e-02 1.414427157001414367e-04 1.414427157001414367e-04
1.596858638743454961e-02 5.497382198952877920e-03 2.617801047120418031e-04 2.617801047120418031e-04 2.617801047120418031e-04 2.617801047120418031e-04 2.617801047120418031e-04 2.617801047120418031e-04 2.617801047120418031e-04 3.929319371727747479e-01 1.075916230366491810e-01 2.643979057591622217e-02 2.617801047120418031e-04 2.617801047120418031e-04 2.617801047120418031e-04 2.617801047120418031e-04 2.617801047120418031e-04 2.617801047120418031e-04 2.617801047120418031e-04 1.416230366492146342e-01 2.617801047120418031e-04 2.617801047120418031e-04 1.913612565445025337e-01 2.617801047120418031e-04 5.497382198952877920e-03 2.879581151832460214e-03 2.617801047120418031e-04 1.049738219895287733e-01 2.617801047120418031e-04 2.617801047120418031e-04
7.839851024208564778e-02 1.862197392923649569e-04 1.862197392923649569e-04 1.862197392923649569e-04 1.044692737430167467e-01 1.862197392923649569e-04 1.322160148975791080e-02 4.115456238361265423e-02 1.212290502793295782e-01 1.862197392923649569e-04 1.472998137802606633e-01 1.862197392923649569e-04 1.862197392923649569e-04 1.862197392923649569e-04 3.743016759776535834e-02 1.862197392923649569e-04 2.944134078212289896e-01 3.743016759776535834e-02 8.026070763500929572e-02 1.862197392923649569e-04 1.862197392923649569e-04 1.862197392923649569e-04 1.862197392923649569e-04 1.862197392923649569e-04 1.862197392923649569e-04 1.862197392923649569e-04 1.862197392923649569e-04 4.115456238361265423e-02 1.862197392923649569e-04 1.862197392923649569e-04
9.972375690607729326e-02 2.762430939226517921e-04 4.447513812154693658e-02 2.762430939226517921e-04 2.762430939226517921e-04 5.801104972375687417e-03 1.190607734806629070e-01 2.762430939226517921e-04 1.328729281767954962e-01 2.762430939226517921e-04 4.723756906077345580e-02 2.762430939226517921e-04 5.801104972375687417e-03 2.762430939226517921e-04 2.762430939226517921e-04 8.563535911602204037e-03 2.074585635359114666e-01 2.762430939226517921e-04 1.135359116022098824e-01 2.762430939226517921e-04 2.762430939226517921e-04 4.723756906077345580e-02 2.762430939226517921e-04 3.895027624309389813e-02 2.762430939226517921e-04 1.080110497237568440e-01 1.685082872928175476e-02 2.762430939226517921e-04 2.762430939226517921e-04 2.762430939226517921e-04
2.610966057441252647e-04 1.592689295039163844e-02 1.934725848563967898e-01 2.610966057441252647e-04 2.610966057441252647e-04 2.610966057441252647e-04 2.610966057441252647e-04 2.610966057441252647e-04 2.610966057441252647e-04 2.610966057441252647e-04 2.610966057441252647e-04 6.292428198433418218e-02 2.610966057441252647e-04 6.553524804177543461e-02 2.610966057441252647e-04 2.274151436031330853e-01 2.610966057441252647e-04 2.610966057441252647e-04 8.093994778067882881e-03 3.159268929503915302e-02 1.151436031331592447e-01 3.942558746736291031e-02 5.483028720626630451e-03 1.986945169712792947e-01 2.872062663185378020e-03 2.898172323759790059e-02 2.610966057441252647e-04 2.610966057441252647e-04 2.610966057441252647e-04 2.610966057441252647e-04
1.923076923076922804e-04 1.923076923076922804e-04 1.923076923076922804e-04 1.923076923076922804e-04 1.923076923076922804e-04 1.923076923076922804e-04 1.923076923076922804e-04 1.309615384615384348e-01 1.367307692307691835e-01 1.923076923076922804e-04 1.923076923076922804e-04 5.961538461538460829e-03 1.923076923076922804e-04 1.923076923076922804e-04 9.057692307692305489e-02 5.403846153846152828e-02 6.942307692307690681e-02 2.326923076923076428e-02 7.134615384615383693e-02 4.826923076923075873e-02 3.288461538461538020e-02 3.309615384615383626e-01 1.923076923076922804e-04 1.923076923076922804e-04 1.923076923076922804e-04 2.115384615384614895e-03 1.923076923076922804e-04 1.923076923076922804e-04 1.923076923076922804e-04 1.923076923076922804e-04
1.518950437317783675e-01 6.122448979591834685e-03 2.915451895043731190e-04 6.151603498542272674e-02 1.314868804664722501e-01 2.915451895043731190e-04 2.947521865889211612e-01 2.915451895043731190e-04 1.486880466472302598e-02 3.206997084548104254e-03 8.775510204081629628e-02 2.915451895043731190e-04 5.568513119533526068e-02 2.915451895043731190e-04 2.915451895043731190e-04 3.206997084548104254e-03 2.915451895043731190e-04 4.110787172011660245e-02 1.778425655976675554e-02 2.915451895043731190e-04 2.915451895043731190e-04 2.915451895043731190e-04 3.206997084548104254e-03 6.122448979591834685e-03 2.915451895043731190e-04 2.915451895043731190e-04 9.358600583090376235e-02 2.915451895043731190e-04 2.915451895043731190e-04 2.361516034985421814e-02
1.195473251028806166e-01 2.057613168724279251e-04 2.057613168724279251e-04 2.057613168724279251e-04 2.057613168724279251e-04 3.312757201646089611e-02 1.648148148148147474e-01 2.057613168724279251e-04 1.627572016460904769e-01 2.057613168724279251e-04 9.897119341563782868e-02 2.057613168724279251e-04 2.901234567901233435e-02 2.057613168724279251e-04 2.057613168724279251e-04 2.057613168724279251e-04 8.251028806584359554e-02 2.057613168724279251e-04 1.915637860082303745e-01 7.839506172839504072e-02 2.057613168724279251e-04 2.057613168724279251e-04 2.057613168724279251e-04 2.263374485596707231e-03 2.057613168724279251e-04 2.057613168724279251e-04 2.057613168724279251e-04 2.057613168724279251e-04 3.312757201646089611e-02 2.057613168724279251e-04
1.650568181818181379e-01 3.124999999999999306e-03 2.840909090909090229e-04 7.698863636363634244e-02 1.167613636363636076e-01 8.806818181818179547e-03 3.298295454545453476e-01 5.142045454545453309e-02 2.840909090909090229e-04 2.840909090909090229e-04 1.167613636363636076e-01 2.840909090909090229e-04 2.017045454545453656e-02 2.840909090909090229e-04 2.840909090909090229e-04 2.840909090909090229e-04 2.840909090909090229e-04 2.840909090909090229e-04 2.840909090909090229e-04 2.840909090909090229e-04 3.124999999999999306e-03 2.840909090909090229e-04 2.840909090909090229e-04 2.840909090909090229e-04 2.840909090909090229e-04 2.840909090909090229e-04 7.982954545454543083e-02 2.840909090909090229e-04 2.840909090909090229e-04 2.301136363636362842e-02
2.254098360655737432e-03 2.049180327868852186e-04 2.049180327868852186e-04 2.049180327868852186e-04 9.446721311475407556e-02 2.049180327868852186e-04 2.049180327868852186e-04 9.036885245901637997e-02 1.045081967213114423e-02 2.049180327868852186e-04 1.907786885245900954e-01 2.049180327868852186e-04 1.045081967213114423e-02 2.049180327868852186e-04 8.627049180327867051e-02 2.049180327868852186e-04 6.577868852459015092e-02 1.723360655737704306e-01 2.049180327868852186e-04 2.254098360655737432e-03 2.049180327868852186e-04 2.049180327868852186e-04 2.049180327868852186e-04 1.249999999999999722e-02 2.049180327868852186e-04 2.254098360655737432e-03 2.049180327868852186e-04 2.049180327868852186e-04 2.049180327868852186e-04 2.563524590163933636e-01
3.968253968253969335e-04 3.968253968253969335e-04 1.710317460317460625e-01 3.968253968253969335e-04 4.365079365079366051e-03 3.968253968253969335e-04 3.968253968253969335e-04 3.968253968253969335e-04 5.992063492063492980e-02 3.968253968253969335e-04 1.626984126984127102e-02 5.992063492063492980e-02 4.130952380952381819e-01 9.960317460317463789e-02 3.968253968253969335e-04 3.968253968253969335e-04 3.968253968253969335e-04 3.968253968253969335e-04 3.968253968253969335e-04 8.333333333333334952e-03 1.230158730158730472e-02 3.968253968253969335e-04 2.420634920634921056e-02 9.960317460317463789e-02 1.626984126984127102e-02 3.968253968253969335e-04 4.365079365079366051e-03 3.968253968253969335e-04 4.365079365079366051e-03 3.968253968253969335e-04
2.596314907872697333e-03 1.934673366834171321e-02 8.375209380234507612e-05 5.703517587939699318e-02 1.850921273031826131e-02 4.363484087102178360e-02 1.173366834170854467e-01 7.546063651591290722e-02 1.348408710217755858e-02 8.375209380234507612e-05 8.375209380234507612e-05 9.296482412060302555e-03 5.368509212730318558e-02 1.264656616415410668e-02 1.156616415410385429e-01 2.018425460636516511e-02 1.758793969849246734e-03 6.038525963149079384e-02 7.211055276381909962e-02 8.375209380234507612e-05 8.375209380234507612e-05 7.621440536013401358e-03 2.269681742043551734e-02 8.375209380234507612e-05 6.457286432160805334e-02 8.375209380234507612e-05 3.023450586264657403e-02 8.048576214405361862e-02 8.375209380234507612e-05 1.005862646566164365e-01
1.951807228915661968e-02 2.409638554216866815e-04 1.228915662650601967e-02 2.409638554216866815e-04 2.409638554216866815e-04 2.409638554216866815e-04 1.544578313253011370e-01 1.951807228915661968e-02 2.146987951807228234e-01 5.060240963855420528e-03 5.060240963855420528e-03 5.060240963855420528e-03 2.409638554216866815e-04 4.602409638554216115e-02 2.409638554216866815e-04 2.409638554216866815e-04 8.698795180722888876e-02 2.409638554216866815e-04 2.650602409638553713e-03 2.915662650602408867e-02 1.086746987951806992e-01 4.602409638554216115e-02 2.915662650602408867e-02 2.409638554216866815e-04 2.409638554216866815e-04 2.098795180722890785e-01 2.650602409638553713e-03 2.409638554216866815e-04 2.409638554216866815e-04 2.409638554216866815e-04
1.395081967213114282e-01 1.639344262295081695e-04 1.639344262295081695e-04 1.639344262295081695e-04 1.491803278688524220e-02 2.967213114754098033e-02 1.460655737704917578e-01 1.327868852459016154e-02 1.591803278688524170e-01 1.639344262295081695e-04 1.018032786885245677e-01 1.803278688524589946e-03 1.803278688524589946e-03 1.639344262295081695e-04 1.639344262295081695e-04 1.639344262295081695e-04 9.196721311475408722e-02 1.803278688524589946e-03 1.083606557377048835e-01 1.639344262295081695e-04 1.639344262295081695e-04 1.803278688524589946e-03 1.639344262295081695e-04 1.639344262295081695e-04 6.721311475409834542e-03 1.395081967213114282e-01 1.639344262295081695e-04 3.950819672131147126e-02 1.639344262295081695e-04 1.639344262295081695e-04
1.526881720430107135e-02 2.150537634408601878e-04 2.150537634408601878e-04 2.365591397849461930e-03 2.150537634408601878e-04 2.150537634408601878e-04 2.150537634408601878e-04 7.118279569892471681e-02 2.150537634408601878e-04 2.150537634408601878e-04 8.193548387096773189e-02 3.677419354838708937e-02 2.150537634408601878e-04 2.150537634408601878e-04 2.496774193548386422e-01 1.311827956989246834e-02 2.150537634408601878e-04 4.561290322580643930e-01 2.150537634408601878e-04 2.150537634408601878e-04 2.150537634408601878e-04 2.150537634408601878e-04 2.150537634408601878e-04 1.956989247311827565e-02 8.817204301075265774e-03 2.150537634408601878e-04 2.150537634408601878e-04 2.150537634408601878e-04 2.150537634408601878e-04 4.107526881720429540e-02
1.999999999999999554e-04 1.999999999999999554e-04 1.999999999999999554e-04 2.199999999999999699e-03 7.419999999999998819e-02 1.999999999999999554e-04 1.019999999999999726e-02 1.001999999999999835e-01 2.199999999999999699e-03 1.999999999999999554e-04 1.341999999999999582e-01 1.999999999999999554e-04 2.219999999999999404e-02 4.199999999999998873e-03 1.201999999999999735e-01 1.419999999999999561e-02 5.619999999999999302e-02 1.741999999999999382e-01 1.999999999999999554e-04 1.999999999999999554e-04 1.999999999999999554e-04 1.999999999999999554e-04 1.999999999999999554e-04 1.999999999999999554e-04 6.199999999999998915e-03 1.999999999999999554e-04 1.999999999999999554e-04 1.419999999999999561e-02 1.999999999999999554e-04 2.621999999999999331e-01
8.050458715596328640e-02 2.293577981651375732e-04 2.293577981651375732e-04 2.293577981651375732e-04 1.057339449541284115e-01 2.293577981651375732e-04 2.293577981651375732e-04 4.839449541284402551e-02 6.674311926605502876e-02 9.197247706422016778e-02 2.293577981651375732e-04 2.293577981651375732e-04 7.110091743119264715e-03 4.816513761467888441e-03 2.293577981651375732e-04 2.293577981651375732e-04 4.151376146788990362e-02 1.169724770642201379e-02 4.839449541284402551e-02 2.295871559633026748e-01 2.293577981651375732e-04 6.215596330275228315e-02 2.293577981651375732e-04 2.522935779816513468e-03 2.293577981651375732e-04 1.538990825688072994e-01 2.545871559633026623e-02 2.293577981651375732e-04 1.628440366972476461e-02 2.293577981651375732e-04
1.589235127478753062e-01 2.832861189801698983e-04 3.116147308781869098e-03 5.127478753541075268e-02 1.674220963172804166e-01 2.832861189801698983e-04 2.977337110481585447e-01 3.711048158640225386e-02 2.832861189801698983e-04 2.832861189801698983e-04 1.135977337110481294e-01 2.832861189801698983e-04 3.994334277620395501e-02 2.832861189801698983e-04 2.832861189801698983e-04 2.832861189801698983e-04 3.116147308781869098e-03 3.116147308781869098e-03 2.832861189801698983e-04 5.949008498583568082e-03 2.832861189801698983e-04 2.832861189801698983e-04 2.832861189801698983e-04 2.832861189801698983e-04 2.832861189801698983e-04 2.832861189801698983e-04 8.526912181303113181e-02 2.832861189801698983e-04 2.832861189801698983e-04 2.861189801699715735e-02
3.247311827956988334e-02 2.150537634408601878e-04 2.365591397849461930e-03 1.956989247311827565e-02 2.150537634408601878e-04 2.150537634408601878e-04 2.150537634408601878e-04 8.193548387096773189e-02 2.150537634408601878e-04 2.150537634408601878e-04 9.698924731182793912e-02 5.182795698924730354e-02 2.150537634408601878e-04 2.150537634408601878e-04 2.733333333333332615e-01 2.150537634408601878e-04 2.150537634408601878e-04 3.980645161290321532e-01 2.150537634408601878e-04 2.150537634408601878e-04 2.150537634408601878e-04 2.150537634408601878e-04 2.150537634408601878e-04 2.150537634408601878e-04 1.096774193548386706e-02 2.150537634408601878e-04 2.150537634408601878e-04 2.150537634408601878e-04 1.741935483870967263e-02 1.096774193548386706e-02
3.039513677811549273e-04 3.039513677811549273e-04 3.039513677811549273e-04 3.039513677811549273e-04 3.039513677811549273e-04 3.039513677811549273e-04 3.039513677811549273e-04 3.039513677811549273e-04 3.039513677811549273e-04 4.258358662613980217e-01 3.039513677811549273e-04 3.039513677811549273e-04 3.343465045592704417e-03 3.039513677811549273e-04 8.541033434650453782e-02 1.246200607902735007e-02 3.039513677811549273e-04 1.246200607902735007e-02 3.039513677811549273e-04 2.039513677811549408e-01 9.422492401215802962e-03 3.039513677811549273e-04 1.796352583586625640e-01 3.039513677811549273e-04 3.039513677811549273e-04 3.039513677811549273e-04 3.343465045592704417e-03 5.805471124620058959e-02 3.039513677811549273e-04 3.039513677811549273e-04
2.762430939226518463e-04 2.762430939226518463e-04 2.762430939226518463e-04 2.762430939226518463e-04 1.604972375690607300e-01 2.762430939226518463e-04 5.801104972375689152e-03 2.762430939226518463e-04 5.801104972375689152e-03 2.790055248618783512e-02 2.762430939226518463e-04 1.301104972375690116e-01 2.762430939226518463e-04 2.762430939226518463e-04 2.237569060773480015e-02 8.867403314917124413e-02 5.801104972375689152e-03 2.762430939226518463e-04 7.209944751381214267e-02 2.762430939226518463e-04 4.171270718232043123e-02 4.447513812154695045e-02 6.933701657458561651e-02 2.762430939226518463e-04 1.743093922651933192e-01 8.563535911602207507e-03 5.552486187845302734e-02 8.038674033149169340e-02 2.762430939226518463e-04 3.038674033149170364e-03
2.574468085106382254e-02 2.340425531914893352e-03 2.127659574468084816e-04 2.127659574468084816e-04 2.361702127659573783e-02 2.127659574468084816e-04 2.127659574468084816e-04 1.980851063829786596e-01 7.893617021276594370e-02 1.363829787234042135e-01 2.127659574468084816e-04 3.851063829787233078e-02 2.340425531914893352e-03 3.425531914893616831e-02 1.448936170212765384e-01 2.127659574468084816e-04 4.468085106382978060e-03 1.874468085106382464e-01 2.127659574468084816e-04 1.085106382978723132e-02 2.127659574468084816e-04 2.127659574468084816e-04 6.829787234042551669e-02 2.127659574468084816e-04 1.085106382978723132e-02 2.127659574468084816e-04 2.999999999999999195e-02 2.127659574468084816e-04 2.127659574468084816e-04 2.127659574468084816e-04
4.347826086956522985e-04 1.347826086956522076e-02 4.347826086956522985e-04 4.782608695652175446e-03 4.347826086956522985e-04 4.347826086956522985e-04 9.130434782608698105e-03 4.347826086956522985e-04 4.347826086956522985e-04 3.221739130434783105e-01 5.260869565217392296e-02 4.826086956521739857e-02 4.391304347826088111e-02 4.347826086956522985e-04 2.134782608695652839e-01 4.347826086956522985e-04 4.347826086956522985e-04 1.526086956521739701e-01 1.782608695652174169e-02 9.130434782608698105e-03 4.782608695652175446e-03 4.347826086956522985e-04 4.347826086956522985e-04 4.347826086956522985e-04 2.652173913043478701e-02 2.217391304347826608e-02 5.260869565217392296e-02 4.347826086956522985e-04 4.347826086956522985e-04 4.347826086956522985e-04
1.074226804123711160e-01 2.061855670103092343e-04 2.268041237113401550e-03 2.061855670103092343e-04 2.061855670103092343e-04 1.051546391752576984e-02 1.569072164948453196e-01 2.061855670103092343e-04 1.754639175257731443e-01 2.061855670103092343e-04 1.032989690721649312e-01 2.061855670103092343e-04 7.237113402061853829e-02 2.061855670103092343e-04 2.061855670103092343e-04 2.061855670103092343e-04 9.505154639175256159e-02 2.061855670103092343e-04 1.362886597938143818e-01 5.999999999999999084e-02 2.061855670103092343e-04 2.268041237113401550e-03 2.061855670103092343e-04 2.268041237113401550e-03 2.061855670103092343e-04 5.175257731958762125e-02 2.061855670103092343e-04 2.061855670103092343e-04 2.082474226804123182e-02 2.061855670103092343e-04
3.940092165898616966e-02 4.838709677419354184e-03 2.096774193548386553e-02 2.304147465437787474e-04 4.838709677419354184e-03 2.304147465437787474e-04 1.914746543778801102e-01 3.018433179723501586e-02 3.481566820276496554e-01 3.479262672811058582e-02 6.013824884792625530e-02 2.304147465437787474e-04 6.244239631336404028e-02 2.304147465437787474e-04 1.175115207373271520e-02 2.304147465437787474e-04 9.470046082949307165e-02 2.304147465437787474e-04 6.013824884792625530e-02 2.304147465437787474e-04 2.304147465437787474e-04 2.327188940092165051e-02 2.304147465437787474e-04 9.447004608294926747e-03 2.304147465437787474e-04 2.304147465437787474e-04 2.304147465437787474e-04 2.304147465437787474e-04 2.304147465437787474e-04 2.304147465437787474e-04
6.121794871794870169e-02 1.634615384615384012e-02 3.205128205128204041e-04 1.314102564102563424e-02 7.724358974358971897e-02 3.557692307692306155e-02 1.990384615384614697e-01 1.955128205128204427e-02 1.955128205128204427e-02 1.028846153846153522e-01 3.525641025641024825e-03 3.205128205128204041e-04 7.403846153846151135e-02 3.205128205128204041e-04 1.634615384615384012e-02 3.205128205128204041e-04 3.878205128205126917e-02 5.480769230769229339e-02 1.381410256410255943e-01 3.525641025641024825e-03 3.525641025641024825e-03 3.205128205128204041e-04 3.205128205128204041e-04 3.205128205128204041e-04 1.124999999999999611e-01 3.205128205128204041e-04 3.205128205128204041e-04 3.205128205128204041e-04 3.205128205128204041e-04 6.730769230769228541e-03
2.439024390243901895e-04 2.682926829268292030e-03 2.439024390243901895e-04 3.195121951219511564e-02 2.439024390243901895e-04 2.439024390243901895e-04 2.682926829268292030e-03 5.121951219512193600e-03 2.439024390243901895e-04 2.439024390243901895e-04 1.243902439024389787e-02 5.121951219512193600e-03 2.439024390243901895e-04 7.097560975609754075e-02 1.243902439024389787e-02 7.097560975609754075e-02 2.439024390243901895e-04 7.560975609756095603e-03 2.439024390243901895e-04 1.148780487804877820e-01 4.929268292682925101e-01 2.439024390243901895e-04 1.295121951219511958e-01 2.439024390243901895e-04 2.439024390243901895e-04 2.439024390243901895e-04 1.731707317073170188e-02 2.439024390243901895e-04 1.975609756097560302e-02 2.439024390243901895e-04
6.114982578397212820e-02 1.916376306620209274e-03 1.742160278745644598e-04 1.742160278745644598e-04 2.231707317073170771e-01 1.742160278745644598e-04 2.804878048780488214e-02 1.726480836236933825e-01 1.916376306620209274e-03 2.108013937282229855e-02 7.857142857142856984e-02 3.501742160278745880e-02 2.630662020905923451e-02 1.742160278745644598e-04 8.902439024390243483e-02 1.742160278745644598e-04 1.742160278745644598e-04 5.418118466898955154e-02 1.742160278745644598e-04 3.501742160278745880e-02 1.742160278745644598e-04 1.742160278745644598e-04 2.108013937282229855e-02 1.742160278745644598e-04 1.916376306620209274e-03 1.742160278745644598e-04 3.675958188153310296e-02 1.742160278745644598e-04 1.099303135888501787e-01 1.742160278745644598e-04
3.154574132492112709e-04 9.779179810725548150e-03 2.870662460567822288e-02 1.608832807570977075e-02 3.154574132492112709e-04 3.154574132492112709e-04 3.154574132492112709e-04 3.154574132492112709e-04 3.154574132492112709e-04 3.154574132492112709e-04 6.624605678233435983e-03 3.154574132492112709e-04 2.239747634069399682e-02 5.078864353312301239e-02 9.779179810725548150e-03 6.340694006309145758e-02 6.624605678233435983e-03 3.154574132492112709e-04 3.154574132492112709e-04 3.154574132492112709e-04 1.580441640378548451e-01 3.470031545741323817e-03 5.145110410094635434e-01 3.154574132492112709e-04 3.154574132492112709e-04 3.154574132492112709e-04 3.154574132492112709e-04 1.044164037854889288e-01 3.154574132492112709e-04 3.154574132492112709e-04
2.801120448179270431e-04 2.801120448179270431e-04 2.801120448179270431e-04 2.801120448179270431e-04 5.882352941176467905e-03 2.268907563025208962e-02 2.801120448179270431e-04 4.789915966386552870e-02 1.627450980392156077e-01 2.801120448179270431e-04 2.549019607843135832e-02 2.801120448179270431e-04 6.750700280112041651e-02 2.801120448179270431e-04 1.988795518207281746e-02 2.801120448179270431e-04 3.448179271708681770e-01 3.949579831932770874e-02 9.831932773109239299e-02 2.801120448179270431e-04 2.801120448179270431e-04 5.630252100840334173e-02 2.549019607843135832e-02 2.801120448179270431e-04 7.310924369747895391e-02 2.801120448179270431e-04 2.801120448179270431e-04 2.801120448179270431e-04 5.882352941176467905e-03 2.801120448179270431e-04
2.192982456140350376e-04 2.192982456140350376e-04 2.412280701754385658e-03 2.192982456140350376e-04 6.820175438596490225e-02 2.192982456140350376e-04 2.192982456140350376e-04 8.574561403508769442e-02 8.355263157894735060e-02 2.192982456140350376e-04 9.890350877192979895e-02 2.412280701754385658e-03 6.798245614035086301e-03 1.337719298245613683e-02 1.778508771929823984e-01 2.192982456140350376e-04 2.192982456140350376e-04 1.515350877192981893e-01 2.192982456140350376e-04 5.942982456140349923e-02 2.412280701754385658e-03 2.192982456140350376e-04 2.192982456140350376e-04 2.192982456140350376e-04 2.192982456140350376e-04 2.192982456140350376e-04 1.557017543859648585e-02 4.605263157894735546e-03 4.627192982456139470e-02 1.778508771929823984e-01
1.458100558659218005e-01 5.586592178770950334e-04 5.083798882681563741e-02 5.586592178770950334e-04 5.586592178770950334e-04 1.625698324022346319e-01 1.234636871508379974e-01 1.173184357541899418e-02 2.290502793296089051e-02 8.435754189944133508e-02 5.586592178770950334e-04 6.145251396648045150e-03 1.122905027932960959e-01 5.586592178770950334e-04 1.731843575418994322e-02 5.586592178770950334e-04 5.586592178770950334e-04 5.586592178770950334e-04 6.201117318435753895e-02 5.586592178770950334e-04 5.586592178770950334e-04 5.586592178770950334e-04 5.586592178770950334e-04 5.586592178770950334e-04 8.435754189944133508e-02 5.586592178770950334e-04 6.145251396648045150e-03 5.586592178770950334e-04 1.011173184357541943e-01 5.586592178770950334e-04
1.755056179775280334e-01 2.247191011235954603e-04 9.213483146067413115e-03 3.168539325842695958e-02 3.058426966292133731e-01 5.865168539325841396e-02 1.530337078651684835e-01 1.370786516853932102e-02 2.247191011235954603e-04 2.247191011235954603e-04 8.112359550561795696e-02 2.247191011235954603e-04 2.044943820224718461e-02 2.719101123595504821e-02 1.370786516853932102e-02 2.247191011235954603e-04 2.471910112359549955e-03 1.370786516853932102e-02 2.247191011235954603e-04 2.247191011235954603e-04 2.247191011235954603e-04 2.247191011235954603e-04 1.370786516853932102e-02 2.247191011235954603e-04 2.494382022471909252e-02 2.494382022471909252e-02 2.719101123595504821e-02 2.247191011235954603e-04 2.247191011235954603e-04 2.247191011235954603e-04
6.148648648648649684e-02 6.756756756756758216e-04 6.148648648648649684e-02 6.756756756756758216e-04 1.020270270270270396e-01 9.527027027027028250e-02 6.756756756756758216e-04 8.175675675675676823e-02 6.756756756756758216e-04 2.094594594594595058e-02 6.756756756756758216e-04 6.756756756756758216e-04 6.756756756756758216e-04 2.770270270270270424e-02 9.527027027027028250e-02 4.121621621621621850e-02 6.756756756756758216e-04 3.790540540540541237e-01 6.756756756756758216e-04 7.432432432432434580e-03 6.756756756756758216e-04 6.756756756756758216e-04 6.756756756756758216e-04 7.432432432432434580e-03 6.756756756756758216e-04 7.432432432432434580e-03 6.756756756756758216e-04 6.756756756756758216e-04 6.756756756756758216e-04 6.756756756756758216e-04
1.064665127020784918e-01 2.309468822170900114e-04 3.718244803695149731e-02 2.309468822170900114e-04 1.041570438799075959e-01 1.639722863741338924e-02 2.681293302540415091e-01 1.180138568129329990e-01 6.951501154734410215e-02 2.309468822170900114e-04 2.309468822170900114e-04 2.540415704387990505e-03 1.180138568129329990e-01 2.309468822170900114e-04 2.309468822170900114e-04 2.309468822170900114e-04 2.540415704387990505e-03 2.332563510392609077e-02 3.718244803695149731e-02 2.309468822170900114e-04 2.309468822170900114e-04 2.309468822170900114e-04 2.540415704387990505e-03 1.639722863741338924e-02 4.872979214780599755e-02 2.563510392609699012e-02 2.309468822170900114e-04 2.309468822170900114e-04 2.309468822170900114e-04 2.309468822170900114e-04
1.153310104529616381e-01 3.832752613240416814e-03 3.484320557491288111e-04 3.484320557491288111e-04 3.484320557491288111e-04 3.484320557491288111e-04 9.790940766550519647e-02 9.094076655052261982e-02 2.547038327526131019e-01 3.484320557491288111e-04 3.484320557491288111e-04 3.484320557491288111e-04 1.080139372822299174e-02 3.484320557491288111e-04 3.484320557491288111e-04 4.564459930313587155e-02 2.303135888501741113e-01 3.832752613240416814e-03 3.484320557491288111e-04 3.867595818815329489e-02 3.484320557491288111e-04 3.484320557491288111e-04 1.080139372822299174e-02 3.484320557491288111e-04 3.484320557491288111e-04 8.397212543554004316e-02 3.484320557491288111e-04 3.484320557491288111e-04 7.317073170731705142e-03 3.484320557491288111e-04
