2.849740932642486589e-03 1.062176165803108488e-02 2.590673575129533016e-04 8.316062176165800457e-02 2.590673575129533016e-04 2.590673575129533016e-04 2.590673575129533016e-04 2.590673575129533016e-04 6.243523316062174477e-02 2.590673575129533016e-04 5.440414507772019063e-03 2.357512953367874725e-02 2.590673575129533016e-04 2.826424870466320294e-01 2.590673575129533016e-04 4.948186528497407893e-02 2.590673575129533016e-04 4.430051813471501398e-02 2.590673575129533016e-04 2.849740932642486589e-03 4.430051813471501398e-02 2.875647668393781567e-02 2.590673575129533016e-04 1.220207253886010090e-01 2.590673575129533016e-04 4.430051813471501398e-02 2.590673575129533016e-04 2.590673575129533016e-04 1.893782383419688464e-01 2.590673575129533016e-04
2.136752136752136479e-04 2.136752136752136479e-04 4.722222222222221405e-02 4.508547008547007795e-02 2.136752136752136479e-04 2.136752136752136479e-04 2.136752136752136479e-04 2.136752136752136479e-04 2.480769230769230005e-01 2.136752136752136479e-04 5.363247863247862235e-02 2.350427350427349883e-03 2.136752136752136479e-04 1.134615384615384331e-01 3.012820512820512178e-02 1.517094017094016735e-02 2.136752136752136479e-04 1.946581196581196049e-01 2.136752136752136479e-04 5.576923076923075845e-02 2.136752136752136479e-04 2.136752136752136479e-04 2.136752136752136479e-04 1.303418803418802951e-02 3.440170940170939745e-02 8.782051282051279995e-02 4.722222222222221405e-02 2.136752136752136479e-04 2.136752136752136479e-04 8.760683760683757315e-03
2.169197396963123275e-04 1.542299349240780493e-01 2.169197396963123275e-04 1.412147505422992888e-01 2.169197396963123275e-04 2.169197396963123275e-04 2.169197396963123275e-04 2.169197396963123275e-04 2.169197396963123275e-04 2.169197396963123275e-04 2.407809110629066662e-02 2.169197396963123275e-04 2.169197396963123275e-04 2.583514099783079665e-01 2.169197396963123275e-04 5.227765726681127267e-02 2.190889370932754335e-02 1.757049891540129680e-02 2.169197396963123275e-04 1.323210412147505025e-02 2.169197396963123275e-04 2.169197396963123275e-04 2.169197396963123275e-04 2.169197396963123275e-04 2.386117136659435603e-03 4.793926247288502612e-02 1.780911062906724018e-01 2.169197396963123275e-04 8.481561822125811834e-02 2.169197396963123275e-04
1.063829787234042408e-04 1.063829787234042408e-04 1.063829787234042408e-04 2.138297872340425010e-02 3.840425531914892776e-02 9.680851063829784206e-03 1.063829787234042408e-04 1.063829787234042408e-04 3.521276595744680243e-02 1.063829787234042408e-04 5.425531914893615658e-03 8.617021276595741852e-03 3.414893617021275835e-02 2.713829787234041668e-01 3.734042553191488367e-02 1.063829787234042408e-04 4.361702127659573304e-03 4.361702127659573304e-03 1.063829787234042408e-04 1.063829787234042408e-04 1.011702127659574180e-01 4.797872340425531068e-02 1.063829787234042408e-04 4.265957446808509718e-02 9.680851063829784206e-03 1.925531914893616539e-02 2.234042553191489030e-03 1.063829787234042408e-04 1.905319148936169826e-01 1.149999999999999634e-01
1.000000000000000368e-02 4.761904761904763527e-04 4.761904761904763527e-04 1.290476190476190776e-01 4.761904761904763527e-04 4.761904761904763527e-04 5.238095238095239609e-03 1.000000000000000368e-02 4.761904761904763527e-04 4.761904761904763527e-04 4.761904761904763527e-04 7.666666666666668850e-02 2.766666666666667274e-01 5.285714285714286642e-02 1.476190476190476601e-02 4.761904761904763527e-04 7.666666666666668850e-02 7.190476190476191576e-02 4.761904761904763527e-04 5.238095238095239609e-03 3.380952380952381708e-02 2.428571428571428895e-02 4.761904761904763527e-04 4.761904761904763527e-04 4.761904761904763527e-04 4.761904761904763527e-04 1.957142857142857850e-01 4.761904761904763527e-04 4.761904761904763527e-04 1.000000000000000368e-02
8.034351145038166886e-02 1.908396946564885205e-04 4.408396946564884650e-02 1.908396946564885205e-04 1.908396946564885205e-04 1.908396946564885205e-04 1.908396946564885205e-04 3.263358778625953527e-02 5.362595419847327599e-02 1.908396946564885205e-04 2.099236641221373725e-03 7.824427480916027605e-03 1.908396946564885205e-04 8.225190839694654366e-02 1.908396946564885205e-04 4.007633587786258930e-03 1.908396946564885205e-04 1.908396946564885205e-04 1.908396946564885205e-04 1.908396946564885205e-04 9.942748091603051397e-02 5.553435114503815773e-02 4.007633587786258930e-03 2.118320610687022404e-02 1.908396946564885205e-04 1.908396946564885205e-04 1.908396946564885205e-04 1.908396946564885205e-04 4.009541984732823416e-01 1.089694656488549435e-01
5.102040816326532157e-04 5.102040816326532157e-04 5.102040816326532157e-04 5.612244897959185047e-03 5.102040816326532157e-04 1.071428571428571612e-02 5.102040816326532157e-04 9.744897959183675129e-02 5.102040816326532157e-04 5.102040816326532157e-04 5.102040816326532157e-04 5.102040816326532157e-04 5.102040816326532157e-04 4.132653061224490082e-02 2.096938775510204522e-01 8.724489795918369262e-02 5.102040816326532157e-04 5.102040816326532157e-04 5.612244897959185047e-03 5.102040816326532157e-04 8.214285714285715634e-02 5.102040816326532157e-04 5.102040816326532157e-04 2.096938775510204522e-01 1.841836734693877986e-01 5.102040816326532157e-04 5.102040816326532157e-04 5.102040816326532157e-04 1.581632653061224719e-02 4.132653061224490082e-02
3.636363636363635059e-04 3.636363636363635059e-04 7.636363636363633842e-03 1.276363636363635756e-01 3.636363636363635059e-04 3.636363636363635059e-04 1.127272727272726760e-02 2.218181818181817061e-02 3.636363636363635059e-04 3.636363636363635059e-04 3.636363636363635059e-04 3.636363636363635059e-04 3.636363636363635059e-04 2.039999999999999314e-01 1.854545454545453512e-02 3.636363636363635059e-04 3.636363636363635059e-04 2.581818181818180610e-02 7.309090909090906751e-02 4.763636363636361559e-02 2.258181818181817235e-01 3.309090909090907362e-02 8.763636363636360949e-02 3.636363636363635059e-04 5.127272727272724762e-02 3.636363636363635059e-04 1.127272727272726760e-02 3.636363636363635059e-04 4.399999999999998357e-02 3.999999999999998349e-03
9.832985386221294866e-02 2.296450939457202797e-03 2.087682672233820576e-04 2.087682672233820576e-04 6.471816283924843732e-03 2.108559498956158462e-02 2.087682672233820576e-04 2.296450939457202797e-03 4.196242171189979581e-02 2.087682672233820576e-04 2.087682672233820576e-04 1.691022964509394585e-02 2.087682672233820576e-04 2.087682672233820576e-04 2.087682672233820576e-04 2.087682672233820576e-04 2.296450939457202797e-03 2.087682672233820576e-04 2.296450939457202797e-03 2.087682672233820576e-04 2.108559498956158462e-02 1.129436325678496861e-01 2.087682672233820576e-04 2.087682672233820576e-04 4.384133611691023481e-03 1.818371607515657518e-01 7.536534446764092676e-02 1.273486430062630362e-02 3.008350730688935104e-01 9.415448851774529948e-02
1.666666666666666340e-04 1.666666666666666340e-04 1.666666666666666340e-04 1.201666666666666300e-01 1.666666666666666340e-04 1.666666666666666340e-04 1.666666666666666340e-04 1.666666666666666340e-04 2.516666666666666011e-02 1.666666666666666340e-04 3.499999999999999639e-03 1.666666666666666340e-04 6.833333333333331018e-03 2.401666666666666117e-01 1.666666666666666340e-04 1.833333333333333082e-03 1.666666666666666340e-04 2.349999999999999659e-02 1.666666666666666340e-04 1.666666666666666340e-04 1.666666666666666340e-04 2.468333333333332658e-01 1.666666666666666340e-04 1.666666666666666340e-04 1.833333333333333082e-03 3.683333333333332904e-02 8.849999999999998146e-02 1.666666666666666340e-04 1.684999999999999554e-01 3.349999999999999506e-02
8.156146179401992102e-02 1.827242524916943217e-03 1.214285714285713996e-01 1.661129568106312114e-04 1.661129568106312114e-04 1.661129568106312114e-04 1.661129568106312114e-04 1.031561461794019696e-01 1.661129568106312114e-04 1.661129568106312114e-04 1.661129568106312114e-04 1.661129568106312114e-04 1.661129568106312114e-04 1.827242524916943217e-03 2.674418604651162407e-02 5.664451827242523996e-02 1.661129568106312114e-04 1.661129568106312114e-04 1.661129568106312114e-04 2.508305647840531130e-02 1.463455149501660668e-01 1.013289036544850162e-02 1.661129568106312114e-04 1.661129568106312114e-04 4.169435215946843548e-02 3.006644518272424960e-02 1.661129568106312114e-04 1.661129568106312114e-04 3.191029900332225111e-01 3.172757475083055889e-02
2.808988764044942983e-04 3.960674157303369081e-02 2.808988764044942983e-04 1.014044943820224393e-01 1.575842696629213002e-01 2.808988764044942983e-04 6.488764044943819143e-02 1.660112359550561245e-01 2.808988764044942983e-04 2.808988764044942983e-04 2.808988764044942983e-04 1.713483146067415128e-02 2.808988764044942983e-04 2.808988764044942983e-04 2.808988764044942983e-04 9.578651685393255177e-02 5.084269662921347271e-02 2.808988764044942983e-04 2.808988764044942983e-04 2.808988764044942983e-04 2.808988764044942983e-04 3.398876404494381026e-02 2.808988764044942983e-04 2.808988764044942983e-04 3.089887640449437336e-03 1.098314606741572774e-01 6.769662921348312823e-02 2.808988764044942983e-04 8.735955056179772749e-02 2.808988764044942983e-04
1.172972972972972650e-01 1.801801801801801558e-04 1.279279279279278876e-02 1.801801801801801558e-04 7.387387387387385658e-03 1.099099099099098802e-02 1.981981981981981687e-03 2.720720720720719993e-02 1.801801801801801558e-04 7.387387387387385658e-03 3.783783783783783300e-03 1.801801801801801558e-04 1.801801801801801558e-04 1.801801801801801558e-04 5.423423423423422846e-02 1.801801801801801558e-04 1.981981981981981687e-03 1.801801801801801558e-04 2.037837837837837285e-01 4.162162162162161283e-02 1.801801801801801558e-04 1.981981981981981687e-03 1.801801801801801558e-04 1.279279279279278876e-02 8.306306306306304732e-02 1.767567567567567000e-01 1.389189189189188878e-01 1.801801801801801558e-04 9.207207207207206145e-02 1.981981981981981687e-03
1.226993865030674648e-04 1.226993865030674648e-04 4.674846625766870822e-02 5.901840490797545524e-02 1.226993865030674648e-04 1.361963190184048780e-02 1.226993865030674648e-04 3.202453987730061180e-02 2.711656441717791299e-02 1.349693251533742302e-03 4.429447852760735882e-02 1.239263803680981310e-02 6.257668711656440459e-03 2.381595092024539340e-01 2.220858895705521419e-02 1.226993865030674648e-04 1.226993865030674648e-04 2.576687116564416787e-03 1.226993865030674648e-04 1.226993865030674648e-04 1.044171779141104123e-01 1.730061349693251191e-02 2.466257668711656359e-02 1.226993865030674648e-04 1.226993865030674648e-04 1.484662576687116251e-02 1.349693251533742302e-03 2.576687116564416787e-03 2.626993865030674558e-01 6.515337423312882181e-02
5.508130081300811887e-02 2.235772357723576909e-03 2.032520325203251760e-04 4.695121951219511508e-02 8.150406504065038638e-02 2.032520325203251760e-04 3.069105691056909710e-02 2.032520325203251760e-04 4.268292682926828722e-03 2.032520325203251760e-04 4.898373983739836429e-02 2.235772357723576909e-03 2.032520325203251760e-04 1.628048780487804381e-01 5.101626016260162044e-02 7.743902439024388795e-02 2.032520325203251760e-04 2.235772357723576909e-03 8.333333333333331483e-03 3.882113821138210435e-02 2.032520325203251760e-04 2.032520325203251760e-04 2.032520325203251760e-04 1.443089430894308606e-02 2.032520325203251760e-04 6.117886178861787344e-02 1.485772357723576798e-01 2.032520325203251760e-04 2.032520325203251760e-04 1.607723577235771750e-01
1.347017318794099241e-03 1.988454137267479677e-03 6.414368184733805717e-05 4.560615779345735671e-02 2.572161642078256080e-02 7.055805003207186966e-04 1.347017318794099241e-03 6.414368184733805717e-05 4.458627325208468495e-01 6.414368184733805717e-05 3.534316869788326626e-02 3.213598460551636560e-02 2.443874278383580123e-02 6.414368184733805717e-05 7.055805003207186966e-04 7.055805003207186966e-04 6.414368184733805717e-05 1.001282873636946957e-01 4.496472097498397519e-02 5.073765234124440193e-02 6.414368184733805717e-05 6.414368184733805717e-05 9.685695958948047080e-03 7.119948685054523600e-03 6.414368184733805717e-05 9.243104554201413137e-02 5.779345734445158478e-02 1.802437459910199297e-02 6.414368184733805717e-05 2.629890955740859897e-03
2.066115702479338521e-04 2.066115702479338521e-04 2.066115702479338521e-04 4.359504132231404455e-02 1.365702479338842534e-01 2.272727272727272183e-03 2.272727272727272183e-03 3.326446280991735005e-02 3.533057851239668895e-02 4.338842975206610650e-03 2.066115702479338521e-04 1.283057851239669256e-01 2.066115702479338521e-04 5.599173553719007101e-02 2.066115702479338521e-04 2.066115702479338521e-04 2.066115702479338521e-04 2.913223140495866878e-02 2.272727272727272183e-03 4.152892561983470565e-02 2.066115702479338521e-04 1.510330578512396327e-01 8.471074380165286716e-03 1.260330578512396278e-02 2.066115702479338521e-04 2.086776859504131665e-02 2.066115702479338521e-04 2.066115702479338521e-04 2.192148760330577817e-01 7.045454545454543638e-02
5.084427767354595534e-02 1.876172607879924680e-04 6.210131332082550332e-02 7.692307692307690133e-03 1.876172607879924680e-04 1.876172607879924680e-04 1.876172607879924680e-04 1.876172607879924680e-04 1.876172607879924680e-04 1.876172607879924680e-04 1.876172607879924680e-04 1.876172607879924680e-04 1.876172607879924680e-04 1.296435272045027842e-01 2.853658536585365058e-01 6.397748592870543261e-02 1.876172607879924680e-04 1.876172607879924680e-04 1.183864915572232362e-01 6.022514071294558097e-02 1.876172607879924680e-04 1.876172607879924680e-04 1.519699812382738907e-02 1.894934333958723724e-02 1.519699812382738907e-02 6.960600375234519965e-02 7.523452157598498058e-02 1.876172607879924680e-04 2.457786116322701123e-02 1.876172607879924680e-04
2.590673575129533559e-04 2.590673575129533559e-04 5.725388601036270064e-02 2.590673575129533559e-04 2.590673575129533559e-04 2.590673575129533559e-04 3.652849740932642697e-02 2.590673575129533559e-04 1.090673575129533779e-01 2.849740932642487456e-03 2.590673575129533559e-04 2.590673575129533559e-04 2.590673575129533559e-04 2.075129533678756466e-01 2.590673575129533559e-04 5.440414507772020798e-03 2.590673575129533559e-04 2.849740932642487456e-03 2.590673575129533559e-04 2.357512953367875419e-02 5.984455958549222965e-02 8.031088082901554140e-03 1.321243523316062082e-02 2.590673575129533559e-04 2.590673575129533559e-04 5.207253886010362876e-02 2.590673575129533559e-04 2.849740932642487456e-03 3.240932642487046600e-01 9.093264248704663322e-02
9.296296296296292783e-02 3.703703703703702436e-04 3.703703703703702436e-04 3.703703703703702436e-04 3.703703703703702436e-04 4.074074074074072842e-03 3.703703703703702436e-04 6.333333333333331094e-02 1.225925925925925447e-01 3.703703703703702436e-04 1.299999999999999489e-01 3.703703703703702436e-04 3.703703703703702436e-04 3.703703703703702436e-04 3.703703703703702436e-04 2.999999999999998501e-02 8.555555555555552361e-02 1.781481481481480833e-01 3.703703703703702436e-04 1.374074074074073670e-01 3.703703703703702436e-04 3.703703703703702436e-04 4.074074074074072842e-03 2.999999999999998501e-02 3.703703703703702436e-04 1.040740740740740411e-01 4.074074074074072842e-03 7.777777777777774952e-03 3.703703703703702436e-04 3.703703703703702436e-04
3.086419753086419148e-04 3.086419753086419148e-04 1.574074074074073570e-02 6.481481481481480428e-03 1.574074074074073570e-02 3.086419753086419148e-04 3.086419753086419148e-04 3.086419753086419148e-04 3.086419753086419148e-04 3.086419753086419148e-04 3.395061728395061280e-03 1.265432098765431786e-02 3.086419753086419148e-04 3.086419753086419148e-04 1.947530864197530576e-01 6.481481481481480428e-03 3.086419753086419148e-04 2.499999999999999445e-02 4.351851851851851194e-02 2.441358024691357431e-01 3.086419753086419148e-04 3.086419753086419148e-04 3.395061728395061280e-03 3.086419753086419148e-04 1.114197530864197427e-01 1.422839506172839386e-01 1.608024691358024560e-01 9.567901234567900010e-03 3.086419753086419148e-04 3.086419753086419148e-04
1.325379609544468373e-01 2.386117136659435603e-03 1.216919739696312036e-01 2.169197396963123275e-04 2.169197396963123275e-04 2.169197396963123275e-04 8.047722342733186485e-02 3.058568329718003645e-02 7.613882863340562523e-02 2.169197396963123275e-04 2.386117136659435603e-03 2.169197396963123275e-04 2.169197396963123275e-04 5.661605206073751922e-02 2.169197396963123275e-04 2.169197396963123275e-04 2.169197396963123275e-04 4.555314533622558879e-03 4.143167028199565283e-02 9.999999999999997780e-02 2.169197396963123275e-04 2.169197396963123275e-04 6.312364425162687864e-02 2.169197396963123275e-04 2.169197396963123275e-04 5.878524945770063903e-02 2.169197396963123275e-04 2.386117136659435603e-03 1.390455531453361759e-01 8.481561822125811834e-02
5.425531914893618607e-02 1.063829787234043004e-03 1.063829787234043004e-03 1.063829787234043004e-03 1.606382978723404631e-01 1.063829787234043004e-03 1.063829787234043004e-03 1.063829787234043004e-03 1.063829787234043004e-03 1.063829787234043004e-03 1.063829787234043004e-03 1.063829787234043004e-03 1.063829787234043004e-03 1.170212765957447283e-02 4.361702127659575212e-02 3.297872340425533205e-02 1.063829787234043004e-03 1.063829787234043004e-03 7.553191489361704702e-02 9.680851063829790104e-02 1.063829787234043004e-03 1.063829787234043004e-03 1.063829787234043004e-03 1.063829787234043004e-03 1.063829787234043004e-03 1.063829787234043004e-03 5.010638297872341829e-01 1.063829787234043004e-03 1.063829787234043004e-03 1.063829787234043004e-03
1.322751322751322569e-04 1.322751322751322569e-04 2.777777777777777450e-03 6.891534391534390180e-02 8.068783068783067294e-03 1.203703703703703533e-02 4.100529100529100128e-03 1.322751322751322569e-04 2.526455026455026384e-02 4.100529100529100128e-03 1.322751322751322569e-04 1.455026455026454989e-03 1.322751322751322569e-04 2.660052910052909669e-01 1.322751322751322569e-04 1.322751322751322569e-04 1.322751322751322569e-04 3.320105820105819644e-02 1.455026455026454989e-03 1.322751322751322569e-04 7.949735449735448323e-02 1.335978835978835801e-02 6.746031746031744616e-03 1.322751322751322569e-04 9.391534391534389972e-03 2.791005291005290920e-02 5.833333333333332732e-02 4.100529100529100128e-03 3.374338624338623638e-01 3.452380952380951912e-02
3.676470588235295151e-04 3.676470588235295151e-04 2.242647058823529771e-02 3.676470588235295151e-04 1.875000000000000278e-02 4.816176470588236225e-02 3.676470588235295151e-04 7.720588235294119708e-03 1.507352941176470784e-02 3.676470588235295151e-04 3.676470588235295151e-04 3.676470588235295151e-04 1.139705882352941464e-02 1.915441176470588647e-01 3.676470588235295151e-04 1.139705882352941464e-02 3.676470588235295151e-04 3.676470588235295151e-04 1.875000000000000278e-02 3.676470588235295151e-04 1.511029411764706343e-01 2.610294117647059264e-02 4.044117647058824774e-03 2.242647058823529771e-02 3.676470588235295151e-04 4.044117647058824774e-03 1.507352941176470784e-02 3.676470588235295151e-04 3.018382352941176849e-01 1.253676470588235559e-01
2.421875000000000763e-02 7.812500000000002602e-04 7.812500000000002602e-04 7.812500000000002602e-04 7.812500000000002602e-04 7.812500000000002602e-04 3.984375000000000416e-02 5.546875000000001110e-02 7.812500000000002602e-04 7.812500000000002602e-04 2.421875000000000763e-02 1.804687500000000389e-01 8.593750000000002429e-03 1.648437500000000389e-01 3.203125000000000416e-02 7.812500000000002602e-04 7.812500000000002602e-04 7.812500000000002602e-04 7.812500000000002602e-04 3.984375000000000416e-02 7.812500000000002602e-04 2.421875000000000763e-02 1.726562500000000389e-01 7.812500000000002602e-04 1.804687500000000389e-01 7.812500000000002602e-04 7.812500000000002602e-04 7.812500000000002602e-04 7.812500000000002602e-04 3.984375000000000416e-02
2.439335887611749493e-02 1.277139208173690794e-04 2.670498084291187402e-01 1.277139208173690794e-04 1.277139208173690794e-04 7.164750957854405800e-02 1.277139208173690794e-04 1.277139208173690794e-04 1.277139208173690794e-04 1.277139208173690794e-04 1.277139208173690794e-04 1.277139208173690794e-04 1.277139208173690794e-04 1.277139208173690794e-04 5.887611749680714268e-02 1.277139208173690794e-04 1.277139208173690794e-04 2.681992337164750776e-03 1.277139208173690794e-04 4.355044699872285402e-02 4.865900383141762153e-02 1.289910600255427670e-02 1.277139208173690794e-04 1.673052362707534713e-02 8.569604086845464264e-02 6.398467432950190326e-02 1.277139208173690794e-04 1.277139208173690794e-04 2.747126436781608949e-01 2.694763729246487521e-02
3.875968992248061962e-04 3.875968992248061962e-04 3.914728682170542234e-02 5.852713178294573215e-02 3.875968992248061962e-04 1.201550387596899208e-02 1.976744186046511600e-02 3.875968992248061962e-04 7.790697674418604890e-02 5.852713178294573215e-02 3.875968992248061962e-04 3.875968992248061962e-04 7.403100775193799388e-02 1.825581395348837288e-01 3.875968992248061962e-04 4.263565891472868158e-03 5.077519379844960823e-02 3.875968992248061962e-04 1.589147286821705404e-02 8.139534883720930120e-03 4.263565891472868158e-03 9.728682170542636565e-02 1.589147286821705404e-02 2.364341085271317797e-02 4.263565891472868158e-03 3.875968992248061962e-04 3.875968992248061962e-04 3.875968992248061962e-04 1.941860465116279078e-01 5.465116279069767019e-02
1.845018450184502062e-04 1.845018450184502062e-04 1.863468634686346950e-02 4.815498154981549817e-02 1.845018450184502062e-04 5.184501845018450739e-02 1.845018450184502062e-04 1.494464944649446375e-02 1.845018450184502062e-04 1.845018450184502062e-04 1.845018450184502062e-04 2.029520295202952296e-03 1.494464944649446375e-02 1.238007380073800623e-01 1.845018450184502062e-04 3.874538745387453870e-03 1.845018450184502062e-04 5.184501845018450739e-02 4.077490774907749360e-02 1.845018450184502062e-04 8.505535055350553486e-02 1.845018450184502062e-04 1.845018450184502062e-04 1.845018450184502062e-04 1.845018450184502062e-04 1.678966789667896489e-02 1.274907749077490715e-01 5.922509225092251195e-02 2.806273062730627044e-01 5.738007380073800734e-02
2.506265664160400972e-04 2.506265664160400972e-04 2.280701754385964716e-02 5.263157894736841987e-03 2.506265664160400972e-04 8.045112781954887049e-02 2.506265664160400972e-04 1.779448621553884544e-02 1.278195488721804371e-02 2.506265664160400972e-04 3.533834586466165495e-02 2.506265664160400972e-04 2.506265664160400972e-04 1.832080200501252920e-01 5.538847117794486880e-02 2.506265664160400972e-04 2.506265664160400972e-04 6.290726817042606445e-02 5.263157894736841987e-03 2.506265664160400972e-04 1.030075187969924783e-01 2.506265664160400972e-04 2.756892230576441123e-03 3.032581453634084975e-02 2.506265664160400972e-04 2.506265664160400972e-04 2.506265664160400972e-04 2.506265664160400972e-04 3.786967418546365871e-01 2.506265664160400972e-04
4.161735700197237431e-02 1.972386587771202549e-04 1.972386587771202549e-04 5.739644970414199687e-02 7.712031558185401814e-02 1.972386587771202549e-04 1.972386587771202549e-04 1.972386587771202549e-04 1.972386587771202549e-04 1.972386587771202549e-04 2.583826429980275174e-02 1.972386587771202549e-04 1.972386587771202549e-04 8.895463510848124200e-02 1.972386587771202549e-04 1.972386587771202549e-04 1.972386587771202549e-04 1.972386587771202549e-04 1.992110453648914328e-02 6.331360946745560880e-02 2.169625246548323103e-03 3.808678500986191762e-01 1.972386587771202549e-04 1.972386587771202549e-04 6.114398422090727876e-03 7.909270216962521749e-02 9.289940828402364070e-02 1.972386587771202549e-04 6.134122287968440251e-02 1.972386587771202549e-04
1.286096256684491901e-01 2.941176470588235687e-03 2.673796791443850329e-04 2.673796791443850329e-04 2.673796791443850329e-04 2.673796791443850329e-04 2.673796791443850329e-04 1.898395721925133506e-02 2.673796791443850329e-04 5.614973262032085799e-03 5.614973262032085799e-03 2.941176470588235687e-03 2.673796791443850329e-04 2.673796791443850329e-04 5.614973262032085799e-03 5.641711229946524270e-02 2.673796791443850329e-04 2.673796791443850329e-04 1.363636363636363570e-02 2.673796791443850329e-04 1.631016042780748451e-02 2.673796791443850329e-04 2.673796791443850329e-04 1.713903743315507988e-01 2.673796791443850329e-04 6.443850267379679086e-02 5.374331550802139562e-02 2.673796791443850329e-04 1.794117647058823262e-01 2.703208556149732655e-01
2.604166666666666088e-04 5.468749999999998786e-03 2.369791666666665880e-02 2.604166666666666088e-04 2.604166666666666088e-04 2.604166666666666088e-04 2.604166666666666088e-04 2.604166666666666088e-04 3.932291666666665186e-02 2.216145833333332538e-01 1.122395833333333093e-01 2.604166666666666088e-04 2.604166666666666088e-04 1.643229166666666241e-01 2.604166666666666088e-04 8.098958333333330928e-02 2.111979166666665964e-01 2.604166666666666088e-04 2.604166666666666088e-04 2.604166666666666088e-04 2.604166666666666088e-04 2.604166666666666088e-04 2.604166666666666088e-04 2.864583333333332697e-03 4.192708333333332316e-02 2.604166666666666088e-04 9.140624999999998057e-02 2.604166666666666088e-04 2.604166666666666088e-04 2.604166666666666088e-04
6.122159090909089912e-02 1.420454545454545386e-04 1.748579545454544970e-01 1.562499999999999870e-03 1.860795454545454211e-02 3.139204545454545026e-02 1.420454545454545386e-04 1.420454545454545386e-04 5.269886363636362703e-02 7.244318181818179894e-03 1.420454545454545386e-04 1.420454545454545386e-04 1.420454545454545386e-04 8.963068181818180380e-02 4.133522727272726655e-02 1.420454545454545386e-04 1.420454545454545386e-04 8.664772727272725822e-03 1.420454545454545386e-04 1.420454545454545386e-04 8.664772727272725822e-03 1.420454545454545386e-04 4.403409090909090641e-03 9.673295454545452476e-02 1.292613636363636187e-02 6.122159090909089912e-02 4.275568181818181074e-02 1.562499999999999870e-03 1.549715909090908783e-01 1.279829545454545248e-01
6.287703016241298626e-02 2.320185614849187405e-04 2.320185614849187405e-04 2.320185614849187405e-04 2.320185614849187405e-04 2.552204176334106362e-03 1.951276102088166375e-01 9.071925754060322644e-02 6.519721577726216022e-02 2.320185614849187405e-04 2.320185614849187405e-04 2.320185614849187405e-04 9.512761020881667709e-03 8.375870069605566293e-02 2.320185614849187405e-04 3.967517401392110787e-02 1.183294663573085381e-02 9.512761020881667709e-03 2.320185614849187405e-04 1.162412993039442927e-01 2.552204176334106362e-03 5.127610208816704013e-02 5.823665893271460364e-02 2.320185614849187405e-04 9.767981438515078996e-02 1.415313225058004165e-02 2.320185614849187405e-04 2.552204176334106362e-03 5.359628770301622797e-02 3.039443155452435305e-02
1.360544217687074519e-04 9.659863945578228001e-03 1.782312925170067425e-02 1.360544217687074519e-04 1.646258503401359929e-02 7.088435374149658352e-02 2.190476190476189911e-02 4.217687074829930792e-03 1.360544217687074519e-04 5.455782312925168409e-02 1.360544217687074519e-04 2.870748299319727040e-02 2.870748299319727040e-02 2.640816326530611158e-01 1.102040816326530295e-02 1.360544217687074519e-04 1.646258503401359929e-02 1.360544217687074519e-04 1.360544217687074519e-04 2.326530612244897406e-02 1.360544217687074519e-04 8.585034013605440106e-02 4.217687074829930792e-03 1.035374149659863546e-01 2.857142857142856273e-03 1.360544217687074519e-04 1.360544217687074519e-04 3.687074829931971665e-02 1.756462585034012924e-01 2.190476190476189911e-02
5.488281249999998890e-02 1.953124999999999566e-04 1.972656249999999584e-02 1.386718749999999584e-02 1.953124999999999566e-04 1.953124999999999566e-04 4.316406249999999584e-02 4.902343749999998890e-02 2.167968749999999584e-02 1.582031249999999584e-02 2.148437499999999740e-03 1.953124999999999566e-04 1.953124999999999566e-04 1.191406249999999584e-02 1.953124999999999566e-04 8.007812499999997571e-03 8.417968749999998890e-02 1.582031249999999584e-02 7.050781249999998890e-02 8.027343749999998890e-02 1.953124999999999566e-04 1.953124999999999566e-04 1.486328124999999611e-01 6.054687499999998439e-03 2.363281249999999237e-02 9.394531249999997502e-02 1.953124999999999566e-04 1.953124999999999566e-04 1.251953124999999611e-01 1.095703124999999750e-01
9.457364341085268758e-03 1.550387596899224622e-04 2.063565891472867730e-01 1.705426356589147220e-03 1.550387596899224622e-04 1.550387596899224622e-04 3.255813953488371788e-03 1.550387596899224622e-04 1.550387596899224622e-04 3.255813953488371788e-03 1.550387596899224622e-04 1.550387596899224622e-04 1.550387596899224622e-04 4.976744186046511143e-02 7.767441860465115755e-02 1.720930232558139095e-02 1.550387596899224622e-04 1.410852713178294311e-02 1.705426356589147220e-03 5.441860465116278578e-02 1.024806201550387263e-01 1.550387596899224622e-04 1.550387596899224622e-04 1.550387596899224622e-04 3.891472868217053793e-02 3.736434108527131315e-02 1.550387596899224622e-04 1.550387596899224622e-04 3.799999999999999489e-01 1.550387596899224622e-04
1.135857461024498451e-02 2.227171492204899300e-04 2.227171492204899300e-04 2.227171492204899300e-04 2.227171492204899300e-04 1.071269487750556582e-01 2.449888641425389257e-03 7.817371937639196189e-02 2.227171492204899300e-04 2.227171492204899300e-04 2.227171492204899300e-04 2.227171492204899300e-04 2.227171492204899300e-04 2.207126948775054998e-01 2.227171492204899300e-04 2.227171492204899300e-04 2.227171492204899300e-04 2.227171492204899300e-04 2.227171492204899300e-04 5.367483296213807625e-02 2.227171492204899300e-04 7.594654788418706004e-02 2.227171492204899300e-04 6.481069042316256468e-02 2.227171492204899300e-04 2.227171492204899300e-04 2.227171492204899300e-04 2.026726057906458323e-02 3.031180400890867710e-01 5.812917594654787301e-02
7.212230215827336588e-02 1.978417266187049942e-03 1.798561151079136459e-04 1.062949640287769587e-01 1.798561151079136459e-04 2.176258992805754980e-02 1.798561151079136459e-04 1.798561151079136459e-04 5.053956834532373488e-02 1.798561151079136459e-04 2.535971223021582163e-02 1.798561151079136459e-04 3.255395683453236877e-02 1.798561151079136459e-04 1.798561151079136459e-04 1.798561151079136459e-04 1.798561151079136459e-04 7.571942446043164465e-02 1.798561151079136459e-04 1.276978417266186674e-02 2.535971223021582163e-02 1.116906474820143630e-01 3.776978417266186293e-03 1.798561151079136459e-04 1.097122302158273083e-02 1.206834532374100322e-01 1.080935251798560981e-01 1.798561151079136459e-04 2.178057553956833925e-01 1.798561151079136459e-04
2.505694760820045136e-03 2.277904328018222802e-04 2.505694760820045136e-03 2.277904328018222802e-04 9.362186788154895634e-02 2.277904328018222802e-04 2.505694760820045136e-03 2.528473804100227207e-02 3.439635535307516284e-02 2.277904328018222802e-04 2.277904328018222802e-04 6.400911161731205612e-02 2.277904328018222802e-04 3.031890660592254094e-01 2.505694760820045136e-03 2.277904328018222802e-04 2.277904328018222802e-04 2.277904328018222802e-04 2.277904328018222802e-04 2.277904328018222802e-04 2.277904328018222802e-04 7.767653758542139575e-02 7.061503416856490523e-03 2.553530751708427693e-01 2.277904328018222802e-04 2.277904328018222802e-04 2.277904328018222802e-04 2.277904328018222802e-04 1.186788154897494008e-01 7.061503416856490523e-03
1.235074626865671626e-01 3.731343283582089589e-04 5.634328358208955112e-02 3.731343283582089589e-04 3.731343283582089589e-04 5.634328358208955112e-02 3.731343283582089589e-04 3.731343283582089589e-04 8.246268656716418399e-02 3.731343283582089589e-04 3.731343283582089589e-04 3.731343283582089589e-04 3.731343283582089589e-04 3.731343283582089589e-04 4.514925373134328485e-02 3.022388059701492519e-02 3.731343283582089589e-04 4.141791044776119146e-02 4.104477611940299253e-03 3.731343283582089589e-04 3.022388059701492519e-02 3.731343283582089589e-04 3.731343283582089589e-04 9.738805970149254365e-02 4.104477611940299253e-03 1.048507462686567165e-01 3.731343283582089589e-04 5.634328358208955112e-02 2.167910447761194070e-01 4.514925373134328485e-02
6.959999999999998133e-02 2.666666666666666252e-04 2.666666666666666252e-04 7.226666666666664574e-02 1.122666666666666396e-01 8.266666666666665220e-03 5.599999999999998208e-03 2.666666666666666252e-04 2.666666666666666252e-04 2.666666666666666252e-04 2.666666666666666252e-04 2.666666666666666252e-04 2.666666666666666252e-04 3.493333333333332319e-02 8.293333333333331725e-02 6.159999999999998810e-02 2.666666666666666252e-04 1.626666666666666192e-02 2.666666666666666252e-04 4.026666666666665201e-02 2.159999999999999420e-02 1.093333333333332963e-02 2.666666666666666252e-04 1.389333333333332976e-01 2.666666666666666252e-04 6.693333333333331692e-02 1.149333333333333040e-01 2.959999999999999090e-02 1.095999999999999752e-01 2.666666666666666252e-04
3.086956521739131140e-02 4.347826086956522985e-04 4.347826086956522985e-04 4.347826086956522985e-04 4.347826086956522985e-04 4.347826086956522985e-04 4.347826086956522985e-04 1.569565217391304668e-01 4.347826086956522985e-04 4.347826086956522985e-04 9.608695652173916690e-02 4.347826086956522985e-04 4.347826086956522985e-04 3.308695652173913593e-01 4.347826086956522985e-04 4.347826086956522985e-04 4.347826086956522985e-04 4.347826086956522985e-04 4.347826086956522985e-04 4.347826086956522985e-04 4.347826086956522985e-04 1.347826086956522076e-02 4.782608695652175446e-03 9.608695652173916690e-02 1.347826086956522076e-02 4.782608695652175446e-03 4.347826086956522985e-04 6.565217391304349615e-02 5.695652173913044736e-02 1.221739130434782994e-01
3.076923076923075945e-04 3.076923076923075945e-04 3.076923076923075945e-04 3.076923076923075945e-04 3.076923076923075945e-04 3.076923076923075945e-04 3.076923076923075945e-04 3.076923076923075945e-04 1.876923076923076028e-02 6.618461538461536398e-01 3.076923076923075945e-04 3.076923076923075945e-04 3.076923076923075945e-04 4.646153846153844302e-02 3.384615384615383919e-03 3.076923076923075945e-04 1.941538461538460936e-01 3.076923076923075945e-04 5.569230769230767986e-02 3.076923076923075945e-04 3.076923076923075945e-04 3.384615384615383919e-03 3.384615384615383919e-03 3.076923076923075945e-04 3.076923076923075945e-04 3.076923076923075945e-04 6.461538461538459538e-03 3.076923076923075945e-04 3.076923076923075945e-04 3.076923076923075945e-04
1.314102564102564291e-02 3.205128205128205668e-04 4.519230769230769829e-02 3.205128205128205668e-04 3.205128205128205668e-04 3.205128205128205668e-04 9.935897435897438762e-03 3.557692307692308237e-02 1.314102564102564291e-02 3.205128205128205668e-04 3.237179487179487475e-02 3.205128205128205668e-04 3.205128205128205668e-04 3.205128205128205668e-04 3.205128205128205668e-04 9.935897435897438762e-03 6.730769230769232010e-03 3.205128205128205668e-04 1.634615384615384706e-02 3.205128205128205668e-04 3.525641025641026560e-03 1.221153846153846395e-01 3.205128205128205668e-04 2.695512820512820928e-01 3.205128205128205668e-04 1.573717948717948956e-01 3.205128205128205668e-04 3.205128205128205668e-04 1.955128205128205468e-02 2.407051282051282382e-01
4.545454545454546535e-04 4.545454545454546535e-04 4.545454545454546535e-04 5.000000000000000971e-03 1.686363636363636676e-01 4.545454545454546535e-04 4.545454545454546535e-04 3.227272727272727237e-02 5.000000000000000971e-03 3.227272727272727237e-02 4.545454545454546535e-04 4.545454545454546535e-04 4.136363636363636631e-02 2.413636363636363913e-01 1.595454545454545736e-01 9.136363636363638296e-02 1.409090909090909317e-02 4.545454545454546535e-04 4.545454545454546535e-04 4.545454545454546535e-04 4.545454545454546535e-04 4.545454545454546535e-04 4.545454545454546535e-04 5.000000000000000971e-03 4.545454545454546535e-04 4.545454545454546535e-04 7.772727272727274206e-02 4.545454545454546535e-04 1.004545454545454769e-01 1.863636363636363841e-02
1.727115716753022101e-04 5.354058721934369137e-03 1.226252158894645602e-02 1.727115716753022101e-04 5.889464594127805791e-02 1.727115716753022101e-04 3.626943005181346765e-03 3.626943005181346765e-03 2.435233160621761220e-02 8.808290155440412147e-03 1.727115716753022101e-04 1.727115716753022101e-04 2.607944732297063500e-02 2.903281519861830029e-01 1.727115716753022101e-04 1.727115716753022101e-04 1.398963730569947883e-02 3.626943005181346765e-03 1.727115716753022101e-04 2.780656303972365781e-02 6.407599309153712286e-02 4.335060449050085613e-02 2.780656303972365781e-02 1.331606217616579935e-01 1.727115716753022101e-04 1.727115716753022101e-04 1.727115716753022101e-04 2.607944732297063500e-02 1.089810017271156950e-01 1.158894645941277723e-01
4.169329073482426484e-02 1.597444089456868509e-04 4.378594249201276933e-01 1.597444089456868509e-04 1.597444089456868509e-04 2.731629392971245129e-02 1.757188498402555360e-03 1.597444089456868509e-04 6.725239616613416793e-02 1.597444089456868509e-04 1.597444089456868509e-04 1.597444089456868509e-04 1.597444089456868509e-04 1.597444089456868509e-04 1.597444089456868509e-04 1.597444089456868509e-04 1.597444089456868509e-04 1.597444089456868509e-04 1.597444089456868509e-04 1.613418530351437216e-02 3.530351437699679601e-02 1.453674121405750148e-02 2.731629392971245129e-02 1.293929712460063428e-02 4.808306709265174061e-02 1.151757188498402085e-01 1.757188498402555360e-03 1.293929712460063428e-02 4.808306709265174061e-02 8.961661341853031926e-02
1.827242524916943217e-03 3.488372093023255332e-03 9.485049833887042314e-02 1.661129568106312114e-04 1.661129568106312114e-04 1.827242524916943217e-03 1.661129568106312114e-04 1.661129568106312114e-04 1.679401993355481293e-01 1.661129568106312114e-04 1.827242524916943217e-03 1.661129568106312114e-04 1.661129568106312114e-04 7.823920265780730243e-02 1.661129568106312114e-04 1.661129568106312114e-04 1.661129568106312114e-04 6.328903654485049102e-02 1.677740863787375095e-02 1.014950166112956603e-01 1.661129568106312114e-04 1.827242524916943217e-03 4.667774086378737031e-02 1.179401993355481439e-02 3.488372093023255332e-03 2.342192691029899854e-02 1.661129568106312114e-04 1.661129568106312114e-04 2.460132890365447911e-01 1.330564784053155925e-01
4.201680672268908357e-04 4.201680672268908357e-04 6.764705882352942123e-02 4.201680672268908357e-04 2.105042016806722982e-01 4.201680672268908357e-04 4.201680672268908357e-04 8.445378151260506117e-02 4.201680672268908357e-04 4.201680672268908357e-04 8.823529411764707495e-03 4.201680672268908357e-04 3.575630252100840401e-01 1.474789915966386866e-01 4.201680672268908357e-04 4.621848739495799246e-03 4.201680672268908357e-04 4.201680672268908357e-04 4.663865546218487479e-02 4.201680672268908357e-04 4.201680672268908357e-04 4.201680672268908357e-04 4.621848739495799246e-03 4.201680672268908357e-04 4.201680672268908357e-04 1.302521008403361574e-02 3.403361344537815525e-02 4.621848739495799246e-03 8.823529411764707495e-03 4.201680672268908357e-04
2.309468822170900114e-04 2.309468822170900114e-04 2.309468822170900114e-04 2.309468822170900114e-04 2.540415704387990505e-03 2.309468822170900114e-04 2.309468822170900114e-04 3.256351039260969166e-02 2.309468822170900114e-04 2.309468822170900114e-04 3.256351039260969166e-02 2.309468822170900114e-04 2.309468822170900114e-04 1.849884526558890907e-01 1.872979214780599866e-01 6.027713625866049779e-02 2.309468822170900114e-04 2.309468822170900114e-04 2.309468822170900114e-04 4.872979214780599755e-02 2.309468822170900114e-04 4.411085450346419190e-02 4.849884526558890727e-03 4.872979214780599755e-02 2.540415704387990505e-03 1.110854503464202975e-01 2.309468822170900114e-04 3.025404157043878883e-02 2.057736720554271814e-01 2.309468822170900114e-04
2.358490566037735325e-04 2.358490566037735325e-04 7.311320754716979509e-03 2.358490566037735325e-04 4.412735849056602655e-01 1.983490566037735270e-01 2.358490566037735325e-04 5.448113207547168602e-02 2.358490566037735325e-04 2.358490566037735325e-04 2.358490566037735325e-04 2.358490566037735325e-04 7.311320754716979509e-03 5.919811320754715667e-02 2.358490566037735325e-04 4.952830188679244183e-03 2.358490566037735325e-04 2.358490566037735325e-04 3.089622641509432929e-02 2.358490566037735325e-04 1.087264150943395985e-01 1.438679245283018375e-02 2.594339622641508858e-03 2.358490566037735325e-04 2.853773584905659397e-02 2.358490566037735325e-04 2.358490566037735325e-04 2.358490566037735325e-04 2.853773584905659397e-02 9.669811320754713099e-03
