4.784688995215312770e-04 4.784688995215312770e-04 4.784688995215312770e-04 3.210526315789474228e-01 4.784688995215312770e-04 4.784688995215312770e-04 4.784688995215312770e-04 4.784688995215312770e-04 5.263157894736843721e-03 4.832535885167465323e-02 3.875598086124402986e-02 4.784688995215312770e-04 4.784688995215312770e-04 4.784688995215312770e-04 5.263157894736843721e-03 4.832535885167465323e-02 4.784688995215312770e-04 4.784688995215312770e-04 1.248803827751196610e-01 5.263157894736843721e-03 4.784688995215312770e-04 4.784688995215312770e-04 4.354066985645933807e-02 5.263157894736843721e-03 4.784688995215312770e-04 2.014354066985646619e-01 4.784688995215312770e-04 1.392344497607655995e-01 4.784688995215312770e-04 5.263157894736843721e-03
6.802721088435375848e-04 7.482993197278913974e-03 6.802721088435375848e-04 1.639455782312925491e-01 6.802721088435375848e-04 6.802721088435375848e-04 2.108843537414966524e-02 2.108843537414966524e-02 6.802721088435375848e-04 6.802721088435375848e-04 6.802721088435375848e-04 2.319727891156463107e-01 6.802721088435375848e-04 6.802721088435375848e-04 6.802721088435375848e-04 9.591836734693878763e-02 6.802721088435375848e-04 6.802721088435375848e-04 2.108843537414966524e-02 6.802721088435375848e-04 2.659863945578231914e-01 6.802721088435375848e-04 7.482993197278913974e-03 6.802721088435375848e-04 6.802721088435375848e-04 6.802721088435375848e-04 7.482993197278913974e-03 3.469387755102041476e-02 6.802721088435375848e-04 1.095238095238095510e-01
4.484304932735427135e-04 4.484304932735427135e-04 5.874439461883409347e-02 7.668161434977581459e-02 4.484304932735427135e-04 4.977578475336323638e-02 2.735426008968610406e-02 9.417040358744396822e-03 4.484304932735427135e-04 4.484304932735427135e-04 1.887892376681614970e-01 4.484304932735427135e-04 5.874439461883409347e-02 4.484304932735427135e-04 4.932735426008970012e-03 7.668161434977581459e-02 4.484304932735427135e-04 9.417040358744396822e-03 4.977578475336323638e-02 4.484304932735427135e-04 4.484304932735427135e-04 4.484304932735427135e-04 3.632286995515696115e-02 1.035874439461883789e-01 2.735426008968610406e-02 1.932735426008969082e-01 4.484304932735427135e-04 4.932735426008970012e-03 4.484304932735427135e-04 1.838565022421525044e-02
4.497005988023953238e-01 5.988023952095810482e-04 5.988023952095810482e-04 4.251497005988025268e-02 5.988023952095810482e-04 2.455089820359282124e-02 5.988023952095810482e-04 5.988023952095810482e-04 6.047904191616768066e-02 5.988023952095810482e-04 5.449101796407187365e-02 6.586826347305392397e-03 5.988023952095810482e-04 5.988023952095810482e-04 5.988023952095810482e-04 5.988023952095810482e-04 5.988023952095810482e-04 5.988023952095810482e-04 5.988023952095810482e-04 7.245508982035930856e-02 5.988023952095810482e-04 2.455089820359282124e-02 5.988023952095810482e-04 1.143712574850299923e-01 6.586826347305392397e-03 5.988023952095810482e-04 5.988023952095810482e-04 5.988023952095810482e-04 5.988023952095810482e-04 1.323353293413174203e-01
5.345549738219896874e-01 5.235602094240839315e-04 5.235602094240839315e-04 6.335078534031415853e-02 5.235602094240839315e-04 5.235602094240839315e-04 5.235602094240839315e-04 5.235602094240839315e-04 5.235602094240839315e-04 5.235602094240839315e-04 5.235602094240839315e-04 5.235602094240839315e-04 5.235602094240839315e-04 5.235602094240839315e-04 5.759162303664923897e-03 5.759162303664923897e-03 5.235602094240839315e-04 5.235602094240839315e-04 5.235602094240839315e-04 1.099476439790576278e-02 5.235602094240839315e-04 5.235602094240839315e-04 5.235602094240839315e-04 2.146596858638744054e-02 2.670157068062827682e-02 1.471204188481675945e-01 5.235602094240839315e-04 5.287958115183247210e-02 5.235602094240839315e-04 1.209424083769633923e-01
1.213592233009708687e-04 1.213592233009708687e-04 1.213592233009708687e-04 8.507281553398056417e-02 6.189320388349513029e-03 1.213592233009708687e-04 1.213592233009708687e-04 3.895631067961164568e-02 3.762135922330096631e-03 2.548543689320387998e-03 8.616504854368930294e-03 1.506067961165048208e-01 1.213592233009708687e-04 1.213592233009708687e-04 1.213592233009708687e-04 4.259708737864077027e-02 1.213592233009708687e-04 1.213592233009708687e-04 6.686893203883494119e-02 1.275485436893203650e-01 4.381067961165047847e-02 1.213592233009708687e-04 1.104368932038834843e-02 1.213592233009708687e-04 5.351941747572815100e-02 1.469660194174756962e-01 1.675970873786407356e-01 1.213592233009708687e-04 7.402912621359222095e-03 3.531553398058252108e-02
2.873563218390804016e-04 8.908045977011492395e-03 2.873563218390804016e-04 1.295977011494252595e-01 2.873563218390804016e-04 3.160919540229884146e-03 1.178160919540229348e-02 1.178160919540229348e-02 2.873563218390804016e-04 2.873563218390804016e-04 1.583333333333332982e-01 2.502873563218389608e-01 8.908045977011492395e-03 1.178160919540229348e-02 2.873563218390804016e-04 2.873563218390804016e-04 2.873563218390804016e-04 3.160919540229884146e-03 2.040229885057470369e-02 3.160919540229884146e-03 1.181034482758620413e-01 8.936781609195400267e-02 2.873563218390804016e-04 1.178160919540229348e-02 1.465517241379309804e-02 5.201149425287354688e-02 7.212643678160918226e-02 2.873563218390804016e-04 2.873563218390804016e-04 1.752873563218390260e-02
1.285347043701799122e-04 1.285347043701799122e-04 6.555269922879174843e-03 5.025706940874034856e-02 1.413881748071979224e-03 4.075835475578405420e-01 1.285347043701799122e-04 1.285347043701799122e-04 1.285347043701799122e-04 1.285347043701799122e-04 1.285347043701799122e-04 1.285347043701799122e-04 1.285347043701799122e-04 5.269922879177375667e-03 1.376606683804626752e-01 5.796915167095113841e-02 1.285347043701799122e-04 1.555269922879176821e-02 1.285347043701799122e-04 1.285347043701799122e-04 1.285347043701799122e-04 1.285347043701799122e-04 1.170951156812338884e-01 3.611825192802056023e-02 6.555269922879174843e-03 1.683804627249356825e-02 2.712082262210796166e-02 4.768637532133675194e-02 1.285347043701799122e-04 6.439588688946014383e-02
2.949852507374630143e-04 2.949852507374630143e-04 3.244837758112093049e-03 5.339233038348080440e-02 3.244837758112093049e-03 2.949852507374630143e-04 1.271386430678465573e-01 2.949852507374630143e-04 2.949852507374630143e-04 2.949852507374630143e-04 3.274336283185839275e-02 2.949852507374630143e-04 2.949852507374630143e-04 2.949852507374630143e-04 3.864306784660764826e-02 1.713864306784659841e-01 3.274336283185839275e-02 2.949852507374630143e-04 2.949852507374630143e-04 6.194690265486722976e-03 6.224188790560469114e-02 2.949852507374630143e-04 2.949852507374630143e-04 2.657817109144541279e-01 2.949852507374630143e-04 6.519174041297932931e-02 9.174041297935099648e-02 2.949852507374630143e-04 2.949852507374630143e-04 4.159292035398227949e-02
5.937799043062201854e-01 4.784688995215312770e-04 4.784688995215312770e-04 4.784688995215312770e-04 4.784688995215312770e-04 4.784688995215312770e-04 4.784688995215312770e-04 4.784688995215312770e-04 4.784688995215312770e-04 5.263157894736843721e-03 6.267942583732058481e-02 4.784688995215312770e-04 4.784688995215312770e-04 4.784688995215312770e-04 5.263157894736843721e-03 1.483253588516746796e-02 4.784688995215312770e-04 1.961722488038277964e-02 1.004784688995215627e-02 4.784688995215312770e-04 4.784688995215312770e-04 4.784688995215312770e-04 5.263157894736843721e-03 4.784688995215312770e-04 4.784688995215312770e-04 8.660287081339715365e-02 4.784688995215312770e-04 4.784688995215312770e-04 4.832535885167465323e-02 1.392344497607655995e-01
2.824858757062145907e-04 2.824858757062145907e-04 2.824858757062145907e-04 2.262711864406778683e-01 2.824858757062145907e-04 4.265536723163840249e-02 2.824858757062145907e-04 2.824858757062145907e-04 3.107344632768360877e-03 3.107344632768360877e-03 4.830508474576269973e-02 2.824858757062145907e-04 2.824858757062145907e-04 2.824858757062145907e-04 6.807909604519772617e-02 5.960451977401128726e-02 2.005649717514123437e-02 2.824858757062145907e-04 1.440677966101694407e-02 2.824858757062145907e-04 1.723163841807908922e-02 2.824858757062145907e-04 3.107344632768360877e-03 3.844632768361580522e-01 2.824858757062145907e-04 2.824858757062145907e-04 5.677966101694913864e-02 2.288135593220338299e-02 2.824858757062145907e-04 2.570621468926552813e-02
4.132231404958678668e-04 1.078512396694215197e-01 4.132231404958678668e-04 4.132231404958678668e-04 4.586776859504133191e-02 4.132231404958678668e-04 4.132231404958678668e-04 4.545454545454546968e-03 4.132231404958678668e-04 2.520661157024793944e-02 3.061983471074380403e-01 4.132231404958678668e-04 1.904958677685950896e-01 4.132231404958678668e-04 4.132231404958678668e-04 4.132231404958678668e-04 4.132231404958678668e-04 4.132231404958678668e-04 4.132231404958678668e-04 4.545454545454546968e-03 1.694214876033058037e-02 4.132231404958678668e-04 4.545454545454546968e-03 4.132231404958678668e-04 7.892561983471077514e-02 4.132231404958678668e-04 4.132231404958678668e-04 4.132231404958678668e-04 4.132231404958678668e-04 2.070247933884298008e-01
3.521126760563379927e-04 6.021126760563379893e-02 3.873239436619717920e-03 3.521126760563379927e-04 3.521126760563379927e-04 3.521126760563379927e-04 7.077464788732393264e-02 3.521126760563379927e-04 3.521126760563379927e-04 3.521126760563379927e-04 6.021126760563379893e-02 3.521126760563379927e-04 3.873239436619717920e-03 3.521126760563379927e-04 2.499999999999999445e-02 2.538732394366196576e-01 3.521126760563379927e-04 3.204225352112675257e-02 3.873239436619717920e-03 3.521126760563379927e-04 1.024647887323943546e-01 3.521126760563379927e-04 3.521126760563379927e-04 3.521126760563379927e-04 7.394366197183097414e-03 2.433098591549295031e-01 9.894366197183096512e-02 3.521126760563379927e-04 3.521126760563379927e-04 2.852112676056337351e-02
3.311258278145694819e-04 3.311258278145694819e-04 3.311258278145694819e-04 3.013245033112581933e-02 3.311258278145694819e-04 3.311258278145694819e-04 3.642384105960264681e-03 3.311258278145694819e-04 3.311258278145694819e-04 3.311258278145694819e-04 9.304635761589402643e-02 7.980132450331124672e-02 3.311258278145694819e-04 3.311258278145694819e-04 3.311258278145694819e-04 2.350993377483443295e-02 3.311258278145694819e-04 3.311258278145694819e-04 5.331125827814568729e-02 3.642384105960264681e-03 4.006622516556290758e-02 3.380794701986754025e-01 3.311258278145694819e-04 4.006622516556290758e-02 3.311258278145694819e-04 2.122516556291390022e-01 1.357615894039734643e-02 6.953642384105959175e-03 3.311258278145694819e-04 5.662251655629138569e-02
5.617977528089889219e-04 5.617977528089889219e-04 5.617977528089889219e-04 2.140449438202247645e-01 5.617977528089889219e-04 5.617977528089889219e-04 5.617977528089889219e-04 5.617977528089889219e-04 1.741573033707865398e-02 5.617977528089889219e-04 1.297752808988764384e-01 5.617977528089889219e-04 5.617977528089889219e-04 5.617977528089889219e-04 5.617977528089889219e-04 1.241573033707865509e-01 5.617977528089889219e-04 5.617977528089889219e-04 5.617977528089889219e-04 6.179775280898878141e-03 5.617977528089889219e-04 2.303370786516854146e-02 5.617977528089889219e-04 2.758426966292135130e-01 2.303370786516854146e-02 5.112359550561798582e-02 1.241573033707865509e-01 5.617977528089889219e-04 5.617977528089889219e-04 5.617977528089889219e-04
5.952380952380954002e-04 5.952380952380954002e-04 5.952380952380954002e-04 1.910714285714286143e-01 1.250000000000000243e-02 5.952380952380954002e-04 1.845238095238095621e-02 5.952380952380954002e-04 5.952380952380954002e-04 6.607142857142858650e-02 5.952380952380954002e-04 5.952380952380954002e-04 5.952380952380954002e-04 5.952380952380954002e-04 5.952380952380954002e-04 1.255952380952381209e-01 5.952380952380954002e-04 6.607142857142858650e-02 1.250000000000000243e-02 5.952380952380954002e-04 5.952380952380954002e-04 5.952380952380954002e-04 2.803571428571429158e-01 5.952380952380954002e-04 5.952380952380954002e-04 5.416666666666667546e-02 5.952380952380954002e-04 1.250000000000000243e-02 6.607142857142858650e-02 8.392857142857143571e-02
2.793296089385474083e-04 2.793296089385474083e-04 2.793296089385474083e-04 1.343575418994412962e-01 2.793296089385474083e-04 2.793296089385474083e-04 2.793296089385474083e-04 2.793296089385474083e-04 2.793296089385474083e-04 3.072625698324021708e-03 1.231843575418994086e-01 2.793296089385474083e-04 2.793296089385474083e-04 2.793296089385474083e-04 2.793296089385474083e-04 1.818435754189943465e-01 2.793296089385474083e-04 1.315642458100558243e-01 5.614525139664803405e-02 2.793296089385474083e-04 7.011173184357540056e-02 2.793296089385474083e-04 6.173184357541897788e-02 2.793296089385474083e-04 1.424581005586591544e-02 1.399441340782122400e-01 2.793296089385474083e-04 2.793296089385474083e-04 2.793296089385474083e-04 7.849162011173181630e-02
4.500000000000000666e-01 4.587155963302753632e-04 4.587155963302753632e-04 4.587155963302753632e-04 4.587155963302753632e-04 4.587155963302753632e-04 4.587155963302753632e-04 5.045871559633029538e-03 5.045871559633029538e-03 4.587155963302753632e-04 2.344036697247706968e-01 4.587155963302753632e-04 4.587155963302753632e-04 4.587155963302753632e-04 5.045871559633029538e-03 5.091743119266056022e-02 5.045871559633029538e-03 4.587155963302753632e-04 4.633027522935780768e-02 4.587155963302753632e-04 4.587155963302753632e-04 9.633027522935782086e-03 5.045871559633029538e-03 4.587155963302753632e-04 4.587155963302753632e-04 7.385321100917434378e-02 5.091743119266056022e-02 2.339449541284404147e-02 4.587155963302753632e-04 2.798165137614679401e-02
8.860759493670888193e-03 4.219409282700423104e-04 4.219409282700423104e-04 9.746835443037978053e-02 4.219409282700423104e-04 4.219409282700423104e-04 8.059071729957809072e-02 4.641350210970465739e-03 4.219409282700423104e-04 4.641350210970465739e-03 3.839662447257384537e-02 5.949367088607596110e-02 4.219409282700423104e-04 4.219409282700423104e-04 4.641350210970465739e-03 1.101265822784810444e-01 4.641350210970465739e-03 4.219409282700423104e-04 8.860759493670888193e-03 4.219409282700423104e-04 4.219409282700423104e-04 4.772151898734178221e-01 4.219409282700423104e-04 4.219409282700423104e-04 4.219409282700423104e-04 9.324894514767935461e-02 4.219409282700423104e-04 4.219409282700423104e-04 4.219409282700423104e-04 4.219409282700423104e-04
7.407407407407409208e-04 7.407407407407409208e-04 7.407407407407409208e-04 7.407407407407409208e-04 8.148148148148150888e-03 2.296296296296296974e-02 1.555555555555556031e-02 7.407407407407409208e-04 7.407407407407409208e-04 8.148148148148150888e-03 7.407407407407409208e-04 1.044444444444444647e-01 1.414814814814815136e-01 7.407407407407409208e-04 8.148148148148150888e-03 7.407407407407409208e-04 7.407407407407409208e-04 6.740740740740741588e-02 7.407407407407409208e-04 3.037037037037037396e-02 7.407407407407409208e-04 1.555555555555556031e-02 6.000000000000001166e-02 9.703703703703706052e-02 7.407407407407409208e-04 7.407407407407409208e-04 7.407407407407409208e-04 6.000000000000001166e-02 3.488888888888889706e-01 7.407407407407409208e-04
3.952569169960475342e-04 3.952569169960475342e-04 3.952569169960475342e-04 1.268774703557312700e-01 3.952569169960475342e-04 5.177865612648222676e-02 3.952569169960475342e-04 3.952569169960475342e-04 2.806324110671937211e-02 3.952569169960475342e-04 1.703557312252964862e-01 3.952569169960475342e-04 3.952569169960475342e-04 4.347826086956522659e-03 1.225296442687747421e-02 3.956521739130435256e-01 3.952569169960475342e-04 3.952569169960475342e-04 3.952569169960475342e-04 3.952569169960475342e-04 2.411067193675889633e-02 3.952569169960475342e-04 3.952569169960475342e-04 2.015810276679842056e-02 3.952569169960475342e-04 3.952569169960475342e-04 7.154150197628460217e-02 3.952569169960475342e-04 3.952569169960475342e-04 8.735177865612650527e-02
5.865116279069768623e-01 4.651162790697675764e-04 4.651162790697675764e-04 4.651162790697675764e-04 4.651162790697675764e-04 4.651162790697675764e-04 4.651162790697675764e-04 4.651162790697675764e-04 4.651162790697675764e-04 4.651162790697675764e-04 9.348837209302328366e-02 9.767441860465119266e-03 4.651162790697675764e-04 4.651162790697675764e-04 4.651162790697675764e-04 4.651162790697675764e-04 4.651162790697675764e-04 4.651162790697675764e-04 4.651162790697675764e-04 5.116279069767444045e-03 4.651162790697675764e-04 4.651162790697675764e-04 4.651162790697675764e-04 4.651162790697675764e-04 4.651162790697675764e-04 6.558139534883722366e-02 3.302325581395349624e-02 4.651162790697675764e-04 3.767441860465117059e-02 1.586046511627907385e-01
6.607142857142858650e-02 5.952380952380954002e-04 3.035714285714286031e-02 5.952380952380954002e-04 1.375000000000000389e-01 5.952380952380954002e-04 6.547619047619049511e-03 2.440476190476190826e-02 9.583333333333335369e-02 4.821428571428572341e-02 5.952380952380954002e-04 5.952380952380954002e-04 5.952380952380954002e-04 5.952380952380954002e-04 5.952380952380954002e-04 5.952380952380954002e-04 1.250000000000000243e-02 2.440476190476190826e-02 5.952380952380954002e-04 5.952380952380954002e-04 5.952380952380954002e-04 5.952380952380954002e-04 1.250000000000000243e-02 2.625000000000000666e-01 1.250000000000000243e-02 5.952380952380954002e-04 6.011904761904762751e-02 5.952380952380954002e-04 3.630952380952381237e-02 1.613095238095238471e-01
1.945525291828793368e-04 2.140077821011672921e-03 1.945525291828793368e-04 1.071984435797665169e-01 4.085603112840466289e-03 1.945525291828793368e-04 1.945525291828793368e-04 1.945525291828793368e-04 1.945525291828793368e-04 1.945525291828793368e-04 2.548638132295719116e-02 2.140077821011672921e-03 1.945525291828793368e-04 1.945525291828793368e-04 4.883268482490271678e-02 3.095330739299609890e-01 1.945525291828793368e-04 1.186770428015563802e-02 1.945525291828793368e-04 1.945525291828793368e-04 4.883268482490271678e-02 1.945525291828793368e-04 1.945525291828793368e-04 2.103112840466925537e-01 1.945525291828793368e-04 2.159533073929960703e-02 1.091439688715953038e-01 1.945525291828793368e-04 1.186770428015563802e-02 8.385214007782099133e-02
4.329004329004330085e-04 4.329004329004330085e-04 4.329004329004330085e-04 1.476190476190476497e-01 4.761904761904763202e-03 4.329004329004330085e-04 1.774891774891775020e-02 4.329004329004330085e-04 4.329004329004330085e-04 4.329004329004330085e-04 1.346320346320346584e-01 4.329004329004330085e-04 4.329004329004330085e-04 4.329004329004330085e-04 4.329004329004330085e-04 3.683982683982684470e-01 4.329004329004330085e-04 2.640692640692641341e-02 4.372294372294373288e-02 4.329004329004330085e-04 4.329004329004330085e-04 4.329004329004330085e-04 2.640692640692641341e-02 4.329004329004330085e-04 4.761904761904763202e-03 8.268398268398270690e-02 8.268398268398270690e-02 4.329004329004330085e-04 4.329004329004330085e-04 5.238095238095238915e-02
3.548387096774193328e-03 3.225806451612902681e-04 3.548387096774193328e-03 1.390322580645161066e-01 3.225806451612902681e-04 6.774193548387095684e-03 3.225806451612902681e-04 3.225806451612902681e-04 3.225806451612902681e-04 3.548387096774193328e-03 6.806451612903224868e-02 3.225806451612902681e-04 3.225806451612902681e-04 3.225806451612902681e-04 3.225806451612902681e-04 3.358064516129031229e-01 3.225806451612902681e-04 4.870967741935482848e-02 6.774193548387095684e-03 4.225806451612902637e-02 1.967741935483870511e-02 3.225806451612902681e-04 2.290322580645160616e-02 3.225806451612902681e-04 6.774193548387095684e-03 2.712903225806451157e-01 1.322580645161289953e-02 3.548387096774193328e-03 3.225806451612902681e-04 3.225806451612902681e-04
4.000000000000000083e-03 1.854545454545454553e-02 3.636363636363636686e-04 3.636363636363636686e-04 2.149090909090909107e-01 2.945454545454545200e-02 4.000000000000000083e-03 3.636363636363636686e-04 3.636363636363636686e-04 3.636363636363636686e-04 3.636363636363636686e-04 3.636363636363636686e-04 1.458181818181818190e-01 3.636363636363636686e-04 2.218181818181818102e-02 1.854545454545454553e-02 1.127272727272727280e-02 3.636363636363636686e-04 3.636363636363636686e-04 3.636363636363636686e-04 3.636363636363636686e-04 3.636363636363636686e-04 3.636363636363636686e-04 3.094545454545454266e-01 4.000000000000000083e-03 5.127272727272726843e-02 8.036363636363637319e-02 5.854545454545455330e-02 2.218181818181818102e-02 3.636363636363636686e-04
6.578947368421054652e-04 2.243421052631579538e-01 6.578947368421054652e-04 1.381578947368421358e-02 2.039473684210526758e-02 6.578947368421054652e-04 6.578947368421054652e-04 6.578947368421054652e-04 6.578947368421054652e-04 6.578947368421054652e-04 2.177631578947368807e-01 6.578947368421054652e-04 1.848684210526316263e-01 6.578947368421054652e-04 6.578947368421054652e-04 6.578947368421054652e-04 6.578947368421054652e-04 7.236842105263159575e-03 6.578947368421054652e-04 6.578947368421054652e-04 6.578947368421054652e-04 6.578947368421054652e-04 6.578947368421054652e-04 7.236842105263159575e-03 9.934210526315791212e-02 6.578947368421054652e-04 4.671052631578948011e-02 7.236842105263159575e-03 7.236842105263159575e-03 1.519736842105263441e-01
1.030927835051546415e-03 1.030927835051546415e-03 1.030927835051546415e-03 1.030927835051546415e-03 1.030927835051546415e-03 1.030927835051546415e-03 1.030927835051546415e-03 5.257731958762885960e-02 1.030927835051546415e-03 1.030927835051546415e-03 5.257731958762885960e-02 8.350515463917525250e-02 1.030927835051546415e-03 4.226804123711339761e-02 1.134020618556701165e-02 1.134020618556701165e-02 1.030927835051546415e-03 1.030927835051546415e-03 1.030927835051546415e-03 1.030927835051546415e-03 1.030927835051546415e-03 5.257731958762885960e-02 1.030927835051546415e-03 1.030927835051546415e-03 1.144329896907216454e-01 1.030927835051546415e-03 6.288659793814432852e-02 1.030927835051546415e-03 4.958762886597938291e-01 1.030927835051546415e-03
3.618421052631578486e-03 3.289473684210525700e-04 6.907894736842104186e-03 3.289473684210525700e-04 3.289473684210525700e-04 3.289473684210525700e-04 3.618421052631578486e-03 2.335526315789472965e-02 3.289473684210525700e-04 3.289473684210525700e-04 1.286184210526315486e-01 3.289473684210525700e-04 3.289473684210525700e-04 3.289473684210525700e-04 3.289473684210525700e-04 3.588815789473683293e-01 3.289473684210525700e-04 2.664473684210525578e-02 3.289473684210525700e-04 3.618421052631578486e-03 1.348684210526315472e-02 1.019736842105263032e-02 5.296052631578947179e-02 2.664473684210525578e-02 3.289473684210525700e-04 8.256578947368420351e-02 1.187499999999999806e-01 7.927631578947368085e-02 3.289473684210525700e-04 5.624999999999999445e-02
1.694915254237288086e-03 1.694915254237288086e-03 1.694915254237288086e-03 1.694915254237288086e-03 1.694915254237288086e-03 1.694915254237288086e-03 1.694915254237288086e-03 1.694915254237288086e-03 1.864406779661017047e-02 1.694915254237288086e-03 1.372881355932203118e-01 1.694915254237288086e-03 1.694915254237288086e-03 1.694915254237288086e-03 1.694915254237288086e-03 1.033898305084745561e-01 1.864406779661017047e-02 1.694915254237288086e-03 1.694915254237288086e-03 1.694915254237288086e-03 1.711864406779660674e-01 1.694915254237288086e-03 1.694915254237288086e-03 1.694915254237288086e-03 3.915254237288135486e-01 3.559322033898304483e-02 1.694915254237288086e-03 1.694915254237288086e-03 8.644067796610167831e-02 1.694915254237288086e-03
4.824561403508773917e-03 4.385964912280702920e-04 4.385964912280702920e-04 4.385964912280702920e-04 4.385964912280702920e-04 4.385964912280702920e-04 4.385964912280702920e-04 4.824561403508773917e-03 4.385964912280702920e-04 4.385964912280702920e-04 1.100877192982456509e-01 4.429824561403510053e-02 4.385964912280702920e-04 4.385964912280702920e-04 4.385964912280702920e-04 5.223684210526317040e-01 4.385964912280702920e-04 4.385964912280702920e-04 4.385964912280702920e-04 4.385964912280702920e-04 1.232456140350877555e-01 4.824561403508773917e-03 8.377192982456142800e-02 4.385964912280702920e-04 4.824561403508773917e-03 3.114035087719298905e-02 5.307017543859650355e-02 4.385964912280702920e-04 4.385964912280702920e-04 4.824561403508773917e-03
4.048582995951417914e-04 4.048582995951417914e-04 5.388663967611336814e-01 8.137651821862350310e-02 4.453441295546560139e-03 4.048582995951417914e-04 4.048582995951417914e-04 1.255060728744939597e-02 1.659919028340081301e-02 4.048582995951417914e-04 4.048582995951417914e-04 4.048582995951417914e-04 4.048582995951417914e-04 4.453441295546560139e-03 4.048582995951417914e-04 2.469635627530364710e-02 2.064777327935223006e-02 4.048582995951417914e-04 4.048582995951417914e-04 6.518218623481783491e-02 4.453441295546560139e-03 4.048582995951417914e-04 1.299595141700405077e-01 4.048582995951417914e-04 4.048582995951417914e-04 4.898785425101215285e-02 4.089068825910931876e-02 4.048582995951417914e-04 4.048582995951417914e-04 4.048582995951417914e-04
4.405286343612335536e-04 4.405286343612335536e-04 4.405286343612335536e-04 4.405286343612335536e-04 4.845814977973569686e-03 4.405286343612335536e-04 4.845814977973569686e-03 4.405286343612335536e-04 4.405286343612335536e-04 4.405286343612335536e-04 4.008810572687224877e-02 9.251101321585904896e-03 4.405286343612335536e-04 1.806167400881057358e-02 4.405286343612335536e-04 7.533039647577094433e-02 9.251101321585904896e-03 6.211453744493392742e-02 1.806167400881057358e-02 4.405286343612335536e-04 9.295154185022028170e-02 4.405286343612335536e-04 1.365638766519823924e-02 4.405286343612335536e-04 3.704845814977973939e-01 4.405286343612335536e-04 2.246696035242290793e-02 4.405286343612335536e-04 9.251101321585904896e-03 2.427312775330396910e-01
3.703703703703704062e-04 3.703703703703704062e-04 3.703703703703704062e-04 7.074074074074074292e-02 3.703703703703704062e-04 3.703703703703704062e-04 3.703703703703704062e-04 3.703703703703704062e-04 3.703703703703704062e-04 3.703703703703704062e-04 5.222222222222221849e-02 1.077777777777777779e-01 3.703703703703704062e-04 7.777777777777778422e-03 2.999999999999999889e-02 4.074074074074074577e-03 3.703703703703704062e-04 7.777777777777778422e-03 3.703703703703704062e-04 3.703703703703704062e-04 1.148148148148148140e-02 1.518518518518518351e-02 3.703703703703704062e-04 3.703703703703704062e-04 3.703703703703704062e-04 3.703703703703704062e-04 7.814814814814814714e-02 3.703703703703704062e-04 5.300000000000000266e-01 7.814814814814814714e-02
4.366812227074236990e-04 4.803493449781661394e-03 4.366812227074236990e-04 4.366812227074236990e-04 4.366812227074236990e-04 4.366812227074236990e-04 9.170305676855897842e-03 3.100436681222707921e-02 5.331877729257642473e-01 4.366812227074236990e-04 4.366812227074236990e-04 9.170305676855897842e-03 4.366812227074236990e-04 4.803493449781661394e-03 4.366812227074236990e-04 2.663755458515284363e-02 4.803493449781661394e-03 7.467248908296945931e-02 4.366812227074236990e-04 4.366812227074236990e-04 4.366812227074236990e-04 2.227074235807860805e-02 2.663755458515284363e-02 1.096069868995633578e-01 4.366812227074236990e-04 4.366812227074236990e-04 6.593886462882098121e-02 3.100436681222707921e-02 4.366812227074236990e-04 3.973799126637555384e-02
9.538461538461535591e-03 3.076923076923075945e-04 1.264615384615384308e-01 2.956923076923075877e-01 3.076923076923075945e-04 2.184615384615383807e-02 3.076923076923075945e-04 3.076923076923075945e-04 6.184615384615382849e-02 3.076923076923075945e-04 3.415384615384613881e-02 3.076923076923075945e-04 3.076923076923075945e-04 3.076923076923075945e-04 3.076923076923075945e-04 1.972307692307691540e-01 3.076923076923075945e-04 3.076923076923075945e-04 3.076923076923075945e-04 3.076923076923075945e-04 5.261538461538459860e-02 3.076923076923075945e-04 4.030769230769229439e-02 3.076923076923075945e-04 3.076923076923075945e-04 1.233846153846153426e-01 3.076923076923075945e-04 3.076923076923075945e-04 3.076923076923075945e-04 3.107692307692306449e-02
1.666666666666666774e-03 1.666666666666666774e-03 1.666666666666666774e-03 1.849999999999999978e-01 1.833333333333333343e-02 1.683333333333333348e-01 1.666666666666666774e-03 1.016666666666666552e-01 8.499999999999999223e-02 1.833333333333333343e-02 3.500000000000000333e-02 1.666666666666666774e-03 1.666666666666666774e-03 1.666666666666666774e-03 1.666666666666666774e-03 1.666666666666666774e-03 1.666666666666666774e-03 5.166666666666666630e-02 1.833333333333333343e-02 1.666666666666666774e-03 8.499999999999999223e-02 1.666666666666666774e-03 1.516666666666666718e-01 1.666666666666666774e-03 1.666666666666666774e-03 1.666666666666666774e-03 1.666666666666666774e-03 1.666666666666666774e-03 1.833333333333333343e-02 3.500000000000000333e-02
3.649635036496349052e-04 3.649635036496349052e-04 1.281021897810218635e-01 2.777372262773721290e-01 3.649635036496349052e-04 3.649635036496349052e-04 3.649635036496349052e-04 4.014598540145983795e-03 2.591240875912407399e-02 3.649635036496349052e-04 3.649635036496349052e-04 3.649635036496349052e-04 3.649635036496349052e-04 3.649635036496349052e-04 7.664233576642333172e-03 1.791970802919707340e-01 3.649635036496349052e-04 3.649635036496349052e-04 4.014598540145983795e-03 3.649635036496349052e-04 1.062043795620437603e-01 3.649635036496349052e-04 2.591240875912407399e-02 7.664233576642333172e-03 1.861313868613137870e-02 1.609489051094889767e-01 3.649635036496349052e-04 3.649635036496349052e-04 3.649635036496349052e-04 4.781021897810217025e-02
2.107692307692307643e-01 5.128205128205128201e-04 5.128205128205128201e-04 2.979487179487179671e-01 5.128205128205128201e-04 5.128205128205128201e-04 5.641025641025641454e-03 1.076923076923077052e-02 5.128205128205128201e-04 1.076923076923077052e-02 5.128205128205128201e-04 2.615384615384615252e-02 5.128205128205128201e-04 1.076923076923077052e-02 5.128205128205128201e-04 5.128205128205128201e-04 5.128205128205128201e-04 4.153846153846153799e-02 1.492307692307692502e-01 5.128205128205128201e-04 5.128205128205128201e-04 6.205128205128204733e-02 5.179487179487179266e-02 9.794871794871795601e-02 5.128205128205128201e-04 1.589743589743589786e-02 5.128205128205128201e-04 5.128205128205128201e-04 5.128205128205128201e-04 5.128205128205128201e-04
4.255319148936171259e-04 1.153191489361702488e-01 4.255319148936171259e-04 4.255319148936171259e-04 4.255319148936171259e-04 1.744680851063830015e-02 4.255319148936171259e-04 1.319148936170213074e-02 4.089361702127660148e-01 4.255319148936171259e-04 4.255319148936171259e-04 4.680851063829788439e-03 4.255319148936171259e-04 4.255319148936171259e-04 7.702127659574470320e-02 8.936170212765959589e-03 4.255319148936171259e-04 2.595744680851064246e-02 3.872340425531915764e-02 4.255319148936171259e-04 4.255319148936171259e-04 4.255319148936171259e-04 2.595744680851064246e-02 4.255319148936171259e-04 4.255319148936171259e-04 4.255319148936171259e-04 3.021276595744681534e-02 6.000000000000001166e-02 3.021276595744681534e-02 1.365957446808511166e-01
5.363321799307957383e-03 1.920415224913494395e-02 6.245674740484428306e-02 1.904844290657438932e-01 1.228373702422145067e-02 8.494809688581313190e-02 1.730103806228373375e-04 1.730103806228373375e-04 7.093425605536329837e-03 1.730103806228373375e-04 3.304498269896193052e-02 1.730103806228373375e-04 1.730103806228373375e-04 3.650519031141868237e-02 8.823529411764704025e-03 1.730103806228373375e-04 1.730103806228373375e-04 1.730103806228373375e-04 1.730103806228373375e-04 1.730103806228373375e-04 1.333910034602075745e-01 2.093425605536331641e-02 1.524221453287196715e-01 1.730103806228373375e-04 1.730103806228373375e-04 1.730103806228373375e-04 4.169550173010379973e-02 1.730103806228373375e-04 1.730103806228373375e-04 1.887543252595155208e-01
1.096969696969697233e-01 6.060606060606061685e-04 4.303030303030303677e-02 4.909090909090909477e-02 6.060606060606061685e-04 6.060606060606061685e-04 2.484848484848484890e-02 6.060606060606061685e-04 6.060606060606061685e-04 6.060606060606061685e-04 6.060606060606061685e-04 6.060606060606061685e-04 6.060606060606061685e-04 2.484848484848484890e-02 1.878787878787879090e-02 2.975757575757576601e-01 6.060606060606061685e-04 6.060606060606061685e-04 6.060606060606061685e-04 6.060606060606061685e-04 1.878787878787879090e-02 6.060606060606061685e-04 1.400000000000000411e-01 1.096969696969697233e-01 6.060606060606061685e-04 6.121212121212121771e-02 8.545454545454546358e-02 6.060606060606061685e-04 6.060606060606061685e-04 6.666666666666667962e-03
8.171206225680934312e-03 3.891050583657587819e-04 4.280155642023346710e-03 1.093385214007782102e-01 3.891050583657587819e-04 3.891050583657587819e-04 3.891050583657587819e-04 3.891050583657587819e-04 4.478599221789882900e-01 2.373540856031128299e-02 3.891050583657587819e-04 4.280155642023346710e-03 4.280155642023346710e-03 3.891050583657587819e-04 5.097276264591439621e-02 8.599221789883268463e-02 3.891050583657587819e-04 2.373540856031128299e-02 3.891050583657587819e-04 8.171206225680934312e-03 3.891050583657587819e-04 3.540856031128404580e-02 3.929961089494163340e-02 4.319066147859922100e-02 3.891050583657587819e-04 3.540856031128404580e-02 3.891050583657587819e-04 7.042801556420233422e-02 3.891050583657587819e-04 3.891050583657587819e-04
9.174311926605503199e-05 9.174311926605503199e-05 9.174311926605503199e-05 1.018348623853210753e-02 1.009174311926605474e-03 3.799082568807338744e-01 9.174311926605503199e-05 9.174311926605503199e-05 1.926605504587155550e-03 1.009174311926605474e-03 2.944954128440366650e-02 1.009174311926605474e-03 9.174311926605503199e-05 2.844036697247706059e-03 2.257798165137614166e-01 1.477064220183486008e-02 9.174311926605503199e-05 9.174311926605503199e-05 9.174311926605503199e-05 9.174311926605503199e-05 6.889908256880732107e-02 2.027522935779816141e-02 5.422018348623851985e-02 2.027522935779816141e-02 9.174311926605503199e-05 3.036697247706421354e-02 5.238532110091741884e-02 9.266055045871557025e-03 9.174311926605503199e-05 7.532110091743117464e-02
8.076923076923078759e-03 3.846153846153847235e-04 3.846153846153847235e-04 2.850000000000000311e-01 3.846153846153847235e-04 3.500000000000000333e-02 3.846153846153847235e-04 3.846153846153847235e-04 3.846153846153847235e-04 3.846153846153847235e-04 2.346153846153846423e-02 3.846153846153847235e-04 3.846153846153847235e-04 3.846153846153847235e-04 2.346153846153846423e-02 2.042307692307692712e-01 3.846153846153847235e-04 3.846153846153847235e-04 1.850000000000000533e-01 4.230769230769232392e-03 3.846153846153847235e-04 3.115384615384616043e-02 1.080769230769231121e-01 3.846153846153847235e-04 3.846153846153847235e-04 4.653846153846154937e-02 2.346153846153846423e-02 3.846153846153847235e-04 3.846153846153847235e-04 1.576923076923077149e-02
9.174311926605508349e-04 7.431192660550461904e-02 9.174311926605508349e-04 1.201834862385321584e-01 9.174311926605508349e-04 9.174311926605508349e-04 9.174311926605508349e-04 9.174311926605508349e-04 1.110091743119266394e-01 9.174311926605508349e-04 9.174311926605508349e-04 9.174311926605508349e-04 9.174311926605508349e-04 9.266055045871562923e-02 3.761467889908257783e-02 9.174311926605508349e-04 9.174311926605508349e-04 9.174311926605508349e-04 1.926605504587156764e-02 9.174311926605508349e-04 1.926605504587156764e-02 9.174311926605508349e-04 3.862385321100919033e-01 9.174311926605508349e-04 1.009174311926605908e-02 9.174311926605508349e-04 9.174311926605508349e-04 9.174311926605508349e-04 1.926605504587156764e-02 9.266055045871562923e-02
4.044117647058822172e-03 3.676470588235292982e-04 3.713235294117645663e-02 4.044117647058822172e-03 1.507352941176469743e-02 3.676470588235292982e-04 3.676470588235292982e-04 3.676470588235292982e-04 5.886029411764702735e-01 4.080882352941174462e-02 3.676470588235292982e-04 3.676470588235292982e-04 4.044117647058822172e-03 3.676470588235292982e-04 3.713235294117645663e-02 3.676470588235292982e-04 3.713235294117645663e-02 5.919117647058821235e-02 3.676470588235292982e-04 3.676470588235292982e-04 3.676470588235292982e-04 6.286764705882351423e-02 3.676470588235292982e-04 1.033088235294117307e-01 3.676470588235292982e-04 3.676470588235292982e-04 3.676470588235292982e-04 3.676470588235292982e-04 3.676470588235292982e-04 3.676470588235292982e-04
3.846153846153847235e-04 3.846153846153847235e-04 4.230769230769232392e-03 3.846153846153847235e-04 5.807692307692308847e-02 1.576923076923077149e-02 3.846153846153847235e-04 4.230769230769232392e-03 5.038461538461539574e-02 3.846153846153847235e-04 3.846153846153847235e-04 3.846153846153847235e-04 1.576923076923077149e-02 4.119230769230770028e-01 8.076923076923078759e-03 3.846153846153847235e-04 3.846153846153847235e-04 3.846153846153847235e-04 3.846153846153847235e-04 3.846153846153847235e-04 1.273076923076923439e-01 8.076923076923078759e-03 3.846153846153847235e-04 3.500000000000000333e-02 3.846153846153847235e-04 3.500000000000000333e-02 6.961538461538463451e-02 3.846153846153847235e-04 1.576923076923077149e-02 1.350000000000000366e-01
9.708737864077672747e-04 9.708737864077672747e-04 1.067961165048544013e-02 9.708737864077672747e-04 2.038834951456311440e-02 9.708737864077672747e-04 2.038834951456311440e-02 9.708737864077672747e-04 9.708737864077672747e-04 9.708737864077672747e-04 9.708737864077672747e-04 9.708737864077672747e-04 9.708737864077672747e-04 9.708737864077672747e-04 3.980582524271845252e-02 9.708737864077672747e-04 9.708737864077672747e-04 9.708737864077672747e-04 9.708737864077672747e-04 3.407766990291263287e-01 9.708737864077672747e-04 9.708737864077672747e-04 2.038834951456311440e-02 9.708737864077672747e-04 2.048543689320388994e-01 9.708737864077672747e-04 9.805825242718449464e-02 1.067961165048544013e-02 3.980582524271845252e-02 1.757281553398058749e-01
6.329113924050635198e-04 6.329113924050635198e-04 6.329113924050635198e-04 4.500000000000001221e-01 6.329113924050635198e-04 6.329113924050635198e-04 6.329113924050635198e-04 6.329113924050635198e-04 6.329113924050635198e-04 6.329113924050635198e-04 6.329113924050635198e-04 6.329113924050635198e-04 6.329113924050635198e-04 6.329113924050635198e-04 5.759493670886077499e-02 2.031645569620253999e-01 6.329113924050635198e-04 3.860759493670887221e-02 6.962025316455699477e-03 3.227848101265824027e-02 6.329113924050635198e-04 6.329113924050635198e-04 6.329113924050635198e-04 6.329113924050635198e-04 6.329113924050635198e-04 6.329113924050635198e-04 6.329113924050635198e-04 5.126582278481014304e-02 2.594936708860760138e-02 1.208860759493671361e-01
5.031976744186045236e-01 2.906976744186045929e-04 2.906976744186045929e-04 2.906976744186045929e-04 2.063953488372092387e-02 9.011627906976741459e-03 2.906976744186045929e-04 2.906976744186045929e-04 4.098837209302324397e-02 2.906976744186045929e-04 4.389534883720928871e-02 9.622093023255810784e-02 6.104651162790695855e-03 2.906976744186045929e-04 2.906976744186045929e-04 1.191860465116278620e-02 2.906976744186045929e-04 2.906976744186045929e-04 1.773255813953487567e-02 2.645348837209301335e-02 3.517441860465114756e-02 3.808139534883719229e-02 2.906976744186045929e-04 2.906976744186045929e-04 2.906976744186045929e-04 7.005813953488369827e-02 2.906976744186045929e-04 2.906976744186045929e-04 2.906976744186045929e-04 7.587209302325578775e-02
6.505376344086021001e-02 5.376344086021505372e-04 5.376344086021505372e-04 1.618279569892473180e-01 5.430107526881720187e-02 5.376344086021505372e-04 5.376344086021505372e-04 5.376344086021505372e-04 2.741935483870967458e-02 1.666666666666666644e-02 4.892473118279569433e-02 5.376344086021505372e-04 5.376344086021505372e-04 5.376344086021505372e-04 5.376344086021505372e-04 5.376344086021505372e-04 1.666666666666666644e-02 1.994623655913978499e-01 1.666666666666666644e-02 5.376344086021505372e-04 1.129032258064516236e-02 5.376344086021505372e-04 1.564516129032258174e-01 8.118279569892472569e-02 2.741935483870967458e-02 5.376344086021505372e-04 1.666666666666666644e-02 5.376344086021505372e-04 4.354838709677419373e-02 4.892473118279569433e-02
