4.784688995215311685e-04 2.440191387559808786e-02 4.784688995215311685e-04 1.009569377990430783e-01 4.784688995215311685e-04 4.784688995215311685e-04 4.784688995215311685e-04 4.784688995215311685e-04 3.114832535885167508e-01 1.004784688995215454e-02 1.822966507177033735e-01 4.784688995215311685e-04 4.784688995215311685e-04 4.784688995215311685e-04 8.660287081339715365e-02 4.784688995215311685e-04 4.784688995215311685e-04 2.062200956937799423e-01 4.784688995215311685e-04 2.440191387559808786e-02 4.784688995215311685e-04 4.784688995215311685e-04 4.784688995215311685e-04 4.784688995215311685e-04 4.784688995215311685e-04 3.875598086124402292e-02 5.263157894736842854e-03 4.784688995215311685e-04 4.784688995215311685e-04 4.784688995215311685e-04
2.789115646258503653e-02 2.789115646258503653e-02 6.802721088435375848e-04 6.802721088435375848e-04 6.802721088435375848e-04 6.802721088435375848e-04 1.435374149659864318e-01 6.802721088435375848e-04 6.870748299319728858e-02 1.503401360544218135e-01 4.829931972789116429e-02 6.802721088435375848e-04 6.802721088435375848e-04 6.802721088435375848e-04 1.367346938775510501e-01 4.829931972789116429e-02 6.802721088435375848e-04 7.482993197278913974e-03 1.428571428571428874e-02 6.802721088435375848e-04 6.802721088435375848e-04 2.319727891156463107e-01 6.802721088435375848e-04 6.802721088435375848e-04 2.789115646258503653e-02 2.789115646258503653e-02 6.802721088435375848e-04 2.789115646258503653e-02 6.802721088435375848e-04 6.802721088435375848e-04
4.932735426008969144e-03 4.484304932735426051e-04 2.286995515695067205e-02 1.529147982062780409e-01 9.417040358744395087e-03 4.484304932735426051e-04 4.484304932735426051e-04 4.484304932735426051e-04 2.067264573991031418e-01 4.484304932735426051e-04 5.426008968609865452e-02 4.484304932735426051e-04 4.484304932735426051e-04 1.080717488789237762e-01 8.116591928251121191e-02 4.484304932735426051e-04 1.390134529147982016e-02 1.977578475336322916e-01 4.484304932735426051e-04 4.484304932735426051e-04 6.322869955156951161e-02 4.484304932735426051e-04 4.484304932735426051e-04 9.417040358744395087e-03 4.484304932735426051e-04 4.932735426008969144e-03 9.417040358744395087e-03 1.838565022421524350e-02 3.632286995515694727e-02 4.484304932735426051e-04
5.988023952095810482e-04 7.245508982035930856e-02 1.257485029940120201e-02 3.652694610778443873e-02 1.257485029940120201e-02 3.838323353293414120e-01 4.850299401197605970e-02 5.988023952095810482e-04 2.221556886227545879e-01 4.251497005988025268e-02 3.053892215568863172e-02 1.257485029940120201e-02 5.988023952095810482e-04 6.586826347305392397e-03 5.988023952095810482e-04 5.988023952095810482e-04 1.257485029940120201e-02 4.251497005988025268e-02 5.988023952095810482e-04 5.988023952095810482e-04 5.988023952095810482e-04 5.988023952095810482e-04 2.455089820359282124e-02 1.257485029940120201e-02 5.988023952095810482e-04 5.988023952095810482e-04 5.988023952095810482e-04 5.988023952095810482e-04 5.988023952095810482e-04 1.856287425149701423e-02
5.235602094240839315e-04 1.575916230366492810e-01 5.759162303664923897e-03 5.235602094240839315e-04 5.235602094240839315e-04 4.664921465968587255e-01 5.235602094240839315e-04 3.193717277486912004e-02 1.104712041884817197e-01 2.670157068062827682e-02 5.235602094240839315e-04 1.099476439790576278e-02 1.099476439790576278e-02 5.235602094240839315e-04 6.858638743455498787e-02 5.235602094240839315e-04 5.235602094240839315e-04 5.759162303664923897e-03 4.240837696335079954e-02 5.235602094240839315e-04 3.193717277486912004e-02 5.235602094240839315e-04 5.235602094240839315e-04 5.235602094240839315e-04 2.146596858638744054e-02 5.235602094240839315e-04 5.235602094240839315e-04 5.235602094240839315e-04 5.235602094240839315e-04 5.235602094240839315e-04
1.081310679611650061e-01 1.832524271844659589e-02 1.225728155339805489e-02 6.444174757281552479e-02 1.213592233009708416e-04 1.213592233009708416e-04 7.172330097087377399e-02 6.189320388349512161e-03 7.779126213592230110e-02 2.439320388349514035e-02 1.213592233009708416e-04 1.213592233009708416e-04 3.108009708737863308e-01 9.830097087378638493e-03 6.686893203883494119e-02 2.924757281553397315e-02 3.762135922330096197e-03 9.830097087378638493e-03 6.322815533980580271e-02 1.334951456310679366e-03 1.213592233009708416e-04 8.264563106796113390e-02 1.213592233009708416e-04 1.213592233009708416e-04 1.104368932038834669e-02 1.213592233009708416e-04 1.334951456310679366e-03 2.560679611650484855e-02 1.213592233009708416e-04 1.213592233009708416e-04
1.267241379310344584e-01 3.477011494252872648e-02 2.873563218390804016e-04 2.902298850574711736e-02 2.873563218390804016e-04 2.873563218390804016e-04 5.775862068965515600e-02 2.873563218390804016e-04 7.787356321839078444e-02 1.209770114942528424e-01 6.034482758620687837e-03 2.873563218390804016e-04 9.224137931034480375e-02 3.160919540229884146e-03 6.063218390804596403e-02 1.066091954022988231e-01 2.873563218390804016e-04 6.034482758620687837e-03 2.902298850574711736e-02 8.908045977011492395e-03 1.178160919540229348e-02 1.382183908045976628e-01 2.873563218390804016e-04 2.873563218390804016e-04 4.626436781609194471e-02 2.327586206896550824e-02 8.908045977011492395e-03 3.160919540229884146e-03 6.034482758620687837e-03 2.873563218390804016e-04
1.285347043701799122e-04 1.285347043701799122e-04 2.455012853470436504e-02 1.426735218508996990e-02 1.413881748071979224e-03 1.285347043701799122e-04 1.285347043701799122e-04 1.285347043701799122e-04 1.196658097686374850e-01 3.984575835475577359e-03 1.285347043701799122e-04 1.285347043701799122e-04 1.812339331619536656e-02 3.304627249357325880e-01 2.583547557840616335e-02 7.840616966580974886e-03 2.533419023136245785e-01 4.768637532133675194e-02 1.285347043701799122e-04 6.555269922879174843e-03 1.285347043701799122e-04 1.285347043701799122e-04 1.285347043701799122e-04 1.285347043701799122e-04 2.699228791773778183e-03 7.467866323907453030e-02 1.285347043701799122e-04 1.940874035989716487e-02 1.041131105398457150e-02 3.740359897172235853e-02
2.949852507374631227e-04 2.949852507374631227e-04 6.194690265486725578e-03 7.109144542772861952e-02 2.949852507374631227e-04 3.244837758112094784e-03 5.044247787610620093e-02 9.144542772861356805e-03 1.064896755162241943e-01 2.949852507374631227e-04 2.949852507374631227e-04 9.144542772861356805e-03 7.404129793510325075e-02 7.994100294985251320e-02 1.979351032448377345e-01 5.044247787610620093e-02 1.504424778761061926e-02 3.244837758112094784e-03 6.194690265486725578e-03 2.949852507374631227e-04 2.949852507374631227e-04 6.194690265486725578e-03 1.799410029498525049e-02 2.949852507374631227e-04 1.209439528023598630e-02 1.799410029498525049e-02 2.949852507374631227e-04 2.480825958702064793e-01 1.209439528023598630e-02 2.949852507374631227e-04
4.784688995215312770e-04 3.875598086124402986e-02 4.784688995215312770e-04 4.784688995215312770e-04 4.784688995215312770e-04 6.464114832535886590e-01 4.784688995215312770e-04 4.784688995215312770e-04 4.354066985645933807e-02 4.784688995215312770e-04 4.784688995215312770e-04 4.354066985645933807e-02 5.311004784688996144e-02 2.440191387559809133e-02 4.784688995215312770e-04 9.138755980861247574e-02 1.004784688995215627e-02 4.784688995215312770e-04 4.784688995215312770e-04 2.918660287081340302e-02 4.784688995215312770e-04 4.784688995215312770e-04 4.784688995215312770e-04 4.784688995215312770e-04 4.784688995215312770e-04 1.004784688995215627e-02 4.784688995215312770e-04 4.784688995215312770e-04 4.784688995215312770e-04 4.784688995215312770e-04
3.107344632768361745e-03 2.824858757062146991e-04 2.824858757062146991e-04 6.807909604519774005e-02 2.824858757062146991e-04 2.824858757062146991e-04 2.824858757062146991e-04 2.824858757062146991e-04 7.937853107344633452e-02 2.824858757062146991e-04 2.824858757062146991e-04 8.757062146892655510e-03 2.824858757062146991e-04 1.867231638418078987e-01 6.242937853107344975e-02 3.107344632768361745e-03 2.288135593220338992e-02 2.824858757062146991e-04 2.824858757062146991e-04 2.824858757062146991e-04 2.824858757062146991e-04 2.824858757062146991e-04 4.265536723163841637e-02 2.824858757062146991e-04 2.824858757062146991e-04 1.158192090395480066e-02 1.158192090395480066e-02 3.872881355932203395e-01 9.067796610169491511e-02 1.723163841807909616e-02
4.132231404958678668e-04 4.545454545454546968e-03 4.132231404958678668e-04 1.078512396694215197e-01 2.933884297520661724e-02 4.173553719008265411e-02 6.652892561983472786e-02 9.545454545454548634e-02 4.132231404958678668e-04 4.132231404958678668e-04 1.694214876033058037e-02 4.545454545454546968e-03 4.132231404958678668e-04 4.132231404958678668e-04 4.132231404958678668e-04 3.020661157024793764e-01 4.132231404958678668e-04 4.132231404958678668e-04 8.677685950413224769e-03 4.132231404958678668e-04 7.892561983471077514e-02 1.202479338842975531e-01 2.520661157024793944e-02 1.280991735537190430e-02 4.132231404958678668e-04 4.132231404958678668e-04 4.132231404958678668e-04 4.132231404958678668e-04 7.892561983471077514e-02 4.132231404958678668e-04
3.521126760563378843e-04 7.077464788732391876e-02 3.521126760563378843e-04 7.781690140845068382e-02 3.521126760563378843e-04 1.091549295774647474e-02 7.394366197183095679e-03 3.521126760563378843e-04 2.468309859154928509e-01 2.147887323943660845e-02 3.521126760563378843e-04 3.521126760563378843e-04 1.376760563380281244e-01 6.021126760563378505e-02 9.894366197183095124e-02 8.838028169014081059e-02 8.838028169014081059e-02 3.521126760563378843e-04 3.521126760563378843e-04 3.521126760563378843e-04 3.521126760563378843e-04 2.499999999999998751e-02 3.521126760563378843e-04 3.521126760563378843e-04 3.521126760563378843e-04 4.612676056338026187e-02 3.521126760563378843e-04 3.521126760563378843e-04 1.443661971830985206e-02 3.521126760563378843e-04
9.635761589403969707e-02 7.649006622516553444e-02 3.642384105960263813e-03 1.026490066225165150e-02 3.311258278145694277e-04 3.311258278145694277e-04 3.311258278145694277e-04 3.311258278145694277e-04 8.973509933774831415e-02 3.311258278145694277e-04 3.311258278145694277e-04 3.311258278145694277e-04 1.062913907284767923e-01 3.311258278145694277e-04 5.662251655629137181e-02 9.304635761589401255e-02 3.642384105960263813e-03 3.311258278145694277e-04 1.688741721854303962e-02 3.311258278145694277e-04 3.311258278145694277e-04 1.357615894039734469e-02 3.311258278145694277e-04 3.311258278145694277e-04 3.612582781456952219e-01 2.350993377483442601e-02 3.642384105960263813e-03 3.311258278145694277e-04 4.006622516556290065e-02 3.311258278145694277e-04
6.179775280898878141e-03 5.617977528089889219e-04 5.617977528089889219e-04 4.550561797752809834e-02 5.617977528089889219e-04 5.617977528089889219e-04 6.235955056179776079e-02 5.617977528089889219e-04 1.353932584269663120e-01 3.426966292134831643e-02 5.674157303370787331e-02 5.617977528089889219e-04 2.865168539325842895e-02 5.112359550561798582e-02 9.044943820224721209e-02 5.617977528089889219e-04 5.617977528089889219e-04 1.741573033707865398e-02 1.179775280898876649e-02 1.179775280898876649e-02 6.179775280898878141e-03 5.617977528089889219e-04 1.741573033707865398e-02 5.617977528089889219e-04 1.179775280898876649e-02 5.617977528089889219e-04 5.617977528089889219e-04 2.814606741573034143e-01 3.426966292134831643e-02 9.044943820224721209e-02
5.952380952380952918e-04 5.952380952380952918e-04 1.136904761904762029e-01 1.250000000000000069e-02 5.952380952380952918e-04 5.952380952380952918e-04 8.988095238095238082e-02 1.196428571428571480e-01 6.011904761904761363e-02 5.952380952380952918e-04 5.952380952380952918e-04 1.255952380952380931e-01 5.952380952380952918e-04 1.017857142857142988e-01 1.845238095238095274e-02 5.952380952380952918e-04 5.952380952380952918e-04 2.208333333333333537e-01 5.952380952380952918e-04 6.547619047619047776e-03 5.952380952380952918e-04 5.952380952380952918e-04 5.952380952380952918e-04 5.952380952380952918e-04 5.952380952380952918e-04 5.952380952380952918e-04 5.952380952380952918e-04 4.226190476190475748e-02 6.011904761904761363e-02 1.845238095238095274e-02
2.793296089385474083e-04 2.793296089385474083e-04 2.793296089385474083e-04 3.379888268156423098e-02 2.793296089385474083e-04 2.793296089385474083e-04 1.734636871508379308e-01 8.659217877094969873e-03 2.572625698324021437e-01 1.145251396648044179e-02 3.659217877094970983e-02 3.072625698324021708e-03 1.983240223463686447e-02 1.064245810055865632e-01 5.893854748603350596e-02 7.569832402234634439e-02 2.793296089385474083e-04 5.865921787709495357e-03 2.793296089385474083e-04 5.865921787709495357e-03 1.145251396648044179e-02 8.659217877094969873e-03 2.793296089385474083e-04 2.793296089385474083e-04 2.793296089385474083e-04 2.793296089385474083e-04 2.793296089385474083e-04 8.687150837988824592e-02 3.072625698324021708e-03 8.966480446927371784e-02
5.045871559633028670e-03 9.220183486238534010e-02 4.587155963302753090e-04 1.197247706422018554e-01 4.587155963302753090e-04 4.591743119266055162e-01 5.045871559633028670e-03 4.587155963302753090e-04 1.380733944954128656e-01 2.339449541284403800e-02 4.633027522935780074e-02 4.587155963302753090e-04 4.587155963302753090e-04 4.587155963302753090e-04 9.633027522935782086e-03 7.844036697247708245e-02 4.587155963302753090e-04 4.587155963302753090e-04 4.587155963302753090e-04 4.587155963302753090e-04 4.587155963302753090e-04 4.587155963302753090e-04 4.587155963302753090e-04 4.587155963302753090e-04 4.587155963302753090e-04 4.587155963302753090e-04 5.045871559633028670e-03 4.587155963302753090e-04 9.633027522935782086e-03 4.587155963302753090e-04
2.995780590717299699e-02 1.312236286919831463e-01 4.219409282700422562e-04 3.417721518987341944e-02 4.219409282700422562e-04 8.860759493670888193e-03 4.219409282700422562e-04 4.219409282700422562e-04 5.949367088607595416e-02 4.641350210970464872e-03 4.219409282700422562e-04 4.219409282700422562e-04 1.185654008438818824e-01 4.219409282700422562e-04 5.527426160337553518e-02 4.641350210970464872e-03 4.219409282700422562e-04 4.219409282700422562e-04 1.729957805907172963e-02 4.219409282700422562e-04 4.219409282700422562e-04 4.219409282700422562e-04 4.219409282700422562e-04 4.219409282700422562e-04 4.265822784810127111e-01 2.151898734177215208e-02 1.308016877637131065e-02 6.793248945147681295e-02 4.219409282700422562e-04 4.219409282700422562e-04
7.407407407407409208e-04 3.037037037037037396e-02 7.407407407407409208e-04 7.407407407407409208e-04 7.481481481481483398e-02 7.407407407407409208e-04 7.407407407407409208e-04 7.407407407407409208e-04 7.407407407407409208e-04 2.296296296296296974e-02 7.407407407407409208e-04 3.037037037037037396e-02 6.000000000000001166e-02 7.407407407407409208e-04 1.555555555555556031e-02 7.407407407407409208e-04 7.407407407407409208e-04 7.407407407407409208e-04 8.148148148148150888e-03 7.407407407407409208e-04 7.481481481481483398e-02 8.962962962962964242e-02 4.377777777777778767e-01 7.481481481481483398e-02 7.407407407407409208e-04 7.407407407407409208e-04 7.407407407407409208e-04 7.407407407407409208e-04 6.740740740740741588e-02 7.407407407407409208e-04
3.952569169960475342e-04 3.952569169960475342e-04 3.952569169960475342e-04 1.110671936758893530e-01 4.347826086956522659e-03 3.952569169960475342e-04 3.952569169960475342e-04 3.952569169960475342e-04 3.166007905138340517e-01 7.549407114624508142e-02 3.952569169960475342e-04 3.952569169960475342e-04 3.952569169960475342e-04 1.426877470355731592e-01 2.098814229249012508e-01 3.952569169960475342e-04 3.952569169960475342e-04 3.952569169960475342e-04 3.952569169960475342e-04 3.952569169960475342e-04 3.952569169960475342e-04 3.952569169960475342e-04 4.347826086956522659e-03 3.952569169960475342e-04 3.952569169960475342e-04 5.177865612648222676e-02 3.952569169960475342e-04 5.177865612648222676e-02 2.411067193675889633e-02 3.952569169960475342e-04
4.651162790697675764e-04 2.372093023255814406e-02 4.651162790697675764e-04 5.116279069767444045e-03 4.651162790697675764e-04 6.004651162790699548e-01 4.651162790697675764e-04 4.651162790697675764e-04 7.023255813953489801e-02 4.651162790697675764e-04 4.651162790697675764e-04 7.488372093023258624e-02 9.813953488372095801e-02 4.651162790697675764e-04 4.651162790697675764e-04 6.558139534883722366e-02 4.651162790697675764e-04 4.651162790697675764e-04 4.232558139534884495e-02 9.767441860465119266e-03 4.651162790697675764e-04 4.651162790697675764e-04 4.651162790697675764e-04 4.651162790697675764e-04 4.651162790697675764e-04 4.651162790697675764e-04 4.651162790697675764e-04 4.651162790697675764e-04 4.651162790697675764e-04 4.651162790697675764e-04
5.952380952380954002e-04 6.547619047619049511e-03 1.255952380952381209e-01 8.392857142857143571e-02 3.035714285714286031e-02 8.988095238095239470e-02 5.952380952380954002e-04 1.732142857142857650e-01 5.952380952380954002e-04 5.952380952380954002e-04 7.202380952380953161e-02 5.952380952380954002e-04 6.011904761904762751e-02 5.952380952380954002e-04 5.952380952380954002e-04 5.952380952380954002e-04 1.250000000000000243e-02 8.392857142857143571e-02 1.845238095238095621e-02 5.952380952380954002e-04 5.952380952380954002e-04 5.952380952380954002e-04 5.952380952380954002e-04 1.553571428571428881e-01 5.952380952380954002e-04 5.952380952380954002e-04 5.952380952380954002e-04 5.952380952380954002e-04 4.226190476190476442e-02 3.630952380952381237e-02
6.031128404669259223e-03 1.945525291828793368e-04 1.381322957198443183e-02 1.945525291828793368e-04 1.945525291828793368e-04 2.140077821011672921e-03 3.715953307392995397e-02 9.922178988326845958e-03 5.856031128404668579e-02 7.996108949416340372e-02 2.140077821011672921e-03 1.945525291828793368e-04 1.945525291828793368e-04 1.227626459143968674e-01 1.149805447470816921e-01 2.140077821011672921e-03 2.140077821011672921e-03 1.945525291828793368e-04 6.031128404669259223e-03 1.945525291828793368e-04 1.945525291828793368e-04 1.945525291828793368e-04 6.828793774319065479e-02 1.945525291828793368e-04 1.945525291828793368e-04 5.077821011673151058e-02 1.945525291828793368e-04 3.698443579766536038e-01 1.575875486381322563e-02 3.521400778210116017e-02
4.329004329004330085e-04 4.329004329004330085e-04 4.329004329004330085e-04 6.969696969696971556e-02 4.329004329004330085e-04 4.329004329004330085e-04 4.329004329004330085e-04 4.329004329004330085e-04 2.774891774891775076e-01 2.640692640692641341e-02 4.329004329004330085e-04 4.329004329004330085e-04 4.329004329004330085e-04 1.519480519480519987e-01 2.645021645021645718e-01 4.329004329004330085e-04 4.329004329004330085e-04 1.774891774891775020e-02 4.329004329004330085e-04 7.835497835497838570e-02 4.329004329004330085e-04 2.207792207792208181e-02 4.329004329004330085e-04 4.329004329004330085e-04 4.329004329004330085e-04 4.329004329004330085e-04 4.329004329004330085e-04 4.329004329004330085e-04 4.805194805194806101e-02 3.506493506493506968e-02
9.999999999999996739e-03 3.225806451612902139e-04 3.225806451612902139e-04 8.096774193548383902e-02 3.225806451612902139e-04 3.225806451612902139e-04 3.225806451612902139e-04 3.225806451612902139e-04 2.293548387096773222e-01 3.225806451612902139e-04 3.225806451612902139e-04 3.225806451612902139e-04 2.196774193548386156e-01 4.548387096774191701e-02 3.132258064516127427e-01 2.290322580645160269e-02 3.225806451612902139e-04 1.322580645161289779e-02 3.225806451612902139e-04 3.225806451612902139e-04 3.225806451612902139e-04 6.774193548387094817e-03 3.225806451612902139e-04 3.225806451612902139e-04 3.225806451612902139e-04 3.225806451612902139e-04 1.645161290322580058e-02 1.322580645161289779e-02 3.225806451612902139e-04 2.290322580645160269e-02
3.636363636363636686e-04 3.636363636363636686e-04 1.127272727272727280e-02 4.036363636363636542e-02 1.490909090909090830e-02 1.490909090909090830e-02 1.127272727272727280e-02 3.636363636363636686e-04 5.490909090909090740e-02 3.636363636363636686e-04 2.767272727272727106e-01 4.036363636363636542e-02 3.636363636363636686e-04 3.636363636363636686e-04 3.636363636363636686e-04 2.218181818181818102e-02 4.000000000000000083e-03 4.000000000000000083e-03 3.636363636363636686e-04 3.636363636363636686e-04 8.763636363636363724e-02 3.636363636363636686e-04 3.636363636363636686e-04 1.490909090909090830e-02 1.127272727272727280e-02 1.127272727272727280e-02 2.003636363636363826e-01 8.036363636363637319e-02 9.490909090909091517e-02 3.636363636363636686e-04
6.578947368421055736e-04 2.039473684210527105e-02 6.578947368421055736e-04 7.960526315789476226e-02 5.328947368421054626e-02 2.039473684210527105e-02 6.578947368421055736e-04 5.328947368421054626e-02 6.578947368421055736e-04 2.697368421052632331e-02 6.578947368421055736e-04 6.578947368421055736e-04 6.578947368421055736e-04 6.578947368421055736e-04 6.578947368421055736e-04 3.690789473684211730e-01 6.578947368421055736e-04 6.578947368421055736e-04 6.578947368421055736e-04 6.578947368421055736e-04 7.236842105263161309e-03 1.322368421052632081e-01 7.302631578947370306e-02 7.236842105263161309e-03 6.578947368421055736e-04 6.578947368421055736e-04 6.578947368421055736e-04 6.578947368421055736e-04 1.256578947368421628e-01 2.039473684210527105e-02
1.030927835051546849e-03 1.030927835051546849e-03 1.030927835051546849e-03 1.134020618556701512e-02 1.030927835051546849e-03 1.030927835051546849e-03 2.164948453608248058e-02 1.762886597938145006e-01 3.195876288659794950e-02 1.030927835051546849e-03 1.030927835051546849e-03 1.030927835051546849e-03 1.030927835051546849e-03 1.030927835051546849e-03 1.030927835051546849e-03 1.134020618556701512e-02 4.226804123711341149e-02 1.030927835051546849e-03 3.195876288659794950e-02 1.030927835051546849e-03 1.030927835051546849e-03 6.288659793814434240e-02 4.855670103092785128e-01 1.030927835051546849e-03 5.257731958762888042e-02 1.030927835051546849e-03 1.030927835051546849e-03 4.226804123711341149e-02 1.030927835051546849e-03 1.134020618556701512e-02
3.289473684210525157e-04 1.677631578947367738e-02 1.019736842105262858e-02 1.121710526315789075e-01 3.289473684210525157e-04 3.289473684210525157e-04 3.618421052631578053e-03 3.618421052631578053e-03 2.536184210526314931e-01 3.289473684210525157e-04 3.618421052631578053e-03 3.289473684210525157e-04 4.309210526315787604e-02 1.812499999999999389e-01 1.121710526315789075e-01 3.289473684210525157e-04 1.019736842105262858e-02 1.019736842105262858e-02 3.289473684210525157e-04 2.664473684210525231e-02 3.289473684210525157e-04 3.289473684210525157e-04 3.289473684210525157e-04 4.309210526315787604e-02 3.289473684210525157e-04 2.006578947368420351e-02 3.289473684210525157e-04 3.289473684210525157e-04 1.450657894736841480e-01 3.289473684210525157e-04
1.694915254237287870e-03 1.694915254237287870e-03 1.694915254237287870e-03 1.203389830508474201e-01 1.694915254237287870e-03 1.694915254237287870e-03 1.864406779661016700e-02 6.949152542372878660e-02 1.694915254237287870e-03 5.254237288135592265e-02 3.559322033898304483e-02 1.694915254237287870e-03 1.694915254237287870e-03 8.644067796610166443e-02 1.542372881355931757e-01 1.033898305084745423e-01 1.694915254237287870e-03 1.694915254237287870e-03 1.694915254237287870e-03 3.559322033898304483e-02 1.694915254237287870e-03 1.694915254237287870e-03 2.898305084745761984e-01 1.694915254237287870e-03 1.694915254237287870e-03 1.694915254237287870e-03 1.694915254237287870e-03 1.694915254237287870e-03 1.694915254237287870e-03 1.694915254237287870e-03
5.307017543859648967e-02 1.798245614035087411e-02 4.824561403508772182e-03 8.815789473684211563e-02 4.385964912280701836e-04 4.824561403508772182e-03 4.385964912280701836e-04 4.824561403508772182e-03 2.285087719298245779e-01 3.114035087719298212e-02 4.385964912280701836e-04 4.385964912280701836e-04 7.500000000000001110e-02 1.978070175438596534e-01 1.407894736842105199e-01 4.385964912280701836e-04 4.824561403508772182e-03 3.114035087719298212e-02 4.385964912280701836e-04 1.359649122807017607e-02 4.385964912280701836e-04 4.385964912280701836e-04 4.385964912280701836e-04 4.385964912280701836e-04 4.385964912280701836e-04 4.385964912280701836e-04 4.385964912280701836e-04 9.692982456140351866e-02 4.385964912280701836e-04 4.385964912280701836e-04
4.048582995951417371e-04 6.923076923076923461e-02 2.230769230769230893e-01 8.947368421052631637e-02 1.255060728744939250e-02 4.048582995951417371e-04 4.048582995951417371e-04 4.048582995951417371e-04 4.048582995951417371e-04 4.048582995951417371e-04 4.048582995951417371e-04 2.469635627530364363e-02 8.502024291497975450e-03 4.048582995951417371e-04 4.048582995951417371e-04 4.048582995951417371e-04 4.048582995951417371e-04 2.271255060728744890e-01 1.255060728744939250e-02 4.048582995951417371e-04 4.048582995951417371e-04 4.048582995951417371e-04 4.048582995951417371e-04 2.433198380566801711e-01 4.048582995951417371e-04 4.048582995951417371e-04 3.279352226720647773e-02 1.255060728744939250e-02 3.684210526315789130e-02 4.048582995951417371e-04
4.405286343612336078e-04 4.405286343612336078e-04 4.405286343612336078e-04 1.237885462555066429e-01 4.405286343612336078e-04 4.405286343612336078e-04 7.092511013215861693e-02 2.911894273127753618e-01 9.251101321585906631e-03 6.211453744493393436e-02 4.405286343612336078e-04 4.405286343612336078e-04 1.365638766519824097e-02 9.251101321585906631e-03 6.651982378854627564e-02 8.414096916299562690e-02 4.405286343612336078e-04 4.405286343612336078e-04 4.405286343612336078e-04 3.568281938325992136e-02 4.845814977973569686e-03 4.405286343612336078e-04 8.854625550660795430e-02 4.405286343612336078e-04 4.405286343612336078e-04 4.405286343612336078e-04 4.405286343612336078e-04 3.568281938325992136e-02 9.295154185022029558e-02 4.845814977973569686e-03
3.703703703703702436e-04 1.148148148148147620e-02 2.999999999999998501e-02 3.703703703703702436e-04 3.703703703703702436e-04 3.703703703703702436e-04 3.703703703703702436e-04 7.777777777777774952e-03 7.814814814814811939e-02 6.703703703703701999e-02 3.703703703703702436e-04 3.703703703703702436e-04 8.925925925925923266e-02 3.703703703703702436e-04 1.148148148148147620e-02 3.703703703703702436e-04 3.703703703703702436e-04 3.703703703703702436e-04 1.148148148148147620e-02 3.703703703703702436e-04 3.703703703703702436e-04 1.262962962962962399e-01 4.929629629629627141e-01 4.111111111111109134e-02 1.518518518518517831e-02 4.074074074074072842e-03 3.703703703703702436e-04 7.777777777777774952e-03 3.703703703703702436e-04 3.703703703703702436e-04
4.366812227074236448e-04 9.170305676855896107e-03 1.882096069868995913e-01 9.170305676855896107e-03 4.366812227074236448e-04 4.366812227074236448e-04 5.720524017467249617e-02 4.803493449781660526e-03 3.100436681222707574e-02 4.366812227074236448e-04 3.100436681222707574e-02 4.366812227074236448e-04 4.366812227074236448e-04 4.410480349344978596e-02 1.790393013100436900e-02 4.366812227074236448e-04 4.366812227074236448e-04 2.663755458515284016e-02 4.366812227074236448e-04 4.366812227074236448e-04 4.366812227074236448e-04 4.803493449781660526e-03 4.366812227074236448e-04 4.366812227074236448e-04 3.100436681222707574e-02 3.973799126637554691e-02 3.323144104803493759e-01 1.790393013100436900e-02 1.445414847161572425e-01 4.803493449781660526e-03
3.076923076923075945e-04 4.030769230769229439e-02 7.107692307692305145e-02 8.646153846153843692e-02 3.076923076923075945e-04 3.384615384615383919e-03 3.076923076923075945e-04 3.076923076923075945e-04 2.864615384615383231e-01 3.076923076923075945e-04 3.076923076923075945e-04 3.076923076923075945e-04 1.876923076923076028e-02 4.030769230769229439e-02 1.172307692307691940e-01 3.076923076923075945e-04 1.876923076923076028e-02 1.449230769230768767e-01 1.261538461538460991e-02 3.384615384615383919e-03 3.076923076923075945e-04 9.538461538461535591e-03 1.261538461538460991e-02 3.076923076923075945e-04 3.076923076923075945e-04 3.076923076923075945e-04 3.076923076923075945e-04 3.076923076923075945e-04 1.261538461538460991e-02 1.172307692307691940e-01
1.666666666666666774e-03 1.666666666666666774e-03 1.683333333333333348e-01 1.666666666666666774e-03 1.666666666666666774e-03 1.666666666666666774e-03 1.666666666666666774e-03 1.666666666666666774e-03 1.666666666666666774e-03 1.666666666666666774e-03 1.666666666666666774e-03 6.833333333333332926e-02 5.166666666666666630e-02 1.666666666666666774e-03 1.666666666666666774e-03 1.666666666666666774e-03 1.833333333333333343e-02 2.516666666666666496e-01 1.666666666666666774e-03 5.166666666666666630e-02 1.666666666666666774e-03 1.666666666666666774e-03 8.499999999999999223e-02 1.833333333333333343e-02 1.666666666666666774e-03 8.499999999999999223e-02 3.500000000000000333e-02 1.666666666666666774e-03 1.666666666666666774e-03 1.349999999999999811e-01
4.781021897810219107e-02 3.321167883211678662e-02 3.686131386861313947e-02 5.510948905109488982e-02 3.649635036496350678e-04 3.649635036496350678e-04 3.649635036496350678e-04 4.014598540145985529e-03 3.069343065693430628e-01 3.649635036496350678e-04 3.649635036496350678e-04 3.649635036496350678e-04 5.510948905109488982e-02 2.226277372262773502e-02 8.795620437956204463e-02 3.649635036496350678e-04 2.226277372262773502e-02 1.463503649635036485e-01 4.014598540145985529e-03 3.686131386861313947e-02 3.649635036496350678e-04 3.649635036496350678e-04 3.649635036496350678e-04 2.226277372262773502e-02 3.649635036496350678e-04 4.781021897810219107e-02 3.649635036496350678e-04 1.861313868613138564e-02 3.649635036496350678e-04 4.781021897810219107e-02
5.641025641025642322e-03 1.076923076923077052e-02 5.128205128205129285e-04 5.128205128205129285e-04 5.128205128205129285e-04 2.723076923076923617e-01 5.128205128205129285e-04 5.128205128205129285e-04 5.692307692307693040e-02 5.128205128205129285e-04 1.076923076923077052e-02 4.666666666666666879e-02 5.179487179487179960e-02 5.128205128205129285e-04 1.082051282051282315e-01 5.128205128205129285e-04 5.128205128205129285e-04 7.230769230769232281e-02 5.641025641025642322e-03 4.666666666666666879e-02 5.128205128205129285e-04 5.128205128205129285e-04 3.128205128205128333e-02 1.589743589743590133e-02 4.666666666666666879e-02 5.128205128205129285e-04 5.128205128205129285e-04 1.184615384615384792e-01 7.230769230769232281e-02 2.102564102564102519e-02
4.255319148936170717e-04 4.680851063829788439e-03 6.000000000000000472e-02 3.446808510638298129e-02 4.255319148936170717e-04 4.255319148936170717e-04 3.446808510638298129e-02 4.255319148936170717e-04 4.680851063829788439e-03 4.255319148936170717e-04 4.680851063829788439e-03 1.578723404255319429e-01 6.425531914893617413e-02 3.446808510638298129e-02 4.255319148936170717e-04 4.255319148936170717e-04 5.148936170212766589e-02 5.148936170212766589e-02 4.255319148936170717e-04 4.255319148936170717e-04 4.255319148936170717e-04 5.148936170212766589e-02 1.744680851063830015e-02 4.255319148936170717e-04 4.255319148936170717e-04 3.238297872340425432e-01 8.936170212765959589e-03 5.148936170212766589e-02 3.021276595744681187e-02 8.936170212765959589e-03
7.093425605536329837e-03 1.730103806228373375e-04 1.022491349480968703e-01 1.126297577854670912e-01 1.730103806228373375e-04 1.730103806228373375e-04 3.477508650519030992e-02 1.903114186851210957e-03 4.515570934256054464e-02 7.629757785467126963e-02 1.228373702422145067e-02 2.077854671280276178e-01 1.730103806228373375e-04 2.266435986159168886e-02 5.726643598615915876e-02 1.730103806228373375e-04 1.903114186851210957e-03 1.437716262975778092e-01 1.903114186851210957e-03 4.342560553633217219e-02 1.730103806228373375e-04 2.439446366782006478e-02 1.730103806228373375e-04 2.266435986159168886e-02 2.958477508650518562e-02 2.093425605536331641e-02 3.633217993079584061e-03 1.730103806228373375e-04 1.730103806228373375e-04 2.612456747404843724e-02
6.060606060606060601e-04 9.151515151515150770e-02 2.551515151515151847e-01 6.666666666666667095e-03 6.060606060606060601e-04 5.515151515151515277e-02 6.060606060606060601e-04 6.060606060606060601e-04 6.060606060606060601e-04 6.666666666666667095e-03 6.060606060606060601e-04 6.060606060606060601e-04 1.278787878787878973e-01 6.060606060606060601e-04 6.060606060606060601e-04 6.060606060606060601e-04 6.060606060606060601e-04 6.060606060606060601e-04 6.060606060606060601e-04 4.303030303030302983e-02 1.272727272727272770e-02 6.060606060606060601e-04 6.060606060606060601e-04 4.909090909090908783e-02 1.272727272727272770e-02 5.515151515151515277e-02 6.060606060606060601e-04 2.248484848484848531e-01 4.909090909090908783e-02 6.060606060606060601e-04
3.891050583657587819e-04 5.486381322957198381e-02 7.042801556420233422e-02 3.891050583657587819e-04 3.891050583657587819e-04 8.171206225680934312e-03 3.891050583657587819e-04 3.929961089494163340e-02 1.560311284046692615e-01 3.891050583657587819e-04 3.891050583657587819e-04 3.891050583657587819e-04 1.206225680933852192e-02 3.891050583657587819e-04 1.984435797665369539e-02 3.891050583657587819e-04 4.280155642023346710e-03 1.132295719844357978e-01 4.280155642023346710e-03 3.891050583657587819e-04 3.891050583657587819e-04 3.891050583657587819e-04 8.171206225680934312e-03 3.540856031128404580e-02 2.373540856031128299e-02 5.486381322957198381e-02 3.155642023346303393e-01 3.891050583657587819e-04 7.431906614785992182e-02 3.891050583657587819e-04
9.174311926605507265e-05 9.266055045871560494e-03 2.211009174311927283e-02 4.045871559633028303e-02 9.174311926605507265e-05 9.174311926605507265e-05 4.045871559633028303e-02 9.174311926605507265e-05 5.330275229357799710e-02 5.146788990825689608e-02 2.844036697247706927e-03 3.761467889908257436e-03 2.761467889908257589e-02 3.588073394495414070e-01 9.174311926605507265e-05 9.174311926605507265e-05 1.725688073394495703e-01 9.174311926605507265e-05 9.174311926605507265e-05 9.174311926605507265e-05 9.174311926605507265e-05 1.110091743119266325e-02 1.752293577981652029e-02 2.844036697247706927e-03 2.211009174311927283e-02 1.129357798165137733e-01 9.174311926605507265e-05 2.394495412844037385e-02 9.174311926605507265e-05 2.577981651376147487e-02
3.846153846153846151e-04 1.961538461538461439e-02 3.846153846153846151e-04 9.269230769230769884e-02 3.846153846153846151e-04 3.846153846153846151e-04 3.499999999999999639e-02 3.846153846153846151e-04 4.849999999999999867e-01 3.846153846153846151e-04 3.846153846153846151e-04 3.846153846153846151e-04 3.846153846153846151e-04 1.961538461538461439e-02 6.961538461538462064e-02 4.230769230769231525e-03 3.846153846153846151e-04 5.807692307692307460e-02 3.846153846153846151e-04 3.846153846153846151e-04 3.846153846153846151e-04 3.846153846153846151e-04 4.230769230769231525e-03 2.346153846153846076e-02 3.846153846153846151e-04 3.846153846153846151e-04 4.230769230769231525e-03 1.657692307692307798e-01 8.076923076923077024e-03 4.230769230769231525e-03
9.174311926605507265e-04 9.174311926605507265e-04 3.495412844036698274e-01 9.174311926605507265e-04 2.844036697247707274e-02 9.174311926605507265e-04 9.174311926605507265e-04 9.174311926605507265e-04 9.174311926605507265e-04 9.174311926605507265e-04 9.174311926605507265e-04 3.761467889908257783e-02 9.174311926605507265e-04 9.174311926605507265e-04 7.431192660550460516e-02 9.174311926605507265e-04 9.174311926605507265e-04 9.174311926605507265e-04 9.174311926605507265e-04 9.174311926605507265e-04 9.174311926605507265e-04 4.678899082568808293e-02 8.348623853211011026e-02 9.174311926605507265e-04 1.009174311926605908e-02 9.266055045871561535e-02 9.174311926605507265e-04 2.577981651376147765e-01 9.174311926605507265e-04 9.174311926605507265e-04
3.676470588235294067e-04 3.676470588235294067e-04 1.363970588235294268e-01 3.676470588235294067e-04 3.676470588235294067e-04 7.022058823529411797e-02 3.676470588235294067e-04 3.713235294117647051e-02 3.676470588235294067e-04 3.676470588235294067e-04 3.345588235294117557e-02 3.676470588235294067e-04 3.676470588235294067e-04 3.676470588235294067e-04 2.610294117647058570e-02 3.676470588235294067e-04 1.507352941176470437e-02 3.676470588235294067e-04 3.676470588235294067e-04 3.676470588235294067e-04 4.044117647058823907e-03 3.676470588235294067e-04 3.676470588235294067e-04 3.345588235294117557e-02 7.757352941176470784e-02 1.874999999999999931e-02 4.194852941176470118e-01 3.676470588235294067e-04 1.216911764705882470e-01 3.676470588235294067e-04
3.846153846153847235e-04 3.846153846153847235e-04 3.500000000000000333e-02 3.846153846153847235e-04 3.846153846153847235e-04 3.846153846153847235e-04 5.038461538461539574e-02 3.846153846153847235e-04 3.500000000000000333e-02 4.350000000000000533e-01 3.500000000000000333e-02 3.846153846153847235e-04 2.730769230769231060e-02 3.846153846153847235e-04 3.846153846153847235e-04 3.884615384615385664e-02 1.961538461538461786e-02 3.846153846153847235e-04 3.846153846153847235e-04 3.846153846153847235e-04 3.846153846153847235e-04 3.500000000000000333e-02 9.653846153846155909e-02 2.346153846153846423e-02 3.846153846153847235e-04 1.192307692307692686e-02 8.076923076923078759e-03 3.846153846153847235e-04 1.234615384615384975e-01 1.961538461538461786e-02
9.708737864077672747e-04 9.708737864077672747e-04 9.708737864077672747e-04 1.271844660194175192e-01 1.174757281553398397e-01 9.708737864077672747e-04 2.436893203883495895e-01 1.174757281553398397e-01 9.708737864077672747e-04 8.834951456310681517e-02 9.708737864077672747e-04 9.708737864077672747e-04 6.893203883495147011e-02 2.038834951456311440e-02 9.708737864077672747e-04 9.708737864077672747e-04 9.708737864077672747e-04 9.708737864077672747e-04 9.708737864077672747e-04 2.038834951456311440e-02 2.038834951456311440e-02 1.174757281553398397e-01 9.708737864077672747e-04 9.708737864077672747e-04 9.708737864077672747e-04 9.708737864077672747e-04 3.980582524271845252e-02 9.708737864077672747e-04 9.708737864077672747e-04 9.708737864077672747e-04
6.329113924050634114e-04 6.329113924050634114e-04 7.025316455696203888e-02 6.329113924050634114e-04 6.329113924050634114e-04 6.329113924050634114e-04 6.329113924050634114e-04 6.329113924050634114e-04 1.208860759493671222e-01 6.329113924050634114e-04 6.329113924050634114e-04 6.329113924050634114e-04 7.658227848101266388e-02 6.329113924050634114e-04 1.651898734177215666e-01 6.329113924050634114e-04 7.025316455696203888e-02 8.291139240506330277e-02 6.329113924050634114e-04 1.962025316455696597e-02 6.329113924050634114e-04 6.962025316455697742e-03 6.329113924050634114e-04 6.329113924050634114e-04 6.329113924050634114e-04 6.329113924050634114e-04 6.329113924050634114e-04 1.715189873417722055e-01 6.329113924050634114e-04 2.031645569620253722e-01
2.936046511627905808e-02 1.020348837209301973e-01 2.906976744186045929e-04 3.226744186046510282e-02 2.906976744186045929e-04 4.014534883720928815e-01 2.354651162790696861e-02 3.197674418604650251e-03 1.078488372093023007e-01 1.191860465116278620e-02 1.773255813953487567e-02 2.906976744186045929e-04 6.424418604651160880e-02 2.906976744186045929e-04 2.906976744186045929e-04 2.936046511627905808e-02 3.226744186046510282e-02 2.906976744186045929e-04 4.680232558139534038e-02 1.482558139534883093e-02 2.906976744186045929e-04 1.191860465116278620e-02 2.906976744186045929e-04 2.906976744186045929e-04 4.970930232558138512e-02 2.906976744186045929e-04 2.906976744186045929e-04 2.906976744186045929e-04 1.773255813953487567e-02 2.906976744186045929e-04
5.376344086021505372e-04 1.129032258064516236e-02 7.580645161290322509e-02 1.080645161290322703e-01 1.129032258064516236e-02 8.118279569892472569e-02 5.376344086021505372e-04 5.376344086021505372e-04 5.376344086021505372e-04 5.376344086021505372e-04 1.666666666666666644e-02 5.376344086021505372e-04 5.376344086021505372e-04 4.892473118279569433e-02 2.204301075268817051e-02 5.376344086021505372e-04 5.376344086021505372e-04 1.672043010752688186e-01 5.376344086021505372e-04 8.118279569892472569e-02 2.204301075268817051e-02 5.376344086021505372e-04 5.376344086021505372e-04 5.376344086021505372e-04 5.376344086021505372e-04 5.376344086021505372e-04 3.817204301075268619e-02 7.043010752688172449e-02 1.725806451612903192e-01 6.505376344086021001e-02
