6.410256410256411335e-04 4.551282051282051766e-02 6.410256410256411335e-04 7.051282051282053119e-03 1.480769230769231060e-01 6.410256410256411335e-04 7.051282051282053119e-03 3.910256410256410936e-02 2.762820512820513552e-01 6.410256410256411335e-04 6.410256410256411335e-04 6.410256410256411335e-04 6.410256410256411335e-04 6.410256410256411335e-04 5.192307692307693290e-02 6.410256410256411335e-04 6.410256410256411335e-04 6.410256410256411335e-04 6.410256410256411335e-04 6.410256410256411335e-04 6.410256410256411335e-04 1.737179487179487669e-01 6.410256410256411335e-04 2.378205128205128638e-01 6.410256410256411335e-04 6.410256410256411335e-04 6.410256410256411335e-04 6.410256410256411335e-04 6.410256410256411335e-04 6.410256410256411335e-04
4.587155963302753090e-04 4.587155963302753090e-04 9.633027522935782086e-03 4.587155963302753090e-04 1.564220183486238758e-01 2.619266055045871844e-01 3.715596330275229564e-02 9.220183486238534010e-02 4.587155963302753090e-04 4.587155963302753090e-04 5.045871559633028670e-03 4.587155963302753090e-04 4.174311926605504819e-02 8.761467889908258755e-02 4.587155963302753090e-04 4.587155963302753090e-04 4.587155963302753090e-04 4.587155963302753090e-04 4.587155963302753090e-04 4.587155963302753090e-04 1.105504587155963503e-01 4.587155963302753090e-04 4.587155963302753090e-04 4.633027522935780074e-02 4.587155963302753090e-04 4.587155963302753090e-04 4.587155963302753090e-04 9.220183486238534010e-02 3.715596330275229564e-02 1.422018348623853463e-02
4.566210045662101938e-04 4.611872146118722177e-02 4.566210045662101938e-04 4.566210045662101938e-04 1.100456621004566593e-01 4.566210045662101938e-04 5.525114155251142911e-02 1.876712328767123905e-01 4.566210045662101938e-04 4.566210045662101938e-04 4.566210045662101938e-04 4.566210045662101938e-04 1.557077625570776613e-01 5.525114155251142911e-02 4.566210045662101938e-04 2.328767123287671728e-02 4.566210045662101938e-04 4.566210045662101938e-04 1.415525114155251514e-02 6.894977168949772972e-02 4.155251141552512156e-02 9.634703196347034482e-02 4.566210045662101938e-04 5.022831050228312132e-03 4.566210045662101938e-04 4.566210045662101938e-04 1.415525114155251514e-02 4.566210045662101938e-04 4.566210045662101938e-04 1.191780821917808597e-01
4.522292993630573632e-02 6.369426751592358526e-04 7.006369426751594270e-03 6.369426751592358526e-04 6.369426751592358526e-04 6.369426751592358526e-04 7.006369426751594270e-03 7.006369426751594270e-03 7.006369426751594270e-03 3.248407643312102577e-02 1.337579617834395128e-02 6.369426751592358526e-04 6.369426751592358526e-04 6.369426751592358526e-04 6.369426751592358526e-04 1.337579617834395128e-02 3.885350318471338105e-02 5.796178343949045381e-02 6.369426751592358526e-04 6.369426751592358526e-04 6.369426751592358526e-04 6.369426751592358526e-04 2.611464968152866356e-02 6.369426751592358526e-04 6.312101910828026297e-01 2.611464968152866356e-02 7.006369426751594270e-03 6.369426751592358526e-04 7.006369426751594270e-03 6.433121019108281602e-02
6.756756756756759300e-04 1.418918918918919518e-02 6.756756756756759300e-04 6.756756756756759300e-04 4.331081081081082362e-01 2.094594594594595405e-02 6.756756756756759300e-04 7.432432432432436314e-03 2.844594594594595516e-01 6.756756756756759300e-04 6.756756756756759300e-04 6.756756756756759300e-04 6.756756756756759300e-04 6.756756756756759300e-04 6.756756756756759300e-04 2.770270270270271118e-02 6.756756756756759300e-04 6.756756756756759300e-04 6.756756756756759300e-04 5.472972972972974665e-02 7.432432432432436314e-03 6.756756756756759300e-04 6.756756756756759300e-04 1.020270270270270674e-01 7.432432432432436314e-03 6.756756756756759300e-04 2.770270270270271118e-02 6.756756756756759300e-04 6.756756756756759300e-04 6.756756756756759300e-04
3.389830508474575414e-04 2.745762711864405473e-02 7.118644067796608098e-03 3.389830508474575414e-04 4.511864406779659276e-01 3.389830508474575414e-04 5.457627118644066411e-02 3.389830508474575414e-04 3.389830508474575414e-04 3.389830508474575414e-04 3.389830508474575414e-04 1.596610169491524955e-01 3.389830508474575414e-04 3.084745762711862960e-02 7.118644067796608098e-03 3.389830508474575414e-04 2.067796610169490498e-02 1.050847457627118210e-02 3.728813559322032792e-03 1.528813559322033389e-01 2.745762711864405473e-02 3.084745762711862960e-02 3.389830508474575414e-04 3.389830508474575414e-04 3.389830508474575414e-04 7.118644067796608098e-03 3.728813559322032792e-03 3.389830508474575414e-04 3.389830508474575414e-04 3.389830508474575414e-04
8.403361344537817797e-04 8.403361344537817797e-04 8.403361344537817797e-04 8.403361344537817797e-04 3.957983193277311851e-01 9.243697478991600228e-03 8.403361344537817797e-04 8.403361344537817797e-04 8.403361344537817797e-04 8.403361344537817797e-04 8.403361344537817797e-04 8.403361344537817797e-04 8.403361344537817797e-04 2.781512605042017472e-01 8.403361344537817797e-04 9.243697478991600228e-03 5.966386554621849747e-02 8.403361344537817797e-04 8.403361344537817797e-04 8.403361344537817797e-04 3.445378151260504451e-02 7.647058823529413740e-02 2.605042016806723496e-02 8.403361344537817797e-04 8.403361344537817797e-04 8.403361344537817797e-04 8.403361344537817797e-04 9.327731092436976346e-02 8.403361344537817797e-04 8.403361344537817797e-04
4.694835680751174682e-04 4.694835680751174682e-04 2.863849765258216079e-02 4.694835680751174682e-04 4.694835680751174682e-04 2.394366197183098871e-02 4.694835680751174682e-04 6.150234741784037923e-02 5.164319248826292584e-03 4.694835680751174682e-04 4.694835680751174682e-04 4.694835680751174682e-04 1.924882629107981316e-02 6.619718309859155825e-02 5.164319248826292584e-03 4.694835680751174682e-04 1.037558685446009626e-01 5.680751173708920715e-02 5.164319248826292584e-03 4.694835680751174682e-04 4.694835680751174682e-04 5.211267605633803507e-02 4.694835680751174682e-04 4.694835680751174682e-04 4.694835680751174682e-04 4.887323943661971981e-01 4.694835680751174682e-04 7.558685446009391629e-02 4.694835680751174682e-04 4.694835680751174682e-04
1.640000000000000138e-02 4.000000000000001276e-04 2.440000000000000502e-02 4.000000000000001276e-04 8.840000000000002023e-02 4.000000000000001276e-04 4.364000000000000656e-01 8.840000000000002023e-02 1.640000000000000138e-02 4.000000000000001276e-04 1.640000000000000138e-02 1.124000000000000277e-01 4.400000000000001132e-03 2.040000000000000493e-02 4.400000000000001132e-03 4.000000000000001276e-04 3.640000000000000874e-02 4.000000000000001276e-04 4.000000000000001276e-04 4.000000000000001276e-04 4.000000000000001276e-04 6.840000000000001634e-02 4.000000000000001276e-04 4.400000000000001132e-03 1.240000000000000303e-02 1.640000000000000138e-02 2.840000000000000510e-02 4.000000000000001276e-04 4.000000000000001276e-04 4.000000000000001276e-04
4.784688995215311685e-04 4.784688995215311685e-04 1.966507177033493259e-01 4.784688995215311685e-04 1.153110047846890168e-01 4.784688995215311685e-04 5.263157894736842854e-03 3.875598086124402292e-02 4.784688995215311685e-04 4.784688995215311685e-04 4.784688995215311685e-04 1.296650717703349553e-01 1.483253588516746622e-02 2.971291866028708539e-01 4.784688995215311685e-04 5.263157894736842854e-03 1.483253588516746622e-02 4.784688995215311685e-04 4.784688995215311685e-04 4.784688995215311685e-04 4.784688995215311685e-04 4.784688995215311685e-04 5.263157894736842854e-03 1.105263157894737086e-01 4.784688995215311685e-04 4.784688995215311685e-04 5.789473684210526966e-02 4.784688995215311685e-04 4.784688995215311685e-04 4.784688995215311685e-04
8.231292517006802423e-02 6.802721088435374763e-04 6.802721088435374763e-04 2.789115646258503306e-02 2.108843537414966177e-02 2.863945578231292810e-01 6.802721088435374763e-04 1.503401360544217857e-01 6.802721088435374763e-04 7.482993197278912240e-03 6.802721088435374763e-04 6.802721088435374763e-04 6.190476190476189994e-02 9.591836734693877375e-02 6.802721088435374763e-04 6.802721088435374763e-04 6.802721088435374763e-04 6.802721088435374763e-04 1.428571428571428700e-02 6.802721088435374763e-04 6.802721088435374763e-04 6.802721088435374763e-04 6.802721088435374763e-04 7.482993197278912240e-03 6.802721088435374763e-04 6.802721088435374763e-04 6.870748299319727470e-02 1.367346938775510223e-01 6.802721088435374763e-04 2.789115646258503306e-02
4.484304932735427135e-04 4.484304932735427135e-04 4.932735426008970012e-03 4.932735426008970012e-03 9.417040358744396822e-03 4.484304932735427135e-04 4.484304932735427135e-04 4.484304932735427135e-04 4.932735426008970012e-03 4.484304932735427135e-04 4.484304932735427135e-04 5.874439461883409347e-02 4.484304932735427135e-04 3.547085201793722664e-01 2.515695067264574480e-01 9.417040358744396822e-03 1.838565022421525044e-02 1.035874439461883789e-01 4.484304932735427135e-04 4.484304932735427135e-04 4.484304932735427135e-04 2.735426008968610406e-02 5.426008968609866839e-02 4.484304932735427135e-04 9.417040358744396822e-03 4.484304932735427135e-04 4.484304932735427135e-04 4.484304932735427135e-04 4.484304932735427135e-04 8.116591928251123966e-02
5.988023952095809397e-04 6.586826347305390662e-03 6.646706586826348073e-02 5.988023952095809397e-04 5.988023952095809397e-04 5.988023952095809397e-04 6.586826347305390662e-03 8.443113772455090871e-02 1.856287425149701076e-02 5.988023952095809397e-04 1.856287425149701076e-02 5.988023952095809397e-04 5.988023952095809397e-04 5.988023952095809397e-04 8.443113772455090871e-02 1.257485029940120028e-02 6.586826347305390662e-03 5.988023952095809397e-04 5.988023952095809397e-04 1.023952095808383506e-01 5.988023952095809397e-04 1.263473053892215925e-01 2.455089820359281777e-02 5.988023952095809397e-04 5.988023952095809397e-04 4.317365269461078126e-01 5.988023952095809397e-04 5.988023952095809397e-04 5.988023952095809397e-04 5.988023952095809397e-04
8.264563106796116165e-02 1.589805825242718296e-02 1.178398058252427133e-01 1.334951456310679799e-03 4.623786407766990181e-02 8.143203883495145345e-02 1.213592233009708822e-04 2.682038834951456369e-02 1.226941747572815461e-01 1.213592233009708822e-04 1.213592233009708822e-04 3.652912621359223622e-02 2.548543689320388432e-03 8.264563106796116165e-02 1.468446601941747476e-02 1.213592233009708822e-04 1.785194174757281371e-01 4.975728155339805697e-03 1.213592233009708822e-04 1.213592233009708822e-04 1.213592233009708822e-04 4.623786407766990181e-02 4.975728155339805697e-03 1.213592233009708822e-04 1.213592233009708822e-04 1.213592233009708822e-04 4.745145631067961001e-02 6.929611650485437147e-02 1.589805825242718296e-02 1.213592233009708822e-04
5.181347150259068201e-04 5.181347150259068201e-04 1.196891191709844871e-01 5.181347150259068201e-04 5.181347150259068201e-04 5.181347150259068201e-04 5.181347150259068201e-04 8.860103626943006960e-02 5.181347150259068201e-04 5.181347150259068201e-04 5.181347150259068201e-04 5.181347150259068201e-04 5.181347150259068201e-04 5.181347150259068201e-04 5.181347150259068201e-04 5.181347150259068201e-04 9.896373056994821338e-02 5.181347150259068201e-04 5.181347150259068201e-04 5.181347150259068201e-04 3.160621761658031353e-02 5.181347150259068201e-04 5.699481865284975780e-03 5.181347150259068201e-04 5.181347150259068201e-04 5.497409326424871345e-01 5.181347150259068201e-04 9.378238341968914149e-02 5.181347150259068201e-04 5.181347150259068201e-04
1.287001287001286634e-04 3.989703989703988728e-03 1.287001287001286634e-04 1.287001287001286634e-04 9.407979407979404074e-02 1.287001287001286634e-04 1.287001287001286634e-04 3.487773487773487141e-02 2.702702702702701985e-03 1.287001287001286634e-04 1.287001287001286634e-04 6.319176319176317280e-02 2.702702702702701985e-03 5.032175032175031232e-02 1.287001287001286634e-04 4.698841698841697556e-01 1.685971685971685355e-02 1.287001287001286634e-04 6.061776061776059932e-02 1.287001287001286634e-04 7.850707850707848087e-03 5.289575289575287886e-02 1.287001287001286634e-04 1.287001287001286634e-04 1.287001287001286634e-04 1.415701415701415460e-03 8.378378378378374680e-02 4.517374517374516535e-02 7.850707850707848087e-03 1.287001287001286634e-04
1.353448275862068617e-01 2.040229885057470369e-02 1.755747126436781047e-01 2.873563218390804016e-04 2.873563218390804016e-04 1.410919540229884639e-01 3.189655172413791845e-02 1.870689655172413091e-01 2.873563218390804016e-04 2.873563218390804016e-04 2.873563218390804016e-04 6.637931034482756620e-02 2.873563218390804016e-04 2.040229885057470369e-02 2.873563218390804016e-04 2.902298850574711736e-02 2.873563218390804016e-04 2.873563218390804016e-04 2.327586206896550824e-02 2.873563218390804016e-04 2.873563218390804016e-04 2.040229885057470369e-02 2.873563218390804016e-04 2.873563218390804016e-04 2.873563218390804016e-04 2.873563218390804016e-04 2.873563218390804016e-04 4.339080459770113668e-02 1.178160919540229348e-02 8.936781609195400267e-02
1.004784688995215454e-02 4.784688995215311685e-04 4.784688995215311685e-04 4.784688995215311685e-04 4.784688995215311685e-04 4.784688995215311685e-04 1.105263157894737086e-01 1.679425837320574488e-01 4.784688995215311685e-04 4.784688995215311685e-04 4.784688995215311685e-04 5.789473684210526966e-02 1.004784688995215454e-02 4.784688995215311685e-04 4.784688995215311685e-04 1.004784688995215454e-02 9.138755980861246186e-02 4.784688995215311685e-04 4.784688995215311685e-04 5.263157894736842854e-03 4.784688995215311685e-04 1.961722488038277618e-02 4.784688995215311685e-04 4.784688995215311685e-04 4.784688995215311685e-04 5.076555023923445820e-01 4.784688995215311685e-04 4.784688995215311685e-04 4.784688995215311685e-04 4.784688995215311685e-04
1.209439528023598630e-02 2.303834808259586919e-01 5.044247787610620093e-02 2.094395280235988172e-02 2.949852507374631227e-04 2.949852507374631227e-04 2.949852507374631227e-04 9.174041297935103811e-02 3.864306784660766908e-02 2.949852507374631227e-04 2.949852507374631227e-04 2.949852507374631227e-04 2.949852507374631227e-04 1.772861356932153298e-01 6.519174041297935707e-02 6.194690265486725578e-03 6.194690265486725578e-03 1.799410029498525049e-02 3.244837758112094784e-03 2.949852507374631227e-04 2.949852507374631227e-04 1.209439528023598630e-02 2.949852507374631227e-04 2.949852507374631227e-04 2.949852507374631227e-04 2.949852507374631227e-04 2.949852507374631227e-04 1.536873156342182800e-01 2.949852507374631227e-04 1.094395280235988255e-01
2.824858757062145907e-04 3.533898305084744451e-01 5.395480225988699002e-02 5.932203389830506893e-03 7.372881355932200953e-02 2.824858757062145907e-04 2.824858757062145907e-04 9.632768361581918459e-02 1.440677966101694407e-02 2.824858757062145907e-04 2.824858757062145907e-04 4.830508474576269973e-02 2.824858757062145907e-04 9.632768361581918459e-02 2.824858757062145907e-04 4.548022598870055111e-02 8.757062146892652041e-03 2.824858757062145907e-04 5.932203389830506893e-03 9.350282485875703598e-02 2.824858757062145907e-04 2.853107344632767328e-02 2.824858757062145907e-04 2.824858757062145907e-04 2.288135593220338299e-02 2.824858757062145907e-04 2.824858757062145907e-04 4.830508474576269973e-02 2.824858757062145907e-04 2.824858757062145907e-04
3.521126760563379927e-04 3.521126760563379927e-04 2.327464788732393763e-01 1.376760563380281521e-01 3.521126760563379927e-04 3.521126760563379927e-04 3.521126760563379927e-04 7.077464788732393264e-02 3.521126760563379927e-04 3.521126760563379927e-04 3.521126760563379927e-04 3.521126760563379927e-04 3.521126760563379927e-04 1.447183098591549033e-01 1.443661971830985553e-02 6.021126760563379893e-02 8.838028169014083835e-02 3.873239436619717920e-03 3.873239436619717920e-03 3.521126760563379927e-04 7.394366197183097414e-03 1.795774647887323286e-02 7.429577464788730823e-02 3.521126760563379927e-04 3.521126760563379927e-04 3.521126760563379927e-04 1.443661971830985553e-02 8.133802816901407329e-02 4.260563380281689322e-02 3.521126760563379927e-04
4.132231404958678668e-04 4.132231404958678668e-04 4.132231404958678668e-04 4.132231404958678668e-04 4.132231404958678668e-04 4.132231404958678668e-04 4.132231404958678668e-04 3.103305785123967042e-01 1.037190082644628281e-01 4.545454545454546101e-03 4.132231404958678668e-04 5.413223140495868058e-02 4.132231404958678668e-04 4.132231404958678668e-04 4.132231404958678668e-04 4.132231404958678668e-04 4.132231404958678668e-04 4.586776859504132497e-02 4.132231404958678668e-04 4.132231404958678668e-04 4.132231404958678668e-04 8.719008264462811686e-02 4.132231404958678668e-04 5.826446280991735838e-02 7.892561983471076126e-02 2.520661157024793597e-02 2.107438016528925817e-02 4.132231404958678668e-04 4.132231404958678668e-04 2.028925619834711092e-01
6.655629139072843925e-02 3.311258278145693735e-04 1.923841059602647841e-01 3.642384105960262946e-03 3.642384105960262946e-03 3.311258278145693735e-04 3.311258278145693735e-04 1.327814569536423239e-01 3.311258278145693735e-04 3.311258278145693735e-04 3.311258278145693735e-04 2.019867549668872761e-02 3.311258278145693735e-04 3.311258278145693735e-04 4.337748344370858516e-02 3.311258278145693735e-04 6.655629139072843925e-02 3.311258278145693735e-04 3.612582781456951664e-01 3.311258278145693735e-04 3.311258278145693735e-04 3.311258278145693735e-04 2.682119205298011747e-02 3.311258278145693735e-04 3.311258278145693735e-04 3.311258278145693735e-04 3.311258278145693735e-04 7.649006622516552056e-02 3.311258278145693735e-04 3.311258278145693735e-04
5.617977528089888135e-04 2.589887640449438089e-01 5.617977528089888135e-04 5.112359550561797888e-02 9.044943820224719822e-02 5.617977528089888135e-04 5.617977528089888135e-04 1.410112359550561856e-01 5.617977528089888135e-04 5.617977528089888135e-04 5.617977528089888135e-04 1.741573033707865051e-02 5.617977528089888135e-04 1.578651685393258619e-01 3.426966292134830949e-02 5.112359550561797888e-02 4.550561797752808446e-02 5.617977528089888135e-04 6.179775280898877274e-03 6.179775280898877274e-03 5.617977528089888135e-04 5.617977528089888135e-04 5.617977528089888135e-04 5.617977528089888135e-04 5.617977528089888135e-04 5.617977528089888135e-04 5.617977528089888135e-04 1.129213483146067482e-01 1.741573033707865051e-02 5.617977528089888135e-04
2.793296089385474083e-04 3.072625698324021708e-03 1.148044692737429789e-01 2.793296089385474083e-04 1.148044692737429789e-01 2.793296089385474083e-04 2.793296089385474083e-04 2.488826815642457280e-01 2.793296089385474083e-04 2.793296089385474083e-04 2.793296089385474083e-04 5.055865921787708328e-02 2.793296089385474083e-04 2.125698324022345653e-01 2.793296089385474083e-04 1.983240223463686447e-02 2.793296089385474083e-04 2.793296089385474083e-04 2.793296089385474083e-04 2.793296089385474083e-04 3.072625698324021708e-03 2.793296089385474083e-04 2.793296089385474083e-04 2.793296089385474083e-04 2.793296089385474083e-04 2.793296089385474083e-04 2.793296089385474083e-04 1.790502793296088746e-01 2.821229050279328715e-02 1.983240223463686447e-02
5.952380952380954002e-04 2.440476190476190826e-02 5.952380952380954002e-04 5.952380952380954002e-04 2.565476190476190799e-01 5.952380952380954002e-04 5.952380952380954002e-04 8.988095238095239470e-02 5.952380952380954002e-04 5.952380952380954002e-04 1.017857142857143127e-01 1.196428571428571758e-01 8.392857142857143571e-02 4.226190476190476442e-02 8.392857142857143571e-02 2.440476190476190826e-02 6.547619047619049511e-03 5.952380952380954002e-04 5.952380952380954002e-04 5.952380952380954002e-04 5.952380952380954002e-04 5.952380952380954002e-04 5.952380952380954002e-04 1.553571428571428881e-01 5.952380952380954002e-04 5.952380952380954002e-04 5.952380952380954002e-04 5.952380952380954002e-04 5.952380952380954002e-04 5.952380952380954002e-04
5.045871559633028670e-03 4.587155963302753090e-04 4.587155963302753090e-04 4.587155963302753090e-04 4.587155963302753090e-04 5.045871559633028670e-03 4.587155963302753090e-04 2.160550458715596589e-01 4.587155963302753090e-04 4.587155963302753090e-04 4.587155963302753090e-04 1.880733944954128545e-02 4.587155963302753090e-04 1.059633027522935977e-01 3.256880733944954309e-02 4.587155963302753090e-04 2.339449541284403800e-02 4.587155963302753090e-04 4.587155963302753090e-04 4.587155963302753090e-04 5.045871559633028670e-03 4.587155963302753090e-04 4.587155963302753090e-04 4.587155963302753090e-04 4.587155963302753090e-04 5.600917431192661278e-01 4.587155963302753090e-04 4.587155963302753090e-04 1.880733944954128545e-02 4.587155963302753090e-04
5.527426160337552824e-02 4.219409282700422020e-04 2.451476793248945074e-01 4.219409282700422020e-04 4.219409282700422020e-04 4.219409282700422020e-04 4.219409282700422020e-04 2.995780590717299352e-02 4.219409282700422020e-04 4.219409282700422020e-04 4.219409282700422020e-04 4.683544303797468333e-02 4.219409282700422020e-04 7.637130801687763704e-02 4.641350210970464872e-03 4.219409282700422020e-04 4.219409282700422020e-04 4.219409282700422020e-04 4.350210970464134519e-01 4.219409282700422020e-04 4.219409282700422020e-04 4.219409282700422020e-04 4.219409282700422020e-04 4.219409282700422020e-04 4.219409282700422020e-04 4.219409282700422020e-04 2.151898734177215208e-02 7.637130801687763704e-02 4.219409282700422020e-04 4.219409282700422020e-04
7.407407407407409208e-04 3.777777777777778512e-02 7.407407407407409208e-04 7.407407407407409208e-04 8.222222222222223820e-02 3.562962962962963887e-01 8.148148148148150888e-03 7.407407407407409208e-04 7.407407407407409208e-04 6.000000000000001166e-02 7.407407407407409208e-04 6.000000000000001166e-02 2.296296296296296974e-02 7.407407407407409208e-04 7.407407407407409208e-04 7.407407407407409208e-04 7.407407407407409208e-04 7.407407407407409208e-04 7.407407407407409208e-04 7.407407407407409208e-04 3.777777777777778512e-02 7.481481481481483398e-02 7.407407407407409208e-04 7.407407407407409208e-04 7.407407407407409208e-04 1.555555555555556031e-02 3.777777777777778512e-02 2.296296296296296974e-02 3.037037037037037396e-02 1.414814814814815136e-01
4.651162790697675221e-04 4.651162790697675221e-04 4.651162790697675221e-04 4.651162790697675221e-04 4.651162790697675221e-04 4.651162790697675221e-04 7.953488372093024672e-02 1.446511627906977016e-01 9.767441860465117531e-03 4.651162790697675221e-04 4.651162790697675221e-04 9.767441860465117531e-03 4.651162790697675221e-04 4.651162790697675221e-04 4.651162790697675221e-04 4.651162790697675221e-04 1.493023255813953620e-01 4.651162790697675221e-04 4.651162790697675221e-04 4.651162790697675221e-04 4.651162790697675221e-04 2.837209302325581495e-02 4.651162790697675221e-04 4.651162790697675221e-04 4.651162790697675221e-04 5.353488372093023751e-01 3.302325581395348930e-02 4.651162790697675221e-04 4.651162790697675221e-04 4.651162790697675221e-04
3.952569169960475342e-04 3.952569169960475342e-04 3.952569169960475342e-04 3.952569169960475342e-04 1.584980237154150484e-01 3.952569169960475342e-04 4.347826086956522659e-03 2.652173913043478493e-01 3.952569169960475342e-04 3.952569169960475342e-04 1.620553359683794825e-02 3.201581027667984441e-02 3.952569169960475342e-04 2.177865612648221816e-01 4.347826086956522659e-03 6.758893280632413680e-02 3.952569169960475342e-04 3.952569169960475342e-04 3.952569169960475342e-04 3.952569169960475342e-04 3.952569169960475342e-04 3.952569169960475342e-04 3.952569169960475342e-04 3.952569169960475342e-04 3.952569169960475342e-04 3.952569169960475342e-04 4.782608695652174752e-02 1.782608695652174446e-01 3.952569169960475342e-04 3.952569169960475342e-04
5.952380952380955086e-04 1.250000000000000416e-02 1.845238095238095968e-02 3.035714285714286378e-02 5.952380952380955086e-04 5.952380952380955086e-04 1.250000000000000416e-02 3.035714285714286378e-02 4.821428571428573034e-02 5.952380952380955086e-04 5.952380952380955086e-04 1.255952380952381486e-01 5.952380952380955086e-04 5.952380952380955086e-04 3.934523809523810534e-01 5.952380952380955086e-04 6.607142857142858650e-02 5.952380952380955086e-04 5.952380952380955086e-04 6.547619047619050378e-03 5.952380952380955086e-04 7.202380952380954549e-02 2.440476190476191173e-02 5.952380952380955086e-04 5.952380952380955086e-04 8.988095238095240858e-02 5.416666666666668239e-02 5.952380952380955086e-04 5.952380952380955086e-04 6.547619047619050378e-03
1.945525291828793368e-04 2.064202334630349522e-01 1.945525291828793368e-04 8.190661478599220446e-02 1.945525291828793368e-04 1.945525291828793368e-04 1.945525291828793368e-04 1.130350194552528914e-01 1.945525291828793368e-04 2.140077821011672921e-03 8.774319066147857893e-02 1.945525291828793368e-04 7.976653696498052157e-03 2.959143968871594810e-01 1.945525291828793368e-04 1.770428015564201943e-02 1.945525291828793368e-04 1.945525291828793368e-04 1.945525291828793368e-04 1.381322957198443183e-02 1.945525291828793368e-04 2.159533073929960703e-02 1.945525291828793368e-04 1.945525291828793368e-04 9.922178988326845958e-03 1.945525291828793368e-04 9.922178988326845958e-03 1.266536964980544411e-01 2.140077821011672921e-03 1.945525291828793368e-04
4.310344827586207921e-04 4.310344827586207921e-04 8.663793103448277910e-02 5.646551724137932604e-02 1.038793103448276134e-01 4.310344827586207921e-04 4.310344827586207921e-04 2.073275862068966191e-01 4.310344827586207921e-04 4.310344827586207921e-04 4.310344827586207921e-04 4.310344827586207921e-04 9.051724137931036959e-03 3.495689655172414256e-01 4.310344827586207921e-04 1.767241379310345237e-02 4.310344827586207921e-04 4.310344827586207921e-04 4.310344827586207921e-04 4.310344827586207921e-04 4.310344827586207921e-04 4.310344827586207921e-04 4.310344827586207921e-04 4.310344827586207921e-04 4.310344827586207921e-04 4.310344827586207921e-04 3.060344827586207461e-02 1.297413793103448787e-01 4.310344827586207921e-04 4.310344827586207921e-04
3.225806451612902139e-04 3.225806451612902139e-04 1.229032258064515770e-01 3.548387096774192461e-03 3.225806451612902139e-04 3.225806451612902139e-04 3.225806451612902139e-04 2.612903225806450375e-02 6.774193548387094817e-03 9.999999999999996739e-03 3.225806451612902139e-04 3.225806451612902139e-04 3.258064516129031279e-02 5.583870967741932922e-01 3.225806451612902139e-04 3.225806451612902139e-04 6.161290322580643269e-02 3.225806451612902139e-04 6.774193548387094817e-03 3.225806451612902139e-04 3.225806451612902139e-04 1.967741935483870164e-02 3.225806451612902139e-04 3.225806451612902139e-04 6.774193548387094817e-03 3.225806451612902139e-04 1.967741935483870164e-02 1.196774193548386656e-01 3.225806451612902139e-04 3.225806451612902139e-04
3.636363636363636686e-04 2.694545454545454466e-01 7.672727272727272729e-02 3.636363636363636686e-04 3.636363636363636686e-04 3.636363636363636686e-04 3.636363636363636686e-04 3.636363636363636686e-04 3.636363636363636686e-04 3.636363636363636686e-04 3.636363636363636686e-04 4.000000000000000083e-03 2.945454545454545200e-02 3.636363636363636686e-04 3.636363636363636686e-04 1.854545454545454553e-02 1.854545454545454553e-02 1.385454545454545550e-01 3.636363636363636686e-04 2.581818181818181651e-02 3.636363636363636686e-04 3.636363636363636686e-04 3.636363636363636686e-04 1.127272727272727280e-02 2.112727272727272787e-01 2.581818181818181651e-02 5.490909090909090740e-02 8.400000000000000522e-02 3.636363636363636686e-04 2.581818181818181651e-02
6.622516556291391807e-04 6.622516556291391807e-04 6.622516556291391807e-04 6.622516556291391807e-04 6.622516556291391807e-04 6.622516556291391807e-04 2.715231788079470326e-02 2.390728476821192550e-01 2.059602649006622987e-01 6.622516556291391807e-04 6.622516556291391807e-04 4.701986754966887977e-02 6.622516556291391807e-04 6.622516556291391807e-04 1.390728476821192355e-02 6.622516556291391807e-04 6.622516556291391807e-04 6.622516556291391807e-04 6.622516556291391807e-04 6.622516556291391807e-04 2.715231788079470326e-02 4.701986754966887977e-02 6.622516556291391807e-04 6.622516556291391807e-04 7.350993377483444613e-02 1.390728476821192355e-02 6.622516556291391807e-04 4.039735099337748991e-02 6.622516556291391807e-04 2.523178807947020208e-01
1.030927835051546849e-03 5.257731958762888042e-02 1.030927835051546849e-03 1.030927835051546849e-03 7.319587628865981133e-02 4.443298969072166371e-01 1.030927835051546849e-03 1.030927835051546849e-03 1.030927835051546849e-03 1.030927835051546849e-03 9.381443298969074918e-02 1.030927835051546849e-03 1.134020618556701512e-02 1.030927835051546849e-03 4.226804123711341149e-02 1.030927835051546849e-03 1.041237113402062181e-01 1.030927835051546849e-03 1.134020618556701512e-02 1.030927835051546849e-03 1.030927835051546849e-03 6.288659793814434240e-02 1.030927835051546849e-03 2.164948453608248058e-02 1.030927835051546849e-03 1.030927835051546849e-03 1.030927835051546849e-03 4.226804123711341149e-02 2.164948453608248058e-02 1.030927835051546849e-03
1.348684210526315125e-02 3.289473684210525157e-04 4.638157894736840564e-02 6.611842105263156244e-02 9.572368421052628029e-02 3.289473684210525157e-04 3.289473684210525157e-04 1.187499999999999667e-01 3.618421052631578053e-03 2.006578947368420351e-02 3.289473684210525157e-04 6.940789473684208510e-02 3.289473684210525157e-04 1.582236842105262664e-01 7.927631578947365310e-02 2.006578947368420351e-02 3.618421052631578053e-03 3.289473684210525157e-04 3.289473684210525157e-04 3.289473684210525157e-04 2.006578947368420351e-02 3.289473684210525157e-04 3.289473684210525157e-04 6.907894736842103318e-03 3.618421052631578053e-03 3.289473684210525157e-04 1.253289473684210120e-01 1.417763157894736392e-01 3.289473684210525157e-04 3.618421052631578053e-03
1.694915254237287870e-03 1.694915254237287870e-03 1.694915254237287870e-03 1.694915254237287870e-03 3.559322033898304483e-02 8.644067796610166443e-02 1.694915254237287870e-03 2.728813559322033622e-01 1.033898305084745423e-01 1.694915254237287870e-03 1.864406779661016700e-02 1.694915254237287870e-03 1.694915254237287870e-03 1.694915254237287870e-03 2.898305084745761984e-01 1.694915254237287870e-03 1.694915254237287870e-03 1.694915254237287870e-03 1.694915254237287870e-03 1.694915254237287870e-03 1.694915254237287870e-03 1.694915254237287870e-03 1.694915254237287870e-03 1.694915254237287870e-03 1.694915254237287870e-03 1.694915254237287870e-03 1.694915254237287870e-03 1.694915254237287870e-03 1.694915254237287870e-03 1.542372881355931757e-01
5.307017543859649661e-02 4.385964912280702378e-04 4.868421052631579510e-02 4.385964912280702378e-04 1.276315789473684570e-01 4.385964912280702378e-04 9.210526315789474561e-03 1.013157894736842340e-01 4.385964912280702378e-04 4.385964912280702378e-04 1.798245614035087758e-02 4.385964912280702378e-04 4.385964912280702378e-04 2.504385964912281271e-01 1.359649122807017781e-02 9.254385964912283102e-02 4.385964912280702378e-04 4.385964912280702378e-04 4.385964912280702378e-04 4.385964912280702378e-04 9.210526315789474561e-03 4.385964912280702378e-04 4.385964912280702378e-04 4.385964912280702378e-04 4.385964912280702378e-04 4.385964912280702378e-04 4.385964912280702378e-04 2.548245614035087869e-01 4.385964912280702378e-04 1.359649122807017781e-02
2.479674796747968063e-02 4.065040650406505146e-04 1.666666666666666990e-02 4.065040650406505146e-04 2.646341463414634276e-01 4.065040650406505146e-04 4.065040650406505146e-04 4.065040650406505146e-04 4.065040650406505146e-04 4.065040650406505146e-04 4.065040650406505146e-04 4.918699186991870587e-02 4.065040650406505146e-04 4.065040650406505146e-04 4.065040650406505146e-04 4.065040650406505146e-04 4.065040650406505146e-04 4.065040650406505146e-04 4.065040650406505146e-04 1.666666666666666990e-02 1.426829268292683361e-01 4.065040650406505146e-04 4.150406504065041191e-01 2.073170731707317527e-02 3.699186991869919672e-02 4.065040650406505146e-04 4.065040650406505146e-04 4.471544715447155552e-03 4.065040650406505146e-04 4.065040650406505146e-04
4.366812227074236990e-04 3.973799126637555384e-02 4.366812227074236990e-04 4.366812227074236990e-04 4.366812227074236990e-04 4.366812227074236990e-04 4.803493449781661394e-03 4.366812227074236990e-04 4.366812227074236990e-04 4.366812227074236990e-04 4.366812227074236990e-04 5.506550218340612313e-01 1.353711790393013516e-02 4.803493449781661394e-03 4.366812227074236990e-04 4.803493449781661394e-03 3.537117903930131479e-02 4.366812227074236990e-04 2.227074235807860805e-02 2.663755458515284363e-02 9.170305676855897842e-03 4.803493449781661394e-03 2.663755458515284363e-02 7.467248908296945931e-02 2.227074235807860805e-02 1.353711790393013516e-02 4.366812227074236990e-04 9.650655021834064762e-02 4.410480349344979289e-02 4.366812227074236990e-04
3.731343283582089047e-04 4.104477611940298386e-03 3.731343283582089047e-04 3.731343283582089047e-04 3.731343283582089047e-04 4.779850746268655692e-01 3.731343283582089047e-04 3.768656716417909808e-02 3.731343283582089047e-04 3.731343283582089047e-04 1.902985074626865197e-02 3.731343283582089047e-04 3.731343283582089047e-04 7.126865671641789690e-02 3.731343283582089047e-04 3.731343283582089047e-04 6.753731343283581046e-02 3.731343283582089047e-04 1.902985074626865197e-02 7.835820895522387433e-03 3.731343283582089047e-04 1.533582089552238403e-01 3.731343283582089047e-04 5.261194029850745080e-02 3.731343283582089047e-04 4.104477611940298386e-03 7.873134328358208367e-02 3.731343283582089047e-04 3.731343283582089047e-04 3.731343283582089047e-04
4.845814977973569686e-03 1.017621145374449643e-01 4.405286343612336078e-04 6.211453744493393436e-02 3.127753303964758008e-02 2.251101321585903814e-01 3.568281938325992136e-02 3.132158590308370405e-01 1.365638766519824097e-02 4.405286343612336078e-04 9.251101321585906631e-03 4.405286343612336078e-04 4.405286343612336078e-04 4.845814977973569686e-03 1.281938325991189842e-01 4.405286343612336078e-04 4.405286343612336078e-04 4.405286343612336078e-04 4.405286343612336078e-04 4.405286343612336078e-04 4.405286343612336078e-04 4.405286343612336078e-04 4.405286343612336078e-04 4.405286343612336078e-04 4.405286343612336078e-04 4.405286343612336078e-04 4.405286343612336078e-04 4.405286343612336078e-04 9.251101321585906631e-03 5.330396475770926568e-02
3.076923076923075945e-04 3.076923076923075945e-04 3.384615384615383919e-03 1.261538461538460991e-02 1.449230769230768767e-01 3.076923076923075945e-04 3.076923076923075945e-04 2.492307692307691239e-02 3.076923076923075945e-04 3.384615384615383919e-03 3.076923076923075945e-04 3.076923076923075945e-04 3.076923076923075945e-04 2.803076923076922022e-01 2.492307692307691239e-02 3.415384615384613881e-02 3.723076923076922007e-02 6.461538461538459538e-03 3.384615384615383919e-03 8.953846153846151124e-02 6.461538461538459538e-03 3.723076923076922007e-02 1.079999999999999710e-01 3.076923076923075945e-04 3.076923076923075945e-04 3.076923076923075945e-04 3.076923076923075945e-04 1.295384615384614913e-01 3.076923076923075945e-04 4.953846153846152428e-02
3.649635036496349594e-04 3.649635036496349594e-04 1.171532846715328258e-01 3.649635036496349594e-04 1.244525547445255315e-01 3.649635036496349594e-04 3.649635036496349594e-04 3.649635036496349594e-04 3.649635036496349594e-04 3.649635036496349594e-04 3.649635036496349594e-04 3.649635036496349594e-04 4.051094890510947844e-02 2.010948905109488649e-01 5.875912408759123573e-02 3.649635036496349594e-04 1.208029197080291717e-01 3.649635036496349594e-04 1.131386861313868342e-02 3.686131386861313253e-02 5.145985401459853004e-02 3.649635036496349594e-04 8.795620437956203075e-02 3.649635036496349594e-04 1.861313868613138217e-02 3.649635036496349594e-04 3.649635036496349594e-04 1.171532846715328258e-01 7.664233576642334907e-03 3.649635036496349594e-04
5.102040816326531072e-04 5.102040816326531072e-04 5.612244897959184180e-03 5.102040816326531072e-04 1.331632653061224636e-01 5.102040816326531072e-04 6.173469387755101817e-02 1.581632653061224372e-02 5.102040816326531072e-04 5.102040816326531072e-04 5.612244897959184180e-03 5.102040816326531072e-04 5.102040816326531072e-04 8.214285714285715634e-02 5.102040816326531072e-04 5.102040816326531072e-04 4.642857142857143016e-02 5.102040816326531072e-04 4.642857142857143016e-02 7.704081632653060618e-02 1.581632653061224372e-02 5.102040816326531072e-04 5.102040816326531072e-04 2.602040816326530587e-02 5.102040816326531072e-04 2.811224489795918213e-01 5.102040816326531072e-04 1.892857142857142794e-01 5.102040816326531072e-04 5.612244897959184180e-03
1.666666666666666340e-03 5.166666666666665936e-02 1.666666666666666340e-03 1.666666666666666340e-03 1.683333333333332793e-01 1.666666666666666340e-03 3.499999999999999639e-02 1.666666666666666340e-03 1.666666666666666340e-03 3.499999999999999639e-02 1.666666666666666340e-03 1.666666666666666340e-03 4.349999999999999423e-01 1.833333333333332996e-02 1.666666666666666340e-03 1.666666666666666340e-03 5.166666666666665936e-02 1.666666666666666340e-03 1.666666666666666340e-03 1.666666666666666340e-03 1.666666666666666340e-03 1.183333333333333043e-01 1.666666666666666340e-03 1.666666666666666340e-03 1.833333333333332996e-02 1.666666666666666340e-03 1.666666666666666340e-03 1.666666666666666340e-03 3.499999999999999639e-02 1.666666666666666340e-03
4.255319148936171259e-04 4.255319148936171259e-04 4.255319148936171259e-04 3.621276595744681304e-01 1.744680851063830015e-02 4.255319148936171259e-04 4.255319148936171259e-04 2.595744680851064246e-02 4.255319148936171259e-04 4.680851063829788439e-03 4.255319148936171259e-04 6.000000000000001166e-02 3.446808510638298823e-02 4.255319148936171259e-04 4.255319148936171259e-04 4.255319148936171259e-04 4.255319148936171259e-04 4.255319148936171259e-04 4.255319148936171259e-04 9.829787234042555721e-02 4.255319148936171259e-04 1.068085106382979099e-01 4.680851063829788439e-03 1.238297872340425876e-01 4.255319148936171259e-04 4.680851063829788439e-03 3.446808510638298823e-02 4.255319148936171259e-04 8.978723404255321838e-02 2.595744680851064246e-02
1.727115716753022643e-04 1.727115716753022643e-04 1.727115716753022643e-04 5.354058721934370005e-03 1.469775474956822037e-01 1.727115716753022643e-04 1.727115716753022643e-04 1.849740932642486846e-01 1.899827288428324826e-03 1.727115716753022643e-04 1.899827288428324826e-03 1.727115716753022643e-04 1.262521588946459439e-01 1.727115716753022643e-04 1.727115716753022643e-04 2.953367875647668755e-02 1.899827288428324826e-03 1.727115716753022643e-04 1.917098445595854725e-02 1.899827288428324826e-03 6.580310880829015607e-02 1.348877374784110406e-01 5.354058721934370005e-03 1.417962003454231457e-01 1.727115716753022643e-04 1.727115716753022643e-04 6.753022452504317541e-02 6.234887737478411046e-02 1.727115716753022643e-04 1.727115716753022643e-04
6.060606060606061685e-04 9.757575757575760733e-02 6.727272727272727570e-02 6.060606060606061685e-04 3.036363636363637042e-01 6.060606060606061685e-04 6.060606060606061685e-04 6.060606060606061685e-04 6.060606060606061685e-04 6.060606060606061685e-04 6.060606060606061685e-04 6.060606060606061685e-04 6.060606060606061685e-04 6.060606060606061685e-04 6.060606060606061685e-04 6.060606060606061685e-04 1.878787878787879090e-02 6.060606060606061685e-04 1.272727272727272943e-02 6.060606060606061685e-04 6.727272727272727570e-02 4.909090909090909477e-02 6.060606060606061685e-04 6.060606060606061685e-04 6.060606060606061685e-04 7.333333333333334758e-02 6.060606060606061685e-04 2.975757575757576601e-01 6.060606060606061685e-04 6.060606060606061685e-04
9.165902841429883854e-05 1.567369385884510163e-02 6.507791017415216588e-03 7.250229147571037036e-02 1.109074243813015781e-02 1.008249312557287251e-03 5.591200733272227823e-03 6.150320806599450518e-02 9.165902841429883854e-05 9.165902841429883854e-05 9.165902841429883854e-05 9.165902841429883854e-05 9.165902841429883854e-05 5.783684692942256400e-02 8.340971585701193250e-03 4.602199816681944444e-01 1.008249312557287251e-03 6.507791017415216588e-03 7.983501374885428048e-02 1.567369385884510163e-02 1.567369385884510163e-02 8.258478460128323984e-02 1.924839596700275365e-03 1.008249312557287251e-03 9.165902841429883854e-05 9.165902841429883854e-05 3.950504124656279564e-02 3.767186067827681811e-02 1.750687442713107569e-02 9.165902841429883854e-05
