1.524137931034482973e-01 6.275862068965516738e-02 5.586206896551723644e-02 6.896551724137931589e-04 2.558620689655172753e-01 2.489655172413793305e-01 6.896551724137931589e-04 7.655172413793102926e-02 7.586206896551725073e-03 1.386206896551724355e-01
6.060606060606060601e-04 6.060606060606060601e-04 6.060606060606060601e-04 2.733333333333333171e-01 6.727272727272727570e-02 2.006060606060606211e-01 3.090909090909090690e-02 3.278787878787878807e-01 3.696969696969696489e-02 6.121212121212121077e-02
3.714932126696832149e-01 4.570135746606334565e-02 1.855203619909502263e-02 4.524886877828054486e-04 6.832579185520361309e-02 2.307692307692307473e-02 1.135746606334841757e-01 1.361990950226244501e-01 1.995475113122172073e-01 2.307692307692307473e-02
5.343915343915343896e-02 5.291005291005291362e-04 1.275132275132275228e-01 2.915343915343915349e-01 5.291005291005291362e-04 4.285714285714285754e-02 5.820105820105820824e-03 4.238095238095238027e-01 4.814814814814814825e-02 5.820105820105820824e-03
1.375912408759124017e-01 7.189781021897810598e-02 1.132603406326034012e-01 8.637469586374695377e-03 1.692214111922140940e-01 1.375912408759124017e-01 2.445255474452555020e-02 2.762773722627737127e-01 2.810218978102189957e-02 3.296836982968370106e-02
9.304347826086954709e-02 1.452173913043477982e-01 1.510144927536231640e-01 2.898550724637681086e-04 2.060869565217390842e-01 5.536231884057970370e-02 2.898550724637681086e-04 1.017391304347825959e-01 6.695652173913042848e-02 1.799999999999999656e-01
9.561290322580644208e-02 6.580645161290321794e-03 1.510967741935483888e-01 2.077419354838709944e-02 5.819354838709677596e-02 1.227096774193548318e-01 4.310967741935484154e-01 1.290322580645161343e-04 1.303225806451612824e-02 1.007741935483870838e-01
4.830917874396136228e-04 4.830917874396136228e-04 1.260869565217391519e-01 3.483091787439613896e-01 4.830917874396136228e-04 4.830917874396136228e-04 2.946859903381642692e-02 4.690821256038647524e-01 2.463768115942029102e-02 4.830917874396136228e-04
1.393491124260355096e-01 2.988165680473372707e-02 6.538461538461538824e-02 2.958579881656804773e-04 1.038461538461538519e-01 1.571005917159763454e-01 2.100591715976331264e-02 1.630177514792899574e-01 3.020710059171597406e-01 1.804733727810650668e-02
7.698863636363637020e-02 2.840909090909091313e-04 2.247159090909090773e-01 3.125000000000000173e-03 7.414772727272728181e-02 1.707386363636363702e-01 1.366477272727272818e-01 2.840909090909091313e-04 3.042613636363636354e-01 8.806818181818181282e-03
2.804964539007092084e-01 3.546099290780142083e-04 1.634751773049645529e-01 1.099290780141843997e-02 4.290780141843971579e-02 1.812056737588652600e-01 8.900709219858156385e-02 1.067375886524822709e-01 3.546099290780142083e-04 1.244680851063829780e-01
4.166666666666666934e-04 2.920833333333333059e-01 4.166666666666666934e-04 1.291666666666666657e-02 8.375000000000000500e-02 4.166666666666666934e-04 4.166666666666666934e-04 2.379166666666666652e-01 2.045833333333333393e-01 1.670833333333333337e-01
3.836666666666666559e-01 3.699999999999999817e-02 7.033333333333334492e-02 3.333333333333333764e-04 4.366666666666666613e-02 8.033333333333333992e-02 2.033333333333333173e-02 7.033333333333334492e-02 2.699999999999999969e-02 2.669999999999999596e-01
8.579545454545454974e-02 5.681818181818182626e-04 9.715909090909091717e-02 5.681818181818182626e-04 6.874999999999999167e-02 1.767045454545454752e-01 1.761363636363636256e-02 9.715909090909091717e-02 4.551136363636363313e-01 5.681818181818182626e-04
2.587078651685393305e-01 1.432584269662921274e-02 1.772471910112359550e-01 2.808988764044944068e-04 2.808988764044944068e-04 2.980337078651685290e-01 3.398876404494381720e-02 6.207865168539326156e-02 6.488764044943820530e-02 9.016853932584270592e-02
6.024096385542169205e-04 6.024096385542169205e-04 2.837349397590361311e-01 1.210843373493975944e-01 1.265060240963855435e-02 3.319277108433735246e-01 6.084337349397590106e-02 6.024096385542169205e-04 1.873493975903614550e-01 6.024096385542169205e-04
4.629629629629630348e-04 4.629629629629630348e-04 8.379629629629631316e-02 1.949074074074074459e-01 6.990740740740741810e-02 1.115740740740740894e-01 5.092592592592593871e-03 5.189814814814814881e-01 1.435185185185185348e-02 4.629629629629630348e-04
2.982978723404254850e-01 9.404255319148936698e-02 6.851063829787235049e-02 4.255319148936170717e-04 4.255319148936170717e-04 1.195744680851063835e-01 4.723404255319148953e-02 4.680851063829787571e-03 4.680851063829787571e-03 3.621276595744680749e-01
7.518796992481203458e-04 9.849624060150376226e-02 1.060150375939849648e-01 7.518796992481203458e-04 1.285714285714285865e-01 3.834586466165413460e-02 7.593984962406015449e-02 1.736842105263158020e-01 1.887218045112782072e-01 1.887218045112782072e-01
1.517928286852589792e-01 3.984063745019920466e-04 1.836653386454183412e-01 3.984063745019920466e-04 3.227091633466135090e-02 3.470119521912350402e-01 6.414342629482072677e-02 8.366533864541832871e-03 1.079681274900398530e-01 1.039840637450199223e-01
5.164319248826292584e-03 4.694835680751174682e-04 8.028169014084508837e-02 3.572769953051643244e-01 4.272300469483568397e-02 4.694835680751174682e-04 4.694835680751174682e-04 4.699530516431925098e-01 4.272300469483568397e-02 4.694835680751174682e-04
6.024096385542169205e-04 6.024096385542169205e-04 6.024096385542169205e-04 1.632530120481927860e-01 1.451807228915662773e-01 6.024096385542169205e-04 1.210843373493975944e-01 1.873493975903614550e-01 3.801204819277108626e-01 6.024096385542169205e-04
1.369140624999999889e-01 1.953125000000000108e-04 1.603515624999999889e-01 1.953125000000000108e-04 7.832031250000000278e-02 2.287109374999999889e-01 8.808593750000000278e-02 1.953125000000000108e-04 2.306640624999999889e-01 7.636718750000000278e-02
1.794759825327510994e-01 4.366812227074235906e-04 1.969432314410480278e-01 4.366812227074235906e-04 3.537117903930130786e-02 3.541484716157204948e-01 2.663755458515283669e-02 2.227074235807860111e-02 6.157205240174672134e-02 1.227074235807860264e-01
3.379870129870129469e-01 3.246753246753246750e-04 1.691558441558441706e-01 3.246753246753246750e-04 8.149350649350649289e-02 2.990259740259740284e-01 3.246753246753246750e-04 9.448051948051948423e-02 3.246753246753246750e-04 1.655844155844155702e-02
7.692307692307691000e-03 1.725274725274724974e-01 2.311355311355310915e-01 7.728937728937727847e-02 9.194139194139193394e-02 3.663003663003662458e-04 6.630036630036628686e-02 1.322344322344322087e-01 2.201465201465201138e-01 3.663003663003662458e-04
6.666666666666667528e-04 2.740000000000000213e-01 7.333333333333334064e-03 6.666666666666667528e-04 8.733333333333333226e-02 6.666666666666667528e-04 6.666666666666667528e-04 1.873333333333333517e-01 3.206666666666666554e-01 1.206666666666666721e-01
2.210526315789473895e-02 6.421052631578946790e-02 8.526315789473683238e-02 1.157894736842105324e-02 3.263157894736842118e-02 1.157894736842105324e-02 1.052631578947368397e-03 1.052631578947368397e-03 3.905263157894737214e-01 3.800000000000000044e-01
1.559602649006622543e-01 3.311258278145695361e-04 1.096026490066225184e-01 1.357615894039734990e-02 3.311258278145695361e-04 2.751655629139072579e-01 1.360927152317880917e-01 6.324503311258278249e-02 7.649006622516556220e-02 1.692052980132450479e-01
1.070175438596491224e-01 1.771929824561403466e-01 1.754385964912280734e-03 1.754385964912280734e-03 1.070175438596491224e-01 1.754385964912280734e-03 1.754385964912280734e-03 1.754385964912280734e-03 2.824561403508772384e-01 3.175438596491228505e-01
2.747787610619469301e-01 3.584070796460177288e-02 4.424778761061947925e-04 4.867256637168142393e-03 3.141592920353982604e-02 3.632743362831858391e-01 3.584070796460177288e-02 1.508849557522124185e-01 4.424778761061947925e-04 1.022123893805309963e-01
4.938775510204081870e-02 7.387755102040817479e-02 4.081632653061225183e-04 2.004081632653061384e-01 4.081632653061225183e-04 2.371428571428571830e-01 3.228571428571428981e-01 4.938775510204081870e-02 4.081632653061225183e-04 6.571428571428572507e-02
4.405286343612335536e-04 4.449339207048458311e-02 1.193832599118942878e-01 1.370044052863436390e-01 6.651982378854626177e-02 4.449339207048458311e-02 4.365638766519824299e-01 2.687224669603524574e-02 5.330396475770925874e-02 7.092511013215860305e-02
4.444444444444444657e-04 9.822222222222222465e-02 4.488888888888888790e-02 4.444444444444444657e-04 6.711111111111110750e-02 9.822222222222222465e-02 9.333333333333334106e-03 5.822222222222222382e-02 4.848888888888888693e-01 1.382222222222222185e-01
1.902985074626865544e-02 2.649253731343283527e-02 9.738805970149254365e-02 3.731343283582089589e-04 1.682835820895522416e-01 6.007462686567164450e-02 1.529850746268656553e-02 6.753731343283582433e-02 1.533582089552238958e-01 3.921641791044775949e-01
2.595679012345679104e-01 3.086419753086419690e-04 9.290123456790123913e-02 1.882716049382715875e-02 5.277777777777778456e-02 3.429012345679012252e-01 1.453703703703703720e-01 1.574074074074073917e-02 5.586419753086420414e-02 1.574074074074073917e-02
1.724137931034482735e-03 1.896551724137931008e-02 1.724137931034482735e-03 3.620689655172413396e-02 1.741379310344827180e-01 3.637931034482758674e-01 2.948275862068965303e-01 1.724137931034482735e-03 1.724137931034482735e-03 1.051724137931034225e-01
3.349264705882353255e-01 1.875000000000000278e-02 1.474264705882353255e-01 4.044117647058824774e-03 5.551470588235295212e-02 2.944852941176471228e-01 2.977941176470588758e-02 3.676470588235295151e-04 1.875000000000000278e-02 9.595588235294119639e-02
9.896373056994819950e-02 5.181347150259067117e-04 1.818652849740932664e-01 2.595854922279792754e-01 1.088082901554404160e-02 2.647668393782383611e-01 5.181347150259067117e-04 9.896373056994819950e-02 8.341968911917099772e-02 5.181347150259067117e-04
9.012875536480686317e-03 4.291845493562232070e-04 7.768240343347640464e-02 2.622317596566523523e-01 9.484978540772533162e-02 4.721030042918455440e-03 3.266094420600857973e-01 4.291845493562232070e-04 9.914163090128755296e-02 1.248927038626609504e-01
6.440972222222222932e-02 1.736111111111111177e-04 8.524305555555555802e-02 1.720486111111111105e-01 6.614583333333333426e-02 1.963541666666666630e-01 6.267361111111111049e-02 2.100694444444444267e-02 1.477430555555555580e-01 1.842013888888888729e-01
8.036809815950919644e-02 1.901840490797546135e-02 2.582822085889570629e-01 1.355828220858895927e-01 6.134969325153374594e-04 3.196319018404907841e-01 3.128834355828220837e-02 5.582822085889570241e-02 6.134969325153374594e-04 9.877300613496933779e-02
4.745098039215686625e-02 3.921568627450981314e-04 3.101960784313725350e-01 1.101960784313725655e-01 3.921568627450981314e-04 1.298039215686274672e-01 2.592156862745098045e-01 3.921568627450981314e-04 9.450980392156864418e-02 4.745098039215686625e-02
1.907424381301558169e-01 9.165902841429881143e-05 1.210815765352887263e-01 1.659028414298808693e-02 6.150320806599449824e-02 2.300641613198900134e-02 3.914757103574702524e-01 2.300641613198900134e-02 1.109074243813015608e-02 1.614115490375802042e-01
7.015503875968992498e-02 3.875968992248061962e-04 2.251937984496124034e-01 3.875968992248061962e-04 3.875968992248061962e-04 5.546511627906977049e-01 1.589147286821705404e-02 7.403100775193799388e-02 3.875968992248061962e-04 5.852713178294573215e-02
3.831775700934578893e-02 9.345794392523364873e-04 3.831775700934578893e-02 2.158878504672897269e-01 1.878504672897196304e-01 4.495327102803738373e-01 9.345794392523364873e-04 9.345794392523364873e-04 9.345794392523364873e-04 6.635514018691587856e-02
3.703703703703704062e-04 2.999999999999999889e-02 1.003703703703703737e-01 2.225925925925925919e-01 7.814814814814814714e-02 4.074074074074074577e-03 3.966666666666666674e-01 3.703703703703704062e-04 1.188888888888888912e-01 4.851851851851851638e-02
3.891050583657587819e-04 2.762645914396887059e-02 9.377431906614785984e-02 7.042801556420233422e-02 7.431906614785992182e-02 3.466926070038910401e-01 1.482490272373540863e-01 8.171206225680934312e-03 8.988326848249027223e-02 1.404669260700389111e-01
5.049504950495049133e-02 8.019801980198019986e-02 9.900990099009901110e-04 1.089108910891089209e-02 5.049504950495049133e-02 9.900990099009901110e-04 9.900990099009901110e-04 4.960396039603960361e-01 1.099009900990099015e-01 1.990099009900990201e-01
5.584795321637427146e-02 3.216374269005848122e-03 8.508771929824561486e-02 3.423976608187134230e-01 1.491228070175438548e-02 2.923976608187134557e-04 9.064327485380116803e-03 3.570175438596491224e-01 9.064327485380116803e-03 1.230994152046783613e-01
1.160256410256410298e-01 6.410256410256410251e-04 1.032051282051282132e-01 1.608974358974359087e-01 7.756410256410256610e-02 4.621794871794871473e-01 6.410256410256410251e-04 6.410256410256410251e-04 6.410256410256410251e-04 7.756410256410256610e-02
5.978260869565217572e-03 5.434782608695652240e-04 4.945652173913043376e-02 1.201086956521739274e-01 6.032608695652173780e-02 3.320652173913043459e-01 2.342391304347826164e-01 8.206521739130434590e-02 1.146739130434782650e-01 5.434782608695652240e-04
2.793296089385475167e-04 3.997206703910614611e-01 7.290502793296090023e-02 3.659217877094971677e-02 1.343575418994413517e-01 2.793296089385475167e-04 2.793296089385475167e-04 2.293296089385474801e-01 2.793296089385475167e-04 1.259776536312849082e-01
1.927152317880794774e-01 6.622516556291390723e-04 2.059602649006622710e-01 9.999999999999999167e-02 1.132450331125827853e-01 3.119205298013245087e-01 6.622516556291390723e-04 6.622516556291390723e-04 7.350993377483443225e-02 6.622516556291390723e-04
8.105263157894737613e-02 3.508771929824561686e-04 2.140350877192982379e-02 2.529824561403508643e-01 3.508771929824561686e-04 3.894736842105263330e-02 7.368421052631579649e-03 5.126315789473684381e-01 2.140350877192982379e-02 6.350877192982457009e-02
9.174311926605505096e-04 9.174311926605505096e-04 2.844036697247706580e-02 2.027522935779816626e-01 8.348623853211008250e-02 9.174311926605505096e-04 2.844036697247706580e-02 1.477064220183486321e-01 2.486238532110091881e-01 2.577981651376146655e-01
7.216494845360825125e-03 3.436426116838488232e-04 2.439862542955326466e-02 3.886597938144329967e-01 3.436426116838488232e-04 3.436426116838488232e-04 4.501718213058419210e-02 4.367697594501718239e-01 9.312714776632302627e-02 3.780068728522337218e-03
3.314225053078556082e-01 1.127388535031847161e-01 8.938428874734608010e-02 2.123142250530785633e-04 4.692144373673036439e-02 8.301486199575372482e-02 6.581740976645435517e-03 1.828025477707006241e-01 5.329087048832271967e-02 9.363057324840765028e-02
1.018115942028985504e-01 3.623188405797101493e-04 3.989130434782608425e-01 6.557971014492754158e-02 3.623188405797101493e-04 9.456521739130435700e-02 7.282608695652174891e-02 7.644927536231885257e-02 7.282608695652174891e-02 1.163043478260869651e-01
3.257328990228013175e-04 9.153094462540717346e-02 1.009771986970684106e-02 1.501628664495114063e-01 9.153094462540717346e-02 3.615635179153094125e-02 3.257328990228013175e-04 2.999999999999999889e-01 1.403908794788273628e-01 1.794788273615635088e-01
9.497206703910613182e-03 1.862197392923650111e-04 5.605214152700186553e-02 1.361266294227188034e-01 1.584729981378026065e-01 9.888268156424581679e-02 4.674115456238361194e-02 3.929236499068901323e-02 1.677839851024208462e-01 2.869646182495344533e-01
7.523364485981308414e-02 9.813084112149532412e-03 7.990654205607476690e-02 4.672897196261682437e-04 2.107476635514018704e-01 1.733644859813084083e-01 6.588785046728971861e-02 1.453271028037383117e-01 1.032710280373831807e-01 1.359813084112149462e-01
6.944444444444444709e-04 6.944444444444444709e-04 6.944444444444444709e-04 1.743055555555555747e-01 1.673611111111111271e-01 6.944444444444444709e-04 2.152777777777777762e-02 3.541666666666666574e-02 3.826388888888889173e-01 2.159722222222222321e-01
7.857142857142857678e-03 7.142857142857142851e-04 7.142857142857142851e-04 4.221428571428571530e-01 7.142857142857142851e-04 7.857142857142857678e-03 7.857142857142857678e-03 4.221428571428571530e-01 7.214285714285713358e-02 5.785714285714285698e-02
6.944444444444444709e-04 3.201388888888889173e-01 2.645833333333333370e-01 2.847222222222221821e-02 1.187500000000000083e-01 1.604166666666666796e-01 6.944444444444444709e-04 8.402777777777777068e-02 2.152777777777777762e-02 6.944444444444444709e-04
5.208333333333334345e-04 5.729166666666667997e-03 3.697916666666666713e-02 4.692708333333333592e-01 8.385416666666668795e-02 5.208333333333334345e-04 5.208333333333334345e-04 3.807291666666666741e-01 5.208333333333334345e-04 2.135416666666666713e-02
2.484662576687116445e-02 2.484662576687116445e-02 3.098159509202453796e-02 1.874233128834355833e-01 6.165644171779141591e-02 1.257668711656441569e-02 9.509202453987730674e-03 5.708588957055215074e-01 3.374233128834356298e-03 7.392638036809816293e-02
5.527638190954774211e-03 5.527638190954774211e-03 5.025125628140704025e-04 3.170854271356783882e-01 1.160804020100502515e-01 5.025125628140704025e-04 5.527638190954774211e-03 4.276381909547738447e-01 1.211055276381909629e-01 5.025125628140704025e-04
1.420600858369098773e-01 4.721030042918455440e-03 2.708154506437768227e-01 4.291845493562232070e-04 4.291845493562232070e-04 4.639484978540772131e-01 4.291845493562232070e-04 1.759656652360514981e-02 4.334763948497853681e-02 5.622317596566523551e-02
1.230158730158730472e-02 8.333333333333334952e-03 1.154761904761905100e-01 4.289682539682540541e-01 3.214285714285714662e-02 3.968253968253969335e-04 8.333333333333334952e-03 3.654761904761905100e-01 3.968253968253969335e-04 2.817460317460317859e-02
9.423368740515933317e-02 4.719271623672231103e-02 4.264036418816388729e-02 4.719271623672231103e-02 8.209408194233687450e-02 2.717754172989377826e-01 2.019726858877086417e-01 7.905918057663126330e-02 3.960546282245826916e-02 9.423368740515933317e-02
2.141711229946523798e-01 1.363636363636363570e-02 2.433155080213903615e-02 4.037433155080213942e-02 4.572192513368984051e-02 2.409090909090909061e-01 2.382352941176470451e-01 4.572192513368984051e-02 1.366310160427807452e-01 2.673796791443850329e-04
3.306547619047618958e-01 3.303571428571428631e-02 2.294642857142857040e-01 4.791666666666666990e-02 3.005952380952380681e-02 2.473214285714285532e-01 2.976190476190476459e-04 1.815476190476190271e-02 3.005952380952380681e-02 3.303571428571428631e-02
7.092198581560284166e-04 7.092198581560284166e-04 5.744680851063829752e-02 2.489361702127659559e-01 5.744680851063829752e-02 1.212765957446808596e-01 7.092198581560284166e-04 7.092198581560284166e-04 1.709219858156028338e-01 3.411347517730496381e-01
3.012048192771084603e-04 2.740963855421686690e-02 1.057228915662650620e-01 2.262048192771084210e-01 5.150602409638554979e-02 2.231927710843373269e-01 3.012048192771084603e-04 1.780120481927710829e-01 5.753012048192771705e-02 1.298192771084337449e-01
4.950495049504951639e-04 4.950495049504951639e-04 7.475247524752476336e-02 2.579207920792079833e-01 5.495049504950495767e-02 4.950495049504951639e-04 1.534653465346534976e-02 5.747524752475248189e-01 4.950495049504951639e-04 2.029702970297029771e-02
4.464285714285715231e-04 4.464285714285715231e-04 4.955357142857143293e-02 5.138392857142857206e-01 5.848214285714286448e-02 4.464285714285715231e-04 4.464285714285715231e-04 3.441964285714285698e-01 4.464285714285715231e-04 3.169642857142857678e-02
3.606617647058823484e-01 3.676470588235294067e-04 2.650735294117647078e-01 3.676470588235294067e-04 6.286764705882352811e-02 1.694852941176470673e-01 3.676470588235294067e-04 3.676470588235294067e-04 3.676470588235294067e-04 1.400735294117647078e-01
5.154639175257732077e-04 5.670103092783505827e-03 5.154639175257732077e-04 6.237113402061855716e-02 6.752577319587628468e-02 1.706185567010309323e-01 1.912371134020618701e-01 1.082474226804123682e-02 2.273195876288659767e-01 2.634020618556701110e-01
2.479564032697547521e-02 2.724795640326975596e-04 2.700272479564032602e-01 1.662125340599454951e-02 5.722070844686648859e-03 3.572207084468664862e-01 6.294277929155313311e-02 1.228882833787466045e-01 5.749318801089918496e-02 8.201634877384196554e-02
1.397350993377483586e-01 6.622516556291390723e-04 6.622516556291390723e-04 4.039735099337748297e-02 3.377483443708609312e-02 6.026490066225165254e-02 6.622516556291390723e-04 1.596026490066225212e-01 5.238410596026489285e-01 4.039735099337748297e-02
5.974576271186441551e-02 4.661016949152543484e-03 4.237288135593221300e-04 4.237288135593221300e-04 5.127118644067796965e-02 4.237288135593221300e-04 8.898305084745764676e-03 3.097457627118644363e-01 4.665254237288136152e-01 9.788135593220340103e-02
4.524886877828054486e-04 4.524886877828054486e-04 3.212669683257918241e-02 7.285067873303167907e-02 6.380090497737556099e-02 1.633484162895927627e-01 2.176470588235294157e-01 4.524886877828054486e-04 3.986425339366515552e-01 5.022624434389139775e-02
4.016064257028113707e-04 4.016064257028113707e-04 4.457831325301205710e-02 3.457831325301205516e-01 2.048192771084337768e-02 4.016064257028113707e-04 3.654618473895582947e-02 5.506024096385543354e-01 4.016064257028113707e-04 4.016064257028113707e-04
2.270731707317072967e-01 2.099999999999999922e-01 4.658536585365854327e-02 2.707317073170731683e-02 2.439024390243902708e-04 1.295121951219512235e-01 5.121951219512195334e-03 1.709756097560975463e-01 9.292682926829268220e-02 9.048780487804877759e-02
2.060483870967741993e-01 1.576612903225806384e-01 4.435483870967741986e-03 8.467741935483871774e-03 1.536290322580645129e-01 4.032258064516129029e-04 1.653225806451612614e-02 1.250000000000000069e-02 1.818548387096774188e-01 2.584677419354838301e-01
4.083172147001933872e-01 4.061895551257253649e-03 1.762088974854932322e-01 2.147001934235976892e-02 3.887814313346228678e-02 2.516441005802707576e-01 1.760154738878142930e-02 4.854932301740812889e-02 1.934235976789168508e-04 3.307543520309477736e-02
2.844036697247706580e-02 9.174311926605505096e-04 6.513761467889908618e-02 2.944954128440366858e-01 1.201834862385321029e-01 1.477064220183486321e-01 1.018348623853210927e-01 9.174311926605505096e-04 2.027522935779816626e-01 3.761467889908256396e-02
1.282051282051282050e-03 6.538461538461537437e-02 1.282051282051282050e-03 1.551282051282051322e-01 1.410256410256410450e-02 4.884615384615385025e-01 1.282051282051282050e-03 1.282051282051282050e-03 2.576923076923077205e-01 1.410256410256410450e-02
8.849557522123894767e-04 8.849557522123894767e-04 1.159292035398230003e-01 1.955752212389380573e-01 2.743362831858407042e-02 2.929203539823008740e-01 2.309734513274336321e-01 3.628318584070796410e-02 9.823008849557521294e-02 8.849557522123894767e-04
5.345167652859960511e-02 1.972386587771203363e-04 6.331360946745562268e-02 5.345167652859960511e-02 9.684418145956608104e-02 4.380670611439841933e-01 5.542406311637081140e-02 4.161735700197238819e-02 7.317554240631163331e-02 1.244575936883629275e-01
2.148809523809523947e-01 1.845238095238095274e-02 2.505952380952380931e-01 5.952380952380952918e-04 5.416666666666666158e-02 3.101190476190476275e-01 5.952380952380952918e-04 6.607142857142857262e-02 6.607142857142857262e-02 1.845238095238095274e-02
1.123529411764706137e-01 4.829411764705882626e-01 2.411764705882353185e-02 5.882352941176472241e-04 1.300000000000000322e-01 3.588235294117647634e-02 5.882352941176472241e-04 1.235294117647059084e-02 7.117647058823529937e-02 1.300000000000000322e-01
6.026490066225165254e-02 2.523178807947020208e-01 1.390728476821192182e-02 6.622516556291390723e-04 1.066225165562914023e-01 2.125827814569536400e-01 6.622516556291390723e-04 2.324503311258278304e-01 4.701986754966887283e-02 7.350993377483443225e-02
9.525691699604744989e-02 1.620553359683794478e-02 3.363636363636363646e-01 3.952569169960474800e-04 3.952569169960474800e-04 2.889328063241106692e-01 3.952569169960474800e-04 1.466403162055336107e-01 2.015810276679842056e-02 9.525691699604744989e-02
1.471337579617834623e-01 6.369426751592357442e-04 3.891719745222930182e-01 6.369426751592357442e-04 7.006369426751592536e-03 1.917197452229299492e-01 6.369426751592357442e-04 1.917197452229299492e-01 7.070063694267515741e-02 6.369426751592357442e-04
4.784688995215311685e-04 4.784688995215311685e-04 1.153110047846890168e-01 4.263157894736842590e-01 4.784688995215311685e-04 4.784688995215311685e-04 4.784688995215311685e-04 4.358851674641148755e-01 4.784688995215311685e-04 1.961722488038277618e-02
3.333333333333333287e-02 3.422764227642276502e-01 2.203252032520325310e-01 8.130081300813008123e-04 6.585365853658536883e-02 3.333333333333333287e-02 8.130081300813008123e-04 1.552845528455284729e-01 1.471544715447154483e-01 8.130081300813008123e-04
8.064516129032258058e-04 8.064516129032258058e-04 2.750000000000000222e-01 2.185483870967742104e-01 8.870967741935483972e-03 2.911290322580645240e-01 8.064516129032258058e-04 8.064516129032258058e-04 1.217741935483870885e-01 8.145161290322580627e-02
1.209821428571428575e-01 4.062500000000000139e-02 2.723214285714285407e-02 4.464285714285714688e-04 2.281249999999999944e-01 1.031250000000000083e-01 4.464285714285714688e-04 1.209821428571428575e-01 2.415178571428571452e-01 1.165178571428571452e-01
7.165354330708660624e-02 7.874015748031497038e-04 4.181102362204724421e-01 1.976377952755905554e-01 1.653543307086614150e-02 7.952755905511810219e-02 4.015748031496062936e-02 7.874015748031497038e-04 7.874015748031497038e-04 1.740157480314960814e-01
3.806228373702422348e-03 5.916955017301038511e-02 4.532871972318339160e-02 1.214532871972318351e-01 2.456747404844290480e-02 3.948096885813148771e-01 1.975778546712802786e-01 7.993079584775086843e-02 2.110726643598615643e-02 5.224913494809688141e-02
5.384615384615384220e-02 5.917159763313609546e-04 8.934911242603550685e-02 8.343195266272189492e-02 3.609467455621301335e-02 1.307692307692307765e-01 1.071005917159763426e-01 5.917159763313609546e-04 4.621301775147928503e-01 3.609467455621301335e-02
4.008810572687224183e-02 4.008810572687224183e-02 2.911894273127753063e-01 2.246696035242290446e-02 8.854625550660794042e-02 1.546255506607929486e-01 1.414096916299559525e-01 9.295154185022026783e-02 7.092511013215860305e-02 5.770925110132158614e-02
2.250000000000000056e-01 6.410256410256410251e-04 7.756410256410256610e-02 6.410256410256410251e-04 6.410256410256410251e-04 3.532051282051282270e-01 6.410256410256410251e-04 7.756410256410256610e-02 9.038461538461538269e-02 1.737179487179487392e-01
2.052980132450331341e-02 6.622516556291390723e-04 7.284768211920530229e-03 1.397350993377483586e-01 2.715231788079469979e-02 1.728476821192053148e-01 4.642384105960264407e-01 6.622516556291390723e-04 7.350993377483443225e-02 9.337748344370860876e-02
1.859848484848485028e-01 3.787878787878787876e-04 6.098484848484848897e-02 1.102272727272727293e-01 1.553030303030302969e-02 3.412878787878787512e-01 1.329545454545454641e-01 3.787878787878787876e-04 9.128787878787879284e-02 6.098484848484848897e-02
9.565217391304349157e-03 8.782608695652173447e-02 8.695652173913043801e-04 8.695652173913043801e-04 8.695652173913043801e-04 8.782608695652173447e-02 8.695652173913043801e-04 7.043478260869565077e-02 6.008695652173912105e-01 1.400000000000000133e-01
1.329059829059829057e-01 4.273504273504273501e-04 2.055555555555555747e-01 8.162393162393162538e-02 4.273504273504273501e-04 4.320512820512820151e-01 4.273504273504273501e-04 8.589743589743589758e-02 4.273504273504273501e-04 6.025641025641025744e-02
1.635193133047210257e-01 1.978540772532188796e-01 1.806866952789699665e-01 1.330472103004291806e-02 1.377682403433476421e-01 1.892703862660944369e-01 4.291845493562232070e-04 1.077253218884120234e-01 4.291845493562232070e-04 9.012875536480686317e-03
7.603911980440097862e-02 2.444987775061125009e-04 2.447432762836185549e-01 5.134474327628361923e-03 6.136919315403423225e-02 4.745721271393643081e-01 2.444987775061125009e-04 8.826405867970660291e-02 4.914425427872860797e-02 2.444987775061125009e-04
1.144329896907216454e-01 1.134020618556701165e-02 2.793814432989690788e-01 1.030927835051546415e-03 1.030927835051546415e-03 2.793814432989690788e-01 1.030927835051546415e-03 1.030927835051546415e-03 3.103092783505154717e-01 1.030927835051546415e-03
3.569482288828337846e-02 2.479564032697547521e-02 5.749318801089918496e-02 2.318801089918255953e-01 9.291553133514986185e-02 2.752043596730245276e-02 5.204359673024523680e-02 2.724795640326975596e-04 2.264305177111716472e-01 2.509536784741144277e-01
1.008992805755395683e-01 9.172661870503596646e-03 3.724820143884892132e-01 9.190647482014388525e-02 1.008992805755395683e-01 5.773381294964029242e-02 7.931654676258993730e-02 7.931654676258993730e-02 1.798561151079136730e-04 1.080935251798561120e-01
8.660287081339713977e-02 4.832535885167463935e-02 2.971291866028707984e-01 4.784688995215311143e-04 4.784688995215311143e-04 1.248803827751196194e-01 3.397129186602870776e-02 4.784688995215311143e-04 3.688995215311004494e-01 3.875598086124401598e-02
2.189655172413793316e-01 5.747126436781609116e-04 5.229885057471263948e-02 1.672413793103448287e-01 1.787356321839080608e-01 1.155172413793103536e-01 5.747126436781609116e-04 9.827586206896551935e-02 1.672413793103448287e-01 5.747126436781609116e-04
2.904263877715205361e-02 8.045052292839904580e-05 2.260659694288013125e-02 5.800482703137570251e-02 2.662912308930008229e-02 1.545454545454545414e-01 7.811745776347546466e-02 1.777956556717618861e-02 4.513274336283185778e-02 5.680611423974255558e-01
1.788732394366197576e-01 9.859154929577467266e-03 3.807511737089201986e-01 4.694835680751174682e-04 1.455399061032864108e-02 3.431924882629108220e-01 6.619718309859155825e-02 4.694835680751174682e-04 5.164319248826292584e-03 4.694835680751174682e-04
6.538461538461537437e-02 5.256410256410255777e-02 1.282051282051282050e-03 1.282051282051282050e-03 1.410256410256410450e-02 2.833333333333333259e-01 1.282051282051282050e-03 2.705128205128205510e-01 2.192307692307692568e-01 9.102564102564102144e-02
8.849557522123894767e-04 8.849557522123894767e-04 1.247787610619468940e-01 8.849557522123894767e-04 1.424778761061946952e-01 3.371681415929203562e-01 5.398230088495575146e-02 3.628318584070796410e-02 3.017699115044247815e-01 8.849557522123894767e-04
4.636363636363636381e-02 1.909090909090909241e-02 8.272727272727271874e-02 5.545454545454545081e-02 7.363636363636363869e-02 3.009090909090909038e-01 9.181818181818181268e-02 9.090909090909090901e-04 2.100000000000000200e-01 1.190909090909090945e-01
7.369439071566731558e-02 1.934235976789168508e-04 2.264990328820115917e-01 1.934235976789168508e-04 4.468085106382978927e-02 5.437137330754352460e-01 3.307543520309477736e-02 4.061895551257253649e-03 2.727272727272727140e-02 4.661508704061895908e-02
1.215517241379310276e-01 8.620689655172414758e-04 8.620689655172414758e-04 6.982758620689655249e-02 4.396551724137930800e-02 2.508620689655172709e-01 8.620689655172414758e-04 6.982758620689655249e-02 3.112068965517241770e-01 1.301724137931034586e-01
7.528089887640450339e-02 3.745318352059925243e-04 2.284644194756554197e-02 2.284644194756554197e-02 1.535580524344569084e-02 2.962546816479400547e-01 2.659176029962546581e-02 1.801498127340823985e-01 1.838951310861423327e-01 1.764044943820224642e-01
1.840136054421768752e-01 6.156462585034014334e-02 1.261904761904761862e-01 3.401360544217687382e-04 3.401360544217687382e-04 3.268707482993197244e-01 4.455782312925169603e-02 9.217687074829931937e-02 4.795918367346938688e-02 1.159863945578231276e-01
5.968750000000000444e-02 3.437500000000000451e-03 3.156250000000000028e-02 5.343750000000000583e-02 5.968750000000000444e-02 3.253125000000000044e-01 1.471874999999999989e-01 8.781250000000000167e-02 1.471874999999999989e-01 8.468749999999999889e-02
3.164556962025316515e-04 3.164556962025316515e-04 2.028481012658227556e-01 6.360759493670886666e-02 1.613924050632911320e-02 5.319620253164556445e-01 4.778481012658227639e-02 4.462025316455696389e-02 3.829113924050632500e-02 5.411392405063291527e-02
3.014705882352940874e-02 7.352941176470588133e-04 1.183823529411764802e-01 7.352941176470588133e-04 3.749999999999999861e-02 5.154411764705881804e-01 7.352941176470588133e-04 1.477941176470588258e-01 3.749999999999999861e-02 1.110294117647058765e-01
3.626506024096385894e-01 1.204819277108433841e-03 1.325301204819277247e-02 1.204819277108433841e-03 9.759036144578313310e-02 1.698795180722891540e-01 1.204819277108433841e-03 1.204819277108433841e-03 3.734939759036144669e-02 3.144578313253011959e-01
4.926108374384237159e-04 4.926108374384237159e-04 1.088669950738916370e-01 2.221674876847290758e-01 3.004926108374383897e-02 2.960591133004926157e-01 2.019704433497536769e-02 3.004926108374383897e-02 7.931034482758621273e-02 2.123152709359605872e-01
2.584210526315789402e-01 5.263157894736841987e-04 3.736842105263157854e-02 5.263157894736841987e-04 5.263157894736841987e-04 4.163157894736841946e-01 4.263157894736841619e-02 5.842105263157894302e-02 1.215789473684210642e-01 6.368421052631578760e-02
9.567099567099567048e-02 1.606060606060606133e-01 9.090909090909090468e-03 4.329004329004329001e-04 6.103896103896103847e-02 2.038961038961039085e-01 4.329004329004329001e-04 4.761904761904762334e-03 3.900432900432900252e-01 7.402597402597403675e-02
1.607734806629834423e-01 5.524861878453039095e-04 4.475138121546961417e-02 2.817679558011049537e-02 7.237569060773479945e-02 5.751381215469613117e-01 5.524861878453039095e-04 3.370165745856353728e-02 8.342541436464087634e-02 5.524861878453039095e-04
2.267657992565055500e-02 3.717472118959108283e-04 1.044609665427509299e-01 4.947955390334572434e-01 3.717472118959108283e-04 1.193308550185873673e-01 9.330855018587361216e-02 1.416356877323420027e-01 2.267657992565055500e-02 3.717472118959108283e-04
1.604966139954853155e-01 1.176072234762979701e-01 6.343115124153499151e-02 2.257336343115124290e-04 4.311512415349887800e-02 7.697516930022574311e-02 7.923250564334086143e-02 3.478555304740406084e-01 2.257336343115124290e-04 1.108352144469526013e-01
1.105932203389830698e-01 8.898305084745764676e-03 3.817796610169491567e-01 4.237288135593221300e-04 8.898305084745764676e-03 4.029661016949152574e-01 3.008474576271186543e-02 3.432203389830508489e-02 8.898305084745764676e-03 1.313559322033898587e-02
3.862745098039215841e-01 6.535947712418301286e-04 6.601307189542483800e-02 1.372549019607843118e-02 1.372549019607843118e-02 3.732026143790849737e-01 3.333333333333333287e-02 6.535947712418301286e-04 8.562091503267973969e-02 2.679738562091503115e-02
4.098360655737704914e-04 4.098360655737704914e-04 1.028688524590164050e-01 1.680327868852458939e-02 2.499999999999999792e-02 2.463114754098360837e-01 1.602459016393442681e-01 4.139344262295081844e-02 4.061475409836065587e-01 4.098360655737704914e-04
1.030927835051546415e-03 1.030927835051546415e-03 9.381443298969072142e-02 4.226804123711339761e-02 1.030927835051546415e-03 1.144329896907216454e-01 1.030927835051546415e-03 1.030927835051546415e-03 4.030927835051546504e-01 3.412371134020618646e-01
4.608294930875577117e-04 4.608294930875577117e-04 9.262672811059909084e-02 3.230414746543778803e-01 4.608294930875577117e-04 1.889400921658986390e-02 2.811059907834101423e-02 3.645161290322581071e-01 4.193548387096774493e-02 1.294930875576037199e-01
1.069148936170212782e-01 5.319148936170212854e-04 1.069148936170212782e-01 5.319148936170212854e-04 6.436170212765957022e-02 4.207446808510638125e-01 1.117021276595744732e-02 1.015957446808510717e-01 9.095744680851064468e-02 9.627659574468086512e-02
2.949640287769783945e-02 7.194244604316546920e-04 5.107913669064748086e-02 5.827338129496402452e-02 7.985611510791366940e-02 6.546762589928056819e-02 1.014388489208633004e-01 7.194244604316546920e-04 4.179856115107913883e-01 1.949640287769784375e-01
2.863095238095237915e-01 5.952380952380952918e-04 9.583333333333333981e-02 5.952380952380952918e-04 6.547619047619047776e-03 4.351190476190475720e-01 4.821428571428570953e-02 1.255952380952380931e-01 5.952380952380952918e-04 5.952380952380952918e-04
2.527777777777777679e-01 2.550505050505050275e-02 8.106060606060606910e-02 2.525252525252525250e-04 5.833333333333333426e-02 2.729797979797979890e-01 7.601010101010101383e-02 8.863636363636363813e-02 2.297979797979797859e-02 1.214646464646464696e-01
1.373443983402489743e-01 4.149377593360996830e-04 2.950207468879668116e-01 2.531120331950207497e-02 2.531120331950207497e-02 4.029045643153527090e-01 6.265560165975103679e-02 2.946058091286307343e-02 4.149377593360996830e-04 2.116182572614107998e-02
1.274122807017543935e-01 2.192982456140350918e-04 2.611842105263157965e-01 1.337719298245614030e-02 1.995614035087719257e-02 3.817982456140350811e-01 3.311403508771929710e-02 7.258771929824561764e-02 3.969298245614035631e-02 5.065789473684211008e-02
8.577348066298343121e-02 8.024861878453039277e-02 4.157458563535911672e-02 1.548342541436464048e-01 1.548342541436464048e-01 3.466850828729282213e-02 2.059392265193370208e-01 2.776243093922652061e-02 4.709944751381215516e-02 1.672651933701657379e-01
7.054263565891472076e-02 7.751937984496123923e-04 7.751937984496123923e-04 7.751937984496123923e-04 3.178294573643410809e-02 3.418604651162790997e-01 2.410852713178294748e-01 1.015503875968992165e-01 1.790697674418604834e-01 3.178294573643410809e-02
4.184100418410042674e-04 4.184100418410042674e-04 5.899581589958159678e-02 1.715481171548117328e-02 4.184100418410042674e-04 1.928870292887029658e-01 3.560669456066945515e-01 4.184100418410042674e-04 3.518828451882845543e-01 2.133891213389121563e-02
2.320261437908496469e-02 3.267973856209150643e-04 2.584967320261437607e-01 3.267973856209150643e-04 7.549019607843138191e-02 4.905228758169934422e-01 4.281045751633986984e-02 4.934640522875816809e-02 5.915032679738562588e-02 3.267973856209150643e-04
4.564315352697095700e-03 8.713692946058091554e-03 5.435684647302904682e-02 1.912863070539419230e-01 5.020746887966804489e-02 1.497925311203319454e-01 4.564315352697095700e-03 4.149377593360996288e-04 3.946058091286306913e-01 1.414937759336099554e-01
4.013346043851286765e-02 9.532888465204957884e-05 1.774070543374642595e-01 7.826501429933269138e-02 4.871306005719733268e-02 3.699714013346044328e-01 9.351763584366062920e-02 1.916110581506196356e-02 7.826501429933269138e-02 9.447092469018111838e-02
5.917159763313609546e-04 5.917159763313609546e-04 1.011834319526627307e-01 3.609467455621301335e-02 8.934911242603550685e-02 1.834319526627219143e-02 1.834319526627219143e-02 4.792899408284023721e-02 3.142011834319526908e-01 3.733727810650887546e-01
1.868501529051987686e-01 2.782874617737002981e-02 2.510703363914372765e-01 3.058103975535168546e-04 6.146788990825688415e-02 3.489296636085627012e-01 4.006116207951070096e-02 3.058103975535168546e-04 3.058103975535168546e-04 8.287461773700306733e-02
7.683706070287539547e-02 1.597444089456869051e-04 9.760383386581469867e-02 7.364217252396165758e-02 2.731629392971246170e-02 3.947284345047923360e-01 1.950479233226836973e-01 4.648562300319489249e-02 3.690095846645367883e-02 5.127795527156549932e-02
6.470588235294118598e-03 5.882352941176471157e-04 1.300000000000000044e-01 4.535294117647058476e-01 1.823529411764705788e-02 5.352941176470588092e-02 1.594117647058823639e-01 5.882352941176471157e-04 7.117647058823528550e-02 1.064705882352941224e-01
1.320284697508896932e-01 3.558718861209964664e-04 6.797153024911033181e-02 3.594306049822063726e-02 5.729537366548043131e-02 3.455516014234875088e-01 1.071174377224199392e-01 1.213523131672597927e-01 5.729537366548043131e-02 7.508896797153025160e-02
3.652849740932642697e-02 2.590673575129533559e-04 1.945595854922279599e-01 8.316062176165803232e-02 6.243523316062176559e-02 3.474093264248704349e-01 1.764248704663212153e-01 8.031088082901554140e-03 5.984455958549222965e-02 3.134715025906735508e-02
8.474576271186441516e-04 8.474576271186441516e-04 8.474576271186441516e-04 1.194915254237288171e-01 3.474576271186440718e-02 2.381355932203390036e-01 3.652542372881356081e-01 8.474576271186441516e-04 2.042372881355932202e-01 3.474576271186440718e-02
5.912408759124087448e-02 6.642335766423357324e-02 4.167883211678832245e-01 1.532846715328467155e-02 7.299270072992701357e-04 1.467153284671532942e-01 1.759124087591240893e-01 4.452554744525547004e-02 7.372262773722627893e-02 7.299270072992701357e-04
