6.410256410256411335e-04 6.410256410256411335e-04 6.410256410256411335e-04 6.410256410256411335e-04 6.410256410256411335e-04 6.410256410256411335e-04 1.346153846153846402e-02 7.051282051282053119e-03 6.410256410256411335e-04 7.051282051282053119e-03 7.051282051282053119e-03 1.737179487179487669e-01 6.410256410256411335e-04 2.891025641025641857e-01 6.410256410256411335e-04 1.416666666666666907e-01 6.410256410256411335e-04 6.410256410256411335e-04 6.410256410256411335e-04 6.410256410256411335e-04 6.410256410256411335e-04 6.410256410256411335e-04 6.410256410256411335e-04 6.410256410256411335e-04 1.346153846153846402e-02 9.679487179487181181e-02 3.910256410256410936e-02 1.352564102564103032e-01 6.410256410256411335e-04 6.474358974358974950e-02
6.497695852534564331e-02 6.958525345622121328e-02 4.608294930875577659e-04 4.608294930875577659e-04 4.608294930875577659e-04 2.350230414746544080e-02 5.069124423963135805e-03 4.608294930875577659e-04 4.608294930875577659e-04 2.631336405529954847e-01 4.608294930875577659e-04 3.271889400921659807e-02 4.608294930875577659e-04 4.608294930875577659e-04 5.576036866359448257e-02 4.608294930875577659e-04 4.608294930875577659e-04 5.115207373271890567e-02 1.428571428571429047e-02 4.608294930875577659e-04 1.428571428571429047e-02 9.677419354838711837e-03 4.608294930875577659e-04 3.732718894009217497e-02 1.156682027649769962e-01 1.387096774193548876e-01 4.608294930875577659e-04 5.069124423963135805e-03 4.608294930875577659e-04 9.262672811059910472e-02
5.981735159817352238e-02 1.054794520547945452e-01 4.566210045662101396e-04 1.415525114155251341e-02 4.566210045662101396e-04 4.566210045662101396e-04 1.872146118721461361e-02 4.566210045662101396e-04 5.022831050228311264e-03 4.611872146118722177e-02 4.566210045662101396e-04 4.566210045662101396e-04 4.566210045662101396e-04 4.566210045662101396e-04 7.351598173515982992e-02 4.566210045662101396e-04 4.566210045662101396e-04 4.566210045662101396e-04 4.566210045662101396e-04 4.566210045662101396e-04 4.566210045662101396e-04 4.566210045662101396e-04 4.566210045662101396e-04 1.511415525114155611e-01 2.013698630136986634e-01 2.013698630136986634e-01 2.328767123287671381e-02 4.566210045662101396e-04 9.178082191780823074e-02 4.566210045662101396e-04
6.369426751592358526e-04 6.369426751592358526e-04 6.369426751592358526e-04 2.611464968152866356e-02 6.369426751592358526e-04 6.369426751592358526e-04 6.369426751592358526e-04 6.369426751592358526e-04 6.369426751592358526e-04 6.369426751592358526e-04 1.407643312101911071e-01 6.369426751592358526e-04 6.369426751592358526e-04 6.369426751592358526e-04 6.369426751592358526e-04 6.369426751592358526e-04 1.152866242038216860e-01 6.369426751592358526e-04 6.369426751592358526e-04 6.369426751592358526e-04 7.006369426751594270e-03 7.707006369426752657e-02 7.070063694267517129e-02 6.369426751592358526e-04 6.369426751592358526e-04 6.369426751592358526e-04 6.369426751592358526e-04 6.369426751592358526e-04 5.484076433121020111e-01 6.369426751592358526e-04
2.094594594594595058e-02 7.432432432432434580e-03 6.756756756756758216e-04 6.756756756756758216e-04 2.094594594594595058e-02 6.756756756756758216e-04 2.770270270270270424e-02 6.756756756756758216e-04 6.756756756756758216e-04 6.756756756756758216e-04 7.432432432432434580e-03 1.966216216216216672e-01 6.756756756756758216e-04 2.912162162162162948e-01 6.756756756756758216e-04 7.432432432432434580e-03 6.756756756756758216e-04 6.756756756756758216e-04 6.756756756756758216e-04 6.756756756756758216e-04 6.756756756756758216e-04 7.432432432432434580e-03 6.756756756756758216e-04 6.756756756756758216e-04 6.756756756756758216e-04 6.756756756756758216e-04 8.851351351351352537e-02 3.445945945945946137e-02 6.756756756756758216e-04 2.777027027027027528e-01
2.445378151260504951e-01 8.403361344537817797e-04 8.403361344537817797e-04 8.403361344537817797e-04 8.403361344537817797e-04 8.403361344537817797e-04 8.403361344537817797e-04 2.445378151260504951e-01 8.403361344537817797e-04 8.403361344537817797e-04 8.403361344537817797e-04 8.403361344537817797e-04 8.403361344537817797e-04 8.403361344537817797e-04 8.403361344537817797e-04 8.403361344537817797e-04 8.403361344537817797e-04 4.285714285714286448e-02 8.403361344537817797e-04 8.403361344537817797e-04 8.403361344537817797e-04 8.403361344537817797e-04 8.403361344537817797e-04 9.243697478991600228e-03 2.605042016806723496e-02 9.243697478991600228e-03 4.285714285714286448e-02 8.403361344537817797e-04 8.403361344537817797e-04 3.621848739495799330e-01
4.440677966101694990e-02 3.389830508474576498e-04 1.728813559322033705e-02 3.389830508474576498e-04 3.762711864406779322e-02 3.389830508474576498e-04 3.389830508474576498e-04 5.118644067796609964e-02 3.389830508474576498e-04 3.389830508474576498e-04 3.389830508474576498e-04 8.508474576271186918e-02 3.728813559322034094e-03 4.101694915254237156e-02 1.389830508474576218e-02 7.118644067796610700e-03 3.389830508474576498e-04 3.389830508474576498e-04 3.389830508474576498e-04 1.728813559322033705e-02 3.389830508474576498e-04 1.728813559322033705e-02 3.728813559322034094e-03 3.389830508474576498e-04 2.067796610169491539e-02 7.491525423728813415e-02 2.037288135593220417e-01 3.389830508474576498e-04 3.389830508474576498e-04 3.562711864406779561e-01
1.406542056074766844e-01 4.672897196261683521e-04 4.677570093457945055e-01 4.672897196261683521e-04 4.672897196261683521e-04 4.672897196261683521e-04 5.140186915887852252e-03 2.850467289719626693e-02 5.140186915887852252e-03 4.672897196261683521e-04 5.140186915887852252e-03 4.672897196261683521e-04 4.672897196261683521e-04 1.915887850467290140e-02 4.672897196261683521e-04 9.813084112149535881e-03 4.672897196261683521e-04 9.859813084112152570e-02 5.140186915887852252e-03 1.915887850467290140e-02 4.672897196261683521e-04 4.252336448598131868e-02 4.672897196261683521e-04 4.672897196261683521e-04 4.672897196261683521e-04 1.359813084112150017e-01 4.672897196261683521e-04 4.672897196261683521e-04 5.140186915887852252e-03 5.140186915887852252e-03
4.000000000000001276e-04 3.240000000000000518e-02 2.440000000000000502e-02 4.000000000000001276e-04 4.000000000000001276e-04 4.400000000000001132e-03 4.000000000000001276e-04 5.640000000000001262e-02 4.000000000000001276e-04 4.000000000000001276e-04 4.000000000000001276e-04 2.040000000000000493e-02 4.000000000000001276e-04 3.644000000000000572e-01 4.000000000000001276e-04 5.240000000000000907e-02 4.000000000000001276e-04 4.000000000000001276e-04 4.440000000000000890e-02 4.000000000000001276e-04 4.000000000000001276e-04 4.000000000000001276e-04 2.040000000000000493e-02 3.640000000000000874e-02 4.440000000000000890e-02 1.404000000000000248e-01 4.840000000000001246e-02 4.040000000000000535e-02 4.000000000000001276e-04 6.440000000000002667e-02
1.004784688995215627e-02 3.875598086124402986e-02 4.784688995215312770e-04 2.918660287081340302e-02 4.784688995215312770e-04 4.784688995215312770e-04 4.784688995215312770e-04 3.114832535885168063e-01 2.440191387559809133e-02 4.784688995215312770e-04 4.784688995215312770e-04 4.784688995215312770e-04 4.784688995215312770e-04 4.784688995215312770e-04 6.267942583732058481e-02 4.784688995215312770e-04 4.784688995215312770e-04 4.832535885167465323e-02 4.784688995215312770e-04 4.784688995215312770e-04 1.966507177033493536e-01 4.784688995215312770e-04 4.784688995215312770e-04 4.784688995215312770e-04 1.344497607655502913e-01 2.918660287081340302e-02 1.004784688995215627e-02 4.784688995215312770e-04 4.784688995215312770e-04 9.617224880382778396e-02
3.053892215568862478e-02 5.988023952095809397e-04 4.736526946107784686e-01 2.455089820359281777e-02 2.455089820359281777e-02 5.988023952095809397e-04 5.988023952095809397e-04 5.988023952095809397e-04 5.988023952095809397e-04 5.988023952095809397e-04 5.988023952095809397e-04 1.323353293413173926e-01 5.988023952095809397e-04 5.988023952095809397e-04 5.988023952095809397e-04 5.988023952095809397e-04 5.988023952095809397e-04 4.850299401197605276e-02 5.988023952095809397e-04 5.988023952095809397e-04 5.988023952095809397e-04 5.988023952095809397e-04 5.988023952095809397e-04 5.988023952095809397e-04 5.449101796407186671e-02 1.263473053892215925e-01 1.257485029940120028e-02 5.449101796407186671e-02 6.586826347305390662e-03 5.988023952095809397e-04
1.343750000000000222e-01 8.080357142857144681e-02 3.169642857142857678e-02 4.955357142857143293e-02 4.464285714285715231e-04 4.464285714285715231e-04 4.464285714285715231e-04 6.741071428571429602e-02 4.910714285714286483e-03 4.955357142857143293e-02 4.464285714285715231e-04 2.276785714285714524e-02 4.464285714285715231e-04 4.464285714285715231e-04 3.352678571428571730e-01 4.464285714285715231e-04 4.464285714285715231e-04 4.910714285714286483e-03 4.464285714285715231e-04 4.464285714285715231e-04 9.375000000000001388e-03 6.294642857142858372e-02 1.031250000000000222e-01 2.276785714285714524e-02 4.464285714285715231e-04 4.910714285714286483e-03 4.464285714285715231e-04 4.910714285714286483e-03 4.910714285714286483e-03 4.464285714285715231e-04
6.428571428571426549e-02 3.159806295399514992e-02 1.707021791767553837e-02 1.210653753026634115e-04 3.753026634382565594e-03 1.210653753026634115e-04 3.038740920096851678e-02 6.912832929782081193e-02 1.526634382566585402e-01 1.464891041162227209e-02 1.210653753026634115e-04 1.464891041162227209e-02 1.210653753026634115e-04 1.210653753026634115e-04 1.210653753026634115e-04 2.542372881355931587e-03 1.210653753026634115e-04 3.076271186440677208e-01 5.581113801452783352e-02 1.210653753026634115e-04 1.210653753026634115e-04 7.639225181598061076e-02 1.210653753026634115e-04 7.384987893462467180e-03 8.970944309927357529e-02 4.491525423728812833e-02 1.210653753026634115e-04 1.331719128329297581e-03 1.210653753026634115e-04 1.464891041162227209e-02
1.300518134715026308e-01 5.181347150259069285e-04 5.497409326424871345e-01 5.181347150259069285e-04 5.181347150259069285e-04 5.181347150259069285e-04 5.181347150259069285e-04 4.196891191709845731e-02 1.088082901554404507e-02 5.181347150259069285e-04 5.181347150259069285e-04 5.181347150259069285e-04 5.181347150259069285e-04 5.181347150259069285e-04 5.181347150259069285e-04 5.181347150259069285e-04 5.181347150259069285e-04 7.823834196891193971e-02 1.606217616580311522e-02 5.181347150259069285e-04 5.181347150259069285e-04 5.181347150259069285e-04 1.606217616580311522e-02 5.181347150259069285e-04 5.181347150259069285e-04 1.455958549222798326e-01 5.181347150259069285e-04 5.181347150259069285e-04 5.181347150259069285e-04 5.181347150259069285e-04
2.873563218390804016e-04 6.063218390804596403e-02 2.873563218390804016e-04 3.160919540229884146e-03 2.327586206896550824e-02 2.873563218390804016e-04 2.873563218390804016e-04 2.873563218390804016e-04 6.034482758620687837e-03 1.752873563218390260e-02 2.040229885057470369e-02 2.873563218390804016e-04 5.775862068965515600e-02 2.873563218390804016e-04 2.873563218390804016e-04 3.160919540229884146e-03 2.873563218390804016e-04 1.497126436781608672e-01 1.497126436781608672e-01 2.873563218390804016e-04 2.873563218390804016e-04 1.066091954022988231e-01 2.873563218390804016e-04 1.465517241379309804e-02 1.525862068965516682e-01 2.071839080459769167e-01 3.160919540229884146e-03 2.873563218390804016e-04 2.040229885057470369e-02 2.873563218390804016e-04
4.254498714652955177e-02 1.940874035989716487e-02 2.699228791773778183e-03 4.512853470437017123e-01 1.285347043701799122e-04 3.483290488431875498e-02 1.285347043701799122e-04 7.339331619537273199e-02 6.439588688946014383e-02 1.285347043701799122e-04 6.555269922879174843e-03 5.668380462724934010e-02 5.282776349614394518e-02 1.285347043701799122e-04 1.285347043701799122e-04 2.699228791773778183e-03 1.285347043701799122e-04 9.125964010282773195e-03 1.413881748071979224e-03 5.269922879177375667e-03 3.868894601542415684e-02 1.285347043701799122e-04 5.269922879177375667e-03 1.413881748071979224e-03 2.197943444730076495e-02 3.097686375321336005e-02 1.298200514138816986e-02 1.285347043701799122e-04 1.285347043701799122e-04 6.439588688946014383e-02
4.784688995215312770e-04 4.784688995215312770e-04 5.220095693779905899e-01 2.440191387559809133e-02 4.784688995215312770e-04 4.784688995215312770e-04 4.784688995215312770e-04 4.784688995215312770e-04 4.784688995215312770e-04 5.263157894736843721e-03 4.784688995215312770e-04 4.784688995215312770e-04 4.784688995215312770e-04 4.784688995215312770e-04 4.784688995215312770e-04 4.784688995215312770e-04 1.004784688995215627e-02 1.057416267942584143e-01 4.784688995215312770e-04 4.784688995215312770e-04 4.784688995215312770e-04 4.784688995215312770e-04 4.784688995215312770e-04 4.784688995215312770e-04 7.224880382775121512e-02 1.631578947368421684e-01 8.660287081339715365e-02 4.784688995215312770e-04 4.784688995215312770e-04 4.784688995215312770e-04
9.764011799410027281e-02 1.890855457227137715e-01 2.949852507374630685e-04 2.949852507374630685e-04 2.949852507374630685e-04 2.949852507374630685e-04 2.775811209439527083e-01 1.212389380530973088e-01 2.949852507374630685e-04 2.949852507374630685e-04 2.949852507374630685e-04 2.949852507374630685e-04 9.144542772861353336e-03 2.949852507374630685e-04 2.949852507374630685e-04 2.949852507374630685e-04 1.209439528023598283e-02 2.389380530973450253e-02 3.244837758112093483e-03 2.684365781710913376e-02 3.244837758112093483e-03 6.194690265486723843e-03 2.949852507374630685e-04 2.949852507374630685e-04 9.174041297935101036e-02 1.123893805309734151e-01 2.949852507374630685e-04 2.949852507374630685e-04 2.949852507374630685e-04 2.094395280235987478e-02
7.655367231638415815e-02 5.112994350282484834e-02 2.824858757062145907e-04 1.440677966101694407e-02 1.723163841807908922e-02 2.824858757062145907e-04 3.025423728813558255e-01 8.502824858757060400e-02 3.107344632768360877e-03 2.824858757062145907e-04 2.824858757062145907e-04 3.107344632768360877e-03 5.932203389830506893e-03 2.824858757062145907e-04 2.824858757062145907e-04 2.824858757062145907e-04 2.824858757062145907e-04 2.824858757062145907e-04 2.824858757062145907e-04 1.810734463276835460e-01 2.824858757062145907e-04 2.824858757062145907e-04 2.824858757062145907e-04 2.824858757062145907e-04 1.387005649717513722e-01 9.067796610169488736e-02 8.757062146892652041e-03 2.824858757062145907e-04 2.824858757062145907e-04 1.723163841807908922e-02
4.115226337448560129e-04 1.444444444444444586e-01 1.687242798353909279e-02 4.115226337448560129e-04 4.115226337448560129e-04 4.115226337448560129e-04 4.115226337448560129e-04 4.115226337448560129e-04 8.641975308641976217e-03 4.115226337448560129e-04 1.687242798353909279e-02 4.115226337448560129e-04 4.115226337448560129e-04 9.094650205761317663e-02 4.115226337448560129e-04 1.275720164609053450e-02 4.115226337448560129e-04 4.115226337448560129e-04 4.115226337448560129e-04 4.115226337448560129e-04 4.115226337448560129e-04 1.609053497942386779e-01 1.156378600823045333e-01 1.279835390946502116e-01 4.115226337448560129e-04 2.102880658436213912e-01 4.115226337448560129e-04 4.156378600823044944e-02 4.567901234567901120e-02 4.115226337448560129e-04
2.116197183098590673e-01 7.394366197183095679e-03 4.612676056338026187e-02 4.964788732394363746e-02 7.394366197183095679e-03 2.147887323943660845e-02 3.521126760563378843e-04 8.485915492957743500e-02 3.521126760563378843e-04 3.521126760563378843e-04 3.521126760563378843e-04 3.521126760563378843e-04 3.521126760563378843e-04 3.521126760563378843e-04 1.091549295774647474e-02 3.521126760563378843e-04 3.521126760563378843e-04 2.080985915492956917e-01 3.521126760563378843e-04 5.316901408450701999e-02 3.521126760563378843e-04 3.521126760563378843e-04 3.204225352112674563e-02 3.521126760563378843e-04 1.588028169014084057e-01 8.838028169014081059e-02 3.521126760563378843e-04 1.091549295774647474e-02 3.521126760563378843e-04 3.873239436619717053e-03
1.427152317880794330e-01 3.675496688741720225e-02 3.675496688741720225e-02 3.311258278145694277e-04 4.006622516556290065e-02 3.311258278145694277e-04 1.688741721854303962e-02 5.993377483443707021e-02 3.311258278145694277e-04 3.311258278145694277e-04 1.357615894039734469e-02 3.311258278145694277e-04 3.413907284768210593e-01 3.642384105960263813e-03 3.311258278145694277e-04 3.311258278145694277e-04 3.311258278145694277e-04 9.966887417218539547e-02 1.162251655629138736e-01 3.311258278145694277e-04 3.311258278145694277e-04 3.311258278145694277e-04 3.311258278145694277e-04 3.311258278145694277e-04 5.993377483443707021e-02 2.682119205298012093e-02 3.311258278145694277e-04 3.311258278145694277e-04 3.311258278145694277e-04 3.311258278145694277e-04
1.691011235955056924e-01 5.112359550561799276e-02 5.617977528089889219e-04 5.617977528089889219e-04 6.179775280898879009e-03 5.617977528089889219e-04 4.106741573033708681e-01 2.140449438202247923e-01 6.179775280898879009e-03 5.617977528089889219e-04 5.617977528089889219e-04 5.617977528089889219e-04 5.617977528089889219e-04 5.617977528089889219e-04 5.617977528089889219e-04 5.617977528089889219e-04 5.617977528089889219e-04 5.617977528089889219e-04 1.741573033707865745e-02 5.617977528089889219e-04 5.617977528089889219e-04 5.617977528089889219e-04 5.617977528089889219e-04 2.865168539325843242e-02 5.617977528089889219e-04 5.617977528089889219e-04 2.303370786516854493e-02 5.617977528089889219e-04 5.617977528089889219e-04 6.235955056179776773e-02
1.036312849162011052e-01 1.036312849162011052e-01 2.793296089385474625e-04 2.793296089385474625e-04 2.793296089385474625e-04 2.793296089385474625e-04 5.865921787709496224e-03 3.354748603351954683e-01 2.793296089385474625e-04 2.793296089385474625e-04 2.793296089385474625e-04 2.793296089385474625e-04 2.793296089385474625e-04 2.793296089385474625e-04 2.793296089385474625e-04 2.793296089385474625e-04 2.793296089385474625e-04 6.452513966480445673e-02 8.659217877094971608e-03 3.072625698324022141e-03 8.659217877094971608e-03 5.865921787709496224e-03 2.793296089385474625e-04 2.793296089385474625e-04 7.011173184357541444e-02 1.986033519553072058e-01 2.793296089385474625e-04 2.793296089385474625e-04 3.072625698324022141e-03 8.407821229050278788e-02
1.130177514792899685e-01 5.917159763313610630e-04 5.917159763313610630e-04 3.017751479289941183e-02 5.917159763313610630e-04 5.917159763313610630e-04 5.917159763313610630e-04 9.526627218934913266e-02 1.834319526627219143e-02 4.201183431952663222e-02 5.917159763313610630e-04 5.976331360946746107e-02 5.917159763313610630e-04 2.426035502958579990e-02 5.917159763313610630e-04 9.526627218934913266e-02 5.917159763313610630e-04 5.917159763313610630e-04 5.917159763313610630e-04 5.917159763313610630e-04 2.426035502958579990e-02 5.917159763313610630e-04 1.242603550295858297e-02 5.917159763313610630e-04 5.917159763313610630e-04 4.201183431952663222e-02 3.609467455621302029e-02 6.508875739644971910e-03 5.917159763313610630e-04 3.911242603550296182e-01
4.587155963302753632e-04 8.761467889908260143e-02 5.004587155963303724e-01 4.587155963302753632e-04 4.587155963302753632e-04 4.587155963302753632e-04 4.587155963302753632e-04 1.472477064220183984e-01 9.633027522935782086e-03 4.587155963302753632e-04 9.633027522935782086e-03 9.633027522935782086e-03 9.633027522935782086e-03 4.587155963302753632e-04 4.587155963302753632e-04 4.587155963302753632e-04 4.587155963302753632e-04 4.587155963302753632e-04 3.715596330275230258e-02 4.587155963302753632e-04 4.587155963302753632e-04 4.587155963302753632e-04 4.587155963302753632e-04 4.587155963302753632e-04 2.798165137614679401e-02 1.243119266055046218e-01 5.045871559633029538e-03 2.339449541284404147e-02 4.587155963302753632e-04 4.587155963302753632e-04
1.348739495798319810e-01 2.983193277310924874e-02 4.201680672268908899e-04 4.201680672268908899e-04 6.344537815126051472e-02 4.201680672268908899e-04 2.983193277310924874e-02 4.201680672268908899e-04 2.142857142857143224e-02 4.201680672268908899e-04 4.201680672268908899e-04 4.201680672268908899e-04 4.331932773109244406e-01 4.201680672268908899e-04 4.201680672268908899e-04 4.201680672268908899e-04 4.201680672268908899e-04 5.924369747899160821e-02 1.222689075630252475e-01 4.201680672268908899e-04 4.201680672268908899e-04 4.201680672268908899e-04 4.201680672268908899e-04 4.201680672268908899e-04 8.445378151260507504e-02 8.823529411764709229e-03 4.201680672268908899e-04 4.201680672268908899e-04 4.201680672268908899e-04 4.621848739495800114e-03
7.407407407407411376e-04 3.777777777777779206e-02 1.555555555555556205e-02 7.407407407407411376e-04 4.518518518518520322e-02 8.148148148148152622e-03 7.407407407407411376e-04 2.296296296296297321e-02 7.407407407407411376e-04 7.407407407407411376e-04 3.777777777777779206e-02 7.407407407407411376e-04 7.407407407407411376e-04 7.407407407407411376e-04 4.518518518518520322e-02 7.407407407407411376e-04 7.407407407407411376e-04 7.407407407407411376e-04 1.555555555555556205e-02 2.296296296296297321e-02 4.748148148148149672e-01 2.303703703703704753e-01 7.407407407407411376e-04 7.407407407407411376e-04 7.407407407407411376e-04 7.407407407407411376e-04 7.407407407407411376e-04 7.407407407407411376e-04 7.407407407407411376e-04 3.037037037037038090e-02
2.837209302325581842e-02 5.116279069767444045e-03 5.400000000000001465e-01 4.651162790697675764e-04 4.651162790697675764e-04 4.651162790697675764e-04 4.651162790697675764e-04 4.651162790697675764e-04 9.767441860465119266e-03 4.651162790697675764e-04 4.651162790697675764e-04 4.651162790697675764e-04 4.651162790697675764e-04 4.651162790697675764e-04 4.651162790697675764e-04 4.651162790697675764e-04 4.651162790697675764e-04 9.348837209302328366e-02 1.441860465116279535e-02 4.651162790697675764e-04 4.651162790697675764e-04 4.651162790697675764e-04 4.651162790697675764e-04 1.441860465116279535e-02 6.558139534883722366e-02 1.818604651162791241e-01 3.767441860465117059e-02 4.651162790697675764e-04 4.651162790697675764e-04 4.651162790697675764e-04
8.988095238095239470e-02 5.952380952380954002e-04 4.821428571428572341e-02 6.547619047619049511e-03 6.607142857142858650e-02 5.952380952380954002e-04 5.952380952380954002e-04 5.952380952380954002e-04 5.952380952380954002e-04 1.315476190476190799e-01 5.952380952380954002e-04 1.732142857142857650e-01 5.952380952380954002e-04 7.797619047619049060e-02 6.607142857142858650e-02 1.845238095238095621e-02 5.952380952380954002e-04 5.952380952380954002e-04 6.607142857142858650e-02 5.952380952380954002e-04 5.952380952380954002e-04 5.952380952380954002e-04 5.952380952380954002e-04 1.845238095238095621e-02 5.952380952380954002e-04 5.416666666666667546e-02 6.011904761904762751e-02 7.202380952380953161e-02 4.226190476190476442e-02 5.952380952380954002e-04
1.584980237154150484e-01 5.573122529644269907e-02 3.952569169960475342e-04 2.411067193675889633e-02 3.952569169960475342e-04 3.952569169960475342e-04 3.952569169960475342e-04 2.612648221343873978e-01 2.015810276679842056e-02 3.952569169960475342e-04 3.952569169960475342e-04 9.525691699604746376e-02 3.952569169960475342e-04 3.952569169960475342e-04 3.952569169960475342e-04 3.952569169960475342e-04 3.952569169960475342e-04 4.387351778656127521e-02 3.952569169960475342e-04 3.952569169960475342e-04 3.992094861660079597e-02 3.952569169960475342e-04 3.952569169960475342e-04 2.411067193675889633e-02 1.620553359683794825e-02 1.782608695652174446e-01 4.347826086956522659e-03 3.952569169960475342e-04 3.952569169960475342e-04 7.154150197628460217e-02
7.203883495145629867e-02 2.932038834951455550e-02 1.941747572815533574e-04 1.941747572815533574e-04 1.941747572815533574e-04 1.941747572815533574e-04 2.700970873786406878e-01 2.817475728155339199e-01 1.941747572815533574e-04 1.941747572815533574e-04 1.941747572815533574e-04 1.941747572815533574e-04 4.077669902912620450e-03 1.941747572815533574e-04 4.077669902912620450e-03 1.941747572815533574e-04 1.941747572815533574e-04 3.126213592233009070e-02 2.135922330097086985e-03 5.650485436893203095e-02 9.902912621359220846e-03 1.941747572815533574e-04 1.941747572815533574e-04 1.941747572815533574e-04 9.728155339805823199e-02 1.264077669902912149e-01 1.941747572815533574e-04 1.941747572815533574e-04 1.941747572815533574e-04 1.184466019417475431e-02
1.254310344827586632e-01 9.051724137931036959e-03 4.310344827586207921e-04 9.051724137931036959e-03 4.310344827586207921e-04 4.310344827586207921e-04 2.629310344827586604e-02 4.271551724137931938e-01 4.784482758620690890e-02 4.310344827586207921e-04 4.310344827586207921e-04 4.310344827586207921e-04 4.310344827586207921e-04 4.310344827586207921e-04 4.310344827586207921e-04 9.051724137931036959e-03 4.310344827586207921e-04 4.310344827586207921e-04 4.784482758620690890e-02 4.310344827586207921e-04 4.310344827586207921e-04 9.051724137931036959e-03 4.310344827586207921e-04 4.310344827586207921e-04 8.232758620689657747e-02 1.426724137931034975e-01 4.310344827586207921e-04 4.310344827586207921e-04 4.310344827586207921e-04 5.646551724137932604e-02
2.106796116504853489e-01 3.236245954692555595e-04 3.236245954692555595e-04 3.236245954692555595e-04 1.003236245954692261e-02 1.003236245954692261e-02 3.559870550161811208e-03 4.501618122977344427e-01 2.297734627831714282e-02 3.236245954692555595e-04 3.236245954692555595e-04 3.236245954692555595e-04 3.236245954692555595e-04 3.236245954692555595e-04 1.326860841423947550e-02 3.236245954692555595e-04 3.236245954692555595e-04 6.828478964401292484e-02 3.236245954692555595e-04 3.236245954692555595e-04 3.236245954692555595e-04 1.003236245954692261e-02 3.236245954692555595e-04 3.236245954692555595e-04 1.686084142394821406e-01 2.621359223300969918e-02 3.236245954692555595e-04 3.236245954692555595e-04 3.236245954692555595e-04 3.236245954692555595e-04
1.167272727272727351e-01 1.127272727272727280e-02 4.763636363636363641e-02 1.127272727272727280e-02 4.036363636363636542e-02 3.636363636363636686e-04 3.636363636363636686e-04 3.636363636363636686e-04 3.636363636363636686e-04 3.636363636363636686e-04 1.490909090909090830e-02 3.672727272727272646e-02 3.636363636363636686e-04 1.490909090909090830e-02 4.000000000000000083e-03 3.636363636363636686e-04 3.636363636363636686e-04 3.672727272727272646e-02 3.636363636363636686e-04 3.636363636363636686e-04 2.330909090909090708e-01 3.636363636363636686e-04 2.112727272727272787e-01 3.636363636363636686e-04 3.636363636363636686e-04 3.636363636363636686e-04 4.000000000000000083e-03 1.127272727272727280e-02 2.003636363636363826e-01 3.636363636363636686e-04
6.578947368421054652e-04 1.322368421052631804e-01 6.578947368421054652e-04 6.578947368421054652e-04 6.578947368421054652e-04 6.578947368421054652e-04 6.578947368421054652e-04 7.236842105263159575e-03 6.578947368421054652e-04 7.236842105263159575e-03 6.578947368421054652e-04 6.578947368421054652e-04 6.578947368421054652e-04 1.717105263157895079e-01 6.578947368421054652e-04 6.578947368421054652e-04 6.578947368421054652e-04 6.578947368421054652e-04 1.381578947368421358e-02 6.578947368421054652e-04 6.578947368421054652e-04 1.322368421052631804e-01 9.276315789473685292e-02 8.618421052631580759e-02 6.578947368421054652e-04 2.703947368421052988e-01 6.578947368421054652e-04 2.039473684210526758e-02 5.328947368421053238e-02 6.578947368421054652e-04
1.041666666666667086e-03 1.041666666666667086e-03 1.041666666666667086e-03 1.041666666666667086e-03 4.270833333333334814e-02 1.041666666666667086e-03 1.041666666666667086e-03 1.145833333333333946e-02 4.270833333333334814e-02 8.437500000000003331e-02 1.041666666666667086e-03 1.041666666666667086e-03 1.041666666666667086e-03 1.041666666666667086e-03 1.041666666666667086e-03 1.052083333333333759e-01 3.229166666666668378e-02 1.364583333333334036e-01 1.041666666666667086e-03 1.041666666666667086e-03 3.760416666666668295e-01 2.187500000000000902e-02 2.187500000000000902e-02 1.041666666666667086e-03 2.187500000000000902e-02 1.041666666666667086e-03 1.041666666666667086e-03 8.437500000000003331e-02 1.041666666666667086e-03 1.041666666666667086e-03
2.846405228758168704e-01 3.267973856209149559e-04 3.267973856209149559e-04 3.267973856209149559e-04 3.300653594771240512e-02 3.267973856209149559e-04 3.300653594771240512e-02 1.898692810457515701e-01 2.160130718954247353e-01 3.267973856209149559e-04 3.267973856209149559e-04 1.993464052287580862e-02 3.267973856209149559e-04 3.267973856209149559e-04 3.267973856209149559e-04 3.267973856209149559e-04 3.267973856209149559e-04 3.267973856209149559e-04 3.267973856209149559e-04 3.267973856209149559e-04 3.267973856209149559e-04 3.267973856209149559e-04 6.862745098039213856e-03 3.267973856209149559e-04 7.875816993464049287e-02 1.049019607843136859e-01 2.320261437908495775e-02 3.267973856209149559e-04 3.267973856209149559e-04 3.594771241830064298e-03
1.639344262295081966e-03 3.442622950819672345e-02 1.639344262295081966e-03 1.639344262295081966e-03 1.639344262295081966e-03 1.639344262295081966e-03 1.639344262295081966e-03 1.819672131147540839e-01 1.639344262295081966e-03 8.360655737704916768e-02 1.639344262295081966e-03 1.639344262295081966e-03 1.639344262295081966e-03 6.721311475409835756e-02 1.639344262295081966e-03 1.639344262295081966e-03 1.639344262295081966e-03 1.639344262295081966e-03 1.639344262295081966e-03 1.639344262295081966e-03 1.639344262295081966e-03 1.163934426229508157e-01 1.639344262295081966e-03 1.327868852459016258e-01 1.639344262295081966e-03 1.639344262295081966e-03 1.639344262295081966e-03 3.459016393442623238e-01 1.639344262295081966e-03 1.639344262295081966e-03
2.767543859649123084e-01 2.236842105263157909e-02 4.385964912280701836e-04 6.622807017543859420e-02 4.824561403508772182e-03 4.385964912280701836e-04 4.385964912280701836e-04 2.767543859649123084e-01 4.385964912280701836e-04 4.385964912280701836e-04 4.385964912280701836e-04 2.236842105263157909e-02 4.385964912280701836e-04 4.385964912280701836e-04 2.675438596491228060e-02 4.385964912280701836e-04 4.385964912280701836e-04 4.824561403508772182e-03 7.500000000000001110e-02 4.385964912280701836e-04 4.385964912280701836e-04 1.359649122807017607e-02 4.385964912280701836e-04 4.385964912280701836e-04 4.385964912280701836e-04 1.495614035087719229e-01 4.385964912280701836e-04 4.385964912280701836e-04 4.385964912280701836e-04 5.307017543859648967e-02
8.536585365853660914e-03 4.065040650406505146e-04 4.471544715447155552e-03 4.065040650406505146e-04 4.065040650406505146e-04 4.065040650406505146e-04 4.065040650406505146e-04 2.886178861788618252e-02 9.796747967479677022e-02 4.065040650406505146e-04 4.065040650406505146e-04 4.065040650406505146e-04 4.065040650406505146e-04 4.065040650406505146e-04 6.101626016260164320e-01 1.260162601626016628e-02 2.886178861788618252e-02 4.065040650406505146e-04 2.886178861788618252e-02 4.065040650406505146e-04 4.471544715447155552e-03 4.065040650406505146e-04 4.065040650406505146e-04 4.065040650406505146e-04 4.065040650406505146e-04 4.065040650406505146e-04 1.020325203252032825e-01 4.065040650406505146e-04 4.065040650406505146e-04 6.544715447154474119e-02
3.086956521739131140e-02 4.347826086956522985e-04 4.347826086956522985e-04 1.347826086956522076e-02 4.347826086956522985e-04 4.347826086956522985e-04 4.347826086956522985e-04 4.347826086956522985e-04 7.000000000000002054e-02 4.347826086956522985e-04 3.086956521739131140e-02 4.782608695652175446e-03 2.652173913043478701e-02 4.347826086956522985e-04 4.347826086956522985e-04 4.347826086956522985e-04 4.347826086956522985e-04 4.782608695652175446e-03 9.130434782608698105e-03 4.091304347826087984e-01 4.347826086956522985e-04 4.347826086956522985e-04 4.826086956521739857e-02 4.347826086956522985e-04 1.347826086956522076e-02 4.347826086956522985e-04 2.786956521739130666e-01 4.347826086956522985e-04 4.347826086956522985e-04 5.260869565217392296e-02
8.414096916299562690e-02 9.735682819383262299e-02 4.405286343612336078e-04 4.405286343612336078e-04 4.405286343612336078e-04 4.405286343612336078e-04 4.405286343612336078e-04 2.246696035242291140e-02 4.405286343612336078e-04 2.647577092511013697e-01 4.405286343612336078e-04 4.405286343612336078e-04 4.405286343612336078e-04 4.405286343612336078e-04 4.405286343612336078e-04 1.806167400881057705e-02 4.405286343612336078e-04 4.405286343612336078e-04 4.405286343612336078e-04 4.845814977973569686e-03 4.405286343612336078e-04 4.008810572687225571e-02 4.845814977973569686e-03 9.295154185022029558e-02 4.405286343612336078e-04 2.691629955947137387e-01 4.008810572687225571e-02 4.405286343612336078e-04 4.845814977973569686e-03 4.889867841409692439e-02
3.717472118959107199e-04 3.717472118959107199e-04 3.717472118959107199e-04 3.717472118959107199e-04 3.717472118959107199e-04 3.717472118959107199e-04 3.717472118959107199e-04 3.382899628252786922e-02 3.717472118959107199e-04 3.717472118959107199e-04 3.717472118959107199e-04 3.717472118959107199e-04 1.895910780669144563e-02 3.717472118959107199e-04 3.717472118959107199e-04 4.126394052044608796e-02 2.639405204460965743e-02 1.230483271375464455e-01 3.717472118959107199e-04 3.717472118959107199e-04 4.167286245353158947e-01 9.330855018587359828e-02 3.717472118959107199e-04 3.717472118959107199e-04 3.011152416356876679e-02 5.985130111524163132e-02 1.490706319702601867e-01 3.717472118959107199e-04 3.717472118959107199e-04 3.717472118959107199e-04
1.818461538461537963e-01 2.492307692307691239e-02 3.076923076923075945e-04 2.492307692307691239e-02 3.384615384615383919e-03 3.076923076923075945e-04 3.076923076923075945e-04 2.095384615384614513e-01 6.461538461538459538e-03 3.076923076923075945e-04 3.076923076923075945e-04 1.876923076923076028e-02 3.076923076923075945e-04 3.076923076923075945e-04 2.956923076923075877e-01 3.076923076923075945e-04 9.538461538461535591e-03 3.076923076923075945e-04 6.461538461538459538e-03 3.076923076923075945e-04 3.076923076923075945e-04 3.076923076923075945e-04 3.384615384615383919e-03 3.723076923076922007e-02 3.415384615384613881e-02 5.569230769230767986e-02 1.261538461538460991e-02 3.076923076923075945e-04 3.076923076923075945e-04 7.107692307692305145e-02
1.639344262295081749e-03 1.803278688524589946e-02 1.639344262295081749e-03 1.639344262295081749e-03 1.639344262295081749e-03 1.803278688524589946e-02 1.639344262295081749e-03 1.639344262295081749e-03 1.803278688524589946e-02 1.639344262295081749e-03 1.639344262295081749e-03 2.147540983606556764e-01 1.639344262295081749e-03 1.639344262295081749e-03 1.639344262295081749e-03 2.639344262295081345e-01 1.639344262295081749e-03 1.639344262295081749e-03 1.639344262295081749e-03 1.639344262295081749e-03 1.639344262295081749e-03 1.639344262295081749e-03 1.639344262295081749e-03 6.721311475409834368e-02 1.327868852459015980e-01 1.803278688524589946e-02 1.639344262295081749e-03 1.639344262295081749e-03 1.803278688524589946e-02 1.983606557377048663e-01
1.229591836734694188e-01 5.663265306122449577e-02 2.658163265306122680e-01 5.102040816326532157e-04 5.102040816326532157e-04 5.612244897959185047e-03 5.102040816326532157e-04 1.178571428571428825e-01 5.102040816326532157e-04 5.102040816326532157e-04 5.102040816326532157e-04 5.102040816326532157e-04 9.744897959183675129e-02 5.102040816326532157e-04 5.102040816326532157e-04 1.071428571428571612e-02 5.612244897959185047e-03 3.112244897959183867e-02 1.581632653061224719e-02 5.102040816326532157e-04 5.102040816326532157e-04 5.102040816326532157e-04 5.102040816326532157e-04 5.102040816326532157e-04 3.112244897959183867e-02 5.102040816326532157e-04 5.102040816326532157e-04 1.581632653061224719e-02 5.102040816326532157e-04 2.147959183673469885e-01
2.521897810218978186e-01 3.649635036496351220e-04 3.649635036496351220e-04 3.649635036496351220e-04 3.649635036496351220e-04 7.664233576642337509e-03 3.649635036496351220e-04 1.244525547445255731e-01 1.496350364963503800e-02 3.649635036496351220e-04 3.649635036496351220e-04 2.956204379562044418e-02 1.131386861313868862e-02 3.649635036496351220e-04 2.302919708029197710e-01 3.649635036496351220e-04 3.649635036496351220e-04 1.861313868613138911e-02 3.649635036496351220e-04 3.649635036496351220e-04 3.649635036496351220e-04 3.649635036496351220e-04 3.649635036496351220e-04 4.051094890510949925e-02 1.755474452554744991e-01 3.649635036496351220e-04 3.649635036496351220e-04 3.649635036496351220e-04 3.649635036496351220e-04 8.795620437956207238e-02
4.273504273504273501e-04 4.273504273504273501e-04 4.273504273504273501e-04 4.700854700854701501e-03 4.273504273504273501e-04 1.713675213675213693e-01 2.179487179487179377e-02 4.273504273504273501e-04 8.162393162393162538e-02 4.273504273504273501e-04 7.307692307692308098e-02 9.017094017094018366e-02 4.273504273504273501e-04 4.273504273504273501e-04 4.273504273504273501e-04 4.273504273504273501e-04 4.700854700854701501e-03 4.700854700854701501e-03 4.273504273504273501e-04 3.034188034188034164e-02 4.273504273504273501e-04 1.752136752136752157e-02 4.273504273504273501e-04 4.273504273504273501e-04 5.170940170940170610e-02 3.034188034188034164e-02 4.106837606837606680e-01 4.273504273504273501e-04 4.273504273504273501e-04 4.273504273504273501e-04
8.307426597582036332e-02 1.727115716753022101e-04 8.808290155440412147e-03 1.917098445595854378e-02 1.727115716753022101e-04 1.727115716753022101e-04 1.727115716753022101e-04 5.025906735751294735e-02 1.727115716753022101e-04 1.727115716753022101e-04 1.727115716753022101e-04 2.367875647668393202e-01 2.262521588946458939e-02 3.626943005181346765e-03 7.098445595854921408e-02 6.925734024179619475e-02 1.727115716753022101e-04 1.398963730569947883e-02 1.727115716753022101e-04 1.727115716753022101e-04 2.089810017271156659e-02 1.727115716753022101e-04 1.727115716753022101e-04 3.626943005181346765e-03 5.716753022452503163e-02 2.005181347150258586e-01 2.435233160621761220e-02 1.727115716753022101e-04 1.727115716753022101e-04 1.124352331606217337e-01
1.083832335329341645e-01 5.988023952095809397e-04 7.245508982035929468e-02 5.988023952095809397e-04 5.988023952095809397e-04 6.586826347305390662e-03 5.988023952095809397e-04 1.257485029940120028e-02 9.041916167664672266e-02 5.988023952095809397e-04 5.988023952095809397e-04 5.988023952095809397e-04 5.988023952095809397e-04 5.988023952095809397e-04 1.856287425149701076e-02 5.988023952095809397e-04 5.988023952095809397e-04 5.988023952095809397e-04 5.988023952095809397e-04 8.443113772455090871e-02 1.257485029940120028e-02 5.988023952095809397e-04 3.652694610778443179e-02 5.988023952095809397e-04 1.023952095808383506e-01 3.053892215568862478e-02 5.988023952095809397e-04 2.455089820359281777e-02 5.988023952095809397e-04 3.898203592814371565e-01
9.165902841429883854e-05 4.674610449129239925e-03 9.165902841429883854e-05 4.226397800183319120e-01 8.340971585701193250e-03 7.525206232813932972e-02 1.842346471127406446e-02 3.033913840513291493e-02 4.592117323556371700e-02 9.165902841429883854e-05 9.165902841429883854e-05 5.050412465627865388e-02 1.164986251145738033e-01 2.841429880843263697e-03 9.165902841429883854e-05 1.008249312557287251e-03 9.165902841429883854e-05 3.583868010999084058e-02 9.165902841429883854e-05 1.109074243813015781e-02 2.025664527956004199e-02 9.165902841429883854e-05 9.165902841429883854e-05 2.667277726856095987e-02 4.225481209899176194e-02 7.250229147571037036e-02 9.165902841429883854e-05 9.165902841429883854e-05 9.165902841429883854e-05 1.384051329055912237e-02
1.093385214007782380e-01 3.891050583657588362e-04 2.762645914396887753e-02 3.891050583657588362e-04 3.891050583657588362e-04 3.891050583657588362e-04 3.891050583657588362e-04 8.599221789883271239e-02 1.984435797665369886e-02 8.171206225680936047e-03 2.762645914396887753e-02 3.891050583657588362e-04 5.097276264591441008e-02 8.171206225680936047e-03 4.280155642023347577e-03 3.891050583657588362e-04 3.891050583657588362e-04 3.891050583657588362e-04 3.891050583657588362e-04 3.194552529182879685e-01 3.891050583657588362e-04 3.891050583657588362e-04 3.891050583657588362e-04 3.891050583657588362e-04 5.097276264591441008e-02 3.891050583657588362e-04 2.494163424124513917e-01 2.762645914396887753e-02 3.891050583657588362e-04 4.280155642023347577e-03
