9.710144927536232262e-02 4.830917874396135686e-04 1.497584541062801922e-02 2.468599033816425148e-01 1.405797101449275388e-01 1.309178743961352809e-01 1.497584541062801922e-02 3.048309178743961456e-01 4.830917874396135686e-04 4.879227053140096360e-02
1.041379310344827530e-01 5.586206896551723644e-02 6.896551724137931589e-04 3.248275862068965569e-01 5.586206896551723644e-02 7.655172413793102926e-02 2.696551724137931094e-01 4.896551724137930550e-02 6.275862068965516738e-02 6.896551724137931589e-04
7.737556561085973117e-02 4.117647058823529355e-02 9.547511312217195345e-02 2.764705882352941346e-01 7.285067873303167907e-02 3.036199095022624195e-01 6.832579185520361309e-02 6.380090497737556099e-02 4.524886877828054486e-04 4.524886877828054486e-04
6.060606060606060601e-04 6.060606060606060601e-04 2.484848484848484543e-02 1.642424242424242453e-01 7.939393939393939170e-02 4.909090909090908783e-02 6.060606060606060601e-04 1.878787878787878743e-02 5.515151515151515277e-02 6.066666666666666874e-01
8.518518518518519711e-02 5.291005291005291362e-04 5.291005291005291362e-04 1.962962962962963021e-01 1.433862433862433949e-01 1.111111111111111154e-02 5.291005291005291362e-04 5.291005291005291362e-04 1.640211640211640398e-02 5.455026455026454890e-01
1.315085158150851585e-01 7.554744525547445189e-02 2.422141119221411232e-01 1.582725060827250563e-01 6.824817518248176007e-02 4.878345498783455414e-02 1.473236009732359908e-01 4.026763990267639981e-02 8.163017031630169507e-02 6.204379562043795503e-03
1.014450867052023031e-01 1.303468208092485314e-01 6.098265895953756954e-02 1.592485549132947875e-01 4.653179190751444844e-02 4.653179190751444844e-02 2.748554913294797286e-01 2.890173410404623918e-04 1.563583815028901647e-01 2.341040462427745189e-02
1.431701030927834684e-01 9.162371134020616537e-02 1.430412371134020394e-02 5.682989690721648723e-02 7.100515463917525527e-02 4.434278350515463707e-01 1.288659793814432748e-04 1.599226804123710932e-01 1.043814432989690483e-02 9.149484536082472946e-03
6.261127596439169940e-02 9.525222551928784476e-02 2.967359050445104291e-04 1.961424332344213484e-01 6.557863501483679469e-02 6.854599406528190386e-02 1.605341246290801216e-01 3.207715133531157115e-01 2.997032640949554710e-02 2.967359050445104291e-04
1.497584541062801922e-02 1.019323671497584655e-01 4.830917874396135686e-04 9.710144927536232262e-02 7.777777777777777901e-02 4.830917874396135686e-04 4.830917874396135686e-04 4.830917874396135686e-04 4.830917874396135686e-04 7.057971014492753214e-01
1.110795454545454586e-01 1.252840909090909005e-01 3.125000000000000173e-03 1.991477272727272541e-01 3.153409090909090745e-02 9.119318181818182600e-02 2.840909090909091313e-04 3.497159090909090495e-01 7.698863636363637020e-02 1.164772727272727140e-02
4.166666666666666934e-04 4.166666666666666934e-04 5.874999999999999667e-02 1.212500000000000105e-01 2.004166666666666596e-01 1.045833333333333337e-01 2.629166666666666874e-01 2.541666666666666380e-02 7.125000000000000777e-02 1.545833333333333504e-01
1.776595744680851130e-01 1.102836879432624179e-01 3.900709219858156454e-03 3.088652482269503285e-01 1.102836879432624179e-01 1.244680851063829780e-01 3.546099290780142083e-04 3.546099290780142083e-04 1.634751773049645529e-01 3.546099290780142083e-04
3.803333333333333011e-01 1.770000000000000184e-01 3.699999999999999817e-02 2.303333333333333066e-01 5.366666666666666807e-02 3.033333333333333368e-02 7.699999999999999900e-02 3.333333333333333764e-04 1.033333333333333326e-02 3.666666666666667032e-03
2.897727272727272652e-02 1.085227272727272846e-01 5.738636363636363119e-02 2.107954545454545636e-01 9.715909090909091717e-02 5.738636363636363119e-02 5.681818181818182626e-04 3.585227272727272707e-01 8.011363636363635909e-02 5.681818181818182626e-04
6.626506024096387101e-03 1.867469879518072681e-02 6.024096385542170289e-04 9.698795180722893927e-02 1.391566265060241170e-01 2.295180722891566882e-01 6.024096385542170289e-04 4.463855421686747649e-01 6.084337349397591493e-02 6.024096385542170289e-04
1.238764044943820308e-01 5.084269662921348659e-02 2.808988764044944068e-04 4.216292134831460259e-01 3.398876404494381720e-02 2.278089887640449285e-01 1.713483146067415475e-02 1.238764044943820308e-01 2.808988764044944068e-04 2.808988764044944068e-04
8.379629629629629928e-02 5.138888888888888673e-02 3.287037037037036924e-02 9.305555555555555802e-02 2.921296296296296280e-01 4.212962962962962798e-02 4.629629629629629806e-04 4.629629629629629806e-04 4.629629629629629806e-04 4.032407407407407329e-01
3.876595744680851330e-01 1.961702127659574746e-01 4.255319148936170717e-04 2.131914893617021522e-01 9.404255319148938086e-02 4.723404255319149647e-02 2.595744680851063899e-02 4.255319148936170717e-04 4.255319148936170717e-04 3.446808510638298129e-02
7.518796992481203458e-04 7.518796992481203458e-04 7.518796992481203458e-04 1.285714285714285865e-01 9.097744360902255967e-02 1.578947368421052683e-02 1.962406015037594098e-01 3.834586466165413460e-02 2.639097744360902609e-01 2.639097744360902609e-01
7.609561752988049099e-02 3.984063745019921009e-04 3.984063745019921009e-04 2.434262948207171762e-01 6.015936254980080305e-02 2.872509960159362885e-01 3.984063745019921009e-04 2.872509960159362885e-01 4.422310756972112206e-02 3.984063745019921009e-04
4.694835680751174140e-04 5.164319248826291717e-03 4.694835680751174140e-04 1.272300469483568230e-01 2.070422535211267623e-01 3.802816901408450495e-02 4.694835680751174140e-04 4.694835680751174140e-04 4.694835680751174140e-04 6.201877934272300719e-01
6.024096385542169205e-04 6.024096385542169205e-04 6.024096385542169205e-04 7.289156626506024250e-02 3.560240963855421659e-01 1.692771084337349463e-01 1.265060240963855435e-02 6.686746987951806831e-02 1.873493975903614550e-01 1.331325301204819289e-01
1.154296875000000028e-01 4.316406250000000278e-02 1.777343749999999931e-02 1.896484374999999889e-01 1.972656249999999931e-02 1.408203124999999889e-01 2.148437500000000173e-03 3.439453124999999889e-01 1.271484374999999889e-01 1.953125000000000108e-04
9.650655021834061986e-02 1.353711790393013169e-02 4.366812227074235906e-04 3.323144104803493204e-01 7.903930131004367754e-02 1.794759825327510994e-01 4.366812227074235906e-04 1.969432314410480278e-01 1.008733624454148520e-01 4.366812227074235906e-04
1.821428571428571341e-01 3.571428571428571751e-03 6.850649350649351543e-02 4.938311688311687875e-01 9.448051948051948423e-02 5.227272727272727626e-02 3.571428571428571751e-03 8.149350649350649289e-02 1.980519480519480485e-02 3.246753246753246750e-04
1.135531135531135487e-02 3.190476190476190244e-01 1.835164835164835306e-01 8.461538461538462008e-02 1.945054945054945084e-01 3.663003663003663000e-04 7.728937728937729235e-02 3.699633699633699674e-02 2.600732600732600514e-02 6.630036630036630074e-02
1.400000000000000029e-02 6.666666666666667528e-04 4.733333333333333143e-02 1.073333333333333361e-01 2.340000000000000135e-01 6.666666666666667528e-04 2.340000000000000135e-01 7.333333333333334064e-03 6.733333333333332837e-02 2.873333333333333295e-01
3.263157894736842118e-02 3.263157894736842118e-02 1.052631578947368397e-03 2.431578947368421284e-01 7.473684210526315708e-02 1.052631578947368397e-03 1.063157894736842107e-01 1.052631578947368397e-03 2.115789473684210609e-01 2.957894736842105465e-01
5.331125827814570117e-02 1.029801324503311355e-01 3.311258278145695361e-04 2.387417218543046171e-01 1.592715231788079389e-01 2.586092715231788075e-01 3.311258278145695361e-04 1.294701986754966949e-01 5.662251655629139263e-02 3.311258278145695361e-04
1.754385964912280301e-03 1.754385964912280301e-03 1.754385964912280301e-03 2.999999999999999334e-01 1.754385964912280301e-03 5.105263157894736059e-01 1.421052631578947067e-01 1.754385964912280301e-03 1.754385964912280301e-03 3.684210526315788437e-02
4.424778761061948468e-04 4.867256637168143260e-03 1.371681415929203868e-02 3.101769911504425048e-01 1.199115044247787976e-01 2.969026548672566990e-01 2.699115044247788267e-02 2.261061946902655495e-01 4.424778761061948468e-04 4.424778761061948468e-04
4.122448979591836898e-02 9.836734693877552393e-02 6.571428571428572507e-02 8.571428571428573590e-03 4.122448979591836898e-02 1.065306122448979737e-01 1.265306122448979845e-02 5.677551020408163618e-01 8.571428571428573590e-03 4.938775510204081870e-02
4.888888888888889665e-03 4.444444444444444657e-04 4.444444444444444657e-04 3.471111111111110925e-01 1.604444444444444451e-01 1.026666666666666700e-01 1.204444444444444512e-01 3.155555555555555197e-02 2.315555555555555700e-01 4.444444444444444657e-04
8.992537313432835688e-02 1.529850746268656553e-02 3.731343283582089589e-04 9.738805970149254365e-02 5.261194029850746468e-02 1.529850746268656553e-02 9.738805970149254365e-02 3.022388059701492519e-02 3.996268656716417955e-01 2.018656716417910613e-01
2.427312775330396633e-01 9.735682819383260911e-02 4.405286343612334994e-04 4.405286343612334994e-04 2.691629955947136832e-01 9.251101321585903162e-03 4.449339207048458311e-02 1.722466960352422860e-01 7.092511013215860305e-02 9.295154185022026783e-02
7.770897832817337536e-02 4.365325077399380416e-02 3.095975232198142600e-04 2.572755417956656410e-01 7.770897832817337536e-02 1.210526315789473700e-01 6.501547987616099027e-03 3.718266253869969007e-01 4.365325077399380416e-02 3.095975232198142600e-04
1.224137931034482568e-01 1.724137931034482735e-03 1.896551724137931008e-02 1.724137931034482735e-03 1.724137931034482735e-03 1.913793103448275523e-01 8.793103448275860212e-02 5.706896551724137678e-01 1.724137931034482735e-03 1.724137931034482735e-03
1.363970588235294268e-01 8.125000000000000278e-02 3.676470588235294067e-04 3.165441176470588092e-01 2.977941176470588064e-02 1.106617647058823622e-01 3.676470588235294067e-04 2.650735294117647078e-01 5.919117647058824011e-02 3.676470588235294067e-04
4.196891191709844343e-02 1.404145077720207191e-01 5.181347150259067117e-04 1.507772020725388629e-01 9.378238341968912761e-02 2.124352331606217323e-02 5.181347150259067117e-04 1.974093264248704682e-01 5.181347150259067117e-04 3.528497409326424306e-01
7.768240343347640464e-02 1.420600858369098773e-01 4.291845493562232070e-04 3.047210300429184504e-02 6.480686695278969900e-02 3.905579399141630853e-02 4.291845493562232070e-04 8.626609442060086119e-02 4.124463519313304460e-01 1.463519313304721126e-01
6.267361111111111049e-02 2.274305555555555455e-02 1.232638888888888846e-02 1.269097222222222154e-01 6.788194444444445308e-02 3.126736111111110827e-01 1.909722222222222376e-03 1.807291666666666630e-01 7.309027777777778179e-02 1.390624999999999778e-01
9.877300613496933779e-02 2.828220858895705847e-01 6.134969325153374594e-04 1.171779141104294514e-01 9.263803680981594346e-02 9.877300613496933779e-02 6.134969325153374594e-04 2.092024539877300748e-01 6.134969325153374594e-04 9.877300613496933779e-02
3.298039215686274783e-01 3.921568627450981314e-04 3.921568627450981314e-04 7.490196078431374249e-02 1.964705882352941468e-01 3.921568627450981314e-04 4.313725490196079065e-03 2.827450980392157143e-01 3.921568627450981314e-04 1.101960784313725655e-01
2.151654411764705732e-01 6.443014705882352255e-02 1.295955882352941083e-02 4.329044117647058709e-02 5.615808823529411936e-02 4.559742647058823706e-01 9.191176470588235167e-05 6.534926470588234282e-02 7.362132352941175295e-02 1.295955882352941083e-02
9.341085271317829675e-02 3.914728682170542234e-02 4.263565891472868158e-03 2.406976744186046513e-01 7.015503875968992498e-02 1.166666666666666685e-01 4.263565891472868158e-03 4.306201550387596666e-01 3.875968992248061962e-04 3.875968992248061962e-04
9.345794392523364873e-04 1.224299065420560717e-01 5.700934579439251998e-02 1.411214953271028028e-01 9.345794392523364873e-04 1.962616822429906482e-02 9.345794392523364873e-04 3.934579439252336441e-01 1.317757009345794372e-01 1.317757009345794372e-01
2.929629629629629251e-01 6.333333333333333870e-02 4.074074074074074577e-03 4.481481481481481427e-02 2.300000000000000100e-01 2.629629629629629331e-02 3.703703703703704062e-04 1.114814814814814870e-01 3.370370370370370100e-02 1.929629629629629750e-01
1.011627906976744207e-01 1.011627906976744207e-01 6.240310077519380105e-02 8.139534883720930120e-03 5.077519379844960823e-02 5.852713178294573215e-02 3.139534883720929842e-02 3.875968992248061962e-04 1.399224806201550542e-01 4.461240310077519422e-01
9.900990099009901110e-04 7.029702970297029008e-02 9.900990099009901110e-04 9.009900990099009577e-02 3.277227722772277363e-01 5.049504950495049133e-02 3.475247524752475559e-01 9.900990099009901110e-04 1.099009900990099015e-01 9.900990099009901110e-04
5.192307692307691902e-02 6.410256410256410251e-04 6.410256410256410251e-04 4.878205128205128083e-01 1.096153846153846284e-01 3.910256410256410242e-02 6.410256410256410251e-04 3.083333333333333481e-01 6.410256410256410251e-04 6.410256410256410251e-04
8.801169590643274920e-02 6.754385964912280882e-02 9.093567251461988354e-02 5.877192982456140580e-02 1.961988304093567059e-01 3.216374269005848122e-03 3.216374269005848122e-03 2.923976608187134557e-04 6.169590643274854014e-02 4.301169590643274532e-01
5.434782608695652240e-04 2.614130434782608869e-01 1.684782608695652162e-02 9.293478260869565688e-02 1.038043478260869679e-01 1.684782608695652162e-02 3.315217391304347422e-02 3.157608695652173725e-01 4.402173913043477826e-02 1.146739130434782650e-01
3.938547486033519562e-02 1.092178770949720767e-01 1.930167597765362897e-01 5.614525139664804793e-02 8.407821229050280176e-02 9.804469273743017521e-02 3.745810055865921862e-01 3.072625698324022575e-03 3.379888268156424486e-02 8.659217877094971608e-03
1.993377483443708742e-01 6.622516556291390723e-04 6.622516556291390723e-04 4.112582781456953773e-01 1.198675496688741821e-01 7.350993377483443225e-02 6.622516556291390723e-04 1.264900662251655650e-01 6.622516556291390723e-04 6.688741721854304934e-02
6.701754385964912852e-02 3.508771929824561686e-04 2.491228070175438569e-02 1.442105263157894834e-01 2.670175438596490980e-01 3.508771929824561686e-04 3.508771929824561686e-04 3.508771929824561686e-04 6.701754385964912852e-02 4.284210526315789247e-01
2.844036697247706580e-02 9.174311926605505096e-04 9.174311926605505096e-04 1.844036697247706524e-01 1.926605504587156070e-02 1.752293577981651473e-01 9.174311926605505096e-04 5.596330275229357415e-02 3.761467889908256396e-02 4.963302752293577980e-01
4.501718213058419210e-02 6.563573883161512301e-02 3.780068728522337218e-03 1.103092783505154745e-01 1.103092783505154745e-01 2.439862542955326466e-02 3.436426116838488232e-04 1.408934707903779920e-02 3.127147766323024047e-02 5.948453608247422641e-01
1.042462845010615757e-01 4.055201698513800912e-02 1.254777070063694266e-01 3.526539278131634592e-01 1.719745222929936271e-02 1.445859872611464925e-01 1.445859872611464925e-01 1.932059447983014780e-02 5.116772823779193458e-02 2.123142250530785633e-04
1.416666666666666630e-01 1.163043478260869651e-01 8.731884057971014967e-02 2.576086956521738691e-01 1.054347826086956541e-01 3.623188405797101493e-04 1.485507246376811460e-02 1.344202898550724556e-01 6.920289855072464524e-02 7.282608695652174891e-02
3.246753246753246750e-04 3.928571428571428492e-02 3.246753246753246750e-04 1.626623376623376749e-01 5.551948051948052409e-02 1.006493506493506482e-02 1.561688311688311792e-01 2.954545454545454489e-02 1.139610389610389712e-01 4.321428571428571064e-01
3.370577281191806940e-02 8.398510242085661937e-02 1.862197392923650111e-04 9.702048417132216884e-02 4.487895716945996399e-02 1.826815642458100575e-01 1.862197392923650111e-04 1.342644320297951555e-01 2.143389199255121003e-01 2.087523277467411564e-01
1.131455399061032929e-01 8.497652582159624657e-02 6.150234741784037229e-02 2.117370892018779482e-01 1.600938967136150415e-01 3.009389671361502039e-01 4.694835680751174140e-04 5.164319248826291717e-03 5.680751173708920021e-02 5.164319248826291717e-03
7.638888888888889506e-03 4.236111111111110633e-02 5.624999999999999445e-02 1.534722222222222321e-01 6.944444444444444709e-04 3.541666666666666574e-02 6.944444444444444709e-04 3.131944444444444420e-01 1.326388888888888895e-01 2.576388888888889173e-01
7.142857142857142851e-04 2.928571428571428298e-02 4.357142857142856651e-02 7.857142857142857678e-03 8.642857142857142405e-02 5.785714285714285698e-02 7.142857142857142851e-04 7.142857142857142851e-04 2.214285714285714468e-02 7.507142857142856673e-01
6.944444444444444709e-04 2.854166666666666519e-01 1.534722222222222321e-01 6.319444444444444198e-02 2.229166666666666796e-01 6.944444444444444709e-04 1.395833333333333370e-01 7.708333333333333703e-02 1.458333333333333356e-02 4.236111111111110633e-02
5.208333333333333261e-04 8.385416666666667407e-02 5.208333333333333261e-04 5.781249999999999584e-02 6.822916666666666019e-02 1.093750000000000104e-02 7.343750000000000278e-02 5.208333333333333261e-04 7.343750000000000278e-02 6.307291666666666741e-01
2.484662576687116445e-02 1.046012269938650374e-01 3.067484662576687297e-04 1.199386503067484677e-01 9.846625766871165697e-02 3.711656441717791494e-02 7.699386503067484622e-02 3.067484662576687297e-04 3.067484662576687297e-04 5.371165644171779219e-01
5.025125628140704025e-04 5.025125628140704025e-04 5.025125628140704025e-04 4.572864321608040294e-02 1.361809045226130832e-01 5.527638190954774211e-03 1.814070351758794164e-01 5.025125628140704025e-04 5.025125628140704025e-04 6.286432160804019675e-01
3.968253968253968251e-04 2.817460317460317165e-02 4.007936507936507575e-02 6.785714285714286587e-02 2.345238095238095233e-01 3.968253968253968251e-04 3.214285714285713969e-02 4.365079365079365184e-03 3.968253968253968251e-04 5.916666666666666741e-01
1.759656652360515328e-02 4.291845493562233154e-04 4.291845493562233154e-04 3.909871244635194087e-01 8.197424892703865373e-02 1.163090128755365216e-01 4.291845493562233154e-04 3.909871244635194087e-01 4.291845493562233154e-04 4.291845493562233154e-04
2.077272727272727049e-01 8.500000000000000611e-02 7.439393939393940114e-02 4.712121212121212627e-02 7.287878787878787623e-02 1.289393939393939370e-01 7.893939393939394811e-02 2.531818181818181746e-01 3.045454545454545636e-02 2.136363636363636243e-02
2.707774798927613941e-02 3.512064343163538715e-02 6.461126005361930713e-02 9.678284182305629813e-02 1.825737265415549315e-01 1.852546916890080164e-01 5.630026809651474985e-03 3.809651474530830750e-01 2.680965147453083378e-04 2.171581769436997308e-02
1.937499999999999778e-01 4.494047619047619041e-02 1.815476190476190271e-02 4.318452380952380598e-01 5.982142857142857401e-02 8.363095238095238915e-02 2.976190476190476459e-04 1.342261904761904712e-01 3.303571428571428631e-02 2.976190476190476459e-04
2.049295774647887369e-01 7.042253521126760939e-04 2.183098591549295989e-02 7.042253521126760939e-04 7.746478873239437575e-03 2.683098591549296086e-01 7.042253521126760939e-04 2.753521126760563598e-01 1.063380281690140816e-01 1.133802816901408606e-01
3.012048192771084603e-04 4.246987951807228850e-02 1.234939759036144530e-02 2.563253012048192780e-01 1.268072289156626509e-01 5.150602409638554979e-02 4.548192771084337560e-02 1.750000000000000167e-01 3.012048192771084603e-04 2.894578313253011737e-01
4.999999999999999584e-02 2.029702970297029424e-02 7.970297029702970437e-02 2.524752475247524566e-02 1.935643564356435697e-01 4.950495049504950555e-04 4.950495049504950555e-04 1.534653465346534629e-02 4.999999999999999584e-02 5.648514851485147981e-01
4.910714285714286483e-03 4.062500000000000139e-02 1.383928571428571543e-02 1.120535714285714329e-01 1.343749999999999944e-01 4.464285714285714688e-04 4.464285714285714688e-04 4.464285714285714688e-04 4.508928571428571369e-02 6.477678571428571175e-01
4.636029411764705510e-01 6.654411764705882304e-02 3.676470588235294067e-04 3.459558823529411686e-01 4.816176470588234837e-02 1.507352941176470437e-02 4.044117647058823907e-03 2.242647058823529424e-02 3.345588235294117557e-02 3.676470588235294067e-04
3.678756476683937848e-02 5.181347150259068201e-04 1.606217616580311175e-02 5.699481865284975780e-03 9.896373056994821338e-02 3.787564766839378594e-01 5.181347150259068201e-04 2.647668393782383611e-01 9.378238341968914149e-02 1.041450777202072714e-01
1.532786885245901731e-01 6.857923497267759405e-02 3.306010928961748696e-02 1.204918032786885251e-01 1.478142076502732272e-01 1.396174863387978082e-01 2.732240437158469943e-04 2.762295081967213184e-01 3.579234972677595300e-02 2.486338797814207496e-02
4.039735099337748297e-02 8.675496688741721196e-02 6.622516556291390723e-04 4.377483443708609090e-01 3.052980132450331396e-01 6.622516556291390723e-04 4.039735099337748297e-02 4.701986754966887283e-02 4.039735099337748297e-02 6.622516556291390723e-04
4.237288135593220758e-04 5.127118644067796271e-02 4.279661016949152380e-02 3.605932203389830004e-01 2.461864406779661063e-01 1.313559322033898413e-02 5.550847457627118564e-02 3.855932203389830087e-02 1.402542372881356025e-01 5.127118644067796271e-02
4.524886877828055028e-04 4.524886877828055028e-04 2.307692307692307820e-02 7.737556561085974505e-02 1.814479638009049989e-01 1.542986425339366863e-01 4.524886877828055028e-04 4.167420814479638191e-01 6.832579185520362697e-02 7.737556561085974505e-02
4.056224899598393635e-02 4.016064257028112623e-04 7.670682730923694681e-02 2.449799196787148456e-02 2.253012048192771233e-01 4.016064257028112623e-04 4.016064257028112623e-04 4.016064257028112623e-04 4.417670682730924156e-03 6.269076305220883105e-01
9.048780487804877759e-02 3.682926829268292485e-02 1.636585365853658325e-01 2.002439024390243738e-01 3.926829268292682945e-02 2.439024390243902708e-04 2.075609756097560876e-01 9.292682926829268220e-02 1.173170731707317144e-01 5.146341463414634554e-02
4.032258064516129029e-04 2.947580645161290147e-01 6.895161290322580905e-02 1.092741935483871052e-01 6.491935483870968360e-02 3.669354838709677075e-02 1.737903225806451679e-01 4.032258064516129029e-04 2.504032258064516347e-01 4.032258064516129029e-04
9.174311926605505096e-04 3.761467889908256396e-02 1.009174311926605561e-02 1.293577981651376219e-01 9.174311926605505096e-04 4.045871559633027470e-01 9.174311926605505096e-04 1.660550458715596422e-01 2.844036697247706580e-02 2.211009174311926728e-01
1.281007751937984496e-01 2.926356589147286608e-02 2.926356589147286608e-02 4.323643410852713309e-01 7.771317829457365101e-02 1.901162790697674410e-01 1.937984496124030981e-04 4.282945736434108641e-02 6.802325581395349263e-02 2.131782945736434079e-03
1.282051282051282050e-03 1.282051282051282050e-03 1.282051282051282050e-03 3.346153846153846478e-01 1.282051282051282050e-03 1.935897435897435959e-01 1.282051282051282050e-03 3.089743589743589869e-01 1.410256410256410450e-02 1.423076923076923017e-01
8.849557522123894767e-04 4.513274336283185778e-02 2.743362831858407042e-02 8.849557522123894767e-04 1.247787610619468940e-01 2.575221238938052992e-01 8.849557522123894767e-04 4.256637168141593208e-01 8.849557522123894767e-04 1.159292035398230003e-01
1.494047619047619013e-01 5.952380952380952918e-04 5.952380952380952918e-04 4.470238095238094900e-01 6.011904761904761363e-02 1.315476190476190521e-01 5.416666666666666158e-02 1.434523809523809701e-01 1.250000000000000069e-02 5.952380952380952918e-04
1.992110453648915022e-02 1.794871794871794740e-02 8.106508875739645847e-02 2.309664694280078867e-01 4.950690335305719947e-02 2.112426035502958377e-01 1.972386587771203363e-04 2.270216962524654603e-01 7.514792899408284654e-02 8.698224852071005653e-02
7.284768211920530229e-03 9.337748344370860876e-02 6.622516556291390723e-04 1.662251655629139180e-01 1.794701986754967116e-01 7.350993377483443225e-02 3.649006622516556275e-01 7.350993377483443225e-02 6.622516556291390723e-04 4.039735099337748297e-02
1.064705882352941224e-01 4.176470588235293990e-02 1.535294117647058865e-01 8.294117647058822651e-02 1.064705882352941224e-01 2.999999999999999889e-02 3.947058823529411287e-01 5.882352941176471157e-04 6.529411764705882193e-02 1.823529411764705788e-02
4.387351778656127521e-02 1.189723320158103115e-01 4.347826086956522659e-03 2.691699604743083563e-01 1.268774703557312700e-01 5.968379446640317137e-02 5.177865612648222676e-02 3.007905138339921347e-01 3.952569169960475342e-04 2.411067193675889633e-02
1.224358974358974450e-01 1.416666666666666630e-01 6.410256410256410251e-04 2.570512820512820817e-01 1.865384615384615419e-01 8.397435897435896746e-02 3.269230769230768718e-02 1.737179487179487392e-01 6.410256410256410251e-04 6.410256410256410251e-04
2.440191387559808439e-02 5.789473684210526272e-02 2.918660287081339608e-02 1.961722488038277271e-02 2.588516746411483327e-01 4.784688995215311143e-04 4.784688995215311143e-04 4.784688995215311143e-04 4.784688995215311143e-04 6.081339712918659712e-01
8.130081300813008123e-04 2.520325203252032562e-02 7.398373983739836568e-02 3.178861788617886042e-01 1.390243902439024515e-01 3.333333333333333287e-02 2.772357723577235644e-01 8.943089430894309369e-03 1.227642276422764162e-01 8.130081300813008123e-04
1.217741935483870885e-01 1.298387096774193672e-01 8.064516129032258058e-04 3.798387096774193394e-01 8.064516129032258058e-04 4.919354838709676797e-02 8.064516129032258058e-04 1.782258064516129281e-01 8.064516129032258058e-04 1.379032258064516181e-01
6.294642857142856984e-02 4.508928571428571369e-02 4.464285714285714688e-04 4.022321428571428159e-01 8.973214285714285754e-02 6.741071428571428215e-02 2.236607142857142960e-01 3.169642857142856984e-02 7.633928571428572063e-02 4.464285714285714688e-04
4.102362204724409600e-01 1.346456692913385877e-01 1.425196850393700976e-01 1.425196850393700976e-01 8.740157480314959815e-02 7.874015748031497038e-04 7.874015748031497038e-04 2.440944881889763746e-02 7.874015748031497038e-04 5.590551181102362127e-02
6.568047337278105913e-02 1.721893491124260323e-01 5.917159763313609546e-04 1.958579881656804800e-01 4.201183431952662528e-02 4.201183431952662528e-02 5.917159763313609546e-04 3.201183431952662750e-01 1.834319526627219143e-02 1.426035502958580004e-01
7.533039647577093045e-02 9.295154185022026783e-02 1.546255506607929486e-01 2.030837004405286472e-01 1.017621145374449365e-01 2.246696035242290446e-02 2.687224669603524227e-02 1.281938325991189565e-01 1.942731277533039647e-01 4.405286343612334994e-04
3.660256410256410575e-01 6.410256410256410251e-04 6.410256410256410251e-04 3.019230769230769051e-01 3.910256410256410242e-02 2.057692307692307876e-01 1.346153846153846229e-02 6.474358974358973562e-02 6.410256410256410251e-04 7.051282051282052252e-03
3.470790378006873012e-02 5.532646048109966103e-02 8.969072164948453663e-02 1.034364261168384952e-01 7.594501718213059194e-02 1.343642611683848742e-01 2.783505154639175083e-02 4.092783505154639068e-01 3.127147766323024047e-02 3.814432989690721282e-02
2.715231788079469979e-02 3.317880794701986713e-01 6.622516556291390723e-04 6.622516556291390723e-04 5.364238410596026269e-02 9.999999999999999167e-02 6.622516556291390723e-04 3.119205298013245087e-01 6.622516556291390723e-04 1.728476821192053148e-01
1.178030303030303122e-01 3.787878787878787876e-04 3.787878787878787876e-04 1.632575757575757680e-01 9.128787878787879284e-02 1.859848484848485028e-01 3.787878787878787876e-04 3.640151515151515138e-01 5.719696969696969752e-02 1.931818181818181768e-02
8.695652173913043801e-04 2.695652173913043459e-02 1.826086956521739274e-02 4.791304347826086940e-01 1.400000000000000133e-01 7.043478260869565077e-02 1.226086956521739157e-01 1.400000000000000133e-01 8.695652173913043801e-04 8.695652173913043801e-04
9.017094017094018366e-02 4.273504273504274043e-04 4.273504273504274043e-04 5.260683760683760868e-01 1.243589743589743751e-01 4.273504273504274043e-04 4.273504273504274043e-04 1.713675213675213971e-01 2.179487179487179724e-02 6.452991452991453658e-02
1.493887530562347243e-01 2.689486552567237239e-03 3.202933985330073258e-02 3.718826405867970419e-01 5.158924205378973699e-02 1.542787286063569685e-01 1.002444987775060956e-02 2.276283618581906865e-01 2.444987775061125009e-04 2.444987775061125009e-04
1.935622317596566722e-01 6.909871244635193421e-02 2.236051502145922909e-01 1.892703862660944369e-01 4.763948497854077202e-02 9.012875536480686317e-03 1.163090128755364799e-01 1.120171673819742586e-01 3.476394849785407332e-02 4.721030042918455440e-03
3.297002724795640438e-02 4.659400544959128171e-02 2.997275204359673480e-03 1.201634877384196165e-01 6.839237057220709515e-02 1.446866485013623971e-01 4.386920980926430763e-02 4.931880108991826273e-02 1.882833787465939823e-01 3.027247956403269491e-01
1.041666666666666652e-03 2.187500000000000208e-02 1.041666666666666652e-03 5.114583333333333481e-01 1.052083333333333343e-01 1.052083333333333343e-01 1.041666666666666652e-03 2.197916666666666907e-01 1.041666666666666652e-03 3.229166666666666990e-02
2.501798561151079014e-01 3.419064748201438575e-01 6.852517985611511486e-02 1.152877697841726556e-01 4.874100719424460937e-02 4.154676258992805876e-02 3.776978417266187160e-03 5.593525179856115304e-02 4.514388489208633060e-02 2.895683453237410387e-02
9.138755980861246186e-02 1.583732057416268324e-01 4.784688995215311685e-04 3.688995215311005049e-01 1.153110047846890168e-01 4.784688995215311685e-04 5.311004784688995450e-02 1.105263157894737086e-01 1.009569377990430783e-01 4.784688995215311685e-04
5.747126436781609116e-04 5.747126436781609116e-04 5.747126436781609116e-04 2.649425287356321768e-01 1.672413793103448287e-01 6.321839080459770895e-03 3.505747126436781214e-02 1.781609195402298826e-02 1.499999999999999944e-01 3.568965517241379226e-01
1.022526146419951709e-01 6.122284794851166195e-02 2.421560740144811097e-02 3.547868061142397250e-02 6.516492357200321869e-03 5.133547868061142383e-01 2.493966210780369959e-03 1.529364440868865582e-01 3.708769106999195569e-02 6.444086886564762140e-02
1.929577464788732599e-01 8.967136150234743253e-02 3.333333333333333287e-02 4.042253521126760729e-01 4.272300469483568397e-02 1.924882629107981316e-02 4.694835680751174682e-04 1.600938967136150415e-01 5.680751173708920715e-02 4.694835680751174682e-04
1.282051282051282050e-03 1.282051282051282050e-03 1.410256410256410450e-02 1.166666666666666685e-01 1.423076923076923017e-01 2.064102564102564263e-01 1.551282051282051322e-01 1.423076923076923017e-01 2.192307692307692568e-01 1.282051282051282050e-03
7.105263157894736725e-02 8.771929824561403672e-04 9.649122807017544365e-03 3.429824561403508887e-01 8.771929824561403672e-04 2.728070175438596645e-01 3.596491228070174823e-02 2.026315789473684403e-01 6.228070175438596423e-02 8.771929824561403672e-04
8.272727272727271874e-02 9.090909090909090901e-04 5.545454545454545081e-02 9.181818181818181268e-02 9.090909090909090901e-04 3.645454545454545614e-01 9.090909090909090901e-04 2.827272727272727160e-01 1.909090909090909241e-02 1.009090909090909066e-01
7.949709864603482501e-02 2.147001934235976892e-02 1.934235976789168508e-04 2.458413926499032898e-01 3.500967117988394717e-02 1.491295938104448549e-01 1.934235976789168508e-04 4.489361702127659393e-01 1.953578336557059911e-02 1.934235976789168508e-04
1.129310344827586243e-01 8.620689655172414758e-04 8.620689655172414758e-04 4.318965517241379337e-01 9.568965517241379004e-02 1.474137931034482929e-01 8.620689655172414758e-04 8.620689655172414758e-04 8.706896551724137290e-02 1.215517241379310276e-01
2.659176029962546581e-02 6.779026217228464879e-02 1.161048689138576874e-02 1.988764044943820142e-01 1.464419475655430736e-01 1.801498127340823985e-01 3.745318352059925243e-04 3.299625468164793518e-01 3.408239700374531694e-02 4.119850187265917604e-03
1.329931972789115679e-01 7.142857142857143501e-03 7.517006802721089287e-02 3.370748299319727970e-01 2.755102040816326259e-02 1.261904761904761862e-01 6.836734693877551117e-02 2.248299319727891099e-01 3.401360544217687382e-04 3.401360544217687382e-04
9.406250000000000722e-02 5.031250000000000305e-02 3.125000000000000065e-04 2.503124999999999933e-01 3.781249999999999889e-02 2.159374999999999767e-01 3.125000000000000065e-04 2.128124999999999878e-01 7.531250000000000444e-02 6.281250000000000722e-02
6.677215189873418610e-02 3.164556962025316515e-04 3.164556962025316515e-04 2.503164556962025333e-01 7.943037974683544999e-02 7.626582278481013055e-02 3.164556962025316515e-04 5.193037974683544222e-01 3.481012658227848437e-03 3.481012658227848437e-03
8.161764705882353088e-02 7.352941176470588133e-04 7.352941176470588133e-04 2.433823529411764941e-01 1.551470588235294157e-01 1.110294117647058765e-01 7.352941176470588133e-04 3.536764705882353144e-01 5.220588235294117141e-02 7.352941176470588133e-04
4.926108374384237159e-04 4.482758620689655804e-02 4.926108374384237159e-04 1.039408866995074066e-01 4.482758620689655804e-02 2.862068965517242103e-01 4.926108374384237159e-04 3.650246305418719528e-01 2.512315270935960854e-02 1.285714285714285865e-01
5.789473684210526619e-03 4.263157894736841619e-02 5.263157894736841987e-04 3.426315789473683981e-01 4.263157894736841619e-02 3.321052631578947367e-01 5.263157894736841987e-04 2.268421052631579005e-01 5.789473684210526619e-03 5.263157894736841987e-04
1.325301204819277247e-02 1.204819277108433841e-03 1.204819277108433841e-03 5.433734939759036209e-01 1.325301204819277247e-02 2.542168674698795372e-01 1.204819277108433841e-03 1.698795180722891540e-01 1.204819277108433841e-03 1.204819277108433841e-03
6.132596685082872950e-02 5.524861878453039095e-04 1.160220994475138177e-02 3.375690607734806448e-01 6.685082872928176101e-02 6.132596685082872950e-02 1.160220994475138177e-02 3.872928176795579769e-01 4.475138121546961417e-02 1.712707182320442195e-02
3.073593073593073460e-02 4.329004329004329001e-04 9.090909090909090468e-03 4.030303030303030165e-01 2.640692640692640647e-02 8.268398268398269302e-02 2.731601731601731586e-01 1.519480519480519431e-01 2.207792207792207487e-02 4.329004329004329001e-04
1.740406320541760532e-01 9.729119638826184968e-02 2.462753950338600339e-01 1.040632054176072324e-01 9.503386004514673135e-02 2.279909706546275408e-02 1.198645598194131023e-01 3.634311512415350220e-02 1.040632054176072324e-01 2.257336343115124290e-04
1.911016949152542777e-01 4.237288135593221300e-04 4.237288135593221300e-04 2.631355932203390258e-01 4.279661016949153074e-02 5.974576271186441551e-02 2.161016949152542652e-02 4.199152542372881491e-01 4.237288135593221300e-04 4.237288135593221300e-04
4.640522875816992937e-02 6.535947712418301286e-04 6.535947712418301286e-04 6.084967320261437385e-01 6.601307189542483800e-02 1.836601307189542620e-01 6.535947712418301286e-04 7.254901960784312931e-02 2.026143790849673290e-02 6.535947712418301286e-04
4.098360655737705457e-04 4.508196721311476599e-03 4.139344262295082538e-02 1.766393442622951060e-01 2.750000000000000222e-01 6.188524590163935191e-02 4.098360655737705457e-04 3.897540983606557763e-01 2.909836065573770739e-02 2.090163934426229539e-02
3.717472118959108283e-04 3.754646840148698900e-02 5.985130111524163826e-02 7.472118959107806879e-02 1.416356877323420027e-01 4.498141263940520079e-02 3.717472118959108283e-04 8.215613382899629447e-02 1.342007434944237909e-01 4.241635687732341897e-01
6.288659793814432852e-02 1.030927835051546415e-03 1.030927835051546415e-03 2.072164948453608380e-01 6.288659793814432852e-02 2.278350515463917758e-01 1.030927835051546415e-03 9.381443298969072142e-02 8.350515463917525250e-02 2.587628865979381687e-01
6.036866359447004560e-02 8.801843317972350700e-02 4.608294930875576033e-04 1.202764976958525384e-01 8.341013824884793704e-02 4.608294930875576033e-04 1.889400921658986043e-02 4.608294930875576033e-04 7.880184331797235320e-02 5.488479262672810721e-01
1.654255319148936199e-01 3.776595744680850963e-02 5.319148936170212854e-04 3.356382978723404520e-01 9.627659574468086512e-02 5.904255319148935671e-02 4.308510638297872314e-02 2.132978723404255483e-01 5.319148936170212854e-04 4.840425531914893664e-02
5.107913669064748086e-02 7.194244604316546920e-04 3.669064748201438658e-02 2.093525179856115248e-01 2.949640287769783945e-02 9.424460431654675674e-02 7.194244604316546920e-04 7.985611510791366940e-02 1.877697841726618799e-01 3.100719424460431917e-01
2.922619047619047783e-01 1.845238095238095274e-02 2.029761904761904767e-01 2.505952380952380931e-01 4.821428571428570953e-02 1.494047619047619013e-01 5.952380952380952918e-04 5.952380952380952918e-04 3.630952380952380543e-02 5.952380952380952918e-04
3.705289672544080370e-01 2.518891687657430663e-04 6.574307304785895201e-02 2.168765743073047814e-01 6.574307304785895201e-02 1.413098236775818806e-01 3.551637279596977365e-02 7.581863979848867119e-02 2.795969773299748079e-02 2.518891687657430663e-04
4.605809128630706378e-02 4.149377593360996830e-04 8.713692946058093289e-03 3.531120331950208246e-01 7.095435684647305452e-02 7.095435684647305452e-02 2.946058091286307690e-02 4.195020746887967444e-01 4.149377593360996830e-04 4.149377593360996830e-04
3.178294573643410809e-02 7.751937984496123923e-04 7.751937984496123923e-04 1.713178294573643456e-01 1.170542635658914643e-01 1.945736434108527313e-01 7.751937984496123923e-04 4.813953488372093026e-01 7.751937984496123923e-04 7.751937984496123923e-04
4.184100418410042674e-04 4.184100418410042674e-04 4.184100418410042674e-04 5.899581589958159678e-02 1.426778242677824438e-01 2.012552301255230436e-01 4.184100418410042674e-04 5.066945606694560622e-01 5.899581589958159678e-02 2.970711297071130033e-02
8.589211618257261427e-02 5.684647302904564242e-02 1.383125864453665249e-04 1.052558782849239150e-01 1.673582295988934945e-02 1.315352697095435730e-01 1.232365145228215692e-01 8.437067773167357745e-03 4.081604426002766739e-01 6.376210235131396509e-02
1.537280701754385748e-01 3.750000000000000555e-02 2.192982456140350918e-04 1.668859649122806932e-01 8.574561403508772217e-02 7.478070175438596146e-02 2.192982456140350918e-04 4.124999999999999778e-01 6.820175438596491613e-02 2.192982456140350918e-04
1.183031458531935143e-01 6.491897044804574579e-02 9.532888465204957884e-05 1.202097235462345065e-01 7.445185891325070693e-02 8.684461391801714947e-02 9.532888465204957884e-05 4.653002859866539609e-01 3.822688274547188236e-02 3.155386081982840957e-02
1.049019607843137275e-01 4.934640522875816809e-02 3.267973856209150643e-04 1.506535947712418222e-01 9.183006535947713100e-02 8.856209150326797841e-02 3.267973856209150643e-04 4.741830065359476931e-01 3.954248366013071725e-02 3.267973856209150643e-04
8.713692946058093289e-03 4.190871369294606186e-02 4.149377593360996830e-04 1.124481327800830044e-01 1.165975103734439994e-01 2.161825726141079207e-01 1.286307053941908828e-02 3.116182572614107915e-01 1.286307053941908828e-02 1.663900414937759531e-01
9.526627218934911878e-02 3.609467455621301335e-02 5.917159763313609546e-04 1.899408284023668680e-01 5.917159763313609546e-04 1.958579881656804800e-01 1.485207100591716123e-01 2.426035502958579643e-02 9.526627218934911878e-02 2.136094674556213158e-01
2.388379204892966123e-01 4.923547400611621300e-02 3.058103975535168546e-04 3.703363914373088428e-01 1.559633027522935693e-02 7.675840978593272135e-02 1.865443425076452472e-02 1.776758409785932635e-01 5.229357798165137905e-02 3.058103975535168546e-04
1.038277511961722410e-01 5.917065390749601250e-02 1.610845295055821427e-02 1.325358851674641181e-01 1.054226475279106817e-01 1.452950558213715881e-01 1.754385964912280951e-03 4.180223285486443507e-01 1.594896331738436957e-04 1.770334928229665150e-02
6.529411764705883581e-02 8.294117647058824039e-02 5.882352941176472241e-04 5.941176470588235836e-02 6.529411764705883581e-02 2.005882352941176783e-01 5.882352941176472241e-04 4.241176470588235436e-01 8.294117647058824039e-02 1.823529411764706135e-02
5.017793594306049765e-02 2.882562277580071053e-02 1.035587188612099724e-01 1.818505338078291733e-01 1.071174377224199392e-01 1.640569395017793530e-01 3.558718861209964664e-04 3.633451957295373291e-01 3.558718861209964664e-04 3.558718861209964664e-04
8.474576271186442600e-04 8.474576271186442600e-04 8.474576271186442600e-04 3.474576271186440718e-02 2.627118644067797174e-02 1.025423728813559393e-01 8.474576271186442600e-04 7.042372881355932757e-01 6.016949152542373086e-02 6.864406779661016977e-02
8.029197080291971059e-03 6.642335766423357324e-02 1.175182481751824853e-01 2.416058394160583989e-01 1.248175182481751910e-01 7.299270072992701357e-04 5.912408759124087448e-02 1.467153284671532942e-01 2.343065693430657070e-01 7.299270072992701357e-04
