3.321100917431191873e-02 1.834862385321100369e-04 5.889908256880731913e-02 2.403669724770641017e-02 9.357798165137610688e-03 1.302752293577981099e-02 1.834862385321100369e-04 1.834862385321100369e-04 9.357798165137610688e-03 1.834862385321100369e-04 2.036697247706421160e-02 1.834862385321100369e-04 4.111926605504585552e-01 9.357798165137610688e-03 2.770642201834861221e-02 6.807339449541281728e-02 1.834862385321100369e-04 1.834862385321100369e-04 6.440366972477061525e-02 2.018348623853210514e-03 8.642201834862381360e-02 4.788990825688071995e-02 6.073394495412842015e-02 1.834862385321100369e-04 1.119266055045870997e-02 1.834862385321100369e-04 3.504587155963301282e-02 1.834862385321100369e-04 1.834862385321100369e-04 5.688073394495410384e-03
3.389830508474577040e-04 3.389830508474577040e-04 3.389830508474577040e-04 3.389830508474577040e-04 1.050847457627118904e-02 3.389830508474577040e-04 3.389830508474577040e-04 3.389830508474577040e-04 3.389830508474577040e-04 3.423728813559322876e-02 3.389830508474577040e-04 1.389830508474576391e-02 3.389830508474577040e-04 4.440677966101695684e-02 3.389830508474577040e-04 1.054237288135593531e-01 6.813559322033900523e-02 3.389830508474577040e-04 3.389830508474577040e-04 3.389830508474577040e-04 6.474576271186442689e-02 1.223728813559322309e-01 3.389830508474577040e-04 1.325423728813559521e-01 3.389830508474577040e-04 3.389830508474577040e-04 3.389830508474577040e-04 3.389830508474577040e-04 3.389830508474577040e-04 3.969491525423729517e-01
4.385964912280701836e-04 2.416666666666666685e-01 4.385964912280701836e-04 4.385964912280701836e-04 1.364035087719298323e-01 2.236842105263157909e-02 4.385964912280701836e-04 1.100877192982456232e-01 4.385964912280701836e-04 4.385964912280701836e-04 9.210526315789474561e-03 9.210526315789474561e-03 4.385964912280701836e-04 4.385964912280701836e-04 4.385964912280701836e-04 5.745614035087719118e-02 4.385964912280701836e-04 4.385964912280701836e-04 4.385964912280701836e-04 6.184210526315789269e-02 6.184210526315789269e-02 7.938596491228071261e-02 3.114035087719298212e-02 4.385964912280701836e-04 4.385964912280701836e-04 5.307017543859648967e-02 6.622807017543859420e-02 2.675438596491228060e-02 4.385964912280701836e-04 2.675438596491228060e-02
3.571428571428571425e-04 3.571428571428571425e-04 7.500000000000000590e-03 1.464285714285714149e-02 7.178571428571428603e-02 3.928571428571428839e-03 3.571428571428571425e-04 1.217857142857142888e-01 3.571428571428571425e-04 1.464285714285714149e-02 3.571428571428571425e-04 7.500000000000000590e-03 3.571428571428571425e-04 9.678571428571429436e-02 3.571428571428571425e-04 1.464285714285714149e-02 9.321428571428572174e-02 3.571428571428571425e-04 7.500000000000000590e-03 3.571428571428571425e-04 8.250000000000000389e-02 3.250000000000000111e-02 2.892857142857142849e-02 1.464285714285714149e-02 3.571428571428571425e-04 3.571428571428571425e-04 3.571428571428571425e-04 1.464285714285714149e-02 7.500000000000000590e-03 3.610714285714285432e-01
5.019157088122606220e-02 3.831417624521074009e-04 3.831417624521074009e-04 3.831417624521074009e-04 1.038314176245210968e-01 3.831417624521074009e-04 3.831417624521074009e-04 3.831417624521074009e-04 3.831417624521074009e-04 3.831417624521074009e-04 4.214559386973181464e-03 4.252873563218391439e-02 3.103448275862069616e-02 3.831417624521074009e-04 3.831417624521074009e-04 4.214559386973181464e-03 3.831417624521074009e-04 3.831417624521074009e-04 3.831417624521074009e-04 4.214559386973181464e-03 3.831417624521074009e-04 3.831417624521074009e-04 5.022988505747126853e-01 3.103448275862069616e-02 3.831417624521074009e-04 8.045977011494254497e-03 3.831417624521074009e-04 2.337164750957854836e-02 1.000000000000000333e-01 8.850574712643680120e-02
4.504504504504505116e-04 4.504504504504505116e-04 4.954954954954956386e-03 1.445945945945946165e-01 4.504504504504505116e-04 4.504504504504505116e-04 4.504504504504505116e-04 1.846846846846847065e-02 4.549549549549550265e-02 4.504504504504505116e-04 5.900900900900901691e-02 1.130630630630630878e-01 4.504504504504505116e-04 4.504504504504505116e-04 1.846846846846847065e-02 4.504504504504505116e-04 3.198198198198198144e-02 4.504504504504505116e-04 4.504504504504505116e-04 4.954954954954956386e-03 9.954954954954957358e-02 4.504504504504505116e-04 6.801801801801803105e-02 3.198198198198198144e-02 1.846846846846847065e-02 4.504504504504505116e-04 2.481981981981982444e-01 8.603603603603605932e-02 4.504504504504505116e-04 4.504504504504505116e-04
4.608294930875577659e-04 4.608294930875577659e-04 4.608294930875577659e-04 2.032258064516129503e-01 4.608294930875577659e-04 4.608294930875577659e-04 4.608294930875577659e-04 2.350230414746544080e-02 4.608294930875577659e-04 4.608294930875577659e-04 6.036866359447005947e-02 1.894009216589862266e-01 4.608294930875577659e-04 4.608294930875577659e-04 2.811059907834102117e-02 3.732718894009217497e-02 5.576036866359448257e-02 4.608294930875577659e-04 4.608294930875577659e-04 9.677419354838711837e-03 4.608294930875577659e-04 4.608294930875577659e-04 2.170506912442397018e-01 4.608294930875577659e-04 5.069124423963135805e-03 2.350230414746544080e-02 1.387096774193548876e-01 4.608294930875577659e-04 4.608294930875577659e-04 4.608294930875577659e-04
2.310606060606060566e-02 3.787878787878787876e-04 3.787878787878787876e-04 4.166666666666666609e-03 6.477272727272727348e-02 3.787878787878787876e-04 3.446969696969696961e-02 4.890151515151515138e-01 3.787878787878787876e-04 9.507575757575757736e-02 7.992424242424242542e-02 3.787878787878787876e-04 3.787878787878787876e-04 3.787878787878787876e-04 3.787878787878787876e-04 3.787878787878787876e-04 4.204545454545454558e-02 3.787878787878787876e-04 3.787878787878787876e-04 3.787878787878787876e-04 3.787878787878787876e-04 1.553030303030302969e-02 6.098484848484848897e-02 3.787878787878787876e-04 2.689393939393939365e-02 4.166666666666666609e-03 7.954545454545455460e-03 2.689393939393939365e-02 1.553030303030302969e-02 4.166666666666666609e-03
8.267716535433072486e-03 3.937007874015748519e-04 3.937007874015748519e-04 3.976377952755905804e-02 4.330708661417323642e-03 3.937007874015748519e-04 3.937007874015748519e-04 1.933070866141732569e-01 3.937007874015748519e-04 1.614173228346456671e-02 3.937007874015748519e-04 3.937007874015748519e-04 3.937007874015748519e-04 8.267716535433072486e-03 3.937007874015748519e-04 3.937007874015748519e-04 2.090551181102362488e-01 3.937007874015748519e-04 3.937007874015748519e-04 3.937007874015748519e-04 8.700787401574804070e-02 3.937007874015748519e-04 2.007874015748031468e-02 1.220472440944882046e-02 2.007874015748031468e-02 1.145669291338582835e-01 8.267716535433072486e-03 7.913385826771654474e-02 3.937007874015748519e-04 1.736220472440945239e-01
4.950495049504951639e-04 4.950495049504951639e-04 4.950495049504951639e-04 5.495049504950496461e-02 5.445544554455447779e-03 4.950495049504951639e-04 4.950495049504951639e-04 4.950495049504951639e-04 7.970297029702973213e-02 4.950495049504951639e-04 6.980198019801982234e-02 4.950495049504951639e-04 4.950495049504951639e-04 5.000000000000000971e-02 4.950495049504951639e-04 2.529702970297030284e-01 6.485148514851486745e-02 5.495049504950496461e-02 1.391089108910891492e-01 2.524752475247525260e-02 4.950495049504951639e-04 4.950495049504951639e-04 6.485148514851486745e-02 4.950495049504951639e-04 1.039603960396040007e-02 5.445544554455447779e-03 1.094059405940594476e-01 5.445544554455447779e-03 4.950495049504951639e-04 4.950495049504951639e-04
3.401360544217687382e-04 3.401360544217687382e-04 1.054421768707483088e-02 3.741496598639456120e-03 1.431972789115646405e-01 3.401360544217687382e-04 3.401360544217687382e-04 8.197278911564626069e-02 3.401360544217687382e-04 7.176870748299320202e-02 3.401360544217687382e-04 9.217687074829931937e-02 3.401360544217687382e-04 4.795918367346938688e-02 4.455782312925169603e-02 3.401360544217687382e-04 3.401360544217687382e-04 3.401360544217687382e-04 3.741496598639456120e-03 3.401360544217687382e-04 9.217687074829931937e-02 8.537414965986395154e-02 7.857142857142856984e-02 3.401360544217687382e-04 3.401360544217687382e-04 7.142857142857143501e-03 3.741496598639456120e-03 3.401360544217687382e-04 3.401360544217687382e-04 2.282312925170067730e-01
3.623188405797099325e-04 3.623188405797099325e-04 3.623188405797099325e-04 1.489130434782607870e-01 8.731884057971009416e-02 3.623188405797099325e-04 3.623188405797099325e-04 9.094202898550719782e-02 3.623188405797099325e-04 3.623188405797099325e-04 6.195652173913040323e-02 3.623188405797099325e-04 3.623188405797099325e-04 3.623188405797099325e-04 7.608695652173909016e-03 3.623188405797099325e-04 1.235507246376810891e-01 3.623188405797099325e-04 7.282608695652169339e-02 2.141304347826085697e-01 3.623188405797099325e-04 3.985507246376809691e-03 4.384057971014489880e-02 3.623188405797099325e-04 9.456521739130428761e-02 3.623188405797099325e-04 3.985507246376809691e-03 4.021739130434780207e-02 3.623188405797099325e-04 3.623188405797099325e-04
2.890173410404625544e-04 2.890173410404625544e-04 2.890173410404625544e-04 2.890173410404625544e-04 2.170520231213873275e-01 2.890173410404625544e-04 3.179190751445088153e-03 2.026011560693642133e-01 2.890173410404625544e-04 2.890173410404625544e-04 3.179190751445088153e-03 2.890173410404625544e-04 8.959537572254337723e-03 2.890173410404625544e-04 2.919075144508671490e-02 2.052023121387283947e-02 2.052023121387283947e-02 2.890173410404625544e-04 2.890173410404625544e-04 2.890173410404625544e-04 3.179190751445088153e-03 3.497109826589596404e-02 9.277456647398847622e-02 2.890173410404625544e-04 2.890173410404625544e-04 3.497109826589596404e-02 2.890173410404625544e-04 2.890173410404625544e-04 2.890173410404625544e-04 3.239884393063584556e-01
4.405286343612334994e-04 4.405286343612334994e-04 4.405286343612334994e-04 2.559471365638766316e-01 4.845814977973568818e-03 4.845814977973568818e-03 1.365638766519823750e-02 5.770925110132158614e-02 2.687224669603524227e-02 4.405286343612334994e-04 4.405286343612334994e-04 4.405286343612334994e-04 4.405286343612334994e-04 4.405286343612334994e-04 8.414096916299559914e-02 1.546255506607929486e-01 4.405286343612334994e-04 4.405286343612334994e-04 1.590308370044052899e-01 4.405286343612334994e-04 4.889867841409691746e-02 4.845814977973568818e-03 1.061674008810572778e-01 4.405286343612334994e-04 4.405286343612334994e-04 9.251101321585903162e-03 4.405286343612334994e-04 2.687224669603524227e-02 2.246696035242290446e-02 1.365638766519823750e-02
8.045977011494254497e-03 3.831417624521074009e-04 3.831417624521074009e-04 6.551724137931036474e-02 1.187739463601532840e-02 3.831417624521074009e-04 3.831417624521074009e-04 2.417624521072797572e-01 3.831417624521074009e-04 8.045977011494254497e-03 3.831417624521074009e-04 3.831417624521074009e-04 1.187739463601532840e-02 3.103448275862069616e-02 2.720306513409962226e-02 1.187739463601532840e-02 6.934865900383144210e-02 3.831417624521074009e-04 3.831417624521074009e-04 1.954022988505747446e-02 4.214559386973181464e-03 3.831417624521074009e-04 1.881226053639847295e-01 4.214559386973181464e-03 1.570881226053640056e-02 1.187739463601532840e-02 3.831417624521074009e-04 1.000000000000000333e-01 3.831417624521074009e-04 1.651340996168582653e-01
3.597122302158274544e-04 3.597122302158274544e-04 3.597122302158274544e-04 3.597122302158274544e-04 1.982014388489209133e-01 3.597122302158274544e-04 3.956834532374101619e-03 1.946043165467626346e-01 3.597122302158274544e-04 1.115107913669064962e-02 1.046762589928057763e-01 3.597122302158274544e-04 3.273381294964029103e-02 3.597122302158274544e-04 3.597122302158274544e-04 1.115107913669064962e-02 3.597122302158274544e-04 3.597122302158274544e-04 3.597122302158274544e-04 3.597122302158274544e-04 2.194244604316547206e-02 3.597122302158274544e-04 7.230215827338130896e-02 3.597122302158274544e-04 1.115107913669064962e-02 3.597122302158274544e-04 1.115107913669064962e-02 3.633093525179856981e-02 3.597122302158274544e-04 2.845323741007194651e-01
3.861003861003862070e-04 3.861003861003862070e-04 3.861003861003862070e-04 3.899613899613900425e-02 3.127413127413127686e-02 3.861003861003862070e-04 3.861003861003862070e-04 3.362934362934363319e-01 3.861003861003862070e-04 3.861003861003862070e-04 3.861003861003862070e-04 3.861003861003862070e-04 5.057915057915059187e-02 3.861003861003862070e-04 8.108108108108110293e-03 3.861003861003862070e-04 1.196911196911197225e-02 3.861003861003862070e-04 3.861003861003862070e-04 3.861003861003862070e-04 3.861003861003862070e-04 3.513513513513514402e-02 2.243243243243243923e-01 3.861003861003862070e-04 3.861003861003862070e-04 3.861003861003862070e-04 3.861003861003862070e-04 3.861003861003862070e-04 3.861003861003862070e-04 2.552123552123552463e-01
6.339468302658485092e-03 2.044989775051124503e-04 2.044989775051124503e-04 2.044989775051124503e-04 2.128834355828220226e-01 2.249488752556236953e-03 2.044989775051124503e-04 9.427402862985682919e-02 3.496932515337422553e-02 2.044989775051124503e-04 2.044989775051124503e-04 2.249488752556236953e-03 9.222903885480571162e-02 8.200408997955008217e-02 2.044989775051124503e-04 4.519427402862984805e-02 1.042944785276073323e-02 2.044989775051124503e-04 4.294478527607361457e-03 2.044989775051124503e-04 7.177914110429446659e-02 2.044989775051124503e-04 7.995910020449896460e-02 2.044989775051124503e-04 3.292433537832310103e-02 2.249488752556236953e-03 2.678936605316972752e-02 6.155419222903884408e-02 2.044989775051124503e-04 1.351738241308793054e-01
3.405572755417957728e-03 3.095975232198143142e-04 3.095975232198143142e-04 9.597523219814243362e-03 7.461300309597525271e-02 3.095975232198143142e-04 3.095975232198143142e-04 2.170278637770897967e-01 3.095975232198143142e-04 3.095975232198143142e-04 3.095975232198143142e-04 3.405572755417957728e-03 6.501547987616100761e-03 3.095975232198143142e-04 3.405572755417957728e-03 3.095975232198143142e-04 3.436532507739938763e-02 3.095975232198143142e-04 3.405572755417957728e-03 3.095975232198143142e-04 3.095975232198143142e-04 3.095975232198143142e-04 2.263157894736842202e-01 3.095975232198143142e-04 5.913312693498453537e-02 4.365325077399381803e-02 3.095975232198143142e-04 3.095975232198143142e-04 3.095975232198143142e-04 3.099071207430341146e-01
2.575250836120401149e-02 1.114827201783723422e-04 1.114827201783723422e-04 2.352285395763656362e-02 4.470457079152730800e-02 1.114827201783723422e-04 1.114827201783723422e-04 1.874024526198438956e-01 1.114827201783723422e-04 1.906354515050167134e-02 5.362318840579709950e-02 1.114827201783723422e-04 3.455964325529542729e-03 1.114827201783723422e-04 1.114827201783723422e-04 1.226309921962095723e-03 1.114827201783723422e-04 1.114827201783723422e-04 1.114827201783723422e-04 1.114827201783723422e-04 1.114827201783723422e-04 1.114827201783723422e-04 1.472686733556298477e-01 1.114827201783723422e-04 1.227424749163879419e-01 1.460423634336677559e-02 1.571906354515049953e-02 2.463768115942028755e-02 1.114827201783723422e-04 3.144927536231884035e-01
5.813953488372094027e-04 5.813953488372094027e-04 7.616279069767442622e-02 1.691860465116279411e-01 5.813953488372094027e-04 6.395348837209303972e-03 5.813953488372094027e-04 5.813953488372094027e-04 3.546511627906977215e-02 5.813953488372094027e-04 5.813953488372094027e-04 1.168604651162790942e-01 6.453488372093024728e-02 5.813953488372094027e-04 5.813953488372094027e-04 8.779069767441861905e-02 1.459302325581395554e-01 5.813953488372094027e-04 5.813953488372094027e-04 5.813953488372094027e-04 5.813953488372094027e-04 5.813953488372094027e-04 1.459302325581395554e-01 1.220930232558139865e-02 5.813953488372094027e-04 7.616279069767442622e-02 5.813953488372094027e-04 4.709302325581395804e-02 5.813953488372094027e-04 6.395348837209303972e-03
3.787878787878787333e-04 3.787878787878787333e-04 2.689393939393938671e-02 3.787878787878787333e-04 1.215909090909090690e-01 3.787878787878787333e-04 3.787878787878787333e-04 3.374999999999999112e-01 3.787878787878787333e-04 1.405303030303030054e-01 1.443181818181817899e-01 3.787878787878787333e-04 3.787878787878787333e-04 4.166666666666665741e-03 4.204545454545453170e-02 5.340909090909089912e-02 3.787878787878787333e-04 1.553030303030302622e-02 3.787878787878787333e-04 3.787878787878787333e-04 4.583333333333332316e-02 3.787878787878787333e-04 7.954545454545453725e-03 3.787878787878787333e-04 3.787878787878787333e-04 3.825757575757574719e-02 3.787878787878787333e-04 1.553030303030302622e-02 3.787878787878787333e-04 3.787878787878787333e-04
4.166666666666664874e-03 3.787878787878786249e-04 3.787878787878786249e-04 3.787878787878786249e-04 1.140151515151514722e-01 1.553030303030302275e-02 3.787878787878786249e-04 3.787878787878786249e-04 3.787878787878786249e-04 1.556818181818181157e-01 3.787878787878786249e-04 2.689393939393937977e-02 3.787878787878786249e-04 3.787878787878786249e-04 1.897727272727272041e-01 7.954545454545451991e-03 3.787878787878786249e-04 4.204545454545452476e-02 3.787878787878786249e-04 1.935606060606059886e-01 8.749999999999996669e-02 4.204545454545452476e-02 3.787878787878786249e-04 3.787878787878786249e-04 4.166666666666664874e-03 9.886363636363632024e-02 1.174242424242423824e-02 3.787878787878786249e-04 3.787878787878786249e-04 3.787878787878786249e-04
3.311258278145694819e-04 3.311258278145694819e-04 1.688741721854304309e-02 6.953642384105959175e-03 3.311258278145694819e-04 5.993377483443707715e-02 3.311258278145694819e-04 4.006622516556290758e-02 3.344370860927151773e-02 2.682119205298012787e-02 2.718543046357615456e-01 9.304635761589402643e-02 3.311258278145694819e-04 3.311258278145694819e-04 3.311258278145694819e-04 6.655629139072846701e-02 3.311258278145694819e-04 3.311258278145694819e-04 3.311258278145694819e-04 3.311258278145694819e-04 3.311258278145694819e-04 1.625827814569536234e-01 3.311258278145694819e-04 3.311258278145694819e-04 3.311258278145694819e-04 3.013245033112581933e-02 1.327814569536423517e-01 5.331125827814568729e-02 3.311258278145694819e-04 3.311258278145694819e-04
4.435483870967743721e-03 4.032258064516130113e-04 1.697580645161290702e-01 4.032258064516130113e-04 4.032258064516130113e-04 4.032258064516130113e-04 4.032258064516130113e-04 4.032258064516130113e-04 4.032258064516130113e-04 2.862903225806451984e-02 2.862903225806451984e-02 4.032258064516130113e-04 4.032258064516130113e-04 8.467741935483873508e-03 9.314516129032260339e-02 7.298387096774196225e-02 4.032258064516130113e-04 1.250000000000000243e-02 4.032258064516130113e-04 4.032258064516130113e-04 4.883064516129033139e-01 5.282258064516130031e-02 4.032258064516130113e-04 4.435483870967743721e-03 4.032258064516130113e-04 4.032258064516130113e-04 4.032258064516130113e-04 2.862903225806451984e-02 4.032258064516130113e-04 4.032258064516130113e-04
3.389830508474574330e-04 3.389830508474574330e-04 3.389830508474574330e-04 1.664406779661015967e-01 3.389830508474574330e-04 3.389830508474574330e-04 3.084745762711862613e-02 3.389830508474574330e-04 1.728813559322032664e-02 7.118644067796606363e-03 3.389830508474574330e-04 4.440677966101692214e-02 3.389830508474574330e-04 7.491525423728809252e-02 1.664406779661015967e-01 3.389830508474574330e-04 1.050847457627118037e-02 3.389830508474574330e-04 4.779661016949149355e-02 3.020338983050845361e-01 3.389830508474574330e-04 3.389830508474574330e-04 6.813559322033894972e-02 3.389830508474574330e-04 3.389830508474574330e-04 3.389830508474574330e-04 2.067796610169490151e-02 3.762711864406777240e-02 3.389830508474574330e-04 3.389830508474574330e-04
2.840909090909090229e-04 1.164772727272726793e-02 2.840909090909090229e-04 1.394886363636363147e-01 1.025568181818181518e-01 2.840909090909090229e-04 5.965909090909089427e-03 2.474431818181817289e-01 2.840909090909090229e-04 1.164772727272726793e-02 6.562499999999998890e-02 3.721590909090907728e-02 2.840909090909090229e-04 2.301136363636362842e-02 2.840909090909090229e-04 2.869318181818180866e-02 2.840909090909090229e-04 2.840909090909090229e-04 1.196022727272726960e-01 7.414772727272725406e-02 2.840909090909090229e-04 2.840909090909090229e-04 8.806818181818179547e-03 2.840909090909090229e-04 2.840909090909090229e-04 7.698863636363634244e-02 2.840909090909090229e-04 1.164772727272726793e-02 2.840909090909090229e-04 3.153409090909090051e-02
4.629629629629630348e-04 1.435185185185185348e-02 3.750000000000000555e-02 3.287037037037037618e-02 4.629629629629630348e-04 9.305555555555557190e-02 4.629629629629630348e-04 1.393518518518518656e-01 4.629629629629630348e-04 4.212962962962963492e-02 2.550925925925926485e-01 2.824074074074074334e-02 4.629629629629630348e-04 1.435185185185185348e-02 4.629629629629630348e-04 4.629629629629630348e-04 4.629629629629630348e-04 4.675925925925926430e-02 4.629629629629630348e-04 4.629629629629630348e-04 4.629629629629630348e-04 1.162037037037037257e-01 4.629629629629630348e-04 5.138888888888889367e-02 4.629629629629630348e-04 5.138888888888889367e-02 6.064814814814815241e-02 4.629629629629630348e-04 9.722222222222224111e-03 4.629629629629630348e-04
2.217294900221728404e-04 2.217294900221728404e-04 2.217294900221728404e-04 2.217294900221728404e-04 2.217294900221728404e-04 2.217294900221728404e-04 1.110864745011085897e-01 2.217294900221728404e-04 2.217294900221728404e-04 4.656319290465629757e-03 8.669623059866958525e-02 3.569844789356983045e-02 4.235033259423501284e-02 6.452328159645229211e-02 4.456762749445674493e-02 6.230598669623056696e-02 2.217294900221728404e-04 2.217294900221728404e-04 1.022172949002216752e-01 2.217294900221728404e-04 2.485587583148557433e-01 3.126385809312636627e-02 3.126385809312636627e-02 2.217294900221728404e-04 2.217294900221728404e-04 1.796008869179599801e-02 4.235033259423501284e-02 7.117516629711748144e-02 2.217294900221728404e-04 2.217294900221728404e-04
2.371794871794871001e-02 8.760683760683757315e-03 2.350427350427349883e-03 2.136752136752136479e-04 6.858974358974358199e-02 4.508547008547007795e-02 2.136752136752136479e-04 1.711538461538461009e-01 2.136752136752136479e-04 2.136752136752136479e-04 2.459401709401708713e-01 2.136752136752136479e-04 2.136752136752136479e-04 1.303418803418802951e-02 6.623931623931622083e-03 5.363247863247862235e-02 1.089743589743589341e-02 2.136752136752136479e-04 2.136752136752136479e-04 4.487179487179485983e-03 4.935897435897435015e-02 1.348290598290597941e-01 4.487179487179485983e-03 2.136752136752136479e-04 1.303418803418802951e-02 1.198717948717948484e-01 2.158119658119657391e-02 2.136752136752136479e-04 2.136752136752136479e-04 2.136752136752136479e-04
4.545454545454545451e-04 4.545454545454545451e-04 1.863636363636363494e-02 1.595454545454545459e-01 9.545454545454546205e-03 4.545454545454545451e-04 6.409090909090908728e-02 7.772727272727272818e-02 5.000000000000000104e-03 4.545454545454545451e-04 4.545454545454545451e-04 4.545454545454545451e-04 1.863636363636363494e-02 5.000000000000000104e-03 9.136363636363636909e-02 5.000000000000000104e-03 5.045454545454545331e-02 4.545454545454545451e-04 1.186363636363636370e-01 2.095454545454545625e-01 4.545454545454545451e-04 7.772727272727272818e-02 3.227272727272727237e-02 4.545454545454545451e-04 5.000000000000000104e-03 4.545454545454545451e-04 4.545454545454545451e-04 4.590909090909090634e-02 4.545454545454545451e-04 4.545454545454545451e-04
2.320185614849187405e-04 2.320185614849187405e-04 2.320185614849187405e-04 2.320185614849187405e-04 2.320185614849187405e-04 6.287703016241298626e-02 9.512761020881667709e-03 6.287703016241298626e-02 2.552204176334106362e-03 2.320185614849187405e-04 2.554524361948954936e-01 2.320185614849187405e-04 2.320185614849187405e-04 2.320185614849187405e-04 2.320185614849187405e-04 3.039443155452435305e-02 2.320185614849187405e-04 2.320185614849187405e-04 2.320185614849187405e-04 2.320185614849187405e-04 2.320185614849187405e-04 3.296983758700695044e-01 2.320185614849187405e-04 2.320185614849187405e-04 7.447795823665891157e-02 2.320185614849187405e-04 4.895591647331785923e-02 7.911832946635728725e-02 2.320185614849187405e-04 3.967517401392110787e-02
6.493506493506494585e-04 6.493506493506494585e-04 1.363636363636363917e-02 6.493506493506494585e-04 6.493506493506494585e-04 6.493506493506494585e-04 6.493506493506494585e-04 1.759740259740260049e-01 7.142857142857144369e-03 6.493506493506494585e-04 6.493506493506494585e-04 9.805194805194807073e-02 6.493506493506494585e-04 6.493506493506494585e-04 6.493506493506494585e-04 6.493506493506494585e-04 7.207792207792208805e-02 6.493506493506494585e-04 6.493506493506494585e-04 6.493506493506494585e-04 9.155844155844157506e-02 6.493506493506494585e-04 6.493506493506494585e-04 1.363636363636363917e-02 2.012987012987013311e-02 6.493506493506494585e-04 2.863636363636364313e-01 2.019480519480519876e-01 6.493506493506494585e-04 7.142857142857144369e-03
4.719101123595504342e-03 6.966292134831459162e-03 2.247191011235954603e-04 2.247191011235954603e-04 4.719101123595504342e-03 2.247191011235954603e-04 2.247191011235954603e-04 1.080898876404494113e-01 2.247191011235954603e-04 2.247191011235954603e-04 2.182022471910111672e-01 2.247191011235954603e-04 2.247191011235954603e-04 4.292134831460673455e-02 9.685393258426963636e-02 1.125842696629213296e-01 1.595505617977527671e-02 2.247191011235954603e-04 2.247191011235954603e-04 2.471910112359549955e-03 2.247191011235954603e-04 2.406741573033707171e-01 3.168539325842695958e-02 2.247191011235954603e-04 2.494382022471909252e-02 3.393258426966291180e-02 5.191011235955055036e-02 2.247191011235954603e-04 2.247191011235954603e-04 2.247191011235954603e-04
4.310344827586207921e-04 4.310344827586207921e-04 4.310344827586207921e-04 4.310344827586207921e-04 2.198275862068965747e-02 1.336206896551724553e-02 4.310344827586207921e-04 2.202586206896552379e-01 4.741379310344829255e-03 4.310344827586207921e-04 3.668103448275862877e-01 4.310344827586207921e-04 4.310344827586207921e-04 4.310344827586207921e-04 5.646551724137932604e-02 4.353448275862070033e-02 2.629310344827586604e-02 4.310344827586207921e-04 1.767241379310345237e-02 4.310344827586207921e-04 4.310344827586207921e-04 2.202586206896552379e-01 4.310344827586207921e-04 4.310344827586207921e-04 4.310344827586207921e-04 4.310344827586207921e-04 4.310344827586207921e-04 4.310344827586207921e-04 4.310344827586207921e-04 4.310344827586207921e-04
6.571428571428572507e-02 2.489795918367346955e-02 1.269387755102040771e-01 1.718367346938775575e-01 1.718367346938775575e-01 4.081632653061224641e-04 4.081632653061224641e-04 4.489795918367346997e-03 4.081632653061224641e-04 4.938775510204081176e-02 4.081632653061224641e-04 4.081632653061224641e-04 4.081632653061224641e-04 4.081632653061224641e-04 1.265306122448979671e-02 4.081632653061224641e-04 8.204081632653062450e-02 4.081632653061224641e-04 1.351020408163265407e-01 4.081632653061224641e-04 4.081632653061224641e-04 4.081632653061224641e-04 4.081632653061224641e-04 4.081632653061224641e-04 4.081632653061224641e-04 4.489795918367346997e-03 4.081632653061224641e-04 1.269387755102040771e-01 4.081632653061224641e-04 1.673469387755101984e-02
6.542056074766352917e-03 3.115264797507787207e-04 3.115264797507787207e-04 3.115264797507787207e-04 9.999999999999996392e-02 6.542056074766352917e-03 3.426791277258566144e-03 2.931464174454827543e-01 3.426791277258566144e-03 3.115264797507787207e-04 1.934579439252335775e-01 3.146417445482865144e-02 3.115264797507787207e-04 2.211838006230528592e-02 3.115264797507787207e-04 3.115264797507787207e-04 3.115264797507787207e-04 3.115264797507787207e-04 1.093457943925233294e-01 3.115264797507787207e-04 3.115264797507787207e-04 1.280373831775700466e-01 6.542056074766352917e-03 9.657320872274140558e-03 3.115264797507787207e-04 9.657320872274140558e-03 4.704049844236758010e-02 3.115264797507787207e-04 3.115264797507787207e-04 2.523364485981307442e-02
2.857142857142856273e-04 2.857142857142856273e-04 2.917142857142855927e-01 2.857142857142856273e-04 4.314285714285712864e-02 2.885714285714284510e-02 2.857142857142856273e-04 2.857142857142856273e-04 4.885714285714284205e-02 5.999999999999998390e-03 6.599999999999998923e-02 2.857142857142856273e-04 2.857142857142856273e-04 2.857142857142856273e-04 5.999999999999998390e-03 1.659999999999999531e-01 2.857142857142856273e-04 8.857142857142855097e-03 2.857142857142856273e-04 2.857142857142856273e-04 1.945714285714284786e-01 1.317142857142856727e-01 2.857142857142856273e-04 2.857142857142856273e-04 2.857142857142856273e-04 2.857142857142856273e-04 2.857142857142856273e-04 2.857142857142856273e-04 2.857142857142856273e-04 3.142857142857142117e-03
4.803493449781661394e-03 4.366812227074236990e-04 4.366812227074236990e-04 6.157205240174673522e-02 7.903930131004369142e-02 4.366812227074236990e-04 4.366812227074236990e-04 7.467248908296945931e-02 4.366812227074236990e-04 4.366812227074236990e-04 4.366812227074236990e-04 4.847161572052402501e-02 4.366812227074236990e-04 2.663755458515284363e-02 3.934497816593887087e-01 4.366812227074236990e-04 1.270742358078602863e-01 4.366812227074236990e-04 9.170305676855897842e-03 1.353711790393013516e-02 4.366812227074236990e-04 4.366812227074236990e-04 4.366812227074236990e-04 4.366812227074236990e-04 4.366812227074236990e-04 4.803493449781661394e-03 1.096069868995633578e-01 3.973799126637555384e-02 4.366812227074236990e-04 4.366812227074236990e-04
5.000000000000000104e-04 1.050000000000000065e-02 5.000000000000000104e-04 1.405000000000000138e-01 6.049999999999999822e-02 5.000000000000000104e-04 5.000000000000000104e-04 3.549999999999999684e-02 4.050000000000000128e-02 5.000000000000000104e-04 5.000000000000000104e-04 1.549999999999999989e-02 5.000000000000000104e-04 1.305000000000000049e-01 1.705000000000000127e-01 6.049999999999999822e-02 2.005000000000000115e-01 5.000000000000000104e-04 5.000000000000000104e-04 5.000000000000000104e-04 5.000000000000000104e-04 3.549999999999999684e-02 4.549999999999999878e-02 1.050000000000000065e-02 5.000000000000000104e-04 5.000000000000000104e-04 3.049999999999999933e-02 5.500000000000000548e-03 5.000000000000000104e-04 5.000000000000000104e-04
4.098360655737705999e-04 4.508196721311476599e-03 4.098360655737705999e-04 4.098360655737705999e-04 4.098360655737705999e-04 4.098360655737705999e-04 4.098360655737705999e-04 7.418032786885248031e-02 1.680327868852459286e-02 4.098360655737705999e-04 3.118852459016394074e-01 4.508196721311476599e-03 4.098360655737705999e-04 5.368852459016394685e-02 7.008196721311477084e-02 1.356557377049180668e-01 4.508196721311476599e-03 4.508196721311476599e-03 1.274590163934426479e-01 4.098360655737705999e-04 4.098360655737705999e-04 1.643442622950820053e-01 4.098360655737705999e-04 4.508196721311476599e-03 1.680327868852459286e-02 4.098360655737705999e-04 4.098360655737705999e-04 4.098360655737705999e-04 4.098360655737705999e-04 4.098360655737705999e-04
3.246753246753245666e-04 3.246753246753245666e-04 3.246753246753245666e-04 3.246753246753245666e-04 3.246753246753245666e-04 3.246753246753245666e-04 3.246753246753245666e-04 1.009740259740259383e-01 3.246753246753245666e-04 3.246753246753245666e-04 3.866883116883115257e-01 3.571428571428570450e-03 3.246753246753245666e-04 3.246753246753245666e-04 3.246753246753245666e-04 1.042207792207791861e-01 3.246753246753245666e-04 3.246753246753245666e-04 1.331168831168830571e-02 3.246753246753245666e-04 7.499999999999998335e-02 2.211038961038959971e-01 6.818181818181816116e-03 3.571428571428570450e-03 3.246753246753245666e-04 5.876623376623375111e-02 3.246753246753245666e-04 3.246753246753245666e-04 3.246753246753245666e-04 1.980519480519479791e-02
2.680965147453082294e-04 2.680965147453082294e-04 9.142091152815011446e-02 4.316353887399462796e-02 2.680965147453082294e-04 5.630026809651473250e-03 2.680965147453082294e-04 2.439678284182304757e-02 2.680965147453082294e-04 2.680965147453082294e-04 3.621983914209114253e-01 2.680965147453082294e-04 2.680965147453082294e-04 2.439678284182304757e-02 3.512064343163538022e-02 4.852546916890079082e-02 1.635388739946379982e-02 8.310991957104555544e-03 1.423592493297586858e-01 3.243967828418229532e-02 2.680965147453082294e-04 2.975871313672921389e-02 2.707774798927612900e-02 2.949061662198390957e-03 2.680965147453082294e-04 1.099195710455763697e-02 2.680965147453082294e-04 5.656836461126003857e-02 3.512064343163538022e-02 2.680965147453082294e-04
3.745318352059926327e-04 3.745318352059926327e-04 3.745318352059926327e-04 4.119850187265918472e-03 3.745318352059926327e-04 3.745318352059926327e-04 3.745318352059926327e-04 3.745318352059926327e-04 3.745318352059926327e-04 4.157303370786517849e-02 7.153558052434458303e-02 3.745318352059926327e-04 3.745318352059926327e-04 5.655430711610488076e-02 6.029962546816481500e-02 2.284644194756554544e-02 1.535580524344569431e-02 3.745318352059926327e-04 3.745318352059926327e-04 3.745318352059926327e-04 8.277153558052437188e-02 8.651685393258429224e-02 3.782771535580525119e-02 3.745318352059926327e-04 2.887640449438202417e-01 3.745318352059926327e-04 3.745318352059926327e-04 9.400749063670414685e-02 1.161048689138577047e-02 1.202247191011236310e-01
3.144654088050312683e-04 3.144654088050312683e-04 1.289308176100628124e-02 9.150943396226410287e-02 9.748427672955969209e-03 3.144654088050312683e-04 5.691823899371066531e-02 4.433962264150941024e-02 3.144654088050312683e-04 3.459119496855344277e-03 1.009433962264150442e-01 3.144654088050312683e-04 3.144654088050312683e-04 3.144654088050312683e-04 9.465408805031441664e-02 3.144654088050312683e-04 1.040880503144653579e-01 3.144654088050312683e-04 1.292452830188678681e-01 1.638364779874212918e-01 3.144654088050312683e-04 6.006289308176097907e-02 3.144654088050312683e-04 3.144654088050312683e-04 3.144654088050312683e-04 3.144654088050312683e-04 3.144654088050312683e-04 1.229559748427672405e-01 3.144654088050312683e-04 3.144654088050312683e-04
2.770083102493073931e-04 2.770083102493073931e-04 1.412742382271467596e-02 2.770083102493073931e-04 2.770083102493073931e-04 3.047091412742381541e-03 5.817174515235455472e-03 3.351800554016619305e-02 2.770083102493073931e-04 3.047091412742381541e-03 3.853185595567865662e-01 2.770083102493073931e-04 2.770083102493073931e-04 2.770083102493073931e-04 3.047091412742381541e-03 7.229916897506923068e-02 2.770083102493073931e-04 2.770083102493073931e-04 8.614958448753459730e-02 1.689750692520775033e-02 4.459833795013849744e-02 2.745152354570636333e-01 3.628808864265926915e-02 2.770083102493073931e-04 2.770083102493073931e-04 2.770083102493073931e-04 2.770083102493073931e-04 1.689750692520775033e-02 2.770083102493073931e-04 2.770083102493073931e-04
7.692307692307690133e-03 2.481389578163771168e-04 2.481389578163771168e-04 1.342431761786600231e-01 7.717121588089327633e-02 2.729528535980148447e-03 2.729528535980148447e-03 2.009925558312654348e-02 2.481389578163771168e-04 2.481389578163771168e-04 2.481389578163771168e-04 1.265508684863523095e-02 1.761786600496277264e-02 2.729528535980148447e-03 3.277915632754341280e-01 3.746898263027294285e-02 1.665012406947890267e-01 2.481389578163771168e-04 7.692307692307690133e-03 2.481389578163771168e-04 1.513647642679900179e-02 2.481389578163771168e-04 2.481389578163771168e-04 2.481389578163771168e-04 2.481389578163771168e-04 2.481389578163771168e-04 7.468982630272950896e-02 8.957816377171214095e-02 2.481389578163771168e-04 2.481389578163771168e-04
3.403361344537815525e-02 4.201680672268908899e-04 3.403361344537815525e-02 4.201680672268908899e-04 1.722689075630252226e-02 4.201680672268908899e-04 1.302521008403361748e-02 4.201680672268908899e-04 4.201680672268908899e-04 2.735294117647059098e-01 4.201680672268908899e-04 4.201680672268908899e-04 1.012605042016807011e-01 4.201680672268908899e-04 4.201680672268908899e-04 8.823529411764709229e-03 2.983193277310924874e-02 4.201680672268908899e-04 4.201680672268908899e-04 4.201680672268908899e-04 1.222689075630252475e-01 1.432773109243697940e-01 1.642857142857143404e-01 8.823529411764709229e-03 1.302521008403361748e-02 4.201680672268908899e-04 4.201680672268908899e-04 4.201680672268908899e-04 2.983193277310924874e-02 4.201680672268908899e-04
1.888888888888889256e-02 3.703703703703704604e-04 2.629629629629630025e-02 3.703703703703704604e-04 4.074074074074075444e-03 3.703703703703704604e-04 3.703703703703704604e-04 8.925925925925928817e-02 3.703703703703704604e-04 7.777777777777780156e-03 7.444444444444446585e-02 4.481481481481482121e-02 3.703703703703704604e-04 3.703703703703704604e-04 2.629629629629630025e-02 9.296296296296298334e-02 3.703703703703704604e-04 3.370370370370370794e-02 1.148148148148148487e-02 3.703703703703704604e-04 4.074074074074075444e-03 3.703703703703704604e-04 1.485185185185185497e-01 3.703703703703704604e-04 8.555555555555557912e-02 3.703703703703704604e-04 1.888888888888889256e-02 3.703703703703704604e-04 3.703703703703704604e-04 3.077777777777778168e-01
3.448275862068964602e-03 3.134796238244513225e-04 3.134796238244513225e-04 1.570532915360501047e-01 3.134796238244513225e-04 3.134796238244513225e-04 3.134796238244513225e-04 3.134796238244513225e-04 6.583072100313477719e-03 3.134796238244513225e-04 3.134796238244513225e-04 2.539184952978055382e-02 3.134796238244513225e-04 2.225705329153604070e-02 2.636363636363635021e-01 1.006269592476488756e-01 9.435736677115984239e-02 3.134796238244513225e-04 4.733542319749214217e-02 1.037617554858933783e-01 3.134796238244513225e-04 3.134796238244513225e-04 3.793103448275860629e-02 3.134796238244513225e-04 3.448275862068964602e-03 3.134796238244513225e-04 1.288401253918494971e-01 3.134796238244513225e-04 3.134796238244513225e-04 3.134796238244513225e-04
1.779359430604982061e-04 1.957295373665480023e-03 1.779359430604982061e-04 1.069395017793594166e-01 1.263345195729537011e-02 1.033807829181494498e-01 1.779359430604982061e-04 1.957295373665480023e-03 1.779359430604982061e-04 1.779359430604982061e-04 1.779359430604982061e-04 1.441281138790035179e-02 1.779359430604982061e-04 1.779359430604982061e-04 1.779359430604982061e-04 1.779359430604982061e-04 2.724199288256227147e-01 1.779359430604982061e-04 1.779359430604982061e-04 9.074733096085406750e-03 1.779359430604982061e-04 1.779359430604982061e-04 1.779359430604982061e-04 1.619217081850533521e-02 1.779359430604982061e-04 1.887900355871885705e-01 3.932384341637010228e-02 2.083629893238433672e-01 2.153024911032027852e-02 1.779359430604982061e-04
3.246753246753245666e-04 3.246753246753245666e-04 4.577922077922075977e-02 3.246753246753245666e-04 3.246753246753245666e-04 1.366883116883116367e-01 3.246753246753245666e-04 7.175324675324673551e-02 3.246753246753245666e-04 1.172077922077921636e-01 9.772727272727269043e-02 2.629870129870128664e-02 3.246753246753245666e-04 1.006493506493506135e-02 4.902597402597400761e-02 9.448051948051945648e-02 3.246753246753245666e-04 1.980519480519479791e-02 3.246753246753245666e-04 3.246753246753245666e-04 3.246753246753245666e-04 4.902597402597400761e-02 3.246753246753245666e-04 3.246753246753245666e-04 3.246753246753245666e-04 9.448051948051945648e-02 1.691558441558440873e-01 1.006493506493506135e-02 3.246753246753245666e-04 3.571428571428570450e-03
4.629629629629629806e-04 4.629629629629629806e-04 4.629629629629629806e-04 5.601851851851851610e-02 4.629629629629629806e-04 4.629629629629629806e-04 1.115740740740740755e-01 4.629629629629629806e-04 1.902777777777777957e-01 4.629629629629629806e-04 4.629629629629629806e-04 4.629629629629629806e-04 4.629629629629629806e-04 4.675925925925925736e-02 4.629629629629629806e-04 5.138888888888888673e-02 1.393518518518518656e-01 4.629629629629629806e-04 1.435185185185185175e-02 4.629629629629629806e-04 2.736111111111111382e-01 4.629629629629629806e-04 5.138888888888888673e-02 1.435185185185185175e-02 4.629629629629629806e-04 4.629629629629629806e-04 2.361111111111111049e-02 4.629629629629629806e-04 4.629629629629629806e-04 1.898148148148148112e-02
