1.392344497607655440e-01 1.004784688995215280e-02 5.789473684210526272e-02 8.660287081339713977e-02 4.784688995215311143e-04 8.660287081339713977e-02 7.703349282296650946e-02 3.832535885167464018e-01 4.784688995215311143e-04 1.583732057416268046e-01
4.824561403508773050e-03 1.798245614035087758e-02 2.241228070175438902e-01 8.815789473684211563e-02 4.385964912280702378e-04 2.675438596491228407e-02 5.307017543859649661e-02 5.574561403508772051e-01 4.385964912280702378e-04 2.675438596491228407e-02
1.964636542239685843e-04 6.306483300589391106e-02 1.043222003929273056e-01 1.671905697445972283e-01 2.477406679764243558e-01 1.964636542239685843e-04 7.092337917485265486e-02 1.023575638506876301e-01 1.298624754420432126e-01 1.141453831041257388e-01
3.090909090909090690e-02 6.666666666666667095e-03 6.727272727272727570e-02 1.763636363636363613e-01 1.521212121212121293e-01 1.096969696969697095e-01 2.484848484848484543e-02 2.248484848484848531e-01 6.060606060606060601e-04 2.066666666666666652e-01
4.689922480620154627e-02 1.089147286821705446e-01 3.875968992248061962e-04 3.686046511627906752e-01 3.875968992248061962e-04 1.864341085271317977e-01 3.875968992248061962e-04 2.019379844961240456e-01 3.139534883720929842e-02 5.465116279069767019e-02
2.042307692307692435e-01 3.196153846153845790e-01 3.846153846153846151e-04 3.846153846153846151e-04 6.576923076923077427e-02 9.653846153846154521e-02 7.346153846153846700e-02 3.846153846153846151e-04 2.388461538461538469e-01 3.846153846153846151e-04
9.028776978417266119e-02 3.597122302158273460e-04 1.154676258992805848e-01 2.913669064748201226e-02 2.125899280575539729e-01 3.597122302158273460e-04 3.597122302158273460e-04 3.273381294964028410e-02 2.017985611510791366e-01 3.169064748201438908e-01
4.329004329004329543e-04 3.073593073593073807e-02 1.086580086580086757e-01 1.476190476190476497e-01 2.207792207792207834e-02 5.670995670995671728e-02 9.090909090909092202e-03 5.329004329004329854e-01 4.329004329004329543e-04 9.134199134199136316e-02
4.098360655737704914e-04 8.606557377049180863e-03 1.971311475409836256e-01 1.151639344262295195e-01 1.848360655737704972e-01 3.319672131147540645e-02 4.098360655737704914e-04 7.008196721311475696e-02 4.098360655737704914e-04 3.897540983606557208e-01
7.909090909090910060e-02 9.424242424242425253e-02 3.245454545454545259e-01 2.518181818181817744e-01 1.033333333333333326e-01 6.363636363636363848e-03 3.333333333333333547e-03 9.121212121212121660e-02 4.575757575757575385e-02 3.030303030303030300e-04
2.997032640949554710e-02 9.228486646884273559e-02 4.480712166172106520e-02 1.249258160237388809e-01 1.513353115727002901e-02 1.664688427299703399e-01 2.403560830860533917e-02 4.721068249258160154e-01 3.264094955489614449e-03 2.700296735905044487e-02
5.282258064516129337e-02 4.032258064516129571e-04 8.104838709677421316e-02 4.879032258064516792e-02 1.653225806451612961e-02 8.508064516129033861e-02 4.032258064516129571e-04 6.576612903225806939e-01 4.032258064516129571e-04 5.685483870967742576e-02
6.565610859728507887e-01 1.452488687782805543e-01 4.524886877828055028e-04 4.524886877828055028e-04 1.855203619909502263e-02 8.642533936651584925e-02 9.502262443438914963e-03 4.524886877828055028e-04 3.665158371040724145e-02 4.570135746606335259e-02
1.062499999999999972e-01 2.230978260869564966e-01 5.706521739130434798e-03 1.741847826086956319e-01 2.201086956521738913e-02 3.288043478260869318e-02 8.179347826086956486e-02 2.717391304347826120e-04 3.480978260869564966e-01 5.706521739130434798e-03
3.694444444444444087e-01 3.968253968253968251e-04 4.404761904761904379e-02 3.968253968253968251e-04 3.968253968253968251e-04 3.968253968253968251e-04 1.591269841269841445e-01 9.166666666666667407e-02 6.388888888888889783e-02 2.702380952380952217e-01
2.092369477911646958e-01 4.016064257028113165e-04 2.694779116465863544e-01 8.433734939759037971e-03 4.016064257028113165e-04 4.016064257028113165e-04 8.875502008032129519e-02 3.253012048192771566e-02 1.646586345381526040e-02 3.738955823293172998e-01
4.333333333333333481e-01 2.578947368421052877e-01 5.847953216374270199e-04 5.847953216374270199e-04 5.847953216374270199e-04 2.982456140350877444e-02 5.321637426900585610e-02 6.432748538011697111e-03 2.169590643274854347e-01 5.847953216374270199e-04
3.041666666666666963e-01 2.208333333333333537e-01 5.952380952380952918e-04 7.797619047619047672e-02 5.952380952380952918e-04 1.494047619047619013e-01 2.440476190476190133e-02 6.607142857142857262e-02 1.494047619047619013e-01 6.547619047619047776e-03
1.443750000000000311e-01 6.250000000000001214e-04 5.443750000000000533e-01 5.062500000000000333e-02 6.250000000000001214e-04 8.187500000000001721e-02 6.250000000000001214e-04 6.250000000000001214e-04 6.875000000000001769e-03 1.693750000000000255e-01
1.317142857142857282e-01 2.517142857142857237e-01 2.857142857142857357e-04 8.885714285714285676e-02 2.857142857142857357e-04 4.202857142857142625e-01 2.857142857142857357e-04 1.060000000000000109e-01 2.857142857142857357e-04 2.857142857142857357e-04
3.623188405797101493e-04 8.369565217391304601e-02 1.163043478260869651e-01 1.485507246376811460e-02 1.887681159420289967e-01 1.380434782608695732e-01 3.623188405797101493e-04 3.047101449275362306e-01 7.644927536231885257e-02 7.644927536231885257e-02
3.129464285714285698e-01 4.464285714285714688e-04 1.383928571428571543e-02 4.464285714285714688e-04 4.464285714285714688e-04 4.910714285714286483e-03 1.075892857142857206e-01 9.374999999999999653e-03 1.299107142857142960e-01 4.200892857142856651e-01
2.030837004405286750e-01 4.233480176211453783e-01 9.251101321585904896e-03 1.678414096916299725e-01 4.405286343612335536e-04 9.735682819383262299e-02 4.845814977973569686e-03 4.008810572687224877e-02 4.405286343612335536e-04 5.330396475770925874e-02
6.254166666666667318e-01 4.166666666666667476e-04 5.041666666666667213e-02 4.166666666666667476e-04 4.166666666666667476e-04 8.375000000000001887e-02 7.125000000000000777e-02 9.625000000000001610e-02 5.875000000000000361e-02 1.291666666666666831e-02
7.616707616707616736e-03 3.218673218673218789e-02 2.115479115479115269e-01 6.904176904176904939e-02 3.218673218673218789e-02 2.481572481572481489e-02 7.616707616707616736e-03 1.083538083538083535e-01 3.464373464373464440e-02 4.719901719901719583e-01
1.692567567567567488e-01 5.101351351351351288e-02 8.817567567567567710e-02 2.736486486486486291e-02 3.378378378378378566e-04 3.378378378378378566e-04 7.128378378378379121e-02 2.469594594594594350e-01 1.722972972972972722e-02 3.280405405405405483e-01
4.586776859504132497e-02 1.280991735537190257e-02 5.000000000000000278e-02 1.409090909090909283e-01 1.243801652892562171e-01 9.545454545454547246e-02 4.132231404958678668e-04 4.301652892561983466e-01 4.132231404958678668e-04 9.958677685950415026e-02
1.860940695296523298e-02 4.235173824130879505e-01 1.147239263803681020e-01 6.564417177914111390e-02 1.247443762781185947e-02 2.047034764826175801e-01 2.044989775051124774e-04 1.451942740286298571e-02 8.404907975460122749e-02 6.155419222903885795e-02
4.273504273504273501e-04 8.589743589743589758e-02 3.461538461538461731e-02 2.397435897435897523e-01 4.273504273504273501e-04 6.025641025641025744e-02 4.273504273504273501e-04 2.568376068376068688e-01 8.974358974358975435e-03 3.123931623931623935e-01
5.550847457627118564e-02 1.313559322033898413e-02 5.974576271186440857e-02 1.911016949152542499e-01 3.432203389830508489e-02 6.398305084745763149e-02 4.237288135593220758e-04 4.199152542372880936e-01 4.661016949152542617e-03 1.572033898305084942e-01
1.167272727272727351e-01 4.367272727272726862e-01 8.400000000000000522e-02 4.036363636363636542e-02 1.312727272727272909e-01 3.672727272727272646e-02 2.945454545454545200e-02 3.636363636363636686e-04 1.239999999999999991e-01 3.636363636363636686e-04
3.362886597938144484e-01 2.061855670103092885e-04 1.239175257731958829e-01 2.061855670103092885e-04 2.268041237113402418e-03 2.061855670103092885e-04 1.837113402061855416e-01 1.734020618556700866e-01 4.969072164948453579e-02 1.301030927835051532e-01
8.473895582329318832e-02 1.168674698795180850e-01 1.646586345381526040e-02 4.417670682730924156e-03 4.016064257028113165e-04 6.108433734939759940e-01 4.016064257028113165e-04 1.489959839357429816e-01 1.646586345381526040e-02 4.016064257028113165e-04
4.707602339181286843e-02 3.043859649122807043e-01 1.491228070175438548e-02 3.336257309941520477e-01 3.216374269005848122e-03 1.491228070175438548e-02 9.093567251461988354e-02 5.292397660818713712e-02 1.377192982456140469e-01 2.923976608187134557e-04
8.178294573643411780e-02 3.531007751937984551e-01 3.875968992248061962e-04 5.852713178294573215e-02 3.875968992248061962e-04 2.329457364341085412e-01 3.875968992248061962e-04 1.825581395348837288e-01 3.875968992248061962e-04 8.953488372093024172e-02
3.239495798319327879e-01 2.983193277310924527e-02 1.138655462184874206e-01 4.201680672268908357e-04 2.563025210084033875e-02 7.605042016806724814e-02 4.201680672268908357e-04 3.995798319327731329e-01 4.201680672268908357e-04 2.983193277310924527e-02
2.100000000000000200e-01 1.147619047619047733e-01 5.285714285714285254e-02 2.242857142857142827e-01 3.380952380952381015e-02 4.761904761904761901e-04 2.385714285714285732e-01 1.476190476190476254e-02 4.809523809523809368e-02 6.238095238095237721e-02
8.828451882845188281e-02 4.184100418410042132e-04 2.305439330543933019e-01 4.184100418410042132e-04 4.184100418410042132e-04 4.184100418410042132e-04 2.849372384937238212e-01 1.343096234309623382e-01 1.715481171548116981e-02 2.430962343096234324e-01
3.755148741418763980e-01 2.288329519450801029e-04 1.054919908466819267e-01 2.288329519450801029e-04 1.306636155606407390e-01 2.288329519450801029e-04 6.430205949656750408e-02 1.672768878718535468e-01 2.311212814645308838e-02 1.329519450800915326e-01
3.121457489878542435e-01 4.048582995951417914e-04 7.327935222672066207e-02 5.303643724696356643e-02 4.048582995951417914e-04 8.502024291497977185e-03 1.704453441295546712e-01 3.202429149797570984e-01 4.048582995951417914e-04 6.113360323886640052e-02
1.447247706422018498e-01 2.204128440366972252e-01 2.293577981651376274e-04 8.509174311926605283e-02 2.293577981651376274e-04 4.566513761467889676e-01 2.293577981651376274e-04 8.509174311926605283e-02 2.293577981651376274e-04 7.110091743119266450e-03
3.514376996805112022e-03 7.380191693290735766e-02 1.121405750798722123e-01 1.217252396166134260e-01 2.527156549520766515e-01 1.313099041533546396e-01 3.514376996805112022e-03 2.079872204472843211e-01 9.297124600638978498e-02 3.194888178913738103e-04
8.203125000000002082e-03 9.804687500000001943e-02 3.906250000000000759e-04 8.632812500000001943e-02 3.906250000000000759e-04 1.605468750000000333e-01 4.296875000000001214e-03 4.847656250000000333e-01 3.164062500000000555e-02 1.253906250000000333e-01
8.059071729957806296e-02 4.641350210970464872e-03 1.860759493670886000e-01 9.746835443037975277e-02 1.059071729957805907e-01 8.860759493670886458e-03 8.860759493670886458e-03 1.312236286919831185e-01 1.729957805907172963e-02 3.590717299578058963e-01
3.884000000000000230e-01 4.840000000000000552e-02 4.840000000000000552e-02 4.000000000000000734e-04 4.000000000000000734e-04 2.040000000000000147e-02 7.640000000000000957e-02 2.963999999999999968e-01 4.000000000000000734e-04 1.204000000000000209e-01
2.357142857142857095e-01 1.166666666666666685e-01 1.589947089947089942e-01 6.111111111111111605e-02 2.645502645502645681e-04 2.645502645502645681e-04 8.492063492063492425e-02 1.589947089947089942e-01 9.021164021164021496e-02 9.285714285714286031e-02
3.125000000000000065e-04 1.315624999999999989e-01 3.125000000000000065e-04 4.093750000000000167e-02 3.125000000000000065e-04 1.784374999999999989e-01 3.125000000000000065e-04 4.253124999999999822e-01 3.437500000000000451e-03 2.190624999999999933e-01
3.996951219512194786e-01 3.048780487804878046e-04 3.993902439024390322e-02 5.823170731707317388e-02 4.298780487804877704e-02 9.481707317073170826e-02 1.192073170731707404e-01 1.679878048780487909e-01 1.249999999999999896e-02 6.432926829268292845e-02
1.678414096916299725e-01 1.325991189427312700e-01 7.973568281938327174e-02 1.590308370044052899e-01 2.687224669603524227e-02 1.193832599118942739e-01 1.678414096916299725e-01 4.405286343612334994e-04 1.458149779735682938e-01 4.405286343612334994e-04
1.193069306930693158e-01 1.534653465346534629e-02 2.282178217821782262e-01 1.589108910891089133e-01 9.950495049504951006e-02 8.465346534653465926e-02 4.950495049504950555e-04 2.925742574257425566e-01 4.950495049504950555e-04 4.950495049504950555e-04
7.035040431266846583e-02 1.404312668463612024e-01 5.956873315363881566e-02 5.660377358490566516e-03 1.374663072776280241e-02 1.646900269541778927e-01 1.105121293800538987e-02 3.048517520215633381e-01 1.350404312668463669e-01 9.460916442048518393e-02
1.869718309859154937e-01 3.521126760563380470e-04 4.964788732394365828e-02 3.521126760563380470e-04 3.873239436619718788e-03 3.521126760563380470e-04 3.735915492957746498e-01 6.725352112676057093e-02 5.316901408450704081e-02 2.644366197183098399e-01
2.553691275167784824e-01 1.040268456375838951e-02 7.080536912751678180e-02 3.389261744966443057e-02 3.355704697986577542e-04 5.067114093959731308e-02 3.157718120805368955e-01 1.479865771812080566e-01 3.355704697986577542e-04 1.144295302013422916e-01
2.203883495145631255e-01 3.236245954692557221e-04 5.857605177993528700e-02 3.236245954692557221e-04 3.236245954692557221e-04 3.236245954692557221e-04 4.307443365695793336e-01 5.857605177993528700e-02 3.236245954692557221e-04 2.300970873786407911e-01
9.205955334987593608e-02 2.481389578163771710e-04 2.481389578163771710e-04 1.218362282878412001e-01 1.218362282878412001e-01 6.476426799007443946e-02 2.258064516129032126e-02 4.295285359801488956e-01 5.210918114143921025e-03 1.416873449131513807e-01
1.151376146788990890e-01 2.114678899082568786e-01 4.587155963302752548e-04 1.013761467889908313e-01 5.045871559633027803e-03 4.587155963302752548e-04 2.481651376146788990e-01 4.587155963302752548e-04 3.169724770642201594e-01 4.587155963302752548e-04
2.570680628272251633e-01 5.235602094240838231e-04 1.366492146596858803e-01 9.476439790575917621e-02 5.235602094240838231e-04 2.146596858638743360e-02 5.235602094240838231e-04 1.104712041884816781e-01 1.052356020942408488e-01 2.727748691099476375e-01
4.886255924170616050e-01 4.739336492890995406e-04 3.364928909952606684e-02 9.952606635071090460e-03 4.739336492890995406e-04 3.364928909952606684e-02 4.739336492890995406e-04 2.232227488151658779e-01 4.312796208530805808e-02 1.663507109004739304e-01
5.250000000000000222e-01 1.181372549019608087e-01 4.901960784313726506e-04 4.950980392156863197e-02 4.901960784313726506e-04 1.475490196078431682e-01 4.901960784313726506e-04 1.573529411764706121e-01 4.901960784313726506e-04 4.901960784313726506e-04
2.522556390977443441e-01 3.838345864661654172e-01 3.759398496240601729e-04 2.293233082706766859e-02 1.165413533834586471e-02 1.357142857142857317e-01 9.060150375939850231e-02 3.759398496240601729e-04 1.018796992481203062e-01 3.759398496240601729e-04
3.855555555555555403e-01 1.518518518518518351e-02 5.222222222222221849e-02 4.074074074074074577e-03 3.703703703703704062e-04 3.370370370370370100e-02 3.703703703703704062e-04 1.337037037037037135e-01 3.703703703703704062e-04 3.744444444444444131e-01
6.150234741784037229e-02 1.553990610328638555e-01 2.863849765258215732e-02 4.694835680751174140e-04 8.497652582159624657e-02 4.694835680751174140e-04 4.694835680751174140e-04 5.164319248826291717e-03 6.624413145539905790e-01 4.694835680751174140e-04
7.357723577235773804e-02 2.073170731707317180e-02 5.325203252032521123e-02 1.955284552845528712e-01 3.699186991869918978e-02 4.065040650406504604e-04 4.065040650406504604e-04 5.410569105691057645e-01 4.065040650406504604e-04 7.764227642276423647e-02
2.617801047120419116e-04 2.725130890052355759e-01 2.617801047120419116e-04 9.450261780104712850e-02 3.952879581151832328e-02 1.678010471204188225e-01 1.049738219895288011e-01 8.664921465968586367e-02 2.280104712041884640e-01 5.497382198952879655e-03
3.024340770791074662e-01 1.643002028397565900e-02 1.077079107505071048e-01 1.845841784989857987e-02 2.028397565922921135e-04 3.265720081135902592e-02 1.503042596348884152e-01 4.482758620689655804e-02 1.442190669371196665e-01 1.827586206896551491e-01
1.683206106870228924e-01 3.473282442748091420e-02 7.290076335877862523e-02 4.999999999999999584e-02 3.816793893129770952e-04 3.816793893129770952e-04 1.797709923664122245e-01 9.198473282442748422e-02 1.568702290076335881e-01 2.446564885496183006e-01
4.457831325301205017e-02 1.931726907630522405e-01 4.457831325301205017e-02 1.128514056224899781e-01 8.433734939759037971e-03 4.140562248995984240e-01 4.016064257028113165e-04 1.048192771084337505e-01 7.670682730923696069e-02 4.016064257028113165e-04
2.522935779816513902e-03 5.392201834862385690e-01 2.800458715596330084e-01 2.293577981651376274e-04 2.293577981651376274e-04 1.447247706422018498e-01 2.293577981651376274e-04 2.293577981651376274e-04 1.169724770642201726e-02 2.087155963302752062e-02
1.830128205128204733e-01 1.637820512820512553e-01 3.205128205128204583e-04 1.189102564102563903e-01 6.730769230769229408e-03 6.442307692307691624e-02 2.407051282051281549e-01 5.480769230769230033e-02 1.637820512820512553e-01 3.525641025641025258e-03
3.905303030303030054e-01 7.954545454545455460e-03 2.310606060606060566e-02 3.787878787878787876e-04 7.234848484848485639e-02 7.954545454545455460e-03 6.098484848484848897e-02 1.064393939393939448e-01 4.166666666666666609e-03 3.261363636363636131e-01
5.046376811594203149e-01 2.898550724637681086e-04 1.365217391304347772e-01 1.478260869565217218e-02 2.057971014492753631e-02 2.898550724637681086e-04 1.768115942028985338e-02 1.046376811594202927e-01 2.057971014492753631e-02 1.799999999999999933e-01
3.525157232704402288e-01 3.144654088050314851e-04 6.603773584905660646e-03 3.144654088050314851e-04 1.289308176100628818e-02 3.144654088050314851e-04 1.418238993710691787e-01 2.927672955974842672e-01 2.861635220125786222e-02 1.638364779874213750e-01
1.433035714285714468e-01 2.276785714285714177e-02 4.464285714285714688e-04 4.464285714285714688e-04 1.830357142857142599e-02 4.910714285714286483e-03 2.549107142857142683e-01 1.834821428571428714e-01 4.464285714285714688e-04 3.709821428571428159e-01
1.542735042735042805e-01 1.200854700854700891e-01 9.017094017094018366e-02 2.354700854700854662e-01 4.273504273504273501e-04 3.888888888888888951e-02 3.888888888888888951e-02 3.038461538461538214e-01 4.700854700854701501e-03 1.324786324786324763e-02
2.021929824561403688e-01 2.065789473684210564e-01 4.385964912280701836e-04 4.385964912280701836e-04 4.385964912280701836e-04 4.385964912280701836e-04 4.960526315789473562e-01 1.798245614035087411e-02 7.500000000000001110e-02 4.385964912280701836e-04
1.766283524904214697e-01 5.022988505747125743e-01 3.831417624521072924e-04 1.498084291187739558e-01 8.045977011494252762e-03 2.337164750957854142e-02 3.831417624521072924e-04 8.084291187739464646e-02 5.785440613026819612e-02 3.831417624521072924e-04
1.422297297297297480e-01 3.378378378378378566e-04 2.736486486486486291e-02 8.141891891891891997e-02 3.378378378378378566e-04 4.763513513513513431e-02 3.378378378378378566e-04 5.104729729729730048e-01 7.128378378378379121e-02 1.185810810810810911e-01
1.202479338842975254e-01 1.367768595041322366e-01 4.132231404958678126e-04 4.132231404958678126e-04 4.132231404958678126e-04 8.677685950413223034e-03 2.359504132231405038e-01 4.132231404958678126e-04 3.103305785123966487e-01 1.863636363636363702e-01
3.026119402985074647e-01 1.757462686567164145e-01 7.835820895522389168e-03 2.649253731343283527e-02 3.731343283582089589e-04 8.992537313432835688e-02 1.944029850746268606e-01 5.634328358208955112e-02 3.731343283582089589e-04 1.458955223880596952e-01
1.002564102564102583e-01 5.053846153846153211e-01 1.053846153846153821e-01 3.615384615384615447e-02 2.564102564102564100e-04 9.256410256410256554e-02 2.564102564102564100e-04 2.564102564102564100e-04 2.564102564102564100e-04 1.592307692307692313e-01
8.983739837398374561e-02 4.065040650406504062e-04 2.036585365853658680e-01 4.065040650406504062e-04 5.325203252032520429e-02 5.325203252032520429e-02 6.544715447154472732e-02 2.849593495934958920e-01 4.065040650406504062e-04 2.483739837398374062e-01
1.113960113960113935e-01 8.860398860398860377e-02 5.156695156695156879e-02 8.860398860398860377e-02 3.732193732193732350e-02 1.170940170940170943e-01 8.005698005698005937e-02 1.740740740740740755e-01 5.726495726495726968e-02 1.940170940170939939e-01
2.270491803278688325e-01 5.218579234972677700e-02 4.672131147540983798e-02 8.497267759562841805e-02 2.732240437158469943e-04 1.614754098360655643e-01 2.732240437158469943e-04 1.887978142076502663e-01 1.150273224043715931e-01 1.232240437158469981e-01
1.788461538461538214e-01 5.769230769230769551e-03 5.521978021978022483e-02 5.521978021978022483e-02 8.516483516483517452e-03 6.071428571428572063e-02 1.293956043956044077e-01 2.722527472527472292e-01 1.321428571428571452e-01 1.019230769230769218e-01
3.047486033519553050e-01 1.064245810055865910e-01 3.659217877094971677e-02 1.371508379888268236e-01 2.793296089385475167e-04 1.231843575418994502e-01 7.290502793296090023e-02 1.036312849162011190e-01 2.821229050279329409e-02 8.687150837988827368e-02
1.751773049645389824e-01 2.364066193853428055e-04 1.302600472813238708e-01 6.406619385342790518e-02 6.406619385342790518e-02 5.224586288416076252e-02 9.479905437352245667e-02 2.460992907801418383e-01 2.151300236406619368e-02 1.515366430260047248e-01
1.095406360424028280e-02 3.886925795053003743e-03 1.063604240282685631e-01 7.455830388692580302e-02 6.042402826855124143e-02 7.809187279151943994e-02 1.452296819787985971e-01 2.547703180212013696e-01 1.063604240282685631e-01 1.593639575971731448e-01
7.549019607843138191e-02 5.261437908496732763e-02 4.607843137254901550e-02 2.127450980392156799e-01 2.647058823529411728e-02 1.964052287581699308e-01 3.267973856209150643e-04 1.539215686274509887e-01 3.267973856209150643e-04 2.356209150326797064e-01
1.231046931407942246e-01 3.610108303249097818e-04 2.924187725631768875e-02 1.231046931407942246e-01 4.729241877256317589e-02 7.617328519855595670e-02 1.122743682310469310e-01 3.505415162454873501e-01 5.451263537906136936e-02 8.339350180505415711e-02
1.274566473988439363e-01 2.890173410404624460e-04 1.216763005780346907e-01 4.942196531791907821e-02 2.890173410404624460e-04 6.069364161849711420e-03 1.794797687861271751e-01 1.997109826589595349e-01 1.303468208092485592e-01 1.852601156069363930e-01
1.510582010582010581e-01 3.203703703703703609e-01 5.582010582010582533e-02 2.645502645502645681e-04 1.878306878306878341e-02 8.756613756613756960e-02 4.259259259259259855e-02 8.227513227513227889e-02 2.671957671957671948e-02 2.145502645502645467e-01
3.621951219512195008e-01 8.983739837398374561e-02 2.073170731707316833e-02 2.886178861788617905e-02 4.065040650406504062e-04 1.548780487804878037e-01 8.577235772357724719e-02 1.060975609756097671e-01 4.065040650406504062e-04 1.508130081300813052e-01
3.843806104129263712e-01 5.044883303411131642e-02 1.633752244165170495e-02 3.249551166965888860e-02 5.565529622980251202e-03 3.770197486535009201e-03 1.438061041292638953e-01 6.660682226211848966e-02 9.353680430879712793e-02 2.030520646319569078e-01
3.206959706959706669e-01 1.265567765567765512e-01 2.014652014652014867e-03 3.131868131868131844e-02 2.216117216117216224e-02 1.831501831501831500e-04 1.412087912087912067e-01 2.032967032967033030e-02 1.247252747252747124e-01 2.108058608058608063e-01
2.300000000000000100e-01 1.411111111111111038e-01 1.518518518518518351e-02 3.703703703703704062e-04 1.518518518518518351e-02 7.777777777777778422e-03 2.781481481481481444e-01 4.074074074074074577e-03 1.448148148148148129e-01 1.633333333333333304e-01
4.674008810572687356e-01 2.246696035242290793e-02 8.414096916299561302e-02 7.973568281938327174e-02 4.405286343612335536e-04 4.889867841409691746e-02 4.845814977973569686e-03 1.634361233480176590e-01 9.251101321585904896e-03 1.193832599118942878e-01
2.603999999999999648e-01 4.000000000000000192e-04 4.400000000000000265e-03 7.640000000000000957e-02 4.000000000000000192e-04 1.324000000000000177e-01 1.164000000000000035e-01 1.284000000000000141e-01 4.000000000000000192e-04 2.803999999999999826e-01
3.540540540540540460e-02 2.702702702702702744e-04 7.324324324324324453e-02 2.543243243243243357e-01 9.486486486486486736e-02 2.972972972972973398e-03 6.513513513513513598e-02 4.354054054054053990e-01 1.918918918918918748e-02 1.918918918918918748e-02
4.385964912280701836e-04 1.539473684210526383e-01 4.385964912280701836e-04 1.013157894736842202e-01 4.385964912280701836e-04 4.385964912280701836e-04 3.991228070175438514e-02 4.385964912280701836e-04 7.021929824561403688e-01 4.385964912280701836e-04
2.340996168582375470e-01 8.084291187739464646e-02 1.570881226053639709e-02 1.229885057471264420e-01 3.831417624521072924e-04 1.957854406130268288e-01 1.804597701149425470e-01 9.616858237547892818e-02 3.831417624521072924e-04 7.318007662835249172e-02
2.950471698113207308e-01 3.561320754716981035e-02 5.212264150943396457e-02 1.228773584905660382e-01 2.358490566037735867e-04 5.448113207547169989e-02 1.205188679245283029e-01 1.417452830188679347e-01 2.358490566037735867e-04 1.771226415094339368e-01
1.904854368932038799e-01 1.184466019417475605e-02 3.320388349514563631e-02 2.543689320388349551e-02 7.203883495145631255e-02 3.126213592233009764e-02 2.603883495145630778e-01 1.361165048543689082e-01 6.038834951456310829e-02 1.788349514563106757e-01
2.399305555555555358e-01 6.979166666666666852e-02 2.118055555555555317e-02 7.291666666666666782e-03 3.472222222222222355e-04 9.409722222222222099e-02 2.118055555555555317e-02 7.673611111111111605e-02 3.506944444444444475e-02 4.343749999999999556e-01
3.052845528455284674e-01 2.479674796747967716e-02 2.479674796747967716e-02 4.065040650406504604e-04 4.065040650406504604e-04 4.065040650406504604e-04 3.012195121951219412e-01 1.386178861788618100e-01 4.065040650406504604e-04 2.036585365853658958e-01
2.897550111358574432e-01 1.135857461024498798e-02 2.227171492204899842e-04 5.812917594654788689e-02 2.449888641425390125e-03 5.812917594654788689e-02 2.249443207126948854e-02 1.427616926503340600e-01 1.160356347438752794e-01 2.986636971046770506e-01
2.744444444444444353e-01 2.633333333333333082e-01 3.703703703703704062e-04 2.188888888888888828e-01 2.999999999999999889e-02 4.074074074074074577e-03 2.999999999999999889e-02 3.703703703703704062e-04 1.781481481481481666e-01 3.703703703703704062e-04
1.766666666666666663e-01 2.528571428571428914e-01 2.428571428571428548e-02 7.190476190476190188e-02 1.000000000000000021e-02 7.666666666666667462e-02 2.428571428571428548e-02 2.904761904761904434e-02 1.000000000000000021e-02 3.242857142857142327e-01
1.757777777777777550e-01 4.688888888888888967e-02 1.799999999999999864e-02 3.355555555555555375e-02 2.222222222222222329e-04 9.355555555555555847e-02 1.446666666666666656e-01 2.979999999999999871e-01 2.244444444444444395e-02 1.668888888888888644e-01
5.263157894736841987e-04 5.842105263157894302e-02 5.263157894736841987e-04 5.847368421052631104e-01 5.263157894736841987e-04 3.210526315789473395e-02 1.105263157894736947e-02 1.584210526315789624e-01 9.000000000000001055e-02 6.368421052631578760e-02
2.987577639751552994e-01 3.167701863354036723e-02 6.211180124223602715e-04 6.211180124223602715e-04 4.409937888198757483e-02 1.062111801242236059e-01 6.832298136645963312e-03 1.310559006211180211e-01 6.211180124223602715e-04 3.795031055900621175e-01
3.293548387096774110e-01 3.903225806451612878e-02 3.225806451612903223e-04 1.322580645161290126e-02 3.225806451612903223e-04 8.419354838709677824e-02 3.225806451612903223e-04 1.196774193548387211e-01 6.483870967741936497e-02 3.487096774193548243e-01
3.979079497907949681e-01 4.184100418410042132e-04 3.807531380753138156e-02 2.133891213389121216e-02 4.184100418410042132e-04 1.715481171548116981e-02 4.184100418410042132e-04 4.184100418410042132e-04 5.899581589958158984e-02 4.648535564853556457e-01
4.315217391304347894e-01 6.920289855072464524e-02 2.934782608695651884e-02 1.485507246376811460e-02 3.623188405797101493e-04 3.623188405797101493e-04 3.623188405797101493e-04 1.416666666666666630e-01 2.934782608695651884e-02 2.829710144927535809e-01
3.010489510489510190e-01 1.856643356643356557e-01 1.122377622377622453e-01 1.192307692307692374e-01 2.832167832167831883e-02 9.125874125874126885e-02 1.083916083916084024e-02 3.496503496503496500e-04 1.506993006993007089e-01 3.496503496503496500e-04
2.365313653136531247e-01 2.291512915129151340e-01 1.405904059040590515e-01 1.036900369003690148e-01 4.095940959409594129e-02 8.892988929889299177e-02 4.059040590405904592e-03 8.154981549815498720e-02 3.690036900369004125e-04 7.416974169741698264e-02
1.249180327868852497e-01 2.003278688524590123e-01 2.327868852459016175e-02 1.118032786885245905e-01 3.278688524590163932e-04 4.068852459016393253e-01 1.344262295081967082e-02 3.639344262295082094e-02 4.950819672131147320e-02 3.311475409836065614e-02
3.653992395437262175e-01 1.676806083650190238e-01 3.802281368821293079e-04 2.361216730038022960e-01 2.699619771863117842e-02 3.802281368821293079e-04 8.783269961977187290e-02 3.802281368821293079e-04 1.144486692015209139e-01 3.802281368821293079e-04
2.752499999999999947e-01 1.177500000000000074e-01 2.500000000000000052e-04 2.677499999999999880e-01 2.500000000000000052e-04 2.327499999999999847e-01 3.774999999999999883e-02 6.025000000000000494e-02 7.749999999999999944e-03 2.500000000000000052e-04
2.994011976047904157e-04 2.188622754491017786e-01 4.520958083832335439e-02 8.413173652694611038e-02 2.994011976047904157e-04 5.362275449101796543e-01 2.994011976047904157e-04 1.110778443113772523e-01 3.293413173652694897e-03 2.994011976047904157e-04
2.944606413994169114e-02 1.285714285714285865e-01 2.915451895043731732e-04 9.358600583090379010e-02 2.915451895043731732e-04 3.676384839650145842e-01 3.206997084548105122e-03 3.239067055393585748e-01 2.915451895043731732e-04 5.276967930029154846e-02
2.012072434607646099e-04 3.100603621730382287e-01 6.659959758551307896e-02 8.672032193158954461e-02 2.837022132796780671e-02 2.537223340040241082e-01 7.464788732394365967e-02 3.843058350100603954e-02 1.410462776659959783e-01 2.012072434607646099e-04
9.525862068965518237e-02 2.676724137931034697e-01 4.310344827586207379e-04 8.232758620689656359e-02 4.310344827586207379e-04 1.038793103448275856e-01 4.310344827586207379e-04 1.211206896551724199e-01 3.021551724137930828e-01 2.629310344827585910e-02
2.004545454545454963e-01 3.595454545454545570e-01 4.545454545454546535e-04 1.140909090909091178e-01 4.545454545454546535e-04 1.186363636363636648e-01 4.545454545454546535e-04 5.000000000000000971e-03 1.868181818181818554e-01 1.409090909090909317e-02
4.347826086956522442e-04 3.830434782608695965e-01 6.565217391304348227e-02 2.526086956521739757e-01 3.086956521739130793e-02 4.347826086956522442e-04 1.134782608695652367e-01 4.347826086956522442e-04 1.526086956521739424e-01 4.347826086956522442e-04
1.790816326530612346e-01 6.173469387755101817e-02 5.102040816326531072e-04 1.739795918367346983e-01 5.102040816326531072e-04 6.683673469387754751e-02 5.102040816326531072e-04 3.321428571428571286e-01 4.642857142857143016e-02 1.382653061224489999e-01
6.240677966101694230e-01 3.389830508474576498e-04 8.169491525423729084e-02 4.101694915254237156e-02 3.389830508474576498e-04 2.067796610169491539e-02 6.135593220338983467e-02 1.257627118644067954e-01 4.440677966101694990e-02 3.389830508474576498e-04
3.161184210526315486e-01 1.348684210526315645e-02 2.009868421052631582e-01 1.713815789473684126e-01 3.618421052631579354e-03 3.322368421052631499e-02 1.516447368421052766e-01 9.572368421052632192e-02 6.907894736842105921e-03 6.907894736842105921e-03
3.321167883211678662e-02 1.901459854014598549e-01 3.649635036496350678e-04 4.014598540145985529e-03 3.649635036496350678e-04 3.397810218978101759e-01 8.430656934306569872e-02 1.937956204379562009e-01 1.025547445255474560e-01 5.145985401459853698e-02
8.006644518272425237e-02 1.066445182724252566e-01 2.358803986710963224e-02 6.976744186046511531e-03 3.322259136212624771e-04 2.026578073089701018e-02 6.976744186046511531e-03 2.760797342192690684e-01 3.322259136212624771e-04 4.787375415282391633e-01
3.528735632183908066e-01 5.402298850574712569e-02 4.252873563218390746e-02 3.831417624521072924e-04 3.831417624521072924e-04 7.701149425287356909e-02 3.831417624521072924e-04 3.107279693486589833e-01 3.831417624521072924e-04 1.613026819923371602e-01
5.437500000000000666e-01 5.288461538461539622e-03 2.932692307692308029e-02 4.807692307692308501e-04 4.807692307692308501e-04 4.855769230769231559e-02 4.807692307692308501e-04 3.225961538461538658e-01 4.807692307692308501e-04 4.855769230769231559e-02
1.134408602150537709e-01 1.026881720430107559e-01 1.672043010752688186e-01 1.129032258064516236e-02 5.376344086021505372e-04 5.376344086021505372e-04 6.505376344086021001e-02 4.844086021505376038e-01 5.430107526881720187e-02 5.376344086021505372e-04
4.035573122529644285e-01 3.201581027667983748e-02 2.015810276679841709e-02 3.952569169960474258e-04 3.952569169960474258e-04 2.177865612648221538e-01 3.952569169960474258e-04 2.494071146245059323e-01 3.952569169960474258e-04 7.549407114624506754e-02
2.924778761061946897e-01 2.836283185840707821e-01 4.424778761061947925e-04 1.371681415929203694e-02 6.681415929203540771e-02 1.066371681415929362e-01 4.424778761061947925e-04 1.110619469026548900e-01 1.199115044247787837e-01 4.867256637168142393e-03
8.256410256410257054e-02 3.748717948717948389e-01 4.666666666666666186e-02 1.389743589743589747e-01 5.128205128205128201e-04 2.158974358974359020e-01 5.641025641025641454e-03 1.287179487179487269e-01 5.641025641025641454e-03 5.128205128205128201e-04
1.639999999999999791e-01 9.490909090909090129e-02 1.021818181818181653e-01 2.039999999999999591e-01 3.636363636363635602e-04 1.494545454545454233e-01 3.636363636363635602e-04 2.512727272727272032e-01 1.127272727272727107e-02 2.218181818181817755e-02
4.739336492890995406e-04 5.734597156398103801e-02 2.327014218009478830e-01 4.739336492890995406e-04 1.805687203791469242e-01 4.739336492890995406e-04 1.469194312796208608e-02 7.630331753554503438e-02 6.682464454976302926e-02 3.701421800947867213e-01
5.903333333333332655e-01 3.033333333333333368e-02 9.033333333333333492e-02 5.033333333333333409e-02 1.033333333333333326e-02 4.366666666666666613e-02 3.333333333333333764e-04 7.699999999999999900e-02 1.069999999999999979e-01 3.333333333333333764e-04
4.038674033149171616e-01 2.265193370165746040e-02 5.524861878453040179e-04 5.524861878453040179e-04 5.524861878453040179e-04 1.712707182320442195e-02 5.524861878453040179e-04 4.475138121546962111e-02 5.580110497237569800e-02 4.535911602209944937e-01
7.810126582278481555e-01 5.527426160337553518e-02 4.219409282700422562e-04 4.219409282700422562e-04 4.641350210970464872e-03 4.219409282700422562e-04 1.143459915611814565e-01 4.219409282700422562e-04 3.839662447257384537e-02 4.641350210970464872e-03
2.493150684931506877e-02 1.920547945205479390e-01 1.945205479452054645e-02 9.342465753424658570e-02 2.739726027397260621e-04 4.578082191780821764e-01 2.739726027397260621e-04 1.893150684931506622e-01 2.219178082191780588e-02 2.739726027397260621e-04
1.004545454545454630e-01 3.140909090909090873e-01 4.545454545454545451e-04 1.595454545454545459e-01 6.863636363636363424e-02 1.140909090909091039e-01 4.545454545454545451e-04 4.545454545454545451e-04 2.413636363636363635e-01 4.545454545454545451e-04
1.131578947368421101e-01 7.932330827067669843e-02 1.165413533834586471e-02 3.045112781954887118e-02 3.759398496240601729e-04 3.759398496240601729e-04 9.436090225563910361e-02 3.759398496240601729e-04 6.620300751879698575e-01 7.894736842105263414e-03
2.593373493975902888e-01 3.012048192771084060e-04 4.849397590361445576e-02 7.560240963855420493e-02 1.234939759036144183e-02 6.957831325301204461e-02 1.900602409638554036e-01 1.328313253012048112e-01 1.509036144578312921e-01 6.054216867469879026e-02
1.332225913621262470e-01 6.345514950166113166e-02 5.348837209302326201e-02 1.631229235880398698e-01 3.322259136212624771e-04 1.066445182724252566e-01 3.322259136212624771e-04 1.697674418604651347e-01 2.026578073089701018e-02 2.893687707641195983e-01
2.803999999999999826e-01 2.244000000000000439e-01 4.000000000000000734e-04 1.484000000000000319e-01 4.000000000000000734e-04 9.640000000000001346e-02 2.040000000000000147e-02 4.000000000000000734e-04 2.284000000000000197e-01 4.000000000000000734e-04
1.384328358208955501e-01 3.731343283582090674e-04 3.022388059701493213e-02 2.690298507462686728e-01 1.123134328358209311e-01 3.731343283582090674e-04 3.731343283582090674e-04 3.996268656716418510e-01 4.104477611940300120e-03 4.514925373134329178e-02
7.535714285714285865e-02 7.892857142857143127e-02 1.325000000000000067e-01 1.467857142857142971e-01 3.571428571428571425e-04 1.217857142857142888e-01 3.571428571428571425e-04 3.682142857142857162e-01 6.107142857142857512e-02 1.464285714285714149e-02
2.013253012048192570e-01 6.156626506024096696e-02 7.120481927710843595e-02 1.519277108433734758e-01 4.349397590361445826e-02 7.602409638554216698e-02 1.204819277108433814e-04 3.061445783132529797e-01 2.783132530120482201e-02 6.036144578313253073e-02
3.526315789473684625e-01 1.178137651821862530e-01 4.453441295546559271e-03 2.352226720647773717e-01 4.048582995951417914e-04 6.518218623481782104e-02 9.352226720647774383e-02 1.016194331983805849e-01 4.048582995951417914e-04 2.874493927125506415e-02
3.278688524590163932e-04 9.540983606557378038e-02 1.216393442622950849e-01 1.773770491803278726e-01 3.278688524590163932e-04 7.245901639344262679e-02 3.278688524590163932e-04 1.150819672131147553e-01 1.672131147540983562e-02 4.003278688524590234e-01
4.341563786008229703e-02 5.557613168724279129e-01 2.656378600823044445e-01 2.057613168724279522e-04 2.057613168724279522e-04 1.051440329218106817e-01 4.320987654320987241e-03 2.263374485596707664e-03 1.666666666666666297e-02 6.378600823045266384e-03
2.537313432835820726e-02 4.582089552238805541e-01 4.029850746268656692e-02 4.975124378109453509e-04 9.502487562189054771e-02 4.975124378109453509e-04 7.014925373134328623e-02 5.472636815920398426e-03 3.039800995024875552e-01 4.975124378109453509e-04
3.215434083601286246e-04 2.768488745980707266e-01 2.604501607717041659e-02 1.225080385852090059e-01 3.215434083601286246e-04 4.086816720257234747e-01 6.752411575562701496e-03 1.482315112540192881e-01 9.967845659163986766e-03 3.215434083601286246e-04
3.209923664122137921e-01 3.816793893129772036e-04 2.709923664122137685e-02 1.492366412213740889e-01 6.145038167938933482e-02 3.816793893129772036e-04 3.816793893129772036e-04 3.935114503816794507e-01 3.816793893129772036e-04 4.618320610687023930e-02
1.242574257425742845e-01 4.113861386138614185e-01 1.044554455445544788e-01 9.950495049504952394e-02 4.009900990099009993e-02 4.950495049504951639e-04 4.009900990099009993e-02 4.950495049504951639e-04 1.787128712871287328e-01 4.950495049504951639e-04
3.519801980198020153e-01 2.034653465346535073e-01 4.950495049504951639e-04 1.638613861386138959e-01 4.950495049504951639e-04 3.514851485148515198e-02 4.950495049504951639e-04 4.950495049504951639e-04 1.985148514851485524e-01 4.504950495049505482e-02
9.603174603174602364e-02 4.293650793650793940e-01 7.936507936507936501e-04 7.936507936507936501e-04 1.277777777777777957e-01 4.047619047619047117e-02 4.047619047619047117e-02 7.936507936507936501e-04 2.547619047619048005e-01 8.730158730158730368e-03
7.342657342657343301e-03 1.083916083916084024e-02 3.709790209790209681e-01 3.496503496503496500e-04 4.580419580419580611e-02 2.832167832167831883e-02 3.496503496503496500e-04 1.891608391608391726e-01 3.496503496503496500e-04 3.465034965034964887e-01
2.621818181818181825e-01 9.127272727272728314e-02 1.749090909090909030e-01 1.312727272727272909e-01 9.127272727272728314e-02 5.127272727272726843e-02 3.636363636363636686e-04 1.239999999999999991e-01 7.309090909090909527e-02 3.636363636363636686e-04
