3.703703703703704604e-04 2.448148148148148462e-01 1.448148148148148406e-01 3.703703703703704604e-04 3.703703703703704604e-04 1.151851851851852099e-01 1.888888888888889256e-02 1.148148148148148487e-02 3.703703703703704604e-04 4.111111111111111910e-02 3.703703703703704604e-04 3.740740740740741699e-02 3.370370370370370794e-02 3.703703703703704604e-04 3.703703703703704604e-04 4.851851851851853026e-02 3.740740740740741699e-02 3.370370370370370794e-02 3.703703703703704604e-04 3.703703703703704604e-04 4.074074074074075444e-03 3.703703703703704604e-04 3.703703703703704604e-04 7.777777777777780156e-03 7.814814814814817490e-02 1.518518518518518698e-02 1.888888888888889256e-02 1.148148148148148487e-02 3.703703703703704604e-04 9.296296296296298334e-02
1.927444794952680729e-01 3.154574132492112709e-04 3.154574132492112709e-04 3.154574132492112709e-04 1.738170347003153982e-01 4.763406940063089762e-02 4.132492113564667502e-02 6.624605678233435983e-03 3.154574132492112709e-04 3.154574132492112709e-04 1.012618296529968070e-01 3.470031545741323817e-03 1.075709779179810366e-01 3.154574132492112709e-04 3.154574132492112709e-04 3.501577287066244548e-02 3.154574132492112709e-04 3.154574132492112709e-04 3.154574132492112709e-04 2.369085173501576380e-01 3.154574132492112709e-04 6.624605678233435983e-03 1.608832807570977075e-02 3.154574132492112709e-04 3.154574132492112709e-04 3.154574132492112709e-04 9.779179810725548150e-03 1.608832807570977075e-02 3.154574132492112709e-04 3.154574132492112709e-04
6.266666666666667607e-02 4.444444444444445200e-04 4.444444444444445200e-04 4.444444444444445200e-04 6.711111111111112137e-02 1.382222222222222463e-01 4.444444444444445200e-04 4.444444444444445200e-04 4.444444444444445200e-04 8.933333333333334791e-02 2.493333333333333790e-01 4.444444444444445200e-04 5.822222222222223076e-02 2.711111111111111360e-02 4.444444444444445200e-04 1.377777777777777941e-02 4.444444444444445200e-04 4.444444444444445200e-04 4.444444444444445200e-04 1.471111111111111369e-01 4.044444444444444953e-02 4.444444444444445200e-04 3.155555555555555891e-02 4.444444444444445200e-04 4.444444444444445200e-04 4.444444444444445200e-04 4.888888888888889665e-03 6.266666666666667607e-02 4.444444444444445200e-04 4.444444444444445200e-04
1.625000000000000611e-01 1.898148148148148459e-02 3.750000000000000555e-02 1.435185185185185522e-02 5.601851851851852998e-02 5.092592592592594739e-03 4.629629629629630891e-04 5.092592592592594739e-03 4.629629629629630891e-04 2.361111111111111396e-02 4.629629629629630891e-04 4.629629629629630891e-04 4.629629629629630891e-04 4.629629629629630891e-04 5.092592592592594739e-03 5.092592592592594739e-03 9.722222222222225846e-03 9.722222222222225846e-03 4.449074074074074736e-01 4.629629629629630891e-04 4.629629629629630891e-04 5.092592592592594739e-03 1.254629629629629983e-01 9.722222222222225846e-03 9.722222222222225846e-03 4.629629629629630891e-04 4.629629629629630891e-04 4.629629629629630891e-04 4.629629629629630891e-04 4.675925925925927124e-02
3.525641025641024825e-03 3.525641025641024825e-03 3.205128205128204041e-04 3.205128205128204041e-04 3.205128205128204041e-04 1.990384615384614697e-01 2.503205128205127084e-01 3.237179487179486087e-02 2.275641025641024842e-02 2.275641025641024842e-02 3.205128205128204041e-04 3.205128205128204041e-04 3.205128205128204041e-04 3.205128205128204041e-04 1.766025641025640303e-01 3.205128205128204041e-04 3.557692307692306155e-02 3.205128205128204041e-04 3.525641025641024825e-03 3.205128205128204041e-04 1.028846153846153522e-01 3.205128205128204041e-04 8.044871794871792658e-02 3.205128205128204041e-04 3.525641025641024825e-03 3.205128205128204041e-04 3.525641025641024825e-03 3.205128205128204041e-04 5.480769230769229339e-02 3.205128205128204041e-04
3.749555950266428850e-01 1.776198934280639064e-04 1.776198934280639064e-04 3.730017761989342252e-03 1.973357015985789942e-01 1.776198934280639064e-04 3.730017761989342252e-03 1.776198934280639064e-04 1.776198934280639064e-04 3.925399644760212831e-02 1.953818827708703187e-03 1.776198934280639064e-04 5.506216696269981316e-03 1.776198934280639064e-04 1.689165186500887761e-01 1.953818827708703187e-03 1.776198934280639064e-04 1.953818827708703187e-03 1.776198934280639064e-04 5.506216696269981316e-03 1.369449378330372669e-01 1.776198934280639064e-04 1.776198934280639064e-04 1.776198934280639064e-04 1.776198934280639064e-04 1.261101243339253671e-02 2.504440497335700885e-02 9.058614564831259444e-03 1.776198934280639064e-04 9.058614564831259444e-03
4.739336492890995406e-04 2.943127962085307914e-01 4.739336492890995406e-04 4.739336492890995406e-04 2.417061611374407559e-02 1.047393364928910081e-01 1.469194312796208608e-02 9.052132701421801431e-02 4.739336492890995406e-04 5.213270142180094838e-03 4.739336492890995406e-04 2.374407582938388717e-01 4.739336492890995406e-04 5.213270142180094838e-03 9.952606635071090460e-03 4.739336492890995406e-04 4.739336492890995406e-04 9.052132701421801431e-02 4.739336492890995406e-04 4.739336492890995406e-04 9.952606635071090460e-03 4.739336492890995406e-04 4.739336492890995406e-04 7.156398104265403182e-02 9.952606635071090460e-03 9.952606635071090460e-03 9.952606635071090460e-03 5.213270142180094838e-03 4.739336492890995406e-04 4.739336492890995406e-04
5.992063492063492980e-02 1.313492063492063822e-01 4.404761904761905766e-02 3.968253968253969335e-04 3.968253968253969335e-04 3.968253968253969335e-04 2.420634920634921056e-02 4.365079365079366051e-03 8.333333333333334952e-03 3.968253968253969335e-04 4.365079365079366051e-03 3.496031746031746379e-01 3.968253968253969335e-04 4.365079365079366051e-03 4.404761904761905766e-02 3.968253968253969335e-04 3.968253968253969335e-04 3.968253968253969335e-04 3.968253968253969335e-04 3.968253968253969335e-04 3.968253968253969335e-04 3.968253968253969335e-04 7.182539682539684778e-02 5.198412698412699373e-02 3.968253968253969335e-04 1.626984126984127102e-02 8.373015873015875188e-02 7.976190476190478384e-02 3.968253968253969335e-04 1.626984126984127102e-02
4.347826086956522442e-04 4.347826086956522442e-04 1.265217391304347960e-01 4.347826086956522442e-04 4.347826086956522442e-04 9.173913043478262863e-02 4.391304347826087418e-02 4.347826086956522442e-04 6.565217391304348227e-02 4.782608695652174578e-03 4.347826086956522442e-04 1.395652173913043692e-01 4.347826086956522442e-04 4.347826086956522442e-04 4.347826086956522442e-04 4.347826086956522442e-04 4.347826086956522442e-04 4.347826086956522442e-04 4.347826086956522442e-04 4.347826086956522442e-04 4.782608695652174578e-03 4.347826086956522442e-04 4.347826086956522442e-04 1.134782608695652367e-01 2.134782608695652562e-01 4.391304347826087418e-02 4.347826086956522442e-04 4.347826086956522442e-04 4.347826086956522442e-04 1.439130434782608936e-01
5.988023952095809397e-04 1.922155688622754766e-01 2.101796407185629323e-01 5.988023952095809397e-04 5.988023952095809397e-04 5.988023952095809397e-04 1.257485029940120028e-02 2.455089820359281777e-02 5.988023952095809397e-04 5.988023952095809397e-04 5.988023952095809397e-04 4.850299401197605276e-02 5.449101796407186671e-02 5.988023952095809397e-04 5.988023952095809397e-04 3.652694610778443179e-02 5.988023952095809397e-04 5.988023952095809397e-04 1.856287425149701076e-02 5.988023952095809397e-04 5.988023952095809397e-04 5.988023952095809397e-04 7.844311377245509476e-02 4.251497005988024575e-02 4.850299401197605276e-02 5.988023952095809397e-04 1.862275449101796765e-01 3.652694610778443179e-02 5.988023952095809397e-04 5.988023952095809397e-04
4.109589041095890009e-03 1.956947162426614264e-04 2.563600782778864204e-02 2.956947162426613596e-01 7.064579256360077608e-02 1.956947162426614264e-04 1.956947162426614264e-04 1.956947162426614264e-04 1.956947162426614264e-04 9.980430528375730526e-03 1.956947162426614264e-04 2.152641878669275637e-03 1.956947162426614264e-04 1.956947162426614264e-04 1.956947162426614264e-04 3.150684931506848863e-02 1.956947162426614264e-04 1.956947162426614264e-04 1.956947162426614264e-04 1.956947162426614264e-04 2.759295499021525641e-02 1.956947162426614264e-04 1.389432485322895927e-02 2.563600782778864204e-02 3.737769080234833174e-02 1.156555772994128928e-01 1.956947162426614264e-04 7.064579256360077608e-02 7.064579256360077608e-02 1.958904109589040543e-01
3.846153846153846151e-04 4.230769230769231525e-03 8.115384615384615974e-02 3.846153846153846151e-04 1.273076923076923161e-01 3.846153846153846151e-04 8.500000000000000611e-02 1.961538461538461439e-02 1.961538461538461439e-02 4.230769230769231525e-03 3.846153846153846151e-04 1.388461538461538414e-01 3.846153846153846151e-04 3.846153846153846151e-04 3.846153846153846151e-04 3.846153846153846151e-04 3.846153846153846151e-04 3.846153846153846151e-04 3.846153846153846151e-04 1.192307692307692339e-02 1.192307692307692339e-02 3.846153846153846151e-04 2.080769230769230760e-01 4.230769230769231525e-03 5.423076923076922823e-02 1.426923076923077016e-01 3.846153846153846151e-04 3.846153846153846151e-04 3.846153846153846151e-04 8.115384615384615974e-02
3.209923664122135700e-01 3.816793893129769326e-04 3.816793893129769326e-04 3.816793893129769326e-04 8.053435114503813830e-02 4.236641221374044114e-02 3.816793893129769326e-04 7.290076335877859748e-02 4.198473282442746583e-03 3.816793893129769326e-04 1.454198473282442283e-01 8.015267175572516126e-03 3.816793893129769326e-04 3.816793893129769326e-04 3.816793893129769326e-04 3.816793893129769326e-04 3.816793893129769326e-04 4.618320610687020461e-02 4.618320610687020461e-02 5.381679389312974543e-02 1.034351145038167608e-01 1.946564885496182215e-02 3.816793893129769326e-04 2.709923664122135950e-02 4.198473282442746583e-03 3.816793893129769326e-04 3.816793893129769326e-04 3.816793893129769326e-04 1.946564885496182215e-02 3.816793893129769326e-04
3.558718861209964664e-04 3.558718861209964664e-04 3.558718861209964664e-04 1.427046263345195798e-01 3.558718861209964664e-04 1.103202846975089024e-02 3.558718861209964664e-04 3.914590747330960914e-03 6.797153024911033181e-02 3.914590747330960914e-03 2.882562277580071053e-02 7.473309608540926012e-03 3.558718861209964664e-04 3.914590747330960914e-03 3.558718861209964664e-04 4.661921708185053081e-02 3.558718861209964664e-04 1.103202846975089024e-02 3.558718861209964664e-04 3.558718861209964664e-04 3.558718861209964664e-04 3.558718861209964664e-04 3.558718861209964664e-04 7.864768683274021843e-02 1.000000000000000056e-01 3.558718861209964664e-04 3.558718861209964664e-04 3.558718861209964664e-04 2.316725978647686535e-01 2.565836298932384074e-01
4.291845493562232070e-04 1.334763948497854069e-01 1.077253218884120234e-01 9.012875536480686317e-03 4.291845493562232070e-04 4.291845493562232070e-04 4.291845493562232070e-04 4.291845493562232070e-04 9.012875536480686317e-03 4.291845493562232070e-04 2.188841201716738155e-02 2.364806866952789688e-01 4.291845493562232070e-04 4.291845493562232070e-04 4.291845493562232070e-04 4.291845493562232070e-04 1.759656652360514981e-02 4.291845493562232070e-04 4.291845493562232070e-04 2.188841201716738155e-02 4.291845493562232070e-04 9.012875536480686317e-03 1.892703862660944369e-01 4.291845493562232070e-04 9.484978540772533162e-02 4.721030042918455440e-03 4.291845493562232070e-04 4.291845493562232070e-04 4.291845493562232070e-04 1.377682403433476421e-01
2.740963855421685649e-02 1.207831325301204489e-01 9.668674698795177991e-02 3.012048192771083518e-04 1.418674698795180378e-01 2.439759036144577287e-02 3.313253012048191816e-03 2.439759036144577287e-02 3.012048192771083518e-04 3.012048192771083518e-04 3.313253012048191816e-03 3.012048192771083518e-04 3.012048192771083518e-04 3.012048192771083518e-04 3.012048192771083518e-04 3.313253012048191816e-03 2.171686746987950833e-01 3.012048192771083518e-04 2.439759036144577287e-02 1.388554216867469437e-01 3.012048192771083518e-04 1.234939759036144009e-02 6.325301204819275443e-03 1.536144578313252372e-02 2.138554216867468924e-02 3.012048192771083518e-04 3.012048192771083518e-04 1.147590361445782747e-01 3.012048192771083518e-04 3.012048192771083518e-04
4.065040650406504604e-04 2.199186991869918895e-01 1.345528455284553115e-01 4.471544715447155552e-03 4.065040650406504604e-04 4.065040650406504604e-04 4.065040650406504604e-04 4.065040650406504604e-04 8.536585365853659180e-03 4.065040650406504604e-04 4.065040650406504604e-04 4.105691056910569514e-02 4.065040650406504604e-04 4.065040650406504604e-04 4.065040650406504604e-04 4.065040650406504604e-04 5.731707317073170965e-02 4.065040650406504604e-04 4.065040650406504604e-04 4.065040650406504604e-04 4.065040650406504604e-04 4.065040650406504604e-04 6.138211382113821502e-02 2.479674796747967716e-02 1.345528455284553115e-01 4.065040650406504604e-04 1.101626016260162794e-01 1.955284552845528712e-01 4.065040650406504604e-04 4.065040650406504604e-04
4.000000000000001276e-04 3.564000000000000501e-01 1.444000000000000283e-01 4.000000000000001276e-04 4.000000000000001276e-04 4.000000000000001276e-04 4.000000000000001276e-04 4.040000000000000535e-02 4.000000000000001276e-04 4.000000000000001276e-04 4.000000000000001276e-04 3.204000000000000736e-01 4.000000000000001276e-04 4.000000000000001276e-04 4.000000000000001276e-04 4.000000000000001276e-04 8.400000000000002950e-03 4.400000000000001132e-03 4.000000000000001276e-04 4.000000000000001276e-04 4.000000000000001276e-04 4.000000000000001276e-04 4.000000000000001276e-04 4.400000000000001132e-03 4.840000000000001246e-02 4.000000000000001276e-04 4.400000000000001132e-03 2.040000000000000493e-02 4.000000000000001276e-04 4.040000000000000535e-02
3.244837758112093483e-03 7.404129793510322299e-02 1.504424778761061406e-02 2.949852507374630685e-04 1.005899705014748902e-01 1.123893805309734151e-01 2.949852507374630685e-04 2.389380530973450253e-02 6.194690265486723843e-03 2.949852507374630685e-04 2.949852507374630685e-04 1.713864306784660119e-01 3.244837758112093483e-03 2.949852507374630685e-04 2.949852507374630685e-04 2.949852507374630685e-04 2.949852507374630685e-04 2.949852507374630685e-04 2.949852507374630685e-04 1.504424778761061406e-02 2.949852507374630685e-04 2.949852507374630685e-04 8.584070796460174790e-02 2.949852507374630685e-04 2.979351032448376499e-02 1.330383480825958198e-01 2.949852507374630685e-04 2.949852507374630685e-04 2.949852507374630685e-04 2.215339233038347289e-01
3.759459459459458253e-01 2.702702702702702202e-04 3.270270270270269480e-02 2.702702702702702202e-04 1.732432432432431668e-01 2.702702702702702202e-04 3.270270270270269480e-02 4.081081081081079642e-02 2.972972972972972097e-03 2.702702702702702202e-04 3.270270270270269480e-02 2.702702702702702202e-04 2.702702702702702202e-04 1.108108108108107719e-02 6.243243243243241924e-02 1.378378378378377830e-02 2.702702702702702202e-04 2.702702702702702202e-04 2.702702702702702202e-04 1.108108108108107719e-02 7.054054054054052780e-02 2.702702702702702202e-04 2.702702702702702202e-04 2.702702702702702202e-04 2.702702702702702202e-04 6.243243243243241924e-02 2.702702702702702202e-04 2.702702702702702202e-04 7.324324324324323066e-02 2.702702702702702202e-04
4.484304932735426051e-04 1.170403587443946264e-01 4.484304932735426051e-04 1.390134529147982016e-02 4.484304932735426051e-04 6.322869955156951161e-02 6.771300448430493668e-02 4.484304932735426051e-04 3.632286995515694727e-02 4.484304932735426051e-04 1.529147982062780409e-01 4.932735426008969144e-03 4.484304932735426051e-04 1.838565022421524350e-02 4.484304932735426051e-04 4.484304932735426051e-04 4.484304932735426051e-04 2.067264573991031418e-01 4.484304932735426051e-04 2.426008968609865424e-01 4.484304932735426051e-04 4.484304932735426051e-04 4.484304932735426051e-04 4.484304932735426051e-04 4.484304932735426051e-04 4.484304932735426051e-04 6.771300448430493668e-02 4.484304932735426051e-04 4.484304932735426051e-04 4.484304932735426051e-04
1.241176470588235548e-01 5.882352941176472241e-04 5.882352941176472241e-04 5.882352941176472241e-04 5.352941176470588786e-02 5.882352941176472241e-04 5.882352941176472241e-04 5.882352941176472241e-04 5.882352941176472241e-04 4.176470588235294684e-02 1.417647058823529871e-01 5.882352941176472241e-04 5.882352941176472241e-04 5.882352941176472241e-04 5.882352941176472241e-04 5.882352941176472241e-04 5.882352941176472241e-04 5.882352941176472241e-04 3.588235294117647634e-02 1.358823529411765096e-01 4.176470588235294684e-02 6.470588235294119465e-03 7.705882352941177682e-02 5.882352941176472241e-04 1.064705882352941502e-01 4.764705882352941735e-02 5.882352941176472241e-04 5.882352941176472241e-04 5.882352941176472241e-04 1.770588235294117962e-01
8.366533864541834606e-03 5.219123505976096256e-02 4.382470119521913489e-03 3.984063745019921009e-04 8.366533864541834606e-03 1.557768924302788960e-01 1.633466135458167337e-02 4.382470119521913489e-03 3.984063745019921009e-04 3.984063745019921009e-04 3.984063745019921009e-04 3.984063745019921009e-04 4.382470119521913489e-03 4.382470119521913489e-03 4.422310756972112206e-02 3.984063745019921009e-04 7.211155378486057421e-02 3.625498007968127462e-02 3.984063745019921009e-04 3.984063745019921009e-04 3.984063745019921009e-04 1.235059760956175486e-02 3.984063745019921009e-04 1.318725099601593953e-01 3.984063745019921009e-04 3.984063745019921009e-04 4.266932270916334868e-01 3.984063745019921009e-04 1.235059760956175486e-02 3.984063745019921009e-04
5.780346820809251088e-04 5.780346820809251088e-04 5.780346820809251088e-04 3.526011560693642632e-02 7.572254335260117375e-02 5.780346820809251088e-04 2.722543352601157207e-01 5.780346820809251088e-04 5.780346820809251088e-04 5.780346820809251088e-04 1.855491329479769524e-01 5.780346820809251088e-04 5.780346820809251088e-04 6.358381502890176305e-03 5.780346820809251088e-04 5.780346820809251088e-04 5.780346820809251088e-04 2.369942196531792458e-02 5.780346820809251088e-04 3.300578034682082329e-01 5.780346820809251088e-04 5.780346820809251088e-04 5.780346820809251088e-04 5.780346820809251088e-04 5.780346820809251088e-04 1.213872832369942631e-02 5.780346820809251088e-04 5.780346820809251088e-04 5.780346820809251088e-04 4.682080924855492460e-02
3.937007874015748519e-04 1.066929133858267875e-01 3.937007874015748519e-04 3.937007874015748519e-04 4.330708661417323642e-03 1.303149606299212893e-01 3.937007874015748519e-04 3.937007874015748519e-04 9.881889763779529157e-02 3.937007874015748519e-04 3.937007874015748519e-04 2.401574803149606266e-02 3.937007874015748519e-04 3.937007874015748519e-04 4.370078740157480601e-02 3.937007874015748519e-04 3.937007874015748519e-04 7.519685039370080371e-02 8.267716535433072486e-03 3.937007874015748519e-04 1.066929133858267875e-01 3.937007874015748519e-04 1.220472440944882046e-02 1.220472440944882046e-02 5.157480314960630197e-02 8.267716535433072486e-03 3.114173228346456823e-01 3.937007874015748519e-04 3.937007874015748519e-04 3.937007874015748519e-04
6.172839506172840465e-04 1.055555555555555830e-01 6.172839506172840465e-04 6.172839506172840465e-04 6.172839506172840465e-04 1.240740740740741005e-01 6.172839506172840465e-04 6.172839506172840465e-04 6.172839506172840465e-04 6.172839506172840465e-04 6.172839506172840465e-04 6.790123456790125162e-03 1.913580246913580696e-02 6.172839506172840465e-04 6.172839506172840465e-04 6.790123456790125162e-03 1.549382716049383102e-01 6.172839506172840465e-04 6.172839506172840465e-04 6.172839506172840465e-04 6.172839506172840465e-04 6.172839506172840465e-04 6.790123456790125162e-03 2.166666666666667018e-01 6.172839506172840465e-04 6.172839506172840465e-04 2.104938271604938627e-01 1.117283950617284222e-01 6.172839506172840465e-04 2.530864197530864265e-02
3.597122302158273460e-04 1.115107913669064789e-02 1.478417266187050383e-01 3.597122302158273460e-04 3.633093525179856287e-02 3.597122302158273460e-04 5.071942446043165020e-02 6.151079136690647958e-02 6.510791366906475142e-02 3.597122302158273460e-04 3.597122302158273460e-04 1.190647482014388497e-01 3.597122302158273460e-04 3.597122302158273460e-04 3.597122302158273460e-04 3.597122302158273460e-04 3.597122302158273460e-04 3.597122302158273460e-04 2.553956834532374043e-02 3.597122302158273460e-04 3.597122302158273460e-04 5.071942446043165020e-02 1.834532374100719329e-02 1.334532374100719510e-01 3.597122302158273460e-04 3.273381294964028410e-02 3.992805755395683470e-02 1.226618705035971285e-01 3.597122302158273460e-04 7.949640287769785263e-02
2.840909090909090229e-04 2.017045454545453656e-02 2.301136363636362842e-02 2.840909090909090229e-04 7.130681818181816567e-02 2.840909090909090229e-04 6.562499999999998890e-02 3.980113636363634688e-01 1.732954545454544817e-02 2.869318181818180866e-02 8.551136363636360760e-02 3.721590909090907728e-02 2.840909090909090229e-04 2.585227272727271680e-02 3.124999999999999306e-03 2.840909090909090229e-04 2.840909090909090229e-04 2.840909090909090229e-04 2.840909090909090229e-04 7.130681818181816567e-02 2.840909090909090229e-04 2.840909090909090229e-04 1.423295454545454031e-01 2.840909090909090229e-04 2.840909090909090229e-04 2.840909090909090229e-04 2.840909090909090229e-04 2.840909090909090229e-04 2.840909090909090229e-04 5.965909090909089427e-03
4.132231404958678668e-04 5.826446280991736532e-02 4.132231404958678668e-04 4.132231404958678668e-04 8.677685950413224769e-03 2.524793388429752983e-01 4.545454545454546968e-03 4.132231404958678668e-04 4.132231404958678668e-04 4.132231404958678668e-04 2.107438016528925817e-02 4.132231404958678668e-04 4.132231404958678668e-04 4.132231404958678668e-04 3.347107438016529851e-02 8.677685950413224769e-03 4.586776859504133191e-02 2.731404958677686179e-01 4.132231404958678668e-04 1.367768595041322643e-01 3.347107438016529851e-02 4.132231404958678668e-04 4.132231404958678668e-04 4.132231404958678668e-04 4.132231404958678668e-04 7.066115702479340566e-02 4.132231404958678668e-04 4.586776859504133191e-02 4.132231404958678668e-04 4.132231404958678668e-04
7.903930131004369142e-02 1.790393013100436900e-02 4.366812227074236990e-04 4.366812227074236990e-04 9.170305676855897842e-03 1.925764192139738651e-01 9.170305676855897842e-03 4.366812227074236990e-04 1.353711790393013516e-02 1.751091703056769089e-01 6.593886462882098121e-02 3.100436681222707921e-02 4.366812227074236990e-04 9.170305676855897842e-03 4.366812227074236990e-04 4.366812227074236990e-04 4.366812227074236990e-04 4.366812227074236990e-04 1.358078602620087783e-01 4.410480349344979289e-02 4.366812227074236990e-04 9.170305676855897842e-03 1.620087336244541987e-01 1.790393013100436900e-02 4.366812227074236990e-04 1.790393013100436900e-02 4.366812227074236990e-04 4.366812227074236990e-04 4.366812227074236990e-04 4.803493449781661394e-03
2.444987775061125009e-04 8.337408312958435874e-02 5.892420537897311017e-02 2.444987775061125009e-04 2.444987775061125009e-04 2.444987775061125009e-04 2.444987775061125009e-04 2.444987775061125009e-04 2.444987775061125009e-04 2.444987775061125009e-04 2.444987775061125009e-04 2.713936430317848494e-02 5.134474327628361923e-03 2.444987775061125009e-04 5.134474327628361923e-03 2.444987775061125009e-04 6.625916870415647641e-02 2.444987775061125009e-04 2.444987775061125009e-04 2.444987775061125009e-04 2.444987775061125009e-04 2.444987775061125009e-04 1.002444987775060956e-02 2.958435207823960703e-02 1.616136919315403209e-01 2.444987775061125009e-04 1.909535452322738136e-01 2.936430317848410798e-01 2.689486552567237239e-03 6.136919315403423225e-02
4.424778761061947925e-04 2.256637168141592889e-02 4.424778761061947925e-04 4.424778761061947925e-04 4.026548672566371972e-02 4.424778761061947925e-04 4.424778761061947925e-04 4.424778761061947925e-04 3.584070796460177288e-02 4.867256637168142393e-03 4.867256637168142393e-03 5.796460176991150709e-02 4.424778761061947925e-04 4.867256637168142393e-03 7.123893805309736149e-02 4.424778761061947925e-04 5.796460176991150709e-02 4.026548672566371972e-02 4.424778761061947925e-04 4.867256637168142393e-03 4.424778761061947925e-04 4.424778761061947925e-04 4.911504424778761341e-02 4.424778761061947925e-04 4.424778761061947925e-04 4.424778761061947925e-04 5.712389380530974448e-01 4.424778761061947925e-04 2.699115044247787920e-02 4.424778761061947925e-04
3.344481605351169316e-04 3.314381270903008492e-01 3.344481605351169316e-04 3.344481605351169316e-04 1.036789297658862428e-02 9.063545150501668701e-02 5.384615384615382833e-02 3.344481605351169316e-04 3.344481605351169316e-04 1.036789297658862428e-02 3.344481605351169316e-04 1.374581939799330577e-01 3.344481605351169316e-04 3.344481605351169316e-04 7.056856187290967697e-02 7.023411371237455944e-03 3.344481605351169316e-04 2.374581939799329938e-02 3.344481605351169316e-04 3.344481605351169316e-04 4.715719063545148471e-02 7.023411371237455944e-03 4.046822742474914802e-02 1.371237458193979263e-02 1.140468227424748793e-01 3.344481605351169316e-04 3.344481605351169316e-04 3.344481605351169316e-04 3.344481605351169316e-04 3.712374581939797968e-02
4.237288135593221842e-04 4.237288135593221842e-04 4.237288135593221842e-04 4.237288135593221842e-04 7.669491525423731415e-02 4.237288135593221842e-04 4.237288135593221842e-04 4.661016949152543484e-03 4.237288135593221842e-04 4.237288135593221842e-04 8.898305084745764676e-03 2.970338983050848092e-01 4.237288135593221842e-04 4.237288135593221842e-04 4.237288135593221842e-04 4.237288135593221842e-04 4.661016949152543484e-03 4.237288135593221842e-04 4.237288135593221842e-04 1.737288135593220706e-02 4.661016949152543484e-03 4.237288135593221842e-04 3.266949152542373280e-01 3.855932203389831475e-02 7.245762711864409122e-02 3.855932203389831475e-02 5.550847457627119952e-02 4.237288135593221842e-04 4.237288135593221842e-04 4.703389830508475367e-02
5.294117647058824150e-02 2.028397565922921135e-04 2.028397565922921135e-04 1.237322515212981727e-02 2.028397565922921135e-04 2.028397565922921135e-04 2.454361054766734246e-02 5.091277890466532063e-02 9.148073022312373792e-02 6.288032454361054679e-03 2.028397565922921135e-04 2.028397565922921135e-04 2.028397565922921135e-04 2.028397565922921135e-04 2.028397565922921135e-04 2.028397565922921135e-04 1.643002028397565900e-02 2.028397565922921135e-04 3.673427991886409893e-01 7.728194726166329187e-02 2.028397565922921135e-04 2.028397565922921135e-04 1.178498985801217092e-01 2.028397565922921135e-04 8.316430020283975544e-03 2.028397565922921135e-04 2.231237322515212951e-03 2.028397565922921135e-04 3.671399594320486764e-02 1.320486815415821413e-01
4.098360655737705999e-04 1.028688524590164188e-01 2.299180327868853013e-01 4.098360655737705999e-04 2.500000000000000486e-02 4.098360655737705999e-04 4.098360655737705999e-04 4.098360655737705999e-04 4.098360655737705999e-04 1.270491803278688860e-02 4.098360655737705999e-04 2.831967213114754411e-01 4.098360655737705999e-04 4.098360655737705999e-04 4.508196721311476599e-03 4.098360655737705999e-04 8.606557377049182597e-03 4.098360655737705999e-04 4.098360655737705999e-04 3.729508196721312285e-02 4.098360655737705999e-04 2.500000000000000486e-02 6.598360655737707525e-02 1.680327868852459286e-02 2.909836065573771086e-02 1.356557377049180668e-01 1.680327868852459286e-02 4.098360655737705999e-04 4.098360655737705999e-04 4.098360655737705999e-04
4.621848739495800114e-03 1.474789915966386866e-01 7.605042016806724814e-02 8.823529411764709229e-03 2.983193277310924874e-02 4.201680672268908899e-04 4.201680672268908899e-04 4.201680672268908899e-04 2.142857142857143224e-02 4.201680672268908899e-04 4.201680672268908899e-04 2.651260504201681245e-01 4.621848739495800114e-03 4.243697478991597521e-02 4.201680672268908899e-04 4.201680672268908899e-04 4.201680672268908899e-04 4.201680672268908899e-04 1.722689075630252226e-02 5.084033613445379518e-02 4.201680672268908899e-04 3.403361344537815525e-02 1.726890756302521535e-01 4.201680672268908899e-04 8.445378151260507504e-02 4.201680672268908899e-04 4.201680672268908899e-04 3.403361344537815525e-02 4.201680672268908899e-04 4.201680672268908899e-04
1.262589928057553657e-01 3.597122302158272918e-04 3.597122302158272918e-04 1.474820143884891625e-02 4.712230215827337143e-02 1.115107913669064615e-02 3.956834532374099885e-03 3.597122302158272918e-04 3.597122302158272918e-04 7.949640287769782487e-02 3.597122302158272918e-04 3.597122302158272918e-04 3.956834532374099885e-03 3.597122302158272918e-04 1.115107913669064615e-02 3.597122302158272918e-04 1.082733812949640134e-01 3.597122302158272918e-04 1.118705035971222783e-01 2.737410071942445455e-01 3.633093525179854899e-02 3.597122302158272918e-04 3.597122302158272918e-04 3.597122302158272918e-04 3.597122302158272918e-04 3.597122302158272918e-04 3.956834532374099885e-03 1.442446043165467318e-01 1.834532374100718982e-02 3.597122302158272918e-04
2.061855670103092343e-04 2.084536082474226226e-01 3.731958762886597447e-02 8.453608247422677441e-03 2.061855670103092343e-04 2.785567010309277780e-01 2.061855670103092343e-04 1.257731958762886224e-02 2.494845360824741662e-02 2.061855670103092343e-04 2.061855670103092343e-04 6.412371134020616870e-02 2.061855670103092343e-04 6.391752577319585911e-03 1.136082474226803862e-01 2.061855670103092343e-04 2.061855670103092343e-04 5.175257731958762125e-02 2.061855670103092343e-04 2.268041237113401550e-03 2.061855670103092343e-04 5.793814432989689844e-02 1.670103092783504703e-02 2.288659793814432422e-02 2.082474226804123182e-02 2.061855670103092343e-04 7.030927835051545283e-02 2.061855670103092343e-04 2.061855670103092343e-04 2.061855670103092343e-04
1.235059760956175832e-02 3.984063745019922093e-04 3.984063745019922093e-04 8.366533864541836341e-03 3.984063745019922093e-04 5.219123505976096949e-02 4.820717131474105271e-02 4.067729083665339584e-01 3.984063745019922093e-04 3.984063745019922093e-04 5.617529880478089321e-02 3.984063745019922093e-04 3.984063745019922093e-04 3.984063745019922093e-04 3.984063745019922093e-04 3.984063745019922093e-04 3.984063745019922093e-04 3.984063745019922093e-04 3.984063745019922093e-04 1.633466135458167684e-02 3.984063745019922093e-04 8.366533864541836341e-03 2.633466135458167878e-01 3.984063745019922093e-04 1.633466135458167684e-02 3.984063745019922093e-04 4.382470119521914356e-03 7.211155378486058809e-02 8.366533864541836341e-03 2.031872509960160056e-02
3.831417624521072382e-04 2.337164750957853795e-02 3.831417624521072382e-04 3.831417624521072382e-04 3.831417624521072382e-04 3.831417624521072382e-04 9.616858237547891430e-02 2.647509578544060549e-01 8.084291187739461870e-02 2.720306513409960839e-02 9.233716475095783693e-02 1.344827586206896186e-01 3.831417624521072382e-04 3.831417624521072382e-04 4.214559386973179729e-03 3.831417624521072382e-04 3.831417624521072382e-04 3.831417624521072382e-04 8.045977011494251027e-03 3.831417624521072382e-04 4.214559386973179729e-03 3.831417624521072382e-04 8.467432950191569607e-02 1.954022988505746405e-02 3.831417624521072382e-04 9.233716475095783693e-02 3.831417624521072382e-04 6.168582375478926655e-02 3.831417624521072382e-04 3.831417624521072382e-04
4.415204678362571328e-02 4.707602339181285456e-02 6.140350877192980728e-03 2.923976608187133473e-04 1.552631578947367974e-01 2.076023391812864549e-02 4.707602339181285456e-02 3.216374269005847254e-03 6.140350877192980728e-03 1.201754385964911992e-01 2.923976608187133473e-04 2.923976608187133473e-04 4.122807017543857894e-02 2.368421052631577983e-02 2.923976608187133473e-04 1.783625730994151462e-02 1.783625730994151462e-02 2.923976608187133473e-04 1.198830409356724594e-02 2.923976608187133473e-04 2.923976608187133473e-04 9.064327485380115068e-03 2.488304093567250408e-01 1.198830409356724594e-02 3.216374269005847254e-03 1.494152046783625287e-01 2.923976608187133473e-04 2.923976608187133473e-04 1.198830409356724594e-02 2.923976608187133473e-04
4.166666666666668018e-04 2.920833333333333615e-01 2.045833333333333948e-01 4.166666666666668018e-04 4.166666666666668018e-04 1.587500000000000300e-01 4.166666666666668018e-04 4.625000000000000638e-02 4.583333333333335091e-03 4.166666666666668018e-04 8.750000000000002567e-03 1.337500000000000355e-01 4.166666666666668018e-04 4.166666666666668018e-04 4.166666666666668018e-04 4.166666666666668018e-04 4.166666666666668018e-04 1.708333333333333579e-02 4.166666666666668018e-04 4.166666666666668018e-04 4.166666666666668018e-04 1.291666666666667004e-02 5.458333333333334481e-02 4.166666666666668018e-04 1.291666666666667004e-02 4.166666666666668018e-04 4.166666666666668018e-04 4.166666666666668018e-04 4.166666666666668018e-04 4.625000000000000638e-02
4.716981132075473361e-04 4.716981132075473361e-04 8.537735849056606041e-02 4.716981132075473361e-04 4.716981132075473361e-04 1.561320754716981618e-01 6.650943396226416393e-02 4.716981132075473361e-04 5.235849056603774504e-02 1.933962264150943661e-02 5.188679245283020318e-03 2.405660377358491073e-02 4.716981132075473361e-04 5.188679245283020318e-03 5.188679245283020318e-03 3.349056603773585550e-02 4.716981132075473361e-04 4.716981132075473361e-04 4.716981132075473361e-04 4.716981132075473361e-04 9.481132075471701559e-02 9.905660377358493571e-03 2.363207547169811906e-01 2.405660377358491073e-02 5.188679245283020318e-03 9.481132075471701559e-02 6.650943396226416393e-02 9.905660377358493571e-03 4.716981132075473361e-04 4.716981132075473361e-04
4.149377593360996288e-04 4.190871369294605492e-02 4.149377593360996288e-04 4.149377593360996288e-04 4.149377593360996288e-04 2.410788381742738629e-01 4.149377593360996288e-04 4.149377593360996288e-04 4.149377593360996288e-04 4.149377593360996288e-04 4.149377593360996288e-04 5.020746887966804489e-02 4.149377593360996288e-04 1.286307053941908828e-02 1.701244813278008153e-02 2.116182572614107651e-02 2.116182572614107651e-02 7.095435684647304064e-02 4.149377593360996288e-04 1.286307053941908828e-02 1.456431535269709643e-01 2.120331950207468841e-01 4.149377593360996288e-04 4.149377593360996288e-04 1.701244813278008153e-02 2.946058091286306996e-02 1.000000000000000056e-01 4.149377593360996288e-04 4.149377593360996288e-04 4.149377593360996288e-04
1.583011583011582901e-02 1.969111969111968924e-02 8.108108108108108558e-03 3.861003861003860986e-04 3.861003861003860986e-04 1.239382239382239431e-01 2.355212355212354947e-02 1.316602316602316636e-01 3.861003861003860986e-04 3.861003861003860986e-04 3.861003861003860986e-04 2.706563706563706595e-01 1.969111969111968924e-02 3.861003861003860986e-04 3.861003861003860986e-04 1.969111969111968924e-02 3.861003861003860986e-04 3.861003861003860986e-04 3.861003861003860986e-04 4.285714285714285754e-02 8.108108108108108558e-03 1.196911196911196879e-02 9.691119691119691459e-02 3.861003861003860986e-04 4.247104247104247464e-03 2.355212355212354947e-02 3.861003861003860986e-04 1.741312741312741330e-01 3.861003861003860986e-04 3.861003861003860986e-04
2.283105022831049885e-04 5.502283105022830190e-02 3.675799086757990108e-02 2.283105022831049885e-04 4.360730593607305139e-02 2.305936073059360047e-02 6.415525114155250230e-02 3.107305936073058161e-01 2.283105022831049885e-04 3.447488584474885098e-02 1.075342465753424404e-01 4.132420091324200129e-02 2.283105022831049885e-04 2.283105022831049885e-04 2.283105022831049885e-04 4.794520547945204866e-03 2.283105022831049885e-04 2.283105022831049885e-04 2.283105022831049885e-04 7.785388127853878903e-02 2.283105022831049885e-04 2.283105022831049885e-04 1.897260273972602163e-01 2.283105022831049885e-04 2.283105022831049885e-04 2.283105022831049885e-04 2.283105022831049885e-04 2.283105022831049885e-04 2.283105022831049885e-04 7.077625570776254101e-03
3.174603174603173516e-04 3.174603174603173516e-04 2.193650793650792630e-01 2.253968253968252969e-02 5.111111111111110022e-02 4.158730158730156862e-02 3.841269841269839835e-02 3.174603174603173516e-04 1.241269841269840857e-01 1.301587301587301022e-02 3.174603174603173516e-04 3.174603174603173516e-04 6.666666666666664492e-03 3.174603174603173516e-04 3.174603174603173516e-04 3.174603174603173516e-04 3.174603174603173516e-04 3.174603174603173516e-04 2.253968253968252969e-02 9.841269841269838226e-03 3.174603174603173516e-04 3.174603174603173516e-04 9.238095238095235529e-02 1.812698412698412198e-01 3.174603174603173516e-04 1.301587301587301022e-02 3.174603174603173516e-04 3.174603174603173516e-04 3.174603174603173516e-04 1.590476190476189933e-01
4.783599088838267829e-03 1.209567198177676217e-01 6.856492027334849804e-02 2.277904328018222802e-04 2.277904328018222802e-04 1.004555808656036192e-01 1.414578587699316381e-01 2.277904328018222802e-04 2.277904328018222802e-04 4.783599088838267829e-03 2.277904328018222802e-04 7.767653758542139575e-02 2.277904328018222802e-04 9.339407744874711481e-03 1.141230068337129588e-01 2.277904328018222802e-04 6.173120728929383516e-02 2.277904328018222802e-04 2.277904328018222802e-04 3.895216400911161170e-02 2.277904328018222802e-04 2.277904328018222802e-04 2.277904328018222802e-04 7.767653758542139575e-02 1.141230068337129588e-01 4.783599088838267829e-03 5.261958997722094439e-02 4.783599088838267829e-03 2.277904328018222802e-04 2.277904328018222802e-04
1.244979919678715179e-02 4.016064257028113707e-04 4.056224899598394329e-02 4.016064257028113707e-04 4.016064257028113707e-04 3.096385542168675342e-01 4.016064257028113707e-04 4.417670682730925023e-03 4.016064257028113707e-04 4.016064257028113707e-04 1.646586345381526387e-02 1.244979919678715179e-02 4.016064257028113707e-04 4.016064257028113707e-04 1.128514056224899920e-01 3.253012048192771566e-02 7.269076305220885381e-02 6.064257028112451237e-02 4.016064257028113707e-04 4.016064257028113707e-04 2.851405622489960184e-02 1.771084337349398130e-01 4.016064257028113707e-04 4.016064257028113707e-04 4.016064257028113707e-04 1.646586345381526387e-02 4.056224899598394329e-02 5.662650602409639855e-02 4.016064257028113707e-04 4.016064257028113707e-04
3.984063745019921551e-04 1.517928286852590070e-01 3.984063745019921551e-04 4.382470119521913489e-03 3.984063745019921551e-04 2.912350597609562053e-01 3.984063745019921551e-04 3.984063745019921551e-04 4.382470119521913489e-03 3.984063745019921551e-04 8.366533864541834606e-03 3.984063745019921551e-04 3.984063745019921551e-04 3.984063745019921551e-04 8.007968127490042165e-02 3.984063745019921551e-04 3.984063745019921551e-04 9.601593625498010265e-02 3.984063745019921551e-04 3.984063745019921551e-04 3.984063745019921551e-04 1.597609561752988405e-01 1.235059760956175659e-02 3.984063745019921551e-04 3.984063745019921551e-04 3.625498007968128156e-02 3.227091633466135784e-02 1.159362549800797143e-01 3.984063745019921551e-04 3.984063745019921551e-04
2.631578947368419367e-04 2.131578947368419769e-02 4.236842105263155522e-02 2.631578947368419367e-04 7.657894736842101036e-02 1.265789473684209854e-01 4.499999999999997752e-02 2.631578947368419367e-04 2.894736842105261575e-03 2.631578947368419367e-04 2.631578947368419367e-04 7.657894736842101036e-02 2.631578947368419367e-04 2.631578947368419367e-04 3.973684210526313293e-02 5.526315789473681267e-03 5.552631578947365282e-02 6.078947368421049047e-02 2.631578947368419367e-04 1.318421052631578161e-01 2.657894736842103534e-02 7.921052631578942571e-02 2.631578947368419367e-04 6.342105263157891970e-02 2.631578947368419367e-04 3.710526315789471063e-02 8.447368421052627030e-02 2.131578947368419769e-02 2.631578947368419367e-04 2.631578947368419367e-04
3.095975232198141516e-04 3.095975232198141516e-04 3.746130030959751028e-02 3.095975232198141516e-04 3.436532507739936682e-02 3.095975232198141516e-04 3.095975232198141516e-04 1.489164086687305988e-01 3.095975232198141516e-04 3.095975232198141516e-04 1.269349845201237816e-02 3.934984520123837592e-01 3.095975232198141516e-04 3.095975232198141516e-04 3.095975232198141516e-04 3.095975232198141516e-04 3.095975232198141516e-04 3.095975232198141516e-04 5.913312693498450068e-02 3.095975232198141516e-04 3.095975232198141516e-04 3.126934984520122335e-02 7.151702786377707455e-02 3.405572755417955559e-03 3.095975232198141516e-04 3.095975232198141516e-04 3.095975232198141516e-04 1.674922600619194457e-01 3.095975232198141516e-04 3.436532507739936682e-02
