1.048507462686567165e-01 2.988805970149253644e-01 1.272388059701492491e-01 2.649253731343283527e-02 2.649253731343283527e-02 2.649253731343283527e-02 3.287313432835820559e-01 3.731343283582089589e-04 2.649253731343283527e-02 3.395522388059701163e-02
1.619047619047618916e-02 9.873015873015873745e-02 4.158730158730158943e-02 3.336507936507936423e-01 3.174603174603174600e-04 3.492063492063492494e-03 1.019047619047619146e-01 3.019047619047618980e-01 8.285714285714286531e-02 1.936507936507936289e-02
9.417040358744396822e-03 1.529147982062780409e-01 7.668161434977580071e-02 4.085201793721973118e-01 2.156950672645740197e-01 1.390134529147982363e-02 4.484304932735426593e-04 1.125560538116592152e-01 9.417040358744396822e-03 4.484304932735426593e-04
6.121495327102803585e-02 1.266355140186916084e-01 4.672897196261682437e-04 1.126168224299065462e-01 4.672897196261682437e-04 4.672897196261682437e-04 4.672897196261682437e-04 2.200934579439252359e-01 3.836448598130841048e-01 9.392523364485981519e-02
6.161290322580645351e-02 3.258064516129031973e-02 3.196774193548386767e-01 2.003225806451612856e-01 1.100000000000000006e-01 8.741935483870967583e-02 1.000000000000000021e-02 4.225806451612903331e-02 8.096774193548388066e-02 5.516129032258065140e-02
1.800356506238858997e-02 1.782531194295900400e-04 2.711229946524064127e-01 1.392156862745097812e-01 1.782531194295900400e-04 9.821746880570410287e-02 9.090909090909090468e-03 4.048128342245989053e-01 1.782531194295900400e-04 5.900178253119429950e-02
3.832535885167464573e-01 2.444976076555024358e-01 7.703349282296652334e-02 4.784688995215311685e-04 1.488038277511961882e-01 4.784688995215311685e-04 4.784688995215311685e-04 4.784688995215311685e-04 9.138755980861246186e-02 5.311004784688995450e-02
5.244000000000000883e-01 1.484000000000000319e-01 4.440000000000000197e-02 1.044000000000000206e-01 8.840000000000002023e-02 4.000000000000000734e-04 4.000000000000000734e-04 4.000000000000000734e-04 6.440000000000001279e-02 2.440000000000000155e-02
2.942982456140351144e-01 3.074561403508772606e-01 7.061403508771932347e-02 4.385964912280702920e-04 4.385964912280702920e-04 4.385964912280702920e-04 2.942982456140351144e-01 4.385964912280702920e-04 3.114035087719298905e-02 4.385964912280702920e-04
2.854545454545454608e-01 1.824242424242424332e-01 6.060606060606060601e-04 9.757575757575757958e-02 6.060606060606060601e-04 7.939393939393939170e-02 1.460606060606060574e-01 6.060606060606060601e-04 4.909090909090908783e-02 1.581818181818182012e-01
4.931237721021611287e-02 1.239685658153241721e-01 3.752455795677799716e-02 1.001964636542239558e-02 1.964636542239685843e-04 7.681728880157170924e-02 1.986247544204322035e-01 8.860510805500983189e-02 2.770137524557956740e-02 3.872298624754420548e-01
2.639534883720929814e-01 2.019379844961240456e-01 3.875968992248061962e-04 1.205426356589147374e-01 6.627906976744186995e-02 3.875968992248061962e-04 8.178294573643411780e-02 8.178294573643411780e-02 1.786821705426356599e-01 4.263565891472868158e-03
3.846153846153846151e-04 1.196153846153846234e-01 6.961538461538462064e-02 2.734615384615384226e-01 3.846153846153846151e-04 7.346153846153846700e-02 3.846153846153846151e-04 2.965384615384615286e-01 1.196153846153846234e-01 4.653846153846153549e-02
1.831541218637992852e-01 7.204301075268818022e-02 2.186379928315412141e-02 3.584229390681003581e-04 9.713261648745520616e-02 7.204301075268818022e-02 2.512544802867383575e-01 1.469534050179211425e-02 3.584229390681003581e-04 2.870967741935483430e-01
4.030303030303030720e-01 2.168831168831169276e-01 4.329004329004329543e-04 9.090909090909092202e-03 4.329004329004329543e-04 4.761904761904763202e-03 2.515151515151515249e-01 4.329004329004329543e-04 8.268398268398270690e-02 3.073593073593073807e-02
3.030303030303030300e-04 2.124242424242424043e-01 3.030303030303030300e-04 1.033333333333333326e-01 9.121212121212121660e-02 1.545454545454545345e-02 2.487878787878787801e-01 3.333333333333333547e-03 6.393939393939394866e-02 2.609090909090908683e-01
3.200819672131148264e-01 1.889344262295082344e-01 2.090163934426229886e-02 4.098360655737705999e-04 4.098360655737705999e-04 2.500000000000000486e-02 2.668032786885246033e-01 4.098360655737705999e-04 4.098360655737705999e-04 1.766393442622951337e-01
4.923387096774193838e-01 1.697580645161290702e-01 4.032258064516129571e-04 1.250000000000000243e-02 1.697580645161290702e-01 4.032258064516129571e-04 1.133064516129032445e-01 4.032258064516129571e-04 2.056451612903225853e-02 2.056451612903225853e-02
3.741839762611275932e-01 2.436201780415430118e-01 2.967359050445104291e-04 4.777448071216617437e-02 2.967359050445104291e-04 2.967359050445104291e-04 2.258160237388723846e-01 2.967359050445104291e-04 5.667655786350148800e-02 5.074183976261128354e-02
2.717391304347826120e-04 1.225543478260869568e-01 1.388586956521739302e-01 2.067934782608695510e-01 4.918478260869565272e-02 2.717391304347826120e-04 2.717391304347826120e-04 3.616847826086956319e-01 2.989130434782608786e-03 1.171195652173913082e-01
4.524886877828054486e-04 1.588235294117647245e-01 1.678733031674208287e-01 2.674208144796380027e-01 3.714932126696832149e-01 1.855203619909502263e-02 4.977375565610860260e-03 4.524886877828054486e-04 4.524886877828054486e-04 9.502262443438914963e-03
5.952380952380952918e-04 1.017857142857142988e-01 5.952380952380952918e-04 2.922619047619047783e-01 2.029761904761904767e-01 8.392857142857142183e-02 5.952380952380952918e-04 1.851190476190476275e-01 7.797619047619047672e-02 5.416666666666666158e-02
3.417670682730923892e-01 2.851405622489960184e-02 1.610441767068273300e-01 4.457831325301205017e-02 4.056224899598393635e-02 1.650602409638554369e-01 2.172690763052209095e-01 4.016064257028113165e-04 4.016064257028113165e-04 4.016064257028113165e-04
5.847953216374269115e-04 1.994152046783625731e-01 3.567251461988303618e-02 4.859649122807017108e-01 8.245614035087718563e-02 5.847953216374269115e-04 5.847953216374269115e-04 1.701754385964912297e-01 2.397660818713450229e-02 5.847953216374269115e-04
1.710317460317460625e-01 4.801587301587301876e-02 4.488095238095238249e-01 3.968253968253968793e-04 1.630952380952381264e-01 1.670634920634920806e-01 3.968253968253968793e-04 3.968253968253968793e-04 3.968253968253968793e-04 3.968253968253968793e-04
1.568750000000000144e-01 1.381249999999999978e-01 1.631250000000000200e-01 6.250000000000000130e-04 6.250000000000000130e-04 1.381249999999999978e-01 3.943750000000000311e-01 6.250000000000000130e-04 6.250000000000000130e-04 6.875000000000000902e-03
1.525362318840579878e-01 9.818840579710146066e-02 3.623188405797101493e-04 7.608695652173913353e-03 2.934782608695651884e-02 9.818840579710146066e-02 1.960144927536232040e-01 7.608695652173913353e-03 1.851449275362318792e-01 2.250000000000000056e-01
4.885714285714286287e-02 2.345714285714285419e-01 2.857142857142857357e-04 1.545714285714285818e-01 4.314285714285714252e-02 3.142857142857142985e-03 2.857142857142857357e-04 2.885714285714285551e-02 4.859999999999999876e-01 2.857142857142857357e-04
4.166666666666666934e-04 1.920833333333333282e-01 2.629166666666666874e-01 1.212500000000000105e-01 3.670833333333333171e-01 4.166666666666666934e-04 5.041666666666666519e-02 4.583333333333333356e-03 4.166666666666666934e-04 4.166666666666666934e-04
1.898678414096916234e-01 6.651982378854624789e-02 6.651982378854624789e-02 2.162995594713656433e-01 4.405286343612334994e-04 2.246696035242290446e-02 4.405286343612334994e-04 1.854625550660793099e-01 2.515418502202643181e-01 4.405286343612334994e-04
3.343980343980343939e-01 1.034398034398034405e-01 2.457002457002456942e-04 5.184275184275184689e-02 2.235872235872235839e-02 6.412776412776413637e-02 3.417690417690417704e-01 2.457002457002456942e-04 2.457002457002456942e-04 8.132678132678132499e-02
3.620535714285714746e-01 7.187500000000002220e-02 1.879464285714285976e-01 8.526785714285715911e-02 1.209821428571428853e-01 1.343750000000000222e-01 4.910714285714286483e-03 3.169642857142857678e-02 4.464285714285715231e-04 4.464285714285715231e-04
2.393939393939393812e-01 2.326599326599326500e-01 1.080808080808080829e-01 2.727272727272727140e-02 2.023569023569023739e-01 3.737373737373737154e-02 1.518518518518518490e-01 3.367003367003367181e-04 3.367003367003367181e-04 3.367003367003367181e-04
7.098290598290598608e-01 8.162393162393163926e-02 4.273504273504274043e-04 8.162393162393163926e-02 4.700854700854701501e-03 4.273504273504274043e-04 4.273504273504274043e-04 3.888888888888888951e-02 8.162393162393163926e-02 4.273504273504274043e-04
1.427698574338085447e-01 1.162932790224032592e-01 2.036659877800407411e-04 1.570264765784114003e-01 6.313645621181263219e-03 2.036659877800407411e-04 1.038696537678207750e-02 1.509164969450101645e-01 3.423625254582484678e-01 7.352342158859470622e-02
4.177685950413223548e-01 1.285123966942149087e-01 8.677685950413224769e-03 1.694214876033058037e-02 3.760330578512396937e-02 3.347107438016529157e-02 1.946280991735537536e-01 4.132231404958678668e-04 4.132231404958678668e-04 1.615702479338843311e-01
4.199152542372881491e-01 2.377118644067796882e-01 4.237288135593221300e-04 2.584745762711864597e-02 7.245762711864407735e-02 8.898305084745764676e-03 5.550847457627119258e-02 4.237288135593221300e-04 1.233050847457627386e-01 5.550847457627119258e-02
3.623188405797101493e-04 3.623188405797101493e-04 1.847826086956521480e-02 3.735507246376811308e-01 3.623188405797101493e-04 3.623188405797101493e-04 1.887681159420289967e-01 2.793478260869565188e-01 9.094202898550725334e-02 4.746376811594203021e-02
2.051759834368529767e-01 4.575569358178054047e-02 3.521739130434782261e-01 2.277432712215321248e-03 2.196687370600413913e-01 1.161490683229813720e-01 3.954451345755694014e-02 6.418219461697722769e-03 2.070393374741200815e-04 1.262939958592132483e-02
4.016064257028112623e-04 9.678714859437750895e-02 4.016064257028112623e-04 1.208835341365461918e-01 1.168674698795180711e-01 2.048192771084337074e-02 4.016064257028112623e-04 4.016064257028112623e-04 6.148594377510040454e-01 2.851405622489959837e-02
2.050193050193050148e-01 1.586872586872586921e-01 3.861003861003860986e-04 1.355212355212355169e-01 1.239382239382239431e-01 3.861003861003860986e-04 3.861003861003860986e-04 4.671814671814671777e-02 3.285714285714285698e-01 3.861003861003860986e-04
4.147058823529411326e-02 2.885294117647058676e-01 1.794117647058823470e-02 1.973529411764705643e-01 2.941176470588235579e-04 2.941176470588235579e-04 1.499999999999999944e-02 2.208823529411764464e-01 1.885294117647058620e-01 2.970588235294117571e-02
2.945378151260504285e-01 2.651260504201681245e-01 6.344537815126051472e-02 4.201680672268908357e-04 2.189075630252101112e-01 4.621848739495799246e-03 1.054621848739495937e-01 4.201680672268908357e-04 8.823529411764707495e-03 3.823529411764706176e-02
6.714285714285714302e-02 1.957142857142857295e-01 2.861904761904762173e-01 4.809523809523809368e-02 2.195238095238095377e-01 5.285714285714285254e-02 4.761904761904761901e-04 3.380952380952381015e-02 3.857142857142856901e-02 5.761904761904761835e-02
1.761506276150627825e-01 2.970711297071130033e-02 3.351464435146443432e-01 4.184100418410042674e-04 7.573221757322176617e-02 2.305439330543933296e-01 1.510460251046025215e-01 4.184100418410042674e-04 4.184100418410042674e-04 4.184100418410042674e-04
4.361867704280155689e-01 1.677042801556420382e-01 5.875486381322957141e-02 8.210116731517509703e-02 1.206225680933852192e-02 3.891050583657587819e-04 3.929961089494163340e-02 1.984435797665369539e-02 1.832684824902723886e-01 3.891050583657587819e-04
1.034403669724770630e-01 1.745412844036696998e-01 2.293577981651376274e-04 1.905963302752293476e-01 4.839449541284403938e-02 2.293577981651376274e-04 2.293577981651376274e-04 2.087155963302752062e-02 4.520642201834862428e-01 9.403669724770640989e-03
1.309904153354632395e-02 8.019169329073483343e-02 3.194888178913738103e-04 7.380191693290735766e-02 2.587859424920127549e-02 3.194888178913738103e-04 2.495207667731629275e-01 8.658146964856230920e-02 2.015974440894568731e-01 2.686900958466453271e-01
1.443935926773455281e-01 1.100686498855835277e-01 7.803203661327232088e-02 4.805491990846681889e-03 3.549199084668192006e-01 5.057208237986270116e-02 1.627002288329519319e-01 2.288329519450801029e-04 2.288329519450801029e-04 9.405034324942791735e-02
8.542510121457491667e-02 1.502024291497975894e-01 3.971659919028340258e-01 2.874493927125506415e-02 8.137651821862350310e-02 1.947368421052631804e-01 6.113360323886640052e-02 4.048582995951417914e-04 4.048582995951417914e-04 4.048582995951417914e-04
5.261044176706827086e-02 1.971887550200803196e-01 2.052208835341365611e-01 6.867469879518073306e-02 2.493975903614457923e-01 2.212851405622489886e-01 4.016064257028112623e-04 4.417670682730924156e-03 4.016064257028112623e-04 4.016064257028112623e-04
1.007936507936507964e-01 1.219576719576719592e-01 2.304232804232804188e-01 1.563492063492063489e-01 7.433862433862434282e-02 1.140211640211640232e-01 1.007936507936507964e-01 7.169312169312169747e-02 2.645502645502645681e-04 2.936507936507936484e-02
4.956386292834890628e-01 1.218068535825545251e-01 3.115264797507788291e-04 5.015576323987539636e-02 4.704049844236760092e-02 2.834890965732086987e-02 1.588785046728971931e-02 3.115264797507788291e-04 2.401869158878504606e-01 3.115264797507788291e-04
3.632911392405063222e-01 1.016877637130801787e-01 7.215189873417722499e-02 4.219409282700422020e-04 1.734177215189873500e-01 3.839662447257383843e-02 1.016877637130801787e-01 2.995780590717299352e-02 4.219409282700422020e-04 1.185654008438818685e-01
1.283536585365853688e-01 1.984756097560975430e-01 2.076219512195121852e-01 5.213414634146341931e-02 2.228658536585365613e-01 1.554878048780487625e-02 8.567073170731707987e-02 3.048780487804878046e-04 3.689024390243902246e-02 5.213414634146341931e-02
4.405286343612334994e-04 6.211453744493392048e-02 1.325991189427312700e-01 1.986784140969163059e-01 1.854625550660793099e-01 7.092511013215860305e-02 6.211453744493392048e-02 1.414096916299559525e-01 8.414096916299559914e-02 6.211453744493392048e-02
1.581280788177339969e-01 1.384236453201970474e-01 3.990147783251231373e-02 6.453201970443349367e-02 4.926108374384237159e-04 4.926108374384237159e-04 3.600985221674876668e-01 4.926108374384237159e-04 1.630541871921182273e-01 7.438423645320196842e-02
3.476426799007443780e-01 2.409429280397022144e-01 4.243176178660049841e-02 2.481389578163771710e-04 4.987593052109181441e-02 2.481389578163771710e-04 2.062034739454094157e-01 2.481389578163771710e-04 4.739454094292804009e-02 6.476426799007443946e-02
4.587155963302752548e-04 1.422018348623853290e-02 2.527522935779816793e-01 2.206422018348623837e-01 1.880733944954128198e-02 5.550458715596329889e-02 4.587155963302752548e-04 4.224770642201834403e-01 5.045871559633027803e-03 9.633027522935780351e-03
1.168284789644012944e-01 3.268608414239482229e-02 6.572815533980582714e-01 3.559870550161812509e-03 3.236245954692556679e-04 1.233009708737864141e-01 2.297734627831714976e-02 3.592233009708737518e-02 6.796116504854368863e-03 3.236245954692556679e-04
1.345637583892617395e-01 1.345637583892617395e-01 4.063758389261744597e-01 1.040268456375838951e-02 1.647651006711409460e-01 8.422818791946309891e-02 3.724832214765100291e-02 3.691275167785235296e-03 2.382550335570469621e-02 3.355704697986577542e-04
1.623239436619718368e-01 6.725352112676057093e-02 5.003521126760562820e-01 3.521126760563380470e-04 1.517605633802816822e-01 1.165492957746478986e-01 3.521126760563380470e-04 3.521126760563380470e-04 3.521126760563380470e-04 3.521126760563380470e-04
1.404312668463611746e-01 1.566037735849056534e-01 8.355795148247977325e-03 6.765498652291104809e-02 7.574123989218328745e-02 1.458221024258759824e-01 1.296495956873315314e-01 6.765498652291104809e-02 1.673854447439352966e-01 4.070080862533691918e-02
2.848341232227488140e-01 1.236966824644549767e-01 7.156398104265403182e-02 8.104265402843602306e-02 3.843601895734596874e-01 4.739336492890995406e-04 4.312796208530805808e-02 4.739336492890995406e-04 9.952606635071090460e-03 4.739336492890995406e-04
1.680628272251308841e-01 1.680628272251308841e-01 7.905759162303664656e-02 5.235602094240838231e-04 3.722513089005235476e-01 3.193717277486910616e-02 1.471204188481675390e-01 5.235602094240838231e-04 3.193717277486910616e-02 5.235602094240838231e-04
4.901960784313725422e-04 2.014705882352941235e-01 2.990196078431372334e-02 1.720588235294117641e-01 3.681372549019607532e-01 4.901960784313725422e-04 2.990196078431372334e-02 5.931372549019607587e-02 1.377450980392156965e-01 4.901960784313725422e-04
1.917293233082706730e-02 6.804511278195489454e-02 6.052631578947369195e-02 5.154135338345864348e-01 1.917293233082706730e-02 3.759398496240601729e-04 6.804511278195489454e-02 1.808270676691729473e-01 6.804511278195489454e-02 3.759398496240601729e-04
3.485185185185185053e-01 1.188888888888888912e-01 1.337037037037037135e-01 1.888888888888888909e-02 2.522222222222221810e-01 4.074074074074074577e-03 8.925925925925926041e-02 3.703703703703704062e-04 3.370370370370370100e-02 3.703703703703704062e-04
4.716981132075471735e-04 7.122641509433962070e-02 4.716981132075471735e-04 1.750000000000000167e-01 4.716981132075471735e-04 4.764150943396226051e-02 2.877358490566037444e-02 4.249999999999999889e-01 4.716981132075471735e-04 2.504716981132075748e-01
4.012145748987854255e-01 2.028340080971660075e-01 4.048582995951417914e-04 7.327935222672066207e-02 1.056680161943319984e-01 8.502024291497977185e-03 2.068825910931174350e-01 4.048582995951417914e-04 4.048582995951417914e-04 4.048582995951417914e-04
3.952879581151832328e-02 1.730366492146596658e-01 2.617801047120419116e-04 2.280104712041884640e-01 5.497382198952879655e-03 2.905759162303664725e-02 4.476439790575916650e-02 3.458115183246073254e-01 9.712041884816753623e-02 3.691099476439790167e-02
2.916666666666666713e-02 1.798076923076923073e-01 2.278846153846153799e-01 1.509615384615384526e-01 9.326923076923077094e-02 4.839743589743589897e-02 3.205128205128205125e-04 2.022435897435897467e-01 6.762820512820513774e-02 3.205128205128205125e-04
2.851405622489959837e-02 1.690763052208835437e-01 4.016064257028112623e-04 1.248995983935742987e-01 1.128514056224899642e-01 4.016064257028112623e-04 1.244979919678714832e-02 8.875502008032129519e-02 3.738955823293172442e-01 8.875502008032129519e-02
1.723032069970845404e-01 1.548104956268221699e-01 1.606413994169096360e-01 1.486880466472303118e-02 3.268221574344022939e-01 3.527696793002915027e-02 1.314868804664723057e-01 3.206997084548105122e-03 2.915451895043731732e-04 2.915451895043731732e-04
3.462264150943396013e-01 6.320754716981132060e-02 3.053459119496855223e-01 3.459119496855346011e-03 1.449685534591194924e-01 5.691823899371069306e-02 7.893081761006290331e-02 3.144654088050314851e-04 3.144654088050314851e-04 3.144654088050314851e-04
4.245535714285714746e-01 1.075892857142857345e-01 1.879464285714285976e-01 4.464285714285715231e-04 1.790178571428571730e-01 4.464285714285715231e-04 9.866071428571430990e-02 4.464285714285715231e-04 4.464285714285715231e-04 4.464285714285715231e-04
1.404471544715447107e-01 4.491869918699187281e-02 2.888211382113821113e-01 3.272357723577236366e-02 1.567073170731707321e-01 1.201219512195122047e-01 1.363821138211382122e-01 7.947154471544715104e-02 2.032520325203252031e-04 2.032520325203252031e-04
2.741444866920152434e-01 7.642585551330800808e-02 1.752851711026616466e-01 3.802281368821293622e-04 3.577946768060837335e-01 3.802281368821293622e-04 5.741444866920153434e-02 4.182509505703423634e-03 3.802281368821293622e-04 5.361216730038023681e-02
2.103053435114503877e-01 1.988549618320610834e-01 2.599236641221374100e-01 6.145038167938932094e-02 1.874045801526717514e-01 3.816793893129770952e-04 3.816793893129770952e-04 3.816793893129770952e-04 1.564885496183205868e-02 6.526717557251908441e-02
2.293577981651376274e-04 4.839449541284403938e-02 2.775229357798164945e-02 2.364678899082568730e-01 2.522935779816513902e-03 2.293577981651376274e-04 1.424311926605504597e-01 1.745412844036696998e-01 3.672018348623853345e-01 2.293577981651376274e-04
7.479338842975206958e-02 3.760330578512396243e-02 2.979338842975206569e-01 9.545454545454545858e-02 1.243801652892562032e-01 8.719008264462810298e-02 4.132231404958678126e-04 2.359504132231405038e-01 4.586776859504131804e-02 4.132231404958678126e-04
2.354477611940298531e-01 7.500000000000001110e-02 2.429104477611939983e-01 7.873134328358209755e-02 1.347014925373134497e-01 3.731343283582089589e-04 1.902985074626865544e-02 1.011194029850746301e-01 1.123134328358209033e-01 3.731343283582089589e-04
3.224832214765100402e-01 2.251677852348993036e-01 4.395973154362416147e-02 3.355704697986577542e-04 1.312080536912751672e-01 1.916107382550335525e-01 6.073825503355705091e-02 3.355704697986577542e-04 3.355704697986577542e-04 2.382550335570469621e-02
4.214559386973180596e-03 2.264367816091954200e-01 3.831417624521072924e-04 3.145593869731800329e-01 8.850574712643678732e-02 3.831417624521072924e-04 8.467432950191570995e-02 2.647509578544061104e-01 1.570881226053639709e-02 3.831417624521072924e-04
4.385964912280702378e-04 9.254385964912283102e-02 5.574561403508772051e-01 1.100877192982456371e-01 6.622807017543860808e-02 4.385964912280702378e-04 4.824561403508773050e-03 1.671052631578947567e-01 4.385964912280702378e-04 4.385964912280702378e-04
2.696581196581196438e-01 1.499999999999999944e-01 1.115384615384615447e-01 2.179487179487179377e-02 1.286324786324786473e-01 4.273504273504273501e-04 1.115384615384615447e-01 1.072649572649572725e-01 9.871794871794872805e-02 4.273504273504273501e-04
1.563583815028901647e-01 9.566473988439307130e-02 3.008670520231213619e-01 3.208092485549132733e-02 1.072254335260115626e-01 1.390173410404624277e-01 8.988439306358382563e-02 6.098265895953757648e-02 2.890173410404624460e-04 1.763005780346820622e-02
2.458483754512635067e-01 1.303249097472924112e-01 2.061371841155234808e-01 9.422382671480145078e-02 4.368231046931407568e-02 3.610108303249097818e-04 1.592057761732852128e-01 3.610108303249097818e-04 6.173285198555956976e-02 5.812274368231047650e-02
2.911764705882352589e-01 2.160130718954248186e-01 3.267973856209150643e-04 1.114379084967320327e-01 5.588235294117647328e-02 3.267973856209150643e-04 1.310457516339869344e-01 3.267973856209150643e-04 1.539215686274509887e-01 3.954248366013071725e-02
1.734982332155477203e-01 5.335689045936395369e-02 2.653710247349823081e-01 7.102473498233216609e-02 3.533568904593639964e-04 1.098939929328622001e-01 1.487632508833922340e-01 3.533568904593639964e-04 2.862190812720847785e-02 1.487632508833922340e-01
1.313624678663239120e-01 4.910025706940874396e-02 5.681233933161954075e-02 2.110539845758354627e-01 2.570694087403599328e-04 6.709511568123394110e-02 6.195372750642674092e-02 1.879177377892030654e-01 2.341902313624678600e-01 2.570694087403599328e-04
3.947154471544715992e-01 1.020325203252032825e-01 9.796747967479677022e-02 4.471544715447155552e-03 9.390243902439027179e-02 8.536585365853660914e-03 2.768292682926829507e-01 4.065040650406505146e-04 4.065040650406505146e-04 2.073170731707317527e-02
2.431428571428571328e-01 2.174285714285714155e-01 1.174285714285714377e-01 9.457142857142857018e-02 1.088571428571428606e-01 5.457142857142857628e-02 4.314285714285714252e-02 1.742857142857142869e-02 4.314285714285714252e-02 6.028571428571428970e-02
2.051912568306010765e-01 1.560109289617486461e-01 5.218579234972677700e-02 1.751366120218579014e-01 1.505464480874317001e-01 2.732240437158469943e-04 1.068306010928961741e-01 4.945355191256831096e-02 1.013661202185792420e-01 3.005464480874317154e-03
1.541208791208791284e-01 1.870879120879120616e-01 2.090659340659340448e-01 1.129120879120879134e-01 2.225274725274725349e-02 1.293956043956044077e-01 9.642857142857143293e-02 2.747252747252747250e-04 5.769230769230769551e-03 8.269230769230768996e-02
2.319148936170212505e-01 9.007092198581560794e-02 1.018912529550827506e-01 2.364066193853428055e-04 2.366430260047281131e-01 9.952718676122931929e-02 1.704491725768321475e-01 2.364066193853428055e-04 2.364066193853428055e-04 6.879432624113475392e-02
1.367688022284122562e-01 1.228412256267409491e-01 2.064066852367687777e-01 1.534818941504178247e-01 1.674094707520891456e-01 2.785515320334261955e-04 6.155988857938719111e-02 4.206128133704735428e-02 1.089136490250696421e-01 2.785515320334261955e-04
1.543243243243243301e-01 2.516216216216216051e-01 2.702702702702702744e-04 2.702702702702702744e-04 5.162162162162162865e-02 1.570270270270270330e-01 1.732432432432432223e-01 2.702702702702702744e-04 2.702702702702702744e-04 2.110810810810810623e-01
2.471365638766519768e-01 1.634361233480176312e-01 4.008810572687224183e-02 4.405286343612334994e-04 3.352422907488986636e-01 6.651982378854624789e-02 1.237885462555066152e-01 4.405286343612334994e-04 1.365638766519823750e-02 9.251101321585903162e-03
1.674632352941176350e-01 2.224264705882353019e-02 4.468749999999999667e-01 6.452205882352941846e-02 1.049632352941176489e-01 8.474264705882353366e-02 1.838235294117647033e-04 6.084558823529412352e-02 4.797794117647059126e-02 1.838235294117647033e-04
4.385964912280702378e-04 4.385964912280702378e-04 7.938596491228071261e-02 2.675438596491228407e-02 9.210526315789474561e-03 6.622807017543860808e-02 4.385964912280702378e-04 7.372807017543859809e-01 4.385964912280702378e-04 7.938596491228071261e-02
1.512589928057553879e-01 2.715827338129496449e-02 3.473021582733812895e-01 5.413669064748201365e-02 2.555755395683453335e-01 8.471223021582734158e-02 1.798561151079136730e-04 7.931654676258993730e-02 1.798561151079136730e-04 1.798561151079136730e-04
1.914634146341463450e-01 1.386178861788617822e-01 2.321138211382113847e-01 6.138211382113820808e-02 1.995934959349593418e-01 5.731707317073170271e-02 8.536585365853659180e-03 4.471544715447154685e-03 1.060975609756097671e-01 4.065040650406504062e-04
2.204244031830238648e-01 1.328912466843501228e-01 1.620689655172413701e-01 1.912466843501326175e-01 5.570291777188329102e-03 5.066312997347480196e-02 6.923076923076923461e-02 1.037135278514588893e-01 6.392572944297082727e-02 2.652519893899204541e-04
3.244000000000000217e-01 1.404000000000000248e-01 2.164000000000000368e-01 4.000000000000000734e-04 2.244000000000000439e-01 6.040000000000000230e-02 4.000000000000000734e-04 4.000000000000000734e-04 4.000000000000000734e-04 3.240000000000000518e-02
1.040740740740740827e-01 5.592592592592592754e-02 4.040740740740740300e-01 6.703703703703704775e-02 1.188888888888888912e-01 1.225925925925926002e-01 3.703703703703704062e-04 1.188888888888888912e-01 3.703703703703704062e-04 7.777777777777778422e-03
7.701149425287355521e-02 1.727969348659003646e-01 1.727969348659003646e-01 9.233716475095783693e-02 2.379310344827585688e-01 3.831417624521072382e-04 2.337164750957853795e-02 6.551724137931033698e-02 1.536398467432949777e-01 4.214559386973179729e-03
1.629716981132075249e-01 2.124999999999999944e-01 1.865566037735849059e-01 2.358490566037735867e-04 2.714622641509433776e-01 2.853773584905660438e-02 7.806603773584905315e-02 1.202830188679245189e-02 4.740566037735849392e-02 2.358490566037735867e-04
2.215533980582524154e-01 6.038834951456310829e-02 2.293203883495145423e-01 7.203883495145631255e-02 1.477669902912621125e-01 6.427184466019417175e-02 8.563106796116505548e-02 6.233009708737864696e-02 1.941747572815534116e-04 5.650485436893204483e-02
2.909523809523809623e-01 9.571428571428572396e-02 2.290476190476190554e-01 1.147619047619047733e-01 1.000000000000000021e-02 1.000000000000000021e-02 5.238095238095238741e-03 2.904761904761904434e-02 2.004761904761904745e-01 1.476190476190476254e-02
3.498886414253897237e-01 1.561247216035634711e-01 7.371937639198218595e-02 9.153674832962138685e-02 1.783964365256124618e-01 8.708240534521158316e-02 2.227171492204899842e-04 2.227171492204899842e-04 5.144766146993318828e-02 1.135857461024498798e-02
3.731343283582089589e-04 6.007462686567164450e-02 3.731343283582089589e-04 4.182835820895522416e-01 2.018656716417910613e-01 4.141791044776119146e-02 4.104477611940299253e-03 1.309701492537313494e-01 6.753731343283582433e-02 7.500000000000001110e-02
4.190311418685120914e-01 1.041522491349480967e-01 9.031141868512111703e-02 9.031141868512111703e-02 9.377162629757786194e-02 3.806228373702422348e-03 6.955017301038063371e-02 3.840830449826989484e-02 9.031141868512111703e-02 3.460207612456747835e-04
1.508130081300813330e-01 5.325203252032521123e-02 5.207317073170731891e-01 3.292682926829268442e-02 3.699186991869918978e-02 1.833333333333333481e-01 4.065040650406504604e-04 4.065040650406504604e-04 2.073170731707317180e-02 4.065040650406504604e-04
2.957777777777777506e-01 9.800000000000000377e-02 1.802222222222222003e-01 9.111111111111109759e-03 1.335555555555555662e-01 1.513333333333333197e-01 4.022222222222222865e-02 2.222222222222222329e-04 9.133333333333333581e-02 2.222222222222222329e-04
4.325806451612903003e-01 8.096774193548388066e-02 1.164516129032258096e-01 4.548387096774193089e-02 1.422580645161290458e-01 1.229032258064516187e-01 3.225806451612903223e-04 3.225806451612903223e-04 5.838709677419355593e-02 3.225806451612903223e-04
2.612318840579709867e-01 4.746376811594203021e-02 3.010869565217391131e-01 7.644927536231885257e-02 1.271739130434782761e-01 1.054347826086956541e-01 3.623188405797101493e-04 3.623188405797101493e-04 8.007246376811594235e-02 3.623188405797101493e-04
4.397489539748954401e-01 2.552301255230125798e-02 2.765690376569037712e-01 9.246861924686193557e-02 1.217573221757322355e-01 3.807531380753138156e-02 4.184100418410042674e-04 4.602510460251047104e-03 4.184100418410042674e-04 4.184100418410042674e-04
4.478260869565217628e-01 1.062111801242236336e-01 1.931677018633540799e-01 3.788819875776398144e-02 6.211180124223603799e-04 8.757763975155280489e-02 5.652173913043478937e-02 6.211180124223603799e-04 5.652173913043478937e-02 1.304347826086956798e-02
1.636842105263157932e-01 1.531578947368421040e-01 5.263157894736841987e-04 2.005263157894736914e-01 1.057894736842105304e-01 5.789473684210526619e-03 4.263157894736841619e-02 3.736842105263157854e-02 4.789473684210526078e-02 2.426315789473684204e-01
3.289473684210526242e-04 2.174342105263157576e-01 1.055921052631579038e-01 4.638157894736841952e-02 7.598684210526315819e-02 1.019736842105263205e-02 1.154605263157894718e-01 2.335526315789473659e-02 4.016447368421052211e-01 3.618421052631579354e-03
7.342657342657343301e-03 1.192307692307692374e-01 3.496503496503496500e-04 3.185314685314685201e-01 1.472027972027972198e-01 3.496503496503496500e-04 8.776223776223776585e-02 1.437062937062937029e-01 6.678321678321678945e-02 1.087412587412587422e-01
1.437500000000000167e-01 1.253676470588235281e-01 1.143382352941176572e-01 3.345588235294117557e-02 8.492647058823529771e-02 3.676470588235294067e-04 6.654411764705882304e-02 1.878676470588235281e-01 1.694852941176470673e-01 7.389705882352941291e-02
1.026156941649899318e-02 2.094567404426559143e-01 4.647887323943662025e-02 2.054325955734406239e-01 4.225352112676056780e-03 4.446680080482897507e-02 4.446680080482897507e-02 1.712273641851106420e-01 2.255533199195171035e-01 3.843058350100603954e-02
3.831417624521072924e-04 7.701149425287356909e-02 6.168582375478928043e-02 3.375478927203064972e-01 2.609195402298850608e-01 6.168582375478928043e-02 1.570881226053639709e-02 4.636015325670497789e-02 4.214559386973180596e-03 1.344827586206896741e-01
4.525000000000000550e-02 2.752499999999999947e-01 5.525000000000000050e-02 2.752499999999999947e-01 1.302500000000000047e-01 2.500000000000000052e-04 2.500000000000000052e-04 1.774999999999999842e-02 2.002499999999999836e-01 2.500000000000000052e-04
2.994011976047904157e-04 2.098802395209580784e-01 2.994011976047904157e-04 5.718562874251497535e-02 1.227544910179640542e-02 2.994011976047904157e-04 7.814371257485031030e-02 2.994011976047904157e-04 6.080838323353293662e-01 3.323353293413173343e-02
1.897959183673469108e-01 1.810495626822157533e-01 6.122448979591837287e-03 7.900874635568513882e-02 2.915451895043731732e-04 2.915451895043731732e-04 1.081632653061224553e-01 9.037900874635568585e-03 4.259475218658891893e-01 2.915451895043731732e-04
1.248927038626609504e-01 5.193133047210300030e-02 4.291845493562232070e-04 1.463519313304721126e-01 2.064377682403433500e-01 4.291845493562232070e-04 4.291845493562232070e-04 2.407725321888412040e-01 1.377682403433476421e-01 9.055793991416309641e-02
4.545454545454545451e-04 1.004545454545454630e-01 1.409090909090909144e-02 4.004545454545454519e-01 5.954545454545454725e-02 4.545454545454545451e-04 7.772727272727272818e-02 2.595454545454545792e-01 8.681818181818182212e-02 4.545454545454545451e-04
9.186440677966102586e-02 1.020338983050847470e-01 2.274576271186440624e-01 7.152542372881356969e-02 4.579661016949152508e-01 3.389830508474576498e-04 2.406779661016949026e-02 3.389830508474576498e-04 2.406779661016949026e-02 3.389830508474576498e-04
4.347826086956521900e-04 9.173913043478261475e-02 4.347826086956521900e-04 1.526086956521739146e-01 3.521739130434782539e-02 4.347826086956521900e-04 8.739130434782609036e-02 3.526086956521738980e-01 2.352173913043478226e-01 4.391304347826086724e-02
2.760204081632653406e-01 8.724489795918367874e-02 5.102040816326531072e-04 5.102040816326531072e-04 2.403061224489795866e-01 1.076530612244898100e-01 1.994897959183673519e-01 2.091836734693877306e-02 6.683673469387754751e-02 5.102040816326531072e-04
2.147619047619047650e-01 1.052380952380952417e-01 1.147619047619047733e-01 4.761904761904761901e-04 4.623809523809523370e-01 5.285714285714285254e-02 1.952380952380952314e-02 4.761904761904761901e-04 2.904761904761904434e-02 4.761904761904761901e-04
3.667938931297709537e-01 6.526717557251908441e-02 8.053435114503817993e-02 6.145038167938932094e-02 2.828244274809160186e-01 8.015267175572519595e-03 3.091603053435114379e-02 3.816793893129770952e-04 1.034351145038168024e-01 3.816793893129770952e-04
6.116279069767441845e-01 3.355481727574750883e-02 3.023255813953488330e-02 1.066445182724252566e-01 7.342192691029900131e-02 2.691029900332225777e-02 4.019933554817275295e-02 3.322259136212624771e-04 7.674418604651163378e-02 3.322259136212624771e-04
1.864963503649635090e-01 5.875912408759124267e-02 5.510948905109488982e-02 4.781021897810219107e-02 3.649635036496350678e-04 3.649635036496350678e-04 7.335766423357664712e-02 1.208029197080291994e-01 4.310218978102189347e-01 2.591240875912408786e-02
8.585526315789474006e-02 1.549342105263157854e-01 2.634868421052631304e-01 3.322368421052631499e-02 2.240131578947368307e-01 6.611842105263159020e-02 1.154605263157894718e-01 3.651315789473683765e-02 2.006578947368421045e-02 3.289473684210526242e-04
5.353982300884955331e-02 1.287610619469026496e-01 4.424778761061947383e-04 3.190265486725663568e-01 1.818584070796460117e-01 1.371681415929203521e-02 4.867256637168142393e-03 1.907079646017699193e-01 1.814159292035398205e-02 8.893805309734513498e-02
2.652173913043478493e-01 1.584980237154150484e-01 1.110671936758893530e-01 5.573122529644269907e-02 3.126482213438735447e-01 3.952569169960475342e-04 4.387351778656127521e-02 3.952569169960475342e-04 5.177865612648222676e-02 3.952569169960475342e-04
2.010948905109488649e-01 1.208029197080291717e-01 5.145985401459853004e-02 1.499999999999999667e-01 1.864963503649634813e-01 3.649635036496349594e-04 8.795620437956203075e-02 3.649635036496349594e-04 1.974452554744525190e-01 4.014598540145984662e-03
3.085308056872037574e-01 1.189573459715639880e-01 5.213270142180094838e-03 5.260663507109004239e-02 4.739336492890995406e-04 4.786729857819905370e-02 2.753554502369668366e-01 5.213270142180094838e-03 4.739336492890995406e-04 1.853080568720379129e-01
5.405405405405406573e-04 9.243243243243245977e-02 4.378378378378378760e-02 9.783783783783786547e-02 5.405405405405406573e-04 6.329729729729730581e-01 6.540540540540541736e-02 5.405405405405406573e-04 6.540540540540541736e-02 5.405405405405406573e-04
5.692307692307693040e-02 1.133333333333333554e-01 5.128205128205129285e-04 4.928205128205128682e-01 5.128205128205129285e-04 1.076923076923077052e-02 1.235897435897436170e-01 5.692307692307693040e-02 1.133333333333333554e-01 3.128205128205128333e-02
4.545454545454545451e-04 1.004545454545454630e-01 4.545454545454545451e-04 4.686363636363636287e-01 3.681818181818181934e-02 8.681818181818182212e-02 5.500000000000000028e-02 1.913636363636363746e-01 5.954545454545454725e-02 4.545454545454545451e-04
7.000000000000000146e-03 1.336666666666666836e-01 2.736666666666666692e-01 1.436666666666666647e-01 3.236666666666666581e-01 9.033333333333333492e-02 3.333333333333333764e-04 7.000000000000000146e-03 3.666666666666667032e-03 1.699999999999999775e-02
2.933701657458563372e-01 5.524861878453039095e-04 2.270718232044199036e-01 1.331491712707182362e-01 1.718232044198895192e-01 1.220994475138121593e-01 6.077348066298343329e-03 5.524861878453039095e-04 4.475138121546961417e-02 5.524861878453039095e-04
4.219409282700423104e-04 4.261603375527427129e-02 5.784810126582279333e-01 4.261603375527427129e-02 3.000000000000000444e-01 1.308016877637131238e-02 4.219409282700423104e-04 4.641350210970465739e-03 1.729957805907173310e-02 4.219409282700423104e-04
5.780821917808219579e-02 2.194520547945205402e-01 2.739726027397260621e-04 7.424657534246575930e-02 2.739726027397260621e-04 2.739726027397260621e-04 8.520547945205479701e-02 2.739726027397260621e-04 5.619178082191780277e-01 2.739726027397260621e-04
4.156146179401993268e-01 1.232558139534883773e-01 3.322259136212624771e-04 7.674418604651163378e-02 7.342192691029900131e-02 8.671096345514950343e-02 1.199335548172757587e-01 2.358803986710963224e-02 5.348837209302326201e-02 2.691029900332225777e-02
4.070895522388060517e-01 1.123134328358209311e-01 3.395522388059701857e-02 6.007462686567165838e-02 3.731343283582090674e-04 3.731343283582090674e-04 3.361940298507463121e-01 3.731343283582090674e-04 3.731343283582090674e-04 4.888059701492538517e-02
3.759398496240601729e-04 6.804511278195489454e-02 9.812030075187970490e-02 4.172932330827067854e-02 3.759398496240601729e-04 1.507518796992481369e-01 3.759398496240601729e-04 5.041353383458646586e-01 3.759398496240601729e-04 1.357142857142857317e-01
1.689759036144578286e-01 9.367469879518072751e-02 3.978915662650602258e-01 5.753012048192771705e-02 8.463855421686747316e-02 5.150602409638554979e-02 7.560240963855421881e-02 4.246987951807228850e-02 3.012048192771084603e-04 2.740963855421686690e-02
4.000000000000000734e-04 1.244000000000000244e-01 1.204000000000000209e-01 5.004000000000000670e-01 4.040000000000000535e-02 4.000000000000000734e-04 4.000000000000000734e-04 1.964000000000000190e-01 1.640000000000000138e-02 4.000000000000000734e-04
2.928915662650602436e-01 2.218072289156626520e-01 8.204819277108432729e-02 6.397590361445783247e-02 7.481927710843373769e-02 2.530120481927711131e-03 1.820481927710843328e-01 1.819277108433734955e-02 3.385542168674698926e-02 2.783132530120482201e-02
2.870967741935483430e-01 2.655913978494623406e-01 3.584229390681003581e-04 3.978494623655914192e-02 3.261648745519712955e-02 3.620071684587813227e-02 1.437275985663082623e-01 3.584229390681003581e-04 1.939068100358422864e-01 3.584229390681003581e-04
4.975124378109453509e-04 1.497512437810945285e-01 9.502487562189054771e-02 1.000000000000000056e-01 2.537313432835820726e-02 4.029850746268656692e-02 1.044776119402985107e-02 3.139303482587064709e-01 1.149253731343283652e-01 1.497512437810945285e-01
2.078189300411522472e-02 5.781893004115226664e-02 2.057613168724280065e-04 2.532921810699588216e-01 2.057613168724280065e-04 4.320987654320988108e-03 6.193415637860082840e-02 2.430041152263374415e-01 3.582304526748971152e-01 2.057613168724280065e-04
4.608552631578947123e-01 1.286184210526315763e-01 3.289473684210526242e-04 4.967105263157894912e-02 3.322368421052631499e-02 4.967105263157894912e-02 2.042763157894736947e-01 3.289473684210526242e-04 7.269736842105263552e-02 3.289473684210526242e-04
2.926045016077170186e-02 1.546623794212218794e-01 6.752411575562701496e-03 1.128617363344051466e-01 3.215434083601286246e-04 3.215434083601286246e-04 3.890675241157556113e-02 1.064308681672025830e-01 5.501607717041800960e-01 3.215434083601286246e-04
