1.040740740740740827e-01 3.703703703703704062e-04 3.703703703703704062e-04 5.222222222222221849e-02 2.999999999999999889e-02 3.703703703703704062e-04 3.703703703703704062e-04 1.888888888888888909e-02 4.074074074074074577e-03 1.518518518518518351e-02 6.703703703703704775e-02 3.703703703703704062e-04 3.703703703703704062e-04 3.703703703703704062e-04 4.074074074074074577e-03 3.703703703703704062e-04 5.222222222222221849e-02 3.703703703703704062e-04 3.740740740740740311e-02 8.185185185185185619e-02 2.999999999999999889e-02 3.703703703703704062e-04 3.703703703703704062e-04 3.703703703703704062e-04 2.999999999999999889e-02 1.855555555555555569e-01 1.518518518518518351e-02 2.670370370370370172e-01 3.703703703703704062e-04 3.703703703703704062e-04
3.154574132492112166e-04 3.154574132492112166e-04 2.870662460567821594e-02 3.470031545741323383e-03 9.779179810725546415e-03 2.239747634069399335e-02 1.738170347003153704e-01 3.154574132492112166e-04 6.340694006309145758e-02 4.132492113564666114e-02 3.154574132492112166e-04 3.154574132492112166e-04 3.154574132492112166e-04 3.470031545741323383e-03 3.154574132492112166e-04 1.359621451104100209e-01 3.470031545741323383e-03 3.154574132492112166e-04 6.971608832807567324e-02 3.154574132492112166e-04 4.763406940063089068e-02 6.340694006309145758e-02 1.359621451104100209e-01 1.485804416403784800e-01 3.470031545741323383e-03 3.154574132492112166e-04 3.154574132492112166e-04 6.624605678233435116e-03 3.154574132492112166e-04 3.501577287066243854e-02
4.444444444444445742e-04 9.377777777777780710e-02 3.600000000000000422e-02 5.822222222222223770e-02 4.444444444444445742e-04 4.044444444444445647e-02 2.266666666666667176e-02 4.444444444444445742e-04 1.515555555555556100e-01 4.444444444444445742e-04 4.444444444444445742e-04 4.444444444444445742e-04 4.444444444444445742e-04 4.444444444444445742e-04 4.444444444444445742e-04 2.711111111111111707e-02 4.444444444444445742e-04 4.444444444444445742e-04 2.760000000000000786e-01 1.382222222222222741e-01 4.444444444444445742e-04 3.155555555555555891e-02 5.377777777777779239e-02 6.266666666666667607e-02 4.444444444444445742e-04 4.444444444444445742e-04 4.444444444444445742e-04 4.444444444444445742e-04 4.444444444444445742e-04 4.444444444444445742e-04
5.092592592592594739e-03 5.092592592592594739e-03 4.629629629629630891e-04 5.092592592592594739e-03 4.629629629629630891e-04 5.092592592592594739e-03 4.629629629629630891e-04 4.629629629629630891e-04 1.898148148148148459e-02 4.629629629629630891e-04 1.435185185185185522e-02 4.629629629629630891e-04 9.722222222222225846e-03 4.629629629629630891e-04 5.601851851851852998e-02 5.601851851851852998e-02 9.722222222222225846e-03 4.629629629629630891e-04 4.629629629629630891e-04 5.092592592592594739e-03 1.671296296296296835e-01 3.245370370370371238e-01 4.629629629629630891e-04 4.629629629629630891e-04 1.435185185185185522e-02 4.629629629629630891e-04 1.532407407407407884e-01 4.629629629629630891e-04 4.629629629629630891e-04 1.439814814814815158e-01
3.215434083601285162e-04 3.215434083601285162e-04 1.192926045016076825e-01 1.639871382636655384e-02 3.215434083601285162e-04 1.064308681672025414e-01 6.463022508038583636e-02 3.215434083601285162e-04 4.212218649517682906e-02 1.868167202572346697e-01 3.215434083601285162e-04 3.215434083601285162e-04 4.212218649517682906e-02 3.215434083601285162e-04 3.215434083601285162e-04 6.752411575562698894e-03 4.855305466237939960e-02 3.215434083601285162e-04 3.215434083601285162e-04 1.900321543408359515e-01 3.215434083601285162e-04 9.967845659163983296e-03 6.784565916398711816e-02 3.215434083601285162e-04 3.215434083601285162e-04 3.215434083601285162e-04 1.318327974276526683e-02 3.536977491961413624e-03 3.215434083601285162e-04 7.749196141479097744e-02
1.773049645390070228e-04 1.773049645390070228e-04 1.436170212765956744e-02 9.042553191489357406e-03 3.386524822695034104e-02 4.450354609929076805e-02 1.773049645390070228e-04 1.773049645390070228e-04 2.182624113475176431e-01 2.093971631205672757e-01 1.773049645390070228e-04 2.677304964539006099e-02 7.269503546099287394e-03 1.773049645390070228e-04 4.627659574468083459e-02 7.269503546099287394e-03 1.773049645390070228e-04 5.159574468085104809e-02 1.773049645390070228e-04 1.773049645390070228e-04 1.773049645390070228e-04 1.898936170212765229e-01 1.367021276595744017e-01 1.773049645390070228e-04 1.773049645390070228e-04 1.773049645390070228e-04 1.950354609929077360e-03 1.773049645390070228e-04 1.773049645390070228e-04 1.773049645390070228e-04
4.739336492890995948e-04 2.890995260663507468e-02 5.213270142180095705e-03 4.739336492890995948e-04 7.156398104265403182e-02 4.739336492890995948e-04 1.469194312796208782e-02 4.312796208530805808e-02 4.739336492890995948e-04 4.739336492890995948e-04 3.364928909952606684e-02 1.142180094786730132e-01 7.156398104265403182e-02 7.156398104265403182e-02 4.739336492890995948e-04 5.213270142180095705e-03 5.213270142180095705e-03 7.156398104265403182e-02 4.739336492890995948e-04 9.526066350710903075e-02 4.739336492890995948e-04 4.739336492890995948e-04 4.739336492890995948e-04 5.213270142180095705e-03 1.900473933649289293e-01 4.739336492890995948e-04 4.739336492890995948e-04 1.521327014218009643e-01 4.739336492890995948e-04 1.469194312796208782e-02
2.023809523809523905e-02 4.365079365079366051e-03 2.023809523809523905e-02 3.968253968253968793e-04 3.968253968253968793e-04 4.365079365079366051e-03 3.968253968253968793e-04 3.968253968253968793e-04 4.007936507936508269e-02 1.626984126984127102e-02 9.166666666666668795e-02 3.138888888888888840e-01 7.182539682539683390e-02 3.968253968253968793e-04 3.968253968253968793e-04 4.365079365079366051e-03 4.365079365079366051e-03 5.595238095238095483e-02 4.007936507936508269e-02 3.968253968253968793e-04 3.968253968253968793e-04 4.365079365079366051e-03 3.968253968253968793e-04 3.968253968253968793e-04 7.579365079365080193e-02 3.968253968253968793e-04 3.968253968253968793e-04 1.035714285714285920e-01 4.404761904761905073e-02 7.976190476190476997e-02
1.047826086956521879e-01 4.347826086956522442e-04 4.782608695652174578e-03 4.347826086956522442e-04 4.782608695652174578e-03 9.130434782608696370e-03 4.347826086956522442e-04 3.086956521739130793e-02 4.347826086956522442e-04 4.347826086956522442e-04 8.739130434782610424e-02 4.347826086956522442e-04 4.347826086956522442e-04 6.565217391304348227e-02 4.347826086956522442e-04 3.521739130434783233e-02 4.347826086956522442e-04 4.347826086956522442e-04 4.347826086956522442e-04 2.217391304347826261e-02 4.347826086956522442e-04 4.347826086956522442e-04 1.782608695652173822e-02 4.347826086956522442e-04 8.739130434782610424e-02 2.439130434782608992e-01 7.869565217391305545e-02 1.786956521739130610e-01 1.347826086956521903e-02 9.130434782608696370e-03
2.281437125748503048e-01 6.646706586826346685e-02 5.988023952095808313e-04 6.646706586826346685e-02 5.988023952095808313e-04 5.988023952095808313e-04 5.988023952095808313e-04 5.988023952095808313e-04 6.586826347305389795e-03 5.988023952095808313e-04 1.257485029940119854e-02 1.443113772455089927e-01 5.988023952095808313e-04 8.443113772455089483e-02 5.988023952095808313e-04 5.988023952095808313e-04 6.586826347305389795e-03 5.988023952095808313e-04 1.856287425149700729e-02 4.850299401197604582e-02 5.988023952095808313e-04 5.988023952095808313e-04 5.988023952095808313e-04 3.053892215568862131e-02 6.047904191616765984e-02 1.263473053892215647e-01 5.988023952095808313e-04 5.988023952095808313e-04 2.455089820359281083e-02 6.646706586826346685e-02
1.960784313725489844e-04 2.156862745098039099e-03 1.960784313725489844e-04 1.001960784313725289e-01 1.588235294117646551e-02 6.078431372549018136e-03 1.960784313725489844e-04 1.960784313725489844e-04 2.176470588235293602e-02 2.372549019607842619e-02 1.960784313725489844e-04 1.960784313725489844e-04 1.960784313725489844e-04 1.960784313725489844e-04 2.296078431372548523e-01 1.335294117647058409e-01 1.960784313725489844e-04 2.176470588235293602e-02 2.156862745098039099e-03 1.960784313725489844e-04 1.960784313725489844e-04 5.313725490196077872e-02 2.764705882352940652e-02 1.960784313725489844e-04 1.588235294117646551e-02 1.845098039215685715e-01 4.117647058823528834e-03 1.374509803921568074e-01 1.784313725490195568e-02 1.960784313725489844e-04
3.846153846153846151e-04 3.846153846153846151e-04 5.423076923076922823e-02 3.846153846153846151e-04 9.653846153846154521e-02 3.846153846153846151e-04 3.846153846153846151e-04 3.846153846153846151e-04 8.884615384615385247e-02 3.499999999999999639e-02 3.846153846153846151e-04 3.499999999999999639e-02 6.961538461538462064e-02 2.346153846153846076e-02 3.846153846153846151e-04 1.119230769230769307e-01 3.846153846153846151e-04 4.230769230769231525e-03 3.846153846153846151e-04 3.846153846153846151e-04 3.846153846153846151e-04 3.846153846153846151e-04 4.230769230769231525e-03 3.846153846153846151e-04 3.846153846153846151e-04 4.653846153846153549e-02 1.080769230769230843e-01 1.542307692307692268e-01 3.499999999999999639e-02 1.273076923076923161e-01
3.816793893129770952e-04 4.198473282442748318e-03 2.328244274809160297e-02 3.816793893129770952e-04 2.328244274809160297e-02 3.816793893129770952e-04 9.198473282442748422e-02 2.328244274809160297e-02 7.671755725190840258e-02 4.618320610687022543e-02 3.816793893129770952e-04 3.816793893129770952e-04 3.816793893129770952e-04 6.145038167938932094e-02 2.709923664122137338e-02 3.816793893129770952e-04 3.816793893129770952e-04 4.198473282442748318e-03 1.225190839694656475e-01 3.816793893129770952e-04 1.377862595419847291e-01 1.683206106870228924e-01 1.148854961832061067e-01 8.015267175572519595e-03 3.816793893129770952e-04 3.816793893129770952e-04 3.816793893129770952e-04 3.816793893129770952e-04 6.145038167938932094e-02 3.816793893129770952e-04
1.834532374100718982e-02 3.597122302158272918e-04 3.597122302158272918e-04 4.352517985611509960e-02 3.597122302158272918e-04 4.712230215827337143e-02 3.597122302158272918e-04 3.956834532374099885e-03 6.510791366906473754e-02 1.834532374100718982e-02 3.597122302158272918e-04 3.597122302158272918e-04 4.712230215827337143e-02 2.913669064748200879e-02 2.017985611510791089e-01 1.982014388489208301e-01 3.597122302158272918e-04 3.992805755395682776e-02 3.597122302158272918e-04 3.597122302158272918e-04 3.597122302158272918e-04 7.553956834532372586e-03 3.597122302158272918e-04 3.597122302158272918e-04 3.597122302158272918e-04 7.230215827338128121e-02 3.597122302158272918e-04 2.017985611510791089e-01 3.597122302158272918e-04 3.597122302158272918e-04
4.291845493562232612e-04 6.051502145922747072e-02 4.291845493562232612e-04 4.291845493562232612e-04 4.291845493562232612e-04 4.291845493562232612e-04 4.291845493562232612e-04 4.291845493562232612e-04 4.291845493562232612e-04 4.291845493562232612e-04 4.721030042918456307e-03 1.077253218884120373e-01 4.291845493562232612e-04 1.077253218884120373e-01 9.012875536480688052e-03 1.291845493562231995e-01 4.291845493562232612e-04 4.291845493562232612e-04 4.721030042918456307e-03 4.291845493562232612e-04 1.759656652360514981e-02 4.291845493562232612e-04 4.291845493562232612e-04 4.291845493562232612e-04 1.678111587982832886e-01 1.763948497854077591e-01 4.721030042918456307e-03 1.120171673819742725e-01 6.051502145922747072e-02 3.047210300429184851e-02
1.539156626506023307e-01 3.012048192771082976e-04 3.012048192771082976e-04 1.837349397590360561e-02 8.463855421686743152e-02 3.012048192771082976e-04 1.177710843373493410e-01 2.439759036144576940e-02 3.644578313253010043e-02 3.012048192771082976e-04 3.012048192771082976e-04 3.012048192771082976e-04 4.246987951807226769e-02 1.536144578313252199e-02 6.325301204819273708e-03 1.536144578313252199e-02 1.990963855421685469e-01 2.138554216867468577e-02 5.451807228915660219e-02 2.439759036144576940e-02 8.463855421686743152e-02 3.012048192771082976e-04 3.012048192771082976e-04 3.012048192771082976e-04 3.012048192771082976e-04 1.837349397590360561e-02 2.439759036144576940e-02 3.012048192771082976e-04 5.451807228915660219e-02 3.012048192771082976e-04
2.158536585365853910e-01 4.065040650406504604e-04 4.065040650406504604e-04 7.357723577235773804e-02 2.073170731707317180e-02 4.065040650406504604e-04 4.065040650406504604e-04 4.512195121951220050e-02 1.260162601626016454e-02 4.065040650406504604e-04 4.471544715447155552e-03 1.182926829268292901e-01 4.065040650406504604e-04 4.065040650406504604e-04 4.065040650406504604e-04 4.065040650406504604e-04 1.666666666666666644e-02 4.065040650406504604e-04 4.065040650406504604e-04 6.951219512195123962e-02 4.065040650406504604e-04 4.065040650406504604e-04 4.065040650406504604e-04 4.065040650406504604e-04 4.065040650406504604e-04 7.764227642276423647e-02 4.105691056910569514e-02 1.142276422764227778e-01 1.833333333333333481e-01 4.065040650406504604e-04
6.439999999999999891e-02 4.000000000000000192e-04 4.000000000000000192e-04 6.039999999999999536e-02 4.000000000000000192e-04 4.000000000000000192e-04 4.000000000000000192e-04 9.240000000000000990e-02 4.000000000000000192e-04 1.639999999999999791e-02 1.044000000000000067e-01 3.640000000000000180e-02 4.000000000000000192e-04 9.240000000000000990e-02 4.000000000000000192e-04 1.239999999999999956e-02 4.000000000000000192e-04 4.000000000000000192e-04 4.000000000000000192e-04 4.000000000000000192e-04 4.000000000000000192e-04 4.000000000000000192e-04 4.000000000000000192e-04 4.000000000000000192e-04 2.923999999999999932e-01 2.084000000000000019e-01 4.000000000000000192e-04 1.239999999999999956e-02 4.000000000000000192e-04 4.000000000000000192e-04
2.949852507374630685e-04 1.504424778761061579e-02 2.949852507374630685e-04 2.949852507374630685e-04 4.454277286135692460e-02 2.949852507374630685e-04 1.504424778761061579e-02 2.389380530973450947e-02 2.949852507374630685e-04 2.949852507374630685e-04 3.569321533923303091e-02 2.949852507374630685e-04 9.144542772861355071e-03 4.159292035398229337e-02 2.949852507374630685e-04 2.185840707964601115e-01 2.949852507374630685e-04 2.949852507374630685e-04 2.949852507374630685e-04 1.504424778761061579e-02 3.569321533923303091e-02 2.949852507374630685e-04 2.949852507374630685e-04 3.244837758112093917e-03 1.625368731563421598e-01 8.584070796460176178e-02 8.584070796460176178e-02 1.772861356932153021e-01 2.949852507374630685e-04 2.684365781710914070e-02
2.452830188679244391e-02 2.695417789757411568e-04 7.035040431266845196e-02 6.495956873315361646e-02 8.921832884097032068e-02 6.226415094339621259e-02 6.226415094339621259e-02 2.695417789757411568e-04 2.159029649595686495e-01 2.695417789757411568e-04 2.695417789757411568e-04 2.695417789757411568e-04 4.609164420485174080e-02 2.695417789757411568e-04 4.339622641509432999e-02 1.374663072776279721e-02 2.452830188679244391e-02 2.964959568733153104e-03 2.722371967654985472e-02 2.695417789757411568e-04 2.695417789757411568e-04 1.374663072776279721e-02 2.293800539083556966e-01 5.660377358490564781e-03 2.695417789757411568e-04 2.695417789757411568e-04 2.695417789757411568e-04 2.695417789757411568e-04 2.695417789757411568e-04 2.695417789757411568e-04
1.390134529147982537e-02 4.484304932735427135e-04 1.708520179372197689e-01 9.417040358744396822e-03 4.484304932735427135e-04 1.838565022421525044e-02 2.739910313901345873e-01 1.887892376681614970e-01 4.484304932735427135e-04 4.484304932735427135e-04 4.484304932735427135e-04 4.484304932735427135e-04 4.484304932735427135e-04 4.484304932735427135e-04 1.838565022421525044e-02 4.484304932735427135e-04 4.484304932735427135e-04 3.632286995515696115e-02 1.170403587443946541e-01 1.035874439461883789e-01 4.484304932735427135e-04 4.484304932735427135e-04 2.735426008968610406e-02 4.484304932735427135e-04 4.484304932735427135e-04 4.484304932735427135e-04 4.932735426008970012e-03 4.932735426008970012e-03 4.932735426008970012e-03 4.484304932735427135e-04
5.882352941176472241e-04 5.882352941176472241e-04 7.705882352941177682e-02 5.882352941176472241e-04 5.882352941176472241e-04 5.882352941176472241e-04 1.476470588235294368e-01 5.882352941176472241e-04 1.241176470588235548e-01 1.235294117647059084e-02 4.764705882352941735e-02 6.470588235294119465e-03 2.411764705882353185e-02 5.882352941176472241e-04 6.470588235294119465e-03 5.882352941176472241e-04 5.882352941176472241e-04 5.882352941176472241e-04 1.476470588235294368e-01 4.764705882352941735e-02 5.882352941176472241e-04 1.594117647058823917e-01 5.882352941176472241e-04 5.882352941176472241e-04 1.823529411764706135e-02 5.882352941176472241e-04 6.529411764705883581e-02 5.882352941176472241e-04 5.882352941176472241e-04 1.064705882352941502e-01
8.366533864541834606e-03 3.984063745019921551e-04 1.039840637450199501e-01 2.430278884462151734e-02 3.984063745019921551e-04 1.633466135458167684e-02 3.984063745019921551e-04 3.984063745019921551e-04 8.366533864541834606e-03 1.235059760956175659e-02 1.235059760956175659e-02 2.792828685258964549e-01 3.984063745019921551e-04 1.235059760956175659e-02 3.984063745019921551e-04 3.984063745019921551e-04 3.984063745019921551e-04 5.617529880478088627e-02 3.984063745019921551e-04 1.358565737051793121e-01 3.984063745019921551e-04 3.984063745019921551e-04 4.382470119521913489e-03 3.984063745019921551e-04 3.984063745019921551e-04 1.717131474103586186e-01 3.984063745019921551e-04 9.203187250996018587e-02 5.617529880478088627e-02 3.984063745019921551e-04
5.780346820809251088e-04 5.780346820809251088e-04 1.213872832369942631e-02 6.358381502890176305e-03 5.780346820809251088e-04 5.780346820809251088e-04 3.820809248554914439e-01 6.994219653179192808e-02 5.260115606936417720e-02 5.780346820809251088e-04 5.780346820809251088e-04 1.791907514450867545e-02 5.780346820809251088e-04 5.780346820809251088e-04 1.791907514450867545e-02 1.213872832369942631e-02 5.780346820809251088e-04 5.780346820809251088e-04 1.624277456647399420e-01 5.780346820809251088e-04 5.780346820809251088e-04 5.780346820809251088e-04 1.682080924855491877e-01 5.780346820809251088e-04 1.213872832369942631e-02 5.780346820809251088e-04 5.780346820809251088e-04 5.780346820809251088e-04 5.780346820809251088e-04 7.572254335260117375e-02
3.952569169960474258e-04 3.952569169960474258e-04 7.549407114624506754e-02 3.952569169960474258e-04 4.347826086956521792e-03 3.201581027667983748e-02 3.952569169960474258e-04 3.952569169960474258e-04 2.806324110671936517e-02 3.952569169960474258e-04 5.968379446640315750e-02 1.031620553359683806e-01 3.952569169960474258e-04 7.944664031620553291e-02 3.952569169960474258e-04 3.952569169960474258e-04 3.952569169960474258e-04 3.047430830039525307e-01 3.596837944664031672e-02 2.059288537549407161e-01 2.015810276679841709e-02 4.347826086956521792e-03 3.952569169960474258e-04 3.952569169960474258e-04 3.952569169960474258e-04 3.952569169960474258e-04 3.952569169960474258e-04 3.596837944664031672e-02 3.952569169960474258e-04 4.347826086956521792e-03
6.172839506172840465e-04 6.790123456790125162e-03 1.913580246913580696e-02 3.765432098765432445e-02 6.172839506172840465e-04 3.765432098765432445e-02 6.790123456790125162e-03 6.172839506172840465e-04 6.790123456790125162e-03 6.172839506172840465e-04 6.790123456790125162e-03 1.179012345679012613e-01 6.172839506172840465e-04 6.790123456790125162e-03 6.172839506172840465e-04 1.913580246913580696e-02 2.530864197530864265e-02 6.172839506172840465e-04 6.172839506172840465e-04 2.166666666666667018e-01 6.172839506172840465e-04 1.296296296296296606e-02 6.172839506172840465e-04 6.172839506172840465e-04 6.172839506172840465e-04 1.981481481481481843e-01 1.296296296296296606e-02 3.765432098765432445e-02 2.228395061728395410e-01 6.172839506172840465e-04
1.478417266187050383e-01 3.956834532374100752e-03 3.597122302158273460e-04 3.597122302158273460e-04 9.028776978417266119e-02 3.597122302158273460e-04 1.115107913669064789e-02 3.597122302158273460e-04 3.597122302158273460e-04 3.597122302158273460e-04 2.553956834532374043e-02 3.633093525179856287e-02 8.309352517985611752e-02 1.370503597122302297e-01 3.597122302158273460e-04 3.956834532374100752e-03 5.071942446043165020e-02 3.597122302158273460e-04 3.597122302158273460e-04 3.597122302158273460e-04 3.273381294964028410e-02 3.956834532374100752e-03 3.992805755395683470e-02 3.597122302158273460e-04 1.010791366906474836e-01 1.474820143884891972e-02 2.913669064748201226e-02 3.597122302158273460e-04 8.669064748201439630e-02 9.748201438848921874e-02
2.840909090909090229e-04 2.840909090909090229e-04 2.840909090909090229e-04 4.857954545454544470e-02 1.732954545454544817e-02 2.840909090909090229e-04 1.025568181818181518e-01 1.448863636363635805e-02 2.017045454545453656e-02 2.840909090909090229e-04 2.840909090909090229e-04 2.840909090909090229e-04 4.349431818181816456e-01 1.448863636363635805e-02 2.840909090909090229e-04 1.164772727272726793e-02 2.840909090909090229e-04 2.840909090909090229e-04 4.573863636363635632e-02 2.840909090909090229e-04 8.551136363636360760e-02 2.840909090909090229e-04 1.053977272727272402e-01 2.840909090909090229e-04 5.142045454545453309e-02 2.840909090909090229e-04 2.840909090909090229e-04 2.840909090909090229e-04 5.965909090909089427e-03 3.721590909090907728e-02
4.132231404958678668e-04 4.132231404958678668e-04 1.409090909090909560e-01 2.933884297520661724e-02 4.132231404958678668e-04 4.545454545454546968e-03 1.037190082644628419e-01 2.028925619834711369e-01 3.760330578512397631e-02 2.107438016528925817e-02 1.657024793388430228e-01 4.132231404958678668e-04 4.132231404958678668e-04 4.132231404958678668e-04 4.132231404958678668e-04 4.132231404958678668e-04 4.132231404958678668e-04 4.545454545454546968e-03 4.132231404958678668e-04 2.276859504132232037e-01 4.132231404958678668e-04 4.132231404958678668e-04 4.132231404958678668e-04 4.132231404958678668e-04 4.132231404958678668e-04 5.413223140495868752e-02 4.132231404958678668e-04 4.132231404958678668e-04 4.132231404958678668e-04 4.132231404958678668e-04
5.720524017467250311e-02 4.366812227074236990e-04 4.366812227074236990e-04 4.366812227074236990e-04 4.366812227074236990e-04 4.366812227074236990e-04 8.340611353711793741e-02 4.366812227074236990e-04 4.366812227074236990e-04 4.803493449781661394e-03 4.366812227074236990e-04 5.283842794759826406e-02 4.366812227074236990e-04 4.366812227074236990e-04 1.353711790393013516e-02 1.353711790393013516e-02 4.366812227074236990e-04 4.366812227074236990e-04 1.227074235807860680e-01 1.227074235807860680e-01 7.903930131004369142e-02 1.008733624454148797e-01 4.366812227074236990e-04 4.366812227074236990e-04 2.663755458515284363e-02 4.366812227074236990e-04 1.008733624454148797e-01 4.410480349344979289e-02 4.366812227074236990e-04 1.707423580786026629e-01
8.581907090464548082e-02 2.689486552567237239e-03 4.669926650366748588e-02 7.359413202933985654e-02 2.444987775061125009e-04 1.002444987775060956e-02 2.444987775061125009e-04 2.444987775061125009e-04 2.444987775061125009e-04 2.444987775061125009e-04 4.914425427872860797e-02 1.469437652811735884e-01 2.444987775061125009e-04 2.444987775061125009e-04 5.134474327628361923e-03 2.444987775061125009e-04 1.980440097799510829e-02 2.444987775061125009e-04 2.444987775061125009e-04 6.870415647921761237e-02 2.689486552567237239e-03 2.444987775061125009e-04 2.444987775061125009e-04 2.444987775061125009e-04 2.444987775061125009e-04 1.004889975550122272e-01 2.444987775061125009e-04 7.114914425427873446e-02 3.132029339853300565e-01 2.444987775061125009e-04
4.424778761061948468e-04 3.584070796460177982e-02 1.376106194690265849e-01 4.867256637168143260e-03 4.424778761061948468e-04 4.424778761061948468e-04 4.424778761061948468e-04 4.424778761061948468e-04 8.451327433628320895e-02 4.424778761061948468e-04 4.424778761061948468e-04 4.694690265486726743e-01 4.424778761061948468e-04 4.424778761061948468e-04 4.424778761061948468e-04 3.584070796460177982e-02 1.371681415929203868e-02 1.331858407079646311e-01 4.424778761061948468e-04 4.424778761061948468e-04 4.867256637168143260e-03 4.424778761061948468e-04 4.469026548672567350e-02 4.424778761061948468e-04 4.424778761061948468e-04 9.292035398230091836e-03 4.424778761061948468e-04 4.424778761061948468e-04 4.424778761061948468e-04 1.814159292035398552e-02
5.067114093959731308e-02 1.040268456375838951e-02 1.647651006711409460e-01 3.355704697986577542e-04 3.691275167785235296e-03 4.731543624161073380e-02 7.046979865771811971e-03 3.355704697986577542e-04 3.355704697986577542e-04 3.355704697986577542e-04 1.446308724832214843e-01 1.375838926174496532e-02 3.355704697986577542e-04 3.355704697986577542e-04 3.355704697986577542e-04 3.691275167785235296e-03 3.355704697986577542e-04 3.355704697986577542e-04 3.355704697986577542e-04 1.748322147651006631e-01 3.355704697986577542e-04 3.355704697986577542e-04 1.375838926174496532e-02 3.355704697986577542e-04 3.355704697986577542e-04 9.093959731543624359e-02 3.355704697986577542e-04 2.587248322147650548e-01 1.040268456375838951e-02 3.355704697986577542e-04
4.237288135593221300e-04 4.237288135593221300e-04 4.237288135593221300e-04 4.237288135593221300e-04 4.237288135593221300e-04 4.237288135593221300e-04 4.237288135593221300e-04 4.237288135593221300e-04 4.661016949152543484e-03 8.898305084745764676e-03 4.237288135593221300e-04 1.783898305084745950e-01 4.661016949152543484e-03 4.237288135593221300e-04 4.237288135593221300e-04 1.529661016949152852e-01 4.237288135593221300e-04 4.237288135593221300e-04 4.661016949152543484e-03 4.237288135593221300e-04 4.237288135593221300e-04 4.237288135593221300e-04 4.237288135593221300e-04 4.237288135593221300e-04 2.161016949152542652e-02 1.063559322033898469e-01 3.008474576271186543e-02 2.122881355932203784e-01 2.207627118644068243e-01 4.703389830508474673e-02
2.028397565922920322e-04 2.028397565922920322e-04 2.028397565922920322e-04 1.440162271805273293e-02 4.259634888438132948e-03 2.028397565922920322e-04 2.657200811359025291e-02 2.231237322515212517e-03 2.028397565922920322e-04 2.028397565922920322e-04 2.028397565922920322e-04 1.034482758620689294e-02 3.874239350912778157e-02 2.028397565922920322e-04 3.671399594320486071e-02 1.421906693711967040e-01 2.048681541582149379e-02 2.048681541582149379e-02 2.028397565922920322e-04 2.231237322515212517e-03 2.192697768762676691e-01 1.482758620689654527e-01 4.685598377281945809e-02 2.028397565922920322e-04 2.028397565922920322e-04 2.657200811359025291e-02 1.239350912778904301e-01 2.028397565922920322e-04 2.028397565922920322e-04 1.137931034482758258e-01
2.627049180327869493e-01 4.098360655737705999e-04 4.098360655737705999e-04 4.098360655737705999e-04 4.098360655737705999e-04 4.098360655737705999e-04 4.098360655737705999e-04 4.098360655737705999e-04 4.098360655737705999e-04 4.098360655737705999e-04 1.680327868852459286e-02 7.827868852459018978e-02 2.909836065573771086e-02 7.827868852459018978e-02 4.098360655737705999e-04 1.356557377049180668e-01 4.508196721311476599e-03 4.098360655737705999e-04 4.098360655737705999e-04 4.508196721311476599e-03 4.098360655737705999e-04 4.508196721311476599e-03 1.270491803278688860e-02 4.098360655737705999e-04 1.438524590163934858e-01 2.094262295081967817e-01 8.606557377049182597e-03 4.098360655737705999e-04 4.508196721311476599e-03 4.098360655737705999e-04
4.621848739495799246e-03 8.025210084033615465e-02 4.201680672268908357e-04 3.823529411764706176e-02 4.201680672268908357e-04 4.201680672268908357e-04 4.201680672268908357e-04 2.563025210084033875e-02 1.302521008403361574e-02 4.201680672268908357e-04 1.722689075630252226e-02 1.222689075630252337e-01 1.722689075630252226e-02 5.504201680672269476e-02 8.823529411764707495e-03 1.348739495798319532e-01 4.201680672268908357e-04 4.201680672268908357e-04 4.201680672268908357e-04 1.722689075630252226e-02 4.201680672268908357e-04 8.823529411764707495e-03 4.201680672268908357e-04 8.823529411764707495e-03 1.054621848739495937e-01 1.978991596638655648e-01 4.663865546218487479e-02 2.142857142857142877e-02 5.084033613445378824e-02 2.142857142857142877e-02
1.115107913669064962e-02 3.597122302158274544e-04 3.597122302158274544e-04 3.597122302158274544e-04 3.597122302158274544e-04 3.597122302158274544e-04 2.449640287769784541e-01 2.194244604316547206e-02 7.553956834532376055e-03 1.474820143884892319e-02 3.597122302158274544e-04 3.597122302158274544e-04 3.597122302158274544e-04 3.597122302158274544e-04 3.597122302158274544e-04 3.597122302158274544e-04 5.791366906474822163e-02 1.115107913669064962e-02 3.597122302158274544e-04 2.194244604316547206e-02 1.118705035971223338e-01 1.334532374100719787e-01 3.633093525179856981e-02 7.553956834532376055e-03 3.597122302158274544e-04 3.597122302158274544e-04 9.388489208633095384e-02 3.597122302158274544e-04 7.230215827338130896e-02 1.478417266187050660e-01
2.061855670103092343e-04 2.288659793814432422e-02 6.206185567010308324e-02 2.061855670103092343e-04 2.061855670103092343e-04 3.525773195876288207e-02 2.061855670103092343e-04 9.917525773195874639e-02 1.463917525773195463e-02 6.412371134020616870e-02 4.762886597938143646e-02 3.938144329896906687e-02 2.061855670103092343e-04 4.969072164948452885e-02 2.061855670103092343e-04 2.061855670103092343e-04 6.391752577319585911e-03 1.136082474226803862e-01 2.061855670103092343e-04 2.043298969072164240e-01 2.061855670103092343e-04 2.061855670103092343e-04 2.061855670103092343e-04 2.061855670103092343e-04 3.525773195876288207e-02 4.144329896907215927e-02 2.061855670103092343e-04 1.383505154639174950e-01 2.288659793814432422e-02 2.061855670103092343e-04
4.000000000000001276e-04 4.000000000000001276e-04 3.640000000000000874e-02 4.000000000000001276e-04 2.040000000000000493e-02 8.400000000000002950e-03 4.840000000000001246e-02 4.440000000000000890e-02 3.240000000000000518e-02 4.000000000000001276e-04 2.040000000000000493e-02 4.000000000000001276e-04 5.164000000000000812e-01 1.640000000000000138e-02 4.000000000000001276e-04 4.000000000000001276e-04 8.400000000000002950e-03 4.000000000000001276e-04 5.640000000000001262e-02 2.840000000000000510e-02 7.240000000000001990e-02 4.000000000000001276e-04 4.000000000000001276e-04 4.000000000000001276e-04 4.000000000000001276e-04 4.000000000000001276e-04 4.000000000000001276e-04 4.000000000000001276e-04 4.000000000000001276e-04 8.440000000000003055e-02
3.846153846153846151e-04 3.846153846153846151e-04 3.846153846153846151e-04 3.846153846153846151e-04 3.846153846153846151e-04 3.846153846153846151e-04 4.269230769230768913e-02 8.115384615384615974e-02 1.961538461538461439e-02 3.846153846153846151e-04 8.884615384615385247e-02 8.884615384615385247e-02 3.311538461538461320e-01 3.846153846153846151e-04 3.846153846153846151e-04 3.846153846153846151e-04 3.846153846153846151e-04 3.846153846153846151e-04 3.846153846153846151e-04 3.846153846153846151e-04 3.846153846153846151e-04 3.846153846153846151e-04 1.157692307692307770e-01 8.076923076923077024e-03 6.961538461538462064e-02 2.346153846153846076e-02 2.730769230769230713e-02 3.846153846153846151e-04 3.846153846153846151e-04 9.653846153846154521e-02
2.923976608187134015e-04 2.923976608187134015e-04 2.368421052631578330e-02 2.923976608187134015e-04 1.318713450292397504e-01 4.122807017543858588e-02 2.923976608187134015e-04 3.216374269005847688e-03 1.201754385964912131e-01 2.923976608187134015e-04 2.923976608187134015e-04 2.923976608187134015e-04 2.923976608187134015e-04 9.064327485380115068e-03 2.953216374269005198e-02 4.999999999999999584e-02 2.923976608187134015e-04 2.923976608187134015e-04 2.923976608187134015e-04 1.198830409356724767e-02 6.754385964912279494e-02 2.953216374269005198e-02 3.830409356725145154e-02 2.368421052631578330e-02 2.368421052631578330e-02 2.923976608187134015e-04 1.172514619883040787e-01 4.415204678362572022e-02 9.093567251461986967e-02 1.406432748538011535e-01
4.166666666666667476e-04 4.166666666666667476e-04 4.166666666666667476e-04 1.291666666666666831e-02 3.375000000000000222e-02 4.166666666666667476e-04 4.166666666666667476e-04 1.295833333333333559e-01 4.166666666666667476e-04 1.291666666666666831e-02 4.166666666666667476e-04 5.458333333333333787e-02 8.750000000000000833e-03 4.208333333333333370e-02 4.583333333333334224e-03 4.166666666666667476e-04 4.166666666666667476e-04 2.125000000000000153e-02 4.166666666666667476e-04 1.420833333333333670e-01 4.166666666666667476e-04 4.166666666666667476e-04 4.166666666666667476e-04 4.166666666666667476e-04 2.004166666666666874e-01 1.462500000000000189e-01 7.958333333333335313e-02 1.045833333333333476e-01 4.166666666666667476e-04 4.166666666666667476e-04
7.122641509433962070e-02 5.188679245283019451e-03 8.537735849056604653e-02 4.716981132075471735e-04 1.231132075471698117e-01 9.009433962264151718e-02 4.716981132075471735e-04 4.716981132075471735e-04 1.933962264150943314e-02 9.009433962264151718e-02 4.716981132075471735e-04 2.405660377358490379e-02 4.716981132075471735e-04 4.764150943396226051e-02 4.716981132075471735e-04 4.716981132075471735e-04 4.716981132075471735e-04 5.188679245283019451e-03 5.188679245283019451e-03 1.419811320754716943e-01 4.716981132075471735e-04 4.716981132075471735e-04 7.122641509433962070e-02 4.716981132075471735e-04 4.716981132075471735e-04 4.716981132075471735e-04 9.009433962264151718e-02 4.716981132075471735e-04 2.877358490566037444e-02 9.481132075471698784e-02
4.149377593360996288e-04 4.149377593360996288e-04 4.149377593360996288e-04 2.116182572614107651e-02 4.149377593360996288e-04 6.265560165975103679e-02 4.564315352697095700e-03 4.564315352697095700e-03 4.149377593360996288e-04 7.925311203319503062e-02 1.497925311203319454e-01 1.165975103734439855e-01 4.149377593360996288e-04 1.248962655601659755e-01 3.360995850622406494e-02 4.149377593360996288e-04 4.149377593360996288e-04 1.701244813278008153e-02 4.149377593360996288e-04 2.452282157676348717e-01 4.564315352697095700e-03 4.564315352697095700e-03 4.564315352697095700e-03 4.149377593360996288e-04 4.149377593360996288e-04 4.190871369294605492e-02 4.149377593360996288e-04 2.531120331950207150e-02 5.435684647302904682e-02 4.149377593360996288e-04
3.875968992248061962e-04 3.875968992248061962e-04 8.139534883720930120e-03 2.751937984496123993e-02 1.201550387596899208e-02 3.875968992248061962e-04 8.139534883720930120e-03 3.527131782945736038e-02 4.263565891472868158e-03 3.875968992248061962e-04 3.875968992248061962e-04 1.437984496124030953e-01 1.166666666666666685e-01 1.205426356589147374e-01 3.875968992248061962e-04 8.953488372093024172e-02 3.875968992248061962e-04 3.875968992248061962e-04 3.875968992248061962e-04 3.527131782945736038e-02 5.852713178294573215e-02 3.875968992248061962e-04 3.875968992248061962e-04 3.875968992248061962e-04 1.437984496124030953e-01 1.589147286821705404e-02 8.565891472868217282e-02 3.139534883720929842e-02 3.875968992248061962e-04 5.852713178294573215e-02
2.283105022831049885e-04 2.283105022831049885e-04 2.283105022831049885e-04 2.283105022831049885e-04 2.534246575342465058e-02 2.283105022831049885e-04 1.326484018264839915e-01 4.794520547945204866e-03 2.283105022831049885e-04 2.283105022831049885e-04 2.990867579908675078e-02 7.100456621004565261e-02 3.404109589041094952e-01 2.762557077625570068e-02 2.283105022831049885e-04 2.283105022831049885e-04 2.283105022831049885e-04 2.283105022831049885e-04 5.958904109589040210e-02 2.283105022831049885e-04 9.383561643835613975e-02 2.283105022831049885e-04 1.166666666666666408e-01 2.283105022831049885e-04 6.643835616438355240e-02 2.283105022831049885e-04 2.511415525114154765e-03 9.360730593607303335e-03 2.283105022831049885e-04 1.621004566210045017e-02
2.860317460317460259e-01 3.174603174603174600e-04 3.174603174603174600e-04 2.571428571428571383e-02 3.174603174603174600e-04 3.492063492063492494e-03 3.174603174603174600e-04 3.174603174603174600e-04 4.158730158730158943e-02 3.174603174603174600e-04 7.650793650793651091e-02 3.174603174603174600e-04 9.873015873015873745e-02 3.174603174603174600e-04 3.174603174603174600e-04 3.206349206349206477e-02 5.111111111111111410e-02 4.158730158730158943e-02 3.174603174603174600e-04 2.571428571428571383e-02 3.174603174603174600e-04 4.793650793650793690e-02 3.174603174603174600e-04 2.253968253968254010e-02 3.174603174603174600e-04 3.174603174603174600e-04 5.428571428571429131e-02 9.555555555555556024e-02 6.666666666666667095e-03 8.603174603174604251e-02
5.717539863325739324e-02 2.277904328018222802e-04 3.373576309794987793e-01 1.617312072892938130e-02 3.439635535307516284e-02 4.783599088838267829e-03 2.072892938496582668e-02 4.123006833712983266e-02 2.528473804100227207e-02 2.277904328018222802e-04 5.717539863325739324e-02 2.277904328018222802e-04 2.277904328018222802e-04 2.300683371298404764e-02 2.277904328018222802e-04 2.277904328018222802e-04 6.856492027334849804e-02 1.161731207289293417e-02 2.277904328018222802e-04 8.678815489749427958e-02 2.277904328018222802e-04 2.277904328018222802e-04 9.339407744874711481e-03 2.277904328018222802e-04 2.277904328018222802e-04 5.489749430523917229e-02 1.617312072892938130e-02 1.232346241457858427e-01 2.505694760820045136e-03 7.061503416856490523e-03
4.016064257028113707e-04 4.016064257028113707e-04 4.016064257028113707e-04 4.417670682730925023e-03 1.646586345381526387e-02 6.064257028112451237e-02 4.016064257028113707e-04 4.859437751004017092e-02 4.016064257028113707e-04 9.277108433734942983e-02 4.016064257028113707e-04 4.016064257028113707e-04 4.016064257028113707e-04 1.570281124497992509e-01 4.016064257028113707e-04 4.417670682730925023e-03 4.016064257028113707e-04 9.678714859437753670e-02 3.654618473895582947e-02 3.297188755020080686e-01 4.016064257028113707e-04 4.016064257028113707e-04 4.016064257028113707e-04 4.016064257028113707e-04 8.433734939759037971e-03 7.269076305220885381e-02 8.433734939759037971e-03 4.016064257028113707e-04 5.662650602409639855e-02 4.016064257028113707e-04
3.968253968253969335e-04 3.968253968253969335e-04 8.769841269841271991e-02 7.976190476190478384e-02 2.420634920634921056e-02 3.214285714285714662e-02 3.968253968253969335e-04 3.968253968253969335e-04 3.968253968253969335e-04 4.365079365079366051e-03 3.968253968253969335e-04 2.817460317460317859e-02 4.365079365079366051e-03 1.551587301587301904e-01 3.968253968253969335e-04 4.365079365079366051e-03 3.968253968253969335e-04 1.154761904761905100e-01 1.626984126984127102e-02 3.813492063492064377e-01 3.968253968253969335e-04 3.968253968253969335e-04 3.968253968253969335e-04 3.968253968253969335e-04 2.420634920634921056e-02 3.968253968253969335e-04 4.365079365079366051e-03 3.968253968253969335e-04 3.968253968253969335e-04 3.214285714285714662e-02
4.763157894736841369e-02 2.631578947368420451e-04 1.002631578947368179e-01 3.973684210526314681e-02 2.894736842105262442e-03 2.631578947368420451e-04 9.499999999999997335e-02 2.631578947368420451e-04 4.499999999999999140e-02 2.631578947368420451e-04 1.078947368421052239e-02 2.631578947368420451e-04 2.631578947368420451e-04 5.815789473684208899e-02 2.631578947368420451e-04 2.631578947368420451e-04 1.078947368421052239e-02 9.499999999999997335e-02 5.026315789473682905e-02 1.976315789473683526e-01 2.631578947368420451e-04 2.631578947368420451e-04 1.605263157894736351e-02 2.631578947368420451e-04 2.631578947368420451e-04 2.631578947368420451e-04 6.342105263157893358e-02 6.868421052631577817e-02 9.499999999999997335e-02 2.631578947368420451e-04
3.115264797507787749e-04 1.277258566978192733e-02 2.211838006230528939e-02 3.115264797507787749e-04 4.392523364485980547e-02 3.115264797507787749e-04 3.115264797507787749e-04 9.657320872274142293e-03 3.115264797507787749e-04 3.115264797507787749e-04 3.115264797507787749e-04 2.121495327102803086e-01 2.246105919003114626e-01 9.065420560747662615e-02 3.115264797507787749e-04 3.115264797507787749e-04 3.115264797507787749e-04 3.115264797507787749e-04 3.115264797507787749e-04 5.327102803738317099e-02 3.115264797507787749e-04 3.115264797507787749e-04 3.115264797507787749e-04 3.115264797507787749e-04 1.218068535825544974e-01 2.523364485981307789e-02 3.426791277258566578e-03 3.115264797507787749e-04 5.950155763239874801e-02 1.155763239875389203e-01
