1.119266055045871344e-02 3.853211009174311100e-03 6.623853211009173014e-02 1.834862385321100640e-04 3.853211009174311100e-03 1.834862385321100640e-04 5.688073394495412119e-03 1.834862385321100640e-04 3.946788990825687016e-01 1.834862385321100640e-04 1.834862385321100640e-04 1.834862385321100640e-04 2.036697247706421507e-02 4.972477064220182791e-02 2.018348623853210948e-03 1.834862385321100640e-04 1.834862385321100640e-04 1.834862385321100640e-04 1.011009174311926356e-01 4.238532110091742383e-02 7.357798165137613422e-02 1.396330275229357432e-01 1.834862385321100640e-04 5.155963302752292893e-02 1.834862385321100640e-04 1.834862385321100640e-04 1.853211009174311405e-02 1.834862385321100640e-04 1.834862385321100640e-04 1.302752293577981273e-02
3.389830508474576498e-04 6.813559322033899135e-02 3.389830508474576498e-04 3.389830508474576498e-04 3.389830508474576498e-04 3.389830508474576498e-04 3.389830508474576498e-04 7.152542372881356969e-02 3.389830508474576498e-04 3.389830508474576498e-04 3.728813559322034094e-03 5.796610169491525633e-02 3.389830508474576498e-04 3.389830508474576498e-04 3.389830508474576498e-04 3.389830508474576498e-04 3.389830508474576498e-04 2.067796610169491539e-02 3.389830508474576498e-04 3.389830508474576498e-04 3.389830508474576498e-04 1.020338983050847470e-01 2.138983050847457767e-01 1.728813559322033705e-02 3.728813559322034094e-03 4.440677966101694990e-02 3.389830508474576498e-04 3.389830508474576498e-04 7.830508474576271249e-02 3.122033898305084376e-01
4.385964912280702920e-04 4.385964912280702920e-04 4.385964912280702920e-04 4.385964912280702920e-04 1.671052631578947845e-01 4.385964912280702920e-04 4.385964912280702920e-04 4.385964912280702920e-04 4.385964912280702920e-04 4.868421052631580204e-02 7.938596491228072649e-02 2.855263157894737391e-01 1.359649122807017954e-02 4.385964912280702920e-04 3.114035087719298905e-02 4.385964912280702920e-04 4.385964912280702920e-04 4.824561403508773917e-03 4.385964912280702920e-04 4.385964912280702920e-04 4.385964912280702920e-04 4.824561403508773917e-03 4.385964912280702920e-04 1.057017543859649494e-01 4.385964912280702920e-04 9.692982456140353253e-02 4.429824561403510053e-02 1.100877192982456509e-01 4.385964912280702920e-04 4.385964912280702920e-04
3.571428571428571425e-04 7.892857142857143127e-02 3.571428571428571425e-04 1.821428571428571411e-02 6.464285714285715467e-02 3.571428571428571425e-04 3.571428571428571425e-04 8.607142857142857650e-02 3.571428571428571425e-04 4.678571428571428464e-02 7.500000000000000590e-03 7.178571428571428603e-02 3.571428571428571425e-04 3.571428571428571425e-04 3.928571428571428839e-03 1.464285714285714149e-02 3.571428571428571425e-04 3.571428571428571425e-04 3.571428571428571425e-04 1.107142857142857234e-02 3.571428571428571425e-04 1.360714285714285654e-01 7.500000000000000590e-03 3.571428571428571425e-04 3.571428571428571425e-04 2.892857142857142849e-02 7.500000000000000590e-03 5.750000000000000250e-02 7.178571428571428603e-02 2.824999999999999734e-01
3.831417624521074009e-04 3.831417624521074009e-04 3.831417624521074009e-04 3.831417624521074009e-04 3.831417624521074009e-04 3.831417624521074009e-04 4.214559386973181464e-03 1.038314176245210968e-01 2.455938697318008068e-01 3.831417624521074009e-04 8.045977011494254497e-03 3.831417624521074009e-04 3.831417624521074009e-04 4.214559386973181464e-03 1.383141762452107515e-01 4.214559386973181464e-03 8.045977011494254497e-03 3.831417624521074009e-04 3.831417624521074009e-04 3.831417624521074009e-04 4.252873563218391439e-02 4.636015325670499176e-02 3.869731800766284396e-02 3.831417624521074009e-04 1.268199233716475471e-01 4.214559386973181464e-03 1.306513409961686245e-01 3.831417624521074009e-04 8.045977011494254497e-03 8.084291187739466034e-02
4.504504504504505116e-04 5.900900900900901691e-02 4.504504504504505116e-04 5.000000000000000278e-02 1.396396396396396532e-02 4.504504504504505116e-04 1.671171171171171588e-01 4.504504504504505116e-04 4.504504504504505116e-04 4.504504504504505116e-04 4.504504504504505116e-04 4.504504504504505116e-04 4.504504504504505116e-04 9.954954954954957358e-02 9.459459459459461719e-03 4.954954954954956386e-03 4.954954954954956386e-03 4.504504504504505116e-04 4.504504504504505116e-04 4.504504504504505116e-04 1.220720720720720881e-01 1.400900900900901025e-01 4.504504504504505116e-04 4.549549549549550265e-02 4.504504504504505116e-04 4.504504504504505116e-04 1.310810810810811022e-01 8.603603603603605932e-02 4.954954954954956386e-03 5.450450450450450984e-02
9.677419354838711837e-03 4.608294930875577117e-04 4.608294930875577117e-04 1.156682027649769823e-01 4.608294930875577117e-04 4.608294930875577117e-04 1.248847926267281361e-01 4.608294930875577117e-04 4.608294930875577117e-04 5.576036866359447564e-02 9.677419354838711837e-03 4.608294930875577117e-04 2.811059907834101423e-02 5.115207373271889874e-02 4.608294930875577117e-04 4.608294930875577117e-04 4.608294930875577117e-04 4.608294930875577117e-04 4.608294930875577117e-04 4.608294930875577117e-04 1.202764976958525522e-01 4.608294930875577117e-04 4.608294930875577117e-04 1.294930875576037199e-01 4.608294930875577117e-04 4.608294930875577117e-04 2.677419354838709853e-01 6.036866359447005254e-02 4.608294930875577117e-04 1.889400921658986390e-02
1.174242424242424518e-02 6.477272727272728736e-02 3.787878787878788960e-04 1.026515151515151741e-01 3.034090909090909616e-01 3.787878787878788960e-04 3.787878787878788960e-04 8.750000000000002220e-02 3.787878787878788960e-04 3.787878787878788960e-04 3.068181818181818857e-02 3.787878787878788960e-04 3.787878787878788960e-04 3.787878787878788960e-04 6.098484848484850285e-02 7.234848484848487027e-02 7.954545454545457195e-03 3.787878787878788960e-04 3.787878787878788960e-04 7.954545454545457195e-03 1.174242424242424518e-02 3.446969696969697655e-02 3.787878787878788960e-04 5.340909090909091994e-02 3.787878787878788960e-04 3.787878787878788960e-04 4.166666666666667476e-03 1.064393939393939725e-01 3.787878787878788960e-04 3.446969696969697655e-02
2.401574803149606266e-02 4.763779527559054705e-02 3.937007874015748519e-04 1.578740157480315043e-01 1.460629921259842534e-01 3.937007874015748519e-04 3.937007874015748519e-04 4.370078740157479907e-02 3.937007874015748519e-04 9.881889763779527769e-02 8.267716535433070751e-03 3.937007874015748519e-04 3.937007874015748519e-04 3.937007874015748519e-04 4.330708661417322775e-03 3.937007874015748519e-04 3.937007874015748519e-04 3.937007874015748519e-04 4.330708661417322775e-03 3.937007874015748519e-04 3.937007874015748519e-04 8.700787401574804070e-02 3.582677165354330312e-02 1.614173228346456671e-02 3.937007874015748519e-04 3.937007874015748519e-04 1.066929133858267736e-01 2.007874015748031468e-02 3.937007874015748519e-04 1.933070866141732291e-01
1.534653465346534629e-02 4.950495049504950555e-04 4.950495049504950555e-04 4.950495049504950555e-04 4.950495049504950555e-04 7.475247524752474948e-02 1.193069306930693158e-01 4.950495049504950555e-04 4.950495049504950555e-04 6.485148514851485357e-02 4.950495049504950555e-04 4.950495049504950555e-04 4.950495049504950555e-04 1.044554455445544650e-01 4.950495049504950555e-04 4.950495049504950555e-04 5.445544554455446044e-03 3.514851485148514504e-02 5.495049504950495073e-02 1.143564356435643609e-01 1.143564356435643609e-01 4.504950495049504788e-02 4.950495049504950555e-04 2.430693069306930632e-01 4.950495049504950555e-04 4.950495049504950555e-04 4.950495049504950555e-04 4.950495049504950555e-04 4.950495049504950555e-04 4.950495049504950555e-04
7.142857142857143501e-03 3.401360544217687382e-04 1.734693877551020391e-02 3.401360544217687382e-04 1.670068027210884487e-01 3.401360544217687382e-04 3.401360544217687382e-04 9.557823129251701022e-02 3.401360544217687382e-04 3.741496598639456120e-03 3.401360544217687382e-04 2.755102040816326259e-02 3.401360544217687382e-04 3.401360544217687382e-04 3.401360544217687382e-04 1.054421768707483088e-02 3.401360544217687382e-04 3.401360544217687382e-04 3.775510204081632820e-02 3.401360544217687382e-04 7.142857142857143501e-03 1.397959183673469497e-01 3.401360544217687382e-04 3.401360544217687382e-04 3.401360544217687382e-04 1.125850340136054506e-01 1.227891156462585093e-01 3.401360544217687382e-04 9.217687074829931937e-02 1.534013605442176853e-01
8.007246376811591460e-02 3.623188405797100409e-04 3.623188405797100409e-04 1.489130434782608148e-01 8.007246376811591460e-02 2.503623188405795785e-01 3.623188405797100409e-04 3.623188405797100409e-04 3.623188405797100409e-04 1.054347826086956125e-01 3.623188405797100409e-04 7.608695652173909883e-03 3.623188405797100409e-04 3.623188405797100409e-04 3.623188405797100409e-04 3.623188405797100409e-04 3.623188405797100409e-04 3.623188405797100409e-04 3.623188405797100409e-04 9.818840579710141903e-02 5.108695652173910612e-02 5.833333333333331344e-02 3.623188405797100409e-04 8.007246376811591460e-02 3.985507246376810558e-03 3.623188405797100409e-04 3.623188405797100409e-04 2.934782608695650843e-02 3.623188405797100409e-04 3.623188405797100409e-04
2.890173410404625002e-04 1.473988439306358512e-02 2.890173410404625002e-04 4.653179190751446231e-02 2.575144508670520471e-01 2.890173410404625002e-04 2.890173410404625002e-04 2.052023121387283600e-02 2.052023121387283600e-02 2.890173410404625002e-04 2.890173410404625002e-04 1.332369942196532098e-01 2.890173410404625002e-04 2.890173410404625002e-04 2.890173410404625002e-04 2.890173410404625002e-04 3.179190751445087285e-03 2.890173410404625002e-04 2.890173410404625002e-04 3.179190751445087285e-03 3.208092485549133427e-02 8.699421965317920280e-02 2.890173410404625002e-04 2.890173410404625002e-04 2.890173410404625002e-04 1.763005780346820969e-02 3.786127167630057994e-02 2.890173410404625002e-04 2.890173410404625002e-04 3.210982658959538050e-01
4.405286343612335536e-04 2.687224669603524574e-02 4.405286343612335536e-04 2.687224669603524574e-02 4.405286343612335536e-04 4.405286343612335536e-04 4.405286343612335536e-04 4.845814977973569686e-03 4.405286343612335536e-04 4.405286343612335536e-04 4.405286343612335536e-04 4.405286343612335536e-04 4.405286343612335536e-04 2.207048458149780124e-01 4.405286343612335536e-04 4.405286343612335536e-04 4.405286343612335536e-04 9.251101321585904896e-03 4.405286343612335536e-04 1.766519823788546550e-01 1.766519823788546550e-01 4.889867841409691746e-02 4.405286343612335536e-04 3.127753303964758008e-02 4.449339207048458311e-02 1.414096916299559803e-01 8.414096916299561302e-02 4.405286343612335536e-04 4.405286343612335536e-04 4.405286343612335536e-04
3.831417624521072924e-04 3.831417624521072924e-04 3.831417624521072924e-04 6.934865900383142823e-02 1.957854406130268288e-01 3.831417624521072924e-04 3.831417624521072924e-04 3.869731800766283702e-02 2.337164750957854142e-02 3.103448275862068922e-02 3.831417624521072924e-04 4.252873563218390746e-02 4.252873563218390746e-02 3.831417624521072924e-04 4.214559386973180596e-03 3.831417624521072924e-04 3.831417624521072924e-04 3.831417624521072924e-04 3.831417624521072924e-04 3.831417624521072924e-04 8.467432950191570995e-02 1.498084291187739558e-01 3.831417624521072924e-04 3.831417624521072924e-04 3.831417624521072924e-04 2.720306513409961532e-02 3.831417624521072924e-04 1.268199233716475194e-01 3.831417624521072924e-04 1.574712643678161106e-01
3.597122302158274544e-04 2.194244604316547206e-02 3.597122302158274544e-04 1.474820143884892319e-02 3.133093525179856398e-01 3.597122302158274544e-04 3.597122302158274544e-04 3.597122302158274544e-04 3.597122302158274544e-04 3.597122302158274544e-04 1.834532374100719676e-02 9.748201438848923261e-02 3.597122302158274544e-04 5.071942446043166408e-02 1.115107913669064962e-02 3.597122302158274544e-04 3.597122302158274544e-04 3.597122302158274544e-04 7.553956834532376055e-03 3.956834532374101619e-03 3.597122302158274544e-04 7.230215827338130896e-02 3.597122302158274544e-04 3.597122302158274544e-04 3.597122302158274544e-04 3.956834532374101619e-03 3.597122302158274544e-04 3.597122302158274544e-04 5.791366906474822163e-02 3.205035971223021973e-01
3.861003861003860986e-04 3.861003861003860986e-04 6.988416988416988607e-02 4.247104247104247464e-03 2.397683397683397777e-01 3.861003861003860986e-04 3.861003861003860986e-04 3.127413127413126992e-02 5.444015444015443822e-02 2.741312741312741316e-02 3.861003861003860986e-04 3.861003861003860986e-04 4.247104247104247464e-03 3.861003861003860986e-04 3.861003861003860986e-04 3.861003861003860986e-04 3.861003861003860986e-04 3.861003861003860986e-04 3.861003861003860986e-04 4.247104247104247464e-03 7.374517374517375323e-02 2.355212355212354947e-02 3.861003861003860986e-04 3.861003861003860986e-04 3.861003861003860986e-04 7.760617760617760652e-02 3.899613899613899731e-02 9.691119691119691459e-02 3.861003861003860986e-04 2.474903474903474565e-01
2.044989775051124503e-04 2.044989775051124503e-04 2.044989775051124503e-04 2.044989775051124503e-04 1.188139059304703232e-01 2.249488752556236953e-03 1.042944785276073323e-02 2.249488752556236953e-03 1.229038854805725722e-01 2.044989775051124503e-04 2.044989775051124503e-04 7.791411042944783316e-02 2.044989775051124503e-04 8.200408997955008217e-02 1.247443762781185773e-02 2.044989775051124503e-04 1.042944785276073323e-02 2.044989775051124503e-04 2.044989775051124503e-04 2.044989775051124503e-04 7.177914110429446659e-02 9.631901840490796063e-02 2.044989775051124503e-04 2.044989775051124503e-04 2.044989775051124503e-04 2.044989775051124503e-04 2.044989775051124503e-04 1.556237218813905365e-01 7.177914110429446659e-02 1.617586912065439309e-01
4.055727554179566763e-02 3.095975232198142600e-04 3.095975232198142600e-04 1.578947368421052683e-02 1.674922600619195012e-01 3.095975232198142600e-04 3.095975232198142600e-04 3.095975232198142600e-04 9.597523219814241627e-03 3.095975232198142600e-04 3.095975232198142600e-04 1.241486068111455204e-01 3.095975232198142600e-04 3.095975232198142600e-04 3.095975232198142600e-04 1.578947368421052683e-02 3.095975232198142600e-04 3.095975232198142600e-04 3.405572755417956860e-03 9.597523219814241627e-03 2.507739938080495376e-02 3.095975232198142600e-04 3.095975232198142600e-04 3.405572755417956860e-03 3.095975232198142600e-04 1.269349845201238336e-02 9.009287925696594923e-02 8.080495356037152577e-02 3.095975232198142600e-04 3.965944272445820484e-01
7.369007803790410260e-02 4.581939799331103541e-02 1.114827201783723422e-04 3.455964325529542729e-03 1.327759197324414608e-01 1.226309921962095723e-03 1.114827201783723422e-04 1.906354515050167134e-02 1.114827201783723422e-04 1.114827201783723422e-04 1.114827201783723422e-04 4.358974358974358754e-02 4.358974358974358754e-02 1.114827201783723422e-04 4.693422519509475588e-02 1.125975473801560552e-02 1.114827201783723422e-04 1.114827201783723422e-04 1.114827201783723422e-04 1.114827201783723422e-04 6.142697881828315665e-02 4.916387959866220375e-02 1.114827201783723422e-04 6.800445930880712371e-03 3.132664437012262770e-02 1.114827201783723422e-04 1.906354515050167134e-02 4.358974358974358754e-02 6.800445930880712371e-03 3.590858416945373333e-01
5.813953488372094027e-04 5.813953488372094027e-04 5.813953488372094027e-04 1.052325581395349152e-01 1.220930232558139865e-02 2.383720930232558280e-02 5.813953488372094027e-04 5.813953488372094027e-04 5.813953488372094027e-04 7.616279069767442622e-02 5.813953488372094027e-04 5.813953488372094027e-04 5.813953488372094027e-04 1.220930232558139865e-02 5.813953488372094027e-04 5.813953488372094027e-04 1.802325581395349333e-02 5.813953488372094027e-04 5.813953488372094027e-04 5.813953488372094027e-04 2.389534883720930702e-01 9.360465116279072240e-02 7.616279069767442622e-02 2.383720930232558280e-02 5.813953488372094027e-04 5.813953488372094027e-04 2.563953488372093803e-01 5.290697674418605445e-02 5.813953488372094027e-04 5.813953488372094027e-04
3.787878787878787876e-04 3.787878787878787876e-04 2.310606060606060566e-02 3.446969696969696961e-02 3.526515151515151048e-01 3.787878787878787876e-04 3.787878787878787876e-04 3.787878787878787876e-04 3.787878787878787876e-04 3.787878787878787876e-04 3.787878787878787876e-04 3.787878787878787876e-04 9.886363636363637575e-02 3.787878787878787876e-04 4.166666666666666609e-03 3.787878787878787876e-04 3.787878787878787876e-04 7.954545454545455460e-03 4.166666666666666609e-03 3.787878787878787876e-04 3.787878787878787876e-04 6.856060606060607188e-02 3.787878787878787876e-04 3.071969696969696906e-01 3.787878787878787876e-04 3.787878787878787876e-04 7.954545454545455460e-03 8.371212121212122381e-02 3.787878787878787876e-04 3.787878787878787876e-04
3.787878787878787333e-04 3.787878787878787333e-04 3.787878787878787333e-04 3.787878787878787333e-04 1.215909090909090690e-01 3.787878787878787333e-04 1.174242424242423997e-02 6.098484848484847509e-02 3.787878787878787333e-04 7.954545454545453725e-03 3.787878787878787333e-04 4.962121212121210767e-02 1.632575757575757402e-01 4.204545454545453170e-02 3.787878787878787333e-04 3.787878787878787333e-04 3.787878787878787333e-04 1.553030303030302622e-02 3.787878787878787333e-04 3.787878787878787333e-04 1.026515151515151325e-01 7.234848484848484251e-02 3.787878787878787333e-04 9.507575757575756348e-02 3.787878787878787333e-04 1.746212121212120938e-01 6.477272727272725961e-02 3.787878787878787333e-04 7.954545454545453725e-03 4.166666666666665741e-03
3.642384105960264681e-03 3.642384105960264681e-03 3.311258278145694819e-04 3.311258278145694819e-04 6.953642384105959175e-03 3.311258278145694819e-04 6.324503311258276861e-02 2.019867549668873802e-02 3.311258278145694819e-04 2.682119205298012787e-02 3.311258278145694819e-04 3.311258278145694819e-04 5.662251655629138569e-02 4.999999999999998890e-02 3.311258278145694819e-04 5.331125827814568729e-02 3.642384105960264681e-03 3.311258278145694819e-04 3.311258278145694819e-04 3.311258278145694819e-04 3.311258278145694819e-04 8.642384105960264351e-02 3.311258278145694819e-04 4.109271523178806840e-01 6.953642384105959175e-03 3.344370860927151773e-02 1.096026490066225045e-01 5.993377483443707715e-02 3.311258278145694819e-04 3.311258278145694819e-04
4.032258064516130113e-04 4.032258064516130113e-04 4.032258064516130113e-04 4.032258064516130113e-04 4.032258064516130113e-04 4.032258064516130113e-04 4.435483870967743721e-03 2.862903225806451984e-02 4.032258064516130113e-04 8.467741935483873508e-03 4.032258064516130113e-04 4.032258064516130113e-04 1.576612903225806939e-01 8.508064516129035249e-02 4.032258064516130113e-04 4.032258064516130113e-04 4.032258064516130113e-04 4.032258064516130113e-04 3.875000000000000666e-01 4.032258064516130113e-04 4.032258064516130113e-04 1.415322580645161643e-01 2.862903225806451984e-02 4.032258064516130113e-04 4.032258064516130113e-04 2.056451612903226200e-02 4.032258064516130113e-04 8.467741935483873508e-03 1.213709677419355232e-01 4.032258064516130113e-04
3.728813559322033660e-03 3.389830508474575956e-04 3.389830508474575956e-04 1.050847457627118557e-02 3.389830508474575956e-04 1.664406779661016800e-01 3.389830508474575956e-04 3.389830508474575956e-04 3.389830508474575956e-04 1.833898305084745439e-01 3.389830508474575956e-04 3.389830508474575956e-04 5.457627118644067105e-02 9.186440677966099810e-02 3.389830508474575956e-04 3.389830508474575956e-04 4.440677966101693602e-02 3.389830508474575956e-04 3.389830508474575956e-04 1.050847457627118557e-02 2.410169491525423202e-01 3.389830508474575956e-04 3.389830508474575956e-04 3.389830508474575956e-04 3.389830508474575956e-04 2.067796610169490845e-02 9.525423728813557644e-02 7.152542372881355581e-02 3.389830508474575956e-04 3.389830508474575956e-04
2.840909090909090229e-04 5.142045454545453309e-02 3.124999999999999306e-03 2.840909090909090229e-04 2.218749999999999056e-01 5.965909090909089427e-03 3.124999999999999306e-03 2.840909090909090229e-04 2.840909090909090229e-04 1.025568181818181518e-01 2.840909090909090229e-04 2.840909090909090229e-04 2.840909090909090229e-04 5.965909090909089427e-03 2.840909090909090229e-04 2.840909090909090229e-04 2.840909090909090229e-04 2.840909090909090229e-04 2.840909090909090229e-04 2.161931818181817289e-01 2.840909090909090229e-04 7.982954545454543083e-02 2.840909090909090229e-04 1.139204545454545192e-01 2.840909090909090229e-04 3.124999999999999306e-03 5.710227272727270986e-02 1.309659090909090495e-01 2.840909090909090229e-04 2.840909090909090229e-04
4.629629629629630891e-04 4.629629629629630891e-04 4.629629629629630891e-04 4.629629629629630891e-04 5.138888888888890061e-02 4.629629629629630891e-04 4.212962962962964186e-02 2.824074074074074681e-02 4.629629629629630891e-04 4.212962962962964186e-02 4.629629629629630891e-04 4.629629629629630891e-04 6.990740740740741810e-02 4.629629629629630891e-04 5.601851851851852998e-02 3.287037037037037618e-02 5.092592592592594739e-03 5.138888888888890061e-02 2.361111111111111396e-02 4.629629629629630891e-04 4.629629629629630891e-04 2.361111111111111396e-02 4.212962962962964186e-02 3.800925925925926485e-01 4.629629629629630891e-04 4.629629629629630891e-04 4.675925925925927124e-02 6.064814814814815935e-02 3.750000000000000555e-02 4.629629629629630891e-04
2.217294900221728946e-04 2.461197339246119081e-02 7.560975609756095950e-02 2.217294900221728946e-04 4.656319290465630624e-03 2.217294900221728946e-04 4.013303769401329463e-02 2.217294900221728946e-04 2.217294900221728946e-04 2.217294900221728946e-04 2.217294900221728946e-04 2.217294900221728946e-04 1.643015521064301043e-01 1.310421286031041854e-01 1.130820399113081735e-02 2.439024390243902003e-03 4.656319290465630624e-03 3.791574279379156948e-02 8.669623059866959913e-02 4.456762749445675187e-02 1.130820399113081735e-02 9.778270509977825264e-02 2.217294900221728946e-04 1.221729490022172709e-01 2.439024390243902003e-03 1.130820399113081735e-02 2.239467849223946219e-02 2.439024390243902003e-03 8.669623059866959913e-02 1.352549889135254597e-02
2.136752136752136208e-04 2.136752136752136208e-04 2.799145299145298221e-02 4.487179487179485983e-03 5.149572649572647931e-02 2.136752136752136208e-04 8.760683760683757315e-03 2.136752136752136208e-04 2.350427350427349883e-03 2.350427350427349883e-03 1.089743589743589341e-02 2.136752136752136208e-04 3.440170940170939051e-02 3.867521367521366271e-02 6.431623931623929591e-02 8.782051282051278607e-02 4.487179487179485983e-03 2.136752136752136208e-04 2.136752136752136208e-04 2.136752136752136208e-04 2.136752136752136208e-04 2.136752136752136208e-04 2.158119658119657391e-02 4.745726495726493854e-01 2.136752136752136208e-04 1.089743589743589341e-02 2.136752136752136208e-04 7.713675213675211251e-02 4.081196581196579881e-02 3.440170940170939051e-02
4.545454545454545451e-04 4.545454545454545451e-04 1.863636363636363494e-02 1.504545454545454519e-01 3.227272727272727237e-02 2.095454545454545625e-01 4.545454545454545451e-04 4.545454545454545451e-04 4.545454545454545451e-04 1.277272727272727448e-01 4.545454545454545451e-04 4.545454545454545451e-04 4.545454545454545451e-04 5.000000000000000104e-03 4.545454545454545451e-04 4.545454545454545451e-04 4.545454545454545451e-04 9.545454545454546205e-03 5.000000000000000104e-03 1.913636363636363746e-01 3.227272727272727237e-02 8.227272727272727515e-02 4.545454545454545451e-04 4.545454545454545451e-04 4.545454545454545451e-04 8.227272727272727515e-02 4.545454545454545451e-04 4.590909090909090634e-02 4.545454545454545451e-04 4.545454545454545451e-04
4.431554524361947661e-02 2.320185614849187134e-04 4.872389791183292899e-03 2.320185614849187134e-04 2.320185614849187134e-04 2.552204176334105928e-03 3.039443155452434958e-02 7.679814385150809941e-02 2.320185614849187134e-04 2.552204176334105928e-03 2.320185614849187134e-04 4.872389791183292899e-03 1.116009280742459031e-01 7.192575406032479871e-03 2.552204176334105928e-03 3.735498839907191310e-02 2.320185614849187134e-04 4.872389791183292899e-03 2.320185614849187134e-04 2.320185614849187134e-04 2.320185614849187134e-04 2.343387470997678954e-02 2.552204176334105928e-03 4.781902552204174150e-01 1.415313225058003992e-02 2.807424593967516174e-02 2.552204176334105928e-03 5.359628770301622103e-02 1.183294663573085381e-02 5.359628770301622103e-02
1.363636363636363917e-02 1.240259740259740534e-01 6.493506493506494585e-04 6.493506493506494585e-04 2.012987012987013311e-02 6.493506493506494585e-04 7.207792207792208805e-02 6.493506493506494585e-04 6.493506493506494585e-04 3.311688311688312097e-02 6.493506493506494585e-04 7.142857142857144369e-03 1.363636363636363917e-02 2.662337662337662531e-02 6.493506493506494585e-04 1.363636363636363917e-02 2.012987012987013311e-02 6.493506493506494585e-04 1.363636363636363917e-02 6.493506493506494585e-04 6.493506493506494585e-04 1.500000000000000500e-01 6.493506493506494585e-04 6.493506493506494585e-04 6.493506493506494585e-04 2.012987012987013311e-02 7.857142857142858372e-02 3.318181818181819009e-01 5.259740259740260798e-02 6.493506493506494585e-04
4.719101123595504342e-03 2.247191011235954603e-04 2.247191011235954603e-04 6.966292134831459162e-03 2.247191011235954603e-04 2.247191011235954603e-04 4.719101123595504342e-03 2.247191011235954603e-04 2.247191011235954603e-04 2.247191011235954603e-04 9.213483146067413115e-03 2.247191011235954603e-04 6.988764044943818199e-02 2.044943820224718461e-02 2.471910112359549955e-03 2.247191011235954603e-04 2.247191011235954603e-04 2.247191011235954603e-04 2.471910112359549955e-03 2.494382022471909252e-02 6.966292134831459162e-03 5.865168539325841396e-02 1.370786516853932102e-02 4.676404494382020993e-01 2.247191011235954603e-04 1.305617977528089613e-01 2.247191011235954603e-04 1.080898876404494113e-01 5.191011235955055036e-02 1.370786516853932102e-02
4.310344827586207921e-04 4.310344827586207921e-04 7.370689655172414645e-02 4.310344827586207921e-04 4.310344827586207921e-04 4.310344827586207921e-04 4.310344827586207921e-04 4.310344827586207921e-04 4.310344827586207921e-04 4.310344827586207921e-04 4.310344827586207921e-04 4.310344827586207921e-04 3.922413793103448482e-02 4.310344827586207921e-04 4.310344827586207921e-04 3.060344827586207114e-02 4.310344827586207921e-04 4.310344827586207921e-04 4.310344827586207921e-04 4.310344827586207921e-04 4.310344827586207921e-04 9.051724137931035225e-03 4.741379310344828388e-03 6.857758620689655693e-01 4.310344827586207921e-04 1.297413793103448509e-01 1.336206896551724380e-02 4.310344827586207921e-04 4.741379310344828388e-03 4.310344827586207921e-04
4.081632653061224641e-04 4.081632653061224641e-04 4.081632653061224641e-04 1.310204081632653228e-01 1.922448979591836749e-01 4.081632653061224641e-04 4.081632653061224641e-04 4.081632653061224641e-04 4.081632653061224641e-04 2.126530612244897922e-01 8.571428571428571855e-03 4.122448979591836898e-02 6.571428571428572507e-02 4.081632653061224641e-04 7.795918367346939271e-02 2.081632653061224469e-02 4.081632653061224641e-04 4.081632653061224641e-04 2.489795918367346955e-02 1.718367346938775575e-01 4.081632653061224641e-04 3.714285714285714413e-02 4.489795918367346997e-03 4.489795918367346997e-03 4.081632653061224641e-04 4.081632653061224641e-04 4.081632653061224641e-04 4.081632653061224641e-04 4.081632653061224641e-04 4.081632653061224641e-04
3.115264797507787749e-04 6.542056074766354652e-03 3.115264797507787749e-04 3.115264797507787749e-04 2.495327102803737707e-01 6.542056074766354652e-03 1.588785046728971584e-02 2.834890965732086640e-02 3.115264797507787749e-04 3.115264797507787749e-04 3.115264797507787749e-04 3.115264797507787749e-04 3.115264797507787749e-04 3.115264797507787749e-04 3.115264797507787749e-04 6.542056074766354652e-03 3.115264797507787749e-04 3.115264797507787749e-04 3.115264797507787749e-04 9.999999999999999167e-02 3.115264797507787749e-04 3.146417445482865144e-02 3.115264797507787749e-04 3.211838006230529063e-01 3.115264797507787749e-04 8.130841121495326063e-02 3.426791277258566578e-03 1.404984423676012284e-01 3.426791277258566578e-03 3.115264797507787749e-04
2.857142857142856273e-04 2.857142857142856273e-04 3.142857142857142117e-03 2.857142857142856273e-04 2.599999999999999187e-02 2.857142857142856273e-04 2.857142857142856273e-04 2.857142857142856273e-04 2.857142857142856273e-04 8.857142857142855097e-03 2.857142857142856273e-04 2.857142857142856273e-04 2.857142857142856273e-04 5.171428571428569876e-02 2.857142857142856273e-04 2.857142857142856273e-04 1.742857142857142175e-02 5.999999999999998390e-03 4.317142857142855505e-01 2.857142857142856273e-04 2.857142857142856273e-04 9.742857142857140607e-02 2.857142857142856273e-04 2.031428571428570695e-01 2.857142857142856273e-04 7.171428571428568877e-02 2.857142857142856273e-04 2.857142857142856273e-04 6.885714285714283900e-02 8.857142857142855097e-03
4.366812227074236448e-04 4.366812227074236448e-04 4.366812227074236448e-04 4.366812227074236448e-04 1.008733624454148659e-01 5.720524017467249617e-02 4.410480349344978596e-02 4.803493449781660526e-03 4.366812227074236448e-04 2.056768558951965475e-01 4.366812227074236448e-04 5.283842794759825712e-02 6.157205240174672828e-02 1.401746724890829965e-01 4.366812227074236448e-04 4.366812227074236448e-04 4.847161572052402501e-02 4.366812227074236448e-04 4.803493449781660526e-03 4.366812227074236448e-04 4.366812227074236448e-04 4.366812227074236448e-04 4.366812227074236448e-04 4.366812227074236448e-04 4.366812227074236448e-04 1.139737991266375761e-01 7.903930131004367754e-02 7.903930131004367754e-02 4.366812227074236448e-04 4.366812227074236448e-04
5.000000000000001188e-04 5.000000000000001188e-04 5.000000000000001188e-04 1.555000000000000271e-01 2.550000000000000183e-02 5.000000000000001188e-04 5.050000000000000322e-02 5.000000000000001188e-04 5.000000000000001188e-04 5.550000000000000766e-02 1.550000000000000336e-02 4.550000000000000572e-02 5.000000000000001188e-04 2.455000000000000515e-01 5.000000000000001188e-04 5.000000000000001188e-04 7.550000000000001155e-02 5.000000000000001188e-04 5.000000000000001188e-04 5.000000000000001188e-04 5.000000000000001188e-04 3.050000000000000280e-02 5.000000000000001188e-04 2.550000000000000183e-02 5.000000000000001188e-04 2.405000000000000471e-01 5.000000000000001188e-04 5.000000000000001188e-04 5.000000000000001188e-04 2.550000000000000183e-02
8.606557377049182597e-03 4.098360655737705999e-04 4.098360655737705999e-04 4.098360655737705999e-04 4.098360655737705999e-04 4.098360655737705999e-04 4.098360655737705999e-04 4.098360655737705999e-04 4.098360655737705999e-04 4.098360655737705999e-04 4.098360655737705999e-04 4.098360655737705999e-04 4.098360655737705999e-04 7.827868852459018978e-02 4.508196721311476599e-03 8.647540983606559484e-02 8.606557377049182597e-03 4.098360655737705999e-04 4.508196721311476599e-03 5.368852459016394685e-02 4.098360655737705999e-04 7.008196721311477084e-02 4.098360655737705999e-04 3.569672131147541561e-01 4.098360655737705999e-04 2.340163934426230108e-01 4.098360655737705999e-04 1.270491803278688860e-02 7.418032786885248031e-02 4.098360655737705999e-04
6.818181818181814381e-03 3.246753246753245124e-04 3.246753246753245124e-04 3.246753246753245124e-04 2.305194805194803881e-02 3.246753246753245124e-04 1.006493506493505961e-02 3.246753246753245124e-04 3.246753246753245124e-04 3.246753246753245124e-04 3.246753246753245124e-04 3.246753246753245124e-04 1.655844155844154661e-02 3.246753246753245124e-04 3.246753246753245124e-04 7.175324675324672163e-02 3.246753246753245124e-04 3.246753246753245124e-04 1.331168831168830398e-02 3.246753246753245124e-04 4.253246753246750500e-02 4.577922077922075283e-02 3.246753246753245124e-04 6.009740259740256052e-01 3.246753246753245124e-04 1.301948051948051410e-01 3.246753246753245124e-04 3.246753246753245124e-04 2.629870129870128317e-02 6.818181818181814381e-03
1.903485254691688472e-02 2.680965147453082294e-04 2.680965147453082294e-04 3.243967828418229532e-02 2.680965147453082294e-04 2.680965147453082294e-04 2.975871313672921389e-02 2.680965147453082294e-04 2.680965147453082294e-04 4.584450402144771286e-02 2.680965147453082294e-04 2.680965147453082294e-04 6.729222520107236427e-02 2.680965147453082294e-04 2.949061662198390957e-03 2.680965147453082294e-04 2.680965147453082294e-04 2.680965147453082294e-04 5.656836461126003857e-02 1.477211796246648279e-01 2.254691689008042066e-01 7.801608579088470385e-02 2.680965147453082294e-04 2.495978552278819429e-01 8.310991957104555544e-03 2.975871313672921389e-02 2.680965147453082294e-04 2.680965147453082294e-04 2.949061662198390957e-03 2.680965147453082294e-04
2.625468164794007575e-01 3.745318352059926327e-04 3.745318352059926327e-04 3.745318352059926327e-04 7.865168539325844907e-03 4.119850187265918472e-03 3.745318352059926327e-04 4.157303370786517849e-02 3.745318352059926327e-04 3.745318352059926327e-04 3.745318352059926327e-04 3.745318352059926327e-04 1.876404494382022947e-01 3.745318352059926327e-04 3.745318352059926327e-04 3.745318352059926327e-04 4.119850187265918472e-03 3.745318352059926327e-04 3.745318352059926327e-04 3.745318352059926327e-04 3.408239700374532388e-02 2.026217228464420039e-01 3.745318352059926327e-04 4.531835205992509885e-02 7.865168539325844907e-03 6.404494382022474230e-02 3.745318352059926327e-04 1.535580524344569431e-02 1.161048689138577047e-02 1.052434456928839218e-01
3.144654088050312683e-04 3.144654088050312683e-04 3.144654088050312683e-04 1.323899371069181818e-01 3.144654088050312683e-04 1.732704402515722331e-01 3.459119496855344277e-03 3.144654088050312683e-04 3.144654088050312683e-04 6.320754716981129284e-02 3.144654088050312683e-04 6.603773584905657176e-03 8.522012578616347533e-02 3.144654088050312683e-04 3.144654088050312683e-04 3.144654088050312683e-04 3.144654088050312683e-04 3.144654088050312683e-04 3.144654088050312683e-04 1.292452830188678681e-01 3.144654088050312683e-04 1.040880503144653579e-01 5.691823899371066531e-02 9.465408805031441664e-02 3.144654088050312683e-04 1.449685534591194369e-01 3.144654088050312683e-04 3.144654088050312683e-04 3.144654088050312683e-04 3.144654088050312683e-04
2.770083102493073389e-04 2.770083102493073389e-04 2.770083102493073389e-04 2.770083102493073389e-04 2.770083102493073389e-04 2.770083102493073389e-04 2.797783933518004085e-02 2.770083102493073389e-04 2.770083102493073389e-04 2.770083102493073389e-04 2.770083102493073389e-04 2.770083102493073389e-04 8.587257617728527234e-03 1.135734072022159986e-02 2.770083102493073389e-04 5.567867036011078102e-02 2.770083102493073389e-04 2.770083102493073389e-04 4.182825484764540747e-02 5.290858725761770492e-02 4.736842105263155966e-02 9.168975069252073562e-02 2.770083102493073389e-04 4.933518005540163953e-01 2.770083102493073389e-04 1.055401662049861022e-01 2.770083102493073389e-04 1.412742382271467423e-02 2.770083102493073389e-04 4.459833795013848357e-02
2.481389578163771168e-04 5.210918114143919290e-03 1.513647642679900179e-02 6.476426799007442558e-02 4.739454094292803316e-02 2.481389578163771168e-04 9.205955334987590832e-02 2.481389578163771168e-04 2.481389578163771168e-04 3.029776674937964542e-01 1.017369727047146011e-02 2.481389578163771168e-04 2.481389578163771168e-04 1.317617866004962557e-01 2.481389578163771168e-04 2.481389578163771168e-04 1.265508684863523095e-02 2.481389578163771168e-04 3.250620347394540116e-02 2.481389578163771168e-04 2.481389578163771168e-04 7.965260545905705758e-02 2.481389578163771168e-04 2.481389578163771168e-04 1.265508684863523095e-02 1.863523573200991934e-01 2.729528535980148447e-03 2.481389578163771168e-04 2.481389578163771168e-04 2.481389578163771168e-04
4.201680672268908357e-04 4.201680672268908357e-04 7.184873949579832775e-02 4.201680672268908357e-04 5.084033613445378824e-02 4.201680672268908357e-04 4.201680672268908357e-04 2.567226890756302837e-01 4.663865546218487479e-02 4.201680672268908357e-04 4.201680672268908357e-04 1.138655462184874206e-01 4.201680672268908357e-04 2.142857142857142877e-02 5.504201680672269476e-02 4.201680672268908357e-04 4.201680672268908357e-04 4.201680672268908357e-04 1.180672268907563272e-01 4.201680672268908357e-04 4.201680672268908357e-04 1.264705882352941402e-01 8.823529411764707495e-03 4.201680672268908357e-04 2.142857142857142877e-02 8.025210084033615465e-02 4.201680672268908357e-04 4.201680672268908357e-04 2.142857142857142877e-02 4.201680672268908357e-04
7.814814814814814714e-02 3.703703703703704062e-04 1.040740740740740827e-01 3.703703703703704062e-04 3.703703703703704062e-04 3.703703703703704062e-04 5.222222222222221849e-02 1.151851851851851960e-01 3.703703703703704062e-04 3.703703703703704062e-04 3.703703703703704062e-04 1.262962962962962954e-01 3.703703703703704062e-04 1.148148148148148140e-02 3.703703703703704062e-04 3.703703703703704062e-04 3.703703703703704062e-04 4.111111111111111216e-02 1.518518518518518351e-02 3.703703703703704062e-04 3.370370370370370100e-02 1.077777777777777779e-01 3.703703703703704062e-04 1.559259259259259400e-01 3.703703703703704062e-04 3.703703703703704062e-04 6.333333333333333870e-02 3.703703703703704062e-04 3.703703703703704062e-04 8.925925925925926041e-02
3.134796238244513225e-04 3.134796238244513225e-04 4.420062695924763252e-02 2.225705329153604070e-02 3.134796238244513225e-04 1.100313479623824114e-01 1.131661442006269280e-01 3.134796238244513225e-04 3.448275862068964602e-03 2.479623824451409608e-01 3.134796238244513225e-04 3.448275862068964602e-03 3.134796238244513225e-04 1.445141065830720661e-01 3.134796238244513225e-04 3.134796238244513225e-04 3.134796238244513225e-04 2.539184952978055382e-02 6.583072100313477719e-03 5.047021943573666569e-02 9.717868338557989968e-03 7.868338557993728721e-02 3.134796238244513225e-04 3.134796238244513225e-04 3.134796238244513225e-04 9.749216300940435898e-02 1.912225705329152758e-02 1.598746081504701447e-02 3.134796238244513225e-04 3.448275862068964602e-03
1.779359430604982332e-04 1.779359430604982332e-04 1.779359430604982332e-04 2.154804270462633287e-01 1.957295373665480457e-03 1.779359430604982332e-04 1.619217081850533868e-02 7.295373665480426803e-03 1.263345195729537358e-02 2.795373665480426761e-01 1.779359430604982332e-04 1.779359430604982332e-04 1.779359430604982332e-04 1.957295373665480457e-03 1.779359430604982332e-04 2.457295373665480398e-01 1.619217081850533868e-02 1.779359430604982332e-04 1.779359430604982332e-04 5.516014234875445121e-03 1.779359430604982332e-04 1.389679715302490903e-01 1.779359430604982332e-04 3.736654804270463006e-03 9.074733096085408485e-03 1.779359430604982332e-04 1.957295373665480457e-03 4.110320284697509263e-02 1.779359430604982332e-04 1.779359430604982332e-04
3.246753246753246750e-04 3.571428571428571751e-03 3.246753246753246750e-04 3.246753246753246750e-04 3.246753246753246750e-04 3.246753246753246750e-04 3.246753246753246750e-04 4.253246753246753276e-02 3.246753246753246750e-04 4.902597402597402149e-02 3.246753246753246750e-04 3.246753246753246750e-04 4.577922077922078059e-02 3.246753246753246750e-04 3.571428571428571751e-03 1.983766233766233733e-01 3.246753246753246750e-04 3.603896103896103709e-02 3.928571428571428492e-02 3.246753246753246750e-04 1.331168831168831092e-02 4.577922077922078059e-02 3.246753246753246750e-04 2.081168831168830891e-01 3.246753246753246750e-04 3.246753246753246750e-04 3.246753246753246750e-04 2.795454545454545414e-01 2.954545454545454489e-02 3.246753246753246750e-04
5.092592592592594739e-03 4.629629629629630891e-04 4.629629629629630891e-04 4.675925925925927124e-02 4.629629629629630891e-04 4.629629629629630891e-04 1.856481481481482010e-01 4.629629629629630891e-04 4.629629629629630891e-04 4.629629629629630891e-04 4.629629629629630891e-04 4.629629629629630891e-04 4.629629629629630891e-04 1.625000000000000611e-01 4.629629629629630891e-04 4.629629629629630891e-04 7.916666666666669072e-02 4.629629629629630891e-04 4.629629629629630891e-04 5.092592592592594739e-03 3.060185185185185786e-01 1.254629629629629983e-01 3.287037037037037618e-02 4.629629629629630891e-04 4.629629629629630891e-04 4.629629629629630891e-04 4.629629629629630891e-04 4.629629629629630891e-04 4.629629629629630891e-04 4.212962962962964186e-02
