3.559259259259258124e-01 3.703703703703702978e-04 3.703703703703702978e-04 1.888888888888888215e-02 3.703703703703702978e-04 3.703703703703702978e-04 1.188888888888888634e-01 3.703703703703702978e-04 3.703703703703702978e-04 2.259259259259258773e-02 2.999999999999999195e-02 3.703703703703702978e-04 3.703703703703702978e-04 8.925925925925924653e-02 3.703703703703702978e-04 6.703703703703703387e-02 9.296296296296295558e-02 2.999999999999999195e-02 3.703703703703702978e-04 3.703703703703702978e-04 4.111111111111109828e-02 3.703703703703702978e-04 4.481481481481480733e-02 3.703703703703702978e-04 3.703703703703702978e-04 3.703703703703702978e-04 3.703703703703702978e-04 5.222222222222221155e-02 1.888888888888888215e-02 1.148148148148147966e-02
3.154574132492112709e-04 1.075709779179810366e-01 1.201892744479494818e-01 3.470031545741323817e-03 1.643533123028390608e-01 3.154574132492112709e-04 3.154574132492112709e-04 1.580441640378548451e-01 3.186119873817033765e-02 6.656151419558357929e-02 3.154574132492112709e-04 3.154574132492112709e-04 9.779179810725548150e-03 4.132492113564667502e-02 3.154574132492112709e-04 1.293375394321765945e-02 3.154574132492112709e-04 3.154574132492112709e-04 3.154574132492112709e-04 3.154574132492112709e-04 4.447949526813878285e-02 3.154574132492112709e-04 3.154574132492112709e-04 3.154574132492112709e-04 8.864353312302836185e-02 3.154574132492112709e-04 1.296529968454258330e-01 3.154574132492112709e-04 1.608832807570977075e-02 3.154574132492112709e-04
4.444444444444445742e-04 3.071111111111111680e-01 1.426666666666667194e-01 4.444444444444445742e-04 4.044444444444445647e-02 4.444444444444445742e-04 4.444444444444445742e-04 7.155555555555558056e-02 4.444444444444445742e-04 4.444444444444445742e-04 4.444444444444445742e-04 4.044444444444445647e-02 2.711111111111111707e-02 1.822222222222222646e-02 4.444444444444445742e-04 4.444444444444445742e-04 4.444444444444445742e-04 4.444444444444445742e-04 4.444444444444445742e-04 4.488888888888890177e-02 4.488888888888890177e-02 9.333333333333335841e-03 2.711111111111111707e-02 4.444444444444445742e-04 5.377777777777779239e-02 4.444444444444445742e-04 1.382222222222222741e-01 1.377777777777778115e-02 4.444444444444445742e-04 1.377777777777778115e-02
4.629629629629630348e-04 4.629629629629630348e-04 6.990740740740741810e-02 4.675925925925926430e-02 4.629629629629630348e-04 5.092592592592593871e-03 9.722222222222224111e-03 4.629629629629630348e-04 4.629629629629630348e-04 1.162037037037037257e-01 4.629629629629630348e-04 4.629629629629630348e-04 9.722222222222224111e-03 8.379629629629631316e-02 4.629629629629630348e-04 4.629629629629630348e-04 4.629629629629630348e-04 1.902777777777777957e-01 4.629629629629630348e-04 4.629629629629630348e-04 1.898148148148148112e-02 4.629629629629630348e-04 4.629629629629630348e-04 5.092592592592593871e-03 4.629629629629630348e-04 5.092592592592593871e-03 6.064814814814815241e-02 3.708333333333333481e-01 4.629629629629630348e-04 4.629629629629630348e-04
3.215434083601286788e-04 3.215434083601286788e-04 3.215434083601286788e-04 3.215434083601286788e-04 1.096463022508038787e-01 9.967845659163988500e-03 3.215434083601286788e-04 3.215434083601286788e-04 3.215434083601286788e-04 1.639871382636656078e-02 3.215434083601286788e-04 4.855305466237942735e-02 6.141479099678458231e-02 3.215434083601286788e-04 3.890675241157556807e-02 1.900321543408360625e-01 3.247588424437299753e-02 6.752411575562702363e-03 9.967845659163988500e-03 3.536977491961415792e-03 4.533762057877814555e-02 3.215434083601286788e-04 1.225080385852090337e-01 3.215434083601286788e-04 3.247588424437299753e-02 2.282958199356913478e-02 3.536977491961415792e-03 3.215434083601286788e-04 5.498392282958200483e-02 1.868167202572347529e-01
1.773049645390070771e-04 1.436170212765957091e-02 3.335106382978722528e-01 1.773049645390070771e-04 1.773049645390070771e-04 1.773049645390070771e-04 1.773049645390070771e-04 1.773049645390070771e-04 3.031914893617020795e-02 8.351063829787232218e-02 3.723404255319148239e-03 8.351063829787232218e-02 6.755319148936168860e-02 1.773049645390070771e-04 9.042553191489359141e-03 1.668439716312056231e-01 1.773049645390070771e-04 3.723404255319148239e-03 3.918439716312056148e-02 1.773049645390070771e-04 1.136524822695035158e-01 1.773049645390070771e-04 1.773049645390070771e-04 3.741134751773048800e-02 1.773049645390070771e-04 1.773049645390070771e-04 1.773049645390070771e-04 1.773049645390070771e-04 3.723404255319148239e-03 7.269503546099288262e-03
2.706161137440759035e-01 4.739336492890997032e-04 4.739336492890997032e-04 4.739336492890997032e-04 4.739336492890997032e-04 1.568720379146919808e-01 4.739336492890997032e-04 4.739336492890997032e-04 4.739336492890997032e-04 4.739336492890997032e-04 5.213270142180096572e-03 1.469194312796208955e-02 5.213270142180096572e-03 1.900473933649289571e-01 5.734597156398105883e-02 4.739336492890997032e-04 4.739336492890997032e-04 4.739336492890997032e-04 2.417061611374407906e-02 5.260663507109006320e-02 4.739336492890997032e-04 4.739336492890997032e-04 1.943127962085308344e-02 1.047393364928910359e-01 4.739336492890997032e-04 4.786729857819906064e-02 5.213270142180096572e-03 4.739336492890997032e-04 3.838862559241706940e-02 4.739336492890997032e-04
1.988095238095238249e-01 3.968253968253968251e-04 8.333333333333333218e-03 2.420634920634920362e-02 4.365079365079365184e-03 1.511904761904762085e-01 3.968253968253968251e-04 4.365079365079365184e-03 3.968253968253968251e-04 3.968253968253968251e-04 8.333333333333333218e-03 4.365079365079365184e-03 9.166666666666667407e-02 7.976190476190476997e-02 7.976190476190476997e-02 3.968253968253968251e-04 3.968253968253968251e-04 3.968253968253968251e-04 1.988095238095238249e-01 3.968253968253968251e-04 3.968253968253968251e-04 3.968253968253968251e-04 3.968253968253968251e-04 5.198412698412697985e-02 8.373015873015873800e-02 3.968253968253968251e-04 3.968253968253968251e-04 3.968253968253968251e-04 4.365079365079365184e-03 3.968253968253968251e-04
4.091304347826087984e-01 4.347826086956522985e-04 4.347826086956522985e-04 2.652173913043478701e-02 4.347826086956522985e-04 4.347826086956522985e-04 1.221739130434782994e-01 4.347826086956522985e-04 4.347826086956522985e-04 4.347826086956522985e-04 3.086956521739131140e-02 4.347826086956522985e-04 4.782608695652175446e-03 1.743478260869565644e-01 4.347826086956522985e-04 4.347826086956522985e-04 7.434782608695654493e-02 4.347826086956522985e-04 1.782608695652174169e-02 4.347826086956522985e-04 4.347826086956522985e-04 4.347826086956522985e-04 4.782608695652175446e-03 1.347826086956522076e-02 9.130434782608698105e-03 4.826086956521739857e-02 2.652173913043478701e-02 4.347826086956522985e-04 9.130434782608698105e-03 2.217391304347826608e-02
5.449101796407185283e-02 5.988023952095808313e-04 5.988023952095808313e-04 5.988023952095808313e-04 5.449101796407185283e-02 4.251497005988023881e-02 8.443113772455089483e-02 6.047904191616765984e-02 5.988023952095808313e-04 5.988023952095808313e-04 5.988023952095808313e-04 5.988023952095808313e-04 5.988023952095808313e-04 1.023952095808383367e-01 1.263473053892215647e-01 5.988023952095808313e-04 1.257485029940119854e-02 5.988023952095808313e-04 1.203592814371257508e-01 9.041916167664670878e-02 6.586826347305389795e-03 2.041916167664670767e-01 5.988023952095808313e-04 5.988023952095808313e-04 5.988023952095808313e-04 1.856287425149700729e-02 5.988023952095808313e-04 5.988023952095808313e-04 1.257485029940119854e-02 5.988023952095808313e-04
6.078431372549018136e-03 1.960784313725489844e-04 1.960784313725489844e-04 1.041176470588235092e-01 5.901960784313724229e-02 1.196078431372548691e-02 7.862745098039214398e-02 1.960784313725489844e-04 2.354901960784313020e-01 1.217647058823529138e-01 5.313725490196077872e-02 1.588235294117646551e-02 5.509803921568626195e-02 5.705882352941175212e-02 1.960784313725489844e-04 1.960784313725489844e-04 2.568627450980391635e-02 1.588235294117646551e-02 4.117647058823528834e-03 2.764705882352940652e-02 1.960784313725489844e-04 2.156862745098039099e-03 1.960784313725489844e-04 6.490196078431371973e-02 1.588235294117646551e-02 1.960784313725489844e-04 1.960784313725489844e-04 4.333333333333332787e-02 1.960784313725489844e-04 1.960784313725489844e-04
1.657692307692307521e-01 3.846153846153845608e-04 3.884615384615383582e-02 5.807692307692306072e-02 3.846153846153845608e-04 6.192307692307691402e-02 3.846153846153845608e-04 3.846153846153845608e-04 3.846153846153845608e-04 8.076923076923075290e-03 3.846153846153845608e-04 3.846153846153845608e-04 6.192307692307691402e-02 1.696153846153845846e-01 4.230769230769229790e-03 3.846153846153845608e-04 4.230769230769229790e-03 8.884615384615383860e-02 6.576923076923076039e-02 3.846153846153845608e-04 3.846153846153845608e-04 3.846153846153845608e-04 3.846153846153845608e-04 4.653846153846152855e-02 1.349999999999999811e-01 3.846153846153845608e-04 8.076923076923075290e-03 1.576923076923076456e-02 6.192307692307691402e-02 3.846153846153845608e-04
3.816793893129772036e-04 9.961832061068705280e-02 1.759541984732824749e-01 3.816793893129772036e-04 3.473282442748092114e-02 3.816793893129772036e-04 8.015267175572521330e-03 3.816793893129772036e-04 3.816793893129772036e-04 1.225190839694656753e-01 3.816793893129772036e-04 3.816793893129772036e-04 3.816793893129772036e-04 3.473282442748092114e-02 3.816793893129772036e-04 4.618320610687023930e-02 3.816793893129772036e-04 3.816793893129772036e-04 3.816793893129772036e-04 3.473282442748092114e-02 1.912213740458015843e-01 2.328244274809160644e-02 1.946564885496183603e-02 4.198473282442749185e-03 1.564885496183206215e-02 3.816793893129772036e-04 6.908396946564887564e-02 3.816793893129772036e-04 7.671755725190841646e-02 3.854961832061069155e-02
2.194244604316546166e-02 3.597122302158272918e-04 3.597122302158272918e-04 1.010791366906474698e-01 3.597122302158272918e-04 2.194244604316546166e-02 8.309352517985610365e-02 3.597122302158272918e-04 2.269784172661870048e-01 5.431654676258991510e-02 1.082733812949640134e-01 7.553956834532372586e-03 3.992805755395682776e-02 1.370503597122302020e-01 3.597122302158272918e-04 3.597122302158272918e-04 3.597122302158272918e-04 7.230215827338128121e-02 3.597122302158272918e-04 3.597122302158272918e-04 3.273381294964027716e-02 3.597122302158272918e-04 3.597122302158272918e-04 3.597122302158272918e-04 3.597122302158272918e-04 3.597122302158272918e-04 7.949640287769782487e-02 3.597122302158272918e-04 3.597122302158272918e-04 7.553956834532372586e-03
3.609442060085837345e-01 4.291845493562233154e-04 4.291845493562233154e-04 1.206008583690987429e-01 4.291845493562233154e-04 4.291845493562233154e-04 2.188841201716738502e-02 4.291845493562233154e-04 4.721030042918456307e-03 4.291845493562233154e-04 4.291845493562233154e-04 4.291845493562233154e-04 4.291845493562233154e-04 2.450643776824034947e-01 4.291845493562233154e-04 4.291845493562233154e-04 2.618025751072962024e-02 4.291845493562233154e-04 9.055793991416312416e-02 3.047210300429185198e-02 4.291845493562233154e-04 9.012875536480689787e-03 4.291845493562233154e-04 4.291845493562233154e-04 4.334763948497855068e-02 4.291845493562233154e-04 4.291845493562233154e-04 3.905579399141631547e-02 4.291845493562233154e-04 4.291845493562233154e-04
5.753012048192768235e-02 3.644578313253010043e-02 3.313253012048191382e-03 5.753012048192768235e-02 3.012048192771082976e-04 3.012048192771082976e-04 1.689759036144577453e-01 3.012048192771082976e-04 9.337349397590356467e-03 3.313253012048191382e-03 1.837349397590360561e-02 3.012048192771082976e-04 3.945783132530118059e-02 1.027108433734939263e-01 3.012048192771082976e-04 6.325301204819273708e-03 1.810240963855420937e-01 3.644578313253010043e-02 3.012048192771082976e-04 3.012048192771082976e-04 3.012048192771082976e-04 5.451807228915660219e-02 3.012048192771082976e-04 3.042168674698793665e-02 3.012048192771082976e-04 3.313253012048191382e-03 1.448795180722890763e-01 2.740963855421685302e-02 1.536144578313252199e-02 3.012048192771082976e-04
1.182926829268292762e-01 4.065040650406504062e-04 4.065040650406504062e-04 6.544715447154472732e-02 1.666666666666666644e-02 4.065040650406504062e-04 4.065040650406504062e-04 4.065040650406504062e-04 4.065040650406504062e-04 4.065040650406504062e-04 4.471544715447154685e-03 4.065040650406504062e-04 4.065040650406504062e-04 1.711382113821138251e-01 7.357723577235772416e-02 4.065040650406504062e-04 4.065040650406504062e-04 4.065040650406504062e-04 3.699186991869918284e-02 2.239837398373983879e-01 4.471544715447154685e-03 2.483739837398374062e-01 1.666666666666666644e-02 4.065040650406504062e-04 4.065040650406504062e-04 8.536585365853659180e-03 4.065040650406504062e-04 4.471544715447154685e-03 4.065040650406504062e-04 4.065040650406504062e-04
6.084000000000001629e-01 8.400000000000002950e-03 4.000000000000001276e-04 4.000000000000001276e-04 4.000000000000001276e-04 4.000000000000001276e-04 3.240000000000000518e-02 4.000000000000001276e-04 4.000000000000001276e-04 4.000000000000001276e-04 4.000000000000001276e-04 1.640000000000000138e-02 4.000000000000001276e-04 4.040000000000000535e-02 4.000000000000001276e-04 1.240000000000000303e-02 4.000000000000001276e-04 1.640000000000000138e-02 3.240000000000000518e-02 1.404000000000000248e-01 4.000000000000001276e-04 2.840000000000000510e-02 4.000000000000001276e-04 4.000000000000001276e-04 4.000000000000001276e-04 1.240000000000000303e-02 1.640000000000000138e-02 4.000000000000001276e-04 4.000000000000001276e-04 2.840000000000000510e-02
2.864306784660765604e-01 2.949852507374630685e-04 2.949852507374630685e-04 6.519174041297932931e-02 2.949852507374630685e-04 2.949852507374630685e-04 3.864306784660765520e-02 6.194690265486723843e-03 2.949852507374630685e-04 2.949852507374630685e-04 2.949852507374630685e-04 2.949852507374630685e-04 2.949852507374630685e-04 2.480825958702063960e-01 2.949852507374630685e-04 2.949852507374630685e-04 2.949852507374630685e-04 3.569321533923302397e-02 2.949852507374630685e-04 2.949852507374630685e-04 2.949852507374630685e-04 2.949852507374630685e-04 5.634218289085544257e-02 3.569321533923302397e-02 1.300884955752212024e-01 1.504424778761061406e-02 3.864306784660765520e-02 2.949852507374630685e-04 3.864306784660765520e-02 2.949852507374630685e-04
2.695417789757411568e-04 2.991913746630726900e-02 2.239892183288408889e-01 2.695417789757411568e-04 3.800539083557950143e-02 2.695417789757411568e-04 1.374663072776279721e-02 2.695417789757411568e-04 5.148247978436656241e-02 8.921832884097032068e-02 2.695417789757411568e-04 1.644204851752020802e-02 2.563342318059298464e-01 2.695417789757411568e-04 2.964959568733153104e-03 2.695417789757411568e-04 8.355795148247975590e-03 2.695417789757411568e-04 2.695417789757411568e-04 2.695417789757411568e-04 7.304582210242585583e-02 5.660377358490564781e-03 2.695417789757411568e-04 2.695417789757411568e-04 9.730458221024256005e-02 2.695417789757411568e-04 2.695417789757411568e-04 2.695417789757411568e-04 3.261455525606467981e-02 5.687331536388139097e-02
4.484304932735426593e-04 3.183856502242152914e-02 4.484304932735426593e-04 4.484304932735426593e-04 1.080717488789237901e-01 1.529147982062780409e-01 2.286995515695067552e-02 4.932735426008970012e-03 4.484304932735426593e-04 4.484304932735426593e-04 4.484304932735426593e-04 4.484304932735426593e-04 1.838565022421524697e-02 3.632286995515695421e-02 4.484304932735426593e-04 4.484304932735426593e-04 4.484304932735426593e-04 4.484304932735426593e-04 4.977578475336323638e-02 4.484304932735426593e-04 4.484304932735426593e-04 4.484304932735426593e-04 1.932735426008968804e-01 4.484304932735426593e-04 4.484304932735426593e-04 4.484304932735426593e-04 2.291479820627803088e-01 4.484304932735426593e-04 4.484304932735426593e-04 1.439461883408071907e-01
1.417647058823529593e-01 1.711764705882352910e-01 1.947058823529411731e-01 5.882352941176471157e-04 5.882352941176471157e-04 6.470588235294118598e-03 2.999999999999999889e-02 5.882352941176471157e-04 1.235294117647058910e-02 5.882352941176471157e-04 6.470588235294118598e-03 5.882352941176471157e-04 5.882352941176471157e-04 5.882352941176471157e-04 5.882352941176471157e-04 6.470588235294118598e-03 5.882352941176471157e-04 6.470588235294118598e-03 1.823529411764705788e-02 5.882352941176471157e-04 8.882352941176470396e-02 5.882352941176471157e-04 1.358823529411764819e-01 5.882352941176471157e-04 2.999999999999999889e-02 5.882352941176471157e-04 7.705882352941176294e-02 6.529411764705882193e-02 5.882352941176471157e-04 5.882352941176471157e-04
2.828685258964143759e-02 3.984063745019921551e-04 3.984063745019921551e-04 4.382470119521913489e-03 3.984063745019921551e-04 1.000000000000000333e-01 3.984063745019921551e-04 3.984063745019921551e-04 4.382470119521913489e-03 3.984063745019921551e-04 2.075697211155378974e-01 5.617529880478088627e-02 1.235059760956175659e-02 6.812749003984065743e-02 2.633466135458167878e-01 3.984063745019921551e-04 3.984063745019921551e-04 3.984063745019921551e-04 1.717131474103586186e-01 3.984063745019921551e-04 3.984063745019921551e-04 3.984063745019921551e-04 3.984063745019921551e-04 3.984063745019921551e-04 2.828685258964143759e-02 2.430278884462151734e-02 3.984063745019921551e-04 3.984063745019921551e-04 3.984063745019921551e-04 2.430278884462151734e-02
5.780346820809250004e-04 6.416184971098266854e-02 5.838150289017341593e-02 5.780346820809250004e-04 1.855491329479769247e-01 5.780346820809250004e-04 5.780346820809250004e-04 5.780346820809250004e-04 5.780346820809250004e-04 1.335260115606936582e-01 5.780346820809250004e-04 5.780346820809250004e-04 1.791907514450867545e-02 5.260115606936417026e-02 5.780346820809250004e-04 5.780346820809250004e-04 5.780346820809250004e-04 5.780346820809250004e-04 6.358381502890174571e-03 5.780346820809250004e-04 5.780346820809250004e-04 5.780346820809250004e-04 4.104046242774567199e-02 5.780346820809250004e-04 5.838150289017341593e-02 5.780346820809250004e-04 3.184971098265896305e-01 5.780346820809250004e-04 5.780346820809250004e-04 5.260115606936417026e-02
5.968379446640317137e-02 3.952569169960475342e-04 3.952569169960475342e-04 3.952569169960475342e-04 3.952569169960475342e-04 2.454545454545455085e-01 3.952569169960475342e-04 3.952569169960475342e-04 3.952569169960475342e-04 2.806324110671937211e-02 4.387351778656127521e-02 7.549407114624508142e-02 3.952569169960475342e-04 3.992094861660079597e-02 3.992094861660079597e-02 3.952569169960475342e-04 3.952569169960475342e-04 3.952569169960475342e-04 2.968379446640316832e-01 3.201581027667984441e-02 3.952569169960475342e-04 3.952569169960475342e-04 5.968379446640317137e-02 1.225296442687747421e-02 1.620553359683794825e-02 4.387351778656127521e-02 3.952569169960475342e-04 3.952569169960475342e-04 3.952569169960475342e-04 3.952569169960475342e-04
1.055555555555555830e-01 6.172839506172840465e-04 6.172839506172840465e-04 6.172839506172840465e-04 5.617283950617284888e-02 6.172839506172840465e-04 5.000000000000000971e-02 6.790123456790125162e-03 6.172839506172840465e-04 6.172839506172840465e-04 3.277777777777778345e-01 6.172839506172840465e-04 6.172839506172840465e-04 6.851851851851853414e-02 7.469135802469137331e-02 6.172839506172840465e-04 8.703703703703705163e-02 1.296296296296296606e-02 4.382716049382716361e-02 8.086419753086421247e-02 6.790123456790125162e-03 6.172839506172840465e-04 6.234567901234568804e-02 6.172839506172840465e-04 6.172839506172840465e-04 6.172839506172840465e-04 6.790123456790125162e-03 6.172839506172840465e-04 6.172839506172840465e-04 6.172839506172840465e-04
1.838129496402876872e-01 3.597122302158272376e-04 3.597122302158272376e-04 7.553956834532371718e-03 3.597122302158272376e-04 3.956834532374099017e-03 3.992805755395681389e-02 1.474820143884891278e-02 3.597122302158272376e-04 3.597122302158272376e-04 3.633093525179854205e-02 3.597122302158272376e-04 3.597122302158272376e-04 4.712230215827335755e-02 2.913669064748200185e-02 3.597122302158272376e-04 1.115107913669064268e-02 5.071942446043162939e-02 3.597122302158272376e-04 9.748201438848917710e-02 1.474820143884891278e-02 1.838129496402876872e-01 3.956834532374099017e-03 1.514388489208632615e-01 3.597122302158272376e-04 8.669064748201435466e-02 3.597122302158272376e-04 1.834532374100718635e-02 1.474820143884891278e-02 3.597122302158272376e-04
2.869318181818181560e-02 4.289772727272727487e-02 2.840909090909091313e-04 2.840909090909091313e-04 1.053977272727272818e-01 2.840909090909091313e-04 5.994318181818181906e-02 2.840909090909091313e-04 2.840909090909091313e-04 2.840909090909091313e-04 3.125000000000000173e-03 2.840909090909091313e-04 2.840909090909091313e-04 5.142045454545454697e-02 2.840909090909091313e-04 2.840909090909091313e-04 2.840909090909091313e-04 5.965909090909091161e-03 2.017045454545454350e-02 2.869318181818181560e-02 3.125000000000000173e-03 2.840909090909091313e-04 2.840909090909091313e-04 2.840909090909091313e-04 5.710227272727273068e-02 5.965909090909091161e-03 1.792613636363636354e-01 2.840909090909091313e-04 3.894886363636363424e-01 1.448863636363636326e-02
9.958677685950413638e-02 4.132231404958678126e-04 4.132231404958678126e-04 4.132231404958678126e-04 4.132231404958678126e-04 4.132231404958678126e-04 1.326446280991735727e-01 4.132231404958678126e-04 4.132231404958678126e-04 1.280991735537190084e-02 4.132231404958678126e-04 8.677685950413223034e-03 4.132231404958678126e-04 7.066115702479339178e-02 4.132231404958678126e-04 7.066115702479339178e-02 4.132231404958678126e-04 4.132231404958678126e-04 4.132231404958678126e-04 4.132231404958678126e-04 4.132231404958678126e-04 4.132231404958678126e-04 4.053719008264462520e-01 4.132231404958678126e-04 4.132231404958678126e-04 1.280991735537190084e-02 7.066115702479339178e-02 4.132231404958678126e-04 8.677685950413223034e-03 9.958677685950413638e-02
3.537117903930130786e-02 9.213973799126638775e-02 4.847161572052401807e-02 4.366812227074235906e-04 7.030567685589519944e-02 1.790393013100436553e-02 4.366812227074235906e-04 4.366812227074235906e-04 4.366812227074235906e-04 4.366812227074235906e-04 4.366812227074235906e-04 4.366812227074235906e-04 2.227074235807860111e-02 1.314410480349345045e-01 8.340611353711790965e-02 3.100436681222707228e-02 1.790393013100436553e-02 4.366812227074235906e-04 4.366812227074235906e-04 4.366812227074235906e-04 4.847161572052401807e-02 9.170305676855896107e-03 6.157205240174672134e-02 4.366812227074235906e-04 2.663755458515283669e-02 4.366812227074235906e-04 4.366812227074235906e-04 2.973799126637554080e-01 4.366812227074235906e-04 4.366812227074235906e-04
7.114914425427870670e-02 2.444987775061123925e-04 2.444987775061123925e-04 1.444987775061124247e-01 2.444987775061123925e-04 5.134474327628360188e-03 2.224938875305622343e-02 2.444987775061123925e-04 2.444987775061123925e-04 4.425427872860634299e-02 4.180929095354522090e-02 2.444987775061123925e-04 2.444987775061123925e-04 3.691931540342296980e-02 1.273838630806845562e-01 2.444987775061123925e-04 3.691931540342296980e-02 2.444987775061123925e-04 9.315403422982881931e-02 2.985330073349631852e-01 2.444987775061123925e-04 5.647921760391196033e-02 1.002444987775060609e-02 2.444987775061123925e-04 7.579462102689484004e-03 2.444987775061123925e-04 2.444987775061123925e-04 2.444987775061123925e-04 2.444987775061123925e-04 2.444987775061123925e-04
9.292035398230091836e-03 4.424778761061948468e-04 9.292035398230091836e-03 4.424778761061948468e-04 4.424778761061948468e-04 1.641592920353982799e-01 1.371681415929203868e-02 1.814159292035398552e-02 1.371681415929203868e-02 4.424778761061948468e-04 4.424778761061948468e-04 4.026548672566372666e-02 1.243362831858407513e-01 4.424778761061948468e-04 3.234513274336283661e-01 4.867256637168143260e-03 4.424778761061948468e-04 4.424778761061948468e-04 2.305309734513275033e-01 4.424778761061948468e-04 4.424778761061948468e-04 4.424778761061948468e-04 4.424778761061948468e-04 4.424778761061948468e-04 3.141592920353982604e-02 4.424778761061948468e-04 4.867256637168143260e-03 4.424778761061948468e-04 4.424778761061948468e-04 4.867256637168143260e-03
3.023489932885904952e-01 3.355704697986575916e-04 3.355704697986575916e-04 3.355704697986575916e-04 3.691275167785233995e-03 8.087248322147648494e-02 1.711409395973153419e-02 3.355704697986575916e-04 3.355704697986575916e-04 3.355704697986575916e-04 8.422818791946305728e-02 3.355704697986575916e-04 2.046979865771811347e-02 3.355704697986575916e-04 3.355704697986575916e-04 5.738255033557045082e-02 3.355704697986575916e-04 3.053691275167784089e-02 1.983221476510066417e-01 4.731543624161071993e-02 3.355704697986575916e-04 3.691275167785233995e-03 7.080536912751675405e-02 3.355704697986575916e-04 7.046979865771809369e-03 3.355704697986575916e-04 7.080536912751675405e-02 3.355704697986575916e-04 3.355704697986575916e-04 3.355704697986575916e-04
3.182203389830509099e-01 1.737288135593220706e-02 4.237288135593221842e-04 1.402542372881356303e-01 1.313559322033898587e-02 4.661016949152543484e-03 4.237288135593221842e-04 4.237288135593221842e-04 4.237288135593221842e-04 4.237288135593221842e-04 4.237288135593221842e-04 4.237288135593221842e-04 4.237288135593221842e-04 4.237288135593221842e-04 2.584745762711864944e-02 4.237288135593221842e-04 4.237288135593221842e-04 4.661016949152543484e-03 1.402542372881356303e-01 4.237288135593221842e-04 4.237288135593221842e-04 8.898305084745764676e-03 4.237288135593221842e-04 4.703389830508475367e-02 1.783898305084746228e-01 4.237288135593221842e-04 3.432203389830509183e-02 5.974576271186442245e-02 4.237288135593221842e-04 4.237288135593221842e-04
2.028397565922920593e-04 2.028397565922920593e-04 4.482758620689654416e-02 5.902636916835699021e-02 4.279918864097362330e-02 4.259634888438132948e-03 2.028397565922920593e-04 1.440162271805273467e-02 2.657200811359025638e-02 2.860040567951317725e-02 2.028397565922920593e-04 2.028397565922920593e-04 2.251521298174441466e-02 1.016227180527383145e-01 2.028397565922920593e-04 2.028397565922920593e-04 2.028397565922920593e-04 1.766734279918863448e-01 2.028397565922920593e-04 2.028397565922920593e-04 1.845841784989857640e-02 2.028397565922920593e-04 2.028397565922920593e-04 2.231237322515212517e-03 1.034482758620689294e-02 6.288032454361053812e-03 8.539553752535494757e-02 2.659229208924948629e-01 8.742393509127786844e-02 2.028397565922920593e-04
3.979508196721311952e-01 4.098360655737705999e-04 4.508196721311476599e-03 1.680327868852459286e-02 4.098360655737705999e-04 4.098360655737705999e-04 4.098360655737705999e-04 4.098360655737705999e-04 4.098360655737705999e-04 4.098360655737705999e-04 4.098360655737705999e-04 8.606557377049182597e-03 4.508196721311476599e-03 8.647540983606559484e-02 4.098360655737705999e-04 8.606557377049182597e-03 4.098360655737705999e-04 4.098360655737705999e-04 4.139344262295082538e-02 8.606557377049182597e-03 8.606557377049182597e-03 1.356557377049180668e-01 4.098360655737705999e-04 3.729508196721312285e-02 1.151639344262295472e-01 6.188524590163935885e-02 5.778688524590164938e-02 4.098360655737705999e-04 4.098360655737705999e-04 4.098360655737705999e-04
3.029411764705882693e-01 4.201680672268908899e-04 4.621848739495800114e-03 9.285714285714288807e-02 4.201680672268908899e-04 8.823529411764709229e-03 3.403361344537815525e-02 4.201680672268908899e-04 4.621848739495800114e-03 4.201680672268908899e-04 4.201680672268908899e-04 2.142857142857143224e-02 4.201680672268908899e-04 1.096638655462185141e-01 4.201680672268908899e-04 4.201680672268908899e-04 8.823529411764709229e-03 4.201680672268908899e-04 1.222689075630252475e-01 4.201680672268908899e-04 4.201680672268908899e-04 4.201680672268908899e-04 4.201680672268908899e-04 4.201680672268908899e-04 8.865546218487398156e-02 3.403361344537815525e-02 2.142857142857143224e-02 1.138655462184874345e-01 2.142857142857143224e-02 4.621848739495800114e-03
3.597122302158272918e-04 6.151079136690646570e-02 5.791366906474819387e-02 3.597122302158272918e-04 3.597122302158272918e-04 3.597122302158272918e-04 3.597122302158272918e-04 3.597122302158272918e-04 3.956834532374099885e-03 1.190647482014388359e-01 7.553956834532372586e-03 3.597122302158272918e-04 5.431654676258991510e-02 3.633093525179854899e-02 3.597122302158272918e-04 2.553956834532373349e-02 6.870503597122301631e-02 3.597122302158272918e-04 3.956834532374099885e-03 3.273381294964027716e-02 1.010791366906474698e-01 2.194244604316546166e-02 2.553956834532373349e-02 3.597122302158272918e-04 3.597122302158272918e-04 3.597122302158272918e-04 2.521582733812948729e-01 1.226618705035971008e-01 3.597122302158272918e-04 3.597122302158272918e-04
1.878350515463916848e-01 2.061855670103092343e-04 8.453608247422677441e-03 2.061855670103092343e-04 1.463917525773195463e-02 9.505154639175256159e-02 7.237113402061853829e-02 2.061855670103092343e-04 2.268041237113401550e-03 2.061855670103092343e-04 3.731958762886597447e-02 8.061855670103090787e-02 2.061855670103092343e-04 2.061855670103092343e-04 1.876288659793813943e-02 4.969072164948452885e-02 2.061855670103092343e-04 2.061855670103092343e-04 1.589690721649484051e-01 2.061855670103092343e-04 1.876288659793813943e-02 2.061855670103092343e-04 2.084536082474226226e-01 2.061855670103092343e-04 2.061855670103092343e-04 4.144329896907215927e-02 2.061855670103092343e-04 2.061855670103092343e-04 2.061855670103092343e-04 2.268041237113401550e-03
4.000000000000000734e-04 4.040000000000000535e-02 4.000000000000000734e-04 4.000000000000000734e-04 4.000000000000000734e-04 2.840000000000000163e-02 6.440000000000001279e-02 4.000000000000000734e-04 4.000000000000000734e-04 3.240000000000000518e-02 8.400000000000001216e-03 4.000000000000000734e-04 3.240000000000000518e-02 9.240000000000000990e-02 4.000000000000000734e-04 4.000000000000000734e-04 8.400000000000001216e-03 1.240000000000000130e-02 4.400000000000001132e-03 4.000000000000000734e-04 4.000000000000000734e-04 4.000000000000000734e-04 3.640000000000000180e-02 2.840000000000000163e-02 4.000000000000000734e-04 4.400000000000001132e-03 5.240000000000000213e-02 4.000000000000000734e-04 5.483999999999999986e-01 4.000000000000000734e-04
8.115384615384615974e-02 3.846153846153846151e-04 3.846153846153846151e-04 3.846153846153846151e-04 1.003846153846153916e-01 1.961538461538461439e-02 4.230769230769231525e-03 3.846153846153846151e-04 3.846153846153846151e-04 3.846153846153846151e-04 1.576923076923076802e-02 3.846153846153846151e-04 3.884615384615384276e-02 3.846153846153846151e-04 2.730769230769230713e-02 3.846153846153846151e-04 3.846153846153846151e-04 3.846153846153846151e-04 1.196153846153846234e-01 4.269230769230768913e-02 3.846153846153846151e-04 3.846153846153846151e-04 3.846153846153846151e-04 9.269230769230769884e-02 1.961538461538461439e-02 1.961538461538461439e-02 2.346153846153846076e-02 4.230769230769231525e-03 2.965384615384615286e-01 8.884615384615385247e-02
2.923976608187133473e-04 2.923976608187133473e-04 1.406432748538011257e-01 2.923976608187133473e-04 5.584795321637425758e-02 2.923976608187133473e-04 3.216374269005847254e-03 4.122807017543857894e-02 2.923976608187133473e-04 1.491228070175438028e-02 1.491228070175438028e-02 2.923976608187133473e-04 3.245614035087718285e-02 8.216374269005845277e-02 2.923976608187133473e-04 2.660818713450291417e-02 2.923976608187133473e-04 1.026315789473683932e-01 9.064327485380115068e-03 1.198830409356724594e-02 3.216374269005847254e-03 2.923976608187133473e-04 2.923976608187133473e-04 5.584795321637425758e-02 1.903508771929823817e-01 1.198830409356724594e-02 2.923976608187133473e-04 1.991228070175437848e-01 2.923976608187133473e-04 2.923976608187133473e-04
3.129166666666667318e-01 4.166666666666668018e-04 4.166666666666668018e-04 4.583333333333335091e-03 4.166666666666668018e-04 4.166666666666668018e-04 6.708333333333335591e-02 4.166666666666668018e-04 4.166666666666668018e-04 4.583333333333335091e-03 1.708333333333333579e-02 1.291666666666667004e-02 4.166666666666668018e-04 2.045833333333333948e-01 4.583333333333335091e-03 4.166666666666668018e-04 4.166666666666668018e-04 4.166666666666668018e-04 7.958333333333335313e-02 9.208333333333336423e-02 8.750000000000002567e-03 4.583333333333335091e-03 8.375000000000001887e-02 4.166666666666668018e-04 4.625000000000000638e-02 4.166666666666668018e-04 1.291666666666667004e-02 4.166666666666668018e-04 8.750000000000002567e-03 2.958333333333333995e-02
4.716981132075471735e-04 4.716981132075471735e-04 1.462264150943396249e-02 4.716981132075471735e-04 1.462264150943396249e-02 1.844339622641509580e-01 3.349056603773584856e-02 4.764150943396226051e-02 4.716981132075471735e-04 4.716981132075471735e-04 4.716981132075471735e-04 5.188679245283019451e-03 4.716981132075471735e-04 4.292452830188678986e-02 4.716981132075471735e-04 6.179245283018867940e-02 4.716981132075471735e-04 9.009433962264151718e-02 9.009433962264151718e-02 4.716981132075471735e-04 2.877358490566037444e-02 4.716981132075471735e-04 8.537735849056604653e-02 4.716981132075471735e-04 1.514150943396226356e-01 5.188679245283019451e-03 4.716981132075471735e-04 1.042452830188679291e-01 9.905660377358491836e-03 2.405660377358490379e-02
7.095435684647304064e-02 4.149377593360996288e-04 4.149377593360996288e-04 4.149377593360996288e-04 4.149377593360996288e-04 1.165975103734439855e-01 4.149377593360996288e-04 4.149377593360996288e-04 8.713692946058091554e-03 4.564315352697095700e-03 1.082987551867219955e-01 5.020746887966804489e-02 4.149377593360996288e-04 2.116182572614107651e-02 4.149377593360996288e-04 1.580912863070539354e-01 8.713692946058091554e-03 4.149377593360996288e-04 2.576763485477178706e-01 7.925311203319503062e-02 4.149377593360996288e-04 4.149377593360996288e-04 4.564315352697095700e-03 4.149377593360996288e-04 4.149377593360996288e-04 1.041493775933610005e-01 4.149377593360996288e-04 4.149377593360996288e-04 4.149377593360996288e-04 4.149377593360996288e-04
2.717054263565891192e-01 3.875968992248061962e-04 3.875968992248061962e-04 5.852713178294573215e-02 4.302325581395348431e-02 3.875968992248061962e-04 3.875968992248061962e-04 1.201550387596899208e-02 3.875968992248061962e-04 3.875968992248061962e-04 3.875968992248061962e-04 3.875968992248061962e-04 3.139534883720929842e-02 1.554263565891473020e-01 8.139534883720930120e-03 3.875968992248061962e-04 3.875968992248061962e-04 3.875968992248061962e-04 5.852713178294573215e-02 1.050387596899224896e-01 1.201550387596899208e-02 3.875968992248061962e-04 1.201550387596899208e-02 3.139534883720929842e-02 6.240310077519380105e-02 3.875968992248061962e-04 1.589147286821705404e-02 3.875968992248061962e-04 1.166666666666666685e-01 3.875968992248061962e-04
5.730593607305935200e-02 5.273972602739725180e-02 2.283105022831049885e-04 2.283105022831049885e-04 9.840182648401823995e-02 2.283105022831049885e-04 4.360730593607305139e-02 9.360730593607303335e-03 2.283105022831049885e-04 4.132420091324200129e-02 2.283105022831049885e-04 2.283105022831049885e-04 2.283105022831049885e-04 4.589041095890410149e-02 2.283105022831049885e-04 2.283105022831049885e-04 2.283105022831049885e-04 2.283105022831049885e-04 4.360730593607305139e-02 9.360730593607303335e-03 9.360730593607303335e-03 2.283105022831049885e-04 2.283105022831049885e-04 4.589041095890410149e-02 2.283105022831049885e-04 2.283105022831049885e-04 1.851598173515981161e-01 2.511415525114154765e-03 3.495433789954336956e-01 2.511415525114154765e-03
3.174603174603172974e-04 3.174603174603172974e-04 3.174603174603172974e-04 6.666666666666663625e-03 3.174603174603172974e-04 5.428571428571426355e-02 6.380952380952377434e-02 3.523809523809522115e-02 4.793650793650790914e-02 2.253968253968252622e-02 3.174603174603172974e-04 3.492063492063490326e-03 1.936507936507935249e-02 1.336507936507935757e-01 3.174603174603172974e-04 3.174603174603172974e-04 3.174603174603172974e-04 6.063492063492060408e-02 3.174603174603172974e-04 3.174603174603172974e-04 3.174603174603172974e-04 2.733333333333331505e-01 6.063492063492060408e-02 7.015873015873012875e-02 2.888888888888887369e-02 3.174603174603172974e-04 3.523809523809522115e-02 4.158730158730156168e-02 3.841269841269839141e-02 3.174603174603172974e-04
1.027334851936218402e-01 2.505694760820045136e-03 2.277904328018222802e-04 1.617312072892938130e-02 2.528473804100227207e-02 4.806378132118450247e-02 1.027334851936218402e-01 2.277904328018222802e-04 2.277904328018222802e-04 2.277904328018222802e-04 2.300683371298404764e-02 1.617312072892938130e-02 2.277904328018222802e-04 2.277904328018222802e-04 2.277904328018222802e-04 2.277904328018222802e-04 7.084282460136673287e-02 2.277904328018222802e-04 2.371298405466969739e-01 2.277904328018222802e-04 2.277904328018222802e-04 7.995444191343961671e-02 5.717539863325739324e-02 2.505694760820045136e-03 2.277904328018222802e-04 2.277904328018222802e-04 7.767653758542139575e-02 2.277904328018222802e-04 2.277904328018222802e-04 1.346241457858769752e-01
2.048192771084337768e-02 1.244979919678715179e-02 4.016064257028113707e-04 2.851405622489960184e-02 4.016064257028113707e-04 6.064257028112451237e-02 4.016064257028113707e-04 5.261044176706828474e-02 4.016064257028113707e-04 4.016064257028113707e-04 4.016064257028113707e-04 4.016064257028113707e-04 4.016064257028113707e-04 6.867469879518074694e-02 3.654618473895582947e-02 1.289156626506024472e-01 4.056224899598394329e-02 4.016064257028113707e-04 5.261044176706828474e-02 1.489959839357430094e-01 4.016064257028113707e-04 4.016064257028113707e-04 1.088353413654618712e-01 4.016064257028113707e-04 4.056224899598394329e-02 1.329317269076305541e-01 1.646586345381526387e-02 4.016064257028113707e-04 4.016064257028113707e-04 4.457831325301205710e-02
2.420634920634920362e-02 6.388888888888889783e-02 3.968253968253968251e-04 3.968253968253968251e-04 2.420634920634920362e-02 1.313492063492063544e-01 3.968253968253968251e-04 4.801587301587301182e-02 4.365079365079365184e-03 3.968253968253968251e-04 3.968253968253968251e-04 3.968253968253968251e-04 3.968253968253968251e-04 6.785714285714286587e-02 3.968253968253968251e-04 4.007936507936507575e-02 3.968253968253968251e-04 3.968253968253968251e-04 7.976190476190476997e-02 1.869047619047619069e-01 4.365079365079365184e-03 3.968253968253968251e-04 1.789682539682539708e-01 3.968253968253968251e-04 3.968253968253968251e-04 1.273809523809524002e-01 3.968253968253968251e-04 3.968253968253968251e-04 3.968253968253968251e-04 1.230158730158730125e-02
6.078947368421049047e-02 1.660526315789472851e-01 2.631578947368419367e-04 8.157894736842100092e-03 2.394736842105261651e-02 7.921052631578942571e-02 4.499999999999997752e-02 5.526315789473681267e-03 2.631578947368419367e-04 2.631578947368419367e-04 7.657894736842101036e-02 6.605263157894733506e-02 2.921052631578945416e-02 5.815789473684207511e-02 2.894736842105261575e-03 3.184210526315787299e-02 6.342105263157891970e-02 2.631578947368419367e-04 1.213157894736841408e-01 2.131578947368419769e-02 2.631578947368419367e-04 2.631578947368419367e-04 5.815789473684207511e-02 1.078947368421051892e-02 2.631578947368419367e-04 4.499999999999997752e-02 2.394736842105261651e-02 2.631578947368419367e-04 2.631578947368419367e-04 2.631578947368419367e-04
1.373831775700933844e-01 1.277258566978192386e-02 3.115264797507786665e-04 3.115264797507786665e-04 3.426791277258565277e-03 3.115264797507786665e-04 1.900311526479749741e-02 3.115264797507786665e-04 3.115264797507786665e-04 3.426791277258565277e-03 3.426791277258565277e-03 3.115264797507786665e-04 7.196261682242986735e-02 1.436137071651089614e-01 2.211838006230528245e-02 3.115264797507786665e-04 3.115264797507786665e-04 3.426791277258565277e-03 9.376947040498437302e-02 1.934579439252335498e-01 3.115264797507786665e-04 6.542056074766352050e-03 3.115264797507786665e-04 7.819314641744544436e-02 5.015576323987536861e-02 6.884735202492209272e-02 3.115264797507786665e-04 6.542056074766352050e-03 7.819314641744544436e-02 3.115264797507786665e-04
