9.999999999999997780e-02 1.447178002894355952e-04 1.591895803183791466e-03 3.198263386396526381e-02 1.447178002894355952e-04 1.839363241678726169e-01 3.198263386396526381e-02 1.447178002894355952e-04 1.447178002894355952e-04 3.632416787264833302e-02 1.172214182344428167e-02 3.342981186685962253e-02 2.230101302460202051e-01 1.447178002894355952e-04 1.447178002894355952e-04 1.447178002894355952e-04 2.562952243125903862e-01 1.027496382054992469e-02 1.447178002894355952e-04 1.447178002894355952e-04 1.447178002894355952e-04 1.447178002894355952e-04 1.447178002894355952e-04 5.513748191027495471e-02 1.447178002894355952e-04 1.447178002894355952e-04 1.447178002894355952e-04 1.172214182344428167e-02 1.027496382054992469e-02 1.447178002894355952e-04
2.035605289928788808e-01 1.129196337741607097e-02 3.367243133265512833e-02 4.170905391658187578e-03 1.017293997965411839e-04 1.842319430315360607e-01 1.017293997965411839e-04 6.317395727365207603e-02 1.017293997965411839e-04 1.017293997965411839e-04 1.017293997965411839e-04 1.017293997965411839e-04 1.883011190233977172e-01 7.222787385554423067e-03 1.017293997965411839e-04 1.017293997965411839e-04 1.017293997965411839e-04 1.119023397761952955e-03 1.017293997965411839e-04 1.017293997965411839e-04 1.119023397761952955e-03 1.017293997965411839e-04 8.657171922685653886e-02 8.250254323499488229e-02 1.017293997965411839e-04 5.808748728382501225e-02 1.017293997965411839e-04 7.334689725330617582e-02 1.017293997965411839e-04 1.017293997965411839e-04
1.135782747603833603e-01 1.773162939297124110e-02 9.744408945686898124e-03 1.757188498402555794e-03 1.597444089456868780e-04 2.829073482428114406e-01 5.926517571884983016e-02 1.597444089456868780e-04 6.086261980830669910e-02 2.571884984025558929e-02 1.597444089456868780e-04 1.293929712460063601e-02 1.503194888178913391e-01 1.134185303514376707e-02 1.597444089456868780e-04 1.597444089456868780e-04 1.471246006389775873e-01 1.597444089456868780e-04 3.051118210862619612e-02 1.597444089456868780e-04 1.597444089456868780e-04 1.597444089456868780e-04 3.354632587859424520e-03 1.597444089456868780e-04 1.597444089456868780e-04 3.370607028753993401e-02 1.597444089456868780e-04 1.597444089456868780e-04 2.252396166134184793e-02 1.453674121405750495e-02
3.746666666666665507e-02 4.546666666666665524e-02 1.333333333333333126e-04 1.333333333333333126e-04 1.333333333333333126e-04 3.414666666666665851e-01 5.466666666666664814e-03 1.333333333333333126e-04 1.333333333333333126e-04 3.067999999999999061e-01 1.333333333333333126e-04 4.146666666666665862e-02 8.133333333333330958e-03 1.333333333333333126e-04 5.466666666666664814e-03 1.333333333333333126e-04 1.333333333333333126e-04 2.799999999999999104e-03 1.333333333333333126e-04 1.333333333333333126e-04 1.333333333333333126e-04 1.333333333333333126e-04 7.346666666666665235e-02 8.146666666666664558e-02 1.333333333333333126e-04 4.546666666666665524e-02 1.333333333333333126e-04 1.333333333333333126e-04 2.799999999999999104e-03 1.333333333333333126e-04
2.337500000000000411e-01 3.791666666666666796e-02 4.166666666666667476e-04 4.166666666666667476e-04 4.166666666666667476e-04 2.254166666666667096e-01 4.166666666666667476e-04 4.166666666666667476e-04 4.166666666666667476e-04 4.166666666666667476e-04 4.166666666666667476e-04 5.041666666666667213e-02 2.879166666666666541e-01 4.166666666666667476e-04 4.166666666666667476e-04 4.166666666666667476e-04 2.541666666666666727e-02 4.166666666666667476e-04 1.087500000000000133e-01 4.166666666666667476e-04 1.708333333333333232e-02 4.166666666666667476e-04 4.166666666666667476e-04 4.166666666666667476e-04 4.166666666666667476e-04 4.166666666666667476e-04 4.166666666666667476e-04 4.583333333333334224e-03 4.166666666666667476e-04 4.166666666666667476e-04
2.938144329896907533e-02 1.391752577319587542e-02 1.718213058419244116e-04 1.718213058419244116e-04 1.718213058419244116e-04 1.563573883161512024e-02 5.326460481099656516e-03 1.718213058419244116e-04 1.735395189003436506e-02 1.718213058419244116e-04 7.577319587628866815e-02 1.907216494845360641e-02 1.204467353951889919e-01 7.044673539518899602e-03 1.563573883161512024e-02 1.718213058419244116e-04 1.219931271477663233e-02 1.513745704467353848e-01 1.718213058419244116e-04 1.718213058419244116e-04 5.326460481099656516e-03 1.718213058419244116e-04 3.695876288659793452e-01 1.101374570446735229e-01 1.391752577319587542e-02 1.718213058419244116e-04 1.718213058419244116e-04 1.890034364261168609e-03 1.391752577319587542e-02 1.718213058419244116e-04
8.067978533094809224e-02 1.788908765652951112e-04 1.788908765652951112e-04 1.788908765652951112e-04 4.311270125223612415e-02 1.788908765652951112e-04 1.397137745974954548e-01 1.788908765652951112e-04 3.830053667262968142e-01 1.788908765652951112e-04 2.343470483005365840e-02 3.953488372093021813e-02 1.128801431127012117e-01 1.788908765652951112e-04 1.806797853309480284e-02 1.788908765652951112e-04 1.788908765652951112e-04 1.788908765652951112e-04 1.788908765652951112e-04 2.164579606440070539e-02 1.967799642218246142e-03 7.334525939177098663e-03 1.788908765652951112e-04 6.636851520572448204e-02 1.788908765652951112e-04 5.205724508050087879e-02 1.967799642218246142e-03 1.788908765652951112e-04 5.545617173524148256e-03 1.788908765652951112e-04
1.062402496099843496e-01 1.312012480499219480e-01 1.731669266770670054e-02 1.560062402496099302e-04 1.560062402496099302e-04 1.249609984399375484e-01 1.560062402496099302e-04 9.516380655226204521e-03 1.560062402496099302e-04 2.716068642745708694e-01 1.560062402496099302e-04 3.603744149765989585e-02 1.560062402496099302e-04 2.043681747269890034e-02 4.227769110764429544e-02 1.560062402496099302e-04 1.560062402496099302e-04 1.560062402496099302e-04 1.560062402496099302e-04 1.560062402496099302e-04 1.560062402496099302e-04 1.560062402496099302e-04 1.560062402496099302e-04 4.071762870514819554e-02 6.396255850234006460e-03 1.546021840873634257e-01 1.560062402496099302e-04 3.603744149765989585e-02 1.560062402496099302e-04 1.560062402496099302e-04
4.385964912280702920e-04 4.385964912280702920e-04 4.385964912280702920e-04 4.385964912280702920e-04 4.385964912280702920e-04 1.359649122807017954e-02 3.114035087719298905e-02 4.385964912280702920e-04 4.385964912280702920e-04 4.824561403508773917e-03 4.429824561403510053e-02 7.061403508771932347e-02 1.232456140350877555e-01 4.385964912280702920e-04 4.385964912280702920e-04 4.824561403508773917e-03 6.539473684210527216e-01 4.385964912280702920e-04 4.385964912280702920e-04 4.385964912280702920e-04 4.385964912280702920e-04 4.385964912280702920e-04 4.385964912280702920e-04 3.991228070175439208e-02 4.385964912280702920e-04 4.385964912280702920e-04 4.385964912280702920e-04 4.385964912280702920e-04 4.385964912280702920e-04 4.824561403508773917e-03
2.730015082956259095e-02 1.659125188536952986e-03 1.508295625942684558e-04 1.659125188536952986e-03 1.975867269984916616e-02 2.730015082956259095e-02 1.841628959276017663e-01 1.508295625942684558e-04 6.349924585218702511e-02 1.508295625942684558e-04 1.508295625942684558e-04 1.508295625942684558e-04 2.942684766214177516e-01 1.508295625942684558e-04 7.692307692307690133e-03 1.508295625942684558e-04 7.707390648567118141e-02 5.143288084464554127e-02 1.508295625942684558e-04 4.841628959276017552e-02 1.508295625942684558e-04 1.508295625942684558e-04 1.508295625942684558e-04 9.819004524886874863e-02 1.508295625942684558e-04 1.508295625942684558e-04 1.508295625942684558e-04 1.659125188536952986e-03 1.508295625942684558e-04 9.366515837104071041e-02
8.516949152542376000e-02 4.237288135593221842e-04 8.898305084745764676e-03 2.584745762711864944e-02 8.898305084745764676e-03 3.855932203389831475e-02 3.309322033898305371e-01 6.398305084745764537e-02 8.940677966101698293e-02 4.237288135593221842e-04 4.237288135593221842e-04 4.237288135593221842e-04 4.237288135593221842e-04 4.237288135593221842e-04 3.008474576271186890e-02 4.237288135593221842e-04 4.237288135593221842e-04 4.237288135593221842e-04 6.398305084745764537e-02 4.237288135593221842e-04 4.237288135593221842e-04 4.661016949152543484e-03 1.190677966101695295e-01 4.237288135593221842e-04 4.237288135593221842e-04 4.237288135593221842e-04 5.550847457627119952e-02 4.237288135593221842e-04 4.237288135593221842e-04 6.822033898305086830e-02
4.629404617253948112e-02 1.348724179829890145e-02 1.215066828675576913e-04 3.766707168894288093e-03 1.215066828675576913e-04 1.702308626974483041e-01 2.320777642770351784e-02 1.215066828675576913e-04 3.292831105710813250e-02 1.713244228432563368e-02 8.031591737545562548e-02 6.208991494532197647e-02 2.078979343863911755e-01 1.348724179829890145e-02 1.215066828675576913e-04 1.215066828675576913e-04 2.261239368165248453e-01 1.215066828675576913e-04 1.215066828675576913e-04 1.215066828675576913e-04 1.215066828675576913e-04 1.215066828675576913e-04 1.215066828675576913e-04 3.778857837181043983e-02 3.766707168894288093e-03 4.872417982989063479e-02 9.842041312272170953e-03 1.336573511543134645e-03 1.215066828675576913e-04 1.215066828675576913e-04
3.412969283276450004e-04 1.058020477815699474e-02 3.412969283276450004e-04 3.412969283276450004e-04 1.399317406143344399e-02 3.412969283276450004e-04 3.412969283276450004e-04 3.412969283276450004e-04 3.412969283276450004e-04 1.402730375426620990e-01 3.412969283276450004e-04 3.412969283276450004e-04 3.412969283276450004e-04 3.412969283276450004e-04 3.412969283276450004e-04 3.412969283276450004e-04 1.399317406143344399e-02 2.423208191126279346e-02 3.412969283276450004e-04 7.167235494880544629e-03 3.412969283276450004e-04 3.412969283276450004e-04 3.689419795221842158e-01 1.232081911262798424e-01 1.095563139931740454e-01 6.177474402730374903e-02 7.167235494880544629e-03 1.129692832764504912e-01 3.412969283276450004e-04 3.412969283276450004e-04
4.901960784313727591e-04 5.392156862745099699e-03 2.009803921568627944e-02 3.970588235294118806e-02 4.460784313725491002e-02 4.901960784313727591e-04 4.901960784313727591e-04 4.901960784313727591e-04 4.901960784313727591e-04 4.901960784313727591e-04 1.029411764705882686e-02 4.901960784313727591e-04 1.519607843137255401e-02 4.901960784313727591e-04 4.901960784313727591e-04 5.392156862745099699e-03 4.901960784313727591e-04 5.392156862745099699e-03 2.990196078431373375e-02 4.901960784313727591e-04 4.901960784313727591e-04 4.901960784313727591e-04 7.014705882352942901e-01 3.480392156862745917e-02 2.500000000000000486e-02 4.901960784313727591e-04 4.901960784313727591e-04 5.441176470588236780e-02 4.901960784313727591e-04 4.901960784313727591e-04
1.459854014598540000e-04 7.021897810218977187e-02 1.459854014598540000e-04 5.985401459854012944e-03 1.459854014598540000e-04 1.766423357664233251e-02 1.782481751824817051e-01 1.459854014598540000e-04 7.751824817518247757e-02 4.832116788321167561e-02 1.459854014598540000e-04 1.459854014598540000e-04 2.788321167883211354e-02 1.459854014598540000e-04 1.036496350364963202e-02 1.459854014598540000e-04 1.036496350364963202e-02 1.459854014598540000e-04 4.540145985401459333e-02 2.496350364963503474e-02 1.459854014598540000e-04 1.459854014598540000e-04 3.242335766423357080e-01 8.919708029197079280e-02 1.459854014598540000e-04 3.956204379562043572e-02 1.459854014598540000e-04 2.204379562043795246e-02 1.605839416058394082e-03 4.525547445255473540e-03
2.159827213822893867e-04 7.365010799136068043e-02 2.159827213822893867e-04 2.159827213822893867e-04 2.159827213822893867e-04 2.161987041036716461e-01 2.159827213822893867e-04 2.159827213822893867e-04 2.181425485961122415e-02 3.328293736501078959e-01 6.717062634989200143e-02 4.535637149028076687e-03 1.319654427645788053e-01 2.159827213822893867e-04 2.159827213822893867e-04 2.159827213822893867e-04 8.855291576673862686e-03 2.159827213822893867e-04 4.989200863930884355e-02 8.855291576673862686e-03 2.159827213822893867e-04 2.159827213822893867e-04 2.159827213822893867e-04 4.535637149028076687e-03 2.159827213822893867e-04 6.933045356371489443e-02 2.159827213822893867e-04 2.159827213822893867e-04 6.695464362850970554e-03 2.159827213822893867e-04
1.359106529209621606e-01 4.999999999999999584e-02 1.718213058419243845e-04 1.718213058419243845e-04 1.718213058419243845e-04 3.369415807560136589e-01 1.718213058419243845e-04 1.718213058419243845e-04 1.718213058419243845e-04 6.546391752577318535e-02 7.044673539518898735e-03 1.718213058419243845e-04 5.859106529209621300e-02 5.326460481099655649e-03 1.718213058419243845e-04 1.718213058419243845e-04 2.422680412371133393e-02 1.718213058419243845e-04 1.718213058419243845e-04 5.171821305841923372e-02 1.718213058419243845e-04 1.718213058419243845e-04 1.943298969072164428e-01 3.109965635738831322e-02 1.718213058419243845e-04 1.718213058419243845e-04 1.718213058419243845e-04 3.625429553264604421e-02 1.718213058419243845e-04 1.718213058419243845e-04
9.442724458204331678e-03 1.547987616099071029e-04 6.671826625386996501e-02 1.547987616099071029e-04 1.547987616099071029e-04 1.547987616099071029e-04 1.982972136222909687e-01 1.547987616099071029e-04 5.743034055727553461e-02 1.547987616099071029e-04 1.547987616099071029e-04 1.547987616099071029e-04 9.613003095975231060e-02 1.547987616099071029e-04 1.547987616099071029e-04 1.702786377708978213e-03 2.956656346749225728e-02 1.100619195046439319e-01 1.547987616099071029e-04 1.547987616099071029e-04 1.702786377708978213e-03 3.250773993808049080e-03 3.250773993808049080e-03 9.922600619195043326e-02 3.575851393188854421e-02 1.239938080495355671e-01 1.547987616099071029e-04 1.547987616099071029e-04 1.547987616099071029e-04 1.611455108359132748e-01
2.123142250530785091e-04 8.704883227176217139e-03 2.335456475583863600e-03 1.082802547770700223e-02 1.169851380042462585e-01 2.123142250530785091e-04 1.719745222929935924e-02 2.356687898089171451e-02 2.356687898089171451e-02 1.082802547770700223e-02 2.123142250530785091e-04 1.932059447983014433e-02 2.123142250530785091e-04 2.123142250530785091e-04 2.123142250530785091e-04 2.123142250530785091e-04 2.123142250530785091e-04 2.123142250530785091e-04 2.123142250530785091e-04 7.452229299363055670e-02 7.239915074309977161e-02 2.123142250530785091e-04 9.363057324840762252e-02 1.297239915074309691e-01 6.178343949044584615e-02 5.753715498938427597e-02 6.178343949044584615e-02 5.753715498938427597e-02 1.233545647558386138e-01 3.205944798301485488e-02
5.235602094240839315e-04 5.235602094240839315e-04 5.759162303664923897e-03 5.235602094240839315e-04 5.235602094240839315e-04 5.235602094240839315e-04 4.240837696335079954e-02 5.235602094240839315e-04 2.989528795811519091e-01 5.759162303664923897e-03 1.099476439790576278e-02 3.717277486910995632e-02 3.774869109947645018e-01 5.235602094240839315e-04 1.623036649214660079e-02 5.235602094240839315e-04 5.235602094240839315e-04 5.235602094240839315e-04 5.235602094240839315e-04 5.235602094240839315e-04 5.235602094240839315e-04 5.235602094240839315e-04 5.235602094240839315e-04 4.240837696335079954e-02 5.759162303664923897e-03 5.235602094240839315e-04 5.235602094240839315e-04 5.235602094240839315e-04 3.193717277486912004e-02 1.157068062827225491e-01
9.610266159695821098e-02 2.100760456273765425e-02 1.037072243346008060e-01 9.505703422053236764e-05 1.910646387832700549e-02 2.386882129277567433e-01 6.948669201520915606e-02 8.650190114068444236e-03 9.505703422053236764e-05 1.740494296577947408e-01 3.431558935361218171e-02 1.245247148288973829e-02 9.505703422053236764e-05 2.946768060836503153e-03 9.505703422053236764e-05 1.530418250950571143e-02 9.505703422053236764e-05 1.045627376425856125e-03 1.045627376425856125e-03 9.505703422053236764e-05 1.055133079847909126e-02 9.505703422053236764e-05 2.861216730038024236e-02 4.572243346007606735e-02 1.045627376425856125e-03 1.056083650190114409e-01 9.505703422053236764e-05 9.505703422053236764e-05 9.505703422053236764e-05 9.600760456273768617e-03
2.469135802469135318e-04 2.469135802469135318e-04 2.469135802469135318e-04 2.469135802469135318e-04 2.716049382716048850e-03 2.469135802469135318e-04 1.903703703703703010e-01 2.469135802469135318e-04 1.360493827160493552e-01 2.469135802469135318e-04 2.469135802469135318e-04 2.469135802469135318e-04 2.866666666666665697e-01 2.469135802469135318e-04 2.469135802469135318e-04 2.469135802469135318e-04 1.012345679012345394e-02 1.162962962962962726e-01 2.469135802469135318e-04 2.469135802469135318e-04 2.469135802469135318e-04 1.259259259259258752e-02 2.469135802469135318e-04 7.925925925925923765e-02 2.469135802469135318e-04 2.469135802469135318e-04 2.469135802469135318e-04 2.469135802469135318e-04 1.259259259259258752e-02 1.483950617283950335e-01
5.780346820809250004e-04 5.780346820809250004e-04 1.791907514450867545e-02 5.780346820809250004e-04 5.780346820809250004e-04 5.780346820809250004e-04 3.069364161849711392e-01 5.780346820809250004e-04 9.306358381502892463e-02 5.780346820809250004e-04 5.780346820809250004e-04 5.780346820809250004e-04 3.473988439306359144e-01 5.780346820809250004e-04 5.780346820809250004e-04 5.780346820809250004e-04 5.780346820809250004e-04 1.791907514450867545e-02 5.780346820809250004e-04 8.728323699421966508e-02 5.780346820809250004e-04 5.780346820809250004e-04 5.780346820809250004e-04 2.947976878612717025e-02 5.780346820809250004e-04 5.780346820809250004e-04 5.780346820809250004e-04 5.780346820809250004e-04 5.780346820809250004e-04 8.728323699421966508e-02
1.178200692041522224e-01 6.418685121107264857e-02 1.730103806228373375e-04 1.730103806228373375e-04 1.730103806228373375e-04 3.115916955017300483e-01 1.730103806228373375e-04 1.730103806228373375e-04 1.730103806228373375e-04 2.060553633217992453e-01 1.730103806228373375e-04 1.920415224913494395e-02 7.093425605536329837e-03 1.730103806228373375e-04 1.730103806228373375e-04 1.730103806228373375e-04 1.730103806228373375e-04 1.730103806228373375e-04 2.958477508650518562e-02 1.730103806228373375e-04 5.363321799307957383e-03 1.730103806228373375e-04 2.785467128027681316e-02 6.764705882352940736e-02 1.228373702422145067e-02 6.072664359861591060e-02 1.730103806228373375e-04 3.996539792387542728e-02 2.785467128027681316e-02 1.730103806228373375e-04
6.097560975609757176e-04 6.097560975609757176e-04 6.097560975609757176e-04 6.097560975609757176e-04 6.158536585365854271e-02 6.097560975609757176e-04 2.506097560975610317e-01 6.097560975609757176e-04 6.097560975609757176e-04 6.097560975609757176e-04 6.097560975609757176e-04 6.097560975609757176e-04 2.628048780487805547e-01 1.280487804878049050e-02 7.378048780487805880e-02 6.097560975609757176e-04 6.097560975609757176e-04 1.347560975609756462e-01 6.097560975609757176e-04 6.097560975609757176e-04 6.097560975609757176e-04 6.097560975609757176e-04 6.097560975609757176e-04 6.097560975609757176e-04 6.097560975609757176e-04 1.896341463414634443e-01 6.097560975609757176e-04 6.097560975609757176e-04 6.097560975609757176e-04 6.097560975609757176e-04
5.130952380952379793e-02 9.642857142857140518e-03 1.190476190476190204e-04 1.190476190476190204e-04 2.273809523809523434e-02 5.011904761904760475e-02 1.394047619047618647e-01 1.190476190476190204e-04 2.154761904761904462e-02 1.190476190476190204e-04 2.154761904761904462e-02 1.190476190476190204e-04 2.977380952380951351e-01 1.190476190476190204e-04 7.261904761904759351e-03 2.499999999999999618e-03 2.869047619047618292e-02 9.654761904761902103e-02 2.499999999999999618e-03 1.916666666666666172e-02 1.309523809523809252e-03 1.190476190476190204e-04 1.190476190476190204e-04 2.988095238095237610e-02 1.440476190476190112e-02 4.416666666666665964e-02 1.190476190476190204e-04 1.190476190476190204e-04 3.690476190476189768e-03 1.346428571428570919e-01
2.071563088512240729e-03 1.883239171374764299e-04 8.681732580037662683e-02 2.789077212806025385e-01 1.902071563088511899e-02 7.721280602636532327e-03 1.883239171374764299e-04 1.883239171374764299e-04 1.883239171374764299e-04 3.596986817325800029e-02 1.525423728813558866e-02 9.435028248587569444e-02 1.883239171374764299e-04 6.421845574387946565e-02 8.116760828625234347e-02 2.071563088512240729e-03 1.883239171374764299e-04 7.721280602636532327e-03 3.954802259887004595e-03 1.883239171374764299e-04 4.350282485875705402e-02 1.883239171374764299e-04 1.883239171374764299e-04 8.305084745762709997e-02 1.883239171374764299e-04 1.433145009416195437e-01 2.278719397363464585e-02 5.838041431261768895e-03 1.883239171374764299e-04 1.883239171374764299e-04
4.854368932038836374e-04 4.854368932038836374e-04 4.854368932038836374e-04 4.854368932038836374e-04 4.854368932038836374e-04 4.519417475728156330e-01 4.854368932038836374e-04 4.854368932038836374e-04 4.854368932038836374e-04 2.966019417475729281e-01 4.854368932038836374e-04 4.854368932038836374e-04 9.757281553398061691e-02 1.504854368932039346e-02 4.854368932038836374e-04 4.854368932038836374e-04 2.961165048543689879e-02 4.854368932038836374e-04 4.854368932038836374e-04 4.854368932038836374e-04 4.854368932038836374e-04 4.854368932038836374e-04 4.854368932038836374e-04 7.815533980582527185e-02 4.854368932038836374e-04 1.990291262135922626e-02 4.854368932038836374e-04 4.854368932038836374e-04 4.854368932038836374e-04 4.854368932038836374e-04
2.503333333333332411e-01 6.999999999999997544e-03 3.333333333333332138e-04 3.333333333333332138e-04 3.333333333333332138e-04 2.703333333333332034e-01 3.333333333333332138e-04 3.333333333333332138e-04 2.033333333333332479e-02 1.336666666666666281e-01 3.333333333333332138e-04 3.333333333333332138e-04 6.699999999999997624e-02 3.333333333333332138e-04 3.333333333333332138e-04 3.333333333333332138e-04 1.336666666666666281e-01 3.333333333333332138e-04 4.699999999999997929e-02 3.333333333333332138e-04 3.333333333333332138e-04 3.333333333333332138e-04 3.333333333333332138e-04 2.366666666666665531e-02 3.333333333333332138e-04 2.366666666666665531e-02 1.699999999999999081e-02 3.333333333333332138e-04 3.333333333333332138e-04 3.333333333333332138e-04
1.831807780320365564e-01 1.144164759725400243e-04 1.144164759725400243e-04 2.402745995423340511e-03 1.384439359267734121e-02 2.402745995423340511e-03 3.901601830663614656e-02 1.144164759725400243e-04 3.422196796338672353e-01 1.613272311212814170e-02 3.546910755148740754e-03 9.508009153318074114e-02 4.473684210526315125e-02 1.144164759725400243e-04 1.144164759725400243e-04 1.144164759725400243e-04 1.144164759725400243e-04 1.144164759725400243e-04 1.144164759725400243e-04 8.249427917620134887e-02 1.144164759725400243e-04 1.144164759725400243e-04 1.144164759725400243e-04 8.707093821510294984e-02 4.691075514874140130e-03 5.835240274599540374e-03 1.144164759725400243e-04 1.144164759725400243e-04 1.842105263157894565e-02 5.732265446224255045e-02
9.014598540145982164e-02 7.068126520681262959e-02 1.216545012165449910e-04 1.216545012165449910e-04 1.216545012165449910e-04 2.373479318734792454e-01 1.593673965936739240e-02 1.216545012165449910e-04 1.216545012165449910e-04 2.799270072992700031e-01 1.216545012165449910e-04 1.216545012165449910e-04 1.216545012165449910e-04 1.216545012165449910e-04 1.216545012165449910e-04 1.216545012165449910e-04 2.554744525547444824e-03 1.216545012165449910e-04 4.148418491484184151e-02 2.554744525547444824e-03 1.216545012165449910e-04 1.216545012165449910e-04 6.703163017031628368e-02 2.323600973236009115e-02 1.216545012165449910e-04 1.096107055961070137e-01 6.204379562043793768e-03 5.121654501216543753e-02 1.216545012165449910e-04 1.216545012165449910e-04
1.335113484646194672e-04 6.688918558077434906e-02 2.803738317757008703e-03 1.214953271028037032e-02 1.335113484646194672e-04 4.285714285714284366e-02 1.335113484646194672e-04 1.214953271028037032e-02 1.468624833110814031e-03 3.899866488651534402e-01 2.683578104138851020e-02 2.416555407209612302e-02 1.335113484646194672e-04 1.081441922563417500e-02 1.335113484646194672e-04 1.335113484646194672e-04 1.335113484646194672e-04 1.335113484646194672e-04 1.109479305740987548e-01 1.335113484646194672e-04 2.016021361815753532e-02 1.335113484646194672e-04 1.335113484646194672e-04 8.825100133511344647e-02 8.144192256341786090e-03 4.953271028037382201e-02 1.468624833110814031e-03 4.152202937249665354e-02 1.335113484646194672e-04 8.825100133511344647e-02
4.094616639477977049e-02 1.631321370309951081e-04 1.631321370309951081e-04 1.631321370309951081e-04 1.631321370309951081e-04 1.631321370309951081e-04 1.192495921696574146e-01 3.425774877650897190e-03 4.420880913539967927e-02 1.631321370309951081e-04 1.631321370309951081e-04 3.425774877650897190e-03 1.794453507340946271e-03 1.631321370309951081e-04 1.631321370309951081e-04 1.631321370309951081e-04 1.631321370309951081e-04 4.096247960848287128e-01 1.631321370309951081e-04 1.078303425774877616e-01 1.631321370309951081e-04 8.319738988580750380e-03 1.486133768352365381e-01 2.789559543230016661e-02 3.442088091353996682e-02 1.794453507340946271e-03 2.463295269168026130e-02 1.973898858075040855e-02 1.794453507340946271e-03 1.631321370309951081e-04
1.738700564971751017e-01 1.583333333333332982e-01 2.966101694915253880e-03 1.412429378531073225e-04 8.615819209039546345e-03 2.600282485875705651e-01 7.203389830508472903e-03 1.412429378531073225e-04 1.002824858757061892e-02 1.696327683615818926e-01 1.412429378531073225e-04 1.412429378531073225e-04 5.805084745762711246e-02 4.378531073446326888e-03 1.412429378531073225e-04 1.412429378531073225e-04 1.412429378531073225e-04 1.412429378531073225e-04 1.412429378531073225e-04 1.412429378531073225e-04 1.412429378531073225e-04 1.412429378531073225e-04 1.144067796610169323e-02 9.901129943502821884e-02 1.412429378531073225e-04 1.553672316384180655e-03 1.285310734463276580e-02 1.991525423728813041e-02 1.412429378531073225e-04 1.412429378531073225e-04
1.733446519524617646e-01 1.697792869269948879e-04 6.808149405772494223e-02 1.714770797962648224e-02 1.697792869269948879e-04 1.035653650254668608e-02 1.205432937181663555e-02 2.393887945670627668e-02 1.697792869269948879e-04 1.697792869269948879e-04 1.697792869269948879e-04 1.375212224108658503e-02 4.261460101867571570e-02 1.697792869269948879e-04 1.697792869269948879e-04 1.697792869269948879e-04 3.565365025466892511e-03 5.263157894736841119e-03 1.544991511035653277e-02 1.035653650254668608e-02 1.884550084889642999e-02 5.263157894736841119e-03 1.697792869269948879e-04 1.920203735144311863e-01 1.869269949066213465e-01 1.697792869269948879e-04 2.054329371816637773e-02 1.784380305602716044e-01 1.697792869269948879e-04 1.697792869269948879e-04
1.626016260162601354e-04 1.626016260162601354e-04 2.229268292682926311e-01 1.042276422764227412e-01 3.414634146341462978e-03 1.626016260162601354e-04 1.626016260162601354e-04 3.918699186991869698e-02 1.626016260162601354e-04 1.626016260162601354e-04 5.869918699186991301e-02 2.017886178861788282e-01 1.626016260162601354e-04 6.357723577235771528e-02 1.626016260162601354e-04 1.626016260162601354e-04 2.780487804878048474e-02 1.788617886178861570e-03 1.788617886178861570e-03 1.626016260162601354e-04 1.626016260162601354e-04 1.626016260162601354e-04 1.626016260162601354e-04 1.042276422764227412e-01 1.626016260162601354e-04 1.009756097560975396e-01 1.626016260162601354e-04 1.626016260162601354e-04 6.682926829268291680e-02 1.626016260162601354e-04
1.222493887530561962e-04 2.567237163814180528e-03 1.222493887530561962e-04 1.222493887530561962e-04 3.595354523227383137e-01 1.222493887530561962e-04 1.845965770171148490e-02 1.222493887530561962e-04 1.370415647921759961e-01 4.046454767726160445e-02 5.012224938875303910e-03 5.146699266503666076e-02 1.222493887530561962e-04 1.222493887530561962e-04 1.222493887530561962e-04 2.701711491442542259e-02 2.090464547677261045e-02 1.443765281173593762e-01 1.222493887530561962e-04 1.222493887530561962e-04 1.222493887530561962e-04 1.222493887530561962e-04 1.222493887530561962e-04 1.345965770171148601e-01 4.902200488997553868e-02 6.234718826405865819e-03 1.222493887530561962e-04 1.222493887530561962e-04 1.222493887530561962e-04 1.344743276283618403e-03
5.030701754385963342e-01 1.461988304093566737e-04 1.461988304093566737e-04 1.461988304093566737e-04 4.532163742690057534e-03 4.546783625730992789e-02 2.353801169590642728e-02 1.461988304093566737e-04 4.254385964912279355e-02 1.461988304093566737e-04 1.461988304093566737e-04 1.461988304093566737e-04 1.156432748538011174e-01 1.461988304093566737e-04 1.461988304093566737e-04 1.330409356725145709e-02 3.070175438596490364e-03 2.353801169590642728e-02 1.461988304093566737e-04 3.377192982456139747e-02 1.461988304093566737e-04 1.461988304093566737e-04 1.461988304093566737e-04 1.288011695906432219e-01 1.461988304093566737e-04 6.008771929824559960e-02 1.461988304093566737e-04 1.461988304093566737e-04 1.461988304093566737e-04 1.461988304093566737e-04
3.002430133657350564e-01 3.778857837181044677e-02 1.215066828675577049e-04 4.981773997569865359e-03 2.551640340218711694e-03 2.042527339003644971e-01 8.274605103280678609e-02 1.215066828675577049e-04 1.336573511543134862e-03 1.227217496962332635e-02 1.215066828675577049e-04 2.077764277035236765e-02 1.216281895504252447e-01 1.215066828675577049e-04 1.215066828675577049e-04 1.215066828675577049e-04 1.834750911300121051e-02 4.264884568651275409e-02 1.215066828675577049e-04 7.788578371810447876e-02 1.215066828675577049e-04 1.215066828675577049e-04 1.215066828675577049e-04 3.535844471445929310e-02 4.981773997569865359e-03 8.626974483596595855e-03 1.215066828675577049e-04 2.199270959902794448e-02 1.215066828675577049e-04 1.215066828675577049e-04
5.952380952380954002e-04 2.267857142857143404e-01 5.952380952380954002e-04 5.952380952380954002e-04 5.952380952380954002e-04 2.386904761904762307e-01 1.845238095238095621e-02 5.952380952380954002e-04 5.952380952380954002e-04 5.952380952380954002e-04 5.952380952380954002e-04 5.952380952380954002e-04 1.136904761904762168e-01 5.952380952380954002e-04 5.952380952380954002e-04 5.952380952380954002e-04 5.952380952380954002e-04 1.845238095238095621e-02 5.952380952380954002e-04 8.988095238095239470e-02 5.952380952380954002e-04 5.952380952380954002e-04 5.952380952380954002e-04 2.440476190476190826e-02 5.952380952380954002e-04 5.952380952380954002e-04 1.434523809523809978e-01 1.136904761904762168e-01 5.952380952380954002e-04 5.952380952380954002e-04
3.392733564013839520e-01 1.730103806228373104e-04 1.730103806228373104e-04 1.730103806228373104e-04 7.093425605536328969e-03 7.093425605536328969e-03 6.245674740484426918e-02 1.730103806228373104e-04 1.714532871972317685e-01 1.730103806228373104e-04 1.747404844290656803e-02 1.920415224913494048e-02 1.057093425605535875e-01 1.730103806228373104e-04 1.730103806228373104e-04 1.730103806228373104e-04 7.093425605536328969e-03 1.316608996539791743e-01 1.730103806228373104e-04 5.207612456747402752e-02 1.903114186851210523e-03 1.730103806228373104e-04 1.903114186851210523e-03 5.034602076124565506e-02 5.363321799307956515e-03 1.747404844290656803e-02 1.730103806228373104e-04 1.730103806228373104e-04 1.730103806228373104e-04 1.730103806228373104e-04
4.578431372549017775e-01 3.267973856209149559e-04 3.267973856209149559e-04 3.267973856209149559e-04 3.267973856209149559e-04 1.604575163398692383e-01 1.245098039215685876e-01 3.267973856209149559e-04 3.267973856209149559e-04 3.267973856209149559e-04 3.594771241830064298e-03 3.267973856209149559e-04 1.571895424836600719e-01 3.267973856209149559e-04 3.267973856209149559e-04 1.013071895424836298e-02 3.267973856209149559e-04 3.267973856209149559e-04 3.267973856209149559e-04 3.267973856209149559e-04 3.594771241830064298e-03 3.267973856209149559e-04 3.267973856209149559e-04 3.300653594771240512e-02 6.862745098039213856e-03 3.267973856209149559e-04 3.267973856209149559e-04 3.627450980392155078e-02 3.267973856209149559e-04 3.267973856209149559e-04
9.247434435575824230e-02 1.140250855188141373e-04 1.140250855188141373e-04 1.721778791334093242e-02 9.236031927023944169e-03 1.140250855188141373e-04 1.312428734321550439e-01 1.140250855188141373e-04 4.800456100342075094e-02 1.140250855188141373e-04 1.140250855188141373e-04 1.151653363740022529e-02 1.140250855188141373e-04 1.254275940706955483e-03 1.254275940706955483e-03 5.940706955530215827e-02 1.140250855188141373e-04 2.840364880273659742e-01 1.140250855188141373e-04 1.095781071835803672e-01 1.140250855188141373e-04 1.140250855188141373e-04 1.254275940706955483e-03 1.665906499429874177e-01 1.140250855188141373e-04 6.396807297605472398e-02 1.140250855188141373e-04 1.254275940706955483e-03 1.140250855188141373e-04 1.140250855188141373e-04
1.485884101040118742e-04 2.540861812778602916e-02 5.809806835066864267e-02 7.741456166419018181e-02 1.485884101040118742e-04 1.485884101040118742e-04 1.649331352154531638e-02 2.156017830609212038e-01 1.485884101040118742e-04 1.485884101040118742e-04 1.485884101040118742e-04 1.485884101040118742e-04 1.485884101040118742e-04 1.485884101040118742e-04 2.689450222882614969e-02 1.485884101040118742e-04 1.485884101040118742e-04 1.485884101040118742e-04 1.485884101040118742e-04 1.485884101040118742e-04 2.243684992570579156e-02 1.485884101040118742e-04 1.649331352154531638e-02 1.858841010401188210e-01 1.485884101040118742e-04 3.523031203566120984e-01 1.485884101040118742e-04 1.485884101040118742e-04 1.485884101040118742e-04 1.485884101040118742e-04
2.471212121212120749e-01 2.742424242424242042e-02 4.106060606060605439e-02 1.515151515151514879e-04 1.666666666666666557e-03 1.515151515151514879e-04 4.863636363636363036e-02 1.075757575757575572e-02 1.515151515151514879e-04 1.515151515151514879e-04 7.727272727272724989e-03 2.136363636363635896e-02 1.515151515151514879e-04 7.727272727272724989e-03 1.515151515151514879e-04 1.515151515151514879e-04 7.727272727272724989e-03 3.954545454545454336e-02 1.666666666666666557e-03 3.954545454545454336e-02 6.212121212121210490e-03 9.242424242424239489e-03 4.696969696969695990e-03 1.471212121212120971e-01 1.713636363636363291e-01 2.287878787878787346e-02 1.681818181818181546e-02 1.183333333333333043e-01 1.515151515151514879e-04 1.515151515151514879e-04
3.616940581542350541e-01 3.426042983565106420e-02 1.264222503160555931e-04 1.264222503160555931e-04 1.264222503160555931e-04 2.378002528445005703e-01 1.264222503160555931e-04 1.264222503160555931e-04 1.390644753476611524e-03 6.839443742098608170e-02 1.264222503160555931e-04 1.264222503160555931e-04 1.391908975979772034e-01 1.264222503160555931e-04 2.654867256637167671e-03 1.264222503160555931e-04 1.264222503160555931e-04 1.264222503160555931e-04 1.264222503160555931e-04 1.264222503160555931e-04 6.447534766118834595e-03 3.919089759797723602e-03 1.264222503160555931e-04 6.207332490518329554e-02 1.276864728192161381e-02 1.264222503160555931e-04 1.390644753476611524e-03 6.586599241466496724e-02 1.264222503160555931e-04 1.264222503160555931e-04
6.033653846153844841e-02 6.754807692307690514e-02 2.403846153846153437e-04 2.403846153846153437e-04 2.403846153846153437e-04 3.776442307692306488e-01 2.403846153846153437e-04 2.403846153846153437e-04 2.908653846153845188e-02 2.358173076923076039e-01 2.403846153846153437e-04 2.403846153846153437e-04 7.716346153846151412e-02 2.403846153846153437e-04 2.403846153846153437e-04 2.403846153846153437e-04 2.403846153846153437e-04 2.403846153846153437e-04 2.403846153846153437e-04 1.466346153846153320e-02 2.403846153846153437e-04 2.403846153846153437e-04 2.403846153846153437e-04 2.908653846153845188e-02 2.403846153846153437e-04 1.036057692307692096e-01 2.403846153846153437e-04 2.403846153846153437e-04 2.403846153846153437e-04 2.403846153846153437e-04
1.897111913357400204e-01 1.138989169675090063e-01 1.805054151624548367e-04 1.805054151624548367e-04 1.805054151624548367e-04 2.655234657039710622e-01 2.003610108303248774e-02 9.205776173285195804e-03 1.805054151624548367e-04 1.247292418772562861e-01 1.805054151624548367e-04 1.805054151624548367e-04 9.765342960288807272e-02 1.805054151624548367e-04 1.805054151624548367e-04 1.805054151624548367e-04 1.805054151624548367e-04 1.805054151624548367e-04 1.805054151624548367e-04 1.805054151624548367e-04 1.805054151624548367e-04 1.805054151624548367e-04 1.805054151624548367e-04 8.140794223826713916e-02 1.805054151624548367e-04 2.725631768953068121e-02 5.595667870036099938e-03 5.794223826714800518e-02 3.790613718411551571e-03 1.805054151624548367e-04
4.534170153417014237e-01 1.394700139470013683e-04 1.394700139470013683e-04 1.394700139470013683e-04 1.394700139470013683e-04 2.581589958158995168e-01 4.895397489539747571e-02 1.394700139470013683e-04 1.394700139470013683e-04 3.361227336122733084e-02 4.323570432357042199e-03 1.394700139470013683e-04 1.131101813110180904e-01 1.394700139470013683e-04 1.394700139470013683e-04 2.928870292887028517e-03 4.323570432357042199e-03 1.394700139470013683e-04 1.394700139470013683e-04 1.394700139470013683e-04 1.394700139470013683e-04 1.394700139470013683e-04 1.534170153417015051e-03 4.058577405857739795e-02 1.394700139470013683e-04 1.129707112970710844e-02 7.112970711297068697e-03 1.394700139470013683e-04 1.394700139470013683e-04 1.827057182705717556e-02
2.688860435339308387e-03 1.677336747759282723e-02 1.280409731113956362e-04 4.494238156209987012e-02 1.550576184379000855e-01 1.408450704225351971e-03 3.213828425096030422e-02 1.280409731113956362e-04 1.280409731113956362e-04 1.280409731113956362e-04 1.165172855313700156e-02 1.549295774647886995e-02 2.688860435339308387e-03 1.280409731113956362e-04 3.725992317541612642e-02 1.192061459667093232e-01 1.280409731113956362e-04 1.293213828425095711e-02 1.280409731113956362e-04 1.280409731113956362e-04 1.089628681177976788e-01 1.280409731113956362e-04 1.280409731113956362e-04 1.691421254801536156e-01 1.408450704225351971e-03 9.359795134443019138e-02 1.280409731113956362e-04 1.280409731113956362e-04 1.280409731113956362e-04 1.729833546734954874e-01
1.581521739130434812e-01 5.434782608695652240e-04 7.119565217391303491e-02 5.434782608695652240e-04 5.434782608695652240e-04 3.858695652173912971e-02 1.635869565217391297e-01 8.750000000000000833e-02 5.434782608695652240e-04 5.434782608695652240e-04 5.434782608695652240e-04 5.434782608695652240e-04 8.750000000000000833e-02 2.228260869565217364e-02 5.434782608695652240e-04 5.434782608695652240e-04 1.684782608695652162e-02 5.434782608695652240e-04 5.434782608695652240e-04 1.907608695652174002e-01 5.434782608695652240e-04 5.434782608695652240e-04 5.434782608695652240e-04 4.945652173913043376e-02 5.434782608695652240e-04 1.038043478260869679e-01 5.434782608695652240e-04 5.434782608695652240e-04 5.434782608695652240e-04 5.434782608695652240e-04
2.028397565922920593e-04 2.028397565922920593e-04 1.645030425963488474e-01 4.077079107505070243e-02 3.468559837728193984e-02 2.028397565922920593e-04 2.028397565922920593e-04 2.028397565922920593e-04 2.028397565922920593e-04 2.251521298174441466e-02 2.028397565922920593e-04 3.671399594320486071e-02 2.028397565922920593e-04 2.860040567951317725e-02 4.482758620689654416e-02 5.699797160243406935e-02 2.028397565922920593e-04 2.028397565922920593e-04 6.288032454361053812e-03 2.028397565922920593e-04 1.401622718052737970e-01 2.028397565922920593e-04 2.028397565922920593e-04 1.584178498985800709e-01 2.454361054766733552e-02 2.375253549695739708e-01 2.028397565922920593e-04 2.028397565922920593e-04 2.028397565922920593e-04 2.028397565922920593e-04
3.404185022026431362e-01 1.101321585903083613e-04 1.101321585903083613e-04 1.101321585903083613e-04 1.101321585903083613e-04 9.592511013215856974e-02 8.270925110132157365e-02 1.101321585903083613e-04 1.101321585903083613e-04 1.442731277533039480e-02 1.101321585903083613e-04 1.101321585903083613e-04 8.601321585903082267e-02 1.101321585903083613e-04 1.101321585903083613e-04 1.101321585903083613e-04 7.819383259911893286e-03 6.729074889867840692e-02 1.101321585903083613e-04 8.160792951541848139e-02 1.101321585903083613e-04 2.312775330396475790e-03 8.920704845814976872e-03 4.085903083700440086e-02 6.398678414096915790e-02 6.508810572687223628e-02 3.414096916299558943e-03 3.755506607929515184e-02 1.101321585903083613e-04 1.101321585903083613e-04
