2.435382685069008846e-01 1.254705144291091772e-04 1.518193224592220836e-02 2.962358845671267393e-01 2.573400250941028644e-01 1.254705144291091772e-04 1.331242158092848238e-01 2.396486825595985082e-02 1.518193224592220836e-02 1.518193224592220836e-02
6.631578947368421684e-02 1.669172932330827142e-02 1.503759398496240800e-04 1.294736842105262964e-01 1.324812030075187830e-01 3.022556390977443677e-02 1.503759398496240800e-04 4.678195488721804685e-01 5.428571428571429131e-02 1.024060150375939726e-01
1.218100890207715059e-01 3.724035608308605416e-02 1.632047477744807224e-03 4.169139465875371098e-02 7.284866468842730869e-02 1.483679525222552145e-04 1.455489614243323238e-01 3.575667655786350652e-02 5.372403560830860680e-01 6.083086053412462522e-03
1.531393568147013736e-04 2.006125574272588086e-02 1.684532924961715380e-03 2.145482388973966315e-01 4.915773353751914237e-02 5.834609494640122934e-02 7.810107197549770106e-03 5.238897396630934900e-01 8.591117917304746943e-02 3.843797856049004785e-02
1.199040767386091153e-04 1.199040767386091153e-04 9.244604316546761735e-02 5.407673860911271085e-02 1.199040767386091153e-04 9.724220623501197980e-02 1.092326139088728998e-01 2.099520383693045389e-01 4.365707434052757963e-01 1.199040767386091153e-04
1.055913978494623651e-01 2.150537634408602149e-04 2.365591397849462364e-03 3.399999999999999689e-01 2.109677419354838712e-01 1.141935483870967771e-01 2.150537634408602149e-04 9.268817204301076085e-02 2.365591397849462364e-03 1.313978494623656013e-01
2.907727797001153358e-01 1.153402537485582476e-04 1.153402537485582476e-04 7.508650519031141723e-02 1.339100346020761223e-01 8.200692041522490705e-02 2.087658592848904565e-02 1.164936562860438216e-02 1.626297577854671217e-02 3.692041522491349981e-01
1.694915254237288303e-03 2.235747303543913489e-01 4.483821263482280772e-02 5.408320493066255674e-02 4.285053929121726002e-01 2.172573189522342130e-02 1.881355932203389869e-01 1.540832049306625632e-04 2.480739599383667560e-02 1.248073959938366707e-02
4.798206278026906357e-02 1.494768310911808774e-04 2.572496263079222523e-01 1.494768310911808774e-04 9.133034379671151060e-02 1.494768310911808774e-04 3.454409566517189778e-01 1.494768310911808774e-04 2.303437967115097018e-01 2.705530642750373846e-02
3.021148036253776432e-04 4.746223564954682450e-01 2.268882175226585862e-01 3.021148036253776432e-04 7.885196374622356619e-02 6.344410876132930942e-03 1.540785498489425850e-02 3.021148036253776432e-04 1.966767371601208236e-01 3.021148036253776432e-04
4.766888677450047823e-02 4.720266412940057332e-01 1.047573739295908635e-01 7.240723120837297411e-02 6.669838249286393073e-02 6.669838249286393073e-02 1.199809705042816366e-01 9.514747859181731560e-05 4.481446241674595654e-02 4.852521408182683231e-03
3.367003367003367181e-04 3.367003367003367181e-04 1.380471380471380398e-02 3.367003367003367181e-04 3.367003367003367181e-04 1.484848484848484973e-01 7.070707070707071135e-03 6.468013468013468215e-01 6.094276094276094430e-02 1.215488215488215590e-01
3.679706601466992827e-02 2.567237163814180961e-03 3.557457212713936723e-02 1.222493887530562505e-04 1.260391198044009675e-01 1.222493887530562505e-04 1.492665036674816481e-01 1.112469437652811692e-02 3.876528117359413494e-01 2.507334963325183463e-01
1.484184914841849001e-02 2.433090024330900362e-04 2.676399026763990642e-03 4.160583941605839470e-02 2.433090024330900362e-04 2.457420924574209298e-02 6.836982968369829938e-02 6.182481751824817628e-01 2.143552311435522884e-01 1.484184914841849001e-02
4.524886877828055028e-04 4.524886877828055028e-04 4.524886877828055028e-04 1.904977375565611031e-01 1.180995475113122417e-01 1.769230769230769607e-01 4.524886877828055028e-04 5.117647058823530104e-01 4.524886877828055028e-04 4.524886877828055028e-04
5.408970976253296876e-03 4.366754617414247280e-02 1.319261213720316576e-04 5.817941952506595904e-02 1.319261213720316576e-04 2.651715039577836122e-02 8.456464379947227494e-02 6.201846965699208125e-01 1.597625329815303141e-01 1.451187335092348233e-03
1.514908256880733717e-01 3.326834862385321112e-01 2.408256880733944654e-03 1.170871559633027276e-01 2.581422018348623615e-01 3.222477064220183318e-02 8.153669724770640226e-02 1.146788990825688002e-04 1.272935779816513485e-02 1.158256880733944845e-02
3.048780487804878046e-04 3.048780487804878046e-04 8.262195121951219912e-02 2.106707317073170660e-01 1.435975609756097726e-01 8.871951219512196063e-02 3.048780487804878046e-04 4.332317073170731669e-01 3.993902439024390322e-02 3.048780487804878046e-04
1.811594202898550747e-04 1.811594202898550747e-04 1.811594202898550747e-04 1.811594202898550747e-04 3.097826086956521896e-02 4.909420289855073033e-02 1.994565217391304213e-01 2.592391304347825831e-01 4.222826086956521507e-01 3.822463768115942628e-02
8.992805755395683650e-05 3.696043165467625957e-02 8.992805755395683650e-05 2.788669064748201532e-01 3.571043165467626124e-01 8.992805755395683650e-05 9.181654676258992065e-02 1.691546762589928032e-01 9.982014388489208676e-03 5.584532374100719537e-02
1.479289940828402386e-04 1.479289940828402386e-04 1.479289940828402386e-04 3.167159763313609488e-01 2.619822485207100593e-01 2.072485207100591698e-01 1.346153846153846055e-02 1.983727810650887380e-01 1.479289940828402386e-04 1.627218934911242761e-03
1.576190476190476308e-01 4.761904761904761901e-04 4.761904761904761901e-04 2.052380952380952472e-01 9.095238095238096510e-02 2.100000000000000200e-01 3.857142857142856901e-02 2.671428571428571264e-01 4.761904761904761901e-04 2.904761904761904434e-02
6.544585987261146431e-02 1.592356687898089361e-04 1.592356687898089361e-04 2.246815286624203600e-01 5.111464968152866495e-02 3.678343949044586558e-02 2.404458598726114463e-02 3.632165605095541427e-01 3.996815286624204322e-02 1.944267515923566725e-01
1.865671641791044795e-04 1.865671641791044795e-04 1.865671641791044795e-04 3.098880597014925242e-01 1.998134328358208978e-01 1.083955223880597035e-01 1.102611940298507537e-01 2.707089552238806096e-01 1.865671641791044795e-04 1.865671641791044795e-04
5.028653295128938938e-02 1.432664756446991306e-04 1.432664756446991306e-04 8.610315186246417229e-02 7.177650429799425913e-02 4.441260744985672804e-03 1.432664756446991306e-04 5.689111747851002265e-01 9.756446991404009450e-02 1.204871060171919528e-01
9.035639412997903408e-02 1.069182389937106854e-02 2.096436058700209811e-04 2.096436058700209811e-04 1.930817610062892931e-01 2.096436058700209811e-04 2.496855345911949686e-01 3.146750524109014346e-01 5.262054507337526194e-02 8.825995807127882953e-02
1.497005988023951807e-04 1.497005988023951807e-04 1.497005988023951807e-04 1.497005988023951807e-04 1.961077844311377022e-02 1.497005988023951807e-04 1.169161676646706255e-01 4.612275449101795877e-01 4.013473053892215314e-01 1.497005988023951807e-04
1.631321370309950810e-04 1.631321370309950810e-04 7.846655791190863816e-02 1.631321370309950810e-04 2.024469820554648802e-01 1.631321370309950810e-04 5.221859706362153020e-01 9.641109298531809479e-02 7.683523654159868377e-02 2.300163132137030345e-02
1.694915254237288249e-04 2.340677966101694929e-01 1.018644067796610209e-01 1.694915254237288249e-04 1.154237288135593065e-01 8.830508474576270750e-02 3.764406779661017000e-01 1.694915254237288249e-04 6.118644067796610159e-02 2.220338983050847495e-02
1.722617354196301354e-01 1.422475106685633123e-04 1.294452347083925939e-02 1.651493598862019963e-01 1.253200568990042729e-01 2.147937411095305824e-02 1.422475106685633123e-04 2.263157894736841924e-01 1.422475106685633123e-04 2.761024182076813327e-01
7.206235011990408390e-02 1.979616306954436467e-01 1.511990407673860781e-01 1.199040767386091153e-04 6.966426858513190268e-02 1.318944844124700323e-03 2.171462829736210964e-01 8.285371702637889246e-02 2.075539568345323715e-01 1.199040767386091153e-04
8.967136150234743253e-02 4.694835680751174682e-04 3.333333333333333287e-02 4.089201877934272589e-01 4.694835680751174682e-04 4.694835680751174682e-04 5.164319248826292584e-03 3.103286384976525758e-01 1.084507042253521347e-01 4.272300469483568397e-02
3.462962962962963243e-01 6.172839506172839380e-04 2.475308641975308699e-01 6.172839506172839380e-04 9.938271604938272996e-02 6.172839506172839380e-04 2.228395061728395132e-01 6.790123456790124294e-03 6.851851851851852027e-02 6.790123456790124294e-03
5.351123595505617031e-02 1.404494382022471763e-04 1.404494382022471763e-04 8.862359550561796362e-02 1.699438202247190860e-02 1.404494382022471763e-04 2.401685393258426796e-02 5.900280898876404390e-01 1.054775280898876122e-01 1.209269662921347993e-01
4.675141242937852493e-02 1.412429378531073225e-04 1.412429378531073225e-04 1.187853107344632453e-01 5.522598870056496384e-02 1.456214689265536433e-01 5.946327683615818677e-02 5.495762711864405903e-01 1.991525423728813041e-02 4.378531073446326888e-03
7.194163860830525559e-02 1.806958473625140324e-02 1.122334455667788880e-04 3.602693602693602531e-02 3.682379349046015493e-01 2.704826038159371254e-02 7.530864197530862114e-02 1.122334455667788880e-04 1.122334455667788880e-04 4.030303030303030165e-01
2.878440366972476877e-02 1.146788990825688002e-04 1.146788990825688002e-04 1.010321100917430936e-01 8.153669724770640226e-02 3.107798165137614504e-02 8.142201834862384038e-03 5.356651376146788213e-01 6.662844036697246342e-02 1.469036697247706191e-01
1.190476190476190340e-04 1.190476190476190340e-04 1.190476190476190340e-04 4.773809523809523225e-02 2.749999999999999667e-02 2.154761904761904809e-02 1.084523809523809251e-01 7.274999999999999245e-01 6.678571428571428159e-02 1.190476190476190340e-04
1.203566121842496173e-02 1.485884101040119013e-04 3.300148588410103945e-01 2.392273402674591556e-02 1.946508172362555744e-02 1.485884101040119013e-04 2.601783060921247781e-01 1.485884101040119013e-04 3.537890044576522675e-01 1.485884101040119013e-04
6.215596330275229703e-02 2.293577981651376274e-04 5.298165137614679193e-02 2.775229357798164945e-02 1.355504587155963447e-01 1.628440366972477155e-02 4.864678899082568453e-01 1.628440366972477155e-02 1.860091743119265950e-01 1.628440366972477155e-02
1.908975979772439477e-02 1.264222503160556202e-04 9.115044247787608411e-02 9.241466498103664828e-02 1.390644753476611740e-03 2.654867256637167671e-03 3.299620733249051391e-02 6.663716814159291735e-01 9.367888748419719858e-02 1.264222503160556202e-04
3.064986737400530181e-01 1.380636604774535814e-01 1.326259946949602270e-04 1.326259946949602270e-04 1.698938992042440255e-01 3.594164456233422261e-02 1.155172413793103398e-01 1.326259946949602270e-04 6.777188328912467363e-02 1.659151193633952304e-01
1.547987616099071300e-04 1.547987616099071300e-04 1.547987616099071300e-04 1.547987616099071300e-04 4.659442724458204288e-02 3.111455108359133248e-02 1.750773993808049378e-01 1.054179566563467341e-01 6.410216718266253944e-01 1.547987616099071300e-04
1.293260473588342396e-02 1.841530054644808512e-01 8.032786885245901676e-02 1.821493624772313295e-04 1.131147540983606647e-01 3.479052823315118698e-02 4.628415300546447897e-01 1.821493624772313295e-04 1.112932604735883402e-01 1.821493624772313295e-04
1.059859154929577579e-01 3.521126760563380470e-04 5.919014084507041584e-01 6.021126760563380587e-02 1.024647887323943685e-01 3.521126760563380470e-04 2.852112676056338045e-02 3.521126760563380470e-04 1.095070422535211335e-01 3.521126760563380470e-04
2.135785007072135699e-02 2.418670438472418985e-02 1.414427157001414638e-04 2.603960396039604053e-01 4.018387553041018467e-01 1.896746817538896568e-01 5.813295615275813205e-02 4.115983026874116268e-02 1.414427157001414638e-04 2.970297029702970333e-03
1.161440185830429732e-04 1.522648083623693305e-01 3.600464576074332169e-03 2.986062717770034958e-01 2.602787456445992964e-01 2.682926829268292984e-02 1.011614401858304257e-01 3.031358885017421817e-02 1.161440185830429732e-04 1.267131242740998642e-01
1.519756838905775178e-04 4.711246200607903216e-03 7.750759878419452055e-03 7.750759878419452055e-03 8.981762917933130974e-02 4.711246200607903216e-03 1.460486322188449815e-01 3.588145896656534939e-01 3.193009118541033087e-01 6.094224924012157929e-02
2.072784810126582222e-02 1.582278481012658257e-04 2.011075949367088500e-01 1.582278481012658257e-04 2.469936708860759333e-01 2.389240506329113820e-02 3.482594936708860445e-01 4.604430379746835694e-02 1.124999999999999889e-01 1.582278481012658257e-04
2.943469785575048708e-02 1.949317738791423219e-04 1.502923976608186996e-01 2.358674463937621840e-02 4.307992202729045428e-02 1.949317738791423219e-04 3.413255360623781431e-01 1.814814814814814659e-01 2.302144249512670382e-01 1.949317738791423219e-04
2.859399684044234072e-02 6.334913112164297644e-02 2.701421800947867435e-02 3.872037914691943139e-01 2.260663507109004766e-01 1.279620853080568749e-02 1.044233807266982533e-01 1.502369668246445467e-01 1.579778830963665226e-04 1.579778830963665226e-04
3.954451345755694014e-02 3.540372670807453992e-02 8.302277432712215632e-02 2.424430641821946064e-01 6.645962732919255544e-02 2.175983436853002051e-01 2.070393374741200815e-04 3.149068322981366519e-01 2.070393374741200815e-04 2.070393374741200815e-04
1.748251748251747979e-04 1.748251748251747979e-04 1.748251748251747979e-04 8.933566433566432485e-02 1.416083916083915768e-02 6.835664335664334845e-02 4.912587412587411662e-02 5.351398601398600352e-01 1.697552447552446997e-01 7.360139860139859602e-02
1.944078947368421129e-01 6.611842105263159020e-02 3.289473684210526242e-04 2.075657894736842035e-01 1.615131578947368585e-01 2.664473684210526272e-02 3.289473684210526242e-04 3.289473684210526242e-04 3.289473684210526242e-04 3.424342105263157854e-01
1.676579925650557579e-01 1.862453531598513012e-01 2.457249070631969956e-01 3.535315985130111360e-01 3.717472118959108283e-04 7.806691449814127069e-03 3.382899628252788310e-02 4.089219330855018569e-03 3.717472118959108283e-04 3.717472118959108283e-04
2.267573696145124831e-04 2.494331065759637558e-03 1.136054421768707551e-01 2.541950113378684817e-01 7.505668934240362911e-02 2.814058956916099530e-01 3.877551020408163268e-02 2.337868480725623366e-01 2.267573696145124831e-04 2.267573696145124831e-04
3.751453488372093470e-01 1.453488372093023236e-04 1.453488372093023236e-04 1.832848837209302140e-01 2.356104651162790609e-01 1.453488372093023236e-04 4.665697674418604890e-02 5.537790697674419005e-02 3.052325581395348795e-03 1.004360465116278939e-01
1.225490196078431356e-04 1.605392156862744946e-02 1.225490196078431356e-04 2.721813725490195846e-01 2.047794117647058765e-01 2.573529411764705847e-03 1.214460784313725478e-01 5.772058823529412075e-02 1.225490196078431356e-04 3.248774509803921684e-01
5.879699248120300731e-02 1.654135338345864717e-03 9.187969924812029732e-02 3.172932330827067660e-02 9.789473684210525661e-02 1.069172932330827025e-01 1.503759398496240800e-04 1.790977443609022557e-01 7.533834586466166272e-02 3.565413533834586590e-01
2.617801047120419116e-04 2.617801047120419116e-04 1.596858638743455308e-02 1.335078534031413494e-02 2.437172774869109937e-01 2.620418848167538894e-01 7.879581151832461272e-02 3.536649214659685625e-01 2.382198952879581097e-02 8.115183246073298662e-03
1.686340640809443525e-04 4.133220910623945921e-01 1.686340640809443525e-04 1.131534569983136534e-01 3.037099494097807439e-01 2.377740303541315409e-02 1.350758853288364092e-01 1.686340640809443525e-04 1.686340640809443525e-04 1.028667790893760502e-02
1.424501424501424681e-04 1.424501424501424681e-04 1.424501424501424681e-04 2.066951566951566732e-01 2.650997150997150831e-01 2.038461538461538436e-01 1.566951566951567095e-03 3.149572649572649485e-01 2.991452991452991667e-03 4.415954415954416457e-03
2.774916943521594792e-01 1.852990033222591260e-01 8.305647840531561927e-05 1.420265780730897189e-02 1.362956810631229254e-01 1.105481727574750828e-01 3.164451827242525245e-02 8.305647840531561927e-05 8.305647840531561927e-05 2.442691029900332378e-01
4.573829531812725196e-02 9.723889555822328584e-03 1.200480192076830785e-04 1.200480192076830785e-04 2.690276110444177471e-01 1.200480192076830785e-04 2.342136854741896645e-01 7.322929171668666852e-03 1.200480192076830785e-04 4.334933973589435996e-01
2.298136645962732885e-02 3.107660455486542239e-01 3.024844720496894235e-01 1.161490683229813720e-01 9.751552795031055709e-02 2.070393374741200815e-04 6.853002070393375555e-02 1.262939958592132483e-02 6.853002070393375555e-02 2.070393374741200815e-04
3.878205128205128305e-02 3.721153846153845701e-01 3.336538461538461342e-01 3.205128205128205125e-04 3.237179487179486781e-02 3.205128205128205125e-04 2.916666666666666713e-02 3.205128205128205125e-04 1.926282051282051377e-01 3.205128205128205125e-04
1.730103806228373918e-04 1.697231833910034515e-01 7.283737024221453860e-02 1.730103806228373918e-04 1.939446366782006936e-01 1.091695501730103879e-01 3.479238754325259531e-01 1.730103806228373918e-04 4.861591695501730342e-02 5.726643598615917263e-02
1.512859304084720265e-04 1.512859304084720265e-04 3.177004538577912502e-03 9.228441754916792694e-03 7.715582450832071670e-03 2.738275340393343804e-02 6.822995461422087793e-02 3.526475037821482639e-01 5.220877458396369075e-01 9.228441754916792694e-03
1.245330012453300060e-04 1.245330012453300060e-04 1.245330012453300060e-04 4.571606475716065154e-01 1.869240348692403353e-01 2.068493150684931337e-01 1.245330012453300060e-04 1.483188044831880437e-01 1.245330012453300060e-04 1.245330012453300060e-04
3.636363636363636686e-04 3.130909090909090864e-01 3.636363636363636686e-04 2.585454545454545228e-01 2.112727272727272787e-01 3.636363636363636686e-04 1.349090909090909229e-01 1.127272727272727280e-02 1.490909090909090830e-02 5.490909090909090740e-02
1.821493624772313295e-04 1.821493624772313295e-04 8.579234972677596271e-02 3.134790528233151186e-01 1.821493624772313295e-04 5.846994535519126068e-02 1.839708561020036298e-02 4.846994535519126290e-01 3.296903460837887628e-02 5.646630236794171649e-03
1.664167916041978806e-02 1.499250374812593871e-04 4.962518740629685149e-02 2.130434782608695565e-01 5.112443778110944970e-02 1.214392803598200905e-02 4.647676161919040566e-03 5.668665667166417066e-01 4.062968515742129000e-02 4.512743628185907074e-02
1.110169491525423713e-01 5.169491525423728501e-02 1.533898305084746005e-01 8.474576271186441516e-04 8.474576271186441516e-04 8.474576271186441516e-04 8.474576271186441516e-04 5.432203389830507767e-01 1.364406779661017088e-01 8.474576271186441516e-04
1.210784313725489919e-01 1.797385620915032583e-03 1.797385620915032583e-03 1.633986928104575050e-04 1.486928104575163147e-02 8.022875816993463305e-02 6.879084967320260591e-02 6.145424836601306451e-01 9.330065359477122955e-02 3.431372549019607362e-03
4.264845605700712805e-01 3.456057007125890729e-02 4.049881235154394188e-02 1.187648456057007124e-04 1.271971496437054594e-01 1.187648456057007124e-04 7.612826603325414943e-02 6.187648456057007196e-02 1.200712589073634068e-01 1.129453681710213681e-01
2.114164904862579424e-04 2.114164904862579424e-04 2.114164904862579424e-04 2.114164904862579424e-04 2.114164904862579424e-04 6.553911205073995917e-03 1.693446088794925974e-01 3.046511627906976494e-01 4.970401691331923777e-01 2.135306553911205107e-02
2.367906066536202767e-02 1.956947162426614264e-04 1.780821917808218802e-02 9.217221135029352030e-02 1.956947162426614264e-04 2.172211350293541676e-02 3.542074363992171737e-02 7.418786692759293810e-01 4.129158512720156049e-02 2.563600782778864204e-02
2.709270927092709280e-02 9.000900090009001872e-05 1.180018001800179905e-01 1.899189918991899331e-02 9.900990099009901110e-04 2.169216921692169314e-02 1.126012601260125978e-01 1.450045004500450097e-01 5.554455445544554948e-01 9.000900090009001872e-05
2.958579881656804773e-04 2.958579881656804773e-04 1.511834319526627335e-01 2.958579881656804773e-04 2.958579881656804773e-04 1.689349112426035415e-01 1.304733727810651056e-01 2.133136094674556171e-01 2.310650887573964252e-01 1.038461538461538519e-01
1.497005988023952078e-04 1.497005988023952078e-04 4.640718562874251822e-03 1.497005988023952078e-04 4.356287425149700521e-02 4.640718562874251822e-03 7.499999999999999722e-02 2.755988023952095634e-01 4.507485029940120347e-01 1.453592814371257314e-01
2.695449241540257002e-02 1.166861143523920715e-04 3.162193698949825049e-02 1.389731621936989570e-01 1.809801633605600812e-01 1.166861143523920715e-04 1.168028004667444469e-01 1.166861143523920715e-04 1.004667444574095653e-01 4.038506417736289489e-01
1.110749185667752464e-01 2.638436482084690476e-02 3.257328990228013175e-04 1.697068403908794931e-01 4.592833876221498468e-02 9.153094462540717346e-02 3.583061889250814709e-03 1.078175895765472320e-01 3.257328990228013175e-04 4.433224755700325703e-01
1.445086705202312230e-04 1.445086705202312230e-04 7.528901734104045951e-02 4.582369942196531931e-01 1.114161849710982588e-01 1.315028901734103910e-02 5.794797687861271557e-02 2.833815028901733868e-01 1.445086705202312230e-04 1.445086705202312230e-04
1.629629629629629744e-03 1.481481481481481462e-04 1.571851851851851778e-01 1.481481481481481462e-04 1.481481481481481462e-04 5.644444444444444986e-02 4.311111111111111394e-02 2.668148148148147825e-01 4.742222222222222672e-01 1.481481481481481462e-04
1.331557922769640407e-04 1.331557922769640407e-04 1.464713715046604475e-03 9.600532623169105717e-02 1.559254327563248665e-01 8.801597869507321592e-02 1.066577896138481835e-01 5.367509986684420031e-01 1.331557922769640407e-04 1.478029294274300735e-02
2.724770642201834736e-01 3.058103975535168546e-04 5.535168195718655204e-02 2.266055045871559481e-01 3.058103975535168546e-04 7.675840978593272135e-02 1.865443425076452472e-02 1.807339449541284504e-01 1.559633027522935693e-02 1.532110091743119351e-01
6.259541984732823472e-03 8.412213740458016065e-02 1.314503816793892998e-01 2.367938931297709770e-01 8.412213740458016065e-02 3.206106870229007578e-03 2.001526717557251811e-01 1.526717557251908435e-04 7.190839694656488146e-02 1.818320610687022831e-01
7.762478485370051529e-02 1.378657487091221878e-01 1.721170395869191163e-04 1.721170395869191163e-04 2.376936316695352769e-01 7.056798623063682656e-03 4.356282271944922346e-01 1.721170395869191163e-04 1.034423407917383908e-01 1.721170395869191163e-04
1.156069364161849811e-04 7.052023121387283183e-03 1.167630057803468145e-02 1.156069364161849811e-04 9.491329479768785549e-02 3.583815028901734048e-03 2.914450867052023053e-01 3.710982658959537800e-02 5.400000000000000355e-01 1.398843930635838145e-02
2.204892966360856021e-01 3.058103975535168546e-04 3.058103975535168546e-04 1.807339449541284504e-01 4.617737003058104001e-02 1.899082568807339555e-01 6.422018348623853568e-03 3.305810397553516911e-01 3.058103975535168546e-04 2.477064220183486029e-02
3.305954825462012470e-02 2.053388090349075944e-04 2.053388090349075944e-04 2.053388090349075944e-04 1.521560574948664923e-01 1.008213552361396231e-01 4.948665297741272617e-02 5.813141683778233482e-01 5.770020533880903385e-02 2.484599589322381702e-02
4.692118226600985181e-02 1.231527093596059290e-04 1.639162561576354704e-01 1.442118226600985209e-01 7.524630541871921152e-02 2.105911330049261426e-02 2.844827586206896686e-02 4.052955665024630671e-01 1.146551724137930967e-01 1.231527093596059290e-04
3.363481228668941947e-01 1.877133105802047909e-03 2.235494880546074967e-02 1.895904436860068043e-01 1.349829351535836164e-01 2.576791808873720238e-02 1.552901023890784944e-02 2.697952218430034188e-01 3.583617747440273182e-03 1.706484641638225273e-04
4.646341463414634110e-02 1.440243902439024282e-01 4.158536585365853883e-02 1.219512195121951354e-04 1.464634146341463328e-01 1.574390243902439035e-01 5.500000000000000028e-02 1.219512195121951354e-04 3.745121951219512746e-01 3.426829268292683195e-02
7.125567322239031998e-02 1.512859304084720265e-04 2.028744326777609519e-01 1.512859304084720265e-04 3.343419062027231520e-02 1.512859304084720265e-04 1.272314674735249562e-01 2.738275340393343804e-02 4.903177004538578077e-01 4.704992435703479747e-02
1.303317535545023709e-03 5.818720379146918864e-01 1.150473933649288905e-01 1.184834123222748716e-04 1.184834123222748716e-04 2.513033175355449678e-01 3.684834123222748697e-02 1.184834123222748716e-04 1.315165876777250886e-02 1.184834123222748716e-04
1.497902097902097940e-01 5.734265734265733827e-03 1.398601398601398600e-04 5.888111888111888237e-02 1.707692307692307565e-01 5.608391608391608690e-02 3.650349650349650477e-02 4.489510489510489810e-02 3.090909090909091037e-02 4.462937062937063493e-01
7.780748663101604012e-02 1.499999999999999944e-01 1.981283422459892973e-01 7.780748663101604012e-02 2.941176470588235687e-03 2.328877005347593510e-01 8.315508021390374815e-02 2.673796791443850329e-04 2.941176470588235687e-03 1.740641711229946320e-01
2.697368421052631290e-02 1.717105263157894801e-01 2.177631578947368529e-01 6.644736842105262997e-02 6.578947368421052483e-04 3.559210526315789713e-01 6.578947368421052483e-04 6.578947368421052483e-04 6.578947368421052483e-04 1.585526315789473895e-01
2.461693548387096642e-01 2.016129032258064514e-04 8.266129032258063072e-03 2.016129032258064514e-04 3.044354838709677213e-02 1.877016129032257896e-01 3.447580645161290452e-02 4.659274193548387233e-01 2.641129032258064321e-02 2.016129032258064514e-04
7.439024390243901240e-03 1.219512195121951083e-04 1.219512195121951083e-04 1.062195121951219345e-01 1.219512195121951083e-04 4.768292682926828646e-02 4.402439024390243649e-02 6.464634146341462495e-01 8.670731707317071157e-02 6.109756097560974791e-02
2.563025210084033875e-02 3.827731092436975069e-01 3.323529411764706287e-01 4.243697478991596828e-02 4.201680672268908357e-04 4.201680672268908357e-04 2.563025210084033875e-02 4.201680672268908357e-04 1.894957983193277518e-01 4.201680672268908357e-04
3.230673316708229659e-01 1.009975062344139682e-02 5.249376558603491283e-02 6.745635910224438703e-02 2.270573566084787831e-01 1.371571072319202091e-03 8.865336658354114330e-02 1.946384039900249385e-01 1.246882793017456545e-04 3.503740648379052858e-02
2.444444444444444225e-02 1.434343434343434212e-02 8.282828282828282387e-03 2.040404040404040359e-02 2.020202020202020200e-04 1.434343434343434212e-02 4.868686868686868813e-02 5.092929292929292417e-01 3.375757575757575846e-01 2.242424242424242292e-02
7.245508982035928081e-02 5.988023952095808313e-04 1.383233532934131926e-01 5.988023952095808313e-04 5.988023952095808313e-04 8.443113772455089483e-02 6.586826347305389795e-03 5.335329341317365248e-01 1.562874251497006206e-01 6.586826347305389795e-03
1.582278481012658257e-04 1.582278481012658257e-04 1.582278481012658257e-04 1.740506329113924219e-03 1.740506329113924219e-03 1.582278481012658257e-04 1.204113924050632806e-01 2.992088607594936556e-01 5.555379746835443777e-01 2.072784810126582222e-02
1.047297297297297355e-02 3.378378378378378566e-04 1.658783783783783772e-01 3.378378378378378566e-04 8.141891891891891997e-02 1.016891891891891914e-01 3.077702702702702631e-01 2.398648648648648435e-02 2.402027027027026918e-01 6.790540540540540571e-02
4.550561797752808446e-02 5.617977528089888135e-04 1.803370786516854118e-01 2.758426966292135130e-01 5.617977528089888135e-04 5.617977528089888135e-04 5.617977528089888135e-04 3.039325842696629087e-01 1.915730337078651868e-01 5.617977528089888135e-04
3.300330033003300370e-04 3.300330033003300370e-04 3.300330033003300370e-04 2.673267326732673213e-02 3.333333333333333287e-02 5.643564356435643720e-02 3.300330033003300370e-04 7.297029702970296849e-01 3.300330033003300370e-04 1.521452145214521601e-01
9.168975069252074950e-02 2.770083102493073931e-04 2.770083102493073931e-04 2.770083102493073931e-04 5.290858725761771880e-02 1.138504155124653444e-01 2.243767313019389906e-02 7.177285318559555316e-01 2.770083102493073931e-04 2.770083102493073931e-04
1.736111111111111177e-04 8.854166666666666435e-03 2.100694444444444267e-02 1.182291666666666630e-01 2.553819444444444531e-01 1.909722222222222376e-03 1.217013888888888729e-01 4.411458333333333481e-01 1.736111111111111177e-04 3.142361111111111049e-02
1.944827586206896580e-02 1.379310344827586264e-04 1.379310344827586264e-04 1.255172413793103313e-02 4.565517241379310476e-02 4.979310344827586610e-02 4.841379310344827436e-02 1.946206896551724019e-01 5.628965517241379946e-01 6.634482758620689757e-02
1.987412587412587250e-01 4.489510489510489810e-02 4.489510489510489810e-02 1.441958041958041892e-01 2.924475524475524391e-01 1.538461538461538677e-03 1.246153846153846140e-01 2.251748251748252050e-02 1.412587412587412543e-02 1.120279720279720170e-01
3.533568904593639964e-04 3.533568904593639964e-04 1.802120141342756013e-02 1.840989399293286310e-01 5.197879858657243890e-01 2.155477031802120053e-02 1.982332155477031788e-01 5.689045936395760450e-02 3.533568904593639964e-04 3.533568904593639964e-04
1.193317422434367570e-04 1.193317422434367570e-04 1.206443914081145458e-01 7.410501193317423074e-02 1.193317422434367570e-04 4.665871121718376952e-02 7.887828162291168899e-02 4.798329355608592084e-01 1.994033412887828149e-01 1.193317422434367570e-04
3.931484502446982304e-02 1.631321370309951081e-04 7.683523654159869765e-02 1.257748776508972044e-01 5.399673735725938478e-02 1.810766721044045763e-02 1.631321370309951081e-04 6.184339314845024305e-01 6.704730831973898519e-02 1.631321370309951081e-04
1.457928802588996653e-01 5.016181229773463042e-03 1.618122977346278339e-04 1.943365695792880210e-01 4.223300970873786891e-02 1.796116504854368759e-02 1.618122977346278339e-04 4.338187702265372536e-01 3.737864077669902918e-02 1.231391585760517743e-01
1.094786729857819968e-01 4.739336492890995406e-04 1.284360189573459654e-01 5.260663507109004239e-02 4.739336492890995406e-04 5.260663507109004239e-02 6.208530805687203363e-02 2.469194312796208490e-01 4.739336492890995406e-04 3.464454976303317224e-01
7.134502923976607930e-03 1.169590643274853850e-04 7.134502923976607930e-03 8.304093567251461319e-03 1.169590643274853850e-04 1.286549707602339249e-03 1.007017543859649034e-01 1.182456140350877094e-01 7.568421052631578716e-01 1.169590643274853850e-04
1.324503311258278145e-04 1.324503311258278145e-04 2.160264900662251519e-01 3.762913907284768378e-01 9.814569536423840834e-02 2.781456953642384104e-03 7.298013245033112273e-02 1.683443708609271561e-01 3.986754966887417345e-02 2.529801324503311299e-02
1.966037735849056611e-01 4.150943396226415213e-03 3.773584905660377713e-04 3.773584905660377713e-04 1.815094339622641550e-01 2.267924528301886733e-01 3.773584905660377713e-04 2.116981132075471672e-01 4.150943396226415213e-03 1.739622641509434020e-01
2.254901960784313694e-02 1.540616246498599387e-03 1.400560224089635757e-04 1.626050420168067001e-01 1.570028011204481488e-01 3.655462184873949083e-02 6.876750700280111206e-02 4.847338935574229124e-01 1.400560224089635757e-04 6.596638655462183642e-02
6.327160493827158928e-03 1.543209876543209574e-04 1.543209876543209574e-04 1.066358024691357737e-01 2.793209876543209513e-02 1.697530864197530640e-03 5.879629629629629095e-02 7.748456790123455784e-01 2.330246913580246576e-02 1.543209876543209574e-04
1.019525801952580052e-01 1.394700139470013954e-04 1.394700139470013954e-04 1.744769874476987392e-01 7.684797768479777191e-02 1.394700139470013954e-04 1.394700139470013954e-04 3.599721059972106341e-01 8.382147838214784596e-02 2.023709902370990077e-01
1.454918032786885022e-02 2.684426229508196302e-02 2.049180327868852457e-04 8.401639344262292960e-03 5.616803278688524692e-01 4.938524590163934080e-02 2.215163934426229164e-01 2.049180327868852457e-04 2.254098360655737432e-03 1.149590163934426090e-01
3.086419753086419690e-04 3.086419753086419690e-04 3.086419753086419690e-04 2.070987654320987359e-01 6.481481481481482163e-03 9.567901234567901744e-03 3.086419753086419690e-04 6.608024691358024283e-01 1.145061728395061762e-01 3.086419753086419690e-04
2.296391752577319478e-01 2.577319587628866039e-04 5.180412371134020949e-02 1.909793814432989567e-01 1.574742268041237070e-01 2.577319587628866039e-04 2.577319587628866039e-04 3.118556701030927858e-02 1.056701030927834940e-02 3.275773195876288679e-01
3.162356321839080442e-01 1.035919540229885000e-01 3.017241379310344786e-03 8.491379310344827902e-02 2.357758620689655027e-01 1.436781609195402279e-04 2.887931034482758841e-02 5.890804597701149344e-03 1.436781609195402279e-04 2.214080459770114973e-01
1.562500000000000033e-04 1.562500000000000033e-04 9.390624999999999667e-02 1.562500000000000033e-04 1.407812499999999967e-01 1.562500000000000033e-04 1.001562499999999883e-01 2.515625000000000153e-02 1.923437499999999800e-01 4.470312500000000466e-01
2.334174022698612683e-01 7.578814627994956421e-02 1.261034047919293820e-04 1.387137452711223419e-03 4.061790668348045918e-01 4.930643127364438966e-02 1.413619167717528324e-01 1.261034047919293820e-04 1.261034047919293820e-04 9.218158890290037433e-02
2.481389578163771710e-04 2.481389578163771710e-04 2.729528535980149315e-03 1.513647642679900700e-02 6.724565756823822071e-02 2.481389578163771710e-04 4.344913151364764303e-01 2.930521091811414403e-01 1.863523573200992489e-01 2.481389578163771710e-04
2.352132049518569287e-02 3.729023383768912958e-01 1.885832187070150823e-01 1.005502063273727431e-01 1.375515818431911929e-04 5.378266850068775390e-02 7.028885832187069249e-02 1.375515818431911929e-04 1.858321870701512835e-01 4.264099037138926844e-03
2.738537794299875788e-02 7.695167286245352400e-02 2.862453531598512652e-02 1.587360594795538815e-01 4.164807930607186681e-01 1.389095415117719556e-01 8.686493184634447307e-02 1.363073110285006190e-03 1.239157372986369066e-04 6.456009913258983768e-02
7.222222222222222932e-02 1.182033096926714028e-04 1.182033096926714028e-04 3.251773049645390601e-01 2.140661938534278996e-01 1.182033096926714028e-04 6.276595744680851796e-02 2.022458628841607431e-01 2.375886524822695342e-02 9.940898345153663385e-02
1.997792494481236136e-02 1.103752759381898318e-04 1.103752759381898318e-04 1.413907284768211592e-01 8.620309050772624604e-02 8.289183222958056152e-02 7.295805739514346633e-02 5.828918322295805199e-01 1.225165562913907089e-02 1.214128035320088299e-03
9.902370990237097798e-03 1.394700139470013683e-04 1.534170153417015268e-03 2.330543933054392836e-01 5.871687587168757799e-02 1.730822873082286939e-01 6.987447698744768398e-02 4.408647140864713765e-01 1.394700139470013683e-04 1.269177126917712430e-02
7.755905511811023167e-02 9.317585301837268477e-03 1.312335958005249326e-04 1.312335958005249326e-04 4.450131233595800428e-01 1.602362204724409045e-01 2.311023622047243542e-01 2.900262467191600663e-02 1.312335958005249326e-04 4.737532808398949719e-02
1.312335958005249326e-04 6.692913385826769826e-03 1.312335958005249326e-04 2.232283464566928721e-01 8.018372703412073033e-02 1.379265091863516868e-01 2.112860892388451414e-02 4.948818897637795033e-01 3.556430446194225325e-02 1.312335958005249326e-04
3.830049261083744161e-02 1.231527093596059290e-04 1.231527093596059290e-04 3.794334975369458296e-01 1.663793103448275856e-01 1.158866995073891543e-01 1.490147783251231407e-02 2.267241379310344640e-01 1.231527093596059290e-04 5.800492610837438417e-02
3.220338983050848036e-02 2.090395480225988589e-02 3.954802259887005463e-03 1.883239171374764570e-04 2.318267419962335152e-01 1.883239171374764570e-04 4.088512241054613749e-01 3.032015065913371346e-02 2.299435028248587587e-01 4.161958568738229752e-02
9.975093399750933898e-02 5.105853051058530274e-03 1.245330012453300060e-04 3.997509339975093695e-02 3.127023661270236787e-01 1.506849315068493032e-02 1.919053549190535557e-01 2.541718555417185610e-01 3.997509339975093695e-02 4.122042341220423511e-02
2.438520130576713740e-01 2.460282916213275273e-01 1.088139281828074046e-04 5.560391730141458350e-02 1.317736670293797596e-01 1.611534276387377451e-01 5.549510337323176890e-03 1.969532100108814174e-02 1.088139281828074046e-04 1.361262241566920383e-01
1.031662269129287601e-01 2.638522427440633152e-04 2.638522427440633152e-04 1.110817941952506605e-01 5.303430079155672938e-02 5.303430079155672938e-02 2.928759894459102842e-02 6.467018469656992119e-01 2.902374670184696900e-03 2.638522427440633152e-04
6.666666666666668612e-04 6.666666666666668612e-04 1.206666666666666998e-01 6.666666666666668612e-04 1.540000000000000258e-01 1.673333333333333617e-01 6.666666666666668612e-04 5.273333333333334316e-01 2.733333333333333448e-02 6.666666666666668612e-04
2.440789473684210620e-01 7.236842105263158707e-03 6.578947368421052483e-04 4.217105263157894246e-01 2.243421052631578982e-01 6.578947368421052483e-04 6.578947368421052483e-04 4.013157894736842091e-02 6.578947368421052483e-04 5.986842105263157771e-02
3.517241379310345056e-02 6.896551724137932673e-04 7.586206896551725941e-03 1.524137931034483251e-01 6.896551724137932673e-04 2.075862068965517726e-01 4.206896551724138844e-02 5.317241379310345684e-01 6.896551724137932673e-04 2.137931034482759216e-02
2.835051546391752914e-03 2.577319587628866039e-04 2.577319587628866039e-04 2.577319587628866039e-04 2.577319587628866039e-04 2.577319587628866039e-04 9.304123711340206437e-02 3.224226804123710988e-01 5.698453608247422419e-01 1.056701030927834940e-02
1.331557922769640407e-04 1.331557922769640407e-04 2.809587217043941348e-02 2.676431424766977096e-02 2.543275632490013191e-02 5.459387483355524449e-03 6.671105193075897721e-02 5.913448735019972702e-01 2.557922769640478822e-01 1.331557922769640407e-04
1.587301587301587300e-04 6.841269841269841112e-02 5.571428571428571619e-02 2.555555555555555705e-02 2.271428571428571463e-01 3.349206349206349659e-02 3.969841269841269948e-01 4.936507936507936872e-02 1.033333333333333187e-01 3.984126984126984405e-02
9.416445623342173735e-03 1.326259946949601999e-04 3.859416445623341935e-02 9.960212201591508996e-02 5.583554376657823975e-02 1.326259946949601999e-04 9.960212201591508996e-02 5.080901856763925251e-01 1.354111405835543569e-01 5.318302387267903608e-02
5.548037889039241985e-03 1.353179972936400643e-04 1.679296346414073104e-01 2.085250338294993289e-01 1.083897158322056770e-01 1.353179972936400643e-04 1.368064952638700926e-01 2.937753721244925620e-01 7.861975642760486715e-02 1.353179972936400643e-04
1.522070015220700285e-04 1.522070015220700285e-04 1.522070015220700285e-04 1.522070015220700285e-04 1.522070015220700285e-04 1.522070015220700285e-04 5.951293759512937820e-02 3.152207001522069896e-01 6.242009132420092143e-01 1.522070015220700285e-04
4.898785425101215285e-02 5.024291497975709175e-01 1.056680161943319984e-01 2.311740890688259442e-01 3.684210526315789824e-02 4.048582995951417914e-04 6.518218623481782104e-02 4.048582995951417914e-04 8.502024291497977185e-03 4.048582995951417914e-04
1.081081081081081071e-04 1.081081081081081071e-04 5.632432432432431940e-02 7.362162162162159962e-02 1.956756756756756685e-02 6.821621621621620779e-02 4.551351351351350799e-02 6.779459459459459270e-01 3.794594594594594139e-02 2.064864864864864730e-02
1.412066752246469775e-03 6.329910141206674945e-01 1.041078305519897024e-01 1.283697047496790557e-04 1.039794608472400378e-02 1.670089858793324389e-01 6.688061617458279651e-02 1.283697047496790557e-04 1.553273427471116470e-02 1.412066752246469775e-03
8.099999999999999561e-03 2.709999999999999909e-02 1.100000000000000066e-03 5.309999999999999443e-02 5.309999999999999443e-02 7.099999999999998673e-03 3.281000000000000028e-01 1.910999999999999643e-01 3.261000000000000010e-01 5.099999999999998632e-03
2.427184466019417645e-04 2.427184466019417645e-04 1.847087378640776545e-01 1.749999999999999889e-01 7.524271844660194129e-03 2.890776699029126151e-01 1.237864077669902779e-02 2.939320388349514479e-01 3.665048543689320565e-02 2.427184466019417645e-04
1.320754716981131956e-02 1.451378809869376064e-04 1.451378809869376064e-04 1.451378809869376064e-04 1.451378809869376064e-04 2.772133526850508248e-02 5.950653120464440698e-03 6.010159651669085834e-01 3.513788098693759188e-01 1.451378809869376064e-04
1.240694789081885855e-04 2.605459057071960079e-03 1.043424317617865776e-01 2.741935483870967458e-02 5.086848635235730921e-03 7.084367245657567647e-02 9.069478908188582933e-02 5.633995037220843605e-01 1.353598014888337253e-01 1.240694789081885855e-04
6.957494407158837380e-02 2.237136465324384847e-04 2.706935123042505595e-02 2.237136465324384847e-04 4.722595078299776095e-01 2.237136465324384847e-04 3.559284116331096204e-01 2.460850111856823386e-03 2.237136465324384847e-04 7.181208053691275073e-02
