4.445983379501385058e-02 8.047091412742382599e-02 1.385041551246537508e-04 2.922437673130194244e-02 1.385041551246537508e-04 5.969529085872576218e-02 1.385041551246537508e-04 1.385041551246537508e-04 1.385041551246537508e-04 2.674515235457063378e-01 1.385041551246537508e-04 1.385041551246537508e-04 2.908587257617728603e-03 1.385041551246537508e-04 8.739612188365651624e-02 3.199445983379501507e-02 3.199445983379501507e-02 1.385041551246537508e-04 1.635734072022160535e-01 2.506925207756232829e-02 1.385041551246537508e-04 2.506925207756232829e-02 1.260387811634348931e-02 1.385041551246537508e-04 7.493074792243767379e-02 4.293628808864266219e-03 1.385041551246537508e-04 2.091412742382271414e-02 3.614958448753462922e-02 1.385041551246537508e-04
2.932551319648093297e-04 2.932551319648093297e-04 2.932551319648093297e-04 2.932551319648093297e-04 3.225806451612902356e-03 2.375366568914955012e-02 3.548387096774192201e-02 2.932551319648093297e-04 2.961876832844573607e-02 2.932551319648093297e-04 2.932551319648093297e-04 2.932551319648093297e-04 2.932551319648093297e-04 2.932551319648093297e-04 2.932551319648093297e-04 6.158357771260994894e-03 4.428152492668620266e-02 3.225806451612902356e-03 1.202346041055717997e-02 2.082111436950145889e-02 9.706744868035187268e-02 2.932551319648093297e-04 2.932551319648093297e-04 2.932551319648093297e-04 2.932551319648093297e-04 6.923753665689147407e-01 1.495601173020527294e-02 2.932551319648093297e-04 2.932551319648093297e-04 1.202346041055717997e-02
1.025265957446808152e-01 1.329787234042552942e-04 1.329787234042552942e-04 5.199468085106381809e-02 3.736702127659573269e-02 2.938829787234041938e-02 6.928191489361699984e-02 1.077127659574467732e-02 4.933510638297870787e-02 3.684840425531913932e-01 2.672872340425531262e-02 1.329787234042552942e-04 1.570478723404254706e-01 3.470744680851062941e-02 1.329787234042552942e-04 1.329787234042552942e-04 1.329787234042552942e-04 2.792553191489360962e-03 1.329787234042552942e-04 2.805851063829786426e-02 2.792553191489360962e-03 1.329787234042552942e-04 9.441489361702123939e-03 1.329787234042552942e-04 4.122340425531913904e-03 1.329787234042552942e-04 1.329787234042552942e-04 1.343085106382978233e-02 1.329787234042552942e-04 1.329787234042552942e-04
1.891566265060241336e-01 4.016064257028113707e-04 4.016064257028113707e-04 2.775100401606426237e-01 4.016064257028113707e-04 4.417670682730925023e-03 3.253012048192771566e-02 4.016064257028113707e-04 4.016064257028113707e-04 4.016064257028113707e-04 1.048192771084337643e-01 4.016064257028113707e-04 4.016064257028113707e-04 4.417670682730925023e-03 3.654618473895582947e-02 4.056224899598394329e-02 8.433734939759037971e-03 4.016064257028113707e-04 1.646586345381526387e-02 4.016064257028113707e-04 4.016064257028113707e-04 8.433734939759037971e-03 2.493975903614458478e-01 4.016064257028113707e-04 4.016064257028113707e-04 4.016064257028113707e-04 4.016064257028113707e-04 4.417670682730925023e-03 1.646586345381526387e-02 4.016064257028113707e-04
4.923857868020303785e-02 5.093062605752960575e-02 1.692047377326564867e-04 1.692047377326564867e-04 1.370558375634517434e-02 5.600676818950929559e-02 1.539763113367173877e-02 1.692047377326564867e-04 1.692047377326564867e-04 1.692047377326564867e-04 1.692047377326564867e-04 1.692047377326564867e-04 1.692047377326564867e-04 8.629441624365479305e-03 1.203045685279187510e-01 7.123519458544838590e-02 1.861252115059221354e-03 2.893401015228426118e-02 2.302876480541454496e-01 5.600676818950929559e-02 1.692047377326564867e-04 1.878172588832486764e-02 1.692047377326564867e-04 1.692047377326564867e-04 1.253807106598984478e-01 1.692047377326564867e-04 1.692047377326564867e-04 1.692047377326564867e-04 3.062605752961082561e-02 1.203045685279187510e-01
3.907449209932278844e-01 2.257336343115123748e-04 2.257336343115123748e-04 3.749435665914220284e-01 2.257336343115123748e-04 2.257336343115123748e-04 5.214446952595935825e-02 2.257336343115123748e-04 2.483069977426636231e-03 2.483069977426636231e-03 4.740406320541759762e-03 2.257336343115123748e-04 1.376975169300225302e-02 2.257336343115123748e-04 3.634311512415349527e-02 2.483069977426636231e-03 2.257336343115123748e-04 2.257336343115123748e-04 2.257336343115123748e-04 2.257336343115123748e-04 2.257336343115123748e-04 9.255079006772005956e-03 2.483069977426636231e-03 2.731376975169299420e-02 4.740406320541759762e-03 2.257336343115123748e-04 2.957110609480811947e-02 2.257336343115123748e-04 2.957110609480811947e-02 1.376975169300225302e-02
9.396984924623114077e-02 1.675041876046900980e-04 1.675041876046900980e-04 3.954773869346732695e-01 2.864321608040200709e-02 1.675041876046900980e-04 3.366834170854270808e-02 1.675041876046900980e-04 1.675041876046900980e-04 1.425460636515912538e-01 1.675041876046900980e-04 1.675041876046900980e-04 1.675041876046900980e-04 1.675041876046900980e-04 1.675041876046900980e-04 1.675041876046900980e-04 1.675041876046900980e-04 5.192629815745392931e-03 1.675041876046900980e-04 1.842546063651591187e-03 1.675041876046900980e-04 3.869346733668341254e-02 8.894472361809044325e-02 1.675041876046900980e-04 4.036850921273031634e-02 1.842546063651591187e-03 1.675041876046900980e-04 1.859296482412059817e-02 1.675041876046900980e-04 1.073701842546063295e-01
1.014492753623188505e-02 4.830917874396136228e-04 4.830917874396136228e-04 3.913043478260869873e-02 4.830917874396136228e-04 5.314009661835750013e-03 6.328502415458937824e-02 4.830917874396136228e-04 4.830917874396136228e-04 1.019323671497584793e-01 4.830917874396136228e-04 4.830917874396136228e-04 1.497584541062802095e-02 4.830917874396136228e-04 1.502415458937198245e-01 5.314009661835750013e-03 5.314009661835750013e-03 4.396135265700483463e-02 4.830917874396136228e-04 4.830917874396136228e-04 4.830917874396136228e-04 5.845410628019324234e-02 8.743961352657006469e-02 4.830917874396136228e-04 1.454106280193236955e-01 4.830917874396136228e-04 4.830917874396136228e-04 4.830917874396136228e-04 2.468599033816425425e-01 1.497584541062802095e-02
1.666666666666666069e-04 1.666666666666666069e-04 1.666666666666666069e-04 3.516666666666665858e-02 2.016666666666665914e-02 1.666666666666666069e-04 9.849999999999996259e-02 4.349999999999998312e-02 4.183333333333331960e-02 1.666666666666666069e-04 1.666666666666666069e-04 1.849999999999999215e-02 2.516666666666665664e-02 3.499999999999998772e-03 2.683333333333332710e-02 5.349999999999998507e-02 1.851666666666665906e-01 4.849999999999998063e-02 9.183333333333329462e-02 1.666666666666666069e-04 2.016666666666665914e-02 1.666666666666666069e-04 7.349999999999996814e-02 3.683333333333332210e-02 7.349999999999996814e-02 1.666666666666666069e-04 3.499999999999998772e-03 1.666666666666666069e-04 9.849999999999996259e-02 1.666666666666666069e-04
1.571428571428571275e-03 1.014285714285714096e-02 1.428571428571428408e-04 4.014285714285713985e-02 2.585714285714285632e-02 1.014285714285714096e-02 1.428571428571428408e-04 1.428571428571428408e-04 3.072857142857142176e-01 2.315714285714285392e-01 1.157142857142856932e-02 1.428571428571428408e-04 2.987142857142856545e-01 1.442857142857142602e-02 1.428571428571428408e-04 1.428571428571428408e-04 1.428571428571428408e-04 2.014285714285713944e-02 7.285714285714284255e-03 1.571428571428571275e-03 1.442857142857142602e-02 1.428571428571428408e-04 1.428571428571428408e-04 2.999999999999999629e-03 1.428571428571428408e-04 1.428571428571428408e-04 1.428571428571428408e-04 1.428571428571428408e-04 1.428571428571428408e-04 1.428571428571428408e-04
1.672185430463575539e-02 1.837748344370860112e-02 1.655629139072847139e-04 2.499999999999999098e-02 1.655629139072847139e-04 6.473509933774831970e-02 1.821192052980131907e-03 1.655629139072847139e-04 3.658940397350992496e-02 4.736754966887415930e-01 1.655629139072847139e-04 1.655629139072847139e-04 2.832781456953641364e-01 1.506622516556290793e-02 1.655629139072847139e-04 1.655629139072847139e-04 1.655629139072847139e-04 1.655629139072847139e-04 1.655629139072847139e-04 3.476821192052979154e-03 3.476821192052979154e-03 4.817880794701984853e-02 6.788079470198672347e-03 1.655629139072847139e-04 1.655629139072847139e-04 1.655629139072847139e-04 1.655629139072847139e-04 1.655629139072847139e-04 1.655629139072847139e-04 1.655629139072847139e-04
1.669449081803004462e-04 1.136894824707845864e-01 6.861435726210347863e-02 1.669449081803004462e-04 5.859766277128545392e-02 1.669449081803004462e-04 1.370617696160266463e-01 8.363939899833051916e-02 3.021702838063438160e-02 1.669449081803004462e-04 1.686143572621034287e-02 1.352253756260433405e-02 6.844741235392317290e-03 1.669449081803004462e-04 1.185308848080133051e-02 3.505843071786309342e-03 3.123539232053421100e-01 1.836393989983304935e-03 4.190317195325541505e-02 1.669449081803004462e-04 1.669449081803004462e-04 5.175292153589313750e-03 1.669449081803004462e-04 1.519198664440733933e-02 5.358931552587644503e-02 1.669449081803004462e-04 1.686143572621034287e-02 6.844741235392317290e-03 1.669449081803004462e-04 1.669449081803004462e-04
3.717472118959106657e-04 2.159851301115240652e-01 2.267657992565054806e-02 3.717472118959106657e-04 3.717472118959106657e-04 1.379182156133828552e-01 3.382899628252786228e-02 3.717472118959106657e-04 4.089219330855016835e-03 4.126394052044608102e-02 1.081784386617099941e-01 3.717472118959106657e-04 3.717472118959106657e-04 4.089219330855016835e-03 1.152416356877323037e-02 3.717472118959106657e-04 3.717472118959106657e-04 1.152416356877323037e-02 4.089219330855016835e-03 3.717472118959106657e-04 1.936802973977694298e-01 1.152416356877323037e-02 1.152416356877323037e-02 1.118959107806691000e-01 2.639405204460965396e-02 3.717472118959106657e-04 1.152416356877323037e-02 1.524163568773233453e-02 4.089219330855016835e-03 1.524163568773233453e-02
3.983050847457626081e-02 2.824858757062145907e-04 2.824858757062145907e-04 2.824858757062145907e-04 3.135593220338982190e-02 8.220338983050845538e-02 8.757062146892652041e-03 8.757062146892652041e-03 2.824858757062145907e-04 4.833333333333331705e-01 2.824858757062145907e-04 2.824858757062145907e-04 3.110169491525422436e-01 2.824858757062145907e-04 2.824858757062145907e-04 2.824858757062145907e-04 2.824858757062145907e-04 2.824858757062145907e-04 2.824858757062145907e-04 2.824858757062145907e-04 2.824858757062145907e-04 2.824858757062145907e-04 2.824858757062145907e-04 3.107344632768360877e-03 2.824858757062145907e-04 2.824858757062145907e-04 1.440677966101694407e-02 2.824858757062145907e-04 2.824858757062145907e-04 1.158192090395479719e-02
7.201540436456994876e-02 1.772785622593067711e-01 1.283697047496790557e-04 9.114249037227212247e-03 2.836970474967907482e-02 5.661103979460846425e-02 2.323491655969191216e-02 4.120667522464697974e-02 9.114249037227212247e-03 2.695763799743260223e-03 1.039794608472400378e-02 5.263157894736841119e-03 1.283697047496790557e-04 1.283697047496790557e-04 2.323491655969191216e-02 2.323491655969191216e-02 2.451861360718870023e-02 1.283697047496790557e-04 2.195121951219512063e-02 1.283697047496790557e-04 1.283697047496790557e-04 9.114249037227212247e-03 1.283697047496790557e-04 1.283697047496790557e-04 1.310654685494223037e-01 9.114249037227212247e-03 1.412066752246469775e-03 1.283697047496790557e-04 7.458279845956353182e-02 2.453145057766366599e-01
6.539408866995072289e-02 1.171182266009851841e-01 6.280788177339899532e-03 3.953201970443348534e-02 2.598522167487684123e-02 1.060344827586206518e-01 1.231527093596058748e-04 1.231527093596058748e-04 1.231527093596058748e-04 3.375615763546797599e-01 2.229064039408866493e-02 2.586206896551723668e-03 1.072660098522167094e-01 4.692118226600983794e-02 1.231527093596058748e-04 1.231527093596058748e-04 1.231527093596058748e-04 1.354679802955664758e-03 1.231527093596058748e-04 1.231527093596058748e-04 2.586206896551723668e-03 7.512315270935958009e-03 2.352216748768472254e-02 4.815270935960590248e-02 8.743842364532017353e-03 2.967980295566501753e-02 1.231527093596058748e-04 1.231527093596058748e-04 1.231527093596058748e-04 1.231527093596058748e-04
5.143929912390487330e-02 2.891113892365456545e-02 1.376720901126407982e-03 1.251564455569461752e-04 1.764705882352940805e-02 6.020025031289110568e-02 6.145181476846056645e-02 3.391739674593241549e-02 1.251564455569461752e-04 1.251564455569461752e-04 1.251564455569461752e-04 4.893617021276595175e-02 1.251564455569461752e-04 1.251564455569461752e-04 8.272841051314140659e-02 1.190237797246557899e-01 1.251564455569461752e-04 1.251564455569461752e-04 1.889862327909886883e-02 1.251564455569461752e-04 1.251564455569461752e-04 1.764705882352940805e-02 9.899874843554440362e-02 3.879849812265331269e-03 7.897371714643303120e-02 1.251564455569461752e-04 1.251564455569461752e-04 1.376720901126407982e-03 1.302878598247809439e-01 1.428035043804755655e-01
9.813953488372095801e-02 7.023255813953489801e-02 4.651162790697675764e-04 1.260465116279070041e-01 2.372093023255814406e-02 1.772093023255814359e-01 4.651162790697675764e-04 4.651162790697675764e-04 4.651162790697675764e-04 2.795348837209303272e-01 4.697674418604651930e-02 4.651162790697675764e-04 4.651162790697675764e-04 1.306976744186046924e-01 4.651162790697675764e-04 4.651162790697675764e-04 4.651162790697675764e-04 4.651162790697675764e-04 4.651162790697675764e-04 4.651162790697675764e-04 4.651162790697675764e-04 2.837209302325581842e-02 4.651162790697675764e-04 9.767441860465119266e-03 4.651162790697675764e-04 4.651162790697675764e-04 4.651162790697675764e-04 4.651162790697675764e-04 4.651162790697675764e-04 4.651162790697675764e-04
3.913043478260868485e-02 1.499250374812593329e-04 1.499250374812593329e-04 2.070464767616191082e-01 2.413793103448275135e-02 1.499250374812593329e-04 1.499250374812593329e-04 1.499250374812593329e-04 1.649175412293852607e-03 1.005997001499249893e-01 3.148425787106445828e-03 1.499250374812593329e-04 9.010494752623685044e-02 1.214392803598200385e-02 2.413793103448275135e-02 1.499250374812593329e-04 1.499250374812593329e-04 1.499250374812593329e-04 1.649175412293852607e-03 3.148425787106445828e-03 5.412293853073461836e-02 1.455772113943027968e-01 1.125937031484257334e-01 1.499250374812593329e-04 6.911544227886054492e-02 1.499250374812593329e-04 7.646176911544224838e-03 1.499250374812593329e-04 5.412293853073461836e-02 4.812593703148424634e-02
1.479289940828402115e-04 1.479289940828402115e-04 1.479289940828402115e-04 1.479289940828402115e-04 1.347633136094674167e-01 3.121301775147928767e-02 1.198224852071005583e-02 6.967455621301774094e-02 1.968934911242603003e-01 1.627218934911242544e-03 1.479289940828402115e-04 1.479289940828402115e-04 1.198224852071005583e-02 1.479289940828402115e-04 1.702662721893490883e-01 1.479289940828402115e-04 2.381656804733727623e-02 2.161242603550295460e-01 1.479289940828402115e-04 1.479289940828402115e-04 1.479289940828402115e-04 1.479289940828402115e-04 2.973372781065088469e-02 4.156804733727810508e-02 1.346153846153845882e-02 1.479289940828402115e-04 1.479289940828402115e-04 2.677514792899407872e-02 1.479289940828402115e-04 1.789940828402366430e-02
1.342987804878048586e-01 1.234756097560975492e-02 1.524390243902439023e-04 1.160060975609756018e-01 7.774390243902438123e-03 1.082317073170731628e-02 1.524390243902439023e-04 1.524390243902439023e-04 2.454268292682926927e-02 2.882621951219512257e-01 1.524390243902439023e-04 1.524390243902439023e-04 1.327743902439024182e-01 4.435975609756098031e-02 1.692073170731707432e-02 1.524390243902439023e-04 1.524390243902439023e-04 1.524390243902439023e-04 1.524390243902439023e-04 1.844512195121951123e-02 8.551829268292683583e-02 1.524390243902439023e-04 2.606707317073170965e-02 1.524390243902439023e-04 9.298780487804877634e-03 1.524390243902439023e-04 1.524390243902439023e-04 1.524390243902439023e-04 1.676829268292683115e-03 6.875000000000000555e-02
5.041916167664669407e-02 1.197604790419161392e-04 1.197604790419161392e-04 1.808383233532933482e-02 3.844311377245508005e-02 4.203592814371256287e-02 4.562874251497005262e-02 2.886227544910179021e-02 3.318562874251496098e-01 7.437125748502991518e-02 3.604790419161675585e-02 2.514970059880238841e-03 1.570059880239520478e-01 5.281437125748501826e-02 2.646706586826346602e-02 1.197604790419161392e-04 1.197604790419161392e-04 9.700598802395207082e-03 1.197604790419161392e-04 1.808383233532933482e-02 1.197604790419161392e-04 1.197604790419161392e-04 1.197604790419161392e-04 1.197604790419161392e-04 1.317365269461077612e-03 4.802395209580836988e-02 6.107784431137722528e-03 8.502994011976044986e-03 1.197604790419161392e-04 2.514970059880238841e-03
2.141327623126337962e-04 1.948608137044967326e-02 2.355460385438971731e-03 1.394004282655245675e-01 4.496788008565309747e-03 2.141327623126337962e-04 2.141327623126337962e-04 2.355460385438971731e-03 2.141327623126337962e-04 2.162740899357601040e-02 2.141327623126337962e-04 2.141327623126337962e-04 4.496788008565309747e-03 2.141327623126337962e-04 2.141327623126337962e-04 8.372591006423980853e-02 2.355460385438971731e-03 2.141327623126337962e-04 1.306209850107066008e-02 2.141327623126337962e-04 1.843683083511776788e-01 5.588865096359742213e-02 7.516059957173445993e-02 2.141327623126337962e-04 1.520342612419699722e-02 2.141327623126337962e-04 2.141327623126337962e-04 2.141327623126337962e-04 1.608137044967879459e-01 2.122055674518200652e-01
4.499424626006903738e-02 1.150747986191023978e-04 1.150747986191023978e-04 1.852704257767548435e-02 1.162255466052933978e-02 1.150747986191023978e-04 1.150747986191023978e-04 4.718066743383197807e-03 1.150747986191023978e-04 3.233601841196777349e-02 1.150747986191023978e-04 1.150747986191023978e-04 1.150747986191023978e-04 9.321058688147292742e-03 1.150747986191023978e-04 6.110471806674337009e-02 1.150747986191023978e-04 1.622554660529343731e-02 4.718066743383197807e-03 1.150747986191023978e-04 6.455696202531643890e-02 1.150747986191023978e-04 1.150747986191023978e-04 2.383199079401610299e-01 6.570771001150746415e-02 2.416570771001150340e-03 1.265822784810126389e-03 8.170310701956269225e-03 3.568469505178365475e-01 5.765247410817029433e-02
1.090629800307219358e-02 1.244239631336405312e-02 8.156682027649768407e-02 1.536098310291858407e-04 1.551459293394776874e-02 1.536098310291858407e-04 8.003072196620582279e-02 4.930875576036865965e-02 1.536098310291858407e-04 1.536098310291858407e-04 1.536098310291858407e-04 1.536098310291858407e-04 9.370199692780335765e-03 1.536098310291858407e-04 6.313364055299537647e-02 1.215053763440859941e-01 1.430107526881720104e-01 1.536098310291858407e-04 1.737327188940091804e-01 6.298003072196619277e-03 1.138248847926267016e-01 4.930875576036865965e-02 1.536098310291858407e-04 1.536098310291858407e-04 2.319508448540706300e-02 1.536098310291858407e-04 1.536098310291858407e-04 4.470046082949308275e-02 1.536098310291858407e-04 1.536098310291858407e-04
1.492537313432835565e-04 2.701492537313432418e-02 1.358208955223880361e-02 1.492537313432835565e-04 7.626865671641790134e-02 1.031343283582089321e-01 5.537313432835819921e-02 8.820895522388058629e-02 7.925373134328357605e-02 1.492537313432835565e-04 1.492537313432835565e-04 4.626865671641790766e-03 7.611940298507461136e-03 1.837313432835820382e-01 3.597014925373134137e-02 1.492537313432835565e-04 1.255223880597014507e-01 5.985074626865671127e-02 4.194029850746268384e-02 7.611940298507461136e-03 1.492537313432835565e-04 1.641791044776119311e-03 1.492537313432835565e-04 1.208955223880596799e-02 1.492537313432835565e-04 1.805970149253731047e-02 1.492537313432835565e-04 5.537313432835819921e-02 1.492537313432835565e-04 1.641791044776119311e-03
2.421307506053268230e-04 2.421307506053268230e-04 5.084745762711863175e-03 2.445520581113800815e-02 5.084745762711863175e-03 4.624697336561742200e-02 2.421307506053268230e-04 2.421307506053268230e-04 1.334140435835350635e-01 2.351089588377723305e-01 2.421307506053268230e-04 2.421307506053268230e-04 4.263922518159805053e-01 5.351089588377722778e-02 2.421307506053268230e-04 2.421307506053268230e-04 2.421307506053268230e-04 2.421307506053268230e-04 2.421307506053268230e-04 2.421307506053268230e-04 1.476997578692493436e-02 2.421307506053268230e-04 2.421307506053268230e-04 2.421307506053268230e-04 4.866828087167069522e-02 2.421307506053268230e-04 2.421307506053268230e-04 2.421307506053268230e-04 2.663438256658595162e-03 2.421307506053268230e-04
9.267734553775740236e-03 3.215102974828374510e-02 6.990846681922195660e-02 1.144164759725400243e-04 5.961098398169335094e-02 7.105263157894735337e-02 3.558352402745994930e-02 2.299771167048054316e-02 1.144164759725400243e-04 1.144164759725400243e-04 1.258581235697940268e-03 2.402745995423340511e-03 1.144164759725400243e-04 1.144164759725400243e-04 5.835240274599540374e-03 5.846681922196794723e-02 3.329519450800914881e-02 1.144164759725400243e-04 1.155606407322654072e-02 4.691075514874140130e-03 2.243707093821509513e-01 5.160183066361554577e-02 2.770022883295193972e-01 1.258581235697940268e-03 2.643020594965674389e-02 1.144164759725400243e-04 1.144164759725400243e-04 1.144164759725400243e-04 1.144164759725400243e-04 1.144164759725400243e-04
1.314060446780551553e-04 1.314060446780551553e-04 1.314060446780551553e-04 6.057818659658342764e-02 1.314060446780551553e-04 1.314060446780551553e-04 5.269382391590012038e-02 1.590013140604467148e-02 7.109067017082783269e-02 3.194480946123520737e-01 1.314060446780551553e-04 1.314060446780551553e-04 2.931668856767410403e-01 1.064388961892246722e-02 1.445466491458606735e-03 1.314060446780551553e-04 1.314060446780551553e-04 4.073587385019709732e-03 1.445466491458606735e-03 5.387647831800260363e-03 6.057818659658342764e-02 3.823915900131404783e-02 1.314060446780551553e-04 1.314060446780551553e-04 1.590013140604467148e-02 3.955321944809460366e-02 1.314060446780551553e-04 8.015768725361364228e-03 1.314060446780551553e-04 1.314060446780551553e-04
4.484304932735427135e-04 4.484304932735427135e-04 4.484304932735427135e-04 3.183856502242152914e-02 4.932735426008970012e-03 1.838565022421525044e-02 4.932735426008970012e-03 1.838565022421525044e-02 4.484304932735427135e-04 2.426008968609866256e-01 4.932735426008970012e-03 4.484304932735427135e-04 3.183856502242152914e-02 9.417040358744396822e-03 9.417040358744396822e-03 4.484304932735427135e-04 4.484304932735427135e-04 4.484304932735427135e-04 4.484304932735427135e-04 4.484304932735427135e-04 4.484304932735427135e-04 4.085201793721973673e-01 4.484304932735427135e-04 4.484304932735427135e-04 4.484304932735427135e-04 4.484304932735427135e-04 3.632286995515696115e-02 7.668161434977581459e-02 4.484304932735427135e-04 9.461883408071751489e-02
9.496676163342832109e-05 1.433998100664767537e-02 8.176638176638177657e-02 4.843304843304844023e-03 4.093067426400760767e-02 1.244064577397911014e-02 8.556505223171891050e-02 1.339031339031339363e-02 6.742640075973410120e-03 4.843304843304844023e-03 9.496676163342832109e-05 1.044634377967711613e-03 9.496676163342832109e-05 4.843304843304844023e-03 1.044634377967711613e-03 2.763532763532764239e-02 2.478632478632479194e-02 9.496676163342832109e-05 1.244064577397911014e-02 9.496676163342832109e-05 1.710351377018043961e-01 9.496676163342832109e-05 9.981006647673315579e-02 9.496676163342832109e-05 1.528964862298196059e-02 3.628679962013296456e-01 5.792972459639127505e-03 7.692307692307693602e-03 9.496676163342832109e-05 9.496676163342832109e-05
6.204379562043793768e-03 2.810218978102189263e-02 1.216545012165449910e-04 1.216545012165449910e-04 8.649635036496347573e-02 1.338199513381994887e-03 2.080291970802919388e-02 2.688564476885644053e-02 8.892944038929437300e-02 1.216545012165449910e-04 1.216545012165449910e-04 2.554744525547444824e-03 4.148418491484184151e-02 1.216545012165449910e-04 1.059610705596106678e-01 1.216545012165449910e-04 2.201946472019464252e-02 2.507299270072991804e-01 1.216545012165449910e-04 1.216545012165449910e-04 8.637469586374693642e-03 1.216545012165449910e-04 3.540145985401459139e-02 1.216545012165449910e-04 9.501216545012161618e-02 1.958637469586374177e-02 1.216545012165449910e-04 1.338199513381994887e-03 5.243309002433088617e-02 1.047445255474452191e-01
7.023411371237455944e-03 3.344481605351169316e-04 3.344481605351169316e-04 3.344481605351169316e-04 3.344481605351169316e-04 3.344481605351169316e-04 3.344481605351169316e-04 3.678929765886286736e-03 5.384615384615382833e-02 1.474916387959865627e-01 1.705685618729096270e-02 3.344481605351169316e-04 1.040133779264213743e-01 3.344481605351169316e-04 3.344481605351169316e-04 3.344481605351169316e-04 3.344481605351169316e-04 7.023411371237455944e-03 3.344481605351169316e-04 3.344481605351169316e-04 3.344481605351169316e-04 5.956521739130432591e-01 2.040133779264213104e-02 3.678929765886286736e-03 3.344481605351169316e-04 3.344481605351169316e-04 2.709030100334447119e-02 3.344481605351169316e-04 3.344481605351169316e-04 7.023411371237455944e-03
6.036036036036034058e-02 3.003003003003002326e-04 9.309309309309305586e-03 3.003003003003002326e-04 3.003003003003002326e-04 3.003003003003002326e-04 1.531531531531530980e-02 3.003003003003002326e-04 5.735735735735734281e-02 3.003003003003002326e-04 3.303303303303302234e-03 3.003003003003002326e-04 3.003003003003002326e-04 2.732732732732731651e-02 3.303303303303302234e-03 3.003003003003002326e-04 1.531531531531530980e-02 3.003003003003002326e-04 1.831831831831830931e-02 3.003003003003002326e-04 1.174174174174173885e-01 3.003003003003002326e-04 6.306306306306304343e-03 3.003003003003002326e-04 3.003003003003002326e-04 6.399399399399396948e-01 3.003003003003002326e-04 3.003003003003002326e-04 3.003003003003002326e-04 2.132132132132131402e-02
1.068161434977578372e-01 8.968609865470852916e-05 8.968609865470852916e-05 3.865470852017937470e-02 8.968609865470852916e-05 3.865470852017937470e-02 1.533632286995515771e-02 2.780269058295964119e-03 8.968609865470852916e-05 1.669058295964125638e-01 8.968609865470852916e-05 8.968609865470852916e-05 8.968609865470852916e-05 1.623318385650224238e-02 4.941704035874439765e-02 6.645739910313901155e-02 7.183856502242151609e-02 6.367713004484304960e-03 8.349775784753363239e-02 8.968609865470852916e-05 2.780269058295964119e-03 1.623318385650224238e-02 1.802690582959641519e-02 8.968609865470852916e-05 9.067264573991030974e-02 8.968609865470852916e-05 8.968609865470852916e-05 2.789237668161435174e-02 3.327354260089686322e-02 1.471748878923766768e-01
7.933130699088143667e-02 3.343465045592704417e-03 3.039513677811549273e-04 1.127659574468084791e-01 3.039513677811549273e-04 1.340425531914893331e-01 3.039513677811549273e-04 3.039513677811549273e-04 2.765957446808509426e-02 1.249240121580546675e-01 3.039513677811549273e-04 3.039513677811549273e-04 1.036474164133738274e-01 3.039513677811549273e-04 3.039513677811549273e-04 3.343465045592704417e-03 3.039513677811549273e-04 3.069908814589664484e-02 3.039513677811549273e-04 3.039513677811549273e-04 2.462006079027354716e-02 2.009118541033433902e-01 1.550151975683889891e-02 3.039513677811549273e-04 3.039513677811549273e-04 3.039513677811549273e-04 5.805471124620058959e-02 3.039513677811549273e-04 3.039513677811549273e-04 7.629179331306988610e-02
1.808318264014466270e-04 1.808318264014466270e-04 9.222423146473776243e-03 1.808318264014466270e-04 1.665461121157323365e-01 1.989150090415912897e-03 1.808318264014466270e-04 3.092224231464737322e-02 2.117540687160939794e-01 7.414104882459310840e-03 3.797468354430379167e-03 1.808318264014466270e-04 2.424954792043398921e-01 1.808318264014466270e-04 5.623869801084990100e-02 1.808318264014466270e-04 1.808318264014466270e-04 1.808318264014466270e-04 5.605786618444845437e-03 1.808318264014466270e-04 1.808318264014466270e-04 9.059674502712475319e-02 1.808318264014466270e-04 1.808318264014466270e-04 7.070524412296562422e-02 1.808318264014466270e-04 6.166365280289329981e-02 1.808318264014466270e-04 3.815551537070523830e-02 1.808318264014466270e-04
1.992625368731562874e-01 1.622418879056046958e-03 1.622418879056046958e-03 5.471976401179940580e-02 1.194690265486725474e-02 1.255162241887905206e-01 5.619469026548672141e-02 1.474926253687315343e-04 1.474926253687315343e-04 1.063421828908554245e-01 3.112094395280235598e-02 1.474926253687315343e-04 1.622418879056046958e-03 1.474926253687315343e-04 1.474926253687315343e-04 7.522123893805307895e-03 1.474926253687315343e-04 1.047197640117993912e-02 1.474926253687315343e-04 1.474926253687315343e-04 1.328908554572271195e-01 2.376106194690265072e-01 1.474926253687315343e-04 1.474926253687315343e-04 1.474926253687315343e-04 1.474926253687315343e-04 1.474926253687315343e-04 6.047197640117992282e-03 1.474926253687315343e-04 1.342182890855457035e-02
2.316037735849056645e-01 4.716981132075471735e-04 4.716981132075471735e-04 1.466981132075471650e-01 4.716981132075471735e-04 4.716981132075471735e-04 8.066037735849057588e-02 4.716981132075471735e-04 4.716981132075471735e-04 4.716981132075471735e-04 2.877358490566037444e-02 4.716981132075471735e-04 4.716981132075471735e-04 4.716981132075471735e-04 1.462264150943396249e-02 1.655660377358490754e-01 4.716981132075471735e-04 4.716981132075471735e-04 4.716981132075471735e-04 4.716981132075471735e-04 9.009433962264151718e-02 4.716981132075471735e-04 1.750000000000000167e-01 1.933962264150943314e-02 1.462264150943396249e-02 4.716981132075471735e-04 4.716981132075471735e-04 4.716981132075471735e-04 5.188679245283019451e-03 1.933962264150943314e-02
2.873015873015872038e-02 1.587301587301586758e-04 1.587301587301586758e-04 1.811111111111110283e-01 1.587301587301586758e-04 7.952380952380949664e-02 1.587301587301586758e-04 1.587301587301586758e-04 9.682539682539677978e-03 1.144444444444443904e-01 1.587301587301586758e-04 1.587301587301586758e-04 4.619047619047617764e-02 2.079365079365078431e-02 6.841269841269838337e-02 3.031746031746030898e-02 1.444444444444443858e-02 1.049206349206348726e-01 1.587301587301586758e-04 1.587301587301586758e-04 6.507936507936505112e-03 1.223809523809523264e-01 9.222222222222219157e-02 1.587301587301586758e-04 1.444444444444443858e-02 1.587301587301586758e-04 1.587301587301586758e-04 1.587301587301586758e-04 6.365079365079362450e-02 1.587301587301586758e-04
2.436802973977694464e-01 1.858736059479553599e-04 1.858736059479553599e-04 7.081784386617098748e-02 1.858736059479553599e-04 9.312267657992563674e-02 8.197026022304831905e-02 1.858736059479553599e-04 1.858736059479553599e-04 9.312267657992563674e-02 1.858736059479553599e-04 1.858736059479553599e-04 5.762081784386616050e-03 1.858736059479553599e-04 4.107806691449813336e-02 1.858736059479553599e-04 2.044609665427508851e-03 1.858736059479553599e-04 1.858736059479553599e-04 1.858736059479553599e-04 7.267657992565054736e-02 1.990706319702601756e-01 1.858736059479553599e-04 1.858736059479553599e-04 1.133828996282527576e-02 1.858736059479553599e-04 2.434944237918214988e-02 1.877323420074349103e-02 2.044609665427508851e-03 3.736059479553902746e-02
4.626865671641789898e-03 1.656716417910447312e-02 1.492537313432835294e-04 3.149253731343282930e-02 3.597014925373133443e-02 1.492537313432835294e-04 4.940298507462684979e-02 6.119402985074624650e-03 2.897014925373133098e-01 1.494029850746267929e-01 1.492537313432835294e-04 1.492537313432835294e-04 3.852238805970148450e-01 2.850746268656715807e-02 1.492537313432835294e-04 1.492537313432835294e-04 1.492537313432835294e-04 1.492537313432835294e-04 1.492537313432835294e-04 1.492537313432835294e-04 1.492537313432835294e-04 1.492537313432835294e-04 1.492537313432835294e-04 1.492537313432835294e-04 1.492537313432835294e-04 1.492537313432835294e-04 1.492537313432835294e-04 1.492537313432835294e-04 1.492537313432835294e-04 1.492537313432835294e-04
8.110795454545455252e-02 5.823863636363635701e-03 1.420454545454545657e-04 1.237215909090909061e-01 1.420454545454545657e-04 4.417613636363636881e-02 1.420454545454545657e-04 1.420454545454545657e-04 2.855113636363636534e-02 2.799715909090909061e-01 1.420454545454545657e-04 2.713068181818182115e-02 1.677556818181818177e-01 1.434659090909090780e-02 1.420454545454545657e-04 1.420454545454545657e-04 1.420454545454545657e-04 2.855113636363636534e-02 1.420454545454545657e-04 1.420454545454545657e-04 3.423295454545454558e-02 3.423295454545454558e-02 6.548295454545455252e-02 1.420454545454545657e-04 1.420454545454545657e-04 5.823863636363635701e-03 1.420454545454545657e-04 1.420454545454545657e-04 5.269886363636364091e-02 4.403409090909090641e-03
9.395833333333331039e-02 2.083333333333332925e-04 2.083333333333332925e-04 1.522916666666666308e-01 2.083333333333332925e-04 2.083333333333332925e-04 4.187499999999999556e-02 2.083333333333332925e-04 1.062499999999999729e-02 2.083333333333332925e-04 2.083333333333332925e-04 2.083333333333332925e-04 9.187499999999998446e-02 2.083333333333332925e-04 5.020833333333332704e-02 2.104166666666665991e-02 1.479166666666666304e-02 2.083333333333332925e-04 1.731249999999999456e-01 2.937499999999999140e-02 5.645833333333332565e-02 2.083333333333332925e-04 2.937499999999999140e-02 2.083333333333332925e-04 8.145833333333331316e-02 2.083333333333332925e-04 2.520833333333332565e-02 4.604166666666666130e-02 7.937499999999998723e-02 2.083333333333332925e-04
1.623376623376622833e-04 8.279220779220775039e-03 1.623376623376622833e-04 3.587662337662336776e-02 1.284090909090908617e-01 1.785714285714285225e-03 2.613636363636362772e-02 5.860389610389608178e-02 1.623376623376622833e-04 5.032467532467530674e-03 1.785714285714285225e-03 1.623376623376622833e-04 2.613636363636362772e-02 1.623376623376622833e-04 1.787337662337661615e-01 2.775974025974025164e-02 5.373376623376621697e-02 1.623376623376622833e-04 1.803571428571427715e-01 1.982142857142856207e-01 1.623376623376622833e-04 1.152597402597402114e-02 1.623376623376622833e-04 1.623376623376622833e-04 4.399350649350648040e-02 1.152597402597402114e-02 1.623376623376622833e-04 1.623376623376622833e-04 1.623376623376622833e-04 1.623376623376622833e-04
1.703204047217537348e-02 3.558178752107924586e-02 4.907251264755478626e-02 1.686340640809442983e-04 5.581787521079255993e-02 1.534569983136593006e-02 1.047217537942664034e-01 4.738617200674534458e-02 2.546374367622258536e-02 1.686340640809442983e-04 7.099494097807754200e-02 5.227655986509273031e-03 1.686340640809442983e-04 5.413153456998311824e-02 1.686340640809442983e-04 1.686340640809442983e-04 4.150084317032038950e-01 1.686340640809442983e-04 1.686340640809442983e-04 1.686340640809442983e-04 3.541315345699830048e-03 1.686340640809442983e-04 1.365935919055648665e-02 3.541315345699830048e-03 1.686340640809442983e-04 5.750421585160200161e-02 1.686340640809442983e-04 1.365935919055648665e-02 1.028667790893760155e-02 1.686340640809442983e-04
6.822695035460991930e-02 1.858156028368793816e-02 1.418439716312056454e-04 1.462411347517730276e-01 1.560283687943262235e-03 1.418439716312056454e-04 1.716312056737588285e-02 1.418439716312056454e-04 1.418439716312056454e-04 5.262411347517730043e-02 2.425531914893616983e-02 4.397163120567375467e-03 1.418439716312056454e-04 2.978723404255318851e-03 1.418439716312056454e-04 1.418439716312056454e-04 1.418439716312056454e-04 2.001418439716311781e-01 1.418439716312056454e-04 1.560283687943262235e-03 1.418439716312056454e-04 1.560283687943262235e-03 1.476595744680850864e-01 1.999999999999999695e-02 3.276595744680850519e-02 1.418439716312056454e-04 1.418439716312056454e-04 2.851063829787233925e-02 1.278014184397162911e-01 1.022695035460992607e-01
1.315789473684210713e-03 1.925837320574162737e-02 8.624401913875597014e-02 1.925837320574162737e-02 8.026315789473684181e-02 4.198564593301435527e-02 1.041866028708133968e-01 4.557416267942583643e-02 1.352870813397129002e-01 6.112440191387560201e-02 1.196172248803827786e-04 1.196172248803827786e-04 1.315789473684210713e-03 1.137559808612440132e-01 2.165071770334928494e-02 1.196172248803827786e-04 1.101674641148325251e-01 1.196172248803827786e-04 9.688995215311003995e-03 1.196172248803827786e-04 3.002392344497607779e-02 1.196172248803827786e-04 1.196172248803827786e-04 3.361244019138755895e-02 1.196172248803827786e-04 4.078947368421052821e-02 4.318181818181818232e-02 1.196172248803827786e-04 1.196172248803827786e-04 1.196172248803827786e-04
4.651162790697675764e-04 4.651162790697675764e-04 4.651162790697675764e-04 3.167441860465116665e-01 9.767441860465119266e-03 4.651162790697675764e-04 4.651162790697675764e-04 4.651162790697675764e-04 5.162790697674420060e-02 4.651162790697675764e-04 4.651162790697675764e-04 4.651162790697675764e-04 4.651162790697675764e-04 5.162790697674420060e-02 1.772093023255814359e-01 4.651162790697675764e-04 4.651162790697675764e-04 4.651162790697675764e-04 4.651162790697675764e-04 4.651162790697675764e-04 4.651162790697675764e-04 1.260465116279070041e-01 1.074418604651163206e-01 4.651162790697675764e-04 4.651162790697675764e-04 4.232558139534884495e-02 4.651162790697675764e-04 4.651162790697675764e-04 4.651162790697675764e-04 1.074418604651163206e-01
6.707317073170734195e-03 6.097560975609758261e-04 6.097560975609758261e-04 6.097560975609758261e-04 8.597560975609758183e-02 1.713414634146342153e-01 6.097560975609758261e-04 6.158536585365855659e-02 6.707317073170734195e-03 6.097560975609758261e-04 6.097560975609758261e-04 6.097560975609758261e-04 6.097560975609758261e-04 9.817073170731711873e-02 3.109756097560976637e-02 6.097560975609758261e-04 6.097560975609758261e-04 3.109756097560976637e-02 9.207317073170734334e-02 4.329268292682927899e-02 3.109756097560976637e-02 6.097560975609758261e-04 6.097560975609758261e-04 3.176829268292684083e-01 6.097560975609758261e-04 6.097560975609758261e-04 6.097560975609758261e-04 6.707317073170734195e-03 6.707317073170734195e-03 6.097560975609758261e-04
1.400560224089635757e-04 1.400560224089635757e-04 2.941176470588234820e-03 2.158263305322128400e-01 4.775910364145657949e-02 2.114845938375349912e-02 1.400560224089635757e-04 1.400560224089635757e-04 3.515406162464985301e-02 2.186274509803921018e-01 1.400560224089635757e-04 5.742296918767505684e-03 1.415966386554621537e-01 1.400560224089635757e-04 1.974789915966386131e-02 1.400560224089635757e-04 1.400560224089635757e-04 8.137254901960783160e-02 1.540616246498599387e-03 1.540616246498599387e-03 1.400560224089635757e-04 9.397759103641453726e-02 3.235294117647058432e-02 1.400560224089635757e-04 1.400560224089635757e-04 1.400560224089635757e-04 1.400560224089635757e-04 1.540616246498599387e-03 3.935574229691876647e-02 3.795518207282912865e-02
1.874647887323943052e-01 1.408450704225351646e-04 1.408450704225351646e-04 4.776056338028167869e-01 1.985915492957745707e-02 5.647887323943660137e-02 1.408450704225351646e-04 1.563380281690140289e-02 1.408450704225351646e-04 5.507042253521125114e-02 1.408450704225351646e-04 1.408450704225351646e-04 4.366197183098590590e-03 2.267605633802816448e-02 1.408450704225351646e-04 2.408450704225351471e-02 1.408450704225351646e-04 1.140845070422534871e-02 2.957746478873238619e-03 1.408450704225351646e-04 3.535211267605632701e-02 1.408450704225351646e-04 1.549295774647886864e-03 1.549295774647886864e-03 3.253521126760562654e-02 1.408450704225351646e-04 3.957746478873238466e-02 9.999999999999996739e-03 1.408450704225351646e-04 1.408450704225351646e-04
6.838565022421523414e-03 5.392376681614349104e-02 1.121076233183856377e-04 1.121076233183856377e-04 1.121076233183856377e-04 1.132286995515694936e-02 3.598654708520179074e-02 1.804932735426009044e-02 1.121076233183856377e-04 1.121076233183856377e-04 3.038116591928250940e-02 1.121076233183856377e-04 1.121076233183856377e-04 1.121076233183856377e-04 1.121076233183856377e-04 1.806053811659192598e-01 1.132286995515694936e-02 1.233183856502242069e-03 1.244394618834080563e-02 1.132286995515694936e-02 5.717488789237667145e-03 1.121076233183856377e-04 1.020179372197309309e-02 1.132286995515694936e-02 1.088565022421524447e-01 1.121076233183856377e-04 5.952914798206277586e-02 1.121076233183856377e-04 2.478699551569506221e-01 1.817264573991031196e-01
