6.092619392185238264e-02 1.447178002894355952e-04 1.447178002894355952e-04 1.447178002894355952e-04 2.908827785817655331e-02 1.447178002894355952e-04 1.447178002894355952e-04 1.316931982633863692e-02 5.079594790159189244e-02 2.794500723589000701e-01 1.447178002894355952e-04 8.408104196816207354e-02 6.816208393632415541e-02 1.591895803183791466e-03 1.447178002894355952e-04 1.447178002894355952e-04 1.447178002894355952e-04 2.389290882778581371e-01 1.447178002894355952e-04 1.447178002894355952e-04 1.447178002894355952e-04 4.486251808972502829e-03 1.447178002894355952e-04 7.380607814761214192e-03 1.606367583212734915e-02 1.895803183791605964e-02 1.447178002894355952e-04 1.246020260492040205e-01 1.447178002894355952e-04 1.447178002894355952e-04
1.119023397761952955e-03 1.017293997965411839e-04 1.017293997965411839e-04 1.017293997965411839e-04 1.221770091556459437e-01 1.017293997965411839e-04 1.008138351983722952e-01 1.017293997965411839e-04 1.017293997965411839e-04 6.622583926754829764e-02 2.655137334689725015e-02 3.468972533062054248e-02 1.017293997965411839e-04 1.017293997965411839e-04 1.017293997965411839e-04 1.017293997965411839e-04 1.536113936927771713e-02 1.017293997965411839e-04 3.672431332655136382e-02 1.017293997965411839e-04 3.673448626653101901e-01 1.017293997965411839e-04 1.017293997965411839e-04 1.017293997965411839e-04 1.048830111902339518e-01 1.017293997965411839e-04 1.017293997965411839e-04 1.221770091556459437e-01 1.017293997965411839e-04 1.017293997965411839e-04
3.530351437699680295e-02 1.597444089456868780e-04 1.597444089456868780e-04 7.204472843450478170e-02 4.952076677316293030e-03 1.597444089456868780e-04 1.597444089456868780e-04 1.597444089456868780e-04 3.849840255591054083e-02 2.030351437699680073e-01 1.597444089456868780e-04 1.678913738019169044e-01 5.287539936102235438e-02 1.597444089456868780e-04 1.597444089456868780e-04 1.597444089456868780e-04 1.597444089456868780e-04 8.162939297124599536e-02 4.952076677316293030e-03 1.597444089456868780e-04 1.662939297124600146e-01 8.146964856230029181e-03 4.009584664536740978e-02 1.597444089456868780e-04 8.146964856230029181e-03 1.597444089456868780e-04 4.952076677316293030e-03 1.071884984025558846e-01 1.597444089456868780e-04 1.757188498402555794e-03
2.799999999999999104e-03 2.799999999999999104e-03 1.333333333333333126e-04 1.333333333333333126e-04 4.546666666666665524e-02 2.799999999999999104e-03 3.746666666666665507e-02 1.333333333333333126e-04 3.494666666666665922e-01 1.214666666666666256e-01 1.466666666666666249e-03 1.587999999999999412e-01 1.466666666666666249e-03 1.333333333333333126e-04 1.333333333333333126e-04 1.333333333333333126e-04 5.079999999999998406e-02 1.333333333333333126e-04 1.333333333333333126e-04 9.466666666666663163e-03 1.681333333333332736e-01 1.466666666666666249e-03 5.466666666666664814e-03 1.333333333333333126e-04 1.333333333333333126e-04 1.333333333333333126e-04 1.333333333333333126e-04 3.879999999999998728e-02 1.333333333333333126e-04 1.333333333333333126e-04
1.708333333333333232e-02 4.166666666666667476e-04 4.166666666666667476e-04 4.166666666666667476e-04 4.166666666666667476e-04 2.541666666666666727e-02 4.166666666666667476e-04 4.166666666666667476e-04 4.166666666666667476e-04 2.962500000000000133e-01 1.291666666666666831e-02 8.375000000000001887e-02 8.750000000000000833e-03 4.166666666666667476e-04 4.166666666666667476e-04 4.166666666666667476e-04 4.583333333333334224e-03 4.166666666666667476e-04 4.166666666666667476e-04 4.166666666666667476e-04 4.208333333333333370e-02 4.166666666666667476e-04 4.583333333333334224e-03 4.166666666666667476e-04 5.458333333333333787e-02 4.166666666666667476e-04 4.166666666666667476e-04 3.920833333333333393e-01 4.166666666666667476e-04 5.041666666666667213e-02
1.718213058419243845e-04 1.994845360824741842e-01 1.718213058419243845e-04 1.718213058419243845e-04 3.109965635738831322e-02 1.718213058419243845e-04 3.798969072164947725e-01 1.391752577319587368e-02 1.718213058419243845e-04 6.202749140893469570e-02 1.718213058419243845e-04 3.969072164948453385e-02 7.749140893470789215e-02 1.718213058419243845e-04 2.422680412371133393e-02 7.044673539518898735e-03 1.391752577319587368e-02 1.219931271477662886e-02 1.718213058419243845e-04 1.718213058419243845e-04 1.718213058419243845e-04 3.109965635738831322e-02 2.766323024054982357e-02 3.453608247422679939e-02 1.718213058419243845e-04 1.718213058419243845e-04 1.890034364261168175e-03 3.797250859106528903e-02 1.718213058419243845e-04 3.608247422680411695e-03
2.164579606440070886e-02 1.701252236135956664e-01 1.788908765652951383e-04 4.134168157423970258e-01 4.311270125223613109e-02 1.788908765652951383e-04 1.788908765652951383e-04 1.788908765652951383e-04 1.788908765652951383e-04 1.788908765652951383e-04 1.788908765652951383e-04 5.742397137745974128e-02 1.110912343470482760e-01 1.788908765652951383e-04 3.756708407871197850e-03 1.788908765652951383e-04 1.788908765652951383e-04 7.334525939177099531e-03 1.788908765652951383e-04 1.788908765652951383e-04 7.334525939177099531e-03 1.788908765652951383e-04 1.788908765652951383e-04 1.788908765652951383e-04 9.123434704830051672e-03 3.059033989266547043e-02 1.788908765652951383e-04 1.218246869409659733e-01 1.788908765652951383e-04 1.788908765652951383e-04
7.191887675507017963e-02 1.716068642745709368e-03 1.560062402496099302e-04 3.276131045241808832e-03 1.716068642745709368e-03 2.511700468018720003e-02 1.560062402496099302e-04 1.731669266770670054e-02 3.418096723868953579e-01 1.560062402496099302e-04 1.560062402496099302e-04 1.842433697347893307e-01 1.560062402496099302e-04 1.560062402496099302e-04 1.560062402496099302e-04 1.716068642745709368e-03 1.731669266770670054e-02 1.887675507020280044e-02 1.887675507020280044e-02 1.560062402496099302e-04 1.062402496099843496e-01 1.560062402496099302e-04 5.475819032761308769e-02 1.560062402496099302e-04 6.099843993759748728e-02 1.560062402496099302e-04 1.560062402496099302e-04 7.191887675507017963e-02 1.560062402496099302e-04 1.560062402496099302e-04
4.385964912280702378e-04 4.385964912280702378e-04 4.385964912280702378e-04 4.385964912280702378e-04 4.385964912280702378e-04 4.385964912280702378e-04 4.385964912280702378e-04 4.385964912280702378e-04 4.385964912280702378e-04 1.671052631578947567e-01 4.385964912280702378e-04 8.377192982456141412e-02 3.552631578947368363e-02 4.385964912280702378e-04 4.385964912280702378e-04 4.824561403508773050e-03 4.385964912280702378e-04 6.802631578947369029e-01 4.385964912280702378e-04 4.385964912280702378e-04 4.824561403508773050e-03 4.385964912280702378e-04 4.824561403508773050e-03 4.385964912280702378e-04 4.385964912280702378e-04 9.210526315789474561e-03 4.385964912280702378e-04 4.385964912280702378e-04 4.385964912280702378e-04 4.385964912280702378e-04
7.104072398190044990e-02 1.358974358974358865e-01 1.523378582202111579e-02 1.328808446455505277e-01 6.802413273001509109e-02 1.508295625942684829e-04 1.508295625942684829e-04 1.508295625942684829e-04 1.508295625942684829e-04 1.675716440422322651e-01 2.428355957767722520e-02 2.126696832579185598e-02 1.811463046757164352e-01 1.508295625942684829e-04 1.508295625942684829e-04 1.508295625942684829e-04 1.508295625942684829e-04 6.802413273001509109e-02 1.508295625942684829e-04 1.508295625942684829e-04 1.508295625942684829e-04 1.508295625942684829e-04 1.508295625942684829e-04 1.508295625942684829e-04 7.692307692307691867e-03 1.508295625942684829e-04 8.159879336349924739e-02 2.126696832579185598e-02 1.659125188536953420e-03 1.508295625942684829e-04
8.940677966101695517e-02 4.661016949152542617e-03 4.237288135593220758e-04 1.699152542372881491e-01 3.008474576271186196e-02 4.237288135593220758e-04 1.021186440677966101e-01 4.237288135593220758e-04 4.237288135593220758e-04 3.008474576271186196e-02 1.021186440677966101e-01 4.661016949152542617e-03 1.783898305084745950e-01 4.237288135593220758e-04 4.237288135593220758e-04 4.237288135593220758e-04 4.237288135593220758e-04 4.661016949152542617e-03 4.237288135593220758e-04 4.237288135593220758e-04 4.237288135593220758e-04 4.661016949152542617e-03 2.584745762711864250e-02 4.237288135593220758e-04 4.237288135593220758e-04 4.237288135593220758e-04 3.432203389830508489e-02 1.444915254237288116e-01 4.661016949152542617e-03 6.398305084745763149e-02
2.320777642770351784e-02 4.143377885783717379e-02 1.215066828675576913e-04 3.292831105710813250e-02 2.563791008505467151e-02 2.551640340218711261e-03 8.626974483596595855e-03 1.215066828675576913e-04 1.215066828675576913e-04 3.172539489671931112e-01 1.215066828675576913e-04 1.908869987849331207e-01 1.215066828675576913e-04 1.215066828675576913e-04 1.215066828675576913e-04 1.215066828675576913e-04 2.320777642770351784e-02 1.823815309842040655e-01 1.215066828675576913e-04 1.215066828675576913e-04 8.626974483596595855e-03 1.336573511543134645e-03 8.626974483596595855e-03 1.215066828675576913e-04 1.215066828675576913e-04 6.573511543134870350e-02 1.215066828675576913e-04 6.573511543134870350e-02 1.215066828675576913e-04 1.215066828675576913e-04
3.412969283276449462e-04 1.399317406143344052e-02 3.412969283276449462e-04 3.412969283276449462e-04 3.412969283276449462e-04 3.788395904436858697e-02 1.914675767918088134e-01 1.740614334470988803e-02 1.266211604095562604e-01 3.412969283276449462e-04 3.412969283276449462e-04 1.368600682593856255e-01 3.754266211604094516e-03 3.412969283276449462e-04 4.812286689419793123e-02 3.412969283276449462e-04 3.412969283276449462e-04 3.412969283276449462e-04 4.129692832764503274e-02 3.754266211604094516e-03 3.412969283276449462e-04 3.109215017064845266e-01 4.129692832764503274e-02 3.412969283276449462e-04 3.412969283276449462e-04 3.412969283276449462e-04 7.167235494880543761e-03 1.399317406143344052e-02 3.412969283276449462e-04 3.412969283276449462e-04
4.901960784313727591e-04 6.911764705882354753e-02 4.901960784313727591e-04 4.901960784313727591e-04 7.401960784313726949e-02 4.901960784313727591e-04 6.426470588235295711e-01 4.901960784313727591e-04 1.029411764705882686e-02 4.901960784313727591e-04 2.009803921568627944e-02 1.377450980392157243e-01 4.901960784313727591e-04 4.901960784313727591e-04 4.901960784313727591e-04 4.901960784313727591e-04 4.901960784313727591e-04 4.901960784313727591e-04 4.901960784313727591e-04 2.500000000000000486e-02 1.029411764705882686e-02 4.901960784313727591e-04 4.901960784313727591e-04 4.901960784313727591e-04 4.901960784313727591e-04 4.901960784313727591e-04 4.901960784313727591e-04 4.901960784313727591e-04 4.901960784313727591e-04 4.901960784313727591e-04
2.204379562043795246e-02 1.459854014598540000e-04 1.459854014598540000e-04 1.198540145985401151e-01 1.373722627737226087e-01 2.350364963503649360e-02 2.585401459854014261e-01 1.459854014598540000e-04 4.686131386861313447e-02 1.766423357664233251e-02 7.313868613138685415e-02 1.154744525547444917e-01 8.627737226277371052e-02 1.459854014598540000e-04 1.605839416058394082e-03 1.459854014598540000e-04 1.459854014598540000e-04 1.459854014598540000e-04 2.350364963503649360e-02 1.459854014598540000e-04 6.291970802919706618e-02 1.459854014598540000e-04 1.459854014598540000e-04 1.459854014598540000e-04 5.985401459854012944e-03 1.459854014598540000e-04 1.459854014598540000e-04 1.459854014598540000e-04 3.065693430656934136e-03 1.459854014598540000e-04
1.578833693304535213e-01 1.749460043196543815e-02 2.159827213822894138e-04 2.397408207343412062e-02 2.159827213822894138e-04 2.159827213822894138e-04 4.535637149028077554e-03 2.159827213822894138e-04 2.982721382289416634e-01 1.686825053995680002e-01 2.159827213822894138e-04 1.211663066954643542e-01 2.397408207343412062e-02 2.159827213822894138e-04 2.159827213822894138e-04 2.159827213822894138e-04 2.159827213822894138e-04 2.159827213822894138e-04 2.159827213822894138e-04 2.613390928725701709e-02 1.017278617710583033e-01 2.159827213822894138e-04 2.159827213822894138e-04 2.159827213822894138e-04 2.159827213822894138e-04 5.205183585313174349e-02 2.159827213822894138e-04 2.159827213822894138e-04 2.159827213822894138e-04 2.159827213822894138e-04
1.048109965635738577e-02 1.718213058419243845e-04 1.718213058419243845e-04 1.718213058419243845e-04 1.032646048109965436e-01 1.718213058419243845e-04 1.823024054982817499e-01 1.718213058419243845e-04 1.324742268041236848e-01 1.548109965635738328e-01 1.718213058419243845e-04 7.405498281786940251e-02 3.797250859106528903e-02 1.718213058419243845e-04 1.718213058419243845e-04 5.326460481099655649e-03 1.718213058419243845e-04 1.718213058419243845e-04 1.718213058419243845e-04 1.718213058419243845e-04 2.115120274914088772e-01 1.718213058419243845e-04 1.718213058419243845e-04 1.890034364261168175e-03 1.718213058419243845e-04 1.718213058419243845e-04 1.718213058419243845e-04 8.264604810996561968e-02 1.718213058419243845e-04 1.718213058419243845e-04
2.647058823529412075e-02 2.277089783281733559e-01 1.547987616099071300e-04 1.193498452012383831e-01 2.956656346749226075e-02 1.547987616099071300e-04 1.547987616099071300e-04 1.547987616099071300e-04 1.547987616099071300e-04 7.291021671826625195e-02 1.735294117647058765e-01 4.349845201238390635e-02 8.529411764705882582e-02 1.547987616099071300e-04 1.547987616099071300e-04 1.547987616099071300e-04 1.547987616099071300e-04 4.040247678018576288e-02 5.588235294117647328e-02 1.547987616099071300e-04 1.547987616099071300e-04 1.547987616099071300e-04 2.027863777089783381e-02 1.253869969040247688e-02 1.547987616099071300e-04 1.547987616099071300e-04 8.219814241486068929e-02 1.547987616099071300e-04 7.894736842105263414e-03 1.547987616099071300e-04
2.123142250530785091e-04 4.692144373673035052e-02 1.084925690021231182e-01 2.123142250530785091e-04 1.445859872611464370e-01 2.335456475583863600e-03 2.123142250530785091e-04 2.123142250530785091e-04 1.932059447983014433e-02 2.123142250530785091e-04 2.569002123142249960e-02 1.594479830148619326e-01 2.123142250530785091e-04 2.123142250530785091e-04 1.360934182590232966e-01 2.993630573248406979e-02 3.842887473460721015e-02 2.335456475583863600e-03 1.082802547770700223e-02 2.123142250530785091e-04 4.458598726114648692e-03 1.169851380042462585e-01 6.178343949044584615e-02 2.123142250530785091e-04 2.335456475583863600e-03 2.123142250530785091e-04 4.267515923566878033e-02 2.123142250530785091e-04 1.719745222929935924e-02 2.781316348195328469e-02
1.052356020942408765e-01 5.235602094240839315e-04 5.235602094240839315e-04 5.031413612565446281e-01 7.905759162303667431e-02 1.623036649214660079e-02 5.235602094240839315e-04 5.235602094240839315e-04 5.759162303664923897e-03 5.235602094240839315e-04 5.235602094240839315e-04 2.670157068062827682e-02 1.623036649214660079e-02 5.235602094240839315e-04 5.235602094240839315e-04 5.235602094240839315e-04 5.235602094240839315e-04 5.235602094240839315e-04 5.235602094240839315e-04 5.759162303664923897e-03 1.099476439790576278e-02 2.146596858638744054e-02 1.623036649214660079e-02 5.235602094240839315e-04 5.235602094240839315e-04 5.235602094240839315e-04 5.235602094240839315e-04 1.837696335078534693e-01 5.235602094240839315e-04 5.235602094240839315e-04
8.754752851711025685e-02 2.385931558935361352e-02 1.530418250950570450e-02 9.505703422053232699e-05 2.385931558935361352e-02 9.505703422053232699e-05 2.576045627376425881e-02 2.946768060836501852e-03 1.807034220532319213e-01 4.096958174904943156e-02 7.043726235741444575e-02 9.990494296577946687e-02 9.505703422053232699e-05 1.815589353612167417e-02 9.505703422053232699e-05 9.505703422053232699e-05 5.798479087452471092e-03 1.340304182509505747e-02 1.303231939163498054e-01 9.505703422053232699e-05 1.540874524714828941e-01 1.996197718631178772e-03 9.505703422053232699e-05 2.290874524714828914e-02 9.505703422053232699e-05 1.055133079847908779e-02 9.505703422053232699e-05 7.043726235741444575e-02 9.505703422053232699e-05 9.505703422053232699e-05
9.160493827160491598e-02 2.076543209876542395e-01 1.012345679012345394e-02 2.224691358024690480e-01 4.962962962962962077e-02 2.469135802469135318e-04 2.469135802469135318e-04 2.469135802469135318e-04 2.469135802469135318e-04 1.014814814814814503e-01 2.716049382716048850e-03 2.716049382716048850e-03 1.953086419753085612e-01 2.469135802469135318e-04 2.469135802469135318e-04 2.469135802469135318e-04 2.469135802469135318e-04 2.469135802469135318e-04 2.469135802469135318e-04 2.469135802469135318e-04 7.654320987654319487e-03 2.469135802469135318e-04 2.469135802469135318e-04 2.469135802469135318e-04 2.469135802469135318e-04 2.469135802469135318e-04 7.679012345679010754e-02 1.259259259259258752e-02 1.259259259259258752e-02 2.716049382716048850e-03
4.682080924855492460e-02 5.838150289017342981e-02 5.780346820809251088e-04 2.144508670520232085e-01 2.028901734104046894e-01 5.780346820809251088e-04 5.780346820809251088e-04 5.780346820809251088e-04 5.780346820809251088e-04 5.780346820809251088e-04 5.780346820809251088e-04 5.780346820809251088e-04 3.300578034682082329e-01 5.780346820809251088e-04 5.780346820809251088e-04 5.780346820809251088e-04 5.780346820809251088e-04 6.358381502890176305e-03 6.358381502890176305e-03 5.780346820809251088e-04 5.780346820809251088e-04 5.780346820809251088e-04 5.780346820809251088e-04 5.780346820809251088e-04 5.780346820809251088e-04 5.780346820809251088e-04 1.219653179190751946e-01 5.780346820809251088e-04 5.780346820809251088e-04 5.780346820809251088e-04
7.093425605536329837e-03 1.730103806228373375e-04 3.633217993079584061e-03 1.730103806228373375e-04 1.730103806228373375e-04 1.730103806228373375e-04 1.730103806228373375e-04 1.730103806228373375e-04 3.012110726643598135e-01 7.283737024221452472e-02 1.747404844290657150e-02 1.282006920415224571e-01 5.363321799307957383e-03 1.730103806228373375e-04 1.730103806228373375e-04 2.439446366782006478e-02 1.401384083044982312e-02 1.730103806228373375e-04 7.093425605536329837e-03 1.730103806228373375e-04 2.095155709342560180e-01 5.899653979238753121e-02 4.688581314878892403e-02 1.730103806228373375e-04 1.730103806228373375e-04 1.730103806228373375e-04 1.730103806228373375e-04 9.359861591695500804e-02 1.730103806228373375e-04 7.093425605536329837e-03
9.207317073170731558e-02 1.896341463414634165e-01 4.939024390243901969e-02 1.042682926829268386e-01 6.097560975609756092e-04 1.890243902439024334e-02 6.097560975609756092e-04 6.097560975609756092e-04 6.707317073170732460e-03 8.597560975609755407e-02 6.097560975609756092e-04 6.097560975609756092e-04 2.871951219512195452e-01 6.097560975609756092e-04 6.097560975609756092e-04 6.097560975609756092e-04 6.097560975609756092e-04 6.707317073170732460e-03 1.042682926829268386e-01 6.097560975609756092e-04 6.097560975609756092e-04 6.097560975609756092e-04 6.097560975609756092e-04 6.097560975609756092e-04 6.707317073170732460e-03 3.719512195121951054e-02 6.097560975609756092e-04 6.097560975609756092e-04 6.097560975609756092e-04 6.097560975609756092e-04
1.013095238095237799e-01 1.739285714285713769e-01 2.154761904761904462e-02 4.773809523809522531e-02 2.988095238095237610e-02 8.452380952380949067e-03 2.499999999999999618e-03 1.190476190476190204e-04 1.797619047619047200e-02 1.786904761904761219e-01 1.190476190476190204e-04 3.690476190476189768e-03 2.274999999999999245e-01 1.309523809523809252e-03 1.190476190476190204e-04 1.190476190476190204e-04 1.190476190476190204e-04 1.202380952380951995e-02 2.499999999999999618e-03 1.190476190476190204e-04 1.190476190476190204e-04 1.190476190476190204e-04 1.190476190476190204e-04 1.190476190476190204e-04 4.880952380952379051e-03 2.154761904761904462e-02 7.511904761904759920e-02 6.797619047619045396e-02 1.190476190476190204e-04 1.190476190476190204e-04
1.883239171374764299e-04 5.103578154425611468e-02 1.902071563088511899e-02 1.883239171374764299e-04 1.883239171374764299e-04 3.973634651600752715e-02 1.883239171374764299e-04 6.986817325800374900e-02 5.480225988700564155e-02 2.071563088512240729e-03 6.045197740112993184e-02 1.696798493408662456e-01 1.883239171374764299e-04 4.350282485875705402e-02 1.883239171374764299e-04 1.148775894538606006e-02 3.241054613935969164e-01 1.883239171374764299e-04 7.363465160075327587e-02 1.883239171374764299e-04 1.883239171374764299e-04 1.883239171374764299e-04 1.883239171374764299e-04 2.071563088512240729e-03 9.604519774011296626e-03 3.220338983050847342e-02 1.883239171374764299e-04 1.902071563088511899e-02 1.883239171374764299e-04 1.525423728813558866e-02
4.854368932038836374e-04 4.854368932038836374e-04 4.854368932038836374e-04 1.504854368932039346e-02 4.854368932038836374e-04 4.854368932038836374e-04 4.854368932038836374e-04 4.854368932038836374e-04 5.393203883495146789e-01 2.383495145631068790e-01 1.990291262135922626e-02 1.606796116504854988e-01 5.339805825242720065e-03 4.854368932038836374e-04 4.854368932038836374e-04 4.854368932038836374e-04 4.854368932038836374e-04 4.854368932038836374e-04 4.854368932038836374e-04 4.854368932038836374e-04 4.854368932038836374e-04 5.339805825242720065e-03 4.854368932038836374e-04 4.854368932038836374e-04 4.854368932038836374e-04 4.854368932038836374e-04 4.854368932038836374e-04 5.339805825242720065e-03 4.854368932038836374e-04 4.854368932038836374e-04
1.036666666666666708e-01 3.333333333333333764e-04 3.333333333333333764e-04 3.333333333333333764e-04 3.333333333333333764e-04 3.333333333333333764e-04 3.333333333333333764e-04 3.333333333333333764e-04 9.366666666666667584e-02 3.936666666666666647e-01 3.666666666666667032e-03 1.703333333333333366e-01 3.333333333333333764e-04 3.333333333333333764e-04 3.333333333333333764e-04 3.666666666666667032e-03 3.333333333333333764e-04 3.333333333333333764e-04 3.333333333333333764e-04 3.333333333333333764e-04 3.366666666666666419e-02 3.333333333333333764e-04 3.333333333333333764e-04 3.333333333333333764e-04 3.333333333333333764e-04 3.333333333333333764e-04 3.333333333333333764e-04 1.869999999999999996e-01 3.333333333333333764e-04 3.666666666666667032e-03
1.258581235697940268e-03 5.389016018306634626e-02 1.155606407322654072e-02 3.914187643020594076e-01 5.160183066361554577e-02 1.144164759725400243e-04 2.402745995423340511e-03 1.144164759725400243e-04 2.528604118993134364e-02 1.144164759725400243e-04 2.528604118993134364e-02 1.614416475972539622e-01 1.258581235697940268e-03 1.144164759725400243e-04 1.144164759725400243e-04 2.070938215102974614e-02 1.144164759725400243e-04 1.144164759725400243e-04 1.144164759725400243e-04 1.144164759725400243e-04 4.691075514874140130e-03 1.144164759725400243e-04 1.270022883295194097e-02 6.979405034324940617e-03 1.144164759725400243e-04 1.144164759725400243e-04 2.757437070938214413e-02 2.003432494279175635e-01 1.144164759725400243e-04 1.144164759725400243e-04
1.216545012165449910e-04 1.216545012165449910e-04 1.216545012165449910e-04 1.216545012165449910e-04 1.216545012165449910e-04 1.216545012165449910e-04 2.080291970802919388e-02 1.216545012165449910e-04 3.930656934306568373e-01 3.783454987834548866e-02 1.216545012165449910e-04 1.132603406326033735e-01 2.080291970802919388e-02 1.216545012165449910e-04 2.554744525547444824e-03 1.216545012165449910e-04 1.216545012165449910e-04 6.204379562043793768e-03 1.216545012165449910e-04 2.323600973236009115e-02 1.935523114355230667e-01 6.581508515815083504e-02 1.216545012165449910e-04 1.216545012165449910e-04 9.854014598540142278e-03 1.216545012165449910e-04 1.216545012165449910e-04 9.501216545012161618e-02 6.204379562043793768e-03 9.854014598540142278e-03
3.325767690253670361e-01 1.335113484646194672e-04 1.335113484646194672e-04 1.335113484646194672e-04 1.335113484646194672e-04 1.335113484646194672e-04 1.335113484646194672e-04 1.348464619492656391e-02 1.523364485981307803e-01 6.809078771695591635e-03 1.335113484646194672e-04 2.805073431241654758e-01 1.335113484646194672e-04 1.335113484646194672e-04 1.335113484646194672e-04 1.335113484646194672e-04 2.550066755674231661e-02 1.335113484646194672e-04 1.335113484646194672e-04 2.016021361815753532e-02 1.335113484646194672e-04 1.335113484646194672e-04 9.893190921228300905e-02 9.479305740987981413e-03 2.550066755674231661e-02 3.217623497997328802e-02 1.335113484646194672e-04 1.335113484646194672e-04 1.335113484646194672e-04 1.335113484646194672e-04
1.631321370309950810e-04 2.513866231647634009e-01 1.631321370309950810e-04 1.484502446982055059e-02 5.725938009787927274e-02 1.631321370309950810e-04 9.967373572593798969e-02 1.631321370309950810e-04 1.631321370309950810e-04 1.631321370309950810e-04 3.442088091353995988e-02 1.631321370309950810e-04 2.823817292006524649e-01 1.631321370309950810e-04 1.290375203915170854e-01 1.631321370309950810e-04 1.631321370309950810e-04 5.073409461663946907e-02 1.631321370309950810e-04 1.631321370309950810e-04 1.631321370309950810e-04 1.631321370309950810e-04 1.631321370309950810e-04 3.425774877650896756e-03 1.631321370309950810e-04 1.631321370309950810e-04 1.631321370309950810e-04 4.910277324632952162e-02 1.158238172920065048e-02 1.321370309951060140e-02
2.966101694915254314e-03 1.412429378531073496e-04 1.412429378531073496e-04 4.378531073446327755e-03 1.412429378531073496e-04 1.412429378531073496e-04 1.553672316384180872e-03 1.412429378531073496e-04 1.724576271186440690e-01 1.526836158192090287e-01 4.675141242937853187e-02 1.159604519774011244e-01 1.412429378531073496e-04 2.966101694915254314e-03 1.412429378531073496e-04 1.412429378531073496e-04 1.553672316384180872e-03 1.412429378531073496e-04 1.553672316384180872e-03 1.216101694915254217e-01 1.498587570621468801e-01 2.415254237288135680e-02 1.426553672316384185e-02 1.412429378531073496e-04 1.412429378531073496e-04 1.412429378531073496e-04 1.412429378531073496e-04 1.696327683615819204e-01 1.412429378531073496e-04 1.567796610169491442e-02
1.697792869269948879e-04 1.544991511035653277e-02 1.697792869269948879e-04 1.697792869269948879e-04 7.826825127334463561e-02 1.697792869269948879e-04 1.697792869269948879e-04 1.697792869269948879e-04 1.697792869269948879e-04 1.697792869269948879e-04 1.546689303904923152e-01 1.190152801358233953e-01 1.697792869269948879e-04 1.697792869269948879e-04 1.697792869269948879e-04 1.697792869269948879e-04 2.563667232597622442e-02 5.263157894736841119e-03 1.697792869269948879e-04 1.697792869269948879e-04 1.697792869269948879e-04 4.261460101867571570e-02 2.293718166383700574e-01 1.697792869269948879e-04 1.275042444821731513e-01 6.960950764006788860e-03 1.697792869269948879e-04 1.631578947368420573e-01 1.714770797962648224e-02 1.205432937181663555e-02
1.626016260162601625e-04 1.626016260162601625e-04 1.626016260162601625e-04 1.788617886178862004e-03 3.756097560975610317e-02 1.626016260162601625e-04 1.626016260162601625e-04 5.544715447154471843e-02 1.626016260162601625e-04 1.626016260162601625e-04 2.292682926829268247e-02 2.180487804878048774e-01 1.626016260162601625e-04 1.626016260162601625e-04 1.626016260162601625e-04 3.105691056910569320e-02 1.741463414634146223e-01 2.617886178861788746e-02 1.871544715447154283e-01 3.414634146341463412e-03 1.788617886178862004e-03 3.414634146341463412e-03 3.414634146341463412e-03 1.626016260162601625e-04 1.788617886178862004e-03 2.294308943089430897e-01 1.626016260162601625e-04 1.626016260162601625e-04 1.626016260162601625e-04 1.626016260162601625e-04
1.222493887530561962e-04 2.898533007334962441e-01 3.253056234718825768e-01 1.248166259168703718e-01 1.222493887530561962e-04 1.222493887530561962e-04 1.222493887530561962e-04 1.222493887530561962e-04 1.356968215158923727e-02 1.222493887530561962e-04 4.902200488997553868e-02 7.469437652811733441e-02 1.356968215158923727e-02 8.679706601466989635e-03 1.222493887530561962e-04 1.222493887530561962e-04 1.222493887530561962e-04 2.701711491442542259e-02 1.222493887530561962e-04 1.222493887530561962e-04 1.222493887530561962e-04 1.222493887530561962e-04 6.369193154034227811e-02 1.222493887530561962e-04 1.222493887530561962e-04 1.344743276283618403e-03 3.789731051344742436e-03 1.222493887530561962e-04 1.344743276283618403e-03 1.344743276283618403e-03
1.461988304093567008e-04 5.716374269005847220e-02 1.608187134502923844e-03 9.078947368421051711e-02 4.254385964912280049e-02 1.461988304093567008e-04 1.461988304093567008e-04 1.608187134502923844e-03 1.461988304093567008e-04 1.461988304093567008e-04 1.461988304093567008e-04 9.517543859649120475e-02 1.461988304093567008e-04 4.532163742690057534e-03 1.608187134502923844e-03 1.461988304093567008e-04 1.461988304093567008e-04 1.038011695906432448e-02 3.084795321637426660e-02 1.461988304093567008e-04 6.739766081871344239e-02 8.918128654970759045e-03 8.918128654970759045e-03 1.461988304093567008e-04 1.461988304093567008e-04 1.461988304093567008e-04 1.461988304093567008e-04 5.761695906432747760e-01 1.461988304093567008e-04 1.461988304093567008e-04
1.215066828675577185e-04 7.302551640340218531e-02 1.215066828675577185e-04 1.215066828675577185e-04 7.788578371810449263e-02 1.215066828675577185e-04 1.215066828675577185e-04 1.215066828675577185e-04 6.452004860267314401e-02 1.520048602673146898e-01 1.215066828675577185e-04 7.302551640340218531e-02 2.199270959902794795e-02 1.215066828675577185e-04 1.105710814094775125e-02 1.215066828675577185e-04 1.215066828675577185e-04 2.685297691373025528e-02 1.215066828675577185e-04 7.411907654921019890e-03 4.143377885783718073e-02 1.215066828675577185e-04 4.264884568651276103e-02 1.215066828675577185e-04 8.626974483596597590e-03 1.215066828675577185e-04 1.215066828675577185e-04 3.962332928311057545e-01 1.215066828675577185e-04 1.336573511543135079e-03
5.952380952380954002e-04 6.547619047619049511e-03 5.952380952380954002e-04 1.250000000000000243e-02 1.851190476190476553e-01 5.952380952380954002e-04 5.952380952380954002e-04 5.952380952380954002e-04 2.208333333333333814e-01 2.089285714285714635e-01 5.952380952380954002e-04 5.952380952380954002e-04 5.952380952380954002e-04 5.952380952380954002e-04 5.952380952380954002e-04 5.952380952380954002e-04 4.226190476190476442e-02 5.952380952380954002e-04 5.952380952380954002e-04 5.952380952380954002e-04 7.797619047619049060e-02 5.952380952380954002e-04 6.011904761904762751e-02 5.952380952380954002e-04 3.035714285714286031e-02 5.952380952380954002e-04 5.952380952380954002e-04 1.845238095238095621e-02 3.035714285714286031e-02 9.583333333333335369e-02
1.730103806228373375e-04 1.818339100346020309e-01 8.823529411764704025e-03 1.714532871972317962e-01 1.730103806228373375e-04 1.730103806228373375e-04 1.730103806228373375e-04 1.730103806228373375e-04 1.730103806228373375e-04 6.764705882352940736e-02 3.131487889273355807e-02 3.996539792387542728e-02 1.730103806228373375e-04 1.730103806228373375e-04 2.958477508650518562e-02 1.730103806228373375e-04 1.730103806228373375e-04 1.920415224913494395e-02 1.730103806228373375e-04 1.730103806228373375e-04 1.730103806228373375e-04 1.730103806228373375e-04 1.228373702422145067e-02 1.903114186851210957e-03 1.730103806228373375e-04 1.903114186851210957e-03 1.903114186851210957e-03 4.292387543252594306e-01 1.730103806228373375e-04 1.730103806228373375e-04
1.666666666666666644e-02 5.261437908496732763e-02 3.267973856209150643e-04 3.267973856209150643e-04 3.267973856209150643e-04 3.267973856209150643e-04 3.594771241830065599e-03 3.267973856209150643e-04 6.862745098039215591e-03 3.627450980392156465e-02 3.594771241830065599e-03 3.267973856209150643e-04 1.277777777777777957e-01 3.267973856209150643e-04 3.267973856209150643e-04 3.267973856209150643e-04 3.267973856209150643e-04 1.339869281045751558e-02 2.973856209150326640e-02 3.267973856209150643e-04 8.856209150326797841e-02 3.267973856209150643e-04 3.267973856209150643e-04 3.267973856209150643e-04 3.594771241830065599e-03 3.267973856209150643e-04 6.862745098039215591e-03 6.049019607843136859e-01 3.267973856209150643e-04 3.267973856209150643e-04
2.519954389965791894e-02 4.197263397947547658e-01 4.675028506271378462e-03 6.054732041049029623e-02 7.423033067274797947e-02 1.140250855188141101e-04 1.140250855188141101e-04 1.140250855188141101e-04 1.254275940706955266e-03 1.140250855188141101e-04 2.748004561003420179e-02 1.140250855188141101e-04 8.335233751425311088e-02 6.510832383124286193e-02 1.140250855188141101e-04 1.140250855188141101e-04 8.095781071835801007e-03 1.140250855188141101e-04 3.660205245153932974e-02 1.140250855188141101e-04 8.095781071835801007e-03 1.140250855188141101e-04 6.396807297605472398e-02 1.254275940706955266e-03 1.140250855188141101e-04 1.140250855188141101e-04 2.394526795895096476e-03 1.164196123147091949e-01 1.140250855188141101e-04 1.140250855188141101e-04
1.054977711738484120e-02 1.279346210995541966e-01 8.335809806835065006e-02 1.485884101040118742e-04 6.092124814264485676e-03 2.095096582466567103e-02 1.368499257057949059e-01 1.485884101040118742e-04 1.485884101040118742e-04 1.203566121842495999e-02 4.621099554234769230e-02 4.769687964338781283e-02 1.485884101040118742e-04 1.485884101040118742e-04 1.485884101040118742e-04 1.634472511144130589e-03 1.264487369985140830e-01 1.485884101040118742e-04 3.537890044576522119e-01 1.485884101040118742e-04 1.634472511144130589e-03 1.485884101040118742e-04 2.095096582466567103e-02 1.485884101040118742e-04 1.485884101040118742e-04 1.485884101040118742e-04 1.485884101040118742e-04 1.485884101040118742e-04 1.485884101040118742e-04 1.634472511144130589e-03
1.515151515151514879e-04 4.863636363636363036e-02 1.515151515151514879e-04 1.515151515151514879e-04 1.515151515151514879e-04 1.515151515151514879e-04 1.515151515151514879e-04 1.515151515151514879e-04 1.515151515151514879e-04 1.515151515151514879e-04 1.243939393939393623e-01 8.348484848484846732e-02 2.893939393939393492e-02 1.515151515151514879e-04 1.984848484848484446e-02 3.181818181818181490e-03 1.515151515151514879e-04 1.833333333333332996e-02 4.106060606060605439e-02 1.227272727272727022e-02 1.515151515151514879e-04 5.015151515151514833e-02 2.319696969696969091e-01 1.515151515151514879e-04 1.984848484848484446e-02 6.212121212121210490e-03 1.515151515151514879e-04 2.956060606060605389e-01 1.378787878787878472e-02 1.515151515151514879e-04
2.035398230088495894e-02 3.919089759797724469e-03 1.264222503160556202e-04 1.264222503160556202e-04 1.264222503160556202e-04 1.264222503160556202e-04 1.264222503160556202e-04 1.390644753476611957e-03 6.460176991150443082e-02 1.480404551201011387e-01 1.264222503160556202e-04 9.241466498103666216e-02 9.747155499367887721e-02 1.264222503160556202e-04 1.264222503160556202e-04 1.264222503160556202e-04 1.264222503160556202e-04 1.264222503160556202e-04 1.264222503160556202e-04 8.975979772439949059e-03 1.644753476611883758e-01 1.264222503160556202e-04 2.654867256637168105e-03 1.264222503160556202e-04 3.552465233881163531e-02 1.264222503160556202e-04 1.264222503160556202e-04 3.579013906447535143e-01 1.264222503160556202e-04 1.264222503160556202e-04
2.403846153846153709e-04 2.403846153846153709e-04 2.403846153846153709e-04 3.629807692307691902e-02 2.403846153846153709e-04 2.403846153846153709e-04 2.403846153846153709e-04 2.403846153846153709e-04 3.271634615384614864e-01 3.319711538461537770e-01 2.403846153846153709e-04 1.733173076923076594e-01 5.048076923076922490e-03 2.403846153846153709e-04 2.403846153846153709e-04 2.644230769230768944e-03 2.403846153846153709e-04 2.403846153846153709e-04 2.403846153846153709e-04 2.403846153846153709e-04 6.274038461538461453e-02 2.403846153846153709e-04 2.403846153846153709e-04 2.403846153846153709e-04 2.403846153846153709e-04 2.403846153846153709e-04 2.403846153846153709e-04 5.072115384615383943e-02 2.403846153846153709e-04 5.048076923076922490e-03
1.805054151624548909e-04 1.805054151624548909e-04 1.805054151624548909e-04 1.805054151624548909e-04 2.184115523465703784e-02 1.985559566787003637e-03 1.805054151624548909e-04 1.805054151624548909e-04 1.824909747292418616e-01 1.355595667870035936e-01 1.985559566787003637e-03 1.788808664259927683e-01 2.906137184115523825e-02 1.805054151624548909e-04 1.805054151624548909e-04 1.805054151624548909e-04 1.805054151624548909e-04 1.805054151624548909e-04 1.805054151624548909e-04 5.252707581227437222e-02 1.481949458483754478e-01 1.805054151624548909e-04 9.205776173285197539e-03 1.985559566787003637e-03 1.805054151624548909e-04 1.805054151624548909e-04 1.805054151624548909e-04 2.312274368231046762e-01 1.805054151624548909e-04 1.985559566787003637e-03
1.394700139470013683e-04 1.269177126917712256e-02 1.394700139470013683e-04 1.394700139470013683e-04 1.827057182705717556e-02 1.394700139470013683e-04 4.323570432357042199e-03 1.534170153417015051e-03 5.592747559274754282e-02 5.732217573221756041e-02 1.394700139470013683e-04 9.902370990237096063e-03 6.569037656903763123e-02 1.394700139470013683e-04 1.534170153417015051e-03 1.394700139470013683e-04 1.394700139470013683e-04 1.394700139470013683e-04 9.902370990237096063e-03 1.394700139470013683e-04 2.902370990237098103e-01 1.394700139470013683e-04 1.394700139470013683e-04 1.394700139470013683e-04 1.394700139470013683e-04 1.394700139470013683e-04 1.408647140864713668e-02 4.534170153417014237e-01 1.394700139470013683e-04 2.928870292887028517e-03
2.317541613316261018e-02 1.601792573623559146e-01 1.371318822023047113e-01 1.280409731113956362e-04 1.280409731113956362e-04 9.090909090909088733e-03 9.090909090909088733e-03 1.408450704225351971e-03 1.280409731113956362e-04 1.280409731113956362e-04 3.969270166453264803e-03 7.055057618437898803e-02 1.280409731113956362e-04 1.717029449423815302e-01 1.280409731113956362e-04 1.421254801536491440e-02 2.701664532650447856e-02 1.280409731113956362e-04 1.140845070422534940e-01 1.280409731113956362e-04 1.280409731113956362e-04 1.280409731113956362e-04 6.286811779769525821e-02 1.280409731113956362e-04 6.530089628681176768e-03 1.280409731113956362e-04 1.473751600512163695e-01 2.445582586427656746e-02 1.280409731113956362e-04 1.549295774647886995e-02
7.663043478260871122e-02 1.527173913043478604e-01 5.434782608695653324e-04 5.434782608695653324e-04 5.434782608695653324e-04 5.434782608695653324e-04 5.434782608695653324e-04 5.489130434782609619e-02 5.434782608695653324e-04 1.684782608695652509e-02 5.489130434782609619e-02 5.434782608695653324e-04 5.434782608695653324e-04 5.434782608695653324e-04 2.233695652173913471e-01 5.434782608695653324e-04 5.434782608695653324e-04 5.434782608695653324e-04 8.750000000000002220e-02 5.434782608695653324e-04 5.434782608695653324e-04 5.434782608695653324e-04 5.978260869565218440e-03 5.434782608695653324e-04 5.434782608695653324e-04 5.434782608695653324e-04 5.434782608695653324e-04 3.157608695652174280e-01 5.434782608695653324e-04 5.434782608695653324e-04
2.028397565922920322e-04 2.028397565922920322e-04 6.308316430020281806e-02 2.028397565922920322e-04 2.231237322515212517e-03 2.028397565922920322e-04 2.028397565922920322e-04 2.454361054766733205e-02 4.888438133874237895e-02 2.028397565922920322e-04 4.259634888438132948e-03 1.726166328600405031e-01 2.028397565922920322e-04 1.847870182555780283e-01 2.028397565922920322e-04 3.265720081135901898e-02 2.860040567951317378e-02 2.028397565922920322e-04 3.267748478701824055e-01 2.028397565922920322e-04 2.231237322515212517e-03 8.316430020283972074e-03 9.350912778904661715e-02 2.028397565922920322e-04 4.259634888438132948e-03 2.028397565922920322e-04 2.028397565922920322e-04 2.028397565922920322e-04 2.028397565922920322e-04 2.028397565922920322e-04
2.312775330396475790e-03 1.124449339207048287e-01 2.312775330396475790e-03 1.101321585903083613e-04 8.601321585903082267e-02 1.211453744493391988e-03 1.101321585903083613e-04 1.211453744493391988e-03 3.975770925110131554e-02 6.178414096916298726e-02 1.101321585903083613e-04 1.002202643171806046e-02 9.482378854625549136e-02 1.101321585903083613e-04 1.101321585903083613e-04 1.101321585903083613e-04 1.101321585903083613e-04 6.718061674008809700e-03 3.414096916299558943e-03 1.101321585903083613e-04 4.856828193832598423e-02 1.101321585903083613e-04 1.036343612334801600e-01 1.101321585903083613e-04 1.101321585903083613e-04 1.101321585903083613e-04 1.101321585903083613e-04 4.230176211453744450e-01 1.211453744493391988e-03 1.101321585903083613e-04
