4.027603513174404098e-02 2.247176913425344980e-01 1.016311166875784149e-02 7.653701380175658049e-03 5.144291091593475480e-03 3.023839397741531071e-02 2.535759096612296148e-01 1.254705144291091772e-04 2.673776662484316224e-01 1.607277289836888390e-01
1.204511278195488644e-01 1.218045112781954847e-02 3.219548872180451049e-01 1.503759398496240800e-04 1.503759398496240800e-04 3.022556390977443677e-02 2.948872180451127534e-01 4.977443609022556836e-02 1.445112781954887016e-01 2.571428571428571730e-02
3.724035608308604722e-02 3.872403560830860181e-02 1.795252225519287578e-02 1.483679525222551874e-04 5.801186943620176978e-02 5.832344213649850451e-01 8.916913946587536055e-02 9.065281899109790820e-02 5.949554896142432436e-02 2.537091988130563483e-02
1.027565084226646219e-01 2.465543644716692434e-02 4.136294027565084463e-01 3.078101071975497885e-02 3.215926493108729224e-03 9.663093415007657783e-02 2.666156202143951104e-01 1.531393568147013736e-04 4.456355283307810583e-02 1.699846860643185187e-02
9.712230215827335686e-03 1.199040767386091018e-04 2.231414868105515148e-01 1.199040767386091018e-04 1.224220623501198757e-01 4.173860911270982910e-01 2.889688249400479414e-02 9.964028776978414714e-02 1.199040767386091018e-04 9.844124700239806347e-02
2.389247311827956965e-01 1.873118279569892242e-01 2.602150537634408470e-02 2.150537634408602149e-04 2.150537634408602149e-04 3.032258064516129073e-02 2.432258064516129026e-01 3.677419354838710325e-02 2.217204301075268724e-01 1.526881720430107482e-02
7.508650519031141723e-02 1.050749711649365536e-01 1.280276816608996553e-02 1.268742791234140710e-03 2.433679354094579056e-02 1.741637831603229380e-02 4.971164936562860737e-02 1.558246828143021734e-01 5.583621683967705529e-01 1.153402537485582476e-04
7.257318952234206866e-02 2.359013867488443661e-01 1.540832049306625632e-04 2.220338983050847426e-01 1.540832049306625632e-04 4.791987673343605508e-02 1.540832049306625632e-04 4.175654853620955342e-02 1.093990755007704166e-02 3.684129429892141760e-01
1.494768310911808774e-04 6.890881913303438522e-02 1.494768310911808774e-04 1.509715994020926697e-02 2.826606875934229990e-01 2.034379671150971514e-01 1.061285500747384189e-02 1.690582959641255545e-01 1.644245142002989570e-03 2.482810164424514021e-01
1.422960725075528843e-01 3.323262839879154509e-03 3.021148036253776432e-04 3.021148036253776432e-04 6.528700906344411248e-01 1.211480362537764449e-01 4.864048338368580360e-02 3.021148036253776432e-04 3.021148036253776432e-04 3.051359516616313980e-02
1.618458610846812418e-01 8.477640342530921858e-02 9.514747859181731560e-05 1.437678401522359539e-01 4.035204567078972682e-01 1.151284490960989559e-02 8.658420551855375638e-03 6.194100856327306587e-02 4.852521408182683231e-03 1.190294957183634511e-01
4.074074074074073709e-02 3.367003367003367181e-04 6.905723905723905043e-01 3.367003367003367181e-04 1.043771043771043842e-02 3.703703703703703845e-03 3.367003367003367181e-04 1.989898989898989945e-01 3.367003367003367181e-04 5.420875420875421319e-02
3.435207823960879925e-02 6.246943765281173094e-02 3.312958435207823821e-02 1.222493887530562233e-04 3.557457212713936029e-02 3.998777506112469182e-01 1.222493887530562233e-04 4.290953545232273347e-02 2.531784841075794268e-01 1.382640586797065640e-01
2.433090024330900362e-04 2.433090024330900362e-04 5.817518248175181927e-01 2.433090024330900362e-04 8.540145985401460804e-02 1.705596107055960819e-01 1.267639902676399033e-01 2.433090024330900362e-04 2.433090024330900362e-04 3.430656934306569594e-02
6.832579185520364085e-02 1.402714932126697227e-02 3.081447963800905687e-01 9.502262443438916698e-03 4.524886877828055570e-04 4.524886877828055570e-04 4.076923076923077982e-01 1.904977375565611308e-01 4.524886877828055570e-04 4.524886877828055570e-04
2.915567282321900044e-02 2.770448548812665026e-03 5.093667546174143190e-01 1.319261213720316576e-04 5.817941952506596598e-02 1.769129287598944500e-01 1.584432717678100067e-01 6.728232189973613886e-03 2.915567282321900044e-02 2.915567282321900044e-02
1.893348623853210733e-01 1.537844036697247341e-01 1.146788990825688002e-04 3.682339449541284226e-01 3.222477064220183318e-02 1.261467889908256734e-03 4.713302752293577202e-02 2.305045871559632809e-02 7.121559633027521596e-02 1.136467889908256701e-01
3.079268292682926789e-02 3.048780487804878046e-04 3.417682926829267998e-01 3.048780487804878046e-04 3.048780487804878046e-04 3.048780487804878046e-04 4.362804878048780477e-01 1.344512195121951303e-01 3.048780487804878046e-04 5.518292682926830006e-02
1.811594202898550747e-04 4.365942028985507484e-02 1.940217391304347727e-01 1.811594202898550747e-04 1.992753623188406147e-03 4.983695652173913415e-01 1.811594202898550747e-04 8.170289855072464247e-02 3.278985507246377079e-02 1.469202898550724667e-01
3.426258992805755743e-02 1.799460431654676118e-01 8.732014388489207912e-02 1.897482014388489346e-02 1.088129496402877663e-02 8.992805755395683650e-05 3.633992805755396072e-01 8.992805755395683650e-05 9.991007194244604095e-02 2.051258992805755355e-01
2.397928994082840215e-01 8.890532544378698665e-02 6.227810650887573990e-02 1.479289940828402386e-04 6.065088757396449107e-03 1.479289940828402386e-04 4.468934911242604113e-01 6.819526627218934489e-02 1.479289940828402386e-04 8.742603550295857673e-02
3.147619047619047983e-01 8.619047619047620623e-02 1.433333333333333681e-01 4.761904761904762985e-04 4.761904761904762985e-04 4.761904761904762985e-04 3.052380952380952528e-01 4.761904761904762985e-04 1.480952380952381131e-01 4.761904761904762985e-04
9.251592356687898810e-02 4.952229299363057613e-02 2.326433121019108319e-01 1.592356687898089361e-04 2.563694267515923692e-02 1.926751592356687817e-02 2.963375796178344124e-01 1.592356687898089361e-04 2.549363057324840476e-01 2.882165605095541455e-02
1.363805970149253588e-01 8.041044776119403437e-02 4.309701492537313522e-02 1.865671641791044795e-04 1.865671641791044795e-04 1.865671641791044795e-04 5.505597014925373012e-01 8.041044776119403437e-02 1.865671641791044795e-04 1.083955223880597035e-01
4.455587392550143522e-02 1.432664756446991577e-04 4.671919770773639291e-01 3.008595988538682094e-03 1.432664756446991577e-04 7.320916905444126155e-02 2.293696275071633039e-01 2.593123209169054602e-02 1.563037249283667496e-01 1.432664756446991577e-04
1.343815513626834268e-01 1.113207547169811351e-01 2.664570230607966606e-01 2.306079664570230819e-03 2.096436058700209811e-04 4.423480083857442985e-02 5.890985324947589641e-02 3.375262054507337933e-02 1.050314465408805076e-01 2.433962264150943411e-01
1.497005988023952078e-04 1.212574850299401145e-02 5.241017964071856827e-01 3.143712574850299635e-03 1.497005988023952078e-04 3.609281437125748671e-01 1.497005988023952078e-04 1.497005988023952078e-04 1.497005988023952078e-04 9.895209580838322527e-02
1.631321370309951081e-04 2.448613376835236388e-01 7.030995106035889397e-02 5.057096247960848542e-03 4.094616639477977049e-02 1.290375203915171132e-01 1.208809135399673690e-01 1.647634584013050671e-02 1.631321370309951081e-04 3.721044045676998313e-01
1.033898305084745770e-02 8.322033898305085386e-02 1.694915254237288249e-04 2.238983050847457579e-01 1.238983050847457523e-01 8.491525423728814304e-02 1.694915254237288249e-04 1.561016949152542188e-01 1.203389830508474513e-02 3.052542372881356103e-01
8.549075391180654959e-02 2.574679943100995766e-02 1.623044096728307184e-01 3.143669985775249254e-02 1.422475106685633123e-04 1.564722617354196354e-03 2.078236130867709697e-01 7.268847795163585479e-02 3.955903271692745582e-01 1.721194879089615881e-02
2.517985611510791585e-03 1.008393285371702586e-01 5.647482014388489208e-02 1.260191846522781822e-01 1.979616306954436467e-01 1.895683453237410054e-01 1.199040767386091153e-04 1.320143884892086283e-01 1.199040767386091153e-04 1.943645083932853679e-01
1.455399061032864108e-02 4.694835680751174682e-04 2.962441314553991289e-01 4.694835680751174682e-04 5.680751173708920715e-02 1.131455399061033068e-01 4.230046948356807612e-01 4.272300469483568397e-02 5.211267605633803507e-02 4.694835680751174682e-04
6.790123456790124294e-03 1.981481481481481566e-01 3.765432098765431751e-02 6.172839506172839380e-04 3.895061728395061706e-01 6.172839506172839380e-04 3.765432098765431751e-02 2.598765432098765760e-01 1.296296296296296433e-02 5.617283950617283500e-02
4.508426966292135296e-02 1.404494382022472034e-04 4.945224719101123934e-01 7.162921348314606369e-03 1.404494382022472034e-04 1.181179775280898764e-01 1.574438202247190888e-01 3.103932584269663078e-02 1.462078651685393138e-01 1.404494382022472034e-04
1.272598870056497189e-01 1.412429378531073496e-04 2.967514124293785249e-01 1.553672316384180872e-03 1.412429378531073496e-04 1.991525423728813388e-02 3.475988700564971445e-01 1.216101694915254217e-01 1.285310734463276754e-02 7.217514124293784861e-02
2.592592592592592518e-02 2.986531986531986149e-01 1.122334455667788880e-04 1.122334455667788880e-04 3.479236812570145419e-03 2.704826038159371254e-02 1.122334455667788880e-04 1.179573512906846033e-01 4.445566778900111871e-01 8.204264870931535225e-02
1.846330275229357901e-02 4.827981651376146710e-02 3.407110091743119629e-01 1.146788990825688137e-04 2.408256880733945088e-03 5.401376146788990779e-02 2.615825688073394328e-01 5.860091743119266033e-02 2.134174311926605450e-01 2.408256880733945088e-03
1.309523809523809468e-03 2.511904761904761724e-02 6.608333333333332726e-01 1.190476190476190340e-04 1.190476190476190340e-04 6.440476190476189522e-02 1.144047619047618841e-01 4.178571428571428020e-02 1.190476190476190340e-04 9.178571428571426216e-02
1.485884101040119013e-04 6.106983655274889067e-02 1.485884101040119013e-04 1.485884101040119013e-04 3.433878157503714723e-01 3.329866270430906217e-01 1.485884101040119013e-04 1.323922734026745929e-01 1.485884101040119013e-04 1.294205052005943379e-01
6.444954128440366636e-02 7.821100917431192401e-02 1.628440366972477155e-02 2.293577981651376274e-04 1.057339449541284393e-01 2.089449541284403578e-01 2.293577981651376274e-04 8.738532110091742910e-02 2.293577981651376274e-04 4.383027522935779574e-01
3.919089759797724469e-03 3.919089759797724469e-03 5.551201011378003036e-01 1.264222503160556202e-04 6.460176991150443082e-02 8.482932996207331877e-02 2.137800252844500593e-01 4.816687737041719375e-02 2.414664981036662716e-02 1.390644753476611957e-03
3.992042440318302465e-02 1.340848806366047585e-01 1.326259946949602270e-04 1.274535809018567667e-01 1.458885941644562497e-03 5.185676392572944465e-02 1.326259946949602270e-04 8.501326259946949404e-02 4.523872679045093381e-01 1.075596816976127218e-01
1.547987616099071029e-04 1.718266253869968688e-02 1.332817337461300045e-01 1.547987616099071029e-04 1.547987616099071029e-04 6.178018575851392802e-01 6.346749226006189945e-03 5.588235294117646634e-02 1.547987616099071029e-04 1.688854489164086370e-01
1.821493624772313295e-04 8.761384335154827341e-02 1.821493624772313295e-04 1.058287795992714081e-01 8.761384335154827341e-02 1.222222222222222182e-01 1.821493624772313295e-04 1.295081967213114749e-01 1.821493624772313295e-04 4.664845173041894943e-01
3.521126760563380470e-04 1.552816901408450856e-01 3.521126760563380470e-04 3.521126760563380470e-04 5.566901408450704025e-01 1.130281690140845091e-01 3.521126760563380470e-04 1.024647887323943685e-01 3.521126760563380470e-04 7.077464788732394652e-02
2.292786421499292682e-01 2.420084865629419935e-01 1.414427157001414638e-04 4.398868458274399207e-02 1.414427157001414638e-04 1.555869872701556075e-03 3.452616690240452590e-01 5.813295615275813205e-02 1.414427157001414638e-04 7.934936350777935243e-02
8.954703832752612669e-02 1.754936120789779286e-01 8.246225319396050663e-03 1.499419279907084623e-01 1.161440185830429732e-04 4.761904761904761467e-03 2.881533101045296030e-01 1.161440185830429732e-04 1.255516840882694440e-01 1.580720092915214869e-01
1.519756838905775178e-04 4.878419452887538393e-02 3.481762917933130530e-01 1.519756838905775178e-04 1.231003039513677705e-02 3.041033434650455836e-01 8.525835866261398388e-02 4.574468085106383336e-02 6.231003039513677635e-03 1.490881458966565321e-01
1.582278481012658257e-04 3.356012658227848222e-01 4.905063291139240625e-03 1.582278481012658257e-04 1.140822784810126556e-01 1.362341772151898778e-01 7.136075949367089166e-02 4.762658227848101666e-02 1.740506329113924219e-03 2.881329113924050445e-01
1.949317738791423219e-04 7.231968810916179768e-02 2.769980506822611876e-01 1.949317738791423219e-04 1.444444444444444309e-01 2.945419103313839937e-01 2.943469785575048708e-02 5.867446393762183743e-02 1.949317738791423219e-04 1.230019493177387929e-01
2.701421800947867435e-02 2.545023696682464642e-01 7.756714060031595637e-02 6.650868878357030223e-02 4.913112164296998957e-02 1.579778830963665226e-04 4.124802527646129757e-01 6.477093206951026368e-03 1.579778830963665226e-04 1.060031595576619162e-01
1.989648033126293902e-01 4.347826086956521792e-03 1.202898550724637722e-01 5.403726708074534785e-02 8.302277432712215632e-02 2.070393374741200815e-04 3.873706004140786696e-01 8.302277432712215632e-02 5.196687370600414080e-02 1.677018633540372505e-02
1.748251748251748250e-04 1.748251748251748250e-04 4.372377622377622286e-01 1.748251748251748250e-04 4.213286713286713836e-02 1.610139860139860046e-01 2.047202797202797020e-01 1.155594405594405488e-01 7.167832167832167284e-03 3.164335664335664322e-02
3.651315789473683765e-02 7.269736842105263552e-02 6.907894736842105921e-03 4.638157894736841952e-02 3.289473684210526242e-04 3.289473684210526242e-04 1.351973684210526494e-01 4.309210526315789686e-02 6.121710526315788936e-01 4.638157894736841952e-02
3.717472118959107199e-04 2.159851301115241207e-01 3.717472118959107199e-04 2.234200743494423325e-01 2.085501858736059089e-01 7.100371747211894902e-02 1.602230483271375183e-01 1.193308550185873396e-01 3.717472118959107199e-04 3.717472118959107199e-04
1.589569160997732211e-01 2.267573696145124831e-04 7.278911564625850650e-02 2.267573696145124831e-04 1.022675736961451282e-01 2.267573696145124831e-04 4.061224489795918213e-01 1.884353741496598567e-01 2.267573696145124831e-04 7.052154195011338389e-02
8.299418604651162545e-02 3.940406976744186274e-01 1.453488372093023236e-04 1.453488372093023236e-04 4.505813953488372464e-03 4.505813953488372464e-03 1.963662790697674465e-01 5.683139534883720895e-02 2.109011627906976771e-01 4.956395348837209364e-02
3.198529411764706315e-02 1.386029411764705677e-01 3.198529411764706315e-02 1.850490196078431390e-02 1.225490196078431356e-04 2.095588235294117835e-02 1.851715686274509609e-01 1.225490196078431356e-04 3.849264705882353144e-01 1.876225490196078427e-01
1.969924812030075106e-02 1.819548872180451124e-02 1.715789473684210531e-01 1.503759398496240800e-04 9.789473684210525661e-02 9.037593984962406790e-02 7.233082706766917613e-02 1.399999999999999856e-01 3.896240601503759837e-01 1.503759398496240800e-04
2.617801047120419116e-04 5.523560209424083906e-02 2.829842931937172623e-01 2.617801047120419116e-04 8.115183246073298662e-03 2.643979057591622911e-02 1.023560209424083794e-01 3.484293193717277193e-01 2.617801047120419116e-04 1.756544502617800874e-01
2.377740303541315409e-02 2.008431703204047181e-01 1.686340640809443525e-04 4.537942664418213035e-01 1.686340640809443525e-04 3.541315345699831349e-03 1.283305227655986425e-01 5.227655986509274766e-03 1.365935919055649185e-02 1.704890387858347400e-01
2.109686609686609593e-01 6.994301994301994896e-02 1.910256410256410131e-01 1.424501424501424681e-04 1.424501424501424681e-04 1.424501424501424681e-04 3.819088319088319583e-01 8.561253561253560906e-02 1.566951566951567095e-03 5.854700854700854717e-02
1.230066445182724233e-01 7.317275747508304728e-02 8.305647840531561927e-05 2.127076411960133195e-01 8.305647840531561927e-05 3.496677740863787798e-02 8.305647840531561927e-05 1.744186046511627883e-03 4.959302325581395610e-01 5.822259136212624281e-02
1.200480192076830785e-04 1.333733493397358805e-01 4.453781512605042153e-02 1.200480192076830785e-04 1.200480192076830785e-04 4.921968787515005987e-03 6.494597839135654582e-02 1.572629051620648075e-02 4.671068427370948517e-01 2.690276110444177471e-01
1.244306418219461446e-01 7.681159420289854212e-02 6.418219461697721034e-03 8.488612836438921144e-03 5.923395445134574944e-01 2.070393374741200544e-04 5.610766045548653408e-02 2.091097308488612180e-02 4.347826086956520925e-03 1.099378881987577439e-01
1.060897435897435875e-01 5.160256410256410659e-02 3.205128205128205125e-04 3.205128205128205125e-04 6.958333333333333037e-01 1.413461538461538436e-01 3.205128205128205125e-04 3.205128205128205125e-04 3.205128205128205125e-04 3.525641025641026126e-03
2.785467128027682010e-02 1.506920415224913268e-01 1.903114186851211174e-03 2.821799307958477443e-01 2.266435986159169580e-02 1.022491349480968842e-01 1.730103806228373918e-04 5.899653979238754509e-02 4.342560553633217912e-02 3.098615916955017036e-01
1.512859304084719994e-04 1.512859304084719994e-04 4.071104387291981652e-01 3.177004538577911635e-03 1.512859304084719994e-04 4.600605143721633317e-01 2.284417549167926803e-02 2.284417549167926803e-02 4.099848714069591338e-02 4.251134644478062746e-02
2.143212951432129365e-01 4.246575342465753328e-02 4.744707347447073981e-02 1.755915317559153185e-02 7.596513075965130070e-03 1.245330012453300060e-04 5.605230386052304503e-01 4.869240348692403797e-02 1.245330012453300060e-04 6.114570361145704042e-02
1.530909090909091386e-01 7.672727272727275505e-02 3.636363636363637228e-04 2.840000000000000302e-01 3.636363636363637228e-04 3.636363636363637228e-04 2.476363636363636545e-01 3.636363636363637228e-04 6.945454545454547712e-02 1.676363636363636667e-01
8.397085610200365202e-02 1.821493624772313295e-04 3.353369763205828469e-01 1.821493624772313295e-04 8.943533697632058410e-02 2.021857923497267714e-02 3.535519125683059816e-01 8.943533697632058410e-02 1.821493624772313295e-04 2.750455373406193033e-02
7.511244377811095163e-02 1.499250374812593871e-04 4.364317841079460858e-01 1.064467766116941431e-02 4.512743628185907074e-02 1.364317841079460206e-02 3.239880059970015047e-01 9.145427286356821311e-03 8.110944527736131671e-02 4.647676161919040566e-03
8.474576271186441516e-04 8.474576271186441516e-04 5.262711864406779405e-01 8.474576271186441516e-04 2.211864406779661119e-01 8.559322033898304760e-02 8.474576271186441516e-04 1.618644067796610186e-01 8.474576271186441516e-04 8.474576271186441516e-04
1.357843137254901855e-01 1.633986928104575321e-04 4.200980392156863363e-01 1.633986928104575321e-04 1.633986928104575321e-04 6.225490196078431460e-02 2.158496732026143616e-01 8.186274509803921628e-02 1.633986928104575321e-04 8.349673202614379952e-02
1.117577197149643431e-01 3.931116389548693080e-02 1.674584323040379658e-02 3.693586698337291557e-02 1.187648456057006989e-04 1.022565320665082961e-01 3.681710213776721516e-03 5.226840855106887895e-01 1.271971496437054316e-01 3.931116389548693080e-02
2.114164904862579424e-04 2.325581395348837611e-03 3.363636363636363646e-01 2.114164904862579424e-04 2.325581395348837611e-03 4.441860465116279078e-01 2.114164904862579424e-04 6.152219873150106128e-02 2.114164904862579424e-04 1.524312896405919660e-01
1.780821917808218802e-02 1.956947162426614264e-04 6.303326810176125283e-01 1.956947162426614264e-04 3.542074363992172431e-02 8.825831702544030544e-02 1.900195694716242389e-01 2.954990215264187425e-02 8.023483365949117888e-03 1.956947162426614264e-04
9.000900090009001872e-05 2.709270927092709280e-02 1.522052205220522092e-01 9.000900090009001872e-05 8.379837983798379963e-02 5.419441944194419714e-01 5.499549954995499451e-02 5.319531953195319463e-02 9.000900090009001872e-05 8.649864986498649599e-02
2.958579881656804773e-04 2.958579881656804773e-04 1.689349112426035415e-01 2.958579881656804773e-04 4.467455621301775343e-02 3.316568047337277725e-01 4.467455621301775343e-02 3.079881656804733803e-01 2.100591715976331264e-02 8.017751479289941807e-02
1.497005988023952078e-04 1.497005988023952078e-04 3.100299401197604832e-01 1.497005988023952078e-04 1.497005988023952078e-04 4.492514970059880430e-01 1.497005988023952078e-04 3.607784431137724818e-02 1.423652694610778313e-01 6.152694610778443318e-02
1.166861143523920715e-04 1.459743290548424777e-01 1.166861143523920715e-04 1.166861143523920715e-04 4.562427071178529886e-02 1.109684947491248463e-01 9.113185530921819044e-02 1.878646441073512571e-02 4.551925320886814896e-01 1.319719953325554085e-01
5.570032573289902811e-02 2.964169381107491577e-02 9.478827361563518794e-02 3.257328990228013175e-04 3.257328990228013175e-04 3.257328990228013175e-04 2.087947882736156113e-01 6.221498371335505012e-02 5.410423452768728936e-01 6.840390879478827450e-03
2.326589595375722769e-02 5.216763005780346990e-02 1.648843930635837951e-01 1.589595375722543426e-03 8.684971098265896472e-02 1.445086705202312230e-04 5.492774566473989095e-01 1.445086705202312230e-04 1.445086705202312230e-04 1.215317919075144387e-01
1.481481481481481462e-04 1.481481481481481462e-04 3.527407407407407436e-01 7.555555555555554942e-03 1.586666666666666503e-01 3.853333333333333610e-01 1.481481481481481462e-04 7.125925925925925830e-02 1.481481481481481462e-04 2.385185185185185325e-02
8.668442077230359422e-02 8.002663115845538855e-02 4.888149134487350667e-01 1.331557922769640678e-04 1.331557922769640678e-04 5.459387483355525317e-03 1.932090545938748294e-01 1.331557922769640678e-04 1.744340878828229066e-02 1.279627163781624499e-01
1.287461773700305789e-01 6.422018348623853568e-03 8.593272171253822644e-02 1.865443425076452472e-02 1.253822629969418914e-02 3.088685015290519933e-02 3.275229357798165042e-01 9.204892966360857243e-02 2.908256880733944838e-01 6.422018348623853568e-03
1.526717557251908435e-04 1.283969465648854835e-01 1.526717557251908435e-04 1.694656488549618409e-02 1.482442748091603035e-01 6.427480916030534064e-02 2.169465648854961848e-01 3.984732824427481002e-02 2.169465648854961848e-01 1.680916030534350958e-01
7.246127366609295128e-02 1.550774526678141141e-01 1.721170395869191163e-04 1.516351118760757288e-01 1.893287435456110415e-03 1.309810671256454173e-01 2.254733218588640328e-02 3.803786574870912651e-02 1.721170395869191163e-04 4.270223752151462993e-01
1.052023121387283058e-02 6.254335260115606587e-02 3.364161849710982366e-02 1.156069364161849676e-04 4.751445086705202020e-02 5.619653179190751136e-01 1.156069364161849676e-04 3.942196531791906933e-02 7.052023121387282316e-03 2.371098265895953405e-01
3.519877675840978326e-01 3.058103975535168546e-04 1.440366972477064300e-01 3.058103975535168546e-04 3.058103975535168546e-04 3.058103975535168546e-04 3.305810397553516911e-01 7.064220183486238924e-02 4.617737003058104001e-02 5.535168195718655204e-02
1.459958932238192841e-01 1.457905544147843936e-02 4.088295687885010188e-01 2.053388090349076215e-04 2.053388090349076215e-04 3.100616016427104604e-02 2.158110882956878751e-01 1.090349075975359378e-01 2.053388090349076215e-04 7.412731006160164227e-02
3.830049261083744161e-02 4.938423645320197397e-02 3.350985221674877002e-01 1.354679802955665192e-03 1.392857142857142905e-01 8.386699507389161479e-02 2.254926108374384064e-01 9.495073891625614715e-02 6.280788177339901267e-03 2.598522167487684817e-02
3.209897610921501609e-01 5.989761092150171218e-02 6.501706484641638084e-02 1.706484641638225273e-04 2.576791808873720238e-02 1.706484641638225273e-04 3.738907849829351537e-01 8.720136518771330614e-02 3.583617747440273182e-03 6.331058020477815795e-02
1.440243902439024282e-01 5.987804878048780949e-02 1.219512195121951354e-04 1.452439024390243805e-01 8.658536585365852675e-03 4.086585365853658836e-01 1.219512195121951354e-04 1.708536585365853511e-01 2.329268292682927163e-02 3.914634146341463422e-02
1.512859304084719994e-04 3.177004538577911635e-03 4.689863842662631357e-03 1.512859304084719994e-04 1.453857791225415808e-01 4.993948562783660505e-01 5.763993948562783076e-02 1.302571860816943705e-01 6.671709531013614303e-02 9.243570347957638655e-02
1.184834123222748851e-04 7.227488151658766936e-03 1.303317535545023709e-03 5.854265402843602528e-01 1.126777251184834100e-01 1.196682464454976343e-02 1.184834123222748851e-04 2.513033175355450233e-01 1.184834123222748851e-04 2.973933649289099701e-02
1.398601398601398600e-04 1.078321678321678273e-01 2.251748251748252050e-02 1.538461538461538677e-03 1.398601398601398600e-04 2.531468531468531596e-02 8.685314685314685090e-02 1.623776223776223770e-01 5.232167832167832211e-01 7.006993006993007811e-02
2.673796791443850329e-04 5.909090909090909671e-02 2.673796791443850329e-04 1.820855614973261871e-01 2.355614973262031842e-01 2.673796791443850329e-04 4.572192513368984051e-02 2.141711229946523798e-01 2.034759358288769915e-01 5.909090909090909671e-02
6.578947368421052483e-04 2.697368421052631290e-02 6.578947368421052483e-04 2.440789473684210620e-01 1.914473684210526438e-01 6.578947368421052483e-04 6.644736842105262997e-02 2.769736842105263164e-01 1.914473684210526438e-01 6.578947368421052483e-04
3.973790322580644796e-01 1.431451612903225819e-02 2.401209677419354760e-01 2.016129032258064514e-04 2.016129032258064514e-04 1.431451612903225819e-02 2.239919354838709464e-01 3.044354838709677213e-02 3.245967741935484180e-02 4.657258064516129475e-02
2.329268292682927163e-02 1.219512195121951354e-04 4.928048780487805369e-01 1.219512195121951354e-04 3.780487804878049102e-03 1.159756097560975530e-01 2.391463414634146245e-01 5.621951219512195258e-02 3.426829268292683195e-02 3.426829268292683195e-02
9.285714285714287419e-02 4.201680672268908357e-04 4.201680672268908357e-04 4.201680672268908357e-04 6.348739495798320087e-01 2.483193277310924707e-01 4.201680672268908357e-04 2.142857142857142877e-02 4.201680672268908357e-04 4.201680672268908357e-04
2.619700748129675794e-01 2.120947630922693228e-01 5.498753117206982982e-02 1.246882793017456545e-04 6.870324189526184899e-02 1.371571072319202091e-03 1.721945137157107064e-01 5.112219451371570640e-03 1.572319201995012461e-01 6.620947630922693894e-02
1.232323232323232279e-02 2.020202020202020200e-04 4.305050505050505016e-01 2.020202020202020200e-04 1.030303030303030172e-02 3.173737373737373635e-01 1.739393939393939215e-01 4.262626262626263013e-02 2.020202020202020200e-04 1.232323232323232279e-02
1.257485029940119854e-02 5.988023952095808313e-04 4.317365269461077570e-01 5.988023952095808313e-04 1.323353293413173648e-01 1.742514970059880208e-01 5.988023952095808313e-04 2.401197604790419327e-01 6.586826347305389795e-03 5.988023952095808313e-04
1.582278481012658257e-04 1.740506329113924219e-03 2.881329113924050445e-01 1.582278481012658257e-04 9.651898734177214584e-03 5.856012658227848222e-01 2.072784810126582222e-02 1.582278481012658257e-04 1.582278481012658257e-04 9.351265822784810000e-02
1.385135135135135039e-02 1.050675675675675769e-01 3.378378378378378566e-04 7.094594594594594988e-03 2.736486486486486291e-02 2.638513513513513487e-01 3.378378378378378566e-04 3.652027027027026640e-01 3.378378378378378566e-04 2.165540540540540349e-01
5.617977528089889219e-04 5.617977528089889219e-04 1.859550561797753132e-01 5.617977528089889219e-04 2.028089887640449895e-01 1.185393258426966495e-01 3.825842696629213613e-01 7.359550561797753576e-02 1.741573033707865398e-02 1.741573033707865398e-02
3.300330033003300370e-04 3.300330033003300370e-04 6.603960396039604275e-01 3.300330033003300370e-04 3.663366336633663151e-02 3.300330033003300370e-04 4.983498349834983299e-02 1.224422442244224446e-01 1.290429042904290557e-01 3.300330033003300370e-04
1.138504155124653722e-01 3.047091412742382408e-03 5.432132963988919316e-01 2.770083102493075015e-04 2.770083102493075015e-04 2.770083102493075015e-04 2.606648199445983360e-01 2.770083102493075015e-04 2.770083102493075015e-04 7.783933518005541063e-02
2.274305555555555455e-02 8.697916666666666297e-02 2.935763888888888729e-01 1.736111111111111177e-04 1.736111111111111177e-04 3.645833333333333391e-03 3.421874999999999778e-01 1.909722222222222376e-03 8.854166666666666435e-03 2.397569444444444253e-01
1.379310344827585993e-04 8.413793103448273525e-03 1.325517241379310096e-01 1.379310344827585993e-04 4.275862068965516523e-03 5.587586206896550944e-01 4.289655172413792822e-02 2.139310344827585753e-01 1.379310344827585993e-04 3.875862068965516688e-02
1.497902097902097940e-01 1.791608391608391637e-01 1.398601398601398600e-04 5.608391608391608690e-02 3.650349650349650477e-02 2.531468531468531596e-02 1.847552447552447408e-01 3.650349650349650477e-02 2.155244755244755117e-01 1.162237762237762206e-01
1.169611307420494739e-01 5.127208480565370596e-01 3.533568904593639964e-04 3.533568904593639964e-04 3.533568904593639964e-04 6.042402826855124143e-02 2.371024734982331850e-01 3.533568904593639964e-04 3.533568904593639964e-04 7.102473498233216609e-02
3.353221957040573159e-02 1.682577565632458264e-02 3.378281622911694648e-01 1.193317422434367570e-04 1.242243436754176533e-01 1.683770883054892531e-01 1.874701670644391416e-01 9.081145584725536235e-02 1.193317422434367570e-04 4.069212410501193283e-02
2.626427406199021569e-02 7.520391517128874326e-02 5.678629690048939693e-01 1.631321370309951081e-04 7.683523654159869765e-02 2.952691680261011753e-02 1.926590538336052094e-01 3.115823817292006845e-02 1.631321370309951081e-04 1.631321370309951081e-04
6.634304207119740351e-03 1.957928802588996750e-02 3.399676375404530604e-01 1.796116504854368759e-02 9.870550161812296705e-03 3.737864077669902918e-02 2.930420711974109915e-01 6.326860841423948001e-02 2.072815533980582325e-01 5.016181229773463042e-03
4.739336492890995948e-04 4.739336492890995948e-04 9.052132701421802818e-02 4.739336492890995948e-04 5.260663507109004933e-02 6.682464454976304313e-02 2.279620853080569221e-01 3.796208530805687542e-01 1.236966824644550045e-01 5.734597156398105189e-02
1.169590643274853715e-04 1.766081871345029017e-02 1.521637426900584456e-01 1.169590643274853715e-04 3.286549707602338943e-02 7.311111111111110450e-01 1.169590643274853715e-04 2.000000000000000042e-02 1.649122807017543504e-02 2.935672514619882753e-02
1.324503311258278145e-04 6.635761589403972593e-02 7.562913907284767034e-02 1.324503311258278145e-04 2.809271523178807350e-01 4.119205298013244726e-02 4.491390728476820637e-01 1.324503311258278145e-04 1.999999999999999695e-02 6.635761589403972593e-02
1.098113207547169873e-01 7.924528301886793469e-03 1.928301886792452846e-01 3.773584905660377713e-04 3.773584905660377713e-04 3.773584905660377713e-04 1.475471698113207664e-01 1.475471698113207664e-01 3.475471698113207220e-01 4.566037735849056561e-02
1.457983193277310741e-01 7.142857142857142634e-03 2.438375350140055964e-01 1.400560224089636029e-04 1.400560224089636029e-04 5.742296918767506551e-03 3.978991596638655759e-01 2.114845938375350259e-02 8.697478991596638287e-02 9.117647058823528938e-02
1.543209876543209845e-04 1.543209876543209845e-04 7.146604938271605700e-01 3.240740740740741081e-03 1.543209876543209845e-04 4.799382716049382935e-02 1.745370370370370183e-01 2.021604938271604965e-02 3.240740740740741081e-03 3.564814814814815103e-02
6.847977684797768028e-02 1.129707112970711191e-02 2.456066945606694418e-01 1.394700139470013954e-04 1.394700139470013954e-04 8.521617852161784967e-02 2.637377963737796427e-01 1.408647140864714015e-02 3.027894002789400241e-01 8.507670850767085416e-03
1.659836065573770322e-02 3.936475409836065475e-01 2.049180327868852457e-04 2.049180327868852457e-04 2.049180327868852457e-04 1.659836065573770322e-02 2.049180327868852457e-04 8.217213114754098879e-02 1.784836065573770503e-01 3.116803278688524692e-01
3.086419753086419690e-04 3.086419753086419690e-04 5.990740740740740922e-01 3.086419753086419690e-04 3.734567901234567971e-02 2.499999999999999792e-02 3.367283950617283583e-01 3.086419753086419690e-04 3.086419753086419690e-04 3.086419753086419690e-04
1.059278350515463901e-01 1.291237113402061987e-01 2.577319587628866039e-04 2.577319587628866039e-04 8.530927835051546615e-02 2.577319587628866039e-04 1.806701030927835017e-01 3.376288659793814234e-02 4.641752577319587236e-01 2.577319587628866039e-04
6.479885057471264365e-02 1.625000000000000056e-01 1.436781609195402279e-04 1.251436781609195359e-01 5.186781609195402487e-02 4.454022988505747065e-03 1.007183908045976989e-01 1.163793103448275759e-02 4.527298850574713041e-01 2.600574712643678385e-02
1.562500000000000033e-04 9.546875000000000500e-02 5.171875000000000083e-02 1.562500000000000033e-04 3.296875000000000500e-02 1.876562499999999967e-01 1.562500000000000033e-04 6.890625000000000222e-02 4.001562500000000466e-01 1.626562500000000022e-01
1.426229508196721341e-01 2.397225725094577486e-01 1.261034047919293820e-04 5.561160151324085615e-02 1.525851197982345392e-02 1.261034047919293820e-04 1.399747793190416097e-02 2.030264817150063267e-02 3.078184110970996201e-01 2.044136191677175252e-01
2.481389578163772252e-04 4.243176178660050535e-02 1.937965260545905788e-01 2.481389578163772252e-04 2.481389578163772252e-04 2.781637717121588360e-01 7.965260545905708534e-02 2.481389578163772252e-04 2.481389578163772252e-04 4.047146401985112218e-01
9.779917469050891654e-02 3.727647867950480837e-02 1.375515818431911929e-04 3.727647867950480837e-02 5.861072902338376744e-01 1.459422283356258399e-01 4.002751031636863494e-02 2.764786795048142926e-02 1.375515818431911929e-04 2.764786795048142926e-02
1.736059479553903329e-01 3.508054522924411445e-01 1.239157372986369337e-04 4.845105328376703852e-02 1.995043370508054609e-02 1.239157372986369337e-04 1.277571251548946518e-01 7.323420074349443198e-02 9.058240396530359284e-02 1.153655514250309655e-01
4.621749408983451962e-02 2.495271867612293137e-01 1.230496453900709192e-01 1.182033096926714028e-04 1.182033096926714028e-04 5.921985815602837100e-02 3.263593380614657202e-01 9.574468085106382920e-03 1.443262411347517593e-01 4.148936170212766394e-02
1.458057395143487478e-01 1.103752759381898318e-04 3.411699779249448006e-01 1.103752759381898318e-04 1.103752759381898318e-04 2.660044150110375122e-02 3.687637969094922363e-01 2.328918322295805629e-02 2.218543046357615914e-02 7.185430463576157611e-02
1.647140864714086439e-01 1.394700139470013954e-04 3.083682008368200944e-01 1.534170153417015485e-03 2.384937238493723896e-02 1.394700139470013954e-04 3.209205020920501972e-01 7.126917712691771545e-02 3.361227336122733778e-02 7.545327754532775433e-02
8.005249343832020886e-03 3.045931758530183719e-01 1.719160104986876617e-02 1.443569553805774475e-03 1.312335958005249326e-04 5.380577427821522235e-03 5.131233595800525210e-02 2.416010498687664043e-01 8.937007874015746867e-02 2.809711286089238702e-01
1.274278215223096922e-01 5.380577427821522235e-03 2.888451443569553523e-01 2.112860892388451761e-02 1.312335958005249326e-04 4.212598425196850682e-02 4.043307086614173484e-01 6.049868766404199738e-02 2.112860892388451761e-02 2.900262467191601357e-02
2.685960591133004782e-01 2.105911330049261426e-02 1.282019704433497442e-01 3.817733990147783446e-03 1.231527093596059290e-04 1.231527093596059290e-04 3.535714285714285920e-01 3.953201970443349922e-02 1.355911330049260899e-01 4.938423645320197397e-02
3.220338983050848036e-02 1.244821092278719232e-01 3.220338983050848036e-02 2.278719397363464932e-02 9.604519774011298361e-03 2.355932203389830282e-01 1.883239171374764570e-04 1.414312617702448149e-01 3.408662900188324379e-02 3.674199623352165656e-01
1.259028642590286351e-01 2.379825653798256502e-01 1.657534246575342318e-01 1.008717310087173073e-02 1.245330012453300060e-04 7.608966376089663919e-02 9.601494396014943755e-02 6.986301369863014143e-02 4.744707347447073981e-02 1.707347447073474522e-01
1.992383025027203436e-01 4.581066376496191472e-02 1.088139281828074046e-04 2.166485310119695140e-01 1.751904243743199197e-02 1.088139281828074046e-04 2.731229597388465727e-02 6.637649619151250908e-03 4.244831338411316768e-01 6.213275299238302934e-02
7.678100263852243035e-02 1.081794195250659549e-02 3.696569920844327006e-01 2.638522427440633152e-04 2.638522427440633152e-04 2.638522427440633152e-04 4.013192612137203019e-01 5.303430079155672938e-02 6.094986807387862970e-02 2.664907651715039613e-02
1.740000000000000158e-01 6.666666666666667528e-04 4.206666666666666887e-01 6.666666666666667528e-04 6.066666666666666735e-02 7.333333333333334064e-03 1.940000000000000058e-01 1.140000000000000041e-01 6.666666666666667528e-04 2.733333333333333101e-02
6.578947368421052483e-04 2.638157894736842257e-01 6.644736842105262997e-02 7.236842105263158707e-03 6.578947368421052483e-04 6.578947368421052483e-04 4.217105263157894246e-01 4.013157894736842091e-02 1.782894736842105254e-01 2.039473684210526411e-02
9.034482758620689113e-02 6.896551724137931589e-04 5.524137931034482918e-01 7.586206896551725073e-03 2.137931034482758522e-02 6.896551724137931589e-04 1.731034482758620763e-01 9.034482758620689113e-02 7.586206896551725073e-03 5.586206896551723644e-02
2.577319587628866039e-04 2.577319587628866039e-04 3.507731958762886348e-01 7.989690721649483907e-03 3.118556701030927858e-02 5.079896907216494562e-01 2.577319587628866039e-04 2.577319587628866039e-04 2.603092783505154412e-02 7.499999999999999722e-02
1.744340878828229066e-02 1.331557922769640678e-04 5.527296937416777967e-01 1.331557922769640678e-04 2.543275632490013538e-02 2.451398135818907975e-01 9.866844207723035609e-02 1.078561917443408673e-02 1.464713715046604692e-03 4.806924101198402355e-02
1.587301587301587300e-04 1.271428571428571408e-01 4.142857142857143266e-02 6.523809523809523392e-02 1.587301587301587300e-04 1.811111111111111116e-01 7.793650793650794273e-02 1.890476190476190477e-01 1.587301587301587300e-04 3.176190476190476342e-01
1.326259946949602270e-04 7.440318302387267935e-02 4.125994694960212761e-01 1.326259946949602270e-04 1.339522546419098098e-02 1.181697612732095365e-01 2.322281167108753153e-01 9.416445623342173735e-03 5.848806366047745731e-02 8.103448275862068506e-02
1.353179972936400643e-04 1.516914749661704975e-01 2.288227334235453103e-01 1.353179972936400643e-04 1.909336941813261079e-01 7.591339648173207888e-02 2.640054127198917522e-01 1.353179972936400643e-04 1.353179972936400643e-04 8.809201623815966775e-02
1.522070015220700285e-04 1.522070015220700285e-04 3.471841704718416910e-01 1.522070015220700285e-04 1.522070015220700285e-04 5.587519025875190559e-01 5.951293759512937820e-02 1.522070015220700285e-04 1.522070015220700285e-04 3.363774733637747705e-02
1.825910931174089258e-01 2.469635627530364363e-02 4.048582995951417914e-04 1.218623481781376666e-01 5.186234817813765163e-01 4.048582995951417914e-04 4.089068825910931182e-02 4.898785425101215285e-02 4.453441295546559271e-03 5.708502024291498694e-02
1.081081081081081206e-04 1.081081081081081206e-04 5.525405405405405812e-01 1.081081081081081206e-04 5.956756756756757115e-02 3.037837837837837826e-02 1.979459459459459447e-01 7.145945945945945954e-02 2.172972972972973121e-02 6.605405405405405384e-02
1.283697047496790828e-04 1.553273427471116817e-02 1.283697047496790828e-04 5.983311938382541717e-01 1.002567394094993486e-01 1.283697047496790828e-04 1.283697047496790828e-04 2.183568677792041002e-01 1.283697047496790828e-04 6.688061617458279651e-02
9.110000000000000042e-02 1.000000000000000048e-04 1.850999999999999868e-01 3.099999999999999891e-03 1.000000000000000048e-04 3.261000000000000010e-01 9.309999999999998832e-02 2.310000000000000248e-02 4.099999999999999478e-03 2.741000000000000103e-01
1.191747572815533979e-01 2.427184466019417645e-04 3.060679611650485299e-01 2.427184466019417645e-04 1.992718446601941529e-01 1.966019417475728046e-02 2.114077669902912349e-01 1.021844660194174831e-01 2.427184466019417645e-04 4.150485436893204538e-02
4.499274310595065447e-03 1.451378809869376064e-04 6.126269956458636479e-01 1.451378809869376064e-04 1.756168359941944965e-02 3.078374455732946213e-01 5.094339622641509691e-02 4.499274310595065447e-03 1.451378809869376064e-04 1.596516690856313644e-03
1.240694789081885855e-04 2.493796526054590720e-02 5.361042183622829471e-01 1.240694789081885855e-04 9.565756823821339183e-02 8.945409429280395952e-02 8.449131513647642477e-02 1.018610421836228241e-01 1.240694789081885855e-04 6.712158808933002541e-02
5.838926174496644750e-02 3.536912751677852018e-01 2.237136465324384847e-04 2.460850111856823386e-03 2.237136465324384847e-04 1.364653243847874578e-02 1.140939597315436191e-02 4.272930648769575346e-02 8.970917225950783558e-02 4.275167785234899043e-01
