3.090027700831024515e-01 1.675900277008309999e-02 1.385041551246537236e-04 1.952908587257617262e-02 2.908587257617728170e-03 5.831024930747921720e-02 5.678670360110801667e-03 1.385041551246537236e-04 1.385041551246537236e-04 5.554016620498614110e-02 1.385041551246537236e-04 8.185595567867035016e-02 1.247922437673129881e-01 2.229916897506925219e-02 1.040166204986149312e-01 3.199445983379500813e-02 1.385041551246537236e-04 1.385041551246537236e-04 2.506925207756232482e-02 4.168975069252077448e-02 1.385041551246537236e-04 7.077562326869804576e-02 1.385041551246537236e-04 1.385041551246537236e-04 1.385041551246537236e-04 1.523545706371190987e-03 2.229916897506925219e-02 1.385041551246537236e-04 4.293628808864265352e-03 1.385041551246537236e-04
2.961876832844573607e-02 2.932551319648093297e-04 2.932551319648093297e-04 2.932551319648093297e-04 2.932551319648093297e-04 2.932551319648093297e-04 2.932551319648093297e-04 2.932551319648093297e-04 2.932551319648093297e-04 2.932551319648093297e-04 2.932551319648093297e-04 5.307917888563048331e-02 2.932551319648093297e-04 2.932551319648093297e-04 3.225806451612902356e-03 3.225806451612902356e-03 5.601173020527857455e-02 3.225806451612902356e-03 2.082111436950145889e-02 2.932551319648093297e-04 6.483870967741932612e-01 6.774193548387094643e-02 2.932551319648093297e-04 2.932551319648093297e-04 9.090909090909088733e-03 8.826979472140759897e-02 2.932551319648093297e-04 2.932551319648093297e-04 1.202346041055717997e-02 2.932551319648093297e-04
3.871010638297871509e-01 1.329787234042552942e-04 1.329787234042552942e-04 1.329787234042552942e-04 2.007978723404254748e-02 1.329787234042552942e-04 9.441489361702123939e-03 1.329787234042552942e-04 6.529255319148934145e-02 6.130319148936168305e-02 5.997340425531913488e-02 1.131648936170212283e-01 1.329787234042552942e-04 1.424202127659573991e-01 3.869680851063828780e-02 1.329787234042552942e-04 1.329787234042552942e-04 1.329787234042552942e-04 2.792553191489360962e-03 4.002659574468084291e-02 2.792553191489360962e-03 5.332446808510636627e-02 1.329787234042552942e-04 1.329787234042552942e-04 1.329787234042552942e-04 1.329787234042552942e-04 1.329787234042552942e-04 1.462765957446808237e-03 1.329787234042552942e-04 1.329787234042552942e-04
2.212851405622490442e-01 4.016064257028113707e-04 4.016064257028113707e-04 6.465863453815262618e-02 4.016064257028113707e-04 8.433734939759037971e-03 1.289156626506024472e-01 4.016064257028113707e-04 4.016064257028113707e-04 2.935742971887550512e-01 4.859437751004017092e-02 4.417670682730925023e-03 4.016064257028113707e-04 4.016064257028113707e-04 4.016064257028113707e-04 4.016064257028113707e-04 4.016064257028113707e-04 4.016064257028113707e-04 8.433734939759037971e-03 4.016064257028113707e-04 4.016064257028113707e-04 1.088353413654618712e-01 1.008032128514056575e-01 4.016064257028113707e-04 4.016064257028113707e-04 4.016064257028113707e-04 4.016064257028113707e-04 4.016064257028113707e-04 4.016064257028113707e-04 4.417670682730925023e-03
1.473773265651438236e-01 2.724196277495770022e-02 1.692047377326565138e-04 1.692047377326565138e-04 1.692047377326565138e-04 4.077834179357021915e-02 1.861252115059221788e-03 1.169204737732656429e-01 1.692047377326565138e-04 1.692047377326565138e-04 1.692047377326565138e-04 1.406091370558375520e-01 1.304568527918781584e-01 1.692047377326565138e-04 2.319796954314720661e-01 2.554991539763113231e-02 1.861252115059221788e-03 1.692047377326565138e-04 1.692047377326565138e-04 3.401015228426396142e-02 1.861252115059221788e-03 5.431472081218274156e-02 1.692047377326565138e-04 1.370558375634517781e-02 1.692047377326565138e-04 1.692047377326565138e-04 2.047377326565143901e-02 1.692047377326565138e-04 1.692047377326565138e-04 8.629441624365481039e-03
1.108352144469525596e-01 2.731376975169299073e-02 2.257336343115123477e-04 2.257336343115123477e-04 2.257336343115123477e-04 1.018058690744920586e-01 2.257336343115123477e-04 2.483069977426635797e-03 2.257336343115123477e-04 5.713318284424376836e-01 2.257336343115123477e-04 7.697516930022570147e-02 2.257336343115123477e-04 2.257336343115123477e-04 2.257336343115123477e-04 2.257336343115123477e-04 2.257336343115123477e-04 2.257336343115123477e-04 4.537246049661398245e-02 2.257336343115123477e-04 2.257336343115123477e-04 2.054176072234762188e-02 2.257336343115123477e-04 2.257336343115123477e-04 2.279909706546274367e-02 2.257336343115123477e-04 2.257336343115123477e-04 2.257336343115123477e-04 6.997742663656882425e-03 9.255079006772004221e-03
2.095477386934672948e-01 1.524288107202679751e-02 1.842546063651591187e-03 1.675041876046900980e-04 1.675041876046900980e-04 3.366834170854270808e-02 5.879396984924622344e-02 3.517587939698491734e-03 1.675041876046900980e-04 3.670016750418759743e-01 3.366834170854270808e-02 5.879396984924622344e-02 8.542713567839194458e-03 3.869346733668341254e-02 1.691792294807369784e-02 1.675041876046900980e-04 1.675041876046900980e-04 1.675041876046900980e-04 2.361809045226130263e-02 1.675041876046900980e-04 1.842546063651591187e-03 9.061976549413733317e-02 3.517587939698491734e-03 1.189279731993299512e-02 1.675041876046900980e-04 2.026800670016749850e-02 1.675041876046900980e-04 1.675041876046900980e-04 1.675041876046900980e-04 1.675041876046900980e-04
2.130434782608695843e-01 1.067632850241545944e-01 4.830917874396135686e-04 4.830917874396135686e-04 4.830917874396135686e-04 1.164251207729468662e-01 7.294685990338163617e-02 4.830917874396135686e-04 4.830917874396135686e-04 4.830917874396135686e-04 4.830917874396135686e-04 9.710144927536232262e-02 5.314009661835749146e-03 4.830917874396135686e-04 1.067632850241545944e-01 4.830917874396135686e-04 5.314009661835749146e-03 4.830917874396135686e-04 5.314009661835749146e-03 4.830917874396135686e-04 4.830917874396135686e-04 2.463768115942028755e-02 4.830917874396135686e-04 5.314009661835749146e-03 4.830917874396135686e-04 4.830917874396135686e-04 2.178743961352657132e-01 4.830917874396135686e-04 1.497584541062801922e-02 4.830917874396135686e-04
1.016666666666666413e-02 1.666666666666666340e-04 5.166666666666665762e-03 1.001666666666666539e-01 6.849999999999999145e-02 1.666666666666666340e-04 3.349999999999999506e-02 1.349999999999999638e-02 5.166666666666665762e-03 3.016666666666666455e-02 1.666666666666666340e-04 1.568333333333332968e-01 8.016666666666664998e-02 2.349999999999999659e-02 4.849999999999999450e-02 1.666666666666666340e-04 3.499999999999999639e-03 1.601666666666666239e-01 4.849999999999999450e-02 1.666666666666666340e-04 1.666666666666666340e-04 1.666666666666666340e-04 1.666666666666666340e-04 1.666666666666666340e-04 1.666666666666666340e-04 6.349999999999998701e-02 1.401666666666666339e-01 1.666666666666666340e-04 5.166666666666665762e-03 1.833333333333333082e-03
2.515714285714285015e-01 1.428571428571428137e-04 1.428571428571428137e-04 1.428571428571428137e-04 2.315714285714284837e-01 1.299999999999999593e-02 1.428571428571428137e-04 1.428571428571428137e-04 2.087142857142856300e-01 1.428571428571428137e-04 1.428571428571428137e-04 2.442857142857142103e-02 1.428571428571428137e-04 2.044285714285713484e-01 1.428571428571428137e-04 1.428571428571428137e-04 1.299999999999999593e-02 1.571428571428571059e-03 1.428571428571428137e-04 1.428571428571428137e-04 8.714285714285710874e-03 2.442857142857142103e-02 1.157142857142856758e-02 1.428571428571428137e-04 1.428571428571428137e-04 2.999999999999999195e-03 1.571428571428571059e-03 1.428571428571428137e-04 1.428571428571428137e-04 1.428571428571428137e-04
4.637417218543045117e-01 2.831125827814568591e-02 1.655629139072847139e-04 1.655629139072847139e-04 2.003311258278145032e-02 3.476821192052979154e-03 5.132450331125825750e-03 1.655629139072847139e-04 5.480132450331123839e-02 1.655629139072847139e-04 1.655629139072847139e-04 6.142384105960262825e-02 1.655629139072847139e-04 2.865894039735097931e-01 1.655629139072847139e-04 1.655629139072847139e-04 1.672185430463575539e-02 1.655629139072847139e-04 3.476821192052979154e-03 1.655629139072847139e-04 1.655629139072847139e-04 4.321192052980130788e-02 6.788079470198672347e-03 1.821192052980131907e-03 1.655629139072847139e-04 1.821192052980131907e-03 1.655629139072847139e-04 1.655629139072847139e-04 1.655629139072847139e-04 1.655629139072847139e-04
1.185308848080133572e-02 1.669449081803005004e-04 1.053422370617696224e-01 1.669449081803005004e-04 4.691151919866444475e-02 1.669449081803005004e-04 5.175292153589315484e-03 1.669449081803005004e-04 1.519198664440734453e-02 1.669449081803005004e-04 1.669449081803005004e-04 2.105175292153589339e-01 1.270450751252086841e-01 1.669449081803005004e-04 2.020033388981636036e-02 2.121869782971619323e-01 1.669449081803005004e-04 1.621035058430717879e-01 3.355592654424040255e-02 1.519198664440734453e-02 1.669449081803005004e-04 1.669449081803005004e-04 1.018363939899833044e-02 1.669449081803005004e-04 3.505843071786310643e-03 1.669449081803005004e-04 1.669449081803005004e-04 1.669449081803005004e-04 1.853088480801335508e-02 1.669449081803005004e-04
4.869888475836429975e-02 3.717472118959107199e-04 8.215613382899626671e-02 4.089219330855017702e-03 3.717472118959107199e-04 3.717472118959107199e-04 1.044609665427509160e-01 4.089219330855017702e-03 3.717472118959107199e-04 4.089219330855017702e-03 4.089219330855017702e-03 4.126394052044608796e-02 3.717472118959107199e-04 4.126394052044608796e-02 1.895910780669144563e-02 1.304832713754646711e-01 3.717472118959107199e-04 4.089219330855017702e-03 3.717472118959107199e-04 3.717472118959107199e-04 3.717472118959107199e-04 1.453531598513010947e-01 4.869888475836429975e-02 3.717472118959107199e-04 1.453531598513010947e-01 1.007434944237918101e-01 2.267657992565055153e-02 4.089219330855017702e-03 3.382899628252786922e-02 7.806691449814125335e-03
5.567796610169489790e-01 2.824858757062145907e-04 2.824858757062145907e-04 2.824858757062145907e-04 6.525423728813557755e-02 2.824858757062145907e-04 2.824858757062145907e-04 3.107344632768360877e-03 2.824858757062145907e-04 5.932203389830506893e-03 3.107344632768360877e-03 1.158192090395479719e-02 2.824858757062145907e-04 2.573446327683615031e-01 1.723163841807908922e-02 2.824858757062145907e-04 2.824858757062145907e-04 2.824858757062145907e-04 5.932203389830506893e-03 2.824858757062145907e-04 2.824858757062145907e-04 6.525423728813557755e-02 2.824858757062145907e-04 2.824858757062145907e-04 2.824858757062145907e-04 3.107344632768360877e-03 2.824858757062145907e-04 2.824858757062145907e-04 2.824858757062145907e-04 2.824858757062145907e-04
9.114249037227210512e-03 2.836970474967906788e-02 1.168164313222079184e-02 1.283697047496790557e-04 3.607188703465981361e-02 1.028241335044929039e-01 9.114249037227210512e-03 2.491655969191270137e-01 1.283697047496790557e-04 1.283697047496790557e-04 1.283697047496790557e-04 1.130937098844672223e-01 1.283697047496790557e-04 1.283697047496790557e-04 7.843388960205389948e-02 1.939666238767650264e-01 1.283697047496790557e-04 1.283697047496790557e-04 1.283697047496790557e-04 1.296534017971758164e-02 1.283697047496790557e-04 6.302952503209241497e-02 1.283697047496790557e-04 1.283697047496790557e-04 1.283697047496790557e-04 2.836970474967906788e-02 6.046213093709883191e-02 1.283697047496790557e-04 1.412066752246469558e-03 1.283697047496790557e-04
2.932266009852215749e-01 1.231527093596058748e-04 1.231527093596058748e-04 1.231527093596058748e-04 1.231527093596058748e-04 1.231527093596058748e-04 9.125615763546794657e-02 1.231527093596058748e-04 5.431034482758619053e-02 6.539408866995072289e-02 6.662561576354678050e-02 1.859605911330048864e-02 2.586206896551723668e-03 1.528325123152708964e-01 1.243842364532019365e-02 4.445812807881772272e-02 4.322660098522166511e-02 1.354679802955664758e-03 1.231527093596058748e-04 1.231527093596058748e-04 1.354679802955664758e-03 1.023399014778324789e-01 9.975369458128074962e-03 1.231527093596058748e-04 1.231527093596058748e-04 3.817733990147782145e-03 6.280788177339899532e-03 1.231527093596058748e-04 2.721674876847289884e-02 1.354679802955664758e-03
7.396745932415517422e-02 2.140175219023779385e-02 1.251564455569461481e-04 2.491864831038797801e-01 8.886107634543175676e-03 3.391739674593240855e-02 4.017521902377971244e-02 6.770963704630786340e-02 1.376720901126407765e-03 1.251564455569461481e-04 1.376720901126407765e-03 1.365456821026282408e-01 7.634543178973714900e-03 1.251564455569461481e-04 7.146433041301625266e-02 5.131414267834791612e-03 1.376720901126407765e-03 1.251564455569461481e-04 3.516896120150186933e-02 1.889862327909886883e-02 1.376720901126407765e-03 1.277847309136420084e-01 1.251564455569461481e-04 1.251564455569461481e-04 1.376720901126407765e-03 2.390488110137671540e-02 1.251564455569461481e-04 5.131414267834791612e-03 1.013767209011263819e-02 5.519399249061325563e-02
1.632558139534883990e-01 4.651162790697675221e-04 4.651162790697675221e-04 4.651162790697675221e-04 4.651162790697675221e-04 4.651162790697675221e-04 2.837209302325581495e-02 4.651162790697675221e-04 4.651162790697675221e-04 1.911627906976744451e-01 4.697674418604651930e-02 1.441860465116279362e-02 4.651162790697675221e-04 2.837209302325581495e-02 5.116279069767443177e-03 1.167441860465116554e-01 1.306976744186046646e-01 4.651162790697675221e-04 4.651162790697675221e-04 4.651162790697675221e-04 4.651162790697675221e-04 1.725581395348837477e-01 7.488372093023257237e-02 5.116279069767443177e-03 4.651162790697675221e-04 4.651162790697675221e-04 4.651162790697675221e-04 4.651162790697675221e-04 1.441860465116279362e-02 4.651162790697675221e-04
9.610194902548722939e-02 1.080959520239879734e-01 1.499250374812593600e-04 1.499250374812593600e-04 1.499250374812593600e-04 1.410794602698650368e-01 3.163418290854572157e-02 1.649175412293852824e-03 1.814092953523237933e-02 1.290854572713642789e-01 1.499250374812593600e-04 8.410794602698649924e-02 1.499250374812593600e-04 1.545727136431783721e-01 1.499250374812593600e-04 1.499250374812593600e-04 1.499250374812593600e-04 1.499250374812593600e-04 3.163418290854572157e-02 1.499250374812593600e-04 1.499250374812593600e-04 6.611694152923537626e-02 1.499250374812593600e-04 1.649175412293852824e-03 3.163418290854572157e-02 3.913043478260869179e-02 2.863568215892053556e-02 1.499250374812593600e-04 1.499250374812593600e-04 3.463268365817091105e-02
1.627218934911242544e-03 4.585798816568046991e-03 1.479289940828402115e-04 1.479289940828402115e-04 2.974852071005916754e-01 3.300295857988165271e-01 2.825443786982248170e-02 1.479289940828402115e-04 1.479289940828402115e-04 1.479289940828402115e-04 1.479289940828402115e-04 7.559171597633135287e-02 1.479289940828402115e-04 1.937869822485206728e-02 1.479289940828402115e-04 1.479289940828402115e-04 4.156804733727810508e-02 9.482248520710057083e-02 4.156804733727810508e-02 1.479289940828402115e-04 1.479289940828402115e-04 2.381656804733727623e-02 1.479289940828402115e-04 1.479289940828402115e-04 1.479289940828402115e-04 1.479289940828402115e-04 1.627218934911242544e-03 1.479289940828402115e-04 3.713017751479289613e-02 1.479289940828402115e-04
3.309451219512194453e-01 1.524390243902438752e-04 1.082317073170731454e-02 1.524390243902438752e-04 1.844512195121950776e-02 6.112804878048779672e-02 7.774390243902437256e-03 1.692073170731707085e-02 1.387195121951219183e-02 1.480182926829267942e-01 1.996951219512194814e-02 1.524390243902438752e-04 3.201219512195121325e-03 1.602134146341463172e-01 1.524390243902438752e-04 1.387195121951219183e-02 1.524390243902438752e-04 1.524390243902438752e-04 1.524390243902438752e-04 2.149390243902438505e-02 1.524390243902438752e-04 7.789634146341462007e-02 1.524390243902438752e-04 1.524390243902438752e-04 1.524390243902438752e-04 6.722560975609755130e-02 1.524390243902438752e-04 1.996951219512194814e-02 6.249999999999998612e-03 1.524390243902438752e-04
1.282634730538921852e-01 1.197604790419161392e-04 1.197604790419161392e-04 1.197604790419161392e-04 2.875449101796406226e-01 1.197604790419161392e-04 1.197604790419161392e-04 1.197604790419161392e-04 1.965269461077843727e-01 8.502994011976044986e-03 1.055089820359281089e-01 5.999999999999998390e-02 1.197604790419161392e-04 3.245508982035927303e-02 1.197604790419161392e-04 1.197604790419161392e-04 4.910179640718561299e-03 1.197604790419161392e-04 1.197604790419161392e-04 1.329341317365268990e-02 4.562874251497005262e-02 4.323353293413172843e-02 4.323353293413172843e-02 2.407185628742514530e-02 1.317365269461077612e-03 1.197604790419161392e-04 1.197604790419161392e-04 1.197604790419161392e-04 3.712574850299400504e-03 1.197604790419161392e-04
4.496788008565309747e-03 8.158458244111346791e-02 2.141327623126337962e-04 1.372591006423982407e-01 2.141327623126337962e-04 6.445396145610277072e-02 1.734475374732333611e-02 4.518201284796573292e-02 2.141327623126337962e-04 9.229122055674515712e-02 2.141327623126337962e-04 2.141327623126337962e-04 1.092077087794432293e-02 4.946466809421840721e-02 1.306209850107066008e-02 2.141327623126337962e-04 2.141327623126337962e-04 2.141327623126337962e-04 2.141327623126337962e-04 2.141327623126337962e-04 2.141327623126337962e-04 7.301927194860811932e-02 6.231263383297643010e-02 2.141327623126337962e-04 2.141327623126337962e-04 1.843683083511776788e-01 1.501070663811562567e-01 2.141327623126337962e-04 4.496788008565309747e-03 6.638115631691647762e-03
4.718066743383197807e-03 1.150747986191024113e-04 1.150747986191024113e-04 6.570771001150747803e-02 1.392405063291139028e-02 3.567318757192174724e-03 1.150747986191024113e-04 1.150747986191024113e-04 7.019562715765245708e-03 4.269275028768699382e-02 1.150747986191024113e-04 7.491369390103565229e-02 1.150747986191024113e-04 1.150747986191024113e-04 1.150747986191024113e-04 1.150747986191024113e-04 1.150747986191024113e-04 9.321058688147294477e-03 3.118527042577675171e-02 1.150747986191024113e-04 1.150747986191024113e-04 6.455696202531645278e-02 1.150747986191024113e-04 2.416570771001150340e-03 1.150747986191024113e-04 6.570771001150747803e-02 1.439585730724970980e-01 1.150747986191024113e-04 9.321058688147294477e-03 4.592635212888376839e-01
4.761904761904761467e-03 2.012288786482334391e-02 1.599078341013824567e-01 7.695852534562211411e-02 2.933947772657449771e-02 5.084485407066051399e-02 1.536098310291858407e-04 1.536098310291858407e-04 1.536098310291858407e-04 1.536098310291858407e-04 1.536098310291858407e-04 1.291858678955452866e-01 1.522273425499231503e-01 1.536098310291858407e-04 1.168970814132104102e-01 3.087557603686635552e-02 1.536098310291858407e-04 9.370199692780335765e-03 8.617511520737325403e-02 1.536098310291858407e-04 1.536098310291858407e-04 7.834101382488477955e-03 1.536098310291858407e-04 1.536098310291858407e-04 1.536098310291858407e-04 1.168970814132104102e-01 1.536098310291858407e-04 1.536098310291858407e-04 6.298003072196619277e-03 1.536098310291858407e-04
1.208955223880596973e-02 1.492537313432835836e-04 1.492537313432835836e-04 1.492537313432835836e-04 1.314925373134328279e-01 1.059701492537313411e-02 1.492537313432835836e-04 1.492537313432835836e-04 9.104477611940298490e-03 1.492537313432835836e-04 2.046268656716417889e-01 1.852238805970149171e-01 4.194029850746269078e-02 1.492537313432835836e-04 1.061194029850746207e-01 4.343283582089552119e-02 5.388059701492537573e-02 1.031343283582089460e-01 1.641791044776119528e-03 1.208955223880596973e-02 3.298507462686567360e-02 1.492537313432835836e-04 4.626865671641790766e-03 1.492537313432835836e-04 1.492537313432835836e-04 7.611940298507462004e-03 1.492537313432835836e-04 1.492537313432835836e-04 2.701492537313433112e-02 1.059701492537313411e-02
2.859564164648909501e-01 2.421307506053268230e-04 2.421307506053268230e-04 2.421307506053268230e-04 1.164648910411621996e-01 2.421307506053268230e-04 2.421307506053268230e-04 2.421307506053268230e-04 1.479418886198546890e-01 7.506053268765131188e-03 6.803874092009683239e-02 3.656174334140434995e-02 2.421307506053268230e-04 3.101694915254236129e-01 2.421307506053268230e-04 2.421307506053268230e-04 2.421307506053268230e-04 2.421307506053268230e-04 2.421307506053268230e-04 2.421307506053268230e-04 2.421307506053268230e-04 2.421307506053268230e-04 1.476997578692493436e-02 2.421307506053268230e-04 2.421307506053268230e-04 2.421307506053268230e-04 2.421307506053268230e-04 2.421307506053268230e-04 2.421307506053268230e-04 7.506053268765131188e-03
1.144164759725400379e-04 3.672768878718535301e-02 1.499999999999999667e-01 3.215102974828375204e-02 1.144164759725400379e-04 1.144164759725400379e-04 8.935926773455375727e-02 1.144164759725400379e-04 1.842105263157894565e-02 1.144164759725400379e-04 1.144164759725400379e-04 8.249427917620134887e-02 1.144164759725400379e-04 1.144164759725400379e-04 4.702517162471395173e-02 5.045766590389015593e-02 1.727688787185354541e-02 1.145308924485125696e-01 1.155606407322654246e-02 1.144164759725400379e-04 2.402745995423340945e-03 8.135011441647595209e-02 1.144164759725400379e-04 1.144164759725400379e-04 6.979405034324941484e-03 2.575514874141875965e-01 1.144164759725400379e-04 1.144164759725400379e-04 1.144164759725400379e-04 1.144164759725400379e-04
2.826544021024966491e-01 4.086727989487515256e-02 1.445466491458606735e-03 2.759526938239158234e-03 4.743758212877791092e-02 8.015768725361364228e-03 1.314060446780551553e-04 1.314060446780551553e-04 1.065703022339027223e-01 4.073587385019709732e-03 1.314060446780551553e-04 5.006570302233901565e-02 1.314060446780551553e-04 3.233902759526937065e-01 1.314060446780551553e-04 2.759526938239158234e-03 1.445466491458606735e-03 2.759526938239158234e-03 1.314060446780551553e-04 4.073587385019709732e-03 3.955321944809460366e-02 3.955321944809460366e-02 2.759526938239158234e-03 2.759526938239158234e-03 1.445466491458606735e-03 2.509855453350853458e-02 5.387647831800260363e-03 1.314060446780551553e-04 1.314060446780551553e-04 4.073587385019709732e-03
1.798206278026906468e-01 4.399103139013453845e-01 4.484304932735427135e-04 4.484304932735427135e-04 4.484304932735427135e-04 9.417040358744396822e-03 1.838565022421525044e-02 4.484304932735427135e-04 2.735426008968610406e-02 4.484304932735427135e-04 1.838565022421525044e-02 9.417040358744396822e-03 4.484304932735427135e-04 5.874439461883409347e-02 4.484304932735427135e-04 4.484304932735427135e-04 4.484304932735427135e-04 4.484304932735427135e-04 6.322869955156952548e-02 4.484304932735427135e-04 9.417040358744396822e-03 1.304932735426009294e-01 4.484304932735427135e-04 4.484304932735427135e-04 4.484304932735427135e-04 2.286995515695067552e-02 4.932735426008970012e-03 4.484304932735427135e-04 4.484304932735427135e-04 4.484304932735427135e-04
1.994301994301994879e-03 9.496676163342832109e-05 1.235517568850902359e-01 1.908831908831909452e-02 3.143399810066477285e-02 1.044634377967711613e-03 1.813865147198481104e-02 9.496676163342832109e-05 9.496676163342832109e-05 9.496676163342832109e-05 9.496676163342832109e-05 1.349477682811016377e-01 2.943969610636277927e-03 9.496676163342832109e-05 9.496676163342832109e-05 1.149097815764482666e-02 2.098765432098766148e-02 1.994301994301994879e-03 3.333333333333333981e-02 9.496676163342832109e-05 3.457739791073125568e-01 9.221272554605888794e-02 4.947768281101615900e-02 9.496676163342832109e-05 1.994301994301994879e-03 8.746438746438747747e-02 4.843304843304844023e-03 9.496676163342832109e-05 1.623931623931624407e-02 9.496676163342832109e-05
1.216545012165450181e-04 1.216545012165450181e-04 1.216545012165450181e-04 1.216545012165450181e-04 1.120437956204379526e-01 2.409975669099756745e-01 4.270072992700730402e-02 1.753041362530413649e-01 8.406326034063259234e-02 1.216545012165450181e-04 1.216545012165450181e-04 1.096107055961070553e-01 1.216545012165450181e-04 1.216545012165450181e-04 3.771289537712895629e-03 1.107055961070559612e-02 3.771289537712895629e-03 1.242092457420924528e-01 1.216545012165450181e-04 1.216545012165450181e-04 1.216545012165450181e-04 1.216545012165450181e-04 1.216545012165450181e-04 1.228710462287104649e-02 1.216545012165450181e-04 1.216545012165450181e-04 2.931873479318734821e-02 2.323600973236009809e-02 1.216545012165450181e-04 2.566909975669099883e-02
1.474916387959865627e-01 6.391304347826084475e-01 3.344481605351169316e-04 3.344481605351169316e-04 3.344481605351169316e-04 4.381270903010031637e-02 7.023411371237455944e-03 1.036789297658862428e-02 3.377926421404681134e-02 3.344481605351169316e-04 7.725752508361201365e-02 3.344481605351169316e-04 3.344481605351169316e-04 3.043478260869563953e-02 3.344481605351169316e-04 3.344481605351169316e-04 3.344481605351169316e-04 3.344481605351169316e-04 3.344481605351169316e-04 3.344481605351169316e-04 3.344481605351169316e-04 3.344481605351169316e-04 3.678929765886286736e-03 3.344481605351169316e-04 3.344481605351169316e-04 3.344481605351169316e-04 3.344481605351169316e-04 3.344481605351169316e-04 3.344481605351169316e-04 3.344481605351169316e-04
3.003003003003002326e-04 3.003003003003002326e-04 3.003003003003002326e-04 3.303303303303302234e-03 4.534534534534533090e-02 3.303303303303302234e-03 3.303303303303302234e-03 3.003003003003002326e-04 3.003003003003002326e-04 3.303303303303302234e-03 3.333333333333331899e-02 2.432432432432431527e-02 3.003003003003002326e-04 3.303303303303302234e-03 3.003003003003002326e-04 3.003003003003002326e-04 3.003003003003002326e-04 3.003003003003002326e-04 3.003003003003002326e-04 3.003003003003002326e-04 6.519519519519516582e-01 5.135135135135134032e-02 3.003003003003002326e-04 3.003003003003002326e-04 3.003003003003002326e-04 1.714714714714714039e-01 3.003003003003002326e-04 3.003003003003002326e-04 3.003003003003002326e-04 3.003003003003002326e-04
2.440358744394620083e-01 8.968609865470855626e-05 8.968609865470855626e-05 4.313901345291481365e-02 8.968609865470855626e-05 6.107623318385652089e-02 8.968609865470855626e-05 5.928251121076234809e-02 8.968609865470855626e-05 3.775784753363230217e-02 1.883408071748879668e-03 7.721973094170406227e-02 1.157847533632287429e-01 2.340807174887893360e-02 7.901345291479823507e-02 2.071748878923767787e-02 1.264573991031390544e-02 8.968609865470855626e-05 5.569506726457401635e-02 1.533632286995516465e-02 8.968609865470855626e-05 4.672645739910315926e-02 8.968609865470855626e-05 8.968609865470855626e-05 8.968609865470855626e-05 6.556053811659194597e-02 8.968609865470855626e-05 8.968609865470855626e-05 8.968609865470855626e-05 3.955156950672647498e-02
1.127659574468084791e-01 2.282674772036473176e-01 3.039513677811549273e-04 3.039513677811549273e-04 3.039513677811549273e-04 3.039513677811549273e-04 3.039513677811549273e-04 3.039513677811549273e-04 3.039513677811549273e-04 7.325227963525833552e-02 3.039513677811549273e-04 1.036474164133738274e-01 3.039513677811549273e-04 1.218844984802431169e-01 3.069908814589664484e-02 3.039513677811549273e-04 3.039513677811549273e-04 3.039513677811549273e-04 3.039513677811549273e-04 3.039513677811549273e-04 3.039513677811549273e-04 2.434650455927050705e-01 3.039513677811549273e-04 1.854103343465044948e-02 3.343465045592704417e-03 3.677811550151974251e-02 3.039513677811549273e-04 3.039513677811549273e-04 2.158054711246199658e-02 3.039513677811549273e-04
6.166365280289329981e-02 4.900542495479203592e-02 1.808318264014466270e-04 1.808318264014466270e-04 2.443037974683543723e-01 1.826401446654610933e-02 1.808318264014466270e-04 1.808318264014466270e-04 2.822784810126581778e-01 1.808318264014466270e-04 1.808318264014466270e-04 4.900542495479203592e-02 2.007233273056057560e-02 1.122965641952983484e-01 3.273056057866183949e-02 1.283905967450270878e-02 1.808318264014466270e-04 1.989150090415912897e-03 1.808318264014466270e-04 1.645569620253164306e-02 1.808318264014466270e-04 1.808318264014466270e-04 1.808318264014466270e-04 1.808318264014466270e-04 3.815551537070523830e-02 1.808318264014466270e-04 3.634719710669077203e-02 1.808318264014466270e-04 2.188065099457503840e-02 1.808318264014466270e-04
8.421828908554571114e-02 2.022123893805309325e-01 1.474926253687315343e-04 1.474926253687315343e-04 1.474926253687315343e-04 1.474926253687315343e-04 1.474926253687315343e-04 1.474926253687315343e-04 1.474926253687315343e-04 1.918879056047197162e-01 1.474926253687315343e-04 1.255162241887905206e-01 1.474926253687315343e-04 1.474926253687315343e-04 1.474926253687315343e-04 1.637168141592919984e-02 3.097345132743362355e-03 1.474926253687315343e-04 1.474926253687315343e-04 1.474926253687315343e-04 1.474926253687315343e-04 1.638643067846607404e-01 6.209439528023597693e-02 1.474926253687315343e-04 1.474926253687315343e-04 1.476401179941002617e-01 1.474926253687315343e-04 1.474926253687315343e-04 1.474926253687315343e-04 1.474926253687315343e-04
4.716981132075473361e-04 4.716981132075473361e-04 4.716981132075473361e-04 1.372641509433962792e-01 4.716981132075473361e-04 5.707547169811322263e-02 4.716981132075473361e-04 5.188679245283020318e-03 4.716981132075473361e-04 3.778301886792453379e-01 4.716981132075473361e-04 6.650943396226416393e-02 4.716981132075473361e-04 4.716981132075473361e-04 3.820754716981132615e-02 4.716981132075473361e-04 9.905660377358493571e-03 4.716981132075473361e-04 4.716981132075473361e-04 4.716981132075473361e-04 4.716981132075473361e-04 9.009433962264154494e-02 4.716981132075473361e-04 2.877358490566038485e-02 4.764150943396227439e-02 1.089622641509434275e-01 4.716981132075473361e-04 4.716981132075473361e-04 4.716981132075473361e-04 2.405660377358491073e-02
7.317460317460316999e-02 8.904761904761902824e-02 1.587301587301587029e-04 1.285714285714285345e-02 6.507936507936505979e-03 4.619047619047618458e-02 2.714285714285713871e-02 1.587301587301587029e-04 6.682539682539681558e-02 6.841269841269839724e-02 6.507936507936505979e-03 6.682539682539681558e-02 1.587301587301587029e-04 1.604761904761904390e-01 4.920634920634919980e-03 3.333333333333332680e-03 1.587301587301587029e-04 1.587301587301587029e-04 1.746031746031745813e-03 1.746031746031745813e-03 1.587301587301587029e-04 1.731746031746031478e-01 2.238095238095237638e-02 1.587301587301587029e-04 1.587301587301587029e-04 1.587301587301587029e-04 1.746031746031745813e-03 1.587301587301587029e-04 1.587301587301587029e-04 1.652380952380952117e-01
1.451672862453531609e-01 1.823420074349442199e-01 1.858736059479554142e-04 1.858736059479554142e-04 1.858736059479554142e-04 1.858736059479554142e-04 1.858736059479554142e-04 1.858736059479554142e-04 1.858736059479554142e-04 2.511152416356877137e-01 2.806691449814126271e-02 8.197026022304833293e-02 1.858736059479554142e-04 1.858736059479554142e-04 4.665427509293680608e-02 2.044609665427509285e-03 2.044609665427509285e-03 1.858736059479554142e-04 1.505576208178438513e-02 1.858736059479554142e-04 1.858736059479554142e-04 1.600371747211895845e-01 1.858736059479554142e-04 2.044609665427509285e-03 3.903345724907063535e-03 7.453531598513010725e-02 1.858736059479554142e-04 1.858736059479554142e-04 2.044609665427509285e-03 1.858736059479554142e-04
2.479104477611939472e-01 1.492537313432835294e-04 1.492537313432835294e-04 1.492537313432835294e-04 1.165671641791044266e-01 1.492537313432835294e-04 1.492537313432835294e-04 1.641791044776118877e-03 5.195522388059700125e-01 6.119402985074624650e-03 1.492537313432835294e-04 3.746268656716417178e-02 1.492537313432835294e-04 4.194029850746267690e-02 1.492537313432835294e-04 4.626865671641789898e-03 1.492537313432835294e-04 1.492537313432835294e-04 1.492537313432835294e-04 1.492537313432835294e-04 1.492537313432835294e-04 1.492537313432835294e-04 9.104477611940295020e-03 6.119402985074624650e-03 1.492537313432835294e-04 6.119402985074624650e-03 1.492537313432835294e-04 1.492537313432835294e-04 1.492537313432835294e-04 1.492537313432835294e-04
1.776988636363636131e-01 5.823863636363634834e-03 1.150568181818181594e-02 1.420454545454545386e-04 1.434659090909090606e-02 5.838068181818181074e-02 3.139204545454545026e-02 1.434659090909090606e-02 2.997159090909090606e-02 7.826704545454545026e-02 2.982954545454545147e-03 1.434659090909090606e-02 1.420454545454545386e-04 3.197443181818181435e-01 1.420454545454545386e-04 2.982954545454545147e-03 1.420454545454545386e-04 1.420454545454545386e-04 1.420454545454545386e-04 1.420454545454545386e-04 1.420454545454545386e-04 1.066761363636363341e-01 1.420454545454545386e-04 2.286931818181818163e-02 1.420454545454545386e-04 1.420454545454545386e-04 7.968749999999999445e-02 1.420454545454545386e-04 1.420454545454545386e-04 2.713068181818181421e-02
1.231249999999999706e-01 2.083333333333332925e-04 2.083333333333332925e-04 2.729166666666665853e-02 2.083333333333332925e-04 6.479166666666665020e-02 5.229166666666665991e-02 2.083333333333332925e-04 2.312499999999999278e-02 8.770833333333331872e-02 2.083333333333332925e-04 1.897916666666666086e-01 1.356249999999999678e-01 1.272916666666666363e-01 2.083333333333332925e-04 2.083333333333332925e-04 2.083333333333332925e-04 6.458333333333332420e-03 4.812499999999999417e-02 2.083333333333332925e-04 2.520833333333332565e-02 2.083333333333332925e-04 2.083333333333332925e-04 2.083333333333332925e-04 2.083333333333332925e-04 8.541666666666664423e-03 1.062499999999999729e-02 4.374999999999999549e-03 2.083333333333332925e-04 6.270833333333332427e-02
9.594155844155842494e-02 1.314935064935064679e-02 1.623376623376623104e-04 1.623376623376623104e-04 6.022727272727271958e-02 5.535714285714284782e-02 1.623376623376623104e-04 1.623376623376623104e-04 1.623376623376623104e-04 8.279220779220776774e-03 6.655844155844153724e-03 1.251623376623376416e-01 1.154220779220778981e-01 1.477272727272726897e-02 1.560064935064934821e-01 5.048701298701298301e-02 1.623376623376623104e-04 1.785714285714285442e-03 1.623376623376623104e-04 2.842532467532467022e-01 1.623376623376623104e-04 1.623376623376623104e-04 5.032467532467531542e-03 1.623376623376623104e-04 3.409090909090908492e-03 1.623376623376623104e-04 1.785714285714285442e-03 1.623376623376623104e-04 1.623376623376623104e-04 1.623376623376623104e-04
1.686340640809443525e-04 1.686340640809443525e-04 1.502529510961214121e-01 1.686340640809443525e-04 1.534569983136593527e-02 1.686340640809443525e-04 5.227655986509274766e-03 1.686340640809443525e-04 1.686340640809443525e-04 1.686340640809443525e-04 3.220910623946037638e-02 1.806070826306913901e-01 4.569983136593592371e-02 2.546374367622259577e-02 7.099494097807756976e-02 1.232715008431703174e-01 1.686340640809443525e-04 1.772344013490725068e-01 1.854974704890387932e-03 3.541315345699831349e-03 7.099494097807756976e-02 1.686340640809443525e-04 2.715008431703204439e-02 1.686340640809443525e-04 1.871838111298482210e-02 1.686340640809443525e-04 1.365935919055649185e-02 1.686340640809443525e-04 3.558178752107925974e-02 1.686340640809443525e-04
2.425531914893616983e-02 2.709219858156028046e-02 1.418439716312056454e-04 4.411347517730496159e-02 8.652482269503544016e-03 1.093617021276595547e-01 7.106382978723403687e-02 1.418439716312056454e-04 2.978723404255318851e-03 6.397163120567375683e-02 1.560283687943262235e-03 8.950354609929077332e-02 1.418439716312056454e-04 1.150354609929077759e-01 2.978723404255318851e-03 1.716312056737588285e-02 1.418439716312056454e-04 1.418439716312056454e-04 5.815602836879430783e-03 1.418439716312056454e-04 1.418439716312056454e-04 8.099290780141843449e-02 1.290780141843971343e-02 1.432624113475177048e-02 1.418439716312056454e-04 6.113475177304963926e-02 1.418439716312056454e-04 1.418439716312056454e-04 1.418439716312056454e-04 2.455319148936169760e-01
6.830143540669854352e-02 1.196172248803827515e-04 1.376794258373205404e-01 6.100478468899519363e-03 9.940191387559804692e-02 1.196172248803827515e-04 1.196172248803827515e-04 6.100478468899519363e-03 4.796650717703348360e-02 1.196172248803827515e-04 1.257177033492822560e-01 1.041866028708133551e-01 6.351674641148323530e-02 6.100478468899519363e-03 2.643540669856458622e-02 5.873205741626792709e-02 1.196172248803827515e-04 1.196172248803827515e-04 4.677033492822965655e-02 1.196172248803827515e-04 7.069377990430619763e-02 1.196172248803827515e-04 1.196172248803827515e-04 1.196172248803827515e-04 1.196172248803827515e-04 1.196172248803827515e-04 1.196172248803827515e-04 1.315789473684210280e-03 1.293062200956937302e-01 1.196172248803827515e-04
4.651162790697674679e-04 1.400000000000000133e-01 4.651162790697674679e-04 4.651162790697674679e-04 4.651162790697674679e-04 1.772093023255814082e-01 4.651162790697674679e-04 9.348837209302325590e-02 8.418604651162790720e-02 1.120930232558139533e-01 4.651162790697674679e-04 9.767441860465117531e-03 5.116279069767442310e-03 1.306976744186046646e-01 4.651162790697674679e-04 4.651162790697674679e-04 4.651162790697674679e-04 9.767441860465117531e-03 4.651162790697674679e-04 4.651162790697674679e-04 5.116279069767442310e-03 1.679069767441860594e-01 9.767441860465117531e-03 4.651162790697674679e-04 4.651162790697674679e-04 4.651162790697674679e-04 4.651162790697674679e-04 4.697674418604651236e-02 4.651162790697674679e-04 4.651162790697674679e-04
9.207317073170732946e-02 6.097560975609757176e-04 6.097560975609757176e-04 1.890243902439024681e-02 2.500000000000000139e-02 6.097560975609757176e-04 6.097560975609757176e-04 6.097560975609757176e-04 6.097560975609757176e-04 6.097560975609757176e-04 6.097560975609757176e-04 6.768292682926829729e-02 7.378048780487805880e-02 6.097560975609757176e-04 3.719512195121951748e-02 6.768292682926829729e-02 3.109756097560975943e-02 6.097560975609757176e-04 6.097560975609757176e-04 6.097560975609757176e-04 6.097560975609757176e-04 1.713414634146341875e-01 6.097560975609757176e-04 6.097560975609757176e-04 6.097560975609757176e-04 6.097560975609757176e-04 6.097560975609757176e-04 6.097560975609757176e-04 2.993902439024390683e-01 1.042682926829268525e-01
1.429971988795517845e-01 6.316526610644257467e-02 1.400560224089635757e-04 1.400560224089635757e-04 6.876750700280111206e-02 2.955182072829131215e-02 4.355742296918767298e-02 1.400560224089635757e-04 7.436974789915964945e-02 6.596638655462183642e-02 1.400560224089635757e-04 2.941176470588234820e-03 1.400560224089635757e-04 3.124649859943977037e-01 5.742296918767505684e-03 1.400560224089635757e-04 1.400560224089635757e-04 5.742296918767505684e-03 1.400560224089635757e-04 1.400560224089635757e-04 1.400560224089635757e-04 2.815126050420167780e-02 1.400560224089635757e-04 1.400560224089635757e-04 1.554621848739495479e-02 2.675070028011204346e-02 3.375350140056022213e-02 1.400560224089635757e-04 1.400560224089635757e-04 7.857142857142855596e-02
9.873239436619715703e-02 1.408450704225351917e-04 1.408450704225351917e-04 1.408450704225351917e-04 1.408450704225351917e-04 4.661971830985914972e-02 1.408450704225351917e-04 1.408450704225351917e-04 1.563380281690140636e-02 3.536619718309858551e-01 7.619718309859153937e-02 7.901408450704223985e-02 1.408450704225351917e-04 1.269014084507041895e-01 1.408450704225351917e-04 1.408450704225351917e-04 1.408450704225351917e-04 1.408450704225351917e-04 2.267605633802816795e-02 7.183098591549294532e-03 1.408450704225351917e-04 8.323943661971830443e-02 1.408450704225351917e-04 1.549295774647887298e-03 1.408450704225351917e-04 2.830985915492957583e-02 1.408450704225351917e-04 1.408450704225351917e-04 4.098591549295774183e-02 1.704225352112675659e-02
1.121076233183856242e-04 1.121076233183856242e-04 1.121076233183856242e-04 1.593049327354259526e-01 1.121076233183856242e-04 1.121076233183856242e-04 1.121076233183856242e-04 2.310538116591927538e-01 1.121076233183856242e-04 1.121076233183856242e-04 1.121076233183856242e-04 1.380044843049327008e-01 1.121076233183856242e-04 1.121076233183856242e-04 4.383408071748878115e-02 1.121076233183856242e-04 1.121076233183856242e-04 1.121076233183856242e-04 9.316143497757845005e-02 1.121076233183856242e-04 1.121076233183856242e-04 5.504484304932734384e-02 1.692825112107622723e-02 1.233183856502241852e-03 3.038116591928250593e-02 1.121076233183856242e-04 8.531390134529144575e-02 1.233183856502241852e-03 1.804932735426008697e-02 1.245515695067264256e-01
