2.703539823008849763e-01 1.814159292035398205e-02 4.469026548672566657e-02 4.163716814159292290e-01 4.424778761061947925e-04 4.911504424778761341e-02 4.867256637168142393e-03 1.066371681415929362e-01 7.123893805309736149e-02 1.814159292035398205e-02
1.783898305084745950e-01 4.661016949152542617e-03 1.105932203389830559e-01 9.788135593220340103e-02 4.237288135593220758e-04 2.161016949152542305e-02 4.661016949152542617e-03 4.661016949152542617e-03 5.766949152542372170e-01 4.237288135593220758e-04
2.075862068965517448e-01 6.896551724137931589e-04 6.965517241379309832e-02 4.006896551724137834e-01 6.896551724137931589e-04 1.455172413793103525e-01 2.827586206896551616e-02 3.517241379310344362e-02 1.110344827586206978e-01 6.896551724137931589e-04
3.937007874015748519e-04 2.208661417322834719e-01 2.248031496062992129e-01 2.401574803149606266e-02 3.937007874015748519e-04 2.011811023622047390e-01 1.696850393700787551e-01 1.614173228346456671e-02 3.582677165354330312e-02 1.066929133858267736e-01
8.724489795918367874e-02 4.642857142857143016e-02 5.102040816326531072e-04 1.076530612244898100e-01 6.683673469387754751e-02 5.102040816326531072e-04 5.102040816326531072e-04 5.102040816326531072e-04 5.102040816326531072e-04 6.892857142857142794e-01
2.221621621621621689e-01 1.135135135135135163e-02 1.135135135135135163e-02 2.275675675675675746e-01 5.405405405405405489e-04 1.135135135135135163e-02 5.405405405405405489e-04 5.945945945945946796e-03 4.329729729729729359e-01 7.621621621621621490e-02
8.641975308641976217e-03 9.094650205761319051e-02 5.390946502057613471e-02 2.510288065843621630e-02 8.641975308641976217e-03 3.378600823045267432e-01 2.226337448559670973e-01 9.917695473251030014e-02 8.641975308641976217e-03 1.444444444444444586e-01
2.792035398230088283e-01 4.424778761061947383e-04 2.699115044247787573e-02 5.353982300884955331e-02 4.424778761061947383e-04 4.867256637168142393e-03 4.424778761061947383e-04 5.353982300884955331e-02 5.800884955752212413e-01 4.424778761061947383e-04
7.289592760180996223e-01 4.524886877828055028e-04 4.977375565610861127e-03 1.855203619909502263e-02 4.524886877828055028e-04 2.760180995475113377e-02 1.402714932126697053e-02 6.832579185520362697e-02 9.502262443438914963e-03 1.271493212669683459e-01
5.297520661157024691e-01 9.090909090909092202e-03 9.090909090909092202e-03 9.173553719008264995e-02 8.264462809917357336e-04 8.264462809917357336e-04 3.388429752066116074e-02 2.570247933884298175e-01 8.264462809917357336e-04 6.694214876033058315e-02
9.063545150501672865e-02 1.742474916387959927e-01 1.705685618729096964e-02 1.705685618729096964e-02 3.344481605351170943e-04 5.384615384615384914e-02 1.943143812709030027e-01 3.113712374581939502e-01 9.063545150501672865e-02 5.050167224080267386e-02
4.405286343612334994e-04 5.770925110132158614e-02 1.149779735682819465e-01 1.590308370044052899e-01 4.405286343612334994e-04 4.409691629955946879e-01 4.405286343612334994e-04 4.405286343612334994e-04 1.678414096916299725e-01 5.770925110132158614e-02
7.333333333333334064e-03 6.666666666666667528e-04 2.206666666666666776e-01 2.806666666666666754e-01 6.666666666666667528e-04 1.940000000000000058e-01 6.666666666666667528e-04 6.666666666666667528e-04 2.939999999999999836e-01 6.666666666666667528e-04
4.981735159817352043e-01 4.566210045662101396e-04 4.566210045662101396e-04 3.698630136986301442e-02 4.566210045662101396e-04 4.566210045662101396e-04 9.589041095890413202e-03 3.698630136986301442e-02 4.159817351598174007e-01 4.566210045662101396e-04
5.050505050505050501e-04 1.565656565656565677e-02 2.575757575757575690e-02 3.691919191919191823e-01 2.126262626262626354e-01 2.883838383838384090e-01 5.050505050505050501e-04 5.050505050505050501e-04 5.101010101010100550e-02 3.585858585858585357e-02
1.361990950226244501e-01 6.832579185520361309e-02 3.212669683257918241e-02 2.357466063348416241e-01 4.524886877828054486e-04 1.361990950226244501e-01 4.117647058823529355e-02 7.285067873303167907e-02 2.764705882352941346e-01 4.524886877828054486e-04
7.740585774058577131e-03 3.961645746164574877e-01 1.332635983263598389e-01 1.541143654114365477e-02 2.755230125523012719e-01 1.680613668061366889e-02 3.563458856345885772e-02 1.541143654114365477e-02 3.284518828451882949e-02 7.119944211994420902e-02
3.731182795698924637e-01 3.584229390681003581e-04 3.584229390681003581e-04 7.562724014336917600e-02 3.584229390681003581e-04 1.043010752688172116e-01 3.620071684587813227e-02 3.978494623655914192e-02 3.695340501792114263e-01 3.584229390681003581e-04
5.494505494505494501e-04 5.494505494505494501e-04 5.549450549450549164e-02 4.401098901098901006e-01 5.494505494505494501e-04 2.368131868131868323e-01 5.494505494505494501e-04 5.494505494505494501e-04 2.313186813186813295e-01 3.351648351648351537e-02
1.396428571428571519e-01 3.571428571428571425e-04 5.035714285714285726e-02 1.682142857142857328e-01 3.571428571428571425e-04 7.892857142857143127e-02 3.571428571428571425e-04 3.571428571428571425e-04 5.610714285714285543e-01 3.571428571428571425e-04
3.739436619718309873e-01 7.042253521126760939e-04 6.408450704225351902e-02 7.042253521126760939e-04 7.042253521126760939e-04 1.838028169014084556e-01 7.042253521126760939e-04 1.485915492957746442e-01 1.556338028169014231e-01 7.112676056338028407e-02
7.936507936507936501e-04 7.936507936507936501e-04 1.674603174603174760e-01 7.936507936507936501e-04 7.936507936507936501e-04 1.666666666666666644e-02 2.706349206349206726e-01 1.666666666666666644e-02 7.222222222222221544e-02 4.531746031746031744e-01
1.240282685512367478e-01 3.533568904593639964e-04 7.455830388692580302e-02 1.487632508833922340e-01 3.533568904593639964e-04 8.162544169611307687e-02 3.533568904593639964e-04 5.689045936395760450e-02 5.127208480565370596e-01 3.533568904593639964e-04
5.813953488372094027e-04 1.284883720930232731e-01 5.813953488372094027e-04 5.813953488372094027e-04 5.180232558139535870e-01 5.872093023255814392e-02 4.127906976744186857e-02 5.813953488372094027e-04 5.813953488372094027e-04 2.505813953488372769e-01
5.400000000000000355e-01 4.651162790697675221e-04 4.651162790697675221e-04 6.093023255813954236e-02 4.651162790697675221e-04 4.651162790697675221e-04 5.116279069767443177e-03 3.302325581395348930e-02 3.586046511627907218e-01 4.651162790697675221e-04
3.038709677419355049e-01 6.451612903225806446e-04 1.354838709677419484e-02 2.780645161290322687e-01 6.451612903225806446e-04 7.806451612903225756e-02 6.451612903225806446e-04 1.619354838709677613e-01 1.619354838709677613e-01 6.451612903225806446e-04
5.791489361702127914e-01 6.851063829787235049e-02 4.680851063829788439e-03 5.148936170212766589e-02 7.702127659574468932e-02 6.851063829787235049e-02 4.255319148936170717e-04 6.425531914893617413e-02 8.127659574468086567e-02 4.680851063829788439e-03
3.491596638655462548e-01 1.054621848739495937e-01 3.823529411764706176e-02 1.936974789915966721e-01 4.621848739495799246e-03 1.222689075630252337e-01 2.983193277310924527e-02 1.302521008403361574e-02 3.823529411764706176e-02 1.054621848739495937e-01
9.113029827315541342e-02 2.512558869701727038e-01 1.766875981161695475e-01 1.539246467817896313e-01 7.849293563579278052e-05 8.642072213500784361e-02 5.894819466248037154e-02 4.952904238618524579e-02 1.091836734693877459e-01 2.284144427001569971e-02
9.864406779661016866e-02 3.389830508474576498e-04 4.779661016949152130e-02 4.105084745762711540e-01 3.389830508474576498e-04 1.461016949152542377e-01 2.406779661016949026e-02 3.423728813559322182e-02 2.003389830508474634e-01 3.762711864406779322e-02
6.289308176100629703e-04 1.201257861635220275e-01 2.578616352201257636e-02 6.289308176100629703e-04 6.289308176100629703e-04 1.893081761006289443e-01 6.289308176100629703e-04 4.597484276729559283e-01 4.465408805031446243e-02 1.578616352201258066e-01
4.149377593360996288e-04 7.510373443983403563e-02 1.995850622406639130e-01 7.095435684647304064e-02 4.149377593360996288e-04 4.149377593360996288e-04 1.331950207468879654e-01 4.564315352697095700e-03 2.531120331950207150e-02 4.900414937759335898e-01
3.473988439306358589e-01 1.104046242774566616e-01 9.306358381502891075e-02 1.913294797687861426e-01 5.780346820809248920e-04 2.947976878612716678e-02 5.780346820809248920e-04 5.780346820809248920e-04 1.739884393063583778e-01 5.260115606936415639e-02
5.434782608695653324e-04 5.434782608695653324e-04 5.978260869565218440e-03 5.489130434782609619e-02 6.576086956521740023e-02 4.402173913043478520e-02 6.418478260869565633e-01 8.750000000000002220e-02 5.434782608695653324e-04 9.836956521739133319e-02
4.176470588235293990e-02 2.064705882352941280e-01 5.882352941176471157e-04 6.529411764705882193e-02 6.470588235294118598e-03 3.947058823529411287e-01 1.005882352941176588e-01 5.882352941176471157e-04 8.882352941176470396e-02 9.470588235294118140e-02
1.320754716981132129e-02 2.578616352201257636e-02 4.465408805031446243e-02 8.238993710691823458e-02 2.578616352201257636e-02 6.289308176100629703e-04 6.289308176100629703e-04 8.238993710691823458e-02 6.289308176100629703e-04 7.238993710691823402e-01
8.013245033112582905e-02 2.715231788079469979e-02 8.013245033112582905e-02 9.999999999999999167e-02 6.622516556291390723e-04 1.596026490066225212e-01 3.317880794701986713e-01 1.596026490066225212e-01 6.622516556291390723e-04 6.026490066225165254e-02
1.540832049306625361e-04 1.912172573189521996e-01 6.241910631741139914e-01 7.411402157164867499e-02 1.540832049306625361e-04 1.694915254237287870e-03 2.788906009244991949e-02 2.480739599383666866e-02 5.562403697996917695e-02 1.540832049306625361e-04
9.470588235294118140e-02 2.535294117647058920e-01 1.888235294117647234e-01 1.652941176470588414e-01 5.882352941176471157e-04 1.005882352941176588e-01 2.411764705882352838e-02 4.764705882352941041e-02 1.823529411764705788e-02 1.064705882352941224e-01
1.529147982062780409e-01 3.632286995515694727e-02 5.426008968609865452e-02 1.618834080717488910e-01 4.484304932735426051e-04 4.484304932735426051e-04 4.977578475336322944e-02 9.910313901345292609e-02 4.443946188340807124e-01 4.484304932735426051e-04
1.020325203252032548e-01 2.073170731707316833e-02 1.264227642276422869e-01 2.565040650406504308e-01 4.065040650406504062e-04 4.109756097560975374e-01 4.065040650406504062e-04 4.512195121951219356e-02 3.699186991869918284e-02 4.065040650406504062e-04
4.629629629629630348e-04 4.629629629629630348e-04 3.986111111111111382e-01 3.245370370370370683e-01 6.527777777777778179e-02 1.115740740740740894e-01 4.675925925925926430e-02 4.629629629629630348e-04 5.138888888888889367e-02 4.629629629629630348e-04
8.742004264392321672e-03 1.110874200426439085e-01 6.484008528784648284e-01 1.238805970149253616e-01 2.132196162046908221e-04 2.366737739872067786e-02 2.579957356076758787e-02 1.087420042643922995e-02 4.285714285714285754e-02 4.477611940298506857e-03
8.860103626943005573e-02 5.181347150259067117e-04 1.606217616580310828e-02 8.860103626943005573e-02 2.124352331606217323e-02 2.803108808290155629e-01 5.181347150259067117e-04 5.699481865284974913e-03 4.715025906735750838e-02 4.512953367875647270e-01
8.592964824120605249e-02 5.075376884422111434e-02 8.592964824120605249e-02 5.381909547738693567e-01 5.025125628140704025e-04 8.090452261306534110e-02 5.075376884422111434e-02 7.085427135678393218e-02 3.567839195979900097e-02 5.025125628140704025e-04
1.946601941747573283e-01 5.339805825242719198e-03 1.990291262135922279e-02 5.878640776699030068e-01 4.854368932038835831e-04 1.019417475728155546e-02 4.854368932038835831e-04 3.446601941747572811e-02 1.169902912621359481e-01 2.961165048543689532e-02
5.405405405405406573e-04 9.243243243243245977e-02 5.951351351351351626e-01 2.708108108108108758e-01 5.405405405405406573e-04 1.675675675675675907e-02 5.405405405405406573e-04 5.405405405405406573e-04 2.216216216216216478e-02 5.405405405405406573e-04
4.444444444444445200e-04 5.377777777777778545e-02 5.915555555555556122e-01 1.337777777777778010e-01 4.444444444444445200e-04 7.600000000000001199e-02 3.600000000000000422e-02 4.444444444444445200e-04 1.071111111111111291e-01 4.444444444444445200e-04
6.214689265536723489e-03 1.474576271186440746e-01 3.960451977401129864e-01 1.022598870056497244e-01 1.248587570621468995e-01 1.305084745762711829e-01 5.649717514124293983e-04 5.649717514124293983e-04 9.096045197740114385e-02 5.649717514124293983e-04
1.364130434782608869e-01 1.146739130434782927e-01 1.684782608695652509e-02 3.972826086956521840e-01 5.978260869565218440e-03 8.750000000000002220e-02 5.978260869565218440e-03 5.434782608695653324e-04 5.434782608695653324e-04 2.342391304347826442e-01
7.806691449814127069e-03 1.825278810408922092e-01 5.133828996282527868e-01 1.788104089219330894e-01 3.717472118959108283e-04 3.717472118959108283e-04 5.985130111524163826e-02 3.717472118959108283e-04 5.613382899628252543e-02 3.717472118959108283e-04
7.092198581560284166e-04 1.141843971631205795e-01 1.496453900709220075e-01 5.035460992907801053e-02 7.092198581560284166e-04 7.092198581560284166e-04 8.581560283687943158e-02 7.092198581560284166e-04 7.092198581560284166e-04 5.964539007092197753e-01
2.479674796747967716e-02 4.512195121951220050e-02 4.471544715447155552e-03 7.357723577235773804e-02 4.471544715447155552e-03 3.699186991869918978e-02 4.516260162601626327e-01 7.357723577235773804e-02 1.508130081300813330e-01 1.345528455284553115e-01
4.482456140350877249e-01 1.149122807017543824e-01 6.228070175438596423e-02 2.719298245614035214e-02 2.719298245614035214e-02 1.236842105263157854e-01 9.649122807017544365e-03 1.149122807017543824e-01 7.105263157894736725e-02 8.771929824561403672e-04
2.082125603864734276e-01 5.362318840579709950e-02 3.913043478260869179e-02 1.115942028985507373e-01 1.497584541062801922e-02 1.405797101449275388e-01 4.830917874396135686e-04 1.502415458937198245e-01 1.695652173913043681e-01 1.115942028985507373e-01
3.055555555555555716e-03 1.474999999999999922e-01 4.308333333333332904e-01 2.113888888888888762e-01 3.055555555555555716e-03 5.305555555555555719e-02 4.750000000000000056e-02 2.777777777777777775e-04 1.030555555555555530e-01 2.777777777777777775e-04
5.586592178770950334e-04 5.586592178770950334e-04 1.402234636871508566e-01 3.972067039106144670e-01 5.586592178770950334e-04 3.413407821229050287e-01 5.586592178770950334e-04 5.586592178770950334e-04 1.731843575418994322e-02 1.011173184357541943e-01
1.752427184466019416e-01 1.169902912621359342e-01 7.330097087378641130e-02 1.169902912621359342e-01 4.854368932038835289e-04 4.131067961165048041e-01 5.388349514563106624e-02 4.854368932038835289e-04 4.902912621359223344e-02 4.854368932038835289e-04
6.714285714285715689e-02 4.761904761904762985e-04 6.714285714285715689e-02 3.957142857142857406e-01 3.857142857142857595e-02 3.623809523809524147e-01 4.761904761904762985e-04 4.761904761904762985e-04 1.952380952380952314e-02 4.809523809523810062e-02
8.116591928251121191e-02 2.201793721973094309e-01 5.874439461883407959e-02 4.484304932735426051e-04 2.156950672645739919e-01 4.484304932735426051e-04 2.426008968609865424e-01 5.874439461883407959e-02 4.484304932735426051e-04 1.215246636771300515e-01
5.680751173708920021e-02 9.906103286384977669e-02 1.037558685446009488e-01 2.821596244131455711e-01 2.863849765258215732e-02 1.694835680751173856e-01 4.272300469483567703e-02 2.863849765258215732e-02 1.460093896713615114e-01 4.272300469483567703e-02
5.430107526881720881e-02 5.376344086021506456e-04 5.913978494623657427e-03 2.204301075268817398e-02 1.129032258064516410e-02 5.376344086021506456e-04 5.758064516129033361e-01 1.026881720430107697e-01 1.666666666666666990e-02 2.102150537634409067e-01
8.345864661654137096e-02 8.345864661654137096e-02 3.082706766917293548e-02 5.120300751879699463e-01 7.518796992481204542e-04 6.090225563909775625e-02 8.270676691729325972e-03 7.518796992481204542e-04 2.187969924812030731e-01 7.518796992481204542e-04
2.350230414746543733e-02 2.677419354838709853e-01 5.576036866359446870e-02 3.271889400921659113e-02 5.069124423963134070e-03 1.894009216589861710e-01 4.608294930875576033e-04 7.419354838709678324e-02 4.608294930875576033e-04 3.506912442396313279e-01
2.742187500000000111e-01 7.812500000000000434e-04 7.812500000000000434e-04 4.539062500000000111e-01 8.593750000000000694e-03 8.593750000000000694e-03 7.812500000000000434e-04 2.421875000000000069e-02 2.273437500000000111e-01 7.812500000000000434e-04
7.874015748031497038e-04 1.267716535433071057e-01 5.590551181102362127e-02 1.110236220472440860e-01 8.661417322834645549e-03 7.874015748031497038e-04 2.055118110236220652e-01 2.763779527559055427e-01 7.874015748031497038e-04 2.133858267716535473e-01
1.274111675126903542e-01 1.883248730964467155e-01 1.071065989847715810e-01 5.076142131979695686e-04 3.101522842639594102e-01 1.573604060913705652e-02 5.076142131979695686e-04 3.096446700507613989e-02 1.573604060913705652e-02 2.035532994923857919e-01
5.057142857142857828e-01 9.523809523809523801e-04 9.523809523809523801e-04 3.904761904761904628e-02 2.009523809523809657e-01 3.904761904761904628e-02 9.523809523809523801e-04 2.104761904761904834e-01 9.523809523809523801e-04 9.523809523809523801e-04
1.915555555555555622e-01 9.333333333333334106e-03 8.933333333333333404e-02 1.960000000000000075e-01 4.444444444444444657e-04 3.737777777777777644e-01 4.444444444444444657e-04 2.266666666666666483e-02 1.115555555555555606e-01 4.888888888888889665e-03
4.545454545454545451e-04 5.045454545454545331e-02 1.640909090909090928e-01 2.050000000000000155e-01 4.545454545454545451e-04 3.681818181818181934e-02 4.545454545454545451e-04 5.500000000000000028e-02 2.913636363636363247e-01 1.959090909090909216e-01
1.709677419354838912e-01 4.608294930875576033e-04 2.350230414746543733e-02 1.847926267281106150e-01 4.608294930875576033e-04 2.953917050691243773e-01 4.608294930875576033e-04 1.889400921658986043e-02 1.894009216589861710e-01 1.156682027649769684e-01
2.038135593220339326e-01 4.237288135593221300e-04 4.237288135593221300e-04 5.724576271186441190e-01 4.237288135593221300e-04 3.855932203389830781e-02 4.237288135593221300e-04 5.127118644067796965e-02 1.317796610169491844e-01 4.237288135593221300e-04
2.316037735849056645e-01 2.033018867924528406e-01 1.419811320754716943e-01 2.457547169811320764e-01 2.405660377358490379e-02 3.349056603773584856e-02 1.933962264150943314e-02 4.716981132075471735e-04 4.716981132075471735e-04 9.952830188679245849e-02
5.723270440251573138e-02 6.289308176100630787e-04 6.289308176100630787e-04 7.427672955974843338e-01 6.289308176100630787e-04 5.094339622641510384e-02 6.289308176100630787e-04 4.465408805031446937e-02 8.867924528301887599e-02 1.320754716981132303e-02
4.263565891472868158e-03 1.011627906976744207e-01 7.790697674418604890e-02 8.178294573643411780e-02 1.748062015503875910e-01 1.127906976744186135e-01 2.445736434108527202e-01 1.670542635658914810e-01 1.589147286821705404e-02 1.976744186046511600e-02
2.068728522336769904e-02 4.048797250859106911e-01 1.897594501718213311e-01 9.690721649484536696e-03 2.893470790378006863e-02 6.742268041237113596e-02 1.072852233676975936e-01 5.917525773195875943e-02 6.673539518900342693e-02 4.542955326460480781e-02
5.632812500000000666e-01 4.765625000000000416e-02 7.812500000000001518e-04 7.812500000000001518e-04 1.492187500000000389e-01 7.812500000000001518e-04 6.328125000000001110e-02 1.414062500000000389e-01 7.812500000000001518e-04 3.203125000000000416e-02
5.102040816326531072e-04 6.173469387755101817e-02 6.683673469387754751e-02 9.744897959183673741e-02 9.234693877551021501e-02 1.076530612244898100e-01 2.250000000000000056e-01 2.505102040816326592e-01 3.622448979591836454e-02 6.173469387755101817e-02
4.221621621621621245e-01 5.405405405405405489e-04 3.837837837837837496e-02 1.735135135135135176e-01 5.405405405405405489e-04 3.086486486486486602e-01 5.405405405405405489e-04 4.918918918918918637e-02 5.945945945945946796e-03 5.405405405405405489e-04
3.349442379182155927e-01 4.126394052044609490e-02 1.416356877323420027e-01 1.713754646840148776e-01 3.717472118959108283e-04 3.717472118959108283e-04 3.717472118959108283e-04 2.267657992565055500e-02 2.308550185873605998e-01 5.613382899628252543e-02
1.172897196261682429e-01 4.672897196261682979e-04 4.672897196261682979e-04 5.892523364485982018e-01 4.672897196261682979e-04 1.640186915887850705e-01 4.672897196261682979e-04 4.672897196261682979e-04 1.032710280373831946e-01 2.383177570093458070e-02
5.455128205128204621e-01 6.410256410256410251e-04 1.987179487179487405e-02 6.410256410256410251e-04 6.410256410256410251e-04 6.410256410256410251e-04 2.378205128205128360e-01 1.096153846153846284e-01 2.628205128205127888e-02 5.833333333333333426e-02
2.989528795811519091e-01 3.193717277486911310e-02 1.000000000000000194e-01 3.879581151832460773e-01 5.235602094240838231e-04 1.052356020942408626e-01 2.670157068062827335e-02 4.764397905759162888e-02 5.235602094240838231e-04 5.235602094240838231e-04
2.181347150259067558e-01 5.181347150259067117e-04 4.715025906735750838e-02 1.611398963730570066e-01 5.181347150259067117e-04 3.735751295336787181e-01 5.181347150259067117e-04 1.093264248704663294e-01 5.181347150259067117e-04 8.860103626943005573e-02
5.555555555555555551e-04 1.450000000000000178e-01 1.005555555555555647e-01 1.172222222222222276e-01 1.722222222222222210e-02 5.561111111111111116e-01 2.277777777777777526e-02 6.111111111111111431e-03 3.388888888888888506e-02 5.555555555555555551e-04
3.220238095238095455e-01 6.011904761904761363e-02 7.202380952380951773e-02 7.202380952380951773e-02 5.952380952380952918e-04 6.547619047619047776e-03 5.952380952380952918e-04 1.732142857142857095e-01 6.547619047619047776e-03 2.863095238095237915e-01
2.040000000000000147e-01 3.636363636363636686e-04 1.490909090909090830e-02 6.367272727272726973e-01 3.636363636363636686e-04 5.490909090909090740e-02 3.636363636363636686e-04 6.945454545454546325e-02 1.854545454545454553e-02 3.636363636363636686e-04
1.558252427184466105e-01 1.019417475728155373e-02 5.339805825242719198e-03 1.024271844660194219e-01 4.854368932038835289e-04 5.296116504854369023e-01 4.854368932038835289e-04 3.446601941747572811e-02 1.558252427184466105e-01 5.339805825242719198e-03
2.494252873563218287e-01 3.869731800766283702e-02 5.402298850574712569e-02 4.448275862068965525e-01 3.831417624521072924e-04 3.869731800766283702e-02 1.570881226053639709e-02 1.306513409961685968e-01 3.831417624521072924e-04 2.720306513409961532e-02
6.957081545064378592e-01 4.291845493562232612e-04 1.759656652360514981e-02 9.484978540772534550e-02 8.626609442060087507e-02 4.291845493562232612e-04 4.291845493562232612e-04 5.193133047210300723e-02 4.291845493562232612e-04 5.193133047210300723e-02
5.759162303664922163e-03 1.261780104712041939e-01 3.717277486910994244e-02 1.523560209424083822e-01 5.235602094240838231e-04 5.083769633507853047e-01 5.235602094240838231e-04 5.235602094240838231e-04 4.240837696335078566e-02 1.261780104712041939e-01
7.034883720930232287e-02 1.226744186046511698e-01 3.546511627906976521e-02 1.808139534883720922e-01 5.813953488372092943e-04 7.616279069767441234e-02 2.854651162790697860e-01 2.098837209302325535e-01 1.802325581395348986e-02 5.813953488372092943e-04
2.863207547169810963e-01 1.888364779874213695e-01 1.165094339622641390e-01 1.055031446540880408e-01 4.418238993710692231e-02 5.204402515723270672e-02 2.374213836477987241e-02 7.405660377358490309e-02 1.430817610062893111e-02 9.449685534591195646e-02
1.409090909090909317e-02 1.004545454545454769e-01 2.095454545454545903e-01 3.504545454545454630e-01 2.772727272727272887e-02 1.822727272727273085e-01 2.318181818181818191e-02 4.545454545454546535e-04 7.772727272727274206e-02 1.409090909090909317e-02
2.777227722772277474e-01 4.950495049504951639e-04 4.950495049504951639e-04 7.475247524752476336e-02 1.534653465346534976e-02 1.534653465346534976e-02 7.970297029702971825e-02 5.351485148514851797e-01 4.950495049504951639e-04 4.950495049504951639e-04
2.435028248587570721e-01 5.649717514124293983e-04 3.446327683615819232e-02 2.999999999999999889e-01 5.649717514124293983e-04 1.418079096045197773e-01 5.141242937853107015e-02 4.576271186440677985e-02 5.649717514124293983e-04 1.813559322033898302e-01
4.180412371134020755e-01 5.154639175257733161e-04 1.139175257731959018e-01 2.324742268041237458e-01 5.154639175257733161e-04 5.721649484536082964e-02 5.154639175257733161e-04 1.087628865979381743e-01 6.752577319587629856e-02 5.154639175257733161e-04
8.181818181818183155e-02 9.138755980861244799e-02 4.784688995215311143e-04 9.138755980861244799e-02 5.789473684210526272e-02 1.248803827751196194e-01 4.784688995215311143e-04 4.784688995215311143e-04 4.784688995215311143e-04 5.507177033492822726e-01
4.436241610738254626e-01 4.093959731543624081e-02 6.711409395973155084e-04 8.791946308724832293e-02 2.221476510067114107e-01 6.711409395973155084e-04 6.711409395973155084e-04 4.765100671140939242e-02 6.711409395973155084e-04 1.550335570469798807e-01
5.494505494505494501e-04 2.368131868131868323e-01 8.846153846153846645e-02 1.653846153846153799e-01 5.494505494505494501e-04 8.296703296703296371e-02 3.192307692307692624e-01 9.395604395604396919e-02 6.043956043956044168e-03 6.043956043956044168e-03
7.864768683274021843e-02 1.103202846975089024e-02 1.814946619217081697e-02 5.519572953736654464e-01 3.558718861209964664e-04 1.462633451957295327e-01 3.914590747330960914e-03 6.441281138790036498e-02 7.864768683274021843e-02 4.661921708185053081e-02
5.238095238095238915e-02 1.341991341991342207e-02 1.779220779220779536e-01 3.077922077922077837e-01 9.134199134199136316e-02 3.077922077922077837e-01 4.329004329004329543e-04 4.329004329004329543e-04 1.774891774891775020e-02 3.073593073593073807e-02
4.774834437086092342e-01 2.715231788079469979e-02 6.622516556291390723e-04 6.622516556291390723e-04 2.390728476821192272e-01 6.622516556291390723e-04 6.622516556291390723e-04 1.198675496688741821e-01 2.052980132450331341e-02 1.132450331125827853e-01
6.121673003802281798e-02 6.501901140684411551e-02 1.182509505703422115e-01 4.566539923954372471e-01 1.524714828897338337e-01 3.802281368821293079e-04 3.802281368821293079e-04 3.460076045627376307e-02 1.106463878326996303e-01 3.802281368821293079e-04
3.926136363636363313e-01 1.761363636363636256e-02 5.738636363636363119e-02 6.306818181818181490e-02 6.874999999999999167e-02 1.028409090909090939e-01 1.426136363636363591e-01 4.034090909090908700e-02 1.142045454545454614e-01 5.681818181818182626e-04
3.072072072072072335e-01 9.009009009009009148e-04 1.891891891891891997e-02 1.891891891891891997e-02 9.009009009009009148e-04 9.009009009009009148e-04 1.720720720720720909e-01 4.783783783783783772e-01 9.009009009009009148e-04 9.009009009009009148e-04
4.610000000000000209e-01 1.100000000000000110e-02 1.000000000000000021e-03 1.000000000000000021e-03 1.000000000000000021e-03 1.000000000000000021e-03 1.110000000000000014e-01 4.110000000000000320e-01 1.000000000000000021e-03 1.000000000000000021e-03
2.962264150943396124e-01 6.289308176100629703e-04 6.918238993710692022e-03 6.289308176100629703e-04 6.289308176100629703e-04 6.289308176100629703e-04 3.207547169811320736e-02 5.729559748427672794e-01 1.320754716981132129e-02 7.610062893081760704e-02
1.166666666666666685e-01 1.722222222222222210e-01 3.080808080808080524e-02 1.419191919191919171e-01 5.050505050505050501e-04 5.050505050505050501e-04 5.050505050505050501e-04 5.101010101010100550e-02 4.601010101010100661e-01 2.575757575757575690e-02
3.761904761904761862e-01 5.291005291005291362e-04 2.698412698412698194e-02 2.544973544973544999e-01 1.111111111111111154e-02 2.439153439153439185e-01 5.291005291005291362e-04 5.291005291005291362e-04 4.814814814814814825e-02 3.756613756613756683e-02
5.588723051409618531e-02 2.808734107241570022e-01 9.402985074626865614e-02 6.362631288004422236e-02 5.527915975677169888e-05 5.754560530679933561e-02 1.034273079049198435e-01 3.184632393587617516e-01 5.527915975677169888e-05 2.603648424543946946e-02
2.304054054054054113e-01 2.094594594594594711e-02 6.824324324324324009e-02 6.756756756756757132e-04 9.527027027027026862e-02 7.432432432432432845e-03 2.371621621621621823e-01 1.290540540540540682e-01 4.121621621621621157e-02 1.695945945945946109e-01
6.219931271477664031e-02 7.250859106529210230e-02 1.206185567010309295e-01 3.714776632302405068e-01 1.171821305841924399e-01 1.687285223367697706e-01 7.216494845360825125e-03 1.065292096219931303e-02 6.907216494845361265e-02 3.436426116838488232e-04
5.681818181818182626e-04 2.846590909090909172e-01 9.715909090909091717e-02 1.312500000000000056e-01 5.681818181818182626e-04 2.562500000000000333e-01 1.596590909090909172e-01 5.681818181818182626e-04 6.874999999999999167e-02 5.681818181818182626e-04
1.703296703296703490e-02 1.379120879120879217e-01 8.846153846153846645e-02 3.796703296703296537e-01 5.494505494505494501e-04 5.494505494505494501e-04 7.197802197802197210e-02 1.214285714285714413e-01 1.708791208791208827e-01 1.153846153846153910e-02
5.512077294685990836e-01 1.067632850241546083e-01 3.429951690821256283e-02 4.830917874396136228e-04 1.454106280193236955e-01 4.830917874396136228e-04 4.830917874396136228e-04 6.811594202898552108e-02 4.830917874396136228e-04 9.227053140096620754e-02
4.157232704402515355e-01 6.289308176100629703e-04 6.289308176100629703e-04 3.836477987421383490e-02 6.289308176100629703e-04 6.289308176100629703e-04 1.320754716981132129e-02 1.389937106918238963e-01 6.289308176100629703e-04 3.905660377358490809e-01
5.341968911917098772e-01 1.606217616580311175e-02 5.181347150259068201e-04 1.352331606217616888e-01 5.699481865284975780e-03 4.196891191709845037e-02 5.181347150259068201e-04 9.378238341968914149e-02 2.642487046632124512e-02 1.455958549222798326e-01
1.103225806451613028e-01 2.000000000000000042e-02 3.935483870967741715e-02 2.716129032258064457e-01 2.006451612903225878e-01 2.135483870967742059e-01 7.096774193548387524e-03 6.451612903225806446e-04 6.451612903225806446e-04 1.361290322580645251e-01
4.533333333333332792e-03 3.387555555555555875e-01 1.120888888888888907e-01 6.764444444444443760e-02 8.888888888888889315e-05 1.005333333333333218e-01 2.463111111111111196e-01 8.364444444444443794e-02 9.866666666666665947e-03 3.653333333333333433e-02
5.041322314049586500e-02 5.867768595041322061e-02 1.735537190082644607e-02 2.652892561983471453e-01 7.520661157024792487e-02 8.264462809917356252e-04 3.388429752066115380e-02 7.520661157024792487e-02 8.264462809917356252e-04 4.223140495867768740e-01
5.617977528089888135e-04 2.758426966292135130e-01 5.674157303370786637e-02 1.129213483146067482e-01 1.410112359550561856e-01 1.578651685393258619e-01 1.016853932584269732e-01 5.112359550561797888e-02 3.426966292134830949e-02 6.797752808988763440e-02
9.947916666666668795e-02 3.697916666666666713e-02 1.307291666666667018e-01 4.692708333333333592e-01 5.208333333333334345e-04 9.427083333333335924e-02 5.208333333333334345e-04 5.208333333333334345e-04 5.208333333333334345e-04 1.671875000000000444e-01
4.542168674698795483e-01 8.875502008032129519e-02 8.473895582329318832e-02 9.277108433734941595e-02 4.417670682730924156e-03 2.172690763052209095e-01 4.417670682730924156e-03 4.016064257028113165e-04 4.016064257028113165e-04 5.261044176706827780e-02
4.773255813953488080e-01 5.813953488372092943e-04 4.709302325581395110e-02 1.220930232558139518e-02 2.965116279069767227e-02 5.813953488372092943e-04 5.813953488372092943e-04 2.156976744186046568e-01 5.813953488372092943e-04 2.156976744186046568e-01
1.662721893491124481e-01 5.917159763313609546e-04 7.751479289940828299e-02 2.550295857988165715e-01 5.917159763313609546e-04 1.248520710059171646e-01 4.201183431952662528e-02 5.976331360946745413e-02 2.727810650887573796e-01 5.917159763313609546e-04
2.551886792452830455e-01 1.462264150943396422e-02 7.594339622641510523e-02 4.344339622641509857e-01 5.235849056603773810e-02 8.066037735849058976e-02 3.820754716981132615e-02 5.188679245283020318e-03 4.716981132075472819e-04 4.292452830188679680e-02
7.574585635359116775e-01 5.524861878453040179e-04 5.524861878453040179e-04 6.132596685082873644e-02 5.524861878453040179e-04 1.160220994475138351e-02 5.027624309392265955e-02 8.342541436464089022e-02 5.524861878453040179e-04 3.370165745856353728e-02
7.005347593582887666e-02 5.347593582887700658e-04 9.144385026737968103e-02 2.732620320855614904e-01 5.347593582887700658e-04 3.106951871657754327e-01 5.347593582887700658e-04 5.347593582887700658e-04 3.796791443850267012e-02 2.144385026737967992e-01
5.025125628140704025e-04 1.211055276381909629e-01 1.311557788944723579e-01 5.025125628140704025e-04 1.055276381909547867e-02 3.824120603015074837e-01 1.864321608040201139e-01 3.567839195979899403e-02 5.075376884422110046e-02 8.090452261306532722e-02
4.285714285714285754e-02 8.403361344537815629e-04 4.285714285714285754e-02 2.697478991596638509e-01 8.403361344537815629e-04 1.764705882352941152e-02 9.243697478991596758e-03 9.243697478991596758e-03 8.403361344537815629e-04 6.058823529411764275e-01
4.708333333333333259e-01 7.202380952380951773e-02 3.035714285714285338e-02 1.845238095238095274e-02 1.613095238095238193e-01 5.952380952380952918e-04 1.136904761904762029e-01 1.845238095238095274e-02 5.952380952380952918e-04 1.136904761904762029e-01
5.988023952095808313e-04 2.281437125748503048e-01 7.245508982035928081e-02 6.646706586826346685e-02 7.245508982035928081e-02 3.958083832335329011e-01 9.041916167664670878e-02 5.988023952095808313e-04 5.988023952095808313e-04 7.245508982035928081e-02
5.834285714285714075e-01 6.914285714285714479e-02 5.714285714285714714e-04 5.714285714285714714e-04 2.005714285714285672e-01 5.714285714285714714e-04 2.914285714285714049e-02 4.628571428571428420e-02 5.714285714285714714e-04 6.914285714285714479e-02
3.198198198198198144e-02 9.504504504504505957e-02 5.000000000000000278e-02 9.954954954954957358e-02 4.504504504504505116e-04 6.351351351351351704e-02 4.013513513513513598e-01 1.536036036036036168e-01 4.504504504504505116e-04 1.040540540540540737e-01
4.621212121212121132e-02 7.651515151515150825e-02 7.575757575757575751e-04 2.356060606060606244e-01 7.575757575757575751e-04 8.333333333333333218e-03 3.106060606060605939e-02 7.651515151515150825e-02 7.575757575757575751e-04 5.234848484848484418e-01
5.658385093167701552e-01 6.211180124223602715e-04 1.304347826086956624e-02 1.372670807453416353e-01 6.211180124223602715e-04 1.304347826086956624e-02 2.118012422360248670e-01 3.788819875776397450e-02 6.832298136645963312e-03 1.304347826086956624e-02
5.291005291005291362e-04 4.285714285714285754e-02 5.820105820105820824e-03 1.380952380952381042e-01 1.486772486772486856e-01 2.068783068783068835e-01 1.063492063492063600e-01 5.291005291005291362e-04 1.380952380952381042e-01 2.121693121693121742e-01
2.472602739726027510e-01 6.849315068493150738e-04 6.849315068493150738e-04 1.034246575342465668e-01 6.849315068493150738e-04 7.602739726027396561e-02 6.849315068493150738e-04 3.363013698630137327e-01 1.102739726027397310e-01 1.239726027397260316e-01
6.802721088435374763e-04 1.843537414965986387e-01 1.843537414965986387e-01 6.802721088435374763e-04 6.802721088435374763e-04 6.802721088435374763e-04 3.816326530612245138e-01 2.047619047619047838e-01 6.802721088435374763e-04 4.149659863945578259e-02
5.022624434389140469e-02 4.524886877828055028e-04 9.095022624434391523e-02 9.095022624434391523e-02 4.524886877828055028e-04 5.705882352941177293e-01 4.524886877828055028e-04 7.285067873303169295e-02 4.117647058823530049e-02 8.190045248868779715e-02
6.097560975609756092e-04 1.103658536585366001e-01 1.774390243902439213e-01 8.597560975609755407e-02 6.097560975609756092e-04 3.603658536585365724e-01 8.597560975609755407e-02 6.097560975609756092e-04 9.817073170731707710e-02 7.987804878048780644e-02
1.387795275590551075e-02 3.987204724409448842e-01 2.323818897637794922e-01 2.864173228346456393e-02 4.045275590551181133e-02 8.179133858267714774e-02 1.861220472440944518e-01 1.781496062992125873e-02 9.842519685039369942e-05 9.842519685039369942e-05
1.170403587443946264e-01 3.183856502242152220e-02 9.417040358744395087e-03 5.874439461883407959e-02 4.484304932735426051e-04 6.322869955156951161e-02 2.560538116591928315e-01 1.977578475336322916e-01 1.080717488789237762e-01 1.573991031390134521e-01
8.051529790660225691e-05 5.717391304347826386e-01 1.812399355877616636e-01 1.779388083735910023e-02 3.067632850241545917e-02 3.148148148148148529e-02 1.039452495974235030e-01 2.826086956521739121e-02 3.470209339774557589e-02 8.051529790660225691e-05
1.283536585365853688e-01 4.298780487804877704e-02 7.957317073170731836e-02 1.375000000000000111e-01 7.347560975609757072e-02 4.298780487804877704e-02 3.048780487804878046e-04 9.481707317073170826e-02 3.048780487804878046e-04 3.996951219512194786e-01
8.562091503267973969e-02 6.601307189542483800e-02 3.986928104575163112e-02 2.490196078431372584e-01 1.705882352941176516e-01 6.535947712418301286e-04 6.535947712418301286e-04 6.535947712418301286e-04 6.535947712418301286e-04 3.862745098039215841e-01
3.883620689655172820e-01 9.525862068965519625e-02 4.741379310344828388e-03 9.094827586206898073e-02 1.383620689655172542e-01 5.646551724137931910e-02 2.629310344827586257e-02 3.060344827586207114e-02 4.310344827586207921e-04 1.685344827586207073e-01
2.221518987341772333e-01 8.291139240506328889e-02 6.329113924050633029e-04 3.227848101265822639e-02 2.094936708860759556e-01 1.329113924050632882e-02 6.329113924050633029e-04 3.227848101265822639e-02 3.860759493670885834e-02 3.677215189873417889e-01
4.310344827586207379e-04 1.900862068965517293e-01 1.168103448275862183e-01 1.081896551724138011e-01 3.060344827586206767e-02 4.056034482758620330e-01 2.198275862068965400e-02 4.310344827586207379e-04 3.922413793103447788e-02 8.663793103448276522e-02
2.240437158469945136e-02 1.699453551912568361e-01 5.464480874316939886e-04 5.464480874316939886e-04 5.464480874316939886e-04 4.213114754098360448e-01 1.644808743169398901e-01 5.464480874316939886e-04 4.426229508196721091e-02 1.754098360655737820e-01
8.090425531914894330e-01 5.319148936170213938e-04 1.117021276595744905e-02 5.319148936170213938e-04 5.319148936170213938e-04 4.308510638297873008e-02 5.319148936170213938e-04 9.095744680851065855e-02 5.319148936170213938e-04 4.308510638297873008e-02
1.555555555555555684e-02 1.266666666666666774e-01 2.600000000000000089e-01 8.222222222222222432e-02 1.555555555555555684e-02 7.407407407407408124e-04 2.296296296296296280e-02 1.488888888888889039e-01 2.970370370370370439e-01 3.037037037037036702e-02
3.224390243902438558e-01 8.341463414634146811e-02 2.975609756097560843e-02 1.224390243902439140e-01 1.809756097560975552e-01 4.878048780487805416e-04 4.878048780487805416e-04 3.951219512195121991e-02 2.487804878048780269e-02 1.956097560975609828e-01
8.660287081339713977e-02 4.784688995215311143e-04 2.440191387559808439e-02 2.157894736842105310e-01 4.784688995215311143e-04 4.980861244019138545e-01 4.784688995215311143e-04 3.875598086124401598e-02 7.224880382775120125e-02 6.267942583732057094e-02
3.840816326530612224e-01 1.391836734693877864e-01 1.351020408163265407e-01 2.126530612244898200e-01 5.346938775510204356e-02 4.081632653061225183e-04 3.306122448979591927e-02 4.122448979591836898e-02 4.081632653061225183e-04 4.081632653061225183e-04
7.125984251968504879e-02 2.007874015748031468e-02 8.267716535433072486e-03 4.330708661417323642e-03 1.854330708661417471e-01 9.094488188976379561e-02 1.381889763779527713e-01 4.177165354330709124e-01 3.937007874015748519e-04 6.338582677165355284e-02
5.594871794871795201e-01 1.589743589743590133e-02 9.282051282051284602e-02 1.851282051282051588e-01 5.128205128205129285e-04 1.287179487179487547e-01 5.128205128205129285e-04 1.589743589743590133e-02 5.128205128205129285e-04 5.128205128205129285e-04
5.181347150259067117e-04 5.181347150259067117e-04 9.896373056994819950e-02 1.922279792746114102e-01 8.860103626943005573e-02 1.870466321243523522e-01 3.160621761658030660e-02 5.181347150259067117e-04 1.611398963730570066e-01 2.388601036269430156e-01
4.212871287128713282e-01 3.514851485148515198e-02 5.000000000000000278e-02 1.440594059405940763e-01 4.950495049504951639e-04 9.455445544554456905e-02 4.950495049504951639e-04 1.094059405940594337e-01 1.440594059405940763e-01 4.950495049504951639e-04
