4.469026548672565963e-02 4.424778761061947383e-04 4.424778761061947383e-04 1.371681415929203521e-02 1.814159292035398205e-02 4.911504424778760647e-02 4.911504424778760647e-02 2.256637168141592889e-02 3.278761061946902644e-01 4.738938053097344616e-01
1.444915254237288116e-01 7.669491525423730027e-02 4.237288135593220758e-04 1.737288135593220359e-02 4.237288135593220758e-04 4.237288135593220758e-04 4.237288135593220758e-04 4.199152542372880936e-01 3.266949152542372725e-01 1.313559322033898413e-02
1.800000000000000211e-01 1.317241379310344906e-01 6.896551724137931589e-04 5.586206896551723644e-02 3.517241379310344362e-02 6.896551724137931589e-04 4.206896551724137456e-02 9.034482758620689113e-02 4.006896551724137834e-01 6.275862068965516738e-02
3.937007874015748519e-04 8.307086614173229966e-02 3.937007874015748519e-04 1.421259842519685124e-01 5.551181102362204994e-02 3.940944881889764106e-01 3.976377952755905804e-02 1.618110236220472731e-01 1.224409448818897794e-01 3.937007874015748519e-04
5.102040816326532157e-04 5.102040816326532157e-04 4.239795918367347261e-01 4.642857142857143016e-02 6.683673469387756139e-02 5.102040816326532157e-04 4.132653061224490082e-02 3.576530612244898100e-01 6.173469387755102511e-02 5.102040816326532157e-04
3.032432432432432545e-01 5.405405405405405489e-04 5.405405405405405489e-04 5.405405405405405489e-04 5.945945945945946796e-03 5.405405405405405489e-04 1.135135135135135163e-02 3.897297297297296903e-01 2.221621621621621689e-01 6.540540540540540349e-02
1.275720164609053624e-02 4.567901234567901814e-02 3.333333333333333287e-02 9.506172839506174532e-02 3.744855967078189463e-02 4.695473251028806638e-01 4.567901234567901814e-02 2.020576131687243093e-01 3.744855967078189463e-02 2.098765432098765454e-02
2.084070796460177066e-01 4.424778761061947383e-04 4.424778761061947383e-04 2.699115044247787573e-02 4.424778761061947383e-04 4.424778761061947383e-04 4.424778761061947383e-04 4.783185840707964154e-01 2.615044247787610687e-01 2.256637168141592889e-02
6.656108597285068651e-01 4.524886877828055028e-04 2.307692307692307820e-02 4.524886877828055028e-04 1.855203619909502263e-02 4.570135746606335259e-02 4.524886877828055028e-04 5.927601809954751583e-02 3.665158371040724145e-02 1.497737556561086203e-01
6.702479338842975976e-01 2.561983471074380514e-02 9.090909090909092202e-03 8.347107438016529435e-02 6.694214876033058315e-02 9.090909090909092202e-03 8.264462809917357336e-04 1.330578512396694557e-01 8.264462809917357336e-04 8.264462809917357336e-04
7.725752508361204141e-02 4.046822742474916190e-02 3.344481605351170943e-04 5.384615384615384914e-02 2.812709030100334351e-01 1.608695652173913193e-01 1.073578595317725842e-01 2.779264214046822667e-01 3.344481605351170943e-04 3.344481605351170943e-04
4.405286343612335536e-04 4.405286343612335536e-04 4.405286343612335536e-04 5.330396475770925874e-02 4.405286343612335536e-04 2.779735682819383658e-01 4.845814977973569686e-03 2.823788546255506793e-01 3.220264317180616676e-01 5.770925110132159308e-02
6.666666666666667528e-04 1.140000000000000041e-01 6.666666666666667528e-04 5.399999999999999939e-02 6.666666666666667528e-04 6.666666666666667528e-04 8.066666666666666430e-02 3.140000000000000013e-01 4.339999999999999414e-01 6.666666666666667528e-04
5.255707762557076945e-01 4.566210045662100854e-04 4.566210045662100854e-04 1.872146118721461014e-02 4.566210045662100854e-04 4.566210045662100854e-04 4.566210045662100854e-04 2.835616438356164393e-01 5.525114155251141523e-02 1.146118721461187318e-01
5.050505050505050501e-04 6.111111111111110911e-02 2.631313131313131604e-01 5.050505050505050501e-04 5.050505050505050501e-04 5.050505050505050501e-04 5.050505050505050501e-04 1.772727272727272763e-01 4.954545454545454253e-01 5.050505050505050501e-04
2.900452488687782493e-01 4.117647058823529355e-02 4.977375565610860260e-03 1.180995475113122278e-01 4.977375565610860260e-03 4.524886877828054486e-04 1.000000000000000056e-01 1.855203619909502263e-02 2.674208144796380027e-01 1.542986425339366585e-01
2.796373779637378182e-02 1.541143654114365477e-02 2.943514644351464815e-01 1.569735006973500546e-01 2.497210599721060020e-01 3.556485355648535216e-03 1.695258019525801851e-01 2.726638772663877303e-02 5.446304044630403962e-02 7.670850767085077423e-04
3.444444444444444420e-01 3.584229390681003581e-04 3.584229390681003581e-04 3.261648745519712955e-02 3.584229390681003581e-04 2.186379928315412141e-02 3.584229390681003581e-04 2.870967741935483430e-01 1.688172043010752743e-01 1.437275985663082623e-01
5.494505494505494501e-04 2.252747252747252724e-02 1.269230769230769440e-01 5.549450549450549164e-02 5.494505494505494501e-04 5.494505494505494501e-04 5.494505494505494501e-04 1.983516483516483686e-01 5.939560439560439553e-01 5.494505494505494501e-04
1.110714285714285710e-01 3.571428571428571425e-04 3.571428571428571425e-04 3.571428571428571425e-04 3.571428571428571425e-04 3.928571428571428839e-03 3.571428571428571425e-04 4.610714285714285765e-01 3.825000000000000067e-01 3.964285714285713941e-02
4.232394366197183011e-01 7.042253521126760939e-04 2.183098591549295989e-02 7.816901408450703526e-02 7.042253521126760939e-04 1.204225352112676117e-01 2.183098591549295989e-02 7.042253521126760939e-04 9.225352112676056537e-02 2.401408450704225483e-01
7.936507936507937585e-04 7.936507936507937585e-04 7.936507936507937585e-04 5.087301587301586991e-01 7.222222222222222932e-02 1.595238095238095399e-01 3.253968253968254204e-02 8.809523809523810145e-02 8.809523809523810145e-02 4.841269841269841417e-02
1.876325088339222680e-01 3.886925795053003743e-03 3.533568904593639964e-04 7.809187279151943994e-02 3.533568904593639964e-04 2.508833922261484092e-02 3.886925795053003743e-03 4.067137809187278963e-01 2.936395759717314036e-01 3.533568904593639964e-04
2.965116279069767227e-02 5.813953488372092943e-04 3.319767441860465018e-01 1.802325581395348986e-02 8.779069767441860517e-02 4.831395348837209114e-01 5.813953488372092943e-04 2.383720930232557933e-02 2.383720930232557933e-02 5.813953488372092943e-04
6.702325581395349730e-01 4.697674418604651930e-02 1.441860465116279362e-02 9.767441860465117531e-03 4.651162790697675221e-04 4.651162790697675221e-04 4.651162790697675221e-04 1.632558139534883990e-01 3.302325581395348930e-02 6.093023255813954236e-02
4.199999999999999845e-01 1.361290322580645251e-01 6.451612903225806446e-04 5.225806451612902831e-02 6.451612903225806446e-04 7.096774193548387524e-03 1.354838709677419484e-02 1.425806451612903203e-01 1.619354838709677613e-01 6.516129032258063947e-02
6.557446808510638547e-01 4.255319148936170717e-04 7.702127659574468932e-02 6.425531914893617413e-02 4.255319148936170717e-04 3.021276595744681187e-02 4.255319148936170717e-04 4.255319148936170717e-04 7.276595744680852684e-02 9.829787234042554334e-02
2.399159663865546299e-01 2.983193277310924180e-02 6.764705882352942123e-02 4.243697478991596828e-02 4.201680672268907814e-04 7.184873949579832775e-02 4.621848739495798379e-03 3.743697478991596661e-01 8.865546218487395380e-02 8.025210084033614077e-02
5.816326530612244555e-02 1.672684458398744078e-01 7.849293563579278052e-05 8.720565149136577654e-02 1.335164835164835140e-01 4.403453689167974999e-02 9.113029827315541342e-02 9.583987441130298324e-02 2.347723704866562233e-01 8.799058084772369559e-02
7.830508474576271249e-02 2.406779661016949026e-02 3.389830508474576498e-04 9.186440677966102586e-02 3.728813559322034094e-03 3.389830508474576498e-04 4.779661016949152130e-02 1.630508474576271294e-01 3.935593220338982623e-01 1.969491525423728850e-01
6.289308176100629703e-04 3.836477987421383490e-02 1.320754716981132129e-02 1.767295597484276892e-01 7.610062893081760704e-02 6.289308176100629703e-04 1.320754716981132129e-02 6.421383647798741823e-01 3.836477987421383490e-02 6.289308176100629703e-04
4.149377593360996288e-04 1.286307053941908828e-02 3.775933609958505993e-02 4.734439834024896099e-01 5.020746887966804489e-02 7.510373443983403563e-02 6.265560165975103679e-02 5.850622406639004180e-02 2.203319502074688740e-01 8.713692946058091554e-03
6.358381502890173703e-03 5.780346820809248920e-04 8.150289017341040554e-02 4.682080924855491072e-02 3.300578034682081219e-01 5.780346820809248920e-04 5.780346820809248920e-04 1.855491329479768969e-01 3.473988439306358589e-01 5.780346820809248920e-04
5.489130434782609619e-02 5.978260869565218440e-03 5.434782608695653324e-04 5.434782608695653324e-04 6.032608695652174474e-02 5.494565217391305101e-01 5.434782608695653324e-04 2.559782608695652661e-01 7.119565217391304879e-02 5.434782608695653324e-04
2.411764705882352838e-02 5.882352941176471157e-04 1.235294117647058910e-02 1.594117647058823639e-01 5.882352941176471157e-04 5.005882352941176672e-01 5.941176470588235142e-02 1.535294117647058865e-01 4.176470588235293990e-02 4.764705882352941041e-02
6.289308176100629703e-04 6.289308176100629703e-04 5.163522012578616316e-01 6.352201257861635197e-02 6.289308176100629703e-04 4.465408805031446243e-02 7.610062893081760704e-02 2.081761006289308269e-01 8.867924528301886211e-02 6.289308176100629703e-04
1.132450331125827853e-01 5.364238410596026269e-02 6.622516556291390723e-04 7.350993377483443225e-02 6.688741721854304934e-02 4.046357615894040083e-01 4.701986754966887283e-02 7.350993377483443225e-02 1.198675496688741821e-01 4.701986754966887283e-02
1.540832049306625632e-04 1.064714946070878243e-01 1.694915254237288303e-03 1.403697996918335800e-01 1.710323574730354332e-02 1.540832049306625632e-04 4.778120184899846135e-01 1.540832049306625632e-04 2.528505392912172578e-01 3.235747303543913718e-03
2.411764705882352838e-02 5.941176470588235142e-02 5.882352941176471157e-04 5.882352941176471157e-04 1.300000000000000044e-01 2.594117647058823417e-01 2.594117647058823417e-01 1.823529411764705788e-02 2.476470588235294146e-01 5.882352941176471157e-04
1.573991031390134521e-01 9.910313901345292609e-02 4.484304932735426051e-04 4.080717488789237235e-02 2.286995515695067205e-02 4.932735426008969144e-03 4.484304932735426051e-04 4.085201793721972563e-01 2.650224215246637094e-01 4.484304932735426051e-04
1.666666666666666644e-02 4.512195121951220050e-02 4.065040650406504604e-04 8.536585365853659180e-03 4.065040650406504604e-04 1.260162601626016454e-02 6.544715447154472732e-02 3.012195121951219412e-01 3.012195121951219412e-01 2.483739837398374339e-01
4.629629629629629806e-04 4.629629629629629806e-04 8.379629629629629928e-02 8.842592592592593559e-02 4.629629629629629806e-04 4.629629629629629806e-04 7.916666666666667684e-02 8.842592592592593559e-02 6.486111111111111382e-01 9.722222222222222376e-03
2.132196162046908492e-04 1.004264392324093896e-01 2.132196162046908492e-04 8.550106609808102998e-02 3.219616204690831790e-02 2.345415778251599449e-03 4.159914712153517935e-01 1.513859275053304823e-02 3.477611940298507287e-01 2.132196162046908492e-04
9.896373056994819950e-02 5.181347150259067117e-04 9.378238341968912761e-02 5.233160621761658027e-02 5.181347150259067117e-04 1.559585492227979486e-01 5.181347150259067117e-04 4.564766839378238128e-01 1.404145077720207191e-01 5.181347150259067117e-04
2.060301507537688412e-02 5.025125628140704025e-04 2.562814070351758511e-02 5.025125628140704025e-04 6.080402010050250938e-02 3.065326633165828957e-02 1.261306532663316604e-01 1.412060301507537807e-01 3.974874371859296041e-01 1.964824120603015090e-01
1.990291262135922279e-02 4.854368932038835289e-04 4.854368932038835289e-04 4.902912621359223344e-02 4.854368932038835289e-04 1.504854368932038826e-02 4.854368932038835289e-04 4.854368932038835289e-04 4.616504854368931876e-01 4.519417475728155220e-01
5.945945945945946796e-03 1.032432432432432573e-01 5.405405405405405489e-04 1.518918918918918948e-01 5.945945945945946796e-03 2.216216216216216131e-02 3.627027027027026618e-01 2.216216216216216131e-02 3.248648648648648773e-01 5.405405405405405489e-04
4.444444444444444657e-04 7.600000000000001199e-02 4.444444444444444657e-04 1.204444444444444512e-01 4.044444444444444259e-02 2.711111111111111013e-02 3.204444444444444207e-01 4.888888888888889665e-03 4.093333333333333268e-01 4.444444444444444657e-04
6.214689265536723489e-03 5.649717514124293983e-04 6.271186440677965768e-02 9.096045197740114385e-02 1.418079096045197773e-01 5.706214689265536738e-02 1.474576271186440746e-01 5.706214689265536738e-02 4.299435028248587143e-01 6.214689265536723489e-03
5.489130434782608231e-02 5.434782608695652240e-04 2.614130434782608869e-01 1.255434782608695621e-01 5.978260869565217572e-03 1.141304347826086960e-02 8.206521739130434590e-02 6.576086956521738636e-02 3.103260869565217517e-01 8.206521739130434590e-02
3.717472118959108283e-04 7.472118959107806879e-02 3.717472118959108283e-04 1.453531598513011225e-01 4.089219330855018569e-03 1.152416356877323383e-02 3.200743494423791691e-01 4.126394052044609490e-02 4.018587360594795266e-01 3.717472118959108283e-04
7.092198581560284166e-04 7.092198581560284166e-04 7.092198581560284166e-04 5.184397163120566532e-01 8.581560283687943158e-02 1.638297872340425676e-01 7.092198581560284166e-04 9.999999999999999167e-02 1.283687943262411535e-01 7.092198581560284166e-04
4.918699186991870587e-02 4.065040650406504604e-04 3.292682926829268442e-02 1.020325203252032686e-01 4.918699186991870587e-02 4.313008130081301128e-01 4.065040650406504604e-04 2.199186991869918895e-01 1.142276422764227778e-01 4.065040650406504604e-04
3.605263157894736947e-01 7.105263157894736725e-02 8.859649122807017330e-02 9.649122807017544365e-03 8.771929824561403672e-04 8.771929824561403672e-04 8.859649122807017330e-02 1.412280701754386192e-01 1.412280701754386192e-01 9.736842105263157632e-02
8.260869565217392185e-02 4.830917874396135686e-04 1.014492753623188505e-02 3.913043478260869179e-02 3.429951690821255589e-02 6.328502415458936436e-02 5.362318840579709950e-02 2.420289855072463858e-01 1.888888888888888840e-01 2.855072463768115743e-01
2.777777777777777775e-04 3.916666666666666907e-02 2.777777777777777775e-04 1.474999999999999922e-01 1.972222222222222085e-02 2.777777777777777775e-04 2.558333333333333015e-01 8.083333333333334036e-02 4.558333333333333126e-01 2.777777777777777775e-04
5.586592178770950334e-04 5.586592178770950334e-04 5.083798882681563741e-02 1.067039106145251520e-01 5.586592178770950334e-04 2.072625698324022381e-01 5.586592178770950334e-04 7.877094972067039125e-02 4.251396648044692417e-01 1.290502793296089412e-01
2.475728155339805558e-02 4.854368932038835289e-04 4.854368932038835289e-04 4.417475728155339371e-02 4.854368932038835289e-04 2.043689320388349662e-01 1.315533980582524465e-01 2.626213592233009875e-01 2.529126213592233219e-01 7.815533980582524409e-02
4.809523809523809368e-02 3.857142857142856901e-02 2.147619047619047650e-01 3.380952380952381015e-02 5.238095238095238741e-03 1.290476190476190499e-01 4.761904761904761901e-04 5.285714285714285254e-02 4.576190476190475920e-01 1.952380952380952314e-02
1.304932735426009294e-01 2.735426008968610059e-02 1.394618834080717795e-01 8.116591928251122579e-02 1.439461883408071907e-01 3.860986547085202281e-01 5.426008968609866145e-02 4.484304932735426593e-04 4.484304932735426593e-04 3.632286995515695421e-02
3.802816901408450495e-02 3.802816901408450495e-02 5.164319248826291717e-03 5.211267605633802813e-02 4.694835680751174140e-04 8.028169014084507449e-02 8.497652582159624657e-02 2.399061032863849807e-01 2.774647887323943851e-01 1.835680751173708880e-01
5.376344086021506456e-04 5.376344086021506456e-04 5.430107526881720881e-02 5.430107526881720881e-02 6.505376344086022389e-02 5.220430107526882191e-01 5.376344086021506456e-04 2.532258064516129670e-01 4.892473118279570127e-02 5.376344086021506456e-04
3.082706766917292854e-02 8.270676691729324237e-03 3.834586466165413460e-02 7.518796992481203458e-04 7.518796992481203458e-04 3.834586466165413460e-02 2.330827067669172942e-02 7.518796992481203458e-04 4.368421052631579204e-01 4.218045112781955153e-01
4.608294930875576033e-04 3.271889400921659113e-02 1.248847926267281222e-01 1.986175115207373387e-01 6.497695852534561556e-02 1.064516129032258146e-01 1.110599078341013846e-01 2.078341013824884786e-01 1.525345622119815836e-01 4.608294930875576033e-04
2.585937500000000111e-01 7.812500000000000434e-04 7.812500000000000434e-04 7.812500000000000434e-04 8.593750000000000694e-03 7.812500000000000434e-04 3.984374999999999722e-02 5.546874999999999722e-02 3.132812500000000111e-01 3.210937500000000111e-01
5.590551181102362127e-02 7.874015748031497038e-04 7.874015748031497038e-04 7.874015748031497038e-04 4.102362204724409600e-01 8.661417322834645549e-03 1.661417322834645716e-01 3.078740157480315265e-01 4.803149606299212532e-02 7.874015748031497038e-04
1.832487309644670048e-01 4.111675126903552996e-02 3.406091370558375075e-01 4.111675126903552996e-02 9.695431472081218749e-02 1.680203045685279284e-01 9.187817258883249072e-02 5.583756345177665580e-03 5.076142131979695686e-04 3.096446700507613989e-02
5.914285714285714146e-01 1.047619047619047748e-02 2.200000000000000011e-01 9.523809523809523801e-04 9.523809523809523801e-04 9.523809523809523801e-04 9.523809523809523801e-04 9.523809523809523801e-04 2.000000000000000042e-02 1.533333333333333492e-01
1.160000000000000059e-01 1.822222222222221952e-02 4.444444444444444657e-04 8.933333333333333404e-02 4.444444444444444657e-04 1.026666666666666700e-01 3.155555555555555197e-02 2.715555555555555500e-01 2.448888888888889059e-01 1.248888888888888965e-01
8.227272727272727515e-02 1.409090909090909144e-02 5.000000000000000104e-03 1.231818181818181840e-01 1.050000000000000100e-01 3.227272727272727237e-02 1.863636363636363494e-02 2.231818181818181757e-01 3.959090909090908772e-01 4.545454545454545451e-04
1.110599078341013984e-01 2.350230414746544080e-02 4.608294930875577117e-04 9.262672811059909084e-02 3.271889400921659113e-02 7.880184331797236708e-02 4.608294930875577117e-04 5.119815668202765124e-01 1.479262672811060275e-01 4.608294930875577117e-04
2.161016949152542305e-02 4.237288135593220758e-04 4.237288135593220758e-04 4.661016949152542617e-03 4.237288135593220758e-04 4.237288135593220758e-04 7.245762711864407735e-02 1.105932203389830559e-01 3.648305084745762650e-01 4.241525423728813582e-01
1.844339622641509580e-01 8.537735849056604653e-02 8.066037735849057588e-02 2.877358490566037444e-02 4.716981132075471735e-04 2.877358490566037444e-02 1.891509433962264286e-01 3.542452830188678736e-01 2.405660377358490379e-02 2.405660377358490379e-02
6.289308176100629703e-04 6.289308176100629703e-04 6.289308176100629703e-04 1.949685534591194883e-02 6.289308176100629703e-04 3.207547169811320736e-02 6.918238993710692022e-03 6.981132075471697951e-02 5.666666666666666519e-01 3.025157232704402399e-01
4.689922480620154627e-02 8.953488372093024172e-02 3.875968992248061962e-04 5.852713178294573215e-02 3.914728682170542234e-02 5.197674418604650848e-01 8.178294573643411780e-02 5.852713178294573215e-02 1.011627906976744207e-01 4.263565891472868158e-03
2.068728522336769904e-02 4.336769759450172235e-02 2.343642611683849006e-02 1.175945017182130486e-01 3.389003436426116789e-01 2.137457044673539766e-02 2.949140893470790781e-01 6.054982817869415668e-02 7.704467353951889586e-02 2.130584192439862693e-03
6.023437500000000666e-01 7.812500000000002602e-04 1.570312500000000389e-01 8.593750000000002429e-03 1.640625000000000416e-02 3.984375000000000416e-02 7.812500000000002602e-04 6.328125000000001110e-02 7.812500000000002602e-04 1.101562500000000250e-01
7.193877551020408379e-02 1.581632653061224719e-02 5.102040816326532157e-04 5.102040816326532157e-04 7.193877551020408379e-02 5.413265306122448939e-01 5.102040816326532157e-04 1.892857142857143071e-01 6.683673469387756139e-02 4.132653061224490082e-02
2.870270270270270374e-01 5.405405405405405489e-04 5.405405405405405489e-04 4.378378378378378066e-02 5.405405405405405489e-04 9.243243243243244589e-02 5.405405405405405489e-04 2.167567567567567632e-01 1.572972972972973005e-01 2.005405405405405461e-01
4.498141263940520079e-02 4.089219330855018569e-03 3.717472118959108283e-04 4.498141263940520079e-02 2.791821561338289626e-01 3.717472118959108283e-04 5.613382899628252543e-02 2.011152416356877248e-01 3.609665427509293201e-01 7.806691449814127069e-03
9.813084112149534147e-03 5.140186915887851385e-03 1.448598130841121691e-02 3.785046728971962898e-02 4.672897196261682979e-04 1.448598130841121691e-02 4.672897196261682979e-04 6.121495327102804279e-02 4.911214953271028638e-01 3.649532710280374292e-01
5.775641025641025106e-01 2.628205128205127888e-02 6.410256410256410251e-04 1.987179487179487405e-02 6.410256410256410251e-04 1.993589743589743724e-01 7.051282051282052252e-03 1.673076923076923239e-01 6.410256410256410251e-04 6.410256410256410251e-04
1.942408376963350725e-01 3.193717277486910616e-02 5.235602094240838231e-04 1.099476439790575931e-02 5.759162303664922163e-03 5.235602094240838231e-04 7.905759162303664656e-02 4.350785340314135552e-01 1.209424083769633645e-01 1.209424083769633645e-01
1.455958549222798049e-01 5.181347150259067117e-04 5.181347150259067117e-04 5.181347150259067117e-04 5.181347150259067117e-04 1.248704663212435312e-01 1.088082901554404160e-02 2.803108808290155629e-01 2.336787564766839576e-01 2.025906735751295540e-01
5.555555555555555551e-04 6.111111111111111431e-03 1.116666666666666780e-01 6.722222222222222487e-02 3.388888888888888506e-02 5.449999999999999289e-01 3.944444444444444170e-02 5.555555555555555551e-04 1.950000000000000067e-01 5.555555555555555551e-04
3.517857142857143127e-01 5.952380952380952918e-04 5.952380952380952918e-04 1.136904761904762029e-01 1.136904761904762029e-01 3.035714285714285338e-02 6.607142857142857262e-02 1.255952380952380931e-01 6.011904761904761363e-02 1.375000000000000111e-01
3.636363636363636686e-04 3.636363636363636686e-04 3.636363636363636686e-04 2.581818181818181651e-02 3.636363636363636686e-04 7.309090909090909527e-02 3.636363636363636686e-04 3.636363636363636686e-04 4.294545454545454222e-01 4.694545454545454577e-01
1.315533980582524465e-01 4.854368932038835289e-04 5.339805825242719198e-03 2.961165048543689185e-02 1.019417475728155373e-02 2.868932038834951515e-01 4.902912621359223344e-02 2.626213592233009875e-01 1.072815533980582547e-01 1.169902912621359342e-01
1.038314176245210829e-01 3.486590038314175966e-02 3.831417624521072924e-04 5.019157088122605526e-02 4.214559386973180596e-03 2.337164750957854142e-02 5.785440613026819612e-02 3.831417624521072924e-04 2.762452107279693148e-01 4.486590038314176021e-01
1.549356223175965830e-01 4.291845493562232070e-04 1.506437768240343478e-01 4.291845493562232070e-04 4.291845493562232070e-04 4.291845493562232070e-04 2.188841201716738155e-02 4.291845493562232070e-04 4.291845493562232070e-04 6.699570815450643924e-01
5.759162303664923030e-03 5.235602094240838231e-04 3.717277486910994938e-02 7.382198952879581721e-02 5.235602094240838231e-04 4.507853403141361404e-01 5.235602094240838231e-04 2.570680628272251633e-01 1.418848167539267235e-01 3.193717277486911310e-02
1.459302325581395554e-01 6.453488372093023340e-02 5.813953488372092943e-04 2.383720930232557933e-02 3.494186046511628119e-01 1.808139534883720922e-01 5.813953488372092943e-04 2.383720930232557933e-02 1.924418604651162990e-01 1.802325581395348986e-02
2.344339622641509469e-01 3.160377358490566030e-02 1.133647798742138252e-01 5.518867924528302049e-02 1.116352201257861561e-02 1.729559748427673006e-03 2.265723270440251347e-01 8.977987421383648581e-02 8.349056603773584440e-02 1.526729559748427612e-01
4.545454545454545451e-04 1.186363636363636370e-01 4.545454545454545451e-04 6.863636363636363424e-02 2.318181818181818191e-02 5.500000000000000028e-02 1.640909090909090928e-01 5.000000000000000104e-03 4.231818181818181590e-01 1.413636363636363580e-01
5.599009900990099542e-01 4.009900990099009993e-02 2.524752475247524913e-02 5.495049504950495767e-02 1.886138613861386426e-01 1.534653465346534976e-02 5.990099009900990562e-02 5.495049504950495767e-02 4.950495049504951639e-04 4.950495049504951639e-04
2.039548022598870192e-01 5.649717514124293983e-04 2.881355932203389508e-02 5.706214689265536738e-02 5.649717514124293983e-04 6.214689265536723489e-03 5.706214689265536738e-02 2.881355932203389508e-02 2.717514124293785582e-01 3.451977401129943668e-01
5.154639175257732077e-04 5.670103092783505827e-03 2.628865979381442980e-02 7.268041237113401221e-02 5.154639175257732077e-04 5.154639175257732077e-04 5.154639175257732077e-04 4.690721649484536071e-02 2.273195876288659767e-01 6.190721649484536293e-01
4.784688995215311143e-04 4.784688995215311143e-04 3.449760765550238806e-01 6.746411483253587915e-02 2.918660287081339608e-02 1.631578947368421129e-01 5.789473684210526272e-02 2.301435406698564556e-01 1.057416267942583865e-01 4.784688995215311143e-04
2.959731543624161132e-01 7.382550335570470593e-03 3.295302013422818921e-01 7.382550335570470593e-03 6.711409395973155084e-04 3.422818791946308226e-02 6.711409395973155084e-04 6.711409395973155084e-04 8.791946308724832293e-02 2.355704697986577278e-01
8.296703296703296371e-02 5.494505494505494501e-04 5.494505494505494501e-04 1.543956043956044022e-01 3.247252747252747374e-01 2.038461538461538436e-01 5.494505494505494501e-04 2.802197802197801957e-02 2.038461538461538436e-01 5.494505494505494501e-04
6.441281138790036498e-02 3.558718861209964664e-04 3.558718861209964664e-04 9.288256227758007189e-02 3.558718861209964664e-04 1.177935943060498258e-01 1.103202846975089024e-02 5.017793594306049765e-02 3.633451957295373291e-01 2.992882562277580094e-01
3.073593073593073460e-02 2.640692640692640647e-02 1.735930735930736046e-01 5.238095238095238221e-02 4.329004329004329001e-04 6.536796536796536661e-02 7.402597402597403675e-02 4.329004329004329001e-04 4.593073593073592753e-01 1.173160173160173181e-01
4.576158940397351271e-01 4.701986754966887977e-02 3.582781456953643140e-01 6.622516556291391807e-04 6.622516556291391807e-04 2.715231788079470326e-02 6.622516556291391807e-04 8.675496688741722584e-02 6.622516556291391807e-04 2.052980132450331688e-02
3.840304182509504671e-02 2.323193916349809429e-01 1.790874524714828608e-01 1.486692015209125084e-01 3.802281368821291995e-04 3.802281368821291995e-04 5.361216730038021600e-02 1.790874524714828608e-01 1.676806083650189683e-01 3.802281368821291995e-04
2.903409090909090939e-01 5.681818181818182626e-04 1.028409090909090939e-01 6.250000000000000347e-03 4.602272727272727071e-02 1.653409090909090939e-01 5.681818181818182626e-04 1.028409090909090939e-01 1.823863636363636520e-01 1.028409090909090939e-01
6.225225225225226033e-01 9.009009009009010232e-04 9.009009009009010232e-04 9.009009009009010232e-04 2.441441441441441762e-01 9.009009009009010232e-04 3.693693693693694130e-02 4.594594594594594850e-02 9.009009009009010232e-04 4.594594594594594850e-02
8.410000000000001918e-01 1.000000000000000238e-03 1.000000000000000238e-03 1.000000000000000238e-03 6.100000000000001255e-02 7.100000000000002143e-02 2.100000000000000824e-02 1.000000000000000238e-03 1.000000000000000238e-03 1.000000000000000238e-03
6.798742138364780585e-01 3.207547169811321430e-02 6.289308176100630787e-04 5.094339622641510384e-02 1.515723270440252068e-01 6.289308176100630787e-04 6.289308176100630787e-04 3.836477987421384184e-02 6.289308176100630787e-04 4.465408805031446937e-02
5.050505050505050501e-04 1.060606060606060670e-02 2.575757575757575690e-02 1.873737373737373868e-01 5.050505050505050501e-04 5.050505050505050501e-04 3.035353535353535470e-01 2.025252525252525249e-01 1.520202020202020277e-01 1.166666666666666685e-01
2.862433862433862441e-01 5.291005291005291362e-04 5.291005291005291362e-04 3.756613756613756683e-02 3.227513227513227612e-02 5.291005291005291362e-04 5.873015873015872967e-02 3.603174603174603141e-01 1.328042328042328135e-01 9.047619047619048782e-02
9.458264234383637059e-02 3.190160309563294661e-01 6.080707573244887622e-04 9.734660033167495674e-02 1.255389718076285188e-01 4.317302377003869041e-02 2.239358761746821636e-01 3.875069098949695395e-02 3.819789939192923950e-02 1.885019347705915033e-02
1.290540540540540682e-01 6.756756756756757132e-04 7.432432432432432845e-03 1.222972972972973110e-01 5.472972972972972583e-02 4.128378378378378399e-01 5.472972972972972583e-02 2.770270270270270077e-02 4.121621621621621157e-02 1.493243243243243257e-01
8.281786941580757122e-02 3.436426116838488232e-04 1.068728522336769848e-01 8.969072164948453663e-02 3.436426116838488232e-04 4.501718213058419210e-02 7.250859106529210230e-02 3.436426116838488232e-04 4.780068728522336441e-01 1.240549828178694192e-01
5.681818181818182626e-04 9.715909090909091717e-02 5.681818181818182626e-04 9.715909090909091717e-02 4.602272727272727071e-02 3.357954545454545636e-01 4.034090909090908700e-02 1.937500000000000056e-01 1.880681818181818288e-01 5.681818181818182626e-04
5.494505494505494501e-04 2.752747252747252960e-01 5.494505494505494501e-04 9.945054945054945805e-02 1.153846153846153910e-02 6.648351648351648324e-02 2.252747252747252724e-02 3.137362637362637319e-01 1.983516483516483686e-01 1.153846153846153910e-02
3.048309178743961456e-01 4.830917874396135686e-04 2.565217391304348005e-01 4.830917874396135686e-04 3.913043478260869179e-02 4.830917874396135686e-04 4.879227053140096360e-02 3.913043478260869179e-02 4.830917874396135686e-04 3.096618357487922468e-01
5.918238993710692730e-01 6.289308176100630787e-04 6.352201257861636585e-02 6.289308176100630787e-04 6.981132075471699339e-02 6.289308176100630787e-04 6.289308176100630787e-04 1.012578616352201588e-01 7.610062893081762092e-02 9.496855345911951740e-02
2.906735751295336789e-01 3.160621761658030660e-02 1.663212435233160646e-01 3.160621761658030660e-02 5.181347150259067117e-04 5.181347150259067117e-04 5.181347150259067117e-04 5.181347150259067117e-04 9.896373056994819950e-02 3.787564766839378039e-01
5.870967741935483736e-02 3.935483870967741715e-02 2.006451612903225878e-01 1.361290322580645251e-01 2.000000000000000042e-02 9.096774193548386178e-02 6.451612903225806446e-04 1.554838709677419384e-01 2.264516129032258240e-01 7.161290322580644852e-02
1.964444444444444701e-02 3.672000000000000264e-01 8.888888888888889315e-05 8.364444444444443794e-02 7.831111111111110912e-02 1.627555555555555422e-01 1.298666666666666580e-01 7.386666666666666381e-02 8.453333333333332145e-02 8.888888888888889315e-05
4.214876033057850940e-02 8.264462809917356252e-04 3.396694214876033180e-01 8.264462809917356252e-04 8.264462809917356252e-04 8.264462809917356252e-04 1.495867768595041392e-01 3.231404958677686068e-01 1.082644628099173473e-01 3.388429752066115380e-02
1.741573033707865051e-02 5.617977528089888135e-04 1.971910112359550604e-01 2.702247191011236116e-01 5.617977528089888135e-04 1.803370786516854118e-01 1.185393258426966356e-01 1.016853932584269732e-01 1.129213483146067482e-01 5.617977528089888135e-04
1.614583333333333495e-02 5.729166666666667129e-03 1.828125000000000167e-01 1.723958333333333315e-01 1.093750000000000104e-02 3.697916666666666713e-02 8.385416666666667407e-02 5.781249999999999584e-02 3.598958333333333037e-01 7.343750000000000278e-02
4.783132530120482451e-01 4.457831325301205017e-02 1.646586345381526040e-02 4.056224899598393635e-02 1.244979919678715005e-02 3.253012048192771566e-02 8.473895582329318832e-02 1.530120481927711162e-01 8.875502008032129519e-02 4.859437751004016398e-02
6.284883720930233286e-01 2.965116279069767574e-02 6.395348837209303972e-03 5.813953488372094027e-04 3.546511627906977215e-02 3.546511627906977215e-02 6.453488372093024728e-02 1.802325581395349333e-02 4.127906976744186857e-02 1.401162790697674798e-01
1.426035502958580004e-01 5.917159763313609546e-04 5.917159763313609546e-04 5.917159763313609546e-04 1.834319526627219143e-02 3.609467455621301335e-02 3.609467455621301335e-02 9.526627218934911878e-02 4.266272189349112343e-01 2.431952662721893477e-01
9.481132075471698784e-02 4.716981132075471735e-04 2.080188679245283112e-01 5.188679245283019451e-03 4.716981132075471735e-04 1.042452830188679291e-01 5.707547169811320875e-02 1.372641509433962237e-01 3.212264150943395791e-01 7.122641509433962070e-02
5.917127071823204965e-01 5.524861878453040179e-04 5.027624309392265955e-02 5.524861878453040179e-04 5.524861878453040179e-04 3.922651933701657573e-02 2.265193370165746040e-02 5.027624309392265955e-02 5.524861878453040179e-04 2.436464088397790606e-01
3.262032085561497596e-02 5.347593582887701742e-04 5.347593582887701742e-04 6.470588235294118251e-02 5.347593582887701742e-04 5.935828877005348142e-02 1.657754010695187616e-02 4.657754010695187574e-01 2.946524064171123780e-01 6.470588235294118251e-02
5.025125628140704025e-04 4.572864321608040294e-02 5.025125628140704025e-04 1.964824120603015090e-01 5.075376884422110046e-02 3.572864321608039684e-01 9.095477386934673614e-02 7.085427135678391830e-02 1.814070351758794164e-01 5.527638190954774211e-03
8.403361344537815629e-04 8.403361344537815629e-04 2.529411764705882248e-01 5.126050420168067057e-02 8.403361344537815629e-04 7.647058823529410965e-02 8.403361344537815629e-04 2.865546218487395325e-01 3.285714285714285698e-01 8.403361344537815629e-04
2.744047619047619291e-01 5.952380952380952918e-04 2.625000000000000111e-01 1.250000000000000069e-02 7.202380952380951773e-02 1.196428571428571480e-01 6.547619047619047776e-03 6.011904761904761363e-02 4.226190476190475748e-02 1.494047619047619013e-01
3.053892215568862478e-02 5.988023952095809397e-04 5.449101796407186671e-02 1.023952095808383506e-01 1.203592814371257785e-01 5.455089820359282360e-01 5.988023952095809397e-04 5.988023952095809397e-04 1.443113772455090205e-01 5.988023952095809397e-04
5.205714285714285738e-01 5.714285714285715799e-04 2.177142857142857491e-01 4.057142857142857773e-02 5.714285714285715799e-04 5.714285714285715799e-04 1.771428571428571713e-02 8.057142857142858550e-02 5.714285714285715799e-04 1.205714285714285933e-01
4.504504504504505116e-04 4.549549549549550265e-02 4.099099099099099558e-02 1.085585585585585738e-01 2.297297297297297425e-02 6.490990990990991305e-01 5.000000000000000278e-02 4.549549549549550265e-02 2.297297297297297425e-02 1.396396396396396532e-02
6.893939393939393923e-02 8.333333333333333218e-03 3.795454545454545747e-01 7.575757575757575751e-04 8.333333333333333218e-03 7.575757575757575751e-04 1.522727272727272818e-01 2.356060606060606244e-01 1.446969696969697128e-01 7.575757575757575751e-04
5.534161490683229268e-01 7.515527950310559036e-02 6.211180124223602715e-04 4.409937888198757483e-02 2.546583850931676690e-02 1.683229813664596231e-01 6.211180124223602715e-04 6.273291925465838970e-02 6.894409937888199003e-02 6.211180124223602715e-04
5.291005291005291362e-04 2.698412698412698194e-02 2.597883597883597906e-01 1.804232804232804299e-01 5.291005291005291362e-04 2.756613756613756627e-01 5.291005291005291362e-04 1.592592592592592671e-01 9.576719576719577853e-02 5.291005291005291362e-04
5.280821917808218302e-01 6.849315068493150738e-04 6.849315068493150738e-04 6.917808219178081530e-02 6.849315068493150738e-04 6.849315068493150738e-04 6.849315068493150738e-04 1.993150684931506988e-01 1.993150684931506988e-01 6.849315068493150738e-04
6.802721088435374763e-04 2.115646258503401378e-01 6.802721088435374763e-04 5.510204081632652517e-02 3.204081632653061340e-01 6.802721088435374763e-04 3.340136054421768974e-01 1.428571428571428700e-02 6.802721088435374763e-04 6.190476190476189994e-02
9.502262443438914963e-03 3.665158371040724145e-02 2.307692307692307820e-02 4.570135746606335259e-02 4.524886877828055028e-04 1.000000000000000194e-01 1.402714932126697053e-02 3.352941176470588536e-01 3.579185520361991002e-01 7.737556561085974505e-02
6.097560975609756092e-04 4.329268292682926511e-02 6.097560975609756092e-04 1.103658536585366001e-01 3.719512195121951054e-02 2.871951219512195452e-01 7.378048780487804492e-02 2.384146341463414809e-01 2.079268292682927011e-01 6.097560975609756092e-04
2.765748031496063214e-02 1.575787401574803015e-01 3.848425196850394081e-02 2.067913385826771477e-01 1.634842519685039408e-01 1.063976377952755847e-01 1.949803149606299246e-01 3.651574803149606335e-02 4.635826771653543676e-02 2.175196850393701017e-02
2.201793721973094309e-01 6.322869955156951161e-02 4.484304932735426051e-04 9.013452914798207594e-02 1.390134529147982016e-02 3.905829596412555560e-01 4.977578475336322944e-02 4.484304932735426051e-04 1.170403587443946264e-01 5.426008968609865452e-02
8.051529790660225691e-05 6.207729468599033212e-02 4.106280193236714303e-03 1.989533011272141549e-01 4.187600644122383420e-01 9.669887278582930956e-02 1.466183574879227069e-01 1.457326892109500963e-02 5.644122383252817704e-02 1.690821256038647436e-03
1.588414634146341486e-01 3.048780487804878046e-04 2.564024390243902496e-01 6.737804878048780921e-02 6.402439024390244385e-03 2.774390243902439060e-02 1.070121951219512174e-01 1.405487804878048919e-01 2.015243902439024237e-01 3.384146341463414864e-02
1.183006535947712795e-01 6.535947712418302370e-04 4.581699346405229134e-01 1.313725490196078760e-01 2.026143790849673637e-02 6.535947712418302370e-04 1.372549019607843465e-02 3.333333333333333981e-02 2.163398692810457880e-01 7.189542483660132932e-03
3.021551724137931383e-01 4.310344827586207921e-04 3.323275862068965636e-01 1.336206896551724380e-02 4.310344827586207921e-04 4.310344827586207921e-04 7.370689655172414645e-02 6.077586206896552073e-02 5.215517241379311053e-02 1.642241379310345195e-01
1.588607594936709277e-01 6.329113924050634114e-04 4.500000000000000666e-01 6.329113924050634114e-04 1.329113924050633229e-02 6.329113924050634114e-04 8.291139240506330277e-02 7.025316455696203888e-02 1.588607594936709277e-01 6.392405063291139999e-02
1.336206896551724206e-02 7.370689655172414645e-02 1.168103448275862183e-01 1.340517241379310387e-01 1.767241379310344543e-02 2.030172413793103481e-01 6.508620689655172931e-02 5.215517241379310359e-02 3.237068965517241326e-01 4.310344827586207379e-04
5.464480874316940970e-04 5.464480874316940970e-04 5.464480874316940970e-04 3.994535519125683165e-01 5.464480874316940970e-04 3.830601092896175341e-01 4.426229508196721785e-02 1.371584699453552159e-01 3.333333333333333981e-02 5.464480874316940970e-04
2.345744680851064023e-01 5.319148936170212854e-04 3.776595744680850963e-02 1.117021276595744732e-02 2.712765957446808263e-02 1.648936170212765909e-02 5.319148936170212854e-04 2.180851063829786912e-02 5.319148936170212854e-04 6.494680851063829863e-01
9.703703703703703276e-02 8.148148148148149153e-03 7.407407407407408124e-04 7.407407407407408124e-04 4.518518518518518240e-02 7.407407407407408124e-04 1.859259259259259389e-01 2.377777777777777823e-01 4.229629629629629850e-01 7.407407407407408124e-04
1.760975609756097737e-01 5.365853658536586662e-03 3.517073170731707665e-01 5.902439024390244288e-02 4.878048780487805958e-04 2.487804878048780616e-02 7.365853658536586357e-02 5.902439024390244288e-02 2.000000000000000042e-02 2.297560975609756473e-01
6.267942583732058481e-02 4.784688995215311685e-04 4.784688995215311685e-04 3.397129186602870776e-02 4.784688995215311685e-04 3.928229665071770738e-01 2.440191387559808786e-02 1.488038277511961882e-01 2.444976076555024358e-01 9.138755980861246186e-02
2.453061224489795911e-01 4.938775510204081176e-02 1.595918367346938760e-01 5.346938775510203662e-02 6.163265306122448633e-02 4.081632653061224641e-04 1.881632653061224569e-01 1.673469387755101984e-02 8.612244897959184242e-02 1.391836734693877586e-01
1.421259842519685124e-01 8.267716535433072486e-03 6.338582677165355284e-02 5.157480314960630197e-02 1.614173228346456671e-02 3.783464566929133910e-01 8.700787401574804070e-02 1.106299212598425424e-01 3.937007874015748519e-04 1.421259842519685124e-01
3.389743589743590135e-01 6.717948717948718507e-02 5.128205128205129285e-04 4.153846153846154493e-02 5.128205128205129285e-04 5.641025641025642322e-03 7.230769230769232281e-02 6.717948717948718507e-02 1.235897435897436170e-01 2.825641025641026371e-01
5.181347150259067117e-04 5.181347150259067117e-04 9.896373056994819950e-02 1.663212435233160646e-01 5.181347150259067117e-04 1.507772020725388629e-01 3.678756476683937848e-02 2.284974093264248718e-01 2.906735751295336789e-01 2.642487046632124165e-02
5.004950495049504955e-01 2.524752475247524566e-02 4.950495049504950555e-04 1.039603960396039660e-02 4.950495049504950555e-04 1.589108910891089133e-01 1.534653465346534629e-02 6.980198019801979459e-02 1.292079207920792117e-01 8.960396039603961416e-02
