3.584070796460176594e-02 1.814159292035398205e-02 4.424778761061947383e-04 2.836283185840707821e-01 7.123893805309734761e-02 1.814159292035398205e-02 4.424778761061947383e-04 7.123893805309734761e-02 3.584070796460176594e-02 4.650442477876106095e-01
3.097457627118644363e-01 4.237288135593221300e-04 4.237288135593221300e-04 1.148305084745762927e-01 4.661016949152543484e-03 4.661016949152543484e-03 4.237288135593221300e-04 3.351694915254237461e-01 2.292372881355932424e-01 4.237288135593221300e-04
2.006896551724138000e-01 6.965517241379309832e-02 7.655172413793102926e-02 2.696551724137931094e-01 6.896551724137931589e-04 6.896551724137931589e-04 6.896551724137931589e-04 9.724137931034482207e-02 2.420689655172413857e-01 4.206896551724137456e-02
2.366141732283464916e-01 2.681102362204724754e-01 3.937007874015748519e-04 1.145669291338582835e-01 8.267716535433072486e-03 1.303149606299212893e-01 9.094488188976379561e-02 1.500000000000000222e-01 3.937007874015748519e-04 3.937007874015748519e-04
5.102040816326532157e-04 5.102040816326532157e-04 4.642857142857143016e-02 1.382653061224489999e-01 1.229591836734694188e-01 2.091836734693877653e-02 5.515306122448979664e-01 1.127551020408163462e-01 5.102040816326532157e-04 5.612244897959185047e-03
1.681081081081081119e-01 5.405405405405405489e-04 5.405405405405405489e-04 3.297297297297296925e-02 9.783783783783785160e-02 5.945945945945946796e-03 4.378378378378378066e-02 3.843243243243242846e-01 2.221621621621621689e-01 4.378378378378378066e-02
6.213991769547325822e-02 3.748971193415638337e-01 5.802469135802469646e-02 1.320987654320987803e-01 8.271604938271606700e-02 6.625514403292181997e-02 6.625514403292181997e-02 1.567901234567901370e-01 4.115226337448560129e-04 4.115226337448560129e-04
2.482300884955752351e-01 4.424778761061947383e-04 9.292035398230088367e-03 4.026548672566371279e-02 3.584070796460176594e-02 4.424778761061947383e-04 7.566371681415930139e-02 4.119469026548672197e-01 1.774336283185840857e-01 4.424778761061947383e-04
4.524886877828054486e-04 4.524886877828054486e-04 4.524886877828054486e-04 2.760180995475113030e-02 1.180995475113122278e-01 4.524886877828054486e-04 3.665158371040724145e-02 4.524886877828054486e-04 7.923076923076922684e-01 2.307692307692307473e-02
8.264462809917356252e-04 9.999999999999999167e-02 1.735537190082644607e-02 8.264462809917356252e-04 3.561983471074380292e-01 8.264462809917356252e-04 1.735537190082644607e-02 1.735537190082644607e-02 4.884297520661157188e-01 8.264462809917356252e-04
1.073578595317725842e-01 5.086956521739129933e-01 3.344481605351170943e-04 3.344481605351170943e-04 1.307692307692307765e-01 1.173913043478260892e-01 3.344481605351170943e-04 1.036789297658862949e-02 1.207357859531772576e-01 3.678929765886288037e-03
1.237885462555066290e-01 4.405286343612335536e-04 2.246696035242290793e-02 5.114537444933920929e-01 1.854625550660793376e-01 4.405286343612335536e-04 2.246696035242290793e-02 1.325991189427312977e-01 4.405286343612335536e-04 4.405286343612335536e-04
4.273333333333333983e-01 6.666666666666668612e-04 4.066666666666667040e-02 4.873333333333333961e-01 7.333333333333334932e-03 7.333333333333334932e-03 6.666666666666668612e-04 2.733333333333333448e-02 6.666666666666668612e-04 6.666666666666668612e-04
8.721461187214613053e-02 4.566210045662100854e-04 5.022831050228311264e-03 4.566210045662100854e-04 7.808219178082193013e-02 4.566210045662100854e-04 4.566210045662100854e-04 1.648401826484018340e-01 6.077625570776254982e-01 5.525114155251141523e-02
5.050505050505051585e-04 4.090909090909091578e-02 2.328282828282828565e-01 3.338383838383838786e-01 5.050505050505051585e-04 5.606060606060606771e-02 1.060606060606060844e-02 3.237373737373737681e-01 5.050505050505051585e-04 5.050505050505051585e-04
4.570135746606334565e-02 4.524886877828054486e-04 4.524886877828054486e-04 2.855203619909502111e-01 2.674208144796380027e-01 9.502262443438914963e-03 1.407239819004524883e-01 4.524886877828054486e-04 1.361990950226244501e-01 1.135746606334841757e-01
6.143654114365411367e-02 6.143654114365411367e-02 1.876569037656903860e-01 3.284518828451882949e-02 5.655509065550905906e-02 4.456764295676429732e-01 7.956764295676428678e-02 6.352859135285912617e-02 1.122733612273361242e-02 6.973500697350069769e-05
1.293906810035842236e-01 7.526881720430107954e-03 3.584229390681003581e-04 1.150537634408602267e-01 9.713261648745520616e-02 3.942652329749104373e-03 3.584229390681003581e-04 1.831541218637992852e-01 4.627240143369175662e-01 3.584229390681003581e-04
5.494505494505494501e-04 5.494505494505494501e-04 8.846153846153846645e-02 5.445054945054944584e-01 5.549450549450549164e-02 1.703296703296703490e-02 7.197802197802197210e-02 2.203296703296703241e-01 5.494505494505494501e-04 5.494505494505494501e-04
2.646428571428571241e-01 3.571428571428571425e-04 1.464285714285714149e-02 1.325000000000000067e-01 3.964285714285713941e-02 3.571428571428571425e-04 3.571428571428571425e-04 3.825000000000000067e-01 1.253571428571428614e-01 3.964285714285713941e-02
4.999999999999999584e-02 5.704225352112676090e-02 7.042253521126760939e-04 1.204225352112676117e-01 1.204225352112676117e-01 7.042253521126760939e-04 1.274647887323943629e-01 5.704225352112676090e-02 4.654929577464788082e-01 7.042253521126760939e-04
7.936507936507938669e-04 5.484126984126984627e-01 7.936507936507938669e-04 2.150793650793651479e-01 7.936507936507938669e-04 7.222222222222222932e-02 7.936507936507938669e-04 1.119047619047619235e-01 7.936507936507938669e-04 4.841269841269842111e-02
2.512367491166077604e-01 3.533568904593639964e-04 7.420494699646643273e-03 1.240282685512367478e-01 4.628975265017667984e-02 3.533568904593639964e-04 3.533568904593639964e-04 3.749116607773851362e-01 1.946996466431095418e-01 3.533568904593639964e-04
5.813953488372094027e-04 5.290697674418605445e-02 1.110465116279070047e-01 1.220930232558139865e-02 2.383720930232558280e-02 1.633720930232558377e-01 4.656976744186047124e-01 1.691860465116279411e-01 5.813953488372094027e-04 5.813953488372094027e-04
1.306976744186046646e-01 4.651162790697674679e-04 4.651162790697674679e-04 4.651162790697674679e-04 1.725581395348837199e-01 4.651162790697674679e-04 3.302325581395348930e-02 6.558139534883720978e-02 5.911627906976744118e-01 5.116279069767442310e-03
1.877419354838709697e-01 6.451612903225806446e-04 6.451612903225806446e-04 7.161290322580644852e-02 1.748387096774193517e-01 6.451612903225806446e-04 1.038709677419354938e-01 1.354838709677419484e-02 4.264516129032257519e-01 2.000000000000000042e-02
4.255319148936170717e-04 4.255319148936170717e-04 4.255319148936170717e-04 4.723404255319148953e-02 9.829787234042554334e-02 4.255319148936170717e-04 8.553191489361702815e-02 1.323404255319149125e-01 6.259574468085106203e-01 8.936170212765957854e-03
1.306722689075630328e-01 4.201680672268907814e-04 4.243697478991596828e-02 9.705882352941176683e-02 1.516806722689075793e-01 5.924369747899159433e-02 1.558823529411764719e-01 1.180672268907563133e-01 2.399159663865546299e-01 4.621848739495798379e-03
2.190737833594976758e-01 4.874411302982731981e-02 1.648351648351648350e-03 1.751177394034536816e-01 1.021193092621664050e-01 1.743328100470957487e-01 5.737833594976451956e-02 1.617739403453689051e-01 4.403453689167974999e-02 1.577708006279434846e-02
5.796610169491525633e-02 3.728813559322034094e-03 1.050847457627118731e-02 4.274576271186440457e-01 1.155932203389830604e-01 3.389830508474576498e-04 9.864406779661016866e-02 1.325423728813559243e-01 3.389830508474576498e-04 1.528813559322033944e-01
2.773584905660377298e-01 6.352201257861635197e-02 6.289308176100629703e-04 6.289308176100629703e-04 3.213836477987421225e-01 5.094339622641508997e-02 1.704402515723270617e-01 1.138364779874213861e-01 6.289308176100629703e-04 6.289308176100629703e-04
4.149377593360996830e-04 4.858921161825726642e-01 8.713692946058093289e-03 2.618257261410788517e-01 4.149377593360996830e-04 9.585062240663902444e-02 8.713692946058093289e-03 1.373443983402489743e-01 4.149377593360996830e-04 4.149377593360996830e-04
1.739884393063583778e-01 5.780346820809248920e-04 3.531791907514451045e-01 1.104046242774566616e-01 5.780346820809248920e-04 1.213872832369942284e-02 6.994219653179190033e-02 2.549132947976878727e-01 1.791907514450867198e-02 6.358381502890173703e-03
5.434782608695653324e-04 6.255434782608696453e-01 6.032608695652174474e-02 5.489130434782609619e-02 5.434782608695653324e-04 5.434782608695653324e-04 1.146739130434782927e-01 1.418478260869565633e-01 5.434782608695653324e-04 5.434782608695653324e-04
4.764705882352941041e-02 2.123529411764706054e-01 5.882352941176471157e-04 1.829411764705882459e-01 2.411764705882352838e-02 5.882352941176471157e-04 1.005882352941176588e-01 4.123529411764705332e-01 1.823529411764705788e-02 5.882352941176471157e-04
6.289308176100629703e-04 7.610062893081760704e-02 5.723270440251572444e-02 1.955974842767295718e-01 1.075471698113207586e-01 2.578616352201257636e-02 4.723270440251571833e-01 6.352201257861635197e-02 6.289308176100629703e-04 6.289308176100629703e-04
1.596026490066225212e-01 4.377483443708609090e-01 7.284768211920530229e-03 6.026490066225165254e-02 1.860927152317880806e-01 2.052980132450331341e-02 6.622516556291390723e-04 7.284768211920530229e-03 1.198675496688741821e-01 6.622516556291390723e-04
4.023112480739599595e-01 5.716486902927581104e-02 1.402157164869029249e-02 2.682588597842834877e-01 2.634822804314329928e-02 1.727272727272727293e-01 1.540832049306625632e-04 4.329738058551618057e-02 1.540832049306625632e-04 1.556240369799691790e-02
2.999999999999999889e-02 1.947058823529411731e-01 5.882352941176471157e-04 2.300000000000000100e-01 7.705882352941176294e-02 1.770588235294117685e-01 8.882352941176470396e-02 1.535294117647058865e-01 4.764705882352941041e-02 5.882352941176471157e-04
1.843049327354260025e-01 1.838565022421524350e-02 6.322869955156951161e-02 2.112107623318385807e-01 1.838565022421524350e-02 4.484304932735426051e-04 4.484304932735426051e-04 2.695067264573990928e-01 2.291479820627802810e-01 4.932735426008969144e-03
8.170731707317074877e-02 4.471544715447155552e-03 4.065040650406504604e-04 4.516260162601626327e-01 3.699186991869918978e-02 1.666666666666666644e-02 8.983739837398375949e-02 8.983739837398375949e-02 6.951219512195123962e-02 1.589430894308943298e-01
2.273148148148148584e-01 5.092592592592593871e-03 7.453703703703705441e-02 4.912037037037037535e-01 4.675925925925926430e-02 4.629629629629630348e-04 4.629629629629630348e-04 1.532407407407407607e-01 4.629629629629630348e-04 4.629629629629630348e-04
3.200426439232409437e-01 2.366737739872068133e-02 1.513859275053304823e-02 4.266524520255863262e-01 1.087420042643923168e-02 1.537313432835820670e-01 2.132196162046908492e-04 4.925373134328358410e-02 2.132196162046908492e-04 2.132196162046908492e-04
2.233160621761658138e-01 5.751295336787564522e-02 5.181347150259067117e-04 2.284974093264248718e-01 1.041450777202072575e-01 3.160621761658030660e-02 3.062176165803108807e-01 5.181347150259067117e-04 4.715025906735750838e-02 5.181347150259067117e-04
2.562814070351758511e-02 5.025125628140704025e-04 5.025125628140704025e-04 3.170854271356783882e-01 1.557788944723618139e-02 1.562814070351758733e-01 1.814070351758794164e-01 1.211055276381909629e-01 5.025125628140704025e-04 1.814070351758794164e-01
6.359223300970873183e-02 4.854368932038835289e-04 4.854368932038835289e-04 2.771844660194174859e-01 1.504854368932038826e-02 4.854368932038835289e-04 4.854368932038835289e-04 1.946601941747573006e-01 4.854368932038835289e-04 4.470873786407766892e-01
2.275675675675676024e-01 4.378378378378378760e-02 5.405405405405406573e-04 4.816216216216216428e-01 5.405405405405406573e-04 1.086486486486486769e-01 5.405405405405406573e-04 1.356756756756757054e-01 5.405405405405406573e-04 5.405405405405406573e-04
2.982222222222222219e-01 3.600000000000000422e-02 1.822222222222222299e-02 4.582222222222222530e-01 4.444444444444445200e-04 7.600000000000001199e-02 4.444444444444445200e-04 1.115555555555555745e-01 4.444444444444445200e-04 4.444444444444445200e-04
1.305084745762711829e-01 3.446327683615819232e-02 1.135593220338983189e-01 3.847457627118643919e-01 5.649717514124293983e-04 2.209039548022598831e-01 5.649717514124293983e-04 1.135593220338983189e-01 5.649717514124293983e-04 5.649717514124293983e-04
5.434782608695653324e-04 5.434782608695653324e-04 5.434782608695653324e-04 1.853260869565217794e-01 1.201086956521739413e-01 1.684782608695652509e-02 5.603260869565217517e-01 9.836956521739133319e-02 5.978260869565218440e-03 1.141304347826087133e-02
2.568773234200743549e-01 4.498141263940520079e-02 3.717472118959108283e-04 3.832713754646839832e-01 2.639405204460966436e-02 1.453531598513011225e-01 3.717472118959108283e-04 1.379182156133829107e-01 4.089219330855018569e-03 3.717472118959108283e-04
7.092198581560285250e-04 5.609929078014185277e-01 3.617021276595745044e-02 2.134751773049645973e-01 4.326241134751773743e-02 7.801418439716314643e-03 7.092198581560285250e-04 1.354609929078014474e-01 7.092198581560285250e-04 7.092198581560285250e-04
4.065040650406504604e-04 5.126016260162602478e-01 4.065040650406504604e-04 2.402439024390244371e-01 4.512195121951220050e-02 1.666666666666666644e-02 9.390243902439025792e-02 7.357723577235773804e-02 4.471544715447155552e-03 1.260162601626016454e-02
7.982456140350877027e-02 8.771929824561403672e-04 2.719298245614035214e-02 5.350877192982456121e-02 2.991228070175438458e-01 2.719298245614035214e-02 3.596491228070174823e-02 7.105263157894736725e-02 4.043859649122807376e-01 8.771929824561403672e-04
5.845410628019323540e-02 4.396135265700482769e-02 6.328502415458936436e-02 2.855072463768115743e-01 3.144927536231884035e-01 2.946859903381642345e-02 4.879227053140096360e-02 5.314009661835749146e-03 1.164251207729468662e-01 3.429951690821255589e-02
3.058333333333332904e-01 4.750000000000000056e-02 1.694444444444444253e-02 4.363888888888888817e-01 2.249999999999999917e-02 4.194444444444444392e-02 3.055555555555555716e-03 1.252777777777777934e-01 2.777777777777777775e-04 2.777777777777777775e-04
5.586592178770950334e-04 5.586592178770950334e-04 1.513966480446927443e-01 4.251396648044692417e-01 5.586592178770950334e-04 3.407821229050279205e-02 6.201117318435753895e-02 3.189944134078212534e-01 6.145251396648045150e-03 5.586592178770950334e-04
1.990291262135922279e-02 7.815533980582524409e-02 4.854368932038835289e-04 3.742718446601941418e-01 1.024271844660194219e-01 4.854368932038835289e-04 6.359223300970873183e-02 2.820388349514563187e-01 7.815533980582524409e-02 4.854368932038835289e-04
7.190476190476190188e-02 4.761904761904761901e-04 1.957142857142857295e-01 2.623809523809523814e-01 4.761904761904761901e-04 4.761904761904761901e-04 1.242857142857142910e-01 2.719047619047619269e-01 6.714285714285714302e-02 5.238095238095238741e-03
4.484304932735426593e-04 1.170403587443946403e-01 9.461883408071750101e-02 2.286995515695067552e-02 7.219730941704037563e-02 2.381165919282511589e-01 3.233183856502242493e-01 4.484304932735426593e-04 9.013452914798207594e-02 4.080717488789237929e-02
1.507042253521126696e-01 6.150234741784037229e-02 3.802816901408450495e-02 3.244131455399060782e-01 7.558685446009390241e-02 4.694835680751174140e-04 7.089201877934271645e-02 1.366197183098591672e-01 9.906103286384977669e-02 4.272300469483567703e-02
5.376344086021506456e-04 6.349462365591398427e-01 5.913978494623657427e-03 7.580645161290323897e-02 5.913978494623657427e-03 5.376344086021506456e-04 1.456989247311828162e-01 7.580645161290323897e-02 5.430107526881720881e-02 5.376344086021506456e-04
4.586466165413533719e-02 7.518796992481203458e-04 7.518796992481203458e-04 2.338345864661654228e-01 7.518796992481203458e-04 7.518796992481203458e-04 7.593984962406015449e-02 2.488721804511278279e-01 7.518796992481203458e-04 3.917293233082707049e-01
6.036866359447005254e-02 7.419354838709679711e-02 4.608294930875577117e-04 2.032258064516129226e-01 6.036866359447005254e-02 1.433179723502304437e-01 3.368663594470046041e-01 1.018433179723502446e-01 4.608294930875577117e-04 1.889400921658986390e-02
7.812500000000000434e-04 7.812500000000000434e-04 8.593750000000000694e-03 2.039062500000000111e-01 1.570312500000000111e-01 7.812500000000000434e-04 2.273437500000000111e-01 2.421875000000000069e-02 2.898437500000000111e-01 8.671874999999999722e-02
7.874015748031497038e-04 1.818897637795275912e-01 7.874015748031497038e-04 1.031496062992126039e-01 5.755905511811023612e-01 1.653543307086614497e-02 4.015748031496062936e-02 7.874015748031497038e-04 7.952755905511811607e-02 7.874015748031497038e-04
5.076142131979695686e-04 5.076142131979695686e-04 8.172588832487309718e-02 8.172588832487309718e-02 5.634517766497462027e-02 2.187817258883248683e-01 2.340101522842639725e-01 2.081218274111674982e-02 1.883248730964467155e-01 1.172588832487309746e-01
1.047619047619047748e-02 3.904761904761904628e-02 1.438095238095238038e-01 4.857142857142857095e-02 4.857142857142857095e-02 9.523809523809523801e-04 6.761904761904762029e-02 9.523809523809523801e-04 5.819047619047619246e-01 5.809523809523808868e-02
8.488888888888890261e-02 4.444444444444445200e-04 4.444444444444445200e-04 2.493333333333333790e-01 2.671111111111111325e-01 4.444444444444445200e-04 2.937777777777778043e-01 5.377777777777778545e-02 4.933333333333334014e-02 4.444444444444445200e-04
1.913636363636363746e-01 8.681818181818182212e-02 4.545454545454545451e-04 2.686363636363636176e-01 1.409090909090909144e-02 4.545454545454545451e-04 2.640909090909090984e-01 1.731818181818181868e-01 4.545454545454545451e-04 4.545454545454545451e-04
3.552995391705068839e-01 4.608294930875576033e-04 4.608294930875576033e-04 1.525345622119815836e-01 4.193548387096773800e-02 4.608294930875576033e-04 8.341013824884793704e-02 2.216589861751152024e-01 1.433179723502304159e-01 4.608294930875576033e-04
5.127118644067796271e-02 4.237288135593220758e-04 4.661016949152542617e-03 3.097457627118643808e-01 8.898305084745762941e-03 4.237288135593220758e-04 4.661016949152542617e-03 2.122881355932203506e-01 5.974576271186440857e-02 3.478813559322033733e-01
1.514150943396226356e-01 4.716981132075471735e-04 1.933962264150943314e-02 9.009433962264151718e-02 9.952830188679245849e-02 1.231132075471698117e-01 7.594339622641510523e-02 1.844339622641509580e-01 2.551886792452830455e-01 4.716981132075471735e-04
6.289308176100629703e-04 1.320754716981132129e-02 6.289308176100629703e-04 2.836477987421383573e-01 6.352201257861635197e-02 6.918238993710692022e-03 5.094339622641508997e-02 2.144654088050314544e-01 6.289308176100629703e-04 3.654088050314465708e-01
5.077519379844960823e-02 3.724806201550387441e-01 3.875968992248061962e-04 8.565891472868217282e-02 5.852713178294573215e-02 8.565891472868217282e-02 2.135658914728682245e-01 1.321705426356589164e-01 3.875968992248061962e-04 3.875968992248061962e-04
5.505154639175257464e-02 7.017182130584191657e-02 2.549828178694158246e-02 1.086597938144329839e-01 1.292783505154639079e-01 3.526460481099656374e-01 1.162199312714776583e-01 1.423367697594501713e-01 6.872852233676976735e-05 6.872852233676976735e-05
7.812500000000001518e-04 7.812500000000001518e-04 1.492187500000000389e-01 7.812500000000001518e-04 7.890625000000001110e-02 7.812500000000001518e-04 7.812500000000001518e-04 7.812500000000001518e-04 6.726562500000000666e-01 9.453125000000001110e-02
3.112244897959183521e-02 4.443877551020407601e-01 4.132653061224489388e-02 1.581632653061224372e-02 1.127551020408163324e-01 4.642857142857143016e-02 1.025510204081632737e-01 1.484693877551020447e-01 5.663265306122448883e-02 5.102040816326531072e-04
1.135135135135135163e-02 5.405405405405405489e-04 5.405405405405405489e-04 2.167567567567567632e-01 3.837837837837837496e-02 5.405405405405405489e-04 2.329729729729729804e-01 1.248648648648648662e-01 3.356756756756756888e-01 3.837837837837837496e-02
1.788104089219330894e-01 3.011152416356877026e-02 2.866171003717472021e-01 2.643122676579925390e-01 2.267657992565055500e-02 3.717472118959108283e-04 3.382899628252788310e-02 1.453531598513011225e-01 3.754646840148698900e-02 3.717472118959108283e-04
4.672897196261682437e-04 4.672897196261682437e-04 9.813084112149532412e-03 3.135514018691588634e-01 5.654205607476635309e-02 5.140186915887850518e-03 1.686915887850467255e-01 2.434579439252336497e-01 7.523364485981308414e-02 1.266355140186916084e-01
3.269230769230768718e-02 1.224358974358974450e-01 6.410256410256410251e-04 2.628205128205127888e-02 1.346153846153846229e-02 6.410256410256410251e-04 3.910256410256410242e-02 1.801282051282051266e-01 5.839743589743588981e-01 6.410256410256410251e-04
2.151832460732984453e-01 5.235602094240838231e-04 2.670157068062826988e-02 1.890052356020942570e-01 1.314136125654450371e-01 5.235602094240838231e-04 8.952879581151833299e-02 8.429319371727748977e-02 2.623036649214659510e-01 5.235602094240838231e-04
5.181347150259067117e-04 5.181347150259067117e-04 3.678756476683937848e-02 3.217616580310880825e-01 3.062176165803108807e-01 5.181347150259067117e-04 1.300518134715026031e-01 5.233160621761658027e-02 8.341968911917099772e-02 6.787564766839378205e-02
5.555555555555555551e-04 5.611111111111111160e-02 6.722222222222222487e-02 2.783333333333333215e-01 5.555555555555555551e-04 5.055555555555555497e-02 5.555555555555555551e-04 5.449999999999999289e-01 5.555555555555555551e-04 5.555555555555555551e-04
5.952380952380952918e-04 5.952380952380952918e-04 6.547619047619047776e-03 1.375000000000000111e-01 2.029761904761904767e-01 8.988095238095238082e-02 2.148809523809523947e-01 4.226190476190475748e-02 3.041666666666666963e-01 5.952380952380952918e-04
1.854545454545454553e-02 3.636363636363636686e-04 4.000000000000000083e-03 2.949090909090908985e-01 3.636363636363636686e-04 3.636363636363636686e-04 6.945454545454546325e-02 9.490909090909091517e-02 7.636363636363636444e-03 5.094545454545453822e-01
5.339805825242719198e-03 4.854368932038835289e-04 4.854368932038835289e-04 2.966019417475728170e-01 2.286407766990291301e-01 5.339805825242719198e-03 1.315533980582524465e-01 1.606796116504854433e-01 1.655339805825242760e-01 5.339805825242719198e-03
3.831417624521072924e-04 3.103448275862068922e-02 3.831417624521072924e-04 1.881226053639846740e-01 3.486590038314175966e-02 2.337164750957854142e-02 1.268199233716475194e-01 1.076628352490421464e-01 1.076628352490421464e-01 3.796934865900382650e-01
1.759656652360514981e-02 4.291845493562232070e-04 1.635193133047210257e-01 4.291845493562232070e-04 1.759656652360514981e-02 2.618025751072961330e-02 4.291845493562232070e-04 9.012875536480686317e-03 3.995708154506437682e-01 3.652360515021458864e-01
1.099476439790576104e-02 5.235602094240838231e-04 1.623036649214660079e-02 2.151832460732984731e-01 1.157068062827225352e-01 5.235602094240838231e-04 1.157068062827225352e-01 5.188481675392671022e-01 5.235602094240838231e-04 5.759162303664923030e-03
5.813953488372092943e-04 3.784883720930232176e-01 6.395348837209303104e-03 1.168604651162790803e-01 1.517441860465116310e-01 8.779069767441860517e-02 4.709302325581395110e-02 7.034883720930232287e-02 1.401162790697674521e-01 5.813953488372092943e-04
3.946540880503145166e-02 1.572327044025157426e-04 3.160377358490566030e-02 7.248427672955974621e-02 2.312893081761006331e-01 1.117924528301886683e-01 1.636792452830188593e-01 5.990566037735849114e-02 2.564465408805031155e-01 3.317610062893081718e-02
1.004545454545454769e-01 4.545454545454546535e-04 9.545454545454547940e-03 5.231818181818181923e-01 1.863636363636363841e-02 8.227272727272728903e-02 8.681818181818183600e-02 1.277272727272727448e-01 4.545454545454546535e-04 5.045454545454546025e-02
4.950495049504951639e-04 9.950495049504952394e-02 4.950495049504951639e-04 4.950495049504951639e-04 5.103960396039604053e-01 2.029702970297029771e-02 4.950495049504951639e-04 4.950495049504951639e-04 3.668316831683168799e-01 4.950495049504951639e-04
1.192090395480226023e-01 1.751412429378531102e-02 1.644067796610169663e-01 1.474576271186440746e-01 5.649717514124293983e-04 1.751412429378531102e-02 5.649717514124293983e-04 3.446327683615819232e-02 2.265536723163841804e-01 2.717514124293785582e-01
5.154639175257732077e-04 5.154639175257732077e-04 5.154639175257732077e-04 1.706185567010309323e-01 5.154639175257732077e-04 5.670103092783505827e-03 5.670103092783505827e-03 1.551546391752577359e-01 6.752577319587628468e-02 5.932989690721649501e-01
4.784688995215311685e-04 6.267942583732058481e-02 4.784688995215311685e-04 1.057416267942584004e-01 5.789473684210526966e-02 5.311004784688995450e-02 6.320574162679426511e-01 8.660287081339715365e-02 4.784688995215311685e-04 4.784688995215311685e-04
6.711409395973155084e-04 7.382550335570470593e-03 1.348993288590604189e-01 6.107382550335570259e-02 6.778523489932886115e-02 2.080536912751677903e-02 7.449664429530200582e-02 1.080536912751677986e-01 4.503355704697986073e-01 7.449664429530200582e-02
5.494505494505494501e-04 4.456043956043955756e-01 5.494505494505494501e-04 1.489010989010988995e-01 7.747252747252747485e-02 1.104395604395604497e-01 2.252747252747252724e-02 1.269230769230769440e-01 6.648351648351648324e-02 5.494505494505494501e-04
3.558718861209964664e-04 3.558718861209964664e-04 3.558718861209964664e-04 3.241992882562277356e-01 8.220640569395018526e-02 2.526690391459074717e-02 1.284697508896797125e-01 1.249110320284697595e-01 3.950177935943060409e-02 2.743772241992882277e-01
4.372294372294372594e-02 1.341991341991342207e-02 2.212121212121212488e-01 3.294372294372294729e-01 2.640692640692640994e-02 4.329004329004329543e-04 4.805194805194805407e-02 2.341991341991342401e-01 9.090909090909092202e-03 7.402597402597403675e-02
2.052980132450331341e-02 8.675496688741721196e-02 2.125827814569536400e-01 7.284768211920530229e-03 6.622516556291390723e-04 4.701986754966887283e-02 2.715231788079469979e-02 6.622516556291390723e-04 5.635761589403973648e-01 3.377483443708609312e-02
3.197718631178707027e-01 3.802281368821293079e-04 1.714828897338403213e-01 2.665399239543725929e-01 6.121673003802281798e-02 3.802281368821293079e-04 3.802281368821293079e-04 1.562737642585551312e-01 2.319391634980988437e-02 3.802281368821293079e-04
5.681818181818182626e-04 2.897727272727272652e-02 6.874999999999999167e-02 2.392045454545454752e-01 1.761363636363636256e-02 7.443181818181818232e-02 1.369318181818181823e-01 5.681818181818182626e-04 3.982954545454545081e-01 3.465909090909091023e-02
9.009009009009009148e-04 1.891891891891891997e-02 9.009009009009009148e-04 9.009009009009009148e-04 5.144144144144143782e-01 9.009009009009009148e-04 9.009009009009009148e-04 9.009009009009009148e-04 4.513513513513513487e-01 9.909909909909911038e-03
1.000000000000000021e-03 1.000000000000000021e-03 1.000000000000000021e-03 1.000000000000000021e-03 4.110000000000000320e-01 5.099999999999999672e-02 4.099999999999999478e-02 1.000000000000000021e-03 4.909999999999999920e-01 1.000000000000000021e-03
6.289308176100630787e-04 5.723270440251573138e-02 6.289308176100630787e-04 6.289308176100630787e-04 4.911949685534591770e-01 6.289308176100630787e-04 6.289308176100630787e-04 6.289308176100630787e-04 4.471698113207547842e-01 6.289308176100630787e-04
1.772727272727272763e-01 2.782828282828282984e-01 5.050505050505050501e-04 1.671717171717171657e-01 1.116161616161616271e-01 5.050505050505050501e-04 5.050505050505050501e-04 1.065656565656565719e-01 5.555555555555555768e-03 1.520202020202020277e-01
1.275132275132275228e-01 5.291005291005291362e-04 5.291005291005291362e-04 1.857142857142857206e-01 1.063492063492063600e-01 5.291005291005291362e-04 1.063492063492063600e-01 7.460317460317460181e-02 3.973544973544973491e-01 5.291005291005291362e-04
5.367606412382531361e-02 2.703703703703703720e-01 5.527915975677169888e-05 4.538419016030956210e-02 1.703150912106136117e-01 2.471531232725262817e-01 3.653952459922608920e-02 1.006633499170812573e-01 7.578772802653399587e-02 5.527915975677169888e-05
7.432432432432432845e-03 4.263513513513513820e-01 1.628378378378378399e-01 6.756756756756757132e-04 6.824324324324324009e-02 6.148648648648648296e-02 6.756756756756757132e-04 8.175675675675675436e-02 1.898648648648648685e-01 6.756756756756757132e-04
2.096219931271477502e-02 2.096219931271477502e-02 1.721649484536082464e-01 3.680412371134020311e-01 3.436426116838488232e-04 5.876288659793815067e-02 2.439862542955326466e-02 1.824742268041237292e-01 1.171821305841924399e-01 3.470790378006873012e-02
2.335227272727272707e-01 1.767045454545454752e-01 5.681818181818182626e-04 4.602272727272727071e-02 3.465909090909091023e-02 7.443181818181818232e-02 1.369318181818181823e-01 2.960227272727272707e-01 5.681818181818182626e-04 5.681818181818182626e-04
3.576923076923076428e-01 4.999999999999999584e-02 2.802197802197801957e-02 2.148351648351648491e-01 5.494505494505494501e-04 1.324175824175824190e-01 7.747252747252747485e-02 1.324175824175824190e-01 6.043956043956044168e-03 5.494505494505494501e-04
5.314009661835749146e-03 4.830917874396135686e-04 2.227053140096618422e-01 4.830917874396135686e-04 8.260869565217392185e-02 1.212560386473429952e-01 4.830917874396135686e-04 4.830917874396135686e-04 4.497584541062801811e-01 1.164251207729468662e-01
6.289308176100630787e-04 1.320754716981132303e-02 1.320754716981132303e-02 8.238993710691824846e-02 8.238993710691824846e-02 6.289308176100630787e-04 7.610062893081762092e-02 6.352201257861636585e-02 6.547169811320755484e-01 1.320754716981132303e-02
5.233160621761658027e-02 5.181347150259067117e-04 5.233160621761658027e-02 1.041450777202072575e-01 2.124352331606217323e-02 4.196891191709844343e-02 4.196891191709844343e-02 2.642487046632124165e-02 4.357512953367875252e-01 2.233160621761658138e-01
5.870967741935483736e-02 7.096774193548387524e-03 2.522580645161290325e-01 1.425806451612903203e-01 6.451612903225806446e-04 1.038709677419354938e-01 6.451612903225806446e-04 3.683870967741935676e-01 6.516129032258063947e-02 6.451612903225806446e-04
7.831111111111110912e-02 1.556444444444444464e-01 8.888888888888889315e-05 5.875555555555555393e-02 5.786666666666666348e-02 2.187555555555555642e-01 1.592000000000000082e-01 2.596444444444444555e-01 8.088888888888888518e-03 3.644444444444444077e-03
8.264462809917356252e-04 8.264462809917356252e-04 8.264462809917356252e-04 2.404958677685950508e-01 3.561983471074380292e-01 8.264462809917356252e-04 3.148760330578512789e-01 9.090909090909092202e-03 8.264462809917356252e-04 7.520661157024792487e-02
6.235955056179775385e-02 2.308988764044943853e-01 1.129213483146067482e-01 2.365168539325842867e-01 1.129213483146067482e-01 3.988764044943819698e-02 1.410112359550561856e-01 6.235955056179775385e-02 5.617977528089888135e-04 5.617977528089888135e-04
5.260416666666666713e-02 5.208333333333333261e-04 5.208333333333333261e-04 2.453125000000000167e-01 8.385416666666667407e-02 3.697916666666666713e-02 3.807291666666666186e-01 1.255208333333333315e-01 5.208333333333333261e-04 7.343750000000000278e-02
7.269076305220883993e-02 4.016064257028112623e-04 4.016064257028112623e-04 1.168674698795180711e-01 3.257028112449799062e-01 2.449799196787148456e-02 1.168674698795180711e-01 4.016064257028112623e-04 3.417670682730923337e-01 4.016064257028112623e-04
5.813953488372092943e-04 6.453488372093023340e-02 5.813953488372092943e-04 6.395348837209303104e-03 1.633720930232558100e-01 3.546511627906976521e-02 3.546511627906976521e-02 6.395348837209303104e-03 6.866279069767441401e-01 5.813953488372092943e-04
6.568047337278105913e-02 5.917159763313609546e-04 6.508875739644971042e-03 2.017751479289940919e-01 1.071005917159763426e-01 5.917159763313609546e-04 5.917159763313609546e-04 3.260355029585799147e-01 1.721893491124260323e-01 1.189349112426035526e-01
4.716981132075472819e-04 4.716981132075472819e-04 2.877358490566037791e-02 1.797169811320755151e-01 1.325471698113207808e-01 4.716981132075472819e-04 4.910377358490566335e-01 1.183962264150943688e-01 4.764150943396226745e-02 4.716981132075472819e-04
5.524861878453039095e-04 6.685082872928176101e-02 5.524861878453039095e-04 2.265193370165745693e-02 1.441988950276243131e-01 5.524861878453039095e-04 3.370165745856353728e-02 5.524861878453039095e-04 6.966850828729281853e-01 3.370165745856353728e-02
1.128342245989304854e-01 5.347593582887700658e-04 1.657754010695187269e-02 2.893048128342246006e-01 1.502673796791443861e-01 5.347593582887700658e-04 2.732620320855614904e-01 1.449197860962566919e-01 1.122994652406417160e-02 5.347593582887700658e-04
7.085427135678393218e-02 1.211055276381909768e-01 5.025125628140704025e-04 7.587939698492462970e-02 5.025125628140704025e-04 1.562814070351759010e-01 1.211055276381909768e-01 4.075376884422111101e-01 5.527638190954775078e-03 4.070351758793970542e-02
8.403361344537815629e-04 8.403361344537815629e-04 1.436974789915966555e-01 2.865546218487395325e-01 1.352941176470588425e-01 8.403361344537815629e-04 4.210084033613445409e-01 9.243697478991596758e-03 8.403361344537815629e-04 8.403361344537815629e-04
5.952380952380952918e-04 5.952380952380952918e-04 1.672619047619047783e-01 5.952380952380952918e-04 9.583333333333333981e-02 7.202380952380951773e-02 8.988095238095238082e-02 3.035714285714285338e-02 3.636904761904761751e-01 1.791666666666666685e-01
5.988023952095808313e-04 3.053892215568862131e-02 6.646706586826346685e-02 2.161676646706587046e-01 5.988023952095808313e-04 1.143712574850299507e-01 1.502994011976047928e-01 4.017964071856287012e-01 1.856287425149700729e-02 5.988023952095808313e-04
5.714285714285714714e-04 4.057142857142857079e-02 1.777142857142857135e-01 5.714285714285714714e-04 8.628571428571428503e-02 5.714285714285714714e-04 5.714285714285714714e-04 1.771428571428571366e-02 6.748571428571428221e-01 5.714285714285714714e-04
2.297297297297297425e-02 5.454954954954955859e-01 4.504504504504505116e-04 3.198198198198198144e-02 4.549549549549550265e-02 5.900900900900901691e-02 9.954954954954957358e-02 1.761261261261261590e-01 4.504504504504505116e-04 1.846846846846847065e-02
7.575757575757575751e-04 7.575757575757575751e-04 1.590909090909091092e-02 2.356060606060606244e-01 2.962121212121212044e-01 7.575757575757575751e-04 4.249999999999999889e-01 7.575757575757575751e-04 7.575757575757575751e-04 2.348484848484848689e-02
6.211180124223602715e-04 1.496894409937888359e-01 4.409937888198757483e-02 1.124223602484472201e-01 6.211180124223602715e-04 6.211180124223602715e-04 1.925465838509316657e-02 6.832298136645963312e-03 6.652173913043477604e-01 6.211180124223602715e-04
7.989417989417989252e-02 1.592592592592592671e-01 2.862433862433862441e-01 9.047619047619048782e-02 3.227513227513227612e-02 4.285714285714285754e-02 1.857142857142857206e-01 1.222222222222222321e-01 5.291005291005291362e-04 5.291005291005291362e-04
6.849315068493150738e-04 6.849315068493150738e-04 1.438356164383561633e-02 7.602739726027396561e-02 4.184931506849315364e-01 2.123287671232876664e-02 6.849315068493150738e-04 1.239726027397260316e-01 2.746575342465753522e-01 6.917808219178081530e-02
8.231292517006802423e-02 3.204081632653061340e-01 7.482993197278912240e-03 2.789115646258503306e-02 2.591836734693877542e-01 2.727891156462585176e-01 6.802721088435374763e-04 6.802721088435374763e-04 2.108843537414966177e-02 7.482993197278912240e-03
8.642533936651584925e-02 4.977375565610860260e-03 4.117647058823529355e-02 4.393665158371040658e-01 9.095022624434390135e-02 4.524886877828054486e-04 1.542986425339366585e-01 1.135746606334841757e-01 6.832579185520361309e-02 4.524886877828054486e-04
1.469512195121951414e-01 1.164634146341463478e-01 6.097560975609756092e-04 2.628048780487804992e-01 6.097560975609756092e-04 1.347560975609756184e-01 6.097560975609756092e-04 3.176829268292682973e-01 1.890243902439024334e-02 6.097560975609756092e-04
7.490157480314958705e-02 1.910433070866141558e-01 9.842519685039369942e-05 7.293307086614171653e-02 1.201771653543306922e-01 3.514763779527558807e-01 1.024606299212598298e-01 7.194881889763778127e-02 1.190944881889763676e-02 3.051181102362204682e-03
4.977578475336322944e-02 4.219730941704035732e-01 1.390134529147982016e-02 4.529147982062780436e-02 1.394618834080717518e-01 4.484304932735426051e-04 5.874439461883407959e-02 9.013452914798207594e-02 1.798206278026905913e-01 4.484304932735426051e-04
4.516908212560386687e-02 3.559581320450885822e-01 8.051529790660225691e-05 9.347826086956521896e-02 2.423510466988728143e-02 3.809178743961352809e-01 2.262479871175523613e-02 7.737520128824476595e-02 8.051529790660225691e-05 8.051529790660225691e-05
5.518292682926830006e-02 7.652439024390243760e-02 2.045731707317073045e-01 1.496951219512195064e-01 1.253048780487804881e-01 4.603658536585365779e-02 3.993902439024390322e-02 1.435975609756097726e-01 1.405487804878048919e-01 1.859756097560975527e-02
7.189542483660132932e-03 6.535947712418302370e-04 4.581699346405229134e-01 2.882352941176471450e-01 6.535947712418302370e-04 5.947712418300654669e-02 6.535947712418302370e-04 6.535947712418302370e-04 1.836601307189542898e-01 6.535947712418302370e-04
4.310344827586207921e-04 4.310344827586207921e-04 4.353448275862069339e-02 3.060344827586207114e-02 1.038793103448275995e-01 2.198275862068965747e-02 2.762931034482758452e-01 6.508620689655172931e-02 4.185344827586207073e-01 3.922413793103448482e-02
6.329113924050634114e-04 6.329113924050634114e-04 4.373417721518987888e-01 1.335443037974684000e-01 3.860759493670886527e-02 3.860759493670886527e-02 8.291139240506330277e-02 5.759493670886076805e-02 2.094936708860759833e-01 6.329113924050634114e-04
4.784482758620690196e-02 4.310344827586207921e-04 1.426724137931034697e-01 2.116379310344827791e-01 4.310344827586207921e-04 9.525862068965519625e-02 9.956896551724139788e-02 3.969827586206896575e-01 4.310344827586207921e-04 4.741379310344828388e-03
5.464480874316940970e-04 8.797814207650275775e-02 7.704918032786886584e-02 8.797814207650275775e-02 6.010928961748635176e-03 4.972677595628415687e-02 2.737704918032787260e-01 4.103825136612022084e-01 6.010928961748635176e-03 5.464480874316940970e-04
1.117021276595744732e-02 5.319148936170212854e-04 3.244680851063829613e-02 5.319148936170212854e-04 5.372340425531915015e-02 5.319148936170212854e-04 5.904255319148935671e-02 5.851063829787234681e-03 4.526595744680850797e-01 3.835106382978722972e-01
1.637037037037037124e-01 1.118518518518518551e-01 7.407407407407408124e-04 3.711111111111111138e-01 1.266666666666666774e-01 7.407407407407408124e-04 7.407407407407408124e-04 1.637037037037037124e-01 5.999999999999999778e-02 7.407407407407408124e-04
4.878048780487805416e-04 4.878048780487805416e-04 1.809756097560975552e-01 9.804878048780488187e-02 9.804878048780488187e-02 3.463414634146341070e-02 1.175609756097561048e-01 5.902439024390243594e-02 2.785365853658536839e-01 1.321951219512195186e-01
4.784688995215311143e-04 4.784688995215311143e-04 1.483253588516746449e-02 5.076555023923444709e-01 1.200956937799043112e-01 4.784688995215311143e-04 1.488038277511961882e-01 1.918660287081339899e-01 1.483253588516746449e-02 4.784688995215311143e-04
4.081632653061224641e-04 2.489795918367346955e-02 4.081632653061224641e-04 1.840816326530612390e-01 1.555102040816326581e-01 7.795918367346939271e-02 2.453061224489795911e-01 2.489795918367346955e-02 2.820408163265306078e-01 4.489795918367346997e-03
3.937007874015749061e-04 3.035433070866142002e-01 2.007874015748031815e-02 3.937007874015749061e-04 9.094488188976380949e-02 3.937007874015749061e-04 3.901574803149606696e-01 5.157480314960630891e-02 1.421259842519685401e-01 3.937007874015749061e-04
7.230769230769230893e-02 5.128205128205128201e-04 5.128205128205128201e-04 2.056410256410256543e-01 8.256410256410257054e-02 5.128205128205128201e-04 3.641025641025640719e-02 2.615384615384615252e-02 5.133333333333333082e-01 6.205128205128204733e-02
5.233160621761658027e-02 1.663212435233160646e-01 2.181347150259067558e-01 3.113989637305699665e-01 5.181347150259067117e-04 5.181347150259067117e-04 6.787564766839378205e-02 1.715025906735751504e-01 5.181347150259067117e-04 1.088082901554404160e-02
1.534653465346534629e-02 4.950495049504950555e-04 4.950495049504950555e-04 1.341584158415841666e-01 1.638613861386138681e-01 4.950495049504950555e-04 7.970297029702970437e-02 1.044554455445544650e-01 5.004950495049504955e-01 4.950495049504950555e-04
