4.713541666666665880e-02 1.200520833333332954e-01 1.955729166666665964e-01 2.604166666666666088e-04 1.356770833333333093e-01 8.072916666666664007e-03 2.604166666666666088e-04 2.604166666666666088e-04 2.864583333333332697e-03 2.604166666666666088e-04 9.921874999999998057e-02 2.604166666666666088e-04 2.007812499999999389e-01 7.057291666666665186e-02 2.604166666666666088e-04 2.604166666666666088e-04 2.604166666666666088e-04 2.604166666666666088e-04 2.109374999999999445e-02 2.604166666666666088e-04 2.604166666666666088e-04 2.864583333333332697e-03 2.109374999999999445e-02 2.604166666666666088e-04 2.864583333333332697e-03 2.864583333333332697e-03 2.864583333333332697e-03 5.494791666666665186e-02 8.072916666666664007e-03 2.604166666666666088e-04
1.897533206831119256e-04 2.675521821631877961e-02 4.383301707779885259e-02 4.383301707779885259e-02 7.988614800759011314e-02 7.779886148007587703e-03 1.157495256166982643e-02 1.897533206831119256e-04 5.882352941176469639e-03 1.897533206831119256e-04 2.296015180265654002e-02 3.814041745730549493e-02 1.064516129032257868e-01 1.897533206831119256e-04 1.747628083491460649e-01 4.003795066413661646e-02 7.039848197343452629e-02 1.897533206831119256e-04 5.901328273244781097e-02 2.296015180265654002e-02 1.897533206831119256e-04 1.916508538899430389e-02 1.425047438330170335e-01 2.675521821631877961e-02 4.003795066413661646e-02 2.087286527514231344e-03 3.984819734345350709e-03 9.677419354838706633e-03 1.897533206831119256e-04 1.897533206831119256e-04
3.144654088050313767e-04 7.578616352201256179e-02 3.144654088050313767e-04 3.144654088050313767e-04 3.805031446540878964e-02 3.176100628930816211e-02 3.144654088050313767e-04 3.144654088050313767e-04 1.921383647798741434e-01 1.795597484276728883e-01 3.144654088050313767e-04 1.638364779874213195e-01 3.144654088050313767e-04 3.144654088050313767e-04 3.144654088050313767e-04 3.144654088050313767e-04 3.144654088050313767e-04 3.144654088050313767e-04 3.176100628930816211e-02 3.144654088050313767e-04 3.144654088050313767e-04 3.144654088050313767e-04 1.289308176100628298e-02 3.144654088050313767e-04 1.072327044025156856e-01 4.748427672955973095e-02 3.144654088050313767e-04 1.918238993710691051e-02 9.465408805031443051e-02 3.144654088050313767e-04
4.672619047619046978e-02 7.043650793650792045e-03 1.191468253968253621e-01 6.160714285714284644e-02 9.930555555555552194e-02 1.101190476190475921e-02 9.920634920634919271e-05 9.920634920634919271e-05 1.091269841269841079e-03 9.920634920634919271e-05 7.748015873015870469e-02 1.091269841269841079e-03 1.756944444444444031e-01 7.450396825396822520e-02 2.083333333333332871e-03 1.101190476190475921e-02 9.920634920634919271e-05 6.051587301587300037e-03 7.946428571428569565e-02 1.398809523809523524e-02 9.920634920634919271e-05 2.490079365079364559e-02 8.045634920634918419e-02 9.920634920634919271e-05 1.091269841269841079e-03 1.299603174603174323e-02 9.920634920634919271e-05 9.136904761904758587e-02 1.091269841269841079e-03 9.920634920634919271e-05
9.657320872274140558e-03 3.115264797507787207e-04 1.277258566978192560e-02 3.115264797507787207e-04 1.155763239875389065e-01 3.115264797507787207e-04 3.115264797507787207e-04 3.115264797507787207e-04 3.115264797507787207e-04 3.146417445482865144e-02 1.560747663551401432e-01 3.115264797507787207e-04 2.246105919003114348e-01 1.404984423676012006e-01 3.115264797507787207e-04 3.115264797507787207e-04 3.146417445482865144e-02 3.426791277258566144e-03 1.900311526479750088e-02 3.115264797507787207e-04 3.115264797507787207e-04 3.115264797507787207e-04 6.884735202492209272e-02 3.115264797507787207e-04 9.376947040498440078e-02 4.392523364485979853e-02 3.115264797507787207e-04 4.392523364485979853e-02 3.115264797507787207e-04 3.115264797507787207e-04
6.250000000000002299e-04 6.250000000000002299e-04 2.568750000000000755e-01 6.875000000000002637e-03 1.068750000000000533e-01 6.250000000000002299e-04 6.250000000000002299e-04 6.250000000000002299e-04 6.250000000000002299e-04 6.250000000000002299e-04 1.131250000000000450e-01 1.312500000000000472e-02 2.256250000000000755e-01 9.437500000000002831e-02 6.250000000000002299e-04 6.250000000000002299e-04 2.562500000000000541e-02 6.875000000000002637e-03 5.687500000000001582e-02 3.187500000000000749e-02 6.250000000000002299e-04 6.250000000000002299e-04 1.937500000000000680e-02 6.250000000000002299e-04 6.250000000000002299e-04 1.937500000000000680e-02 6.250000000000002299e-04 6.250000000000002299e-04 6.250000000000002299e-04 1.312500000000000472e-02
3.816793893129770952e-04 2.328244274809160297e-02 3.816793893129770952e-04 3.816793893129770952e-04 2.332061068702290241e-01 9.580152671755726157e-02 9.580152671755726157e-02 4.198473282442748318e-03 3.816793893129770952e-04 8.015267175572519595e-03 3.091603053435114379e-02 2.866412213740457959e-01 7.290076335877862523e-02 8.015267175572519595e-03 3.816793893129770952e-04 3.816793893129770952e-04 1.946564885496182909e-02 8.015267175572519595e-03 1.564885496183205868e-02 3.816793893129770952e-04 2.709923664122137338e-02 3.816793893129770952e-04 3.816793893129770952e-04 3.816793893129770952e-04 3.816793893129770952e-04 3.816793893129770952e-04 3.816793893129770952e-04 3.816793893129770952e-04 6.526717557251908441e-02 3.816793893129770952e-04
1.148105625717565746e-04 6.096440872560274227e-02 1.826636050516647070e-01 6.670493685419057184e-02 9.081515499425944771e-02 1.148105625717565746e-04 3.340987370838116588e-02 7.003444316877150549e-03 9.299655568312281337e-03 1.148105625717565746e-04 8.966704936854187624e-02 1.148105625717565746e-04 1.309988518943742408e-01 4.489092996555681808e-02 1.148105625717565746e-04 1.148105625717565746e-04 1.848450057405280969e-02 2.192881745120550674e-02 5.981630309988517774e-02 1.148105625717565746e-04 4.707233065442018895e-03 7.003444316877150549e-03 1.733639494833524169e-02 1.262916188289322497e-03 1.148105625717565746e-04 1.148105625717565746e-04 1.148105625717565746e-04 1.516647531572904162e-01 1.148105625717565746e-04 1.148105625717565746e-04
9.171597633136092248e-03 2.958579881656803689e-04 2.100591715976330570e-02 6.242603550295856146e-02 1.718934911242603059e-01 2.958579881656803689e-04 1.423076923076922740e-01 2.958579881656803689e-04 2.958579881656803689e-04 9.171597633136092248e-03 6.213017751479288017e-03 2.958579881656803689e-04 1.423076923076922740e-01 3.875739644970412762e-02 2.958579881656803689e-04 3.284023668639052262e-02 4.467455621301773261e-02 2.958579881656803689e-04 1.127218934911242282e-01 6.213017751479288017e-03 2.958579881656803689e-04 1.213017751479289474e-02 3.579881656804732165e-02 2.958579881656803689e-04 2.958579881656803689e-04 1.097633136094674222e-01 2.958579881656803689e-04 6.213017751479288017e-03 3.284023668639052262e-02 2.958579881656803689e-04
1.729957805907173310e-02 2.573839662447257801e-02 1.016877637130801926e-01 5.105485232067511620e-02 1.607594936708861277e-01 4.219409282700423104e-04 2.995780590717300046e-02 4.219409282700423104e-04 4.219409282700423104e-04 4.219409282700423104e-04 1.185654008438818963e-01 4.219409282700423104e-04 1.565400843881857018e-01 8.860759493670888193e-03 4.219409282700423104e-04 4.219409282700423104e-04 1.523206751054852759e-01 4.219409282700423104e-04 5.949367088607596110e-02 4.219409282700423104e-04 4.219409282700423104e-04 4.641350210970465739e-03 4.219409282700423104e-04 4.219409282700423104e-04 4.219409282700423104e-04 1.308016877637131238e-02 4.219409282700423104e-04 8.059071729957809072e-02 4.219409282700423104e-04 1.308016877637131238e-02
3.437499999999999150e-03 3.124999999999998981e-04 3.437499999999999150e-03 1.906249999999999264e-02 5.031249999999998918e-02 3.124999999999998981e-04 3.156249999999998640e-02 3.124999999999998981e-04 3.124999999999998981e-04 1.906249999999999264e-02 3.124999999999998981e-04 3.468749999999998918e-02 1.565624999999999378e-01 1.034374999999999739e-01 3.124999999999998981e-04 3.124999999999998981e-04 1.159374999999999573e-01 3.124999999999998981e-04 2.534374999999998712e-01 3.124999999999998981e-04 3.124999999999998981e-04 3.124999999999998981e-04 8.781249999999997391e-02 3.124999999999998981e-04 2.218749999999999195e-02 3.124999999999998981e-04 1.281249999999999403e-02 9.687499999999996461e-03 3.124999999999998981e-04 7.218749999999997391e-02
4.954954954954956386e-03 4.504504504504505116e-04 4.504504504504505116e-04 4.504504504504505116e-04 4.504504504504505116e-04 4.504504504504505116e-04 4.504504504504505116e-04 2.747747747747747785e-02 4.954954954954956386e-03 1.396396396396396532e-02 4.549549549549550265e-02 2.747747747747747785e-02 4.504504504504505116e-04 9.054054054054055944e-02 2.297297297297297425e-02 4.549549549549550265e-02 4.954954954954956386e-03 1.806306306306306730e-01 4.504504504504505116e-04 4.504504504504505116e-04 4.504504504504505116e-04 4.504504504504505116e-04 2.747747747747747785e-02 4.504504504504505116e-04 3.833333333333333592e-01 4.504504504504505116e-04 2.297297297297297425e-02 8.603603603603605932e-02 4.954954954954956386e-03 4.504504504504505116e-04
2.985074626865670587e-04 2.985074626865670587e-04 2.985074626865670587e-04 2.985074626865670587e-04 9.880597014925369959e-02 1.346268656716417544e-01 2.985074626865670587e-04 3.283582089552237755e-03 3.611940298507461400e-02 2.985074626865670587e-04 2.985074626865670587e-04 6.268656716417908559e-03 1.137313432835820592e-01 9.880597014925369959e-02 3.555223880597013775e-01 3.313432835820894623e-02 9.253731343283579797e-03 1.223880597014924930e-02 2.985074626865670587e-04 2.985074626865670587e-04 2.985074626865670587e-04 2.985074626865670587e-04 9.283582089552236405e-02 2.985074626865670587e-04 2.985074626865670587e-04 2.985074626865670587e-04 2.985074626865670587e-04 2.985074626865670587e-04 2.985074626865670587e-04 2.985074626865670587e-04
2.785515320334260871e-04 7.548746518105847736e-02 1.813370473537603833e-01 4.763231197771586323e-02 1.590529247910862920e-01 2.785515320334260871e-04 2.785515320334260871e-04 2.785515320334260871e-04 2.785515320334260871e-04 2.785515320334260871e-04 1.144846796657381233e-01 2.785515320334260871e-04 3.150417827298048756e-01 5.320334261838438605e-02 2.785515320334260871e-04 2.785515320334260871e-04 1.420612813370472974e-02 2.785515320334260871e-04 3.370473537604455616e-02 2.785515320334260871e-04 2.785515320334260871e-04 2.785515320334260871e-04 2.785515320334260871e-04 2.785515320334260871e-04 2.785515320334260871e-04 2.785515320334260871e-04 2.785515320334260871e-04 2.785515320334260871e-04 2.785515320334260871e-04 2.785515320334260871e-04
1.589147286821705751e-02 3.527131782945736732e-02 3.875968992248063046e-04 3.875968992248063046e-04 8.953488372093025560e-02 1.589147286821705751e-02 3.875968992248063046e-04 3.914728682170543622e-02 3.875968992248063046e-04 3.875968992248063046e-04 3.875968992248063046e-04 3.875968992248063046e-04 1.089147286821705723e-01 3.914728682170543622e-02 1.976744186046511947e-02 3.875968992248063046e-04 4.263565891472869893e-03 3.527131782945736732e-02 3.875968992248063046e-04 3.875968992248063046e-04 3.875968992248063046e-04 3.875968992248063046e-04 8.565891472868220058e-02 3.298449612403101527e-01 1.011627906976744484e-01 1.976744186046511947e-02 3.875968992248063046e-04 2.364341085271318144e-02 3.875968992248063046e-04 3.139534883720930536e-02
2.358490566037735325e-04 2.358490566037735325e-04 2.617924528301885864e-02 2.358490566037735325e-04 4.976415094339621537e-02 2.358490566037735325e-04 2.358490566037735325e-04 2.358490566037735325e-04 2.358490566037735325e-04 2.358490566037735325e-04 1.910377358490565614e-02 4.976415094339621537e-02 1.582547169811320265e-01 2.054245283018867330e-01 2.358490566037735325e-04 2.358490566037735325e-04 2.853773584905659397e-02 2.358490566037735325e-04 2.358490566037735325e-04 7.311320754716979509e-03 2.382075471698112332e-02 2.358490566037735325e-04 2.617924528301885864e-02 1.438679245283018375e-02 1.582547169811320265e-01 4.033018867924527406e-02 4.268867924528300939e-02 8.042452830188677459e-02 3.089622641509432929e-02 3.561320754716980341e-02
2.525252525252525250e-04 1.719696969696969391e-01 2.803030303030302692e-02 1.845959595959595634e-01 8.358585858585858286e-02 2.525252525252525250e-04 2.525252525252525250e-04 2.525252525252525250e-04 2.777777777777777450e-03 2.525252525252525250e-04 2.045454545454545095e-02 2.525252525252525250e-04 2.957070707070706406e-01 4.065656565656565469e-02 2.525252525252525250e-04 2.525252525252525250e-04 2.525252525252525250e-04 2.525252525252525250e-04 1.492424242424242320e-01 7.828282828282826650e-03 2.525252525252525250e-04 2.777777777777777450e-03 2.525252525252525250e-04 2.525252525252525250e-04 2.525252525252525250e-04 2.525252525252525250e-04 2.525252525252525250e-04 2.525252525252525250e-04 7.828282828282826650e-03 2.525252525252525250e-04
2.028397565922920593e-04 2.028397565922920593e-04 2.354969574036510360e-01 4.888438133874238589e-02 6.916835699797159454e-02 2.028397565922920593e-04 2.028397565922920593e-04 8.316430020283973809e-03 2.028397565922920593e-04 2.028397565922920593e-04 6.916835699797159454e-02 2.231237322515212517e-03 2.436105476673427195e-01 8.539553752535494757e-02 2.028397565922920593e-04 3.062880324543609811e-02 2.028397565922920593e-04 2.028397565922920593e-04 4.077079107505070243e-02 2.028397565922920593e-04 2.028397565922920593e-04 2.028397565922920593e-04 2.028397565922920593e-04 2.028397565922920593e-04 4.259634888438132948e-03 2.028397565922920593e-04 1.237322515212981380e-02 1.198782961460446023e-01 2.657200811359025638e-02 2.028397565922920593e-04
3.012048192771083518e-04 3.313253012048191816e-03 5.753012048192769623e-02 9.337349397590358202e-03 3.343373493975902028e-02 3.313253012048191816e-03 3.012048192771083518e-04 3.012048192771083518e-04 3.012048192771083518e-04 3.012048192771083518e-04 8.463855421686744540e-02 3.012048192771083518e-04 3.376506024096384007e-01 3.316265060240962681e-01 3.012048192771083518e-04 3.012048192771083518e-04 1.234939759036144009e-02 3.012048192771083518e-04 2.439759036144577287e-02 1.234939759036144009e-02 3.012048192771083518e-04 3.012048192771083518e-04 6.355421686746985654e-02 3.012048192771083518e-04 3.012048192771083518e-04 3.012048192771083518e-04 3.012048192771083518e-04 2.138554216867468924e-02 3.012048192771083518e-04 3.012048192771083518e-04
4.830917874396136770e-04 5.314009661835750881e-03 3.096618357487923023e-01 4.830917874396136770e-04 1.357487922705314376e-01 4.830917874396136770e-04 4.830917874396136770e-04 4.830917874396136770e-04 4.830917874396136770e-04 4.830917874396136770e-04 5.362318840579711338e-02 4.830917874396136770e-04 2.371980676328503124e-01 1.260869565217391797e-01 5.314009661835750881e-03 4.830917874396136770e-04 4.830917874396136770e-04 4.830917874396136770e-04 4.830917874396136770e-04 4.830917874396136770e-04 4.830917874396136770e-04 4.830917874396136770e-04 1.115942028985507650e-01 4.830917874396136770e-04 5.314009661835750881e-03 4.830917874396136770e-04 4.830917874396136770e-04 4.830917874396136770e-04 4.830917874396136770e-04 4.830917874396136770e-04
5.405405405405407657e-04 5.405405405405407657e-04 3.302702702702703941e-01 5.405405405405407657e-04 1.356756756756757332e-01 2.216216216216216825e-02 5.405405405405407657e-04 4.378378378378379454e-02 5.405405405405407657e-04 5.405405405405407657e-04 7.081081081081083695e-02 5.405405405405407657e-04 1.410810810810811389e-01 2.216216216216216825e-02 5.405405405405407657e-04 5.405405405405407657e-04 5.405405405405407657e-04 5.405405405405407657e-04 5.405405405405407657e-04 5.405405405405407657e-04 5.405405405405407657e-04 5.405405405405407657e-04 5.405405405405407657e-04 9.243243243243247365e-02 6.000000000000001860e-02 7.081081081081083695e-02 5.405405405405407657e-04 5.405405405405407657e-04 5.405405405405407657e-04 5.405405405405407657e-04
2.415458937198067030e-04 2.657004830917873706e-03 7.487922705314007873e-03 5.821256038647341924e-02 1.234299516908212296e-01 5.072463768115940790e-03 1.934782608695651551e-01 5.072463768115940790e-03 2.657004830917873706e-03 2.415458937198067030e-04 4.130434782608694705e-02 9.903381642512074090e-03 1.620772946859902752e-01 3.647342995169081115e-02 2.439613526570047486e-02 5.821256038647341924e-02 7.512077294685988449e-02 2.415458937198067030e-04 2.415458937198067030e-04 9.903381642512074090e-03 2.415458937198067030e-04 2.657004830917873706e-03 6.545893719806761268e-02 7.487922705314007873e-03 2.415458937198067030e-04 8.719806763285022078e-02 2.415458937198067030e-04 2.657004830917873706e-03 2.415458937198067030e-04 1.714975845410627447e-02
1.340482573726541147e-04 1.154155495978551882e-01 4.571045576407505723e-02 1.395442359249329245e-01 1.985254691689007367e-01 1.353887399463806450e-02 1.340482573726541147e-04 1.340482573726541147e-04 1.340482573726541147e-04 1.085790884718498307e-02 6.179624664879354579e-02 1.340482573726541147e-04 1.663538873994637457e-01 2.426273458445039541e-02 1.340482573726541147e-04 1.340482573726541147e-04 3.230563002680964663e-02 1.340482573726541147e-04 1.073726541554959335e-01 1.340482573726541147e-04 1.340482573726541147e-04 1.340482573726541147e-04 4.705093833780159274e-02 1.340482573726541147e-04 1.340482573726541147e-04 1.340482573726541147e-04 1.340482573726541147e-04 3.498659517426272458e-02 1.340482573726541147e-04 1.340482573726541147e-04
2.583979328165373918e-04 2.583979328165373918e-04 1.036175710594314930e-01 5.426356589147285879e-03 1.527131782945735927e-01 2.351421188630490114e-02 2.583979328165373918e-04 2.583979328165373918e-04 1.059431524547803198e-02 1.059431524547803198e-02 4.418604651162789942e-02 5.426356589147285879e-03 2.147286821705425564e-01 3.126614987080102159e-02 2.583979328165373918e-04 2.583979328165373918e-04 2.583979328165373918e-04 5.452196382428939336e-02 2.842377260981911527e-03 1.059431524547803198e-02 2.583979328165373918e-04 2.583979328165373918e-04 5.193798449612401641e-02 2.842377260981911527e-03 2.351421188630490114e-02 1.914728682170541985e-01 2.583979328165373918e-04 5.710594315245477032e-02 2.583979328165373918e-04 2.583979328165373918e-04
1.788617886178861353e-03 6.520325203252030910e-02 1.253658536585365302e-01 7.008130081300810443e-02 1.692682926829267576e-01 6.666666666666663625e-03 1.626016260162601083e-04 1.626016260162601083e-04 1.626016260162601083e-04 1.626016260162601083e-04 1.253658536585365302e-01 1.626016260162601083e-04 2.830894308943088244e-01 1.967479674796747055e-02 1.626016260162601083e-04 1.626016260162601083e-04 1.626016260162601083e-04 2.130081300813007131e-02 5.382113821138209686e-02 1.626016260162601083e-04 1.626016260162601083e-04 6.666666666666663625e-03 8.292682926829265250e-03 1.626016260162601083e-04 1.788617886178861353e-03 1.626016260162601083e-04 1.626016260162601083e-04 3.918699186991869005e-02 1.626016260162601083e-04 1.626016260162601083e-04
1.872659176029962350e-04 3.576779026217227764e-02 1.368913857677902246e-01 7.677902621722844552e-03 9.194756554307113861e-02 1.704119850187265500e-02 1.872659176029962350e-04 1.406367041198501588e-01 4.700374531835205261e-02 2.059925093632958368e-03 1.872659176029962350e-04 1.891385767790261865e-02 1.312734082397003232e-01 1.872659176029962350e-04 2.059925093632958368e-03 1.872659176029962350e-04 1.872659176029962350e-04 2.398876404494381387e-01 2.059925093632958368e-03 1.872659176029962350e-04 1.872659176029962350e-04 7.677902621722844552e-03 1.872659176029962350e-04 1.872659176029962350e-04 1.872659176029962350e-04 9.194756554307113861e-02 1.872659176029962350e-04 9.550561797752805601e-03 1.516853932584269309e-02 1.872659176029962350e-04
2.824858757062145907e-04 2.824858757062145907e-04 2.824858757062145907e-04 5.932203389830506893e-03 1.048022598870056166e-01 2.824858757062145907e-04 2.824858757062145907e-04 2.853107344632767328e-02 2.288135593220338299e-02 2.824858757062145907e-04 3.107344632768360877e-03 2.824858757062145907e-04 1.019774011299434680e-01 6.242937853107342894e-02 6.525423728813557755e-02 2.824858757062145907e-04 2.824858757062145907e-04 7.937853107344630677e-02 2.824858757062145907e-04 2.824858757062145907e-04 2.824858757062145907e-04 2.824858757062145907e-04 2.206214689265535989e-01 2.884180790960451102e-01 2.824858757062145907e-04 2.824858757062145907e-04 2.824858757062145907e-04 8.757062146892652041e-03 2.824858757062145907e-04 3.107344632768360877e-03
3.389830508474575414e-04 3.389830508474575414e-04 3.728813559322032792e-03 1.050847457627118210e-02 8.847457627118640588e-02 3.762711864406777934e-02 7.118644067796608098e-03 2.745762711864405473e-02 3.389830508474575414e-04 3.389830508474575414e-04 4.779661016949150742e-02 1.050847457627118210e-02 1.189830508474575832e-01 3.389830508474575414e-04 3.728813559322032792e-03 3.389830508474575414e-04 1.393220338983050255e-01 1.189830508474575832e-01 3.389830508474575414e-04 3.389830508474575414e-04 3.389830508474575414e-04 1.728813559322033011e-02 1.901694915254236729e-01 7.152542372881354193e-02 3.084745762711862960e-02 7.152542372881354193e-02 3.389830508474575414e-04 3.389830508474575414e-04 3.389830508474575414e-04 3.389830508474575414e-04
2.212389380530973150e-04 2.212389380530973150e-04 1.860619469026548178e-01 6.858407079646015869e-03 8.650442477876103820e-02 2.212389380530973150e-04 2.433628318584070329e-03 2.212389380530973150e-04 1.128318584070796098e-02 4.646017699115043316e-03 5.331858407079644729e-02 5.774336283185839414e-02 1.152654867256636961e-01 2.676991150442476972e-02 2.212389380530973150e-04 7.101769911504422772e-02 2.212389380530973150e-04 3.232300884955751075e-01 2.212389380530973150e-04 2.212389380530973150e-04 2.212389380530973150e-04 4.646017699115043316e-03 4.646017699115043316e-03 2.212389380530973150e-04 3.119469026548671656e-02 2.212389380530973150e-04 2.212389380530973150e-04 1.128318584070796098e-02 2.212389380530973150e-04 2.212389380530973150e-04
1.747851002865328726e-02 1.174785100286532442e-02 3.151862464183380168e-03 2.865329512893982069e-04 1.492836676217764724e-01 2.865329512893982069e-04 2.865329512893982069e-04 2.865329512893982069e-04 2.865329512893982069e-04 2.865329512893982069e-04 1.747851002865328726e-02 2.865329512893982069e-04 2.065902578796560696e-01 4.613180515759311012e-02 3.753581661891116500e-02 6.017191977077362454e-03 3.180515759312319696e-02 1.722063037249283168e-01 2.034383954154727128e-02 2.865329512893982069e-04 1.461318051575930671e-02 4.899713467048709414e-02 1.722063037249283168e-01 2.865329512893982069e-04 2.893982808022921641e-02 2.865329512893982069e-04 2.865329512893982069e-04 8.882521489971343873e-03 2.865329512893982069e-04 3.151862464183380168e-03
2.403846153846153437e-04 2.403846153846153437e-04 7.451923076923074735e-03 2.403846153846153437e-04 6.995192307692306433e-02 9.879807692307690514e-02 1.637019230769230227e-01 2.403846153846153437e-04 4.350961538461537575e-02 2.403846153846153437e-04 5.552884615384614392e-02 2.478365384615383860e-01 7.451923076923074735e-03 2.403846153846153437e-04 1.225961538461538096e-02 2.403846153846153437e-04 1.947115384615383943e-02 2.403846153846153437e-04 2.403846153846153437e-04 2.403846153846153437e-04 4.350961538461537575e-02 3.629807692307691208e-02 9.855769230769226980e-03 2.403846153846153437e-04 2.403846153846153437e-04 2.403846153846153437e-04 2.403846153846153437e-04 2.403846153846153437e-04 1.709134615384614864e-01 9.855769230769226980e-03
2.659574468085105885e-04 2.659574468085105885e-04 2.659574468085105885e-04 2.659574468085105885e-04 2.154255319148935463e-02 2.659574468085105885e-04 1.622340425531914460e-02 1.571808510638297574e-01 3.218085106382977817e-02 2.659574468085105885e-04 5.585106382978721924e-03 7.473404255319146539e-02 1.545212765957446333e-01 4.813829787234041174e-02 2.659574468085105885e-04 2.659574468085105885e-04 2.925531914893616473e-03 3.007978723404254318e-01 2.659574468085105885e-04 2.925531914893616473e-03 2.659574468085105885e-04 2.659574468085105885e-04 2.925531914893616473e-03 6.409574468085105226e-02 2.659574468085105885e-04 2.952127659574467142e-02 2.659574468085105885e-04 8.271276595744678217e-02 2.659574468085105885e-04 2.659574468085105885e-04
4.115226337448560671e-04 4.115226337448560671e-04 4.115226337448560671e-04 1.687242798353909626e-02 8.271604938271608087e-02 1.687242798353909626e-02 4.115226337448560671e-04 4.115226337448560671e-04 4.115226337448560671e-04 4.115226337448560671e-04 4.115226337448560671e-04 4.115226337448560671e-04 9.506172839506175920e-02 9.917695473251031402e-02 3.913580246913581084e-01 4.115226337448560671e-04 2.510288065843621977e-02 8.641975308641977951e-03 4.115226337448560671e-04 4.115226337448560671e-04 8.641975308641977951e-03 8.641975308641977951e-03 1.526748971193415960e-01 4.115226337448560671e-04 4.115226337448560671e-04 4.567901234567901814e-02 4.115226337448560671e-04 3.744855967078190156e-02 4.526748971193417063e-03 4.115226337448560671e-04
2.040816326530611778e-04 2.040816326530611778e-04 2.040816326530611778e-04 1.369387755102040305e-01 1.448979591836734200e-02 6.326530612244896622e-03 1.206122448979591588e-01 4.306122448979591427e-02 2.040816326530611778e-04 4.285714285714285060e-03 2.061224489795917755e-02 3.899999999999999023e-01 2.040816326530611778e-04 2.040816326530611778e-04 2.040816326530611778e-04 4.285714285714285060e-03 2.040816326530611778e-04 2.040816326530611778e-04 1.857142857142856512e-02 2.040816326530611778e-04 2.244897959183673065e-03 2.040816326530611778e-04 6.326530612244896622e-03 3.081632653061223623e-02 8.367346938775508183e-03 1.857142857142856512e-02 4.285714285714285060e-03 3.489795918367346456e-02 1.328571428571428126e-01 2.040816326530611778e-04
6.097560975609757176e-04 6.768292682926829729e-02 6.097560975609757176e-04 1.280487804878049050e-02 2.500000000000000139e-02 1.103658536585366140e-01 6.097560975609757176e-04 6.707317073170733328e-03 6.707317073170733328e-03 6.097560975609757176e-04 2.500000000000000139e-02 6.707317073170733328e-03 9.817073170731710485e-02 3.719512195121951748e-02 2.018292682926829673e-01 6.097560975609757176e-04 6.097560975609757176e-04 6.768292682926829729e-02 6.097560975609757176e-04 6.097560975609757176e-04 6.097560975609757176e-04 1.280487804878049050e-02 2.445121951219512701e-01 4.939024390243903356e-02 1.890243902439024681e-02 6.097560975609757176e-04 6.097560975609757176e-04 6.097560975609757176e-04 6.097560975609757176e-04 6.097560975609757176e-04
1.811594202898550476e-04 1.811594202898550476e-04 1.811594202898550476e-04 1.811594202898550476e-04 1.052536231884057816e-01 1.668478260869564744e-01 1.811594202898550476e-04 2.192028985507245981e-02 1.811594202898550476e-04 1.811594202898550476e-04 4.003623188405796424e-02 1.811594202898550476e-04 6.721014492753621394e-02 3.460144927536231568e-02 3.262681159420289245e-01 1.811594202898550476e-04 1.811594202898550476e-04 1.811594202898550476e-04 7.427536231884055568e-03 1.811594202898550476e-04 1.811594202898550476e-04 3.804347826086955809e-03 1.867753623188405376e-01 1.811594202898550476e-04 1.811594202898550476e-04 1.811594202898550476e-04 1.811594202898550476e-04 1.811594202898550476e-04 3.641304347826086751e-02 1.811594202898550476e-04
1.030927835051546849e-03 1.144329896907216731e-01 1.030927835051546849e-03 1.350515463917526249e-01 1.030927835051546849e-03 1.030927835051546849e-03 1.134020618556701512e-02 1.041237113402062181e-01 1.350515463917526249e-01 1.030927835051546849e-03 1.030927835051546849e-03 1.030927835051546849e-03 1.030927835051546849e-03 1.030927835051546849e-03 2.164948453608248058e-02 1.030927835051546849e-03 3.195876288659794950e-02 9.381443298969074918e-02 1.030927835051546849e-03 1.030927835051546849e-03 9.381443298969074918e-02 1.030927835051546849e-03 1.969072164948454384e-01 4.226804123711341149e-02 1.030927835051546849e-03 1.030927835051546849e-03 1.030927835051546849e-03 1.030927835051546849e-03 1.030927835051546849e-03 1.030927835051546849e-03
2.169197396963123275e-04 2.190889370932754335e-02 1.973969631236442007e-02 1.106290672451192697e-02 2.041214750542298673e-01 8.893709327548803695e-03 2.169197396963123275e-04 2.169197396963123275e-04 2.169197396963123275e-04 2.169197396963123275e-04 2.169197396963123275e-04 2.169197396963123275e-04 1.629067245119305285e-01 2.386117136659435603e-03 2.169197396963123275e-04 8.893709327548803695e-03 1.151843817787418373e-01 1.368763557483730631e-01 2.169197396963123275e-04 4.555314533622558879e-03 2.169197396963123275e-04 2.169197396963123275e-04 7.180043383947937174e-02 1.106290672451192697e-02 1.151843817787418373e-01 2.407809110629066662e-02 2.841648590021691317e-02 2.841648590021691317e-02 2.169197396963123275e-04 2.190889370932754335e-02
4.363143631436313535e-02 2.710027100271002166e-04 2.710027100271002166e-04 2.710027100271002166e-04 6.260162601626015344e-02 1.628726287262872163e-01 2.710027100271002166e-04 2.710027100271002166e-04 2.710027100271002166e-04 2.710027100271002166e-04 8.970189701897016143e-02 2.466124661246611727e-02 5.691056910569104385e-03 2.710027100271002166e-04 2.981029810298102111e-03 3.092140921409213261e-01 2.710027100271002166e-04 2.710027100271002166e-04 2.710027100271002166e-04 2.197831978319782498e-01 2.710027100271002166e-04 2.710027100271002166e-04 4.905149051490513556e-02 2.710027100271002166e-04 2.710027100271002166e-04 2.466124661246611727e-02 2.710027100271002166e-04 2.710027100271002166e-04 2.710027100271002166e-04 2.710027100271002166e-04
1.063829787234043004e-03 1.063829787234043004e-03 1.063829787234043004e-03 1.063829787234043004e-03 1.063829787234043004e-03 1.063829787234043004e-03 1.063829787234043004e-03 1.287234042553191959e-01 1.063829787234043004e-03 1.063829787234043004e-03 1.063829787234043004e-03 1.170212765957447457e-02 1.287234042553191959e-01 1.063829787234043004e-03 1.170212765957447457e-02 1.063829787234043004e-03 1.063829787234043004e-03 1.170212765957447457e-02 1.063829787234043004e-03 1.063829787234043004e-03 1.063829787234043004e-03 1.063829787234043004e-03 1.287234042553191959e-01 5.010638297872342939e-01 5.425531914893619301e-02 1.063829787234043004e-03 1.063829787234043004e-03 1.063829787234043004e-03 1.063829787234043004e-03 1.063829787234043004e-03
4.329004329004329001e-04 4.329004329004329001e-04 4.329004329004329001e-04 4.329004329004329001e-04 4.329004329004329001e-04 4.329004329004329001e-04 4.329004329004329001e-04 4.329004329004329001e-04 4.329004329004329001e-04 4.329004329004329001e-04 4.329004329004329001e-04 4.329004329004329001e-04 2.125541125541125509e-01 1.995670995670995596e-01 4.329004329004329001e-04 4.761904761904762334e-03 4.329004329004329001e-04 1.692640692640692834e-01 4.329004329004329001e-04 4.329004329004329001e-04 4.329004329004329001e-04 2.640692640692640647e-02 2.515151515151515249e-01 4.329004329004329001e-04 2.207792207792207487e-02 4.329004329004329001e-04 4.329004329004329001e-04 1.043290043290043406e-01 4.329004329004329001e-04 4.329004329004329001e-04
2.180746561886050608e-02 1.964636542239685301e-04 1.964636542239685301e-04 1.964636542239685301e-04 1.121807465618860356e-01 4.538310412573673402e-02 1.964636542239685301e-04 1.964636542239685301e-04 1.964636542239685301e-04 1.964636542239685301e-04 4.734774066797641651e-02 1.964636542239685301e-04 1.984282907662082013e-02 1.964636542239685301e-04 1.964636542239685301e-04 3.263261296660117106e-01 4.125736738703339457e-03 1.964636542239685301e-04 1.001964636542239384e-02 2.418467583497052320e-01 1.964636542239685301e-04 5.520628683693516031e-02 4.145383104125736212e-02 1.964636542239685301e-04 1.964636542239685301e-04 1.787819253438113418e-02 1.964636542239685301e-04 5.324165029469547089e-02 1.964636542239685301e-04 1.964636542239685301e-04
6.622516556291393975e-04 6.622516556291393975e-04 6.622516556291393975e-04 1.390728476821192702e-02 5.364238410596028350e-02 6.622516556291393975e-04 6.622516556291393975e-04 4.701986754966888671e-02 6.622516556291393975e-04 6.622516556291393975e-04 6.622516556291393975e-04 6.622516556291393975e-04 1.397350993377484141e-01 2.052980132450332035e-02 6.622516556291393975e-04 7.284768211920532831e-03 6.622516556291393975e-04 2.715231788079471020e-02 6.622516556291393975e-04 6.622516556291393975e-04 6.622516556291393975e-04 6.622516556291393975e-04 1.463576158940398109e-01 4.377483443708610755e-01 6.622516556291393975e-04 3.377483443708610006e-02 2.715231788079471020e-02 3.377483443708610006e-02 6.622516556291393975e-04 6.622516556291393975e-04
5.645161290322579448e-03 2.688172043010752144e-04 2.688172043010752144e-04 3.521505376344084837e-02 1.481182795698924304e-01 2.688172043010752144e-04 2.688172043010752144e-04 2.688172043010752144e-04 2.688172043010752144e-04 2.688172043010752144e-04 6.747311827956987973e-02 2.688172043010752144e-04 8.360215053763438153e-02 2.688172043010752144e-04 2.956989247311827412e-03 3.658602150537633158e-01 2.688172043010752144e-04 1.639784946236558585e-02 2.956989247311827412e-03 1.400537634408601795e-01 2.688172043010752144e-04 2.688172043010752144e-04 2.688172043010752144e-04 2.688172043010752144e-04 2.688172043010752144e-04 7.553763440860213063e-02 2.688172043010752144e-04 1.908602150537633615e-02 2.446236559139784023e-02 8.333333333333331483e-03
6.681034482758619296e-03 7.995689655172412424e-02 5.624999999999998751e-02 1.230603448275861822e-01 1.877155172413792483e-01 2.155172413793103147e-04 2.176724137931033976e-02 6.681034482758619296e-03 2.155172413793103147e-04 2.155172413793103147e-04 2.803879310344826736e-01 5.193965517241378588e-02 1.079741379310344557e-01 4.525862068965516745e-03 2.155172413793103147e-04 2.155172413793103147e-04 2.155172413793103147e-04 2.155172413793103147e-04 2.155172413793103147e-04 1.961206896551723547e-02 2.155172413793103147e-04 2.155172413793103147e-04 2.155172413793103147e-04 2.155172413793103147e-04 2.155172413793103147e-04 8.836206896551720980e-03 2.155172413793103147e-04 4.116379310344826792e-02 2.155172413793103147e-04 2.155172413793103147e-04
4.725848563968667454e-02 2.610966057441252647e-04 5.483028720626630451e-03 1.751958224543080367e-01 3.942558746736291031e-02 2.770234986945168676e-01 2.375979112271539573e-02 2.610966057441252647e-04 1.331592689295038601e-02 2.610966057441252647e-04 2.610966057441252647e-04 8.093994778067882881e-03 8.381201044386421550e-02 1.853785900783289087e-02 2.610966057441252647e-04 2.610966057441252647e-04 1.331592689295038601e-02 2.610966057441252647e-04 3.159268929503915302e-02 2.610966057441252647e-04 2.114882506527414330e-02 2.610966057441252647e-04 1.592689295039163844e-02 2.610966057441252647e-04 2.872062663185378020e-03 2.114882506527414330e-02 1.986945169712792947e-01 2.610966057441252647e-04 2.610966057441252647e-04 2.610966057441252647e-04
2.457002457002456400e-04 2.457002457002456400e-04 7.395577395577393465e-02 7.886977886977884766e-02 2.140049140049139209e-01 2.457002457002456400e-04 2.457002457002456400e-04 2.702702702702701985e-03 2.457002457002456400e-04 2.457002457002456400e-04 2.457002457002456400e-04 2.702702702702701985e-03 2.680589680589679502e-01 8.132678132678131111e-02 5.159705159705158493e-03 2.457002457002456400e-04 2.457002457002456400e-04 2.457002457002456400e-04 1.108108108108107892e-01 2.457002457002456400e-04 1.253071253071252715e-02 2.457002457002456400e-04 3.218673218673217401e-02 2.457002457002456400e-04 2.457002457002456400e-04 1.083538083538083258e-01 2.457002457002456400e-04 5.159705159705158493e-03 2.457002457002456400e-04 2.457002457002456400e-04
1.289566236811254219e-03 2.381008206330597066e-01 1.172332942555685543e-04 4.818288393903867595e-02 1.396248534583821310e-01 1.172332942555685543e-04 1.289566236811254219e-03 1.172332942555685543e-04 1.172332942555685543e-04 1.289566236811254219e-03 4.466588511137162265e-02 1.172332942555685543e-04 2.357561547479483377e-01 1.172332942555685543e-04 1.172332942555685543e-04 1.172332942555685543e-04 1.184056271981242386e-02 1.184056271981242386e-02 1.701055099648299540e-01 1.066822977725673770e-02 1.172332942555685543e-04 2.473622508792496649e-02 3.177022274325908002e-02 1.289566236811254219e-03 7.151230949589680932e-03 4.806565064478310334e-03 2.461899179366939736e-03 4.806565064478310334e-03 7.151230949589680932e-03 1.172332942555685543e-04
2.386634844868734597e-04 9.785202863961809869e-03 2.386634844868734597e-04 7.398568019093077278e-03 5.990453460620524112e-02 2.386634844868734597e-04 2.386634844868734597e-04 2.386634844868734597e-04 2.386634844868734597e-04 2.386634844868734597e-04 7.899761336515510879e-02 2.386634844868734597e-04 1.243436754176610731e-01 3.439140811455846380e-01 2.386634844868734597e-04 2.625298329355608192e-03 2.625298329355608192e-03 1.792362768496419401e-01 2.386634844868734597e-04 2.386634844868734597e-04 2.386634844868734597e-04 3.842482100238663045e-02 9.093078758949878215e-02 2.171837708830548150e-02 2.386634844868734597e-04 7.398568019093077278e-03 2.386634844868734597e-04 2.887828162291168621e-02 2.386634844868734597e-04 2.386634844868734597e-04
1.517412935323382561e-02 3.261194029850745246e-01 2.487562189054725670e-04 2.512437810945272743e-02 1.967661691542287872e-01 2.487562189054725670e-04 2.487562189054725670e-04 2.487562189054725670e-04 2.487562189054725670e-04 2.487562189054725670e-04 5.223880597014923799e-03 2.487562189054725670e-04 2.291044776119402215e-01 1.019900497512437471e-02 2.487562189054725670e-04 2.736318407960198346e-03 2.487562189054725670e-04 5.223880597014923799e-03 1.420398009950248341e-01 2.487562189054725670e-04 2.736318407960198346e-03 2.487562189054725670e-04 3.258706467661690726e-02 2.736318407960198346e-03 2.487562189054725670e-04 2.487562189054725670e-04 2.487562189054725670e-04 2.487562189054725670e-04 2.487562189054725670e-04 2.487562189054725670e-04
2.987288135593219388e-02 2.118644067796609837e-04 2.139830508474575843e-02 2.118644067796609837e-04 5.953389830508473701e-02 2.118644067796609837e-04 2.118644067796609837e-04 2.118644067796609837e-04 4.449152542372880603e-03 2.118644067796609837e-04 6.588983050847456446e-02 2.118644067796609837e-04 3.243644067796609409e-01 2.798728813559321349e-01 2.118644067796609837e-04 1.504237288135592751e-02 2.118644067796609837e-04 1.252118644067796438e-01 2.118644067796609837e-04 6.567796610169490332e-03 2.118644067796609837e-04 2.118644067796609837e-04 3.622881355932202480e-02 2.118644067796609837e-04 2.118644067796609837e-04 2.118644067796609837e-04 2.118644067796609837e-04 2.563559322033897442e-02 2.118644067796609837e-04 2.330508474576270875e-03
5.847953216374271283e-04 5.847953216374271283e-04 5.847953216374271283e-04 2.111111111111111938e-01 5.906432748538013172e-02 1.000000000000000472e-01 5.847953216374271283e-04 5.847953216374271283e-04 1.228070175438597013e-02 4.684210526315790712e-01 1.000000000000000472e-01 5.847953216374271283e-04 5.847953216374271283e-04 5.847953216374271283e-04 5.847953216374271283e-04 5.847953216374271283e-04 5.847953216374271283e-04 5.847953216374271283e-04 5.847953216374271283e-04 1.812865497076024054e-02 5.847953216374271283e-04 5.847953216374271283e-04 1.812865497076024054e-02 5.847953216374271283e-04 5.847953216374271283e-04 5.847953216374271283e-04 5.847953216374271283e-04 5.847953216374271283e-04 5.847953216374271283e-04 5.847953216374271283e-04
2.666666666666666252e-04 4.429333333333331790e-01 2.666666666666666252e-04 3.759999999999998760e-02 1.442666666666666264e-01 2.666666666666666252e-04 2.666666666666666252e-04 2.666666666666666252e-04 2.666666666666666252e-04 8.266666666666665220e-03 8.266666666666665220e-03 2.666666666666666252e-04 2.269333333333332370e-01 2.666666666666666252e-04 2.666666666666666252e-04 2.666666666666666252e-04 2.933333333333332498e-03 2.666666666666666252e-04 1.015999999999999681e-01 2.666666666666666252e-04 2.666666666666666252e-04 2.666666666666666252e-04 1.893333333333332633e-02 2.666666666666666252e-04 2.666666666666666252e-04 2.933333333333332498e-03 2.666666666666666252e-04 2.666666666666666252e-04 2.666666666666666252e-04 2.666666666666666252e-04
