2.207505518763796365e-04 8.189845474613684229e-02 9.955849889624722449e-02 2.207505518763796365e-04 3.995584988962471579e-02 2.207505518763796365e-04 6.843267108167769112e-03 2.207505518763796365e-04 2.207505518763796365e-04 3.774834437086092148e-02 1.346578366445915637e-02 6.423841059602647396e-02 2.207505518763796365e-04 3.445916114790286144e-01 2.891832229580573038e-02 2.671081677704193608e-02 4.216335540838851009e-02 1.567328918322295414e-02 2.207505518763796365e-04 1.346578366445915637e-02 2.671081677704193608e-02 3.774834437086092148e-02 2.207505518763796365e-04 2.450331125827813830e-02 2.428256070640176165e-03 2.428256070640176165e-03 2.207505518763796365e-04 5.761589403973509105e-02 2.207505518763796365e-04 3.112582781456952816e-02
2.232142857142856802e-04 4.486607142857142183e-02 2.700892857142856221e-02 2.232142857142856802e-04 2.700892857142856221e-02 2.455357142857142374e-03 7.611607142857140795e-02 2.232142857142856802e-04 9.151785714285711262e-03 2.232142857142856802e-04 3.147321428571427798e-02 2.232142857142856802e-04 5.156249999999999029e-02 2.232142857142856802e-04 2.232142857142856802e-04 2.232142857142856802e-04 2.232142857142856802e-04 1.029017857142856956e-01 6.495535714285713413e-02 2.455357142857142374e-03 2.232142857142856802e-04 2.232142857142856802e-04 3.551339285714284477e-01 2.232142857142856802e-04 2.455357142857142374e-03 1.587053571428570786e-01 2.232142857142856802e-04 1.808035714285713760e-02 2.232142857142856802e-04 2.254464285714284991e-02
2.958579881656803689e-04 2.103550295857987418e-01 1.511834319526626780e-01 2.958579881656803689e-04 5.946745562130176244e-02 2.988165680473371666e-02 2.958579881656803689e-04 3.254437869822484220e-03 2.958579881656803689e-04 2.958579881656803689e-04 2.958579881656803689e-04 2.958579881656803689e-04 7.130177514792897242e-02 2.958579881656803689e-04 2.958579881656803689e-04 2.958579881656803689e-04 5.059171597633135148e-02 3.875739644970412762e-02 1.068047337278106163e-01 2.958579881656803689e-04 2.958579881656803689e-04 2.958579881656803689e-04 1.511834319526626780e-01 4.467455621301773261e-02 9.171597633136092248e-03 3.875739644970412762e-02 1.213017751479289474e-02 3.254437869822484220e-03 9.171597633136092248e-03 6.213017751479288017e-03
7.168141592920355444e-03 1.629203539823009250e-01 6.026548672566372361e-02 8.849557522123896664e-05 2.752212389380531699e-02 1.336283185840708189e-02 8.849557522123896664e-05 8.849557522123896664e-05 1.247787610619469252e-02 8.849557522123896664e-05 8.938053097345135048e-03 8.849557522123896664e-05 1.576106194690265749e-01 8.849557522123896664e-05 8.849557522123896664e-05 8.849557522123896664e-05 8.849557522123896664e-05 3.017699115044248509e-02 3.283185840707965319e-02 8.849557522123896664e-05 3.628318584070796670e-03 4.513274336283186472e-03 3.443362831858408080e-01 8.849557522123896664e-05 1.858407079646018150e-03 9.743362831858408402e-02 8.849557522123896664e-05 1.867256637168141983e-02 9.823008849557524416e-03 5.398230088495575840e-03
3.325949367088607000e-01 1.047468354430379639e-01 5.094936708860758889e-02 3.164556962025315973e-04 3.164556962025315973e-04 3.481012658227847570e-03 1.930379746835442570e-02 7.943037974683543612e-02 3.164556962025315973e-04 3.164556962025315973e-04 3.164556962025315973e-04 3.164556962025315973e-04 2.246835443037974167e-02 1.930379746835442570e-02 4.145569620253163751e-02 3.164556962025315973e-04 3.164556962025315973e-04 6.044303797468354028e-02 3.164556962025315973e-04 1.613924050632910973e-02 3.164556962025315973e-04 3.164556962025315973e-04 3.164556962025315973e-04 3.164556962025315973e-04 3.164556962025315973e-04 7.943037974683543612e-02 3.164556962025315973e-04 1.490506329113923945e-01 6.645569620253163542e-03 9.810126582278479515e-03
1.101101101101100961e-03 1.152152152152151887e-01 5.615615615615614231e-02 1.001001001001000775e-04 3.513513513513513015e-02 1.001001001001000775e-04 1.001001001001000775e-04 1.001001001001000775e-04 6.116116116116114554e-02 5.915915915915914702e-02 2.102102102102101737e-03 1.502502502502502113e-01 1.001001001001000775e-04 1.001001001001000775e-04 1.511511511511511203e-02 4.614614614614613586e-02 1.001001001001000775e-04 1.001001001001000775e-04 1.001001001001000775e-04 1.001001001001000775e-04 1.292292292292291922e-01 4.114114114114113263e-02 7.107107107107104964e-03 1.342342342342341954e-01 1.001001001001000775e-04 1.001001001001000775e-04 1.711711711711711575e-02 1.001001001001000775e-04 1.242242242242241890e-01 4.104104104104102854e-03
3.846153846153846151e-04 1.542307692307692268e-01 1.576923076923076802e-02 3.846153846153846151e-04 1.734615384615384726e-01 9.653846153846154521e-02 3.846153846153846151e-04 3.846153846153846151e-04 5.807692307692307460e-02 8.076923076923077024e-03 4.230769230769231525e-03 2.346153846153846076e-02 3.846153846153846151e-04 3.846153846153846151e-04 3.846153846153846151e-04 3.846153846153846151e-04 3.846153846153846151e-04 1.961538461538461439e-02 3.846153846153846151e-04 1.503846153846153944e-01 4.230769230769231525e-03 3.846153846153846151e-04 8.884615384615385247e-02 3.846153846153846151e-04 3.846153846153846151e-04 1.119230769230769307e-01 3.846153846153846151e-04 1.192307692307692339e-02 2.346153846153846076e-02 5.038461538461538186e-02
2.244897959183673065e-03 5.122448979591835705e-02 8.591836734693876487e-02 2.040816326530611778e-04 2.061224489795917755e-02 4.714285714285713219e-02 2.244897959183673065e-03 2.469387755102040241e-02 7.979591836734692412e-02 2.040816326530611778e-04 2.265306122448978998e-02 5.122448979591835705e-02 2.040816326530611778e-04 3.083673469387754329e-01 2.040816326530611778e-04 3.693877551020407352e-02 2.040816326530611778e-04 2.040816326530611778e-04 3.081632653061223623e-02 2.040816326530611778e-04 8.367346938775508183e-03 8.387755102040814204e-02 2.040816326530611778e-04 2.040816326530611778e-04 2.040816326530611778e-04 2.040816326530611778e-04 6.326530612244896622e-03 2.244897959183673065e-03 8.591836734693876487e-02 4.714285714285713219e-02
2.506265664160400430e-04 1.305764411027568461e-01 2.506265664160400430e-04 2.506265664160400430e-04 1.005012531328320496e-01 1.027568922305764111e-02 2.756892230576440690e-03 2.506265664160400430e-04 1.779448621553884197e-02 2.506265664160400430e-04 2.506265664160400430e-04 2.506265664160400430e-04 2.506265664160400430e-04 5.416040100250625322e-01 3.032581453634084281e-02 2.506265664160400430e-04 2.506265664160400430e-04 7.769423558897241115e-03 2.506265664160400430e-04 2.506265664160400430e-04 2.506265664160400430e-04 2.531328320802004109e-02 2.506265664160400430e-04 2.531328320802004109e-02 1.528822055137844110e-02 2.756892230576440690e-03 1.779448621553884197e-02 6.541353383458645143e-02 2.506265664160400430e-04 2.756892230576440690e-03
1.054461181923522541e-02 1.067207415990729935e-01 4.878331402085747670e-02 1.158748551564310554e-04 5.110081112398609515e-02 2.433371958285052150e-03 1.158748551564310554e-04 9.385863267670914445e-03 5.110081112398609515e-02 1.633835457705677674e-02 7.068366164542294258e-03 5.225955967555040438e-02 1.158748551564310554e-04 1.669756662804171565e-01 2.792584009269988635e-02 1.252607184241019689e-01 1.274623406720741623e-03 1.158748551564310554e-04 1.158748551564310554e-04 1.170336037079953637e-02 7.775202780996523511e-02 1.553881807647740365e-01 1.158748551564310554e-04 2.908458864426419557e-02 1.158748551564310554e-04 1.865585168018540213e-02 1.158748551564310554e-04 1.158748551564310554e-04 9.385863267670914445e-03 1.981460023174971136e-02
3.303303303303302234e-03 1.144144144144143838e-01 6.936936936936935472e-02 6.306306306306304343e-03 3.303303303303302234e-03 1.594594594594594128e-01 3.633633633633632370e-02 3.303303303303302234e-03 3.303303303303302234e-03 3.003003003003002326e-04 3.003003003003002326e-04 1.294294294294293934e-01 3.003003003003002326e-04 1.024024024024023649e-01 3.003003003003002326e-04 3.003003003003002326e-04 3.303303303303302234e-03 2.132132132132131402e-02 3.003003003003002326e-04 6.636636636636635000e-02 9.309309309309305586e-03 6.306306306306304343e-03 3.003003003003002326e-04 8.138138138138135969e-02 3.303303303303302234e-03 3.003003003003002326e-04 3.933933933933932148e-02 3.003003003003002326e-04 1.294294294294293934e-01 6.306306306306304343e-03
4.255319148936170717e-04 2.174468085106383008e-01 4.723404255319148953e-02 4.255319148936170717e-04 9.829787234042554334e-02 4.680851063829787571e-03 4.680851063829787571e-03 4.255319148936170717e-04 4.255319148936170717e-04 3.446808510638297435e-02 4.255319148936170717e-04 4.255319148936170717e-04 4.680851063829787571e-03 1.025531914893617058e-01 4.255319148936170717e-04 5.574468085106382836e-02 4.255319148936170717e-04 4.255319148936170717e-04 4.255319148936170717e-04 4.255319148936170717e-04 2.131914893617021245e-01 1.834042553191489455e-01 4.255319148936170717e-04 4.255319148936170717e-04 4.255319148936170717e-04 4.680851063829787571e-03 4.255319148936170717e-04 2.170212765957446610e-02 4.255319148936170717e-04 4.255319148936170717e-04
1.305732484076433005e-02 9.267515923566879699e-02 6.082802547770701368e-02 3.184713375796178721e-04 3.184713375796178721e-04 3.216560509554140107e-02 4.808917197452228925e-02 3.184713375796178721e-04 6.082802547770701368e-02 3.184713375796178721e-04 3.184713375796178721e-04 8.949044585987261935e-02 3.184713375796178721e-04 3.535031847133757871e-02 3.184713375796178721e-04 3.503184713375796268e-03 3.184713375796178721e-04 1.305732484076433005e-02 3.184713375796178721e-04 3.535031847133757871e-02 3.216560509554140107e-02 3.184713375796178721e-04 3.184713375796178721e-04 9.585987261146497462e-02 3.184713375796178721e-04 9.872611464968152409e-03 3.184713375796178721e-04 3.184713375796178721e-04 3.697452229299362791e-01 3.503184713375796268e-03
2.444987775061123925e-04 4.669926650366747201e-02 2.469437652811735245e-02 2.444987775061123925e-04 3.202933985330072564e-02 6.381418092909534046e-02 2.689486552567236805e-03 2.444987775061123925e-04 1.491442542787285545e-02 2.444987775061123925e-04 2.444987775061123925e-04 2.444987775061123925e-04 2.444987775061123925e-04 7.579462102689484872e-03 2.444987775061123925e-04 2.444987775061123925e-04 2.444987775061123925e-04 2.202933985330072508e-01 1.735941320293397927e-02 1.980440097799510482e-02 2.444987775061123925e-04 2.444987775061123925e-04 3.278728606356967057e-01 2.689486552567236805e-03 2.444987775061123925e-04 2.154034229828850067e-01 2.444987775061123925e-04 2.444987775061123925e-04 2.444987775061123925e-04 2.444987775061123925e-04
2.811059907834102117e-02 1.889400921658986390e-02 4.608294930875577659e-04 4.193548387096775187e-02 4.608294930875577659e-04 4.608294930875577659e-04 4.608294930875577659e-04 4.612903225806452290e-01 7.880184331797238095e-02 4.608294930875577659e-04 3.271889400921659807e-02 4.608294930875577659e-04 1.889400921658986390e-02 4.608294930875577659e-04 4.608294930875577659e-04 6.958525345622121328e-02 4.608294930875577659e-04 4.608294930875577659e-04 4.608294930875577659e-04 4.608294930875577659e-04 4.608294930875577659e-04 1.387096774193548876e-01 4.608294930875577659e-04 4.608294930875577659e-04 4.608294930875577659e-04 4.654377880184332877e-02 4.608294930875577659e-04 5.576036866359448257e-02 4.608294930875577659e-04 4.608294930875577659e-04
2.785515320334260871e-04 1.646239554317548148e-01 8.635097493036208646e-03 2.785515320334260871e-04 2.534818941504177539e-02 2.785515320334260871e-04 2.785515320334260871e-04 2.785515320334260871e-04 3.649025069637881757e-02 2.785515320334260871e-04 2.785515320334260871e-04 2.370473537604455838e-01 2.785515320334260871e-04 2.785515320334260871e-04 1.033426183844010915e-01 1.420612813370472974e-02 2.785515320334260871e-04 2.785515320334260871e-04 3.064066852367687121e-03 2.785515320334260871e-04 2.203342618384400153e-01 2.785515320334260871e-04 2.785515320334260871e-04 2.785515320334260871e-04 2.785515320334260871e-04 2.785515320334260871e-04 2.785515320334260871e-04 2.785515320334260871e-04 1.813370473537603833e-01 2.785515320334260871e-04
4.296875000000001214e-03 7.460937500000001943e-02 6.679687500000001943e-02 8.632812500000001943e-02 4.335937500000000555e-02 3.906250000000001301e-04 3.906250000000001301e-04 3.167968750000000333e-01 4.296875000000001214e-03 3.906250000000001301e-04 1.214843750000000333e-01 1.292968750000000333e-01 4.296875000000001214e-03 3.906250000000001301e-04 4.335937500000000555e-02 3.906250000000001301e-04 1.601562500000000208e-02 3.906250000000001301e-04 3.906250000000001301e-04 2.773437500000000555e-02 3.906250000000001301e-04 3.906250000000001301e-04 4.296875000000001214e-03 3.164062500000000555e-02 3.906250000000001301e-04 3.906250000000001301e-04 3.906250000000001301e-04 8.203125000000002082e-03 1.210937500000000382e-02 3.906250000000001301e-04
7.868020304568526524e-03 9.923857868020304063e-02 1.802030456852791659e-02 2.538071065989847301e-04 2.563451776649745828e-02 2.538071065989847301e-04 2.538071065989847301e-04 2.538071065989847301e-04 2.538071065989847301e-04 2.538071065989847301e-04 2.538071065989847301e-04 7.893401015228425355e-02 2.538071065989847301e-04 2.007614213197969066e-01 1.982233502538070513e-01 2.538071065989847301e-04 2.538071065989847301e-04 2.538071065989847301e-04 2.538071065989847301e-04 2.538071065989847301e-04 1.525380710659898220e-01 2.538071065989847301e-04 2.538071065989847301e-04 2.791878172588832356e-03 2.538071065989847301e-04 2.538071065989847301e-04 2.538071065989847301e-04 6.116751269035532179e-02 1.373096446700507456e-01 1.294416243654821982e-02
2.044989775051124503e-04 7.177914110429446659e-02 2.044989775051124503e-04 2.249488752556236953e-03 2.044989775051124503e-04 2.044989775051124503e-04 2.044989775051124503e-04 2.044989775051124503e-04 1.658486707566461660e-01 1.042944785276073323e-02 6.339468302658485092e-03 1.453987730061349348e-01 2.044989775051124503e-04 2.044989775051124503e-04 1.024539877300613272e-01 2.044989775051124503e-04 6.339468302658485092e-03 2.249488752556236953e-03 6.339468302658485092e-03 2.249488752556236953e-03 1.842535787321062934e-01 1.188139059304703232e-01 2.044989775051124503e-04 6.339468302658485092e-03 2.044989775051124503e-04 6.339468302658485092e-03 6.339468302658485092e-03 2.044989775051124503e-04 1.453987730061349348e-01 8.384458077709608728e-03
2.415458937198067030e-04 1.403381642512076810e-01 1.210144927536231652e-01 2.415458937198067030e-04 2.415458937198067030e-04 1.185990338164250868e-01 2.415458937198067030e-04 2.415458937198067030e-04 1.231884057971014031e-02 1.956521739130434243e-02 2.657004830917873706e-03 1.717391304347825609e-01 7.487922705314007873e-03 1.714975845410627447e-02 2.657004830917873706e-03 2.415458937198067030e-04 7.487922705314007873e-03 2.415458937198067030e-04 2.415458937198067030e-04 1.258454106280192941e-01 2.439613526570047486e-02 2.657004830917873706e-03 5.072463768115940790e-03 7.270531400966182001e-02 2.657004830917873706e-03 5.821256038647341924e-02 2.415458937198067030e-04 2.415458937198067030e-04 8.478260869565215629e-02 2.415458937198067030e-04
1.347708894878705784e-04 2.548517520215632381e-01 3.382749326145551710e-02 1.347708894878705784e-04 3.113207547169810629e-02 1.482479784366576552e-03 1.347708894878705784e-04 1.347708894878705784e-04 2.830188679245282390e-03 1.361185983827492736e-02 1.347708894878705784e-04 6.886792452830187150e-02 2.169811320754716499e-02 7.425876010781669312e-02 5.539083557951481052e-02 1.630727762803233991e-02 1.361185983827492736e-02 2.830188679245282390e-03 1.347708894878705784e-04 1.347708894878705784e-04 2.400269541778974891e-01 2.169811320754716499e-02 1.347708894878705784e-04 1.630727762803233991e-02 1.347708894878705784e-04 1.347708894878705784e-04 1.091644204851751655e-02 1.482479784366576552e-03 1.025606469002695031e-01 1.495956873315363450e-02
1.331592689295038601e-02 1.934725848563967898e-01 8.120104438642294920e-02 2.637075718015664816e-02 5.483028720626630451e-03 2.610966057441252647e-04 2.610966057441252647e-04 7.336814621409919190e-02 3.942558746736291031e-02 4.203655352480416968e-02 2.610966057441252647e-04 1.621409921671017884e-01 4.725848563968667454e-02 2.610966057441252647e-04 2.610966057441252647e-04 9.164490861618797279e-02 2.872062663185378020e-03 2.610966057441252647e-04 2.610966057441252647e-04 2.610966057441252647e-04 1.386422976501305027e-01 3.159268929503915302e-02 2.610966057441252647e-04 2.610966057441252647e-04 2.610966057441252647e-04 2.114882506527414330e-02 2.610966057441252647e-04 2.610966057441252647e-04 2.637075718015664816e-02 2.610966057441252647e-04
1.633986928104575321e-04 1.455882352941176294e-01 1.633986928104575321e-04 1.633986928104575321e-04 2.303921568627450775e-02 1.633986928104575321e-04 1.633986928104575321e-04 3.431372549019607796e-03 1.323529411764705864e-02 1.633986928104575321e-04 1.633986928104575321e-04 9.330065359477124343e-02 1.633986928104575321e-04 9.967320261437907780e-03 1.243464052287581584e-01 4.428104575163398920e-02 1.633986928104575321e-04 5.065359477124183225e-03 1.633986928104575321e-04 1.797385620915032799e-03 3.253267973856209250e-01 6.388888888888889783e-02 1.633986928104575321e-04 1.650326797385620950e-02 1.633986928104575321e-04 1.650326797385620950e-02 1.633986928104575321e-04 1.650326797385620950e-02 9.493464052287581278e-02 1.633986928104575321e-04
4.933837429111530282e-02 1.192816635160680316e-01 2.476370510396974992e-02 1.890359168241965537e-04 1.909262759924384989e-02 2.079395085066162389e-03 3.969754253308127763e-03 1.911153119092627028e-01 1.890359168241965537e-04 1.890359168241965537e-04 1.589792060491492798e-01 7.013232514177691890e-02 1.890359168241965537e-04 7.750472589792058511e-03 2.287334593572778324e-02 9.470699432892247527e-02 1.890359168241965537e-04 1.890359168241965537e-04 1.890359168241965537e-04 1.890359168241965537e-04 1.381852551984876776e-01 1.890359168241965537e-04 1.890359168241965537e-04 3.232514177693761315e-02 1.890359168241965537e-04 2.287334593572778324e-02 1.890359168241965537e-04 1.890359168241965537e-04 2.854442344045367980e-02 1.153119092627599013e-02
3.711048158640225386e-02 1.022662889518413248e-01 6.260623229461755035e-02 4.277620396600564923e-02 3.427762039660055271e-02 2.832861189801698983e-04 2.861189801699715735e-02 3.997167138810197029e-01 3.116147308781869098e-03 2.832861189801698983e-04 1.362606232294617248e-01 1.220963172804532260e-01 2.832861189801698983e-04 2.832861189801698983e-04 2.832861189801698983e-04 2.832861189801698983e-04 2.832861189801698983e-04 2.832861189801698983e-04 3.116147308781869098e-03 2.832861189801698983e-04 2.832861189801698983e-04 3.116147308781869098e-03 2.832861189801698983e-04 2.832861189801698983e-04 3.116147308781869098e-03 3.116147308781869098e-03 2.832861189801698983e-04 2.832861189801698983e-04 1.444759206798866373e-02 2.832861189801698983e-04
3.424657534246574285e-04 1.715753424657533721e-01 4.486301369863011923e-02 3.424657534246574285e-04 3.424657534246574285e-04 3.424657534246574285e-04 2.773972602739724694e-02 1.784246575342465224e-01 3.424657534246574285e-04 5.513698630136984469e-02 1.784246575342465224e-01 1.647260273972602218e-01 3.424657534246574285e-04 1.746575342465752495e-02 3.424657534246574285e-04 6.198630136986299499e-02 3.424657534246574285e-04 3.767123287671231713e-03 3.424657534246574285e-04 3.424657534246574285e-04 3.424657534246574285e-04 2.089041095890410010e-02 3.424657534246574285e-04 7.191780821917805565e-03 3.767123287671231713e-03 4.143835616438354408e-02 1.746575342465752495e-02 3.424657534246574285e-04 3.424657534246574285e-04 3.424657534246574285e-04
2.965686274509803100e-02 6.887254901960782050e-02 2.450980392156862169e-04 2.450980392156862169e-04 1.080882352941176239e-01 2.355392156862744224e-01 2.450980392156862169e-04 2.450980392156862169e-04 2.450980392156862169e-04 1.249999999999999549e-02 5.147058823529410826e-03 2.450980392156862169e-04 2.450980392156862169e-04 2.450980392156862169e-04 2.450980392156862169e-04 2.450980392156862169e-04 1.495098039215685820e-02 1.914215686274509109e-01 2.230392156862744460e-02 4.681372549019607171e-02 1.740196078431371918e-02 1.985294117647058015e-02 2.450980392156862169e-04 7.598039215686272670e-03 2.450980392156862169e-04 9.338235294117644414e-02 2.450980392156862169e-04 2.450980392156862169e-04 2.450980392156862169e-04 1.227941176470587897e-01
5.106951871657752773e-02 4.304812834224597956e-02 2.673796791443849787e-04 2.941176470588234820e-03 1.096256684491978169e-02 2.673796791443849787e-04 2.673796791443849787e-04 2.195187165775400184e-01 1.631016042780748104e-02 2.673796791443849787e-04 1.847593582887699926e-01 1.393048128342245506e-01 2.165775401069517866e-02 2.165775401069517866e-02 2.673796791443849787e-04 1.687165775401069101e-01 2.673796791443849787e-04 2.673796791443849787e-04 2.673796791443849787e-04 5.614973262032084064e-03 4.839572192513368065e-02 2.700534759358287976e-02 2.673796791443849787e-04 2.941176470588234820e-03 2.673796791443849787e-04 2.700534759358287976e-02 2.673796791443849787e-04 2.673796791443849787e-04 5.614973262032084064e-03 2.673796791443849787e-04
4.201680672268908899e-04 4.201680672268908899e-04 4.663865546218488173e-02 4.201680672268908899e-04 1.978991596638655925e-01 2.563025210084034222e-02 5.084033613445379518e-02 2.563025210084034222e-02 2.563025210084034222e-02 4.201680672268908899e-04 4.201680672268908899e-04 2.563025210084034222e-02 2.142857142857143224e-02 3.995798319327731885e-01 4.243697478991597521e-02 4.201680672268908899e-04 5.924369747899160821e-02 8.823529411764709229e-03 4.201680672268908899e-04 8.823529411764709229e-03 4.201680672268908899e-04 8.823529411764709229e-03 4.201680672268908899e-04 4.201680672268908899e-04 4.201680672268908899e-04 4.201680672268908899e-04 4.663865546218488173e-02 4.201680672268908899e-04 4.201680672268908899e-04 4.201680672268908899e-04
2.053388090349075672e-04 1.868583162217658800e-02 4.312114989733059102e-03 2.053388090349075672e-04 1.252566735112935897e-02 1.418891170431210991e-01 2.053388090349075672e-04 2.053388090349075672e-04 2.053388090349075672e-04 2.053388090349075672e-04 6.365503080082134287e-03 2.053388090349075672e-04 4.312114989733059102e-03 2.053388090349075672e-04 2.053388090349075672e-04 2.053388090349075672e-04 2.053388090349075672e-04 2.486652977412730225e-01 1.377823408624229418e-01 2.053388090349075672e-04 4.312114989733059102e-03 1.457905544147843589e-02 1.172484599589322107e-01 2.053388090349075672e-04 7.412731006160162839e-02 1.377823408624229418e-01 2.053388090349075672e-04 2.053388090349075672e-04 4.537987679671456887e-02 2.895277207392196392e-02
6.288659793814434240e-02 2.164948453608248058e-02 5.257731958762888042e-02 1.030927835051546849e-03 1.030927835051546849e-03 1.030927835051546849e-03 2.175257731958763763e-01 1.659793814432990455e-01 1.030927835051546849e-03 1.030927835051546849e-03 1.762886597938145006e-01 1.030927835051546849e-03 1.030927835051546849e-03 1.144329896907216731e-01 2.164948453608248058e-02 1.030927835051546849e-03 1.030927835051546849e-03 1.030927835051546849e-03 1.030927835051546849e-03 1.030927835051546849e-03 1.030927835051546849e-03 1.030927835051546849e-03 1.030927835051546849e-03 1.134020618556701512e-02 1.030927835051546849e-03 1.350515463917526249e-01 1.030927835051546849e-03 1.030927835051546849e-03 1.030927835051546849e-03 1.030927835051546849e-03
2.183406113537117411e-04 1.268558951965065296e-01 8.973799126637552193e-02 3.951965065502182489e-02 2.205240174672488604e-02 2.183406113537117411e-04 6.768558951965064109e-03 1.028384279475982321e-01 1.137554585152838194e-01 2.183406113537117411e-04 2.183406113537117411e-04 1.028384279475982321e-01 2.183406113537117411e-04 5.698689956331876721e-02 1.331877729257641488e-02 2.993449781659388020e-01 2.183406113537117411e-04 1.331877729257641488e-02 2.183406113537117411e-04 2.183406113537117411e-04 2.183406113537117411e-04 2.183406113537117411e-04 2.183406113537117411e-04 8.951965065502181032e-03 2.183406113537117411e-04 2.183406113537117411e-04 2.183406113537117411e-04 2.183406113537117411e-04 2.183406113537117411e-04 2.183406113537117411e-04
1.610305958132045138e-04 9.838969404186795331e-02 1.610305958132045138e-04 1.610305958132045138e-04 1.837359098228663334e-01 1.610305958132045138e-04 9.822866344605473907e-03 1.610305958132045138e-04 8.212560386473428606e-03 5.008051529790660122e-02 1.610305958132045138e-04 1.610305958132045138e-04 1.610305958132045138e-04 3.270531400966183444e-01 7.906602254428340970e-02 1.610305958132045138e-04 8.212560386473428606e-03 4.991948470209339739e-03 1.610305958132045138e-04 1.610305958132045138e-04 3.558776167471820046e-02 1.096618357487922635e-01 1.610305958132045138e-04 1.610305958132045138e-04 1.610305958132045138e-04 5.974235104669887303e-02 2.270531400966183458e-02 1.610305958132045138e-04 1.610305958132045138e-04 1.610305958132045138e-04
4.471544715447155552e-03 7.357723577235773804e-02 8.170731707317074877e-02 4.065040650406504604e-04 2.479674796747967716e-02 4.065040650406504604e-04 3.337398373983739841e-01 4.065040650406504604e-04 6.544715447154472732e-02 4.065040650406504604e-04 4.471544715447155552e-03 4.065040650406504604e-04 1.386178861788618100e-01 4.065040650406504604e-04 4.065040650406504604e-04 4.065040650406504604e-04 4.512195121951220050e-02 4.065040650406504604e-04 1.260162601626016454e-02 4.065040650406504604e-04 4.065040650406504604e-04 4.065040650406504604e-04 8.536585365853659180e-03 4.065040650406504604e-04 2.886178861788617905e-02 1.670731707317073544e-01 4.065040650406504604e-04 4.065040650406504604e-04 4.065040650406504604e-04 4.471544715447155552e-03
2.517730496453900527e-02 9.609929078014184389e-02 3.581560283687942881e-02 3.900709219858156454e-03 5.709219858156028976e-02 4.645390070921985581e-02 3.546099290780142083e-04 3.546099290780142083e-04 3.900709219858156454e-03 3.546099290780142083e-04 3.546099290780142083e-04 3.546099290780142083e-04 3.546099290780142083e-04 3.265957446808510634e-01 1.453900709219857999e-02 3.546099290780142083e-04 3.546099290780142083e-04 6.773049645390070983e-02 3.546099290780142083e-04 3.546099290780142083e-04 9.609929078014184389e-02 1.808510638297872175e-02 3.546099290780142083e-04 5.709219858156028976e-02 3.546099290780142083e-04 3.546099290780142083e-04 3.546099290780142083e-04 3.546099290780142083e-04 1.457446808510638459e-01 3.546099290780142083e-04
1.063829787234043004e-03 1.063829787234043004e-03 5.425531914893618607e-02 1.819148936170213449e-01 1.063829787234043004e-03 1.063829787234043004e-03 1.063829787234043004e-03 2.244680851063830529e-01 1.063829787234043004e-03 1.063829787234043004e-03 1.393617021276596091e-01 1.819148936170213449e-01 1.063829787234043004e-03 1.063829787234043004e-03 1.170212765957447283e-02 1.063829787234043004e-03 1.063829787234043004e-03 1.063829787234043004e-03 1.170212765957447283e-02 1.063829787234043004e-03 1.063829787234043004e-03 7.553191489361704702e-02 1.063829787234043004e-03 2.234042553191490157e-02 7.553191489361704702e-02 1.063829787234043004e-03 1.063829787234043004e-03 1.063829787234043004e-03 1.063829787234043004e-03 1.063829787234043004e-03
1.468428781204111303e-04 6.622613803230542606e-02 1.367107195301027478e-01 1.776798825256974829e-02 6.916299559471364433e-02 3.245227606461086045e-02 3.083700440528633954e-03 1.468428781204111303e-04 1.468428781204111303e-04 1.468428781204111303e-04 1.468428781204111303e-04 1.468428781204111303e-04 4.419970631424375435e-02 1.468428781204111303e-04 4.552129221732745257e-03 1.468428781204111303e-04 1.336270190895741221e-02 5.447870778267253217e-02 1.468428781204111303e-04 1.468428781204111303e-04 1.468428781204111303e-04 1.468428781204111303e-04 4.552129221732745257e-03 1.455212922173274304e-01 1.778267254038178868e-01 1.939794419970631012e-01 1.468428781204111303e-04 1.629955947136563568e-02 1.468428781204111303e-04 1.776798825256974829e-02
3.100436681222707921e-02 1.790393013100436900e-02 5.283842794759826406e-02 4.366812227074236990e-04 4.366812227074236990e-04 4.366812227074236990e-04 4.366812227074236990e-04 1.096069868995633578e-01 1.790393013100436900e-02 4.366812227074236990e-04 4.366812227074236990e-04 2.362445414847162140e-01 9.170305676855897842e-03 1.183406113537118221e-01 4.366812227074236990e-04 3.585152838427947963e-01 2.227074235807860805e-02 4.366812227074236990e-04 4.366812227074236990e-04 4.366812227074236990e-04 4.803493449781661394e-03 4.366812227074236990e-04 4.366812227074236990e-04 4.366812227074236990e-04 4.366812227074236990e-04 4.366812227074236990e-04 1.353711790393013516e-02 4.366812227074236990e-04 4.366812227074236990e-04 4.366812227074236990e-04
6.666666666666667528e-04 1.140000000000000041e-01 1.473333333333333439e-01 2.473333333333333495e-01 7.333333333333334064e-03 6.666666666666667528e-04 6.666666666666667528e-04 1.073333333333333361e-01 6.666666666666667528e-04 6.666666666666667528e-04 1.206666666666666721e-01 1.406666666666666898e-01 6.666666666666667528e-04 6.666666666666667528e-04 6.666666666666667528e-04 6.666666666666667528e-04 6.666666666666667528e-04 7.333333333333334064e-03 5.399999999999999939e-02 7.333333333333334064e-03 2.733333333333333101e-02 6.666666666666667528e-04 7.333333333333334064e-03 6.666666666666667528e-04 6.666666666666667528e-04 6.666666666666667528e-04 6.666666666666667528e-04 6.666666666666667528e-04 6.666666666666667528e-04 6.666666666666667528e-04
2.512562814070350928e-04 3.793969849246230097e-02 3.542713567839195221e-02 1.532663316582914131e-02 3.291457286432159651e-02 3.793969849246230097e-02 5.276381909547737600e-03 2.512562814070350928e-04 3.542713567839195221e-02 2.512562814070350928e-04 2.512562814070350928e-04 4.045226130653265667e-02 3.042713567839194777e-01 2.512562814070350928e-04 2.512562814070350928e-04 3.542713567839195221e-02 2.537688442211054329e-02 7.562814070351757401e-02 6.557788944723616509e-02 2.512562814070350928e-04 2.512562814070350928e-04 2.512562814070350928e-04 1.030150753768843859e-02 5.050251256281405865e-02 9.070351758793968044e-02 9.824120603015072672e-02 2.512562814070350928e-04 2.512562814070350928e-04 2.512562814070350928e-04 2.512562814070350928e-04
1.605263157894736351e-02 2.921052631578946457e-02 5.815789473684208899e-02 2.631578947368420451e-04 8.157894736842103561e-03 2.631578947368420451e-04 4.844736842105261676e-01 2.631578947368420451e-04 3.184210526315788686e-02 1.868421052631578233e-02 2.631578947368420451e-04 3.710526315789472451e-02 6.078947368421051128e-02 2.894736842105262442e-03 2.631578947368420451e-04 3.973684210526314681e-02 5.026315789473682905e-02 8.184210526315786882e-02 2.631578947368420451e-04 2.631578947368420451e-04 3.710526315789472451e-02 2.631578947368420451e-04 2.631578947368420451e-04 1.342105263157894295e-02 2.631578947368420451e-04 2.631578947368420451e-04 2.631578947368420451e-04 2.631578947368420451e-04 2.657894736842104227e-02 2.631578947368420451e-04
2.252475247524751700e-02 1.883663366336633116e-01 3.490099009900989036e-02 2.475247524752474735e-04 1.091584158415841305e-01 2.475247524752474735e-04 2.475247524752474735e-04 2.475247524752474735e-04 2.475247524752474735e-04 2.475247524752474735e-04 2.475247524752474735e-04 1.710396039603959695e-01 2.475247524752474735e-04 2.475247524752474735e-04 2.475247524752474735e-04 2.475247524752474735e-04 2.499999999999999098e-02 2.475247524752474735e-04 2.475247524752474735e-04 2.475247524752474735e-04 3.368811881188117918e-01 2.722772277227722155e-03 2.475247524752474735e-04 1.757425742574256905e-02 2.475247524752474735e-04 2.475247524752474735e-04 2.475247524752474735e-04 2.475247524752474735e-04 6.707920792079206940e-02 2.004950495049504303e-02
2.283105022831049885e-04 4.817351598173515159e-02 1.621004566210045017e-02 2.283105022831049885e-04 1.646118721461186651e-01 2.283105022831049885e-04 2.283105022831049885e-04 2.283105022831049885e-04 2.283105022831049885e-04 1.392694063926940180e-02 3.675799086757990108e-02 1.143835616438355907e-01 2.283105022831049885e-04 4.589041095890410149e-02 4.589041095890410149e-02 2.283105022831049885e-04 1.714611872146118154e-01 2.283105022831049885e-04 2.283105022831049885e-04 2.283105022831049885e-04 2.011415525114154668e-01 2.077625570776255037e-02 2.283105022831049885e-04 2.283105022831049885e-04 2.283105022831049885e-04 2.283105022831049885e-04 3.219178082191780088e-02 7.328767123287670271e-02 1.164383561643835170e-02 2.283105022831049885e-04
1.172332942555685679e-04 6.342321219226260132e-02 1.032825322391558998e-01 1.066822977725673943e-02 3.177022274325908002e-02 1.172332942555685679e-04 1.172332942555685679e-04 3.634232121922625468e-03 5.990621336459554108e-02 1.652989449003516853e-02 1.652989449003516853e-02 7.151230949589681800e-03 2.473622508792496996e-02 9.495896834701053266e-03 1.172332942555685679e-04 1.172332942555685679e-04 1.770222743259085296e-02 2.121922626025791320e-02 5.978898007033996501e-03 2.356389214536928206e-02 1.289566236811254436e-03 4.806565064478311201e-03 7.983587338804218336e-02 1.172332942555685679e-04 1.289566236811254436e-03 7.162954279015239234e-02 1.172332942555685679e-04 1.418522860492379620e-02 1.770222743259085296e-02 3.928487690504102736e-01
1.175088131609870458e-04 1.352526439482960863e-01 3.419506462984723411e-02 1.175088131609870458e-04 5.299647473560515493e-02 1.175088131609870458e-04 9.518213866039950885e-03 1.175088131609870458e-04 1.292596944770857490e-03 1.175088131609870458e-04 1.175088131609870458e-04 1.094007050528789243e-01 1.292596944770857490e-03 1.975323149236192233e-01 1.928319623971797292e-01 4.817861339600468078e-03 1.175088131609870458e-04 1.175088131609870458e-04 1.175088131609870458e-04 1.175088131609870458e-04 9.647473560517035029e-02 1.175088131609870458e-04 1.175088131609870458e-04 6.239717978848412228e-02 1.175088131609870458e-04 7.168037602820209048e-03 1.175088131609870458e-04 1.175088131609870458e-04 9.294947121034075055e-02 1.175088131609870458e-04
1.466275659824046920e-04 1.203812316715542480e-01 2.800586510263929768e-02 1.612903225806451828e-03 9.985337243401758156e-02 1.041055718475073291e-02 3.826979472140762395e-02 1.466275659824046920e-04 1.466275659824046920e-04 5.879765395894428343e-02 1.774193548387096794e-02 6.906158357771260969e-02 4.266862170087976774e-02 2.567448680351905876e-01 1.071847507331378235e-01 4.706744868035191154e-02 1.466275659824046920e-04 1.466275659824046920e-04 1.466275659824046920e-04 1.466275659824046920e-04 5.146627565982404839e-02 1.334310850439882588e-02 1.466275659824046920e-04 1.334310850439882588e-02 1.466275659824046920e-04 1.041055718475073291e-02 6.011730205278591720e-03 1.466275659824046920e-04 3.079178885630498748e-03 3.079178885630498748e-03
5.023923444976075535e-03 5.526315789473683349e-02 1.937799043062200452e-02 2.392344497607655030e-04 6.722488038277510403e-02 2.631578947368420560e-03 2.655502392344496684e-02 5.287081339712917244e-02 2.392344497607655030e-04 7.200956937799041224e-02 2.392344497607655030e-04 1.988038277511960938e-01 2.392344497607655030e-04 2.392344497607655030e-04 2.392344497607655030e-04 3.638755980861242967e-01 2.392344497607655030e-04 2.392344497607655030e-04 2.392344497607655030e-04 2.392344497607655030e-04 2.392344497607655030e-04 5.526315789473683349e-02 2.392344497607655030e-04 4.808612440191386422e-02 2.392344497607655030e-04 2.392344497607655030e-04 2.392344497607655030e-04 2.392344497607655030e-04 2.894736842105262442e-02 2.392344497607655030e-04
2.493765586034912005e-04 1.673316708229425909e-01 2.493765586034912005e-04 2.493765586034912005e-04 2.518703241895261027e-02 2.493765586034912005e-04 2.493765586034912005e-04 2.493765586034912005e-04 2.493765586034912005e-04 2.493765586034912005e-04 2.493765586034912005e-04 5.760598503740647219e-02 2.493765586034912005e-04 1.124688279301745419e-01 4.541147132169574552e-01 2.493765586034912005e-04 2.493765586034912005e-04 7.730673316708227757e-03 2.493765586034912005e-04 2.493765586034912005e-04 3.765586034912717095e-02 1.022443890274313781e-02 2.493765586034912005e-04 7.256857855361593945e-02 2.493765586034912005e-04 2.493765586034912005e-04 2.493765586034912005e-04 2.493765586034912005e-04 5.012468827930173509e-02 2.493765586034912005e-04
2.132196162046907950e-04 1.513859275053304476e-02 2.132196162046907950e-04 2.132196162046907950e-04 2.345415778251598582e-03 2.132196162046907950e-04 2.132196162046907950e-04 2.793176972281449094e-02 2.132196162046907950e-04 6.844349680170574990e-02 2.132196162046907950e-04 3.733475479744135517e-01 2.132196162046907950e-04 2.132196162046907950e-04 1.300639658848613649e-02 3.008528784648186738e-01 2.132196162046907950e-04 2.132196162046907950e-04 2.132196162046907950e-04 4.477611940298506857e-03 4.072494669509594406e-02 5.351812366737739024e-02 2.132196162046907950e-04 3.219616204690830402e-02 2.132196162046907950e-04 2.132196162046907950e-04 2.366737739872067439e-02 2.132196162046907950e-04 4.072494669509594406e-02 2.132196162046907950e-04
2.680965147453082294e-04 1.235924932975870916e-01 8.310991957104555544e-03 2.680965147453082294e-04 2.975871313672921389e-02 2.680965147453082294e-04 2.680965147453082294e-04 2.680965147453082294e-04 2.680965147453082294e-04 2.680965147453082294e-04 2.680965147453082294e-04 1.101876675603216810e-01 2.680965147453082294e-04 1.182305630026809357e-01 4.292225201072384366e-01 1.099195710455763697e-02 2.680965147453082294e-04 2.680965147453082294e-04 2.680965147453082294e-04 2.680965147453082294e-04 2.680965147453082294e-04 2.680965147453082294e-04 5.630026809651473250e-03 2.975871313672921389e-02 2.680965147453082294e-04 2.680965147453082294e-04 2.680965147453082294e-04 2.680965147453082294e-04 1.209115281501340206e-01 8.310991957104555544e-03
1.310615989515071769e-04 6.828309305373524152e-02 4.207077326343380136e-02 1.310615989515071769e-04 4.469200524246394468e-02 1.310615989515071769e-04 1.441677588466579001e-03 1.454783748361729474e-02 1.716906946264743980e-02 1.454783748361729474e-02 5.387942332896460407e-01 6.304062909567495487e-02 1.310615989515071769e-04 1.310615989515071769e-04 4.062909567496722323e-03 1.310615989515071769e-04 1.441677588466579001e-03 1.061598951507207976e-02 2.503276539973786977e-02 1.310615989515071769e-04 1.192660550458715142e-02 2.241153342070772644e-02 2.752293577981650662e-03 4.338138925294887649e-02 1.310615989515071769e-04 4.469200524246394468e-02 7.994757536041936438e-03 1.310615989515071769e-04 1.979030144167758312e-02 1.310615989515071769e-04
1.297016861219195849e-04 2.491569390402074702e-01 3.255512321660181119e-02 6.614785992217897016e-03 3.385214007782100937e-02 1.297016861219195849e-04 1.426718547341115353e-03 1.297016861219195849e-04 2.996108949416342176e-02 6.368352788586251201e-02 1.426718547341115353e-03 6.614785992217897016e-03 1.309987029831387491e-02 2.736705577172502887e-02 1.297016861219195849e-04 1.297016861219195849e-04 3.385214007782100937e-02 9.351491569390399383e-02 1.297016861219195849e-04 1.297016861219195849e-04 1.038910505836575654e-01 1.181582360570687107e-01 2.347600518806744474e-02 2.866407263294422705e-02 1.050583657587548375e-02 7.016861219195848209e-02 1.050583657587548375e-02 1.958495460440985367e-02 1.958495460440985367e-02 1.426718547341115353e-03
2.688172043010752144e-04 4.865591397849461375e-02 1.639784946236558585e-02 2.688172043010752144e-04 2.688172043010752144e-04 2.688172043010752144e-04 2.688172043010752144e-04 1.370967741935483382e-02 2.688172043010752144e-04 8.629032258064513183e-02 5.403225806451611435e-02 1.776881720430106837e-01 2.688172043010752144e-04 2.688172043010752144e-04 9.166666666666664631e-02 2.879032258064515015e-01 2.956989247311827412e-03 2.177419354838708992e-02 2.956989247311827412e-03 2.688172043010752144e-04 2.688172043010752144e-04 6.478494623655912943e-02 2.688172043010752144e-04 2.688172043010752144e-04 2.688172043010752144e-04 9.973118279569889721e-02 2.688172043010752144e-04 2.956989247311827412e-03 2.446236559139784023e-02 2.688172043010752144e-04
