1.698347107438016867e-01 1.285123966942149087e-01 4.132231404958678668e-04 4.132231404958678668e-04 4.132231404958678668e-04 4.132231404958678668e-04 4.132231404958678668e-04 4.132231404958678668e-04 5.826446280991735838e-02 1.280991735537190257e-02 4.545454545454546101e-03 4.132231404958678668e-04 4.132231404958678668e-04 4.132231404958678668e-04 2.359504132231405316e-01 4.132231404958678668e-04 4.132231404958678668e-04 4.132231404958678668e-04 4.132231404958678668e-04 4.132231404958678668e-04 6.239669421487603618e-02 4.132231404958678668e-04 4.132231404958678668e-04 4.132231404958678668e-04 4.132231404958678668e-04 3.061983471074380403e-01 1.280991735537190257e-02 4.132231404958678668e-04 4.132231404958678668e-04 4.132231404958678668e-04
9.625292740046835493e-02 8.688524590163931860e-02 4.238875878220139948e-02 4.918032786885244596e-03 2.341920374707259409e-04 2.341920374707259409e-04 2.341920374707259409e-04 2.341920374707259409e-04 5.409836065573769143e-02 1.220140515222482153e-01 2.131147540983606078e-02 2.341920374707259409e-04 7.283372365339577104e-02 2.341920374707259409e-04 2.341920374707259409e-04 2.341920374707259409e-04 2.341920374707259409e-04 7.259953161592504547e-03 2.341920374707259409e-04 2.341920374707259409e-04 2.341920374707259409e-04 4.918032786885244596e-03 1.126463700234191789e-01 2.341920374707259409e-04 2.341920374707259409e-04 2.341920374707259409e-04 1.946135831381732295e-01 2.341920374707259409e-04 1.662763466042153915e-02 1.594847775175643467e-01
1.928160919540229112e-01 2.873563218390804016e-04 2.873563218390804016e-04 2.873563218390804016e-04 2.873563218390804016e-04 3.160919540229884146e-03 6.637931034482756620e-02 1.123563218390804253e-01 2.873563218390804016e-04 4.626436781609194471e-02 2.873563218390804016e-04 3.477011494252872648e-02 3.160919540229884146e-03 2.873563218390804016e-04 2.873563218390804016e-04 2.040229885057470369e-02 2.873563218390804016e-04 2.873563218390804016e-04 2.873563218390804016e-04 2.873563218390804016e-04 3.364942528735631044e-01 6.925287356321836729e-02 1.094827586206896242e-01 2.873563218390804016e-04 2.873563218390804016e-04 2.873563218390804016e-04 2.873563218390804016e-04 2.873563218390804016e-04 2.873563218390804016e-04 2.873563218390804016e-04
4.025500910746811212e-02 4.025500910746811212e-02 1.821493624772312753e-04 1.821493624772312753e-04 4.207650273224042281e-02 2.021857923497267021e-02 1.821493624772312753e-04 9.854280510018210981e-02 7.122040072859742166e-02 7.122040072859742166e-02 1.821493624772312753e-04 1.475409836065573119e-02 1.821493624772312753e-04 1.821493624772312753e-04 1.821493624772312753e-04 3.479052823315117310e-02 1.821493624772312753e-04 1.293260473588341876e-02 1.821493624772312753e-04 1.821493624772312753e-04 7.850637522768667831e-02 3.990892531876136795e-01 4.571948998178504420e-02 1.821493624772312753e-04 1.821493624772312753e-04 1.821493624772312753e-04 1.821493624772312753e-04 1.821493624772312753e-04 2.750455373406191992e-02 1.821493624772312753e-04
8.550106609808100222e-02 4.498933901918975714e-02 2.153518123667376785e-02 2.345415778251598582e-03 1.513859275053304476e-02 1.087420042643922821e-02 6.609808102345414264e-03 8.763326226012790876e-02 7.270788912579956298e-02 2.132196162046907950e-04 2.132196162046907950e-04 2.132196162046907950e-04 2.132196162046907950e-04 2.132196162046907950e-04 4.477611940298506857e-03 2.345415778251598582e-03 2.132196162046907950e-04 2.345415778251598582e-03 2.132196162046907950e-04 2.132196162046907950e-04 1.793176972281449455e-01 3.818763326226011778e-01 2.366737739872067439e-02 2.345415778251598582e-03 2.345415778251598582e-03 2.132196162046907950e-04 2.366737739872067439e-02 2.132196162046907950e-04 1.087420042643922821e-02 1.727078891257995130e-02
1.010810810810810617e-01 1.801801801801801558e-04 1.801801801801801558e-04 1.801801801801801558e-04 1.801801801801801558e-04 1.801801801801801558e-04 1.801801801801801558e-04 1.801801801801801558e-04 1.981981981981981687e-03 6.144144144144143144e-02 1.801801801801801558e-04 1.801801801801801558e-04 8.126126126126125004e-02 1.801801801801801558e-04 1.981981981981981687e-03 1.801801801801801558e-04 1.801801801801801558e-04 1.801801801801801558e-04 3.621621621621621406e-02 1.801801801801801558e-04 9.567567567567565601e-02 1.801801801801801558e-04 3.621621621621621406e-02 1.801801801801801558e-04 1.801801801801801558e-04 1.999999999999999695e-02 5.118918918918918814e-01 1.801801801801801558e-04 4.882882882882882275e-02 1.801801801801801558e-04
1.630541871921182551e-01 2.123152709359606150e-01 5.467980295566503279e-02 4.926108374384237159e-04 4.926108374384237159e-04 1.034482758620689814e-02 4.926108374384237159e-04 3.004926108374384591e-02 4.926108374384237159e-04 4.975369458128079542e-02 4.926108374384237159e-04 4.926108374384237159e-04 8.916256157635470136e-02 4.926108374384237159e-04 5.467980295566503279e-02 4.926108374384237159e-04 4.926108374384237159e-04 4.926108374384237159e-04 4.926108374384237159e-04 4.926108374384237159e-04 3.990147783251232066e-02 1.527093596059113552e-02 1.039408866995074066e-01 4.926108374384237159e-04 4.926108374384237159e-04 4.926108374384237159e-04 1.630541871921182551e-01 5.418719211822661634e-03 4.926108374384237159e-04 4.926108374384237159e-04
3.401360544217685755e-04 3.401360544217685755e-04 3.401360544217685755e-04 3.401360544217685755e-04 3.401360544217685755e-04 2.248299319727889989e-01 3.741496598639454819e-03 1.738095238095237471e-01 3.401360544217685755e-04 3.435374149659862347e-02 2.146258503401359818e-01 3.401360544217685755e-04 1.394557823129250959e-02 3.401360544217685755e-04 3.401360544217685755e-04 3.401360544217685755e-04 1.976190476190475553e-01 2.074829931972788089e-02 3.741496598639454819e-03 3.401360544217685755e-04 3.095238095238093956e-02 3.401360544217685755e-04 3.401360544217685755e-04 3.401360544217685755e-04 3.401360544217685755e-04 3.401360544217685755e-04 3.401360544217685755e-04 3.741496598639454819e-03 4.115646258503399824e-02 3.095238095238093956e-02
4.567901234567901814e-02 1.567901234567901647e-01 4.526748971193417063e-03 4.115226337448560671e-04 4.526748971193417063e-03 4.115226337448560671e-04 4.115226337448560671e-04 4.115226337448560671e-04 4.115226337448560671e-04 1.687242798353909626e-02 4.115226337448560671e-04 3.744855967078190156e-02 4.115226337448560671e-04 4.115226337448560671e-04 4.526748971193417063e-03 4.526748971193417063e-03 4.115226337448560671e-04 4.526748971193417063e-03 9.917695473251031402e-02 4.115226337448560671e-04 4.115226337448560671e-04 4.613168724279836375e-01 2.098765432098765801e-02 4.115226337448560671e-04 4.115226337448560671e-04 4.115226337448560671e-04 1.320987654320988081e-01 4.115226337448560671e-04 4.115226337448560671e-04 4.115226337448560671e-04
1.019480519480519265e-01 2.164502164502163958e-04 2.164502164502163958e-04 2.164502164502163958e-04 2.164502164502163958e-04 2.164502164502163958e-04 1.536796536796536383e-02 2.164502164502163958e-04 1.062770562770562477e-01 2.164502164502163958e-04 2.380952380952380733e-03 2.164502164502163958e-04 2.164502164502163958e-04 2.164502164502163958e-04 2.164502164502163958e-04 2.164502164502163958e-04 1.103896103896103570e-02 2.164502164502163958e-04 2.164502164502163958e-04 5.649350649350648457e-02 1.041125541125540871e-01 4.179653679653678733e-01 1.257575757575757347e-01 2.164502164502163958e-04 2.164502164502163958e-04 2.619047619047618417e-02 2.164502164502163958e-04 2.164502164502163958e-04 2.164502164502163958e-04 2.835497835497834823e-02
1.615099009900990840e-02 5.012376237623764226e-03 6.806930693069310808e-04 3.100247524752476613e-02 6.188118811881190904e-05 6.188118811881190904e-05 3.533415841584160166e-02 8.545792079207924219e-02 1.145420792079208383e-01 1.071163366336634060e-01 1.015470297029703317e-01 6.188118811881190904e-05 6.188118811881190904e-05 6.188118811881190904e-05 9.412128712871291325e-02 6.188118811881190904e-05 5.575495049504952672e-02 6.188118811881190904e-05 1.813737623762377016e-01 6.250000000000002082e-03 6.188118811881190904e-05 6.188118811881190904e-05 6.188118811881190904e-05 6.188118811881190904e-05 6.188118811881190904e-05 5.018564356435645246e-02 3.155940594059407009e-03 1.615099009900990840e-02 9.040841584158419708e-02 5.012376237623764226e-03
3.235294117647057738e-02 2.673796791443849787e-04 3.770053475935827847e-02 2.673796791443849787e-04 2.673796791443849787e-04 2.673796791443849787e-04 2.673796791443849787e-04 8.582887700534756747e-02 2.673796791443849787e-04 1.847593582887699926e-01 2.673796791443849787e-04 2.673796791443849787e-04 3.344919786096255399e-01 2.673796791443849787e-04 3.770053475935827847e-02 1.898395721925133159e-02 2.673796791443849787e-04 2.673796791443849787e-04 2.673796791443849787e-04 1.072192513368983718e-01 2.673796791443849787e-04 2.673796791443849787e-04 6.711229946524062406e-02 2.673796791443849787e-04 2.673796791443849787e-04 2.673796791443849787e-04 2.673796791443849787e-04 2.673796791443849787e-04 4.304812834224597956e-02 4.572192513368982664e-02
9.365671641791042945e-02 1.235074626865671488e-01 3.731343283582089047e-04 3.731343283582089047e-04 3.731343283582089047e-04 3.731343283582089047e-04 3.731343283582089047e-04 7.835820895522387433e-03 3.731343283582089047e-04 7.499999999999998335e-02 3.731343283582089047e-04 3.731343283582089047e-04 3.063432835820894540e-01 3.731343283582089047e-04 3.731343283582089047e-04 3.731343283582089047e-04 3.731343283582089047e-04 3.731343283582089047e-04 4.104477611940298386e-03 3.731343283582089047e-04 1.570895522388059407e-01 3.731343283582089047e-04 3.731343283582089047e-04 4.104477611940298386e-03 3.731343283582089047e-04 1.347014925373134220e-01 4.514925373134327097e-02 3.731343283582089047e-04 2.649253731343282833e-02 1.529850746268656206e-02
8.410896708286036416e-02 1.135073779795686607e-04 1.135073779795686607e-04 3.518728717366628386e-03 1.135073779795686607e-04 1.135073779795686607e-04 1.248581157775255227e-03 1.135073779795686607e-04 1.248581157775255227e-03 8.751418842224742423e-02 1.135073779795686607e-04 9.194097616345060092e-03 2.101021566401815865e-01 1.135073779795686607e-04 1.135073779795686607e-04 1.135073779795686607e-04 1.135073779795686607e-04 1.135073779795686607e-04 1.135073779795686607e-04 1.135073779795686607e-04 4.892167990919409071e-02 1.486946651532349353e-02 1.135073779795686607e-04 1.032917139614074678e-02 1.135073779795686607e-04 1.135073779795686607e-04 4.609534619750283446e-01 1.135073779795686607e-04 6.481271282633370434e-02 1.248581157775255227e-03
7.327935222672067594e-02 2.874493927125506762e-02 4.048582995951417914e-04 4.048582995951417914e-04 4.048582995951417914e-04 4.048582995951417914e-04 4.048582995951417914e-04 1.218623481781376805e-01 7.732793522267208952e-02 8.947368421052634413e-02 4.048582995951417914e-04 4.048582995951417914e-04 6.113360323886640746e-02 4.048582995951417914e-04 4.048582995951417914e-04 4.048582995951417914e-04 4.453441295546560139e-03 4.048582995951417914e-04 4.048582995951417914e-04 4.048582995951417914e-04 2.230769230769231448e-01 3.080971659919028993e-01 4.048582995951417914e-04 4.453441295546560139e-03 4.048582995951417914e-04 4.048582995951417914e-04 4.048582995951417914e-04 4.048582995951417914e-04 4.048582995951417914e-04 4.048582995951417914e-04
1.011173184357542360e-01 1.905027932960894621e-01 3.966480446927375669e-02 5.586592178770951418e-04 5.586592178770951418e-04 5.586592178770951418e-04 1.011173184357542360e-01 6.145251396648046885e-03 5.586592178770951418e-04 2.296089385474861244e-01 5.586592178770951418e-04 5.586592178770951418e-04 3.966480446927375669e-02 1.681564245810056590e-01 5.586592178770951418e-04 5.586592178770951418e-04 5.586592178770951418e-04 5.586592178770951418e-04 1.731843575418995015e-02 5.586592178770951418e-04 2.849162011173185169e-02 5.586592178770951418e-04 2.290502793296089745e-02 1.173184357541899939e-02 5.586592178770951418e-04 5.586592178770951418e-04 1.173184357541899939e-02 5.586592178770951418e-04 1.173184357541899939e-02 1.173184357541899939e-02
2.448405253283303384e-02 5.544090056285180812e-02 3.011257035647281130e-02 2.260787992495310803e-02 4.324577861163229203e-02 1.135084427767354964e-02 4.184803001876174489e-01 3.846153846153847668e-03 1.576923076923077427e-01 4.887429643527206602e-02 2.542213883677299502e-02 9.380863039399628823e-05 5.722326454033773054e-03 9.380863039399628823e-05 9.474671669793625559e-03 3.574108818011258876e-02 2.908067542213885193e-03 1.031894934333959157e-03 5.544090056285180812e-02 4.043151969981240157e-02 9.380863039399628823e-05 9.380863039399628823e-05 9.380863039399628823e-05 9.380863039399628823e-05 9.380863039399628823e-05 1.031894934333959157e-03 9.380863039399628823e-05 1.031894934333959157e-03 9.380863039399628823e-05 4.784240150093810144e-03
5.314009661835750013e-03 7.294685990338165005e-02 5.314009661835750013e-03 4.830917874396136228e-04 4.830917874396136228e-04 4.830917874396136228e-04 4.830917874396136228e-04 4.830917874396136228e-04 5.362318840579710644e-02 5.845410628019324234e-02 1.497584541062802095e-02 4.830917874396136228e-04 1.937198067632850684e-01 4.830917874396136228e-04 4.830917874396136228e-04 5.314009661835750013e-03 4.830917874396136228e-04 4.830917874396136228e-04 4.830917874396136228e-04 1.743961352657005248e-01 4.830917874396136228e-04 4.830917874396136228e-04 1.743961352657005248e-01 4.830917874396136228e-04 4.830917874396136228e-04 4.830917874396136228e-04 1.743961352657005248e-01 4.830917874396136228e-04 5.362318840579710644e-02 5.314009661835750013e-03
7.395577395577393465e-02 2.702702702702701985e-03 2.702702702702701985e-03 5.159705159705158493e-03 4.938574938574937651e-02 2.457002457002456400e-04 2.457002457002456400e-04 2.481572481572480796e-02 4.692874692874692000e-02 1.009828009828009632e-01 2.457002457002456400e-04 2.457002457002456400e-04 1.990171990171989494e-02 2.457002457002456400e-04 2.457002457002456400e-04 2.457002457002456400e-04 2.457002457002456400e-04 2.457002457002456400e-04 3.710073710073708703e-02 2.457002457002456400e-04 2.115479115479114713e-01 4.105651105651104138e-01 2.457002457002456400e-04 1.007371007371007064e-02 2.457002457002456400e-04 2.457002457002456400e-04 2.457002457002456400e-04 2.457002457002456400e-04 2.457002457002456400e-04 2.457002457002456400e-04
1.109418282548476214e-01 1.385041551246537236e-04 1.385041551246537236e-04 1.385041551246537236e-04 1.385041551246537236e-04 1.385041551246537236e-04 1.385041551246537236e-04 1.385041551246537236e-04 1.385041551246537236e-04 4.584487534626038169e-02 1.385041551246537236e-04 1.385041551246537236e-04 3.199445983379500813e-02 1.385041551246537236e-04 1.385041551246537236e-04 1.814404432132963804e-02 1.385041551246537236e-04 1.385041551246537236e-04 1.385041551246537236e-04 1.385041551246537236e-04 2.342105263157894246e-01 1.385041551246537236e-04 1.385041551246537236e-04 1.385041551246537236e-04 1.385041551246537236e-04 1.523545706371190987e-03 5.001385041551246191e-01 1.385041551246537236e-04 4.999999999999999584e-02 4.293628808864265352e-03
3.083140877598152668e-02 3.849114703618168663e-05 2.197844495765974293e-02 1.735950731331794075e-02 3.849114703618168663e-05 5.816012317167052609e-02 3.849114703618168663e-05 1.774441878367975789e-02 7.702078521939954847e-02 5.969976905311779464e-02 1.555427251732101890e-01 8.506543494996153532e-03 6.197074672825251575e-03 3.849114703618168663e-05 7.736720554272519257e-03 1.966897613548884011e-02 5.427251732101617300e-03 7.351809083910702119e-03 9.661277906081603209e-03 3.849114703618168663e-05 2.043879907621247438e-02 3.849114703618168663e-05 3.849114703618168663e-05 6.197074672825251575e-03 3.849114703618168663e-05 1.224403387220939499e-01 3.849114703618168663e-05 6.197074672825251575e-03 3.014241724403388112e-01 4.006928406466513104e-02
9.095744680851064468e-02 4.840425531914893664e-02 5.904255319148935671e-02 5.319148936170212854e-04 5.319148936170212854e-04 5.319148936170212854e-04 5.319148936170212854e-04 5.319148936170212854e-04 1.122340425531914987e-01 1.281914893617021323e-01 5.319148936170212854e-04 1.122340425531914987e-01 1.117021276595744732e-02 5.319148936170212854e-04 5.319148936170212854e-04 5.319148936170212854e-04 1.117021276595744732e-02 1.175531914893617053e-01 5.319148936170212854e-04 4.840425531914893664e-02 5.319148936170212854e-04 5.319148936170212854e-04 1.654255319148936199e-01 5.319148936170212854e-04 5.319148936170212854e-04 5.319148936170212854e-04 5.319148936170212854e-04 5.319148936170212854e-04 5.319148936170212854e-04 8.563829787234043811e-02
8.015768725361364228e-03 2.115637319316688442e-02 1.064388961892246896e-02 1.314060446780551824e-04 1.314060446780551824e-04 2.378449408672798915e-02 1.445466491458606952e-03 6.057818659658343458e-02 1.590013140604467495e-02 3.561103810775295003e-02 1.367936925098554302e-01 1.314060446780551824e-04 1.314060446780551824e-04 1.314060446780551824e-04 4.073587385019710599e-03 6.057818659658343458e-02 1.314060446780551824e-04 5.663600525624178095e-02 1.314060446780551824e-04 1.314060446780551824e-04 1.458607095926412432e-02 1.314060446780551824e-04 1.314060446780551824e-04 1.327201051248357196e-02 1.314060446780551824e-04 1.512483574244414819e-01 1.314060446780551824e-04 1.314060446780551824e-04 3.010512483574243614e-01 8.291721419185281439e-02
1.303934871099050041e-01 1.466757123473541036e-01 5.563093622795113949e-03 1.356852103120759678e-04 1.356852103120759678e-04 1.356852103120759678e-04 1.356852103120759678e-04 8.154681139755765029e-02 1.356852103120759678e-04 1.356852103120759678e-04 1.356852103120759678e-04 1.356852103120759678e-04 1.356852103120759678e-04 5.848032564450474091e-02 1.356852103120759678e-04 1.913161465400271127e-02 1.492537313432835619e-03 1.492537313432835619e-03 1.356852103120759678e-04 1.099050203527815288e-02 6.526458616010853697e-02 2.660786974219809808e-01 9.240162822252372121e-02 1.356852103120759678e-04 2.849389416553595351e-03 2.849389416553595351e-03 1.356852103120759678e-04 1.356852103120759678e-04 1.127544097693351233e-01 1.356852103120759678e-04
6.690340909090909671e-02 8.110795454545455252e-02 1.066761363636363619e-01 2.428977272727272929e-02 1.718749999999999792e-02 1.562500000000000087e-03 1.578124999999999944e-01 1.008522727272727175e-02 9.815340909090908283e-02 1.860795454545454558e-02 1.718749999999999792e-02 1.562500000000000087e-03 1.008522727272727175e-02 7.244318181818181629e-03 7.116477272727272929e-02 1.562500000000000087e-03 1.420454545454545657e-04 5.823863636363635701e-03 8.664772727272727557e-03 1.420454545454545657e-04 1.420454545454545657e-04 5.980113636363636881e-02 1.420454545454545657e-04 4.403409090909090641e-03 1.420454545454545657e-04 2.571022727272727348e-02 3.423295454545454558e-02 1.420454545454545657e-04 7.244318181818181629e-03 1.620738636363636409e-01
7.168049792531118458e-02 1.037344398340248801e-04 5.819502074688795434e-02 1.037344398340248801e-04 1.358921161825725824e-02 1.037344398340248801e-04 2.625518672199169679e-01 1.162863070539418703e-01 1.877593360995850197e-02 2.914937759336098944e-02 1.037344398340248801e-04 1.037344398340248801e-04 3.215767634854771202e-03 1.037344398340248801e-04 1.255186721991700949e-02 4.782157676348546688e-02 1.037344398340248801e-04 5.819502074688795434e-02 2.499999999999999445e-02 1.037344398340248801e-04 1.141078838174273708e-03 1.037344398340248801e-04 1.037344398340248801e-04 1.037344398340248801e-04 3.215767634854771202e-03 1.358921161825725824e-02 1.047717842323651199e-02 1.037344398340248801e-04 9.865145228215764506e-02 1.546680497925310704e-01
8.199672667757772204e-02 4.271685761047462615e-02 5.744680851063829058e-02 1.636661211129296096e-04 3.436988543371521584e-03 1.636661211129296096e-04 5.090016366612110793e-02 2.144026186579377560e-02 7.381342062193124720e-02 8.199672667757772204e-02 1.800327332242225705e-03 1.636661211129296096e-04 1.636661211129296096e-04 1.636661211129296096e-04 1.636661211129296096e-04 1.636661211129296096e-04 1.636661211129296096e-04 1.636661211129296096e-04 1.636661211129296096e-04 1.636661211129296096e-04 1.654664484451718043e-01 9.509001636661210122e-02 1.636661211129296096e-04 8.346972176759408571e-03 5.073649754500817247e-03 1.162029459901799990e-02 8.346972176759408571e-03 1.636661211129296096e-04 2.144026186579377560e-02 2.669394435351881700e-01
7.014925373134328623e-02 1.149253731343283791e-01 2.940298507462686950e-01 4.975124378109453509e-04 2.537313432835821073e-02 4.975124378109453509e-04 4.975124378109453509e-04 1.044776119402985280e-02 4.975124378109453509e-04 7.014925373134328623e-02 4.975124378109453509e-04 4.975124378109453509e-04 4.975124378109453509e-04 4.975124378109453509e-04 3.034825870646766510e-02 4.975124378109453509e-04 4.975124378109453509e-04 4.975124378109453509e-04 4.975124378109453509e-04 4.975124378109453509e-04 4.975124378109453509e-04 6.019900497512438442e-02 7.014925373134328623e-02 4.975124378109453509e-04 5.472636815920399293e-03 4.975124378109453509e-04 2.537313432835821073e-02 4.975124378109453509e-04 4.975124378109453509e-04 2.144278606965174527e-01
1.556338028169014231e-01 1.697183098591549533e-01 7.042253521126760939e-04 7.042253521126760939e-04 7.042253521126760939e-04 7.042253521126760939e-04 7.042253521126760939e-04 7.042253521126760939e-04 7.042253521126760939e-04 1.478873239436619830e-02 1.478873239436619830e-02 1.204225352112676117e-01 7.042253521126760939e-04 7.042253521126760939e-04 7.042253521126760939e-04 7.042253521126760939e-04 7.042253521126760939e-04 7.746478873239437575e-03 7.042253521126760939e-04 7.042253521126760939e-04 7.042253521126760939e-04 3.669014084507042361e-01 9.929577464788731656e-02 7.042253521126760939e-04 7.042253521126760939e-04 7.042253521126760939e-04 7.746478873239437575e-03 7.042253521126760939e-04 7.042253521126760939e-04 2.887323943661971454e-02
9.813084112149534147e-03 1.359813084112149739e-01 2.154205607476635809e-01 4.672897196261682979e-04 4.672897196261682979e-04 4.672897196261682979e-04 1.448598130841121691e-02 4.672897196261682979e-04 1.219626168224299256e-01 1.313084112149532912e-01 4.672897196261682979e-04 4.672897196261682979e-04 3.317757009345794622e-02 4.672897196261682979e-04 4.672897196261682979e-04 1.448598130841121691e-02 4.672897196261682979e-04 4.672897196261682979e-04 4.672897196261682979e-04 4.672897196261682979e-04 4.672897196261682979e-04 1.448598130841121691e-02 4.672897196261682979e-04 4.672897196261682979e-04 2.383177570093458070e-02 3.317757009345794622e-02 4.672897196261682979e-04 4.672897196261682979e-04 5.140186915887851385e-03 2.387850467289719947e-01
7.254672897196261239e-02 4.567757009345793651e-02 2.581775700934579171e-02 6.320093457943924686e-02 1.168224299065420474e-04 5.035046728971961927e-02 2.711448598130840604e-01 7.605140186915886058e-02 1.870327102803737984e-01 1.530373831775700723e-02 4.684579439252335720e-02 1.168224299065420474e-04 2.453271028037383103e-03 1.168224299065420474e-04 1.168224299065420474e-04 1.168224299065420474e-04 1.530373831775700723e-02 4.789719626168223617e-03 3.633177570093457792e-02 1.168224299065420474e-04 4.789719626168223617e-03 1.168224299065420474e-04 1.168224299065420474e-04 5.957943925233643440e-03 1.168224299065420474e-04 1.168224299065420474e-04 1.168224299065420474e-04 1.285046728971962629e-03 1.168224299065420474e-04 7.371495327102803308e-02
1.191895113230035508e-04 1.191895113230035508e-04 1.191895113230035508e-04 1.191895113230035508e-04 1.191895113230035508e-04 1.191895113230035508e-04 9.810488676996421686e-01 1.191895113230035508e-04 8.462455303933250766e-03 1.191895113230035508e-04 1.191895113230035508e-04 1.191895113230035508e-04 1.191895113230035508e-04 4.886769964243144540e-03 1.191895113230035508e-04 1.191895113230035508e-04 1.191895113230035508e-04 1.191895113230035508e-04 1.191895113230035508e-04 1.191895113230035508e-04 1.191895113230035508e-04 1.191895113230035508e-04 1.311084624553039181e-03 1.191895113230035508e-04 1.191895113230035508e-04 1.191895113230035508e-04 1.191895113230035508e-04 1.311084624553039181e-03 1.191895113230035508e-04 1.191895113230035508e-04
4.354838709677420761e-02 3.279569892473119253e-02 5.376344086021507540e-04 5.376344086021507540e-04 5.376344086021507540e-04 5.376344086021507540e-04 5.376344086021507540e-04 5.376344086021507540e-04 5.376344086021507540e-04 3.284946236559140864e-01 5.376344086021507540e-04 5.376344086021507540e-04 2.424731182795699658e-01 1.129032258064516583e-02 5.376344086021507540e-04 5.376344086021507540e-04 5.376344086021507540e-04 1.666666666666667337e-02 5.376344086021507540e-04 1.510752688172043445e-01 5.913978494623658294e-03 5.376344086021507540e-04 5.376344086021507540e-04 5.376344086021507540e-04 1.666666666666667337e-02 9.731182795698928301e-02 5.376344086021507540e-04 5.376344086021507540e-04 4.354838709677420761e-02 5.376344086021507540e-04
2.468123861566483973e-02 3.287795992714025173e-02 1.284153005464480635e-02 1.830601092896174537e-02 1.912568306010928743e-03 9.107468123861565121e-05 3.434426229508196204e-01 5.655737704918031850e-02 1.822404371584699090e-01 3.014571948998177875e-02 5.555555555555554033e-03 9.107468123861565121e-05 1.912568306010928743e-03 9.107468123861565121e-05 9.107468123861565121e-05 2.377049180327868438e-02 4.927140255009106878e-02 6.466302367941710247e-03 9.107468123861565121e-05 9.107468123861565121e-05 9.107468123861565121e-05 6.384335154826956127e-02 9.107468123861565121e-05 9.107468123861565121e-05 9.107468123861565121e-05 9.107468123861565121e-05 1.912568306010928743e-03 1.466302367941712051e-02 5.555555555555554033e-03 1.230418943533697351e-01
1.305706521739130044e-01 1.372282608695651884e-02 1.358695652173912789e-04 1.358695652173912789e-04 1.494565217391304176e-03 1.358695652173912789e-04 1.591032608695651940e-01 7.214673913043477549e-02 9.388586956521736970e-02 5.720108695652173503e-02 1.358695652173912789e-04 1.494565217391304176e-03 1.358695652173912789e-04 8.288043478260868555e-03 6.929347826086954681e-03 1.358695652173912789e-04 1.358695652173912789e-04 1.358695652173912789e-04 1.358695652173912789e-04 9.646739130434780693e-03 1.358695652173912789e-04 9.796195652173911306e-02 1.358695652173912789e-04 1.358695652173912789e-04 1.358695652173912789e-04 1.358695652173912789e-04 1.358695652173912789e-04 1.358695652173912789e-04 7.350543478260868069e-02 2.718749999999999778e-01
5.294117647058824150e-02 9.215686274509805875e-02 6.535947712418302370e-04 6.535947712418302370e-04 6.535947712418302370e-04 6.535947712418302370e-04 7.189542483660132932e-03 6.535947712418302370e-04 6.535947712418302370e-04 1.372549019607843465e-02 6.535947712418302370e-04 6.535947712418302370e-04 6.535947712418302370e-04 1.372549019607843465e-02 6.535947712418302370e-04 2.751633986928105347e-01 6.535947712418302370e-04 3.333333333333333981e-02 6.535947712418302370e-04 3.986928104575163806e-02 6.535947712418302370e-04 1.444444444444444864e-01 6.535947712418302370e-04 6.535947712418302370e-04 2.555555555555555913e-01 6.535947712418302370e-04 6.535947712418302370e-04 5.947712418300654669e-02 6.535947712418302370e-04 6.535947712418302370e-04
1.078748651564185289e-04 2.265372168284789187e-03 1.305285868392664153e-02 3.344120819848974639e-03 1.078748651564185289e-04 1.078748651564185289e-04 9.418554476806901832e-01 5.501618122977344240e-03 3.344120819848974639e-03 1.844660194174756879e-02 1.078748651564185289e-04 1.078748651564185289e-04 1.078748651564185289e-04 1.078748651564185289e-04 1.078748651564185289e-04 6.580366774541529691e-03 1.078748651564185289e-04 1.078748651564185289e-04 1.078748651564185289e-04 2.265372168284789187e-03 1.186623516720603953e-03 1.078748651564185289e-04 1.078748651564185289e-04 1.078748651564185289e-04 1.078748651564185289e-04 1.078748651564185289e-04 1.078748651564185289e-04 1.078748651564185289e-04 1.078748651564185289e-04 1.078748651564185289e-04
1.095563139931740176e-01 8.907849829351532911e-02 3.412969283276449462e-04 3.412969283276449462e-04 1.740614334470988803e-02 3.412969283276449462e-04 3.412969283276449462e-04 1.027303754266211261e-01 5.153583617747438395e-02 1.399317406143344052e-02 3.412969283276449462e-04 1.058020477815699301e-02 3.754266211604094516e-03 3.412969283276449462e-04 3.412969283276449462e-04 3.412969283276449462e-04 7.167235494880543761e-03 3.412969283276449462e-04 3.412969283276449462e-04 1.778156996587030025e-01 3.105802047781568501e-02 3.587030716723547674e-01 3.412969283276449462e-04 3.412969283276449462e-04 3.412969283276449462e-04 3.412969283276449462e-04 3.412969283276449462e-04 3.412969283276449462e-04 1.399317406143344052e-02 7.167235494880543761e-03
8.422391857506358881e-02 4.099236641221372657e-01 4.605597964376589165e-02 2.544529262086513426e-04 2.544529262086513426e-04 7.404580152671753901e-02 2.544529262086513426e-04 2.544529262086513426e-04 2.544529262086513426e-04 2.315521628498726919e-02 2.544529262086513426e-04 2.544529262086513426e-04 2.544529262086513426e-04 7.888040712468191024e-03 3.842239185750635083e-02 2.544529262086513426e-04 5.343511450381677706e-03 2.544529262086513426e-04 2.544529262086513426e-04 6.132315521628497329e-02 1.806615776081424429e-02 4.860050890585240757e-02 7.888040712468191024e-03 2.798982188295164823e-03 2.544529262086513426e-04 1.096692111959287202e-01 2.544529262086513426e-04 2.544529262086513426e-04 3.587786259541983491e-02 2.315521628498726919e-02
2.652519893899203457e-04 3.209549071618035543e-02 2.944297082228115175e-02 2.652519893899203457e-04 5.596816976127318849e-02 6.127320954907159584e-02 7.984084880636602155e-02 8.779840848806362563e-02 1.116710875331564518e-01 3.209549071618035543e-02 5.570291777188326500e-03 2.652519893899203457e-04 2.917771883289123694e-03 2.652519893899203457e-04 2.652519893899203457e-04 2.652519893899203457e-04 4.005305039787796645e-02 2.652519893899203457e-04 2.917771883289123694e-03 5.570291777188326500e-03 6.657824933686999624e-02 3.106100795755966648e-01 6.923076923076920686e-02 2.652519893899203457e-04 2.652519893899203457e-04 2.917771883289123694e-03 2.652519893899203457e-04 2.652519893899203457e-04 2.652519893899203457e-04 2.652519893899203457e-04
2.330578512396693641e-02 1.652892561983470925e-04 1.669421487603305401e-02 1.652892561983470925e-04 1.652892561983470925e-04 1.652892561983470925e-04 1.834710743801652374e-02 1.092561983471074111e-01 7.454545454545453975e-02 1.652892561983470925e-04 1.008264462809917161e-02 3.983471074380164761e-02 1.834710743801652374e-02 1.652892561983470925e-04 1.652892561983470925e-04 1.652892561983470925e-04 1.652892561983470925e-04 1.652892561983470925e-04 1.652892561983470925e-04 1.652892561983470925e-04 1.257851239669421084e-01 4.447933884297520235e-01 4.644628099173553348e-02 1.652892561983470925e-04 4.975206611570247295e-02 1.652892561983470925e-04 1.652892561983470925e-04 1.652892561983470925e-04 1.999999999999999695e-02 1.652892561983470925e-04
2.656249999999999931e-02 4.739583333333333148e-02 2.192708333333333315e-01 5.208333333333333261e-04 8.906250000000000278e-02 5.208333333333333261e-04 9.947916666666667407e-02 5.729166666666667129e-03 1.151041666666666741e-01 5.260416666666666713e-02 5.208333333333333261e-04 5.208333333333333261e-04 5.208333333333333261e-04 5.208333333333333261e-04 1.093750000000000104e-02 5.208333333333333261e-04 5.208333333333333261e-04 5.208333333333333261e-04 5.208333333333333261e-04 1.046875000000000028e-01 5.208333333333333261e-04 1.093750000000000104e-02 5.208333333333333261e-04 5.729166666666667129e-03 1.093750000000000104e-02 5.208333333333333261e-04 1.614583333333333495e-02 3.697916666666666713e-02 1.614583333333333495e-02 1.255208333333333315e-01
1.051454138702460905e-02 7.457121551081282373e-05 6.868008948545860359e-02 3.057419835943325434e-03 7.457121551081282373e-05 7.457121551081282373e-05 1.178970917225950765e-01 5.973154362416106811e-02 2.311707680835197766e-03 1.565995525727069447e-03 7.457121551081282373e-05 7.457121551081282373e-05 7.457121551081282373e-05 8.202833706189411288e-04 7.457121551081282373e-05 1.514541387024608554e-01 1.565995525727069447e-03 6.569724086502609639e-02 7.457121551081282373e-05 7.457121551081282373e-05 9.768829231916480518e-03 1.439970171513795527e-01 7.457121551081282373e-05 7.457121551081282373e-05 1.565995525727069447e-03 7.457121551081282373e-05 7.457121551081282373e-05 1.565995525727069447e-03 3.587621178225205432e-01 7.457121551081282373e-05
4.680203045685278618e-02 3.157360406091370281e-02 9.147208121827409000e-02 1.025380710659898331e-02 2.131979695431471949e-03 1.015228426395939056e-04 1.015228426395939056e-04 1.138071065989847558e-01 3.563451776649746022e-02 3.461928934010152087e-02 2.131979695431471949e-03 6.192893401015227631e-03 1.015228426395939056e-04 3.664974619289339958e-02 1.015228426395939056e-04 2.446700507614213080e-02 1.015228426395939056e-04 1.442639593908629225e-01 1.015228426395939056e-04 2.040609137055837338e-02 1.015228426395939056e-04 1.015228426395939056e-04 1.025380710659898331e-02 2.131979695431471949e-03 2.731979695431471789e-01 2.131979695431471949e-03 1.116751269035533029e-03 1.015228426395939056e-04 1.097461928934009984e-01 1.015228426395939056e-04
2.743764172335599535e-02 2.267573696145123747e-04 2.267573696145123747e-04 2.267573696145123747e-04 2.267573696145123747e-04 8.412698412698409178e-02 2.267573696145123747e-04 4.104308390022674141e-02 3.650793650793648926e-02 2.494331065759636257e-03 6.124716553287978815e-01 2.267573696145123747e-04 2.267573696145123747e-04 2.267573696145123747e-04 2.267573696145123747e-04 2.267573696145123747e-04 1.226757369614511900e-01 4.761904761904759732e-03 2.970521541950111796e-02 2.267573696145123747e-04 2.267573696145123747e-04 1.156462585034012842e-02 2.494331065759636257e-03 2.267573696145123747e-04 2.267573696145123747e-04 2.063492063492062406e-02 2.267573696145123747e-04 2.267573696145123747e-04 2.267573696145123747e-04 2.267573696145123747e-04
3.529929577464790275e-02 8.802816901408455240e-05 7.579225352112678449e-02 4.489436619718311684e-03 8.802816901408455240e-05 9.683098591549300221e-04 3.988556338028170778e-01 4.674295774647889423e-02 2.500880281690142093e-01 5.114436619718312066e-02 2.561619718309860252e-02 8.802816901408455240e-05 8.802816901408455240e-05 8.802816901408455240e-05 8.802816901408455240e-05 8.802816901408455240e-05 5.369718309859156449e-03 8.890845070422538979e-03 1.505281690140845841e-02 3.609154929577466052e-03 8.802816901408455240e-05 2.728873239436620853e-03 2.121478873239437610e-02 8.802816901408455240e-05 8.890845070422538979e-03 1.329225352112676541e-02 8.802816901408455240e-05 2.913732394366198505e-02 8.802816901408455240e-05 1.848591549295775438e-03
5.395655546935609892e-02 2.098525989138867731e-02 9.972847168347559466e-02 1.555469356089992511e-02 3.878975950349108871e-05 3.878975950349108871e-05 3.138479441427463601e-01 2.835531419705198189e-02 2.568269976726144654e-01 3.921644685802948282e-02 2.366175329712956032e-03 3.878975950349108871e-05 3.141970519782777589e-03 8.960434445306440787e-03 3.878975950349108871e-05 3.878975950349108871e-05 1.633048875096974883e-02 3.878975950349108871e-05 1.594259115593483697e-02 1.594259115593483697e-02 1.400310318076028286e-02 7.020946470131886677e-03 3.494957331264546274e-02 3.878975950349108871e-05 3.301008533747091384e-02 1.012412723041117464e-02 3.878975950349108871e-05 5.469356089992242695e-03 3.878975950349108871e-05 3.917765709852599580e-03
1.031496062992126039e-01 8.740157480314961203e-02 7.874015748031497038e-04 2.440944881889764093e-02 7.874015748031497038e-04 7.874015748031497038e-04 7.874015748031497038e-04 7.874015748031497038e-04 9.527559055118110798e-02 2.763779527559055427e-01 7.874015748031497038e-04 7.874015748031497038e-04 2.921259842519685623e-01 7.874015748031497038e-04 7.874015748031497038e-04 7.874015748031497038e-04 7.874015748031497038e-04 7.874015748031497038e-04 7.874015748031497038e-04 8.740157480314961203e-02 7.874015748031497038e-04 7.874015748031497038e-04 8.661417322834647284e-03 7.874015748031497038e-04 7.874015748031497038e-04 8.661417322834647284e-03 7.874015748031497038e-04 7.874015748031497038e-04 7.874015748031497038e-04 7.874015748031497038e-04
1.171394799054373131e-01 1.300236406619385051e-03 3.321513002364065437e-02 9.574468085106379450e-03 6.028368794326239427e-03 1.182033096926713757e-04 3.760047281323876112e-01 1.076832151300236018e-01 2.081560283687942658e-01 1.182033096926713757e-04 1.430260047281323513e-02 1.182033096926713757e-04 9.574468085106379450e-03 1.182033096926713757e-04 1.182033096926713757e-04 1.182033096926713757e-04 1.182033096926713757e-04 3.664302600472812456e-03 1.300236406619385051e-03 2.482269503546098537e-03 1.182033096926713757e-04 1.182033096926713757e-04 2.021276595744680646e-02 1.182033096926713757e-04 1.182033096926713757e-04 1.193853427895980729e-02 1.182033096926713757e-04 1.182033096926713757e-04 4.858156028368793011e-02 2.730496453900708650e-02
1.307291666666666741e-01 1.203125000000000028e-01 5.208333333333333261e-04 5.208333333333333261e-04 1.723958333333333315e-01 5.208333333333333261e-04 1.093750000000000104e-02 3.697916666666666713e-02 5.208333333333333261e-04 5.208333333333333261e-04 5.208333333333333261e-04 5.208333333333333261e-04 5.208333333333333261e-04 1.723958333333333315e-01 5.208333333333333261e-04 6.822916666666666019e-02 5.208333333333333261e-04 5.208333333333333261e-04 5.208333333333333261e-04 5.208333333333333261e-04 5.208333333333333261e-04 5.260416666666666713e-02 7.343750000000000278e-02 5.208333333333333261e-04 4.218749999999999584e-02 5.208333333333333261e-04 5.208333333333333261e-04 5.208333333333333261e-04 3.697916666666666713e-02 7.343750000000000278e-02
9.687987519500779188e-02 1.577223088923556671e-01 2.043681747269890381e-02 7.956318252730108093e-03 4.836193447737909164e-03 1.560062402496099573e-04 1.560062402496099573e-04 9.516380655226206256e-03 1.560062402496099573e-04 5.475819032761309463e-02 3.276131045241809266e-03 1.560062402496099573e-04 3.276131045241809266e-03 4.227769110764430238e-02 3.808112324492978762e-01 1.560062402496099573e-04 1.560062402496099573e-04 1.716068642745709584e-03 1.560062402496099573e-04 4.836193447737909164e-03 3.291731669266770299e-02 1.560062402496099573e-04 7.956318252730108093e-03 1.560062402496099573e-04 1.560062402496099573e-04 4.383775351014040228e-02 1.171606864274570697e-01 1.560062402496099573e-04 3.276131045241809266e-03 4.836193447737909164e-03
7.467248908296944543e-02 4.366812227074236448e-04 4.366812227074236448e-04 4.366812227074236448e-04 4.803493449781660526e-03 3.100436681222707574e-02 4.366812227074236448e-04 4.847161572052402501e-02 4.366812227074236448e-04 1.401746724890829965e-01 4.803493449781660526e-03 4.366812227074236448e-04 4.803493449781660526e-03 9.170305676855896107e-03 4.803493449781660526e-03 2.227074235807860458e-02 2.227074235807860458e-02 4.366812227074236448e-04 4.366812227074236448e-04 4.366812227074236448e-04 1.314410480349345323e-01 1.790393013100436900e-02 2.227074235807860458e-02 4.803493449781660526e-03 4.366812227074236448e-04 4.366812227074236448e-04 4.366812227074236448e-04 4.366812227074236448e-04 2.227074235807860458e-02 4.283842794759825656e-01
9.546364242828554725e-02 6.671114076050702914e-05 9.546364242828554725e-02 6.671114076050702914e-05 2.675116744496331897e-02 6.671114076050702914e-05 2.141427618412275469e-02 2.108739159439627087e-01 6.671114076050702914e-05 1.400933955970647517e-03 3.742494996664444407e-02 1.400933955970647517e-03 6.671114076050702914e-05 2.341561040693796586e-02 6.671114076050702914e-05 1.421614409606404561e-01 2.408272181454303856e-02 8.945963975983992067e-02 1.474316210807205367e-02 6.671114076050702914e-05 3.402268178785858039e-03 2.541694462975317703e-02 2.068045363575717836e-03 1.400933955970647517e-03 6.671114076050702914e-05 6.671114076050702914e-05 6.671114076050702914e-05 6.671114076050702914e-05 1.601734489659773497e-01 2.274849899933289663e-02
