1.071811361200428523e-04 1.019292604501607358e-01 1.071811361200428523e-04 1.071811361200428523e-04 1.071811361200428523e-04 4.941050375133975575e-02 1.071811361200428523e-04 1.071811361200428523e-04 2.250803858520899776e-03 1.071811361200428523e-04 6.227224008574489683e-02 1.071811361200428523e-04 3.130760986066452034e-01 2.797427652733118497e-02 1.071811361200428523e-04 1.511254019292604042e-02 2.584137191854232740e-01 1.618435155412647000e-02 1.071811361200428523e-04 1.071811361200428523e-04 1.071811361200428523e-04 1.178992497320471497e-03 1.071811361200428523e-04 4.394426580921755900e-03 9.978563772775989049e-02 1.071811361200428523e-04 9.753483386923899462e-03 1.071811361200428523e-04 3.654876741693461467e-02 1.071811361200428523e-04
1.724137931034482626e-04 1.724137931034482626e-04 1.724137931034482626e-04 1.724137931034482626e-04 1.724137931034482626e-04 7.086206896551723589e-02 1.724137931034482626e-04 1.724137931034482626e-04 2.775862068965517099e-02 1.724137931034482626e-04 2.086206896551723658e-02 3.620689655172413136e-03 1.708620689655171998e-01 3.277586206896551113e-01 1.724137931034482626e-04 8.793103448275859171e-03 9.844827586206894576e-02 1.277586206896551280e-01 1.724137931034482626e-04 1.724137931034482626e-04 1.724137931034482626e-04 1.724137931034482626e-04 1.568965517241378838e-02 1.724137931034482626e-04 7.775862068965515295e-02 1.724137931034482626e-04 1.724137931034482626e-04 1.724137931034482626e-04 3.293103448275861572e-02 1.396551724137930738e-02
4.914893617021274391e-02 2.127659574468084274e-04 2.127659574468084274e-04 2.574468085106381560e-02 2.127659574468084274e-04 2.127659574468084274e-04 9.595744680851059361e-02 2.574468085106381560e-02 2.574468085106381560e-02 2.127659574468084274e-04 2.127659574468084274e-04 3.425531914893615443e-02 4.276595744680849326e-02 2.406382978723402843e-01 2.127659574468084274e-04 8.319148936170209230e-02 6.829787234042550281e-02 3.425531914893615443e-02 2.127659574468084274e-04 1.510638297872339553e-02 2.127659574468084274e-04 1.297872340425531255e-02 2.127659574468084274e-04 4.276595744680849326e-02 1.510638297872339553e-02 2.787234042553190030e-02 2.127659574468084274e-04 1.087234042553190949e-01 4.914893617021274391e-02 2.127659574468084274e-04
4.166666666666667476e-04 4.583333333333334224e-03 4.166666666666667476e-04 4.166666666666667476e-04 4.166666666666667476e-04 4.166666666666667476e-04 4.166666666666667476e-04 4.166666666666667476e-04 2.004166666666666874e-01 4.166666666666667476e-04 4.166666666666667476e-04 4.166666666666667476e-04 4.166666666666667476e-04 1.045833333333333476e-01 4.166666666666667476e-04 4.583333333333334224e-03 4.166666666666667476e-04 4.166666666666667476e-04 2.541666666666666727e-02 4.166666666666667476e-04 4.166666666666667476e-04 4.166666666666667476e-04 4.166666666666667476e-04 3.295833333333333393e-01 4.166666666666667476e-04 4.166666666666667476e-04 4.166666666666667476e-04 3.087500000000000244e-01 4.166666666666667476e-04 1.291666666666666831e-02
5.235602094240839315e-04 5.235602094240839315e-04 5.235602094240839315e-04 5.235602094240839315e-04 5.235602094240839315e-04 5.235602094240839315e-04 8.952879581151836075e-02 5.235602094240839315e-04 5.235602094240839315e-04 1.099476439790576278e-02 1.157068062827225491e-01 5.235602094240839315e-04 3.460732984293194425e-01 1.000000000000000333e-01 5.235602094240839315e-04 5.235602094240839315e-04 2.670157068062827682e-02 5.759162303664923897e-03 3.717277486910995632e-02 1.099476439790576278e-02 1.523560209424084377e-01 5.235602094240839315e-04 5.235602094240839315e-04 5.235602094240839315e-04 5.235602094240839315e-04 5.235602094240839315e-04 5.235602094240839315e-04 5.811518324607331532e-02 3.717277486910995632e-02 5.235602094240839315e-04
2.915451895043731190e-04 2.915451895043731190e-04 2.915451895043731190e-04 2.915451895043731190e-04 2.915451895043731190e-04 2.915451895043731190e-04 2.915451895043731190e-04 2.915451895043731190e-04 8.192419825072884410e-02 2.915451895043731190e-04 4.402332361516033549e-02 2.915451895043731190e-04 2.915451895043731190e-04 1.314868804664722501e-01 2.915451895043731190e-04 2.915451895043731190e-04 3.206997084548104254e-03 6.122448979591834685e-03 1.897959183673468553e-01 2.860058309037900037e-01 1.606413994169095805e-01 2.915451895043731190e-04 2.915451895043731190e-04 2.915451895043731190e-04 2.915451895043731190e-04 2.915451895043731190e-04 2.915451895043731190e-04 2.915451895043731190e-04 9.067055393586002932e-02 2.915451895043731190e-04
1.077586206896551845e-04 7.446120689655172376e-02 1.077586206896551845e-04 1.077586206896551845e-04 1.077586206896551845e-04 1.078663793103448176e-01 7.446120689655172376e-02 1.077586206896551845e-04 1.077586206896551845e-04 5.495689655172413500e-03 4.752155172413793233e-02 1.077586206896551845e-04 1.714439655172413646e-01 8.631465517241378171e-02 1.077586206896551845e-04 1.519396551724137845e-02 1.800646551724137956e-01 3.340517241379310515e-03 1.077586206896551845e-04 1.077586206896551845e-04 1.077586206896551845e-04 1.077586206896551845e-04 2.165948275862069131e-02 2.165948275862069131e-02 1.077586206896551845e-04 6.573275862068964775e-03 8.954741379310343641e-02 5.829741379310345029e-02 2.704741379310345029e-02 7.650862068965516918e-03
2.433414043583534761e-02 3.523002421307504933e-02 1.331719128329297581e-03 1.210653753026634115e-04 2.542372881355931587e-03 1.210653753026634115e-04 4.963680387409199167e-03 1.210653753026634115e-04 1.210653753026634115e-04 1.210653753026634115e-04 8.849878934624694216e-02 1.210653753026634115e-04 1.331719128329297581e-03 1.841404358353510295e-01 1.210653753026634115e-04 6.791767554479417879e-02 3.705811138014526995e-01 2.542372881355931587e-03 1.210653753026634115e-04 1.210653753026634115e-04 1.210653753026634115e-04 1.210653753026634115e-04 1.210653753026634115e-04 9.092009685230020843e-02 1.464891041162227209e-02 2.191283292978207786e-02 1.210653753026634115e-04 8.728813559322030902e-02 1.210653753026634115e-04 1.210653753026634115e-04
6.410256410256414317e-05 1.346153846153846966e-03 7.051282051282056155e-04 2.762820512820514385e-02 1.224358974358975144e-02 6.410256410256414317e-05 4.493589743589745944e-02 6.410256410256414317e-05 1.032051282051282826e-02 5.192307692307694851e-03 7.051282051282056155e-04 6.410256410256414317e-05 6.410256410256414317e-05 8.532051282051286711e-02 7.423717948717952764e-01 6.410256410256414317e-05 6.410256410256414317e-05 6.410256410256414317e-05 6.410256410256414317e-05 9.679487179487184303e-03 6.410256410256414317e-05 6.410256410256414317e-05 6.410256410256414317e-05 6.410256410256414317e-05 6.410256410256414317e-05 6.410256410256414317e-05 6.410256410256414317e-05 3.724358974358976671e-02 2.121794871794873208e-02 6.410256410256414317e-05
1.086956521739130204e-04 1.086956521739130204e-04 1.086956521739130204e-04 3.369565217391303456e-03 1.195652173913043211e-03 1.749999999999999820e-02 1.086956521739130204e-04 1.086956521739130204e-04 8.380434782608693622e-02 1.086956521739130204e-04 1.097826086956521507e-02 1.858695652173912582e-02 1.086956521739130204e-04 1.066304347826086685e-01 1.195652173913043211e-03 1.086956521739130204e-04 4.576086956521738247e-02 1.086956521739130204e-04 3.706521739130434062e-02 2.924999999999999267e-01 3.044565217391304035e-01 1.086956521739130204e-04 1.086956521739130204e-04 3.163043478260869207e-02 1.097826086956521507e-02 7.717391304347823514e-03 1.749999999999999820e-02 1.086956521739130204e-04 1.086956521739130204e-04 7.717391304347823514e-03
9.451795841209830395e-05 9.451795841209830395e-05 9.451795841209830395e-05 9.451795841209830395e-05 9.451795841209830395e-05 5.113421550094517792e-02 1.427221172022684337e-02 9.451795841209830395e-05 2.372400756143667327e-02 2.930056710775047219e-03 7.948960302457466764e-02 9.451795841209830395e-05 4.632325141776937882e-01 9.650283553875235731e-02 9.451795841209830395e-05 3.875236294896030123e-03 1.191871455576559435e-01 3.034026465028355490e-02 8.601134215500945077e-03 9.451795841209830395e-05 1.049149338374291002e-02 9.451795841209830395e-05 9.451795841209830395e-05 9.451795841209830395e-05 9.451795841209830395e-05 9.451795841209830395e-05 4.546313799621928137e-02 9.451795841209830395e-05 4.168241965973534802e-02 7.655954631379961739e-03
6.618133686300466275e-05 6.618133686300466275e-05 6.618133686300466275e-05 6.618133686300466275e-05 9.993381866313702164e-03 4.374586366644607482e-02 6.618133686300466275e-05 6.618133686300466275e-05 8.669755129053609288e-03 6.618133686300466275e-05 5.234943745863667591e-02 6.618133686300466275e-05 4.077432164129716763e-01 6.823295830575779042e-02 6.618133686300466275e-05 1.389808074123097823e-03 1.291197882197220870e-01 2.051621442753144477e-03 2.051621442753144477e-03 7.279947054930512767e-04 7.352746525479816886e-02 3.646591661151556141e-02 6.618133686300466275e-05 3.117140966247519338e-02 3.514228987425547374e-02 6.618133686300466275e-05 6.618133686300466275e-05 6.618133686300466275e-05 9.669093315684978984e-02 6.618133686300466275e-05
5.336179295624335751e-05 2.193169690501602098e-02 5.336179295624335751e-05 2.187833511205977428e-03 2.673425827107792085e-02 2.406616862326575387e-02 5.869797225186770004e-04 1.654215581643543988e-03 3.580576307363928651e-02 1.339381003201708248e-02 5.288153681963716352e-02 5.336179295624335751e-05 2.796691568836714437e-01 1.169156883671291919e-01 5.336179295624335751e-05 1.499466382070438301e-02 1.078441835645678193e-01 5.336179295624335751e-05 2.187833511205977428e-03 5.336179295624335751e-05 7.849519743863397903e-02 5.021344717182499306e-02 5.336179295624335751e-05 1.125933831376734959e-02 5.336179295624335751e-05 2.721451440768411084e-03 5.869797225186770004e-04 5.336179295624335751e-05 1.553361792956244325e-01 5.336179295624335751e-05
1.461988304093566737e-04 1.461988304093566737e-04 1.461988304093566737e-04 1.038011695906432275e-02 1.461988304093566737e-04 1.461988304093566737e-04 1.476608187134502426e-02 1.461988304093566737e-04 1.461988304093566737e-04 1.461988304093566737e-04 1.184210526315788992e-02 1.461988304093566737e-04 1.461988304093566737e-04 4.839181286549706223e-02 8.232456140350874474e-01 1.038011695906432275e-02 1.476608187134502426e-02 1.461988304093566737e-04 1.461988304093566737e-04 4.254385964912279355e-02 1.461988304093566737e-04 1.461988304093566737e-04 1.461988304093566737e-04 4.532163742690057534e-03 1.461988304093566737e-04 1.461988304093566737e-04 1.461988304093566737e-04 1.184210526315788992e-02 1.608187134502923627e-03 3.070175438596490364e-03
2.336448598130840676e-04 2.336448598130840676e-04 9.579439252336445498e-03 2.336448598130840676e-04 2.336448598130840676e-04 2.570093457943924825e-03 2.336448598130840676e-04 1.191588785046728514e-02 1.964953271028036796e-01 1.707943925233644245e-01 2.336448598130840676e-04 2.336448598130840676e-04 2.336448598130840676e-04 2.292056074766354312e-01 2.336448598130840676e-04 1.425233644859812653e-02 1.425233644859812653e-02 1.191588785046728514e-02 2.336448598130840676e-04 2.359813084112148684e-02 2.336448598130840676e-04 2.336448598130840676e-04 2.336448598130840676e-04 9.369158878504670052e-02 2.336448598130840676e-04 2.336448598130840676e-04 2.336448598130840676e-04 7.242990654205605852e-03 2.336448598130840676e-04 2.105140186915887279e-01
4.149888143176733157e-02 1.578299776286352929e-01 1.230425055928411476e-03 1.118568232662192153e-04 1.118568232662192153e-04 1.689038031319910205e-02 1.118568232662192153e-04 1.118568232662192153e-04 6.823266219239371155e-03 5.704697986577179220e-03 2.695749440715883294e-02 5.704697986577179220e-03 9.854586129753911683e-02 2.417225950782997124e-01 1.118568232662192153e-04 4.038031319910513617e-02 6.722595078299774263e-02 9.183445190156597215e-02 1.118568232662192153e-04 3.031319910514540875e-02 1.230425055928411476e-03 1.118568232662192153e-04 1.017897091722594696e-02 1.118568232662192153e-04 3.478747203579417302e-02 1.118568232662192153e-04 3.031319910514540875e-02 1.118568232662192153e-04 1.118568232662192153e-04 8.959731543624158134e-02
1.754385964912280572e-04 1.754385964912280572e-04 1.754385964912280572e-04 1.070175438596491016e-02 1.754385964912280572e-04 1.754385964912280572e-04 1.754385964912280572e-04 1.754385964912280572e-04 1.754385964912280572e-04 1.754385964912280572e-04 1.929824561403508439e-03 1.754385964912280572e-04 2.650877192982455388e-01 2.999999999999999542e-02 1.754385964912280572e-04 1.754385964912280572e-04 3.175438596491227811e-02 5.438596491228069041e-03 1.754385964912280572e-04 1.754385964912280572e-04 9.491228070175436460e-02 3.703508771929823751e-01 1.754385964912280572e-04 4.403508771929823956e-02 1.754385964912280572e-04 1.754385964912280572e-04 1.754385964912280572e-04 1.754385964912280572e-04 1.422807017543859243e-01 1.754385964912280572e-04
8.747044917257685431e-03 7.880220646178096229e-05 7.880220646178096229e-05 4.806934594168638455e-03 7.880220646178096229e-05 7.880220646178096229e-05 2.371946414499606984e-02 8.668242710795906122e-04 1.032308904649330457e-02 3.230890464933018884e-03 8.668242710795906122e-04 7.880220646178096229e-05 7.880220646178096229e-05 6.390858944050435697e-02 7.699763593380617444e-01 1.583924349881797242e-02 1.426319936958235501e-02 7.880220646178096229e-05 7.880220646178096229e-05 4.026792750197007165e-02 8.668242710795906122e-04 7.880220646178096229e-05 8.668242710795906122e-04 7.880220646178096229e-05 8.668242710795906122e-04 7.880220646178096229e-05 7.880220646178096229e-05 2.293144208037825940e-02 7.880220646178096229e-05 1.662726556343578285e-02
3.055555555555555455e-02 1.322751322751322569e-04 1.322751322751322569e-04 8.068783068783067294e-03 1.322751322751322569e-04 1.322751322751322569e-04 1.322751322751322569e-04 1.322751322751322569e-04 1.322751322751322569e-04 1.322751322751322569e-04 8.743386243386241929e-02 1.322751322751322569e-04 1.997354497354496966e-02 2.104497354497354145e-01 1.997354497354496966e-02 4.642857142857142322e-02 5.093915343915343952e-01 1.322751322751322569e-04 1.322751322751322569e-04 1.322751322751322569e-04 1.455026455026454989e-03 1.322751322751322569e-04 1.997354497354496966e-02 1.322751322751322569e-04 6.746031746031744616e-03 8.068783068783067294e-03 2.923280423280423188e-02 1.322751322751322569e-04 1.322751322751322569e-04 1.322751322751322569e-04
8.210180623973730406e-05 8.210180623973730406e-05 5.008210180623974897e-03 6.650246305418720978e-03 8.210180623973730406e-05 5.262725779967161038e-02 8.210180623973730406e-05 8.210180623973730406e-05 1.403940886699507964e-02 9.031198686371104531e-04 4.770114942528737301e-02 8.210180623973730406e-05 4.598522167487686385e-01 8.054187192118229810e-02 9.031198686371104531e-04 8.210180623973730406e-05 1.043513957307061063e-01 9.031198686371104531e-04 8.210180623973730406e-05 8.210180623973730406e-05 6.822660098522169425e-02 4.113300492610839215e-02 9.031198686371104531e-04 3.538587848932678304e-02 1.568144499178982659e-02 8.210180623973730406e-05 8.210180623973730406e-05 5.008210180623974897e-03 5.919540229885059124e-02 8.210180623973730406e-05
9.354536950420956447e-05 9.354536950420956447e-05 9.354536950420956447e-05 9.354536950420956447e-05 2.535079513564079262e-02 1.225444340505145273e-02 3.751169317118803470e-02 9.354536950420956447e-05 3.283442469597755431e-02 6.641721234798878860e-03 4.031805425631432294e-02 5.622076707202994933e-02 9.354536950420956447e-05 3.564078578110384254e-02 9.354536950420956447e-05 4.593077642656689941e-02 2.115060804490178081e-01 2.899906454630496282e-03 9.354536950420956447e-05 3.041159962581853060e-01 2.067352666043031570e-02 9.354536950420956447e-05 1.225444340505145273e-02 9.354536950420956447e-05 1.114125350795135833e-01 3.564078578110384254e-02 1.028999064546305209e-03 5.706267539756782782e-03 1.028999064546305209e-03 9.354536950420956447e-05
9.090909090909093937e-03 8.264462809917357336e-04 8.264462809917357336e-04 1.661157024793389059e-01 8.264462809917357336e-04 2.561983471074380861e-02 8.347107438016530823e-02 1.735537190082644954e-02 8.264462809917357336e-04 8.264462809917357336e-04 8.264462809917357336e-04 8.264462809917357336e-04 2.561983471074380861e-02 1.165289256198347306e-01 8.264462809917357336e-04 5.041322314049587888e-02 3.388429752066116074e-02 8.264462809917357336e-04 8.264462809917357336e-04 8.264462809917357336e-04 8.264462809917357336e-04 8.264462809917357336e-04 2.561983471074380861e-02 8.264462809917357336e-04 9.090909090909093937e-03 8.264462809917357336e-04 8.264462809917357336e-04 3.892561983471075626e-01 3.388429752066116074e-02 8.264462809917357336e-04
2.114164904862578882e-04 2.114164904862578882e-04 4.103594080338265337e-01 1.501057082452430906e-02 1.712473572938688626e-02 2.114164904862578882e-04 1.712473572938688626e-02 2.114164904862578882e-04 8.054968287526424742e-02 6.553911205073994183e-03 2.114164904862578882e-04 2.114164904862578882e-04 2.114164904862578882e-04 1.143763213530655104e-01 6.553911205073994183e-03 2.325581395348836743e-03 5.729386892177588952e-02 2.114164904862578882e-04 1.078224101479915119e-02 2.114164904862578882e-04 2.095137420718815313e-01 2.114164904862578882e-04 2.114164904862578882e-04 4.883720930232557378e-02 2.114164904862578882e-04 2.114164904862578882e-04 2.114164904862578882e-04 2.114164904862578882e-04 2.114164904862578882e-04 2.114164904862578882e-04
7.027406886858752111e-05 1.201686577652846637e-02 7.027406886858752111e-05 3.099086437104709574e-02 7.315530569219959311e-02 2.881236823612087945e-03 7.027406886858752111e-05 7.027406886858752111e-05 7.800421644413213854e-03 7.027406886858752111e-05 7.027406886858752111e-05 7.027406886858752111e-05 8.721011946591709918e-02 9.212930428671822769e-02 7.027406886858752111e-05 7.027406886858752111e-05 3.914968376669010763e-01 7.027406886858752111e-05 7.027406886858752111e-05 7.027406886858752111e-05 7.027406886858752111e-05 5.692199578355588464e-03 4.715390021082221939e-02 1.131412508784259037e-02 1.118060435699227279e-01 7.027406886858752111e-05 7.027406886858752111e-05 2.677442023893184322e-02 9.423752635277585221e-02 4.286718200983838205e-03
4.341563786008229009e-02 2.057613168724278980e-04 2.057613168724278980e-04 2.057613168724278980e-04 2.057613168724278980e-04 6.378600823045264649e-03 2.057613168724278980e-04 2.057613168724278980e-04 2.057613168724278980e-04 2.057613168724278980e-04 3.312757201646089611e-02 2.057613168724278980e-04 2.057613168724278980e-04 8.436213991769542925e-03 2.057613168724278980e-04 7.676954732510284929e-01 1.133744855967077636e-01 2.057613168724278980e-04 2.057613168724278980e-04 1.255144032921810121e-02 2.057613168724278980e-04 2.057613168724278980e-04 8.436213991769542925e-03 2.057613168724278980e-04 2.057613168724278980e-04 2.057613168724278980e-04 2.263374485596706797e-03 2.057613168724278980e-04 2.057613168724278980e-04 2.057613168724278980e-04
1.061776061776061866e-03 9.652509652509652465e-05 9.652509652509652465e-05 9.652509652509652465e-05 9.652509652509652465e-05 9.652509652509652465e-05 2.992277992277992196e-03 9.652509652509652465e-05 9.652509652509652465e-05 9.652509652509652465e-05 3.001930501930501899e-02 9.652509652509652465e-05 9.652509652509652465e-05 1.178571428571428548e-01 9.652509652509652465e-05 3.774131274131273944e-02 5.705598455598456242e-01 9.179536679536678956e-02 9.652509652509652465e-05 9.652509652509652465e-05 4.922779922779922310e-03 9.652509652509652465e-05 2.027027027027027140e-03 9.652509652509652465e-05 1.149613899613899509e-01 9.652509652509652465e-05 1.167953667953667944e-02 2.027027027027027140e-03 1.071428571428571438e-02 9.652509652509652465e-05
1.072961373390557746e-04 1.405579399141630541e-02 1.072961373390557746e-04 1.072961373390557746e-04 1.072961373390557746e-04 1.180257510729613643e-03 1.072961373390557746e-04 1.180257510729613643e-03 1.072961373390557746e-04 2.253218884120171146e-03 1.298283261802574834e-02 2.253218884120171146e-03 2.478540772532188477e-02 9.667381974248924481e-02 1.072961373390557746e-04 1.298283261802574834e-02 5.119098712446350508e-01 1.063304721030042532e-01 1.072961373390557746e-04 1.072961373390557746e-04 1.072961373390557746e-04 1.072961373390557746e-04 3.658798283261802120e-02 1.072961373390557746e-04 1.041845493562231495e-01 1.620171673819742128e-02 1.620171673819742128e-02 1.620171673819742128e-02 2.156652360515021183e-02 1.180257510729613643e-03
1.049317943336830873e-04 2.214060860440713110e-02 1.049317943336830873e-04 1.049317943336830873e-04 1.154249737670514069e-03 1.049317943336830873e-04 1.049317943336830873e-04 1.049317943336830873e-04 1.049317943336830873e-04 1.049317943336830873e-04 1.658971668415529510e-01 1.049317943336830873e-04 1.438614900314794942e-01 6.621196222455402736e-02 1.049317943336830873e-04 1.049317943336830873e-04 2.939139559286463310e-01 7.355718782791183241e-02 1.049317943336830873e-04 2.203567681007344726e-03 1.049317943336830873e-04 1.049317943336830873e-04 5.991605456453304168e-02 1.049317943336830873e-04 1.092339979013640799e-01 1.049317943336830873e-04 4.522560335781741075e-02 1.479538300104931391e-02 1.049317943336830873e-04 1.049317943336830873e-04
8.993766696349068945e-03 1.869991095280499520e-03 8.904719501335712324e-05 8.904719501335712324e-05 8.103294746215497849e-03 2.056990204808549494e-02 3.392698130008905966e-02 8.904719501335712324e-05 8.904719501335712324e-05 8.468388245770261391e-02 4.639358860195905848e-02 8.904719501335712324e-05 9.893143365983975146e-02 1.113980409617097433e-01 8.904719501335712324e-05 8.904719501335712324e-05 2.494211932324132963e-01 2.769367764915406371e-02 8.904719501335712324e-05 2.591273374888692152e-02 8.904719501335712324e-05 8.904719501335712324e-05 1.461264470169190144e-01 2.760463045414070834e-03 5.796972395369547754e-02 8.904719501335712324e-05 2.591273374888692152e-02 8.904719501335712324e-05 4.817453250222619721e-02 8.904719501335712324e-05
6.007751937984495173e-03 1.937984496124030710e-04 1.937984496124030710e-04 1.937984496124030710e-04 1.937984496124030710e-04 1.937984496124030710e-04 1.937984496124030710e-04 1.937984496124030710e-04 2.538759689922480065e-02 1.937984496124030710e-04 9.127906976744183665e-02 1.937984496124030710e-04 3.120155038759689359e-02 1.998062015503875299e-01 1.937984496124030710e-04 2.131782945736433645e-03 2.075581395348836677e-01 1.182170542635658551e-02 1.937984496124030710e-04 4.864341085271316895e-02 1.937984496124030710e-04 1.937984496124030710e-04 3.141472868217053405e-01 6.007751937984495173e-03 4.089147286821704502e-02 1.937984496124030710e-04 1.937984496124030710e-04 2.131782945736433645e-03 4.069767441860464192e-03 6.007751937984495173e-03
2.280037842951750451e-02 8.713339640491957194e-02 9.460737937559129604e-05 1.050141911069063343e-02 9.460737937559129604e-05 9.460737937559129604e-05 9.460737937559129604e-05 9.460737937559129604e-05 4.824976348155155664e-03 9.460737937559129604e-05 5.591296121097445726e-02 9.460737937559129604e-05 8.524124881740775816e-02 8.807947019867548577e-02 9.460737937559129604e-05 9.460737937559129604e-05 2.839167455061494816e-01 4.739829706717123975e-02 9.460737937559129604e-05 2.090823084200567686e-02 9.460737937559129604e-05 2.932828760643330177e-03 1.145695364238410591e-01 9.460737937559129604e-05 4.456007568590350520e-02 9.460737937559129604e-05 9.460737937559129604e-05 9.460737937559129604e-05 1.287606433301797526e-01 1.040681173131504256e-03
2.469879518072289407e-02 6.024096385542170289e-04 6.024096385542170289e-04 6.024096385542170289e-04 6.024096385542170289e-04 6.024096385542170289e-04 6.024096385542170289e-04 6.024096385542170289e-04 1.391566265060241170e-01 6.024096385542170289e-04 6.626506024096387101e-03 6.024096385542170289e-04 6.024096385542170289e-04 1.572289156626506257e-01 6.024096385542170289e-04 6.024096385542170289e-04 6.024096385542170289e-04 6.024096385542170289e-04 1.867469879518072681e-02 6.024096385542170289e-04 1.150602409638554480e-01 6.024096385542170289e-04 6.626506024096387101e-03 6.024096385542170289e-04 6.024096385542170289e-04 3.674698795180723204e-02 6.024096385542170289e-04 3.674698795180723204e-02 2.897590361445783746e-01 1.572289156626506257e-01
8.952551477170996670e-05 8.952551477170996670e-05 3.670546105640107998e-03 9.847806624888096744e-04 8.952551477170996670e-05 3.670546105640107998e-03 1.880035810205909043e-03 8.952551477170996670e-05 1.441360787824530476e-02 1.880035810205909043e-03 7.081468218442256435e-02 8.952551477170996670e-05 1.469113697403760244e-01 7.260519247985676439e-02 8.952551477170996670e-05 9.847806624888096744e-04 2.471799462846911988e-01 1.709937332139660135e-02 8.952551477170996670e-05 1.709937332139660135e-02 8.952551477170996670e-05 8.952551477170996670e-05 2.033124440465532978e-01 2.775290957923008846e-03 5.649059982094898485e-02 8.952551477170996670e-05 2.784243509400179811e-02 8.952551477170996670e-05 1.084153983885407513e-01 9.847806624888096744e-04
1.098901098901098900e-03 1.098901098901098900e-03 3.406593406593406981e-02 1.098901098901098900e-03 1.098901098901098900e-03 1.098901098901098900e-03 1.098901098901098900e-03 1.208791208791208834e-02 1.098901098901098900e-03 1.098901098901098900e-03 1.098901098901098900e-03 1.098901098901098900e-03 2.307692307692307820e-02 5.604395604395603914e-02 1.098901098901098900e-03 1.098901098901098900e-03 1.098901098901098900e-03 1.098901098901098900e-03 1.098901098901098900e-03 1.098901098901098900e-03 1.329670329670329665e-01 3.197802197802198099e-01 7.802197802197802234e-02 1.098901098901098900e-03 1.098901098901098900e-03 1.098901098901098900e-03 1.098901098901098900e-03 1.098901098901098900e-03 3.197802197802198099e-01 1.098901098901098900e-03
4.950495049504951639e-04 4.950495049504951639e-04 4.950495049504951639e-04 4.950495049504951639e-04 4.950495049504951639e-04 4.950495049504951639e-04 4.950495049504951639e-04 4.950495049504951639e-04 2.975247524752475670e-01 1.292079207920792394e-01 4.950495049504951639e-04 4.950495049504951639e-04 4.950495049504951639e-04 1.688118811881188508e-01 5.445544554455446912e-03 4.950495049504951639e-04 4.950495049504951639e-04 5.445544554455446912e-03 4.950495049504951639e-04 5.445544554455446912e-03 4.009900990099009993e-02 4.950495049504951639e-04 2.524752475247524913e-02 7.970297029702971825e-02 4.950495049504951639e-04 4.950495049504951639e-04 4.950495049504951639e-04 4.950495049504951639e-04 4.950495049504951639e-04 2.331683168316832089e-01
3.762711864406777934e-02 3.389830508474575414e-04 3.389830508474575414e-04 3.389830508474575414e-04 3.389830508474575414e-04 2.745762711864405473e-02 3.389830508474575414e-04 3.728813559322032792e-03 3.389830508474575414e-04 9.186440677966098423e-02 7.152542372881354193e-02 2.850847457627117554e-01 7.118644067796608098e-03 1.223728813559321615e-01 3.389830508474575414e-04 1.494915254237287605e-01 6.474576271186438525e-02 1.389830508474575697e-02 2.745762711864405473e-02 3.389830508474575414e-04 3.389830508474575414e-04 3.389830508474575414e-04 3.389830508474575414e-04 3.389830508474575414e-04 3.389830508474575414e-04 3.728813559322032792e-03 3.389830508474575414e-04 3.728813559322032792e-03 6.135593220338981385e-02 2.406779661016947985e-02
1.483679525222551874e-04 7.878338278931749927e-02 1.483679525222551874e-04 3.115727002967358557e-03 1.483679525222551874e-04 5.801186943620176978e-02 1.483679525222551874e-04 1.632047477744807008e-03 1.483679525222551874e-04 1.483679525222551874e-04 7.566765578635012771e-03 4.599406528189910540e-03 8.175074183976259456e-02 2.004451038575667254e-01 1.483679525222551874e-04 2.048961424332343684e-01 1.930267062314539595e-01 6.097922848664687895e-02 1.483679525222551874e-04 4.169139465875370404e-02 7.566765578635012771e-03 1.483679525222551874e-04 4.599406528189910540e-03 1.483679525222551874e-04 1.483679525222551874e-04 1.483679525222551874e-04 1.483679525222551874e-04 1.483679525222551874e-04 4.910979228486646309e-02 1.483679525222551874e-04
1.084598698481561909e-04 1.084598698481561909e-04 1.084598698481561909e-04 1.084598698481561909e-04 2.277657266811279873e-03 8.145336225596529200e-02 9.338394793926246829e-02 1.084598698481561909e-04 1.084598698481561909e-04 1.084598698481561909e-04 3.698481561822126312e-02 1.084598698481561909e-04 2.452277657266811184e-01 4.566160520607375622e-02 1.084598698481561909e-04 4.132321041214750967e-02 1.909978308026030192e-01 2.277657266811279873e-03 1.084598698481561909e-04 7.700650759219088495e-03 1.084598698481561909e-04 1.084598698481561909e-04 1.226681127982646308e-01 1.084598698481561909e-04 1.637744034707158333e-02 1.084598698481561909e-04 5.325379609544468595e-02 1.963123644251626998e-02 3.915401301518438293e-02 1.084598698481561909e-04
1.754385964912280301e-03 1.754385964912280301e-03 1.754385964912280301e-03 1.929824561403508526e-02 4.578947368421051878e-01 1.754385964912280301e-03 1.929824561403508526e-02 1.754385964912280301e-03 1.754385964912280301e-03 1.754385964912280301e-03 1.754385964912280301e-03 1.754385964912280301e-03 1.754385964912280301e-03 3.684210526315788437e-02 1.754385964912280301e-03 1.421052631578947067e-01 1.754385964912280301e-03 1.754385964912280301e-03 1.754385964912280301e-03 1.754385964912280301e-03 1.754385964912280301e-03 1.754385964912280301e-03 1.754385964912280301e-03 1.754385964912280301e-03 1.754385964912280301e-03 1.929824561403508526e-02 1.754385964912280301e-03 2.649122807017543213e-01 1.754385964912280301e-03 1.754385964912280301e-03
1.239782016348773414e-02 5.326975476839235918e-02 1.362397820163487527e-04 1.362397820163487527e-04 1.362397820163487527e-04 6.144414168937328141e-02 1.498637602179836090e-03 1.362397820163487527e-04 1.362397820163487527e-04 2.193460490463214688e-02 5.463215258855584622e-02 1.362397820163487527e-04 1.976839237057219922e-01 1.213896457765667181e-01 1.362397820163487527e-04 4.509536784741143001e-02 2.044959128065394482e-01 6.008174386920979437e-02 1.362397820163487527e-04 1.648501362397819525e-02 1.362397820163487527e-04 1.362397820163487527e-04 8.324250681198908097e-02 1.498637602179836090e-03 4.100817438692096889e-02 2.193460490463214688e-02 1.362397820163487527e-04 1.362397820163487527e-04 1.362397820163487527e-04 1.362397820163487527e-04
4.528043775649793351e-02 2.612859097127222252e-02 1.367989056087551010e-04 1.367989056087551010e-04 1.504787961696305975e-03 3.707250341997263277e-02 3.844049247606018405e-02 1.367989056087551010e-04 1.367989056087551010e-04 4.240766073871408103e-03 5.348837209302324119e-02 1.367989056087551010e-04 2.668946648426811508e-01 1.381668946648426273e-02 1.381668946648426273e-02 7.811217510259915731e-02 2.532147742818056657e-01 8.495212038303691371e-02 1.367989056087551010e-04 1.655266757865936356e-02 1.367989056087551010e-04 1.367989056087551010e-04 4.117647058823528661e-02 1.367989056087551010e-04 2.065663474692201740e-02 1.367989056087551010e-04 1.367989056087551010e-04 2.872777017783856822e-03 1.367989056087551010e-04 1.367989056087551010e-04
3.891352549889134926e-02 7.993348115299332701e-02 1.108647450110864609e-04 1.108647450110864609e-04 1.108647450110864609e-04 7.871396895787138165e-03 1.209534368070953186e-01 2.328159645232815746e-03 1.784922394678492216e-02 1.108647450110864609e-04 4.778270509977826375e-02 1.219512195121951218e-03 1.143015521064301293e-01 6.995565410199555689e-02 2.328159645232815746e-03 1.108647450110864609e-04 1.907982261640797927e-01 4.223946784922394393e-02 1.563192904656319007e-02 1.108647450110864609e-04 1.108647450110864609e-04 1.108647450110864609e-04 1.453436807095343508e-01 2.228381374722837940e-02 5.654101995565408677e-03 1.108647450110864609e-04 2.671840354767184011e-02 1.108647450110864609e-04 4.667405764966740117e-02 1.108647450110864609e-04
8.555399719495088498e-03 1.402524544179522940e-04 1.446002805049088069e-01 4.221598877980364123e-02 1.796633941093968845e-01 3.099579242636745988e-02 1.542776998597475370e-03 1.402524544179522940e-04 3.325385694249649027e-01 4.502103786816268743e-02 1.402524544179522940e-04 1.402524544179522940e-04 4.347826086956520925e-03 6.185133239831696467e-02 1.402524544179522940e-04 1.402524544179522940e-04 2.819074333800841367e-02 1.402524544179522940e-04 1.402524544179522940e-04 1.402524544179522940e-04 1.402524544179522940e-04 1.542776998597475370e-03 7.152875175315566263e-03 5.483870967741934915e-02 1.136044880785413470e-02 1.402524544179522940e-04 1.402524544179522940e-04 2.819074333800841367e-02 1.402524544179522940e-04 1.556802244039270401e-02
1.912399753238742169e-03 2.473781616286243809e-02 6.169031462060458042e-05 6.169031462060458042e-05 6.169031462060458042e-05 1.363355953115361410e-02 3.337446020974708244e-02 6.169031462060458042e-05 4.996915484268970621e-03 9.315237507711291928e-03 5.613818630475016398e-03 4.016039481801358252e-02 1.296113510178902306e-01 1.104873534855028011e-01 6.169031462060458042e-05 4.571252313386799104e-02 2.782850092535472664e-01 1.733497840838988877e-02 6.169031462060458042e-05 8.642813078346701927e-02 6.169031462060458042e-05 6.169031462060458042e-05 3.645897594077730786e-02 2.412091301665639231e-02 1.610117211597779721e-02 6.169031462060458042e-05 6.169031462060458042e-05 1.209747069710055828e-01 6.169031462060458042e-05 6.169031462060458042e-05
2.710027100271002708e-04 2.710027100271002708e-04 2.710027100271002708e-04 2.710027100271002708e-04 2.710027100271002708e-04 2.195121951219512063e-02 2.710027100271002708e-04 2.710027100271002708e-04 6.260162601626016732e-02 8.157181571815719234e-02 3.008130081300812789e-02 2.710027100271002708e-04 2.737127371273712778e-02 9.241192411924119277e-02 2.710027100271002708e-04 2.710027100271002708e-04 2.710027100271002708e-04 2.710027100271002708e-04 8.401084010840107960e-03 2.710027100271002708e-04 2.710027100271002708e-04 8.428184281842818204e-02 1.111111111111110980e-02 2.710027100271002708e-04 1.303523035230352289e-01 2.710027100271002708e-04 2.710027100271002708e-04 2.195121951219512063e-02 1.382113821138211338e-02 4.094850948509484723e-01
1.183431952662721747e-04 1.183431952662721747e-04 1.183431952662721747e-04 1.183431952662721747e-04 1.183431952662721747e-04 1.431952662721893213e-02 1.183431952662721747e-04 1.183431952662721747e-04 1.030769230769230521e-01 9.005917159763311697e-02 1.195266272189348875e-02 1.183431952662721747e-04 1.183431952662721747e-04 1.444970414201183218e-01 1.183431952662721747e-04 1.183431952662721747e-04 1.183431952662721747e-04 1.183431952662721747e-04 1.301775147928993948e-03 4.745562130177514298e-02 1.183431952662721747e-04 2.485207100591715641e-03 1.183431952662721747e-04 3.207100591715975751e-02 1.183431952662721747e-04 9.585798816568045361e-03 1.183431952662721747e-04 1.183431952662721747e-04 1.183431952662721747e-04 5.409467455621301823e-01
9.345794392523365415e-05 9.345794392523365415e-05 9.345794392523365415e-05 1.785046728971962857e-02 9.345794392523365415e-05 1.580373831775701010e-01 9.345794392523365415e-05 9.345794392523365415e-05 2.906542056074766511e-02 9.345794392523365415e-05 1.328037383177569919e-01 9.345794392523365415e-05 3.851401869158878610e-01 6.084112149532709679e-02 5.700934579439252171e-03 9.345794392523365415e-05 2.065420560747663684e-02 1.785046728971962857e-02 1.691588785046729132e-02 9.345794392523365415e-05 9.345794392523365415e-05 9.345794392523365415e-05 5.803738317757009546e-02 2.158878504672897408e-02 9.345794392523365415e-05 9.345794392523365415e-05 1.598130841121495407e-02 9.345794392523365415e-05 5.803738317757009546e-02 9.345794392523365415e-05
6.166666666666667518e-02 5.555555555555556635e-04 2.277777777777777873e-02 5.555555555555556635e-04 5.611111111111111854e-02 9.500000000000002887e-02 5.555555555555556635e-04 5.555555555555556635e-04 1.394444444444444819e-01 5.555555555555556635e-04 1.894444444444444708e-01 4.500000000000000527e-02 5.555555555555556635e-04 7.277777777777778845e-02 5.555555555555556635e-04 2.833333333333333537e-02 5.555555555555556635e-04 5.555555555555556635e-04 6.722222222222222487e-02 5.555555555555556635e-04 6.166666666666667518e-02 5.555555555555556635e-04 6.111111111111112298e-03 1.166666666666666893e-02 5.555555555555556635e-04 5.555555555555556635e-04 1.005555555555555786e-01 5.555555555555556635e-04 5.555555555555556635e-04 3.388888888888889200e-02
3.333333333333332138e-04 3.333333333333332138e-04 3.333333333333332138e-04 3.699999999999998429e-02 3.333333333333332138e-04 4.033333333333331827e-02 3.333333333333332138e-04 3.333333333333332138e-04 2.103333333333332611e-01 1.699999999999999081e-02 2.366666666666665531e-02 3.333333333333332138e-04 1.536666666666666181e-01 6.699999999999997624e-02 3.333333333333332138e-04 3.333333333333332138e-04 3.333333333333332138e-04 4.366666666666665225e-02 3.333333333333332138e-04 1.699999999999999081e-02 1.436666666666666092e-01 1.103333333333332972e-01 3.333333333333332138e-04 3.333333333333332138e-04 3.333333333333332138e-04 3.333333333333332138e-04 1.699999999999999081e-02 3.666666666666665731e-03 1.699999999999999081e-02 9.366666666666663421e-02
1.165501165501165500e-04 2.285547785547785427e-01 1.165501165501165500e-04 2.447552447552447767e-03 1.165501165501165500e-04 1.131701631701631655e-01 1.189976689976689900e-01 1.165501165501165500e-04 1.165501165501165500e-04 1.165501165501165500e-04 7.937062937062935863e-02 1.165501165501165500e-04 1.876456876456876477e-02 8.170163170163169397e-02 1.165501165501165500e-04 1.165501165501165500e-04 3.275058275058274904e-02 5.372960372960373238e-02 1.165501165501165500e-04 2.925407925407925644e-02 1.165501165501165500e-04 2.447552447552447767e-03 1.410256410256410277e-02 5.944055944055943834e-03 1.994172494172494203e-01 1.282051282051282050e-03 1.165501165501165500e-04 1.165501165501165500e-04 1.643356643356643290e-02 1.165501165501165500e-04
2.176165803108808059e-03 1.026943005181346902e-01 4.248704663212433605e-03 1.036269430051813342e-04 1.036269430051813342e-04 9.854922279792743822e-02 3.740932642487045795e-02 1.036269430051813342e-04 3.212435233160621049e-03 1.036269430051813342e-04 3.015544041450776702e-02 3.212435233160621049e-03 1.721243523316061674e-01 1.089119170984455681e-01 1.036269430051813342e-04 1.139896373056994636e-03 6.321243523316060452e-03 6.331606217616579657e-02 1.139896373056994636e-03 2.176165803108808059e-03 1.036269430051813342e-04 8.393782383419687299e-03 2.425906735751294785e-01 1.139896373056994636e-03 4.673575129533677486e-02 8.393782383419687299e-03 1.150259067357512627e-02 1.036269430051813342e-04 4.362694300518133589e-02 1.036269430051813342e-04
6.138735420503377976e-05 4.978514426028238932e-02 1.111111111111111500e-02 1.970534069981584591e-02 1.289134438305709375e-03 8.600368324125232111e-02 6.758747697974218371e-02 6.138735420503377976e-05 6.329036218538981740e-02 1.111111111111111500e-02 4.426028238182935087e-02 6.138735420503377976e-05 1.817679558011050245e-01 8.723143032535299324e-02 6.138735420503377976e-05 6.138735420503377976e-05 2.829957028852057507e-02 8.538980969920198505e-02 8.041743400859424282e-03 6.138735420503377976e-05 3.130755064456722768e-03 6.138735420503377976e-05 1.480049109883364300e-01 7.427869858809087351e-03 5.039901780233273232e-02 1.903007980356047173e-03 6.138735420503377976e-05 6.813996316758749554e-03 3.689379987722530424e-02 6.138735420503377976e-05
1.144640998959417077e-03 5.213319458896981118e-02 5.306971904266387201e-03 4.797086368366284409e-02 5.005202913631632416e-02 4.484911550468261010e-02 2.715920915712798783e-02 1.040582726326742748e-04 9.469302809573358626e-03 1.050988553590010040e-02 4.588969823100935708e-02 1.144640998959417077e-03 2.217481789802288605e-01 6.357960457856398628e-02 1.040582726326742748e-04 5.306971904266387201e-03 1.145681581685743661e-01 8.231009365244534859e-02 1.040582726326742748e-04 1.040582726326742748e-04 1.155046826222684390e-02 1.040582726326742748e-04 8.959417273673254967e-02 2.924037460978147138e-02 5.941727367325701226e-02 1.040582726326742748e-04 3.225806451612902356e-03 1.987513007284078675e-02 1.144640998959417077e-03 2.185223725286159716e-03
