4.646153846153846384e-02 2.184615384615384501e-02 3.076923076923077029e-04 3.076923076923077029e-04 1.569230769230769290e-02 6.184615384615384931e-02 3.076923076923077029e-04 8.646153846153846467e-02 3.076923076923077029e-04 1.049230769230769245e-01 3.076923076923077029e-04 3.076923076923077029e-04 2.492307692307692280e-02 3.076923076923077029e-04 3.076923076923077029e-04 5.876923076923077499e-02 4.953846153846154510e-02 3.076923076923077029e-04 3.076923076923077029e-04 6.461538461538462140e-03 6.461538461538462140e-03 1.261538461538461511e-02 3.107692307692307490e-02 3.076923076923077029e-04 1.569230769230769290e-02 3.076923076923077029e-04 5.876923076923077499e-02 3.076923076923077029e-04 3.076923076923077029e-04 3.941538461538461324e-01
3.630434782608695787e-01 7.971014492753624586e-03 4.420289855072463692e-02 7.246376811594202987e-04 7.246376811594202987e-04 7.246376811594202987e-04 7.318840579710145233e-02 1.521739130434782671e-02 7.246376811594202987e-04 7.246376811594202987e-04 7.246376811594202987e-04 3.557971014492753992e-01 7.246376811594202987e-04 2.246376811594202882e-02 7.246376811594202987e-04 7.246376811594202987e-04 7.246376811594202987e-04 7.246376811594202987e-04 7.246376811594202987e-04 6.594202898550724501e-02 7.246376811594202987e-04 7.246376811594202987e-04 1.521739130434782671e-02 1.521739130434782671e-02 7.246376811594202987e-04 7.246376811594202987e-04 7.246376811594202987e-04 7.971014492753624586e-03 7.246376811594202987e-04 7.246376811594202987e-04
3.484320557491288111e-04 3.484320557491288111e-04 2.965156794425085618e-01 6.306620209059231319e-02 3.484320557491288111e-04 4.216027874564458322e-02 1.919860627177699675e-01 5.261324041811844821e-02 3.170731707317071824e-02 3.484320557491288111e-04 1.777003484320556492e-02 3.484320557491288111e-04 3.832752613240416814e-03 3.484320557491288111e-04 3.484320557491288111e-04 3.484320557491288111e-04 2.059233449477351208e-01 3.484320557491288111e-04 5.958188153310102486e-02 3.484320557491288111e-04 3.484320557491288111e-04 3.484320557491288111e-04 3.484320557491288111e-04 3.484320557491288111e-04 3.484320557491288111e-04 3.832752613240416814e-03 3.484320557491288111e-04 3.484320557491288111e-04 2.473867595818814158e-02 3.484320557491288111e-04
5.181347150259069285e-04 5.699481865284976648e-03 1.404145077720207746e-01 5.699481865284976648e-03 5.181347150259069285e-04 5.181347150259069285e-04 3.678756476683938542e-02 5.699481865284976648e-03 5.181347150259069285e-04 6.269430051813473792e-02 5.181347150259069285e-04 5.181347150259069285e-04 5.233160621761659415e-02 4.196891191709845731e-02 1.606217616580311522e-02 1.093264248704663572e-01 1.559585492227979764e-01 3.160621761658032047e-02 1.041450777202072853e-01 5.181347150259069285e-04 5.181347150259069285e-04 5.181347150259069285e-04 3.160621761658032047e-02 5.181347150259069285e-04 5.181347150259069285e-04 5.181347150259069285e-04 1.507772020725389184e-01 5.181347150259069285e-04 4.196891191709845731e-02 5.181347150259069285e-04
8.092909535452319503e-02 2.444987775061123925e-04 2.444987775061123925e-04 2.444987775061123925e-04 2.224938875305622343e-02 2.444987775061123925e-04 2.444987775061123925e-04 5.892420537897308241e-02 2.444987775061123925e-04 1.246943765281172990e-02 2.444987775061123925e-04 1.469437652811735329e-01 2.689486552567236372e-03 3.936430317848409188e-02 2.444987775061123925e-04 2.224938875305622343e-02 3.691931540342296980e-02 2.444987775061123925e-04 2.689486552567236372e-03 1.371638141809290445e-01 7.579462102689484004e-03 5.647921760391196033e-02 3.691931540342296980e-02 3.327628361858189221e-01 2.444987775061123925e-04 2.444987775061123925e-04 2.444987775061123925e-04 2.444987775061123925e-04 2.444987775061123925e-04 2.444987775061123925e-04
3.267973856209151185e-04 1.339869281045751731e-02 3.267973856209151185e-04 4.281045751633987678e-02 1.993464052287581903e-02 3.267973856209151185e-04 5.261437908496733457e-02 3.267973856209151185e-04 3.267973856209151185e-04 7.875816993464054838e-02 3.267973856209151185e-04 3.267973856209151185e-04 3.267973856209151185e-04 3.267973856209151185e-04 3.267973856209151185e-04 3.267973856209151185e-04 2.094771241830065689e-01 3.267973856209151185e-04 3.267973856209151185e-04 3.594771241830066466e-03 3.594771241830066466e-03 3.267973856209151185e-04 3.267973856209151185e-04 3.267973856209151185e-04 1.408496732026144060e-01 3.267973856209151185e-04 3.267973856209151185e-04 3.267973856209151185e-04 1.993464052287581903e-02 4.088235294117647523e-01
2.455974842767294497e-01 6.320754716981130672e-02 3.144654088050313767e-04 3.144654088050313767e-04 3.144654088050313767e-04 3.144654088050313767e-04 1.918238993710691051e-02 2.547169811320753804e-02 4.433962264150941718e-02 8.207547169811318932e-02 3.144654088050313767e-04 3.144654088050313767e-04 2.861635220125785181e-02 3.144654088050313767e-04 9.150943396226411675e-02 3.459119496855345144e-03 1.135220125786163131e-01 3.144654088050313767e-04 6.006289308176098601e-02 3.144654088050313767e-04 3.144654088050313767e-04 9.748427672955970943e-03 6.603773584905658044e-03 3.144654088050313767e-04 5.377358490566036542e-02 3.144654088050313767e-04 3.144654088050313767e-04 6.603773584905658044e-03 8.836477987421380298e-02 5.377358490566036542e-02
7.000000000000002054e-02 4.347826086956522442e-04 4.347826086956522442e-04 4.347826086956522442e-04 4.347826086956522442e-04 2.743478260869565699e-01 9.130434782608696370e-03 2.217391304347826261e-02 4.347826086956522442e-04 4.826086956521739857e-02 4.391304347826087418e-02 4.782608695652174578e-03 4.347826086956522442e-04 4.347826086956522442e-04 4.347826086956522442e-04 4.347826086956522442e-04 4.347826086956522442e-04 4.347826086956522442e-04 4.347826086956522442e-04 7.434782608695653106e-02 4.347826086956522442e-04 4.347826086956522442e-04 4.826086956521739857e-02 4.347826086956522442e-04 4.347826086956522442e-04 4.347826086956522442e-04 1.439130434782608936e-01 2.352173913043478504e-01 4.347826086956522442e-04 1.782608695652173822e-02
5.319148936170212854e-04 5.851063829787234681e-03 5.319148936170212854e-04 5.319148936170212854e-04 5.851063829787234681e-03 5.319148936170212854e-04 5.319148936170212854e-04 5.319148936170212854e-04 4.840425531914893664e-02 1.335106382978723527e-01 7.499999999999999722e-02 5.319148936170212854e-04 5.319148936170212854e-04 5.319148936170212854e-04 5.319148936170212854e-04 5.319148936170212854e-04 1.117021276595744732e-02 1.547872340425532067e-01 5.319148936170212854e-04 5.319148936170212854e-04 5.319148936170212854e-04 1.069148936170212782e-01 1.760638297872340607e-01 8.563829787234043811e-02 9.627659574468086512e-02 5.319148936170212854e-04 8.031914893617021767e-02 5.319148936170212854e-04 1.117021276595744732e-02 5.319148936170212854e-04
1.463519313304721403e-01 4.291845493562233154e-04 4.291845493562233154e-04 9.012875536480689787e-03 4.291845493562233154e-04 4.291845493562233154e-04 4.291845493562233154e-04 1.330472103004292153e-02 4.291845493562233154e-04 2.618025751072962024e-02 4.291845493562233154e-04 1.892703862660944647e-01 4.291845493562233154e-04 6.051502145922747766e-02 4.291845493562233154e-04 4.291845493562233154e-04 7.339055793991418331e-02 4.291845493562233154e-04 4.291845493562233154e-04 1.759656652360515328e-02 4.291845493562233154e-04 4.291845493562233154e-04 6.480686695278971288e-02 3.866952789699571458e-01 4.291845493562233154e-04 4.721030042918456307e-03 4.291845493562233154e-04 4.291845493562233154e-04 4.291845493562233154e-04 4.291845493562233154e-04
3.105590062111800273e-04 3.416149068322980355e-03 3.105590062111800273e-04 3.105590062111800273e-04 3.105590062111800273e-04 3.105590062111800273e-04 3.105590062111800273e-04 1.894409937888198031e-02 3.105590062111800273e-04 3.416149068322980355e-03 3.105590062111800273e-04 1.894409937888198031e-02 3.105590062111800273e-04 3.105590062111800273e-04 3.105590062111800273e-04 3.105590062111800273e-04 3.105590062111800273e-04 2.239130434782607704e-01 3.105590062111800273e-04 1.555900621118011806e-01 3.105590062111800273e-04 1.555900621118011806e-01 3.077639751552793679e-01 3.105590062111800273e-04 8.416149068322978377e-02 3.105590062111800273e-04 3.416149068322980355e-03 3.105590062111800273e-04 1.894409937888198031e-02 3.105590062111800273e-04
4.081632653061225725e-04 1.391836734693877864e-01 8.571428571428573590e-03 4.081632653061225725e-04 4.081632653061225725e-04 4.081632653061225725e-04 4.938775510204082564e-02 4.081632653061225725e-04 4.081632653061225725e-04 2.081632653061224816e-02 2.657142857142857362e-01 4.081632653061225725e-04 4.081632653061225725e-04 2.489795918367347302e-02 1.673469387755102331e-02 1.265306122448979845e-02 4.081632653061225725e-04 4.081632653061225725e-04 4.081632653061225725e-04 4.081632653061225725e-04 4.489795918367348732e-03 4.081632653061225725e-04 4.081632653061225725e-04 1.963265306122449483e-01 4.081632653061225725e-04 4.081632653061225725e-04 1.840816326530612668e-01 4.938775510204082564e-02 4.081632653061225725e-04 2.081632653061224816e-02
6.802721088435375848e-04 6.802721088435375848e-04 6.802721088435375848e-04 6.802721088435375848e-04 6.802721088435375848e-04 6.802721088435375848e-04 6.802721088435375848e-04 1.428571428571428874e-02 6.802721088435375848e-04 6.802721088435375848e-04 3.408163265306123346e-01 6.802721088435375848e-04 6.802721088435375848e-04 3.469387755102041476e-02 6.802721088435375848e-04 6.802721088435375848e-04 6.802721088435375848e-04 6.802721088435375848e-04 6.802721088435375848e-04 1.435374149659864318e-01 6.802721088435375848e-04 1.639455782312925491e-01 8.231292517006803811e-02 8.231292517006803811e-02 1.027210884353741693e-01 6.802721088435375848e-04 7.482993197278913974e-03 1.428571428571428874e-02 6.802721088435375848e-04 6.802721088435375848e-04
2.061855670103092072e-04 2.061855670103092072e-04 2.061855670103092072e-04 1.670103092783504356e-02 2.061855670103092072e-04 2.494845360824741315e-02 4.144329896907215233e-02 2.061855670103092072e-04 2.061855670103092072e-04 3.113402061855669034e-02 9.711340206185563317e-02 2.061855670103092072e-04 1.051546391752576810e-02 3.731958762886596753e-02 1.463917525773195290e-02 1.670103092783504356e-02 2.061855670103092072e-04 2.268041237113401550e-03 1.051546391752576810e-02 1.670103092783504356e-02 2.061855670103092072e-04 8.453608247422677441e-03 4.476288659793812852e-01 6.412371134020616870e-02 4.144329896907215233e-02 2.268041237113401550e-03 1.876288659793813596e-02 8.886597938144327746e-02 6.391752577319585911e-03 2.061855670103092072e-04
1.140211640211639677e-01 2.645502645502644597e-04 2.645502645502644597e-04 2.645502645502644597e-04 5.555555555555553165e-03 2.645502645502644597e-04 2.645502645502644597e-04 1.060846560846560455e-01 2.645502645502644597e-04 3.994708994708992544e-02 9.021164021164017333e-02 1.060846560846560455e-01 2.645502645502644597e-04 3.201058201058199632e-02 2.645502645502644597e-04 2.645502645502644597e-04 2.910052910052909111e-03 2.645502645502644597e-04 2.645502645502644597e-04 2.645502645502644597e-04 2.645502645502644597e-04 7.433862433862431507e-02 7.433862433862431507e-02 2.621693121693120521e-01 2.142857142857141836e-02 2.645502645502644597e-04 2.645502645502644597e-04 1.878306878306877301e-02 2.910052910052909111e-03 4.523809523809522309e-02
6.524663677130043693e-02 4.708520179372196676e-03 2.242152466367712484e-04 2.242152466367712484e-04 2.466367713004483705e-03 2.242152466367712484e-04 2.242152466367712484e-04 2.242152466367712484e-04 9.192825112107620017e-03 1.591928251121075763e-02 7.869955156950671216e-02 1.482062780269057800e-01 2.242152466367712484e-04 1.367713004484304509e-02 2.242152466367712484e-04 2.242152466367712484e-04 9.192825112107620017e-03 1.367713004484304509e-02 6.950672645739908347e-03 1.639013452914797608e-01 2.242152466367712484e-04 1.213004484304932434e-01 2.242152466367712484e-04 2.827354260089685045e-01 2.242152466367712484e-04 3.385650224215245446e-02 2.466367713004483705e-03 2.242152466367712484e-04 2.488789237668160778e-02 2.242152466367712484e-04
3.257328990228012633e-04 3.257328990228012633e-04 3.257328990228012633e-04 3.257328990228012633e-04 1.986970684039087581e-02 3.257328990228012633e-04 3.257328990228012633e-04 1.335504885993485033e-02 3.228013029315960347e-01 3.257328990228012633e-04 3.257328990228012633e-04 5.895765472312702871e-02 6.872964169381107213e-02 3.257328990228012633e-04 3.257328990228012633e-04 3.257328990228012633e-04 3.257328990228012633e-04 3.583061889250813842e-03 1.986970684039087581e-02 6.872964169381107213e-02 3.257328990228012633e-04 3.583061889250813842e-03 3.257328990228012633e-04 3.257328990228012633e-04 1.241042345276872766e-01 2.348534201954396716e-01 1.335504885993485033e-02 3.257328990228012633e-04 4.267100977198696327e-02 3.257328990228012633e-04
4.982332155477029595e-02 3.533568904593638337e-04 3.533568904593638337e-04 1.448763250883391453e-02 3.568904593639574130e-02 3.533568904593638337e-04 3.533568904593638337e-04 3.215547703180210437e-02 3.886925795053002442e-03 3.533568904593638337e-04 7.809187279151941219e-02 1.664310954063603631e-01 3.533568904593638337e-04 3.533568904593638337e-04 3.533568904593638337e-04 3.886925795053002442e-03 3.886925795053002442e-03 3.886925795053002442e-03 1.095406360424027933e-02 1.346289752650176308e-01 3.533568904593638337e-04 1.593639575971730893e-01 7.102473498233213833e-02 2.229681978798585817e-01 3.533568904593638337e-04 3.533568904593638337e-04 3.533568904593638337e-04 3.533568904593638337e-04 3.886925795053002442e-03 3.533568904593638337e-04
6.289308176100631871e-04 6.289308176100631871e-04 6.918238993710694625e-03 6.289308176100631871e-04 6.289308176100631871e-04 6.289308176100631871e-04 1.012578616352201727e-01 6.289308176100631871e-04 6.289308176100631871e-04 6.289308176100631871e-04 6.918238993710694625e-03 6.289308176100631871e-04 5.540880503144656188e-01 1.320754716981132650e-02 6.289308176100631871e-04 6.289308176100631871e-04 6.289308176100631871e-04 6.289308176100631871e-04 8.867924528301890374e-02 6.289308176100631871e-04 5.094339622641511078e-02 6.289308176100631871e-04 6.289308176100631871e-04 6.289308176100631871e-04 5.094339622641511078e-02 6.289308176100631871e-04 6.289308176100631871e-04 6.289308176100631871e-04 6.289308176100631871e-04 1.138364779874214278e-01
2.000000000000000736e-02 9.523809523809527054e-04 2.104761904761905389e-01 9.523809523809527054e-04 9.523809523809527054e-04 9.523809523809527054e-04 7.714285714285716578e-02 9.523809523809527054e-04 9.523809523809527054e-04 9.523809523809527054e-04 1.047619047619047922e-02 9.523809523809527054e-04 9.523809523809527054e-04 9.619047619047621511e-02 9.523809523809527054e-04 3.438095238095238981e-01 1.057142857142857328e-01 9.523809523809527054e-04 9.523809523809527054e-04 9.523809523809527054e-04 9.523809523809527054e-04 9.523809523809527054e-04 9.523809523809527054e-04 9.523809523809527054e-04 1.047619047619047922e-02 9.523809523809527054e-04 9.523809523809527054e-04 1.047619047619047922e-02 9.523809523809527054e-04 9.619047619047621511e-02
5.262483994878360688e-02 4.878361075544173503e-02 1.280409731113956362e-04 6.530089628681176768e-03 1.280409731113956362e-04 1.280409731113956362e-04 1.280409731113956362e-04 8.335467349551854699e-02 5.249679897567220352e-03 2.701664532650447856e-02 1.408450704225351971e-03 1.422535211267605404e-01 1.280409731113956362e-04 1.677336747759282723e-02 1.280409731113956362e-04 1.280409731113956362e-04 1.280409731113956362e-04 2.317541613316261018e-02 1.280409731113956362e-04 1.076824583866837215e-01 1.280409731113956362e-04 1.025608194622278924e-01 3.725992317541612642e-02 2.920614596670934038e-01 3.969270166453264803e-03 1.933418693982073833e-02 1.280409731113956362e-04 1.280409731113956362e-04 2.829705505761843584e-02 1.280409731113956362e-04
2.328244274809159256e-02 3.816793893129769326e-04 4.999999999999997502e-02 3.816793893129769326e-04 4.198473282442746583e-03 3.816793893129769326e-04 1.301526717557251467e-01 8.015267175572516126e-03 3.816793893129769326e-04 3.091603053435112991e-02 3.816793893129769326e-04 3.816793893129769326e-04 3.816793893129769326e-04 3.816793893129769326e-04 2.709923664122135950e-02 5.652671755725188207e-01 1.263358778625953693e-01 3.816793893129769326e-04 3.816793893129769326e-04 3.816793893129769326e-04 3.816793893129769326e-04 3.816793893129769326e-04 1.183206106870228480e-02 3.816793893129769326e-04 1.564885496183205174e-02 3.816793893129769326e-04 3.816793893129769326e-04 3.816793893129769326e-04 3.816793893129769326e-04 3.816793893129769326e-04
1.559633027522935173e-02 3.058103975535167462e-04 2.782874617737001940e-02 3.058103975535167462e-04 6.422018348623850965e-03 3.363914373088684046e-03 1.012232415902140359e-01 3.058103975535167462e-04 3.058103975535167462e-04 1.253822629969418394e-02 3.058103975535167462e-04 9.480122324159017885e-03 3.058103975535167462e-04 4.006116207951068708e-02 3.058103975535167462e-04 4.162079510703362017e-01 1.501529051987767205e-01 1.865443425076451778e-02 3.058103975535167462e-04 3.058103975535167462e-04 3.058103975535167462e-04 4.617737003058101919e-02 1.865443425076451778e-02 3.058103975535167462e-04 5.229357798165136517e-02 3.058103975535167462e-04 1.559633027522935173e-02 3.058103975535167462e-04 1.865443425076451778e-02 4.311926605504585314e-02
5.555555555555556635e-04 5.555555555555556635e-04 5.555555555555556635e-04 5.555555555555556635e-04 5.555555555555556635e-04 5.555555555555556635e-04 2.833333333333333537e-02 5.555555555555556635e-04 5.555555555555556635e-04 1.166666666666666893e-02 5.555555555555556635e-04 5.555555555555556635e-04 6.111111111111112298e-03 6.111111111111112298e-03 5.555555555555556635e-04 1.338888888888889184e-01 5.555555555555556635e-04 5.555555555555556635e-04 2.833333333333333537e-02 2.338888888888889239e-01 5.555555555555556635e-04 1.116666666666666918e-01 5.555555555555556635e-04 5.555555555555556635e-04 7.277777777777778845e-02 2.561111111111111782e-01 5.555555555555556635e-04 1.005555555555555786e-01 5.555555555555556635e-04 5.555555555555556635e-04
6.917808219178081530e-02 6.849315068493150738e-04 6.849315068493150738e-04 6.849315068493150738e-04 6.849315068493150738e-04 7.534246575342466029e-03 1.171232876712328813e-01 6.849315068493150738e-04 7.534246575342466029e-03 1.239726027397260316e-01 7.534246575342466029e-03 6.849315068493150738e-04 6.849315068493150738e-04 1.513698630136986467e-01 6.849315068493150738e-04 1.239726027397260316e-01 1.376712328767123461e-01 6.849315068493150738e-04 6.849315068493150738e-04 6.849315068493150738e-04 6.849315068493150738e-04 6.849315068493150738e-04 6.849315068493150738e-04 6.849315068493150738e-04 5.547945205479451469e-02 7.534246575342466029e-03 1.376712328767123461e-01 6.849315068493150738e-04 2.808219178082191694e-02 1.438356164383561633e-02
7.783505154639176749e-02 4.175257731958763319e-02 5.154639175257733161e-04 5.154639175257733161e-04 5.154639175257733161e-04 6.237113402061856410e-02 5.154639175257733161e-04 5.154639175257733161e-04 1.706185567010309601e-01 2.113402061855670228e-02 5.670103092783506694e-03 5.670103092783506694e-03 5.670103092783506694e-03 1.597938144329897128e-02 5.154639175257733161e-04 5.154639175257733161e-04 5.154639175257733161e-04 5.154639175257733161e-04 5.154639175257733161e-04 6.237113402061856410e-02 5.154639175257733161e-04 5.154639175257733161e-04 5.154639175257733161e-04 5.154639175257733161e-04 3.659793814432989872e-02 4.695876288659794340e-01 5.154639175257733161e-04 5.154639175257733161e-04 1.597938144329897128e-02 5.154639175257733161e-04
7.919075144508667952e-02 2.119460500963390222e-03 7.899807321772636323e-03 6.955684007707126082e-02 5.028901734104044424e-02 1.926782273603082070e-04 3.872832369942195291e-02 1.524084778420037867e-01 1.926782273603082070e-04 1.926782273603082070e-04 1.926782273603082070e-04 4.836223506743735773e-02 1.926782273603082070e-04 3.102119460500962420e-02 2.331406551059729201e-02 1.926782273603082070e-04 5.973025048169554145e-03 1.926782273603082070e-04 2.138728323699420897e-02 1.389210019267821949e-01 1.926782273603082070e-04 1.061657032755298213e-01 6.763005780346817430e-02 3.294797687861270724e-02 5.028901734104044424e-02 1.926782273603082070e-04 7.899807321772636323e-03 5.973025048169554145e-03 5.606936416184968991e-02 2.119460500963390222e-03
1.030927835051546849e-03 1.030927835051546849e-03 1.030927835051546849e-03 1.030927835051546849e-03 1.030927835051546849e-03 1.030927835051546849e-03 9.381443298969074918e-02 1.030927835051546849e-03 1.030927835051546849e-03 4.226804123711341149e-02 1.030927835051546849e-03 1.030927835051546849e-03 1.030927835051546849e-03 1.762886597938145006e-01 1.030927835051546849e-03 2.072164948453608935e-01 2.793814432989691898e-01 2.164948453608248058e-02 1.030927835051546849e-03 1.030927835051546849e-03 1.030927835051546849e-03 1.134020618556701512e-02 1.134020618556701512e-02 1.030927835051546849e-03 1.030927835051546849e-03 1.134020618556701512e-02 1.134020618556701512e-02 1.030927835051546849e-03 1.030927835051546849e-03 1.144329896907216731e-01
5.347593582887701742e-04 5.347593582887701742e-04 5.882352941176472241e-03 7.005347593582889054e-02 5.347593582887701742e-04 5.347593582887701742e-04 5.347593582887701742e-04 5.347593582887701742e-04 5.347593582887701742e-04 5.347593582887701742e-04 5.347593582887701742e-04 1.122994652406417333e-02 5.347593582887701742e-04 2.727272727272727487e-02 5.347593582887701742e-04 5.347593582887701742e-04 6.470588235294118251e-02 5.347593582887701742e-04 8.609625668449200075e-02 5.347593582887701742e-04 1.122994652406417333e-02 5.882352941176472241e-03 5.347593582887701742e-04 5.882352941176472241e-03 1.449197860962567197e-01 5.347593582887701742e-04 4.331550802139037815e-02 5.347593582887701742e-04 1.983957219251337167e-01 3.160427807486631546e-01
1.314102564102563250e-02 9.647435897435892305e-02 3.205128205128203499e-04 3.205128205128203499e-04 3.205128205128203499e-04 5.801282051282048713e-02 1.381410256410255666e-01 3.205128205128203499e-04 6.730769230769227673e-03 3.205128205128203499e-04 1.634615384615383665e-02 3.205128205128203499e-04 1.766025641025640025e-01 1.955128205128204080e-02 3.205128205128203499e-04 1.509615384615383971e-01 3.525641025641023957e-03 3.205128205128203499e-04 5.801282051282048713e-02 3.205128205128203499e-04 3.205128205128203499e-04 3.205128205128203499e-04 3.525641025641023957e-03 1.060897435897435320e-01 3.205128205128203499e-04 3.205128205128203499e-04 3.205128205128203499e-04 3.205128205128203499e-04 5.160256410256407883e-02 9.647435897435892305e-02
6.578947368421054652e-04 6.578947368421054652e-04 6.578947368421054652e-04 6.578947368421054652e-04 6.578947368421054652e-04 2.967105263157895356e-01 6.578947368421054652e-04 2.697368421052631984e-02 6.578947368421054652e-04 6.578947368421054652e-04 6.578947368421054652e-04 6.578947368421054652e-04 6.578947368421054652e-04 7.236842105263159575e-03 6.578947368421054652e-04 6.578947368421054652e-04 6.578947368421054652e-04 6.578947368421054652e-04 6.578947368421054652e-04 1.059210526315789713e-01 6.578947368421054652e-04 6.578947368421054652e-04 3.355263157894737558e-02 6.578947368421054652e-04 6.578947368421054652e-04 6.578947368421054652e-04 1.914473684210526716e-01 2.901315789473684625e-01 3.355263157894737558e-02 6.578947368421054652e-04
3.875968992248061962e-04 3.875968992248061962e-04 3.875968992248061962e-04 4.263565891472868158e-03 3.875968992248061962e-04 4.263565891472868158e-03 6.627906976744186995e-02 3.875968992248061962e-04 3.875968992248061962e-04 9.728682170542636565e-02 3.875968992248061962e-04 3.875968992248061962e-04 3.875968992248061962e-04 9.341085271317829675e-02 1.976744186046511600e-02 3.875968992248061962e-04 7.403100775193799388e-02 3.875968992248061962e-04 8.565891472868217282e-02 3.875968992248061962e-04 4.263565891472868158e-03 4.263565891472868158e-03 3.875968992248061962e-04 1.201550387596899208e-02 1.515503875968992331e-01 3.875968992248061962e-04 3.875968992248061962e-04 3.875968992248061962e-04 8.953488372093024172e-02 2.872093023255813948e-01
1.642036124794745268e-04 1.642036124794745268e-04 1.642036124794745268e-04 1.330049261083743502e-02 1.642036124794745268e-04 1.642036124794745268e-04 1.165845648604268980e-02 1.642036124794745268e-04 1.330049261083743502e-02 1.642036124794745268e-04 2.464696223316912294e-01 5.090311986863709816e-03 2.234811165845648206e-01 1.642036124794745268e-04 9.047619047619046007e-02 1.642036124794745268e-04 1.642036124794745268e-04 1.642036124794745268e-04 5.763546798029555579e-02 1.642036124794745268e-04 1.642036124794745268e-04 1.806239737274219822e-03 1.642036124794745268e-04 6.732348111658455030e-03 1.479474548440065373e-01 2.643678160919539846e-02 4.778325123152708798e-02 2.807881773399014541e-02 4.449917898193759408e-02 3.300492610837438279e-02
4.062500000000000833e-02 1.830357142857143293e-02 4.464285714285715773e-04 4.910714285714287350e-03 4.464285714285715773e-04 4.464285714285715773e-04 4.508928571428572757e-02 3.169642857142857678e-02 5.848214285714287142e-02 4.062500000000000833e-02 4.464285714285715773e-04 4.464285714285715773e-04 5.316964285714287364e-01 6.294642857142858372e-02 4.910714285714287350e-03 2.276785714285714871e-02 4.464285714285715773e-04 4.464285714285715773e-04 4.464285714285715773e-04 4.464285714285715773e-04 6.294642857142858372e-02 4.464285714285715773e-04 4.910714285714287350e-03 4.508928571428572757e-02 4.464285714285715773e-04 1.383928571428571890e-02 4.464285714285715773e-04 4.464285714285715773e-04 4.464285714285715773e-04 4.910714285714287350e-03
9.508771929824558211e-02 3.508771929824560059e-04 3.508771929824560059e-04 1.789473684210525495e-02 3.508771929824560059e-04 3.508771929824560059e-04 4.245614035087717786e-02 3.508771929824560059e-04 1.087719298245613635e-02 3.508771929824560059e-04 3.508771929824560059e-04 3.859649122807016445e-03 5.792982456140348679e-01 8.105263157894733450e-02 3.192982456140349562e-02 3.508771929824560059e-04 3.859649122807016445e-03 1.438596491228069478e-02 3.508771929824560059e-04 3.508771929824560059e-04 1.438596491228069478e-02 3.859649122807016445e-03 7.368421052631576179e-03 3.508771929824560059e-04 2.140350877192981338e-02 4.596491228070173629e-02 3.508771929824560059e-04 3.859649122807016445e-03 1.789473684210525495e-02 3.508771929824560059e-04
2.499999999999999792e-02 3.521126760563380470e-04 3.521126760563380470e-04 3.521126760563380470e-04 3.521126760563380470e-04 3.031690140845070269e-01 2.147887323943661886e-02 2.147887323943661886e-02 3.873239436619718788e-03 2.499999999999999792e-02 1.795774647887323980e-02 3.521126760563380470e-04 3.521126760563380470e-04 3.521126760563380470e-04 7.394366197183099149e-03 1.443661971830985727e-02 3.521126760563380470e-04 3.521126760563380470e-04 3.521126760563380470e-04 2.010563380281690238e-01 3.521126760563380470e-04 3.521126760563380470e-04 1.091549295774647994e-02 7.394366197183099149e-03 1.795774647887323980e-02 3.521126760563380470e-04 1.059859154929577579e-01 1.869718309859154937e-01 3.521126760563380470e-04 2.499999999999999792e-02
4.545454545454546535e-04 4.545454545454546535e-04 1.095454545454545708e-01 5.000000000000000971e-03 4.545454545454546535e-04 4.545454545454546535e-04 1.686363636363636676e-01 4.545454545454546535e-04 4.545454545454546535e-04 4.545454545454546535e-04 9.545454545454547940e-03 4.590909090909091328e-02 4.590909090909091328e-02 1.822727272727273085e-01 5.000000000000000971e-03 4.136363636363636631e-02 2.504545454545454852e-01 4.545454545454546535e-04 4.545454545454546535e-04 3.681818181818181934e-02 4.545454545454546535e-04 5.000000000000000971e-03 4.545454545454546535e-04 4.545454545454546535e-04 2.318181818181818191e-02 4.545454545454546535e-04 4.545454545454546535e-04 4.545454545454546535e-04 6.409090909090910115e-02 4.545454545454546535e-04
3.921568627450981314e-04 3.921568627450981314e-04 3.921568627450981314e-04 1.141176470588235597e-01 3.921568627450981314e-04 9.058823529411767772e-02 2.788235294117647478e-01 3.921568627450981314e-04 3.921568627450981314e-04 2.000000000000000389e-02 3.921568627450981314e-04 4.313725490196079933e-03 1.298039215686274950e-01 3.568627450980392524e-02 3.921568627450981314e-04 5.137254901960785353e-02 3.568627450980392524e-02 1.607843137254902008e-02 7.490196078431374249e-02 3.921568627450981314e-04 3.921568627450981314e-04 3.921568627450981314e-04 4.313725490196079933e-03 3.921568627450981314e-04 2.784313725490196456e-02 3.921568627450981314e-04 3.921568627450981314e-04 3.921568627450981314e-04 2.000000000000000389e-02 9.058823529411767772e-02
4.353448275862070033e-02 4.310344827586207921e-04 4.741379310344829255e-03 1.336206896551724553e-02 6.508620689655174318e-02 4.310344827586207921e-04 1.254310344827586632e-01 7.801724137931037584e-02 2.375000000000000722e-01 1.767241379310345237e-02 9.051724137931036959e-03 4.310344827586207921e-04 4.310344827586207921e-04 2.629310344827586604e-02 4.310344827586207921e-04 3.922413793103449176e-02 4.310344827586207921e-04 4.310344827586207921e-04 4.353448275862070033e-02 4.310344827586207921e-04 7.801724137931037584e-02 1.336206896551724553e-02 4.310344827586207921e-04 4.310344827586207921e-04 6.508620689655174318e-02 9.094827586206899461e-02 3.922413793103449176e-02 4.310344827586207921e-04 4.741379310344829255e-03 4.310344827586207921e-04
1.152380952380952783e-01 1.152380952380952783e-01 9.523809523809528138e-04 9.523809523809528138e-04 9.523809523809528138e-04 9.523809523809528138e-04 9.523809523809528138e-04 2.000000000000000736e-02 5.152380952380954948e-01 9.523809523809528138e-04 9.523809523809528138e-04 6.761904761904764805e-02 9.523809523809528138e-04 9.523809523809528138e-04 9.523809523809528138e-04 9.523809523809528138e-04 9.523809523809528138e-04 1.047619047619048095e-02 2.000000000000000736e-02 9.523809523809528138e-04 9.523809523809528138e-04 9.523809523809528138e-04 9.523809523809528138e-04 9.523809523809528138e-04 9.523809523809528138e-04 9.619047619047622899e-02 2.000000000000000736e-02 9.523809523809528138e-04 9.523809523809528138e-04 9.523809523809528138e-04
1.752136752136752157e-02 4.700854700854701501e-03 4.273504273504273501e-04 4.273504273504273501e-04 4.273504273504273501e-04 2.440170940170940106e-01 8.974358974358975435e-03 2.606837606837606597e-02 4.273504273504273501e-04 4.273504273504273501e-04 4.273504273504273501e-04 4.273504273504273501e-04 4.273504273504273501e-04 4.273504273504273501e-04 4.273504273504273501e-04 4.273504273504273501e-04 4.273504273504273501e-04 4.743589743589743390e-02 4.700854700854701501e-03 2.354700854700854662e-01 4.273504273504273501e-04 7.735042735042735318e-02 6.025641025641025744e-02 4.273504273504273501e-04 4.273504273504273501e-04 4.273504273504273501e-04 8.589743589743589758e-02 1.799145299145299137e-01 4.273504273504273501e-04 4.273504273504273501e-04
1.590308370044053454e-01 9.251101321585906631e-03 4.405286343612336078e-04 4.405286343612336078e-04 4.845814977973569686e-03 4.405286343612336078e-04 4.405286343612336078e-04 4.405286343612336078e-04 3.440528634361234017e-01 4.405286343612336078e-04 4.845814977973569686e-03 9.735682819383262299e-02 4.405286343612336078e-04 4.405286343612336078e-04 4.405286343612336078e-04 4.405286343612336078e-04 4.405286343612336078e-04 4.845814977973569686e-03 4.405286343612336078e-04 1.149779735682819742e-01 4.405286343612336078e-04 1.806167400881057705e-02 4.405286343612336078e-04 4.845814977973569686e-03 3.127753303964758008e-02 1.986784140969163615e-01 4.405286343612336078e-04 4.405286343612336078e-04 4.405286343612336078e-04 4.405286343612336078e-04
7.042253521126762023e-04 7.042253521126762023e-04 7.042253521126762023e-04 7.042253521126762023e-04 2.887323943661972148e-02 7.042253521126762023e-04 7.042253521126762023e-04 7.746478873239438442e-03 3.669014084507042917e-01 7.746478873239438442e-03 7.746478873239438442e-03 4.295774647887324466e-02 7.042253521126762023e-04 7.042253521126762023e-04 7.042253521126762023e-04 7.042253521126762023e-04 7.042253521126762023e-04 7.042253521126762023e-04 7.042253521126762023e-04 7.042253521126762023e-04 7.042253521126762023e-04 2.119718309859155436e-01 2.183098591549296336e-02 7.042253521126762023e-04 7.042253521126762023e-04 2.894366197183099176e-01 7.042253521126762023e-04 7.042253521126762023e-04 7.042253521126762023e-04 7.042253521126762023e-04
1.007054673721340249e-01 1.763668430335096850e-04 1.763668430335096850e-04 1.763668430335096850e-04 3.368606701940034948e-02 1.763668430335096850e-04 3.192239858906525257e-02 1.763668430335096850e-04 2.841269841269840613e-01 1.763668430335096850e-04 1.763668430335096850e-04 7.777777777777776513e-02 1.763668430335096850e-04 1.940035273368606508e-03 1.763668430335096850e-04 3.897707231040564019e-02 1.763668430335096850e-04 1.763668430335096850e-04 1.763668430335096850e-04 1.077601410934744125e-01 1.763668430335096850e-04 2.486772486772486149e-02 1.763668430335096850e-04 7.954144620811286204e-02 4.603174603174602780e-02 1.589065255731922088e-01 3.703703703703702978e-03 1.763668430335096850e-04 7.231040564373895918e-03 1.763668430335096850e-04
1.306905370843989556e-01 2.813299232736572210e-03 2.557544757033247316e-04 2.557544757033247316e-04 2.557544757033247316e-04 1.560102301790280803e-02 2.557544757033247316e-04 2.557544757033247316e-04 2.304347826086955708e-01 2.583120204603579773e-02 2.557544757033247316e-04 1.179028132992327033e-01 2.557544757033247316e-04 2.557544757033247316e-04 2.557544757033247316e-04 2.557544757033247316e-04 2.557544757033247316e-04 2.557544757033247316e-04 2.813299232736572210e-03 1.460358056265984306e-01 2.557544757033247316e-04 2.071611253196930374e-02 2.557544757033247316e-04 8.976982097186698983e-02 3.606138107416878569e-02 1.409207161125319296e-01 2.557544757033247316e-04 2.557544757033247316e-04 3.606138107416878569e-02 2.557544757033247316e-04
5.833333333333333599e-03 2.777777777777777775e-04 2.777777777777777775e-04 2.527777777777777748e-02 2.777777777777777775e-04 5.027777777777778234e-02 1.391666666666666607e-01 6.416666666666667740e-02 2.777777777777777775e-04 1.972222222222222085e-02 2.249999999999999917e-02 2.777777777777777775e-04 2.777777777777777775e-04 2.777777777777777775e-04 2.527777777777777748e-02 5.583333333333333898e-02 2.777777777777777775e-04 2.249999999999999917e-02 1.502777777777777879e-01 5.027777777777778234e-02 2.777777777777777775e-04 2.805555555555555580e-02 2.777777777777777775e-04 2.777777777777777775e-04 3.638888888888888729e-02 2.777777777777777775e-04 1.197222222222222299e-01 2.777777777777777775e-04 2.777777777777777775e-04 1.808333333333333182e-01
3.105590062111800273e-04 3.105590062111800273e-04 6.521739130434780519e-03 1.183229813664595925e-01 3.105590062111800273e-04 3.105590062111800273e-04 1.524844720496894013e-01 3.105590062111800273e-04 3.105590062111800273e-04 3.105590062111800273e-04 6.521739130434780519e-03 2.826086956521738081e-02 2.270186335403725775e-01 2.826086956521738081e-02 6.521739130434780519e-03 4.689440993788818179e-02 1.431677018633539800e-01 3.105590062111800273e-04 1.894409937888198031e-02 1.583850931677018015e-02 3.105590062111800273e-04 3.105590062111800273e-04 6.521739130434780519e-03 1.894409937888198031e-02 3.105590062111800273e-04 3.416149068322980355e-03 3.447204968944098114e-02 3.105590062111800273e-04 1.338509316770185864e-01 3.105590062111800273e-04
2.830508474576271527e-01 5.649717514124295067e-04 5.649717514124295067e-04 5.649717514124295067e-04 5.649717514124295067e-04 5.649717514124295067e-04 5.649717514124295067e-04 5.649717514124295067e-04 2.316384180790960479e-02 5.649717514124295067e-04 6.214689265536724357e-03 5.649717514124295067e-04 5.649717514124295067e-04 6.214689265536724357e-03 5.649717514124295067e-04 5.649717514124295067e-04 5.649717514124295067e-04 5.649717514124295067e-04 5.649717514124295067e-04 8.531073446327684662e-02 5.649717514124295067e-04 5.649717514124295067e-04 5.649717514124295067e-04 5.649717514124295067e-04 5.649717514124295067e-04 6.214689265536724357e-03 5.649717514124295067e-04 5.649717514124295067e-04 5.768361581920904424e-01 5.649717514124295067e-04
2.008032128514055769e-04 2.008032128514055769e-04 4.216867469879517251e-03 3.032128514056224231e-02 1.626506024096385089e-02 1.206827309236947476e-01 2.008032128514055769e-04 2.008032128514055769e-04 2.008032128514055769e-04 2.008032128514055769e-04 2.813253012048191892e-01 2.008032128514055769e-04 2.008032128514055769e-04 2.008032128514055769e-04 2.008032128514055769e-04 2.008032128514055769e-04 2.008032128514055769e-04 2.008032128514055769e-04 8.232931726907628464e-03 5.843373493975902860e-02 2.208835341365461644e-03 5.441767068273091479e-02 8.253012048192769068e-02 2.008032128514055769e-04 2.451807228915661996e-01 3.433734939759035959e-02 4.216867469879517251e-03 4.638554216867469410e-02 8.232931726907628464e-03 2.008032128514055769e-04
2.714285714285714635e-01 7.518796992481203458e-04 7.518796992481203458e-04 7.518796992481203458e-04 7.518796992481203458e-04 7.518796992481203458e-04 7.518796992481203458e-04 7.518796992481203458e-04 7.518796992481203458e-04 7.518796992481203458e-04 7.518796992481203458e-04 8.270676691729324237e-03 7.518796992481203458e-04 7.518796992481203458e-04 7.518796992481203458e-04 7.518796992481203458e-04 7.518796992481203458e-04 7.518796992481203458e-04 7.518796992481203458e-04 4.586466165413533719e-02 7.518796992481203458e-04 7.518796992481203458e-04 7.518796992481203458e-04 7.518796992481203458e-04 7.518796992481203458e-04 7.518796992481203458e-04 7.518796992481203458e-04 7.518796992481203458e-04 6.548872180451127401e-01 7.518796992481203458e-04
6.796874999999999445e-02 6.796874999999999445e-02 2.604166666666666631e-04 2.604166666666666631e-04 2.604166666666666631e-04 2.604166666666666631e-04 2.604166666666666631e-04 1.848958333333333010e-02 1.018229166666666519e-01 2.604166666666666631e-04 2.604166666666666631e-04 4.192708333333333010e-02 4.713541666666666574e-02 2.604166666666666631e-04 2.604166666666666631e-04 2.604166666666666631e-04 2.604166666666666631e-04 2.604166666666666631e-04 1.070312499999999944e-01 6.276041666666666574e-02 2.604166666666666631e-04 2.604166666666666631e-04 2.604166666666666631e-04 3.671874999999999445e-02 2.604166666666666631e-04 2.554687499999999667e-01 2.604166666666666631e-04 9.401041666666665186e-02 9.401041666666665186e-02 2.604166666666666631e-04
5.045871559633027803e-03 7.385321100917431603e-02 1.701834862385321057e-01 4.587155963302752548e-04 4.587155963302752548e-04 4.587155963302752548e-04 2.252293577981651362e-01 1.426605504587155904e-01 4.587155963302752548e-04 4.633027522935779380e-02 4.587155963302752548e-04 4.587155963302752548e-04 4.587155963302752548e-04 1.422018348623853290e-02 4.587155963302752548e-04 8.302752293577982112e-02 1.380733944954128378e-01 2.798165137614678707e-02 2.798165137614678707e-02 4.587155963302752548e-04 4.587155963302752548e-04 4.587155963302752548e-04 4.587155963302752548e-04 4.587155963302752548e-04 3.715596330275228870e-02 4.587155963302752548e-04 4.587155963302752548e-04 4.587155963302752548e-04 4.587155963302752548e-04 4.587155963302752548e-04
5.555555555555556635e-03 5.050505050505051585e-04 5.050505050505051585e-04 5.050505050505051585e-04 5.050505050505051585e-04 2.126262626262626632e-01 5.050505050505051585e-04 5.555555555555556635e-03 5.050505050505051585e-04 5.050505050505051585e-04 4.090909090909091578e-02 1.565656565656566024e-02 5.050505050505051585e-04 5.050505050505051585e-04 5.050505050505051585e-04 5.555555555555556635e-03 1.060606060606060844e-02 1.060606060606060844e-02 5.050505050505051585e-04 8.636363636363637852e-02 5.050505050505051585e-04 3.080808080808081217e-02 6.616161616161617132e-02 4.090909090909091578e-02 5.050505050505051585e-04 5.050505050505051585e-04 1.772727272727273040e-01 2.631313131313131604e-01 5.050505050505051585e-04 2.070707070707070857e-02
