1.346289752650176585e-01 3.533568904593638879e-04 3.533568904593638879e-04 3.533568904593638879e-04 3.533568904593638879e-04 3.533568904593638879e-04 3.533568904593638879e-04 3.533568904593638879e-04 3.533568904593638879e-04 6.042402826855122755e-02 3.533568904593638879e-04 3.533568904593638879e-04 3.533568904593638879e-04 3.533568904593638879e-04 4.628975265017666596e-02 2.155477031802119706e-02 8.869257950530033685e-02 3.961130742049469022e-01 3.886925795053002876e-03 3.533568904593638879e-04 3.886925795053002876e-03 3.533568904593638879e-04 2.155477031802119706e-02 3.215547703180211131e-02 2.862190812720847438e-02 3.533568904593638879e-04 3.533568904593638879e-04 7.102473498233215221e-02 6.042402826855122755e-02 2.508833922261483398e-02
2.246376811594203576e-02 7.246376811594205155e-04 7.246376811594205155e-04 7.246376811594205155e-04 7.246376811594205155e-04 7.246376811594205155e-04 7.246376811594205155e-04 7.971014492753626321e-03 7.246376811594205155e-04 2.905797101449276165e-01 7.246376811594205155e-04 7.971014492753626321e-03 3.695652173913043653e-02 7.971014492753626321e-03 7.246376811594205155e-04 7.246376811594205155e-04 7.246376811594205155e-04 1.021739130434782816e-01 7.246376811594205155e-04 2.971014492753623615e-02 7.246376811594205155e-04 7.246376811594205155e-04 7.246376811594205155e-04 2.253623188405797784e-01 7.971014492753626321e-03 7.246376811594205155e-04 2.971014492753623615e-02 2.181159420289855710e-01 7.246376811594205155e-04 7.246376811594205155e-04
2.439873417721517834e-01 3.164556962025315431e-04 3.164556962025315431e-04 3.164556962025315431e-04 3.164556962025315431e-04 3.481012658227847136e-03 3.164556962025315431e-04 1.930379746835442223e-02 3.164556962025315431e-04 4.778481012658226251e-02 3.164556962025315431e-04 3.164556962025315431e-04 5.411392405063289446e-02 6.645569620253162675e-03 3.481012658227847136e-03 4.462025316455694307e-02 4.462025316455694307e-02 3.927215189873415890e-01 3.481012658227847136e-03 3.164556962025315431e-04 3.164556962025315431e-04 3.164556962025315431e-04 2.246835443037973820e-02 3.829113924050631113e-02 4.462025316455694307e-02 3.164556962025315431e-04 3.164556962025315431e-04 3.164556962025315431e-04 2.563291139240505417e-02 3.164556962025315431e-04
3.546099290780141541e-04 8.191489361702126992e-02 3.546099290780141541e-04 3.546099290780141541e-04 3.546099290780141541e-04 4.645390070921984887e-02 3.546099290780141541e-04 4.507092198581559295e-01 3.546099290780141541e-04 7.836879432624112296e-02 4.999999999999998890e-02 1.453900709219857652e-02 3.900709219858155587e-03 3.546099290780141541e-04 3.546099290780141541e-04 6.063829787234041591e-02 3.546099290780141541e-04 3.546099290780141541e-04 3.546099290780141541e-04 3.546099290780141541e-04 3.546099290780141541e-04 3.546099290780141541e-04 3.546099290780141541e-04 3.546099290780141541e-04 4.999999999999998890e-02 8.191489361702126992e-02 1.808510638297871828e-02 2.163120567375885830e-02 1.808510638297871828e-02 1.808510638297871828e-02
2.000000000000000389e-02 3.038709677419355604e-01 3.290322580645161504e-02 6.451612903225807530e-04 1.354838709677419657e-02 5.870967741935484430e-02 6.451612903225807530e-04 5.870967741935484430e-02 6.451612903225807530e-04 7.096774193548389259e-03 6.451612903225807530e-04 1.354838709677419657e-02 1.167741935483871257e-01 1.232258064516129348e-01 6.451612903225807530e-04 3.935483870967742409e-02 5.225806451612904219e-02 6.451612903225807530e-04 6.451612903225807530e-04 2.000000000000000389e-02 6.451612903225807530e-04 6.451612903225807530e-04 3.290322580645161504e-02 6.451612903225807530e-04 6.451612903225807530e-04 6.451612903225807530e-04 6.451612903225807530e-04 6.451612903225807530e-04 9.741935483870969859e-02 6.451612903225807530e-04
2.518891687657430121e-04 2.518891687657430121e-04 2.518891687657430121e-04 2.518891687657430121e-04 2.518891687657430121e-04 2.118387909319898454e-01 2.518891687657430121e-04 2.770780856423173295e-03 2.518891687657430121e-04 1.284634760705289161e-02 2.292191435768261079e-02 1.891687657430729808e-01 2.518891687657430121e-04 2.518891687657430121e-04 2.518891687657430121e-04 1.060453400503778010e-01 2.770780856423173295e-03 2.518891687657430121e-04 1.337531486146095461e-01 3.803526448362719303e-02 1.186397984886649604e-01 2.518891687657430121e-04 2.518891687657430121e-04 7.808564231738032886e-03 2.795969773299747385e-02 7.078085642317379078e-02 2.518891687657430121e-04 2.518891687657430121e-04 5.289672544080603091e-03 4.559193954659948589e-02
8.742004264392321672e-03 2.132196162046907950e-04 2.132196162046907950e-04 2.049040511727078240e-01 6.631130063965882948e-02 2.454157782515990760e-01 1.878464818763325717e-01 6.609808102345414264e-03 2.132196162046907950e-04 3.646055437100212404e-02 2.579957356076758440e-02 2.132196162046907950e-04 2.579957356076758440e-02 2.132196162046907950e-04 2.132196162046907950e-04 3.006396588486139748e-02 1.300639658848613649e-02 2.132196162046907950e-04 2.132196162046907950e-04 2.132196162046907950e-04 2.132196162046907950e-04 1.300639658848613649e-02 2.132196162046907950e-04 2.345415778251598582e-03 4.477611940298506857e-03 4.477611940298506857e-03 3.006396588486139748e-02 2.345415778251598582e-03 8.976545842217481530e-02 2.132196162046907950e-04
8.581907090464543919e-02 2.444987775061123383e-04 2.444987775061123383e-04 2.444987775061123383e-04 5.134474327628359321e-03 2.444987775061123383e-04 2.444987775061123383e-04 7.579462102689482270e-03 5.134474327628359321e-03 5.647921760391195339e-02 2.689486552567235938e-03 2.444987775061123383e-04 2.713936430317846760e-02 2.444987775061123383e-04 2.444987775061123383e-04 8.581907090464543919e-02 1.249388753056234064e-01 3.694376528117357394e-01 2.444987775061123383e-04 2.444987775061123383e-04 2.444987775061123383e-04 2.444987775061123383e-04 1.029339853300732938e-01 8.337408312958430323e-02 3.691931540342296286e-02 2.444987775061123383e-04 2.689486552567235938e-03 2.444987775061123383e-04 2.444987775061123383e-04 2.444987775061123383e-04
3.289473684210525157e-04 1.677631578947367738e-02 3.289473684210525157e-04 3.289473684210525157e-04 3.289473684210525157e-04 3.289473684210525157e-04 6.611842105263156244e-02 3.289473684210525157e-04 3.289473684210525157e-04 5.296052631578945791e-02 2.009868421052630749e-01 3.289473684210525157e-04 3.289473684210525157e-04 1.483552631578946845e-01 3.289473684210525157e-04 1.088815789473683848e-01 3.289473684210525157e-04 3.651315789473683071e-02 3.289473684210525157e-04 5.953947368421051017e-02 3.322368421052630111e-02 3.289473684210525157e-04 3.289473684210525157e-04 3.289473684210525157e-04 7.927631578947365310e-02 4.967105263157892830e-02 8.256578947368418964e-02 2.006578947368420351e-02 3.289473684210525157e-04 3.980263157894735337e-02
8.925233644859814630e-02 5.140186915887851385e-03 4.672897196261682979e-04 4.672897196261682979e-04 9.813084112149534147e-03 4.672897196261682979e-04 4.672897196261682979e-04 2.383177570093458070e-02 4.672897196261682979e-04 4.672897196261682979e-04 5.140186915887851385e-03 4.672897196261682979e-04 3.785046728971962898e-02 4.672897196261682979e-04 8.457943925233646354e-02 4.672897196261682979e-04 2.014018691588785326e-01 2.434579439252336774e-01 4.252336448598131174e-02 5.654205607476636003e-02 1.079439252336448773e-01 4.672897196261682979e-04 4.672897196261682979e-04 4.672897196261682979e-04 4.672897196261682979e-04 1.915887850467289794e-02 5.140186915887851385e-03 4.672897196261682979e-04 6.121495327102804279e-02 4.672897196261682979e-04
5.291005291005291362e-04 1.111111111111111154e-02 5.820105820105820824e-03 5.291005291005291362e-04 5.291005291005291362e-04 1.640211640211640398e-02 5.291005291005291362e-04 5.291005291005291362e-04 1.857142857142857206e-01 1.433862433862433949e-01 5.291005291005291362e-04 5.291005291005291362e-04 1.804232804232804299e-01 1.169312169312169414e-01 5.291005291005291362e-04 9.576719576719577853e-02 5.291005291005291362e-04 1.111111111111111154e-02 3.227513227513227612e-02 5.291005291005291362e-04 5.291005291005291362e-04 1.111111111111111154e-02 5.291005291005291362e-04 5.291005291005291362e-04 5.291005291005291362e-04 1.486772486772486856e-01 5.291005291005291362e-04 5.291005291005291362e-04 3.227513227513227612e-02 5.291005291005291362e-04
2.193599999999999162e-01 1.599999999999999589e-04 1.135999999999999510e-02 1.599999999999999589e-04 1.759999999999999412e-03 1.599999999999999589e-04 1.599999999999999589e-04 3.359999999999998838e-03 1.599999999999999589e-04 3.695999999999998592e-02 1.599999999999999589e-04 1.295999999999999409e-02 1.073599999999999555e-01 1.599999999999999589e-04 1.599999999999999589e-04 1.599999999999999589e-04 9.135999999999996901e-02 2.225599999999998968e-01 9.295999999999997321e-02 3.695999999999998592e-02 4.959999999999998264e-03 9.759999999999996109e-03 5.455999999999998351e-02 1.599999999999999589e-04 1.599999999999999589e-04 6.895999999999997965e-02 1.759999999999999412e-03 1.759999999999999412e-03 1.775999999999999454e-02 1.759999999999999412e-03
1.190476190476191017e-03 1.190476190476191017e-03 1.559523809523810089e-01 1.190476190476191017e-03 1.190476190476191017e-03 7.261904761904763861e-02 2.500000000000000833e-02 7.261904761904763861e-02 2.500000000000000833e-02 1.190476190476191017e-03 2.500000000000000833e-02 1.916666666666667351e-01 1.190476190476191017e-03 1.190476190476191017e-03 1.190476190476191017e-03 1.190476190476191017e-03 2.500000000000000833e-02 1.190476190476191017e-03 1.190476190476191017e-03 1.309523809523810076e-02 1.190476190476191017e-03 1.190476190476191017e-03 1.202380952380952689e-01 2.500000000000000833e-02 1.190476190476191017e-03 1.190476190476191017e-03 9.642857142857146069e-02 1.190476190476191017e-03 1.202380952380952689e-01 1.309523809523810076e-02
1.984771573604061090e-01 5.076142131979695686e-04 5.076142131979695686e-04 5.076142131979695686e-04 5.583756345177665580e-03 5.076142131979695686e-04 5.583756345177665580e-03 1.065989847715736148e-02 5.076142131979695686e-04 1.375634517766497478e-01 3.096446700507613989e-02 5.634517766497462027e-02 5.126903553299492350e-02 5.076142131979695686e-04 5.583756345177665580e-03 1.573604060913705652e-02 3.096446700507613989e-02 2.340101522842639725e-01 5.076142131979695686e-04 5.076142131979695686e-04 5.076142131979695686e-04 2.588832487309644659e-02 1.375634517766497478e-01 4.619289340101522673e-02 5.076142131979695686e-04 5.076142131979695686e-04 5.076142131979695686e-04 5.076142131979695686e-04 5.076142131979695686e-04 5.076142131979695686e-04
9.055793991416312416e-02 4.291845493562233154e-04 4.291845493562233154e-04 4.291845493562233154e-04 4.291845493562233154e-04 4.291845493562233154e-04 4.291845493562233154e-04 4.291845493562233154e-04 4.291845493562233154e-04 1.077253218884120511e-01 4.291845493562233154e-04 4.291845493562233154e-04 4.291845493562233154e-04 4.291845493562233154e-04 4.721030042918456307e-03 4.291845493562233154e-04 1.377682403433476699e-01 3.952789699570816162e-01 4.291845493562233154e-04 1.759656652360515328e-02 4.291845493562233154e-04 1.759656652360515328e-02 9.914163090128758071e-02 1.163090128755365216e-01 4.291845493562233154e-04 4.721030042918456307e-03 4.291845493562233154e-04 4.291845493562233154e-04 4.291845493562233154e-04 4.291845493562233154e-04
2.380180180180179184e-01 1.801801801801801287e-04 1.981981981981981254e-03 1.801801801801801287e-04 1.099099099099098628e-02 1.801801801801801287e-04 1.801801801801801287e-04 1.801801801801801287e-04 1.801801801801801287e-04 5.783783783783781607e-02 1.981981981981981254e-03 1.801801801801801287e-04 5.423423423423421458e-02 1.801801801801801287e-04 5.585585585585583178e-03 1.279279279279278703e-02 7.945945945945942501e-02 2.524324324324322966e-01 1.099099099099098628e-02 5.783783783783781607e-02 1.801801801801801287e-04 8.666666666666662799e-02 6.144144144144141756e-02 1.981981981981981254e-03 1.801801801801801287e-04 1.099099099099098628e-02 1.801801801801801287e-04 3.783783783783782433e-03 4.882882882882880887e-02 1.801801801801801287e-04
3.115264797507787207e-04 3.115264797507787207e-04 3.115264797507787207e-04 3.115264797507787207e-04 3.426791277258566144e-03 3.115264797507787207e-04 3.115264797507787207e-04 3.115264797507787207e-04 2.838006230529593887e-01 3.115264797507787207e-04 3.115264797507787207e-04 3.115264797507787207e-04 1.031152647975077524e-01 3.426791277258566144e-03 3.115264797507787207e-04 3.115264797507787207e-04 3.457943925233643301e-02 3.146417445482865144e-02 3.115264797507787207e-04 7.507788161993766973e-02 2.028037383177569153e-01 1.591900311526479317e-01 6.542056074766352917e-03 3.115264797507787207e-04 3.115264797507787207e-04 3.115264797507787207e-04 3.115264797507787207e-04 9.657320872274140558e-03 8.130841121495324675e-02 3.115264797507787207e-04
2.673796791443849787e-04 2.673796791443849787e-04 2.673796791443849787e-04 2.673796791443849787e-04 2.673796791443849787e-04 2.673796791443849787e-04 2.673796791443849787e-04 2.673796791443849787e-04 2.673796791443849787e-04 4.304812834224597956e-02 2.941176470588234820e-03 2.673796791443849787e-04 1.018716577540106638e-01 2.673796791443849787e-04 2.673796791443849787e-04 1.366310160427807174e-01 1.820855614973261316e-01 1.259358288770053014e-01 2.941176470588234820e-03 7.245989304812831822e-02 6.176470588235292297e-02 2.673796791443849787e-04 5.374331550802137480e-02 1.687165775401069101e-01 4.304812834224597956e-02 2.673796791443849787e-04 2.673796791443849787e-04 2.673796791443849787e-04 2.673796791443849787e-04 2.673796791443849787e-04
1.405345211581291442e-01 2.227171492204899300e-04 2.227171492204899300e-04 2.227171492204899300e-04 2.227171492204899300e-04 2.227171492204899300e-04 1.581291759465478300e-02 2.227171492204899300e-04 6.904231625835187749e-03 1.804008908685968138e-02 2.227171492204899300e-04 2.227171492204899300e-04 6.904231625835187749e-03 2.227171492204899300e-04 2.227171492204899300e-04 2.449888641425389257e-03 9.821826280623606464e-02 2.140311804008908081e-01 9.131403118040086128e-03 9.131403118040086128e-03 7.594654788418706004e-02 2.227171492204899300e-04 1.338530066815144526e-01 2.318485523385299951e-01 2.449888641425389257e-03 2.227171492204899300e-04 1.358574610244988462e-02 2.227171492204899300e-04 1.804008908685968138e-02 2.227171492204899300e-04
1.296296296296296606e-02 6.172839506172840465e-04 8.086419753086421247e-02 6.790123456790125162e-03 6.172839506172840465e-04 6.172839506172840465e-04 6.790123456790125162e-03 6.172839506172840465e-04 6.172839506172840465e-04 1.302469135802469535e-01 6.172839506172840465e-04 6.172839506172840465e-04 5.617283950617284888e-02 6.172839506172840465e-04 1.734567901234568277e-01 5.000000000000000971e-02 3.148148148148148529e-02 2.228395061728395410e-01 6.172839506172840465e-04 6.172839506172840465e-04 6.172839506172840465e-04 6.172839506172840465e-04 1.117283950617284222e-01 6.172839506172840465e-04 6.172839506172840465e-04 2.530864197530864265e-02 6.172839506172840465e-04 6.172839506172840465e-04 3.765432098765432445e-02 4.382716049382716361e-02
2.649253731343283527e-02 1.156716417910447735e-02 3.731343283582089589e-04 3.731343283582089589e-04 3.731343283582089589e-04 4.888059701492537129e-02 4.514925373134328485e-02 3.731343283582089589e-04 7.126865671641791078e-02 7.873134328358209755e-02 3.768656716417910502e-02 3.731343283582089589e-04 3.395522388059701163e-02 3.731343283582089589e-04 8.992537313432835688e-02 3.731343283582089589e-04 4.104477611940299253e-03 5.634328358208955112e-02 7.835820895522389168e-03 3.731343283582089589e-04 3.731343283582089589e-04 3.731343283582089589e-04 8.619402985074627044e-02 2.914179104477611637e-01 3.731343283582089589e-04 3.731343283582089589e-04 1.902985074626865544e-02 6.380597014925373789e-02 2.276119402985074536e-02 3.731343283582089589e-04
1.396907216494845394e-01 5.154639175257732077e-04 9.329896907216495006e-02 5.154639175257732077e-04 5.154639175257732077e-04 5.154639175257732077e-04 5.154639175257732077e-04 5.154639175257732077e-04 3.144329896907216426e-02 2.221649484536082630e-01 6.237113402061855716e-02 7.783505154639175361e-02 5.154639175257732077e-04 5.154639175257732077e-04 5.154639175257732077e-04 5.154639175257732077e-04 5.154639175257732077e-04 7.268041237113401221e-02 5.154639175257732077e-04 5.154639175257732077e-04 6.237113402061855716e-02 4.175257731958762625e-02 5.154639175257732077e-04 1.448453608247422808e-01 5.154639175257732077e-04 4.175257731958762625e-02 5.154639175257732077e-04 5.154639175257732077e-04 5.154639175257732077e-04 5.154639175257732077e-04
6.136363636363637714e-02 8.333333333333334952e-03 7.575757575757577919e-04 7.575757575757577919e-04 7.575757575757577919e-04 8.333333333333334952e-03 7.575757575757577919e-04 8.409090909090910504e-02 7.575757575757577919e-04 3.568181818181819231e-01 7.575757575757577919e-04 7.575757575757577919e-04 5.378787878787879423e-02 7.575757575757577919e-04 5.378787878787879423e-02 7.575757575757577919e-04 7.575757575757577919e-04 7.575757575757577919e-04 7.575757575757577919e-04 7.575757575757577919e-04 6.136363636363637714e-02 1.674242424242424754e-01 7.575757575757577919e-04 6.136363636363637714e-02 7.575757575757577919e-04 7.575757575757577919e-04 7.575757575757577919e-04 2.348484848484849036e-02 2.348484848484849036e-02 2.348484848484849036e-02
9.575971731448759683e-02 1.448763250883391453e-02 3.533568904593638337e-04 3.533568904593638337e-04 3.533568904593638337e-04 3.533568904593638337e-04 3.533568904593638337e-04 3.886925795053002442e-03 1.095406360424027933e-02 3.533568904593638337e-04 3.533568904593638337e-04 3.533568904593638337e-04 2.155477031802119012e-02 3.533568904593638337e-04 7.420494699646640671e-03 1.802120141342755319e-02 3.568904593639574130e-02 3.007067137809185664e-01 3.533568904593638337e-04 3.533568904593638337e-04 1.346289752650176308e-01 2.508833922261483051e-02 1.452296819787985416e-01 1.063604240282685076e-01 1.448763250883391453e-02 3.533568904593638337e-04 3.533568904593638337e-04 3.533568904593638337e-04 6.042402826855122061e-02 3.533568904593638337e-04
1.377410468319558833e-04 1.377410468319558833e-04 1.377410468319558833e-04 9.931129476584017735e-02 4.269972451790632166e-03 1.804407713498621876e-02 4.119834710743800477e-01 1.666666666666665950e-02 1.377410468319558833e-04 1.377410468319558833e-04 1.253443526170798517e-02 1.377410468319558833e-04 1.377410468319558833e-04 1.377410468319558833e-04 7.024793388429748965e-03 1.377410468319558833e-04 1.377410468319558833e-04 1.377410468319558833e-04 1.377410468319558833e-04 1.227272727272726849e-01 1.377410468319558833e-04 1.377410468319558833e-04 1.528925619834710196e-02 1.377410468319558833e-04 1.377410468319558833e-04 1.377410468319558833e-04 1.377410468319558833e-04 2.079889807162533730e-02 2.687327823691459394e-01 1.377410468319558833e-04
2.629870129870128664e-02 3.571428571428570450e-03 1.655844155844155008e-02 3.246753246753245666e-04 3.246753246753245666e-04 3.246753246753245666e-04 3.246753246753245666e-04 3.246753246753245666e-04 3.246753246753245666e-04 3.246753246753245666e-04 3.571428571428570450e-03 3.246753246753245666e-04 1.594155844155843715e-01 3.246753246753245666e-04 3.571428571428570450e-03 1.331168831168830571e-02 3.246753246753245666e-04 1.951298701298700700e-01 3.246753246753245666e-04 1.331168831168830571e-02 2.438311688311687320e-01 1.006493506493506135e-02 1.301948051948051410e-01 1.074675324675324339e-01 3.246753246753245666e-04 1.980519480519479791e-02 3.246753246753245666e-04 3.571428571428570450e-03 4.253246753246751888e-02 3.571428571428570450e-03
9.708737864077672747e-04 9.708737864077672747e-04 3.116504854368932764e-01 9.708737864077672747e-04 9.708737864077672747e-04 9.708737864077672747e-04 1.067961165048544013e-02 4.961165048543690892e-01 9.708737864077672747e-04 3.009708737864078693e-02 9.708737864077672747e-04 9.708737864077672747e-04 9.708737864077672747e-04 9.708737864077672747e-04 3.009708737864078693e-02 4.951456310679612505e-02 9.708737864077672747e-04 1.067961165048544013e-02 9.708737864077672747e-04 9.708737864077672747e-04 9.708737864077672747e-04 9.708737864077672747e-04 9.708737864077672747e-04 1.067961165048544013e-02 9.708737864077672747e-04 3.009708737864078693e-02 9.708737864077672747e-04 9.708737864077672747e-04 9.708737864077672747e-04 9.708737864077672747e-04
4.373401534526853013e-02 2.557544757033247316e-04 5.370843989769820068e-03 2.557544757033247316e-04 2.557544757033247316e-04 1.304347826086956104e-02 2.557544757033247316e-04 2.813299232736572210e-03 2.557544757033247316e-04 5.370843989769820068e-03 2.071611253196930374e-02 2.557544757033247316e-04 8.721227621483373937e-02 2.557544757033247316e-04 2.557544757033247316e-04 2.557544757033247316e-04 6.930946291560100003e-02 1.920716112531968556e-01 2.557544757033247316e-04 1.560102301790280803e-02 1.869565217391303547e-01 2.557544757033247316e-04 1.051150895140664648e-01 2.023017902813298574e-01 2.813299232736572210e-03 1.048593350383631231e-02 2.557544757033247316e-04 3.350383631713554217e-02 2.557544757033247316e-04 2.557544757033247316e-04
5.292439372325247887e-02 1.426533523537802856e-04 1.426533523537802856e-04 1.426533523537802856e-04 1.426533523537802856e-04 1.726105563480741234e-02 1.426533523537802856e-04 1.426533523537802856e-04 1.426533523537802856e-04 8.573466476462193731e-02 1.426533523537802856e-04 1.426533523537802856e-04 1.426533523537802856e-04 1.426533523537802856e-04 8.701854493580594985e-03 6.148359486447929623e-02 9.001426533523534945e-02 2.169757489300997710e-01 7.275320970042793538e-03 1.426533523537802856e-04 6.291012838801710028e-02 2.582025677603422970e-02 9.429386590584874772e-02 2.012838801711839543e-01 3.723252496433665515e-02 2.154065620542082102e-02 1.569186875891582979e-03 1.426533523537802856e-04 8.701854493580594985e-03 4.422253922967188042e-03
5.806045340050377396e-02 1.259445843828715331e-04 1.259445843828715331e-04 1.259445843828715331e-04 1.259445843828715331e-04 1.259445843828715331e-04 1.259445843828715331e-04 1.259445843828715331e-04 1.259445843828715331e-04 1.649874055415617019e-02 1.259445843828715331e-04 8.942065491183877335e-03 8.942065491183877335e-03 1.259445843828715331e-04 6.423173803526446672e-03 9.206549118387907793e-02 1.071788413098236498e-01 1.890428211586901441e-01 1.272040302267002376e-02 1.259445843828715331e-04 8.073047858942063171e-02 4.168765743073047508e-02 1.298488664987405283e-01 1.613350125944583990e-01 2.153652392947102978e-02 2.027707808564231662e-02 6.423173803526446672e-03 1.146095717884130713e-02 1.775818639798488335e-02 7.682619647355162437e-03
3.846153846153847235e-04 3.846153846153847235e-04 3.234615384615385225e-01 3.846153846153847235e-04 3.846153846153847235e-04 3.846153846153847235e-04 3.846153846153847235e-04 3.619230769230769584e-01 3.846153846153847235e-04 3.846153846153847235e-04 3.846153846153847235e-04 3.846153846153847235e-04 3.846153846153847235e-04 3.846153846153847235e-04 3.846153846153847235e-04 6.192307692307694178e-02 3.846153846153847235e-04 3.846153846153847235e-04 3.846153846153847235e-04 7.730769230769232725e-02 3.846153846153847235e-04 3.846153846153847235e-04 3.846153846153847235e-04 3.846153846153847235e-04 1.080769230769231121e-01 3.500000000000000333e-02 3.846153846153847235e-04 3.846153846153847235e-04 1.576923076923077149e-02 8.076923076923078759e-03
3.058103975535167462e-04 4.311926605504585314e-02 2.633027522935778575e-01 3.058103975535167462e-04 6.422018348623850965e-03 6.422018348623850965e-03 3.058103975535167462e-04 2.938837920489295596e-01 3.700305810397552103e-02 1.042813455657492089e-01 3.058103975535167462e-04 3.058103975535167462e-04 3.363914373088684046e-03 3.058103975535167462e-04 3.058103975535167462e-04 6.452599388379202938e-02 3.058103975535167462e-04 3.058103975535167462e-04 3.058103975535167462e-04 2.477064220183485335e-02 3.058103975535167462e-04 3.058103975535167462e-04 3.058103975535167462e-04 3.058103975535167462e-04 4.923547400611619218e-02 5.535168195718653122e-02 3.058103975535167462e-04 3.058103975535167462e-04 3.700305810397552103e-02 6.422018348623850965e-03
9.407979407979404074e-02 1.287001287001286634e-04 1.415701415701415460e-03 1.287001287001286634e-04 1.287001287001286634e-04 1.287001287001286634e-04 1.287001287001286634e-04 1.287001287001286634e-04 2.702702702702701985e-03 6.061776061776059932e-02 2.715572715572715096e-02 1.287001287001286634e-04 1.287001287001286634e-04 1.287001287001286634e-04 2.458172458172457747e-02 1.685971685971685355e-02 1.287001287001286634e-04 3.592020592020591097e-01 5.276705276705274603e-03 2.702702702702701985e-03 2.458172458172457747e-02 4.388674388674387861e-02 8.249678249678246700e-02 1.378378378378377900e-01 1.415701415701415460e-03 5.160875160875159212e-02 1.415701415701415460e-03 2.329472329472329073e-02 3.745173745173744490e-02 1.287001287001286634e-04
1.722222222222222210e-01 5.555555555555555768e-03 1.565656565656565677e-02 5.050505050505050501e-04 5.050505050505050501e-04 5.050505050505050501e-04 5.050505050505050501e-04 5.050505050505050501e-04 5.050505050505050501e-04 1.116161616161616271e-01 1.565656565656565677e-02 8.636363636363636465e-02 5.050505050505050501e-04 5.050505050505050501e-04 5.555555555555555768e-03 5.050505050505050501e-04 5.050505050505050501e-04 1.368686868686868896e-01 5.050505050505050501e-04 5.050505050505050501e-04 1.060606060606060670e-02 5.050505050505050501e-04 1.166666666666666685e-01 5.050505050505050501e-04 5.050505050505050501e-04 5.050505050505050501e-04 4.090909090909090884e-02 2.732323232323232154e-01 5.050505050505050501e-04 5.050505050505050501e-04
3.956834532374100752e-03 3.597122302158273460e-04 3.597122302158273460e-04 3.956834532374100752e-03 3.597122302158273460e-04 3.597122302158273460e-04 3.597122302158273460e-04 3.597122302158273460e-04 3.597122302158273460e-04 3.597122302158273460e-04 3.597122302158273460e-04 3.273381294964028410e-02 6.510791366906475142e-02 7.553956834532374320e-03 2.913669064748201226e-02 2.553956834532374043e-02 3.597122302158273460e-04 1.514388489208633171e-01 3.597122302158273460e-04 3.956834532374100752e-03 1.118705035971223061e-01 3.273381294964028410e-02 1.874100719424460493e-01 9.748201438848921874e-02 3.597122302158273460e-04 3.597122302158273460e-04 3.597122302158273460e-04 1.046762589928057624e-01 1.370503597122302297e-01 3.597122302158273460e-04
6.849315068493152907e-04 4.178082191780822796e-02 2.130136986301370272e-01 6.849315068493152907e-04 6.849315068493152907e-04 7.534246575342467764e-03 4.178082191780822796e-02 1.719178082191781254e-01 6.849315068493152907e-04 6.232876712328767888e-02 6.849315068493152907e-04 6.849315068493152907e-04 6.849315068493152907e-04 6.849315068493152907e-04 6.849315068493152907e-04 6.849315068493152907e-04 6.849315068493152907e-04 6.849315068493152907e-04 6.849315068493152907e-04 1.993150684931507266e-01 6.849315068493152907e-04 6.849315068493152907e-04 6.849315068493152907e-04 6.849315068493152907e-04 8.972602739726029397e-02 1.102739726027397588e-01 6.849315068493152907e-04 6.849315068493152907e-04 3.493150684931507072e-02 1.438356164383561980e-02
5.154639175257733161e-04 5.154639175257733161e-04 1.087628865979381743e-01 5.154639175257733161e-04 5.154639175257733161e-04 5.154639175257733161e-04 5.154639175257733161e-04 5.154639175257733161e-04 5.154639175257733161e-04 5.154639175257733161e-04 5.154639175257733161e-04 1.551546391752577636e-01 5.670103092783506694e-03 5.154639175257733161e-04 5.154639175257733161e-04 5.154639175257733161e-04 5.154639175257733161e-04 6.237113402061856410e-02 5.154639175257733161e-04 4.690721649484536765e-02 1.082474226804123855e-02 4.690721649484536765e-02 6.237113402061856410e-02 5.154639175257733161e-04 5.154639175257733161e-04 5.154639175257733161e-04 7.783505154639176749e-02 3.819587628865979689e-01 3.144329896907216426e-02 5.154639175257733161e-04
1.430501930501930086e-01 5.984555984555983525e-03 1.930501930501930222e-04 1.930501930501930222e-04 3.687258687258686968e-02 3.687258687258686968e-02 1.930501930501930222e-04 1.563706563706563149e-02 5.038610038610037700e-02 1.179536679536679344e-01 2.123552123552123298e-03 1.930501930501930222e-04 4.266409266409265655e-02 1.930501930501930222e-04 9.845559845559842885e-03 3.687258687258686968e-02 1.930501930501930222e-04 5.984555984555983525e-03 3.108108108108107587e-02 6.003861003861003104e-02 1.140926640926640673e-01 9.092664092664090592e-02 7.355212355212353836e-02 7.915057915057912771e-03 1.930501930501930222e-04 2.528957528957528206e-02 1.930501930501930222e-04 1.930501930501930222e-04 5.424710424710423723e-02 3.687258687258686968e-02
6.354166666666667684e-02 1.041666666666666869e-03 3.239583333333334036e-01 1.145833333333333599e-02 1.145833333333333599e-02 1.041666666666666869e-03 1.041666666666666869e-03 1.885416666666667185e-01 3.229166666666666990e-02 1.041666666666666869e-03 1.041666666666666869e-03 1.041666666666666869e-03 1.041666666666666869e-03 2.187500000000000555e-02 1.041666666666666869e-03 1.041666666666666869e-03 1.041666666666666869e-03 1.041666666666666869e-03 6.354166666666667684e-02 7.395833333333333426e-02 1.041666666666666869e-03 1.041666666666666869e-03 1.041666666666666869e-03 1.041666666666666869e-03 1.572916666666666907e-01 1.041666666666666869e-03 1.041666666666666869e-03 1.041666666666666869e-03 1.041666666666666869e-03 3.229166666666666990e-02
3.571428571428572510e-04 3.571428571428572510e-04 3.571428571428572510e-04 4.360714285714286653e-01 3.571428571428572510e-04 3.571428571428572510e-04 4.217857142857143748e-01 3.571428571428572510e-04 3.928571428571429706e-03 3.571428571428572510e-04 3.571428571428572510e-04 3.571428571428572510e-04 3.571428571428572510e-04 3.571428571428572510e-04 3.571428571428572510e-04 3.571428571428572510e-04 3.571428571428572510e-04 3.928571428571429706e-03 3.571428571428572510e-04 3.571428571428572510e-04 3.928571428571429706e-03 3.571428571428572510e-04 3.571428571428572510e-04 3.571428571428572510e-04 3.571428571428572510e-04 3.571428571428572510e-04 3.571428571428572510e-04 7.500000000000001457e-03 1.146428571428571713e-01 3.571428571428572510e-04
8.066666666666666430e-02 6.666666666666667528e-04 7.333333333333334064e-03 6.666666666666667528e-04 4.733333333333333143e-02 6.666666666666667528e-04 6.666666666666667528e-04 6.666666666666667528e-04 6.666666666666667528e-04 2.066666666666666652e-02 6.666666666666667528e-04 6.666666666666667528e-04 1.406666666666666898e-01 1.400000000000000029e-02 1.340000000000000080e-01 6.666666666666667528e-04 1.400000000000000029e-02 8.066666666666666430e-02 6.666666666666667528e-04 6.666666666666667528e-04 2.939999999999999836e-01 6.666666666666667528e-04 2.733333333333333101e-02 9.400000000000000022e-02 6.666666666666667528e-04 6.666666666666667528e-04 6.666666666666667528e-04 7.333333333333334064e-03 2.733333333333333101e-02 6.666666666666667528e-04
2.865329512893982069e-04 2.865329512893982069e-04 3.151862464183380168e-03 2.696275071633236764e-01 2.865329512893982069e-04 2.865329512893982069e-04 3.154727793696273652e-01 1.461318051575930671e-02 6.017191977077362454e-03 2.865329512893982069e-04 3.753581661891116500e-02 6.017191977077362454e-03 2.893982808022921641e-02 2.865329512893982069e-04 2.865329512893982069e-04 3.180515759312319696e-02 2.865329512893982069e-04 2.865329512893982069e-04 2.865329512893982069e-04 7.765042979942690660e-02 2.865329512893982069e-04 3.151862464183380168e-03 2.865329512893982069e-04 2.865329512893982069e-04 2.865329512893982069e-04 2.865329512893982069e-04 2.865329512893982069e-04 2.865329512893982069e-04 1.808022922636102481e-01 2.034383954154727128e-02
3.773584905660378255e-04 3.773584905660378255e-04 1.547169811320754998e-02 3.211320754716981418e-01 3.773584905660378255e-04 3.811320754716981951e-02 3.890566037735849747e-01 3.773584905660378255e-04 3.773584905660378255e-04 1.547169811320754998e-02 3.773584905660378255e-04 3.773584905660378255e-04 3.773584905660378255e-04 3.773584905660378255e-04 3.773584905660378255e-04 3.811320754716981951e-02 3.773584905660378255e-04 3.773584905660378255e-04 3.773584905660378255e-04 1.169811320754717346e-02 3.773584905660378255e-04 3.773584905660378255e-04 3.773584905660378255e-04 3.773584905660378255e-04 4.150943396226416081e-03 4.188679245283019603e-02 3.773584905660378255e-04 3.773584905660378255e-04 1.022641509433962481e-01 1.547169811320754998e-02
4.625000000000000638e-02 4.166666666666667476e-04 4.166666666666667476e-04 4.166666666666667476e-04 4.166666666666667476e-04 4.166666666666667476e-04 4.166666666666667476e-04 4.166666666666667476e-04 4.583333333333334224e-03 5.458333333333333787e-02 8.791666666666668462e-02 4.166666666666667476e-04 4.166666666666667476e-04 4.166666666666667476e-04 4.166666666666667476e-04 1.708333333333333232e-02 4.166666666666667476e-04 7.958333333333335313e-02 8.750000000000000833e-03 4.166666666666667476e-04 4.166666666666667476e-04 6.291666666666667629e-02 1.754166666666666929e-01 4.166666666666667476e-04 4.166666666666667476e-04 4.166666666666667476e-04 4.166666666666667476e-04 4.166666666666667476e-04 8.375000000000001887e-02 3.712500000000000244e-01
1.307189542483659715e-04 1.307189542483659715e-04 1.307189542483659715e-04 2.746405228758169170e-01 1.307189542483659715e-04 2.235294117647058237e-02 3.596078431372548012e-01 1.307189542483659715e-04 1.320261437908496274e-02 1.307189542483659715e-04 1.307189542483659715e-04 1.307189542483659715e-04 1.307189542483659715e-04 1.307189542483659715e-04 1.307189542483659715e-04 6.287581699346403430e-02 1.307189542483659715e-04 1.437908496732025849e-03 1.437908496732025849e-03 3.542483660130717887e-02 1.307189542483659715e-04 1.307189542483659715e-04 1.058823529411764310e-02 4.052287581699345713e-03 1.307189542483659715e-04 1.450980392156862343e-02 1.307189542483659715e-04 1.307189542483659715e-04 1.922875816993463438e-01 5.359477124183004669e-03
3.164556962025315973e-04 3.164556962025315973e-04 3.164556962025315973e-04 3.547468354430378668e-01 3.164556962025315973e-04 2.246835443037974167e-02 3.927215189873417001e-01 3.164556962025315973e-04 3.164556962025315973e-04 3.164556962025315973e-04 3.164556962025315973e-04 3.164556962025315973e-04 3.164556962025315973e-04 3.481012658227847570e-03 3.164556962025315973e-04 1.297468354430379375e-02 3.164556962025315973e-04 6.645569620253163542e-03 3.164556962025315973e-04 3.164556962025315973e-04 3.164556962025315973e-04 3.164556962025315973e-04 3.164556962025315973e-04 3.164556962025315973e-04 3.164556962025315973e-04 1.613924050632910973e-02 3.481012658227847570e-03 3.164556962025315973e-04 1.806962025316455334e-01 3.164556962025315973e-04
1.309278350515463429e-01 3.436426116838486606e-04 3.436426116838486606e-04 3.436426116838486606e-04 3.436426116838486606e-04 3.436426116838486606e-04 3.436426116838486606e-04 3.436426116838486606e-04 3.436426116838486606e-04 3.436426116838486606e-04 3.436426116838486606e-04 3.436426116838486606e-04 1.034364261168384536e-01 3.436426116838486606e-04 3.814432989690719894e-02 6.219931271477661255e-02 1.752577319587628191e-02 1.481099656357387773e-01 3.436426116838486606e-04 2.783505154639174042e-02 2.718213058419242656e-01 4.158075601374568858e-02 7.938144329896903995e-02 1.408934707903779400e-02 3.436426116838486606e-04 3.436426116838486606e-04 3.436426116838486606e-04 3.814432989690719894e-02 1.408934707903779400e-02 7.216494845360822523e-03
2.450236966824643481e-01 1.579778830963664683e-04 3.317535545023695808e-03 1.579778830963664683e-04 2.069510268562400543e-02 1.579778830963664683e-04 4.897314375987360004e-03 1.737756714060031179e-03 1.579778830963664683e-04 8.862559241706158275e-02 1.437598736176934691e-02 1.579778830963664683e-04 1.139020537124802029e-01 1.437598736176934691e-02 4.897314375987360004e-03 4.597156398104264297e-02 3.317535545023695808e-03 2.118483412322273995e-01 1.579778830963664683e-04 4.897314375987360004e-03 9.178515007898890854e-02 7.124802527646127703e-02 3.807266982622431462e-02 1.579778830963664683e-04 8.056872037914688395e-03 6.477093206951023766e-03 1.579778830963664683e-04 1.579778830963664683e-04 4.897314375987360004e-03 1.579778830963664683e-04
1.564383561643835074e-01 2.739726027397259536e-04 3.589041095890409955e-02 2.739726027397259536e-04 1.945205479452053951e-02 2.739726027397259536e-04 3.013698630136985544e-03 8.493150684931505268e-03 2.739726027397259536e-04 6.328767123287669383e-02 3.013698630136985544e-03 2.739726027397259536e-04 3.041095890410957722e-02 5.753424657534244972e-03 3.863013698630135551e-02 6.054794520547943787e-02 1.123287671232876296e-02 3.372602739726026089e-01 2.493150684931505837e-02 1.123287671232876296e-02 3.589041095890409955e-02 3.589041095890409955e-02 6.602739726027395673e-02 1.123287671232876296e-02 1.671232876712328008e-02 8.493150684931505268e-03 2.739726027397259536e-04 2.739726027397259536e-04 2.739726027397259536e-04 1.397260273972602239e-02
2.747252747252746708e-04 2.747252747252746708e-04 2.942307692307691291e-01 2.747252747252746708e-04 2.747252747252746708e-04 2.747252747252746708e-04 3.049450549450548331e-02 2.747252747252746708e-04 1.126373626373625841e-02 1.651098901098900507e-01 2.747252747252746708e-04 8.269230769230767608e-02 2.747252747252746708e-04 5.769230769230767816e-03 2.747252747252746708e-04 4.697802197802197072e-02 2.747252747252746708e-04 2.747252747252746708e-04 2.747252747252746708e-04 9.642857142857140518e-02 3.873626373626372354e-02 2.747252747252746708e-04 8.543956043956041357e-02 2.747252747252746708e-04 3.049450549450548331e-02 2.747252747252746708e-04 8.516483516483513982e-03 1.126373626373625841e-02 8.818681318681316494e-02 2.747252747252746708e-04
3.546099290780142083e-04 3.546099290780142083e-04 3.546099290780142083e-04 3.195035460992907694e-01 3.546099290780142083e-04 3.546099290780142083e-04 4.223404255319148648e-01 3.546099290780142083e-04 1.453900709219857999e-02 3.546099290780142083e-04 3.546099290780142083e-04 3.546099290780142083e-04 3.546099290780142083e-04 3.546099290780142083e-04 3.546099290780142083e-04 3.936170212765957577e-02 2.163120567375886524e-02 3.546099290780142083e-04 3.546099290780142083e-04 3.546099290780142083e-04 1.099290780141843997e-02 3.546099290780142083e-04 3.546099290780142083e-04 3.546099290780142083e-04 3.546099290780142083e-04 3.546099290780142083e-04 3.900709219858156454e-03 3.546099290780142083e-04 1.599290780141844059e-01 3.546099290780142083e-04
4.273504273504273501e-04 4.273504273504273501e-04 6.025641025641025744e-02 4.700854700854701501e-03 4.273504273504273501e-04 1.752136752136752157e-02 8.589743589743589758e-02 1.324786324786324763e-02 4.273504273504273501e-04 1.243589743589743613e-01 8.162393162393162538e-02 5.170940170940170610e-02 4.273504273504273501e-04 4.700854700854701501e-03 4.273504273504273501e-04 1.200854700854700891e-01 4.273504273504273501e-04 4.273504273504273501e-04 2.055555555555555747e-01 4.273504273504273501e-04 4.273504273504273501e-04 2.179487179487179377e-02 1.324786324786324763e-02 4.273504273504273501e-04 7.735042735042735318e-02 1.115384615384615447e-01 4.273504273504273501e-04 4.273504273504273501e-04 4.273504273504273501e-04 4.273504273504273501e-04
2.594936708860759791e-02 6.329113924050634114e-04 6.329113924050634114e-04 6.329113924050634114e-04 6.329113924050634114e-04 6.329113924050634114e-04 6.329113924050634114e-04 1.329113924050633229e-02 6.329113924050634114e-04 3.297468354430380666e-01 6.329113924050634114e-04 6.962025316455697742e-03 2.594936708860759791e-02 6.329113924050634114e-04 8.291139240506330277e-02 6.329113924050634114e-04 6.962025316455697742e-03 6.962025316455697742e-03 6.962025316455697742e-03 6.329113924050634114e-04 6.329113924050634114e-04 6.962025316455697742e-03 6.329113924050634114e-04 1.018987341772152194e-01 6.329113924050634114e-04 6.329113924050634114e-04 5.126582278481013610e-02 2.094936708860759833e-01 6.329113924050634114e-04 1.145569620253164833e-01
