3.741496598639456987e-03 3.401360544217687924e-04 1.394557823129251826e-02 3.401360544217687924e-04 3.401360544217687924e-04 3.401360544217687924e-04 3.401360544217687924e-04 1.534013605442177131e-01 5.476190476190477552e-02 2.414965986394558214e-02 4.561224489795919212e-01 3.401360544217687924e-04 3.401360544217687924e-04 3.741496598639456987e-03 3.741496598639456987e-03 2.414965986394558214e-02 8.197278911564627457e-02 2.074829931972789476e-02 7.142857142857144369e-03 3.401360544217687924e-04 3.401360544217687924e-04 7.142857142857144369e-03 3.401360544217687924e-04 3.401360544217687924e-04 3.401360544217687924e-04 3.741496598639456987e-03 3.401360544217687924e-04 3.401360544217687924e-04 3.741496598639456987e-03 1.329931972789115957e-01
2.160784313725490624e-01 8.235294117647061138e-03 3.568627450980392524e-02 4.313725490196079933e-03 4.352941176470589285e-02 3.921568627450981314e-04 3.921568627450981314e-04 3.921568627450981314e-04 3.921568627450981314e-04 4.352941176470589285e-02 3.921568627450981314e-04 4.745098039215687319e-02 5.137254901960785353e-02 2.082352941176471017e-01 3.568627450980392524e-02 3.921568627450981314e-04 3.921568627450981314e-04 8.235294117647061138e-03 3.921568627450981314e-04 3.921568627450981314e-04 7.098039215686276215e-02 3.921568627450981314e-04 5.137254901960785353e-02 3.921568627450981314e-04 1.607843137254902008e-02 4.352941176470589285e-02 5.137254901960785353e-02 2.392156862745098422e-02 3.568627450980392524e-02 3.921568627450981314e-04
2.132196162046907408e-04 2.132196162046907408e-04 5.351812366737737636e-02 2.132196162046907408e-04 6.631130063965881560e-02 1.110874200426438668e-01 6.417910447761190906e-02 4.285714285714283672e-02 4.477611940298505122e-03 2.132196162046907408e-04 7.910447761194026872e-02 4.072494669509593018e-02 2.366737739872067092e-02 2.132196162046907408e-04 2.132196162046907408e-04 2.132196162046907408e-04 2.132196162046907408e-04 2.132196162046907408e-04 4.925373134328356328e-02 1.409381663113005723e-01 6.609808102345412530e-03 4.712153518123665674e-02 4.712153518123665674e-02 2.132196162046907408e-04 1.300639658848613302e-02 4.925373134328356328e-02 2.132196162046907408e-04 1.579957356076758246e-01 2.132196162046907408e-04 2.132196162046907408e-04
9.198473282442748422e-02 3.816793893129770952e-04 8.435114503816794340e-02 4.198473282442748318e-03 9.961832061068702504e-02 8.435114503816794340e-02 3.816793893129770952e-04 5.763358778625954359e-02 3.816793893129770952e-04 3.854961832061068461e-02 2.484732824427480780e-01 3.816793893129770952e-04 3.816793893129770952e-04 3.816793893129770952e-04 3.816793893129770952e-04 1.564885496183205868e-02 4.198473282442748318e-03 2.709923664122137338e-02 1.946564885496182909e-02 4.236641221374045502e-02 6.908396946564886176e-02 3.816793893129770952e-04 3.816793893129770952e-04 3.816793893129770952e-04 3.816793893129770952e-04 5.381679389312976625e-02 1.564885496183205868e-02 3.816793893129770952e-04 3.816793893129770952e-04 3.854961832061068461e-02
1.077586206896551709e-04 9.806034482758619469e-03 1.077586206896551709e-04 1.519396551724137671e-02 1.077586206896551709e-04 3.028017241379310151e-02 3.890086206896551518e-02 3.351293103448275273e-02 3.459051724137930661e-02 1.077586206896551709e-04 3.340517241379310082e-03 1.077586206896551709e-04 5.506465517241378865e-02 1.077586206896551709e-04 1.077586206896551709e-04 2.404094827586206462e-01 1.077586206896551709e-04 6.907327586206894743e-02 1.842672413793103314e-02 4.418103448275861357e-03 4.967672413793103314e-02 7.122844827586205518e-02 7.650862068965516051e-03 1.077586206896551709e-04 2.651939655172413368e-01 1.627155172413792886e-02 1.077586206896551709e-04 6.573275862068963908e-03 4.418103448275861357e-03 2.489224137931034253e-02
1.675041876046900980e-04 1.524288107202679751e-02 4.371859296482411700e-02 5.192629815745392931e-03 1.675041876046900980e-04 1.675041876046900980e-04 1.675041876046900980e-04 1.458961474036850614e-01 5.192629815745392931e-03 2.864321608040200709e-02 3.837520938023449846e-01 1.675041876046900980e-04 4.204355108877721320e-02 1.675041876046900980e-04 3.517587939698491734e-03 1.675041876046900980e-04 1.189279731993299512e-02 1.675041876046900980e-04 1.675041876046900980e-04 5.192629815745392931e-03 6.716917922948072162e-02 1.675041876046900980e-04 1.675041876046900980e-04 1.356783919597989718e-02 1.675041876046900980e-04 5.376884422110551898e-02 5.209380234505862212e-02 1.842546063651591187e-03 1.675041876046900980e-04 1.190954773869346422e-01
7.499999999999998335e-02 2.136752136752136479e-04 1.155982905982905762e-01 4.935897435897435015e-02 3.653846153846153355e-02 2.371794871794871001e-02 2.136752136752136479e-04 1.177350427350427053e-01 1.303418803418802951e-02 1.198717948717948484e-01 1.797008547008546453e-01 2.136752136752136479e-04 1.089743589743589341e-02 4.487179487179485983e-03 2.136752136752136479e-04 7.927350427350425555e-02 2.136752136752136479e-04 2.136752136752136479e-04 2.350427350427349883e-03 2.799145299145298221e-02 1.089743589743589341e-02 2.136752136752136479e-04 2.136752136752136479e-04 2.136752136752136479e-04 2.136752136752136479e-04 8.995726495726494298e-02 2.136752136752136479e-04 2.136752136752136479e-04 2.136752136752136479e-04 4.081196581196580575e-02
2.702702702702702202e-04 2.702702702702702202e-04 2.972972972972972097e-03 2.840540540540539283e-01 2.702702702702702202e-04 2.702702702702702202e-04 2.327027027027026296e-01 9.216216216216213675e-02 2.702702702702702202e-04 2.702702702702702202e-04 2.972972972972972097e-03 2.702702702702702202e-04 2.702702702702702202e-04 2.702702702702702202e-04 2.702702702702702202e-04 2.999999999999998848e-02 2.702702702702702202e-04 7.594594594594591963e-02 2.702702702702702202e-04 2.459459459459458625e-02 9.486486486486483960e-02 2.702702702702702202e-04 1.918918918918918401e-02 2.702702702702702202e-04 2.999999999999998848e-02 2.702702702702702202e-04 2.702702702702702202e-04 2.702702702702702202e-04 2.702702702702702202e-04 1.056756756756756510e-01
5.023923444976075535e-03 3.133971291866027853e-02 2.416267942583731274e-02 2.392344497607655030e-04 1.937799043062200452e-02 2.631578947368420560e-03 2.392344497607655030e-04 1.389952153110047550e-01 3.686602870813395771e-01 7.416267942583730510e-03 3.851674641148324779e-02 2.392344497607655030e-04 2.392344497607655030e-04 2.392344497607655030e-04 2.392344497607655030e-04 2.392344497607655030e-04 7.200956937799041224e-02 5.526315789473683349e-02 2.392344497607655030e-04 3.851674641148324779e-02 6.483253588516744992e-02 2.392344497607655030e-04 2.392344497607655030e-04 1.220095693779903873e-02 5.023923444976075535e-03 5.023923444976075535e-03 2.631578947368420560e-03 2.392344497607655030e-04 2.392344497607655030e-04 1.055023923444975836e-01
8.299595141700403036e-03 6.093117408906881249e-02 2.024291497975708144e-04 2.226720647773279202e-03 2.024291497975708144e-04 2.024291497975708144e-04 2.024291497975708144e-04 8.927125506072872141e-02 4.293522267206476561e-01 2.024291497975708144e-04 1.842105263157894218e-02 2.226720647773279202e-03 2.226720647773279202e-03 2.024291497975708144e-04 2.024291497975708144e-04 4.473684210526315125e-02 1.437246963562752687e-02 7.307692307692306710e-02 2.024291497975708144e-04 2.024291497975708144e-04 2.226720647773279202e-03 4.878542510121456482e-02 2.024291497975708144e-04 2.226720647773279202e-03 2.024291497975708144e-04 2.024291497975708144e-04 2.226720647773279202e-03 2.024291497975708144e-04 2.024291497975708144e-04 1.965587044534412298e-01
1.836393989983305369e-03 1.669449081803004733e-04 1.669449081803004733e-04 1.669449081803004733e-04 6.844741235392319025e-03 1.669449081803004733e-04 1.669449081803004733e-04 1.086811352253755913e-01 3.557595993322202887e-01 1.669449081803004733e-04 3.505843071786310210e-03 1.519198664440734280e-02 1.669449081803004733e-04 1.836393989983305369e-03 6.844741235392319025e-03 1.787979966611017990e-01 1.669449081803004733e-04 1.554257095158597390e-01 1.669449081803004733e-04 6.844741235392319025e-03 2.020033388981635689e-02 1.669449081803004733e-04 1.669449081803004733e-04 1.836393989983305369e-03 8.514190317195323432e-03 1.669449081803004733e-04 1.669449081803004733e-04 1.669449081803004733e-04 1.669449081803004733e-04 1.253756260434056302e-01
2.115171650055370708e-02 1.107419712070874653e-04 1.218161683277962145e-03 6.755260243632334703e-03 1.107419712070874653e-04 1.107419712070874653e-04 1.107419712070874653e-04 7.209302325581393167e-02 4.574750830564783266e-01 1.107419712070874653e-04 1.118493909191583223e-02 1.107419712070874653e-04 2.115171650055370708e-02 1.107419712070874653e-04 3.333333333333332593e-02 6.101882613510518916e-02 2.325581395348836743e-03 6.212624584717606896e-02 1.218161683277962145e-03 1.107419712070874653e-04 1.229235880398670683e-02 6.212624584717606896e-02 1.118493909191583223e-02 1.107419712070874653e-04 1.107419712070874653e-04 1.107419712070874653e-04 3.433001107419711342e-03 1.107419712070874653e-04 1.107419712070874653e-04 1.584717607973421538e-01
2.253258845437615746e-02 1.694599627560521016e-02 1.862197392923649569e-04 9.497206703910611447e-03 1.862197392923649569e-04 1.135940409683426112e-02 1.862197392923649569e-04 3.370577281191805552e-02 3.707635009310986107e-01 1.862197392923649569e-04 2.811918063314710822e-02 1.862197392923649569e-04 2.811918063314710822e-02 1.862197392923649569e-04 9.497206703910611447e-03 1.862197392923649569e-04 1.862197392923649569e-04 1.044692737430167467e-01 1.862197392923649569e-04 1.862197392923649569e-04 1.862197392923649569e-04 2.310986964618249040e-01 1.862197392923649569e-04 1.862197392923649569e-04 8.770949720670390137e-02 1.862197392923649569e-04 4.301675977653630911e-02 1.862197392923649569e-04 1.862197392923649569e-04 1.862197392923649569e-04
1.672240802675584658e-04 1.672240802675584658e-04 1.672240802675584658e-04 1.839464882943143368e-03 1.672240802675584658e-04 2.023411371237457401e-02 1.672240802675584658e-04 3.361204013377925431e-02 3.078595317725751346e-01 1.672240802675584658e-04 1.354515050167223560e-02 1.672240802675584658e-04 5.200668896321068713e-02 1.672240802675584658e-04 3.026755852842808597e-02 1.672240802675584658e-04 6.538461538461536049e-02 1.005016722408026419e-01 1.672240802675584658e-04 1.672240802675584658e-04 5.535117056856185547e-02 1.857859531772574346e-01 2.023411371237457401e-02 1.672240802675584658e-04 8.377926421404678636e-02 1.672240802675584658e-04 2.692307692307691416e-02 1.672240802675584658e-04 1.672240802675584658e-04 1.672240802675584658e-04
1.838235294117646762e-04 3.878676470588234698e-02 1.838235294117646762e-04 1.838235294117646762e-04 2.959558823529411312e-02 1.838235294117646762e-04 1.838235294117646762e-04 5.716911764705881471e-02 4.284926470588234504e-01 1.838235294117646762e-04 3.511029411764705205e-02 1.838235294117646762e-04 3.860294117647058119e-03 1.838235294117646762e-04 1.305147058823529112e-02 2.959558823529411312e-02 1.838235294117646762e-04 3.694852941176469951e-02 1.838235294117646762e-04 3.860294117647058119e-03 3.143382352941176405e-02 8.658088235294116031e-02 1.838235294117646762e-04 1.838235294117646762e-04 5.165441176470587231e-02 1.838235294117646762e-04 1.838235294117646762e-04 1.838235294117646762e-04 1.838235294117646762e-04 1.509191176470587870e-01
4.214559386973180596e-03 8.045977011494252762e-03 3.869731800766283702e-02 5.785440613026819612e-02 3.831417624521072924e-04 4.214559386973180596e-03 3.831417624521072924e-04 3.831417624521072924e-04 1.954022988505747099e-02 1.229885057471264420e-01 8.045977011494252762e-03 4.214559386973180596e-03 6.551724137931035086e-02 3.831417624521072924e-04 3.831417624521072924e-04 3.831417624521072924e-04 3.831417624521072924e-04 3.831417624521072924e-04 6.551724137931035086e-02 4.214559386973180596e-03 1.187739463601532666e-02 3.831417624521072924e-04 3.831417624521072924e-04 4.716475095785440663e-01 3.831417624521072924e-04 4.636015325670497789e-02 3.831417624521072924e-04 2.337164750957854142e-02 2.720306513409961532e-02 1.187739463601532666e-02
2.873563218390804016e-04 3.189655172413791845e-02 2.873563218390804016e-04 7.499999999999998335e-02 2.873563218390804016e-04 4.051724137931032865e-02 6.925287356321836729e-02 8.362068965517238661e-02 5.175287356321837118e-01 2.873563218390804016e-04 2.873563218390804016e-04 2.873563218390804016e-04 4.051724137931032865e-02 2.873563218390804016e-04 2.327586206896550824e-02 2.873563218390804016e-04 2.873563218390804016e-04 1.178160919540229348e-02 2.873563218390804016e-04 2.902298850574711736e-02 2.873563218390804016e-04 2.873563218390804016e-04 2.873563218390804016e-04 1.752873563218390260e-02 5.488505747126435491e-02 2.873563218390804016e-04 2.873563218390804016e-04 2.873563218390804016e-04 2.873563218390804016e-04 2.873563218390804016e-04
8.781869688385266631e-03 5.949008498583568082e-03 2.577903682719545966e-02 2.832861189801698983e-04 5.694050991501414805e-02 4.277620396600564923e-02 2.832861189801698983e-04 8.243626062322943759e-02 3.458923512747874018e-01 1.444759206798866373e-02 2.832861189801698983e-04 2.832861189801698983e-04 2.577903682719545966e-02 2.832861189801698983e-04 8.243626062322943759e-02 2.577903682719545966e-02 2.832861189801698983e-04 2.011331444759206083e-02 2.832861189801698983e-04 2.832861189801698983e-04 2.832861189801698983e-04 5.410764872521245383e-02 5.949008498583568082e-03 2.832861189801698983e-04 5.127478753541075268e-02 2.832861189801698983e-04 2.832861189801698983e-04 2.832861189801698983e-04 2.832861189801698983e-04 1.475920679886685016e-01
4.716981132075473361e-04 4.716981132075473361e-04 4.716981132075473361e-04 4.716981132075473361e-04 1.608490566037736325e-01 1.933962264150943661e-02 3.400943396226415727e-01 1.514150943396226912e-01 2.877358490566038485e-02 4.716981132075473361e-04 4.716981132075473361e-04 4.716981132075473361e-04 9.009433962264154494e-02 4.716981132075473361e-04 4.716981132075473361e-04 4.716981132075473361e-04 4.716981132075473361e-04 4.716981132075473361e-04 5.188679245283020318e-03 4.716981132075473361e-04 4.716981132075473361e-04 1.325471698113208086e-01 9.905660377358493571e-03 4.716981132075473361e-04 2.405660377358491073e-02 4.716981132075473361e-04 2.877358490566038485e-02 4.716981132075473361e-04 4.716981132075473361e-04 4.716981132075473361e-04
7.798165137614675863e-03 8.577981651376144490e-02 1.391437308868500970e-02 3.379204892966360119e-02 3.379204892966360119e-02 1.529051987767583731e-04 1.529051987767583731e-04 7.354740061162076681e-02 3.258409785932720459e-01 1.529051987767583731e-04 3.073394495412843166e-02 1.529051987767583731e-04 1.850152905198776052e-02 3.211009174311925483e-03 1.529051987767583731e-04 9.648318042813452955e-02 2.155963302752292657e-02 3.685015290519876724e-02 4.602446483180426540e-02 1.529051987767583731e-04 2.461773700305809609e-02 5.519877675840977049e-02 1.529051987767583731e-04 1.529051987767583731e-04 1.529051987767583731e-04 1.529051987767583731e-04 1.529051987767583731e-04 1.529051987767583731e-04 1.529051987767583731e-04 9.036697247706419744e-02
1.729559748427672572e-03 1.729559748427672572e-03 1.572327044025156884e-04 4.103773584905659466e-02 1.729559748427672572e-03 1.745283018867923794e-02 1.572327044025156884e-04 2.531446540880502583e-02 3.301886792452829022e-03 1.572327044025156884e-04 1.070754716981131560e-01 1.572327044025156884e-04 1.495283018867923919e-01 1.572327044025156884e-04 1.273584905660376902e-02 1.588050314465408105e-02 6.776729559748424780e-02 5.361635220125784279e-02 1.273584905660376902e-02 1.572327044025156884e-04 4.103773584905659466e-02 1.729559748427672572e-03 4.874213836477985472e-03 3.460691823899369468e-01 1.572327044025156884e-04 1.572327044025156884e-04 1.572327044025156884e-04 8.018867924528298372e-03 3.301886792452829022e-03 8.191823899371065976e-02
5.988023952095809397e-04 6.586826347305390662e-03 1.257485029940120028e-02 4.850299401197605276e-02 5.988023952095809397e-04 6.646706586826348073e-02 1.383233532934131926e-01 7.844311377245509476e-02 1.257485029940120028e-02 5.988023952095809397e-04 5.988023952095809397e-04 5.988023952095809397e-04 1.257485029940120028e-02 6.586826347305390662e-03 1.856287425149701076e-02 6.586826347305390662e-03 7.844311377245509476e-02 5.988023952095809397e-04 6.646706586826348073e-02 7.245508982035929468e-02 1.856287425149701076e-02 1.856287425149701076e-02 4.251497005988024575e-02 1.856287425149701076e-02 1.922155688622754766e-01 5.988023952095809397e-04 5.988023952095809397e-04 2.455089820359281777e-02 5.449101796407186671e-02 5.988023952095809397e-04
2.004008016032063854e-04 9.438877755511020096e-02 2.024048096192384086e-02 2.004008016032063854e-04 2.004008016032063854e-04 3.627254509018035256e-02 2.004008016032063854e-04 6.833667334669336901e-02 1.505010020040079832e-01 6.212424849699397893e-03 2.186372745490981484e-01 2.004008016032063854e-04 2.004008016032063854e-04 2.004008016032063854e-04 2.004008016032063854e-04 1.823647294589177820e-02 2.625250501002003231e-02 5.430861723446892692e-02 2.004008016032063854e-04 1.022044088176352408e-02 2.004008016032063854e-04 1.044088176352705177e-01 2.004008016032063854e-04 1.823647294589177820e-02 1.422845691382765114e-02 2.224448897795590699e-02 2.004008016032063854e-04 2.004008016032063854e-04 2.004008016032063854e-04 1.344689378757514542e-01
3.614457831325300439e-03 3.614457831325300439e-03 8.278829604130807929e-02 1.258175559380378394e-01 7.246127366609293741e-02 1.721170395869190892e-04 4.148020654044749789e-02 1.049913941480206357e-02 1.893287435456109981e-03 1.721170395869190892e-04 1.721170395869190892e-04 1.049913941480206357e-02 1.843373493975903055e-01 1.721170395869190892e-04 1.721170395869190892e-04 5.335628227194491764e-03 1.963855421686746539e-01 2.254733218588639634e-02 1.721170395869190892e-04 1.721170395869190892e-04 6.901893287435455215e-02 3.287435456110154169e-02 1.721170395869190892e-04 1.721170395869190892e-04 1.344234079173837748e-01 1.721170395869190892e-04 1.721170395869190892e-04 1.721170395869190892e-04 1.721170395869190892e-04 1.721170395869190892e-04
1.714828897338403213e-01 3.802281368821293079e-04 3.802281368821293079e-04 1.178707224334600741e-02 3.460076045627376307e-02 4.182509505703422767e-03 3.802281368821293079e-04 3.802281368821293079e-04 7.984790874524715087e-03 3.802281368821293079e-04 1.752851711026615911e-01 3.802281368821293079e-04 4.182509505703422767e-03 3.802281368821293079e-04 2.095057034220532410e-01 6.882129277566539916e-02 1.939163498098859031e-02 4.182509505703422767e-03 3.802281368821293079e-04 3.802281368821293079e-04 1.558935361216729973e-02 3.079847908745246901e-02 3.802281368821293079e-04 3.802281368821293079e-04 2.319391634980988437e-02 7.984790874524715087e-03 3.802281368821293079e-04 3.802281368821293079e-04 3.802281368821293079e-04 2.057034220532319435e-01
1.526717557251907893e-04 1.526717557251907893e-04 1.100763358778625439e-01 4.442748091603052063e-02 3.206106870229006710e-03 9.312977099236638065e-03 1.526717557251907893e-04 1.526717557251907893e-04 1.526717557251907893e-04 1.526717557251907893e-04 2.152671755725190164e-02 1.526717557251907893e-04 4.932824427480914653e-01 1.526717557251907893e-04 1.526717557251907893e-04 3.206106870229006710e-03 3.526717557251907165e-02 4.748091603053433696e-02 1.999999999999999348e-02 1.679389312977098763e-03 3.526717557251907165e-02 5.664122137404578594e-02 1.526717557251907893e-04 1.526717557251907893e-04 2.458015267175571797e-02 1.847328244274808531e-02 1.526717557251907893e-04 1.526717557251907893e-04 7.343511450381677574e-02 1.526717557251907893e-04
3.412969283276449462e-04 1.399317406143344052e-02 5.836177474402728937e-02 4.129692832764503274e-02 3.412969283276449462e-04 4.129692832764503274e-02 3.412969283276449462e-04 1.334470989761091797e-01 3.412969283276449462e-04 3.412969283276449462e-04 3.412969283276449462e-04 3.412969283276449462e-04 3.412969283276449462e-04 3.412969283276449462e-04 1.058020477815699301e-02 3.412969283276449462e-04 3.412969283276449462e-04 4.129692832764503274e-02 3.412969283276449462e-04 3.412969283276449462e-04 3.447098976109213425e-02 9.590443686006822066e-02 1.880546075085323676e-01 3.412969283276449462e-04 3.075085324232080253e-01 3.412969283276449462e-04 1.740614334470988803e-02 1.058020477815699301e-02 3.412969283276449462e-04 3.412969283276449462e-04
1.487684729064039056e-02 2.965517241379309749e-02 9.852216748768470795e-05 9.852216748768470795e-05 9.852216748768470795e-05 1.083743842364531937e-03 9.852216748768470795e-05 9.960591133004922937e-02 1.783251231527093264e-02 2.068965517241378935e-03 3.932019704433497020e-01 9.852216748768470795e-05 6.009852216748766927e-03 9.852216748768470795e-05 7.980295566502461357e-03 3.054187192118226150e-03 5.822660098522166455e-02 4.344827586206895936e-02 1.586206896551723908e-02 9.852216748768470795e-05 6.019704433497535812e-02 1.881773399014777942e-02 9.852216748768470795e-05 1.083743842364531937e-03 9.852216748768470795e-05 5.133004926108373361e-02 4.039408866995072497e-03 2.068965517241378935e-03 1.389162561576354378e-02 1.547783251231526769e-01
5.022831050228311264e-03 3.698630136986301442e-02 2.013698630136986356e-01 5.022831050228311264e-03 1.872146118721461014e-02 4.566210045662100854e-04 4.566210045662100854e-04 4.566210045662100854e-04 4.566210045662100854e-04 4.566210045662100854e-04 4.566210045662100854e-04 4.566210045662100854e-04 4.566210045662100854e-04 4.566210045662100854e-04 4.566210045662100854e-04 4.566210045662100854e-04 6.438356164383561564e-02 7.808219178082193013e-02 2.744292237442922389e-01 4.566210045662100854e-04 5.022831050228311264e-03 4.566210045662100854e-04 4.566210045662100854e-04 2.607305936073059383e-01 4.566210045662100854e-04 4.566210045662100854e-04 4.155251141552511462e-02 4.566210045662100854e-04 4.566210045662100854e-04 4.566210045662100854e-04
3.266596417281348447e-03 1.169652265542676407e-02 1.053740779768176953e-04 2.212855637513171710e-03 1.053740779768176953e-04 1.053740779768176953e-04 4.225500526870389767e-02 1.380400421496311668e-02 1.053740779768176953e-04 1.053740779768176953e-04 1.053740779768176953e-04 1.159114857744994757e-03 2.118018967334035774e-02 1.053740779768176953e-04 1.053740779768176953e-04 1.802950474183350749e-01 1.139093782929399140e-01 1.044257112750263256e-01 1.801896733403582709e-02 1.053740779768176953e-04 4.436248682824024681e-02 6.649104320337195784e-02 9.072708113804002494e-02 1.053740779768176953e-04 2.435194942044256738e-01 1.907270811380400513e-02 1.053740779768176953e-04 1.053740779768176953e-04 2.223393045310853577e-02 1.053740779768176953e-04
9.768518518518519433e-02 4.629629629629629806e-04 4.629629629629629806e-04 5.601851851851851610e-02 4.629629629629629806e-04 4.629629629629629806e-04 4.629629629629629806e-04 1.069444444444444531e-01 9.305555555555555802e-02 4.629629629629629806e-04 6.990740740740740422e-02 4.629629629629629806e-04 2.824074074074073987e-02 4.629629629629629806e-04 1.578703703703703831e-01 4.629629629629629806e-04 5.092592592592593004e-03 4.629629629629629806e-04 5.092592592592593004e-03 4.629629629629629806e-04 4.629629629629629806e-04 7.916666666666667684e-02 1.898148148148148112e-02 4.629629629629629806e-04 4.629629629629629806e-04 4.629629629629629806e-04 4.629629629629629806e-04 4.629629629629629806e-04 4.629629629629629806e-04 2.736111111111111382e-01
4.891891891891890498e-02 2.702702702702702202e-04 2.702702702702702202e-04 1.918918918918918401e-02 2.972972972972972097e-03 8.378378378378376068e-03 2.702702702702702202e-04 3.810810810810809357e-02 3.543243243243242024e-01 1.918918918918918401e-02 2.702702702702702202e-04 2.702702702702702202e-04 2.702702702702702202e-04 2.702702702702702202e-04 5.972972972972971639e-02 3.810810810810809357e-02 4.351351351351350621e-02 2.999999999999998848e-02 5.675675675675674083e-03 2.702702702702702202e-04 5.675675675675674083e-03 4.351351351351350621e-02 1.083783783783783539e-01 5.675675675675674083e-03 5.162162162162160783e-02 2.999999999999998848e-02 2.702702702702702202e-04 1.918918918918918401e-02 2.702702702702702202e-04 6.513513513513512210e-02
3.481012658227847136e-03 8.575949367088604725e-02 3.164556962025315431e-04 3.164556962025315431e-04 3.164556962025315431e-04 3.164556962025315431e-04 3.164556962025315431e-04 1.617088607594936167e-01 2.879746835443036668e-02 3.164556962025315431e-04 1.806962025316455056e-01 3.164556962025315431e-04 3.481012658227847136e-03 3.164556962025315431e-04 3.164556962025315431e-04 2.879746835443036668e-02 6.677215189873415835e-02 9.525316455696199169e-02 3.164556962025315431e-04 3.164556962025315431e-04 1.395569620253164222e-01 7.626582278481010280e-02 4.778481012658226251e-02 3.196202531645568612e-02 3.164556962025315431e-04 2.563291139240505417e-02 3.164556962025315431e-04 3.164556962025315431e-04 3.164556962025315431e-04 1.930379746835442223e-02
1.545595054095826699e-04 2.333848531684698177e-02 1.545595054095826699e-04 1.715610510046367346e-02 8.207109737248839687e-02 1.545595054095826699e-04 1.545595054095826699e-04 5.579598145285934174e-02 3.123647604327665639e-01 1.545595054095826699e-04 3.106646058732611890e-02 1.700154559505409396e-03 1.870170015455950227e-02 6.336939721792888246e-03 1.545595054095826699e-04 1.083462132921174381e-01 1.545595054095826699e-04 9.289026275115917775e-02 1.700154559505409396e-03 1.545595054095826699e-04 6.043276661514682124e-02 6.197836166924265006e-02 1.097372488408036861e-02 1.545595054095826699e-04 2.024729520865532761e-02 3.245749613601236257e-03 1.545595054095826699e-04 1.545595054095826699e-04 1.545595054095826699e-04 8.979907264296753400e-02
4.524886877828054486e-04 4.524886877828054486e-04 4.524886877828054486e-04 4.524886877828054486e-04 1.135746606334841757e-01 9.502262443438914963e-03 4.977375565610860260e-03 6.832579185520361309e-02 1.542986425339366585e-01 9.502262443438914963e-03 5.475113122171945679e-02 4.977375565610860260e-03 6.832579185520361309e-02 4.524886877828054486e-04 4.524886877828054486e-04 4.524886877828054486e-04 1.361990950226244501e-01 4.524886877828054486e-04 4.524886877828054486e-04 9.502262443438914963e-03 3.212669683257918241e-02 1.361990950226244501e-01 9.547511312217195345e-02 4.524886877828054486e-04 4.524886877828054486e-04 4.524886877828054486e-04 2.760180995475113030e-02 4.524886877828054486e-04 9.502262443438914963e-03 5.927601809954750889e-02
3.508771929824560059e-04 3.508771929824560059e-04 5.298245614035085316e-02 2.950877192982454544e-01 3.508771929824560059e-04 3.508771929824560059e-04 1.789473684210525495e-02 1.789473684210525495e-02 3.508771929824560059e-04 5.999999999999998390e-02 3.508771929824560059e-04 3.859649122807016445e-03 1.789473684210525495e-02 3.859649122807016445e-03 2.842105263157893372e-02 7.368421052631576179e-03 7.368421052631576179e-03 3.508771929824560059e-04 1.933333333333332738e-01 5.649122807017541853e-02 1.266666666666666219e-01 3.508771929824560059e-04 3.859649122807016445e-03 1.789473684210525495e-02 3.508771929824560059e-04 1.789473684210525495e-02 2.842105263157893372e-02 3.894736842105261249e-02 3.508771929824560059e-04 3.508771929824560059e-04
1.883239171374764299e-04 1.883239171374764299e-04 4.350282485875705402e-02 3.973634651600752715e-02 2.467043314500940929e-02 6.421845574387946565e-02 1.883239171374764299e-04 9.623352165725045093e-02 1.902071563088511899e-02 1.883239171374764299e-04 4.107344632768360482e-01 1.883239171374764299e-04 5.668549905838040498e-02 1.883239171374764299e-04 1.148775894538606006e-02 3.954802259887004595e-03 2.843691148775893962e-02 2.655367231638417272e-02 1.883239171374764299e-04 3.954802259887004595e-03 7.721280602636532327e-03 1.883239171374764299e-04 3.954802259887004595e-03 1.883239171374764299e-04 1.883239171374764299e-04 2.090395480225988242e-02 2.071563088512240729e-03 1.883239171374764299e-04 1.883239171374764299e-04 1.338983050847457335e-01
1.512859304084719723e-04 6.974281391830557120e-02 1.512859304084719723e-04 1.664145234493191695e-03 1.512859304084719723e-04 3.343419062027230826e-02 1.512859304084719723e-04 9.999999999999996392e-02 3.239031770045384673e-01 1.512859304084719723e-04 4.251134644478062052e-02 1.512859304084719723e-04 1.074130105900150851e-02 4.689863842662630490e-03 5.158850226928893973e-02 2.586989409984870661e-02 1.527987897125566812e-02 4.553706505295006257e-02 1.512859304084719723e-04 1.074130105900150851e-02 2.586989409984870661e-02 1.090771558245082762e-01 1.512859304084719723e-04 3.177004538577911201e-03 1.074130105900150851e-02 1.664145234493191695e-03 4.402420574886534155e-02 4.689863842662630490e-03 1.512859304084719723e-04 6.369137670196670098e-02
2.057613168724279522e-04 2.263374485596707664e-03 5.576131687242797536e-02 2.057613168724279522e-04 1.049382716049382380e-02 2.489711934156377954e-02 2.057613168724279522e-04 1.216049382716049149e-01 2.057613168724279522e-04 2.057613168724279522e-04 1.049382716049382380e-02 2.057613168724279522e-04 6.193415637860081452e-02 2.057613168724279522e-04 2.057613168724279522e-04 2.263374485596707664e-03 9.897119341563784256e-02 9.897119341563784256e-02 2.057613168724279522e-04 8.436213991769544659e-03 5.164609053497941360e-02 8.045267489711932507e-02 9.691358024691355821e-02 2.057613168724279522e-04 2.286008230452674372e-01 2.057613168724279522e-04 2.057613168724279522e-04 2.078189300411522125e-02 2.057613168724279522e-04 2.283950617283949866e-02
2.906976744186045929e-04 1.049418604651162490e-01 2.906976744186045929e-04 2.906976744186045929e-04 2.906976744186045929e-04 4.680232558139534038e-02 2.906976744186045929e-04 6.715116279069766048e-02 3.197674418604650251e-03 2.906976744186045929e-04 4.770348837209300585e-01 3.197674418604650251e-03 3.517441860465114756e-02 2.906976744186045929e-04 2.906976744186045929e-04 2.906976744186045929e-04 2.645348837209301335e-02 2.354651162790696861e-02 2.906976744186045929e-04 3.197674418604650251e-03 2.906976744186045929e-04 2.906976744186045929e-04 3.197674418604650251e-03 2.906976744186045929e-04 2.906976744186045929e-04 2.645348837209301335e-02 6.104651162790695855e-03 2.906976744186045929e-04 2.906976744186045929e-04 1.688953488372092471e-01
1.632619439868204236e-01 1.647446457990115506e-04 4.629324546952224423e-02 1.647446457990115506e-04 1.583196046128500789e-01 1.647446457990115506e-04 1.647446457990115506e-04 5.617792421746293369e-02 1.647446457990115506e-04 1.647446457990115506e-04 5.107084019769357608e-03 1.812191103789126921e-03 4.299835255354201441e-02 1.647446457990115506e-04 2.158154859967051017e-02 1.647446457990115506e-04 1.647446457990115506e-04 7.265238879736408972e-02 1.647446457990115506e-04 1.647446457990115506e-04 4.958813838550247405e-02 1.369028006589785851e-01 4.135090609555189950e-02 1.812191103789126921e-03 7.265238879736408972e-02 1.647446457990115506e-04 6.606260296540363008e-02 1.647446457990115506e-04 1.812191103789126921e-03 5.947281713344316351e-02
2.237136465324384305e-04 4.496644295302012345e-02 2.237136465324384305e-04 2.237136465324384305e-04 2.237136465324384305e-04 2.237136465324384305e-04 2.237136465324384305e-04 1.187919463087248051e-01 2.237136465324384305e-04 2.237136465324384305e-04 4.208053691275166486e-01 2.237136465324384305e-04 4.049217002237135571e-02 2.237136465324384305e-04 2.237136465324384305e-04 4.496644295302012345e-02 2.237136465324384305e-04 3.378076062639820409e-02 6.935123042505591563e-03 2.237136465324384305e-04 3.378076062639820409e-02 2.237136465324384305e-04 2.460850111856822953e-03 2.460850111856822953e-03 2.237136465324384305e-04 2.237136465324384305e-04 2.237136465324384305e-04 2.237136465324384305e-04 2.237136465324384305e-04 2.463087248322146927e-01
6.544715447154472732e-02 1.264227642276422869e-01 4.065040650406504604e-04 1.260162601626016454e-02 4.065040650406504604e-04 4.471544715447155552e-03 4.065040650406504604e-04 2.443089430894309355e-01 4.065040650406504604e-04 4.065040650406504604e-04 4.105691056910569514e-02 4.065040650406504604e-04 4.065040650406504604e-04 4.065040650406504604e-04 1.792682926829268497e-01 4.918699186991870587e-02 4.065040650406504604e-04 4.065040650406504604e-04 8.536585365853659180e-03 4.065040650406504604e-04 2.479674796747967716e-02 4.065040650406504604e-04 4.065040650406504604e-04 4.065040650406504604e-04 4.065040650406504604e-04 4.065040650406504604e-04 4.471544715447155552e-03 6.138211382113821502e-02 4.471544715447155552e-03 1.670731707317073544e-01
2.290502793296089051e-02 1.731843575418994322e-02 5.586592178770950334e-04 5.586592178770950334e-04 5.586592178770950334e-04 5.586592178770950334e-04 1.731843575418994322e-02 1.234636871508379974e-01 5.586592178770950334e-04 1.731843575418994322e-02 2.290502793296089051e-02 6.145251396648045150e-03 6.145251396648045150e-03 5.586592178770950334e-04 2.910614525139664788e-01 5.586592178770950334e-04 5.586592178770950334e-04 5.586592178770950334e-04 5.586592178770950334e-04 8.435754189944133508e-02 5.083798882681563741e-02 5.586592178770950334e-04 3.966480446927374282e-02 5.586592178770950334e-04 7.877094972067039125e-02 5.586592178770950334e-04 5.586592178770950334e-04 3.407821229050279205e-02 5.586592178770950334e-04 1.793296089385474912e-01
1.218026796589524876e-04 3.544457978075517268e-02 1.218026796589524876e-04 5.006090133982946805e-02 1.218026796589524876e-04 7.076735688185138706e-02 5.006090133982946805e-02 1.218026796589524876e-04 1.339829476248477350e-03 9.866017052375150587e-03 3.179049939098659711e-02 1.218026796589524876e-04 4.153471376370279633e-02 1.218026796589524876e-04 8.903775883069425801e-02 1.218026796589524876e-04 6.954933008526187344e-02 1.024360535931790328e-01 1.218026796589524876e-04 6.211936662606575878e-03 1.036540803897685603e-01 4.397076735688184440e-02 1.218026796589524876e-04 1.218026796589524876e-04 1.779537149817295716e-01 4.153471376370279633e-02 2.813641900121802500e-02 2.570036540803897346e-02 1.961023142509134981e-02 1.218026796589524876e-04
8.539944903581267802e-03 6.088154269972452515e-02 2.754820936639118751e-04 2.754820936639118751e-04 2.754820936639118751e-04 2.754820936639118751e-04 8.539944903581267802e-03 7.465564738292011782e-02 8.016528925619835488e-02 3.030303030303030734e-03 3.005509641873277960e-01 3.030303030303030734e-03 4.435261707988981394e-02 2.754820936639118751e-04 2.754820936639118751e-04 2.754820936639118751e-04 2.754820936639118751e-04 5.785123966942149268e-03 3.333333333333333287e-02 2.754820936639118751e-04 2.754820936639118751e-04 2.754820936639118751e-04 2.754820936639118751e-04 2.754820936639118751e-04 2.754820936639118751e-04 2.754820936639118751e-04 2.754820936639118751e-04 8.539944903581267802e-03 8.539944903581267802e-03 3.556473829201101666e-01
6.060606060606062769e-04 2.484848484848485584e-02 2.484848484848485584e-02 6.060606060606062769e-04 3.696969696969697877e-02 4.303030303030304371e-02 1.272727272727273290e-02 1.460606060606061130e-01 6.060606060606062769e-04 6.060606060606062769e-04 6.060606060606062769e-04 6.060606060606062769e-04 4.303030303030304371e-02 6.060606060606062769e-04 6.666666666666669697e-03 6.060606060606062769e-04 2.484848484848485584e-02 6.666666666666669697e-03 1.878787878787879437e-02 4.066666666666667873e-01 6.666666666666669697e-03 4.303030303030304371e-02 6.060606060606062769e-04 6.060606060606062769e-04 1.272727272727273290e-02 6.060606060606062769e-04 6.060606060606062769e-04 6.060606060606062769e-04 6.060606060606062769e-04 1.339393939393939970e-01
5.245346869712351305e-03 6.277495769881555332e-02 4.923857868020303785e-02 1.861252115059221354e-03 1.539763113367173877e-02 5.431472081218273462e-02 2.216582064297799998e-02 1.101522842639593575e-01 1.879864636209813422e-01 8.629441624365479305e-03 4.754653130287647689e-02 1.692047377326564867e-04 1.692047377326564867e-04 1.692047377326564867e-04 3.231810490693739352e-02 1.692047377326564867e-04 1.692047377326564867e-04 2.047377326565143207e-02 1.692047377326564867e-04 1.692047377326564867e-04 2.385786802030456441e-02 1.456852791878172348e-01 7.461928934010150782e-02 1.692047377326564867e-04 1.032148900169204547e-02 1.692047377326564867e-04 1.032148900169204547e-02 8.629441624365479305e-03 1.692047377326564867e-04 1.067681895093062355e-01
3.731343283582087963e-04 5.261194029850743692e-02 3.731343283582087963e-04 3.731343283582087963e-04 6.753731343283579658e-02 3.731343283582087963e-04 3.731343283582087963e-04 6.753731343283579658e-02 4.817164179104475585e-01 3.731343283582087963e-04 3.395522388059699775e-02 3.731343283582087963e-04 4.104477611940297518e-03 3.731343283582087963e-04 1.156716417910447388e-02 3.731343283582087963e-04 3.731343283582087963e-04 3.731343283582087963e-04 3.731343283582087963e-04 3.731343283582087963e-04 4.514925373134326403e-02 1.720149253731342587e-01 2.276119402985073495e-02 3.731343283582087963e-04 2.649253731343282486e-02 3.731343283582087963e-04 3.731343283582087963e-04 3.731343283582087963e-04 3.731343283582087963e-04 7.835820895522385698e-03
1.923464249748237445e-02 1.007049345417925342e-04 3.232628398791539959e-02 1.117824773413897063e-02 3.937562940584087706e-02 1.007049345417925342e-04 1.007049345417925342e-04 5.146022155085597932e-02 3.434038267875125228e-02 3.232628398791539959e-02 1.461228600201409378e-01 1.107754279959717808e-03 8.670694864048335282e-02 1.007049345417925342e-04 2.729103726082577480e-02 1.007049345417925342e-04 1.279959718026182913e-01 9.375629405840883723e-02 1.007049345417925342e-04 1.007049345417925342e-04 1.923464249748237445e-02 1.914400805639475955e-01 1.017119838872104429e-02 1.007049345417925342e-04 2.326283987915407636e-02 1.017119838872104429e-02 4.128902316213493157e-03 1.007049345417925342e-04 1.007049345417925342e-04 3.736153071500503131e-02
2.645502645502644597e-04 2.645502645502644597e-04 2.142857142857142183e-02 2.645502645502644597e-04 3.730158730158728703e-02 3.201058201058200325e-02 2.645502645502644597e-04 1.060846560846560593e-01 2.645502645502644597e-04 2.645502645502644597e-04 1.060846560846560593e-01 2.645502645502644597e-04 3.994708994708993238e-02 2.645502645502644597e-04 3.071428571428570509e-01 2.645502645502644597e-04 2.645502645502644597e-04 2.645502645502644597e-04 6.375661375661374752e-02 2.645502645502644597e-04 2.645502645502644597e-04 2.645502645502644597e-04 5.582010582010580452e-02 2.645502645502644597e-04 2.910052910052909544e-03 2.671957671957670907e-02 2.671957671957670907e-02 2.407407407407406719e-02 2.645502645502644597e-04 1.457671957671957397e-01
3.323262839879153208e-03 3.021148036253775348e-04 1.090634441087613010e-01 3.051359516616312939e-02 4.864048338368578972e-02 3.021148036253775348e-04 3.021148036253775348e-04 1.060422960725075220e-01 3.021148036253775348e-04 4.259818731117823165e-02 2.480362537764349562e-01 3.021148036253775348e-04 5.468277945619334085e-02 3.021148036253775348e-04 7.280966767371599424e-02 3.021148036253775348e-04 9.093655589123864069e-02 3.323262839879153208e-03 3.021148036253775348e-04 3.021148036253775348e-04 1.238670694864047774e-02 3.323262839879153208e-03 3.051359516616312939e-02 3.021148036253775348e-04 3.021148036253775348e-04 3.021148036253775348e-04 3.021148036253775348e-04 3.021148036253775348e-04 1.238670694864047774e-02 1.271903323262839614e-01
8.879184861717610497e-03 1.601164483260553075e-03 1.455604075691411788e-04 3.071324599708879013e-02 7.423580786026198926e-03 3.071324599708879013e-02 5.967976710334787355e-03 1.906841339155749410e-02 3.056768558951964646e-03 7.423580786026198926e-03 1.267831149927219625e-01 1.455604075691411788e-04 8.602620087336243504e-02 1.455604075691411788e-04 2.883551673944686478e-01 1.455604075691411788e-04 2.489082969432314038e-02 1.195050946142648951e-01 2.634643377001455455e-02 1.601164483260553075e-03 5.254730713245996110e-02 5.982532751091702156e-02 1.455604075691411788e-04 7.423580786026198926e-03 1.179039301310043364e-02 3.056768558951964646e-03 1.601164483260553075e-03 1.033478893740902294e-02 1.455604075691411788e-04 6.419213973799126061e-02
