5.710900473933648580e-02 1.208530805687203606e-02 2.369668246445497432e-04 2.369668246445497432e-04 2.369668246445497432e-04 2.369668246445497432e-04 1.732227488151658334e-01 2.369668246445497432e-04 2.369668246445497432e-04 2.369668246445497432e-04 7.345971563981042174e-03 9.715639810426538250e-03 5.452606635071088892e-01 4.976303317535544363e-03 2.369668246445497432e-04 2.369668246445497432e-04 4.976303317535544363e-03 2.606635071090047419e-03 2.606635071090047419e-03 2.369668246445497432e-04 2.369668246445497432e-04 1.566350710900473453e-01 2.369668246445497432e-04 1.919431279620852776e-02 2.369668246445497432e-04 2.369668246445497432e-04 2.369668246445497432e-04 2.369668246445497432e-04 2.369668246445497432e-04 2.369668246445497432e-04
8.798449612403097531e-02 1.291989664082686959e-04 1.421188630490955764e-03 1.291989664082686959e-04 1.291989664082686959e-04 2.726098191214469668e-02 1.047803617571059082e-01 8.927648578811366031e-02 2.779069767441859629e-01 1.291989664082686959e-04 4.534883720930231454e-02 2.713178294573642940e-03 1.291989664082686959e-04 1.421188630490955764e-03 1.291989664082686959e-04 2.713178294573642940e-03 1.291989664082686959e-04 1.421188630490955764e-03 1.291989664082686959e-04 1.291989664082686959e-04 1.291989664082686959e-04 2.701550387596898251e-01 1.291989664082686959e-04 5.568475452196380848e-02 1.291989664082686959e-04 1.291989664082686959e-04 2.984496124031007017e-02 1.291989664082686959e-04 1.291989664082686959e-04 1.291989664082686959e-04
1.677740863787375095e-02 3.172757475083055889e-02 1.661129568106312114e-04 3.488372093023255332e-03 1.661129568106312114e-04 1.661129568106312114e-04 1.014950166112956603e-01 6.661129568106310961e-02 3.488372093023255332e-03 4.335548172757474478e-02 1.661129568106312114e-04 1.179401993355481439e-02 9.983388704318935103e-02 6.810631229235878693e-03 1.661129568106312114e-04 1.661129568106312114e-04 5.149501661129567663e-03 1.247508305647840182e-01 1.677740863787375095e-02 3.504983388704318442e-02 6.810631229235878693e-03 8.820598006644517208e-02 1.661129568106312114e-04 6.810631229235878693e-03 1.661129568106312114e-04 1.978405315614617521e-01 6.661129568106310961e-02 6.495016611295680031e-02 1.661129568106312114e-04 1.661129568106312114e-04
2.688172043010752144e-04 2.688172043010752144e-04 1.908602150537633615e-02 2.688172043010752144e-04 2.688172043010752144e-04 2.956989247311827412e-03 1.723118279569891831e-01 9.973118279569889721e-02 2.688172043010752144e-04 9.704301075268814691e-02 2.688172043010752144e-04 2.956989247311827412e-03 2.688172043010752144e-04 1.051075268817203978e-01 2.688172043010752144e-04 2.956989247311827412e-03 2.688172043010752144e-04 1.370967741935483382e-02 2.688172043010752144e-04 2.688172043010752144e-04 7.284946236559138033e-02 1.427419354838709298e-01 2.715053763440859400e-02 8.629032258064513183e-02 2.688172043010752144e-04 1.024193548387096475e-01 4.865591397849461375e-02 2.688172043010752144e-04 2.688172043010752144e-04 2.688172043010752144e-04
1.492440604751619493e-01 1.533477321814254342e-02 2.159827213822893867e-04 8.855291576673862686e-03 1.965442764578833115e-02 1.190064794816414473e-01 3.261339092872569262e-02 1.146868250539956613e-01 2.159827213822893867e-04 9.524838012958961042e-02 2.159827213822893867e-04 2.375809935205183254e-03 2.159827213822893867e-04 3.261339092872569262e-02 1.449244060475161633e-01 4.341252699784016456e-02 1.317494600431965042e-02 2.397408207343411715e-02 2.159827213822893867e-04 9.740820734341250342e-02 2.159827213822893867e-04 2.159827213822893867e-04 2.159827213822893867e-04 5.637149028077752949e-02 2.375809935205183254e-03 2.159827213822893867e-04 2.159827213822893867e-04 4.535637149028076687e-03 2.181425485961122415e-02 2.159827213822893867e-04
5.377777777777779239e-02 4.444444444444445742e-04 2.711111111111111707e-02 4.444444444444445742e-04 7.155555555555558056e-02 4.444444444444445742e-04 4.444444444444445742e-04 4.444444444444445742e-04 7.155555555555558056e-02 4.444444444444445742e-04 8.044444444444447118e-02 5.293333333333334334e-01 4.444444444444445742e-04 4.444444444444445742e-04 4.444444444444445742e-04 4.444444444444445742e-04 4.444444444444445742e-04 4.888888888888890533e-03 4.444444444444445742e-04 4.444444444444445742e-04 4.044444444444445647e-02 2.711111111111111707e-02 9.333333333333335841e-03 4.444444444444445742e-04 4.444444444444445742e-04 7.600000000000002587e-02 4.444444444444445742e-04 4.444444444444445742e-04 4.444444444444445742e-04 4.444444444444445742e-04
1.672240802675584929e-04 1.138795986622073292e-01 5.183946488294313877e-03 8.528428093645483085e-03 1.672240802675584929e-04 1.020066889632106726e-02 2.692307692307692110e-02 1.672240802675584929e-04 1.672240802675584929e-04 1.672240802675584929e-04 1.672240802675584929e-04 1.672240802675584929e-04 3.361204013377926125e-02 2.023411371237457748e-02 1.672240802675584929e-04 1.672240802675584929e-04 1.672240802675584929e-04 1.005016722408026558e-01 1.672240802675584929e-04 1.839464882943143585e-03 4.030100334448159793e-02 1.672240802675584929e-04 3.026755852842808944e-02 1.672240802675584929e-04 2.859531772575250527e-02 4.215719063545149692e-01 8.879598662207356663e-02 6.705685618729095854e-02 1.672240802675584929e-04 1.672240802675584929e-04
1.257364341085271120e-01 1.550387596899224893e-04 1.550387596899224893e-04 1.550387596899224893e-04 1.705426356589147437e-03 1.550387596899224893e-04 1.613953488372092959e-01 1.009302325581395293e-01 1.396899224806201489e-01 1.550387596899224893e-04 2.806201550387597138e-02 1.427906976744185985e-01 1.550387596899224893e-04 3.271317829457364573e-02 1.550387596899224893e-04 1.550387596899224893e-04 1.550387596899224893e-04 1.550387596899224893e-04 1.550387596899224893e-04 1.550387596899224893e-04 9.457364341085270493e-03 1.613953488372092959e-01 1.550387596899224893e-04 6.992248062015504750e-02 1.705426356589147437e-03 1.705426356589147437e-03 2.031007751937984399e-02 1.550387596899224893e-04 1.550387596899224893e-04 1.550387596899224893e-04
4.248826291079811635e-02 3.544600938967135129e-02 9.624413145539903111e-03 2.347417840375586257e-04 2.347417840375586257e-04 2.347417840375586257e-04 6.830985915492955585e-02 8.708920187793425804e-02 2.913145539906102366e-01 2.347417840375586257e-04 3.075117370892017921e-02 4.014084507042253031e-02 1.197183098591548915e-02 2.347417840375586257e-04 2.347417840375586257e-04 2.582159624413144991e-03 2.347417840375586257e-04 2.347417840375586257e-04 2.347417840375586257e-04 2.582159624413144991e-03 2.347417840375586257e-04 3.429577464788731156e-01 2.347417840375586257e-04 1.197183098591548915e-02 2.347417840375586257e-04 2.347417840375586257e-04 2.347417840375586257e-04 2.347417840375586257e-04 2.347417840375586257e-04 1.901408450704224901e-02
6.934865900383141435e-02 1.954022988505746405e-02 4.256704980842910824e-01 3.831417624521072382e-04 8.045977011494251027e-03 3.831417624521072382e-04 3.486590038314175272e-02 3.831417624521072382e-04 2.720306513409960839e-02 8.045977011494251027e-03 7.701149425287355521e-02 3.831417624521072382e-04 3.831417624521072382e-04 3.831417624521072382e-04 3.831417624521072382e-04 3.831417624521072382e-04 3.831417624521072382e-04 3.831417624521072382e-04 3.831417624521072382e-04 5.019157088122604138e-02 3.103448275862068229e-02 3.831417624521072382e-04 1.570881226053639362e-02 5.785440613026818224e-02 3.831417624521072382e-04 3.486590038314175272e-02 1.344827586206896186e-01 3.831417624521072382e-04 3.831417624521072382e-04 3.831417624521072382e-04
9.021164021164018720e-02 8.201058201058198521e-03 3.730158730158728703e-02 1.613756613756613112e-02 2.407407407407406719e-02 2.645502645502644597e-04 7.962962962962960578e-02 4.788359788359787539e-02 2.645502645502644597e-04 2.645502645502644597e-04 3.201058201058200325e-02 2.645502645502644597e-04 2.645502645502644597e-04 2.407407407407406719e-02 2.357142857142856263e-01 2.645502645502644597e-04 2.645502645502644597e-04 1.349206349206348750e-02 2.910052910052909544e-03 1.933862433862433006e-01 2.645502645502644597e-04 5.555555555555554033e-03 5.052910052910052074e-02 2.645502645502644597e-04 2.645502645502644597e-04 2.645502645502644597e-04 2.645502645502644597e-04 2.645502645502644597e-04 1.219576719576719315e-01 1.349206349206348750e-02
4.729241877256316895e-02 3.610108303249096734e-04 3.610108303249096734e-04 3.610108303249096734e-04 1.119133574007219988e-02 3.610108303249096734e-04 4.007220216606497548e-02 3.610108303249096734e-04 7.617328519855594282e-02 3.971119133574006407e-03 3.610108303249096734e-04 4.913357400722020429e-01 3.610108303249096734e-04 3.610108303249096734e-04 3.610108303249096734e-04 7.581227436823103141e-03 3.610108303249096734e-04 5.090252707581226221e-02 3.610108303249096734e-04 2.924187725631768181e-02 6.895306859205775629e-02 3.610108303249096734e-04 3.610108303249096734e-04 3.610108303249096734e-04 3.610108303249096734e-04 1.303249097472923834e-01 2.563176895306858508e-02 3.610108303249096734e-04 1.119133574007219988e-02 3.610108303249096734e-04
4.561128526645768372e-02 7.225705329153604695e-02 3.324451410658307293e-01 3.291536050156740160e-03 1.567398119122257155e-04 1.567398119122257155e-04 5.188087774294670995e-02 2.210031347962382320e-02 1.567398119122257155e-04 8.009404388714733147e-02 2.366771159874608149e-02 1.112852664576802382e-02 1.426332288401253867e-02 5.815047021943573619e-02 1.567398119122257155e-04 6.426332288401253277e-03 6.426332288401253277e-03 6.426332288401253277e-03 1.567398119122257155e-04 4.247648902821316713e-02 1.567398119122257155e-04 1.112852664576802382e-02 1.567398119122257155e-04 1.349529780564263370e-01 1.112852664576802382e-02 6.442006269592476242e-02 1.567398119122257155e-04 1.567398119122257155e-04 1.567398119122257155e-04 1.567398119122257155e-04
1.030257186081693921e-01 1.512859304084719723e-04 1.512859304084719723e-04 1.512859304084719723e-04 1.512859304084719723e-04 2.435703479576398905e-02 7.881996974281389734e-02 1.512859304084719723e-04 1.453857791225415530e-01 4.402420574886534155e-02 2.889561270801814519e-02 1.075642965204235552e-01 1.512859304084719723e-04 6.822995461422085017e-02 1.512859304084719723e-04 1.512859304084719723e-04 1.512859304084719723e-04 1.512859304084719723e-04 7.715582450832069068e-03 5.158850226928893973e-02 1.512859304084719723e-04 2.452344931921330295e-01 1.512859304084719723e-04 8.940998487140693063e-02 3.177004538577911201e-03 1.512859304084719723e-04 1.512859304084719723e-04 1.512859304084719723e-04 1.512859304084719723e-04 1.512859304084719723e-04
6.606786427145706908e-02 1.996007984031935743e-04 1.996007984031935743e-04 1.996007984031935743e-04 1.996007984031935743e-04 1.996007984031935743e-04 5.608782435129739535e-02 1.119760479041915918e-01 7.405189620758481639e-02 1.996007984031935743e-04 8.802395209580836377e-02 4.253493013972055037e-01 4.191616766467064735e-03 1.996007984031935743e-04 1.996007984031935743e-04 1.996007984031935743e-04 1.996007984031935743e-04 1.017964071856287088e-02 1.996007984031935743e-04 4.191616766467064735e-03 3.213572854291416730e-02 1.159680638722554724e-01 1.996007984031935743e-04 1.996007984031935743e-04 1.996007984031935743e-04 1.996007984031935743e-04 4.191616766467064735e-03 2.195608782435129209e-03 2.195608782435129209e-03 1.996007984031935743e-04
1.484759095378564327e-02 1.328416912487708768e-01 9.832841691248771210e-05 9.832841691248771210e-05 1.081612586037364928e-03 9.832841691248771210e-05 8.564405113077679099e-02 9.832841691248771210e-05 9.832841691248771210e-05 1.386430678466076677e-02 9.832841691248771210e-05 5.122910521140609796e-02 8.072763028515241024e-02 1.976401179941002922e-02 9.832841691248771210e-05 2.959685349065880114e-02 9.832841691248771210e-05 4.031465093411995722e-03 9.832841691248771210e-05 9.832841691248771210e-05 9.832841691248771210e-05 7.482792527040314778e-02 1.091445427728613554e-02 1.681415929203539800e-02 9.941002949852506543e-02 2.842674532940019927e-01 2.468043264503441692e-02 5.417895771878072919e-02 9.832841691248771210e-05 9.832841691248771210e-05
3.169642857142857678e-02 1.522321428571428992e-01 3.352678571428572285e-01 4.464285714285715773e-04 4.910714285714287350e-03 4.464285714285715773e-04 4.464285714285715773e-04 1.075892857142857484e-01 4.464285714285715773e-04 1.477678571428571730e-01 8.526785714285717299e-02 4.910714285714287350e-03 4.464285714285715773e-04 4.464285714285715773e-04 4.464285714285715773e-04 4.464285714285715773e-04 4.464285714285715773e-04 5.848214285714287142e-02 4.464285714285715773e-04 1.383928571428571890e-02 4.464285714285715773e-04 9.375000000000003123e-03 2.276785714285714871e-02 4.464285714285715773e-04 1.383928571428571890e-02 4.464285714285715773e-04 4.464285714285715773e-04 4.464285714285715773e-04 4.464285714285715773e-04 4.910714285714287350e-03
4.489795918367348732e-03 4.081632653061225725e-04 4.489795918367348732e-03 4.081632653061225725e-04 4.081632653061225725e-04 4.489795918367348732e-03 6.163265306122450021e-02 4.081632653061225725e-04 4.081632653061225725e-04 4.489795918367348732e-03 3.714285714285715106e-02 2.489795918367347302e-02 5.800000000000000711e-01 4.081632653061225725e-04 4.081632653061225725e-04 1.673469387755102331e-02 4.081632653061225725e-04 4.081632653061225725e-04 1.673469387755102331e-02 4.081632653061225725e-04 4.081632653061225725e-04 2.167346938775510656e-01 4.081632653061225725e-04 4.081632653061225725e-04 4.081632653061225725e-04 2.081632653061224816e-02 4.081632653061225725e-04 4.081632653061225725e-04 4.081632653061225725e-04 4.081632653061225725e-04
3.922261484098939904e-02 2.862190812720847785e-02 2.862190812720847785e-02 1.522968197879858709e-01 3.533568904593639964e-04 1.448763250883392147e-02 6.749116607773851528e-02 3.533568904593639964e-04 3.533568904593639964e-04 3.886925795053003743e-03 7.102473498233216609e-02 2.508833922261484092e-02 3.533568904593639964e-04 1.448763250883392147e-02 3.533568904593639964e-04 3.533568904593639964e-04 3.533568904593639964e-04 1.063604240282685631e-01 3.533568904593639964e-04 9.929328621908127539e-02 3.533568904593639964e-04 3.533568904593639964e-04 3.568904593639575518e-02 3.533568904593639964e-04 3.533568904593639964e-04 7.420494699646643273e-03 3.922261484098939904e-02 3.922261484098939904e-02 3.533568904593639964e-04 2.229681978798586650e-01
6.397748592870543261e-02 4.333958724202625901e-02 1.876172607879924680e-04 9.568480300187615084e-03 1.332082551594746325e-02 1.876172607879924680e-04 3.583489681050656267e-02 1.876172607879924680e-04 9.568480300187615084e-03 1.876172607879924680e-04 1.876172607879924680e-04 3.135084427767353965e-01 2.457786116322701123e-02 1.876172607879924680e-04 1.876172607879924680e-04 2.063789868667917013e-03 1.332082551594746325e-02 1.707317073170731142e-02 1.876172607879924680e-04 3.208255159474671103e-02 1.876172607879924680e-04 3.020637898686678868e-02 1.707317073170731142e-02 1.876172607879924680e-04 1.144465290806753917e-02 2.422138836772982362e-01 2.063789868667917013e-03 1.090056285178236245e-01 7.692307692307690133e-03 1.876172607879924680e-04
8.245614035087721339e-02 5.847953216374271283e-04 5.847953216374271283e-04 5.847953216374271283e-04 2.982456140350878138e-02 5.847953216374271283e-04 4.736842105263159436e-02 1.877192982456141190e-01 4.152046783625731874e-02 6.432748538011698845e-03 2.982456140350878138e-02 4.040935672514621158e-01 5.847953216374271283e-04 5.847953216374271283e-04 5.847953216374271283e-04 5.847953216374271283e-04 6.491228070175440734e-02 6.432748538011698845e-03 5.847953216374271283e-04 5.847953216374271283e-04 5.847953216374271283e-04 5.847953216374271283e-04 5.847953216374271283e-04 5.847953216374271283e-04 1.228070175438597013e-02 5.321637426900586304e-02 5.847953216374271283e-04 2.397660818713450923e-02 5.847953216374271283e-04 5.847953216374271283e-04
1.180392156862745401e-01 3.921568627450981314e-04 3.921568627450981314e-04 3.921568627450981314e-04 3.921568627450981314e-04 3.921568627450981314e-04 3.921568627450981314e-04 2.784313725490196456e-02 4.313725490196079933e-03 3.921568627450981314e-04 2.000000000000000389e-02 5.180392156862746456e-01 3.921568627450981314e-04 3.921568627450981314e-04 3.921568627450981314e-04 1.607843137254902008e-02 3.921568627450981314e-04 8.274509803921571705e-02 3.921568627450981314e-04 5.137254901960785353e-02 5.529411764705883386e-02 3.921568627450981314e-04 3.921568627450981314e-04 3.921568627450981314e-04 3.921568627450981314e-04 9.450980392156865806e-02 3.921568627450981314e-04 4.313725490196079933e-03 3.921568627450981314e-04 3.921568627450981314e-04
3.257328990228012091e-04 1.335504885993484686e-02 3.257328990228012091e-04 3.257328990228012091e-04 3.257328990228012091e-04 3.257328990228012091e-04 1.208469055374592482e-01 3.615635179153092738e-02 3.257328990228012091e-04 6.840390879478824848e-03 3.257328990228012091e-04 4.498371335504884327e-01 3.583061889250813408e-03 3.257328990228012091e-04 3.257328990228012091e-04 3.257328990228012091e-04 3.257328990228012091e-04 3.257328990228012091e-04 3.257328990228012091e-04 3.257328990228012091e-04 3.257328990228012091e-04 3.257328990228012091e-04 3.257328990228012091e-04 1.661237785016285787e-02 1.827361563517914678e-01 1.208469055374592482e-01 3.257328990228012091e-04 4.267100977198695633e-02 3.257328990228012091e-04 3.257328990228012091e-04
8.985507246376808060e-03 1.742028985507245720e-01 2.898550724637680544e-04 2.898550724637680544e-04 2.898550724637680544e-04 2.898550724637680544e-04 2.898550724637680544e-04 2.898550724637680544e-04 2.898550724637680544e-04 2.898550724637680544e-04 2.347826086956520883e-02 7.275362318840578046e-02 2.898550724637680544e-04 2.898550724637680544e-04 2.898550724637680544e-04 2.898550724637680544e-04 2.898550724637680544e-04 2.898550724637680544e-04 2.898550724637680544e-04 2.898550724637680544e-04 2.898550724637680544e-04 3.217391304347824721e-02 2.927536231884056775e-02 6.086956521739128601e-03 1.799999999999999378e-01 3.104347826086955586e-01 2.898550724637680544e-04 1.539130434782608192e-01 3.188405797101448273e-03 2.898550724637680544e-04
1.734615384615383893e-01 3.846153846153844524e-04 3.846153846153844524e-04 3.846153846153844524e-04 3.846153846153844524e-04 3.846153846153844524e-04 2.730769230769229325e-02 1.192307692307691819e-02 3.115384615384613962e-02 8.076923076923073555e-03 4.653846153846151468e-02 4.196153846153843903e-01 3.846153846153844524e-04 3.846153846153844524e-04 4.230769230769228922e-03 3.846153846153844524e-04 4.653846153846151468e-02 8.115384615384611811e-02 3.846153846153844524e-04 1.576923076923076109e-02 8.076923076923073555e-03 4.269230769230767525e-02 3.846153846153844524e-04 6.576923076923074651e-02 3.846153846153844524e-04 1.192307692307691819e-02 3.846153846153844524e-04 3.846153846153844524e-04 3.846153846153844524e-04 3.846153846153844524e-04
1.639344262295081695e-04 1.639344262295081695e-04 1.639344262295081695e-04 1.639344262295081695e-04 1.983606557377048593e-02 1.639344262295081695e-04 7.393442622950818777e-02 6.901639344262293363e-02 3.295081967213114166e-02 4.606557377049179391e-02 3.442622950819671478e-03 6.721311475409834542e-03 1.639344262295081695e-04 1.362295081967212773e-01 1.803278688524589946e-03 2.475409836065573313e-02 2.313114754098360148e-01 1.639344262295081695e-04 5.098360655737704111e-02 8.360655737704916074e-03 7.065573770491802297e-02 2.967213114754098033e-02 1.639344262295081695e-04 1.983606557377048593e-02 1.639344262295081695e-04 5.754098360655737071e-02 3.459016393442622406e-02 7.557377049180326323e-02 1.639344262295081695e-04 5.081967213114753010e-03
2.242152466367712755e-04 1.235426008968609768e-01 2.242152466367712755e-04 2.242152466367712755e-04 2.242152466367712755e-04 2.242152466367712755e-04 4.730941704035874357e-02 2.242152466367712755e-04 2.242152466367712755e-04 2.488789237668161125e-02 2.242152466367712755e-04 1.706278026905829193e-01 4.708520179372196676e-03 2.242152466367712755e-04 2.466367713004484138e-03 1.143497757847533429e-02 2.242152466367712755e-04 2.242152466367712755e-04 1.816143497757847364e-02 2.242152466367712755e-04 2.242152466367712755e-04 2.713004484304932379e-02 2.242152466367712755e-04 2.242152466367712755e-04 8.766816143497757619e-02 3.679372197309416226e-01 2.242152466367712755e-04 1.100896860986547016e-01 2.242152466367712755e-04 2.242152466367712755e-04
7.682481751824814242e-02 1.478102189781021168e-02 1.824817518248174526e-04 1.824817518248174526e-04 1.824817518248174526e-04 2.572992700729925808e-02 3.850364963503648263e-02 1.824817518248174526e-04 1.078467153284671104e-01 1.824817518248174526e-04 2.572992700729925808e-02 2.264598540145984495e-01 1.295620437956203699e-02 2.937956204379561093e-02 1.824817518248174526e-04 2.025547445255473575e-02 1.824817518248174526e-04 1.824817518248174526e-04 1.824817518248174526e-04 1.824817518248174526e-04 1.824817518248174526e-04 2.720802919708028011e-01 1.824817518248174526e-04 1.151459854014598022e-01 2.007299270072991897e-03 1.478102189781021168e-02 1.824817518248174526e-04 2.007299270072991897e-03 5.656934306569340841e-03 7.481751824817514662e-03
1.130434782608695336e-02 1.242236024844720272e-04 1.242236024844720272e-04 1.242236024844720272e-04 5.093167701863352166e-03 1.242236024844720272e-04 5.354037267080744011e-02 1.242236024844720272e-04 2.248447204968943500e-02 2.608695652173912381e-03 1.242236024844720272e-04 5.144099378881986651e-01 1.242236024844720272e-04 1.242236024844720272e-04 1.242236024844720272e-04 1.242236024844720272e-04 1.242236024844720272e-04 1.242236024844720272e-04 1.627329192546583467e-02 1.242236024844720272e-04 1.242236024844720272e-04 2.113043478260868968e-01 3.850931677018632707e-03 1.366459627329192272e-03 1.503105590062111391e-02 1.081987577639751119e-01 1.242236024844720272e-04 2.993788819875775609e-02 2.608695652173912381e-03 1.242236024844720272e-04
5.982905982905981600e-03 2.849002849002848278e-04 1.737891737891737384e-02 2.849002849002848278e-04 3.162393162393161566e-02 5.982905982905981600e-03 8.831908831908829444e-03 8.831908831908829444e-03 5.982905982905981600e-03 2.849002849002848278e-04 2.849002849002848278e-04 5.672364672364670346e-01 2.849002849002848278e-04 2.849002849002848278e-04 2.849002849002848278e-04 2.849002849002848278e-04 2.849002849002848278e-04 7.720797720797718811e-02 2.849002849002848278e-04 2.877492877492876522e-02 4.871794871794870446e-02 1.168091168091167642e-02 2.849002849002848278e-04 3.133903133903133322e-03 4.586894586894586096e-02 9.715099715099712041e-02 1.168091168091167642e-02 2.849002849002848278e-04 2.022792022792022082e-02 2.849002849002848278e-04
4.981773997569865359e-03 2.806804374240582864e-02 1.215066828675577049e-04 1.713244228432563368e-02 3.778857837181044677e-02 1.215066828675577049e-04 9.489671931956256135e-02 1.215066828675577049e-04 1.215066828675577049e-04 3.049817739975698577e-02 2.320777642770352131e-02 1.215066828675577049e-04 5.479951397326852242e-02 8.396111786148235945e-02 1.215066828675577049e-04 5.115431348724179539e-02 6.196840826245442191e-03 9.842041312272172687e-03 1.471445929526123686e-01 2.442284325637909814e-02 7.411907654921019023e-03 1.215066828675577049e-04 8.882138517618466678e-02 7.545565006075333203e-02 1.215066828675577049e-04 2.442284325637909814e-02 1.215066828675577049e-04 1.336573511543134862e-03 1.823815309842040933e-01 4.981773997569865359e-03
4.136986301369862534e-02 1.482191780821917604e-01 2.739726027397260079e-04 2.739726027397260079e-04 2.739726027397260079e-04 2.739726027397260079e-04 2.739726027397260079e-04 1.123287671232876470e-02 2.739726027397260079e-04 2.739726027397260079e-04 2.739726027397260079e-04 1.783561643835616106e-01 2.739726027397260079e-04 1.671232876712328355e-02 2.739726027397260079e-04 2.739726027397260079e-04 2.739726027397260079e-04 2.739726027397260079e-04 3.013698630136985978e-03 2.739726027397260079e-04 2.739726027397260079e-04 2.739726027397260079e-04 2.739726027397260079e-04 2.739726027397260079e-04 1.673972602739725868e-01 2.578082191780821097e-01 2.739726027397260079e-04 1.701369863013698358e-01 2.739726027397260079e-04 2.739726027397260079e-04
6.060606060606062769e-04 6.060606060606062769e-04 6.060606060606062769e-04 3.884848484848485994e-01 1.157575757575758091e-01 1.878787878787879437e-02 6.121212121212123158e-02 6.060606060606062769e-04 4.909090909090910865e-02 3.696969696969697877e-02 1.878787878787879437e-02 6.060606060606062769e-04 1.272727272727273290e-02 6.121212121212123158e-02 6.060606060606062769e-04 6.666666666666669697e-03 6.060606060606062769e-04 6.727272727272728958e-02 6.060606060606062769e-04 2.484848484848485584e-02 6.060606060606062769e-04 6.060606060606062769e-04 6.060606060606062769e-04 4.303030303030304371e-02 6.060606060606062769e-04 6.060606060606062769e-04 6.060606060606062769e-04 8.545454545454547746e-02 6.060606060606062769e-04 6.060606060606062769e-04
6.078431372549017442e-02 7.308377896613186923e-03 1.782531194295899587e-04 1.960784313725489735e-03 1.782531194295899587e-04 2.156862745098038145e-02 3.761140819964348125e-02 1.782531194295899587e-04 1.124777183600712549e-01 1.782531194295899587e-04 1.588235294117646412e-01 5.365418894830657759e-02 1.782531194295899587e-04 3.404634581105168284e-02 3.048128342245988442e-02 1.782531194295899587e-04 1.960784313725489735e-03 1.782531194295899587e-04 3.743315508021388942e-03 1.782531194295899587e-04 2.513368983957218333e-02 1.998217468805703056e-01 3.226381461675578016e-02 2.051693404634580276e-01 1.782531194295899587e-04 1.782531194295899587e-04 1.782531194295899587e-04 1.782531194295899587e-04 1.782531194295899587e-04 1.087344028520498621e-02
1.536098310291858136e-04 1.536098310291858136e-04 1.536098310291858136e-04 1.536098310291858136e-04 1.536098310291858136e-04 1.689708141321044112e-03 4.316436251920121453e-02 3.225806451612902356e-03 1.705069124423962482e-02 1.536098310291858136e-04 1.536098310291858136e-04 5.900153609831026991e-01 1.536098310291858136e-04 1.536098310291858136e-04 1.536098310291858136e-04 1.536098310291858136e-04 1.536098310291858136e-04 1.536098310291858136e-04 6.298003072196617542e-03 1.536098310291858136e-04 1.536098310291858136e-04 2.152073732718893240e-01 1.536098310291858136e-04 1.536098310291858136e-04 1.536098310291858136e-04 9.078341013824882400e-02 1.536098310291858136e-04 2.933947772657449424e-02 1.536098310291858136e-04 1.536098310291858136e-04
1.011122345803842145e-04 7.290192113245699823e-02 1.011122345803842145e-04 1.011122345803842145e-04 1.011122345803842145e-04 1.011122345803842145e-04 6.784630940343779060e-02 3.134479271991910242e-03 2.841253791708796272e-02 8.806875631951463501e-02 2.123356926188068369e-03 1.830131445904954052e-02 1.223458038422648754e-02 1.760364004044489006e-01 1.011122345803842145e-04 4.054600606673406521e-02 3.650151668351869771e-02 1.627906976744185677e-02 1.011122345803842145e-04 1.011122345803842145e-04 1.011122345803842145e-04 4.964610717896864728e-02 4.762386248736096006e-02 1.264914054600606297e-01 1.011122345803842145e-04 1.244691607684529494e-01 4.863498483316480020e-02 3.852376137512638493e-02 1.112234580384226278e-03 1.011122345803842145e-04
1.215066828675576913e-04 2.442284325637909467e-02 1.215066828675576913e-04 3.766707168894288093e-03 1.215066828675576913e-04 1.215066828675576913e-04 9.003645200486024014e-02 1.215066828675576913e-04 5.236938031591736181e-02 3.657351154313486646e-02 1.215066828675576913e-04 1.738760631834750381e-01 5.844471445929524944e-02 3.657351154313486646e-02 1.215066828675576913e-04 1.215066828675576913e-04 1.834750911300121051e-02 1.215066828675576913e-04 1.215066828675576913e-04 1.336573511543134645e-03 1.336573511543134645e-03 2.601458080194409828e-01 1.215066828675576913e-04 6.573511543134870350e-02 6.196840826245441324e-03 1.021871202916160015e-01 1.713244228432563368e-02 4.872417982989063479e-02 1.215066828675576913e-04 1.336573511543134645e-03
8.199999999999997222e-03 1.999999999999999554e-04 1.999999999999999554e-04 1.999999999999999554e-04 2.199999999999999699e-03 2.199999999999999699e-03 4.219999999999999446e-02 8.019999999999997964e-02 2.161999999999999478e-01 2.419999999999999235e-02 1.999999999999999554e-04 1.601999999999999535e-01 1.999999999999999554e-04 1.999999999999999554e-04 1.999999999999999554e-04 1.999999999999999554e-04 1.999999999999999554e-04 2.199999999999999699e-03 1.999999999999999554e-04 2.199999999999999699e-03 1.999999999999999554e-04 3.981999999999998874e-01 1.999999999999999554e-04 3.619999999999999607e-02 1.999999999999999554e-04 2.219999999999999404e-02 1.999999999999999554e-04 1.999999999999999554e-04 1.999999999999999554e-04 1.999999999999999554e-04
6.986301369863015531e-02 1.369863013698630798e-03 1.369863013698630798e-03 1.369863013698630798e-03 1.369863013698630798e-03 1.369863013698630798e-03 2.205479452054795453e-01 1.506849315068493900e-02 1.369863013698630798e-03 1.369863013698630798e-03 1.369863013698630798e-03 1.369863013698630798e-03 6.986301369863015531e-02 1.369863013698630798e-03 1.369863013698630798e-03 1.506849315068493900e-02 1.369863013698630798e-03 9.726027397260277041e-02 5.616438356164385470e-02 1.109589041095890849e-01 1.506849315068493900e-02 2.876712328767124655e-02 1.109589041095890849e-01 1.369863013698630798e-03 2.876712328767124655e-02 8.356164383561646980e-02 1.369863013698630798e-03 1.369863013698630798e-03 5.616438356164385470e-02 1.369863013698630798e-03
1.410437235543018258e-04 6.361071932299011689e-02 1.410437235543018258e-04 5.232722143864597386e-02 8.603667136812409230e-03 1.410437235543018258e-04 1.143864598025387674e-01 1.073342736248236728e-01 5.091678420310295772e-02 5.782792665726373474e-03 1.410437235543018258e-04 3.681241184767277547e-02 1.988716502115655399e-02 7.630465444287727605e-02 1.410437235543018258e-04 1.001410437235542884e-02 1.410437235543018258e-04 1.988716502115655399e-02 3.963328631875880775e-02 1.410437235543018258e-04 1.410437235543018258e-04 2.834978843441466473e-02 1.468265162200281804e-01 4.245416078984484698e-02 2.411847672778561283e-02 1.284908321579689428e-01 2.270803949224259322e-02 1.410437235543018258e-04 1.410437235543018258e-04 1.410437235543018258e-04
1.871165644171778400e-02 8.619631901840488220e-02 9.509202453987727205e-03 3.067484662576686213e-04 3.067484662576686213e-04 3.067484662576686213e-04 1.871165644171778400e-02 6.441717791411041318e-03 3.067484662576686213e-04 3.067484662576686213e-04 9.509202453987727205e-03 7.085889570552145189e-02 3.067484662576686213e-04 2.484662576687115751e-02 3.067484662576686213e-04 6.165644171779139510e-02 3.067484662576686213e-04 3.067484662576686213e-04 1.257668711656441222e-02 1.871165644171778400e-02 8.619631901840488220e-02 4.631901840490795785e-02 8.006134969325151562e-02 3.067484662576686213e-04 3.711656441717790106e-02 2.702453987730060181e-01 8.006134969325151562e-02 5.858895705521470487e-02 3.067484662576686213e-04 3.067484662576686213e-04
1.805054151624548367e-04 2.364620938628158447e-02 1.805054151624548367e-04 2.003610108303248774e-02 1.805054151624548367e-04 1.805054151624548367e-04 3.628158844765342478e-02 2.077617328519855144e-01 2.095667870036100611e-01 2.545126353790613111e-02 1.805054151624548367e-04 9.205776173285195804e-03 5.595667870036099938e-03 1.805054151624548367e-04 1.805054151624548367e-04 2.906137184115523131e-02 1.805054151624548367e-04 1.805054151624548367e-04 1.805054151624548367e-04 2.184115523465703437e-02 1.102888086642599130e-01 1.265342960288808327e-01 6.516245487364619171e-02 1.805054151624548367e-04 1.805054151624548367e-04 9.945848375451261936e-02 1.805054151624548367e-04 1.805054151624548367e-04 7.400722021660647437e-03 1.805054151624548367e-04
1.692047377326564867e-04 9.153976311336715910e-02 1.692047377326564867e-04 1.878172588832486764e-02 1.692047377326564867e-04 1.861252115059221354e-03 2.893401015228426118e-02 3.908629441624365125e-02 1.692047377326564867e-04 8.629441624365479305e-03 1.692047377326564867e-04 1.370558375634517434e-02 1.861252115059221354e-03 1.708967851099830321e-02 1.861252115059221354e-03 5.093062605752960575e-02 1.692047377326564867e-04 1.692047377326564867e-04 1.692047377326564867e-04 1.692047377326564867e-04 6.277495769881555332e-02 1.370558375634517434e-02 7.461928934010150782e-02 3.062605752961082561e-02 8.138747884940776556e-02 3.013536379018612044e-01 3.908629441624365125e-02 1.203045685279187510e-01 1.692047377326564867e-04 1.692047377326564867e-04
7.664233576642335774e-03 3.649635036496350678e-04 3.649635036496350678e-04 3.872262773722627283e-01 1.354014598540146108e-01 3.649635036496350678e-04 3.686131386861313947e-02 3.649635036496350678e-04 3.649635036496350678e-04 3.649635036496350678e-04 3.686131386861313947e-02 4.014598540145985529e-03 2.956204379562043724e-02 7.700729927007299302e-02 3.649635036496350678e-04 3.649635036496350678e-04 3.649635036496350678e-04 2.591240875912408786e-02 3.649635036496350678e-04 3.649635036496350678e-04 3.649635036496350678e-04 4.014598540145985529e-03 7.664233576642335774e-03 3.649635036496350678e-04 3.649635036496350678e-04 6.970802919708030121e-02 3.649635036496350678e-04 1.718978102189780977e-01 3.649635036496350678e-04 3.649635036496350678e-04
1.674220963172804166e-01 2.832861189801698983e-04 2.832861189801698983e-04 2.832861189801698983e-04 2.832861189801698983e-04 4.844192634560905153e-02 4.277620396600564923e-02 2.832861189801698983e-04 5.410764872521245383e-02 2.832861189801698983e-04 2.524079320113313263e-01 1.107648725212464214e-01 2.832861189801698983e-04 3.144475920679885850e-02 2.832861189801698983e-04 2.832861189801698983e-04 2.832861189801698983e-04 5.694050991501414805e-02 2.832861189801698983e-04 2.832861189801698983e-04 5.949008498583568082e-03 3.427762039660055271e-02 1.022662889518413248e-01 7.110481586402264687e-02 1.161473087818696431e-02 2.832861189801698983e-04 3.116147308781869098e-03 3.116147308781869098e-03 2.832861189801698983e-04 2.832861189801698983e-04
8.143133462282396706e-02 1.934235976789167965e-04 1.934235976789167965e-04 1.934235976789167965e-04 1.934235976789167965e-04 1.934235976789167965e-04 1.123791102514506562e-01 7.756286266924562744e-02 1.220502901353964914e-01 1.934235976789167965e-04 1.934235976789167965e-04 5.822050290135395711e-02 2.127659574468084708e-03 6.595744680851062247e-02 1.934235976789167965e-04 3.694390715667311004e-02 1.934235976789167965e-04 1.934235976789167965e-04 1.934235976789167965e-04 1.934235976789167965e-04 6.789168278529979228e-02 2.245647969052223802e-01 4.061895551257252782e-03 7.176015473887813190e-02 1.934235976789167965e-04 7.176015473887813190e-02 1.934235976789167965e-04 1.934235976789167965e-04 1.934235976789167965e-04 1.934235976789167965e-04
1.220679012345678438e-01 1.543209876543209303e-04 1.543209876543209303e-04 1.543209876543209303e-04 1.543209876543209303e-04 1.543209876543209303e-04 5.262345679012343791e-02 4.490740740740739589e-02 1.867283950617283292e-02 1.930555555555554803e-01 1.543209876543209303e-04 1.697530864197530423e-03 1.543209876543209303e-04 2.270061728395060818e-01 1.697530864197530423e-03 1.543209876543209303e-04 2.793209876543209166e-02 2.021604938271604271e-02 2.638888888888888187e-02 1.543209876543209303e-04 1.543209876543209303e-04 1.697530864197530423e-03 6.805555555555553582e-02 1.143518518518518018e-01 1.543209876543209303e-04 3.240740740740739780e-03 4.490740740740739589e-02 2.638888888888888187e-02 3.240740740740739780e-03 1.543209876543209303e-04
1.402298850574712138e-02 2.298850574712643321e-04 2.298850574712643321e-04 7.126436781609193916e-03 1.402298850574712138e-02 2.298850574712643321e-04 8.758620689655170766e-02 2.298850574712643321e-04 6.229885057471262755e-02 1.174712643678160612e-01 2.298850574712643321e-04 4.827586206896550269e-03 2.298850574712643321e-04 3.036781609195401410e-01 2.298850574712643321e-04 7.126436781609193916e-03 9.425287356321835827e-03 2.528735632183907490e-03 9.425287356321835827e-03 2.298850574712643321e-04 2.298850574712643321e-04 2.528735632183907490e-03 2.321839080459769597e-02 2.508045977011493233e-01 2.298850574712643321e-04 2.781609195402297979e-02 2.298850574712643321e-04 2.781609195402297979e-02 4.827586206896550269e-03 2.091954022988505232e-02
1.037344398340248801e-04 3.848547717842323163e-02 1.037344398340248801e-04 1.037344398340248801e-04 1.037344398340248801e-04 1.037344398340248801e-04 1.079875518672198803e-01 3.641078838174273413e-02 3.226141078838173915e-02 5.715767634854770907e-02 1.037344398340248801e-04 8.402489626556014501e-03 9.439834024896263248e-03 2.054979253112032556e-01 8.402489626556014501e-03 5.508298755186721157e-02 1.037344398340248801e-04 1.462655601659750698e-02 2.811203319502074069e-02 1.037344398340248801e-04 3.018672199170123818e-02 1.047717842323651199e-02 1.432572614107883446e-01 1.059128630705393898e-01 1.037344398340248801e-04 4.989626556016596437e-02 3.329875518672198442e-02 2.292531120331949696e-02 1.037344398340248801e-04 1.141078838174273708e-03
1.549079754601226724e-02 1.242331288343558049e-02 1.533742331288343377e-04 2.440184049079754114e-01 5.996932515337422692e-02 1.533742331288343377e-04 8.450920245398771402e-02 1.533742331288343377e-04 6.288343558282206980e-03 1.533742331288343377e-04 1.533742331288343377e-04 1.533742331288343377e-04 1.533742331288343377e-04 3.082822085889570102e-02 1.533742331288343377e-04 1.533742331288343377e-04 1.687116564417177715e-03 1.533742331288343377e-04 7.377300613496931558e-02 1.533742331288343377e-04 1.533742331288343377e-04 1.533742331288343377e-04 1.533742331288343377e-04 6.917177914110428372e-02 1.136503067484662260e-01 1.565950920245398337e-01 1.533742331288343377e-04 1.289877300613496702e-01 1.533742331288343377e-04 1.533742331288343377e-04
5.963172804532577975e-02 1.416430594900850034e-04 1.416430594900850034e-04 1.416430594900850034e-04 1.416430594900850034e-04 2.847025495750708443e-02 9.787535410764872101e-02 5.963172804532577975e-02 9.079320113314447160e-02 1.233711048158640106e-01 1.416430594900850034e-04 1.416430594900850034e-04 1.416430594900850034e-04 2.026912181303116012e-01 1.416430594900850034e-04 1.416430594900850034e-04 1.416430594900850034e-04 1.416430594900850034e-04 1.416430594900850034e-04 7.223796033994333600e-03 3.130311614730878211e-02 2.154390934844192529e-01 1.416430594900850034e-04 7.096317280453258436e-02 1.416430594900850034e-04 1.416430594900850034e-04 1.416430594900850034e-04 1.005665722379603388e-02 1.416430594900850034e-04 1.416430594900850034e-04
2.426470588235293824e-02 6.407563025210082086e-03 7.457983193277308714e-03 1.050420168067226683e-04 5.357142857142855458e-03 3.256302521008402635e-03 6.733193277310922653e-02 1.050420168067226683e-04 1.050420168067226683e-04 4.002100840336133419e-02 1.050420168067226683e-04 1.050420168067226683e-04 1.155462184873949378e-03 2.910714285714285365e-01 1.050420168067226683e-04 1.050420168067226683e-04 3.581932773109242768e-02 1.050420168067226683e-04 5.157563025210083058e-02 1.796218487394957847e-02 1.050420168067226683e-04 1.366596638655461771e-01 1.901260504201680510e-02 1.870798319327730552e-01 8.508403361344535343e-03 1.165966386554621523e-02 1.050420168067226683e-04 7.993697478991594607e-02 1.050420168067226683e-04 4.306722689075628829e-03
1.164144353899883316e-04 5.937136204889404030e-03 1.164144353899883316e-04 1.280558789289871742e-03 1.292200232828870365e-02 1.408614668218858765e-02 1.060535506402793537e-01 1.164144353899883316e-04 1.164144353899883316e-04 5.250291036088473862e-02 1.164144353899883316e-04 1.164144353899883316e-04 1.164144353899883316e-04 3.982537834691500800e-01 2.444703143189755085e-03 3.853317811408613763e-02 1.059371362048893740e-02 1.164144353899883316e-04 6.298020954598368415e-02 1.164144353899883316e-04 1.164144353899883316e-04 9.429569266589053408e-03 6.065192083818392310e-02 7.112922002328286863e-02 5.937136204889404030e-03 3.154831199068684061e-02 1.164144353899883316e-04 9.674039580908029567e-02 1.059371362048893740e-02 7.101280558789287156e-03
