5.230998509687032755e-02 5.678092399403873031e-02 1.639344262295081532e-03 2.415797317436660929e-01 1.490312965722801245e-04 4.783904619970192479e-02 1.490312965722801245e-04 1.490312965722801245e-04 1.490312965722801245e-04 1.058122205663188792e-02 8.509687034277195472e-02 1.490312965722801245e-04 1.490312965722801245e-04 1.491803278688524081e-01 1.490312965722801245e-04 4.619970193740684239e-03 1.789865871833084265e-01 1.952309985096869691e-02 1.490312965722801245e-04 2.250372578241429875e-02 1.490312965722801245e-04 1.490312965722801245e-04 4.038748137108792019e-02 1.490312965722801245e-04 1.490312965722801245e-04 3.129657228017882886e-03 1.490312965722801245e-04 1.490312965722801245e-04 1.490312965722801245e-04 8.360655737704915380e-02
3.361111111111109856e-02 1.919444444444443620e-01 2.777777777777777233e-04 2.777777777777777233e-04 6.416666666666664964e-02 2.777777777777777233e-04 2.777777777777777233e-04 5.305555555555554331e-02 2.777777777777777233e-04 8.611111111111109315e-03 2.777777777777777233e-04 2.777777777777777233e-04 3.058333333333332349e-01 1.586111111111110639e-01 2.777777777777777233e-04 7.527777777777776291e-02 2.777777777777777233e-04 8.611111111111109315e-03 3.055555555555554848e-03 2.777777777777777233e-04 2.777777777777777233e-04 2.777777777777777233e-04 2.777777777777777233e-04 8.916666666666664409e-02 2.777777777777777233e-04 3.055555555555554848e-03 2.777777777777777233e-04 2.777777777777777233e-04 2.777777777777777233e-04 2.777777777777777233e-04
2.188183807439824486e-04 2.188183807439824486e-04 2.188183807439824486e-04 7.242888402625818900e-02 2.188183807439824486e-04 1.884026258205688809e-01 1.553610503282275290e-02 2.188183807439824486e-04 1.796498905908095745e-01 2.188183807439824486e-04 2.407002188183807179e-03 2.188183807439824486e-04 2.188183807439824486e-04 1.402625820568927373e-01 2.188183807439824486e-04 2.188183807439824486e-04 2.188183807439824486e-04 1.183807439824944990e-01 4.398249452954047095e-02 2.188183807439824486e-04 1.334792122538292804e-02 2.188183807439824486e-04 2.188183807439824486e-04 4.595185995623631177e-03 2.188183807439824486e-04 2.428884026258204890e-02 6.783369803063456042e-03 2.188183807439824486e-04 1.030634573304157336e-01 8.336980306345731506e-02
1.941747572815533574e-04 2.155339805825242164e-02 1.941747572815533574e-04 7.398058252427183734e-02 1.941747572815533574e-04 1.380582524271844191e-01 1.941747572815533574e-04 3.514563106796116110e-02 1.941747572815533574e-04 4.077669902912620450e-03 8.757281553398056639e-02 1.941747572815533574e-04 1.186407766990291018e-01 2.293203883495145146e-01 6.038834951456309441e-02 6.621359223300969654e-02 1.941747572815533574e-04 2.349514563106795684e-02 6.019417475728153916e-03 2.135922330097086985e-03 1.941747572815533574e-04 1.941747572815533574e-04 5.844660194174756268e-02 1.941747572815533574e-04 1.941747572815533574e-04 1.941747572815533574e-04 1.941747572815533574e-04 1.941747572815533574e-04 1.941747572815533574e-04 7.203883495145629867e-02
7.475961538461536882e-02 5.552884615384614392e-02 3.389423076923075984e-02 2.598557692307691402e-01 2.403846153846153437e-04 1.947115384615383943e-02 2.403846153846153437e-04 5.048076923076921622e-03 2.403846153846153437e-04 2.403846153846153437e-04 5.048076923076921622e-03 2.403846153846153437e-04 9.855769230769226980e-03 7.475961538461536882e-02 2.427884615384614739e-02 2.403846153846153437e-04 2.403846153846153437e-04 1.947115384615383943e-02 6.274038461538460065e-02 2.403846153846153437e-04 2.403846153846153437e-04 5.048076923076921622e-03 5.793269230769229616e-02 2.644230769230768510e-03 6.274038461538460065e-02 2.403846153846153437e-04 2.403846153846153437e-04 2.403846153846153437e-04 2.237980769230768496e-01 2.403846153846153437e-04
1.189060642092746461e-04 1.189060642092746461e-04 1.189060642092746461e-04 1.356718192627823505e-01 1.189060642092746461e-04 1.011890606420927097e-01 1.582639714625445337e-01 2.152199762187871276e-02 3.460166468489891956e-02 1.189060642092746461e-04 6.551724137931032310e-02 1.189060642092746461e-04 1.189060642092746461e-04 1.795481569560047203e-02 1.189060642092746461e-04 1.319857312722948553e-02 6.551724137931032310e-02 6.195005945303209277e-02 2.746730083234244502e-02 1.189060642092746461e-04 1.189060642092746461e-04 1.189060642092746461e-04 2.627824019024969579e-02 1.189060642092746461e-04 3.103448275862068229e-02 1.689655172413792594e-01 1.189060642092746461e-04 1.307966706302021243e-03 6.789536266349582849e-02 1.189060642092746461e-04
3.197278911564625098e-02 2.267573696145124289e-04 5.691609977324262049e-02 2.267573696145124289e-04 2.267573696145124289e-04 2.267573696145124289e-04 3.424036281179137359e-02 2.267573696145124289e-04 2.267573696145124289e-04 3.675736961451245843e-01 2.517006802721087622e-02 2.267573696145124289e-04 1.383219954648525624e-02 1.204081632653060951e-01 1.383219954648525624e-02 6.825396825396823353e-02 5.011337868480724572e-02 2.494331065759636690e-03 9.999999999999997780e-02 1.383219954648525624e-02 2.267573696145124289e-04 6.145124716553286570e-02 2.267573696145124289e-04 2.267573696145124289e-04 2.267573696145124289e-04 2.267573696145124289e-04 2.267573696145124289e-04 2.267573696145124289e-04 2.267573696145124289e-04 3.650793650793650313e-02
9.846625766871162921e-02 1.138036809815950595e-01 5.552147239263802159e-02 7.699386503067481846e-02 3.404907975460121083e-02 6.441717791411041318e-03 3.374233128834354997e-03 3.067484662576686213e-04 3.067484662576686213e-04 7.392638036809813518e-02 3.067484662576686213e-04 3.067484662576686213e-04 3.067484662576686213e-04 3.067484662576686213e-04 4.325153374233127457e-02 3.067484662576686213e-04 6.441717791411041318e-03 3.067484662576686213e-04 9.846625766871162921e-02 3.067484662576686213e-04 3.067484662576686213e-04 6.472392638036808532e-02 3.067484662576686213e-04 1.871165644171778400e-02 3.067484662576686213e-04 8.619631901840488220e-02 3.374233128834354997e-03 3.067484662576686213e-04 1.751533742331287669e-01 3.711656441717790106e-02
2.857142857142855731e-04 1.117142857142856688e-01 2.857142857142855731e-04 4.599999999999997841e-02 1.602857142857141981e-01 3.142857142857141683e-03 2.857142857142855731e-04 2.857142857142855731e-04 4.599999999999997841e-02 2.857142857142855731e-04 9.171428571428567877e-02 2.857142857142855731e-04 1.345714285714285086e-01 3.457142857142855158e-02 1.742857142857141828e-02 3.142857142857141683e-03 2.857142857142855731e-04 2.857142857142855731e-04 1.174285714285713822e-01 3.142857142857141683e-03 2.885714285714284164e-02 2.857142857142855731e-04 5.742857142857140523e-02 5.742857142857140523e-02 2.857142857142855731e-04 2.857142857142855731e-04 3.142857142857141683e-03 7.171428571428568877e-02 2.857142857142855731e-04 8.857142857142853362e-03
7.692307692307695283e-05 5.908461538461540208e-01 7.692307692307695283e-05 7.692307692307695283e-05 3.623076923076924694e-02 8.461538461538465217e-04 7.692307692307695283e-05 1.007692307692308054e-02 4.546153846153847683e-02 7.692307692307695283e-05 2.700000000000001010e-02 7.692307692307695283e-05 7.692307692307695283e-05 7.692307692307695283e-05 7.692307692307695283e-05 2.007692307692308595e-02 7.692307692307695283e-05 7.692307692307695283e-05 5.546153846153847877e-02 1.615384615384615969e-03 7.692307692307695283e-05 7.692307692307695283e-05 1.161538461538461943e-02 8.238461538461540334e-02 1.853846153846154532e-02 1.546153846153846753e-02 2.546153846153847294e-02 7.692307692307695283e-05 3.853846153846155614e-02 1.930769230769231390e-02
2.127659574468084816e-04 1.299999999999999767e-01 2.127659574468084816e-04 2.574468085106382254e-02 3.895744680851062625e-01 9.808510638297870954e-02 2.127659574468084816e-04 2.127659574468084816e-04 2.127659574468084816e-04 1.085106382978723132e-02 1.044680851063829602e-01 2.127659574468084816e-04 1.085106382978723132e-02 1.510638297872339900e-02 2.148936170212765312e-02 2.127659574468084816e-04 2.999999999999999195e-02 2.127659574468084816e-04 2.127659574468084816e-04 1.151063829787233733e-01 2.127659574468084816e-04 2.340425531914893352e-03 2.127659574468084816e-04 2.361702127659573783e-02 2.127659574468084816e-04 2.127659574468084816e-04 4.468085106382978060e-03 2.127659574468084816e-04 2.127659574468084816e-04 1.510638297872339900e-02
3.322259136212624229e-04 1.362126245847175739e-02 3.322259136212624229e-04 1.232558139534883496e-01 3.322259136212624229e-04 6.976744186046510664e-03 4.023255813953487414e-01 3.322259136212624229e-04 1.029900332225913533e-02 3.322259136212624229e-04 6.976744186046510664e-03 3.322259136212624229e-04 3.322259136212624229e-04 3.322259136212624229e-04 3.322259136212624229e-04 3.322259136212624229e-04 3.322259136212624229e-04 3.322259136212624229e-04 1.066445182724252289e-01 3.322259136212624229e-04 3.322259136212624229e-04 2.691029900332225430e-02 6.976744186046510664e-03 3.322259136212624229e-04 2.026578073089700324e-02 1.332225913621262192e-01 9.003322259136210814e-02 3.322259136212624229e-04 4.684385382059799707e-02 3.322259136212624229e-04
5.813953488372095111e-04 7.331395348837211889e-01 5.813953488372095111e-04 5.813953488372095111e-04 6.453488372093024728e-02 5.813953488372095111e-04 5.813953488372095111e-04 5.813953488372095111e-04 7.034883720930235063e-02 5.813953488372095111e-04 5.813953488372095111e-04 5.813953488372095111e-04 5.813953488372095111e-04 1.220930232558140038e-02 5.813953488372095111e-04 5.813953488372095111e-04 5.813953488372095111e-04 5.813953488372095111e-04 5.813953488372095111e-04 5.813953488372095111e-04 5.813953488372095111e-04 5.813953488372095111e-04 5.813953488372095111e-04 5.872093023255815780e-02 3.546511627906977909e-02 5.813953488372095111e-04 6.395348837209304839e-03 5.813953488372095111e-04 6.395348837209304839e-03 5.813953488372095111e-04
1.517450682852806737e-04 6.040971168437023753e-01 1.517450682852806737e-04 1.517450682852806737e-04 1.987860394537176861e-02 1.517450682852806737e-04 1.229135053110773368e-02 7.738998482549314280e-03 7.754172989377842995e-02 2.443095599393019235e-02 1.517450682852806737e-04 1.517450682852806737e-04 1.517450682852806737e-04 1.517450682852806737e-04 1.517450682852806737e-04 1.517450682852806737e-04 1.517450682852806737e-04 1.077389984825492808e-02 3.808801213960544968e-02 3.186646433990894447e-03 1.669195751138087547e-03 1.517450682852806737e-04 1.517450682852806737e-04 5.174506828528071395e-02 1.229135053110773368e-02 2.139605462822457421e-02 1.517450682852806737e-04 1.669195751138087547e-03 3.353566009104703288e-02 7.754172989377842995e-02
7.007708479327262314e-05 9.180098107918713279e-03 7.007708479327262314e-05 9.257182901191313151e-02 3.791170287316048687e-02 3.651016117729503907e-02 4.296426068675544552e-01 7.007708479327262314e-05 7.007708479327262314e-05 7.007708479327262314e-05 2.880168185003504841e-02 7.007708479327262314e-05 2.172389628591451290e-03 3.440784863349685696e-02 2.172389628591451290e-03 7.007708479327262314e-05 1.408549404344779793e-02 7.007708479327262314e-05 3.861247372109321424e-02 7.007708479327262314e-05 7.007708479327262314e-05 7.007708479327262314e-05 4.001401541695866898e-02 7.007708479327262314e-05 7.007708479327262314e-05 7.007708479327262314e-05 7.007708479327262314e-05 7.007708479327262314e-05 1.332165381920112635e-01 9.957953749124039133e-02
2.433090024330899820e-04 1.048661800486617723e-01 2.676399026763989775e-03 2.433090024330899820e-04 2.433090024330899820e-04 3.673965936739657934e-02 2.676399026763989775e-03 6.836982968369828551e-02 2.433090024330899820e-04 2.433090024330899820e-04 2.433090024330899820e-04 2.433090024330899820e-04 4.041362530413624143e-01 1.632603406326033346e-01 2.457420924574208604e-02 9.975669099756686795e-03 2.433090024330899820e-04 2.433090024330899820e-04 2.433090024330899820e-04 2.433090024330899820e-04 2.433090024330899820e-04 2.676399026763989775e-03 2.433090024330899820e-04 4.890510948905108651e-02 2.433090024330899820e-04 4.403892944038928503e-02 2.433090024330899820e-04 5.109489051094889649e-03 2.676399026763989775e-03 7.566909975669097732e-02
9.345794392523369210e-04 6.160577740016994763e-01 8.496176720475789575e-05 8.496176720475789575e-05 2.897196261682244076e-02 9.345794392523369210e-04 8.496176720475789575e-05 3.406966864910791759e-02 5.785896346644012200e-02 9.345794392523369210e-04 1.537807986406117960e-02 8.496176720475789575e-05 8.496176720475789575e-05 8.496176720475789575e-05 8.496176720475789575e-05 8.581138487680547294e-03 8.496176720475789575e-05 8.496176720475789575e-05 4.426508071367886432e-02 8.496176720475789575e-05 8.496176720475789575e-05 8.496176720475789575e-05 8.496176720475789575e-05 8.929481733220054340e-02 8.496176720475789575e-05 1.622769753610875734e-02 2.897196261682244076e-02 8.496176720475789575e-05 4.341546304163128311e-02 1.282922684791844119e-02
1.615508885298868973e-04 2.277867528271405179e-02 1.615508885298868973e-04 1.633279483037156365e-01 1.615508885298868973e-04 7.447495961227786065e-02 1.148626817447495618e-01 1.615508885298868973e-04 8.093699515347332896e-02 1.615508885298868973e-04 1.615508885298868973e-04 1.615508885298868973e-04 1.615508885298868973e-04 5.670436187399029854e-02 1.615508885298868973e-04 1.615508885298868973e-04 7.124394184168011956e-02 1.615508885298868973e-04 5.831987075928916908e-02 1.615508885298868973e-04 1.615508885298868973e-04 1.615508885298868973e-04 4.216478190630047751e-02 1.615508885298868973e-04 9.854604200323099569e-03 1.615508885298868973e-04 1.615508885298868973e-04 1.615508885298868973e-04 2.295638126009692526e-01 7.285945072697898317e-02
5.614823133071311499e-05 5.614823133071311499e-05 5.614823133071311499e-05 8.764738910724316490e-02 6.176305446378442445e-04 8.478382930937678960e-03 6.530600786075241304e-01 5.614823133071311499e-05 5.614823133071311499e-05 6.176305446378442445e-04 5.058955642897251109e-02 5.614823133071311499e-05 5.614823133071311499e-05 5.614823133071311499e-05 5.614823133071311499e-05 5.614823133071311499e-05 5.614823133071311499e-05 5.614823133071311499e-05 2.195395845030882753e-02 1.179112857944975435e-03 5.614823133071311499e-05 5.614823133071311499e-05 5.614823133071311499e-05 5.614823133071311499e-05 5.614823133071311499e-05 5.614823133071311499e-05 5.614823133071311499e-05 5.614823133071311499e-05 1.718697361033128534e-01 2.863559797866368356e-03
8.417508417508417953e-05 8.417508417508417953e-05 8.417508417508417953e-05 1.069865319865319769e-01 2.609427609427609606e-03 2.281144781144781378e-02 4.655723905723905820e-01 1.767676767676767784e-03 4.292929292929292817e-03 8.417508417508417953e-05 2.112794612794612753e-02 8.417508417508417953e-05 8.417508417508417953e-05 3.207070707070706905e-02 8.417508417508417953e-05 8.417508417508417953e-05 8.417508417508417953e-05 1.767676767676767784e-03 4.132996632996632780e-02 5.134680134680134206e-03 8.417508417508417953e-05 8.417508417508417953e-05 3.375420875420875877e-02 8.417508417508417953e-05 7.659932659932659239e-03 3.451178451178450995e-03 8.417508417508417953e-05 8.417508417508417953e-05 1.709595959595959502e-01 7.752525252525252486e-02
5.851375073142192032e-05 5.851375073142192032e-05 6.436512580456411371e-04 7.846693973083677942e-02 1.176126389701580635e-02 8.835576360444708302e-03 6.636044470450558341e-01 5.851375073142192032e-05 5.851375073142192032e-05 5.851375073142192032e-05 3.633703920421300915e-02 5.851375073142192032e-05 5.851375073142192032e-05 6.436512580456411371e-04 5.851375073142192032e-05 5.851375073142192032e-05 5.851375073142192032e-05 5.851375073142192032e-05 1.936805149210065607e-02 3.569338794616736584e-03 1.228788765359860313e-03 4.154476301930955760e-03 5.851375073142192032e-05 5.851375073142192032e-05 5.851375073142192032e-05 2.399063779988298232e-03 5.851375073142192032e-05 5.851375073142192032e-05 1.679929783499123364e-01 5.851375073142192032e-05
2.369668246445497161e-04 1.021327014218009199e-01 2.606635071090046985e-03 1.779620853080568221e-01 7.843601895734594875e-02 2.135071090047392650e-01 2.369668246445497161e-04 2.369668246445497161e-04 2.369668246445497161e-04 2.369668246445497161e-04 1.116113744075829112e-01 1.445497630331753040e-02 9.715639810426536516e-03 1.353080568720378685e-01 9.715639810426536516e-03 2.369668246445497161e-04 6.184834123222747448e-02 4.976303317535543495e-03 2.369668246445497161e-04 2.369668246445497161e-04 2.393364928909951991e-02 2.369668246445497161e-04 9.715639810426536516e-03 2.369668246445497161e-04 2.369668246445497161e-04 3.341232227488150769e-02 2.369668246445497161e-04 7.345971563981041307e-03 2.369668246445497161e-04 2.369668246445497161e-04
5.757052389176745081e-05 5.757052389176745081e-05 5.757052389176745081e-05 9.332181922855502243e-02 5.757052389176745081e-05 1.387449625791595427e-02 6.621185952792173479e-01 5.757052389176745081e-05 5.757052389176745081e-05 5.757052389176745081e-05 4.611398963730572315e-02 5.757052389176745081e-05 5.757052389176745081e-05 5.757052389176745081e-05 5.757052389176745081e-05 5.757052389176745081e-05 5.757052389176745081e-05 1.784686240644790941e-03 1.329879101899828116e-02 2.936096718480139551e-03 5.757052389176745081e-05 5.757052389176745081e-05 6.332757628094418979e-04 5.757052389176745081e-05 5.757052389176745081e-05 5.757052389176745081e-05 5.757052389176745081e-05 5.757052389176745081e-05 1.647092688543466688e-01 5.757052389176745081e-05
5.717552887364211285e-05 1.200686106346484424e-03 5.717552887364211285e-05 8.639222412807322227e-02 5.717552887364211285e-05 5.717552887364211285e-05 6.690108633504863178e-01 5.717552887364211285e-05 5.717552887364211285e-05 5.717552887364211285e-05 3.036020583190396013e-02 5.717552887364211285e-05 5.717552887364211285e-05 5.717552887364211285e-05 5.717552887364211285e-05 5.717552887364211285e-05 1.200686106346484424e-03 5.717552887364211285e-05 2.407089765580332913e-02 3.487707261292168504e-03 5.717552887364211285e-05 1.200686106346484424e-03 5.717552887364211285e-05 5.717552887364211285e-05 5.717552887364211285e-05 5.717552887364211285e-05 5.717552887364211285e-05 5.717552887364211285e-05 1.818753573470555662e-01 5.717552887364211285e-05
2.217294900221728946e-04 2.217294900221728946e-04 2.217294900221728946e-04 4.235033259423502672e-02 3.791574279379156948e-02 3.305986696230597821e-01 2.217294900221728946e-04 6.873614190687360112e-03 2.217294900221728946e-04 2.217294900221728946e-04 3.572062084257205394e-01 2.217294900221728946e-04 2.217294900221728946e-04 1.066518847006651671e-01 2.217294900221728946e-04 2.217294900221728946e-04 5.343680709534367329e-02 2.217294900221728946e-04 2.217294900221728946e-04 2.439024390243902003e-03 2.217294900221728946e-04 2.217294900221728946e-04 2.217294900221728946e-04 2.217294900221728946e-04 2.217294900221728946e-04 2.217294900221728946e-04 2.217294900221728946e-04 2.217294900221728946e-04 5.787139689578713053e-02 2.217294900221728946e-04
4.166666666666668018e-04 4.166666666666668018e-04 4.166666666666668018e-04 6.708333333333335591e-02 4.166666666666668018e-04 1.708333333333333579e-02 3.254166666666667429e-01 3.375000000000000916e-02 8.750000000000002567e-03 4.583333333333335091e-03 4.166666666666668018e-04 4.166666666666668018e-04 4.166666666666668018e-04 4.166666666666668018e-04 4.166666666666668018e-04 4.166666666666668018e-04 4.166666666666668018e-04 4.166666666666668018e-04 4.166666666666668018e-04 4.166666666666668018e-04 8.750000000000002567e-03 4.166666666666668018e-04 3.375000000000000916e-02 4.166666666666668018e-04 4.166666666666668018e-04 4.166666666666668018e-04 4.166666666666668018e-04 1.708333333333333579e-02 4.754166666666667651e-01 4.166666666666668018e-04
7.911392405063293997e-05 7.911392405063293997e-05 7.911392405063293997e-05 7.919303797468356387e-02 7.911392405063293997e-05 7.911392405063293997e-05 6.622626582278483554e-01 5.617088607594938020e-03 7.911392405063293997e-05 7.911392405063293997e-05 3.726265822784811249e-02 7.911392405063293997e-05 7.911392405063293997e-05 4.825949367088609027e-03 7.911392405063293997e-05 7.911392405063293997e-05 1.906645569620253958e-02 7.911392405063293997e-05 3.726265822784811249e-02 7.911392405063293997e-05 7.911392405063293997e-05 7.911392405063293997e-05 7.911392405063293997e-05 7.911392405063293997e-05 1.661392405063291753e-03 3.963607594936710554e-02 7.911392405063293997e-05 7.911392405063293997e-05 8.710443037974685554e-02 2.460443037974684513e-02
2.021346469622331277e-01 1.167487684729063696e-01 8.374384236453199376e-03 8.883415435139571659e-02 1.642036124794745268e-04 1.642036124794745268e-04 1.642036124794745268e-04 3.448275862068965036e-03 6.732348111658455030e-03 3.448275862068965036e-03 4.614121510673234450e-02 1.494252873563218023e-02 4.121510673234810712e-02 1.165845648604268980e-02 8.062397372742198531e-02 4.614121510673234450e-02 1.642036124794745268e-04 1.642036124794745268e-04 8.390804597701148615e-02 1.642036124794745268e-04 1.001642036124794459e-02 1.642036124794745268e-04 1.642036124794745268e-04 4.778325123152708798e-02 1.642036124794745268e-04 1.183908045977011131e-01 1.642036124794745268e-04 1.642036124794745268e-04 1.642036124794745268e-04 6.748768472906402360e-02
6.097560975609758261e-04 4.579268292682928121e-01 6.097560975609758261e-04 3.109756097560976637e-02 6.097560975609758261e-04 2.500000000000000486e-02 6.097560975609758261e-04 2.750000000000000777e-01 4.329268292682927899e-02 6.097560975609758261e-04 6.097560975609758261e-04 6.707317073170734195e-03 3.109756097560976637e-02 6.097560975609758261e-04 6.097560975609758261e-04 6.097560975609758261e-04 6.097560975609758261e-04 1.890243902439025028e-02 6.707317073170734195e-03 6.097560975609758261e-04 6.097560975609758261e-04 6.097560975609758261e-04 6.097560975609758261e-04 6.707317073170734195e-03 6.097560975609758261e-04 1.280487804878049224e-02 6.097560975609758261e-04 6.097560975609758261e-04 6.768292682926831116e-02 6.707317073170734195e-03
5.754985754985755993e-03 5.698005698005699808e-05 3.475783475783476503e-03 1.254131054131054357e-01 5.698005698005699808e-05 7.527065527065528172e-02 5.140170940170941671e-01 2.336182336182336759e-03 1.031339031339031757e-02 5.698005698005699808e-05 3.652421652421652953e-02 5.698005698005699808e-05 5.698005698005699808e-05 5.698005698005699808e-05 5.698005698005699808e-05 5.698005698005699808e-05 1.544159544159544664e-02 4.045584045584046592e-03 5.475783475783476545e-02 5.698005698005699808e-05 5.698005698005699808e-05 2.683760683760684496e-02 5.698005698005699808e-05 5.698005698005699808e-05 5.698005698005699808e-05 2.905982905982906414e-03 5.698005698005699808e-05 3.937321937321937998e-02 8.267806267806269982e-02 5.698005698005699808e-05
7.444561774023233242e-03 5.332629355860613735e-03 5.279831045406548225e-05 1.431362196409715348e-01 5.279831045406548225e-05 7.027455121436115837e-02 4.725976768743401224e-01 5.279831045406548225e-05 5.279831045406548225e-05 9.556494192185852748e-03 3.331573389651532047e-02 1.108764519535375154e-03 5.279831045406548225e-05 5.279831045406548225e-05 5.279831045406548225e-05 3.748680042238649104e-03 1.378035902851109176e-02 5.279831045406548225e-05 6.816261879619853192e-02 5.279831045406548225e-05 5.279831045406548225e-05 2.750791974656811856e-02 5.279831045406548225e-05 1.166842661034847226e-02 5.279831045406548225e-05 5.279831045406548225e-05 2.692713833157339351e-03 4.387539598732841106e-02 7.185850052798312126e-02 1.325237592397043689e-02
6.215040397762589377e-05 6.215040397762589377e-05 6.215040397762589377e-05 8.831572405220639022e-02 6.215040397762589377e-05 1.000621504039776906e-02 6.706650093225609011e-01 6.215040397762589377e-05 6.215040397762589377e-05 6.215040397762589377e-05 4.916096954630207183e-02 6.215040397762589377e-05 6.215040397762589377e-05 6.215040397762589377e-05 6.215040397762589377e-05 6.215040397762589377e-05 6.215040397762589377e-05 6.215040397762589377e-05 1.124922311995028672e-02 6.215040397762589377e-05 6.215040397762589377e-05 6.215040397762589377e-05 6.215040397762589377e-05 6.215040397762589377e-05 6.215040397762589377e-05 6.215040397762589377e-05 6.215040397762589377e-05 6.215040397762589377e-05 1.691112492231200692e-01 6.215040397762589377e-05
9.115770282588879091e-05 9.115770282588879091e-05 9.115770282588879091e-05 7.757520510483134624e-02 9.115770282588879091e-05 9.115770282588879091e-05 6.874202370100274129e-01 9.115770282588879091e-05 9.115770282588879091e-05 9.115770282588879091e-05 9.206927985414767313e-03 9.115770282588879091e-05 9.115770282588879091e-05 9.115770282588879091e-05 9.115770282588879091e-05 9.115770282588879091e-05 4.202370100273473269e-02 9.115770282588879091e-05 2.379216043755697646e-02 9.115770282588879091e-05 9.115770282588879091e-05 4.649042844120328255e-03 9.115770282588879091e-05 9.115770282588879091e-05 9.115770282588879091e-05 3.108477666362807756e-02 9.115770282588879091e-05 9.115770282588879091e-05 1.003646308113035485e-01 2.196900638103919945e-02
8.886075949367086557e-02 4.075949367088606973e-02 2.531645569620252778e-04 1.850632911392404434e-01 2.531645569620252778e-04 2.531645569620252778e-04 1.850632911392404434e-01 2.784810126582278056e-03 2.784810126582278056e-03 5.316455696202529967e-03 2.531645569620252778e-04 2.531645569620252778e-04 5.316455696202529967e-03 3.063291139240505515e-02 2.531645569620252778e-04 1.724050632911391656e-01 4.835443037974682806e-02 2.784810126582278056e-03 3.822784810126581001e-02 2.531645569620252778e-04 2.531645569620252778e-04 2.531645569620252778e-04 7.873417721518985446e-02 2.531645569620252778e-04 9.139240506329111835e-02 1.544303797468353848e-02 2.531645569620252778e-04 2.784810126582278056e-03 2.531645569620252778e-04 2.531645569620252778e-04
7.382550335570471460e-03 7.382550335570471460e-03 6.711409395973156168e-04 1.214765100671141296e-01 7.382550335570471460e-03 6.711409395973156168e-04 3.630872483221477265e-01 2.080536912751678250e-02 1.409395973154362741e-02 3.422818791946308919e-02 8.120805369127517825e-02 6.711409395973156168e-04 6.711409395973156168e-04 7.382550335570471460e-03 6.711409395973156168e-04 8.791946308724833681e-02 6.711409395973156168e-04 6.711409395973156168e-04 8.791946308724833681e-02 7.382550335570471460e-03 6.711409395973156168e-04 1.409395973154362741e-02 7.382550335570471460e-03 6.711409395973156168e-04 6.711409395973156168e-04 6.778523489932887502e-02 5.436241610738255792e-02 6.711409395973156168e-04 6.711409395973156168e-04 6.711409395973156168e-04
1.367989056087551281e-04 1.367989056087551281e-04 1.367989056087551281e-04 2.463748290013679509e-01 1.367989056087551281e-04 1.629274965800273367e-01 3.134062927496579221e-01 1.367989056087551281e-04 7.537619699042406862e-02 1.367989056087551281e-04 2.065663474692202087e-02 1.504787961696306409e-03 1.367989056087551281e-04 7.127222982216141478e-02 1.504787961696306409e-03 1.367989056087551281e-04 4.938440492476059429e-02 1.367989056087551281e-04 1.367989056087551281e-04 1.367989056087551281e-04 1.367989056087551281e-04 2.872777017783857256e-03 1.367989056087551281e-04 2.872777017783857256e-03 1.655266757865936703e-02 1.504787961696306409e-03 1.504787961696306409e-03 5.608755129958959383e-03 2.476060191518467818e-02 1.367989056087551281e-04
7.323568575233025627e-04 6.657789613848204746e-05 6.657789613848204746e-05 1.578561917443409290e-01 6.657789613848204746e-05 1.019307589880160125e-01 5.440079893475368022e-01 4.061251664447404312e-03 1.138482023968043037e-02 6.724367509986685885e-03 2.403462050599201871e-02 6.657789613848204746e-05 6.657789613848204746e-05 6.657789613848204746e-05 7.323568575233025627e-04 6.657789613848204746e-05 6.657789613848204746e-05 1.471371504660453321e-02 3.268974700399468469e-02 7.323568575233025627e-04 6.657789613848204746e-05 1.671105193075899525e-02 6.657789613848204746e-05 6.657789613848204746e-05 6.657789613848204746e-05 6.657789613848204746e-05 6.657789613848204746e-05 2.729693741677763526e-03 7.996005326231693522e-02 6.657789613848204746e-05
1.923601637107775694e-02 1.377899045020463363e-02 4.229195088676670003e-03 1.774897680763982966e-01 1.364256480218280611e-04 1.965893587994542169e-01 6.425648021828102296e-02 1.364256480218280611e-04 8.744884038199178533e-02 1.364256480218280611e-04 3.151432469304228656e-02 1.105047748976807284e-02 1.364256480218280611e-04 2.020463847203273489e-01 1.364256480218280611e-04 1.364256480218280611e-04 4.788540245566165476e-02 4.229195088676670003e-03 3.287858117326056262e-02 2.864938608458389609e-03 1.364256480218280611e-04 1.364256480218280611e-04 1.500682128240108781e-03 1.364256480218280611e-04 1.364256480218280611e-04 6.957708049113230792e-03 1.364256480218280611e-04 1.500682128240108781e-03 7.517053206002725918e-02 1.787175989085947395e-02
1.582278481012657715e-04 1.582278481012657715e-04 1.582278481012657715e-04 2.422468354430378779e-01 1.582278481012657715e-04 1.061708860759493223e-01 4.068037974683543223e-01 6.487341772151896009e-03 5.079113924050631529e-02 1.582278481012657715e-04 3.496835443037973890e-02 5.395569620253162779e-02 1.582278481012657715e-04 6.819620253164554446e-02 1.582278481012657715e-04 1.582278481012657715e-04 1.281645569620252709e-02 1.582278481012657715e-04 1.582278481012657715e-04 1.582278481012657715e-04 1.582278481012657715e-04 1.582278481012657715e-04 1.740506329113923568e-03 1.582278481012657715e-04 1.582278481012657715e-04 1.582278481012657715e-04 1.582278481012657715e-04 1.281645569620252709e-02 1.582278481012657715e-04 1.582278481012657715e-04
3.999999999999999216e-03 3.999999999999999216e-03 3.999999999999999216e-03 3.999999999999999216e-03 4.839999999999998748e-01 3.999999999999999216e-03 3.999999999999999216e-03 3.999999999999999216e-03 4.399999999999999051e-02 3.999999999999999216e-03 3.999999999999999216e-03 3.999999999999999216e-03 3.999999999999999216e-03 3.999999999999999216e-03 3.999999999999999216e-03 3.999999999999999216e-03 3.999999999999999216e-03 1.639999999999999514e-01 3.999999999999999216e-03 4.399999999999999051e-02 3.999999999999999216e-03 3.999999999999999216e-03 3.999999999999999216e-03 3.999999999999999216e-03 3.999999999999999216e-03 3.999999999999999216e-03 3.999999999999999216e-03 3.999999999999999216e-03 3.999999999999999216e-03 1.639999999999999514e-01
3.030303030303029216e-04 2.093939393939392990e-01 3.030303030303029216e-04 2.454545454545453698e-02 3.881818181818180169e-01 3.030303030303029216e-04 3.030303030303029216e-04 1.848484848484847898e-02 3.030303030303029216e-04 3.030303030303029216e-04 5.181818181818180491e-02 3.030303030303029216e-04 2.757575757575756598e-02 3.060606060606059498e-02 3.030303030303029216e-04 1.848484848484847898e-02 3.030303030303029216e-04 1.242424242424241924e-02 1.848484848484847898e-02 2.757575757575756598e-02 3.030303030303029216e-04 3.030303030303029216e-04 3.030303030303029216e-04 1.639393939393938848e-01 3.030303030303029216e-04 3.030303030303029216e-04 3.030303030303029216e-04 3.333333333333332246e-03 3.030303030303029216e-04 3.030303030303029216e-04
7.633587786259541904e-04 1.076335877862595325e-01 3.893129770992365818e-02 1.458015267175572505e-01 8.396946564885496636e-03 1.603053435114503919e-02 7.633587786259541904e-04 7.633587786259541904e-04 7.633587786259541904e-04 7.633587786259541904e-04 7.633587786259541904e-04 7.633587786259541904e-04 6.946564885496182840e-02 2.450381679389312950e-01 1.603053435114503919e-02 1.458015267175572505e-01 7.633587786259541904e-04 3.129770992366411736e-02 2.366412213740458001e-02 7.633587786259541904e-04 7.633587786259541904e-04 8.396946564885496636e-03 9.999999999999999167e-02 7.633587786259541904e-04 8.396946564885496636e-03 7.633587786259541904e-04 7.633587786259541904e-04 7.633587786259541904e-04 7.633587786259541904e-04 2.366412213740458001e-02
8.571428571428568385e-03 4.031746031746030745e-02 1.058201058201057974e-04 1.207407407407407041e-01 1.048677248677248319e-01 3.355555555555554959e-01 7.100529100529098803e-02 1.068783068783068536e-02 1.058201058201057974e-04 1.058201058201057974e-04 1.778835978835978382e-01 1.058201058201057974e-04 1.058201058201057974e-04 4.243386243386242790e-02 1.058201058201057974e-04 1.058201058201057974e-04 1.058201058201057974e-04 1.058201058201057974e-04 1.058201058201057974e-04 5.301587301587300238e-02 1.058201058201057974e-04 1.058201058201057974e-04 1.597883597883597434e-02 1.058201058201057974e-04 6.455026455026453142e-03 1.058201058201057974e-04 1.068783068783068536e-02 1.058201058201057974e-04 1.058201058201057974e-04 1.058201058201057974e-04
3.921568627450981314e-04 1.337254901960784614e-01 3.921568627450981314e-04 1.454901960784313886e-01 1.219607843137255065e-01 1.062745098039215852e-01 3.921568627450981314e-04 3.921568627450981314e-04 3.921568627450981314e-04 3.921568627450981314e-04 2.631372549019607709e-01 3.921568627450981314e-04 3.921568627450981314e-04 3.176470588235294490e-02 3.921568627450981314e-04 3.921568627450981314e-04 3.921568627450981314e-04 3.568627450980392524e-02 3.921568627450981314e-04 3.921568627450981314e-04 4.313725490196079065e-03 3.921568627450981314e-04 3.921568627450981314e-04 1.023529411764706049e-01 1.215686274509804148e-02 3.921568627450981314e-04 2.392156862745098075e-02 1.215686274509804148e-02 3.921568627450981314e-04 3.921568627450981314e-04
7.117437722419931226e-05 2.562989323843417599e-01 7.117437722419931226e-05 3.138790035587189775e-02 3.075444839857652268e-01 1.972241992882562966e-01 1.430604982206406216e-02 6.476868327402136860e-03 7.117437722419931226e-05 7.117437722419931226e-05 1.039857651245551934e-01 7.117437722419931226e-05 7.117437722419931226e-05 5.060498220640570477e-02 7.117437722419931226e-05 7.117437722419931226e-05 7.117437722419931226e-05 7.117437722419931226e-05 7.117437722419931226e-05 1.857651245551602062e-02 1.494661921708185679e-03 3.629893238434164695e-03 7.117437722419931226e-05 7.117437722419931226e-05 7.117437722419931226e-05 7.117437722419931226e-05 1.494661921708185679e-03 7.829181494661925297e-04 7.117437722419931226e-05 5.053380782918150994e-03
2.659574468085105885e-04 1.518617021276595369e-01 2.659574468085105885e-04 2.686170212765956467e-02 2.686170212765956467e-02 2.659574468085105885e-04 2.659574468085105885e-04 5.585106382978721924e-03 7.473404255319146539e-02 2.659574468085105885e-04 9.069148936170209896e-02 2.659574468085105885e-04 3.992021276595743573e-01 3.749999999999998473e-02 2.659574468085105885e-04 2.659574468085105885e-04 2.925531914893616473e-03 2.659574468085105885e-04 2.659574468085105885e-04 2.659574468085105885e-04 2.659574468085105885e-04 2.659574468085105885e-04 2.659574468085105885e-04 7.473404255319146539e-02 1.622340425531914460e-02 2.659574468085105885e-04 2.659574468085105885e-04 2.659574468085105885e-04 1.888297872340424788e-02 6.941489361702125882e-02
1.273885350318471217e-04 2.560509554140127236e-02 1.273885350318471217e-04 2.523566878980891270e-01 4.980891719745222240e-02 2.281528662420381770e-01 1.273885350318471217e-04 1.273885350318471217e-04 1.273885350318471217e-04 1.273885350318471217e-04 2.459872611464967718e-01 1.273885350318471217e-04 1.273885350318471217e-04 5.999999999999999084e-02 1.273885350318471217e-04 1.273885350318471217e-04 1.273885350318471217e-04 1.401273885350318420e-03 2.687898089171974342e-02 1.401273885350318420e-03 6.496815286624202206e-03 1.273885350318471217e-04 1.273885350318471217e-04 1.273885350318471217e-04 1.401273885350318420e-03 1.273885350318471217e-04 3.949044585987260964e-03 1.273885350318471217e-04 1.273885350318471217e-04 9.439490445859870238e-02
2.747252747252746708e-04 7.994505494505492471e-02 2.747252747252746708e-04 2.118131868131867268e-01 1.019230769230768940e-01 2.282967032967032073e-01 3.021978021978021216e-03 2.747252747252746708e-04 2.747252747252746708e-04 3.021978021978021216e-03 8.818681318681316494e-02 5.769230769230767816e-03 2.225274725274724655e-02 1.651098901098900507e-01 2.747252747252746708e-04 2.747252747252746708e-04 2.747252747252746708e-04 2.747252747252746708e-04 2.747252747252746708e-04 2.774725274725273888e-02 2.747252747252746708e-04 2.747252747252746708e-04 2.747252747252746708e-04 2.747252747252746708e-04 2.747252747252746708e-04 4.148351648351646798e-02 2.747252747252746708e-04 2.747252747252746708e-04 3.021978021978021216e-03 1.401098901098900631e-02
2.109704641350210468e-04 4.029535864978902454e-02 2.130801687763712524e-02 8.459915611814344816e-02 2.109704641350210468e-04 3.757383966244724482e-01 2.109704641350210468e-04 2.109704641350210468e-04 2.109704641350210468e-04 2.109704641350210468e-04 2.343881856540083741e-01 2.109704641350210468e-04 1.919831223628691574e-02 6.561181434599154538e-02 2.109704641350210468e-04 1.497890295358649329e-02 1.286919831223628380e-02 2.109704641350210468e-04 1.919831223628691574e-02 2.109704641350210468e-04 4.430379746835442362e-03 2.109704641350210468e-04 2.109704641350210468e-04 2.109704641350210468e-04 2.109704641350210468e-04 2.109704641350210468e-04 2.109704641350210468e-04 2.109704641350210468e-04 2.109704641350210468e-04 1.035864978902953371e-01
2.183406113537117682e-04 8.755458515283842669e-02 2.183406113537117682e-04 1.617903930131004142e-01 2.860262008733624114e-02 2.556768558951964532e-01 8.951965065502181032e-03 2.183406113537117682e-04 2.183406113537117682e-04 2.183406113537117682e-04 2.338427947598252787e-01 2.205240174672488604e-02 1.768558951965065046e-02 4.170305676855894789e-02 2.183406113537117682e-04 2.183406113537117682e-04 2.860262008733624114e-02 2.183406113537117682e-04 2.183406113537117682e-04 1.113537117903929882e-02 1.768558951965065046e-02 2.183406113537117682e-04 2.183406113537117682e-04 2.183406113537117682e-04 1.113537117903929882e-02 8.951965065502181032e-03 6.135371179039300626e-02 2.183406113537117682e-04 2.183406113537117682e-04 2.183406113537117682e-04
9.718172983479104869e-05 9.718172983479104869e-05 9.718172983479104869e-05 2.974732750242953805e-01 2.040816326530611995e-03 3.139941690962098630e-01 9.718172983479104869e-05 9.718172983479104869e-05 9.718172983479104869e-05 1.078717201166180459e-02 1.789115646258502834e-01 9.718172983479104869e-05 9.718172983479104869e-05 7.881438289601552794e-02 1.068999028182701563e-03 9.718172983479104869e-05 9.718172983479104869e-05 9.718172983479104869e-05 4.382896015549075930e-02 2.633624878522837151e-02 2.342079689018464195e-02 9.718172983479104869e-05 9.718172983479104869e-05 9.718172983479104869e-05 9.718172983479104869e-05 9.815354713313894156e-03 1.068999028182701563e-03 9.718172983479104869e-05 9.718172983479104869e-05 1.078717201166180459e-02
5.698005698005699808e-05 5.698005698005699808e-05 5.698005698005699808e-05 1.784045584045584609e-01 5.698005698005699808e-05 4.519088319088320205e-01 5.698005698005699808e-05 5.698005698005699808e-05 5.361823361823363221e-02 6.324786324786326082e-03 1.784045584045584609e-01 5.698005698005699808e-05 5.698005698005699808e-05 9.065527065527068107e-02 5.698005698005699808e-05 4.615384615384616682e-03 1.766381766381766886e-03 5.698005698005699808e-05 5.698005698005699808e-05 5.698005698005699808e-05 1.886039886039886718e-02 5.698005698005699808e-05 5.698005698005699808e-05 9.173789173789177395e-03 5.698005698005699808e-05 4.615384615384616682e-03 6.267806267806270331e-04 5.698005698005699808e-05 5.698005698005699808e-05 5.698005698005699808e-05
2.591344908007256457e-05 4.019175952319254536e-02 2.591344908007256457e-05 1.404768074630733665e-01 8.294895050531228553e-02 3.610002591344908529e-01 5.441824306815239067e-04 6.245141228297488613e-03 2.049753822233739767e-02 2.591344908007256457e-05 1.702772739051568174e-01 2.591344908007256457e-05 2.591344908007256457e-05 7.051049494687745833e-02 2.591344908007256457e-05 2.231147965794247692e-02 7.799948173101842012e-03 5.726872246696036901e-03 7.022544700699665313e-03 1.997926924073594596e-02 2.617258357087328801e-03 5.441824306815239067e-04 2.591344908007256457e-05 2.591344908007256457e-05 2.591344908007256457e-05 8.577351645504018712e-03 1.039129308110909797e-02 2.591344908007256457e-05 2.205234516714174933e-02 2.591344908007256457e-05
