6.711409395973156168e-04 3.093959731543624581e-01 1.483221476510067360e-01 6.711409395973156168e-04 6.711409395973156168e-04 7.382550335570471460e-03 6.711409395973156168e-04 6.107382550335571647e-02 6.711409395973156168e-04 9.463087248322149536e-02 8.120805369127517825e-02 6.711409395973156168e-04 6.107382550335571647e-02 1.409395973154362741e-02 6.711409395973156168e-04 6.711409395973156168e-04 6.711409395973156168e-04 6.711409395973156168e-04 2.751677852348993411e-02 6.711409395973156168e-04 1.013422818791946539e-01 5.436241610738255792e-02 6.711409395973156168e-04 6.711409395973156168e-04 6.711409395973156168e-04 6.711409395973156168e-04 6.711409395973156168e-04 2.751677852348993411e-02 6.711409395973156168e-04 6.711409395973156168e-04
1.500851788756387695e-01 1.703577512776830718e-04 2.097103918228278574e-01 1.703577512776830718e-04 1.703577512776830718e-04 6.660988074957407967e-02 6.831345826235091234e-02 1.703577512776830718e-04 5.127768313458260646e-02 1.703577512776830718e-04 1.703577512776830718e-04 1.703577512776830718e-04 3.253833049403746791e-02 1.703577512776830718e-04 3.764906303236795898e-02 6.149914821124358860e-02 6.984667802385005619e-03 4.446337308347528272e-02 1.703577512776830718e-04 6.490630323679724700e-02 9.045996592844970929e-02 9.727427597955703997e-02 1.873935264054513898e-03 1.703577512776830718e-04 6.984667802385005619e-03 1.703577512776830718e-04 1.703577512776830718e-04 1.703577512776830718e-04 1.703577512776830718e-04 6.984667802385005619e-03
2.865329512893982069e-04 1.320916905444125822e-01 2.865329512893982069e-04 2.865329512893982069e-04 1.578796561604584037e-01 2.865329512893982069e-04 2.865329512893982069e-04 1.120343839541547010e-01 2.865329512893982069e-04 2.865329512893982069e-04 4.613180515759311012e-02 2.034383954154727128e-02 1.808022922636102481e-01 2.865329512893982069e-04 2.865329512893982069e-04 3.151862464183380168e-03 2.865329512893982069e-04 8.882521489971343873e-03 5.186246418338107816e-02 2.865329512893982069e-04 2.865329512893982069e-04 2.865329512893982069e-04 4.040114613180514208e-02 2.034383954154727128e-02 2.865329512893982069e-04 3.151862464183380168e-03 1.747851002865328726e-02 9.197707736389681976e-02 3.467048710601718098e-02 7.478510028653292951e-02
2.155172413793103147e-04 4.355603448275860989e-01 2.155172413793103147e-04 3.900862068965516710e-02 2.155172413793103147e-04 2.370689655172413327e-03 7.564655172413790873e-02 2.155172413793103147e-04 2.155172413793103147e-04 2.155172413793103147e-04 4.525862068965516745e-03 2.155172413793103147e-04 8.426724137931032588e-02 2.155172413793103147e-04 2.155172413793103147e-04 2.155172413793103147e-04 2.155172413793103147e-04 2.155172413793103147e-04 6.681034482758619296e-03 6.681034482758619296e-03 1.745689655172413118e-02 2.392241379310344057e-02 1.101293103448275634e-01 1.961206896551723547e-02 1.745689655172413118e-02 2.155172413793103147e-04 2.155172413793103147e-04 1.316810344827585855e-01 2.176724137931033976e-02 2.155172413793103147e-04
1.610305958132044596e-04 4.041867954911432248e-02 6.602254428341381570e-03 1.610305958132044596e-04 8.067632850241543419e-02 1.724637681159419678e-01 2.431561996779387294e-02 1.610305958132044596e-04 1.610305958132044596e-04 6.602254428341381570e-03 1.610305958132044596e-04 1.610305958132044596e-04 1.821256038647342257e-01 2.046698872785828460e-01 1.610305958132044596e-04 1.610305958132044596e-04 1.610305958132044596e-04 1.771336553945249137e-03 7.906602254428338195e-02 7.423510466988725298e-02 1.610305958132044596e-04 5.169082125603863265e-02 1.465378421900160461e-02 1.610305958132044596e-04 1.610305958132044596e-04 1.465378421900160461e-02 1.610305958132044596e-04 1.610305958132044596e-04 1.771336553945249137e-03 4.202898550724636084e-02
2.564102564102563016e-04 2.564102564102563016e-04 2.564102564102563016e-04 2.846153846153844785e-02 6.179487179487177378e-02 8.999999999999996891e-02 7.948717948717945458e-03 2.564102564102563016e-04 2.564102564102563016e-04 1.617948717948717308e-01 1.051282051282050739e-02 2.564102564102563016e-04 1.207692307692307260e-01 7.948717948717945458e-03 2.564102564102563016e-04 3.358974358974357172e-02 6.948717948717945958e-02 2.564102564102563016e-04 6.179487179487177378e-02 2.564102564102563016e-04 6.948717948717945958e-02 1.438461538461537903e-01 2.564102564102563016e-04 2.564102564102563016e-04 2.564102564102563016e-04 2.564102564102563016e-04 4.641025641025639525e-02 2.820512820512819426e-03 5.384615384615382659e-03 7.461538461538458344e-02
3.999999999999999216e-03 6.039999999999997593e-01 3.999999999999999216e-03 3.999999999999999216e-03 3.999999999999999216e-03 3.999999999999999216e-03 4.399999999999999051e-02 3.999999999999999216e-03 3.999999999999999216e-03 3.999999999999999216e-03 3.999999999999999216e-03 4.399999999999999051e-02 3.999999999999999216e-03 3.999999999999999216e-03 3.999999999999999216e-03 3.999999999999999216e-03 3.999999999999999216e-03 3.999999999999999216e-03 3.999999999999999216e-03 8.399999999999997746e-02 3.999999999999999216e-03 3.999999999999999216e-03 3.999999999999999216e-03 3.999999999999999216e-03 3.999999999999999216e-03 3.999999999999999216e-03 8.399999999999997746e-02 3.999999999999999216e-03 3.999999999999999216e-03 4.399999999999999051e-02
3.021148036253775348e-04 5.592145015105738359e-01 3.021148036253775348e-04 3.021148036253775348e-04 6.344410876132928340e-03 4.561933534743201069e-02 6.676737160120843617e-02 3.021148036253775348e-04 3.021148036253775348e-04 8.187311178247731747e-02 3.323262839879153208e-03 3.021148036253775348e-04 1.845921450151056797e-01 6.344410876132928340e-03 3.021148036253775348e-04 3.323262839879153208e-03 3.021148036253775348e-04 3.021148036253775348e-04 3.021148036253775348e-04 3.323262839879153208e-03 3.021148036253775348e-04 6.344410876132928340e-03 2.447129909365557826e-02 3.323262839879153208e-03 3.021148036253775348e-04 3.021148036253775348e-04 3.021148036253775348e-04 3.021148036253775348e-04 3.021148036253775348e-04 3.021148036253775348e-04
7.692307692307692301e-04 7.692307692307692301e-04 7.692307692307692301e-04 7.692307692307692301e-04 7.692307692307692301e-04 7.692307692307692301e-04 2.315384615384615541e-01 7.692307692307692301e-04 7.692307692307692301e-04 1.615384615384615405e-02 1.392307692307692413e-01 8.461538461538463049e-03 1.776923076923077049e-01 6.230769230769230699e-02 7.692307692307692301e-04 2.384615384615384678e-02 7.692307692307692301e-04 3.153846153846153605e-02 7.692307692307692301e-04 5.461538461538461425e-02 7.692307692307692301e-04 7.692307692307692301e-04 7.692307692307692301e-04 6.999999999999999278e-02 8.538461538461537825e-02 7.692307692307692301e-04 7.692307692307692301e-04 7.692307692307692301e-04 7.692307692307692301e-04 8.538461538461537825e-02
7.178750897343865410e-05 4.544867193108400594e-01 5.814788226848529966e-03 6.898779612347454016e-02 7.178750897343865410e-05 7.178750897343865410e-05 8.693467336683419200e-02 7.178750897343865410e-05 7.178750897343865410e-05 3.811916726489592011e-02 7.178750897343865410e-05 3.661162957645370478e-03 1.149318018664752666e-01 7.178750897343865410e-05 8.686288585786076238e-03 7.178750897343865410e-05 8.686288585786076238e-03 7.178750897343865410e-05 7.178750897343865410e-05 3.740129217516153376e-02 1.155778894472362338e-02 2.591529073941135214e-02 9.411342426417805551e-02 1.507537688442211641e-03 7.178750897343865410e-05 7.178750897343865410e-05 7.178750897343865410e-05 3.811916726489592011e-02 7.178750897343865410e-05 7.178750897343865410e-05
2.109704641350210468e-04 5.255274261603374297e-01 2.109704641350210468e-04 3.607594936708859862e-02 2.109704641350210468e-04 2.109704641350210468e-04 2.109704641350210468e-04 2.109704641350210468e-04 2.109704641350210468e-04 2.109704641350210468e-04 2.320675105485231569e-03 2.109704641350210468e-04 5.717299578059070742e-02 2.109704641350210468e-04 2.320675105485231569e-03 2.109704641350210468e-04 2.109704641350210468e-04 2.109704641350210468e-04 2.109704641350210468e-04 3.818565400843881158e-02 2.320675105485231569e-03 2.552742616033754422e-02 9.303797468354428613e-02 2.109704641350210468e-04 2.109704641350210468e-04 2.109704641350210468e-04 8.649789029535861345e-03 1.985232067510547815e-01 2.109704641350210468e-04 6.540084388185652721e-03
2.415458937198067030e-04 2.415458937198067030e-04 2.415458937198067030e-04 2.415458937198067030e-04 2.415458937198067030e-04 5.533816425120771099e-01 2.415458937198067030e-04 2.657004830917873706e-03 2.657004830917873706e-03 9.903381642512074090e-03 2.415458937198067030e-04 1.714975845410627447e-02 1.644927536231883536e-01 1.231884057971014031e-02 2.415458937198067030e-04 4.371980676328501847e-02 2.415458937198067030e-04 2.415458937198067030e-04 7.995169082125601345e-02 8.236714975845409181e-02 2.415458937198067030e-04 2.657004830917873706e-03 2.439613526570047486e-02 2.415458937198067030e-04 2.415458937198067030e-04 2.415458937198067030e-04 2.415458937198067030e-04 2.415458937198067030e-04 2.415458937198067030e-04 2.415458937198067030e-04
1.079861111111110744e-01 3.472222222222221271e-04 3.614583333333331594e-01 3.854166666666664770e-02 3.472222222222221271e-04 1.076388888888888534e-02 3.472222222222221271e-04 2.781249999999998446e-01 3.472222222222221271e-04 3.819444444444443452e-03 3.472222222222221271e-04 3.472222222222221271e-04 3.472222222222221271e-04 3.472222222222221271e-04 3.472222222222221271e-04 6.631944444444441700e-02 3.472222222222221271e-04 3.472222222222221271e-04 3.472222222222221271e-04 2.118055555555554623e-02 3.472222222222221271e-04 3.159722222222220711e-02 3.472222222222221271e-04 3.472222222222221271e-04 5.937499999999998335e-02 3.472222222222221271e-04 3.472222222222221271e-04 3.472222222222221271e-04 3.472222222222221271e-04 1.423611111111110390e-02
3.115264797507787207e-04 3.115264797507787207e-04 5.327102803738316406e-02 1.716510903426790580e-01 3.115264797507787207e-04 3.115264797507787207e-04 1.529595015576323547e-01 9.657320872274140558e-03 3.115264797507787207e-04 3.426791277258566144e-03 6.261682242990652958e-02 6.542056074766352917e-03 3.115264797507787207e-04 3.115264797507787207e-04 9.688473520249217541e-02 1.529595015576323547e-01 1.031152647975077524e-01 3.115264797507787207e-04 3.115264797507787207e-04 1.436137071651089891e-01 3.115264797507787207e-04 9.657320872274140558e-03 3.115264797507787207e-04 3.115264797507787207e-04 3.115264797507787207e-04 3.115264797507787207e-04 3.115264797507787207e-04 2.834890965732085946e-02 3.115264797507787207e-04 3.115264797507787207e-04
2.246963562753035923e-02 2.024291497975708144e-04 5.283400809716598534e-02 2.226720647773279202e-03 1.499999999999999667e-01 6.497975708502022607e-02 2.024291497975708144e-04 1.437246963562752687e-02 3.605263157894735837e-01 2.024291497975708144e-04 2.024291497975708144e-04 2.024291497975708144e-04 6.902834008097165353e-02 2.024291497975708144e-04 2.024291497975708144e-04 8.522267206477730783e-02 2.024291497975708144e-04 8.299595141700403036e-03 3.056680161943318985e-02 2.024291497975708144e-04 2.024291497975708144e-04 1.236842105263157576e-01 2.024291497975708144e-04 2.024291497975708144e-04 2.024291497975708144e-04 2.024291497975708144e-04 2.024291497975708144e-04 2.024291497975708144e-04 1.234817813765181835e-02 2.024291497975708144e-04
2.702702702702702202e-04 1.108108108108107719e-02 6.243243243243241924e-02 8.945945945945943389e-02 2.702702702702702202e-04 2.702702702702702202e-04 2.894594594594593340e-01 1.378378378378377830e-02 1.108108108108107719e-02 9.486486486486483960e-02 7.864864864864862248e-02 2.702702702702702202e-04 2.702702702702702202e-04 2.972972972972972097e-03 2.702702702702702202e-04 1.918918918918918401e-02 1.408108108108107603e-01 2.999999999999998848e-02 2.702702702702702202e-04 7.864864864864862248e-02 2.972972972972972097e-03 1.378378378378377830e-02 2.702702702702702202e-04 3.270270270270269480e-02 2.702702702702702202e-04 2.702702702702702202e-04 1.378378378378377830e-02 2.702702702702702202e-04 2.702702702702702202e-04 1.108108108108107719e-02
5.535117056856186241e-02 8.043478260869564578e-02 1.187290969899665316e-02 4.197324414715718210e-02 1.672240802675584929e-04 1.672240802675584929e-04 2.041806020066889160e-01 1.839464882943143585e-03 1.672240802675584929e-04 6.705685618729095854e-02 1.138795986622073292e-01 5.702341137123744658e-02 1.657190635451504523e-01 1.672240802675584929e-04 5.183946488294313877e-03 3.695652173913042959e-02 2.190635451505016165e-02 1.839464882943143585e-03 1.672240802675584929e-04 2.692307692307692110e-02 1.672240802675584929e-04 3.361204013377926125e-02 1.020066889632106726e-02 1.672240802675584929e-04 3.695652173913042959e-02 1.839464882943143585e-03 1.672240802675584929e-04 1.672240802675584929e-04 2.357859531772574582e-02 1.672240802675584929e-04
5.347222222222221266e-02 2.546296296296295635e-03 2.314814814814814361e-04 2.314814814814814361e-04 2.314814814814814361e-04 4.652777777777777207e-02 2.965277777777776680e-01 2.314814814814814361e-04 2.314814814814814361e-04 2.314814814814814361e-04 2.409722222222221433e-01 2.314814814814814361e-04 1.460648148148147862e-01 2.314814814814814361e-04 2.314814814814814361e-04 2.314814814814814361e-04 2.314814814814814361e-04 2.314814814814814361e-04 2.314814814814814361e-04 8.819444444444442255e-02 2.314814814814814361e-04 2.314814814814814361e-04 2.314814814814814361e-04 3.495370370370369517e-02 4.861111111111110321e-03 2.314814814814814361e-04 2.800925925925925111e-02 5.347222222222221266e-02 2.314814814814814361e-04 2.314814814814814361e-04
4.999999999999998196e-02 1.779359430604981519e-04 8.380782918149462524e-02 6.245551601423485200e-02 1.779359430604981519e-04 4.644128113879002206e-02 1.441281138790035006e-02 4.288256227758005523e-02 1.779359430604981519e-04 3.398576512455515203e-02 1.779359430604981519e-04 1.779359430604981519e-04 4.822064056939499854e-02 5.516014234875442519e-03 1.779359430604981519e-04 1.282918149466191482e-01 3.736654804270461271e-03 6.245551601423485200e-02 1.779359430604981519e-04 7.313167259786473862e-02 2.508896797153023842e-02 2.350533807829180422e-01 2.153024911032027505e-02 1.779359430604981519e-04 1.779359430604981519e-04 1.263345195729536838e-02 1.779359430604981519e-04 2.330960854092525847e-02 1.779359430604981519e-04 2.508896797153023842e-02
3.333333333333333764e-04 2.703333333333333144e-01 3.333333333333333764e-04 3.333333333333333764e-04 3.333333333333333764e-04 3.333333333333333764e-04 1.403333333333333377e-01 3.333333333333333764e-04 2.366666666666666571e-02 3.333333333333333764e-04 3.333333333333333764e-04 3.333333333333333764e-04 7.033333333333334492e-02 3.333333333333333764e-04 3.333333333333333764e-04 3.333333333333333764e-04 3.333333333333333764e-04 3.333333333333333764e-04 3.333333333333333764e-04 5.700000000000000205e-02 3.333333333333333764e-04 3.333333333333333764e-04 9.700000000000000289e-02 3.666666666666667032e-03 3.333333333333333764e-04 3.333333333333333764e-04 3.333333333333333764e-04 3.303333333333333122e-01 3.333333333333333764e-04 3.333333333333333764e-04
3.246753246753245666e-04 3.246753246753245666e-04 5.876623376623375111e-02 3.246753246753245666e-04 3.246753246753245666e-04 6.818181818181816116e-03 4.253246753246751888e-02 3.246753246753245666e-04 3.246753246753245666e-04 3.246753246753245666e-04 3.246753246753245666e-04 5.876623376623375111e-02 8.474025974025971297e-02 3.246753246753245666e-04 1.331168831168830571e-02 1.237012987012986592e-01 3.246753246753245666e-04 3.571428571428570450e-03 7.499999999999998335e-02 3.246753246753245666e-04 3.246753246753245666e-04 4.386363636363634355e-01 1.331168831168830571e-02 3.246753246753245666e-04 1.006493506493506135e-02 3.246753246753245666e-04 3.246753246753245666e-04 6.525974025974023984e-02 3.246753246753245666e-04 3.246753246753245666e-04
4.171974522292992010e-02 3.184713375796177637e-04 3.184713375796177637e-04 5.445859872611463759e-02 3.503184713375795400e-03 3.503184713375795400e-03 2.773885350318470167e-01 1.624203821656050248e-02 3.184713375796177637e-04 1.372611464968152284e-01 3.184713375796177637e-04 3.184713375796177637e-04 5.764331210191080829e-02 2.261146496815285775e-02 4.490445859872609774e-02 3.184713375796177637e-04 3.184713375796177637e-04 1.245222929936305317e-01 3.184713375796177637e-04 9.872611464968148939e-03 5.127388535031845995e-02 6.719745222929934814e-02 3.503184713375795400e-03 3.503184713375795400e-03 3.184713375796177637e-04 6.687898089171972170e-03 3.184713375796177637e-04 7.038216560509552577e-02 3.184713375796177637e-04 3.184713375796177637e-04
8.659217877094969873e-03 2.793296089385474083e-04 2.793296089385474083e-04 2.793296089385474083e-04 2.793296089385474083e-04 3.410614525139663566e-01 8.659217877094969873e-03 2.793296089385474083e-04 2.793296089385474083e-04 2.793296089385474083e-04 2.793296089385474083e-04 2.793296089385474083e-04 1.511173184357541555e-01 7.569832402234634439e-02 2.793296089385474083e-04 1.145251396648044179e-02 8.659217877094969873e-03 3.072625698324021708e-03 2.321229050279328687e-01 1.315642458100558243e-01 2.793296089385474083e-04 2.793296089385474083e-04 2.793296089385474083e-04 1.703910614525138909e-02 2.793296089385474083e-04 2.793296089385474083e-04 2.793296089385474083e-04 2.793296089385474083e-04 2.793296089385474083e-04 5.865921787709495357e-03
5.213270142180095705e-03 5.213270142180095705e-03 8.104265402843603694e-02 7.156398104265403182e-02 4.739336492890995948e-04 4.739336492890995948e-04 2.042654028436019231e-01 1.189573459715640019e-01 4.739336492890995948e-04 4.739336492890995948e-04 6.208530805687204751e-02 4.739336492890995948e-04 2.890995260663507468e-02 4.739336492890995948e-04 9.526066350710903075e-02 4.786729857819905370e-02 4.312796208530805808e-02 1.142180094786730132e-01 4.739336492890995948e-04 4.786729857819905370e-02 4.739336492890995948e-04 4.739336492890995948e-04 4.739336492890995948e-04 4.739336492890995948e-04 4.786729857819905370e-02 4.739336492890995948e-04 4.739336492890995948e-04 4.739336492890995948e-04 4.739336492890995948e-04 1.943127962085307997e-02
2.262443438914026972e-04 2.488687782805429696e-03 6.583710407239817819e-02 1.606334841628959120e-02 5.904977375565610698e-02 4.095022624434389164e-02 2.423076923076922518e-01 2.262443438914026972e-04 2.262443438914026972e-04 2.262443438914026972e-04 2.262443438914026972e-04 2.262443438914026972e-04 8.619909502262441958e-02 2.262443438914026972e-04 2.262443438914026972e-04 1.608597285067872862e-01 7.488687782805429627e-02 5.678733031674207399e-02 3.416289592760180654e-02 1.020361990950226089e-01 2.262443438914026972e-04 4.751131221719456614e-03 2.262443438914026972e-04 4.095022624434389164e-02 7.013574660633483532e-03 2.262443438914026972e-04 2.262443438914026972e-04 2.262443438914026972e-04 2.488687782805429696e-03 2.262443438914026972e-04
5.661764705882351562e-02 2.450980392156862169e-04 1.985294117647058015e-02 2.965686274509803100e-02 2.450980392156862169e-04 2.450980392156862169e-04 2.453431372549018663e-01 2.450980392156862169e-04 1.004901960784313278e-02 5.171568627450979366e-02 2.696078431372548549e-03 2.450980392156862169e-04 1.985294117647058015e-02 2.450980392156862169e-04 2.450980392156862169e-04 2.450980392156862169e-04 1.620098039215685792e-01 1.154411764705881999e-01 2.450980392156862169e-04 8.602941176470586815e-02 2.450980392156862169e-04 2.450980392156862169e-04 2.450980392156862169e-04 7.598039215686272670e-03 1.374999999999999556e-01 2.450980392156862169e-04 2.450980392156862169e-04 2.450980392156862169e-04 2.450980392156862169e-04 5.171568627450979366e-02
1.865671641791044524e-04 1.697761194029850235e-02 6.175373134328357438e-02 1.865671641791044524e-04 1.865671641791044524e-04 2.257462686567163548e-02 2.893656716417910002e-01 1.865671641791044524e-04 1.865671641791044524e-04 2.070895522388059226e-02 5.055970149253730811e-02 1.865671641791044524e-04 8.414179104477610693e-02 2.052238805970149193e-03 2.052238805970149193e-03 5.055970149253730811e-02 2.630597014925372540e-02 1.865671641791044524e-04 3.190298507462686201e-02 1.121268656716417761e-01 4.123134328358208506e-02 5.429104477611939455e-02 7.481343283582088388e-02 1.865671641791044524e-04 2.817164179104476862e-02 1.865671641791044524e-04 1.865671641791044524e-04 2.052238805970149193e-03 2.630597014925372540e-02 1.865671641791044524e-04
2.949852507374630685e-04 2.949852507374630685e-04 2.949852507374630685e-04 2.949852507374630685e-04 1.536873156342182523e-01 1.182890855457226775e-01 5.044247787610618011e-02 1.209439528023598283e-02 2.094395280235987478e-02 2.949852507374630685e-04 2.949852507374630685e-04 2.389380530973450253e-02 1.241887905604719400e-01 5.929203539823007379e-02 3.569321533923302397e-02 2.949852507374630685e-04 2.949852507374630685e-04 2.949852507374630685e-04 2.038348082595869415e-01 5.634218289085544257e-02 2.949852507374630685e-04 1.799410029498524355e-02 2.949852507374630685e-04 1.182890855457226775e-01 2.949852507374630685e-04 2.949852507374630685e-04 2.949852507374630685e-04 2.949852507374630685e-04 2.949852507374630685e-04 2.949852507374630685e-04
1.043256997455470347e-02 2.544529262086513426e-04 2.544529262086513426e-04 2.544529262086513426e-04 1.122137404580152431e-01 4.480916030534349837e-01 7.404580152671753901e-02 2.544529262086513426e-04 5.343511450381677706e-03 2.544529262086513426e-04 2.544529262086513426e-04 2.544529262086513426e-04 4.351145038167938267e-02 2.798982188295164823e-03 2.544529262086513426e-04 7.888040712468191024e-03 2.544529262086513426e-04 2.544529262086513426e-04 1.478371501272264243e-01 1.020356234096691794e-01 2.544529262086513426e-04 2.544529262086513426e-04 2.544529262086513426e-04 2.544529262086513426e-04 2.544529262086513426e-04 2.544529262086513426e-04 2.544529262086513426e-04 2.544529262086513426e-04 2.544529262086513426e-04 4.096692111959286675e-02
2.985380116959063246e-01 2.923976608187133473e-04 2.923976608187133473e-04 2.923976608187133473e-04 2.923976608187133473e-04 1.491228070175438028e-02 5.877192982456138498e-02 2.923976608187133473e-04 2.923976608187133473e-04 2.923976608187133473e-04 3.830409356725145154e-02 2.923976608187133473e-04 1.783625730994151462e-02 2.923976608187133473e-04 2.923976608187133473e-04 2.923976608187133473e-04 6.140350877192980728e-03 2.923976608187133473e-04 2.923976608187133473e-04 1.491228070175438028e-02 2.020467836257309191e-01 2.634502923976607125e-01 3.830409356725145154e-02 9.064327485380115068e-03 6.140350877192980728e-03 2.660818713450291417e-02 2.923976608187133473e-04 2.923976608187133473e-04 2.923976608187133473e-04 2.923976608187133473e-04
3.914590747330959179e-03 3.558718861209962496e-04 1.747330960854091564e-01 7.473309608540920808e-03 9.644128113878998321e-02 3.558718861209962496e-04 6.085409252669035651e-02 1.676156583629892227e-01 3.558718861209962496e-04 3.914590747330959179e-03 3.914590747330959179e-03 3.558718861209962496e-04 3.558718861209962496e-04 3.558718861209962496e-04 3.914590747330959179e-03 3.558718861209962496e-04 3.558718861209962496e-04 1.071174377224198698e-01 3.914590747330959179e-03 3.558718861209962496e-04 7.153024911032024313e-02 1.284697508896796292e-01 1.320284697508896099e-01 3.558718861209962496e-04 1.103202846975088330e-02 3.558718861209962496e-04 3.558718861209962496e-04 3.914590747330959179e-03 1.459074733096084320e-02 3.558718861209962496e-04
3.095975232198141516e-04 3.095975232198141516e-04 3.095975232198141516e-04 1.578947368421051989e-02 1.888544891640865989e-02 3.095975232198141516e-04 4.055727554179564681e-02 3.405572755417955559e-03 3.095975232198141516e-04 4.365325077399379028e-02 3.095975232198141516e-04 3.095975232198141516e-04 3.095975232198141516e-04 3.095975232198141516e-04 3.095975232198141516e-04 3.436532507739936682e-02 2.198142414860680335e-02 1.055727554179566180e-01 3.095975232198141516e-04 3.095975232198141516e-04 2.077399380804952622e-01 3.160990712074301934e-01 3.095975232198141516e-04 3.095975232198141516e-04 6.842105263157892414e-02 3.095975232198141516e-04 3.095975232198141516e-04 1.148606811145510415e-01 3.095975232198141516e-04 3.405572755417955559e-03
3.046511627906975730e-02 2.325581395348836798e-04 2.325581395348836798e-04 2.325581395348836798e-04 5.604651162790696278e-02 1.583720930232557500e-01 2.325581395348836798e-04 2.325581395348836798e-04 2.325581395348836798e-04 3.279069767441859795e-02 2.325581395348836798e-04 2.325581395348836798e-04 1.002325581395348553e-01 3.351162790697673199e-01 2.325581395348836798e-04 1.258139534883720712e-01 2.325581395348836798e-04 2.325581395348836798e-04 3.976744186046510948e-02 2.325581395348836798e-04 1.883720930232557489e-02 1.651162790697673771e-02 2.325581395348836798e-04 1.651162790697673771e-02 1.186046511627906509e-02 2.325581395348836798e-04 2.558139534883720288e-03 2.325581395348836798e-04 2.558139534883720288e-03 4.906976744186045819e-02
1.434720229555236425e-04 1.434720229555236425e-04 1.434720229555236425e-04 1.434720229555236425e-04 1.578192252510760094e-03 3.315638450502150780e-01 1.434720229555236425e-04 1.434720229555236425e-04 1.434720229555236425e-04 1.578192252510760094e-03 1.434720229555236425e-04 4.447632711621232401e-03 9.913916786226681377e-02 9.340028694404586829e-02 1.434720229555236425e-04 1.434720229555236425e-04 1.434720229555236425e-04 1.434720229555236425e-04 2.684361549497846777e-01 1.895265423242467051e-01 1.434720229555236425e-04 7.317073170731704275e-03 1.434720229555236425e-04 1.434720229555236425e-04 1.434720229555236425e-04 1.434720229555236425e-04 1.434720229555236425e-04 1.434720229555236425e-04 1.434720229555236425e-04 1.434720229555236425e-04
1.540832049306625090e-04 1.540832049306625090e-04 1.540832049306625090e-04 3.235747303543912851e-03 1.556240369799691270e-02 3.668721109399074032e-01 1.540832049306625090e-04 1.540832049306625090e-04 6.317411402157161945e-03 1.540832049306625090e-04 1.694915254237287653e-03 1.540832049306625090e-04 8.181818181818178992e-02 8.798151001540829852e-02 1.710323574730353638e-02 7.858243451463787360e-03 1.540832049306625090e-04 1.540832049306625090e-04 2.497688751926039064e-01 1.480739599383666671e-01 1.540832049306625090e-04 3.235747303543912851e-03 1.540832049306625090e-04 1.540832049306625090e-04 1.540832049306625090e-04 1.540832049306625090e-04 1.540832049306625090e-04 1.540832049306625090e-04 1.540832049306625090e-04 7.858243451463787360e-03
2.518891687657430121e-04 2.518891687657430121e-04 1.664987405541561161e-01 1.788413098236775120e-02 5.314861460957177874e-02 2.518891687657430121e-04 8.085642317380350996e-02 2.518891687657430121e-04 2.518891687657430121e-04 1.032745591939546181e-02 2.518891687657430121e-04 2.518891687657430121e-04 7.078085642317379078e-02 2.518891687657430121e-04 2.518891687657430121e-04 2.770780856423173295e-03 7.808564231738032886e-03 6.322418136020149793e-02 7.808564231738032886e-03 1.161209068010075202e-01 1.032745591939546181e-02 3.125944584382870373e-01 7.581863979848864343e-02 2.518891687657430121e-04 2.518891687657430121e-04 2.518891687657430121e-04 2.518891687657430121e-04 2.518891687657430121e-04 2.518891687657430121e-04 2.518891687657430121e-04
2.016129032258064243e-04 2.016129032258064243e-04 8.266129032258061338e-03 2.016129032258064243e-04 1.028225806451612580e-02 3.590725806451611768e-01 2.016129032258064243e-04 2.016129032258064243e-04 2.016129032258064243e-04 2.016129032258064243e-04 2.016129032258064243e-04 2.016129032258064243e-04 7.479838709677417985e-02 8.689516129032257008e-02 2.016129032258064243e-04 2.016129032258064243e-04 2.016129032258064243e-04 2.016129032258064243e-04 3.066532258064515459e-01 1.393145161290322009e-01 2.016129032258064243e-04 2.217741935483870559e-03 4.233870967741935019e-03 2.016129032258064243e-04 2.016129032258064243e-04 2.016129032258064243e-04 2.016129032258064243e-04 2.016129032258064243e-04 2.016129032258064243e-04 4.233870967741935019e-03
1.579778830963664954e-04 8.056872037914690129e-03 1.579778830963664954e-04 3.317535545023696242e-03 4.281200631911531718e-02 1.723538704581358272e-01 8.704581358609793373e-02 1.579778830963664954e-04 7.440758293838861670e-02 3.491311216429699577e-02 1.579778830963664954e-04 1.579778830963664954e-04 9.020537124802525952e-02 6.492890995260662546e-02 1.579778830963664954e-04 1.579778830963664954e-04 1.579778830963664954e-04 3.333333333333333287e-02 1.375987361769351880e-01 1.407582938388625138e-01 1.279620853080568402e-02 2.701421800947867088e-02 1.579778830963664954e-04 1.279620853080568402e-02 3.649289099526065866e-02 1.579778830963664954e-04 1.911532385466034253e-02 1.579778830963664954e-04 1.579778830963664954e-04 1.579778830963664954e-04
2.985074626865670587e-04 2.985074626865670587e-04 1.256716417910447303e-01 8.388059701492535380e-02 3.014925373134327152e-02 9.253731343283579797e-03 3.465671641791043256e-01 2.985074626865670587e-04 3.313432835820894623e-02 2.985074626865670587e-04 5.104477611940297366e-02 1.137313432835820592e-01 2.985074626865670587e-04 2.985074626865670587e-04 4.507462686567162424e-02 2.985074626865670587e-04 3.313432835820894623e-02 1.820895522388059004e-02 2.985074626865670587e-04 4.507462686567162424e-02 2.985074626865670587e-04 3.910447761194028177e-02 2.985074626865670587e-04 2.985074626865670587e-04 2.985074626865670587e-04 2.985074626865670587e-04 1.820895522388059004e-02 2.985074626865670587e-04 2.985074626865670587e-04 3.283582089552237755e-03
3.247807017543858921e-01 2.192982456140350647e-04 1.405701754385964564e-01 2.412280701754385658e-03 2.192982456140350647e-04 2.192982456140350647e-04 4.846491228070175239e-02 2.192982456140350647e-04 2.192982456140350647e-04 2.192982456140350647e-04 4.605263157894736413e-03 2.192982456140350647e-04 2.192982456140350647e-04 2.214912280701753985e-02 5.942982456140350617e-02 2.192982456140350647e-04 3.092105263157894288e-02 2.192982456140350647e-04 1.668859649122806654e-01 1.778508771929824261e-01 2.192982456140350647e-04 2.412280701754385658e-03 2.192982456140350647e-04 2.192982456140350647e-04 2.192982456140350647e-04 2.192982456140350647e-04 1.118421052631578781e-02 2.192982456140350647e-04 2.192982456140350647e-04 4.605263157894736413e-03
3.230263157894737724e-01 6.578947368421054652e-04 2.309210526315789991e-01 6.578947368421054652e-04 6.578947368421054652e-04 8.618421052631580759e-02 6.578947368421054652e-04 7.236842105263159575e-03 4.671052631578948011e-02 6.578947368421054652e-04 6.578947368421054652e-04 6.578947368421054652e-04 6.578947368421054652e-04 6.578947368421054652e-04 6.578947368421054652e-04 6.578947368421054652e-04 6.578947368421054652e-04 6.578947368421054652e-04 7.236842105263159575e-03 1.717105263157895079e-01 6.578947368421054652e-04 6.578947368421054652e-04 6.578947368421054652e-04 6.578947368421054652e-04 1.125000000000000305e-01 6.578947368421054652e-04 6.578947368421054652e-04 6.578947368421054652e-04 6.578947368421054652e-04 6.578947368421054652e-04
3.571428571428570341e-04 3.571428571428570341e-04 6.464285714285712692e-02 3.571428571428570341e-04 3.571428571428570341e-04 1.324999999999999512e-01 3.571428571428570341e-04 9.321428571428568011e-02 3.571428571428570341e-04 3.571428571428570341e-04 2.178571428571427632e-02 3.571428571428570341e-04 2.860714285714284211e-01 5.035714285714283645e-02 3.571428571428570341e-04 3.571428571428570341e-04 3.571428571428570341e-04 3.571428571428570341e-04 1.464285714285713629e-02 5.035714285714283645e-02 4.678571428571426383e-02 3.571428571428570341e-04 2.535714285714284547e-02 1.360714285714285099e-01 3.571428571428570341e-04 3.571428571428570341e-04 3.571428571428570341e-04 3.928571428571427104e-03 3.571428571428570341e-04 6.821428571428568566e-02
1.736040609137055532e-02 1.015228426395938920e-04 9.238578680203043958e-03 1.015228426395938920e-04 1.015228426395938920e-04 5.177664974619287409e-03 9.238578680203043958e-03 1.015228426395938920e-04 9.473096446700505213e-01 1.015228426395938920e-04 1.015228426395938920e-04 1.015228426395938920e-04 1.015228426395938920e-04 1.015228426395938920e-04 1.015228426395938920e-04 1.015228426395938920e-04 1.015228426395938920e-04 1.015228426395938920e-04 1.015228426395938920e-04 1.116751269035532812e-03 1.015228426395938920e-04 1.015228426395938920e-04 1.015228426395938920e-04 1.015228426395938920e-04 4.162436548223348923e-03 1.015228426395938920e-04 1.015228426395938920e-04 1.015228426395938920e-04 1.015228426395938920e-04 4.162436548223348923e-03
2.531645569620252778e-04 1.394936708860759211e-01 2.531645569620252778e-04 2.531645569620252778e-04 5.316455696202529967e-03 5.594936708860757946e-02 7.873417721518985446e-02 2.531645569620252778e-04 2.556962025316454959e-02 2.531645569620252778e-04 1.394936708860759211e-01 2.531645569620252778e-04 1.724050632911391656e-01 5.316455696202529967e-03 2.784810126582278056e-03 2.531645569620252778e-04 2.531645569620252778e-04 2.531645569620252778e-04 2.531645569620252778e-04 6.354430379746833779e-02 9.645569620253162391e-02 1.420253164556961600e-01 2.531645569620252778e-04 2.531645569620252778e-04 2.531645569620252778e-04 2.784810126582278056e-03 7.848101265822783612e-03 2.531645569620252778e-04 2.784810126582278056e-03 5.594936708860757946e-02
1.297016861219195578e-04 1.297016861219195578e-04 5.330739299610893350e-02 7.911802853437092595e-03 1.309987029831387317e-02 1.297016861219195578e-04 1.297016861219195578e-04 1.699092088197146078e-02 1.699092088197146078e-02 1.297016861219195578e-04 1.297016861219195578e-04 1.297016861219195578e-04 4.020752269779505859e-03 9.208819714656287306e-03 1.297016861219195578e-04 4.163424124513617763e-02 1.297016861219195578e-04 1.426718547341115136e-03 3.774319066147859003e-02 1.297016861219195578e-04 1.297016861219195578e-04 7.394293125810633693e-01 1.297016861219195578e-04 2.347600518806744127e-02 6.614785992217896149e-03 1.297016861219195578e-04 1.297016861219195578e-04 1.297016861219195578e-04 1.297016861219195578e-04 2.607003891050583069e-02
3.937007874015748519e-04 3.937007874015748519e-04 5.944881889763779792e-02 3.937007874015748519e-04 1.220472440944882046e-02 3.937007874015748519e-04 4.763779527559055399e-02 3.937007874015748519e-04 3.937007874015748519e-04 3.937007874015748519e-04 3.937007874015748519e-04 3.937007874015748519e-04 1.066929133858267875e-01 3.937007874015748519e-04 3.937007874015748519e-04 1.342519685039370303e-01 3.937007874015748519e-04 4.330708661417323642e-03 1.933070866141732569e-01 3.937007874015748519e-04 3.937007874015748519e-04 7.125984251968504879e-02 3.937007874015748519e-04 1.185039370078740384e-01 4.763779527559055399e-02 3.937007874015748519e-04 5.944881889763779792e-02 3.937007874015748519e-04 5.157480314960630197e-02 8.700787401574804070e-02
3.952569169960475884e-04 8.300395256916998435e-03 5.968379446640317831e-02 3.952569169960475884e-04 3.952569169960475884e-04 3.952569169960475884e-04 2.411067193675889980e-02 3.952569169960475884e-04 3.952569169960475884e-04 8.300395256916998435e-03 3.952569169960475884e-04 3.952569169960475884e-04 5.177865612648222676e-02 1.620553359683794825e-02 3.952569169960475884e-04 3.952569169960475884e-04 3.952569169960475884e-04 4.387351778656127521e-02 8.735177865612651915e-02 1.110671936758893669e-01 5.573122529644270601e-02 4.944664031620554789e-01 2.411067193675889980e-02 3.952569169960475884e-04 3.952569169960475884e-04 3.952569169960475884e-04 8.300395256916998435e-03 3.952569169960475884e-04 3.952569169960475884e-04 3.952569169960475884e-04
3.300330033003299286e-04 3.300330033003299286e-04 3.300330033003299286e-04 3.300330033003299286e-04 1.023102310231022681e-02 3.300330033003299286e-04 3.333333333333331899e-02 3.300330033003299286e-04 3.630363036303629106e-03 5.973597359735971501e-02 3.300330033003299286e-04 3.300330033003299286e-04 1.353135313531352545e-02 3.300330033003299286e-04 3.300330033003299286e-04 8.613861386138610410e-02 6.963696369636961092e-02 3.300330033003299286e-04 3.300330033003299286e-04 1.059405940594059098e-01 9.933993399339931252e-02 3.138613861386137516e-01 1.686468646864685839e-01 3.300330033003299286e-04 3.300330033003299286e-04 3.300330033003299286e-04 3.300330033003299286e-04 3.003300330033002036e-02 3.300330033003299286e-04 3.300330033003299286e-04
9.999999999999995004e-03 5.825490196078428884e-01 1.960784313725489302e-04 1.196078431372548344e-02 1.960784313725489302e-04 1.960784313725489302e-04 1.001960784313725011e-01 1.960784313725489302e-04 1.960784313725489302e-04 2.372549019607841925e-02 1.960784313725489302e-04 1.960784313725489302e-04 2.001960784313724373e-01 2.156862745098038232e-03 1.960784313725489302e-04 1.960784313725489302e-04 1.960784313725489302e-04 1.960784313725489302e-04 1.960784313725489302e-04 1.960784313725489302e-04 1.960784313725489302e-04 4.117647058823527967e-03 6.098039215686271858e-02 1.960784313725489302e-04 1.960784313725489302e-04 1.960784313725489302e-04 1.960784313725489302e-04 1.960784313725489302e-04 1.960784313725489302e-04 1.960784313725489302e-04
2.793296089385474083e-04 2.793296089385474083e-04 4.217877094972065366e-02 8.659217877094969873e-03 1.818435754189943465e-01 2.125698324022345653e-01 2.793296089385474083e-04 4.217877094972065366e-02 2.793296089385474083e-04 2.793296089385474083e-04 2.793296089385474083e-04 2.262569832402233985e-02 1.092178770949720351e-01 1.203910614525139366e-01 2.793296089385474083e-04 2.793296089385474083e-04 2.793296089385474083e-04 4.776536312849161137e-02 8.659217877094969873e-03 1.064245810055865632e-01 2.793296089385474083e-04 2.793296089385474083e-04 2.793296089385474083e-04 3.072625698324021708e-03 2.793296089385474083e-04 2.793296089385474083e-04 6.173184357541897788e-02 3.072625698324021708e-03 2.793296089385474083e-04 2.541899441340781177e-02
2.399010717230009096e-02 4.377576257213521699e-02 8.244023083264636297e-05 6.356141797197034649e-02 8.244023083264636297e-05 2.728771640560594819e-02 1.163231657048640066e-01 1.731244847485573744e-03 7.502061005770818691e-03 4.460016488046168043e-02 1.501236603462490216e-01 8.244023083264636297e-05 1.163231657048640066e-01 8.244023083264636297e-05 8.244023083264636297e-05 1.574608408903545656e-02 8.244023083264636297e-05 4.542456718878814387e-02 2.976092333058533851e-02 6.108821104699094923e-02 9.150865622423745571e-03 1.427040395713108367e-01 3.882934872217643635e-02 8.244023083264636297e-05 8.244023083264636297e-05 8.244023083264636297e-05 8.244023083264636297e-05 9.068425391591100875e-04 9.068425391591100875e-04 5.943940643033802235e-02
6.796116504854367128e-03 6.796116504854367128e-03 3.236245954692555595e-04 2.297734627831714282e-02 2.944983818770225206e-02 1.974110032362458647e-02 4.113268608414237804e-01 3.236245954692555595e-04 2.944983818770225206e-02 3.236245954692555595e-04 2.009708737864077110e-01 1.326860841423947550e-02 3.236245954692555595e-04 6.796116504854367128e-03 1.003236245954692261e-02 5.210355987055014654e-02 3.592233009708736130e-02 3.268608414239480842e-02 3.559870550161811208e-03 3.559870550161811208e-03 1.974110032362458647e-02 7.152103559870548466e-02 3.236245954692555595e-04 3.236245954692555595e-04 6.796116504854367128e-03 3.236245954692555595e-04 6.796116504854367128e-03 6.796116504854367128e-03 3.236245954692555595e-04 3.236245954692555595e-04
1.712328767123287142e-04 1.044520547945205005e-02 2.585616438356163477e-02 8.065068493150681639e-02 1.712328767123287142e-04 1.712328767123287142e-04 1.558219178082191105e-02 1.712328767123287142e-04 1.729452054794519689e-02 1.900684931506848446e-02 1.712328767123287142e-04 1.712328767123287142e-04 9.948630136986297279e-02 1.712328767123287142e-04 3.595890410958902782e-03 1.712328767123287142e-04 1.712328767123287142e-04 1.883561643835615857e-03 1.712328767123287142e-04 1.044520547945205005e-02 2.518835616438355185e-01 3.272260273972601441e-01 3.613013698630136022e-02 3.595890410958902782e-03 6.010273972602737935e-02 1.712328767123287142e-04 1.712328767123287142e-04 2.928082191780820992e-02 1.712328767123287142e-04 5.308219178082189925e-03
