3.741496598639453951e-03 3.401360544217685213e-04 3.401360544217685213e-04 3.401360544217685213e-04 3.741496598639453951e-03 6.496598639455779256e-02 1.465986394557822203e-01 1.057823129251700134e-01 2.414965986394556133e-02 2.074829931972787742e-02 3.401360544217685213e-04 5.476190476190473388e-02 3.401360544217685213e-04 3.401360544217685213e-04 1.054421768707482394e-02 3.401360544217685213e-04 7.517006802721085124e-02 3.741496598639453951e-03 3.741496598639453951e-03 1.363945578231291755e-01 3.095238095238093262e-02 3.401360544217685213e-04 2.962585034013603402e-01 3.401360544217685213e-04 3.401360544217685213e-04 7.142857142857139165e-03 7.142857142857139165e-03 3.401360544217685213e-04 3.401360544217685213e-04 3.401360544217685213e-04
4.857954545454544470e-02 5.965909090909089427e-03 3.437499999999998890e-02 2.840909090909090229e-04 2.840909090909090229e-04 2.840909090909090229e-04 4.289772727272726099e-02 1.053977272727272402e-01 7.130681818181816567e-02 9.119318181818179825e-02 2.840909090909090229e-04 7.414772727272725406e-02 4.573863636363635632e-02 2.840909090909090229e-04 2.840909090909090229e-04 2.840909090909090229e-04 1.164772727272726793e-02 7.414772727272725406e-02 1.934659090909090218e-01 9.687499999999997502e-02 2.840909090909090229e-04 5.965909090909089427e-03 3.124999999999999306e-03 7.698863636363634244e-02 1.448863636363635805e-02 2.840909090909090229e-04 2.840909090909090229e-04 2.840909090909090229e-04 2.840909090909090229e-04 2.840909090909090229e-04
3.806228373702420179e-03 3.460207612456745667e-04 3.460207612456745667e-04 9.031141868512106152e-02 3.806228373702420179e-03 3.460207612456745667e-04 3.460207612456745667e-04 3.460207612456745667e-04 3.460207612456745667e-04 3.806228373702420179e-03 7.266435986159165521e-03 1.041522491349480412e-01 3.460207612456745667e-04 3.460207612456745667e-04 3.460207612456745667e-04 1.764705882352940111e-02 1.283737024221452694e-01 3.460207612456745667e-04 7.647058823529408189e-02 4.363321799307955939e-01 3.460207612456745667e-04 3.460207612456745667e-04 3.806228373702420179e-03 6.608996539792384717e-02 3.460207612456745667e-04 3.460207612456745667e-04 3.460207612456745667e-04 5.224913494809685366e-02 3.460207612456745667e-04 3.460207612456745667e-04
4.621848739495799246e-03 4.201680672268908357e-04 1.096638655462185002e-01 4.201680672268908357e-04 4.201680672268908357e-04 4.621848739495799246e-03 4.243697478991596828e-02 2.063025210084034056e-01 4.201680672268908357e-04 1.722689075630252226e-02 4.201680672268908357e-04 1.558823529411764996e-01 4.201680672268908357e-04 4.201680672268908357e-04 4.201680672268908357e-04 4.243697478991596828e-02 3.823529411764706176e-02 4.201680672268908357e-04 4.621848739495799246e-03 1.306722689075630606e-01 3.823529411764706176e-02 3.823529411764706176e-02 9.285714285714287419e-02 4.201680672268908357e-04 4.201680672268908357e-04 4.201680672268908357e-04 8.823529411764707495e-03 5.924369747899160127e-02 4.201680672268908357e-04 4.201680672268908357e-04
7.843749999999997946e-02 3.124999999999998981e-04 3.124999999999998981e-04 3.124999999999998981e-04 3.468749999999998918e-02 3.437499999999999150e-03 7.218749999999997391e-02 9.406249999999996558e-02 3.124999999999998981e-04 8.468749999999997113e-02 3.124999999999998981e-04 1.753124999999999545e-01 3.124999999999998981e-04 3.124999999999998981e-04 3.124999999999998981e-04 3.124999999999998981e-04 1.065624999999999628e-01 3.156249999999998640e-02 3.124999999999998981e-04 3.124999999999998981e-04 3.124999999999998981e-04 2.221874999999998990e-01 2.531249999999999126e-02 3.124999999999998981e-04 3.468749999999998918e-02 3.437499999999999150e-03 3.124999999999998981e-04 1.593749999999999334e-02 1.281249999999999403e-02 3.124999999999998981e-04
7.749077490774905139e-03 8.523985239852395479e-02 4.059040590405902857e-03 3.690036900369002499e-04 4.059040590405902857e-03 3.690036900369002499e-04 3.690036900369002499e-04 3.690036900369002499e-04 1.221402214022139776e-01 2.143911439114390416e-01 3.690036900369002499e-04 3.690036900369002499e-04 3.690036900369002499e-04 3.690036900369002499e-04 3.690036900369002499e-04 2.250922509225091253e-02 3.357933579335791591e-02 3.690036900369002499e-04 4.059040590405902857e-03 2.623616236162360504e-01 3.690036900369002499e-04 3.690036900369002499e-04 3.690036900369002499e-04 1.590405904059039865e-01 7.416974169741695488e-02 3.690036900369002499e-04 3.690036900369002499e-04 3.690036900369002499e-04 3.690036900369002499e-04 3.690036900369002499e-04
1.285266457680250135e-02 1.912225705329152758e-02 3.134796238244513225e-04 6.583072100313477719e-03 3.134796238244513225e-04 4.420062695924763252e-02 1.598746081504701447e-02 3.134796238244513225e-04 3.134796238244513225e-04 8.808777429467082309e-02 3.134796238244513225e-04 1.598746081504701447e-02 9.717868338557989968e-03 3.134796238244513225e-04 3.134796238244513225e-04 3.134796238244513225e-04 2.009404388714732537e-01 3.134796238244513225e-04 3.134796238244513225e-04 5.018808777429465406e-01 3.134796238244513225e-04 6.583072100313477719e-03 3.134796238244513225e-04 7.241379310344825404e-02 3.134796238244513225e-04 3.134796238244513225e-04 3.134796238244513225e-04 3.134796238244513225e-04 3.134796238244513225e-04 3.134796238244513225e-04
6.410256410256411335e-04 6.410256410256411335e-04 6.410256410256411335e-04 6.410256410256411335e-04 6.410256410256411335e-04 6.410256410256411335e-04 1.346153846153846402e-02 3.532051282051282826e-01 7.115384615384616473e-02 6.410256410256411335e-04 6.410256410256411335e-04 1.737179487179487669e-01 6.410256410256411335e-04 6.410256410256411335e-04 7.051282051282053119e-03 6.410256410256411335e-04 3.269230769230769412e-02 7.051282051282053119e-03 6.410256410256411335e-04 3.269230769230769412e-02 6.410256410256411335e-04 3.269230769230769412e-02 2.634615384615385247e-01 6.410256410256411335e-04 6.410256410256411335e-04 6.410256410256411335e-04 6.410256410256411335e-04 6.410256410256411335e-04 6.410256410256411335e-04 6.410256410256411335e-04
3.558718861209963038e-04 1.391459074733095436e-01 3.558718861209963038e-04 3.558718861209963038e-04 3.558718861209963038e-04 5.373665480427043672e-02 2.170818505338077339e-02 3.558718861209963038e-04 3.558718861209963038e-04 8.220640569395014363e-02 3.558718861209963038e-04 3.558718861209963038e-04 2.882562277580070012e-02 3.558718861209963038e-04 3.558718861209963038e-04 3.558718861209963038e-04 2.387900355871885039e-01 3.914590747330959179e-03 3.914590747330959179e-03 2.957295373665478899e-01 3.558718861209963038e-04 2.170818505338077339e-02 3.558718861209963038e-04 9.288256227758004413e-02 3.558718861209963038e-04 3.558718861209963038e-04 3.558718861209963038e-04 1.103202846975088504e-02 3.558718861209963038e-04 3.558718861209963038e-04
4.230769230769231525e-03 3.846153846153846151e-04 3.499999999999999639e-02 3.846153846153846151e-04 3.846153846153846151e-04 1.465384615384615341e-01 3.846153846153846151e-04 4.230769230769231525e-03 5.807692307692307460e-02 1.426923076923077016e-01 3.846153846153846151e-04 1.196153846153846234e-01 3.846153846153846151e-04 3.846153846153846151e-04 3.846153846153846151e-04 3.884615384615384276e-02 1.388461538461538414e-01 3.846153846153846151e-04 3.846153846153846151e-04 2.542307692307692046e-01 3.846153846153846151e-04 8.076923076923077024e-03 3.846153846153846151e-04 3.846153846153846151e-04 1.192307692307692339e-02 3.846153846153846151e-04 3.846153846153846151e-04 8.076923076923077024e-03 2.346153846153846076e-02 3.846153846153846151e-04
2.832861189801698983e-04 2.832861189801698983e-04 1.560906515580736120e-01 2.832861189801698983e-04 2.011331444759206083e-02 6.260623229461755035e-02 2.832861189801698983e-04 3.317280453257789308e-01 2.832861189801698983e-04 3.711048158640225386e-02 2.832861189801698983e-04 4.844192634560905153e-02 2.832861189801698983e-04 2.832861189801698983e-04 3.116147308781869098e-03 1.161473087818696431e-02 7.110481586402264687e-02 2.832861189801698983e-04 3.116147308781869098e-03 2.832861189801698983e-04 6.260623229461755035e-02 7.960339943342774338e-02 2.832861189801698983e-04 2.011331444759206083e-02 2.832861189801698983e-04 3.116147308781869098e-03 2.832861189801698983e-04 2.832861189801698983e-04 8.526912181303113181e-02 2.832861189801698983e-04
8.849557522123896935e-04 9.734513274336286520e-03 1.513274336283186305e-01 1.070796460176991344e-01 2.743362831858407735e-02 8.849557522123896935e-04 8.849557522123896935e-04 1.955752212389381128e-01 8.849557522123896935e-04 8.849557522123896935e-04 8.849557522123896935e-04 9.734513274336286520e-03 8.849557522123896935e-04 8.849557522123896935e-04 3.628318584070797104e-02 8.849557522123896935e-04 8.849557522123896935e-04 1.513274336283186305e-01 8.053097345132745333e-02 8.849557522123896935e-04 1.336283185840708154e-01 8.849557522123896935e-04 8.849557522123896935e-04 8.849557522123896935e-04 9.734513274336286520e-03 8.849557522123896935e-04 8.849557522123896935e-04 9.734513274336286520e-03 4.513274336283186472e-02 1.858407079646018367e-02
1.193832599118942878e-01 7.973568281938327174e-02 4.405286343612335536e-04 1.325991189427312977e-01 4.405286343612335536e-04 4.405286343612335536e-04 4.405286343612335536e-04 4.405286343612335536e-04 4.405286343612335536e-04 4.845814977973569686e-03 1.365638766519823924e-02 4.405286343612335536e-04 4.405286343612335536e-04 4.405286343612335536e-04 4.405286343612335536e-04 4.889867841409691746e-02 1.854625550660793376e-01 1.370044052863436390e-01 4.405286343612335536e-04 4.405286343612335536e-04 4.405286343612335536e-04 1.806167400881057358e-02 4.405286343612335536e-04 4.405286343612335536e-04 4.405286343612335536e-04 2.471365638766520323e-01 4.405286343612335536e-04 4.405286343612335536e-04 4.845814977973569686e-03 4.405286343612335536e-04
7.194244604316549089e-04 1.446043165467626179e-01 7.194244604316549089e-04 7.194244604316549089e-04 2.230215827338129925e-02 7.194244604316549089e-04 7.194244604316549089e-04 7.194244604316549089e-04 2.949640287769784638e-02 7.985611510791368328e-02 7.194244604316549089e-04 7.194244604316549089e-04 7.194244604316549089e-04 1.374100719424460881e-01 7.194244604316549089e-04 7.194244604316549089e-04 7.194244604316549089e-04 7.194244604316549089e-04 7.194244604316549089e-04 1.589928057553957330e-01 2.949640287769784638e-02 7.194244604316549089e-04 7.913669064748203238e-03 7.194244604316549089e-04 7.194244604316549089e-04 7.194244604316549089e-04 1.510791366906475211e-02 7.194244604316549089e-04 6.546762589928058207e-02 2.956834532374101321e-01
3.364928909952607378e-02 4.739336492890997032e-04 4.739336492890997032e-04 4.739336492890997032e-04 4.739336492890997032e-04 5.260663507109006320e-02 1.943127962085308344e-02 4.739336492890997032e-04 6.682464454976304313e-02 4.739336492890997032e-04 1.943127962085308344e-02 4.739336492890997032e-04 9.952606635071093930e-03 4.739336492890997032e-04 4.739336492890997032e-04 1.236966824644550184e-01 2.706161137440759035e-01 4.739336492890997032e-04 4.739336492890997032e-04 3.843601895734597984e-01 4.739336492890997032e-04 4.739336492890997032e-04 4.739336492890997032e-04 4.739336492890997032e-04 4.739336492890997032e-04 4.739336492890997032e-04 4.739336492890997032e-04 4.739336492890997032e-04 9.952606635071093930e-03 4.739336492890997032e-04
4.739336492890997032e-04 4.739336492890997032e-04 1.331753554502370096e-01 4.739336492890997032e-04 4.739336492890997032e-04 4.739336492890997032e-04 4.739336492890997032e-04 1.710900473933649746e-01 4.739336492890997032e-04 3.838862559241706940e-02 9.052132701421804206e-02 5.213270142180096572e-03 5.213270142180096572e-03 4.739336492890997032e-04 5.213270142180096572e-03 4.739336492890997032e-04 3.274881516587678232e-01 4.739336492890997032e-04 4.739336492890997032e-04 4.739336492890997032e-04 1.047393364928910359e-01 5.260663507109006320e-02 4.739336492890997032e-04 4.739336492890997032e-04 4.739336492890997032e-04 4.739336492890997032e-04 4.739336492890997032e-04 4.739336492890997032e-04 5.734597156398105883e-02 4.739336492890997032e-04
3.546099290780140457e-04 3.900709219858154719e-03 8.546099290780138913e-02 3.546099290780140457e-04 3.546099290780140457e-04 1.280141843971630833e-01 3.546099290780140457e-04 3.159574468085105114e-01 1.918439716312055898e-01 3.546099290780140457e-04 3.546099290780140457e-04 3.936170212765955495e-02 3.546099290780140457e-04 3.226950354609927490e-02 3.546099290780140457e-04 3.546099290780140457e-04 3.546099290780140457e-04 3.546099290780140457e-04 3.546099290780140457e-04 1.453900709219857479e-02 6.773049645390068207e-02 4.290780141843969497e-02 3.546099290780140457e-04 3.546099290780140457e-04 3.546099290780140457e-04 3.546099290780140457e-04 3.546099290780140457e-04 3.546099290780140457e-04 7.127659574468082904e-02 3.546099290780140457e-04
3.914590747330960047e-03 3.558718861209964122e-04 3.558718861209964122e-04 3.558718861209964122e-04 3.914590747330960047e-03 1.569395017793593916e-01 2.526690391459074023e-02 1.711743772241992589e-01 9.288256227758005801e-02 3.558718861209964122e-04 3.914590747330960047e-03 3.558718861209964122e-04 3.558718861209964122e-04 3.558718861209964122e-04 3.558718861209964122e-04 1.103202846975088851e-02 8.932384341637009117e-02 3.558718861209964122e-04 3.558718861209964122e-04 3.558718861209964122e-04 1.177935943060497981e-01 8.932384341637009117e-02 3.558718861209964122e-04 3.558718861209964122e-04 3.558718861209964122e-04 3.558718861209964122e-04 3.914590747330960047e-03 3.558718861209964122e-04 2.245551601423487198e-01 3.558718861209964122e-04
3.676470588235293525e-04 4.044117647058823040e-03 2.172794117647058321e-01 6.286764705882352811e-02 3.676470588235293525e-04 3.676470588235293525e-04 3.676470588235293525e-04 5.183823529411763636e-02 9.963235294117644969e-02 3.676470588235293525e-04 6.286764705882352811e-02 3.676470588235293525e-04 3.676470588235293525e-04 1.874999999999999584e-02 5.551470588235293130e-02 7.720588235294116239e-03 3.676470588235293525e-04 6.286764705882352811e-02 3.676470588235293525e-04 1.507352941176470090e-02 4.816176470588234143e-02 3.676470588235293525e-04 4.044117647058823040e-03 7.022058823529410410e-02 3.676470588235293525e-04 7.389705882352939903e-02 1.400735294117646801e-01 3.676470588235293525e-04 3.676470588235293525e-04 3.676470588235293525e-04
2.617801047120418031e-04 3.691099476439789473e-02 1.311518324607329478e-01 5.523560209424082518e-02 2.617801047120418031e-04 4.476439790575915262e-02 2.617801047120418031e-04 1.913612565445025337e-01 2.617801047120418031e-04 2.617801047120418031e-04 7.356020942408375562e-02 6.832460732984291241e-02 2.617801047120418031e-04 2.617801047120418031e-04 2.617801047120418031e-04 3.691099476439789473e-02 2.617801047120418031e-04 2.382198952879580403e-02 1.416230366492146342e-01 2.617801047120418031e-04 1.023560209424083517e-01 5.497382198952877920e-03 2.879581151832460214e-03 2.617801047120418031e-04 2.617801047120418031e-04 8.115183246073296927e-03 2.617801047120418031e-04 2.879581151832460214e-03 7.094240837696333402e-02 2.617801047120418031e-04
1.701075268817204278e-01 2.817204301075268771e-02 6.688172043010752466e-02 1.529032258064516037e-01 2.150537634408602149e-04 2.150537634408602149e-04 1.526881720430107482e-02 2.150537634408602149e-04 1.722580645161290169e-01 2.150537634408602149e-04 2.150537634408602149e-04 1.956989247311827912e-02 2.150537634408602149e-04 2.150537634408602149e-04 6.666666666666667095e-03 2.150537634408602149e-04 4.537634408602150837e-02 5.182795698924731742e-02 2.150537634408602149e-04 2.150537634408602149e-04 2.365591397849462364e-03 2.602150537634408470e-02 2.150537634408602149e-04 2.150537634408602149e-04 2.150537634408602149e-04 1.808602150537634290e-01 2.150537634408602149e-04 4.516129032258064946e-03 5.182795698924731742e-02 2.365591397849462364e-03
3.311258278145694277e-04 3.311258278145694277e-04 1.493377483443708020e-01 3.311258278145694277e-04 1.026490066225165150e-02 1.294701986754966394e-01 2.682119205298012093e-02 9.635761589403969707e-02 3.311258278145694277e-04 4.999999999999998196e-02 3.311258278145694277e-04 4.999999999999998196e-02 3.311258278145694277e-04 3.675496688741720225e-02 1.688741721854303962e-02 5.662251655629137181e-02 7.317880794701984992e-02 5.993377483443707021e-02 5.662251655629137181e-02 3.311258278145694277e-04 9.966887417218539547e-02 7.649006622516553444e-02 6.953642384105958307e-03 3.311258278145694277e-04 3.311258278145694277e-04 3.311258278145694277e-04 3.311258278145694277e-04 3.311258278145694277e-04 3.311258278145694277e-04 3.311258278145694277e-04
1.085778781038374413e-01 2.483069977426636231e-03 1.446952595936794039e-01 2.257336343115123748e-04 2.257336343115123748e-04 1.559819413092550233e-01 6.997742663656883293e-03 9.277652370203158527e-02 2.257336343115123748e-04 2.257336343115123748e-04 2.257336343115123748e-04 6.997742663656883293e-03 2.257336343115123748e-04 1.828442437923250008e-02 2.257336343115123748e-04 2.483069977426636231e-03 4.311512415349886412e-02 2.257336343115123748e-04 2.483069977426636231e-03 2.257336343115123748e-04 1.492099322799096683e-01 6.794582392776522817e-02 1.376975169300225302e-02 5.440180586907448351e-02 2.257336343115123748e-04 3.634311512415349527e-02 2.257336343115123748e-04 2.257336343115123748e-04 9.051918735891645307e-02 2.257336343115123748e-04
6.536796536796538049e-02 3.073593073593074154e-02 2.125541125541126064e-01 4.329004329004330085e-04 4.329004329004330085e-04 4.329004329004330085e-04 4.329004329004330085e-04 4.329004329004330085e-04 4.372294372294373288e-02 9.567099567099569823e-02 8.701298701298704197e-02 4.329004329004330085e-04 3.939393939393940475e-02 4.329004329004330085e-04 4.329004329004330085e-04 1.000000000000000333e-01 4.329004329004330085e-04 4.329004329004330085e-04 4.329004329004330085e-04 4.329004329004330085e-04 1.562770562770563199e-01 4.329004329004330085e-04 4.329004329004330085e-04 1.086580086580086896e-01 4.329004329004330085e-04 2.207792207792208181e-02 4.329004329004330085e-04 4.329004329004330085e-04 3.073593073593074154e-02 4.329004329004330085e-04
3.472222222222221271e-04 3.472222222222221271e-04 3.819444444444443452e-03 3.472222222222221271e-04 3.472222222222221271e-04 3.472222222222221271e-04 4.548611111111109523e-02 3.472222222222221271e-04 1.809027777777777179e-01 6.979166666666664076e-02 3.819444444444443452e-03 3.472222222222221271e-04 3.472222222222221271e-04 3.472222222222221271e-04 3.472222222222221271e-04 3.472222222222221271e-04 1.114583333333332982e-01 3.472222222222221271e-04 7.291666666666664180e-03 2.954861111111109495e-01 1.423611111111110390e-02 1.423611111111110390e-02 4.895833333333331205e-02 9.756944444444441700e-02 3.472222222222221271e-04 3.472222222222221271e-04 3.472222222222221271e-04 2.812499999999998682e-02 5.243055555555553582e-02 2.118055555555554623e-02
1.724935732647814302e-01 2.827763496143958447e-03 4.652956298200513346e-02 1.185089974293058873e-01 1.311053984575834969e-02 2.570694087403598243e-04 5.424164524421592332e-02 2.082262210796914301e-02 6.195372750642672011e-02 2.570694087403598243e-04 2.570694087403598243e-04 1.568123393316194977e-02 2.570694087403598243e-04 7.969151670951154717e-03 2.570694087403598243e-04 2.570694087403598243e-04 1.082262210796914870e-01 2.827763496143958447e-03 2.570694087403598243e-04 2.827763496143958447e-03 7.969151670951154717e-03 5.167095115681232670e-02 2.570694087403598243e-04 2.570694087403598243e-04 2.570694087403598243e-04 2.033419023136246173e-01 5.424164524421592332e-02 2.570694087403598243e-04 5.167095115681232670e-02 2.570694087403598243e-04
1.540785498489425330e-02 3.021148036253775348e-04 2.450151057401811772e-01 3.021148036253775348e-04 3.021148036253775348e-04 9.697885196374619876e-02 3.021148036253775348e-04 2.540785498489425143e-01 3.021148036253775348e-04 3.021148036253775348e-04 3.655589123867068052e-02 5.468277945619334085e-02 2.749244712990935383e-02 3.021148036253775348e-04 3.021148036253775348e-04 3.021148036253775348e-04 2.145015105740180270e-02 3.021148036253775348e-04 3.021148036253775348e-04 1.238670694864047774e-02 7.885196374622353843e-02 2.447129909365557826e-02 3.021148036253775348e-04 7.583081570996977328e-02 3.021148036253775348e-04 3.021148036253775348e-04 3.021148036253775348e-04 2.447129909365557826e-02 2.749244712990935383e-02 3.021148036253775348e-04
4.784688995215311685e-04 4.784688995215311685e-04 5.263157894736842854e-03 4.784688995215311685e-04 4.784688995215311685e-04 2.440191387559808786e-02 5.789473684210526966e-02 3.875598086124402292e-02 4.784688995215311685e-04 4.784688995215311685e-04 4.784688995215311685e-04 8.181818181818183155e-02 4.784688995215311685e-04 4.784688995215311685e-04 4.784688995215311685e-04 4.784688995215311685e-04 2.014354066985646341e-01 4.784688995215311685e-04 6.746411483253589303e-02 4.784688995215311685e-04 4.784688995215311685e-04 3.019138755980861899e-01 4.784688995215311685e-04 2.440191387559808786e-02 4.784688995215311685e-04 2.440191387559808786e-02 9.138755980861246186e-02 4.784688995215311685e-04 7.224880382775120125e-02 4.784688995215311685e-04
3.112094395280235251e-02 3.112094395280235251e-02 9.749262536873151697e-02 1.622418879056046741e-03 8.997050147492621774e-03 1.474926253687315343e-04 3.849557522123892711e-02 1.712389380530972838e-01 7.536873156342180358e-02 6.047197640117991414e-03 4.144542772861355834e-02 1.474926253687315343e-04 1.474926253687315343e-04 3.554572271386429588e-02 1.474926253687315343e-04 4.572271386430676668e-03 8.864306784660763716e-02 8.864306784660763716e-02 1.284660766961651379e-01 1.474926253687315343e-04 1.048672566371681020e-01 2.522123893805309006e-02 1.474926253687315343e-04 1.474926253687315343e-04 1.474926253687315343e-04 1.474926253687315343e-04 1.474926253687315343e-04 1.489675516224188249e-02 4.572271386430676668e-03 1.474926253687315343e-04
2.010563380281689683e-01 1.443661971830985553e-02 3.521126760563379927e-04 7.394366197183097414e-03 1.447183098591549033e-01 3.521126760563379927e-04 3.521126760563379927e-04 3.521126760563379927e-04 3.873239436619717920e-03 3.521126760563379927e-04 7.394366197183097414e-03 3.521126760563379927e-04 7.394366197183097414e-03 3.873239436619717920e-03 3.521126760563379927e-04 3.521126760563379927e-04 3.556338028169013510e-02 1.795774647887323286e-02 2.573943661971830332e-01 6.725352112676055705e-02 3.521126760563379927e-04 1.443661971830985553e-02 3.873239436619717920e-03 7.429577464788730823e-02 1.795774647887323286e-02 3.521126760563379927e-04 7.429577464788730823e-02 3.521126760563379927e-04 4.260563380281689322e-02 3.521126760563379927e-04
4.565217391304347318e-03 2.173913043478260408e-04 1.284782608695651807e-01 7.630434782608694344e-02 2.173913043478260408e-04 2.173913043478260408e-04 1.760869565217390922e-02 2.849999999999999201e-01 2.391304347826086422e-03 1.326086956521738656e-02 7.413043478260868124e-02 6.108695652173911500e-02 2.173913043478260408e-04 3.282608695652172726e-02 2.173913043478260408e-04 1.543478260869564703e-02 2.173913043478260408e-04 6.978260869565215685e-02 2.173913043478260408e-04 2.173913043478260408e-04 1.371739130434782294e-01 2.173913043478260408e-04 2.173913043478260408e-04 2.195652173913043015e-02 1.760869565217390922e-02 2.173913043478260408e-04 2.173913043478260408e-04 3.282608695652172726e-02 6.739130434782606913e-03 2.173913043478260408e-04
5.327102803738316406e-02 1.900311526479750088e-02 3.115264797507787207e-04 3.115264797507787207e-04 3.115264797507787207e-04 1.342679127725856236e-01 3.115264797507787207e-04 3.115264797507787207e-04 3.115264797507787207e-04 3.115264797507787207e-04 3.115264797507787207e-04 4.392523364485979853e-02 3.115264797507787207e-04 3.115264797507787207e-04 3.115264797507787207e-04 3.115264797507787207e-04 1.436137071651089891e-01 3.115264797507787207e-04 3.115264797507787207e-04 4.333333333333331816e-01 3.115264797507787207e-04 1.588785046728971237e-02 3.115264797507787207e-04 1.093457943925233294e-01 3.115264797507787207e-04 3.115264797507787207e-04 2.523364485981307442e-02 1.588785046728971237e-02 3.115264797507787207e-04 3.115264797507787207e-04
9.615384615384618087e-04 9.615384615384618087e-04 9.615384615384618087e-04 9.615384615384618087e-04 7.788461538461539935e-02 9.615384615384618087e-04 9.615384615384618087e-04 2.125000000000000777e-01 9.615384615384618087e-04 9.615384615384618087e-04 9.615384615384618087e-04 1.451923076923077316e-01 9.615384615384618087e-04 9.615384615384618087e-04 3.278846153846154965e-01 9.615384615384618087e-04 9.615384615384618087e-04 9.615384615384618087e-04 9.615384615384618087e-04 2.028846153846154410e-01 9.615384615384618087e-04 9.615384615384618087e-04 9.615384615384618087e-04 9.615384615384618087e-04 9.615384615384618087e-04 9.615384615384618087e-04 9.615384615384618087e-04 1.057692307692308098e-02 9.615384615384618087e-04 9.615384615384618087e-04
3.546099290780140457e-04 1.457446808510637626e-01 4.645390070921983500e-02 3.546099290780140457e-04 9.609929078014181614e-02 1.099290780141843477e-02 3.546099290780140457e-04 3.546099290780140457e-04 9.609929078014181614e-02 3.546099290780140457e-04 3.936170212765955495e-02 3.546099290780140457e-04 3.546099290780140457e-04 3.546099290780140457e-04 2.517730496453899486e-02 3.546099290780140457e-04 3.546099290780140457e-04 3.546099290780140457e-04 3.581560283687941493e-02 2.663120567375885095e-01 3.546099290780140457e-04 3.581560283687941493e-02 2.163120567375885483e-02 9.609929078014181614e-02 3.546099290780140457e-04 3.546099290780140457e-04 3.546099290780140457e-04 3.546099290780140457e-04 3.546099290780140457e-04 7.836879432624110908e-02
7.382198952879583109e-02 5.235602094240839315e-04 3.193717277486912004e-02 5.235602094240839315e-04 7.905759162303667431e-02 5.235602094240839315e-04 5.235602094240839315e-04 7.905759162303667431e-02 3.193717277486912004e-02 5.235602094240839315e-04 1.623036649214660079e-02 1.732984293193717829e-01 1.099476439790576278e-02 5.235602094240839315e-04 5.235602094240839315e-04 5.235602094240839315e-04 5.235602094240839315e-04 5.235602094240839315e-04 1.942408376963351557e-01 5.235602094240839315e-04 1.099476439790576278e-02 2.832460732984294349e-01 5.235602094240839315e-04 5.235602094240839315e-04 5.235602094240839315e-04 5.235602094240839315e-04 5.759162303664923897e-03 5.235602094240839315e-04 5.235602094240839315e-04 5.235602094240839315e-04
5.078864353312301239e-02 3.817034700315456025e-02 3.154574132492112709e-04 3.154574132492112709e-04 4.447949526813878285e-02 3.154574132492112709e-04 3.154574132492112709e-04 6.624605678233435983e-03 6.971608832807568712e-02 6.340694006309145758e-02 1.293375394321765945e-02 6.624605678233435983e-03 3.154574132492112709e-04 3.154574132492112709e-04 3.154574132492112709e-04 3.154574132492112709e-04 6.624605678233435983e-03 3.154574132492112709e-04 3.154574132492112709e-04 7.917981072555202449e-02 3.154574132492112709e-04 4.009463722397474950e-01 3.154574132492112709e-04 1.201892744479494818e-01 3.154574132492112709e-04 3.154574132492112709e-04 9.495268138801259139e-02 3.154574132492112709e-04 3.154574132492112709e-04 3.154574132492112709e-04
1.521197007481296312e-02 2.493765586034912005e-04 1.271820448877804960e-02 7.730673316708227757e-03 1.174563591022443620e-01 2.493765586034912005e-04 2.493765586034912005e-04 5.511221945137156214e-02 2.493765586034912005e-04 2.493765586034912005e-04 2.493765586034912005e-04 1.448877805486283865e-01 7.730673316708227757e-03 2.493765586034912005e-04 2.493765586034912005e-04 2.493765586034912005e-04 1.922693266832916914e-01 2.493765586034912005e-04 9.999999999999997780e-02 1.423940149625934903e-01 2.493765586034912005e-04 1.872817955112218713e-01 1.022443890274313781e-02 2.493765586034912005e-04 2.743142144638403314e-03 2.493765586034912005e-04 2.493765586034912005e-04 2.493765586034912005e-04 2.493765586034912005e-04 2.493765586034912005e-04
6.444444444444442921e-02 2.150617283950616576e-01 2.469135802469135318e-04 3.162962962962961866e-01 2.469135802469135318e-04 2.469135802469135318e-04 2.469135802469135318e-04 2.469135802469135318e-04 2.469135802469135318e-04 1.506172839506172284e-02 2.469135802469135318e-04 2.469135802469135318e-04 2.469135802469135318e-04 7.679012345679010754e-02 7.654320987654319487e-03 2.469135802469135318e-04 4.962962962962962077e-02 2.469135802469135318e-04 2.469135802469135318e-04 1.259259259259258752e-02 1.999999999999999348e-02 2.469135802469135318e-04 2.469135802469135318e-04 2.469135802469135318e-04 1.012345679012345394e-02 4.716049382716048372e-02 1.259259259259258752e-02 2.469135802469135318e-04 1.311111111111110672e-01 1.753086419753085989e-02
3.875968992248060335e-04 3.875968992248060335e-04 5.465116279069764937e-02 8.139534883720926650e-03 4.263565891472866423e-03 1.399224806201549709e-01 8.139534883720926650e-03 1.976744186046510560e-02 3.875968992248060335e-04 7.403100775193795224e-02 3.875968992248060335e-04 1.976744186046510560e-02 3.875968992248060335e-04 3.875968992248060335e-04 3.875968992248060335e-04 4.689922480620152545e-02 1.476744186046511087e-01 1.166666666666666269e-01 1.399224806201549709e-01 1.709302325581394666e-01 4.263565891472866423e-03 3.875968992248060335e-04 2.751937984496122605e-02 8.139534883720926650e-03 3.875968992248060335e-04 3.875968992248060335e-04 4.263565891472866423e-03 3.875968992248060335e-04 3.875968992248060335e-04 3.875968992248060335e-04
2.692307692307690722e-02 1.511834319526626502e-01 3.254437869822483786e-03 2.958579881656803147e-04 2.958579881656803147e-04 6.538461538461536049e-02 2.958579881656803147e-04 2.958579881656803147e-04 8.609467455621297449e-02 9.792899408284019835e-02 2.958579881656803147e-04 1.508875739644969551e-02 2.958579881656803147e-04 2.958579881656803147e-04 2.958579881656803147e-04 1.804733727810649974e-02 1.127218934911242143e-01 2.958579881656803147e-04 2.958579881656803147e-04 2.428994082840235380e-01 2.958579881656803147e-04 2.958579881656803147e-04 2.396449704142010473e-02 1.245562130177514243e-01 2.958579881656803147e-04 2.958579881656803147e-04 2.958579881656803147e-04 1.213017751479289301e-02 6.213017751479287150e-03 9.171597633136090513e-03
3.201058201058200325e-02 1.878306878306877647e-02 5.052910052910052074e-02 2.645502645502644597e-04 2.092592592592591727e-01 5.555555555555554033e-03 2.645502645502644597e-04 2.645502645502644597e-04 1.349206349206348750e-02 2.645502645502644597e-04 4.523809523809523003e-02 1.589947089947089387e-01 2.645502645502644597e-04 1.613756613756613112e-02 2.645502645502644597e-04 2.645502645502644597e-04 1.907407407407406552e-01 8.201058201058198521e-03 2.645502645502644597e-04 8.227513227513225114e-02 2.645502645502644597e-04 6.111111111111109523e-02 2.645502645502644597e-04 3.994708994708993238e-02 3.730158730158728703e-02 2.671957671957670907e-02 2.645502645502644597e-04 2.645502645502644597e-04 2.645502645502644597e-04 2.645502645502644597e-04
3.968253968253968793e-04 3.214285714285714662e-02 2.817460317460317512e-02 3.968253968253968793e-04 3.968253968253968793e-04 3.968253968253968793e-04 2.023809523809523905e-02 3.968253968253968793e-04 3.968253968253968793e-04 1.230158730158730299e-02 3.968253968253968793e-04 3.968253968253968793e-04 6.785714285714286587e-02 9.960317460317462401e-02 3.968253968253968793e-04 3.968253968253968793e-04 3.773809523809524280e-01 1.230158730158730299e-02 3.968253968253968793e-04 2.742063492063492314e-01 4.365079365079366051e-03 3.968253968253968793e-04 3.968253968253968793e-04 3.968253968253968793e-04 8.333333333333334952e-03 3.968253968253968793e-04 8.333333333333334952e-03 3.968253968253968793e-04 3.968253968253968793e-04 4.801587301587301876e-02
4.149377593360996830e-04 4.190871369294606880e-02 4.149377593360996830e-04 1.539419087136929820e-01 4.149377593360996830e-04 4.149377593360996830e-04 4.149377593360996830e-04 4.149377593360996830e-04 4.149377593360996830e-04 5.435684647302905376e-02 4.029045643153527645e-01 4.149377593360996830e-04 4.149377593360996830e-04 4.149377593360996830e-04 4.149377593360996830e-04 4.149377593360996830e-04 5.850622406639005568e-02 4.149377593360996830e-04 2.946058091286307690e-02 7.095435684647305452e-02 4.149377593360996830e-04 4.149377593360996830e-04 4.149377593360996830e-04 1.497925311203320009e-01 1.286307053941909001e-02 4.149377593360996830e-04 4.149377593360996830e-04 1.701244813278008500e-02 4.149377593360996830e-04 4.149377593360996830e-04
2.427184466019416560e-04 3.907766990291260817e-02 2.427184466019416560e-04 1.966019417475727352e-02 2.669902912621358298e-03 2.427184466019416560e-04 2.427184466019416560e-04 2.427184466019416560e-04 4.878640776699027376e-02 2.186893203883494008e-01 2.427184466019416560e-04 6.334951456310677909e-02 2.427184466019416560e-04 2.427184466019416560e-04 2.669902912621358298e-03 9.951456310679606190e-03 1.966019417475727352e-02 2.208737864077668991e-02 2.427184466019416560e-04 3.182038834951455009e-01 2.427184466019416560e-04 2.669902912621358298e-03 2.427184466019416560e-04 5.364077669902910656e-02 1.094660194174756906e-01 2.427184466019416560e-04 2.427184466019416560e-04 6.092233009708735575e-02 5.097087378640775129e-03 2.427184466019416560e-04
3.663003663003661916e-04 8.095238095238092846e-02 5.897435897435895219e-02 3.663003663003661916e-04 3.663003663003661916e-04 3.663003663003661916e-04 3.663003663003661916e-04 2.967032967032965513e-02 3.663003663003661916e-04 4.029304029304027999e-03 3.663003663003661916e-04 5.897435897435895219e-02 4.029304029304027999e-03 3.663003663003661916e-04 3.663003663003661916e-04 7.692307692307689265e-03 3.663003663003661916e-04 3.663003663003661916e-04 5.131868131868129179e-01 3.663003663003661916e-04 3.663003663003661916e-04 8.827838827838824232e-02 3.663003663003661916e-04 1.358974358974358587e-01 4.029304029304027999e-03 3.663003663003661916e-04 3.663003663003661916e-04 3.663003663003661916e-04 3.663003663003661916e-04 7.692307692307689265e-03
3.300330033003298744e-04 3.300330033003298744e-04 1.683168316831682235e-02 5.643564356435640944e-02 3.300330033003298744e-04 3.300330033003298744e-04 3.300330033003298744e-04 3.300330033003298744e-04 6.633663366336629841e-02 9.273927392739268749e-02 3.300330033003298744e-04 5.643564356435640944e-02 6.930693069306927308e-03 3.300330033003298744e-04 3.300330033003298744e-04 3.300330033003298744e-04 1.092409240924091807e-01 3.300330033003298744e-04 3.300330033003298744e-04 4.458745874587455860e-01 3.300330033003298744e-04 3.300330033003298744e-04 3.300330033003298744e-04 6.303630363036299977e-02 7.293729372937289568e-02 3.300330033003298744e-04 3.300330033003298744e-04 3.630363036303628672e-03 3.630363036303628672e-03 3.300330033003298744e-04
1.830357142857142599e-02 9.866071428571429602e-02 9.374999999999999653e-03 4.464285714285714688e-04 4.464285714285714688e-04 1.830357142857142599e-02 9.866071428571429602e-02 4.464285714285714688e-04 8.973214285714285754e-02 1.120535714285714329e-01 2.723214285714285407e-02 4.464285714285714688e-04 4.464285714285714688e-04 4.464285714285714688e-04 2.276785714285714177e-02 4.508928571428571369e-02 1.299107142857142960e-01 4.464285714285714688e-04 4.464285714285714688e-04 2.058035714285714468e-01 4.464285714285714688e-04 4.464285714285714688e-04 1.830357142857142599e-02 1.383928571428571543e-02 4.464285714285714688e-04 9.374999999999999653e-03 4.464285714285714688e-04 7.633928571428572063e-02 4.464285714285714688e-04 4.464285714285714688e-04
2.949852507374630685e-04 6.194690265486723843e-03 1.153392330383480463e-01 2.949852507374630685e-04 1.504424778761061406e-02 7.404129793510322299e-02 2.949852507374630685e-04 1.504424778761061406e-02 2.389380530973450253e-02 2.684365781710913376e-02 2.949852507374630685e-04 2.684365781710913376e-02 2.949852507374630685e-04 2.949852507374630685e-04 2.949852507374630685e-04 5.339233038348081134e-02 8.584070796460174790e-02 2.949852507374630685e-04 9.174041297935101036e-02 6.194690265486723843e-03 2.949852507374630685e-04 4.309734513274334766e-01 2.949852507374630685e-04 1.504424778761061406e-02 2.949852507374630685e-04 3.244837758112093483e-03 2.949852507374630685e-04 6.194690265486723843e-03 2.949852507374630685e-04 2.949852507374630685e-04
5.472636815920398426e-03 1.149253731343283652e-01 9.004975124378110374e-02 5.472636815920398426e-03 4.975124378109453509e-04 2.039800995024875288e-02 4.975124378109453509e-04 1.099502487562189074e-01 4.975124378109453509e-04 2.039800995024875288e-02 4.975124378109453509e-04 1.348258706467661827e-01 2.039800995024875288e-02 5.472636815920398426e-03 4.975124378109453509e-04 4.975124378109453509e-04 3.034825870646766163e-02 3.034825870646766163e-02 4.975124378109453509e-04 4.975124378109453509e-04 5.472636815920398426e-03 2.039800995024875288e-02 2.442786069651741443e-01 4.975124378109453509e-04 4.975124378109453509e-04 4.975124378109453509e-04 4.975124378109453509e-04 1.298507462686567249e-01 4.975124378109453509e-04 5.472636815920398426e-03
2.446236559139784023e-02 2.688172043010752144e-04 8.333333333333331483e-03 2.688172043010752144e-04 2.956989247311827412e-03 2.688172043010752144e-04 2.688172043010752144e-04 2.956989247311827412e-03 2.446236559139784023e-02 1.185483870967741632e-01 2.688172043010752144e-04 2.368279569892472181e-01 8.333333333333331483e-03 2.688172043010752144e-04 5.403225806451611435e-02 2.688172043010752144e-04 9.166666666666664631e-02 2.688172043010752144e-04 2.688172043010752144e-04 2.395161290322579684e-01 5.645161290322579448e-03 4.596774193548386345e-02 6.478494623655912943e-02 2.446236559139784023e-02 2.688172043010752144e-04 2.446236559139784023e-02 2.688172043010752144e-04 1.370967741935483382e-02 5.645161290322579448e-03 2.688172043010752144e-04
3.012048192771083518e-04 6.325301204819275443e-03 3.012048192771083518e-04 3.012048192771083518e-04 9.337349397590358202e-03 1.539156626506023584e-01 3.012048192771083518e-04 3.012048192771083518e-04 3.012048192771083518e-04 4.548192771084335478e-02 3.012048192771083518e-04 6.325301204819275443e-03 6.325301204819275443e-03 3.012048192771083518e-04 2.138554216867468924e-02 6.656626506024095058e-02 1.837349397590360561e-02 1.234939759036144009e-02 2.472891566265059127e-01 1.358433734939758497e-01 3.012048192771083518e-04 1.358433734939758497e-01 2.740963855421685649e-02 6.656626506024095058e-02 3.012048192771083518e-04 1.837349397590360561e-02 3.012048192771083518e-04 3.012048192771083518e-04 1.837349397590360561e-02 3.012048192771083518e-04
8.274509803921570317e-02 3.921568627450981314e-04 3.921568627450981314e-04 3.921568627450981314e-04 3.921568627450981314e-04 1.215686274509804148e-02 7.490196078431374249e-02 3.921568627450981314e-04 8.235294117647059403e-03 3.921568627450981314e-04 3.921568627450981314e-04 7.098039215686276215e-02 3.921568627450981314e-04 3.921568627450981314e-04 3.921568627450981314e-04 2.000000000000000042e-02 2.003921568627451133e-01 3.921568627450981314e-04 4.313725490196079065e-03 3.176470588235294490e-02 3.921568627450981314e-04 3.023529411764706021e-01 3.921568627450981314e-04 3.921568627450981314e-04 3.921568627450981314e-04 3.921568627450981314e-04 3.568627450980392524e-02 3.921568627450981314e-04 1.494117647058823828e-01 3.921568627450981314e-04
1.133891213389121438e-01 4.184100418410042132e-04 4.184100418410042132e-04 9.246861924686193557e-02 4.225941422594142044e-02 4.184100418410042132e-04 4.184100418410042132e-04 4.184100418410042132e-04 4.184100418410042132e-04 4.184100418410042132e-04 4.184100418410042132e-04 8.786610878661088586e-03 1.217573221757322216e-01 4.602510460251046237e-03 8.828451882845188281e-02 4.225941422594142044e-02 7.991631799163180505e-02 4.184100418410042132e-04 7.991631799163180505e-02 4.184100418410042132e-04 2.133891213389121216e-02 2.347280334728033546e-01 4.602510460251046237e-03 4.184100418410042132e-04 4.184100418410042132e-04 4.602510460251046237e-03 4.184100418410042132e-04 4.184100418410042132e-04 5.481171548117154402e-02 4.184100418410042132e-04
