3.412969283276450004e-04 1.058020477815699474e-02 9.249146757679180264e-02 3.412969283276450004e-04 3.412969283276450004e-04 3.412969283276450004e-04 6.860068259385664058e-02 7.167235494880544629e-03 3.412969283276450004e-04 1.740614334470989150e-02 3.412969283276450004e-04 3.412969283276450004e-04 3.412969283276450004e-04 9.249146757679180264e-02 3.412969283276450004e-04 3.412969283276450004e-04 3.412969283276450004e-04 3.412969283276450004e-04 8.566552901023889721e-02 3.412969283276450004e-04 3.412969283276450004e-04 7.542662116040954601e-02 2.597269624573378399e-01 3.412969283276450004e-04 3.412969283276450004e-04 1.539249146757678821e-01 1.399317406143344399e-02 3.412969283276450004e-04 3.754266211604094950e-03 1.129692832764504912e-01
4.455782312925168909e-02 3.741496598639455252e-03 3.401360544217686840e-04 7.142857142857141767e-03 3.401360544217686840e-04 1.734693877551020044e-02 3.401360544217686840e-04 3.401360544217686840e-04 3.401360544217686840e-04 3.401360544217686840e-04 1.602040816326530392e-01 3.401360544217686840e-04 7.176870748299318814e-02 4.455782312925168909e-02 3.401360544217686840e-04 3.401360544217686840e-04 3.401360544217686840e-04 3.401360544217686840e-04 7.142857142857141767e-03 1.054421768707482741e-02 8.537414965986393767e-02 2.656462585034012891e-01 3.435374149659863041e-02 3.401360544217686840e-04 3.401360544217686840e-04 1.534013605442176575e-01 3.401360544217686840e-04 3.401360544217686840e-04 3.401360544217686840e-04 8.877551020408161464e-02
1.129577464788732027e-01 2.816901408450703291e-04 5.915492957746477237e-03 2.816901408450703291e-04 2.816901408450703291e-04 2.816901408450703291e-04 1.101408450704225023e-01 7.633802816901406885e-02 2.816901408450703291e-04 4.535211267605632895e-02 2.816901408450703291e-04 2.816901408450703291e-04 2.816901408450703291e-04 1.157746478873239171e-01 2.816901408450703291e-04 2.816901408450703291e-04 2.816901408450703291e-04 2.816901408450703291e-04 5.098591549295773684e-02 1.805633802816900557e-01 8.197183098591546979e-02 1.436619718309858559e-02 2.816901408450703291e-04 2.281690140845069742e-02 8.732394366197181179e-03 8.732394366197181179e-03 3.126760563380280578e-02 2.281690140845069742e-02 2.281690140845069742e-02 8.478873239436617026e-02
5.882352941176473326e-04 5.882352941176473326e-04 5.882352941176473326e-04 5.882352941176473326e-04 5.882352941176473326e-04 5.882352941176473326e-04 4.182352941176471495e-01 1.235294117647059257e-02 5.882352941176473326e-04 5.882352941176473326e-04 5.882352941176473326e-04 5.882352941176473326e-04 5.882352941176473326e-04 5.882352941176473326e-04 5.882352941176473326e-04 5.882352941176473326e-04 9.470588235294122303e-02 5.882352941176473326e-04 5.882352941176473326e-04 7.705882352941179070e-02 1.823529411764706482e-02 6.470588235294120333e-03 1.823529411764706482e-02 5.882352941176473326e-04 5.882352941176473326e-04 2.711764705882354076e-01 3.588235294117648327e-02 5.882352941176473326e-04 3.588235294117648327e-02 5.882352941176473326e-04
5.952380952380954002e-04 5.952380952380954002e-04 1.250000000000000243e-02 3.035714285714286031e-02 2.440476190476190826e-02 5.952380952380954002e-04 5.952380952380954002e-04 5.952380952380954002e-04 5.952380952380954002e-04 5.952380952380954002e-04 1.434523809523809978e-01 3.035714285714286031e-02 2.505952380952381486e-01 5.952380952380954002e-04 5.952380952380954002e-04 5.952380952380954002e-04 5.952380952380954002e-04 6.547619047619049511e-03 9.583333333333335369e-02 5.952380952380954002e-04 5.952380952380954002e-04 5.952380952380954002e-04 4.226190476190476442e-02 5.952380952380954002e-04 5.952380952380954002e-04 1.315476190476190799e-01 5.952380952380954002e-04 6.547619047619049511e-03 2.148809523809524225e-01 5.952380952380954002e-04
1.355555555555555507e-02 2.222222222222222329e-04 2.222222222222222329e-04 2.222222222222222329e-04 2.222222222222222329e-04 2.222222222222222329e-04 4.911111111111111233e-02 2.444444444444444833e-03 2.222222222222222329e-04 2.222222222222222329e-04 5.133333333333333498e-02 2.688888888888888926e-02 4.911111111111111233e-02 2.222222222222222329e-04 2.222222222222222329e-04 1.355555555555555507e-02 4.688888888888888967e-02 2.222222222222222329e-04 2.222222222222222329e-04 6.888888888888888840e-03 4.666666666666667053e-03 1.602222222222222103e-01 6.911111111111110927e-02 4.666666666666667053e-03 2.222222222222222329e-04 2.022222222222222129e-02 2.222222222222222329e-04 2.222222222222222329e-04 3.157777777777777684e-01 1.624444444444444191e-01
2.499999999999999098e-02 3.086419753086418606e-04 3.086419753086418606e-04 7.438271604938269388e-02 2.808641975308640709e-02 4.660493827160491764e-02 3.086419753086418606e-04 1.175925925925925541e-01 3.086419753086418606e-04 3.086419753086418606e-04 3.086419753086418606e-04 3.086419753086418606e-04 1.453703703703703165e-01 3.734567901234566584e-02 3.086419753086418606e-04 3.086419753086418606e-04 3.086419753086418606e-04 3.086419753086418606e-04 3.086419753086418606e-04 3.086419753086418606e-04 3.086419753086418606e-04 3.675925925925924709e-01 3.395061728395060846e-03 3.086419753086418606e-04 3.086419753086418606e-04 2.499999999999999098e-02 3.086419753086418606e-04 6.481481481481479560e-03 1.882716049382715182e-02 9.907407407407405053e-02
3.436426116838486606e-04 7.216494845360822523e-03 3.436426116838486606e-04 3.436426116838486606e-04 3.436426116838486606e-04 3.127147766323022660e-02 5.532646048109964021e-02 2.305841924398624454e-01 3.436426116838486606e-04 3.436426116838486606e-04 1.618556701030927358e-01 3.436426116838486606e-04 3.436426116838486606e-04 3.436426116838486606e-04 3.436426116838486606e-04 3.436426116838486606e-04 1.687285223367696874e-01 3.436426116838486606e-04 7.216494845360822523e-03 7.216494845360822523e-03 7.216494845360822523e-03 2.099656357388315353e-01 3.436426116838486606e-04 3.436426116838486606e-04 3.436426116838486606e-04 3.436426116838486606e-04 3.436426116838486606e-04 3.436426116838486606e-04 3.436426116838486606e-04 1.068728522336769432e-01
4.184100418410043216e-04 4.184100418410043216e-04 2.970711297071130380e-02 2.970711297071130380e-02 4.184100418410043216e-04 4.184100418410043216e-04 3.686192468619247653e-01 8.828451882845191057e-02 3.389121338912134268e-02 4.225941422594143432e-02 1.715481171548117328e-02 4.184100418410043216e-04 4.602510460251047104e-03 6.736401673640170229e-02 4.184100418410043216e-04 8.786610878661090321e-03 4.184100418410043216e-04 4.184100418410043216e-04 5.481171548117155790e-02 4.184100418410043216e-04 4.184100418410043216e-04 5.062761506276151902e-02 7.991631799163181893e-02 4.184100418410043216e-04 4.602510460251047104e-03 1.050209205020920800e-01 8.786610878661090321e-03 4.184100418410043216e-04 4.184100418410043216e-04 4.184100418410043216e-04
3.521126760563380470e-04 3.521126760563380470e-04 3.521126760563380470e-04 3.521126760563380470e-04 3.521126760563380470e-04 3.521126760563380470e-04 1.795774647887323980e-02 3.873239436619718788e-03 4.612676056338028269e-02 4.260563380281690016e-02 3.521126760563380470e-04 3.873239436619718788e-03 1.658450704225352124e-01 3.521126760563380470e-04 2.499999999999999792e-02 2.362676056338028074e-01 1.443661971830985727e-02 4.612676056338028269e-02 2.499999999999999792e-02 7.429577464788732211e-02 4.964788732394365828e-02 3.873239436619718788e-03 3.521126760563380470e-04 3.521126760563380470e-04 3.521126760563380470e-04 3.521126760563380470e-04 3.521126760563380470e-04 1.834507042253521181e-01 5.669014084507043028e-02 3.521126760563380470e-04
3.484320557491289196e-04 3.484320557491289196e-04 1.083623693379791031e-01 3.832752613240418549e-03 3.484320557491289196e-04 3.484320557491289196e-04 3.209059233449477189e-01 4.216027874564459710e-02 2.822299651567944032e-02 3.484320557491289196e-04 3.484320557491289196e-04 5.261324041811846902e-02 3.484320557491289196e-04 3.484320557491289196e-04 3.484320557491289196e-04 3.484320557491289196e-04 3.484320557491289196e-04 3.484320557491289196e-04 4.216027874564459710e-02 3.170731707317073211e-02 1.080139372822299694e-02 2.125435540069686366e-02 3.484320557491289196e-04 1.777003484320557533e-02 3.832752613240418549e-03 8.048780487804878259e-02 3.484320557491289196e-04 3.484320557491289196e-04 1.397212543554006980e-01 9.094076655052264757e-02
2.309468822170900114e-04 2.540415704387990505e-03 2.309468822170900114e-04 2.309468822170900114e-04 2.540415704387990505e-03 1.639722863741338924e-02 2.309468822170900114e-04 2.309468822170900114e-04 2.309468822170900114e-04 2.309468822170900114e-04 1.711316397228636876e-01 2.309468822170900114e-04 9.722863741339489441e-02 7.875288683602769957e-02 3.949191685912239319e-02 5.334872979214779626e-02 2.309468822170900114e-04 3.487297921478058754e-02 3.487297921478058754e-02 2.309468822170900114e-04 1.870669745958428859e-02 2.309468822170900114e-04 2.309468822170900114e-04 2.309468822170900114e-04 2.101616628175519141e-02 2.288683602771361958e-01 2.309468822170900114e-04 1.618937644341800763e-01 3.487297921478058754e-02 2.309468822170900114e-04
2.211838006230528592e-02 3.115264797507787207e-04 3.115264797507787207e-04 3.115264797507787207e-04 3.115264797507787207e-04 8.442367601246103526e-02 3.115264797507787207e-04 1.467289719626167777e-01 9.657320872274140558e-03 3.115264797507787207e-04 3.336448598130839494e-01 3.426791277258566144e-03 3.115264797507787207e-04 3.115264797507787207e-04 3.115264797507787207e-04 6.542056074766352917e-03 6.542056074766352917e-03 3.115264797507787207e-04 9.657320872274140558e-03 1.277258566978192560e-02 3.115264797507787207e-04 1.623052959501557202e-01 1.588785046728971237e-02 3.115264797507787207e-04 3.115264797507787207e-04 3.115264797507787207e-04 3.115264797507787207e-04 3.115264797507787207e-04 3.115264797507787207e-04 1.809968847352024235e-01
3.086419753086418606e-04 2.040123456790122469e-01 3.086419753086418606e-04 9.290123456790121137e-02 3.086419753086418606e-04 3.086419753086418606e-04 1.947530864197530298e-01 1.882716049382715182e-02 4.351851851851850500e-02 1.299382716049382325e-01 3.086419753086418606e-04 3.086419753086418606e-04 5.586419753086418333e-02 5.277777777777776375e-02 3.086419753086418606e-04 3.086419753086418606e-04 3.086419753086418606e-04 3.086419753086418606e-04 2.191358024691357140e-02 3.086419753086418606e-04 3.395061728395060846e-03 3.086419753086418606e-04 3.086419753086418606e-04 1.882716049382715182e-02 3.086419753086418606e-04 1.175925925925925541e-01 3.086419753086418606e-04 4.043209876543208542e-02 3.086419753086418606e-04 3.086419753086418606e-04
1.428571428571429221e-02 1.298701298701299351e-03 1.298701298701299351e-03 1.298701298701299351e-03 1.298701298701299351e-03 1.428571428571429221e-02 1.701298701298701865e-01 1.428571428571429221e-02 2.727272727272728528e-02 1.298701298701299351e-03 2.727272727272728528e-02 1.298701298701299351e-03 2.727272727272728528e-02 1.428571428571429221e-02 1.298701298701299351e-03 1.961038961038961692e-01 1.428571428571429221e-02 1.181818181818182212e-01 6.623376623376625583e-02 6.623376623376625583e-02 1.298701298701299351e-03 1.298701298701299351e-03 1.428571428571429221e-02 1.298701298701299351e-03 1.051948051948052298e-01 1.428571428571429221e-02 1.298701298701299351e-03 5.324675324675326449e-02 2.727272727272728528e-02 1.298701298701299351e-03
3.144654088050314309e-04 3.459119496855345578e-03 3.144654088050314309e-04 3.144654088050314309e-04 3.144654088050314309e-04 3.144654088050314309e-04 6.603773584905659778e-03 6.949685534591194813e-02 3.459119496855345578e-03 3.144654088050314309e-04 1.606918238993710335e-01 3.144654088050314309e-04 3.144654088050314309e-04 3.144654088050314309e-04 3.144654088050314309e-04 2.232704402515722775e-02 3.144654088050314309e-04 6.006289308176099989e-02 3.144654088050314309e-04 3.144654088050314309e-04 3.144654088050314309e-04 5.377358490566037236e-02 3.144654088050314309e-04 3.144654088050314309e-04 2.833333333333332704e-01 4.119496855345911035e-02 7.264150943396226190e-02 6.635220125786163436e-02 5.062893081761005859e-02 1.009433962264150858e-01
6.918238993710694625e-03 6.289308176100631871e-04 6.289308176100631871e-04 6.289308176100631871e-04 6.289308176100631871e-04 6.289308176100631871e-04 5.352201257861636252e-01 6.289308176100631871e-04 6.289308176100631871e-04 6.289308176100631871e-04 6.289308176100631871e-04 2.578616352201258677e-02 6.289308176100631871e-04 1.320754716981132650e-02 6.918238993710694625e-03 6.289308176100631871e-04 6.918238993710694625e-03 6.289308176100631871e-04 5.094339622641511078e-02 6.289308176100631871e-04 6.289308176100631871e-04 1.201257861635220692e-01 1.578616352201258621e-01 6.289308176100631871e-04 6.289308176100631871e-04 6.918238993710694625e-03 6.289308176100631871e-04 6.289308176100631871e-04 5.723270440251573832e-02 6.289308176100631871e-04
5.235602094240838231e-04 5.235602094240838231e-04 5.235602094240838231e-04 5.235602094240838231e-04 5.235602094240838231e-04 5.235602094240838231e-04 5.235602094240838231e-04 5.235602094240838231e-04 5.759162303664923030e-03 5.759162303664923030e-03 5.759162303664923030e-03 6.335078534031414466e-02 1.099476439790576104e-02 5.759162303664923030e-03 5.235602094240838231e-04 5.811518324607330838e-02 5.235602094240838231e-04 1.942408376963351280e-01 1.099476439790576104e-02 5.759162303664923030e-03 5.235602094240838231e-04 1.785340314136125983e-01 1.052356020942408626e-01 5.235602094240838231e-04 1.623036649214660079e-02 5.235602094240838231e-04 5.235602094240838231e-04 5.235602094240838231e-04 1.471204188481675668e-01 1.785340314136125983e-01
3.558718861209965206e-04 3.558718861209965206e-04 1.459074733096085534e-02 3.594306049822064419e-02 3.558718861209965206e-04 3.558718861209965206e-04 3.558718861209965206e-04 3.558718861209965206e-04 3.950177935943061103e-02 3.558718861209965206e-04 2.886120996441281505e-01 3.558718861209965206e-04 3.558718861209965206e-04 3.558718861209965206e-04 3.558718861209965206e-04 3.558718861209965206e-04 2.526690391459075063e-02 3.558718861209965206e-04 3.914590747330961781e-03 3.558718861209965206e-04 3.558718861209965206e-04 1.177935943060498536e-01 3.558718861209965206e-04 3.558718861209965206e-04 3.558718861209965206e-04 1.103202846975089198e-02 2.672597864768683773e-01 3.914590747330961781e-03 6.441281138790037886e-02 1.213523131672598204e-01
3.497109826589594322e-02 3.208092485549132039e-02 2.890173410404623376e-04 2.890173410404623376e-04 3.179190751445085984e-03 3.179190751445085984e-03 2.052023121387282559e-02 2.890173410404623376e-04 8.699421965317916117e-02 1.794797687861271196e-01 2.890173410404623376e-04 2.890173410404623376e-04 2.919075144508669409e-02 2.890173410404623376e-04 2.890173410404623376e-04 6.069364161849708818e-03 2.890173410404623376e-04 4.075144508670518889e-02 2.054913294797686973e-01 2.459537572254334170e-01 2.890173410404623376e-04 2.890173410404623376e-04 2.890173410404623376e-04 2.890173410404623376e-04 2.890173410404623376e-04 9.855491329479766638e-02 2.890173410404623376e-04 8.959537572254332519e-03 2.890173410404623376e-04 2.890173410404623376e-04
3.816793893129769326e-04 4.198473282442746583e-03 3.816793893129769326e-04 1.148854961832060650e-01 3.816793893129769326e-04 3.816793893129769326e-04 7.671755725190837483e-02 1.683206106870228369e-01 8.816793893129767912e-02 8.015267175572516126e-03 2.561068702290075216e-01 8.015267175572516126e-03 3.816793893129769326e-04 9.198473282442744259e-02 3.816793893129769326e-04 3.816793893129769326e-04 3.816793893129769326e-04 3.816793893129769326e-04 3.816793893129769326e-04 3.816793893129769326e-04 9.580152671755721994e-02 4.198473282442746583e-03 3.816793893129769326e-04 3.816793893129769326e-04 4.236641221374044114e-02 2.709923664122135950e-02 8.015267175572516126e-03 3.816793893129769326e-04 3.816793893129769326e-04 3.816793893129769326e-04
1.858407079646018367e-02 1.070796460176991344e-01 1.858407079646018367e-02 8.849557522123896935e-04 8.849557522123896935e-04 8.849557522123896935e-04 1.159292035398230281e-01 8.849557522123896935e-04 8.938053097345134701e-02 1.955752212389381128e-01 8.849557522123896935e-04 8.849557522123896935e-04 8.849557522123896935e-04 9.823008849557524069e-02 8.849557522123896935e-04 8.849557522123896935e-04 9.734513274336286520e-03 8.849557522123896935e-04 9.734513274336286520e-03 8.849557522123896935e-04 8.849557522123896935e-04 8.849557522123896935e-04 8.849557522123896935e-04 8.849557522123896935e-04 7.168141592920355964e-02 6.283185840707965208e-02 4.513274336283186472e-02 1.424778761061947507e-01 8.849557522123896935e-04 8.849557522123896935e-04
2.611764705882352322e-02 2.352941176470587758e-04 2.352941176470587758e-04 4.941176470588234428e-03 2.352941176470587758e-04 2.352941176470587758e-04 2.352941176470587758e-04 2.352941176470587758e-04 2.352941176470587758e-04 2.352941176470587758e-04 4.941176470588234428e-03 2.352941176470587758e-04 9.905882352941174085e-02 2.352941176470587758e-04 3.552941176470587187e-02 2.167058823529411093e-01 2.141176470588234543e-02 7.788235294117645813e-02 2.352941176470587758e-04 5.670588235294116153e-02 2.141176470588234543e-02 2.352941176470587758e-04 2.352941176470587758e-04 2.352941176470587758e-04 9.199999999999998457e-02 7.788235294117645813e-02 2.352941176470587758e-04 1.790588235294117148e-01 8.258823529411762898e-02 2.352941176470587758e-04
1.337500000000000355e-01 4.166666666666667476e-04 4.166666666666667476e-04 4.166666666666667476e-04 4.166666666666667476e-04 2.125000000000000153e-02 4.166666666666667476e-04 4.166666666666667476e-04 4.166666666666667476e-04 4.166666666666667476e-04 4.166666666666667476e-04 4.166666666666667476e-04 4.166666666666667476e-04 4.166666666666667476e-04 4.166666666666667476e-04 4.166666666666667476e-04 4.166666666666667476e-04 4.166666666666667476e-04 4.166666666666667476e-04 4.166666666666667476e-04 3.375000000000000222e-02 8.375000000000001887e-02 4.166666666666667476e-04 4.166666666666667476e-04 4.166666666666667476e-04 2.004166666666666874e-01 2.254166666666667096e-01 2.125000000000000153e-02 2.712499999999999911e-01 4.166666666666667476e-04
7.092198581560285250e-04 7.092198581560285250e-04 7.092198581560285250e-04 7.092198581560285250e-04 7.092198581560285250e-04 7.092198581560285250e-04 7.092198581560285250e-04 7.092198581560285250e-04 7.801418439716314643e-03 7.092198581560285250e-04 7.092198581560285250e-04 7.092198581560285250e-04 7.092198581560285250e-04 7.092198581560285250e-04 7.092198581560285250e-04 7.092198581560285250e-04 7.092198581560285250e-04 2.985815602836880411e-01 7.092198581560285250e-04 7.092198581560285250e-04 7.872340425531916541e-02 9.290780141843973938e-02 7.092198581560285250e-04 2.907801418439716692e-02 5.744680851063830446e-02 1.489361702127659989e-02 7.092198581560285250e-04 7.092198581560285250e-04 2.773049645390071594e-01 1.283687943262411812e-01
4.739336492890997032e-04 9.952606635071093930e-03 5.213270142180096572e-03 9.952606635071093930e-03 4.739336492890997032e-04 7.630331753554504826e-02 4.739336492890997032e-04 6.682464454976304313e-02 4.739336492890997032e-04 4.739336492890997032e-04 3.843601895734597984e-01 9.952606635071093930e-03 4.739336492890997032e-04 1.473933649289100034e-01 4.739336492890997032e-04 4.739336492890997032e-04 4.739336492890997032e-04 4.739336492890997032e-04 6.682464454976304313e-02 5.213270142180096572e-03 1.284360189573460209e-01 5.260663507109006320e-02 4.739336492890997032e-04 5.213270142180096572e-03 5.213270142180096572e-03 1.943127962085308344e-02 4.739336492890997032e-04 4.739336492890997032e-04 4.739336492890997032e-04 4.739336492890997032e-04
2.732240437158469401e-04 4.672131147540982410e-02 2.732240437158469401e-04 1.393442622950819172e-02 2.732240437158469401e-04 2.732240437158469401e-04 1.560109289617485906e-01 1.939890710382512901e-02 8.770491803278686327e-02 7.131147540983605315e-02 2.024590163934425480e-01 2.732240437158469401e-04 6.311475409836063422e-02 9.316939890710379535e-02 2.732240437158469401e-04 2.732240437158469401e-04 2.732240437158469401e-04 4.672131147540982410e-02 3.306010928961747308e-02 3.032786885245900704e-02 2.759562841530053753e-02 3.852459016393441210e-02 2.732240437158469401e-04 2.732240437158469401e-04 2.732240437158469401e-04 1.393442622950819172e-02 8.469945355191254438e-03 2.732240437158469401e-04 1.120218579234972221e-02 3.306010928961747308e-02
2.037037037037036508e-02 2.037037037037036508e-02 1.851851851851851489e-03 1.851851851851851489e-03 1.851851851851851489e-03 1.851851851851851489e-03 5.740740740740739312e-02 1.851851851851851489e-03 1.851851851851851489e-03 3.166666666666665964e-01 1.851851851851851489e-03 1.851851851851851489e-03 2.240740740740740089e-01 9.444444444444441422e-02 1.851851851851851489e-03 1.851851851851851489e-03 1.851851851851851489e-03 1.851851851851851489e-03 1.851851851851851489e-03 1.129629629629629317e-01 1.851851851851851489e-03 1.851851851851851489e-03 1.851851851851851489e-03 1.851851851851851489e-03 3.888888888888888257e-02 1.851851851851851489e-03 1.851851851851851489e-03 2.037037037037036508e-02 5.740740740740739312e-02 1.851851851851851489e-03
3.571428571428570883e-04 3.571428571428570883e-04 3.571428571428570883e-04 7.535714285714284477e-02 3.571428571428570883e-04 3.571428571428570883e-04 3.003571428571427671e-01 3.571428571428570883e-04 2.110714285714285210e-01 9.678571428571426660e-02 3.571428571428570883e-04 2.892857142857142155e-02 8.964285714285713524e-02 7.178571428571427215e-02 3.571428571428570883e-04 3.928571428571427972e-03 3.571428571428570883e-04 3.571428571428570883e-04 3.928571428571427972e-03 3.571428571428570883e-04 7.499999999999998855e-03 3.928571428571427972e-03 3.571428571428570883e-04 3.571428571428570883e-04 3.571428571428570883e-04 3.571428571428570883e-04 3.571428571428570883e-04 7.178571428571427215e-02 3.571428571428570883e-04 2.892857142857142155e-02
2.865329512893982069e-04 2.865329512893982069e-04 6.017191977077362454e-03 3.151862464183380168e-03 2.865329512893982069e-04 3.151862464183380168e-03 3.469914040114611686e-01 2.865329512893982069e-04 5.759312320916903927e-02 2.865329512893982069e-04 2.865329512893982069e-04 2.320916905444125183e-02 4.326647564469912610e-02 1.464183381088824676e-01 2.865329512893982069e-04 2.865329512893982069e-04 2.865329512893982069e-04 6.618911174785098439e-02 4.613180515759311012e-02 2.865329512893982069e-04 2.865329512893982069e-04 1.174785100286532442e-02 2.865329512893982069e-04 2.865329512893982069e-04 2.865329512893982069e-04 1.263610315186246003e-01 2.865329512893982069e-04 2.865329512893982069e-04 2.865329512893982069e-04 1.148997134670486781e-01
5.154639175257734246e-04 5.154639175257734246e-04 5.154639175257734246e-04 5.154639175257734246e-04 2.628865979381444021e-02 5.154639175257734246e-04 1.603092783505155050e-01 5.206185567010310905e-02 6.752577319587631244e-02 1.036082474226804467e-01 5.154639175257734246e-04 5.670103092783507562e-03 5.154639175257734246e-04 1.082474226804124029e-02 5.154639175257734246e-04 5.154639175257734246e-04 5.154639175257734246e-04 1.139175257731959157e-01 3.613402061855671143e-01 1.597938144329897475e-02 5.154639175257734246e-04 5.154639175257734246e-04 5.154639175257734246e-04 5.154639175257734246e-04 5.154639175257734246e-04 7.268041237113403996e-02 5.154639175257734246e-04 5.154639175257734246e-04 5.154639175257734246e-04 5.154639175257734246e-04
3.676470588235292982e-04 3.676470588235292982e-04 3.676470588235292982e-04 7.022058823529409022e-02 4.044117647058822172e-03 3.676470588235292982e-04 3.676470588235292982e-04 9.227941176470584594e-02 4.448529411764703956e-02 2.650735294117645968e-01 4.044117647058822172e-03 3.676470588235292982e-04 1.507352941176469743e-02 1.547794117647058321e-01 3.676470588235292982e-04 3.676470588235292982e-04 9.595588235294114088e-02 4.044117647058822172e-03 8.492647058823526995e-02 3.713235294117645663e-02 3.676470588235292982e-04 3.676470588235292982e-04 3.676470588235292982e-04 7.022058823529409022e-02 2.610294117647057530e-02 3.676470588235292982e-04 3.676470588235292982e-04 4.044117647058822172e-03 2.242647058823528383e-02 3.676470588235292982e-04
2.597402597402596858e-04 6.779220779220777870e-02 8.051948051948049773e-03 3.402597402597401510e-02 1.275324675324674972e-01 2.597402597402596858e-04 1.301298701298700955e-01 2.597402597402596858e-04 1.015584415584415284e-01 1.197402597402597024e-01 3.402597402597401510e-02 2.883116883116882204e-02 7.038961038961037697e-02 2.597402597402596858e-04 2.597402597402596858e-04 2.597402597402596858e-04 4.181818181818180991e-02 2.597402597402596858e-04 1.324675324675324110e-02 1.431168831168830868e-01 2.597402597402596858e-04 2.597402597402596858e-04 2.597402597402596858e-04 1.844155844155843590e-02 5.454545454545453240e-03 2.363636363636362897e-02 2.597402597402596858e-04 2.597402597402596858e-04 2.883116883116882204e-02 2.597402597402596858e-04
2.173913043478260408e-04 2.173913043478260408e-04 6.326086956521738414e-02 9.804347826086953765e-02 3.499999999999999639e-02 2.173913043478260408e-04 2.173913043478260408e-04 1.978260869565216795e-02 2.173913043478260408e-04 2.173913043478260408e-04 2.173913043478260408e-04 1.326086956521738656e-02 2.173913043478260408e-04 2.173913043478260408e-04 2.173913043478260408e-04 8.913043478260867375e-03 4.369565217391303824e-02 2.173913043478260408e-04 2.173913043478260408e-04 1.978260869565216795e-02 2.173913043478260408e-04 2.173913043478260408e-04 4.565217391304347318e-03 2.632608695652173258e-01 2.173913043478260408e-04 2.458695652173912283e-01 1.760869565217390922e-02 1.545652173913042993e-01 2.173913043478260408e-04 8.913043478260867375e-03
6.999999999999996676e-03 5.699999999999997430e-02 4.366666666666663837e-02 6.366666666666663532e-02 3.333333333333331596e-04 3.333333333333331596e-04 8.366666666666662533e-02 2.033333333333332132e-02 9.033333333333329329e-02 1.536666666666665904e-01 7.366666666666663033e-02 3.333333333333331596e-04 1.003333333333332744e-01 5.033333333333330634e-02 3.333333333333331596e-04 3.333333333333331596e-04 1.003333333333332744e-01 3.333333333333331596e-04 3.333333333333331596e-04 3.033333333333331633e-02 3.333333333333331596e-04 3.333333333333331596e-04 3.333333333333331596e-04 3.333333333333331596e-04 3.333333333333331596e-04 9.699999999999994738e-02 3.333333333333331596e-04 2.366666666666665184e-02 3.333333333333331596e-04 3.333333333333331596e-04
2.272727272727272183e-04 2.272727272727272183e-04 6.159090909090907812e-02 2.272727272727272183e-04 2.272727272727272183e-04 2.272727272727272183e-04 1.093181818181817866e-01 2.977272727272726321e-02 9.340909090909088608e-02 2.161363636363635710e-01 2.272727272727272183e-04 2.068181818181817622e-02 2.499999999999999618e-03 2.749999999999999320e-02 2.272727272727272183e-04 2.272727272727272183e-04 4.113636363636363064e-02 2.272727272727272183e-04 1.797727272727272230e-01 3.204545454545453670e-02 2.977272727272726321e-02 2.272727272727272183e-04 2.272727272727272183e-04 9.568181818181815956e-02 2.499999999999999618e-03 3.886363636363635715e-02 2.272727272727272183e-04 1.613636363636363272e-02 2.272727272727272183e-04 2.272727272727272183e-04
4.385964912280701836e-04 4.385964912280701836e-04 1.144736842105263247e-01 4.385964912280701836e-04 2.236842105263157909e-02 4.385964912280701836e-04 1.359649122807017607e-02 1.359649122807017607e-02 4.385964912280701836e-04 1.978070175438596534e-01 4.385964912280701836e-04 1.100877192982456232e-01 1.359649122807017607e-02 4.385964912280701836e-04 4.385964912280701836e-04 4.385964912280701836e-04 8.377192982456141412e-02 4.385964912280701836e-04 1.934210526315789658e-01 4.385964912280701836e-04 4.385964912280701836e-04 4.385964912280701836e-04 4.385964912280701836e-04 1.013157894736842202e-01 1.798245614035087411e-02 3.991228070175438514e-02 7.061403508771930959e-02 4.385964912280701836e-04 4.385964912280701836e-04 4.385964912280701836e-04
3.367003367003366639e-04 3.367003367003366639e-04 3.367003367003366639e-04 3.367003367003366639e-04 3.367003367003366639e-04 1.380471380471380051e-02 3.367003367003366639e-04 9.461279461279459291e-02 3.367003367003366639e-04 2.053872053872053335e-02 5.084175084175083376e-02 3.367003367003366639e-04 3.367003367003366639e-04 3.367003367003366639e-04 3.367003367003366639e-04 3.703703703703703411e-03 1.380471380471380051e-02 3.703703703703703411e-03 2.390572390572389891e-02 3.367003367003366639e-04 3.572390572390571339e-01 1.316498316498316279e-01 3.367003367003366639e-04 1.043771043771043669e-02 3.367003367003366639e-04 1.215488215488215312e-01 4.074074074074073015e-02 3.367003367003366639e-04 6.767676767676766847e-02 4.074074074074073015e-02
2.577319587628865497e-04 2.577319587628865497e-04 3.891752577319586293e-02 2.577319587628865497e-04 1.056701030927834593e-02 2.345360824742267342e-02 7.989690721649482172e-03 2.577319587628865497e-04 8.273195876288658157e-02 2.577319587628865497e-04 7.989690721649482172e-03 3.891752577319586293e-02 6.984536082474225582e-02 1.056701030927834593e-02 2.577319587628865497e-04 2.577319587628865497e-04 6.726804123711338512e-02 2.577319587628865497e-04 2.577319587628865497e-04 6.469072164948451442e-02 2.577319587628865497e-04 2.577319587628865497e-04 2.577319587628865497e-04 2.863402061855669367e-01 2.577319587628865497e-04 2.038659793814432131e-01 2.835051546391752046e-03 8.015463917525771087e-02 2.577319587628865497e-04 2.577319587628865497e-04
3.012048192771083518e-04 3.644578313253010737e-02 3.012048192771083518e-04 3.012048192771083518e-04 1.234939759036144009e-02 3.012048192771083518e-04 2.021084337349396687e-01 3.012048192771083518e-04 6.656626506024095058e-02 2.653614457831324214e-01 3.012048192771083518e-04 3.012048192771083518e-04 1.418674698795180378e-01 8.463855421686744540e-02 3.012048192771083518e-04 3.012048192771083518e-04 3.012048192771083518e-04 3.012048192771083518e-04 3.012048192771083518e-04 3.313253012048191816e-03 7.861445783132528509e-02 3.313253012048191816e-03 3.012048192771083518e-04 1.837349397590360561e-02 3.012048192771083518e-04 8.162650602409636524e-02 3.012048192771083518e-04 3.012048192771083518e-04 3.012048192771083518e-04 3.012048192771083518e-04
1.937984496124030710e-04 1.937984496124030710e-04 1.937984496124030710e-04 1.937984496124030710e-04 1.937984496124030710e-04 1.937984496124030710e-04 2.695736434108526591e-01 4.089147286821704502e-02 1.937984496124030710e-04 1.937984496124030710e-04 1.087209302325581189e-01 1.937984496124030710e-04 1.937984496124030710e-04 6.802325581395347875e-02 1.937984496124030710e-04 1.937984496124030710e-04 1.571705426356588553e-01 1.937984496124030710e-04 5.445736434108526536e-02 1.649224806201549931e-01 7.945736434108525287e-03 1.937984496124030710e-04 1.937984496124030710e-04 1.763565891472867672e-02 1.937984496124030710e-04 9.709302325581394000e-02 7.945736434108525287e-03 1.937984496124030710e-04 2.131782945736433645e-03 1.937984496124030710e-04
4.166666666666668018e-04 2.212500000000000577e-01 4.166666666666668018e-04 1.004166666666666957e-01 1.708333333333333579e-02 4.166666666666668018e-04 5.458333333333334481e-02 5.458333333333334481e-02 3.375000000000000916e-02 1.170833333333333726e-01 4.166666666666668018e-04 4.166666666666668018e-04 7.125000000000002165e-02 4.625000000000000638e-02 4.166666666666668018e-04 4.166666666666668018e-04 4.625000000000000638e-02 8.750000000000002567e-03 3.791666666666667490e-02 4.166666666666668018e-04 1.708333333333333579e-02 4.166666666666668018e-04 4.166666666666668018e-04 4.166666666666668018e-04 4.166666666666668018e-04 4.166666666666668018e-04 3.791666666666667490e-02 1.295833333333333837e-01 4.166666666666668018e-04 4.166666666666668018e-04
1.479289940828402115e-04 1.050295857988165459e-02 1.642011834319526131e-02 2.529585798816567921e-02 1.479289940828402115e-04 1.479289940828402115e-04 1.495562130177514326e-01 9.023668639053251603e-03 4.156804733727810508e-02 1.451183431952662306e-01 1.479289940828402115e-04 1.198224852071005583e-02 2.085798816568047026e-02 9.630177514792896687e-02 1.479289940828402115e-04 1.479289940828402115e-04 1.479289940828402115e-04 5.636094674556212103e-02 4.896449704142011305e-02 1.258875739644970126e-01 1.479289940828402115e-04 1.479289940828402115e-04 1.479289940828402115e-04 3.269230769230768718e-02 1.479289940828402115e-04 1.732248520710058803e-01 1.627218934911242544e-03 2.381656804733727623e-02 9.023668639053251603e-03 1.479289940828402115e-04
2.173913043478260408e-04 6.543478260869563246e-02 5.456521739130433535e-02 2.173913043478260408e-04 1.154347826086956214e-01 2.173913043478260408e-04 2.241304347826086341e-01 2.173913043478260408e-04 6.108695652173911500e-02 1.132608695652173730e-01 2.173913043478260408e-04 2.173913043478260408e-04 1.110869565217391108e-01 2.173913043478260408e-04 2.173913043478260408e-04 2.173913043478260408e-04 1.543478260869564703e-02 2.413043478260868888e-02 2.173913043478260408e-04 7.195652173913041905e-02 2.173913043478260408e-04 2.173913043478260408e-04 2.173913043478260408e-04 2.173913043478260408e-04 2.173913043478260408e-04 2.847826086956520980e-02 2.173913043478260408e-04 3.282608695652172726e-02 7.847826086956520564e-02 2.173913043478260408e-04
4.285714285714285754e-02 3.861003861003860986e-04 3.861003861003860986e-04 3.861003861003860986e-04 3.861003861003860986e-04 3.861003861003860986e-04 3.861003861003860986e-04 8.532818532818532697e-02 2.355212355212354947e-02 3.861003861003860986e-04 3.861003861003860986e-04 2.741312741312741316e-02 3.861003861003860986e-04 3.861003861003860986e-04 3.861003861003860986e-04 3.861003861003860986e-04 3.861003861003860986e-04 3.861003861003860986e-04 3.861003861003860986e-04 3.861003861003860986e-04 3.861003861003860986e-04 1.583011583011582901e-02 3.861003861003860986e-04 3.861003861003860986e-04 2.629343629343628974e-01 6.216216216216216561e-02 3.942084942084941868e-01 3.861003861003860986e-04 7.760617760617760652e-02 3.861003861003860986e-04
1.408775981524248988e-02 1.639722863741338924e-02 3.256351039260969166e-02 2.309468822170900114e-04 2.309468822170900114e-04 2.309468822170900114e-04 1.249422632794457005e-01 4.411085450346419190e-02 5.103926096997689343e-02 2.309468822170900114e-04 2.309468822170900114e-04 2.309468822170900114e-04 2.309468822170900114e-04 2.309468822170900114e-04 2.309468822170900114e-04 2.309468822170900114e-04 4.849884526558890727e-03 1.249422632794457005e-01 2.309468822170900114e-04 2.309468822170900114e-04 2.309468822170900114e-04 1.387990762124710897e-01 6.489607390300229650e-02 2.540415704387990505e-03 2.309468822170900114e-04 6.720554272517319239e-02 2.309468822170900114e-04 4.642032332563509472e-02 1.157043879907621031e-01 1.480369515011546733e-01
4.115226337448560129e-04 4.115226337448560129e-04 4.526748971193416196e-03 4.526748971193416196e-03 4.115226337448560129e-04 4.526748971193416196e-03 8.641975308641976217e-03 4.115226337448560129e-04 4.115226337448560129e-04 4.115226337448560129e-04 1.279835390946502394e-01 4.115226337448560129e-04 4.115226337448560129e-04 5.390946502057613471e-02 4.115226337448560129e-04 4.115226337448560129e-04 4.115226337448560129e-04 4.115226337448560129e-04 6.625514403292181997e-02 4.526748971193416196e-03 4.979423868312757295e-02 9.506172839506174532e-02 8.641975308641976217e-03 4.115226337448560129e-04 4.526748971193416196e-03 3.090534979423868456e-01 8.683127572016462181e-02 4.115226337448560129e-04 4.115226337448560129e-04 1.650205761316872743e-01
3.610108303249097818e-04 3.610108303249097818e-04 5.451263537906136936e-02 3.610108303249097818e-04 3.610108303249097818e-04 3.610108303249097818e-04 3.610108303249097818e-04 1.119133574007220334e-02 3.610108303249097818e-04 3.971119133574007275e-03 3.610108303249097818e-04 3.610108303249097818e-04 3.971119133574007275e-03 7.581227436823104876e-03 3.610108303249097818e-04 2.277978339350180681e-01 3.610108303249097818e-04 1.014440433212996373e-01 4.368231046931407568e-02 3.971119133574007275e-03 3.610108303249097818e-04 1.480144404332129834e-02 3.971119133574007275e-03 3.610108303249097818e-04 3.469314079422382568e-01 2.563176895306859202e-02 3.646209386281588222e-02 3.610108303249097818e-04 9.061371841155235751e-02 1.841155234657039508e-02
4.672131147540982410e-02 2.732240437158469401e-04 8.469945355191254438e-03 2.732240437158469401e-04 2.732240437158469401e-04 2.732240437158469401e-04 1.122950819672130784e-01 2.732240437158469401e-04 2.732240437158469401e-04 2.732240437158469401e-04 4.125683060109288508e-02 2.732240437158469401e-04 2.732240437158469401e-04 5.765027322404370214e-02 2.732240437158469401e-04 3.005464480874316287e-03 2.732240437158469401e-04 1.560109289617485906e-01 3.852459016393441210e-02 2.732240437158469401e-04 2.732240437158469401e-04 1.259562841530054156e-01 1.120218579234972221e-02 2.732240437158469401e-04 2.732240437158469401e-04 1.232240437158469565e-01 4.398907103825135806e-02 2.732240437158469401e-04 1.286885245901638886e-01 9.863387978142074131e-02
4.424778761061947925e-04 4.424778761061947925e-04 4.424778761061947925e-04 4.424778761061947925e-04 4.424778761061947925e-04 4.424778761061947925e-04 4.026548672566371972e-02 4.867256637168142393e-03 4.424778761061947925e-04 4.424778761061947925e-04 2.172566371681416142e-01 4.424778761061947925e-04 4.424778761061947925e-04 1.243362831858407236e-01 4.424778761061947925e-04 4.424778761061947925e-04 4.424778761061947925e-04 4.469026548672566657e-02 1.814159292035398205e-02 2.699115044247787920e-02 3.584070796460177288e-02 5.353982300884956025e-02 4.424778761061947925e-04 4.424778761061947925e-04 4.424778761061947925e-04 1.464601769911504647e-01 4.424778761061947925e-04 4.424778761061947925e-04 4.424778761061947925e-04 2.792035398230088838e-01
4.098360655737705457e-04 4.098360655737705457e-04 4.098360655737705457e-04 4.959016393442623044e-02 4.098360655737705457e-04 6.598360655737706137e-02 3.319672131147541339e-02 4.098360655737705457e-04 2.909836065573770739e-02 4.098360655737705457e-04 1.069672131147541144e-01 4.098360655737705457e-04 8.606557377049180863e-03 4.098360655737705457e-04 4.098360655737705457e-04 4.098360655737705457e-04 4.098360655737705457e-04 4.098360655737705457e-04 4.098360655737705457e-04 4.098360655737705457e-04 7.418032786885248031e-02 1.930327868852459161e-01 4.098360655737705457e-04 4.098360655737705457e-04 4.098360655737705457e-04 4.098360655737705457e-04 8.647540983606559484e-02 4.098360655737705457e-04 4.549180327868852791e-02 2.995901639344262235e-01
4.629629629629630348e-04 4.629629629629630348e-04 6.990740740740741810e-02 4.629629629629630348e-04 4.629629629629630348e-04 4.629629629629630348e-04 5.092592592592593871e-03 5.601851851851852304e-02 4.629629629629630348e-04 4.629629629629630348e-04 9.305555555555557190e-02 4.629629629629630348e-04 4.629629629629630348e-04 1.300925925925926208e-01 4.629629629629630348e-04 4.629629629629630348e-04 5.601851851851852304e-02 4.629629629629630348e-04 4.629629629629630348e-04 8.379629629629631316e-02 4.629629629629630348e-04 1.208333333333333620e-01 4.629629629629630348e-04 4.629629629629630348e-04 4.629629629629630348e-04 6.990740740740741810e-02 1.023148148148148306e-01 1.435185185185185348e-02 4.212962962962963492e-02 1.486111111111111382e-01
7.092198581560285250e-04 7.801418439716314643e-03 9.290780141843973938e-02 7.092198581560285250e-04 7.801418439716314643e-03 7.092198581560285250e-04 7.092198581560285250e-04 1.489361702127659989e-02 3.411347517730497492e-01 7.092198581560285250e-04 7.092198581560285250e-04 7.092198581560285250e-04 7.092198581560285250e-04 7.092198581560285250e-04 7.092198581560285250e-04 7.092198581560285250e-04 7.092198581560285250e-04 7.092198581560285250e-04 9.290780141843973938e-02 7.092198581560285250e-04 7.801418439716314643e-03 7.092198581560285250e-04 7.092198581560285250e-04 1.070921985815602995e-01 7.092198581560285250e-04 7.092198581560285250e-04 7.092198581560285250e-04 3.056737588652482795e-01 7.801418439716314643e-03 7.092198581560285250e-04
