1.949685534591195576e-02 6.289308176100631871e-04 6.289308176100631871e-04 6.918238993710694625e-03 4.911949685534592325e-01 6.289308176100631871e-04 6.918238993710694625e-03 6.289308176100631871e-04 6.289308176100631871e-04 8.867924528301890374e-02 6.289308176100631871e-04 6.289308176100631871e-04 7.610062893081763480e-02 6.289308176100631871e-04 3.836477987421384878e-02 6.289308176100631871e-04 6.289308176100631871e-04 1.515723270440252068e-01 6.289308176100631871e-04 6.289308176100631871e-04 6.289308176100631871e-04 7.610062893081763480e-02 6.289308176100631871e-04 6.918238993710694625e-03 2.578616352201258677e-02 6.289308176100631871e-04 6.289308176100631871e-04 6.289308176100631871e-04 6.289308176100631871e-04 6.289308176100631871e-04
2.049180327868852186e-04 2.049180327868852186e-04 1.454918032786884849e-02 2.049180327868852186e-04 2.049180327868852186e-04 2.049180327868852186e-04 2.049180327868852186e-04 2.049180327868852186e-04 2.049180327868852186e-04 2.049180327868852186e-04 2.584016393442622461e-01 2.049180327868852186e-04 3.913934426229507407e-02 2.049180327868852186e-04 2.479508196721310828e-02 2.049180327868852186e-04 6.782786885245900566e-02 2.049180327868852186e-04 2.049180327868852186e-04 2.049180327868852186e-04 8.401639344262292960e-03 2.889344262295081081e-02 1.559426229508196204e-01 2.440573770491802630e-01 1.354508196721311009e-01 2.049180327868852186e-04 6.352459016393441696e-03 2.049180327868852186e-04 2.049180327868852186e-04 1.249999999999999722e-02
1.930379746835442223e-02 3.164556962025315431e-04 2.851265822784808668e-01 5.727848101265821390e-02 6.645569620253162675e-03 1.553797468354429778e-01 9.810126582278477780e-03 3.164556962025315431e-04 8.575949367088604725e-02 2.246835443037973820e-02 3.164556962025315431e-04 3.164556962025315431e-04 1.930379746835442223e-02 2.879746835443036668e-02 2.563291139240505417e-02 3.164556962025315431e-04 3.164556962025315431e-04 9.810126582278477780e-03 3.164556962025315431e-04 3.164556962025315431e-04 3.164556962025315431e-04 6.993670886075947779e-02 1.047468354430379361e-01 3.196202531645568612e-02 1.613924050632910626e-02 3.164556962025315431e-04 2.879746835443036668e-02 3.164556962025315431e-04 1.930379746835442223e-02 3.164556962025315431e-04
5.913978494623656559e-03 5.376344086021505372e-04 5.376344086021505372e-04 1.672043010752688186e-01 9.193548387096775465e-02 5.376344086021505372e-04 5.913978494623656559e-03 5.376344086021505372e-04 5.376344086021505372e-04 2.693548387096774133e-01 5.376344086021505372e-04 5.376344086021505372e-04 5.376344086021505372e-04 5.376344086021505372e-04 1.129032258064516236e-02 5.376344086021505372e-04 1.833333333333333481e-01 5.376344086021505372e-04 5.376344086021505372e-04 3.817204301075268619e-02 5.376344086021505372e-04 5.376344086021505372e-04 4.354838709677419373e-02 5.376344086021505372e-04 5.967741935483870941e-02 5.376344086021505372e-04 3.279569892473117865e-02 5.376344086021505372e-04 5.376344086021505372e-04 8.118279569892472569e-02
4.166666666666668018e-04 4.166666666666668018e-04 4.583333333333335091e-03 5.041666666666667906e-02 5.458333333333334481e-02 4.166666666666668018e-04 4.166666666666668018e-04 4.166666666666668018e-04 4.166666666666668018e-04 5.458333333333334481e-02 8.750000000000002567e-03 1.708333333333333579e-02 4.166666666666668018e-04 4.166666666666668018e-04 1.708333333333333579e-02 4.166666666666668018e-04 3.791666666666667490e-02 4.166666666666668018e-04 4.583333333333335091e-03 4.166666666666668018e-04 1.754166666666667207e-01 4.583333333333335091e-03 1.670833333333333892e-01 1.504166666666666985e-01 4.166666666666668018e-04 4.583333333333335091e-03 4.166666666666668018e-04 5.041666666666667906e-02 4.166666666666668018e-04 1.920833333333333837e-01
2.380952380952380408e-04 5.738095238095236583e-02 1.928571428571428104e-02 2.380952380952380408e-04 2.380952380952380408e-04 2.380952380952380408e-04 2.380952380952380408e-04 2.380952380952380408e-04 3.119047619047618167e-02 5.023809523809522753e-02 1.645238095238094611e-01 2.380952380952380408e-04 4.785714285714284810e-02 2.380952380952380408e-04 1.097619047619047411e-01 2.380952380952380408e-04 4.785714285714284810e-02 1.214285714285713927e-02 4.999999999999999237e-03 2.166666666666666047e-02 9.761904761904758102e-03 4.999999999999999237e-03 7.642857142857141517e-02 2.478571428571427759e-01 7.642857142857141517e-02 1.452380952380951870e-02 2.380952380952380408e-04 2.380952380952380408e-04 2.380952380952380408e-04 2.380952380952380408e-04
4.387351778656126827e-02 8.300395256916996700e-03 3.952569169960474800e-04 5.177865612648221982e-02 4.347826086956522659e-03 3.952569169960474800e-04 3.952569169960474800e-04 2.411067193675889286e-02 1.225296442687747248e-02 5.177865612648221982e-02 3.952569169960474800e-04 3.952569169960474800e-04 1.620553359683794478e-02 3.952569169960474800e-04 1.189723320158102976e-01 3.952569169960474800e-04 3.952569169960474800e-04 3.952569169960474800e-04 3.952569169960474800e-04 2.411067193675889286e-02 3.952569169960474800e-04 1.505928853754940899e-01 4.347826086956522659e-03 3.952569169960474800e-04 9.525691699604744989e-02 3.952569169960474800e-04 2.806324110671936864e-02 2.494071146245059600e-01 3.952569169960474800e-04 1.110671936758893530e-01
4.149377593360996830e-04 1.456431535269709643e-01 4.149377593360996830e-04 1.705394190871369620e-01 3.360995850622407188e-02 1.701244813278008500e-02 4.149377593360996830e-04 4.149377593360996830e-04 4.149377593360996830e-04 4.564315352697096567e-03 4.149377593360996830e-04 2.946058091286307343e-02 4.149377593360996830e-04 4.149377593360996830e-04 1.248962655601659894e-01 4.564315352697096567e-03 4.149377593360996830e-04 4.149377593360996830e-04 4.149377593360996830e-04 4.190871369294606186e-02 8.713692946058093289e-03 4.149377593360996830e-04 4.149377593360996830e-04 4.149377593360996830e-04 2.946058091286307343e-02 4.149377593360996830e-04 3.360995850622407188e-02 3.074688796680498104e-01 4.149377593360996830e-04 4.190871369294606186e-02
1.240000000000000303e-02 1.204000000000000348e-01 5.640000000000001262e-02 1.444000000000000283e-01 8.400000000000002950e-03 4.000000000000001276e-04 4.000000000000001276e-04 4.000000000000001276e-04 4.000000000000001276e-04 2.440000000000000502e-02 4.400000000000001132e-03 4.400000000000001132e-03 5.240000000000000907e-02 4.000000000000001276e-04 2.644000000000000239e-01 4.000000000000001276e-04 4.000000000000001276e-04 4.000000000000001276e-04 4.000000000000001276e-04 4.000000000000001276e-04 4.000000000000001276e-04 4.000000000000001276e-04 1.640000000000000138e-02 4.000000000000001276e-04 8.840000000000002023e-02 4.000000000000001276e-04 4.040000000000000535e-02 1.524000000000000354e-01 4.400000000000001132e-03 4.000000000000001276e-04
3.496503496503495958e-04 7.377622377622376770e-02 7.342657342657341567e-03 2.206293706293706025e-01 3.496503496503495958e-04 3.496503496503495958e-04 3.496503496503495958e-04 3.496503496503495958e-04 3.496503496503495958e-04 8.426573426573424896e-02 3.496503496503495958e-04 3.496503496503495958e-04 2.132867132867132323e-02 3.496503496503495958e-04 1.192307692307692096e-01 3.496503496503495958e-04 3.496503496503495958e-04 3.496503496503495958e-04 4.580419580419579223e-02 3.496503496503495958e-04 3.496503496503495958e-04 8.076923076923075984e-02 8.076923076923075984e-02 1.783216783216782717e-02 9.475524475524474410e-02 3.496503496503495958e-04 2.132867132867132323e-02 1.262237762237762018e-01 3.496503496503495958e-04 3.496503496503495958e-04
4.392523364485979853e-02 1.588785046728971237e-02 1.900311526479750088e-02 3.426791277258566144e-03 1.277258566978192560e-02 3.115264797507787207e-04 3.115264797507787207e-04 3.115264797507787207e-04 3.115264797507787207e-04 3.426791277258566144e-03 9.376947040498440078e-02 1.280373831775700466e-01 2.211838006230528592e-02 3.115264797507787207e-04 6.884735202492209272e-02 3.115264797507787207e-04 3.115264797507787207e-04 9.065420560747661227e-02 3.115264797507787207e-04 6.542056074766352917e-03 5.638629283489095256e-02 1.529595015576323547e-01 6.573208722741431809e-02 1.280373831775700466e-01 3.146417445482865144e-02 3.115264797507787207e-04 1.900311526479750088e-02 3.115264797507787207e-04 3.115264797507787207e-04 3.457943925233643301e-02
2.020134228187920045e-01 6.711409395973156168e-04 7.382550335570471460e-03 6.711409395973156168e-04 8.791946308724833681e-02 6.711409395973156168e-04 6.711409395973156168e-04 3.093959731543624581e-01 7.382550335570471460e-03 4.765100671140939936e-02 6.711409395973156168e-04 2.751677852348993411e-02 6.711409395973156168e-04 6.778523489932887502e-02 7.382550335570471460e-03 6.711409395973156168e-04 7.382550335570471460e-03 8.120805369127517825e-02 6.711409395973156168e-04 6.711409395973156168e-04 6.711409395973156168e-04 7.382550335570471460e-03 6.711409395973156168e-04 6.711409395973156168e-04 6.711409395973156168e-04 7.382550335570471460e-03 7.382550335570471460e-03 6.711409395973156168e-04 1.147651006711409710e-01 6.711409395973156168e-04
3.676470588235292982e-04 3.676470588235292982e-04 3.676470588235292982e-04 2.466911764705881083e-01 1.180147058823528966e-01 3.676470588235292982e-04 4.044117647058822172e-03 7.720588235294114504e-03 3.676470588235292982e-04 1.143382352941176017e-01 4.044117647058822172e-03 1.507352941176469743e-02 1.180147058823528966e-01 3.676470588235292982e-04 3.676470588235292982e-04 2.977941176470587023e-02 1.841911764705881638e-01 3.676470588235292982e-04 3.676470588235292982e-04 5.551470588235291742e-02 3.676470588235292982e-04 3.676470588235292982e-04 3.676470588235292982e-04 3.676470588235292982e-04 5.551470588235291742e-02 3.676470588235292982e-04 3.676470588235292982e-04 2.242647058823528383e-02 7.720588235294114504e-03 1.139705882352940770e-02
3.584229390681003039e-04 3.584229390681003039e-04 3.584229390681003039e-04 1.652329749103942369e-01 1.867383512544802671e-01 3.584229390681003039e-04 1.111111111111110980e-02 3.584229390681003039e-04 3.584229390681003039e-04 3.620071684587812533e-02 3.584229390681003039e-04 3.584229390681003039e-04 3.584229390681003039e-04 7.921146953405017177e-02 1.186379928315411947e-01 3.584229390681003039e-04 3.584229390681003039e-04 4.695340501792113347e-02 3.584229390681003039e-04 8.996415770609317297e-02 3.584229390681003039e-04 7.921146953405017177e-02 3.584229390681003039e-04 3.584229390681003039e-04 7.921146953405017177e-02 3.584229390681003039e-04 3.584229390681003039e-04 6.845878136200715669e-02 3.584229390681003039e-04 3.261648745519712261e-02
8.771929824561405841e-04 8.771929824561405841e-04 8.771929824561405841e-04 1.324561403508772162e-01 8.771929824561405841e-04 8.771929824561405841e-04 8.771929824561405841e-04 8.771929824561405841e-04 2.719298245614035908e-02 8.771929824561405841e-04 9.649122807017547834e-03 8.771929824561405841e-04 9.736842105263160407e-02 8.771929824561405841e-04 8.771929824561405841e-04 2.026315789473684958e-01 8.771929824561405841e-04 1.850877192982456620e-01 8.771929824561405841e-04 7.105263157894738113e-02 8.771929824561405841e-04 8.771929824561405841e-04 8.771929824561405841e-04 8.859649122807020105e-02 8.771929824561405841e-04 8.771929824561405841e-04 3.596491228070176210e-02 2.719298245614035908e-02 8.771929824561405841e-04 1.061403508771930071e-01
3.067484662576686213e-04 3.067484662576686213e-04 1.257668711656441222e-02 3.067484662576686213e-04 3.067484662576686213e-04 3.404907975460121083e-02 9.509202453987727205e-03 3.067484662576686213e-04 1.444785276073619062e-01 3.067484662576686213e-04 3.067484662576686213e-04 2.978527607361962093e-01 3.067484662576686213e-04 3.374233128834354997e-03 3.067484662576686213e-04 3.067484662576686213e-04 1.564417177914109724e-02 1.291411042944784759e-01 3.067484662576686213e-04 3.067484662576686213e-04 4.018404907975458434e-02 3.067484662576686213e-04 3.067484662576686213e-04 1.199386503067484261e-01 3.404907975460121083e-02 3.098159509202452755e-02 9.509202453987727205e-03 6.441717791411041318e-03 1.871165644171778400e-02 8.926380368098156548e-02
8.130081300813010291e-04 8.943089430894311104e-03 1.471544715447155038e-01 8.130081300813010291e-04 8.130081300813010291e-04 4.146341463414635053e-02 8.130081300813010291e-04 8.130081300813010291e-04 8.130081300813010291e-04 8.130081300813010291e-04 1.707317073170732183e-02 1.707317073170732183e-02 1.707317073170732183e-02 8.943089430894311104e-03 8.130081300813010291e-04 8.130081300813010291e-04 8.130081300813010291e-04 3.341463414634147089e-01 8.130081300813010291e-04 8.130081300813010291e-04 8.130081300813010291e-04 1.471544715447155038e-01 8.130081300813010291e-04 6.585365853658538271e-02 8.130081300813010291e-04 8.130081300813010291e-04 1.390243902439024792e-01 4.146341463414635053e-02 8.130081300813010291e-04 8.130081300813010291e-04
5.524861878453040179e-04 5.524861878453040179e-04 5.524861878453040179e-04 5.524861878453040179e-04 5.524861878453040179e-04 3.370165745856354422e-02 5.524861878453040179e-04 6.077348066298345064e-03 5.524861878453040179e-04 5.524861878453040179e-04 5.524861878453040179e-04 5.524861878453040179e-04 3.370165745856354422e-02 5.524861878453040179e-04 5.524861878453040179e-04 5.524861878453040179e-04 5.524861878453040179e-04 5.524861878453040179e-04 5.524861878453040179e-04 5.524861878453040179e-04 2.049723756906078054e-01 8.895027624309395642e-02 3.651933701657459341e-01 1.220994475138122010e-01 1.712707182320442542e-02 5.524861878453040179e-04 5.524861878453040179e-04 5.524861878453040179e-04 5.524861878453040179e-04 1.165745856353591625e-01
6.249999999999998612e-03 1.524390243902438752e-04 1.524390243902438752e-04 1.676829268292682681e-03 1.524390243902438752e-04 1.996951219512194814e-02 1.524390243902438752e-04 3.978658536585365224e-02 3.201219512195121325e-03 1.358231707317072712e-01 8.094512195121950082e-02 1.525914634146341153e-01 2.149390243902438505e-02 1.524390243902438752e-04 5.503048780487804215e-02 5.350609756097560177e-02 7.484756097560973931e-02 1.234756097560975319e-02 4.725609756097559969e-03 1.524390243902438752e-04 4.725609756097559969e-03 7.637195121951217969e-02 6.265243902439023016e-02 3.521341463414633804e-02 3.978658536585365224e-02 1.524390243902438752e-04 3.978658536585365224e-02 5.045731707317072795e-02 2.759146341463414309e-02 1.524390243902438752e-04
3.246753246753246750e-04 3.246753246753246750e-04 5.227272727272727626e-02 3.246753246753246750e-04 6.818181818181818718e-03 3.246753246753246750e-04 3.246753246753246750e-04 3.246753246753246750e-04 3.246753246753246750e-04 3.246753246753246750e-04 1.331168831168831092e-02 3.603896103896103709e-02 4.577922077922078059e-02 3.246753246753246750e-04 3.246753246753246750e-04 3.246753246753246750e-04 4.902597402597402149e-02 3.246753246753246750e-04 3.246753246753246750e-04 3.246753246753246750e-04 4.902597402597402149e-02 6.201298701298701976e-02 2.795454545454545414e-01 9.448051948051948423e-02 1.107142857142857234e-01 1.006493506493506482e-02 3.246753246753246750e-04 1.107142857142857234e-01 3.246753246753246750e-04 7.500000000000001110e-02
4.347826086956522442e-04 4.347826086956522442e-04 4.347826086956522442e-04 4.347826086956522442e-04 4.347826086956522442e-04 4.347826086956522442e-04 4.782608695652174578e-03 4.347826086956522442e-04 6.565217391304348227e-02 4.826086956521739857e-02 4.347826086956522442e-04 4.347826086956522442e-04 4.782608695652174578e-03 4.347826086956522442e-04 4.347826086956522442e-04 4.347826086956522442e-04 3.956521739130434978e-02 5.260869565217391602e-02 4.347826086956522442e-04 1.347826086956521903e-02 4.347826086956522442e-04 8.304347826086957984e-02 1.830434782608695854e-01 4.391304347826087418e-02 3.091304347826087096e-01 4.347826086956522442e-04 1.782608695652173822e-02 4.347826086956522442e-04 2.217391304347826261e-02 1.047826086956521879e-01
2.881844380403457266e-04 2.881844380403457266e-04 2.881844380403457266e-04 2.881844380403457266e-04 2.881844380403457266e-04 2.881844380403457266e-04 2.881844380403457266e-04 2.881844380403457266e-04 8.933717579250717578e-03 2.881844380403457266e-04 6.368876080691640573e-02 5.504322766570603903e-02 2.881844380403457266e-04 2.881844380403457266e-04 3.170028818443803263e-03 2.881844380403457266e-04 6.080691642651295248e-02 5.792507204610949229e-02 2.881844380403457266e-04 2.910662824207491811e-02 2.881844380403457266e-04 1.414985590778097546e-01 3.345821325648413724e-01 7.809798270893369976e-02 3.775216138328529175e-02 3.170028818443803263e-03 3.487031700288183156e-02 2.046109510086454447e-02 3.170028818443803263e-03 6.368876080691640573e-02
1.407534246575342651e-01 3.424657534246575369e-04 9.280821917808219912e-02 3.767123287671233015e-03 3.424657534246575369e-04 1.544520547945205657e-01 3.424657534246575369e-04 3.424657534246575369e-04 3.424657534246575369e-04 3.801369863013698280e-02 3.424657534246575369e-04 3.767123287671233015e-03 3.424657534246575369e-04 3.424657534246575369e-04 7.191780821917808167e-03 3.424657534246575369e-04 3.424657534246575369e-04 9.965753424657534942e-02 9.965753424657534942e-02 3.424657534246575369e-04 3.424657534246575369e-04 3.424657534246575369e-04 7.191780821917808167e-03 5.171232876712328341e-02 2.773972602739725735e-02 7.191780821917808167e-03 2.503424657534246145e-01 3.424657534246575369e-04 7.191780821917808167e-03 3.767123287671233015e-03
1.879912663755457791e-01 2.183406113537117411e-04 2.423580786026200209e-02 2.183406113537117411e-04 2.183406113537117411e-04 4.606986899563318000e-02 2.183406113537117411e-04 3.757641921397378848e-01 2.183406113537117411e-04 6.768558951965064109e-03 2.183406113537117411e-04 8.951965065502181032e-03 2.183406113537117411e-04 2.183406113537117411e-04 2.183406113537117411e-04 6.572052401746723838e-02 2.183406113537117411e-04 3.078602620087335373e-02 2.183406113537117411e-04 4.585152838427946319e-03 2.183406113537117411e-04 2.183406113537117411e-04 2.183406113537117411e-04 2.183406113537117411e-04 1.312227074235807478e-01 2.401746724890829396e-03 1.006550218340611091e-01 8.951965065502181032e-03 2.183406113537117411e-04 2.401746724890829396e-03
5.494505494505495585e-04 5.494505494505495585e-04 6.043956043956045035e-03 5.494505494505495585e-04 6.043956043956045035e-03 2.252747252747253071e-02 1.153846153846154084e-02 5.494505494505495585e-04 5.494505494505495585e-04 5.494505494505495585e-04 9.395604395604398307e-02 1.324175824175824467e-01 1.703296703296703490e-02 5.494505494505495585e-04 5.494505494505495585e-04 5.494505494505495585e-04 5.494505494505495585e-04 5.494505494505495585e-04 5.494505494505495585e-04 5.494505494505495585e-04 1.703296703296703490e-02 5.494505494505495585e-04 2.862637362637363014e-01 5.494505494505495585e-04 1.434065934065934245e-01 5.494505494505495585e-04 5.494505494505495585e-04 1.049450549450549747e-01 5.494505494505495585e-04 1.489010989010989272e-01
1.348684210526315125e-02 3.289473684210525157e-04 3.289473684210525157e-04 3.980263157894735337e-02 3.322368421052630111e-02 3.618421052631578053e-03 3.289473684210525157e-04 1.348684210526315125e-02 3.289473684210525157e-04 2.371710526315788381e-01 3.289473684210525157e-04 3.289473684210525157e-04 3.289473684210525157e-04 6.282894736842103978e-02 2.993421052631577844e-02 2.042763157894736115e-01 5.624999999999998057e-02 3.289473684210525157e-04 3.289473684210525157e-04 3.651315789473683071e-02 3.289473684210525157e-04 3.289473684210525157e-04 3.289473684210525157e-04 2.664473684210525231e-02 1.516447368421052211e-01 3.289473684210525157e-04 3.289473684210525157e-04 3.651315789473683071e-02 4.967105263157892830e-02 3.289473684210525157e-04
3.225806451612901597e-04 3.225806451612901597e-04 3.225806451612901597e-04 3.225806451612901597e-04 3.225806451612901597e-04 7.451612903225802997e-02 3.903225806451610796e-02 3.225806451612901597e-04 3.225806451612901597e-04 2.935483870967740133e-02 1.809677419354837891e-01 9.064516129032253178e-02 3.258064516129030586e-02 3.225806451612901597e-04 6.483870967741932334e-02 5.838709677419352123e-02 3.225806451612901597e-04 1.645161290322579711e-02 3.225806451612901597e-04 3.225806451612901597e-04 3.548387096774192027e-03 1.390322580645160511e-01 5.516129032258061671e-02 3.225806451612901597e-04 9.709677419354834083e-02 3.225806451612901597e-04 1.067741935483870475e-01 3.225806451612901597e-04 3.225806451612901597e-04 6.774193548387093082e-03
3.206997084548104254e-03 1.195335276967929468e-02 2.915451895043731190e-04 2.915451895043731190e-04 2.944606413994168073e-02 1.486880466472302598e-02 2.915451895043731190e-04 2.069970845481048857e-02 2.915451895043731190e-04 2.743440233236150716e-01 2.915451895043731190e-04 6.122448979591834685e-03 1.810495626822156978e-01 3.236151603498541030e-02 2.653061224489794770e-02 2.915451895043731190e-04 1.227405247813410649e-01 2.915451895043731190e-04 2.915451895043731190e-04 4.985422740524780155e-02 2.915451895043731190e-04 6.122448979591834685e-03 2.915451895043731190e-04 2.915451895043731190e-04 1.752186588921282318e-01 1.195335276967929468e-02 2.915451895043731190e-04 2.915451895043731190e-04 2.915451895043731190e-04 2.944606413994168073e-02
3.424657534246574285e-04 7.191780821917805565e-03 3.424657534246574285e-04 3.424657534246574285e-04 3.424657534246574285e-04 6.883561643835614530e-02 3.424657534246574285e-04 3.424657534246574285e-04 3.458904109589039377e-02 6.883561643835614530e-02 1.578767123287670715e-01 3.424657534246574285e-04 3.424657534246574285e-04 1.510273972602739212e-01 3.424657534246574285e-04 3.424657534246574285e-04 3.424657534246574285e-04 3.767123287671231713e-03 3.424657534246574285e-04 3.424657534246574285e-04 3.424657534246574285e-04 1.784246575342465224e-01 2.263698630136985190e-01 9.280821917808215749e-02 3.424657534246574285e-04 3.424657534246574285e-04 3.767123287671231713e-03 3.424657534246574285e-04 3.424657534246574285e-04 3.424657534246574285e-04
1.070013210039630000e-02 1.321003963011888993e-04 4.095112285336856284e-03 1.453104359313077973e-03 1.321003963011888993e-04 2.774108322324967020e-03 1.453104359313077973e-03 1.070013210039630000e-02 3.579920739762219167e-02 1.031704095112285224e-01 1.441215323645970992e-01 1.295904887714663112e-01 1.321003963011888993e-04 5.165125495376486631e-02 9.524438573315718859e-02 1.321003963011888993e-04 1.321003963011888993e-04 1.321003963011888993e-04 1.321003963011888993e-04 1.321003963011888993e-04 1.321003963011888993e-04 1.097754293262879766e-01 3.712021136063408527e-02 3.579920739762219167e-02 8.071334214002642837e-02 4.095112285336856284e-03 4.900924702774108604e-02 5.693527080581241989e-02 8.058124174372523207e-03 2.655217965653897116e-02
2.563291139240505417e-02 6.677215189873415835e-02 2.563291139240505417e-02 6.645569620253162675e-03 3.164556962025315431e-04 3.164556962025315431e-04 3.642405063291137557e-01 3.164556962025315431e-04 3.164556962025315431e-04 4.778481012658226251e-02 6.044303797468352640e-02 3.164556962025315431e-04 6.645569620253162675e-03 3.164556962025315431e-04 2.563291139240505417e-02 3.164556962025315431e-04 3.481012658227847136e-03 3.164556962025315431e-04 3.164556962025315431e-04 3.164556962025315431e-04 3.164556962025315431e-04 1.617088607594936167e-01 3.164556962025315431e-04 3.164556962025315431e-04 1.930379746835442223e-02 3.164556962025315431e-04 3.164556962025315431e-04 4.462025316455694307e-02 1.332278481012657834e-01 3.481012658227847136e-03
2.755102040816325912e-02 3.401360544217686840e-04 3.435374149659863041e-02 3.401360544217686840e-04 1.057823129251700550e-01 3.401360544217686840e-04 3.401360544217686840e-04 3.401360544217686840e-04 3.401360544217686840e-04 8.877551020408161464e-02 3.401360544217686840e-04 7.142857142857141767e-03 1.734693877551020044e-02 3.401360544217686840e-04 5.136054421768706385e-02 7.142857142857141767e-03 1.738095238095237749e-01 3.401360544217686840e-04 3.401360544217686840e-04 1.394557823129251306e-02 3.401360544217686840e-04 3.401360544217686840e-04 3.098639455782312147e-01 3.741496598639455252e-03 3.401360544217686840e-04 8.537414965986393767e-02 7.142857142857141767e-03 3.435374149659863041e-02 2.755102040816325912e-02 3.401360544217686840e-04
2.843749999999998709e-02 1.906249999999999264e-02 1.906249999999999264e-02 3.124999999999998981e-04 3.124999999999998981e-04 3.124999999999998981e-04 6.562499999999998022e-03 3.124999999999998981e-04 3.124999999999998981e-04 9.093749999999997669e-02 1.878124999999999378e-01 2.531249999999999126e-02 3.124999999999998981e-04 1.128124999999999684e-01 9.687499999999996461e-03 3.124999999999998981e-04 4.406249999999998362e-02 3.124999999999998981e-04 3.124999999999998981e-04 3.124999999999998981e-04 3.124999999999998981e-04 2.378124999999998990e-01 2.096874999999999156e-01 3.124999999999998981e-04 3.124999999999998981e-04 3.124999999999998981e-04 3.124999999999998981e-04 3.437499999999999150e-03 3.124999999999998981e-04 3.124999999999998981e-04
3.503184713375795400e-03 1.305732484076432484e-02 3.184713375796177637e-04 2.898089171974521303e-02 5.066878980891718065e-01 3.184713375796177637e-04 3.184713375796177637e-04 3.503184713375795400e-03 4.808917197452227538e-02 1.340764331210190508e-01 3.184713375796177637e-04 3.184713375796177637e-04 1.942675159235668012e-02 3.184713375796177637e-04 3.184713375796177637e-04 3.184713375796177637e-04 1.818471337579617153e-01 3.184713375796177637e-04 3.503184713375795400e-03 3.503184713375795400e-03 3.184713375796177637e-04 3.184713375796177637e-04 3.184713375796177637e-04 1.305732484076432484e-02 9.872611464968148939e-03 3.184713375796177637e-04 3.184713375796177637e-04 1.624203821656050248e-02 9.872611464968148939e-03 3.184713375796177637e-04
2.050531914893616858e-01 2.659574468085106427e-04 2.659574468085106427e-04 2.659574468085106427e-04 2.659574468085106427e-04 4.015957446808510883e-02 2.659574468085106427e-04 3.484042553191489533e-02 1.622340425531914807e-02 2.925531914893617341e-03 2.659574468085106427e-04 8.803191489361703037e-02 2.925531914893617341e-03 2.659574468085106427e-04 2.659574468085106427e-04 2.659574468085106427e-04 2.686170212765957507e-02 2.154255319148936157e-02 1.039893617021276639e-01 2.659574468085106427e-04 2.659574468085106427e-04 1.622340425531914807e-02 2.659574468085106427e-04 2.659574468085106427e-04 8.803191489361703037e-02 2.659574468085106427e-04 2.236702127659574435e-01 6.941489361702128658e-02 2.686170212765957507e-02 2.952127659574467836e-02
4.014598540145985529e-03 5.510948905109488982e-02 3.649635036496350678e-04 4.014598540145985529e-03 3.649635036496350678e-04 3.649635036496350678e-04 2.521897810218977631e-01 3.686131386861313947e-02 7.664233576642335774e-03 2.591240875912408786e-02 5.145985401459853698e-02 3.649635036496350678e-04 3.649635036496350678e-04 6.605839416058394142e-02 5.875912408759124267e-02 3.649635036496350678e-04 5.145985401459853698e-02 3.649635036496350678e-04 3.649635036496350678e-04 3.649635036496350678e-04 3.649635036496350678e-04 4.416058394160583822e-02 5.510948905109488982e-02 7.335766423357664712e-02 2.956204379562043724e-02 3.649635036496350678e-04 3.649635036496350678e-04 1.062043795620438019e-01 6.970802919708030121e-02 4.014598540145985529e-03
6.472392638036808532e-02 3.067484662576686213e-04 3.067484662576686213e-04 3.374233128834354997e-03 3.067484662576686213e-04 3.067484662576686213e-04 3.067484662576686213e-04 3.067484662576686213e-04 3.067484662576686213e-04 1.564417177914109724e-02 1.536809815950919700e-01 4.819018404907973729e-01 3.374233128834354997e-03 3.067484662576686213e-04 6.472392638036808532e-02 9.509202453987727205e-03 3.067484662576686213e-04 3.067484662576686213e-04 3.067484662576686213e-04 2.484662576687115751e-02 3.067484662576686213e-04 3.404907975460121083e-02 3.067484662576686213e-04 2.177914110429447075e-02 3.098159509202452755e-02 3.067484662576686213e-04 3.098159509202452755e-02 1.871165644171778400e-02 3.098159509202452755e-02 6.441717791411041318e-03
1.814159292035398205e-02 1.774336283185840857e-01 2.256637168141592889e-02 4.424778761061947383e-04 4.424778761061947383e-04 4.424778761061947383e-04 2.216814159292035402e-01 1.774336283185840857e-01 3.141592920353981910e-02 4.424778761061947383e-04 3.141592920353981910e-02 3.141592920353981910e-02 4.424778761061947383e-04 6.238938053097344699e-02 4.424778761061947383e-04 4.424778761061947383e-04 4.424778761061947383e-04 4.424778761061947383e-04 4.424778761061947383e-04 4.424778761061947383e-04 4.424778761061947383e-04 7.566371681415930139e-02 4.424778761061947383e-04 4.867256637168142393e-03 1.376106194690265572e-01 4.424778761061947383e-04 4.424778761061947383e-04 4.424778761061947383e-04 4.424778761061947383e-04 4.424778761061947383e-04
3.610108303249097818e-04 2.530685920577617209e-01 7.617328519855595670e-02 7.581227436823104876e-03 6.534296028880866303e-02 5.451263537906136936e-02 3.610108303249097818e-04 3.971119133574007275e-03 3.646209386281588222e-02 3.610108303249097818e-04 3.610108303249097818e-04 7.978339350180506384e-02 3.610108303249097818e-04 3.610108303249097818e-04 7.978339350180506384e-02 3.610108303249097818e-04 3.610108303249097818e-04 3.610108303249097818e-04 3.610108303249097818e-04 3.610108303249097818e-04 1.231046931407942246e-01 1.480144404332129834e-02 3.610108303249097818e-04 1.086642599277978377e-01 3.610108303249097818e-04 3.610108303249097818e-04 3.610108303249097818e-04 7.978339350180506384e-02 7.581227436823104876e-03 3.971119133574007275e-03
2.868217054263564811e-02 5.193798449612401641e-02 2.583979328165373918e-04 2.868217054263564811e-02 1.527131782945735927e-01 2.583979328165373918e-04 2.583979328165373918e-04 2.609819121447027462e-02 2.583979328165373918e-04 2.612403100775192999e-01 2.583979328165373918e-04 2.583979328165373918e-04 3.385012919896639855e-02 4.677002583979326944e-02 5.710594315245477032e-02 2.583979328165373918e-04 1.268733850129198648e-01 2.583979328165373918e-04 2.583979328165373918e-04 1.317829457364340547e-02 2.583979328165373918e-04 2.583979328165373918e-04 9.586563307493536912e-02 2.842377260981911527e-03 2.093023255813952765e-02 4.160206718346252247e-02 5.426356589147285879e-03 2.583979328165373918e-04 2.842377260981911527e-03 2.583979328165373918e-04
3.937007874015749061e-04 3.937007874015749061e-04 2.795275590551181757e-02 3.937007874015749061e-04 2.090551181102362766e-01 3.937007874015749061e-04 3.937007874015749061e-04 3.937007874015749061e-04 3.937007874015749061e-04 2.007874015748031815e-02 3.937007874015749061e-04 4.330708661417324509e-03 3.937007874015749061e-04 4.330708661417324509e-03 2.795275590551181757e-02 3.937007874015749061e-04 1.614173228346457017e-02 3.937007874015749061e-04 3.937007874015749061e-04 4.763779527559056093e-02 3.937007874015749061e-04 9.094488188976380949e-02 4.019685039370079482e-01 5.944881889763780486e-02 4.370078740157481295e-02 3.976377952755906497e-02 3.937007874015749061e-04 3.937007874015749061e-04 3.937007874015749061e-04 3.937007874015749061e-04
4.975124378109454593e-04 4.975124378109454593e-04 3.532338308457712295e-02 5.472636815920400161e-03 7.014925373134330011e-02 2.293532338308458540e-01 4.975124378109454593e-04 4.975124378109454593e-04 4.975124378109454593e-04 4.975124378109454593e-04 4.975124378109454593e-04 4.975124378109454593e-04 2.492537313432836577e-01 4.975124378109454593e-04 2.537313432835821420e-02 4.975124378109454593e-04 4.975124378109454593e-04 4.029850746268657385e-02 4.975124378109454593e-04 7.512437810945275796e-02 5.472636815920400161e-03 7.014925373134330011e-02 1.044776119402985454e-02 4.975124378109454593e-04 1.199004975124378508e-01 4.975124378109454593e-04 5.024875621890548261e-02 5.472636815920400161e-03 4.975124378109454593e-04 4.975124378109454593e-04
4.237288135593221842e-04 4.237288135593221842e-04 4.661016949152543484e-03 1.737288135593220706e-02 1.699152542372881769e-01 4.237288135593221842e-04 4.237288135593221842e-04 4.237288135593221842e-04 4.237288135593221842e-04 3.055084745762712273e-01 1.313559322033898587e-02 5.550847457627119952e-02 3.432203389830509183e-02 4.279661016949153768e-02 8.898305084745764676e-03 4.237288135593221842e-04 1.868644067796610686e-01 4.237288135593221842e-04 4.237288135593221842e-04 4.661016949152543484e-03 4.237288135593221842e-04 4.237288135593221842e-04 9.788135593220341490e-02 4.237288135593221842e-04 4.237288135593221842e-04 4.237288135593221842e-04 4.237288135593221842e-04 4.703389830508475367e-02 4.237288135593221842e-04 4.661016949152543484e-03
2.333333333333334134e-02 1.111111111111111544e-03 1.111111111111111544e-03 1.111111111111111544e-03 1.111111111111111544e-03 5.666666666666667768e-02 4.233333333333335058e-01 1.111111111111111544e-03 1.111111111111111544e-03 1.111111111111111544e-03 1.111111111111111544e-03 1.111111111111111544e-03 1.566666666666667040e-01 1.111111111111111544e-03 1.111111111111111544e-03 7.888888888888891116e-02 1.222222222222222633e-02 1.222222222222222633e-02 1.222222222222222633e-02 1.111111111111111544e-03 1.111111111111111544e-03 1.111111111111111544e-03 6.777777777777779789e-02 2.333333333333334134e-02 1.111111111111111544e-03 1.111111111111111544e-03 1.111111111111111544e-03 1.122222222222222510e-01 1.111111111111111544e-03 1.111111111111111544e-03
5.649717514124296151e-04 5.649717514124296151e-04 5.649717514124296151e-04 1.022598870056497522e-01 1.870056497175141830e-01 5.649717514124296151e-04 5.649717514124296151e-04 5.649717514124296151e-04 5.649717514124296151e-04 4.016949152542373946e-01 5.649717514124296151e-04 6.836158192090396879e-02 1.751412429378531796e-02 5.649717514124296151e-04 5.649717514124296151e-04 5.649717514124296151e-04 1.022598870056497522e-01 5.649717514124296151e-04 5.649717514124296151e-04 1.186440677966102072e-02 5.649717514124296151e-04 5.649717514124296151e-04 5.141242937853109096e-02 5.649717514124296151e-04 5.649717514124296151e-04 5.649717514124296151e-04 6.214689265536726091e-03 2.316384180790960826e-02 5.649717514124296151e-04 1.751412429378531796e-02
2.601851851851852415e-01 9.259259259259261781e-04 9.259259259259261781e-04 9.259259259259261781e-04 3.796296296296296918e-02 3.064814814814815769e-01 9.259259259259261781e-04 7.500000000000001110e-02 9.259259259259261781e-04 9.259259259259261781e-04 9.259259259259261781e-04 9.259259259259261781e-04 1.018518518518518948e-02 9.259259259259261781e-04 9.259259259259261781e-04 9.259259259259261781e-04 9.259259259259261781e-04 1.018518518518518948e-02 2.870370370370371044e-02 9.259259259259261781e-04 9.259259259259261781e-04 6.574074074074075236e-02 9.259259259259261781e-04 9.259259259259261781e-04 3.796296296296296918e-02 9.259259259259261781e-04 7.500000000000001110e-02 5.648148148148149361e-02 9.259259259259261781e-04 1.944444444444445169e-02
5.434782608695653324e-04 5.434782608695653324e-04 5.434782608695653324e-04 1.418478260869565633e-01 3.103260869565218072e-01 7.663043478260871122e-02 4.945652173913044070e-02 5.434782608695653324e-04 5.978260869565218440e-03 6.576086956521740023e-02 1.141304347826087133e-02 3.858695652173913665e-02 1.141304347826087133e-02 8.750000000000002220e-02 5.434782608695653324e-04 4.945652173913044070e-02 5.434782608695653324e-04 5.434782608695653324e-04 5.434782608695653324e-04 5.434782608695653324e-04 1.684782608695652509e-02 5.434782608695653324e-04 5.434782608695653324e-04 5.434782608695653324e-04 5.434782608695653324e-04 7.663043478260871122e-02 5.434782608695653324e-04 3.315217391304348116e-02 5.434782608695653324e-04 1.684782608695652509e-02
1.496350364963502932e-02 3.649635036496349052e-04 3.649635036496349052e-04 2.193430656934305667e-01 8.065693430656931118e-02 3.649635036496349052e-04 3.649635036496349052e-04 3.649635036496349052e-04 3.649635036496349052e-04 2.047445255474451831e-01 3.649635036496349052e-04 3.649635036496349052e-04 1.098540145985401062e-01 1.025547445255474144e-01 3.649635036496349052e-04 6.605839416058391367e-02 3.649635036496349052e-04 4.416058394160581740e-02 3.649635036496349052e-04 3.649635036496349052e-04 5.145985401459851616e-02 3.649635036496349052e-04 3.649635036496349052e-04 3.649635036496349052e-04 9.890510948905105459e-02 3.649635036496349052e-04 3.649635036496349052e-04 3.649635036496349052e-04 3.649635036496349052e-04 3.649635036496349052e-04
2.967359050445103207e-04 2.967359050445103207e-04 2.967359050445103207e-04 2.792284866468841553e-01 2.020771513353114834e-01 2.967359050445103207e-04 2.967359050445103207e-04 2.967359050445103207e-04 4.777448071216616049e-02 1.545994065281898755e-01 6.231454005934716246e-03 2.967359050445103207e-04 4.183976261127594909e-02 2.967359050445103207e-04 2.967359050445103207e-04 1.216617210682491984e-02 3.887240356083084686e-02 2.967359050445103207e-04 2.967359050445103207e-04 2.967359050445103207e-04 2.967359050445103207e-04 3.264094955489613582e-03 1.130563798219584165e-01 2.967359050445103207e-04 2.967359050445103207e-04 2.967359050445103207e-04 2.967359050445103207e-04 2.967359050445103207e-04 3.264094955489613582e-03 9.228486646884270783e-02
5.845410628019324928e-02 4.830917874396136770e-04 4.830917874396136770e-04 1.980676328502415859e-02 5.705314009661837105e-01 1.497584541062802442e-02 5.314009661835750881e-03 4.830917874396136770e-04 4.830917874396136770e-04 4.879227053140097747e-02 4.830917874396136770e-04 1.067632850241546222e-01 4.830917874396136770e-04 4.830917874396136770e-04 4.830917874396136770e-04 4.830917874396136770e-04 1.014492753623188678e-02 4.830917874396136770e-04 4.830917874396136770e-04 4.830917874396136770e-04 4.830917874396136770e-04 1.067632850241546222e-01 2.463768115942029449e-02 4.830917874396136770e-04 4.830917874396136770e-04 4.830917874396136770e-04 4.830917874396136770e-04 2.463768115942029449e-02 4.830917874396136770e-04 4.830917874396136770e-04
5.025125628140704025e-04 5.025125628140704025e-04 5.025125628140704025e-04 5.527638190954775078e-03 3.567839195979900097e-02 5.577889447236181186e-02 5.025125628140704025e-04 5.527638190954775078e-03 5.025125628140704025e-04 5.025125628140704025e-04 1.311557788944723857e-01 1.055276381909547867e-02 5.025125628140704025e-04 2.060301507537688412e-02 3.567839195979900097e-02 3.567839195979900097e-02 5.025125628140704025e-04 5.025125628140704025e-04 5.025125628140704025e-04 3.567839195979900097e-02 5.527638190954775078e-03 3.221105527638191135e-01 5.025125628140704025e-04 2.065326633165829595e-01 3.065326633165829304e-02 5.025125628140704025e-04 5.025125628140704025e-04 4.572864321608040988e-02 5.025125628140704025e-04 1.055276381909547867e-02
3.610108303249096192e-04 3.285198555956677507e-02 3.610108303249096192e-04 3.610108303249096192e-04 3.610108303249096192e-04 3.610108303249096192e-04 3.610108303249096192e-04 3.610108303249096192e-04 7.978339350180502221e-02 3.610108303249096192e-04 7.978339350180502221e-02 3.610108303249096192e-04 3.610108303249096192e-04 1.664259927797833438e-01 3.610108303249096192e-04 3.610108303249096192e-04 6.173285198555954895e-02 3.610108303249096192e-04 1.119133574007219814e-02 3.610108303249096192e-04 3.610108303249096192e-04 3.646209386281586834e-02 4.913357400722019319e-01 3.285198555956677507e-02 3.610108303249096192e-04 3.610108303249096192e-04 3.610108303249096192e-04 3.610108303249096192e-04 3.610108303249096192e-04 3.610108303249096192e-04
3.937007874015749061e-04 3.937007874015749061e-04 3.937007874015749061e-04 3.937007874015749061e-04 3.547244094488189448e-01 3.937007874015749061e-04 3.937007874015749061e-04 3.937007874015749061e-04 3.937007874015749061e-04 3.937007874015749061e-04 3.582677165354331700e-02 3.937007874015749061e-04 3.937007874015749061e-04 4.330708661417324509e-03 3.937007874015749061e-04 3.937007874015749061e-04 1.027559055118110465e-01 3.937007874015749061e-04 3.937007874015749061e-04 3.937007874015749061e-04 3.937007874015749061e-04 3.976377952755906497e-02 2.877952755905512361e-01 7.913385826771655862e-02 6.338582677165356671e-02 3.937007874015749061e-04 1.220472440944882220e-02 3.937007874015749061e-04 3.937007874015749061e-04 1.220472440944882220e-02
