4.309210526315787604e-02 2.335526315789472618e-02 3.289473684210525157e-04 1.677631578947367738e-02 3.289473684210525157e-04 3.289473684210525157e-04 3.289473684210525157e-04 1.944078947368420296e-01 3.289473684210525157e-04 2.042763157894736115e-01 3.651315789473683071e-02 3.289473684210525157e-04 5.953947368421051017e-02 3.289473684210525157e-04 3.980263157894735337e-02 3.289473684210525157e-04 3.289473684210525157e-04 1.348684210526315125e-02 3.618421052631578053e-03 3.289473684210525157e-04 1.253289473684210120e-01 3.289473684210525157e-04 9.572368421052628029e-02 3.289473684210525157e-04 3.289473684210525157e-04 3.289473684210525157e-04 2.664473684210525231e-02 1.348684210526315125e-02 5.953947368421051017e-02 3.980263157894735337e-02
6.326530612244897489e-03 2.244897959183673498e-03 2.040816326530612050e-04 3.081632653061223970e-02 2.040816326530612050e-04 8.795918367346937383e-02 2.040816326530612050e-04 5.326530612244897295e-02 2.040816326530612050e-04 1.244897959183673304e-02 2.042857142857142372e-01 2.040816326530612050e-04 2.040816326530612050e-04 2.040816326530612050e-04 1.653061224489795616e-02 2.040816326530612050e-04 8.367346938775508183e-03 2.040816326530612050e-04 2.040816326530612050e-04 2.040816326530612050e-04 2.040816326530612050e-04 7.163265306122448828e-02 2.040816326530612050e-04 2.040816326530612050e-04 2.040816326530612050e-04 2.040816326530612050e-04 4.144897959183672653e-01 2.040816326530612050e-04 3.897959183673468941e-02 4.918367346938775503e-02
1.675675675675675907e-02 3.837837837837838190e-02 2.756756756756757049e-02 5.405405405405406573e-04 5.405405405405406573e-04 3.837837837837838190e-02 5.405405405405406573e-04 9.243243243243245977e-02 5.405405405405406573e-04 5.405405405405406573e-04 5.405405405405406573e-04 5.405405405405406573e-04 1.302702702702702997e-01 5.405405405405406573e-04 5.405405405405406573e-04 5.945945945945947664e-03 5.405405405405406573e-04 5.405405405405406573e-04 5.945945945945947664e-03 2.756756756756757049e-02 3.194594594594595272e-01 5.405405405405406573e-04 6.000000000000000472e-02 5.405405405405406573e-04 1.302702702702702997e-01 5.405405405405406573e-04 5.405405405405406573e-04 5.405405405405406573e-04 5.945945945945947664e-03 9.243243243243245977e-02
1.192307692307691819e-02 1.961538461538460398e-02 3.846153846153844524e-04 3.846153846153844524e-04 3.846153846153844524e-04 3.846153846153844524e-04 3.846153846153844524e-04 1.196153846153845679e-01 3.846153846153844524e-04 1.273076923076922606e-01 5.807692307692304684e-02 3.846153846153844524e-04 1.657692307692306966e-01 4.230769230769228922e-03 2.346153846153845035e-02 4.230769230769228922e-03 3.846153846153844524e-04 3.846153846153844524e-04 3.846153846153844524e-04 3.846153846153844524e-04 2.196153846153845179e-01 3.846153846153844524e-04 2.119230769230768252e-01 1.961538461538460398e-02 3.846153846153844524e-04 4.230769230769228922e-03 3.846153846153844524e-04 3.846153846153844524e-04 4.230769230769228922e-03 3.846153846153844524e-04
4.929906542056074897e-02 1.425233644859812999e-02 2.336448598130841218e-04 1.425233644859812999e-02 2.336448598130841218e-04 1.892523364485981102e-02 2.336448598130841218e-04 4.462616822429906621e-02 2.593457943925233516e-02 5.864485981308411450e-02 1.567757009345794317e-01 3.995327102803738345e-02 2.359813084112149378e-02 2.336448598130841218e-04 2.570093457943925259e-03 2.336448598130841218e-04 2.336448598130841218e-04 1.191588785046728861e-02 2.336448598130841218e-04 7.032710280373831446e-02 2.336448598130841218e-04 1.425233644859812999e-02 1.191588785046728861e-02 4.906542056074766206e-03 2.336448598130841218e-04 2.336448598130841218e-04 3.553738317757009213e-01 2.336448598130841218e-04 3.294392523364485931e-02 4.696261682242990759e-02
5.979020979020976956e-02 7.342657342657339832e-03 3.531468531468529709e-02 3.531468531468529709e-02 6.678321678321676169e-02 6.328671328671327256e-02 3.496503496503495416e-04 2.276223776223775253e-01 3.496503496503495416e-04 3.496503496503495416e-04 3.496503496503495416e-04 3.496503496503495416e-04 8.776223776223773809e-02 3.496503496503495416e-04 3.496503496503495416e-04 3.496503496503495416e-04 3.846153846153845066e-03 3.496503496503495416e-04 3.496503496503495416e-04 3.496503496503495416e-04 1.433566433566432936e-02 3.496503496503495416e-04 1.926573426573425785e-01 1.297202797202796631e-01 3.496503496503495416e-04 3.496503496503495416e-04 3.181818181818180102e-02 3.881118881118879316e-02 3.496503496503495416e-04 3.496503496503495416e-04
3.127413127413127686e-02 3.861003861003862070e-04 7.374517374517376711e-02 3.861003861003862070e-04 8.532818532818535473e-02 8.532818532818535473e-02 3.861003861003862070e-04 1.664092664092664542e-01 3.861003861003862070e-04 3.861003861003862070e-04 3.861003861003862070e-04 3.861003861003862070e-04 1.123552123552123833e-01 3.861003861003862070e-04 3.861003861003862070e-04 3.861003861003862070e-04 3.861003861003862070e-04 3.861003861003862070e-04 3.861003861003862070e-04 3.861003861003862070e-04 3.861003861003862070e-04 4.247104247104248331e-03 3.555984555984556539e-01 1.196911196911197225e-02 3.861003861003862070e-04 3.861003861003862070e-04 1.196911196911197225e-02 3.899613899613900425e-02 4.247104247104248331e-03 1.196911196911197225e-02
2.561461794019933569e-01 3.322259136212624771e-04 3.654485049833887302e-03 1.000000000000000056e-01 3.322259136212624771e-04 5.016611295681062954e-02 3.322259136212624771e-04 1.332225913621262470e-01 3.322259136212624771e-04 2.358803986710963224e-02 1.066445182724252566e-01 3.322259136212624771e-04 3.654485049833887302e-03 3.654485049833887302e-03 2.026578073089701018e-02 4.019933554817275295e-02 3.322259136212624771e-04 6.976744186046511531e-03 3.322259136212624771e-04 3.322259136212624771e-04 3.322259136212624771e-04 3.654485049833887302e-03 3.654485049833887302e-03 4.352159468438537848e-02 3.322259136212624771e-04 3.322259136212624771e-04 3.322259136212624771e-04 1.029900332225913706e-02 1.166112956810631263e-01 7.009966777408638272e-02
3.192982456140348868e-02 2.491228070175436834e-02 3.508771929824559517e-04 4.596491228070172241e-02 8.105263157894732062e-02 1.438596491228069131e-02 3.508771929824559517e-04 1.477192982456139447e-01 3.508771929824559517e-04 3.508771929824559517e-04 3.508771929824559517e-04 7.403508771929820376e-02 1.126315789473683604e-01 7.368421052631574444e-03 3.508771929824559517e-04 2.140350877192980991e-02 3.508771929824559517e-04 3.508771929824559517e-04 3.508771929824559517e-04 3.508771929824559517e-04 7.368421052631574444e-03 3.508771929824559517e-04 3.301754385964910110e-01 7.403508771929820376e-02 3.508771929824559517e-04 3.508771929824559517e-04 2.140350877192980991e-02 3.508771929824559517e-04 3.508771929824559517e-04 3.508771929824559517e-04
6.578947368421054652e-04 6.578947368421054652e-04 6.578947368421054652e-04 6.578947368421054652e-04 1.381578947368421358e-02 6.578947368421054652e-04 6.578947368421054652e-04 6.578947368421054652e-04 8.618421052631580759e-02 6.578947368421054652e-04 6.578947368421054652e-04 6.578947368421054652e-04 2.111842105263158353e-01 9.934210526315791212e-02 6.578947368421054652e-04 4.671052631578948011e-02 6.578947368421054652e-04 6.578947368421054652e-04 6.578947368421054652e-04 6.578947368421054652e-04 3.355263157894737558e-02 6.644736842105264385e-02 6.578947368421054652e-04 6.578947368421054652e-04 3.427631578947369362e-01 6.578947368421054652e-04 8.618421052631580759e-02 6.578947368421054652e-04 6.578947368421054652e-04 6.578947368421054652e-04
1.518518518518518351e-02 1.485185185185185219e-01 4.111111111111111216e-02 5.592592592592592754e-02 3.703703703703704062e-04 7.777777777777778422e-03 4.074074074074074577e-03 8.555555555555556524e-02 3.703703703703704062e-04 3.703703703703704062e-04 1.888888888888888909e-02 3.703703703703704062e-04 1.262962962962962954e-01 3.703703703703704062e-04 3.703703703703704062e-04 4.111111111111111216e-02 3.703703703703704062e-04 3.703703703703704062e-04 3.703703703703704062e-04 3.370370370370370100e-02 3.225925925925925974e-01 3.703703703703704062e-04 3.703703703703704062e-04 3.703703703703704062e-04 7.777777777777778422e-03 3.703703703703704062e-04 3.703703703703704062e-04 3.703703703703704062e-04 6.333333333333333870e-02 2.259259259259259120e-02
5.035714285714285726e-02 1.821428571428571411e-02 1.464285714285714149e-02 8.250000000000000389e-02 1.821428571428571411e-02 2.535714285714285587e-02 3.571428571428571425e-04 8.607142857142857650e-02 3.571428571428571425e-04 3.571428571428571425e-04 3.571428571428571425e-04 3.571428571428571425e-04 2.217857142857142805e-01 3.571428571428571425e-04 3.571428571428571425e-04 5.392857142857142988e-02 3.928571428571428839e-03 3.571428571428571425e-04 3.571428571428571425e-04 3.571428571428571425e-04 1.789285714285714368e-01 3.571428571428571425e-04 1.003571428571428670e-01 2.535714285714285587e-02 3.571428571428571425e-04 3.928571428571428839e-03 3.571428571428571425e-04 3.571428571428571425e-04 1.107142857142857234e-02 1.003571428571428670e-01
7.059724349157732448e-02 3.384379785604899743e-02 6.140888208269524445e-02 4.747320061255741984e-03 2.006125574272587739e-02 2.159264931087288841e-02 4.150076569678406990e-02 2.465543644716692087e-02 1.531393568147013736e-04 3.690658499234302642e-02 4.303215926493108440e-02 1.531393568147013736e-04 1.531393568147013736e-04 1.531393568147013736e-04 1.686064318529861827e-01 1.531393568147013736e-04 1.531393568147013736e-04 7.810107197549768371e-03 7.978560490045941145e-02 2.618683001531393190e-02 1.852986217457886289e-02 1.087289433384379563e-02 4.747320061255741984e-03 6.278713629402754744e-03 2.618683001531393190e-02 6.278713629402754744e-03 7.212863705972433204e-02 4.456355283307809889e-02 1.578866768759570882e-01 1.087289433384379563e-02
3.649635036496350678e-04 3.649635036496350678e-04 5.510948905109488982e-02 3.649635036496350678e-04 3.649635036496350678e-04 3.649635036496350678e-04 2.591240875912408786e-02 2.083941605839416122e-01 3.649635036496350678e-04 1.025547445255474560e-01 4.781021897810219107e-02 3.649635036496350678e-04 1.135036496350365076e-01 3.649635036496350678e-04 4.781021897810219107e-02 2.591240875912408786e-02 3.649635036496350678e-04 4.014598540145985529e-03 3.321167883211678662e-02 3.649635036496350678e-04 3.649635036496350678e-04 7.664233576642335774e-03 1.317518248175182649e-01 3.686131386861313947e-02 3.649635036496350678e-04 7.664233576642335774e-03 7.664233576642335774e-03 3.649635036496350678e-04 1.244525547445255592e-01 1.496350364963503453e-02
3.412969283276450546e-04 3.412969283276450546e-04 3.412969283276450546e-04 3.412969283276450546e-04 1.061433447098976135e-01 5.153583617747440476e-02 1.436860068259385725e-01 3.754266211604095817e-03 3.412969283276450546e-04 3.412969283276450546e-04 3.412969283276450546e-04 3.412969283276450546e-04 1.399317406143344572e-02 3.105802047781569888e-02 4.470989761092149933e-02 3.412969283276450546e-04 3.412969283276450546e-04 3.412969283276450546e-04 1.740614334470989497e-02 3.412969283276450546e-04 3.412969283276450546e-04 4.470989761092149933e-02 3.412969283276450546e-04 1.058020477815699648e-02 3.412969283276450546e-04 3.754266211604095817e-03 3.412969283276450546e-04 5.225255972696245532e-01 3.412969283276450546e-04 3.412969283276450546e-04
2.178649237472766553e-04 2.178649237472766553e-04 2.178649237472766553e-04 2.178649237472766553e-04 2.178649237472766553e-04 1.069716775599128256e-01 1.111111111111110807e-02 1.764705882352940805e-02 3.814814814814813659e-01 2.178649237472766553e-04 2.178649237472766553e-04 2.178649237472766553e-04 2.178649237472766553e-04 1.222222222222221905e-01 2.178649237472766553e-04 1.982570806100217298e-02 2.178649237472766553e-04 1.982570806100217298e-02 6.753812636165575610e-03 6.753812636165575610e-03 2.178649237472766553e-04 4.379084967320260452e-02 2.178649237472766553e-04 6.753812636165575610e-03 8.954248366013070615e-02 2.178649237472766553e-04 2.396514161220043154e-03 1.135076252723311308e-01 4.814814814814814131e-02 2.178649237472766553e-04
3.878205128205126917e-02 3.525641025641024825e-03 2.916666666666665325e-02 3.205128205128204041e-04 1.955128205128204427e-02 9.006410256410253556e-02 3.205128205128204041e-04 5.801282051282049407e-02 3.878205128205126917e-02 2.567307692307690958e-01 3.205128205128204041e-04 3.205128205128204041e-04 3.205128205128204041e-04 3.205128205128204041e-04 3.205128205128204041e-04 1.349358974358974006e-01 3.205128205128204041e-04 9.006410256410253556e-02 7.083333333333331761e-02 3.205128205128204041e-04 5.480769230769229339e-02 3.205128205128204041e-04 2.596153846153845257e-02 3.205128205128204041e-04 9.935897435897431823e-03 3.205128205128204041e-04 5.801282051282049407e-02 3.205128205128204041e-04 3.205128205128204041e-04 1.634615384615384012e-02
1.379120879120879495e-01 5.494505494505495585e-04 5.494505494505495585e-04 4.450549450549451391e-02 5.494505494505495585e-04 7.197802197802198598e-02 5.494505494505495585e-04 1.818681318681319159e-01 5.494505494505495585e-04 2.252747252747253071e-02 1.543956043956044299e-01 5.494505494505495585e-04 5.494505494505495585e-04 5.494505494505495585e-04 5.494505494505495585e-04 2.802197802197802304e-02 1.703296703296703490e-02 5.494505494505495585e-04 5.494505494505495585e-04 5.494505494505495585e-04 5.494505494505495585e-04 3.901098901098901811e-02 5.494505494505495585e-04 5.494505494505495585e-04 1.703296703296703490e-02 5.494505494505495585e-04 9.945054945054947193e-02 5.494505494505495585e-04 7.197802197802198598e-02 1.049450549450549747e-01
1.822222222222222646e-02 4.444444444444445742e-04 3.155555555555555891e-02 4.444444444444445742e-04 4.444444444444445742e-04 4.933333333333334708e-02 4.444444444444445742e-04 4.444444444444445742e-04 4.444444444444445742e-04 4.626666666666667815e-01 4.444444444444445742e-04 1.115555555555555883e-01 2.266666666666667176e-02 4.444444444444445742e-04 4.444444444444445742e-04 4.444444444444445742e-04 4.444444444444445742e-04 2.266666666666667176e-02 4.444444444444445742e-04 4.444444444444445742e-04 5.377777777777779239e-02 9.333333333333335841e-03 1.293333333333333834e-01 4.444444444444445742e-04 5.822222222222223770e-02 1.377777777777778115e-02 4.444444444444445742e-04 4.444444444444445742e-04 4.444444444444445742e-04 9.333333333333335841e-03
8.392282958199355491e-02 7.106109324758841383e-02 2.604501607717041312e-02 3.215434083601285704e-04 3.569131832797426546e-02 1.639871382636655384e-02 3.215434083601285704e-04 3.215434083601285704e-04 3.536977491961414491e-03 3.215434083601285704e-04 4.212218649517684294e-02 1.318327974276527030e-02 3.215434083601285704e-04 1.639871382636655384e-02 1.803858520900321338e-01 1.639871382636655384e-02 6.752411575562699761e-03 2.282958199356912785e-02 3.215434083601285704e-04 3.215434083601285704e-04 3.215434083601285704e-04 3.215434083601285704e-04 3.215434083601285704e-04 3.890675241157555420e-02 3.215434083601285704e-04 3.215434083601285704e-04 2.543408360128616708e-01 1.318327974276527030e-02 1.546623794212218517e-01 3.215434083601285704e-04
4.566210045662101938e-04 2.328767123287671728e-02 4.566210045662101938e-04 1.415525114155251514e-02 4.566210045662101938e-04 6.894977168949772972e-02 4.566210045662101938e-04 4.566210045662101938e-04 2.785388127853881748e-02 4.753424657534247588e-01 1.328767123287671603e-01 4.566210045662101938e-04 2.785388127853881748e-02 4.566210045662101938e-04 4.566210045662101938e-04 4.566210045662101938e-04 4.566210045662101938e-04 4.566210045662101938e-04 4.566210045662101938e-04 4.566210045662101938e-04 4.566210045662101938e-04 4.566210045662101938e-04 4.566210045662101938e-04 5.525114155251142911e-02 4.566210045662101938e-04 4.566210045662101938e-04 1.328767123287671603e-01 4.566210045662101938e-04 3.242009132420092116e-02 4.566210045662101938e-04
1.763888888888889006e-01 9.722222222222222376e-03 9.722222222222222376e-03 2.824074074074073987e-02 4.629629629629629806e-04 7.916666666666667684e-02 4.629629629629629806e-04 4.675925925925925736e-02 4.629629629629629806e-04 2.041666666666666630e-01 1.393518518518518656e-01 4.629629629629629806e-04 4.629629629629629806e-04 4.629629629629629806e-04 4.629629629629629806e-04 4.629629629629629806e-04 4.629629629629629806e-04 9.768518518518519433e-02 4.629629629629629806e-04 3.749999999999999861e-02 4.629629629629629806e-04 4.629629629629629806e-04 4.629629629629629806e-04 4.629629629629629806e-04 9.722222222222222376e-03 5.092592592592593004e-03 4.629629629629629806e-04 4.629629629629629806e-04 1.115740740740740755e-01 3.749999999999999861e-02
1.069999999999999424e-01 3.333333333333331596e-04 3.333333333333331596e-04 1.366666666666665857e-02 3.333333333333331596e-04 1.169999999999999374e-01 1.033333333333332806e-02 3.333333333333331596e-04 1.366666666666665857e-02 2.003333333333332245e-01 3.333333333333331596e-04 3.333333333333331596e-04 7.699999999999995737e-02 3.333333333333331596e-04 3.333333333333331596e-04 3.333333333333331596e-04 1.033333333333332806e-02 3.333333333333331596e-04 1.033333333333332806e-02 3.333333333333331596e-04 3.569999999999997620e-01 3.333333333333331596e-04 2.699999999999998235e-02 3.333333333333331596e-04 3.333333333333331596e-04 3.333333333333331596e-04 3.333333333333331596e-04 3.333333333333331596e-04 3.033333333333331633e-02 2.033333333333332132e-02
6.711409395973156168e-04 6.107382550335571647e-02 6.711409395973156168e-04 6.711409395973156168e-04 7.382550335570471460e-03 1.617449664429530531e-01 6.711409395973156168e-04 6.711409395973156168e-04 7.382550335570471460e-03 7.382550335570471460e-03 6.711409395973156168e-04 6.711409395973156168e-04 1.013422818791946539e-01 7.449664429530201970e-02 6.711409395973156168e-04 6.711409395973156168e-04 6.711409395973156168e-04 2.154362416107382938e-01 6.711409395973156168e-04 6.711409395973156168e-04 6.711409395973156168e-04 6.711409395973156168e-04 6.711409395973156168e-04 1.409395973154362741e-02 2.288590604026846109e-01 6.711409395973156168e-04 6.711409395973156168e-04 8.120805369127517825e-02 2.751677852348993411e-02 6.711409395973156168e-04
7.565217391304344952e-02 1.478260869565216525e-02 2.898550724637680002e-04 2.898550724637680002e-04 2.898550724637680002e-04 9.304347826086951934e-02 8.985507246376808060e-03 1.188405797101448579e-02 1.768115942028984644e-02 6.695652173913040073e-02 2.898550724637680002e-04 2.898550724637680002e-04 1.075362318840579201e-01 2.347826086956520536e-02 2.898550724637680002e-04 2.898550724637680002e-04 6.086956521739127733e-03 2.898550724637680002e-04 3.217391304347824721e-02 9.884057971014488519e-02 1.771014492753622271e-01 2.898550724637680002e-04 2.898550724637680002e-04 8.985507246376808060e-03 8.724637681159416736e-02 8.985507246376808060e-03 2.898550724637680002e-04 2.898550724637680002e-04 9.594202898550720227e-02 6.115942028985504875e-02
3.459119496855345144e-03 3.144654088050313767e-04 2.232704402515722428e-02 3.144654088050313767e-04 3.144654088050313767e-04 4.433962264150941718e-02 1.918238993710691051e-02 5.691823899371067919e-02 3.459119496855345144e-03 3.144654088050313767e-04 3.144654088050313767e-04 1.292452830188678958e-01 3.144654088050313767e-04 3.490566037735847588e-02 6.603773584905658044e-03 9.150943396226411675e-02 3.144654088050313767e-04 4.437106918238992170e-01 3.144654088050313767e-04 6.603773584905658044e-03 3.144654088050313767e-04 3.176100628930816211e-02 3.144654088050313767e-04 3.144654088050313767e-04 7.264150943396224802e-02 3.144654088050313767e-04 3.144654088050313767e-04 3.459119496855345144e-03 2.547169811320753804e-02 3.144654088050313767e-04
4.661016949152543484e-03 4.237288135593221300e-04 8.940677966101696905e-02 4.237288135593221300e-04 4.237288135593221300e-04 1.313559322033898587e-02 4.237288135593221300e-04 4.237288135593221300e-04 8.898305084745764676e-03 4.237288135593221300e-04 4.237288135593221300e-04 4.237288135593221300e-04 4.237288135593221300e-04 4.279661016949153074e-02 2.161016949152542652e-02 2.161016949152542652e-02 4.661016949152543484e-03 4.156779661016949401e-01 4.237288135593221300e-04 4.237288135593221300e-04 4.661016949152543484e-03 6.822033898305086830e-02 4.237288135593221300e-04 1.737288135593220359e-02 4.237288135593221300e-04 4.237288135593221300e-04 4.237288135593221300e-04 1.529661016949152852e-01 1.275423728813559476e-01 4.237288135593221300e-04
6.578947368421055736e-04 4.013157894736843478e-02 6.578947368421055736e-04 9.934210526315792600e-02 3.355263157894737558e-02 6.578947368421055736e-04 2.697368421052632331e-02 2.697368421052632331e-02 6.578947368421055736e-04 5.203947368421054653e-01 2.697368421052632331e-02 6.578947368421055736e-04 6.578947368421055736e-04 6.578947368421055736e-04 6.578947368421055736e-04 5.328947368421054626e-02 6.578947368421055736e-04 6.578947368421055736e-04 6.578947368421055736e-04 6.578947368421055736e-04 6.578947368421055736e-04 6.578947368421055736e-04 6.578947368421055736e-04 5.986842105263159852e-02 2.039473684210527105e-02 6.578947368421055736e-04 7.960526315789476226e-02 6.578947368421055736e-04 6.578947368421055736e-04 6.578947368421055736e-04
3.389830508474574330e-04 3.389830508474574330e-04 3.728813559322031925e-03 7.491525423728809252e-02 3.389830508474574330e-04 3.389830508474574330e-04 3.389830508474574330e-04 1.698305084745761750e-01 3.389830508474574330e-04 1.596610169491524678e-01 1.766101694915253317e-01 3.389830508474574330e-04 2.745762711864405126e-02 3.389830508474574330e-04 1.528813559322033111e-01 3.389830508474574330e-04 3.762711864406777240e-02 3.389830508474574330e-04 3.389830508474574330e-04 3.389830508474574330e-04 5.457627118644065023e-02 3.389830508474574330e-04 3.389830508474574330e-04 1.389830508474575350e-02 3.389830508474574330e-04 3.389830508474574330e-04 1.088135593220338343e-01 3.389830508474574330e-04 1.389830508474575350e-02 3.389830508474574330e-04
1.307189542483659715e-04 1.307189542483659715e-04 1.307189542483659715e-04 4.196078431372547712e-02 5.633986928104573605e-02 5.241830065359475571e-02 3.150326797385619854e-02 5.372549019607841814e-02 1.307189542483659715e-04 1.386928104575163023e-01 1.058823529411764310e-02 1.973856209150326099e-02 4.052287581699345713e-03 1.307189542483659715e-04 1.256209150326796919e-01 2.496732026143790376e-02 4.052287581699345713e-03 5.359477124183004669e-03 3.411764705882352339e-02 1.320261437908496274e-02 5.111111111111110022e-02 1.307189542483659715e-04 1.307189542483659715e-04 4.457516339869280197e-02 1.307189542483659715e-04 1.712418300653594308e-02 1.360784313725489636e-01 1.307189542483659715e-04 1.334640522875816526e-01 1.307189542483659715e-04
2.374581939799329938e-02 3.678929765886286736e-03 1.371237458193979263e-02 1.173913043478260476e-01 3.344481605351169316e-04 4.715719063545148471e-02 4.046822742474914802e-02 3.344481605351169316e-04 3.344481605351169316e-04 3.414715719063543542e-01 1.274247491638795526e-01 2.374581939799329938e-02 3.344481605351169316e-04 3.344481605351169316e-04 1.371237458193979263e-02 3.344481605351169316e-04 2.709030100334447119e-02 3.344481605351169316e-04 3.344481605351169316e-04 3.344481605351169316e-04 9.063545150501668701e-02 1.705685618729096270e-02 5.384615384615382833e-02 3.344481605351169316e-04 3.344481605351169316e-04 3.678929765886286736e-03 1.036789297658862428e-02 3.344481605351169316e-04 3.344481605351169316e-04 4.046822742474914802e-02
4.830917874396136770e-04 4.830917874396136770e-04 5.845410628019324928e-02 2.946859903381643039e-02 7.294685990338166393e-02 5.362318840579711338e-02 4.830917874396136770e-04 5.314009661835750881e-03 4.830917874396136770e-04 2.758454106280194273e-01 1.212560386473430368e-01 4.830917874396136770e-04 4.830917874396136770e-04 5.362318840579711338e-02 4.830917874396136770e-04 4.830917874396136770e-04 5.314009661835750881e-03 5.845410628019324928e-02 4.830917874396136770e-04 5.314009661835750881e-03 4.830917874396136770e-04 4.830917874396136770e-04 1.502415458937198522e-01 4.830917874396136770e-04 4.830917874396136770e-04 4.830917874396136770e-04 4.830917874396136770e-04 9.710144927536235038e-02 5.314009661835750881e-03 4.830917874396136770e-04
3.134796238244512683e-04 5.047021943573665181e-02 3.134796238244512683e-04 1.194357366771159334e-01 3.134796238244512683e-04 1.285266457680249962e-02 3.134796238244512683e-04 1.225705329153604362e-01 3.134796238244512683e-04 5.987460815047019463e-02 1.100313479623823976e-01 3.134796238244512683e-04 3.134796238244512683e-04 3.134796238244512683e-04 1.758620689655171487e-01 3.134796238244512683e-04 3.134796238244512683e-04 3.134796238244512683e-04 1.285266457680249962e-02 3.134796238244512683e-04 3.448275862068964168e-03 3.134796238244512683e-04 1.758620689655171487e-01 3.134796238244512683e-04 3.448275862068964168e-03 3.134796238244512683e-04 6.927899686520372358e-02 3.134796238244512683e-04 7.868338557993727334e-02 3.134796238244512683e-04
3.194888178913737019e-04 2.268370607028753067e-02 3.194888178913737019e-04 1.309904153354632048e-02 3.194888178913737019e-04 1.629392971246005836e-02 6.709265175718847306e-03 2.047923322683705138e-01 1.948881789137379278e-02 3.194888178913737019e-04 3.194888178913737019e-04 1.948881789137379278e-02 3.038338658146963467e-01 3.194888178913737019e-04 3.194888178913737019e-04 3.194888178913737019e-04 3.194888178913737019e-04 3.194888178913737019e-04 3.194888178913737019e-04 2.587859424920126855e-02 2.143769968051117136e-01 3.194888178913737019e-04 3.514376996805110721e-03 3.194888178913737019e-04 8.977635782747600546e-02 3.194888178913737019e-04 3.194888178913737019e-04 3.194888178913737019e-04 3.194888178913737019e-04 5.463258785942490259e-02
2.864583333333332697e-03 2.604166666666666088e-04 2.604166666666666088e-04 2.604166666666666088e-04 2.604166666666666088e-04 2.604166666666666088e-04 2.604166666666666088e-04 1.588541666666666227e-02 5.468749999999998786e-03 2.604166666666666088e-04 2.604166666666666088e-04 9.661458333333330928e-02 2.604166666666666088e-04 1.070312499999999667e-01 1.328124999999999445e-02 4.453124999999998751e-02 2.604166666666666088e-04 3.411458333333332316e-02 2.606770833333332260e-01 2.604166666666666088e-04 5.468749999999998786e-03 2.604166666666666088e-04 2.604166666666666088e-04 7.838541666666665186e-02 4.973958333333332316e-02 2.604166666666666088e-04 2.604166666666666088e-04 1.408854166666666241e-01 7.578124999999998057e-02 6.536458333333332316e-02
3.076923076923076487e-04 3.076923076923076487e-04 6.799999999999999101e-02 6.799999999999999101e-02 2.433846153846153382e-01 2.492307692307691933e-02 2.184615384615384154e-02 3.076923076923076487e-04 3.076923076923076487e-04 1.876923076923076375e-02 3.107692307692307143e-02 6.461538461538460405e-03 5.261538461538461248e-02 3.076923076923076487e-04 8.030769230769230216e-02 5.569230769230768680e-02 3.076923076923076487e-04 4.030769230769230133e-02 3.076923076923076487e-04 1.569230769230768943e-02 3.076923076923076487e-04 3.076923076923076487e-04 3.076923076923076487e-04 9.538461538461537326e-03 1.876923076923076375e-02 3.076923076923076487e-04 1.172307692307692079e-01 4.030769230769230133e-02 8.338461538461537648e-02 3.076923076923076487e-04
3.610108303249097818e-04 4.007220216606498242e-02 9.422382671480145078e-02 3.610108303249097818e-04 2.202166064981949181e-02 3.971119133574007275e-03 3.610108303249097818e-04 3.646209386281588222e-02 3.610108303249097818e-04 3.610108303249097818e-04 3.610108303249097818e-04 9.783393501805054404e-02 3.971119133574007275e-03 3.610108303249097818e-04 1.119133574007220334e-02 1.267148014440433179e-01 1.050541516245487444e-01 3.610108303249097818e-04 3.610108303249097818e-04 3.610108303249097818e-04 3.610108303249097818e-04 1.592057761732852128e-01 5.451263537906136936e-02 7.617328519855595670e-02 3.610108303249097818e-04 3.610108303249097818e-04 3.610108303249097818e-04 5.090252707581227609e-02 3.610108303249097818e-04 1.122743682310469310e-01
1.565656565656565677e-02 5.050505050505050501e-04 5.050505050505050501e-04 5.101010101010100550e-02 3.080808080808080524e-02 5.101010101010100550e-02 8.131313131313132325e-02 6.111111111111110911e-02 5.050505050505050501e-04 1.419191919191919171e-01 5.050505050505050501e-04 5.050505050505050501e-04 5.050505050505050501e-04 7.121212121212121271e-02 5.555555555555555768e-03 1.565656565656565677e-02 5.050505050505050501e-04 5.050505050505050501e-04 5.050505050505050501e-04 5.050505050505050501e-04 5.050505050505050501e-04 5.050505050505050501e-04 2.984848484848485195e-01 5.555555555555555768e-03 5.555555555555555768e-03 3.080808080808080524e-02 4.595959595959595717e-02 5.050505050505050501e-04 8.131313131313132325e-02 5.050505050505050501e-04
7.598039215686271802e-03 2.450980392156861627e-04 2.450980392156861627e-04 4.681372549019606477e-02 2.450980392156861627e-04 5.416666666666664770e-02 5.416666666666664770e-02 1.985294117647058015e-02 2.450980392156861627e-04 7.132352941176467453e-02 2.450980392156861627e-04 2.450980392156861627e-04 9.583333333333329818e-02 1.495098039215685647e-02 9.828431372549015221e-02 1.985294117647058015e-02 2.450980392156861627e-04 2.450980392156861627e-04 2.450980392156861627e-04 1.495098039215685647e-02 2.453431372549018386e-01 2.720588235294116308e-02 2.965686274509802753e-02 2.450980392156861627e-04 2.450980392156861627e-04 7.598039215686271802e-03 2.450980392156861627e-04 2.450980392156861627e-04 4.191176470588233588e-02 1.473039215686273995e-01
9.708737864077672747e-04 9.708737864077672747e-04 2.038834951456311440e-02 9.708737864077672747e-04 9.708737864077672747e-04 1.660194174757282093e-01 2.728155339805826141e-01 1.067961165048544013e-02 9.708737864077672747e-04 1.077669902912621602e-01 9.708737864077672747e-04 2.825242718446602797e-01 9.708737864077672747e-04 9.708737864077672747e-04 9.708737864077672747e-04 9.708737864077672747e-04 9.708737864077672747e-04 9.708737864077672747e-04 9.708737864077672747e-04 1.067961165048544013e-02 9.708737864077672747e-04 9.708737864077672747e-04 1.067961165048544013e-02 9.708737864077672747e-04 3.980582524271845252e-02 9.708737864077672747e-04 9.708737864077672747e-04 9.708737864077672747e-04 9.708737864077672747e-04 5.922330097087379758e-02
6.849315068493150738e-04 6.849315068493150738e-04 6.849315068493150738e-04 6.849315068493150738e-04 6.849315068493150738e-04 7.534246575342466029e-03 1.438356164383561633e-02 6.849315068493150738e-04 6.849315068493150738e-04 6.849315068493150738e-04 6.849315068493150738e-04 6.849315068493150738e-04 6.849315068493150738e-04 6.849315068493150738e-04 2.883561643835616528e-01 2.123287671232876664e-02 2.123287671232876664e-02 6.849315068493150738e-04 1.102739726027397310e-01 6.849315068493150738e-04 2.609589041095890516e-01 6.849315068493150738e-04 9.657534246575341652e-02 1.239726027397260316e-01 6.849315068493150738e-04 6.849315068493150738e-04 4.178082191780821408e-02 6.849315068493150738e-04 6.849315068493150738e-04 6.849315068493150738e-04
1.568123393316194977e-02 2.596401028277633971e-02 2.570694087403598243e-04 2.596401028277633971e-02 2.570694087403598243e-04 2.570694087403598243e-04 2.570694087403598243e-04 1.133676092544986802e-01 2.570694087403598243e-04 6.709511568123391334e-02 2.570694087403598243e-04 7.969151670951154717e-03 1.596401028277634471e-01 2.570694087403598243e-04 2.827763496143958447e-03 2.570694087403598243e-04 2.827763496143958447e-03 2.570694087403598243e-04 2.570694087403598243e-04 6.709511568123391334e-02 1.493573264781490606e-01 2.570694087403598243e-04 8.251928020565550692e-02 2.596401028277633971e-02 1.313624678663238843e-01 3.110539845758353641e-02 2.570694087403598243e-04 2.570694087403598243e-04 4.652956298200513346e-02 4.138817480719793329e-02
2.469635627530364710e-02 4.048582995951417914e-04 8.502024291497977185e-03 1.659919028340081301e-02 4.089068825910931876e-02 5.303643724696357337e-02 8.502024291497977185e-03 4.048582995951417914e-04 2.874493927125506762e-02 2.878542510121457898e-01 4.048582995951417914e-04 4.048582995951417914e-04 4.048582995951417914e-04 2.064777327935223006e-02 8.502024291497977185e-03 4.493927125506073927e-02 4.048582995951417914e-04 4.048582995951417914e-04 4.048582995951417914e-04 2.064777327935223006e-02 1.380566801619433626e-01 4.453441295546560139e-03 4.048582995951417914e-04 4.048582995951417914e-04 1.659919028340081301e-02 4.048582995951417914e-04 1.259109311740891080e-01 2.874493927125506762e-02 8.542510121457493055e-02 3.279352226720648467e-02
3.952569169960474258e-04 3.952569169960474258e-04 3.952569169960474258e-04 8.735177865612649140e-02 3.952569169960474258e-04 4.387351778656126133e-02 3.596837944664031672e-02 1.545454545454545414e-01 3.952569169960474258e-04 1.664031620553359792e-01 3.952569169960474258e-04 3.952569169960474258e-04 3.952569169960474258e-04 3.201581027667983748e-02 3.952569169960474258e-04 3.952569169960474258e-04 3.952569169960474258e-04 3.952569169960474258e-04 3.992094861660078903e-02 8.300395256916996700e-03 2.098814229249011953e-01 3.952569169960474258e-04 4.782608695652174058e-02 3.952569169960474258e-04 4.347826086956521792e-03 3.952569169960474258e-04 3.201581027667983748e-02 3.952569169960474258e-04 3.952569169960474258e-04 1.308300395256916937e-01
4.048582995951417371e-04 4.048582995951417371e-04 8.502024291497975450e-03 4.493927125506072540e-02 4.048582995951417371e-04 5.708502024291498000e-02 4.453441295546559271e-03 1.259109311740890802e-01 4.453441295546559271e-03 9.757085020242915741e-02 2.469635627530364363e-02 2.469635627530364363e-02 1.421052631578947345e-01 3.279352226720647773e-02 4.453441295546559271e-03 4.898785425101214591e-02 4.048582995951417371e-04 4.048582995951417371e-04 4.493927125506072540e-02 4.048582995951417371e-04 2.473684210526315985e-01 4.048582995951417371e-04 2.064777327935222659e-02 4.048582995951417371e-04 4.048582995951417371e-04 4.048582995951417371e-04 4.493927125506072540e-02 4.048582995951417371e-04 1.659919028340080954e-02 4.048582995951417371e-04
1.443661971830986074e-02 1.443661971830986074e-02 3.521126760563381012e-04 3.521126760563381012e-04 3.521126760563381012e-04 3.521126760563381012e-04 3.521126760563381012e-04 3.521126760563381012e-04 3.521126760563381012e-04 1.834507042253521458e-01 1.795774647887324327e-02 3.521126760563381012e-04 2.852112676056338392e-02 3.908450704225352457e-02 2.147887323943662233e-02 8.485915492957749051e-02 7.394366197183100016e-03 3.521126760563381012e-04 4.260563380281690710e-02 3.873239436619719221e-03 2.714788732394366466e-01 3.521126760563381012e-04 3.521126760563381012e-04 3.556338028169014898e-02 3.873239436619719221e-03 3.521126760563381012e-04 7.429577464788734986e-02 2.500000000000000486e-02 3.521126760563381012e-04 1.271126760563380531e-01
5.649717514124296151e-04 3.446327683615819926e-02 5.649717514124296151e-04 2.881355932203390549e-02 2.316384180790960826e-02 5.649717514124296151e-04 5.649717514124296151e-04 2.881355932203390549e-02 1.186440677966102072e-02 1.135593220338983467e-01 5.649717514124296151e-04 5.649717514124296151e-04 1.305084745762712384e-01 5.649717514124296151e-04 5.706214689265538126e-02 2.316384180790960826e-02 5.649717514124296151e-04 5.649717514124296151e-04 6.214689265536726091e-03 9.661016949152546884e-02 4.016949152542373946e-01 5.649717514124296151e-04 5.649717514124296151e-04 5.649717514124296151e-04 6.214689265536726091e-03 1.751412429378531796e-02 5.649717514124296151e-04 5.649717514124296151e-04 5.649717514124296151e-04 1.186440677966102072e-02
4.636363636363637075e-02 9.090909090909094154e-04 9.090909090909094154e-04 9.090909090909094154e-04 9.090909090909094154e-04 9.090909090909094154e-04 9.090909090909094154e-04 1.000000000000000368e-02 1.909090909090909588e-02 9.090909090909094154e-04 9.090909090909094154e-04 4.636363636363637075e-02 9.090909090909094154e-04 1.000000000000000368e-02 9.090909090909094154e-04 9.090909090909094154e-04 9.090909090909094154e-04 9.090909090909094154e-04 9.090909090909094154e-04 9.090909090909094154e-04 1.909090909090909588e-02 9.090909090909094154e-04 9.090909090909094154e-04 2.463636363636364512e-01 1.009090909090909344e-01 1.372727272727272962e-01 9.090909090909094154e-04 3.463636363636364845e-01 9.090909090909094154e-04 9.090909090909094154e-04
3.584229390681002497e-04 3.584229390681002497e-04 3.584229390681002497e-04 2.544802867383511372e-02 3.620071684587811839e-02 3.584229390681002497e-04 3.584229390681002497e-04 7.562724014336914824e-02 3.584229390681002497e-04 2.691756272401432115e-01 1.469534050179210731e-02 3.584229390681002497e-04 1.469534050179210731e-02 3.584229390681002497e-04 5.053763440860212924e-02 1.114695340501791754e-01 3.584229390681002497e-04 3.584229390681002497e-04 1.827956989247310829e-02 3.584229390681002497e-04 3.229390681003582730e-01 1.827956989247310829e-02 3.584229390681002497e-04 3.942652329749102638e-03 2.186379928315411100e-02 3.584229390681002497e-04 1.111111111111110633e-02 3.584229390681002497e-04 3.584229390681002497e-04 3.584229390681002497e-04
7.978339350180502221e-02 3.285198555956677507e-02 3.971119133574005540e-03 3.610108303249096192e-04 4.729241877256315507e-02 5.451263537906134854e-02 3.610108303249096192e-04 3.971119133574005540e-03 3.610108303249096192e-04 4.729241877256315507e-02 3.610108303249096192e-04 3.610108303249096192e-04 1.086642599277977961e-01 3.610108303249096192e-04 3.610108303249096192e-04 3.610108303249096192e-04 1.480144404332129314e-02 3.971119133574005540e-03 3.610108303249096192e-04 3.610108303249096192e-04 5.057761732851983050e-01 7.581227436823102274e-03 3.971119133574005540e-03 3.610108303249096192e-04 3.971119133574005540e-03 1.119133574007219814e-02 3.610108303249096192e-04 6.534296028880864915e-02 3.610108303249096192e-04 3.610108303249096192e-04
2.976190476190475375e-04 2.976190476190475375e-04 2.976190476190475375e-04 2.976190476190475375e-04 3.303571428571427243e-02 2.976190476190475375e-04 1.220238095238094719e-02 6.249999999999997745e-03 2.976190476190475375e-04 3.601190476190475193e-02 4.196428571428569704e-02 2.976190476190475375e-04 2.026785714285713469e-01 6.249999999999997745e-03 3.898809523809522448e-02 2.976190476190475375e-04 2.976190476190475375e-04 2.976190476190475375e-04 3.273809523809523021e-03 2.976190476190475375e-04 5.062499999999998668e-01 6.249999999999997745e-03 3.273809523809523021e-03 2.976190476190475375e-04 6.249999999999997745e-03 2.708333333333332385e-02 2.708333333333332385e-02 2.976190476190475375e-04 6.249999999999997745e-03 3.303571428571427243e-02
5.033444816053510990e-02 1.672240802675584929e-04 6.204013377926420603e-02 1.672240802675584929e-04 3.511705685618728406e-03 1.289297658862876006e-01 3.511705685618728406e-03 6.538461538461537437e-02 1.672240802675584929e-04 2.275919732441470944e-01 1.672240802675584929e-04 1.672240802675584929e-04 1.672240802675584929e-04 1.672240802675584929e-04 6.856187290969898047e-03 5.535117056856186241e-02 1.672240802675584929e-04 1.672240802675584929e-04 1.672240802675584929e-04 1.672240802675584929e-04 1.672240802675584929e-04 1.672240802675584929e-04 1.071906354515049925e-01 5.367892976588627824e-02 1.672240802675584929e-04 1.672240802675584929e-04 1.839464882943143585e-03 4.030100334448159793e-02 9.381270903010031914e-02 9.715719063545148748e-02
4.839181286549706917e-02 1.608187134502923844e-03 5.131578947368420351e-02 1.184210526315789165e-02 1.461988304093567008e-04 1.461988304093567008e-04 6.008771929824560654e-02 3.070175438596490797e-03 6.154970760233917371e-02 2.353801169590643075e-02 1.461988304093567008e-04 1.461988304093567008e-04 1.608187134502923844e-03 8.494152046783624843e-02 7.470760233918127824e-02 1.461988304093567008e-04 1.461988304093567008e-04 5.994152046783623837e-03 6.593567251461987522e-02 3.070175438596490797e-03 2.938596491228069943e-02 1.461988304093567008e-04 2.646198830409356509e-02 1.330409356725145882e-02 2.837719298245613420e-01 1.608187134502923844e-03 1.461988304093567008e-04 1.769005847953215860e-02 1.273391812865496686e-01 1.608187134502923844e-03
