3.546099290780141541e-04 3.546099290780141541e-04 3.546099290780141541e-04 3.546099290780141541e-04 3.546099290780141541e-04 2.875886524822694468e-01 3.546099290780141541e-04 3.546099290780141541e-04 3.226950354609928184e-02 4.290780141843970885e-02 3.546099290780141541e-04 3.546099290780141541e-04 1.453900709219857652e-02 3.546099290780141541e-04 1.209219858156028171e-01 3.900709219858155587e-03 1.453900709219857652e-02 5.354609929078012892e-02 3.546099290780141541e-04 5.709219858156027588e-02 3.546099290780141541e-04 1.808510638297871828e-02 9.255319148936168305e-02 3.546099290780141541e-04 4.645390070921984887e-02 1.989361702127659115e-01 3.546099290780141541e-04 3.546099290780141541e-04 1.099290780141843824e-02 3.546099290780141541e-04
1.445086705202311959e-04 2.037572254335259792e-02 2.299132947976878227e-01 5.924855491329478543e-03 2.096820809248554351e-01 1.026011560693641453e-02 1.445086705202311959e-04 8.815028901734101377e-03 1.170520231213872595e-02 1.445086705202311959e-04 2.037572254335259792e-02 1.027456647398843625e-01 1.445086705202311959e-04 1.445086705202311959e-04 1.445086705202311959e-04 6.661849710982657713e-02 3.034682080924855276e-03 1.445086705202311959e-04 7.962427745664739376e-02 1.445086705202311959e-04 4.349710982658958752e-02 6.372832369942195430e-02 4.494219653179189894e-02 1.445086705202311959e-04 1.445086705202311959e-04 1.459537572254335051e-02 1.445086705202311959e-04 4.479768786127167127e-03 1.589595375722543209e-03 5.650289017341039721e-02
7.475247524752477724e-02 4.950495049504951639e-04 4.950495049504951639e-04 4.950495049504951639e-04 4.950495049504951639e-04 2.628712871287129382e-01 1.039603960396040007e-02 4.950495049504951639e-04 1.039603960396040007e-02 1.534653465346535149e-02 4.950495049504951639e-04 5.445544554455447779e-03 4.950495049504951639e-04 4.950495049504951639e-04 4.950495049504951639e-04 7.475247524752477724e-02 4.950495049504951639e-04 1.039603960396040007e-02 4.950495049504951639e-04 2.029702970297030118e-02 4.950495049504951639e-04 4.950495049504951639e-04 9.950495049504953782e-02 1.094059405940594476e-01 4.950495049504951639e-04 3.019801980198020402e-02 1.039603960396040007e-02 4.950495049504951639e-04 4.950495049504951639e-04 2.579207920792079833e-01
4.829210836277972665e-03 1.379269729093050290e-01 1.002355712603062166e-01 2.473498233215547324e-03 6.136631330977620341e-02 1.177856301531213050e-04 1.177856301531213050e-04 3.898704358068315334e-02 1.249705535924617028e-01 3.191990577149587255e-02 1.177856301531213050e-04 3.074204946996466140e-02 1.177856301531213050e-04 4.252061248527679027e-02 9.434628975265016426e-02 5.547703180212013724e-02 1.177856301531213050e-04 1.295641931684334437e-03 4.605418138987043414e-02 8.362779740871611328e-03 2.956419316843345024e-02 4.016489988221436797e-02 9.540636042402825950e-03 3.191990577149587255e-02 1.177856301531213050e-04 2.485276796230859522e-02 7.432273262661955038e-02 1.177856301531213050e-04 1.177856301531213050e-04 7.184923439340399308e-03
8.097982708933715301e-02 3.170028818443803263e-03 3.170028818443803263e-03 2.881844380403457266e-04 2.881844380403457266e-04 3.170028818443803263e-03 2.881844380403457266e-04 4.354466858789624029e-01 5.504322766570603903e-02 3.170028818443803263e-03 2.881844380403457266e-04 2.881844380403457266e-04 2.881844380403457266e-04 2.881844380403457266e-04 2.046109510086454447e-02 2.910662824207491811e-02 2.881844380403457266e-04 2.881844380403457266e-04 1.414985590778097546e-01 2.881844380403457266e-04 6.051873198847260854e-03 8.386167146974060627e-02 1.757925072046108775e-02 2.881844380403457266e-04 3.170028818443803263e-03 5.792507204610949229e-02 2.881844380403457266e-04 2.881844380403457266e-04 3.170028818443803263e-03 4.927953890489912558e-02
3.717472118959107199e-04 3.717472118959107199e-04 3.717472118959107199e-04 3.717472118959107199e-04 3.011152416356876679e-02 3.717472118959107199e-04 3.717472118959107199e-04 3.754646840148698206e-02 1.639405204460966381e-01 3.717472118959107199e-04 3.717472118959107199e-04 3.717472118959107199e-04 3.717472118959107199e-04 1.081784386617100219e-01 3.011152416356876679e-02 3.717472118959107199e-04 2.639405204460965743e-02 4.869888475836429975e-02 3.717472118959107199e-04 3.717472118959107199e-04 7.100371747211894902e-02 3.717472118959107199e-04 7.806691449814125335e-03 4.055762081784385353e-01 1.524163568773233800e-02 1.524163568773233800e-02 3.717472118959107199e-04 3.717472118959107199e-04 2.639405204460965743e-02 7.806691449814125335e-03
2.096436058700209268e-04 2.306079664570230385e-03 7.148846960167713760e-02 2.096436058700209268e-04 2.096436058700209268e-04 2.117400419287211039e-02 2.096436058700209268e-04 2.096436058700209268e-04 1.134171907756813119e-01 2.096436058700209268e-04 2.096436058700209268e-04 4.423480083857441597e-02 2.096436058700209268e-04 1.846960167714884193e-01 2.117400419287211039e-02 2.096436058700209268e-04 2.096436058700209268e-04 2.306079664570230385e-03 2.117400419287211039e-02 2.096436058700209268e-04 1.846960167714884193e-01 4.423480083857441597e-02 2.306079664570230385e-03 1.909853249475890469e-01 2.096436058700209268e-04 2.096436058700209268e-04 4.402515723270439274e-03 2.096436058700209268e-04 2.096436058700209268e-04 8.825995807127880177e-02
7.644067796610168330e-02 1.694915254237287978e-04 1.694915254237287978e-04 1.203389830508474340e-02 3.745762711864406014e-02 1.864406779661016830e-03 1.864406779661016830e-03 4.476271186440677341e-01 1.694915254237287978e-04 1.694915254237287978e-04 1.694915254237287978e-04 1.694915254237287978e-04 1.864406779661016830e-03 1.711864406779660744e-02 3.559322033898304483e-03 3.576271186440677791e-02 1.864406779661016830e-03 1.694915254237287978e-04 6.796610169491523745e-02 1.694915254237287978e-04 1.694915254237287978e-04 6.288135593220338382e-02 1.694915254237287978e-04 6.118644067796609465e-02 3.067796610169491039e-02 6.627118644067796216e-02 1.694915254237287978e-04 1.033898305084745423e-02 1.694915254237287978e-04 6.118644067796609465e-02
2.583826429980276215e-02 6.114398422090729611e-03 1.972386587771203363e-04 1.972386587771203363e-04 3.767258382642998255e-02 1.244575936883629275e-01 1.343195266272189103e-01 1.794871794871794740e-02 1.972386587771203363e-04 1.972386587771203363e-04 1.972386587771203363e-04 5.345167652859960511e-02 2.386587771203155586e-02 1.972386587771203363e-04 1.972386587771203363e-04 1.422090729783037355e-01 1.794871794871794740e-02 1.972386587771203363e-04 5.542406311637081140e-02 1.972386587771203363e-04 1.972386587771203363e-04 2.978303747534516779e-02 4.142011834319526790e-03 1.972386587771203363e-04 7.909270216962524525e-02 5.542406311637081140e-02 2.169625246548323536e-03 1.972386587771203363e-04 1.972386587771203363e-04 1.875739644970414177e-01
2.873563218390803474e-04 2.873563218390803474e-04 2.873563218390803474e-04 1.382183908045976350e-01 2.873563218390803474e-04 3.764367816091952063e-02 1.752873563218389913e-02 2.873563218390803474e-04 9.511494252873559097e-02 2.873563218390803474e-04 2.873563218390803474e-04 2.873563218390803474e-04 5.488505747126434797e-02 4.626436781609193777e-02 1.094827586206896103e-01 8.908045977011490660e-03 2.873563218390803474e-04 3.764367816091952063e-02 2.873563218390803474e-04 8.362068965517237273e-02 1.178160919540229175e-02 1.181034482758620136e-01 1.752873563218389913e-02 2.873563218390803474e-04 6.034482758620686969e-03 7.787356321839077056e-02 1.267241379310344307e-01 8.908045977011490660e-03 2.873563218390803474e-04 2.873563218390803474e-04
7.192982456140349125e-03 1.929824561403508439e-03 1.754385964912280572e-04 7.561403508771928628e-02 1.754385964912280572e-04 1.754385964912280572e-04 2.298245614035087162e-02 3.877192982456139497e-02 1.352631578947368074e-01 9.491228070175436460e-02 1.754385964912280572e-04 1.754385964912280572e-04 1.754385964912280572e-04 1.194736842105262875e-01 2.036842105263157454e-01 1.929824561403508439e-03 1.754385964912280572e-04 4.403508771929823956e-02 3.526315789473683654e-02 1.929824561403508439e-03 1.754385964912280572e-04 2.649122807017543352e-02 8.263157894736840314e-02 2.824561403508771620e-02 1.754385964912280572e-04 1.596491228070175128e-02 3.526315789473683654e-02 1.929824561403508439e-03 1.754385964912280572e-04 2.473684210526315083e-02
1.543209876543209845e-04 1.543209876543209845e-04 1.543209876543209845e-04 3.240740740740741081e-03 7.870370370370369587e-03 1.543209876543209845e-04 2.175925925925925944e-02 1.095679012345678917e-02 1.714506172839506126e-01 8.503086419753086433e-02 1.543209876543209845e-04 2.330246913580246923e-02 1.543209876543209845e-04 1.714506172839506126e-01 1.374999999999999833e-01 1.543209876543209845e-04 1.543209876543209845e-04 8.503086419753086433e-02 1.543209876543209845e-04 1.543209876543209845e-04 5.570987654320987831e-02 1.867283950617283986e-02 2.021604938271604965e-02 3.564814814814815103e-02 1.543209876543209845e-04 2.638888888888889228e-02 8.657407407407408106e-02 1.543209876543209845e-04 1.543209876543209845e-04 3.719135802469136082e-02
2.252252252252251745e-04 2.252252252252251745e-04 2.252252252252251745e-04 2.252252252252251745e-04 2.252252252252251745e-04 1.373873873873873372e-02 9.234234234234231856e-03 2.252252252252251745e-04 2.252252252252251745e-04 1.533783783783783383e-01 2.252252252252251745e-04 2.252252252252251745e-04 3.175675675675674464e-02 6.554054054054052336e-02 1.398648648648648241e-01 3.400900900900900165e-02 7.905405405405403763e-02 4.076576576576575878e-02 2.477477477477476892e-03 2.252252252252251745e-04 2.252252252252251745e-04 1.759009009009008528e-01 7.680180180180178062e-02 2.252252252252251745e-04 2.477477477477476892e-03 1.083333333333333093e-01 6.328828828828828024e-02 2.252252252252251745e-04 2.252252252252251745e-04 2.252252252252251745e-04
2.457002457002456400e-04 2.457002457002456400e-04 1.427518427518427169e-01 2.457002457002456400e-04 3.491400491400490358e-01 1.007371007371007064e-02 1.744471744471743843e-02 2.457002457002456400e-04 2.457002457002456400e-04 2.457002457002456400e-04 1.007371007371007064e-02 2.457002457002456400e-04 6.904176904176902163e-02 5.675675675675674603e-02 2.457002457002456400e-04 6.904176904176902163e-02 2.457002457002456400e-04 2.457002457002456400e-04 1.083538083538083258e-01 2.457002457002456400e-04 2.457002457002456400e-04 4.447174447174446349e-02 2.972972972972972097e-02 3.955773955773955047e-02 3.710073710073708703e-02 2.702702702702701985e-03 2.457002457002456400e-04 2.457002457002456400e-04 2.457002457002456400e-04 1.007371007371007064e-02
1.964636542239685572e-04 1.964636542239685572e-04 1.964636542239685572e-04 4.125736738703339457e-03 1.964636542239685572e-04 1.964636542239685572e-04 1.001964636542239558e-02 2.377210216110019203e-02 1.495088408644400513e-01 4.341846758349705154e-02 1.964636542239685572e-04 1.964636542239685572e-04 1.964636542239685572e-04 2.280943025540274616e-01 2.555992141453830580e-01 1.964636542239685572e-04 1.964636542239685572e-04 4.145383104125736212e-02 1.964636542239685572e-04 1.964636542239685572e-04 2.180746561886050608e-02 5.127701375245579535e-02 2.377210216110019203e-02 2.966601178781924988e-02 1.964636542239685572e-04 2.770137524557956393e-02 6.502946954813358660e-02 1.964636542239685572e-04 1.964636542239685572e-04 2.180746561886050608e-02
1.700680272108843420e-04 1.700680272108843420e-04 1.700680272108843420e-04 1.700680272108843420e-04 1.700680272108843420e-04 1.700680272108843420e-04 1.700680272108843420e-04 1.870748299319727626e-03 8.350340136054421047e-02 5.119047619047618208e-02 1.700680272108843420e-04 1.700680272108843420e-04 1.700680272108843420e-04 1.804421768707482610e-01 1.923469387755101512e-01 1.700680272108843420e-04 4.948979591836733666e-02 5.969387755102040227e-02 1.700680272108843420e-04 8.673469387755100221e-03 3.078231292517006473e-02 5.629251700680271142e-02 1.700680272108843420e-04 1.022108843537414824e-01 1.700680272108843420e-04 3.078231292517006473e-02 9.370748299319726915e-02 4.268707482993196883e-02 1.700680272108843420e-04 1.377551020408162956e-02
2.717391304347826120e-04 2.201086956521738913e-02 2.717391304347826120e-04 4.103260869565217295e-02 2.717391304347826120e-04 1.657608695652173711e-02 1.385869565217391283e-02 2.717391304347826120e-04 8.423913043478260809e-03 2.717391304347826120e-04 2.717391304347826120e-04 2.717391304347826120e-04 2.717391304347826120e-04 4.375000000000000416e-02 8.451086956521738913e-02 2.744565217391304116e-02 1.385869565217391283e-02 9.809782608695652439e-02 2.717391304347826120e-04 2.717391304347826120e-04 2.717391304347826120e-04 4.918478260869565272e-02 1.714673913043478215e-01 2.717391304347826120e-04 2.717391304347826120e-04 3.288043478260869318e-02 2.717391304347826120e-04 3.046195652173913082e-01 3.831521739130434867e-02 3.016304347826086890e-02
1.564945226917057776e-04 5.336463223787166893e-02 2.176838810641626987e-01 1.564945226917057776e-04 1.564945226917057776e-04 1.564945226917057776e-04 3.286384976525820976e-03 1.564945226917057776e-04 2.676056338028168918e-02 3.458528951486697367e-02 1.893583724569639776e-02 7.981220657276993924e-03 1.564945226917057776e-04 1.721439749608763472e-03 1.564945226917057776e-04 2.519561815336462951e-02 7.981220657276993924e-03 1.564945226917057776e-04 1.267605633802816600e-02 1.363067292644757067e-01 2.989045383411580159e-02 1.097026604068857270e-01 1.003129890453833828e-01 1.721439749608763472e-03 1.081377151799686742e-01 7.996870109546164174e-02 1.893583724569639776e-02 1.721439749608763472e-03 1.564945226917057776e-04 1.721439749608763472e-03
2.108559498956158115e-02 2.087682672233820034e-04 5.866388308977034394e-02 5.240083507306888405e-02 2.087682672233820034e-04 7.118997912317326371e-02 8.162839248434236583e-02 2.087682672233820034e-04 2.235908141962421047e-01 4.384133611691021747e-03 2.087682672233820034e-04 2.108559498956158115e-02 2.087682672233820034e-04 1.275574112734864096e-01 5.031315240083506640e-02 2.087682672233820034e-04 2.087682672233820034e-04 2.943632567849686216e-02 2.087682672233820034e-04 2.087682672233820034e-04 6.283924843423797924e-02 2.087682672233820034e-04 8.559498956158661381e-03 1.108559498956158407e-01 2.087682672233820034e-04 2.087682672233820034e-04 7.118997912317326371e-02 2.296450939457201929e-03 2.087682672233820034e-04 2.087682672233820034e-04
2.475247524752474735e-04 2.475247524752474735e-04 9.183168316831681610e-02 7.673267326732671409e-03 2.475247524752474735e-04 2.475247524752474735e-04 3.242574257425741291e-02 2.475247524752474735e-04 1.462871287128712505e-01 7.673267326732671409e-03 2.475247524752474735e-04 2.475247524752474735e-04 2.475247524752474735e-04 2.675742574257424788e-01 2.475247524752474735e-04 2.475247524752474735e-04 1.757425742574256905e-02 2.475247524752474735e-04 2.499999999999999098e-02 2.475247524752474735e-04 1.165841584158415489e-01 2.475247524752474735e-04 2.995049504950494240e-02 1.438118811881187731e-01 4.232673267326731575e-02 2.722772277227722155e-03 3.490099009900989036e-02 2.475247524752474735e-04 2.475247524752474735e-04 2.995049504950494240e-02
2.564102564102563016e-04 2.564102564102563016e-04 4.384615384615383332e-02 2.564102564102563016e-04 2.564102564102563016e-04 2.564102564102563016e-04 2.564102564102563016e-04 1.051282051282050739e-02 3.615384615384614059e-02 1.541025641025640380e-01 2.564102564102563016e-04 2.564102564102563016e-04 2.820512820512819426e-03 1.105128205128204644e-01 1.335897435897435426e-01 2.564102564102563016e-04 1.258974358974358498e-01 4.897435897435895719e-02 2.564102564102563016e-04 2.564102564102563016e-04 1.820512820512819666e-02 5.410256410256408105e-02 2.564102564102563016e-04 2.564102564102563016e-04 2.333333333333332052e-02 1.182051282051281571e-01 5.666666666666664298e-02 2.564102564102563016e-04 2.564102564102563016e-04 5.923076923076921185e-02
1.651351351351351415e-01 2.702702702702702744e-04 2.702702702702702744e-04 2.702702702702702744e-04 1.918918918918918748e-02 1.354054054054054101e-01 2.702702702702702744e-04 2.702702702702702744e-04 5.972972972972973027e-02 2.972972972972973398e-03 2.702702702702702744e-04 2.702702702702702744e-04 2.702702702702702744e-04 5.675675675675675817e-03 2.702702702702702744e-04 4.621621621621622295e-02 2.459459459459459318e-02 2.702702702702702744e-04 2.702702702702702744e-04 2.702702702702702744e-04 2.702702702702702744e-04 1.108108108108108066e-02 4.081081081081081030e-02 2.702702702702702744e-04 8.135135135135135309e-02 3.270270270270270174e-02 2.702702702702702744e-04 2.702702702702702744e-04 1.272972972972973016e-01 2.435135135135134965e-01
9.692671394799051016e-03 2.387706855791961458e-02 1.917257683215129460e-01 7.328605200945624912e-03 2.364066193853427513e-04 2.364066193853427513e-04 2.364066193853427513e-04 2.364066193853427513e-04 3.333333333333332593e-02 2.364066193853427513e-04 2.364066193853427513e-04 2.364066193853427513e-04 2.600472813238770102e-03 2.860520094562647025e-02 2.364066193853427513e-04 2.600472813238770102e-03 2.364066193853427513e-04 2.364066193853427513e-04 2.364066193853427513e-04 2.130023640661937723e-01 9.243498817966901149e-02 1.964539007092197809e-01 4.278959810874703729e-02 2.364066193853427513e-04 6.879432624113474004e-02 5.933806146572102869e-02 2.387706855791961458e-02 2.364066193853427513e-04 2.364066193853427513e-04 2.364066193853427513e-04
4.526748971193416196e-03 8.641975308641976217e-03 1.855967078189300346e-01 4.526748971193416196e-03 4.115226337448560129e-04 4.115226337448560129e-04 4.115226337448560129e-04 8.641975308641976217e-03 6.213991769547325128e-02 1.197530864197530881e-01 2.510288065843621283e-02 2.098765432098765454e-02 1.275720164609053450e-02 4.115226337448560129e-04 5.802469135802468952e-02 4.526748971193416196e-03 4.115226337448560129e-04 4.115226337448560129e-04 4.115226337448560129e-04 9.506172839506173144e-02 9.917695473251030014e-02 8.641975308641976217e-03 1.275720164609053450e-02 9.094650205761317663e-02 4.115226337448560129e-04 4.115226337448560129e-04 6.625514403292181997e-02 4.115226337448560129e-04 2.098765432098765454e-02 8.683127572016462181e-02
1.949317738791422677e-04 1.949317738791422677e-04 8.011695906432747538e-02 1.949317738791422677e-04 1.949317738791422677e-04 4.093567251461987730e-03 1.949317738791422677e-04 1.949317738791422677e-04 1.113060428849902278e-01 7.426900584795320670e-02 7.992202729044831783e-03 9.941520467836254676e-03 2.144249512670564836e-03 1.949317738791422677e-04 4.697855750487328619e-02 2.358674463937621146e-02 1.949317738791422677e-04 5.672514619883040066e-02 2.943469785575048014e-02 2.358674463937621146e-02 4.307992202729044040e-02 1.931773879142299755e-01 1.949317738791422677e-04 1.949317738791422677e-04 6.257309941520466934e-02 9.766081871345026755e-02 1.307992202729044429e-01 1.949317738791422677e-04 1.949317738791422677e-04 1.949317738791422677e-04
1.712328767123287414e-04 1.712328767123287414e-04 3.255136986301369051e-01 1.712328767123287414e-04 1.268835616438355740e-01 2.756849315068492928e-02 1.712328767123287414e-04 3.595890410958903650e-03 1.712328767123287414e-04 1.883561643835616290e-03 5.308219178082190792e-03 1.970890410958903716e-01 1.712328767123287414e-04 1.712328767123287414e-04 1.712328767123287414e-04 4.811643835616437326e-02 1.712328767123287414e-04 3.595890410958903650e-03 6.352739726027396838e-02 1.900684931506848793e-02 4.811643835616437326e-02 2.243150684931506308e-02 1.712328767123287414e-04 1.712328767123287414e-04 1.712328767123287414e-04 1.712328767123287414e-04 3.595890410958903650e-03 1.712328767123287414e-04 2.585616438356163824e-02 7.551369863013697448e-02
3.030303030303029216e-04 3.030303030303029216e-04 2.336363636363635310e-01 3.030303030303029216e-04 3.030303030303029216e-04 3.333333333333332246e-03 3.333333333333332246e-03 3.030303030303029216e-04 1.848484848484847898e-02 3.030303030303029216e-04 3.030303030303029216e-04 3.030303030303029216e-04 3.030303030303029216e-04 3.030303030303029216e-04 3.030303030303029216e-04 3.666666666666665297e-02 3.030303030303029216e-04 3.030303030303029216e-04 3.030303030303029216e-04 1.699999999999999567e-01 5.181818181818180491e-02 7.606060606060603690e-02 6.999999999999997891e-02 3.030303030303029216e-04 2.275757575757574869e-01 7.909090909090907284e-02 2.454545454545453698e-02 3.030303030303029216e-04 3.030303030303029216e-04 3.030303030303029216e-04
1.262939958592132483e-02 2.277432712215321248e-03 2.070393374741200815e-04 2.070393374741200815e-04 2.277432712215321248e-03 2.070393374741200815e-04 4.989648033126294069e-02 9.130434782608695676e-02 2.070393374741200815e-04 2.070393374741200815e-04 6.418219461697722769e-03 2.070393374741200815e-04 2.070393374741200815e-04 2.070393374741200815e-04 2.919254658385093265e-02 2.091097308488612874e-02 2.277432712215321248e-03 2.070393374741200815e-04 9.751552795031055709e-02 2.070393374741200815e-04 2.070393374741200815e-04 2.091097308488612874e-02 3.126293995859213276e-02 2.070393374741200815e-04 2.277432712215321248e-03 6.231884057971014829e-02 2.091097308488612874e-02 1.016563146997929573e-01 3.397515527950310532e-01 1.037267080745341713e-01
3.268292682926828702e-02 3.918699186991869698e-02 1.643902439024389761e-01 3.414634146341462978e-03 3.414634146341462978e-03 2.455284552845527976e-02 6.032520325203251377e-02 1.626016260162601354e-04 5.544715447154470456e-02 6.666666666666664492e-03 3.918699186991869698e-02 4.406504065040649926e-02 1.626016260162601354e-04 1.626016260162601354e-04 6.357723577235771528e-02 9.918699186991867742e-03 2.130081300813007825e-02 1.626016260162601354e-04 2.780487804878048474e-02 1.626016260162601354e-04 2.292682926829267900e-02 1.626016260162601354e-04 1.788617886178861570e-03 1.952845528455283974e-01 1.626016260162601354e-04 6.666666666666664492e-03 9.121951219512193509e-02 1.626016260162601354e-04 2.943089430894308550e-02 5.544715447154470456e-02
1.414427157001414638e-04 6.096181046676096144e-02 2.391796322489391780e-01 1.414427157001414638e-04 2.066478076379066331e-01 1.414427157001414638e-04 1.414427157001414638e-04 1.414427157001414638e-04 1.414427157001414638e-04 1.414427157001414638e-04 1.414427157001414638e-04 1.005657708628005520e-01 1.414427157001414638e-04 1.414427157001414638e-04 1.555869872701556075e-03 1.345120226308345046e-01 1.414427157001414638e-04 1.414427157001414638e-04 1.557284299858557319e-01 1.414427157001414638e-04 1.570014144271569823e-02 2.560113154172560454e-02 1.414427157001414638e-04 1.414427157001414638e-04 2.135785007072135699e-02 1.414427157001414638e-04 5.799151343705798850e-03 1.414427157001414638e-04 1.414427157001414638e-04 2.984441301272984515e-02
1.893939393939393125e-04 3.806818181818180657e-02 3.259469696969695685e-01 1.893939393939393125e-04 7.973484848484845011e-02 3.238636363636362286e-02 2.670454545454544262e-02 1.893939393939393125e-04 4.753787878787876786e-02 1.893939393939393125e-04 1.723484848484847787e-02 1.176136363636363091e-01 2.481060606060605037e-02 2.083333333333332437e-03 1.893939393939393125e-04 1.912878787878787012e-02 1.893939393939393125e-04 1.893939393939393125e-04 1.893939393939393125e-04 6.458333333333331205e-02 5.321969696969695157e-02 1.893939393939393125e-04 1.534090909090908388e-02 9.659090909090903634e-03 2.670454545454544262e-02 1.893939393939393125e-04 1.893939393939393125e-04 1.893939393939393125e-04 1.893939393939393125e-04 9.678030303030299430e-02
1.735395189003436159e-02 1.563573883161511677e-02 2.321305841924398150e-01 1.718213058419243845e-04 1.718213058419243845e-04 1.907216494845360294e-02 2.079037800687284776e-02 1.718213058419243845e-04 1.238831615120274537e-01 1.890034364261168175e-03 1.718213058419243845e-04 4.828178694158075102e-02 3.281786941580755457e-02 4.484536082474226137e-02 1.718213058419243845e-04 3.608247422680411695e-03 8.762886597938142688e-03 1.718213058419243845e-04 4.312714776632301655e-02 2.938144329896906840e-02 5.687285223367696818e-02 1.718213058419243845e-04 7.044673539518898735e-03 1.462199312714776156e-01 3.625429553264604421e-02 1.890034364261168175e-03 3.797250859106528903e-02 1.718213058419243845e-04 1.890034364261168175e-03 6.890034364261167499e-02
1.117256637168141144e-02 3.550884955752211386e-02 3.463495575221237632e-01 1.106194690265486304e-04 4.657079646017697749e-02 1.106194690265486304e-04 1.106194690265486304e-04 1.106194690265486304e-04 3.108407079646016702e-02 1.106194690265486304e-04 1.449115044247786983e-02 6.758849557522121632e-02 1.106194690265486304e-04 4.535398230088493778e-03 3.429203539823007501e-03 3.329646017699113697e-02 1.106194690265486304e-04 1.106194690265486304e-04 6.648230088495572787e-02 9.303097345132739504e-02 1.106194690265486304e-04 1.449115044247786983e-02 1.106194690265486304e-04 1.106194690265486304e-04 3.219026548672565546e-02 2.323008849557521224e-03 1.106194690265486304e-04 1.106194690265486304e-04 1.106194690265486304e-04 1.959070796460176123e-01
1.106194690265486710e-04 1.372787610619468912e-01 1.417035398230088172e-01 5.641592920353981355e-03 3.219026548672566240e-02 1.106194690265486710e-04 4.535398230088494645e-03 1.106194690265486710e-04 5.099557522123893127e-02 1.106194690265486710e-04 1.216814159292035381e-03 6.747787610619468066e-03 1.106194690265486710e-04 1.117256637168141491e-02 1.106194690265486710e-04 6.205752212389380185e-02 1.106194690265486710e-04 1.780973451327433690e-02 8.307522123893804067e-02 3.440265486725663235e-02 1.295353982300884721e-01 2.444690265486725370e-02 4.535398230088494645e-03 1.106194690265486710e-04 1.118362831858406847e-01 4.878318584070796132e-02 1.106194690265486710e-04 1.006637168141592820e-02 1.106194690265486710e-04 8.086283185840706378e-02
3.597122302158272918e-04 3.597122302158272918e-04 3.597122302158272918e-04 3.597122302158272918e-04 3.597122302158272918e-04 3.597122302158272918e-04 3.956834532374099885e-03 5.791366906474819387e-02 3.597122302158272918e-04 3.597122302158272918e-04 3.597122302158272918e-04 3.597122302158272918e-04 3.597122302158272918e-04 3.597122302158272918e-04 3.597122302158272918e-04 3.597122302158272918e-04 3.597122302158272918e-04 3.597122302158272918e-04 1.010791366906474698e-01 3.597122302158272918e-04 3.956834532374099885e-03 9.388489208633092609e-02 1.190647482014388359e-01 3.956834532374099885e-03 3.597122302158272918e-04 8.309352517985610365e-02 3.956834532374099885e-03 4.931654676258991343e-01 3.597122302158272918e-04 2.913669064748200879e-02
6.699346405228757788e-03 1.160130718954248234e-02 1.668300653594771144e-01 6.699346405228757788e-03 3.431372549019607796e-03 5.065359477124183225e-03 1.633986928104575321e-04 1.633986928104575321e-04 1.194444444444444364e-01 1.633986928104575321e-04 1.633986928104575321e-04 1.633986928104575321e-04 3.431372549019607796e-03 1.633986928104575321e-04 1.633986928104575321e-04 1.977124183006535862e-02 1.633986928104575321e-04 3.284313725490196206e-02 7.696078431372549433e-02 4.591503267973856550e-02 1.633986928104575321e-04 5.245098039215686375e-02 6.879084967320261979e-02 1.797385620915032799e-03 1.880718954248365993e-01 8.186274509803921628e-02 1.633986928104575321e-04 1.633986928104575321e-04 1.633986928104575321e-04 1.063725490196078399e-01
1.550387596899224622e-04 2.806201550387596791e-02 2.141085271317829108e-01 1.550387596899224622e-04 1.100775193798449354e-02 4.806201550387596139e-03 6.356589147286820056e-03 1.550387596899224622e-04 1.381395348837209103e-01 2.341085271317829009e-02 1.550387596899224622e-04 1.550387596899224622e-04 1.550387596899224622e-04 1.550387596899224622e-04 1.412403100775193598e-01 1.550387596899224622e-04 1.550387596899224622e-04 3.581395348837208836e-02 7.906976744186043973e-03 2.961240310077518922e-02 5.751937984496123535e-02 3.581395348837208836e-02 1.550387596899224622e-04 1.024806201550387263e-01 3.736434108527131315e-02 9.457364341085268758e-03 7.922480620155038233e-02 1.550387596899224622e-04 1.550387596899224622e-04 3.581395348837208836e-02
4.672897196261683521e-04 4.672897196261683521e-04 1.453271028037383672e-01 4.672897196261683521e-04 4.672897196261683521e-04 2.383177570093458417e-02 4.672897196261683521e-04 4.672897196261683521e-04 3.509345794392523810e-01 4.672897196261683521e-04 5.140186915887852252e-03 4.672897196261683521e-04 4.672897196261683521e-04 4.672897196261683521e-04 7.056074766355141525e-02 4.672897196261683521e-04 4.672897196261683521e-04 5.654205607476636697e-02 9.813084112149535881e-03 4.672897196261683521e-04 4.672897196261683521e-04 1.640186915887850982e-01 4.672897196261683521e-04 4.672897196261683521e-04 1.546728971962617327e-01 5.140186915887852252e-03 4.672897196261683521e-04 4.672897196261683521e-04 4.672897196261683521e-04 5.140186915887852252e-03
1.506622516556290967e-02 1.821192052980132340e-03 3.693708609271522114e-01 1.655629139072847410e-04 6.142384105960264212e-02 1.655629139072847410e-04 1.655629139072847410e-04 1.655629139072847410e-04 1.655629139072847410e-04 5.132450331125826617e-03 1.655629139072847410e-04 4.652317880794701321e-02 7.301324503311257264e-02 1.672185430463575886e-02 1.655629139072847410e-04 3.476821192052979587e-03 1.655629139072847410e-04 1.655629139072847410e-04 1.309602649006622044e-01 6.804635761589403198e-02 2.168874172185429952e-02 1.655629139072847410e-04 3.476821192052979587e-03 1.655629139072847410e-04 1.655629139072847410e-04 1.655629139072847410e-04 1.672185430463575886e-02 1.655629139072847410e-04 1.655629139072847410e-04 1.640728476821191606e-01
1.788908765652951383e-04 1.788908765652951383e-04 2.881932021466904748e-01 1.788908765652951383e-04 1.788908765652951383e-04 1.788908765652951383e-04 1.788908765652951383e-04 1.788908765652951383e-04 1.343470483005366478e-01 1.091234347048300295e-02 1.788908765652951383e-04 1.788908765652951383e-04 1.788908765652951383e-04 1.967799642218246575e-03 2.343470483005366187e-02 1.627906976744185677e-02 1.788908765652951383e-04 8.246869409660105565e-02 3.237924865831841997e-02 7.710196779964220704e-02 1.788908765652951383e-04 8.604651162790696861e-02 1.788908765652951383e-04 1.788908765652951383e-04 7.531305903398925750e-02 1.806797853309480631e-02 4.669051878354203017e-02 1.788908765652951383e-04 3.756708407871197850e-03 1.003577817531305788e-01
2.512562814070350928e-04 2.763819095477386238e-03 5.804020100502511187e-02 7.788944723618088095e-03 2.512562814070350928e-04 2.512562814070350928e-04 4.045226130653265667e-02 2.512562814070350928e-04 2.062814070351758067e-01 4.547738693467335419e-02 4.296482412060300543e-02 2.512562814070350928e-04 2.286432160804019453e-02 2.512562814070350928e-04 2.512562814070350928e-04 2.512562814070350928e-04 2.763819095477386238e-03 1.783919597989949007e-02 2.512562814070350928e-04 2.537688442211054329e-02 1.208542713567838933e-01 8.567839195979896905e-02 4.296482412060300543e-02 1.685929648241205336e-01 2.512562814070350928e-04 2.788944723618089552e-02 7.814070351758792277e-02 2.512562814070350928e-04 2.512562814070350928e-04 2.512562814070350928e-04
1.289566236811254436e-03 3.059788980070339906e-02 2.287221570926142589e-01 1.172332942555685679e-04 1.876905041031652621e-01 1.172332942555685679e-04 2.461899179366940169e-03 1.172332942555685679e-04 1.289566236811254436e-03 1.172332942555685679e-04 1.172332942555685679e-04 3.059788980070339906e-02 1.172332942555685679e-04 3.177022274325908002e-02 1.172332942555685679e-04 1.396248534583821588e-01 1.172332942555685679e-04 7.151230949589681800e-03 1.337631887456037227e-01 5.404454865181711198e-02 4.349355216881593822e-02 4.806565064478311201e-03 9.495896834701053266e-03 1.172332942555685679e-04 5.287221570926142755e-02 1.172332942555685679e-04 1.172332942555685679e-04 1.172332942555685679e-04 9.495896834701053266e-03 2.942555685814771116e-02
1.501501501501501163e-04 2.867867867867867140e-02 4.851351351351350094e-01 1.651651651651651117e-03 1.651651651651651117e-03 1.501501501501501163e-04 1.501501501501501163e-04 1.501501501501501163e-04 1.501501501501501163e-04 3.153153153153152172e-03 2.117117117117116309e-02 3.153153153153152172e-03 1.516516516516515888e-02 1.066066066066065701e-02 1.501501501501501163e-04 3.168168168168167265e-02 1.501501501501501163e-04 4.069069069069067984e-02 4.654654654654652793e-03 9.024024024024021595e-02 3.153153153153152172e-03 3.768768768768767513e-02 1.516516516516515888e-02 1.501501501501501163e-04 3.468468468468467736e-02 1.501501501501501163e-04 6.156156156156153414e-03 1.501501501501501163e-04 1.501501501501501163e-04 1.638138138138137412e-01
2.941176470588234494e-04 2.941176470588234494e-04 2.767647058823528572e-01 2.941176470588234494e-04 3.235294117647057998e-03 2.941176470588234494e-04 3.235294117647057998e-03 2.941176470588234494e-04 2.088235294117646301e-02 9.117647058823527204e-03 2.941176470588234494e-04 2.941176470588234494e-04 2.941176470588234494e-04 5.911764705882351090e-02 2.941176470588234494e-04 2.941176470588234494e-04 2.941176470588234494e-04 2.941176470588234494e-04 2.941176470588234494e-04 1.826470588235293568e-01 8.264705882352939292e-02 1.738235294117646546e-01 9.441176470588232006e-02 2.941176470588234494e-04 2.941176470588234494e-04 8.852941176470585649e-02 2.941176470588234494e-04 2.941176470588234494e-04 2.941176470588234494e-04 2.941176470588234494e-04
2.258726899383983050e-03 2.053388090349075672e-04 1.049281314168377666e-01 2.053388090349075672e-04 1.663244353182750934e-02 2.053388090349075672e-04 2.053388090349075672e-04 1.252566735112935897e-02 2.053388090349075672e-04 2.053388090349075672e-04 2.053388090349075672e-04 2.053388090349075672e-04 2.053388090349075672e-04 6.591375770020532765e-02 2.053388090349075672e-04 4.332648870636549715e-02 2.053388090349075672e-04 1.663244353182750934e-02 1.047227926078028379e-02 2.260780287474332129e-01 9.466119096509238717e-02 1.501026694045174137e-01 8.850102669404515121e-02 2.053388090349075672e-04 5.564681724845994826e-02 9.876796714579053060e-02 1.047227926078028379e-02 2.053388090349075672e-04 2.053388090349075672e-04 2.053388090349075672e-04
1.060924369747899033e-02 1.050420168067226818e-04 8.098739495798318311e-02 1.050420168067226818e-04 1.155462184873949595e-03 1.050420168067226818e-04 5.262605042016806067e-02 1.050420168067226818e-04 1.282563025210083918e-01 7.457983193277309582e-03 6.407563025210082953e-03 1.050420168067226818e-04 2.205882352941176440e-03 5.052521008403360742e-02 1.050420168067226818e-04 5.357142857142856325e-03 1.691176470588235184e-02 3.056722689075630148e-02 4.306722689075629697e-03 6.418067226890755705e-02 1.219537815126050251e-01 2.951680672268907485e-02 1.796218487394957847e-02 1.408613445378150975e-01 5.472689075630251393e-02 1.060924369747899033e-02 7.468487394957981640e-02 1.050420168067226818e-04 1.050420168067226818e-04 8.728991596638653594e-02
1.869158878504672541e-04 2.261682242990653569e-02 2.525233644859812276e-01 1.869158878504672541e-04 1.869158878504672541e-04 1.869158878504672541e-04 1.700934579439251915e-02 1.869158878504672541e-04 3.383177570093457570e-02 1.869158878504672541e-04 1.700934579439251915e-02 1.869158878504672541e-04 6.934579439252334943e-02 2.635514018691588120e-02 1.869158878504672541e-04 1.869158878504672541e-04 1.869158878504672541e-04 1.869158878504672541e-04 1.869158878504672541e-04 1.889719626168223920e-01 1.198130841121494983e-01 7.663551401869156225e-03 1.628037383177569630e-01 2.635514018691588120e-02 3.925233644859812444e-03 1.869158878504672541e-04 1.869158878504672541e-04 3.383177570093457570e-02 1.869158878504672541e-04 1.514018691588784639e-02
1.768488745980707245e-03 4.983922829581992515e-03 5.160771704180063674e-02 1.607717041800642852e-04 6.607717041800642566e-02 1.607717041800642852e-04 1.607717041800642852e-04 1.607717041800642852e-04 1.607717041800642852e-04 1.607717041800642852e-04 1.607717041800642852e-04 1.607717041800642852e-04 3.874598070739549566e-02 6.591639871382635150e-03 1.607717041800642852e-04 1.737942122186494631e-01 1.768488745980707245e-03 3.376205787781349880e-03 8.858520900321542602e-02 8.376205787781348944e-02 1.768488745980707245e-03 5.160771704180063674e-02 1.768488745980707245e-03 5.643086816720256638e-02 1.866559485530546181e-01 1.607717041800642852e-04 1.607717041800642852e-04 1.607717041800642852e-04 1.607717041800642852e-04 1.786173633440513997e-01
4.763636363636363641e-02 3.636363636363636686e-04 1.203636363636363671e-01 3.636363636363636686e-04 4.000000000000000083e-03 3.636363636363636686e-04 1.854545454545454553e-02 4.763636363636363641e-02 3.672727272727272646e-02 4.763636363636363641e-02 3.636363636363636686e-04 6.945454545454546325e-02 3.636363636363636686e-04 9.854545454545454719e-02 4.763636363636363641e-02 3.636363636363636686e-04 3.636363636363636686e-04 3.636363636363636686e-04 3.636363636363636686e-04 3.636363636363636686e-04 1.749090909090909030e-01 1.127272727272727280e-02 4.000000000000000083e-03 2.218181818181818102e-02 5.854545454545455330e-02 2.218181818181818102e-02 6.218181818181818532e-02 7.636363636363636444e-03 3.636363636363636686e-04 9.490909090909091517e-02
1.300390117035110508e-04 1.300390117035110508e-04 1.145643693107932098e-01 1.300390117035110508e-04 1.430429128738621531e-03 1.300390117035110508e-04 1.183355006501950364e-02 2.730819245773731876e-03 1.340702210663198557e-01 1.300390117035110508e-04 1.300390117035110508e-04 3.263979193758127090e-02 2.093628088426527714e-02 2.353706111833549913e-02 1.300390117035110508e-04 4.031209362808842005e-03 1.300390117035110508e-04 8.985695708712611307e-02 1.183355006501950364e-02 1.300390117035110508e-04 1.197659297789336608e-01 7.555266579973991814e-02 1.300390117035110508e-04 7.815344603381013666e-02 7.815344603381013666e-02 5.864759427828347693e-02 7.295188556566968574e-02 1.300390117035110508e-04 1.300390117035110508e-04 6.775032509752924870e-02
5.055487053020961755e-03 1.985203452527743717e-02 2.294697903822441321e-01 1.233045622688039419e-04 1.628853267570899988e-01 4.327990135635018804e-02 1.233045622688039419e-04 1.233045622688039419e-04 1.356350184956843551e-03 1.233045622688039419e-04 3.588162762022194946e-02 8.643649815043155660e-02 1.491985203452527754e-02 1.356350184956843551e-03 1.233045622688039419e-04 7.410604192355117747e-02 1.233045622688039419e-04 1.233045622688039419e-04 1.480887792848335216e-01 2.971639950678175296e-02 1.233045622688039419e-04 3.218249075215783017e-02 1.233045622688039419e-04 8.754623921085079308e-03 5.055487053020961755e-03 1.233045622688039419e-04 1.356350184956843551e-03 1.233045622688039419e-04 1.233045622688039419e-04 9.876695437731194960e-02
3.968253968253968251e-04 5.992063492063491592e-02 8.373015873015873800e-02 2.023809523809523558e-02 3.968253968253968251e-04 3.968253968253968251e-04 1.392857142857142905e-01 3.968253968253968251e-04 1.154761904761904823e-01 5.992063492063491592e-02 3.968253968253968251e-04 1.230158730158730125e-02 3.611111111111110772e-02 5.992063492063491592e-02 7.976190476190476997e-02 3.968253968253968251e-04 3.968253968253968251e-04 3.968253968253968251e-04 3.968253968253968251e-04 7.579365079365080193e-02 7.976190476190476997e-02 1.230158730158730125e-02 1.230158730158730125e-02 3.968253968253968251e-04 3.968253968253968251e-04 3.968253968253968251e-04 9.960317460317461014e-02 1.626984126984126755e-02 1.230158730158730125e-02 2.023809523809523558e-02
1.396648044692737041e-04 1.202513966480446422e-01 4.483240223463685892e-02 1.396648044692737041e-04 6.298882681564244024e-02 1.396648044692737041e-04 1.396648044692737041e-04 1.396648044692737041e-04 9.916201117318432234e-03 1.396648044692737041e-04 2.108938547486032683e-02 8.812849162011170134e-02 2.248603351955306626e-02 6.857541899441338407e-02 1.536312849162010854e-03 1.270949720670390588e-02 1.396648044692737041e-04 1.396648044692737041e-04 4.203910614525138700e-02 1.396648044692737041e-04 1.817039106145250660e-01 1.396648044692737041e-04 1.396648044692737041e-04 1.216480446927373782e-01 3.924581005586590815e-02 5.460893854748601756e-02 6.019553072625696832e-02 1.396648044692737041e-04 2.108938547486032683e-02 2.527932960893854164e-02
