4.625641025641025195e-02 2.984615384615384517e-02 1.138461538461538365e-02 2.984615384615384517e-02 1.025641025641025586e-04 1.025641025641025586e-04 1.025641025641025586e-04 1.025641025641025586e-04 1.025641025641025586e-04 1.416410256410256252e-01 1.128205128205128117e-03 1.529230769230769116e-01 1.025641025641025586e-04 1.025641025641025586e-04 1.057435897435897304e-01 1.262564102564102397e-01 3.805128205128204683e-02 1.025641025641025586e-04 1.025641025641025586e-04 1.025641025641025586e-04 2.471794871794871784e-02 3.179487179487179398e-03 1.128205128205128117e-03 4.205128205128204170e-03 7.087179487179486037e-02 8.215384615384613287e-02 1.958974358974359051e-02 9.343589743589741925e-02 8.307692307692305864e-03 8.307692307692305864e-03
5.365853658536587530e-03 4.878048780487806500e-04 4.878048780487806500e-04 4.878048780487806500e-04 4.878048780487806500e-04 8.341463414634149587e-02 4.878048780487806500e-04 1.512195121951219988e-02 2.975609756097561537e-02 2.000000000000000389e-02 4.878048780487806500e-04 5.902439024390245675e-02 2.487804878048780963e-02 1.024390243902439414e-02 4.878048780487806500e-04 7.365853658536587745e-02 1.126829268292683373e-01 4.878048780487806500e-04 1.175609756097561326e-01 4.878048780487806500e-04 4.878048780487806500e-04 1.126829268292683373e-01 4.878048780487806500e-04 1.760975609756098015e-01 4.878048780487806500e-04 4.878048780487806500e-04 4.878048780487806500e-04 1.419512195121951648e-01 1.024390243902439414e-02 4.878048780487806500e-04
1.543209876543209574e-04 3.240740740740740214e-03 2.330246913580246576e-02 3.240740740740740214e-03 4.799382716049382241e-02 2.330246913580246576e-02 5.262345679012345179e-02 3.240740740740740214e-03 6.327160493827158928e-03 7.870370370370367852e-03 1.543209876543209574e-04 2.021604938271604618e-02 1.543209876543209574e-04 2.516975308641974940e-01 4.645061728395061262e-02 1.543209876543209574e-04 3.240740740740740214e-03 1.543209876543209574e-04 1.543209876543209574e-04 4.027777777777777346e-02 4.783950617283950005e-03 2.175925925925925597e-02 2.638888888888888534e-02 1.915123456790122913e-01 1.543209876543209574e-04 5.262345679012345179e-02 1.543209876543209574e-04 3.240740740740740214e-03 1.652777777777777457e-01 1.543209876543209574e-04
1.200787401574802786e-02 1.968503937007873717e-04 1.791338582677164809e-02 1.968503937007873717e-04 2.775590551181101803e-02 1.968503937007873717e-04 1.968503937007873717e-04 2.381889763779527006e-02 1.968503937007873717e-04 4.133858267716534508e-03 1.968503937007873717e-04 1.968503937007873717e-04 1.968503937007873717e-04 2.147637795275589845e-01 4.940944881889763191e-02 1.988188976377952208e-02 1.968503937007873717e-04 6.102362204724408497e-03 1.791338582677164809e-02 9.468503937007871629e-02 1.968503937007873717e-04 2.972440944881888855e-02 1.968503937007873717e-04 2.620078740157479880e-01 1.968503937007873717e-04 7.696850393700785387e-02 1.968503937007873717e-04 1.968503937007873717e-04 1.399606299212597937e-01 1.968503937007873717e-04
1.686340640809443254e-04 1.686340640809443254e-04 1.854974704890387715e-03 1.686340640809443254e-04 6.913996627318716448e-03 1.854974704890387715e-03 1.686340640809443254e-04 7.099494097807755588e-02 1.686340640809443254e-04 1.197301854974704670e-02 2.715008431703203745e-02 5.227655986509273899e-03 1.686340640809443254e-04 2.413153456998313184e-01 7.099494097807755588e-02 4.064080944350758479e-02 1.686340640809443254e-04 1.686340640809443254e-04 1.686340640809443254e-04 1.165261382799325091e-01 1.686340640809443254e-04 1.686340640809443254e-04 1.871838111298481863e-02 2.244519392917368739e-01 1.686340640809443254e-04 3.558178752107925280e-02 1.686340640809443254e-04 3.541315345699830915e-03 1.198988195615514063e-01 1.686340640809443254e-04
8.333333333333331483e-03 5.672043010752687159e-02 2.688172043010752144e-04 5.672043010752687159e-02 2.688172043010752144e-04 1.102150537634408178e-02 2.688172043010752144e-04 1.938172043010751855e-01 2.688172043010752144e-04 7.822580645161288093e-02 2.688172043010752144e-04 1.102150537634408178e-02 4.059139784946234897e-02 2.688172043010752144e-04 2.180107526881719660e-01 2.688172043010752144e-04 2.688172043010752144e-04 2.688172043010752144e-04 2.688172043010752144e-04 8.333333333333331483e-03 9.973118279569889721e-02 3.521505376344084837e-02 1.370967741935483382e-02 2.177419354838708992e-02 2.688172043010752144e-04 3.790322580645159867e-02 1.051075268817203978e-01 2.688172043010752144e-04 2.688172043010752144e-04 2.688172043010752144e-04
1.641330166270783819e-01 2.375296912114014248e-04 7.363420427553444766e-03 2.874109263657957311e-02 3.586698337292161531e-02 2.375296912114014248e-04 2.375296912114014248e-04 2.375296912114014248e-04 3.586698337292161531e-02 1.118764845605700747e-01 4.988123515439430410e-03 9.738717339667458256e-03 2.375296912114014248e-04 2.375296912114014248e-04 4.299287410926366099e-02 3.586698337292161531e-02 2.612826603325416053e-03 2.375296912114014248e-04 2.375296912114014248e-04 2.375296912114014248e-04 2.612826603325416053e-03 2.375296912114014248e-04 2.375296912114014248e-04 5.011876484560570666e-02 2.375296912114014248e-04 4.988123515439430410e-03 3.349168646080760009e-02 3.349168646080760009e-02 3.586698337292161531e-02 3.565320665083135387e-01
1.234939759036144703e-02 3.012048192771085145e-04 3.012048192771085145e-04 6.054216867469881108e-02 3.012048192771085145e-04 3.012048192771085145e-04 3.012048192771085145e-04 3.012048192771085145e-04 3.313253012048193551e-03 2.593373493975903998e-01 3.012048192771085145e-04 3.012048192771085145e-04 3.012048192771085145e-04 1.117469879518072501e-01 3.012048192771085145e-04 3.012048192771085145e-04 3.012048192771085145e-04 9.668674698795182154e-02 3.012048192771085145e-04 9.337349397590363406e-03 9.337349397590363406e-03 3.012048192771085145e-04 3.012048192771085145e-04 3.012048192771085145e-04 3.012048192771085145e-04 6.325301204819278045e-03 3.012048192771085145e-04 3.313253012048193551e-03 3.012048192771085145e-04 4.219879518072289781e-01
2.057613168724279522e-04 3.952674897119340391e-01 2.057613168724279522e-04 2.057613168724279522e-04 7.222222222222220156e-02 2.057613168724279522e-04 2.057613168724279522e-04 6.399176954732509193e-02 2.057613168724279522e-04 2.057613168724279522e-04 4.753086419753085878e-02 2.263374485596707664e-03 6.378600823045266384e-03 2.057613168724279522e-04 2.078189300411522125e-02 1.236625514403291853e-01 8.436213991769544659e-03 2.057613168724279522e-04 2.057613168724279522e-04 5.164609053497941360e-02 4.547325102880657444e-02 3.518518518518518046e-02 3.312757201646090305e-02 2.057613168724279522e-04 8.868312757201644858e-02 2.057613168724279522e-04 2.263374485596707664e-03 2.057613168724279522e-04 2.057613168724279522e-04 2.057613168724279522e-04
1.117318435754189823e-04 1.229050279329608900e-03 1.117318435754189823e-04 2.804469273743016508e-02 1.229050279329608900e-03 1.229050279329608900e-03 4.145251396648044068e-02 5.821229050279329298e-02 1.229050279329608900e-03 4.033519553072625191e-02 1.229050279329608900e-03 9.050279329608936982e-03 1.229050279329608900e-03 1.330726256983240097e-01 1.117318435754189823e-04 8.614525139664802600e-02 4.927374301675976898e-02 4.480446927374301391e-02 1.117318435754189823e-04 2.916201117318435385e-02 7.720670391061451587e-02 1.117318435754189823e-04 1.117318435754189823e-04 1.240223463687150675e-02 1.117318435754189823e-04 1.811173184357541543e-01 1.117318435754189823e-04 5.039106145251396468e-02 1.240223463687150675e-02 1.386592178770949535e-01
1.779935275080906038e-03 1.618122977346278068e-04 1.472491909385112950e-02 6.326860841423946613e-02 2.605177993527507674e-02 1.796116504854368412e-02 2.281553398058252038e-02 1.618122977346278068e-04 1.618122977346278068e-04 1.053398058252426883e-01 1.618122977346278068e-04 5.355987055016180748e-02 1.618122977346278068e-04 7.944983818770225137e-02 1.618122977346278068e-04 1.134304207119740809e-01 2.766990291262135665e-02 8.106796116504852434e-02 2.443365695792879683e-02 1.618122977346278068e-04 6.165048543689319316e-02 1.618122977346278068e-04 8.252427184466016793e-03 1.472491909385112950e-02 5.016181229773462175e-03 1.618122977346278068e-04 8.252427184466016793e-03 1.618122977346278068e-04 1.148867313915857315e-02 2.574433656957928473e-01
8.253012048192769068e-02 1.024096385542168364e-02 4.216867469879517251e-03 2.008032128514055769e-04 3.032128514056224231e-02 2.208835341365461644e-03 2.008032128514055769e-04 2.228915662650601814e-02 1.425702811244979572e-02 1.226907630522088150e-01 2.008032128514055769e-04 2.008032128514055769e-04 2.208835341365461644e-03 1.648594377510039788e-01 2.008032128514055769e-04 2.429718875502007505e-02 2.008032128514055769e-04 2.008032128514055769e-04 2.008032128514055769e-04 1.425702811244979572e-02 2.008032128514055769e-04 2.008032128514055769e-04 2.008032128514055769e-04 6.224899598393573291e-03 2.630522088353412849e-02 4.018072289156625621e-01 2.008032128514055769e-04 2.228915662650601814e-02 2.008032128514055769e-04 4.638554216867469410e-02
4.694835680751174140e-04 4.694835680751174140e-04 2.863849765258215732e-02 1.455399061032863935e-02 1.084507042253521208e-01 4.694835680751174140e-04 4.694835680751174140e-04 4.694835680751174140e-04 7.089201877934271645e-02 1.037558685446009488e-01 4.694835680751174140e-04 1.272300469483568230e-01 4.694835680751174140e-04 1.366197183098591672e-01 4.694835680751174140e-04 9.436619718309860461e-02 4.694835680751174140e-04 4.694835680751174140e-04 1.924882629107980969e-02 4.694835680751174140e-04 4.694835680751174140e-04 4.694835680751174140e-04 4.694835680751174140e-04 7.089201877934271645e-02 4.694835680751174140e-04 1.455399061032863935e-02 5.164319248826291717e-03 4.694835680751174140e-04 5.164319248826291717e-03 1.929577464788732599e-01
6.321138211382112959e-02 2.032520325203251760e-04 2.032520325203251760e-04 2.865853658536584789e-02 2.032520325203251760e-04 2.032520325203251760e-04 2.032520325203251760e-04 8.333333333333331483e-03 2.032520325203251760e-04 1.648373983739837012e-01 1.036585365853658243e-02 8.150406504065038638e-02 2.032520325203251760e-04 1.443089430894308606e-02 2.032520325203251760e-04 1.221544715447154261e-01 8.333333333333331483e-03 4.695121951219511508e-02 2.032520325203251760e-04 2.032520325203251760e-04 2.032520325203251760e-04 2.032520325203251760e-04 4.268292682926828722e-03 2.032520325203251760e-04 2.032520325203251760e-04 8.760162601626014789e-02 2.032520325203251760e-04 4.491869918699186587e-02 2.256097560975609331e-02 2.888211382113820558e-01
2.762430939226519547e-04 9.143646408839779804e-02 2.762430939226519547e-04 7.762430939226519500e-02 5.828729281767956044e-02 2.762430939226519547e-04 2.762430939226519547e-04 2.762430939226519547e-04 2.762430939226519547e-04 9.419889502762431033e-02 2.762430939226519547e-04 2.237569060773480709e-02 1.961325966850828786e-02 8.591160220994475960e-02 2.790055248618784553e-02 1.961325966850828786e-02 2.762430939226519547e-04 2.762430939226519547e-04 2.762430939226519547e-04 2.762430939226519547e-04 6.657458563535911811e-02 2.790055248618784553e-02 2.762430939226519547e-04 2.762430939226519547e-04 2.762430939226519547e-04 2.762430939226519547e-04 3.151933701657458342e-01 2.762430939226519547e-04 2.762430939226519547e-04 8.867403314917127188e-02
3.554687500000000555e-02 8.203125000000002082e-03 2.382812500000000555e-02 1.601562500000000208e-02 7.851562500000001943e-02 3.906250000000001301e-04 4.296875000000001214e-03 3.519531250000000333e-01 4.296875000000001214e-03 3.554687500000000555e-02 3.164062500000000555e-02 3.906250000000001301e-04 3.906250000000001301e-04 3.906250000000001301e-04 3.906250000000001301e-04 2.382812500000000555e-02 3.906250000000001301e-04 4.726562500000001249e-02 3.906250000000001301e-04 3.906250000000001301e-04 3.906250000000001301e-04 3.906250000000001301e-04 7.070312500000001943e-02 1.214843750000000333e-01 3.906250000000001301e-04 6.289062500000001943e-02 3.906250000000001301e-04 3.906250000000001301e-04 2.773437500000000555e-02 5.117187500000001249e-02
2.062841530054644601e-02 4.234972677595628086e-03 1.366120218579234971e-04 2.868852459016393332e-03 1.366120218579234971e-04 1.366120218579234971e-04 8.073770491803278215e-02 1.366120218579234971e-04 1.366120218579234971e-04 1.502732240437158360e-03 2.745901639344262152e-02 1.366120218579234971e-04 1.366120218579234971e-04 6.161202185792349212e-02 2.062841530054644601e-02 7.663934426229507269e-02 1.366120218579234971e-04 1.516393442622950526e-02 5.887978142076501914e-02 1.408469945355191044e-01 1.502732240437158360e-03 1.366120218579234971e-04 9.699453551912566238e-03 1.366120218579234971e-04 1.366120218579234971e-04 2.474043715846994118e-01 2.868852459016393332e-03 2.062841530054644601e-02 2.050546448087431362e-01 1.366120218579234971e-04
1.574279379157427633e-02 3.569844789356984432e-02 1.352549889135254771e-02 5.565410199556540538e-02 4.656319290465631491e-03 2.217294900221729217e-04 3.791574279379156948e-02 2.017738359201773357e-02 2.217294900221729217e-04 1.266075388026607351e-01 2.217294900221729217e-04 2.017738359201773357e-02 2.217294900221729217e-04 2.217294900221729217e-04 6.230598669623059471e-02 1.130820399113081735e-02 2.217294900221729217e-04 2.217294900221729217e-04 2.217294900221729217e-04 4.235033259423503366e-02 4.456762749445675881e-02 2.217294900221729217e-04 2.439024390243902437e-03 2.217294900221729217e-04 2.904656319290465152e-02 3.527716186252771169e-01 6.873614190687360979e-03 2.217294900221729217e-04 9.334811529933480234e-02 2.239467849223946566e-02
6.978609625668447114e-02 2.673796791443849787e-04 1.898395721925133159e-02 2.165775401069517866e-02 5.641711229946522882e-02 1.096256684491978169e-02 2.673796791443849787e-04 2.673796791443849787e-04 2.673796791443849787e-04 5.106951871657752773e-02 7.513368983957217917e-02 4.304812834224597956e-02 2.673796791443849787e-04 2.302139037433154345e-01 2.673796791443849787e-04 8.288770053475932875e-03 2.673796791443849787e-04 1.898395721925133159e-02 2.673796791443849787e-04 5.614973262032084064e-03 2.941176470588234820e-03 1.898395721925133159e-02 2.967914438502672683e-02 4.839572192513368065e-02 1.096256684491978169e-02 1.526737967914437999e-01 2.673796791443849787e-04 1.363636363636363050e-02 2.673796791443849787e-04 1.098930481283422189e-01
2.375296912114013706e-04 1.211401425178146828e-02 2.375296912114013706e-04 4.536817102137766233e-02 5.724465558194773152e-02 2.375296912114013706e-04 2.636579572446555095e-02 4.182897862232777819e-01 2.375296912114013706e-04 1.166270783847980774e-01 2.375296912114013706e-04 2.375296912114013706e-04 2.375296912114013706e-04 2.375296912114013706e-04 8.574821852731590033e-02 1.237529691211401162e-01 2.612826603325415185e-03 2.375296912114013706e-04 2.375296912114013706e-04 4.988123515439428675e-03 7.363420427553442164e-03 3.586698337292160144e-02 2.375296912114013706e-04 2.375296912114013706e-04 2.375296912114013706e-04 2.375296912114013706e-04 5.961995249406174674e-02 2.375296912114013706e-04 2.375296912114013706e-04 2.375296912114013706e-04
1.745200698080279049e-04 1.745200698080279049e-04 1.745200698080279049e-04 9.092495636998253195e-02 1.745200698080279049e-04 8.219895287958113583e-02 4.205933682373472204e-02 1.413612565445025900e-02 8.900523560209420981e-03 5.427574171029667799e-02 1.745200698080279049e-04 9.441535776614308484e-02 1.745200698080279049e-04 8.219895287958113583e-02 9.092495636998253195e-02 1.781849912739964514e-01 5.776614310645723088e-02 1.588132635253053718e-02 1.413612565445025900e-02 1.919720767888306954e-03 1.745200698080279049e-04 1.659685863874345024e-01 1.745200698080279049e-04 1.745200698080279049e-04 1.745200698080279049e-04 1.745200698080279049e-04 1.745200698080279049e-04 1.745200698080279049e-04 1.919720767888306954e-03 1.919720767888306954e-03
2.197802197802196987e-04 2.197802197802196987e-04 2.197802197802196987e-04 5.296703296703295094e-02 4.417582417582416321e-02 2.197802197802196987e-04 3.098901098901097814e-02 4.969230769230767453e-01 2.197802197802196987e-04 4.637362637362636014e-02 2.197802197802196987e-04 2.197802197802196987e-04 4.197802197802196628e-02 2.197802197802196987e-04 4.417582417582416321e-02 8.373626373626370800e-02 1.120879120879120401e-02 2.197802197802196987e-04 2.197802197802196987e-04 2.197802197802196987e-04 1.340659340659340094e-02 3.098901098901097814e-02 1.560439560439559788e-02 2.197802197802196987e-04 2.659340659340658428e-02 6.813186813186811012e-03 4.197802197802196628e-02 9.010989010989007078e-03 2.197802197802196987e-04 2.197802197802196987e-04
2.675438596491228060e-02 4.385964912280701836e-04 4.824561403508772182e-03 4.385964912280701836e-04 4.824561403508772182e-03 4.385964912280701836e-04 7.061403508771930959e-02 4.385964912280701836e-04 4.385964912280701836e-04 9.210526315789474561e-03 7.938596491228071261e-02 4.385964912280701836e-04 4.385964912280701836e-04 1.583333333333333259e-01 4.385964912280701836e-04 4.385964912280701836e-04 4.385964912280701836e-04 4.385964912280701836e-04 4.385964912280701836e-04 3.991228070175438514e-02 4.385964912280701836e-04 4.385964912280701836e-04 5.745614035087719118e-02 1.188596491228070262e-01 2.236842105263157909e-02 2.241228070175438625e-01 4.385964912280701836e-04 4.385964912280701836e-04 8.815789473684211563e-02 8.815789473684211563e-02
4.712643678160918781e-03 1.264367816091953962e-03 1.149425287356321796e-04 2.770114942528735524e-02 5.298850574712642841e-02 9.310344827586206073e-03 1.081609195402298690e-01 1.149425287356321796e-04 1.505747126436781345e-02 8.160919540229884250e-03 1.149425287356321796e-04 4.264367816091953894e-02 4.712643678160918781e-03 9.666666666666665075e-02 2.413793103448275568e-03 4.954022988505746988e-02 4.264367816091953894e-02 1.149425287356321796e-04 1.149425287356321796e-04 7.137931034482758452e-02 5.528735632183907206e-02 1.149425287356321796e-04 1.505747126436781345e-02 2.310344827586206795e-02 1.149425287356321796e-04 2.495402298850574185e-01 1.149425287356321796e-04 1.149425287356321796e-04 6.218390804597700300e-02 5.643678160919539388e-02
6.300174520069806716e-02 1.745200698080279049e-04 1.745200698080279049e-04 1.745200698080279049e-04 4.031413612565444560e-02 1.413612565445025900e-02 1.919720767888306954e-03 5.253054101221639460e-02 1.745200698080279049e-04 3.158813263525304948e-02 5.410122164048864618e-03 1.745200698080279049e-04 1.745200698080279049e-04 1.745200698080279049e-04 8.394415357766141228e-02 7.172774869109946327e-02 4.031413612565444560e-02 9.965095986038392806e-02 1.745200698080279049e-04 3.856893542757416915e-02 1.816753926701570321e-01 7.155322862129142800e-03 1.745200698080279049e-04 1.745200698080279049e-04 2.460732984293193329e-02 1.745200698080279049e-04 1.413612565445025900e-02 5.410122164048864618e-03 1.745200698080279049e-04 2.218150087260034320e-01
2.079395085066162389e-03 3.215500945179583514e-01 1.531190926275992001e-02 1.419659735349715901e-01 1.892249527410207466e-01 1.890359168241965537e-04 3.969754253308127763e-03 1.890359168241965537e-04 7.202268431001888904e-02 7.391304347826085919e-02 1.890359168241965537e-04 1.153119092627599013e-02 1.890359168241965537e-04 6.068052930056709593e-02 1.890359168241965537e-04 1.890359168241965537e-04 1.890359168241965537e-04 1.890359168241965537e-04 1.890359168241965537e-04 1.890359168241965537e-04 1.890359168241965537e-04 1.890359168241965537e-04 1.890359168241965537e-04 1.890359168241965537e-04 1.890359168241965537e-04 1.890359168241965537e-04 8.903591682419657871e-02 1.890359168241965537e-04 1.890359168241965537e-04 1.531190926275992001e-02
3.825503355704697184e-02 2.460850111856822953e-03 2.237136465324384305e-04 3.825503355704697184e-02 1.389261744966442669e-01 2.237136465324384305e-04 2.237136465324384305e-04 2.237136465324384305e-04 2.259507829977628127e-02 4.049217002237135571e-02 2.706935123042504901e-02 8.523489932885904008e-02 2.237136465324384305e-04 1.053691275167785019e-01 2.237136465324384305e-04 4.272930648769573958e-02 2.237136465324384305e-04 2.930648769574943288e-02 2.237136465324384305e-04 6.957494407158834604e-02 2.237136465324384305e-04 2.237136465324384305e-04 2.483221476510066514e-02 1.812080536912751005e-02 2.237136465324384305e-04 2.821029082774048624e-01 2.237136465324384305e-04 2.237136465324384305e-04 3.154362416107381328e-02 2.237136465324384305e-04
3.016759776536312616e-03 3.724394785847300087e-05 3.724394785847300087e-05 6.484171322160148243e-02 1.046554934823091219e-02 1.735940409683426611e-01 4.621973929236498912e-02 6.446927374301675284e-02 8.603351955307262516e-03 2.126629422718808241e-02 7.486033519553072883e-03 7.858472998137803339e-03 7.858472998137803339e-03 3.724394785847300087e-05 2.871508379888268112e-02 1.702420856610800948e-01 6.595903165735567120e-02 2.163873370577281199e-02 5.623836126629422338e-03 3.724394785847300087e-05 4.845437616387336666e-02 1.437988826815642662e-01 3.724394785847300087e-05 3.724394785847300087e-05 7.113594040968343295e-03 1.232774674115456361e-02 3.724394785847300087e-05 2.685288640595902970e-02 4.845437616387336666e-02 4.878957169459962294e-03
7.587209302325578775e-02 2.063953488372092387e-02 2.906976744186045929e-04 2.906976744186045929e-04 3.197674418604650251e-03 2.906976744186045929e-04 3.197674418604650251e-03 2.906976744186045929e-04 2.906976744186045929e-04 2.906976744186045929e-04 2.906976744186045929e-04 1.191860465116278620e-02 2.906976744186045929e-04 7.005813953488369827e-02 2.645348837209301335e-02 5.261627906976742985e-02 1.482558139534883093e-02 2.906976744186045929e-04 6.104651162790695855e-03 8.459302325581392890e-02 2.936046511627905808e-02 2.906976744186045929e-04 2.906976744186045929e-04 2.906976744186045929e-04 2.906976744186045929e-04 4.508720930232556490e-01 2.906976744186045929e-04 2.063953488372092387e-02 3.808139534883719229e-02 8.749999999999998057e-02
7.828282828282826650e-03 2.777777777777777450e-03 2.525252525252525250e-04 6.085858585858585496e-02 2.550505050505049928e-02 2.777777777777777450e-03 5.075757575757575135e-02 2.777777777777777450e-03 1.035353535353535082e-02 2.045454545454545095e-02 1.035353535353535082e-02 5.075757575757575135e-02 2.525252525252525250e-04 2.525252525252525250e-04 2.525252525252525250e-04 2.525252525252525250e-04 1.540404040404040088e-02 2.525252525252525250e-04 2.525252525252525250e-04 9.621212121212120716e-02 2.525252525252525250e-04 2.803030303030302692e-02 1.744949494949494528e-01 3.055555555555555108e-02 3.308080808080807178e-02 3.739898989898989279e-01 2.525252525252525250e-04 2.525252525252525250e-04 2.525252525252525250e-04 2.525252525252525250e-04
8.873239436619716203e-02 2.213279678068410302e-03 4.225352112676055913e-03 2.012072434607645557e-04 7.062374245472835543e-02 2.012072434607645557e-04 3.038229376257544495e-02 4.225352112676055913e-03 3.641851106639838742e-02 6.237424547283701090e-03 2.032193158953721907e-02 2.012072434607645557e-04 2.213279678068410302e-03 7.867203219315893614e-02 1.629778672032192871e-02 5.251509054325954884e-02 2.012072434607645557e-04 2.012072434607645557e-04 2.012072434607645557e-04 4.849094567404425848e-02 2.213279678068410302e-03 2.012072434607645557e-04 2.012072434607645557e-04 7.867203219315893614e-02 2.012072434607645557e-04 3.865191146881286621e-01 2.213279678068410302e-03 2.012072434607645557e-04 6.659959758551306508e-02 2.012072434607645557e-04
1.530188679245282624e-01 1.886792452830188315e-04 3.415094339622640890e-02 2.283018867924527587e-02 8.698113207547168713e-02 1.886792452830188315e-04 5.301886792452829150e-02 1.886792452830188315e-04 7.377358490566036930e-02 1.886792452830188315e-04 1.886792452830188315e-04 3.962264150943395867e-03 1.886792452830188315e-04 1.096226415094339462e-01 1.905660377358489935e-02 1.886792452830188315e-04 1.886792452830188315e-04 1.886792452830188315e-04 1.886792452830188315e-04 1.886792452830188315e-04 5.849056603773584127e-03 1.886792452830188315e-04 1.716981132075471109e-02 2.660377358490565239e-02 3.962264150943395867e-03 3.322641509433961193e-01 1.886792452830188315e-04 2.075471698113207173e-03 1.886792452830188315e-04 5.301886792452829150e-02
3.637931034482758119e-02 1.051724137931034191e-02 7.068965517241377304e-03 1.724137931034482626e-04 4.844827586206895687e-02 1.724137931034482626e-04 7.603448275862068062e-02 4.844827586206895687e-02 1.724137931034482626e-04 2.603448275862068478e-02 6.224137931034481874e-02 1.724137931034482626e-04 1.724137931034482626e-04 8.982758620689654250e-02 1.724137931034482626e-04 1.724137931034482626e-04 5.362068965517240854e-02 1.724137931034482626e-04 7.068965517241377304e-03 1.432758620689654760e-01 1.913793103448275384e-02 1.724137931034482626e-04 5.017241379310344307e-02 1.913793103448275384e-02 5.017241379310344307e-02 1.812068965517240893e-01 3.620689655172413136e-03 1.724137931034482626e-04 6.568965517241377727e-02 1.724137931034482626e-04
4.405286343612336078e-04 2.339207048458150362e-01 1.365638766519824097e-02 3.568281938325992136e-02 4.008810572687225571e-02 4.845814977973569686e-03 4.405286343612336078e-04 3.044052863436124134e-01 7.092511013215861693e-02 4.405286343612336078e-04 4.405286343612336078e-04 4.405286343612336078e-04 4.405286343612336078e-04 8.414096916299562690e-02 6.651982378854627564e-02 4.405286343612336078e-04 4.405286343612336078e-04 4.405286343612336078e-04 4.405286343612336078e-04 4.405286343612336078e-04 4.449339207048459005e-02 4.405286343612336078e-04 3.127753303964758008e-02 4.405286343612336078e-04 5.770925110132160002e-02 4.405286343612336078e-04 4.845814977973569686e-03 4.405286343612336078e-04 4.405286343612336078e-04 4.405286343612336078e-04
3.083475298126064218e-02 1.703577512776830989e-04 1.703577512776830989e-04 1.890971039182282390e-02 3.253833049403747485e-02 1.703577512776830989e-04 1.279386712095400003e-01 1.703577512776830989e-04 1.703577512776830989e-04 1.703577512776830989e-04 1.890971039182282390e-02 1.703577512776830989e-04 1.703577512776830989e-04 7.172061328790459156e-02 1.703577512776830989e-04 1.379897785349233109e-02 3.577512776831345484e-03 6.984667802385006487e-03 1.039182282793866922e-02 1.892674616695059209e-01 6.984667802385006487e-03 5.281090289608176419e-03 1.209540034071550016e-02 1.890971039182282390e-02 1.703577512776830989e-04 2.114139693356047178e-01 1.703577512776830989e-04 1.703577512776830989e-04 2.182282793867120485e-01 1.703577512776830989e-04
1.222440944881889452e-01 1.968503937007873717e-04 2.165354330708660954e-03 3.169291338582676948e-02 1.968503937007873717e-04 1.968503937007873717e-04 7.106299212598424231e-02 1.968503937007873717e-04 1.791338582677164809e-02 1.968503937007873717e-04 1.968503937007873717e-04 1.968503937007873717e-04 1.968503937007873717e-04 1.025590551181102122e-01 2.972440944881888855e-02 3.562992125984251746e-02 2.165354330708660954e-03 1.397637795275590185e-02 3.956692913385825849e-02 1.005905511811023417e-01 2.165354330708660954e-03 8.070866141732281618e-03 1.968503937007873717e-04 9.074803149606297525e-02 1.968503937007873717e-04 2.344488188976377452e-01 1.968503937007873717e-04 1.968503937007873717e-04 4.350393700787400647e-02 4.940944881889763191e-02
1.079439252336448635e-01 4.672897196261682437e-04 4.672897196261682437e-04 4.672897196261682437e-04 5.140186915887850518e-03 4.672897196261682437e-04 4.719626168224298757e-02 1.915887850467289447e-02 4.672897196261682437e-04 4.719626168224298757e-02 5.140186915887850518e-03 5.140186915887850518e-03 4.672897196261682437e-04 3.317757009345793928e-02 4.672897196261682437e-04 9.392523364485981519e-02 4.672897196261682437e-04 5.140186915887850518e-03 1.448598130841121517e-02 1.733644859813084083e-01 8.457943925233644966e-02 4.672897196261682437e-04 1.915887850467289447e-02 4.672897196261682437e-04 4.672897196261682437e-04 2.761682242990654013e-01 4.672897196261682437e-04 5.140186915887850518e-03 5.186915887850467033e-02 4.672897196261682437e-04
3.202898550724637278e-02 1.449275362318840543e-04 1.463768115942028734e-02 4.492753623188404898e-03 1.015942028985507006e-01 1.449275362318840543e-04 3.347826086956521424e-02 2.623188405797101386e-02 3.492753623188405571e-02 5.942028985507244628e-03 3.927536231884057316e-02 2.478260869565217239e-02 1.449275362318840543e-04 2.320289855072463214e-01 8.840579710144924955e-03 5.666666666666665686e-02 1.449275362318840543e-04 4.652173913043477355e-02 4.492753623188404898e-03 4.507246376811593902e-02 1.449275362318840543e-04 4.217391304347825609e-02 1.449275362318840543e-04 6.246376811594202272e-02 3.043478260869564734e-03 1.146376811594202599e-01 4.492753623188404898e-03 1.449275362318840543e-04 6.101449275362318125e-02 1.449275362318840543e-04
8.417366946778709336e-02 2.941176470588234386e-03 1.400560224089635486e-04 5.616246498599437864e-02 5.196078431372547907e-02 1.400560224089635486e-04 5.756302521008401646e-02 1.400560224089635486e-04 5.336134453781510995e-02 7.142857142857140032e-03 2.675070028011203999e-02 1.400560224089635486e-04 1.400560224089635486e-04 1.373949579831932333e-01 4.775910364145657255e-02 4.355742296918766604e-02 1.400560224089635486e-04 1.414565826330531698e-02 1.400560224089635486e-04 7.717086834733891121e-02 1.400560224089635486e-04 3.235294117647057738e-02 6.316526610644256079e-02 4.635854341736693474e-02 1.400560224089635486e-04 7.016806722689072906e-02 9.943977591036410463e-03 1.400560224089635486e-04 1.163865546218487007e-01 1.400560224089635486e-04
1.992031872509959691e-04 4.183266932270915568e-03 1.992031872509959691e-04 7.390438247011950346e-02 1.992031872509959691e-04 4.800796812749003051e-02 1.436254980079680887e-01 2.191235059760955877e-03 1.992031872509959691e-04 2.410358565737051248e-02 1.992031872509959691e-04 2.211155378486055062e-02 4.183266932270915568e-03 4.601593625498007212e-02 1.992031872509959691e-04 1.615537848605577143e-01 1.613545816733067198e-02 2.191235059760955877e-03 1.992031872509959691e-04 8.784860557768922606e-02 1.992031872509959691e-04 1.992031872509959691e-04 8.167330677290834950e-03 3.406374501992031484e-02 1.414342629482071359e-02 3.804780876494023162e-02 1.992031872509959691e-04 1.992031872509959691e-04 1.754980079681274507e-01 9.183266932270914285e-02
3.636363636363637228e-04 3.636363636363637228e-04 3.636363636363637228e-04 3.636363636363637228e-04 3.636363636363637228e-04 7.636363636363638178e-03 3.636363636363637228e-04 6.218181818181819920e-02 3.636363636363637228e-04 8.036363636363638707e-02 1.490909090909091003e-02 2.621818181818182381e-01 9.490909090909092904e-02 3.636363636363637228e-04 3.636363636363637228e-04 5.854545454545456024e-02 1.854545454545454899e-02 3.636363636363637228e-04 3.309090909090909444e-02 5.127272727272728231e-02 1.167272727272727628e-01 3.636363636363637228e-04 3.636363636363637228e-04 3.636363636363637228e-04 3.636363636363637228e-04 1.854545454545454899e-02 3.636363636363637228e-04 3.636363636363637228e-04 2.218181818181818449e-02 1.530909090909091386e-01
1.443661971830986074e-02 3.873239436619719221e-03 3.521126760563381012e-04 1.235915492957746775e-01 3.521126760563381012e-04 3.521126760563381012e-04 7.394366197183100016e-03 8.133802816901410104e-02 3.521126760563381012e-04 3.556338028169014898e-02 3.521126760563381012e-04 1.975352112676056759e-01 8.485915492957749051e-02 4.612676056338028963e-02 3.521126760563381012e-04 6.373239436619719533e-02 3.521126760563381012e-04 3.204225352112676645e-02 3.908450704225352457e-02 4.964788732394367216e-02 4.612676056338028963e-02 3.521126760563381012e-04 3.521126760563381012e-04 3.521126760563381012e-04 3.521126760563381012e-04 3.521126760563381012e-04 3.521126760563381012e-04 3.521126760563381012e-04 3.521126760563381012e-04 1.693661971830986435e-01
1.997963340122199116e-01 2.036659877800406869e-04 2.260692464358451600e-02 2.036659877800406869e-04 6.334012219959266055e-02 2.036659877800406869e-04 2.036659877800406869e-04 2.036659877800406869e-04 2.036659877800406869e-04 2.464358452138492098e-02 2.036659877800406869e-04 2.240325865580447637e-03 2.036659877800406869e-04 2.303462321792260070e-01 3.279022403258655127e-02 5.723014256619143869e-02 2.036659877800406869e-04 2.036659877800406869e-04 2.668024439918532942e-02 2.240325865580447637e-03 2.036659877800406869e-04 2.464358452138492098e-02 1.835030549898166441e-01 3.279022403258655127e-02 1.853360488798370259e-02 3.075356415478614283e-02 2.036659877800406869e-04 4.501018329938899498e-02 2.036659877800406869e-04 2.036659877800406869e-04
3.062650602409637268e-01 4.843373493975901972e-02 5.060240963855419660e-03 2.409638554216866544e-04 4.602409638554215421e-02 2.409638554216866544e-04 2.409638554216866544e-04 2.409638554216866544e-04 2.409638554216866544e-04 1.469879518072288518e-02 2.192771084337348519e-02 2.409638554216866544e-04 2.409638554216866544e-04 5.084337349397588524e-02 5.325301204819275075e-02 4.120481927710842318e-02 9.879518072289152422e-03 2.409638554216866544e-04 2.409638554216866544e-04 2.409638554216866544e-04 2.915662650602408520e-02 2.409638554216866544e-04 1.496385542168674199e-01 1.038554216867469543e-01 6.048192771084335423e-02 2.650602409638553279e-03 2.650602409638553279e-03 5.084337349397588524e-02 2.409638554216866544e-04 2.409638554216866544e-04
9.458297506448843858e-04 8.598452278589857807e-05 8.598452278589857807e-05 2.846087704213242850e-02 6.715391229578678012e-02 8.598452278589857807e-05 8.598452278589857807e-05 2.932072226999141509e-02 7.824591573516769330e-03 6.113499570077388090e-02 8.598452278589857807e-05 8.598452278589857807e-05 3.921754084264834073e-01 1.126397248495271224e-02 1.230438521066208463e-01 5.425623387790200203e-02 8.598452278589857807e-05 8.598452278589857807e-05 8.598452278589857807e-05 1.805674978503870112e-03 4.393809114359416984e-02 9.458297506448843858e-04 6.104901117798797877e-03 6.113499570077388090e-02 1.642304385210663006e-02 8.598452278589857807e-05 8.950988822012040380e-02 3.525365434221841131e-03 8.598452278589857807e-05 8.598452278589857807e-05
1.266365688487584296e-01 2.257336343115123748e-04 2.257336343115123748e-04 2.257336343115123748e-04 3.182844243792324473e-02 2.257336343115123748e-04 2.257336343115123748e-04 4.740406320541759762e-03 9.255079006772005956e-03 7.020316027088034649e-02 2.257336343115123748e-04 6.794582392776522817e-02 2.257336343115123748e-04 6.794582392776522817e-02 2.257336343115123748e-04 2.257336343115123748e-04 2.257336343115123748e-04 2.257336343115123748e-04 2.279909706546274714e-02 7.020316027088034649e-02 4.762979683972910772e-02 2.257336343115123748e-04 9.255079006772005956e-03 2.257336343115123748e-04 1.828442437923250008e-02 3.772009029345371189e-01 2.257336343115123748e-04 1.151241534988712949e-02 2.257336343115123748e-04 6.117381489841985237e-02
4.201680672268908899e-04 4.201680672268908899e-04 4.201680672268908899e-04 5.504201680672270169e-02 4.201680672268908899e-04 3.575630252100840956e-01 1.684873949579832331e-01 1.516806722689076070e-01 4.201680672268908899e-04 4.201680672268908899e-04 4.201680672268908899e-04 4.201680672268908899e-04 4.201680672268908899e-04 4.201680672268908899e-04 4.201680672268908899e-04 4.201680672268908899e-04 1.516806722689076070e-01 4.201680672268908899e-04 4.201680672268908899e-04 4.201680672268908899e-04 4.201680672268908899e-04 4.201680672268908899e-04 4.201680672268908899e-04 4.201680672268908899e-04 4.201680672268908899e-04 4.201680672268908899e-04 4.201680672268908899e-04 1.054621848739496076e-01 4.201680672268908899e-04 4.201680672268908899e-04
2.673796791443849787e-04 2.673796791443849787e-04 2.673796791443849787e-04 1.767379679144384375e-01 1.419786096256684116e-01 4.304812834224597956e-02 2.673796791443849787e-04 2.941176470588234820e-03 2.673796791443849787e-04 2.673796791443849787e-04 6.176470588235292297e-02 6.176470588235292297e-02 3.502673796791442445e-02 3.235294117647057738e-02 5.909090909090907590e-02 2.673796791443849787e-04 2.673796791443849787e-04 2.673796791443849787e-04 6.978609625668447114e-02 2.673796791443849787e-04 2.941176470588234820e-03 3.502673796791442445e-02 1.419786096256684116e-01 8.288770053475932875e-03 5.641711229946522882e-02 2.673796791443849787e-04 2.673796791443849787e-04 2.433155080213902921e-02 3.502673796791442445e-02 8.288770053475932875e-03
3.215434083601285162e-04 3.215434083601285162e-04 3.215434083601285162e-04 5.176848874598069528e-02 2.604501607717040618e-02 4.855305466237939960e-02 6.752411575562698894e-03 3.215434083601285162e-04 3.215434083601285162e-04 6.784565916398711816e-02 3.215434083601285162e-04 5.819935691318326582e-02 3.215434083601285162e-04 3.536977491961413624e-03 5.176848874598069528e-02 5.498392282958197708e-02 3.569131832797426546e-02 3.569131832797426546e-02 3.215434083601285162e-04 3.215434083601285162e-04 3.215434083601285162e-04 4.762057877813503093e-01 3.215434083601285162e-04 3.215434083601285162e-04 1.961414790996783564e-02 1.318327974276526683e-02 6.752411575562698894e-03 3.215434083601285162e-04 3.215434083601285162e-04 3.890675241157554726e-02
2.114164904862578882e-04 2.325581395348836743e-03 2.114164904862578882e-04 6.553911205073994183e-03 8.668076109936572252e-03 4.019027484143762319e-01 2.346723044397462307e-02 7.843551797040167195e-02 2.114164904862578882e-04 2.114164904862578882e-04 2.114164904862578882e-04 2.031712473572938049e-01 2.114164904862578882e-04 2.114164904862578882e-04 2.325581395348836743e-03 2.769556025369978094e-02 6.553911205073994183e-03 2.769556025369978094e-02 2.558139534883720201e-02 2.114164904862578882e-04 2.114164904862578882e-04 1.735729386892176929e-01 2.114164904862578882e-04 2.114164904862578882e-04 8.668076109936572252e-03 2.114164904862578882e-04 2.114164904862578882e-04 2.114164904862578882e-04 2.114164904862578882e-04 2.114164904862578882e-04
3.603896103896102321e-02 1.006493506493506135e-02 3.246753246753245666e-04 3.246753246753245666e-04 2.243506493506492450e-01 3.246753246753245666e-04 3.246753246753245666e-04 1.204545454545454114e-01 5.227272727272725544e-02 2.892857142857141461e-01 3.246753246753245666e-04 3.246753246753245666e-04 6.201298701298699201e-02 3.246753246753245666e-04 6.818181818181816116e-03 1.980519480519479791e-02 5.551948051948050328e-02 3.246753246753245666e-04 3.246753246753245666e-04 3.246753246753245666e-04 5.551948051948050328e-02 3.246753246753245666e-04 3.246753246753245666e-04 3.246753246753245666e-04 3.246753246753245666e-04 6.818181818181816116e-03 5.227272727272725544e-02 3.246753246753245666e-04 3.571428571428570450e-03 3.246753246753245666e-04
7.919075144508669339e-02 2.138728323699421591e-02 1.926782273603082612e-04 1.716763005780346241e-01 1.926782273603082612e-04 1.926782273603082612e-04 1.926782273603082612e-04 1.926782273603082612e-04 1.926782273603082612e-04 1.851637764932562158e-01 1.926782273603082612e-04 1.926782273603082612e-04 1.926782273603082612e-04 8.882466281310209821e-02 3.872832369942195985e-02 5.414258188824661727e-02 4.258188824662812594e-02 5.221579961464353770e-02 1.926782273603082612e-04 1.926782273603082612e-04 7.726396917148360688e-02 1.926782273603082612e-04 1.926782273603082612e-04 1.926782273603082612e-04 1.926782273603082612e-04 9.826589595375719369e-03 2.119460500963390656e-03 1.926782273603082612e-04 2.119460500963390656e-03 1.716763005780346241e-01
3.012048192771083518e-04 3.012048192771083518e-04 3.012048192771083518e-04 1.536144578313252372e-02 1.057228915662650343e-01 7.259036144578311089e-02 4.548192771084335478e-02 4.246987951807227463e-02 6.054216867469877639e-02 3.012048192771083518e-04 3.012048192771083518e-04 3.012048192771083518e-04 3.313253012048191816e-03 2.382530120481926861e-01 6.325301204819275443e-03 9.337349397590358202e-03 3.012048192771083518e-04 3.313253012048191816e-03 1.117469879518071946e-01 3.042168674698794012e-02 2.740963855421685649e-02 2.138554216867468924e-02 5.753012048192769623e-02 3.012048192771083518e-04 3.012048192771083518e-04 7.560240963855419105e-02 3.012048192771083518e-04 4.849397590361444882e-02 3.012048192771083518e-04 2.138554216867468924e-02
