5.813953488372094027e-04 5.813953488372094027e-04 5.813953488372094027e-04 1.052325581395349152e-01 5.813953488372094027e-04 5.813953488372094027e-04 5.813953488372094027e-04 1.802325581395349333e-02 2.098837209302326090e-01 4.127906976744186857e-02 5.813953488372094027e-04 5.813953488372094027e-04 4.709302325581395804e-02 5.813953488372094027e-04 5.813953488372094027e-04 2.383720930232558280e-02 5.813953488372094027e-04 5.813953488372094027e-04 5.813953488372094027e-04 4.127906976744186857e-02 5.813953488372094027e-04 5.813953488372094027e-04 1.110465116279070047e-01 5.290697674418605445e-02 2.970930232558139927e-01 5.813953488372094027e-04 3.546511627906977215e-02 5.813953488372094027e-04 6.395348837209303972e-03 5.813953488372094027e-04
1.601562500000000208e-02 3.906250000000001301e-04 4.296875000000001214e-03 3.906250000000001301e-04 3.906250000000001301e-04 3.988281250000000888e-01 2.269531250000000611e-01 3.906250000000001301e-04 7.070312500000001943e-02 7.851562500000001943e-02 3.906250000000001301e-04 8.203125000000002082e-03 1.210937500000000382e-02 3.906250000000001301e-04 3.164062500000000555e-02 3.906250000000001301e-04 3.906250000000001301e-04 7.460937500000001943e-02 3.906250000000001301e-04 3.906250000000001301e-04 3.906250000000001301e-04 4.335937500000000555e-02 3.906250000000001301e-04 3.906250000000001301e-04 3.906250000000001301e-04 3.906250000000001301e-04 3.906250000000001301e-04 3.906250000000001301e-04 2.773437500000000555e-02 3.906250000000001301e-04
1.459302325581395832e-01 5.813953488372095111e-04 5.813953488372095111e-04 6.395348837209304839e-03 5.813953488372095111e-04 5.813953488372095111e-04 1.220930232558140038e-02 2.383720930232558627e-02 8.197674418604654345e-02 5.813953488372095111e-04 5.813953488372095111e-04 1.802325581395349333e-02 5.813953488372095111e-04 5.813953488372095111e-04 2.383720930232558627e-02 6.453488372093024728e-02 3.546511627906977909e-02 5.813953488372095111e-04 5.813953488372095111e-04 3.668604651162791774e-01 2.965116279069768268e-02 5.813953488372095111e-04 5.872093023255815780e-02 5.813953488372095111e-04 5.813953488372095111e-04 6.395348837209304839e-03 1.052325581395349291e-01 6.395348837209304839e-03 6.395348837209304839e-03 5.813953488372095111e-04
1.437500000000000167e-01 3.676470588235294067e-04 3.676470588235294067e-04 9.595588235294118251e-02 3.676470588235294067e-04 3.676470588235294067e-04 4.080882352941176544e-02 3.676470588235294067e-04 1.547794117647058876e-01 4.448529411764706037e-02 3.676470588235294067e-04 1.874999999999999931e-02 3.676470588235294067e-04 3.676470588235294067e-04 3.676470588235294067e-04 5.183823529411764330e-02 3.676470588235294067e-04 1.874999999999999931e-02 3.676470588235294067e-04 8.860294117647059264e-02 1.658088235294117585e-01 3.676470588235294067e-04 3.713235294117647051e-02 3.676470588235294067e-04 3.676470588235294067e-04 3.676470588235294067e-04 6.654411764705882304e-02 6.654411764705882304e-02 3.676470588235294067e-04 3.676470588235294067e-04
9.250000000000001277e-02 8.333333333333336037e-04 4.250000000000000999e-02 8.333333333333336037e-04 2.425000000000000766e-01 8.333333333333336037e-04 8.333333333333336037e-04 8.333333333333336037e-04 3.841666666666667673e-01 8.333333333333336037e-04 4.250000000000000999e-02 8.333333333333336037e-04 8.333333333333336037e-04 8.333333333333336037e-04 8.333333333333336037e-04 8.333333333333336037e-04 8.333333333333336037e-04 8.333333333333336037e-04 8.333333333333336037e-04 1.091666666666666896e-01 1.750000000000000513e-02 8.333333333333336037e-04 8.333333333333336037e-04 8.333333333333336037e-04 8.333333333333336037e-04 8.333333333333336037e-04 8.333333333333336037e-04 8.333333333333336037e-04 2.583333333333334009e-02 2.583333333333334009e-02
1.453488372093022965e-04 1.031976744186046367e-02 2.630813953488371840e-02 1.453488372093022965e-04 1.598837209302325342e-03 1.251453488372092637e-01 7.572674418604649627e-02 1.598837209302325342e-03 8.008720930232557378e-02 3.793604651162790081e-02 1.453488372093022965e-04 3.329941860465115422e-01 2.194767441860464782e-02 3.052325581395348361e-03 4.956395348837208670e-02 3.357558139534883718e-02 1.453488372093022965e-04 7.718023255813952210e-02 1.322674418604650841e-02 1.453488372093022965e-04 1.453488372093022965e-04 5.959302325581393965e-03 1.453488372093022965e-04 1.598837209302325342e-03 1.453488372093022965e-04 7.412790697674417201e-03 1.598837209302325342e-03 7.572674418604649627e-02 3.052325581395348361e-03 1.322674418604650841e-02
2.604166666666666088e-04 2.604166666666666088e-04 2.864583333333332697e-03 4.192708333333332316e-02 2.604166666666666088e-04 6.796874999999998057e-02 2.604166666666666088e-04 2.604166666666666088e-04 1.460937499999999667e-01 6.536458333333332316e-02 2.864583333333332697e-03 3.671874999999998751e-02 2.864583333333332697e-03 2.604166666666666088e-04 2.604166666666666088e-04 2.604166666666666088e-04 2.604166666666666088e-04 1.067708333333333010e-02 1.848958333333332663e-02 3.932291666666665186e-02 2.604166666666666088e-04 1.226562499999999667e-01 4.713541666666665880e-02 3.856770833333332260e-01 5.468749999999998786e-03 2.604166666666666088e-04 2.604166666666666088e-04 2.604166666666666088e-04 2.604166666666666088e-04 2.604166666666666088e-04
1.730366492146596102e-01 2.879581151832460214e-03 2.617801047120418031e-04 1.073298429319371333e-02 2.617801047120418031e-04 2.617801047120418031e-04 2.617801047120418031e-04 5.497382198952877920e-03 1.154450261780104459e-01 1.075916230366491810e-01 2.617801047120418031e-04 2.617801047120418031e-04 2.617801047120418031e-04 2.617801047120418031e-04 4.999999999999998890e-02 2.617801047120418031e-04 2.617801047120418031e-04 1.073298429319371333e-02 2.617801047120418031e-04 2.358638743455496456e-01 2.617801047120418031e-04 2.617801047120418031e-04 2.879581151832460214e-03 8.115183246073296927e-03 2.617801047120418031e-04 6.308900523560208307e-02 1.128272251308900243e-01 1.858638743455496775e-02 2.382198952879580403e-02 5.523560209424082518e-02
6.250000000000001214e-04 6.250000000000001214e-04 3.187500000000000056e-02 1.631250000000000477e-01 6.250000000000001214e-04 6.250000000000001214e-04 6.250000000000001214e-04 6.250000000000001214e-04 1.318750000000000200e-01 1.506250000000000366e-01 6.250000000000001214e-04 6.250000000000001214e-04 6.875000000000001769e-03 3.187500000000000056e-02 6.250000000000001214e-04 6.937500000000000611e-02 6.250000000000001214e-04 6.250000000000001214e-04 6.250000000000001214e-04 6.250000000000001214e-04 5.062500000000000333e-02 6.250000000000001214e-04 7.562500000000001166e-02 2.562500000000000194e-02 6.250000000000001214e-04 1.193750000000000366e-01 1.068750000000000255e-01 1.937500000000000333e-02 6.250000000000001214e-04 6.875000000000001769e-03
2.390572390572389544e-02 2.390572390572389544e-02 3.367003367003366097e-04 6.767676767676765459e-02 3.367003367003366097e-04 2.191919191919190768e-01 4.074074074074072321e-02 2.390572390572389544e-02 1.484848484848484418e-01 7.441077441077438570e-02 3.367003367003366097e-04 6.094276094276092348e-02 3.703703703703702544e-03 7.070707070707068533e-03 5.420875420875419237e-02 1.043771043771043322e-02 3.367003367003366097e-04 3.703703703703702544e-03 3.367003367003366097e-04 3.367003367003366097e-04 3.367003367003366097e-04 1.821548821548820973e-01 3.367003367003366097e-04 3.367003367003366097e-04 3.367003367003366097e-04 3.367003367003366097e-04 3.703703703703702544e-03 3.367003367003366097e-04 3.737373737373735766e-02 1.043771043771043322e-02
1.402013942680093057e-02 7.745933384972889977e-05 7.745933384972889977e-05 4.345468628969791081e-02 2.401239349341595906e-03 4.190549961270333135e-02 4.268009295120062108e-02 7.745933384972889977e-05 5.274980635166537368e-02 1.092176607281177339e-02 7.745933384972889977e-05 6.901626646010844413e-02 7.745933384972889977e-05 7.745933384972889977e-05 1.309837335398915392e-01 7.745933384972889977e-05 7.745933384972889977e-05 1.014717273431448540e-02 3.950426026336173631e-03 1.014717273431448540e-02 7.745933384972889977e-05 1.634391944229279803e-02 7.745933384972889977e-05 7.745933384972889977e-05 7.745933384972889977e-05 7.745933384972889977e-05 7.745933384972889977e-05 5.584817970565452566e-02 4.942680092951201032e-01 7.745933384972889977e-05
1.684365781710913945e-01 2.949852507374630685e-04 9.144542772861353336e-03 1.123893805309734151e-01 4.454277286135691766e-02 2.949852507374630685e-04 2.949852507374630685e-04 2.949852507374630685e-04 1.064896755162241526e-01 1.035398230088495214e-01 2.949852507374630685e-04 2.949852507374630685e-04 6.194690265486723843e-03 2.949852507374630685e-04 4.159292035398228643e-02 2.949852507374630685e-04 2.949852507374630685e-04 2.949852507374630685e-04 6.814159292035396054e-02 1.861356932153391819e-01 2.389380530973450253e-02 2.949852507374630685e-04 2.949852507374630685e-04 2.949852507374630685e-04 2.949852507374630685e-04 2.949852507374630685e-04 7.994100294985248545e-02 2.949852507374630685e-04 2.979351032448376499e-02 1.504424778761061406e-02
2.622676579925649620e-01 1.858736059479553599e-04 2.434944237918214988e-02 1.024163568773233945e-01 2.044609665427508851e-03 2.044609665427508851e-03 2.044609665427508851e-03 1.133828996282527576e-02 2.232342007434943709e-01 1.858736059479553599e-04 1.858736059479553599e-04 1.858736059479553599e-04 2.620817843866170282e-02 1.858736059479553599e-04 2.992565055762081566e-02 1.505576208178438340e-02 1.858736059479553599e-04 7.620817843866168999e-03 6.338289962825277568e-02 1.858736059479553599e-04 1.319702602230482871e-02 2.044609665427508851e-03 1.858736059479553599e-04 4.293680297397768630e-02 2.806691449814125577e-02 1.858736059479553599e-04 1.024163568773233945e-01 3.736059479553902746e-02 1.858736059479553599e-04 1.858736059479553599e-04
2.440624999999999045e-01 3.124999999999998981e-04 6.281249999999997946e-02 3.781249999999998501e-02 3.124999999999998981e-04 3.124999999999998981e-04 3.124999999999998981e-04 3.124999999999998981e-04 3.659374999999998601e-01 9.687499999999996461e-03 3.124999999999998981e-04 3.124999999999998981e-04 3.781249999999998501e-02 3.124999999999998981e-04 3.124999999999998981e-04 1.471874999999999434e-01 9.687499999999996461e-03 3.124999999999998981e-04 3.124999999999998981e-04 3.124999999999998981e-04 3.124999999999998981e-04 1.906249999999999264e-02 3.124999999999998981e-04 1.593749999999999334e-02 3.124999999999998981e-04 3.124999999999998981e-04 3.468749999999998918e-02 3.124999999999998981e-04 3.437499999999999150e-03 6.562499999999998022e-03
6.461538461538459538e-03 3.384615384615383919e-03 3.076923076923075945e-04 1.418461538461537885e-01 3.076923076923075945e-04 4.646153846153844302e-02 8.646153846153843692e-02 3.076923076923075945e-04 8.953846153846151124e-02 3.076923076923075945e-04 1.876923076923076028e-02 1.203076923076922683e-01 3.076923076923075945e-04 3.076923076923075945e-04 3.415384615384613881e-02 3.076923076923075945e-04 3.076923076923075945e-04 9.569230769230765987e-02 3.076923076923075945e-04 3.076923076923075945e-04 3.415384615384613881e-02 2.126153846153845117e-01 9.538461538461535591e-03 3.384615384615383919e-03 3.384615384615383919e-03 3.076923076923075945e-04 2.184615384615383807e-02 6.799999999999997713e-02 3.076923076923075945e-04 3.076923076923075945e-04
1.326388888888889173e-01 6.944444444444445794e-04 7.708333333333335091e-02 1.458333333333333703e-02 1.458333333333333703e-02 6.944444444444445794e-04 6.944444444444445794e-04 6.944444444444445794e-04 2.437500000000000500e-01 6.944444444444445794e-04 6.944444444444445794e-04 1.458333333333333703e-02 6.944444444444445794e-04 6.944444444444445794e-04 1.458333333333333703e-02 1.812500000000000500e-01 6.944444444444445794e-04 6.944444444444445794e-04 6.944444444444445794e-04 6.944444444444445794e-04 1.458333333333333703e-02 1.534722222222222598e-01 6.944444444444445794e-04 6.944444444444445794e-04 2.152777777777778109e-02 6.944444444444445794e-04 6.944444444444445794e-04 1.048611111111111271e-01 6.944444444444445794e-04 6.944444444444445794e-04
2.012295081967213350e-01 8.606557377049180863e-03 4.098360655737705457e-04 1.684426229508196871e-01 1.270491803278688686e-02 6.598360655737706137e-02 4.098360655737705457e-04 4.098360655737705457e-04 1.520491803278688769e-01 8.647540983606559484e-02 4.098360655737705457e-04 3.729508196721311591e-02 4.098360655737705457e-04 2.909836065573770739e-02 4.098360655737705457e-04 4.098360655737705457e-04 4.098360655737705457e-04 1.270491803278688686e-02 4.098360655737705457e-04 4.098360655737705457e-04 9.057377049180329043e-02 4.098360655737705457e-04 4.098360655737705457e-04 4.098360655737705457e-04 4.098360655737705457e-04 4.098360655737705457e-04 1.274590163934426479e-01 4.098360655737705457e-04 4.098360655737705457e-04 4.098360655737705457e-04
5.699481865284976648e-03 5.181347150259069285e-04 5.181347150259069285e-04 2.233160621761658693e-01 1.606217616580311522e-02 7.305699481865286782e-02 5.181347150259069285e-04 5.181347150259069285e-04 1.922279792746114657e-01 5.181347150259069285e-04 5.181347150259069285e-04 1.818652849740933219e-01 5.181347150259069285e-04 5.181347150259069285e-04 5.181347150259069285e-04 5.181347150259069285e-04 5.181347150259069285e-04 3.678756476683938542e-02 5.181347150259069285e-04 5.699481865284976648e-03 1.611398963730570622e-01 5.181347150259069285e-04 5.181347150259069285e-04 6.269430051813473792e-02 5.181347150259069285e-04 5.181347150259069285e-04 5.181347150259069285e-04 3.160621761658032047e-02 5.181347150259069285e-04 5.181347150259069285e-04
2.444987775061123925e-04 2.444987775061123925e-04 2.444987775061123925e-04 5.158924205378972311e-02 2.444987775061123925e-04 9.559902200488995527e-02 2.444987775061123925e-04 2.444987775061123925e-04 2.444987775061123925e-04 1.004889975550121994e-01 2.444987775061123925e-04 2.447432762836184994e-01 2.444987775061123925e-04 1.246943765281173164e-02 1.002444987775060782e-02 4.425427872860634992e-02 2.444987775061123925e-04 3.447432762836184772e-02 4.425427872860634992e-02 2.444987775061123925e-04 2.691931540342297202e-01 2.444987775061123925e-04 2.444987775061123925e-04 1.002444987775060782e-02 1.246943765281173164e-02 2.444987775061123925e-04 3.202933985330072564e-02 3.447432762836184772e-02 2.444987775061123925e-04 2.444987775061123925e-04
2.225396825396824541e-01 3.492063492063491193e-03 2.888888888888887715e-02 3.206349206349205089e-02 3.174603174603173516e-04 3.174603174603173516e-04 3.174603174603173516e-04 3.492063492063491193e-03 3.273015873015871491e-01 2.888888888888887715e-02 3.174603174603173516e-04 3.174603174603173516e-04 3.174603174603173516e-04 3.492063492063491193e-03 3.174603174603173516e-04 3.174603174603173516e-04 2.253968253968252969e-02 3.174603174603173516e-04 9.841269841269838226e-03 2.225396825396824541e-01 1.936507936507935596e-02 3.206349206349205089e-02 3.174603174603173516e-04 9.841269841269838226e-03 3.174603174603173516e-04 3.174603174603173516e-04 1.619047619047618222e-02 3.174603174603173516e-04 1.301587301587301022e-02 3.174603174603173516e-04
1.506172839506172284e-02 2.469135802469135318e-04 1.012345679012345394e-02 8.913580246913578586e-02 1.259259259259258752e-02 9.407407407407404609e-02 2.076543209876542395e-01 2.469135802469135318e-04 2.693827160493826312e-01 5.950617283950616204e-02 2.469135802469135318e-04 3.234567901234566834e-02 2.469135802469135318e-04 2.469135802469135318e-04 2.469135802469135318e-04 6.691358024691355932e-02 2.469135802469135318e-04 2.469135802469135318e-04 1.012345679012345394e-02 2.469135802469135318e-04 2.469135802469135318e-04 2.469135802469135318e-04 2.716049382716048850e-03 7.432098765432096354e-02 2.469135802469135318e-04 2.716049382716048850e-03 2.469135802469135318e-04 2.716049382716048850e-03 4.716049382716048372e-02 2.469135802469135318e-04
7.874015748031498122e-04 8.661417322834649019e-03 7.874015748031498122e-04 7.874015748031498122e-04 7.874015748031498122e-04 7.874015748031498122e-04 7.874015748031498122e-04 7.874015748031498122e-04 2.842519685039370803e-01 7.874015748031498122e-04 7.874015748031498122e-04 7.874015748031498122e-04 1.188976377952756097e-01 7.874015748031498122e-04 7.874015748031498122e-04 7.874015748031498122e-04 7.874015748031498122e-04 7.874015748031498122e-04 8.661417322834649019e-03 7.874015748031498122e-04 7.874015748031498122e-04 4.653543307086615566e-01 2.440944881889764440e-02 7.874015748031498122e-04 7.874015748031498122e-04 7.874015748031498122e-04 7.874015748031498122e-04 5.590551181102363515e-02 1.653543307086614497e-02 7.874015748031498122e-04
3.472222222222221271e-04 3.472222222222221271e-04 3.472222222222221271e-04 1.704861111111110605e-01 3.472222222222221271e-04 1.427083333333332704e-01 3.472222222222221271e-04 4.548611111111109523e-02 1.913194444444443754e-01 3.472222222222221271e-04 3.472222222222221271e-04 1.288194444444444031e-01 3.819444444444443452e-03 3.472222222222221271e-04 2.465277777777776652e-02 3.472222222222221271e-04 3.472222222222221271e-04 6.979166666666664076e-02 3.472222222222221271e-04 3.472222222222221271e-04 3.819444444444443452e-03 1.357638888888888506e-01 3.472222222222221271e-04 3.472222222222221271e-04 3.472222222222221271e-04 3.472222222222221271e-04 1.423611111111110390e-02 2.812499999999998682e-02 2.812499999999998682e-02 7.291666666666664180e-03
3.448275862068964168e-04 3.448275862068964168e-04 3.448275862068964168e-04 3.482758620689653528e-02 3.448275862068964168e-04 3.448275862068964168e-04 3.448275862068964168e-04 3.448275862068964168e-04 1.486206896551723611e-01 3.448275862068964168e-04 3.448275862068964168e-04 3.448275862068964168e-04 3.448275862068964168e-04 3.448275862068964168e-04 1.037931034482758308e-01 6.586206896551721757e-02 3.448275862068964168e-04 9.344827586206892744e-02 2.279310344827585044e-01 3.448275862068964168e-04 2.448275862068964581e-02 2.037931034482757808e-01 1.758620689655171487e-02 3.448275862068964168e-04 3.448275862068964168e-04 3.448275862068964168e-04 3.793103448275860802e-03 6.931034482758618998e-02 3.448275862068964168e-04 3.448275862068964168e-04
1.654811715481170897e-01 2.092050209205020524e-04 2.092050209205020524e-04 5.878661087866107748e-02 2.092050209205020524e-04 4.393305439330543426e-03 8.577405857740583173e-03 1.066945606694560261e-02 1.278242677824267537e-01 2.301255230125522685e-03 2.219665271966526632e-01 2.092050209205020524e-04 2.092050209205020524e-04 2.092050209205020524e-04 2.092050209205020524e-04 2.092050209205020524e-04 2.092050209205020524e-04 2.092050209205020524e-04 2.092050209205020524e-04 1.236401673640167148e-01 2.092050209205020524e-04 2.092050209205020524e-04 2.092050209205020524e-04 2.092050209205020524e-04 3.368200836820083033e-02 2.092050209205020524e-04 1.612970711297070647e-01 7.761506276150625938e-02 2.092050209205020524e-04 2.092050209205020524e-04
3.081730769230769940e-01 4.807692307692309043e-04 4.855769230769232253e-02 2.932692307692308376e-02 5.288461538461540490e-03 1.971153846153846437e-02 1.009615384615385018e-02 3.413461538461539518e-02 1.735576923076923572e-01 4.375000000000001110e-02 1.639423076923077482e-01 4.807692307692309043e-04 1.009615384615385018e-02 5.288461538461540490e-03 4.807692307692309043e-04 4.807692307692309043e-04 4.807692307692309043e-04 4.807692307692309043e-04 4.807692307692309043e-04 4.855769230769232253e-02 4.807692307692309043e-04 4.807692307692309043e-04 5.288461538461540490e-03 4.807692307692309043e-04 4.807692307692309043e-04 4.807692307692309043e-04 8.221153846153848865e-02 5.288461538461540490e-03 4.807692307692309043e-04 4.807692307692309043e-04
1.387931034482759174e-01 8.620689655172415842e-04 8.620689655172415842e-04 9.568965517241381780e-02 1.810344827586207392e-02 1.810344827586207392e-02 9.482758620689658510e-03 8.620689655172415842e-04 2.422413793103448953e-01 8.620689655172415842e-04 8.620689655172415842e-04 8.620689655172415842e-04 4.396551724137931494e-02 8.620689655172415842e-04 8.620689655172415842e-04 8.620689655172415842e-04 8.620689655172415842e-04 8.620689655172415842e-04 3.534482758620690473e-02 4.396551724137931494e-02 1.810344827586207392e-02 8.620689655172415842e-04 8.620689655172415842e-04 8.620689655172415842e-04 8.620689655172415842e-04 9.482758620689658510e-03 6.120689655172414922e-02 2.508620689655173264e-01 8.620689655172415842e-04 8.620689655172415842e-04
2.624161073825504453e-01 6.711409395973157253e-04 6.711409395973157253e-04 6.778523489932888890e-02 6.711409395973157253e-04 6.711409395973157253e-04 6.711409395973157253e-04 6.711409395973157253e-04 3.563758389261746373e-01 6.711409395973157253e-04 5.436241610738257179e-02 6.711409395973157253e-04 6.711409395973157253e-04 6.711409395973157253e-04 6.711409395973157253e-04 2.751677852348994105e-02 6.711409395973157253e-04 6.711409395973157253e-04 7.382550335570473195e-03 6.711409395973157253e-04 6.711409395973157253e-04 8.791946308724835069e-02 6.778523489932888890e-02 4.765100671140941324e-02 6.711409395973157253e-04 6.711409395973157253e-04 6.711409395973157253e-04 7.382550335570473195e-03 6.711409395973157253e-04 6.711409395973157253e-04
5.071428571428571869e-02 7.142857142857145019e-04 2.928571428571428992e-02 7.142857142857145019e-04 7.142857142857145019e-04 7.142857142857145019e-04 2.214285714285714815e-02 2.214285714285714815e-02 1.864285714285714712e-01 6.500000000000001610e-02 7.142857142857145019e-04 7.142857142857145019e-04 7.142857142857145019e-04 7.142857142857145019e-04 4.357142857142858039e-02 2.928571428571428992e-02 7.142857142857145019e-04 7.142857142857145019e-04 7.142857142857145019e-04 6.500000000000001610e-02 7.142857142857145019e-04 7.142857142857145019e-04 7.142857142857145019e-04 7.142857142857145019e-04 2.928571428571428992e-02 7.142857142857145019e-04 9.357142857142858317e-02 3.507142857142858117e-01 7.142857142857145019e-04 7.142857142857145019e-04
4.048582995951417914e-04 4.048582995951417914e-04 4.048582995951417914e-04 9.757085020242917128e-02 4.048582995951417914e-04 2.064777327935223006e-02 4.048582995951417914e-04 3.040485829959514441e-01 4.048582995951417914e-04 2.392712550607287991e-01 8.947368421052634413e-02 4.048582995951417914e-04 2.874493927125506762e-02 4.048582995951417914e-04 4.048582995951417914e-04 2.874493927125506762e-02 4.048582995951417914e-04 3.279352226720648467e-02 3.279352226720648467e-02 3.684210526315790518e-02 2.064777327935223006e-02 4.048582995951417914e-04 4.048582995951417914e-04 4.048582995951417914e-04 4.048582995951417914e-04 4.048582995951417914e-04 6.113360323886640746e-02 4.048582995951417914e-04 4.048582995951417914e-04 4.048582995951417914e-04
1.666666666666666069e-04 1.666666666666666069e-04 1.666666666666666069e-04 3.499999999999998772e-03 4.384999999999998899e-01 1.833333333333332866e-03 3.499999999999998772e-03 1.751666666666665817e-01 1.666666666666666069e-04 5.516666666666664859e-02 1.666666666666666069e-04 1.666666666666666069e-04 1.833333333333332866e-03 1.666666666666666069e-04 6.849999999999997757e-02 5.183333333333331461e-02 5.166666666666664895e-03 1.683333333333332515e-02 1.666666666666666069e-04 2.016666666666665914e-02 1.666666666666666069e-04 1.666666666666666069e-04 1.666666666666666069e-04 2.183333333333332613e-02 1.666666666666666069e-04 1.516666666666665990e-02 1.683333333333332515e-02 7.849999999999997258e-02 1.849999999999999215e-02 5.166666666666664895e-03
6.682464454976304313e-02 4.739336492890995948e-04 2.417061611374407906e-02 5.734597156398105189e-02 4.739336492890995948e-04 2.374407582938388994e-01 4.739336492890995948e-04 5.213270142180095705e-03 1.094786729857820107e-01 9.526066350710903075e-02 5.213270142180095705e-03 5.213270142180095705e-03 9.952606635071092195e-03 4.739336492890995948e-04 4.739336492890995948e-04 5.734597156398105189e-02 4.739336492890995948e-04 1.805687203791469519e-01 1.943127962085307997e-02 4.739336492890995948e-04 4.739336492890995948e-04 4.739336492890995948e-04 4.739336492890995948e-04 4.739336492890995948e-04 4.739336492890995948e-04 9.526066350710903075e-02 2.417061611374407906e-02 4.739336492890995948e-04 4.739336492890995948e-04 4.739336492890995948e-04
6.436170212765959797e-02 5.319148936170215022e-04 6.968085106382980454e-02 5.319148936170215022e-04 5.319148936170215022e-04 5.319148936170215022e-04 5.319148936170215022e-04 5.319148936170215022e-04 2.239361702127660447e-01 4.840425531914895052e-02 5.319148936170215022e-04 5.319148936170215022e-04 5.904255319148937753e-02 5.851063829787236416e-03 5.372340425531916402e-02 1.117021276595745079e-02 5.319148936170215022e-04 5.319148936170215022e-04 5.319148936170215022e-04 2.712765957446809303e-02 1.707446808510638958e-01 8.563829787234046587e-02 5.319148936170215022e-04 5.319148936170215022e-04 5.319148936170215022e-04 2.180851063829787606e-02 5.319148936170215022e-04 1.494680851063830418e-01 5.319148936170215022e-04 5.319148936170215022e-04
6.302083333333334536e-02 5.208333333333334345e-04 2.656250000000000278e-02 1.098958333333333592e-01 5.729166666666667997e-03 5.208333333333334345e-04 5.208333333333334345e-04 4.739583333333333842e-02 1.828125000000000444e-01 5.208333333333334345e-04 1.203125000000000305e-01 1.614583333333333495e-02 5.208333333333334345e-04 5.208333333333334345e-04 2.135416666666666713e-02 5.208333333333334345e-04 5.208333333333334345e-04 5.208333333333334345e-04 5.208333333333334345e-04 3.177083333333333842e-02 5.208333333333334345e-04 5.208333333333334345e-04 2.244791666666667018e-01 5.729166666666667997e-03 5.208333333333334345e-04 3.177083333333333842e-02 5.208333333333334345e-04 9.947916666666668795e-02 5.208333333333334345e-04 5.729166666666667997e-03
3.690036900369002499e-04 3.690036900369002499e-04 3.690036900369002499e-04 5.571955719557192960e-02 1.143911439114390742e-02 1.143911439114390742e-02 7.749077490774905139e-03 4.059040590405902857e-03 2.476014760147600136e-01 3.690036900369002499e-04 1.143911439114390742e-02 3.690036900369002499e-04 4.690036900369001782e-01 3.690036900369002499e-04 1.143911439114390742e-02 2.250922509225091253e-02 4.833948339483392503e-02 7.749077490774905139e-03 3.690036900369002499e-04 1.143911439114390742e-02 3.690036900369002499e-04 1.512915129151290797e-02 2.250922509225091253e-02 3.690036900369002499e-04 1.881918819188191025e-02 3.690036900369002499e-04 1.512915129151290797e-02 3.690036900369002499e-04 3.690036900369002499e-04 4.059040590405902857e-03
4.405286343612336078e-04 2.246696035242291140e-02 4.405286343612336078e-04 7.973568281938328561e-02 4.405286343612336078e-04 7.092511013215861693e-02 4.405286343612336078e-04 4.405286343612336078e-04 1.590308370044053454e-01 2.246696035242291140e-02 4.405286343612336078e-04 9.251101321585906631e-03 4.718061674008811601e-01 4.405286343612336078e-04 4.405286343612336078e-04 4.405286343612336078e-04 4.405286343612336078e-04 9.735682819383262299e-02 4.405286343612336078e-04 4.405286343612336078e-04 4.845814977973569686e-03 4.405286343612336078e-04 4.845814977973569686e-03 3.127753303964758008e-02 1.365638766519824097e-02 4.405286343612336078e-04 4.405286343612336078e-04 4.845814977973569686e-03 4.405286343612336078e-04 4.405286343612336078e-04
8.474576271186443684e-04 9.322033898305086969e-03 8.474576271186443684e-04 6.864406779661018365e-02 8.474576271186443684e-04 8.474576271186443684e-04 8.474576271186443684e-04 8.474576271186443684e-04 3.059322033898305704e-01 8.474576271186443684e-04 8.474576271186443684e-04 8.474576271186443684e-04 8.474576271186443684e-04 8.474576271186443684e-04 8.474576271186443684e-04 8.474576271186443684e-04 8.474576271186443684e-04 8.474576271186443684e-04 9.322033898305086969e-03 8.474576271186443684e-04 8.474576271186443684e-04 8.474576271186443684e-04 9.322033898305086969e-03 5.262711864406780515e-01 8.474576271186443684e-04 8.474576271186443684e-04 8.474576271186443684e-04 5.169491525423729888e-02 8.474576271186443684e-04 8.474576271186443684e-04
7.751937984496126092e-04 7.751937984496126092e-04 7.751937984496126092e-04 5.503875968992248680e-02 7.751937984496126092e-04 6.279069767441861072e-02 3.953488372093023895e-02 7.751937984496126092e-04 3.108527131782946595e-01 7.751937984496126092e-04 7.751937984496126092e-04 7.751937984496126092e-04 3.263565891472868796e-01 7.751937984496126092e-04 7.751937984496126092e-04 7.751937984496126092e-04 7.751937984496126092e-04 1.627906976744186371e-02 7.751937984496126092e-04 7.751937984496126092e-04 7.751937984496126092e-04 1.325581395348837677e-01 7.751937984496126092e-04 7.751937984496126092e-04 7.751937984496126092e-04 7.751937984496126092e-04 7.751937984496126092e-04 3.953488372093023895e-02 7.751937984496126092e-04 7.751937984496126092e-04
1.000000000000000238e-03 3.100000000000001019e-02 1.000000000000000238e-03 1.000000000000000238e-03 1.000000000000000238e-03 2.110000000000000764e-01 1.000000000000000238e-03 1.000000000000000238e-03 1.910000000000000586e-01 1.000000000000000238e-03 1.000000000000000238e-03 1.000000000000000238e-03 1.000000000000000238e-03 1.000000000000000238e-03 1.000000000000000238e-03 1.000000000000000238e-03 1.000000000000000238e-03 1.000000000000000238e-03 1.000000000000000238e-03 3.100000000000001019e-02 2.100000000000000824e-02 2.410000000000000753e-01 1.110000000000000292e-01 9.100000000000002531e-02 1.000000000000000238e-03 1.000000000000000238e-03 2.100000000000000824e-02 3.100000000000001019e-02 1.000000000000000238e-03 1.000000000000000238e-03
1.629392971246005836e-02 3.514376996805110721e-03 3.194888178913737019e-04 4.185303514376995104e-02 3.194888178913737019e-04 1.568690095846644872e-01 3.865814696485621316e-02 3.514376996805110721e-03 2.495207667731628443e-01 7.060702875399359202e-02 3.865814696485621316e-02 7.380191693290732990e-02 2.175718849840254654e-01 3.194888178913737019e-04 3.194888178913737019e-04 3.194888178913737019e-04 3.194888178913737019e-04 3.194888178913737019e-04 3.194888178913737019e-04 3.194888178913737019e-04 3.194888178913737019e-04 9.904153354632584325e-03 6.709265175718847306e-03 3.865814696485621316e-02 3.194888178913737019e-04 3.194888178913737019e-04 2.907348242811500297e-02 3.194888178913737019e-04 3.194888178913737019e-04 3.194888178913737019e-04
8.423645320197045705e-02 4.926108374384237159e-04 3.497536945812808329e-02 2.512315270935960854e-02 4.926108374384237159e-04 4.926108374384237159e-04 1.034482758620689814e-02 4.926108374384237159e-04 1.088669950738916509e-01 4.926108374384237159e-04 4.926108374384237159e-04 4.926108374384237159e-04 4.926108374384237159e-04 4.926108374384237159e-04 4.926108374384237159e-04 4.926108374384237159e-04 4.926108374384237159e-04 4.926108374384237159e-04 4.926108374384237159e-04 4.926108374384237159e-04 2.123152709359606150e-01 4.926108374384237159e-04 4.926108374384237159e-04 4.926108374384237159e-04 5.418719211822661634e-03 4.926108374384237159e-04 1.137931034482758813e-01 3.945812807881773909e-01 4.926108374384237159e-04 4.926108374384237159e-04
5.204081632653062561e-02 1.020408163265306431e-03 1.020408163265306431e-03 8.265306122448981552e-02 1.020408163265306431e-03 1.020408163265306431e-03 1.020408163265306431e-03 1.020408163265306431e-03 3.377551020408164351e-01 1.020408163265306431e-03 1.122448979591837183e-02 1.020408163265306431e-03 6.224489795918369123e-02 1.020408163265306431e-03 3.163265306122450132e-02 1.020408163265306431e-03 1.020408163265306431e-03 1.020408163265306431e-03 1.020408163265306431e-03 1.020408163265306431e-03 1.020408163265306431e-03 8.265306122448981552e-02 8.265306122448981552e-02 8.265306122448981552e-02 1.540816326530612679e-01 1.020408163265306431e-03 1.020408163265306431e-03 1.020408163265306431e-03 1.020408163265306431e-03 1.020408163265306431e-03
6.219512195121950499e-02 1.219512195121951218e-03 1.219512195121951218e-03 1.219512195121951218e-03 1.219512195121951218e-03 9.878048780487803937e-02 1.219512195121951218e-03 1.219512195121951218e-03 3.780487804878048669e-02 1.219512195121951218e-03 1.219512195121951218e-03 2.560975609756097754e-02 1.219512195121951218e-03 1.219512195121951218e-03 2.451219512195122185e-01 1.353658536585365946e-01 1.219512195121951218e-03 1.341463414634146492e-02 1.219512195121951218e-03 1.219512195121951218e-03 1.219512195121951218e-03 1.219512195121951218e-03 1.219512195121951218e-03 1.219512195121951218e-03 1.341463414634146492e-02 1.219512195121951218e-03 1.231707317073170715e-01 1.963414634146341542e-01 1.341463414634146492e-02 1.341463414634146492e-02
2.949852507374630685e-04 2.949852507374630685e-04 1.504424778761061406e-02 3.864306784660765520e-02 2.949852507374630685e-04 1.684365781710913945e-01 2.949852507374630685e-04 2.949852507374630685e-04 1.241887905604719400e-01 9.174041297935101036e-02 2.949852507374630685e-04 2.949852507374630685e-04 2.949852507374630685e-04 2.949852507374630685e-04 3.244837758112093483e-03 8.584070796460174790e-02 2.949852507374630685e-04 1.330383480825958198e-01 4.159292035398228643e-02 2.949852507374630685e-04 2.097345132743362039e-01 2.949852507374630685e-04 2.949852507374630685e-04 2.949852507374630685e-04 2.094395280235987478e-02 2.949852507374630685e-04 2.094395280235987478e-02 4.159292035398228643e-02 2.949852507374630685e-04 2.949852507374630685e-04
7.751937984496126092e-04 7.751937984496126092e-04 7.751937984496126092e-04 7.054263565891473464e-02 7.751937984496126092e-04 7.751937984496126092e-04 8.527131782945739785e-03 7.751937984496126092e-04 3.496124031007752930e-01 1.627906976744186371e-02 8.527131782945739785e-03 7.751937984496126092e-04 1.325581395348837677e-01 7.751937984496126092e-04 1.713178294573644012e-01 7.751937984496126092e-04 8.527131782945739785e-03 1.627906976744186371e-02 7.751937984496126092e-04 5.503875968992248680e-02 7.751937984496126092e-04 7.751937984496126092e-04 1.480620155038760155e-01 7.751937984496126092e-04 7.751937984496126092e-04 7.751937984496126092e-04 7.751937984496126092e-04 7.751937984496126092e-04 7.751937984496126092e-04 7.751937984496126092e-04
1.052356020942408488e-01 5.235602094240838231e-04 5.235602094240838231e-04 1.942408376963350725e-01 5.235602094240838231e-04 1.099476439790575931e-02 5.235602094240838231e-04 5.235602094240838231e-04 1.523560209424083822e-01 5.287958115183245822e-02 1.000000000000000056e-01 5.235602094240838231e-04 1.099476439790575931e-02 5.235602094240838231e-04 5.235602094240838231e-04 5.235602094240838231e-04 5.235602094240838231e-04 5.235602094240838231e-04 3.193717277486910616e-02 8.429319371727748977e-02 5.235602094240838231e-04 5.235602094240838231e-04 1.052356020942408488e-01 5.235602094240838231e-04 5.235602094240838231e-04 1.099476439790575931e-02 5.811518324607329450e-02 7.382198952879580334e-02 5.235602094240838231e-04 5.235602094240838231e-04
4.329004329004329001e-04 4.329004329004329001e-04 4.329004329004329001e-04 1.216450216450216532e-01 4.329004329004329001e-04 1.774891774891774673e-02 1.389610389610389796e-01 4.329004329004329001e-04 2.038961038961039085e-01 4.805194805194804714e-02 1.952380952380952384e-01 6.103896103896103847e-02 4.329004329004329001e-04 4.761904761904762334e-03 4.329004329004329001e-04 3.506493506493506274e-02 4.329004329004329001e-04 4.329004329004329001e-04 5.670995670995671034e-02 4.329004329004329001e-04 4.329004329004329001e-04 4.329004329004329001e-04 4.761904761904762334e-03 2.640692640692640647e-02 4.329004329004329001e-04 4.329004329004329001e-04 4.329004329004329001e-04 2.207792207792207487e-02 4.329004329004329001e-04 5.670995670995671034e-02
8.607142857142857650e-02 7.500000000000000590e-03 3.928571428571428839e-03 1.003571428571428670e-01 2.535714285714285587e-02 3.571428571428571425e-04 3.571428571428571425e-04 3.571428571428571425e-04 2.682142857142856829e-01 3.571428571428571425e-04 5.750000000000000250e-02 3.571428571428571425e-04 2.178571428571428326e-02 3.571428571428571425e-04 3.571428571428571425e-04 3.928571428571428839e-03 3.571428571428571425e-04 3.571428571428571425e-04 3.571428571428571425e-04 6.464285714285715467e-02 7.500000000000000590e-03 1.396428571428571519e-01 1.074999999999999983e-01 1.107142857142857234e-02 3.571428571428571425e-04 3.571428571428571425e-04 3.571428571428571425e-04 8.964285714285714912e-02 3.571428571428571425e-04 3.571428571428571425e-04
1.653225806451613308e-02 4.032258064516130113e-04 4.032258064516130113e-04 4.475806451612904246e-02 2.459677419354839092e-02 2.463709677419355371e-01 4.435483870967743721e-03 4.032258064516130113e-04 8.911290322580647794e-02 4.032258064516130113e-04 4.032258064516130113e-04 1.653225806451613308e-02 8.467741935483873508e-03 1.250000000000000243e-02 4.475806451612904246e-02 1.052419354838709936e-01 4.032258064516130113e-04 4.879032258064516792e-02 4.032258064516130113e-04 4.032258064516130113e-04 4.032258064516130113e-04 4.032258064516130113e-04 4.032258064516130113e-04 4.475806451612904246e-02 3.669354838709678462e-02 4.475806451612904246e-02 1.778225806451613489e-01 2.862903225806451984e-02 4.032258064516130113e-04 4.032258064516130113e-04
8.000000000000002552e-04 8.000000000000002552e-04 8.000000000000002552e-04 6.480000000000001037e-02 8.000000000000002552e-04 2.888000000000000567e-01 8.800000000000002265e-03 8.000000000000002552e-04 1.048000000000000181e-01 8.000000000000002552e-04 8.000000000000002552e-04 8.000000000000002552e-04 4.880000000000001004e-02 1.680000000000000590e-02 1.680000000000000590e-02 4.880000000000001004e-02 8.000000000000002552e-04 8.000000000000002552e-04 8.000000000000002552e-04 3.280000000000000276e-02 8.000000000000002552e-04 8.000000000000002552e-04 8.000000000000002552e-04 1.928000000000000547e-01 2.480000000000000607e-02 8.800000000000002265e-03 1.048000000000000181e-01 8.800000000000002265e-03 8.000000000000002552e-04 1.680000000000000590e-02
6.962025316455696874e-03 6.329113924050633029e-04 6.329113924050633029e-04 5.126582278481012223e-02 6.329113924050633029e-04 6.329113924050633029e-04 6.329113924050633029e-04 6.329113924050633029e-04 2.158227848101265944e-01 1.962025316455696250e-02 6.329113924050633029e-04 6.329113924050633029e-04 1.329113924050632882e-02 6.329113924050633029e-04 6.962025316455696874e-03 6.962025316455696874e-03 6.329113924050633029e-04 6.329113924050633029e-04 5.759493670886075417e-02 6.329113924050633029e-04 6.329113924050633029e-04 1.272151898734177333e-01 2.348101265822784833e-01 1.841772151898734278e-01 6.329113924050633029e-04 6.329113924050633029e-04 6.392405063291138612e-02 6.329113924050633029e-04 6.329113924050633029e-04 6.329113924050633029e-04
4.048582995951417914e-04 4.048582995951417914e-04 4.048582995951417914e-04 4.453441295546559271e-03 4.048582995951417914e-04 4.048582995951417914e-04 4.048582995951417914e-04 4.048582995951417914e-04 9.352226720647774383e-02 3.279352226720647773e-02 4.048582995951417914e-04 4.048582995951417914e-04 5.303643724696356643e-02 4.048582995951417914e-04 4.048582995951417914e-04 3.684210526315789824e-02 4.048582995951417914e-04 2.874493927125506415e-02 4.048582995951417914e-04 4.048582995951417914e-04 4.048582995951417914e-04 4.048582995951417914e-04 1.659919028340080954e-02 1.987854251012146078e-01 4.902834008097166074e-01 4.048582995951417914e-04 3.279352226720647773e-02 4.048582995951417914e-04 4.453441295546559271e-03 4.048582995951417914e-04
2.605042016806723496e-02 8.403361344537817797e-04 8.403361344537817797e-04 1.100840336134454034e-01 8.403361344537817797e-04 8.403361344537817797e-04 8.403361344537817797e-04 8.403361344537817797e-04 3.201680672268908401e-01 8.403361344537817797e-04 9.243697478991600228e-03 9.243697478991600228e-03 9.243697478991600228e-03 8.403361344537817797e-04 4.285714285714286448e-02 8.403361344537817797e-04 8.403361344537817797e-04 8.403361344537817797e-04 8.403361344537817797e-04 8.403361344537817797e-04 6.806722689075631050e-02 1.773109243697479631e-01 1.764705882352941846e-02 1.764705882352941846e-02 4.285714285714286448e-02 8.403361344537817797e-04 1.352941176470588702e-01 8.403361344537817797e-04 8.403361344537817797e-04 8.403361344537817797e-04
