6.410256410256411335e-04 7.051282051282053119e-03 6.410256410256411335e-04 6.410256410256411335e-04 2.628205128205128582e-02 6.410256410256411335e-04 5.192307692307693290e-02 6.410256410256411335e-04 6.410256410256411335e-04 6.410256410256411335e-04 4.551282051282051766e-02 3.910256410256410936e-02 2.628205128205128582e-02 6.410256410256411335e-04 3.788461538461539435e-01 1.224358974358974728e-01 6.410256410256411335e-04 6.410256410256411335e-04 7.051282051282053119e-03 6.410256410256411335e-04 6.410256410256411335e-04 7.051282051282053119e-03 6.410256410256411335e-04 1.346153846153846402e-02 7.051282051282053119e-03 5.192307692307693290e-02 6.410256410256411335e-04 5.192307692307693290e-02 6.410256410256411335e-04 1.544871794871795212e-01
2.818181818181819120e-01 1.578512396694215503e-01 8.264462809917357336e-04 5.867768595041323448e-02 8.264462809917357336e-04 9.090909090909093937e-03 1.000000000000000194e-01 9.090909090909093937e-03 9.090909090909093937e-03 9.090909090909093937e-03 8.264462809917357336e-04 8.264462809917357336e-04 8.264462809917357336e-04 8.264462809917357336e-04 8.264462809917357336e-04 1.165289256198347306e-01 8.264462809917357336e-04 8.264462809917357336e-04 8.264462809917357336e-04 8.264462809917357336e-04 8.264462809917357336e-04 8.264462809917357336e-04 4.214876033057851634e-02 8.264462809917357336e-04 8.264462809917357336e-04 7.520661157024795263e-02 9.090909090909093937e-03 8.264462809917357336e-04 8.264462809917357336e-04 1.082644628099173750e-01
1.677631578947367738e-02 3.289473684210525157e-04 3.289473684210525157e-04 3.289473684210525157e-04 3.289473684210525157e-04 3.289473684210525157e-04 3.654605263157892914e-01 3.618421052631578053e-03 1.019736842105262858e-02 7.598684210526313043e-02 3.289473684210525157e-04 3.289473684210525157e-04 3.289473684210525157e-04 4.309210526315787604e-02 3.289473684210525157e-04 1.450657894736841480e-01 3.289473684210525157e-04 5.624999999999998057e-02 2.006578947368420351e-02 2.993421052631577844e-02 3.289473684210525157e-04 3.289473684210525157e-04 7.269736842105260777e-02 3.289473684210525157e-04 3.289473684210525157e-04 3.289473684210525157e-04 1.019736842105262858e-02 3.289473684210525157e-04 3.289473684210525157e-04 1.450657894736841480e-01
5.813953488372094027e-04 8.197674418604652957e-02 5.813953488372094027e-04 6.395348837209303972e-03 5.813953488372094027e-04 5.813953488372094027e-04 5.813953488372094027e-04 5.813953488372094027e-04 6.395348837209303972e-03 1.220930232558139865e-02 5.290697674418605445e-02 8.197674418604652957e-02 2.680232558139535315e-01 5.813953488372094027e-04 1.220930232558139865e-02 9.941860465116281187e-02 1.802325581395349333e-02 5.813953488372094027e-04 5.813953488372094027e-04 1.802325581395349333e-02 6.395348837209303972e-03 5.813953488372094027e-04 5.813953488372094027e-04 5.813953488372094027e-04 6.395348837209303972e-03 5.872093023255814392e-02 5.813953488372094027e-04 9.360465116279072240e-02 5.813953488372094027e-04 1.691860465116279411e-01
2.214743589743589647e-01 3.205128205128205125e-04 1.349358974358974284e-01 3.205128205128205125e-04 3.205128205128205125e-04 3.205128205128205125e-04 3.205128205128205125e-04 3.205128205128205125e-04 3.205128205128205125e-04 3.205128205128205125e-04 2.596153846153845951e-02 6.730769230769231143e-03 3.205128205128205125e-04 3.205128205128205125e-04 3.205128205128205125e-04 3.205128205128205125e-04 3.205128205128205125e-04 3.205128205128205125e-04 3.205128205128205125e-04 3.205128205128205125e-04 3.205128205128205125e-04 3.205128205128205125e-04 3.205128205128205125e-04 2.275641025641025536e-02 8.044871794871795434e-02 3.205128205128205125e-04 3.205128205128205125e-04 3.205128205128205125e-04 3.496794871794871584e-01 1.509615384615384526e-01
3.906250000000001301e-04 3.906250000000001301e-04 7.851562500000001943e-02 2.582031250000000333e-01 3.906250000000001301e-04 3.636718750000000333e-01 4.296875000000001214e-03 1.992187500000000208e-02 3.906250000000001301e-04 5.117187500000001249e-02 3.906250000000001301e-04 3.906250000000001301e-04 1.210937500000000382e-02 3.906250000000001301e-04 1.210937500000000382e-02 3.554687500000000555e-02 3.906250000000001301e-04 3.906250000000001301e-04 3.906250000000001301e-04 3.906250000000001301e-04 3.906250000000001301e-04 3.906250000000001301e-04 3.906250000000001301e-04 3.906250000000001301e-04 3.906250000000001301e-04 1.992187500000000208e-02 3.906250000000001301e-04 3.906250000000001301e-04 3.906250000000001301e-04 1.371093750000000333e-01
1.542288557213930891e-02 5.472636815920400161e-03 4.975124378109454593e-04 4.975124378109454593e-04 1.044776119402985454e-02 4.975124378109454593e-04 2.039800995024875982e-02 4.975124378109454593e-04 6.019900497512439136e-02 1.044776119402985454e-02 4.975124378109454593e-04 4.975124378109454593e-04 2.537313432835821420e-02 4.975124378109454593e-04 4.975124378109454593e-04 7.512437810945275796e-02 1.149253731343283930e-01 4.975124378109454593e-04 1.547263681592040419e-01 4.975124378109454593e-04 4.975124378109454593e-04 4.975124378109454593e-04 4.975124378109454593e-04 4.975124378109454593e-04 1.000000000000000333e-01 1.746268656716418455e-01 4.975124378109454593e-04 4.975124378109454593e-04 5.522388059701494045e-02 1.696517412935323876e-01
1.587301587301587083e-03 4.920634920634919807e-02 2.238095238095237638e-01 4.920634920634919807e-02 1.587301587301587083e-03 4.920634920634919807e-02 1.587301587301587083e-03 1.587301587301587083e-03 1.444444444444444031e-01 1.587301587301587083e-03 1.587301587301587083e-03 1.587301587301587083e-03 4.920634920634919807e-02 4.920634920634919807e-02 1.587301587301587083e-03 1.587301587301587083e-03 1.587301587301587083e-03 1.587301587301587083e-03 1.587301587301587083e-03 1.746031746031745727e-02 1.587301587301587083e-03 1.587301587301587083e-03 1.587301587301587083e-03 1.587301587301587083e-03 1.285714285714285310e-01 1.587301587301587083e-03 1.587301587301587083e-03 1.587301587301587083e-03 1.587301587301587083e-03 2.079365079365078917e-01
3.690036900369004667e-04 1.512915129151291664e-02 3.690036900369004667e-04 2.250922509225092641e-02 4.059040590405905459e-03 3.690036900369004667e-04 4.059040590405905459e-03 3.690036900369004667e-04 6.129151291512916488e-01 2.619926199261992869e-02 3.690036900369004667e-04 2.619926199261992869e-02 3.690036900369004667e-04 2.619926199261992869e-02 1.143911439114391436e-02 8.892988929889301952e-02 3.690036900369004667e-04 3.690036900369004667e-04 3.690036900369004667e-04 2.250922509225092641e-02 1.881918819188192066e-02 3.690036900369004667e-04 4.464944649446495051e-02 3.690036900369004667e-04 3.690036900369004667e-04 3.690036900369004667e-04 3.690036900369004667e-04 7.749077490774909475e-03 3.690036900369004667e-04 6.309963099630998273e-02
5.813953488372094027e-04 8.197674418604652957e-02 1.802325581395349333e-02 5.813953488372094027e-04 5.813953488372094027e-04 5.813953488372094027e-04 1.220930232558139865e-02 2.383720930232558280e-02 5.813953488372094027e-04 5.813953488372094027e-04 8.779069767441861905e-02 5.813953488372094027e-04 5.813953488372094027e-04 1.866279069767442234e-01 5.813953488372094027e-04 5.813953488372094027e-04 2.854651162790698415e-01 5.813953488372094027e-04 5.813953488372094027e-04 5.813953488372094027e-04 6.395348837209303972e-03 5.813953488372094027e-04 1.110465116279070047e-01 3.546511627906977215e-02 5.813953488372094027e-04 1.401162790697674798e-01 5.813953488372094027e-04 5.813953488372094027e-04 5.813953488372094027e-04 5.813953488372094027e-04
2.583826429980275174e-02 1.972386587771202549e-04 4.142011834319525056e-03 1.794871794871794046e-02 1.972386587771202549e-04 1.972386587771202549e-04 6.923076923076920686e-02 4.556213017751477995e-02 3.570019723865876932e-02 1.875739644970413345e-01 1.972386587771202549e-04 1.185404339250492739e-01 1.972386587771202549e-04 1.972386587771202549e-04 4.753451676528598624e-02 1.972386587771202549e-04 1.972386587771202549e-04 1.972386587771202549e-04 1.992110453648914328e-02 1.027613412228796513e-01 8.303747534516763007e-02 1.972386587771202549e-04 1.203155818540433374e-02 1.972386587771202549e-04 1.027613412228796513e-01 3.372781065088756303e-02 4.142011834319525056e-03 2.169625246548323103e-03 1.972386587771202549e-04 8.500986193293882942e-02
8.333333333333336037e-04 8.333333333333336037e-04 8.333333333333336037e-04 8.333333333333336037e-04 8.333333333333336037e-04 8.333333333333336037e-04 8.333333333333336037e-04 8.333333333333336037e-04 9.166666666666670182e-03 1.750000000000000513e-02 8.333333333333336037e-04 8.333333333333336037e-04 8.333333333333336037e-04 1.750000000000000513e-02 8.333333333333336037e-04 8.333333333333336037e-04 4.008333333333334303e-01 8.333333333333336037e-04 8.333333333333336037e-04 8.333333333333336037e-04 9.166666666666670182e-03 4.250000000000000999e-02 2.591666666666667673e-01 8.333333333333336037e-04 5.916666666666667990e-02 8.333333333333336037e-04 8.333333333333336037e-04 8.333333333333336037e-04 9.166666666666670182e-03 1.591666666666667063e-01
2.670157068062826988e-02 5.235602094240838231e-04 5.759162303664922163e-03 5.235602094240838231e-04 1.623036649214659732e-02 8.952879581151833299e-02 5.811518324607329450e-02 1.099476439790575931e-02 5.235602094240838231e-04 1.099476439790575931e-02 5.235602094240838231e-04 3.193717277486910616e-02 5.235602094240838231e-04 1.099476439790575931e-02 5.235602094240838231e-04 5.235602094240838231e-04 1.623036649214659732e-02 5.235602094240838231e-04 5.235602094240838231e-04 5.235602094240838231e-04 5.235602094240838231e-04 5.235602094240838231e-04 5.235602094240838231e-04 5.759162303664922163e-03 5.235602094240838231e-04 3.094240837696335400e-01 4.764397905759162194e-02 1.099476439790575931e-02 5.235602094240838231e-04 3.408376963350784883e-01
3.357558139534883024e-02 1.453488372093022965e-04 5.959302325581393098e-03 2.617732558139533872e-01 1.453488372093022965e-04 6.845930232558138095e-02 1.453488372093022965e-04 1.453488372093022965e-04 1.453488372093022965e-04 6.991279069767439291e-02 1.453488372093022965e-04 2.921511627906975966e-02 1.453488372093022965e-04 4.520348837209300918e-02 1.453488372093022965e-04 1.453488372093022965e-04 1.453488372093022965e-04 5.392441860465115033e-02 1.453488372093022965e-04 1.598837209302325126e-03 1.453488372093022965e-04 2.399709302325580551e-01 1.453488372093022965e-04 1.613372093023255141e-02 3.357558139534883024e-02 1.453488372093022965e-04 1.453488372093022965e-04 1.613372093023255141e-02 1.453488372093022965e-04 1.222383720930232121e-01
9.140624999999998057e-02 2.604166666666666088e-04 2.604166666666666088e-04 3.151041666666665880e-02 2.604166666666666088e-04 7.578124999999998057e-02 1.067708333333333010e-02 2.604166666666666088e-04 2.604166666666666088e-04 2.604166666666666088e-04 2.604166666666666088e-04 2.604166666666666088e-04 5.234374999999998751e-02 2.604166666666666088e-04 2.604166666666666088e-04 6.536458333333332316e-02 8.072916666666664007e-03 9.661458333333330928e-02 2.604166666666666088e-04 2.604166666666666088e-04 2.864583333333332697e-03 2.604166666666666088e-04 3.671874999999998751e-02 2.604166666666666088e-04 2.604166666666666088e-04 3.830729166666665408e-01 2.604166666666666088e-04 2.864583333333332697e-03 2.864583333333332697e-03 1.356770833333333093e-01
2.617801047120418031e-04 6.308900523560208307e-02 2.617801047120418031e-04 2.617801047120418031e-04 5.497382198952877920e-03 2.879581151832460214e-03 8.115183246073296927e-03 2.879581151832460214e-03 1.858638743455496775e-02 1.363874345549737910e-01 5.785340314136123985e-02 3.167539267015705845e-02 2.617801047120418031e-04 2.617801047120418031e-04 2.617801047120418031e-04 3.691099476439789473e-02 2.698952879581150710e-01 2.617801047120418031e-04 2.617801047120418031e-04 2.617801047120418031e-04 2.617801047120418031e-04 1.073298429319371333e-02 1.494764397905758713e-01 2.617801047120418031e-04 2.617801047120418031e-04 6.047120418848166146e-02 1.073298429319371333e-02 2.879581151832460214e-03 2.617801047120418031e-04 1.285340314136125262e-01
1.205555555555555131e-01 3.166666666666666241e-02 6.129629629629628623e-02 1.851851851851851489e-04 1.851851851851851489e-04 1.851851851851851489e-04 1.851851851851851489e-04 1.851851851851851489e-04 1.851851851851851489e-04 3.166666666666666241e-02 1.851851851851851489e-04 2.611111111111110578e-02 1.851851851851851489e-04 1.112962962962962821e-01 1.851851851851851489e-04 1.851851851851851489e-04 4.648148148148147779e-02 1.851851851851851489e-04 1.851851851851851489e-04 1.851851851851851489e-04 1.851851851851851489e-04 1.851851851851851489e-04 1.851851851851851489e-04 8.722222222222220100e-02 3.166666666666666241e-02 1.851851851851851489e-04 2.037037037037036855e-03 1.851851851851851489e-04 3.872222222222221344e-01 5.944444444444443171e-02
8.451178451178451012e-02 3.367003367003367181e-04 3.367003367003367181e-04 5.757575757575757874e-02 3.367003367003367181e-04 2.292929292929292706e-01 1.717171717171717127e-02 3.367003367003367181e-04 3.367003367003367181e-04 8.114478114478114457e-02 3.367003367003367181e-04 3.367003367003367181e-04 3.063973063973063696e-02 3.367003367003367181e-04 3.367003367003367181e-04 9.124579124579125511e-02 1.043771043771043842e-02 3.367003367003367181e-04 3.367003367003367181e-04 1.282828282828282762e-01 3.367003367003367181e-04 3.367003367003367181e-04 3.367003367003367181e-04 3.367003367003367181e-04 5.084175084175084069e-02 3.367003367003367181e-04 3.367003367003367181e-04 3.367003367003367181e-04 3.367003367003367181e-04 2.124579124579124567e-01
5.499612703330753090e-03 2.796281951975214050e-02 6.274206041828041952e-03 2.401239349341596774e-03 7.745933384972892688e-05 5.197521301316809783e-02 7.745933384972892688e-05 4.555383423702558110e-01 7.745933384972892688e-05 1.673896204492641981e-01 7.745933384972892688e-05 7.745933384972892688e-05 2.401239349341596774e-03 7.745933384972892688e-05 7.745933384972892688e-05 7.745933384972892688e-05 7.745933384972892688e-05 7.753679318357864503e-02 7.745933384972892688e-05 2.951200619674671996e-02 7.745933384972892688e-05 3.803253292021690352e-02 1.014717273431448887e-02 3.028659953524400969e-02 3.570875290472503433e-02 7.745933384972892688e-05 7.745933384972892688e-05 7.745933384972892688e-05 7.745933384972892688e-05 5.817195972114641567e-02
2.949852507374630685e-04 1.418879056047197273e-01 2.949852507374630685e-04 2.949852507374630685e-04 9.144542772861353336e-03 1.209439528023598283e-02 2.949852507374630685e-04 2.949852507374630685e-04 2.949852507374630685e-04 6.224188790560470502e-02 3.864306784660765520e-02 1.271386430678465573e-01 2.949852507374630685e-04 2.949852507374630685e-04 2.949852507374630685e-04 8.879056047197637913e-02 2.451327433628317509e-01 2.949852507374630685e-04 2.949852507374630685e-04 1.209439528023598283e-02 2.389380530973450253e-02 6.194690265486723843e-03 4.454277286135691766e-02 2.949852507374630685e-04 9.144542772861353336e-03 2.949852507374630685e-04 2.949852507374630685e-04 2.949852507374630685e-04 4.159292035398228643e-02 1.330383480825958198e-01
5.037174721189590504e-02 2.083643122676579473e-01 5.037174721189590504e-02 1.858736059479553599e-04 1.858736059479553599e-04 1.858736059479553599e-04 7.620817843866168999e-03 1.858736059479553599e-04 2.044609665427508851e-03 1.858736059479553599e-04 1.858736059479553599e-04 7.453531598513009337e-02 3.736059479553902746e-02 9.498141263940518275e-02 1.858736059479553599e-04 1.005576208178438485e-01 1.858736059479553599e-04 1.858736059479553599e-04 1.858736059479553599e-04 7.620817843866168999e-03 1.858736059479553599e-04 1.858736059479553599e-04 1.098513011152416202e-01 1.133828996282527576e-02 6.710037174721188158e-02 1.858736059479553599e-04 1.858736059479553599e-04 1.858736059479553599e-04 2.434944237918214988e-02 1.507434944237917851e-01
4.396551724137931494e-02 8.620689655172415842e-04 8.620689655172415842e-04 8.620689655172415842e-04 1.810344827586207392e-02 8.620689655172415842e-04 4.396551724137931494e-02 8.620689655172415842e-04 8.620689655172415842e-04 2.594827586206897574e-01 8.620689655172415842e-04 4.396551724137931494e-02 1.474137931034483207e-01 2.672413793103449106e-02 8.620689655172415842e-04 9.482758620689658510e-03 8.620689655172415842e-04 8.620689655172415842e-04 8.620689655172415842e-04 8.620689655172415842e-04 8.620689655172415842e-04 8.620689655172415842e-04 3.284482758620690390e-01 8.620689655172415842e-04 8.620689655172415842e-04 6.120689655172414922e-02 8.620689655172415842e-04 8.620689655172415842e-04 8.620689655172415842e-04 8.620689655172415842e-04
9.687499999999996461e-03 1.034374999999999739e-01 3.124999999999998981e-04 3.124999999999998981e-04 3.437499999999999150e-03 3.124999999999998981e-04 3.437499999999999150e-03 3.124999999999998981e-04 3.124999999999998981e-04 3.124999999999998981e-04 3.124999999999998981e-04 3.437499999999999150e-03 3.124999999999998981e-04 1.471874999999999434e-01 3.124999999999998981e-04 2.815624999999998823e-01 1.906249999999999264e-02 3.124999999999998981e-04 3.124999999999998981e-04 1.628124999999999434e-01 3.124999999999998981e-04 3.124999999999998981e-04 7.218749999999997391e-02 3.124999999999998981e-04 4.093749999999998779e-02 1.593749999999999334e-02 3.124999999999998981e-04 3.781249999999998501e-02 6.562499999999998022e-03 8.781249999999997391e-02
2.095384615384614513e-01 3.384615384615383919e-03 6.461538461538459538e-03 1.261538461538460991e-02 2.184615384615383807e-02 2.184615384615383807e-02 3.076923076923075945e-04 1.569230769230768596e-02 3.076923076923075945e-04 8.030769230769228828e-02 3.384615384615383919e-03 2.799999999999999017e-02 3.076923076923075945e-04 3.076923076923075945e-04 3.076923076923075945e-04 3.076923076923075945e-04 3.076923076923075945e-04 9.261538461538458555e-02 3.076923076923075945e-04 1.449230769230768767e-01 3.076923076923075945e-04 1.479999999999999649e-01 3.076923076923075945e-04 3.076923076923075945e-04 6.799999999999997713e-02 3.076923076923075945e-04 3.076923076923075945e-04 3.076923076923075945e-04 3.076923076923075945e-04 1.387692307692307281e-01
1.465277777777778123e-01 5.625000000000000833e-02 6.944444444444445794e-04 6.944444444444445794e-04 6.944444444444445794e-04 6.944444444444445794e-04 6.944444444444445794e-04 6.944444444444445794e-04 3.541666666666667268e-02 4.236111111111112021e-02 4.236111111111112021e-02 6.944444444444445794e-04 6.944444444444445794e-04 4.930555555555556080e-02 6.944444444444445794e-04 2.020833333333333925e-01 3.541666666666667268e-02 6.944444444444445794e-04 6.944444444444445794e-04 1.743055555555556024e-01 6.944444444444445794e-04 6.944444444444445794e-04 8.402777777777779844e-02 6.944444444444445794e-04 6.944444444444445794e-04 6.944444444444445794e-04 6.944444444444445794e-04 2.152777777777778109e-02 6.944444444444445794e-04 9.791666666666667962e-02
1.149425287356321823e-03 7.011494252873561039e-02 1.149425287356321823e-03 1.149425287356321823e-03 2.413793103448275482e-02 1.149425287356321823e-03 1.149425287356321823e-03 1.149425287356321823e-03 1.149425287356321823e-03 1.149425287356321823e-03 1.149425287356321823e-03 1.160919540229884833e-01 1.149425287356321823e-03 1.149425287356321823e-03 1.149425287356321823e-03 2.413793103448275482e-02 1.149425287356321823e-03 1.149425287356321823e-03 1.149425287356321823e-03 1.264367816091953832e-02 1.149425287356321823e-03 1.264367816091953832e-02 4.712643678160918087e-02 2.195402298850574474e-01 1.149425287356321823e-03 1.149425287356321823e-03 1.149425287356321823e-03 1.149425287356321823e-03 1.620689655172413424e-01 2.885057471264367290e-01
1.272151898734177333e-01 6.962025316455696874e-03 6.962025316455696874e-03 6.329113924050633029e-04 6.329113924050633029e-04 6.329113924050633029e-04 6.329113924050633029e-04 6.329113924050633029e-04 6.329113924050633029e-04 6.329113924050633029e-04 6.329113924050633029e-04 4.493670886075949028e-02 6.329113924050633029e-04 6.329113924050633029e-04 6.329113924050633029e-04 6.329113924050633029e-04 6.329113924050633029e-04 3.860759493670885834e-02 6.329113924050633029e-04 6.329113924050633029e-04 6.962025316455696874e-03 3.227848101265822639e-02 4.493670886075949028e-02 1.329113924050632882e-02 6.329113924050633029e-04 6.329113924050633029e-04 6.329113924050633029e-04 6.329113924050633029e-04 4.816455696202531223e-01 1.841772151898734278e-01
1.715025906735751504e-01 5.181347150259068201e-04 5.181347150259068201e-04 5.181347150259068201e-04 5.181347150259068201e-04 1.093264248704663433e-01 5.181347150259068201e-04 5.181347150259068201e-04 5.181347150259068201e-04 5.181347150259068201e-04 5.181347150259068201e-04 7.305699481865285394e-02 5.181347150259068201e-04 5.181347150259068201e-04 5.181347150259068201e-04 3.160621761658031353e-02 5.181347150259068201e-04 5.181347150259068201e-04 1.088082901554404333e-02 5.181347150259068201e-04 5.181347150259068201e-04 2.388601036269430433e-01 3.678756476683937848e-02 5.181347150259068201e-04 5.181347150259068201e-04 5.699481865284975780e-03 5.181347150259068201e-04 5.233160621761658721e-02 5.699481865284975780e-03 2.544041450777202451e-01
1.836185819070904057e-01 2.444987775061123925e-04 1.002444987775060782e-02 1.002444987775060782e-02 1.980440097799510482e-02 1.249388753056234341e-01 2.689486552567236805e-03 2.444987775061123925e-04 2.444987775061123925e-04 6.625916870415646254e-02 1.735941320293397927e-02 2.689486552567236805e-03 2.444987775061123925e-04 3.447432762836184772e-02 7.579462102689484872e-03 2.444987775061123925e-04 2.444987775061123925e-04 2.444987775061123925e-04 2.444987775061123925e-04 2.224938875305622690e-02 2.689486552567236805e-03 3.596577017114913066e-01 2.444987775061123925e-04 1.491442542787285545e-02 1.002444987775060782e-02 2.444987775061123925e-04 1.246943765281173164e-02 2.444987775061123925e-04 2.444987775061123925e-04 9.559902200488995527e-02
4.104046242774567199e-02 5.780346820809250004e-04 1.104046242774566755e-01 5.780346820809250004e-04 3.526011560693641939e-02 5.780346820809250004e-04 5.780346820809250004e-04 5.780346820809250004e-04 5.780346820809250004e-04 1.046242774566474298e-01 5.780346820809250004e-04 5.780346820809250004e-04 5.780346820809250004e-04 5.780346820809250004e-04 5.780346820809250004e-04 5.780346820809250004e-04 5.780346820809250004e-04 5.780346820809250004e-04 6.358381502890174571e-03 1.213872832369942457e-02 5.780346820809250004e-04 7.572254335260115987e-02 5.260115606936417026e-02 5.780346820809250004e-04 1.566473988439306686e-01 1.791907514450867545e-02 5.780346820809250004e-04 5.780346820809250004e-04 2.780346820809249109e-01 9.884393063583817030e-02
1.370235934664246723e-02 6.814882032667876621e-02 3.820326678765880585e-02 3.275862068965517543e-02 4.627949183303084642e-03 4.627949183303084642e-03 1.470961887477313934e-01 7.350272232304899851e-03 1.914700544464609938e-02 5.907441016333937756e-02 1.914700544464609938e-02 9.165154264972776368e-03 4.627949183303084642e-03 3.548094373865699064e-02 9.074410163339383670e-05 4.546279491833030845e-02 1.551724137931034635e-02 2.822141560798548110e-02 1.733212341197822373e-02 1.279491833030852940e-02 2.042649727767694989e-01 9.074410163339383670e-05 8.629764065335752965e-02 9.074410163339383670e-05 1.551724137931034635e-02 9.074410163339383670e-05 9.074410163339383670e-05 4.627949183303084642e-03 9.074410163339383670e-05 1.062613430127041653e-01
3.174603174603173516e-04 1.431746031746031211e-01 6.666666666666664492e-03 3.174603174603173516e-04 3.174603174603173516e-04 3.174603174603173516e-04 4.158730158730156862e-02 3.174603174603173516e-04 3.174603174603173516e-04 2.253968253968252969e-02 3.523809523809522115e-02 3.174603174603173516e-04 3.174603174603173516e-04 3.174603174603173516e-04 3.174603174603173516e-04 1.939682539682539009e-01 1.653968253968253477e-01 3.174603174603173516e-04 3.492063492063491193e-03 3.206349206349205089e-02 3.174603174603173516e-04 3.174603174603173516e-04 2.130158730158729086e-01 3.174603174603173516e-04 3.174603174603173516e-04 3.174603174603173516e-04 3.174603174603173516e-04 3.174603174603173516e-04 3.174603174603173516e-04 1.368253968253967667e-01
6.691358024691355932e-02 5.950617283950614816e-02 4.716049382716047678e-02 5.950617283950614816e-02 2.469135802469134776e-04 8.666666666666662799e-02 7.654320987654317753e-03 2.246913580246912706e-02 2.469135802469134776e-04 1.506172839506172111e-02 2.469135802469134776e-04 2.469135802469134776e-04 2.469135802469134776e-04 2.469135802469134776e-04 2.469135802469134776e-04 1.755555555555554648e-01 7.654320987654317753e-03 1.434567901234567455e-01 2.716049382716048417e-03 2.469135802469134776e-04 4.716049382716047678e-02 3.234567901234566140e-02 1.259259259259258579e-02 2.469135802469134776e-04 5.209876543209874394e-02 1.012345679012345220e-02 2.469135802469134776e-04 2.469135802469134776e-04 2.469135802469134776e-04 1.483950617283950058e-01
2.440944881889763746e-02 7.874015748031497038e-04 7.874015748031497038e-04 2.440944881889763746e-02 7.874015748031497038e-04 7.874015748031497038e-04 7.165354330708660624e-02 7.874015748031497038e-04 7.874015748031497038e-04 8.661417322834645549e-03 7.874015748031497038e-04 7.874015748031497038e-04 8.661417322834645549e-03 7.874015748031497038e-04 7.874015748031497038e-04 4.803149606299212532e-02 8.661417322834645549e-03 8.740157480314959815e-02 7.874015748031497038e-04 1.031496062992125901e-01 7.874015748031497038e-04 7.874015748031497038e-04 7.874015748031497038e-04 7.874015748031497038e-04 7.874015748031497038e-04 4.015748031496062936e-02 8.661417322834645549e-03 3.629921259842519565e-01 7.874015748031497038e-04 1.897637795275590733e-01
1.253472222222222210e-01 3.472222222222222355e-04 4.548611111111110911e-02 9.756944444444444475e-02 3.472222222222222355e-04 1.774305555555555636e-01 3.472222222222222355e-04 4.201388888888888534e-02 3.819444444444444753e-03 5.937500000000000416e-02 2.118055555555555317e-02 3.472222222222222355e-04 3.472222222222222355e-04 3.472222222222222355e-04 3.472222222222222355e-04 7.673611111111111605e-02 3.472222222222222355e-04 3.472222222222222355e-04 3.472222222222222355e-04 1.770833333333333287e-02 7.291666666666666782e-03 3.472222222222222355e-04 3.472222222222222355e-04 7.291666666666666782e-03 8.020833333333333981e-02 3.472222222222222355e-04 3.472222222222222355e-04 3.472222222222222355e-04 3.472222222222222355e-04 2.329861111111110883e-01
8.310344827586209349e-02 2.103448275862069422e-02 1.037931034482758863e-01 4.172413793103448704e-02 3.448275862068966337e-04 3.448275862068966337e-04 3.448275862068966337e-04 1.068965517241379608e-02 3.448275862068966337e-04 1.693103448275862510e-01 3.448275862068966337e-04 3.448275862068966337e-04 6.931034482758623161e-02 2.448275862068965969e-02 3.448275862068966337e-04 6.586206896551725920e-02 3.448275862068966337e-04 3.448275862068966337e-04 3.448275862068966337e-04 1.244827586206896791e-01 1.758620689655172528e-02 1.413793103448275981e-02 3.448275862068966337e-04 7.241379310344829741e-03 3.448275862068966337e-04 3.448275862068966337e-04 3.448275862068966337e-04 3.448275862068966337e-04 8.310344827586209349e-02 1.589655172413793338e-01
6.756756756756758216e-04 7.432432432432434580e-03 4.797297297297298257e-02 1.418918918918919171e-02 6.756756756756758216e-04 6.756756756756758216e-04 7.432432432432434580e-03 6.756756756756758216e-04 6.756756756756758216e-04 6.756756756756758216e-04 1.425675675675676102e-01 6.756756756756758216e-04 6.756756756756758216e-04 2.770270270270270424e-02 6.756756756756758216e-04 3.587837837837838384e-01 3.445945945945946137e-02 6.756756756756758216e-04 6.756756756756758216e-04 6.756756756756758216e-04 6.756756756756758216e-04 6.756756756756758216e-04 7.500000000000001110e-02 2.094594594594595058e-02 6.756756756756758216e-04 6.756756756756758216e-04 1.418918918918919171e-02 1.020270270270270396e-01 6.756756756756758216e-04 1.358108108108108392e-01
3.846153846153847235e-04 3.500000000000000333e-02 1.576923076923077149e-02 3.846153846153847235e-04 2.580769230769230926e-01 3.846153846153847235e-04 6.576923076923078815e-02 3.846153846153847235e-04 3.846153846153847235e-04 2.730769230769231060e-02 3.846153846153847235e-04 4.653846153846154937e-02 3.846153846153847235e-04 4.230769230769232392e-03 1.542307692307692824e-01 1.888461538461538858e-01 3.846153846153847235e-04 3.846153846153847235e-04 3.846153846153847235e-04 3.846153846153847235e-04 4.230769230769232392e-03 3.846153846153847235e-04 8.500000000000001998e-02 4.230769230769232392e-03 2.346153846153846423e-02 3.846153846153847235e-04 3.846153846153847235e-04 3.846153846153847235e-04 3.846153846153847235e-04 8.115384615384617362e-02
9.322033898305086969e-03 8.474576271186442600e-04 8.474576271186442600e-04 8.474576271186442600e-04 1.618644067796610464e-01 1.779661016949152935e-02 8.474576271186442600e-04 8.474576271186442600e-04 3.474576271186440718e-02 9.322033898305086969e-03 8.474576271186442600e-04 8.474576271186442600e-04 7.711864406779661563e-02 8.474576271186442600e-04 8.474576271186442600e-04 1.703389830508474923e-01 8.474576271186442600e-04 6.016949152542373086e-02 8.474576271186442600e-04 4.322033898305085303e-02 8.474576271186442600e-04 8.474576271186442600e-04 2.805084745762712051e-01 3.474576271186440718e-02 8.474576271186442600e-04 9.322033898305086969e-03 8.474576271186442600e-04 8.474576271186442600e-04 8.474576271186442600e-04 7.711864406779661563e-02
1.485355648535564843e-02 1.717573221757321966e-01 2.112970711297071022e-02 2.092050209205021066e-04 2.092050209205021066e-04 2.092050209205021066e-04 2.092050209205021066e-04 2.092050209205021066e-04 2.092050209205021066e-04 4.205020920502092197e-02 2.092050209205021066e-04 2.324267782426778228e-01 2.092050209205021066e-04 2.092050209205021066e-04 2.092050209205021066e-04 1.485355648535564843e-02 1.110878661087866121e-01 2.092050209205021066e-04 2.092050209205021066e-04 2.092050209205021066e-04 2.092050209205021066e-04 2.092050209205021066e-04 5.669456066945607192e-02 4.393305439330544293e-03 1.592050209205020939e-01 1.485355648535564843e-02 2.092050209205021066e-04 2.092050209205021066e-04 2.092050209205021066e-04 1.529288702928870147e-01
3.030303030303029433e-03 6.363636363636361593e-02 2.754820936639117666e-04 1.104683195592286171e-01 1.129476584022038113e-02 4.159779614325067459e-02 8.539944903581264332e-03 1.903581267217629991e-01 2.754820936639117666e-04 1.132231404958677357e-01 2.754820936639117666e-04 5.261707988980714873e-02 2.231404958677685180e-02 2.782369146005508539e-02 2.754820936639117666e-04 2.754820936639117666e-04 2.754820936639117666e-04 1.435261707988980395e-01 2.754820936639117666e-04 2.754820936639117666e-04 2.754820936639117666e-04 2.754820936639117666e-04 3.030303030303029433e-03 3.030303030303029433e-03 1.129476584022038113e-02 2.754820936639117666e-04 2.754820936639117666e-04 3.030303030303029433e-03 2.754820936639117666e-04 1.876033057851238806e-01
4.807692307692308501e-04 2.600961538461538658e-01 4.807692307692308501e-04 1.490384615384615641e-02 4.807692307692308501e-04 1.009615384615384845e-02 4.807692307692308501e-04 4.807692307692308501e-04 4.807692307692308501e-04 1.971153846153846090e-02 4.855769230769231559e-02 4.375000000000000416e-02 1.490384615384615641e-02 4.807692307692308501e-04 4.807692307692308501e-04 1.206730769230769523e-01 1.254807692307692568e-01 4.807692307692308501e-04 5.288461538461539622e-03 2.451923076923077233e-02 4.807692307692308501e-04 4.807692307692308501e-04 8.221153846153847478e-02 4.807692307692308501e-04 8.701923076923079314e-02 1.490384615384615641e-02 5.288461538461539622e-03 4.807692307692308501e-04 5.288461538461539622e-03 1.110576923076923295e-01
6.060606060606061685e-04 6.060606060606061685e-04 9.151515151515153546e-02 8.545454545454546358e-02 6.060606060606061685e-04 6.060606060606061685e-04 6.666666666666667962e-03 5.515151515151515971e-02 6.666666666666667962e-03 6.060606060606061685e-04 1.878787878787879090e-02 1.096969696969697233e-01 1.272727272727272943e-02 2.484848484848484890e-02 6.060606060606061685e-04 6.060606060606061685e-04 6.060606060606061685e-04 7.333333333333334758e-02 6.060606060606061685e-04 6.666666666666667962e-03 6.060606060606061685e-04 6.666666666666667962e-03 6.060606060606061685e-04 6.060606060606061685e-04 6.060606060606061685e-04 6.060606060606061685e-04 3.339393939393939803e-01 6.060606060606061685e-04 6.060606060606061685e-04 1.581818181818182290e-01
3.534482758620690473e-02 1.991379310344828235e-01 8.620689655172415842e-04 8.620689655172415842e-04 8.620689655172415842e-04 9.482758620689658510e-03 8.620689655172415842e-04 8.620689655172415842e-04 8.620689655172415842e-04 8.620689655172415842e-04 8.620689655172415842e-04 1.129310344827586521e-01 8.620689655172415842e-04 8.620689655172415842e-04 8.620689655172415842e-04 8.706896551724140065e-02 8.620689655172415842e-04 8.620689655172415842e-04 8.620689655172415842e-04 1.301724137931034864e-01 8.620689655172415842e-04 8.620689655172415842e-04 2.250000000000000611e-01 8.620689655172415842e-04 8.706896551724140065e-02 9.482758620689658510e-03 8.620689655172415842e-04 9.482758620689658510e-03 8.620689655172415842e-04 7.844827586206898351e-02
6.711409395973155084e-04 6.711409395973155084e-04 6.711409395973155084e-04 6.711409395973155084e-04 7.382550335570470593e-03 1.409395973154362394e-02 6.711409395973155084e-04 6.711409395973155084e-04 7.382550335570470593e-03 6.711409395973155084e-04 6.711409395973155084e-04 6.711409395973155084e-04 1.409395973154362394e-02 1.409395973154362394e-02 6.711409395973155084e-04 2.959731543624161132e-01 6.711409395973155084e-04 6.711409395973155084e-04 2.080536912751677903e-02 6.711409395973155084e-04 6.711409395973155084e-04 7.382550335570470593e-03 2.825503355704698238e-01 6.711409395973155084e-04 7.449664429530200582e-02 6.711409395973155084e-04 6.711409395973155084e-04 7.382550335570470593e-03 6.711409395973155084e-04 2.422818791946308725e-01
7.142857142857145019e-04 6.500000000000001610e-02 7.142857142857145019e-04 7.142857142857145019e-04 7.857142857142859413e-03 7.142857142857145019e-04 7.142857142857145019e-04 7.142857142857145019e-04 7.142857142857145019e-04 6.500000000000001610e-02 7.142857142857145019e-04 9.357142857142858317e-02 7.142857142857145019e-04 7.142857142857145019e-04 7.142857142857145019e-04 7.142857142857145019e-04 7.142857142857145019e-04 7.142857142857145019e-04 7.142857142857145019e-04 1.500000000000000291e-02 7.142857142857145019e-04 7.142857142857145019e-04 2.650000000000000688e-01 3.150000000000000577e-01 7.857142857142859413e-03 7.142857142857145019e-04 7.142857142857145019e-04 7.142857142857145019e-04 2.928571428571428992e-02 1.221428571428571780e-01
4.089068825910931182e-02 4.048582995951417914e-04 4.048582995951417914e-04 4.453441295546559271e-03 4.453441295546559271e-03 5.708502024291498694e-02 4.048582995951417914e-04 4.048582995951417914e-04 8.502024291497977185e-03 4.048582995951417914e-04 2.271255060728745168e-01 1.421052631578947623e-01 4.048582995951417914e-04 1.461538461538461897e-01 4.048582995951417914e-04 4.048582995951417914e-04 4.048582995951417914e-04 8.502024291497977185e-03 4.048582995951417914e-04 4.048582995951417914e-04 1.659919028340080954e-02 1.255060728744939423e-02 4.048582995951417914e-04 4.048582995951417914e-04 1.582995951417004166e-01 4.048582995951417914e-04 4.048582995951417914e-04 4.048582995951417914e-04 4.048582995951417914e-04 1.663967611336032715e-01
6.208530805687203363e-02 1.000000000000000056e-01 1.943127962085307997e-02 8.578199052132702562e-02 4.739336492890995406e-04 2.563981042654028264e-01 4.739336492890995406e-04 4.739336492890995406e-04 4.739336492890995406e-04 4.739336492890995406e-04 1.521327014218009643e-01 9.952606635071090460e-03 4.739336492890995406e-04 3.364928909952606684e-02 4.739336492890995406e-04 4.739336492890995406e-04 1.943127962085307997e-02 4.739336492890995406e-04 4.739336492890995406e-04 4.739336492890995406e-04 4.739336492890995406e-04 4.739336492890995406e-04 9.952606635071090460e-03 4.739336492890995406e-04 9.952606635071090460e-03 4.739336492890995406e-04 4.739336492890995406e-04 7.156398104265403182e-02 4.739336492890995406e-04 1.616113744075829417e-01
5.904255319148937753e-02 5.319148936170215022e-04 5.319148936170215022e-04 5.319148936170215022e-04 5.319148936170215022e-04 5.851063829787236416e-03 5.319148936170215022e-04 5.851063829787236416e-03 5.319148936170215022e-04 1.335106382978723805e-01 2.712765957446809303e-02 2.712765957446809303e-02 4.840425531914895052e-02 5.319148936170215022e-04 5.319148936170215022e-04 4.308510638297873702e-02 4.308510638297873702e-02 1.117021276595745079e-02 5.319148936170215022e-04 6.968085106382980454e-02 5.319148936170215022e-04 5.851063829787236416e-03 3.835106382978724082e-01 4.840425531914895052e-02 2.180851063829787606e-02 5.319148936170215022e-04 5.319148936170215022e-04 5.904255319148937753e-02 5.319148936170215022e-04 5.319148936170215022e-04
5.208333333333334345e-04 5.208333333333334345e-04 1.093750000000000278e-02 2.135416666666666713e-02 3.177083333333333842e-02 5.208333333333334345e-04 1.093750000000000278e-02 5.208333333333334345e-04 1.614583333333333495e-02 9.947916666666668795e-02 8.906250000000001665e-02 3.494791666666666741e-01 1.614583333333333495e-02 5.208333333333334345e-04 5.208333333333334345e-04 2.135416666666666713e-02 2.135416666666666713e-02 5.208333333333334345e-04 5.208333333333334345e-04 2.656250000000000278e-02 5.208333333333334345e-04 5.208333333333334345e-04 8.906250000000001665e-02 5.208333333333334345e-04 5.208333333333334345e-04 5.208333333333334345e-04 5.729166666666667997e-03 5.208333333333334345e-04 5.729166666666667997e-03 1.776041666666667018e-01
3.597122302158274544e-04 7.553956834532376055e-03 3.597122302158274544e-04 3.597122302158274544e-04 3.597122302158274544e-04 1.474820143884892319e-02 7.589928057553958773e-02 3.597122302158274544e-04 3.597122302158274544e-04 3.597122302158274544e-04 7.553956834532376055e-03 4.352517985611511347e-02 3.956834532374101619e-03 1.474820143884892319e-02 3.597122302158274544e-04 1.514388489208633448e-01 3.597122302158274544e-04 1.474820143884892319e-02 3.924460431654676618e-01 3.597122302158274544e-04 3.597122302158274544e-04 3.597122302158274544e-04 3.956834532374101619e-03 3.597122302158274544e-04 3.633093525179856981e-02 7.553956834532376055e-03 3.597122302158274544e-04 3.597122302158274544e-04 3.597122302158274544e-04 2.197841726618705582e-01
3.690036900369004125e-04 4.095940959409594129e-02 3.690036900369004125e-04 1.143911439114391262e-02 4.059040590405904592e-03 3.690036900369004125e-04 3.690036900369004125e-04 4.059040590405904592e-03 4.095940959409594129e-02 5.571955719557195735e-02 3.690036900369004125e-04 3.357933579335792978e-02 3.690036900369004125e-04 1.143911439114391262e-02 3.690036900369004125e-04 1.221402214022140331e-01 1.512915129151291317e-02 3.690036900369004125e-04 4.059040590405904592e-03 3.690036900369004125e-04 2.250922509225091947e-02 4.059040590405904592e-03 3.690036900369004125e-04 3.690036900369004125e-04 4.059040590405904592e-03 3.690036900369004125e-04 3.690036900369004125e-04 3.915129151291512621e-01 1.512915129151291317e-02 2.143911439114391249e-01
7.973568281938327174e-02 4.845814977973569686e-03 4.845814977973569686e-03 4.405286343612335536e-04 4.405286343612335536e-04 9.735682819383262299e-02 4.405286343612335536e-04 4.405286343612335536e-04 2.246696035242290793e-02 4.405286343612335536e-04 4.405286343612335536e-04 4.405286343612335536e-04 4.405286343612335536e-04 4.405286343612335536e-04 4.405286343612335536e-04 4.008810572687224877e-02 2.246696035242290793e-02 4.405286343612335536e-04 4.405286343612335536e-04 4.405286343612335536e-04 5.770925110132159308e-02 4.405286343612335536e-04 4.845814977973569686e-03 4.405286343612335536e-04 3.127753303964758008e-02 4.405286343612335536e-04 4.405286343612335536e-04 4.585903083700441085e-01 4.405286343612335536e-04 1.678414096916299725e-01
