9.746835443037976665e-02 4.683544303797469027e-02 4.219409282700422562e-04 4.219409282700422562e-04 4.219409282700422562e-04 4.219409282700422562e-04 4.219409282700422562e-04 4.641350210970464872e-03 8.860759493670888193e-03 4.219409282700422562e-04 4.219409282700422562e-04 4.219409282700422562e-04 4.261603375527426435e-02 4.219409282700422562e-04 5.527426160337553518e-02 4.219409282700422562e-04 9.324894514767934073e-02 4.219409282700422562e-04 4.219409282700422562e-04 4.219409282700422562e-04 4.219409282700422562e-04 5.949367088607595416e-02 4.219409282700422562e-04 4.219409282700422562e-04 4.219409282700422562e-04 1.481012658227848222e-01 4.219409282700422562e-04 3.337552742616033963e-01 1.308016877637131065e-02 8.902953586497891481e-02
6.976744186046513266e-03 3.322259136212625313e-04 1.362126245847176259e-02 3.322259136212625313e-04 5.348837209302326895e-02 5.016611295681063648e-02 3.654485049833888170e-03 8.006644518272426625e-02 4.019933554817276683e-02 3.322259136212625313e-04 3.558139534883721367e-01 3.322259136212625313e-04 2.358803986710963918e-02 3.322259136212625313e-04 3.654485049833888170e-03 6.677740863787377801e-02 3.322259136212625313e-04 3.322259136212625313e-04 3.322259136212625313e-04 3.322259136212625313e-04 3.654485049833888170e-03 3.322259136212625313e-04 2.691029900332226471e-02 3.322259136212625313e-04 3.322259136212625313e-04 6.976744186046513266e-03 2.026578073089701365e-02 3.322259136212625313e-04 4.352159468438539236e-02 1.963455149501661667e-01
4.545454545454547077e-04 1.231818181818182256e-01 8.681818181818184987e-02 4.590909090909092022e-02 4.545454545454547077e-04 4.545454545454547077e-04 6.863636363636364812e-02 9.545454545454547940e-03 4.545454545454547077e-04 5.500000000000001416e-02 4.545454545454547077e-04 1.409090909090909491e-02 1.550000000000000544e-01 4.545454545454547077e-04 4.545454545454547077e-04 3.227272727272727931e-02 4.545454545454547077e-04 1.409090909090909491e-02 9.545454545454547940e-03 4.545454545454547077e-04 4.545454545454547077e-04 5.500000000000001416e-02 1.913636363636364301e-01 5.000000000000001839e-03 6.863636363636364812e-02 4.545454545454547077e-04 1.863636363636363841e-02 3.227272727272727931e-02 9.545454545454547940e-03 4.545454545454547077e-04
3.690036900369004125e-04 3.690036900369004125e-04 3.357933579335792978e-02 3.690036900369004125e-04 3.690036900369004125e-04 2.250922509225091947e-02 4.059040590405904592e-03 4.464944649446494357e-02 3.690036900369004125e-04 7.047970479704797342e-02 2.250922509225091947e-02 3.690036900369004125e-04 3.690036900369004125e-04 3.690036900369004125e-04 3.690036900369004125e-04 3.690036900369004125e-04 1.959409594095941065e-01 7.749077490774907741e-03 2.988929889298892750e-02 6.309963099630996886e-02 2.988929889298892750e-02 3.690036900369004125e-04 3.690036900369004125e-04 4.059040590405904592e-03 1.553505535055350606e-01 3.690036900369004125e-04 1.881918819188191719e-02 2.623616236162361615e-01 2.988929889298892750e-02 3.690036900369004125e-04
5.156695156695156879e-02 2.849002849002849362e-04 2.877492877492877563e-02 2.849002849002849362e-04 2.877492877492877563e-02 2.849002849002849362e-04 2.849002849002849362e-04 2.849002849002849362e-04 2.849002849002849362e-04 2.849002849002849362e-04 1.712250712250712181e-01 2.849002849002849362e-04 1.452991452991452860e-02 6.581196581196581408e-02 2.849002849002849362e-04 2.307692307692307473e-02 1.168091168091167989e-02 2.877492877492877563e-02 2.849002849002849362e-04 8.831908831908832913e-03 2.849002849002849362e-04 2.849002849002849362e-04 2.849002849002849362e-04 2.849002849002849362e-04 4.871794871794872528e-02 2.849002849002849362e-04 2.849002849002849362e-04 3.136752136752136710e-01 3.732193732193732350e-02 1.626780626780626737e-01
4.310344827586207379e-04 1.168103448275862183e-01 1.125000000000000028e-01 4.310344827586207379e-04 4.310344827586207379e-04 1.767241379310344543e-02 9.525862068965518237e-02 4.310344827586207379e-04 1.767241379310344543e-02 6.508620689655172931e-02 4.310344827586207379e-04 1.642241379310344918e-01 1.943965517241379448e-01 4.310344827586207379e-04 4.310344827586207379e-04 4.310344827586207379e-04 4.741379310344828388e-03 7.801724137931034808e-02 9.051724137931035225e-03 4.310344827586207379e-04 4.310344827586207379e-04 4.310344827586207379e-04 3.060344827586206767e-02 4.310344827586207379e-04 4.310344827586207379e-04 4.310344827586207379e-04 4.310344827586207379e-04 4.310344827586207379e-04 2.629310344827585910e-02 6.077586206896551380e-02
3.831417624521074009e-04 3.831417624521074009e-04 3.831417624521074009e-04 5.019157088122606220e-02 3.831417624521074009e-04 8.045977011494254497e-03 3.831417624521074009e-04 4.636015325670499176e-02 3.831417624521074009e-04 3.831417624521074009e-04 1.344827586206897019e-01 4.636015325670499176e-02 3.831417624521074009e-04 3.831417624521074009e-04 8.045977011494254497e-03 3.831417624521074009e-04 1.574712643678161383e-01 3.831417624521074009e-04 3.831417624521074009e-04 7.318007662835250560e-02 3.831417624521074009e-04 4.214559386973181464e-03 3.831417624521074009e-04 3.831417624521074009e-04 8.467432950191573771e-02 1.570881226053640056e-02 4.214559386973181464e-03 1.153256704980843150e-01 7.318007662835250560e-02 1.727969348659004201e-01
4.878048780487805958e-04 1.565853658536585646e-01 1.419512195121951370e-01 1.273170731707317371e-01 4.878048780487805958e-04 4.926829268292683139e-02 4.878048780487805958e-04 2.000000000000000042e-02 4.878048780487805958e-04 1.126829268292683095e-01 4.878048780487805958e-04 2.975609756097561190e-02 2.975609756097561190e-02 2.487804878048780616e-02 4.878048780487805958e-04 2.000000000000000042e-02 3.951219512195121991e-02 4.878048780487805958e-04 4.878048780487805958e-04 4.878048780487805958e-04 1.321951219512195463e-01 4.878048780487805958e-04 4.878048780487805958e-04 7.365853658536586357e-02 4.878048780487805958e-04 5.365853658536586662e-03 4.878048780487805958e-04 4.878048780487805958e-04 2.975609756097561190e-02 4.878048780487805958e-04
3.021148036253776432e-04 3.021148036253776432e-04 3.957703927492447343e-02 3.353474320241691536e-02 3.323262839879154509e-03 3.021148036253776432e-04 3.957703927492447343e-02 3.021148036253776432e-04 3.021148036253776432e-04 3.021148036253776432e-04 2.510574018126888185e-01 3.021148036253776432e-04 3.021148036253776432e-04 3.021148036253776432e-04 3.021148036253776432e-04 3.021148036253776432e-04 1.332326283987915472e-01 3.021148036253776432e-04 3.021148036253776432e-04 6.344410876132930942e-03 9.365558912386707374e-03 3.021148036253776432e-04 3.655589123867069440e-02 3.021148036253776432e-04 1.332326283987915472e-01 3.021148036253776432e-04 3.021148036253776432e-04 1.302114803625377681e-01 1.725075528700906469e-01 6.344410876132930942e-03
3.703703703703704604e-04 2.629629629629630025e-02 3.370370370370370794e-02 3.370370370370370794e-02 1.337037037037037412e-01 1.518518518518518698e-02 1.003703703703704014e-01 3.703703703703704604e-04 3.703703703703704604e-04 3.703703703703704604e-04 3.703703703703704604e-04 3.703703703703704604e-04 1.448148148148148406e-01 3.703703703703704604e-04 4.074074074074075444e-03 1.148148148148148487e-02 1.518518518518518698e-02 4.074074074074075444e-03 3.703703703703704604e-04 3.703703703703704604e-04 4.074074074074075444e-03 4.074074074074075444e-03 1.888888888888889256e-02 3.703703703703704604e-04 2.259259259259259467e-02 1.148148148148148487e-02 3.703703703703704604e-04 1.966666666666667118e-01 7.777777777777780156e-03 2.077777777777778390e-01
3.011152416356877026e-02 7.843866171003717469e-02 3.717472118959108283e-04 3.717472118959108283e-04 1.156133828996282614e-01 4.089219330855018569e-03 3.717472118959108283e-04 3.717472118959108283e-04 3.717472118959108283e-04 1.524163568773234147e-02 3.717472118959108283e-04 3.717472118959108283e-04 7.806691449814127069e-03 7.806691449814127069e-03 3.717472118959108283e-04 1.524163568773234147e-02 5.985130111524163826e-02 9.702602230483271806e-02 3.717472118959108283e-04 3.717472118959108283e-04 4.869888475836431363e-02 3.717472118959108283e-04 7.806691449814127069e-03 3.717472118959108283e-04 1.007434944237918240e-01 3.717472118959108283e-04 3.717472118959108283e-04 3.460966542750928965e-01 3.717472118959108283e-04 5.985130111524163826e-02
4.646799116997792078e-02 1.103752759381898318e-04 3.543046357615893538e-02 1.335540838852096977e-02 2.880794701986754899e-02 1.103752759381898318e-04 1.103752759381898318e-04 1.103752759381898318e-04 1.103752759381898318e-04 1.103752759381898318e-04 2.462472406181015205e-01 1.103752759381898318e-04 1.103752759381898318e-04 1.103752759381898318e-04 8.940397350993375958e-03 1.777041942604856359e-02 1.193156732891832023e-01 1.103752759381898318e-04 5.629139072847681030e-03 1.335540838852096977e-02 1.103752759381898318e-04 1.214128035320088299e-03 1.103752759381898318e-04 1.103752759381898318e-04 7.626931567328916473e-02 1.103752759381898318e-04 1.103752759381898318e-04 1.126931567328918055e-01 2.352097130242825351e-01 3.763796909492273662e-02
3.225806451612902681e-04 2.874193548387096175e-01 3.225806451612902681e-04 3.225806451612902681e-04 3.225806451612902681e-04 3.225806451612902681e-04 6.774193548387095684e-03 6.774193548387095684e-03 3.225806451612902681e-04 3.225806451612902681e-04 3.225806451612902681e-04 1.322580645161289953e-02 2.935483870967741174e-02 7.129032258064514627e-02 6.774193548387095684e-03 3.225806451612902681e-04 3.225806451612902681e-04 1.645161290322580058e-02 3.225806451612902681e-04 3.548387096774193328e-03 1.099999999999999867e-01 1.390322580645161066e-01 8.096774193548386678e-02 6.774193548387095684e-03 1.322580645161289953e-02 1.164516129032257957e-01 4.225806451612902637e-02 2.935483870967741174e-02 1.645161290322580058e-02 3.225806451612902681e-04
3.322368421052630111e-02 3.289473684210525157e-04 7.927631578947365310e-02 1.023026315789473395e-01 3.980263157894735337e-02 2.335526315789472618e-02 3.289473684210525157e-04 3.618421052631578053e-03 3.289473684210525157e-04 8.585526315789471230e-02 3.289473684210525157e-04 3.289473684210525157e-04 2.963815789473682738e-01 1.019736842105262858e-02 2.993421052631577844e-02 3.289473684210525157e-04 1.677631578947367738e-02 3.289473684210525157e-04 3.618421052631578053e-03 3.289473684210525157e-04 3.289473684210525157e-04 1.845394736842104755e-01 3.289473684210525157e-04 8.256578947368418964e-02 3.289473684210525157e-04 3.289473684210525157e-04 3.289473684210525157e-04 3.289473684210525157e-04 3.618421052631578053e-03 3.289473684210525157e-04
1.666666666666665950e-02 1.232240437158469565e-01 2.732240437158469401e-04 2.732240437158469401e-04 2.732240437158469401e-04 3.005464480874316287e-03 1.122950819672130784e-01 3.005464480874316287e-03 4.893442622950818222e-01 2.732240437158469401e-04 2.732240437158469401e-04 3.852459016393441210e-02 5.737704918032784929e-03 2.732240437158469401e-04 1.120218579234972221e-02 2.732240437158469401e-04 3.579234972677594606e-02 1.666666666666665950e-02 2.732240437158469401e-04 2.732240437158469401e-04 2.732240437158469401e-04 5.765027322404370214e-02 1.393442622950819172e-02 2.732240437158469401e-04 2.486338797814206802e-02 2.213114754098359852e-02 2.732240437158469401e-04 1.393442622950819172e-02 2.732240437158469401e-04 8.469945355191254438e-03
2.304147465437787474e-04 4.103686635944699401e-01 2.534562211981566168e-03 2.304147465437787474e-04 1.983870967741934721e-01 2.304147465437787474e-04 2.304147465437787474e-04 2.304147465437787474e-04 2.304147465437787474e-04 2.304147465437787474e-04 2.534562211981566168e-03 4.838709677419354184e-03 2.304147465437787474e-04 2.304147465437787474e-04 2.304147465437787474e-04 2.304147465437787474e-04 2.304147465437787474e-04 1.635944700460828863e-02 2.304147465437787474e-04 7.165898617511519408e-02 2.534562211981566168e-03 2.788018433179722741e-02 2.304147465437787474e-04 2.304147465437787474e-04 2.304147465437787474e-04 5.092165898617510844e-02 1.175115207373271520e-02 1.866359447004607708e-02 9.239631336405527973e-02 8.548387096774191785e-02
1.687499999999999417e-02 3.897916666666665364e-01 3.145833333333332427e-02 2.083333333333332925e-04 2.083333333333332925e-04 2.083333333333332925e-04 2.083333333333332925e-04 2.083333333333332925e-04 2.083333333333332925e-04 2.083333333333332925e-04 2.083333333333332925e-04 2.083333333333332925e-04 2.083333333333332925e-04 2.083333333333332925e-04 2.291666666666666245e-03 3.354166666666666408e-02 6.270833333333332427e-02 2.083333333333332925e-04 2.291666666666666245e-03 3.562499999999999695e-02 2.083333333333332925e-04 5.645833333333332565e-02 6.458333333333332420e-03 8.541666666666664423e-03 6.687499999999999001e-02 1.335416666666666141e-01 4.187499999999999556e-02 8.354166666666665297e-02 2.083333333333332925e-04 2.520833333333332565e-02
5.140186915887852252e-03 3.462616822429906982e-01 4.672897196261683521e-04 3.317757009345795316e-02 9.392523364485984294e-02 4.672897196261683521e-04 4.672897196261683521e-04 5.654205607476636697e-02 2.850467289719626693e-02 4.672897196261683521e-04 4.672897196261683521e-04 5.140186915887852252e-03 4.672897196261683521e-04 4.672897196261683521e-04 5.140186915887852252e-03 4.672897196261683521e-04 5.140186915887852252e-03 6.588785046728973249e-02 5.140186915887852252e-03 4.719626168224300145e-02 4.672897196261683521e-04 5.654205607476636697e-02 3.785046728971963592e-02 4.672897196261683521e-04 9.392523364485984294e-02 7.056074766355141525e-02 9.813084112149535881e-03 2.850467289719626693e-02 4.672897196261683521e-04 4.672897196261683521e-04
3.105590062111800273e-04 3.170807453416147892e-01 3.105590062111800273e-04 3.105590062111800273e-04 3.105590062111800273e-04 3.105590062111800273e-04 3.105590062111800273e-04 3.105590062111800273e-04 3.512422360248445563e-01 3.105590062111800273e-04 3.105590062111800273e-04 7.173913043478258311e-02 3.105590062111800273e-04 3.105590062111800273e-04 3.105590062111800273e-04 9.627329192546581552e-03 3.105590062111800273e-04 3.105590062111800273e-04 3.105590062111800273e-04 3.136645962732918097e-02 3.416149068322980355e-03 5.310559006211178906e-02 3.105590062111800273e-04 3.416149068322980355e-03 3.416149068322980355e-03 9.627329192546581552e-03 3.105590062111800273e-04 1.090062111801241851e-01 3.416149068322980355e-03 2.826086956521738081e-02
4.255319148936171259e-04 6.642553191489363185e-01 8.936170212765959589e-03 4.255319148936171259e-04 3.446808510638298823e-02 4.255319148936171259e-04 4.255319148936171259e-04 4.255319148936171259e-04 4.255319148936171259e-04 4.255319148936171259e-04 4.255319148936171259e-04 4.680851063829788439e-03 2.170212765957447304e-02 4.255319148936171259e-04 4.255319148936171259e-04 4.255319148936171259e-04 4.255319148936171259e-04 4.255319148936171259e-04 4.255319148936171259e-04 3.021276595744681534e-02 4.255319148936171259e-04 4.255319148936171259e-04 4.255319148936171259e-04 4.255319148936171259e-04 8.936170212765959589e-03 1.280851063829787639e-01 8.936170212765959589e-03 8.936170212765959589e-03 4.255319148936171259e-04 7.276595744680854072e-02
2.217294900221728946e-04 2.995565410199555467e-01 2.217294900221728946e-04 9.090909090909086998e-03 8.891352549889133816e-02 2.217294900221728946e-04 2.217294900221728946e-04 2.217294900221728946e-04 1.352549889135254597e-02 2.439024390243902003e-03 2.217294900221728946e-04 2.461197339246119081e-02 2.217294900221728946e-04 2.217294900221728946e-04 2.217294900221728946e-04 6.895787139689577017e-02 6.873614190687360112e-03 2.217294900221728946e-04 2.904656319290464805e-02 1.044345898004434420e-01 4.900221729490020911e-02 1.110864745011086174e-01 4.678492239467848396e-02 2.217294900221728946e-04 1.574279379157427633e-02 9.334811529933478846e-02 2.217294900221728946e-04 2.217294900221728946e-04 2.217294900221728946e-04 3.348115299334810530e-02
3.225806451612902139e-04 6.841935483870964507e-01 3.225806451612902139e-04 2.935483870967740827e-02 3.258064516129031279e-02 3.225806451612902139e-04 3.225806451612902139e-04 3.225806451612902139e-04 3.225806451612902139e-04 3.225806451612902139e-04 6.774193548387094817e-03 3.225806451612902139e-04 3.225806451612902139e-04 3.225806451612902139e-04 3.225806451612902139e-04 4.870967741935482154e-02 6.774193548387094817e-03 3.225806451612902139e-04 9.999999999999996739e-03 3.225806451612902139e-04 3.225806451612902139e-04 6.774193548387094817e-03 1.645161290322580058e-02 3.225806451612902139e-04 3.580645161290321038e-02 5.838709677419352817e-02 6.774193548387094817e-03 3.225806451612902139e-04 3.225806451612902139e-04 5.193548387096772606e-02
8.536585365853660914e-03 4.353658536585366390e-01 8.170731707317076264e-02 4.065040650406505146e-04 2.073170731707317527e-02 4.065040650406505146e-04 4.065040650406505146e-04 4.065040650406505146e-04 4.512195121951220744e-02 2.479674796747968063e-02 4.065040650406505146e-04 7.764227642276425034e-02 4.065040650406505146e-04 6.544715447154474119e-02 4.065040650406505146e-04 4.065040650406505146e-04 4.065040650406505146e-04 4.065040650406505146e-04 4.471544715447155552e-03 4.065040650406505146e-04 4.065040650406505146e-04 1.666666666666666990e-02 8.536585365853660914e-03 4.918699186991870587e-02 4.471544715447155552e-03 8.536585365853660914e-03 4.065040650406505146e-04 8.536585365853660914e-03 4.065040650406505146e-04 1.345528455284553115e-01
2.652519893899203457e-04 3.106100795755967203e-01 9.310344827586204686e-02 4.005305039787797339e-02 9.045092838196283624e-02 2.917771883289124128e-03 2.652519893899203457e-04 2.652519893899203457e-04 2.652519893899203457e-04 4.801061007957558441e-02 2.652519893899203457e-04 9.840848806366045420e-02 2.652519893899203457e-04 2.652519893899203457e-04 2.652519893899203457e-04 4.535809018567638073e-02 2.652519893899203457e-04 2.652519893899203457e-04 2.652519893899203457e-04 2.652519893899203457e-04 5.596816976127319543e-02 9.575596816976124359e-02 2.652519893899203457e-04 5.066312997347478808e-02 2.652519893899203457e-04 2.652519893899203457e-04 3.740053050397876971e-02 2.652519893899203457e-04 8.222811671087531041e-03 1.883289124668434400e-02
3.124999999999998981e-04 9.718749999999996836e-02 3.124999999999998981e-04 5.343749999999998501e-02 1.159374999999999573e-01 3.124999999999998981e-04 1.593749999999999334e-02 3.124999999999998981e-04 1.593749999999999334e-02 2.159374999999998934e-01 3.124999999999998981e-04 8.468749999999997113e-02 9.687499999999996461e-03 3.437499999999999150e-03 3.124999999999998981e-04 3.124999999999998981e-04 3.124999999999998981e-04 1.593749999999999334e-02 3.124999999999998981e-04 9.687499999999996461e-03 3.124999999999998981e-04 7.218749999999997391e-02 3.124999999999998981e-04 1.159374999999999573e-01 3.124999999999998981e-04 9.093749999999997669e-02 3.124999999999998981e-04 3.124999999999998981e-04 7.843749999999997946e-02 3.124999999999998981e-04
5.785123966942147533e-03 5.677685950413221549e-01 2.754820936639117666e-04 2.754820936639117666e-04 3.057851239669420393e-02 2.754820936639117666e-04 2.754820936639117666e-04 2.754820936639117666e-04 2.754820936639117666e-04 2.754820936639117666e-04 2.754820936639117666e-04 5.812672176308538580e-02 2.754820936639117666e-04 1.955922865013773326e-02 3.057851239669420393e-02 2.754820936639117666e-04 2.754820936639117666e-04 2.754820936639117666e-04 3.030303030303029433e-03 4.159779614325067459e-02 2.754820936639117666e-04 1.404958677685949793e-02 3.030303030303029433e-03 1.129476584022038113e-02 3.030303030303029433e-03 1.159779614325068542e-01 2.754820936639117666e-04 2.754820936639117666e-04 1.680440771349861473e-02 7.465564738292009006e-02
5.638629283489095256e-02 2.121495327102802808e-01 3.457943925233643301e-02 9.657320872274140558e-03 3.115264797507787207e-04 6.542056074766352917e-03 1.965732087227413660e-01 6.573208722741431809e-02 2.523364485981307442e-02 3.115264797507787207e-04 3.115264797507787207e-04 3.115264797507787207e-04 3.115264797507787207e-04 3.115264797507787207e-04 3.115264797507787207e-04 3.115264797507787207e-04 9.688473520249217541e-02 3.426791277258566144e-03 3.426791277258566144e-03 1.588785046728971237e-02 2.523364485981307442e-02 1.124610591900311179e-01 3.457943925233643301e-02 3.115264797507787207e-04 3.115264797507787207e-04 3.115264797507787207e-04 5.638629283489095256e-02 3.115264797507787207e-04 3.115264797507787207e-04 4.080996884735201002e-02
4.243697478991596828e-02 4.201680672268908357e-04 2.983193277310924527e-02 1.012605042016806872e-01 1.722689075630252226e-02 2.142857142857142877e-02 4.663865546218487479e-02 4.201680672268908357e-04 4.201680672268908357e-04 4.201680672268908357e-04 4.201680672268908357e-04 2.273109243697479243e-01 8.445378151260506117e-02 4.201680672268908357e-04 3.823529411764706176e-02 4.201680672268908357e-04 4.201680672268908357e-04 4.201680672268908357e-04 9.285714285714287419e-02 4.201680672268908357e-04 8.865546218487396768e-02 8.865546218487396768e-02 8.823529411764707495e-03 8.025210084033615465e-02 4.201680672268908357e-04 1.302521008403361574e-02 4.201680672268908357e-04 8.823529411764707495e-03 4.621848739495799246e-03 4.201680672268908357e-04
4.932735426008969144e-03 7.668161434977578683e-02 4.484304932735426051e-04 1.798206278026905913e-01 4.484304932735426051e-04 4.484304932735426051e-04 7.668161434977578683e-02 4.484304932735426051e-04 9.013452914798207594e-02 4.484304932735426051e-04 4.484304932735426051e-04 9.461883408071750101e-02 1.932735426008968804e-01 1.390134529147982016e-02 4.484304932735426051e-04 4.484304932735426051e-04 6.771300448430493668e-02 4.080717488789237235e-02 4.484304932735426051e-04 4.484304932735426051e-04 4.932735426008969144e-03 4.080717488789237235e-02 1.390134529147982016e-02 4.484304932735426051e-04 9.417040358744395087e-03 5.426008968609865452e-02 4.484304932735426051e-04 3.183856502242152220e-02 4.484304932735426051e-04 4.484304932735426051e-04
5.714285714285716883e-04 5.714285714285716883e-04 4.628571428571429808e-02 1.605714285714286427e-01 5.714285714285716883e-04 5.714285714285716883e-04 2.342857142857143402e-02 6.285714285714288571e-03 5.714285714285716883e-04 5.714285714285716883e-04 5.714285714285716883e-04 8.628571428571431279e-02 4.062857142857143611e-01 2.914285714285715090e-02 5.714285714285716883e-04 5.714285714285716883e-04 1.091428571428571803e-01 5.714285714285716883e-04 5.714285714285716883e-04 5.714285714285716883e-04 5.714285714285716883e-04 5.714285714285716883e-04 5.714285714285716883e-04 5.714285714285716883e-04 5.714285714285716883e-04 1.034285714285714669e-01 5.714285714285716883e-04 5.714285714285716883e-04 6.285714285714288571e-03 1.200000000000000372e-02
3.921568627450981314e-04 3.921568627450981314e-04 4.313725490196079933e-03 2.784313725490196456e-02 3.921568627450981314e-04 2.784313725490196456e-02 3.921568627450981314e-04 4.313725490196079933e-03 4.745098039215687319e-02 3.921568627450981314e-04 3.921568627450981314e-04 4.313725490196079933e-03 3.921568627450981314e-04 3.921568627450981314e-04 3.921568627450981314e-04 6.313725490196080148e-02 1.062745098039215991e-01 1.298039215686274950e-01 3.176470588235294490e-02 3.921568627450981314e-04 1.062745098039215991e-01 1.607843137254902008e-02 3.921568627450981314e-04 2.000000000000000389e-02 2.784313725490196456e-02 1.215686274509804148e-02 3.921568627450981314e-04 3.650980392156863430e-01 3.921568627450981314e-04 3.921568627450981314e-04
4.444444444444445200e-04 1.826666666666666994e-01 4.888888888888889665e-03 4.444444444444445200e-04 1.337777777777778010e-01 3.155555555555555891e-02 2.266666666666666829e-02 4.444444444444445200e-04 4.444444444444445200e-04 4.888888888888889665e-03 5.822222222222223076e-02 4.444444444444445200e-04 4.444444444444445200e-04 2.711111111111111360e-02 4.444444444444445200e-04 9.333333333333334106e-03 4.444444444444445200e-04 4.444444444444445200e-04 4.444444444444445200e-04 6.711111111111112137e-02 4.444444444444445200e-04 4.488888888888889483e-02 4.444444444444445200e-04 4.888888888888889665e-03 4.444444444444445200e-04 2.266666666666666829e-02 4.444444444444445200e-04 4.444444444444445200e-04 4.444444444444445200e-04 3.782222222222222374e-01
4.098360655737705457e-04 2.217213114754098546e-01 4.098360655737705457e-04 2.500000000000000139e-02 4.098360655737705457e-04 4.098360655737705457e-04 5.368852459016393991e-02 4.098360655737705457e-04 6.598360655737706137e-02 4.098360655737705457e-04 4.098360655737705457e-04 4.508196721311476599e-03 7.827868852459017590e-02 1.233606557377049384e-01 4.098360655737705457e-04 4.098360655737705457e-04 8.606557377049180863e-03 4.098360655737705457e-04 4.098360655737705457e-04 2.500000000000000139e-02 4.098360655737705457e-04 4.098360655737705457e-04 4.098360655737705457e-04 4.098360655737705457e-04 4.098360655737705457e-04 2.627049180327868938e-01 4.098360655737705457e-04 4.098360655737705457e-04 5.778688524590164244e-02 6.598360655737706137e-02
3.693877551020408739e-02 1.430612244897959129e-01 2.040816326530612321e-04 2.040816326530612321e-04 2.244897959183673498e-03 2.040816326530612321e-04 2.040816326530612321e-04 2.244897959183673498e-03 2.877551020408163074e-02 2.040816326530612321e-04 2.040816326530612321e-04 4.102040816326531225e-02 2.040816326530612321e-04 2.244897959183673498e-03 1.244897959183673478e-02 4.714285714285714607e-02 1.653061224489795963e-02 2.040816326530612321e-04 3.489795918367347149e-02 2.040816326530612321e-04 4.102040816326531225e-02 2.040816326530612321e-04 2.040816326530612321e-04 2.040816326530612321e-04 9.408163265306122847e-02 1.022448979591836782e-01 1.040816326530612235e-02 2.042857142857142649e-01 8.795918367346938771e-02 8.999999999999999667e-02
1.546728971962617050e-01 1.915887850467289794e-02 1.546728971962617050e-01 4.672897196261682979e-04 4.672897196261682979e-04 4.672897196261682979e-04 4.672897196261682979e-04 4.672897196261682979e-04 4.672897196261682979e-04 7.056074766355141525e-02 4.672897196261682979e-04 4.672897196261682979e-04 1.915887850467289794e-02 4.672897196261682979e-04 4.672897196261682979e-04 4.672897196261682979e-04 3.317757009345794622e-02 4.672897196261682979e-04 1.915887850467289794e-02 5.654205607476636003e-02 1.453271028037383394e-01 4.672897196261682979e-04 4.252336448598131174e-02 4.672897196261682979e-04 4.672897196261682979e-04 2.383177570093458070e-02 4.719626168224299451e-02 1.686915887850467533e-01 3.785046728971962898e-02 4.672897196261682979e-04
9.545454545454547246e-02 3.347107438016529157e-02 1.694214876033058037e-02 4.132231404958678668e-04 4.132231404958678668e-04 4.132231404958678668e-04 4.132231404958678668e-04 3.347107438016529157e-02 4.132231404958678668e-04 4.132231404958678668e-04 4.132231404958678668e-04 4.132231404958678668e-04 4.132231404958678668e-04 4.132231404958678668e-04 4.132231404958678668e-04 4.132231404958678668e-04 4.132231404958678668e-04 4.132231404958678668e-04 1.243801652892562171e-01 2.520661157024793597e-02 8.305785123966943906e-02 4.132231404958678668e-04 4.132231404958678668e-04 4.132231404958678668e-04 1.243801652892562171e-01 4.132231404958678668e-04 4.132231404958678668e-04 4.012396694214876436e-01 4.132231404958678668e-04 5.413223140495868058e-02
5.898437500000001249e-02 3.480468750000000333e-01 2.773437500000000555e-02 3.906250000000001301e-04 4.296875000000001214e-03 3.906250000000001301e-04 3.906250000000001301e-04 3.906250000000001301e-04 3.906250000000001301e-04 3.906250000000001301e-04 3.906250000000001301e-04 2.773437500000000555e-02 1.210937500000000382e-02 3.906250000000001301e-04 3.906250000000001301e-04 3.906250000000001301e-04 3.906250000000001301e-04 3.906250000000001301e-04 1.253906250000000333e-01 3.906250000000001301e-04 3.906250000000001301e-04 3.906250000000001301e-04 4.296875000000001214e-03 3.906250000000001301e-04 7.851562500000001943e-02 1.992187500000000208e-02 4.296875000000001214e-03 1.449218750000000333e-01 3.906250000000001301e-04 1.371093750000000333e-01
2.879581151832460214e-03 5.261780104712040357e-02 2.617801047120418031e-04 2.879581151832460214e-03 6.570680628272249080e-02 2.617801047120418031e-04 2.617801047120418031e-04 8.664921465968583592e-02 8.664921465968583592e-02 2.617801047120418031e-04 2.617801047120418031e-04 2.617801047120418031e-04 1.520942408376962929e-01 2.382198952879580403e-02 2.617801047120418031e-04 5.497382198952877920e-03 2.617801047120418031e-04 5.261780104712040357e-02 3.952879581151830940e-02 4.214659685863873795e-02 2.617801047120418031e-04 6.570680628272249080e-02 1.858638743455496775e-02 2.617801047120418031e-04 6.047120418848166146e-02 8.115183246073296927e-03 1.596858638743454961e-02 2.018324607329842202e-01 1.335078534031413147e-02 2.617801047120418031e-04
5.170940170940170610e-02 4.273504273504273501e-04 3.461538461538461731e-02 1.115384615384615447e-01 3.034188034188034164e-02 4.273504273504273501e-04 2.012820512820512886e-01 4.273504273504273501e-04 4.273504273504273501e-04 4.273504273504273501e-04 4.273504273504273501e-04 4.273504273504273501e-04 9.444444444444445586e-02 5.598290598290597830e-02 3.888888888888888951e-02 4.273504273504273501e-04 4.273504273504273501e-04 3.888888888888888951e-02 4.700854700854701501e-03 4.273504273504273501e-04 4.273504273504273501e-04 4.700854700854701501e-03 1.115384615384615447e-01 4.700854700854701501e-03 4.273504273504273501e-04 4.700854700854701501e-03 4.743589743589743390e-02 4.273504273504273501e-04 9.444444444444445586e-02 6.452991452991452270e-02
3.333333333333333114e-03 3.215151515151514205e-01 3.030303030303029758e-04 3.030303030303029758e-04 9.424242424242422478e-02 9.121212121212120272e-02 1.545454545454544998e-02 3.030303030303029758e-04 3.030303030303029758e-04 3.030303030303029758e-04 3.333333333333333114e-03 3.030303030303029758e-04 3.030303030303029758e-04 3.030303030303029758e-04 4.272727272727271791e-02 6.696969696969695685e-02 3.030303030303029758e-04 3.030303030303029758e-04 3.333333333333333114e-03 3.030303030303029758e-04 2.151515151515151145e-02 4.272727272727271791e-02 3.030303030303029758e-04 3.030303030303029758e-04 3.030303030303029758e-04 8.818181818181816678e-02 3.030303030303029758e-04 6.696969696969695685e-02 3.060606060606059844e-02 1.033333333333333187e-01
7.060702875399361977e-02 3.194888178913738103e-04 1.309904153354632395e-02 3.194888178913738103e-04 3.194888178913738103e-04 2.268370607028753760e-02 3.194888178913738103e-04 3.194888178913738103e-04 3.194888178913738103e-04 3.194888178913738103e-04 3.194888178913738103e-04 3.194888178913738103e-04 3.194888178913738103e-04 3.194888178913738103e-04 6.709265175718849908e-03 3.194888178913738103e-04 5.143769968051118552e-02 8.977635782747604709e-02 1.309904153354632395e-02 9.904153354632587794e-03 8.658146964856230920e-02 3.194888178913738103e-04 2.907348242811501338e-02 3.194888178913738103e-04 2.143769968051117969e-01 3.514376996805112022e-03 3.194888178913738103e-04 3.709265175718849394e-01 1.309904153354632395e-02 3.194888178913738103e-04
8.229508196721310731e-02 5.934426229508196066e-02 3.278688524590163389e-04 3.278688524590163389e-04 5.278688524590163106e-02 3.278688524590163389e-04 2.327868852459015828e-02 3.278688524590163389e-04 3.278688524590163389e-04 1.016393442622950602e-02 3.278688524590163389e-04 1.344262295081966908e-02 3.278688524590163389e-04 3.278688524590163389e-04 3.606557377049179891e-03 3.278688524590163389e-04 3.606557377049179891e-03 2.655737704918032308e-02 5.606557377049179586e-02 8.229508196721310731e-02 1.344262295081966908e-02 3.278688524590163389e-04 3.278688524590163389e-04 3.278688524590163389e-04 1.839344262295081744e-01 3.278688524590163389e-04 2.327868852459015828e-02 2.888524590163933925e-01 3.278688524590163389e-04 7.245901639344261291e-02
3.472222222222222355e-04 3.472222222222222355e-04 3.472222222222222355e-04 3.472222222222222355e-04 3.819444444444444753e-03 1.770833333333333287e-02 3.472222222222222355e-04 3.472222222222222355e-04 3.854166666666666852e-02 3.506944444444444475e-02 3.472222222222222355e-04 3.472222222222222355e-04 3.854166666666666852e-02 3.472222222222222355e-04 3.472222222222222355e-04 3.472222222222222355e-04 5.243055555555555663e-02 1.635416666666666685e-01 3.472222222222222355e-04 3.472222222222222355e-04 4.548611111111110911e-02 3.472222222222222355e-04 1.423611111111110911e-02 3.472222222222222355e-04 1.600694444444444586e-01 3.472222222222222355e-04 3.472222222222222355e-04 3.892361111111111160e-01 3.506944444444444475e-02 3.472222222222222355e-04
3.472222222222222355e-04 3.472222222222222355e-04 1.076388888888888881e-02 3.472222222222222355e-04 3.472222222222222355e-04 3.819444444444444753e-03 3.472222222222222355e-04 3.819444444444444753e-03 3.472222222222222355e-04 3.472222222222222355e-04 3.472222222222222355e-04 3.472222222222222355e-04 3.472222222222222355e-04 3.472222222222222355e-04 3.472222222222222355e-04 3.472222222222222355e-04 1.427083333333333259e-01 2.017361111111111160e-01 1.770833333333333287e-02 3.506944444444444475e-02 2.812499999999999722e-02 3.472222222222222355e-04 3.472222222222222355e-04 3.472222222222222355e-04 6.284722222222222099e-02 3.854166666666666852e-02 3.472222222222222355e-04 3.857638888888888506e-01 6.284722222222222099e-02 3.472222222222222355e-04
4.672897196261683521e-04 4.672897196261683521e-04 4.672897196261683521e-04 4.672897196261683521e-04 6.121495327102804973e-02 9.813084112149535881e-03 6.121495327102804973e-02 1.448598130841121864e-02 8.457943925233647742e-02 5.140186915887852252e-03 4.672897196261683521e-04 4.672897196261683521e-04 9.813084112149535881e-03 4.672897196261683521e-04 4.672897196261683521e-04 3.883177570093458986e-01 5.140186915887852252e-03 4.672897196261683521e-04 5.654205607476636697e-02 4.672897196261683521e-04 4.252336448598131868e-02 4.672897196261683521e-04 5.140186915887852252e-03 4.672897196261683521e-04 2.383177570093458417e-02 2.850467289719626693e-02 9.813084112149535881e-03 1.915887850467290140e-02 4.672897196261683521e-04 1.686915887850467810e-01
6.238095238095239803e-02 3.380952380952381708e-02 4.761904761904763527e-04 3.004761904761905633e-01 1.147619047619048011e-01 4.761904761904763527e-04 1.242857142857143327e-01 5.238095238095239609e-03 4.761904761904763527e-04 4.761904761904763527e-04 4.761904761904763527e-04 1.004761904761905106e-01 5.238095238095239609e-03 4.761904761904763527e-04 4.761904761904763527e-04 4.809523809523810756e-02 4.761904761904763527e-04 4.761904761904763527e-04 4.761904761904763527e-04 5.285714285714286642e-02 1.000000000000000368e-02 1.476190476190476601e-02 4.761904761904763527e-04 4.761904761904763527e-04 1.000000000000000368e-02 4.761904761904763527e-04 4.761904761904763527e-04 4.761904761904763527e-04 4.761904761904763527e-04 1.100000000000000422e-01
3.968253968253968793e-04 3.968253968253968793e-04 3.968253968253968793e-04 3.968253968253968793e-04 3.214285714285714662e-02 3.968253968253968793e-04 2.420634920634920709e-02 1.626984126984127102e-02 3.968253968253968793e-04 3.968253968253968793e-04 2.067460317460317887e-01 3.968253968253968793e-04 5.992063492063492286e-02 3.968253968253968793e-04 3.968253968253968793e-04 7.182539682539683390e-02 3.968253968253968793e-04 3.968253968253968793e-04 3.968253968253968793e-04 3.968253968253968793e-04 3.968253968253968793e-04 8.333333333333334952e-03 3.968253968253968793e-04 4.365079365079366051e-03 4.404761904761905073e-02 3.611111111111111466e-02 3.968253968253968793e-04 3.968253968253968793e-04 1.432539682539682724e-01 3.456349206349206282e-01
1.972386587771202821e-04 8.303747534516764395e-02 1.972386587771202821e-04 1.972386587771202821e-04 3.175542406311636368e-02 1.972386587771202821e-04 6.114398422090728744e-03 6.923076923076922073e-02 2.566074950690334644e-01 4.556213017751478689e-02 1.203155818540433547e-02 1.972386587771202821e-04 1.972386587771202821e-04 9.092702169625244135e-02 1.972386587771202821e-04 1.972386587771202821e-04 2.189349112426034957e-02 2.169625246548323103e-03 1.972386587771202821e-04 1.972386587771202821e-04 1.400394477317553829e-02 1.972386587771202821e-04 2.169625246548323103e-03 1.972386587771202821e-04 2.013806706114397993e-01 1.972386587771202821e-04 1.972386587771202821e-04 9.881656804733725263e-02 6.134122287968440945e-02 1.972386587771202821e-04
1.529850746268656553e-02 3.731343283582089589e-04 4.141791044776119146e-02 3.731343283582089589e-04 7.835820895522389168e-03 9.365671641791045721e-02 1.529850746268656553e-02 4.141791044776119146e-02 3.731343283582089589e-04 3.731343283582089589e-04 3.731343283582089589e-04 3.731343283582089589e-04 4.104477611940299253e-03 2.649253731343283527e-02 3.731343283582089589e-04 3.731343283582089589e-04 6.007462686567164450e-02 4.514925373134328485e-02 7.835820895522389168e-03 5.634328358208955112e-02 3.731343283582089589e-04 4.104477611940299253e-03 7.835820895522389168e-03 3.731343283582089589e-04 1.085820895522388169e-01 1.156716417910447735e-02 3.731343283582089589e-04 3.511194029850746023e-01 4.888059701492537129e-02 4.888059701492537129e-02
2.762430939226518463e-04 1.218232044198894748e-01 2.762430939226518463e-04 2.762430939226518463e-04 1.685082872928176170e-02 2.762430939226518463e-04 2.762430939226518463e-04 8.591160220994473184e-02 4.146408839779003874e-01 2.762430939226518463e-04 2.790055248618783512e-02 2.762430939226518463e-04 3.038674033149170364e-03 1.273480662983424994e-01 2.762430939226518463e-04 1.685082872928176170e-02 6.657458563535910423e-02 2.762430939226518463e-04 1.408839779005524248e-02 2.762430939226518463e-04 2.762430939226518463e-04 2.762430939226518463e-04 2.762430939226518463e-04 2.762430939226518463e-04 2.762430939226518463e-04 2.762430939226518463e-04 3.038674033149170364e-03 7.209944751381214267e-02 2.762430939226518463e-04 2.513812154696131590e-02
3.395061728395062147e-03 6.203703703703704331e-02 3.086419753086419690e-04 3.086419753086419690e-04 1.265432098765431959e-02 2.499999999999999792e-02 3.086419753086419690e-04 4.043209876543209930e-02 3.086419753086419690e-04 3.086419753086419690e-04 8.981481481481481954e-02 3.395061728395062147e-03 4.351851851851851888e-02 3.086419753086419690e-04 1.882716049382715875e-02 6.820987654320988247e-02 3.395061728395062147e-03 3.086419753086419690e-04 3.086419753086419690e-04 1.265432098765431959e-02 1.422839506172839663e-01 3.086419753086419690e-04 3.395061728395062147e-03 3.086419753086419690e-04 1.237654320987654349e-01 3.086419753086419690e-04 3.395061728395062147e-03 1.762345679012345678e-01 3.425925925925926013e-02 1.299382716049382880e-01
9.130434782608698452e-02 3.952569169960475342e-04 3.201581027667984441e-02 3.952569169960475342e-04 2.015810276679842056e-02 3.952569169960475342e-04 3.952569169960475342e-04 1.620553359683794825e-02 3.952569169960475342e-04 3.126482213438735447e-01 3.952569169960475342e-04 3.952569169960475342e-04 3.952569169960475342e-04 5.177865612648222676e-02 3.952569169960475342e-04 3.952569169960475342e-04 3.596837944664032366e-02 3.992094861660079597e-02 3.952569169960475342e-04 8.339920948616602603e-02 3.952569169960475342e-04 2.806324110671937211e-02 3.952569169960475342e-04 3.952569169960475342e-04 3.952569169960475342e-04 3.952569169960475342e-04 3.952569169960475342e-04 2.731225296442688077e-01 8.300395256916998435e-03 3.952569169960475342e-04
6.452991452991455046e-02 1.200854700854701168e-01 4.273504273504274585e-04 4.273504273504274585e-04 1.324786324786325110e-02 5.170940170940171998e-02 1.752136752136752504e-02 4.273504273504274585e-04 4.273504273504274585e-04 1.670940170940171388e-01 4.273504273504274585e-04 4.273504273504274585e-04 1.414529914529915056e-01 1.752136752136752504e-02 4.273504273504274585e-04 4.273504273504274585e-04 4.273504273504274585e-04 4.273504273504274585e-04 4.273504273504274585e-04 4.273504273504274585e-04 3.034188034188034858e-02 1.752136752136752504e-02 2.269230769230769773e-01 1.752136752136752504e-02 7.307692307692309486e-02 1.324786324786325110e-02 2.179487179487179724e-02 4.273504273504274585e-04 4.273504273504274585e-04 4.273504273504274585e-04
