3.227272727272727931e-02 4.545454545454547077e-04 9.590909090909094381e-02 4.545454545454547077e-04 4.545454545454547077e-04 3.227272727272727931e-02 4.545454545454547077e-04 4.545454545454547077e-04 4.545454545454547077e-04 2.004545454545455241e-01 3.681818181818182628e-02 4.545454545454547077e-04 4.545454545454547077e-04 4.545454545454547077e-04 3.681818181818182628e-02 4.545454545454547077e-04 1.595454545454546014e-01 9.545454545454547940e-03 1.959090909090909771e-01 4.545454545454547077e-04 1.863636363636363841e-02 4.545454545454547077e-04 4.545454545454547077e-04 2.772727272727273234e-02 1.186363636363636787e-01 4.545454545454547077e-04 5.000000000000001839e-03 4.545454545454547077e-04 2.318181818181818538e-02 4.545454545454547077e-04
3.345588235294116863e-02 4.816176470588234143e-02 4.044117647058823040e-03 3.676470588235293525e-04 2.610294117647058224e-02 3.676470588235293525e-04 7.720588235294116239e-03 3.676470588235293525e-04 3.676470588235293525e-04 1.768382352941176017e-01 5.183823529411763636e-02 3.676470588235293525e-04 3.676470588235293525e-04 1.327205882352940902e-01 4.044117647058823040e-03 2.242647058823528730e-02 3.676470588235293525e-04 4.044117647058823040e-03 3.676470588235293525e-04 5.919117647058822623e-02 3.676470588235293525e-04 3.128676470588234171e-01 3.676470588235293525e-04 3.676470588235293525e-04 3.676470588235293525e-04 3.713235294117646357e-02 2.610294117647058224e-02 1.507352941176470090e-02 3.345588235294116863e-02 3.676470588235293525e-04
2.832861189801698983e-04 2.832861189801698983e-04 1.161473087818696431e-02 2.832861189801698983e-04 2.832861189801698983e-04 1.728045325779036315e-02 2.832861189801698983e-04 2.580736543909347702e-01 2.832861189801698983e-04 2.832861189801698983e-04 2.832861189801698983e-04 2.577903682719545966e-02 3.116147308781869098e-03 8.526912181303113181e-02 3.116147308781869098e-03 2.832861189801698983e-04 2.832861189801698983e-04 4.844192634560905153e-02 5.949008498583568082e-03 3.144475920679885850e-02 2.382436260623228552e-01 1.135977337110481294e-01 3.116147308781869098e-03 5.949008498583568082e-03 2.832861189801698983e-04 2.011331444759206083e-02 1.249291784702549202e-01 2.832861189801698983e-04 2.832861189801698983e-04 2.832861189801698983e-04
3.636363636363635059e-04 4.036363636363634461e-02 3.636363636363635059e-04 1.854545454545453512e-02 7.672727272727269954e-02 3.636363636363635059e-04 3.636363636363635059e-04 2.585454545454544117e-01 3.636363636363635059e-04 3.636363636363635059e-04 3.636363636363635059e-04 3.636363636363635059e-04 4.763636363636361559e-02 1.239999999999999575e-01 3.636363636363635059e-04 3.636363636363635059e-04 3.636363636363635059e-04 7.636363636363633842e-03 3.636363636363635059e-04 3.309090909090907362e-02 2.112727272727271954e-01 1.312727272727272354e-01 3.636363636363635059e-04 3.636363636363635059e-04 3.636363636363635059e-04 4.036363636363634461e-02 3.999999999999998349e-03 3.636363636363635059e-04 3.636363636363635059e-04 3.636363636363635059e-04
3.678929765886285869e-03 6.722408026755849475e-02 3.344481605351168774e-04 3.678929765886285869e-03 6.722408026755849475e-02 6.722408026755849475e-02 3.344481605351168774e-04 1.809364548494982183e-01 3.678929765886285869e-03 3.344481605351168774e-04 3.344481605351168774e-04 3.344481605351168774e-04 1.173913043478260199e-01 1.842809364548493867e-01 3.344481605351168774e-04 3.344481605351168774e-04 3.344481605351168774e-04 3.344481605351168774e-04 3.344481605351168774e-04 5.719063545150498973e-02 9.732441471571900982e-02 6.387959866220732641e-02 3.344481605351168774e-04 3.344481605351168774e-04 8.060200668896316811e-02 3.344481605351168774e-04 3.344481605351168774e-04 3.344481605351168774e-04 3.344481605351168774e-04 3.344481605351168774e-04
4.119850187265917604e-03 4.119850187265917604e-03 3.745318352059925243e-04 3.745318352059925243e-04 3.745318352059925243e-04 1.127340823970037487e-01 3.745318352059925243e-04 4.906367041198501922e-02 3.745318352059925243e-04 6.404494382022472843e-02 3.745318352059925243e-04 3.745318352059925243e-04 5.280898876404493958e-02 2.625468164794007020e-01 4.906367041198501922e-02 3.745318352059925243e-04 3.745318352059925243e-04 1.501872659176030078e-01 1.535580524344569084e-02 7.865168539325843172e-03 3.745318352059925243e-04 4.119850187265917604e-03 3.745318352059925243e-04 6.404494382022472843e-02 1.014981273408239737e-01 3.745318352059925243e-04 1.161048689138576874e-02 3.408239700374531694e-02 7.865168539325843172e-03 3.745318352059925243e-04
1.165413533834586297e-02 3.759398496240600645e-04 4.135338345864661251e-03 3.759398496240600645e-04 3.759398496240600645e-04 3.759398496240600645e-04 9.812030075187967715e-02 3.759398496240600645e-04 3.759398496240600645e-04 6.428571428571427937e-02 3.759398496240600645e-04 3.759398496240600645e-04 1.917293233082706383e-02 3.048872180451127067e-01 3.759398496240600645e-04 3.759398496240600645e-04 3.759398496240600645e-04 1.056390977443608797e-01 3.759398496240600645e-04 1.917293233082706383e-02 3.759398496240600645e-04 2.823308270676690990e-01 4.135338345864661251e-03 1.917293233082706383e-02 3.759398496240600645e-04 3.796992481203006337e-02 3.759398496240600645e-04 3.759398496240600645e-04 2.293233082706766165e-02 3.759398496240600645e-04
1.104972375690607467e-04 2.662983425414364169e-02 1.104972375690607467e-04 3.657458563535910534e-02 5.635359116022097686e-03 1.104972375690607467e-04 5.646408839779003958e-02 2.199999999999999456e-01 1.005524861878452809e-02 2.552486187845303539e-02 1.104972375690607467e-04 1.104972375690607467e-04 1.104972375690607467e-04 2.552486187845303539e-02 1.447513812154695677e-02 1.104972375690607467e-04 1.104972375690607467e-04 5.314917127071822067e-02 1.337016574585635047e-02 9.845303867403311371e-02 2.012154696132596177e-01 1.592265193370165366e-01 1.337016574585635047e-02 1.104972375690607467e-04 1.104972375690607467e-04 3.436464088397789274e-02 1.104972375690607467e-04 1.104972375690607467e-04 4.530386740331490518e-03 1.104972375690607467e-04
4.524886877828054486e-04 4.524886877828054486e-04 4.524886877828054486e-04 4.524886877828054486e-04 4.524886877828054486e-04 1.497737556561085925e-01 8.190045248868778327e-02 4.524886877828054486e-04 4.524886877828054486e-04 4.524886877828054486e-04 4.524886877828054486e-04 4.524886877828054486e-04 1.180995475113122278e-01 3.212669683257918241e-02 4.524886877828054486e-04 4.524886877828054486e-04 4.117647058823529355e-02 4.524886877828054486e-04 4.570135746606334565e-02 4.524886877828054486e-04 4.524886877828054486e-04 1.452488687782805543e-01 8.642533936651584925e-02 1.497737556561085925e-01 6.380090497737556099e-02 4.524886877828054486e-04 1.402714932126696880e-02 6.380090497737556099e-02 4.524886877828054486e-04 4.524886877828054486e-04
3.906250000000001301e-04 8.242187500000001943e-02 3.906250000000001301e-04 3.906250000000001301e-04 1.992187500000000208e-02 1.210937500000000382e-02 1.097656250000000333e-01 3.906250000000001301e-04 3.906250000000001301e-04 3.906250000000001301e-04 1.992187500000000208e-02 2.382812500000000555e-02 3.906250000000001301e-04 2.699218750000000333e-01 3.906250000000001301e-04 3.906250000000001301e-04 3.906250000000001301e-04 1.210937500000000382e-02 3.906250000000001301e-04 3.906250000000001301e-04 8.203125000000002082e-03 2.738281250000000333e-01 3.906250000000001301e-04 3.906250000000001301e-04 2.773437500000000555e-02 8.203125000000002082e-03 3.906250000000001301e-04 5.117187500000001249e-02 7.460937500000001943e-02 3.906250000000001301e-04
4.782608695652175446e-03 4.347826086956522985e-04 4.347826086956522985e-04 8.739130434782611812e-02 9.130434782608698105e-03 2.700000000000000733e-01 1.004347826086956774e-01 4.826086956521739857e-02 4.347826086956522985e-04 4.347826086956522985e-04 4.347826086956522985e-04 4.347826086956522985e-04 1.047826086956522018e-01 2.217391304347826608e-02 9.130434782608698105e-03 4.347826086956522985e-04 3.521739130434783233e-02 5.260869565217392296e-02 4.347826086956522985e-04 4.347826086956522985e-04 8.304347826086959372e-02 4.782608695652175446e-03 4.347826086956522985e-04 5.695652173913044736e-02 6.565217391304349615e-02 3.956521739130435672e-02 4.347826086956522985e-04 4.347826086956522985e-04 4.347826086956522985e-04 4.347826086956522985e-04
4.032258064516129029e-04 4.032258064516129029e-04 4.032258064516129029e-04 4.032258064516129029e-04 3.266129032258064530e-02 5.685483870967741882e-02 2.221774193548387288e-01 4.032258064516129029e-04 4.032258064516129029e-04 4.032258064516129029e-04 4.032258064516129029e-04 4.032258064516129029e-04 6.895161290322580905e-02 1.250000000000000069e-02 4.032258064516129029e-04 4.032258064516129029e-04 1.455645161290322620e-01 1.254032258064516070e-01 4.435483870967741986e-03 4.435483870967741986e-03 8.467741935483871774e-03 8.467741935483871774e-03 4.032258064516129029e-04 1.939516129032258229e-01 2.056451612903225507e-02 4.032258064516129029e-04 4.032258064516129029e-04 7.701612903225807383e-02 4.032258064516129029e-04 1.250000000000000069e-02
3.257328990228012091e-04 3.257328990228012091e-04 4.592833876221496386e-02 3.257328990228012091e-04 5.244299674267099282e-02 3.257328990228012091e-04 9.804560260586316078e-02 8.827361563517913123e-02 3.257328990228012091e-04 3.257328990228012091e-04 6.840390879478824848e-03 1.009771986970683759e-02 1.143322475570032193e-01 3.814332247557001843e-01 3.257328990228012091e-04 1.335504885993484686e-02 3.257328990228012091e-04 6.221498371335502930e-02 3.257328990228012091e-04 3.257328990228012091e-04 1.661237785016285787e-02 3.257328990228012091e-04 3.257328990228012091e-04 3.583061889250813408e-03 3.257328990228012091e-04 3.257328990228012091e-04 4.592833876221496386e-02 5.570032573289900729e-02 3.257328990228012091e-04 3.257328990228012091e-04
4.149377593360996830e-04 2.531120331950207844e-02 3.775933609958506687e-02 4.149377593360996830e-04 4.564315352697096567e-03 4.149377593360996830e-04 1.248962655601660171e-01 3.775933609958506687e-02 2.531120331950207844e-02 1.082987551867220233e-01 4.149377593360996830e-04 4.149377593360996830e-04 4.564315352697096567e-03 3.697095435684648046e-01 4.149377593360996830e-04 4.149377593360996830e-04 4.149377593360996830e-04 8.713692946058093289e-03 4.149377593360996830e-04 4.564315352697096567e-03 4.149377593360996830e-04 1.000000000000000333e-01 4.149377593360996830e-04 4.149377593360996830e-04 2.531120331950207844e-02 4.149377593360996830e-04 6.680497925311205953e-02 4.149377593360996830e-04 4.149377593360996830e-04 5.020746887966805877e-02
2.267573696145124289e-04 2.267573696145124289e-04 2.267573696145124289e-04 2.267573696145124289e-04 1.702947845804988203e-01 1.156462585034013189e-02 7.052154195011337001e-02 9.999999999999997780e-02 2.267573696145124289e-04 9.297052154195007551e-03 1.836734693877550492e-02 2.267573696145124289e-04 1.136054421768707273e-01 1.204081632653060951e-01 3.424036281179137359e-02 2.267573696145124289e-04 4.331065759637187096e-02 2.267573696145124289e-04 2.267573696145124289e-04 4.331065759637187096e-02 2.267573696145124289e-04 2.494331065759636690e-03 2.267573696145124289e-04 2.063492063492062753e-02 2.267573696145124289e-04 2.267573696145124289e-04 2.267573696145124289e-04 2.247165532879817906e-01 9.297052154195007551e-03 4.761904761904760600e-03
3.164556962025315431e-04 6.360759493670883891e-02 3.164556962025315431e-04 3.164556962025315431e-04 3.164556962025315431e-04 3.164556962025315431e-04 9.525316455696199169e-02 3.164556962025315431e-04 3.164556962025315431e-04 1.585443037974683111e-01 3.164556962025315431e-04 3.164556962025315431e-04 3.164556962025315431e-04 2.851265822784808668e-01 5.727848101265821390e-02 3.164556962025315431e-04 3.164556962025315431e-04 3.164556962025315431e-04 3.164556962025315431e-04 1.930379746835442223e-02 3.164556962025315431e-04 2.693037974683543112e-01 3.164556962025315431e-04 3.164556962025315431e-04 3.164556962025315431e-04 3.164556962025315431e-04 3.481012658227847136e-03 6.645569620253162675e-03 3.164556962025315431e-04 3.512658227848099862e-02
3.278688524590162847e-04 2.327868852459015481e-02 3.278688524590162847e-04 3.278688524590162847e-04 3.606557377049179457e-03 4.622950819672129452e-02 7.573770491803276383e-02 3.278688524590162847e-04 3.606557377049179457e-03 1.675409836065573088e-01 3.278688524590162847e-04 2.655737704918031614e-02 1.999999999999999001e-02 3.183606557377047785e-01 3.278688524590162847e-04 3.278688524590162847e-04 3.606557377049179457e-03 1.344262295081966561e-02 3.278688524590162847e-04 3.278688524590162847e-04 1.672131147540982868e-02 2.068852459016392586e-01 1.999999999999999001e-02 3.278688524590162847e-04 3.278688524590162847e-04 3.278688524590162847e-04 3.311475409836064226e-02 3.278688524590162847e-04 3.278688524590162847e-04 1.672131147540982868e-02
1.399317406143344572e-02 3.754266211604095817e-03 3.412969283276450546e-04 3.412969283276450546e-04 3.412969283276450546e-04 3.412969283276450546e-04 3.412969283276450546e-04 2.081911262798634768e-02 1.399317406143344572e-02 1.505119453924914641e-01 3.447098976109214813e-02 3.412969283276450546e-04 3.412969283276450546e-04 3.313993174061433122e-01 3.412969283276450546e-04 7.167235494880546363e-03 3.754266211604095817e-03 3.412969283276450546e-04 3.788395904436860084e-02 3.412969283276450546e-04 3.754266211604095817e-03 1.709897610921501665e-01 7.167235494880546363e-03 3.447098976109214813e-02 3.412969283276450546e-04 3.412969283276450546e-04 1.740614334470989497e-02 3.412969283276450546e-04 9.931740614334470807e-02 4.470989761092149933e-02
4.950495049504951639e-04 4.950495049504951639e-04 4.950495049504951639e-04 4.950495049504951639e-04 7.475247524752477724e-02 5.000000000000000971e-02 2.029702970297030118e-02 4.950495049504951639e-04 3.514851485148515892e-02 4.950495049504951639e-04 1.534653465346535149e-02 4.950495049504951639e-04 1.737623762376238057e-01 3.222772277227723414e-01 4.950495049504951639e-04 4.950495049504951639e-04 2.524752475247525260e-02 9.455445544554458293e-02 5.445544554455447779e-03 4.009900990099010687e-02 4.950495049504951639e-04 4.950495049504951639e-04 4.950495049504951639e-04 2.029702970297030118e-02 4.950495049504951639e-04 4.950495049504951639e-04 5.000000000000000971e-02 3.019801980198020402e-02 4.950495049504951639e-04 3.514851485148515892e-02
3.412969283276449462e-04 3.412969283276449462e-04 3.412969283276449462e-04 3.412969283276449462e-04 3.412969283276449462e-04 2.081911262798633727e-02 5.494880546075083666e-02 3.412969283276449462e-04 3.412969283276449462e-04 3.788395904436858697e-02 8.907849829351532911e-02 3.412969283276449462e-04 5.494880546075083666e-02 3.177474402730374181e-01 3.412969283276449462e-04 3.412969283276449462e-04 1.399317406143344052e-02 3.412969283276449462e-04 3.754266211604094516e-03 3.412969283276449462e-04 2.764505119453923576e-02 3.484641638225254301e-01 3.412969283276449462e-04 3.412969283276449462e-04 3.412969283276449462e-04 3.754266211604094516e-03 3.412969283276449462e-04 3.412969283276449462e-04 2.081911262798633727e-02 3.412969283276449462e-04
4.694835680751175224e-04 4.694835680751175224e-04 1.455399061032864282e-02 4.694835680751175224e-04 6.619718309859157213e-02 1.413145539906103809e-01 1.178403755868544928e-01 8.497652582159627432e-02 4.694835680751175224e-04 4.694835680751175224e-04 5.164319248826292584e-03 4.694835680751175224e-04 6.619718309859157213e-02 4.694835680751175224e-04 4.694835680751175224e-04 4.694835680751175224e-04 4.694835680751175224e-04 3.802816901408451883e-02 4.694835680751175224e-04 4.694835680751175224e-04 4.272300469483569091e-02 8.967136150234744640e-02 4.694835680751175224e-04 2.394366197183099218e-02 4.694835680751175224e-04 2.680751173708921242e-01 3.333333333333333981e-02 4.694835680751175224e-04 4.694835680751175224e-04 4.694835680751175224e-04
4.761904761904763527e-04 4.761904761904763527e-04 4.761904761904763527e-04 4.761904761904763527e-04 4.761904761904763527e-04 3.290476190476190888e-01 1.671428571428572041e-01 4.761904761904763527e-04 4.809523809523810756e-02 4.761904761904763527e-04 4.761904761904763527e-04 1.000000000000000368e-02 5.761904761904763222e-02 3.380952380952381708e-02 4.761904761904763527e-04 4.761904761904763527e-04 4.761904761904763527e-04 1.195238095238095599e-01 4.761904761904763527e-04 3.857142857142858289e-02 4.761904761904763527e-04 4.761904761904763527e-04 6.714285714285715689e-02 4.761904761904763527e-04 4.809523809523810756e-02 5.761904761904763222e-02 4.761904761904763527e-04 4.761904761904763527e-04 1.476190476190476601e-02 4.761904761904763527e-04
4.366812227074236448e-04 4.803493449781660526e-03 5.283842794759825712e-02 4.366812227074236448e-04 9.170305676855896107e-03 2.227074235807860458e-02 3.537117903930131479e-02 1.882096069868995913e-01 4.410480349344978596e-02 4.847161572052402501e-02 4.366812227074236448e-04 4.366812227074236448e-04 6.593886462882096733e-02 1.794759825327511271e-01 4.366812227074236448e-04 4.366812227074236448e-04 4.366812227074236448e-04 4.410480349344978596e-02 1.353711790393013342e-02 4.366812227074236448e-04 4.366812227074236448e-04 7.467248908296944543e-02 4.366812227074236448e-04 4.366812227074236448e-04 4.366812227074236448e-04 7.903930131004367754e-02 1.314410480349345323e-01 4.366812227074236448e-04 4.366812227074236448e-04 4.366812227074236448e-04
7.862745098039214398e-02 1.960784313725489844e-04 1.960784313725489844e-04 1.960784313725489844e-04 9.823529411764704566e-02 1.960784313725489844e-04 5.313725490196077872e-02 3.156862745098038686e-02 1.980392156862744585e-02 5.509803921568626195e-02 1.960784313725489844e-04 1.960784313725489844e-04 1.980392156862744585e-02 1.433333333333332849e-01 1.960784313725489844e-04 1.960784313725489844e-04 2.372549019607842619e-02 1.960784313725489844e-04 1.960784313725489844e-04 1.392156862745097708e-02 7.274509803921566653e-02 1.845098039215685715e-01 2.156862745098039099e-03 2.156862745098039099e-03 1.960784313725489844e-04 2.156862745098039099e-03 4.117647058823528834e-03 1.531372549019607288e-01 1.960784313725489844e-04 3.941176470588234754e-02
3.717472118959106657e-04 1.044609665427508882e-01 7.806691449814123600e-03 3.382899628252786228e-02 3.717472118959106657e-04 1.895910780669144216e-02 3.717472118959106657e-04 3.754646840148697512e-02 3.717472118959106657e-04 1.193308550185873118e-01 1.342007434944237354e-01 3.717472118959106657e-04 3.717472118959106657e-04 2.977695167286243949e-01 3.717472118959106657e-04 3.717472118959106657e-04 3.717472118959106657e-04 9.702602230483267642e-02 3.717472118959106657e-04 3.717472118959106657e-04 2.267657992565054806e-02 1.007434944237917823e-01 3.717472118959106657e-04 4.089219330855016835e-03 7.806691449814123600e-03 3.717472118959106657e-04 3.717472118959106657e-04 3.717472118959106657e-04 3.717472118959106657e-04 7.806691449814123600e-03
3.731343283582089047e-04 3.731343283582089047e-04 3.731343283582089047e-04 3.731343283582089047e-04 7.126865671641789690e-02 1.156716417910447561e-02 9.365671641791042945e-02 2.317164179104477251e-01 5.634328358208953724e-02 7.126865671641789690e-02 3.731343283582089047e-04 3.731343283582089047e-04 3.731343283582089047e-04 1.608208955223880410e-01 3.731343283582089047e-04 3.731343283582089047e-04 3.731343283582089047e-04 3.731343283582089047e-04 3.731343283582089047e-04 4.104477611940298386e-03 4.888059701492536435e-02 8.619402985074625656e-02 3.022388059701491825e-02 3.731343283582089047e-04 3.731343283582089047e-04 3.731343283582089047e-04 4.104477611940298386e-03 1.123134328358208756e-01 1.156716417910447561e-02 3.731343283582089047e-04
2.747252747252747250e-04 2.747252747252747250e-04 2.747252747252747250e-04 3.021978021978022084e-03 1.101648351648351620e-01 2.747252747252747250e-04 6.895604395604396086e-02 8.543956043956044133e-02 5.769230769230769551e-03 2.747252747252747250e-04 3.021978021978022084e-03 2.747252747252747250e-04 2.774725274725274582e-02 1.898351648351648269e-01 2.747252747252747250e-04 2.747252747252747250e-04 4.423076923076923322e-02 2.747252747252747250e-04 1.401098901098900978e-02 2.747252747252747250e-04 3.873626373626373742e-02 5.796703296703296926e-02 2.747252747252747250e-04 2.747252747252747250e-04 2.747252747252747250e-04 2.747252747252747250e-04 2.747252747252747250e-04 3.464285714285714191e-01 2.747252747252747250e-04 2.747252747252747250e-04
9.444444444444446973e-02 4.273504273504274585e-04 4.273504273504274585e-04 4.273504273504274585e-04 4.273504273504274585e-04 1.500000000000000500e-01 1.243589743589743890e-01 4.273504273504274585e-04 4.273504273504274585e-04 1.713675213675214248e-01 4.273504273504274585e-04 4.273504273504274585e-04 4.273504273504274585e-04 2.606837606837607291e-02 4.743589743589744778e-02 4.273504273504274585e-04 4.273504273504274585e-04 1.752136752136752504e-02 3.465811965811966266e-01 4.700854700854702369e-03 4.273504273504274585e-04 4.273504273504274585e-04 4.700854700854702369e-03 4.700854700854702369e-03 4.273504273504274585e-04 4.273504273504274585e-04 4.273504273504274585e-04 4.273504273504274585e-04 4.273504273504274585e-04 4.273504273504274585e-04
4.237288135593220758e-04 1.317796610169491567e-01 1.737288135593220359e-02 1.313559322033898413e-02 4.237288135593220758e-04 4.237288135593220758e-04 1.402542372881356025e-01 4.237288135593220758e-04 4.237288135593220758e-04 1.360169491525423657e-01 4.237288135593220758e-04 4.237288135593220758e-04 4.237288135593220758e-04 1.741525423728813582e-01 4.279661016949152380e-02 4.237288135593220758e-04 4.237288135593220758e-04 4.237288135593220758e-04 8.898305084745762941e-03 3.855932203389830087e-02 4.237288135593220758e-04 1.953389830508474589e-01 4.237288135593220758e-04 4.237288135593220758e-04 8.898305084745762941e-03 4.237288135593220758e-04 4.237288135593220758e-04 4.237288135593220758e-04 3.432203389830508489e-02 5.127118644067796271e-02
3.246753246753245666e-04 1.655844155844155008e-02 6.818181818181816116e-03 3.246753246753245666e-04 3.603896103896102321e-02 3.571428571428570450e-03 4.253246753246751888e-02 7.499999999999998335e-02 3.246753246753245666e-04 5.227272727272725544e-02 3.571428571428570450e-03 2.535714285714284477e-01 1.042207792207791861e-01 3.928571428571427104e-02 3.246753246753245666e-04 3.246753246753245666e-04 3.246753246753245666e-04 2.178571428571427493e-01 3.246753246753245666e-04 3.246753246753245666e-04 3.246753246753245666e-04 3.571428571428570450e-03 2.629870129870128664e-02 1.980519480519479791e-02 3.571428571428570450e-03 3.571428571428570450e-03 8.149350649350646514e-02 6.818181818181816116e-03 3.246753246753245666e-04 3.246753246753245666e-04
4.016064257028113707e-04 2.048192771084337768e-02 4.016064257028113707e-04 4.016064257028113707e-04 4.016064257028113707e-04 4.016064257028113707e-04 6.064257028112451237e-02 2.855421686746988374e-01 3.253012048192771566e-02 4.016064257028113707e-04 4.016064257028113707e-04 4.016064257028113707e-04 5.662650602409639855e-02 2.092369477911647235e-01 5.261044176706828474e-02 4.016064257028113707e-04 4.016064257028113707e-04 4.016064257028113707e-04 4.417670682730925023e-03 3.654618473895582947e-02 4.457831325301205710e-02 2.449799196787149150e-02 4.417670682730925023e-03 4.016064257028113707e-04 4.016064257028113707e-04 6.465863453815262618e-02 6.867469879518074694e-02 2.449799196787149150e-02 4.016064257028113707e-04 4.417670682730925023e-03
2.832861189801698983e-04 5.127478753541075268e-02 1.161473087818696431e-02 3.116147308781869098e-03 3.116147308781869098e-03 2.832861189801698983e-04 2.294617563739375851e-02 1.107648725212464214e-01 2.832861189801698983e-04 1.390934844192634190e-01 2.832861189801698983e-04 5.410764872521245383e-02 9.943342776203963063e-02 2.297450424929177448e-01 2.832861189801698983e-04 2.832861189801698983e-04 8.781869688385266631e-03 4.277620396600564923e-02 3.116147308781869098e-03 3.994334277620395501e-02 2.832861189801698983e-04 1.532577903682719178e-01 3.116147308781869098e-03 2.832861189801698983e-04 2.832861189801698983e-04 1.728045325779036315e-02 3.116147308781869098e-03 2.832861189801698983e-04 2.832861189801698983e-04 2.832861189801698983e-04
2.331002331002329916e-04 2.331002331002329916e-04 3.519813519813518032e-02 2.331002331002329916e-04 2.331002331002329916e-04 7.226107226107222198e-03 1.167832167832167228e-01 1.703962703962702829e-01 4.895104895104892932e-03 2.331002331002329916e-04 2.331002331002329916e-04 4.895104895104892932e-03 4.219114219114217246e-02 8.414918414918411138e-02 2.331002331002329916e-04 2.331002331002329916e-04 2.331002331002329916e-04 6.783216783216780565e-02 7.226107226107222198e-03 7.016317016317012711e-02 9.347319347319342497e-02 1.144522144522144014e-01 2.331002331002329916e-04 2.331002331002329916e-04 2.331002331002329916e-04 1.470862470862470128e-01 9.557109557109550596e-03 2.331002331002329916e-04 2.121212121212119953e-02 2.331002331002329916e-04
1.635388739946379982e-02 2.439678284182304757e-02 2.949061662198390957e-03 1.099195710455763697e-02 1.635388739946379982e-02 2.680965147453082294e-04 9.678284182305627037e-02 4.584450402144771286e-02 2.680965147453082294e-04 6.997319034852544917e-02 5.630026809651473250e-03 2.680965147453082294e-04 1.584450402144771675e-01 2.120643431635387821e-01 2.680965147453082294e-04 2.680965147453082294e-04 2.680965147453082294e-04 8.605898123324394466e-02 5.630026809651473250e-03 2.949061662198390957e-03 8.310991957104555544e-03 1.262734584450401765e-01 2.680965147453082294e-04 2.680965147453082294e-04 2.680965147453082294e-04 2.707774798927612900e-02 2.680965147453082294e-04 2.680965147453082294e-04 5.120643431635387571e-02 2.975871313672921389e-02
3.690036900369001414e-04 3.690036900369001414e-04 4.095940959409591353e-02 3.690036900369001414e-04 3.690036900369001414e-04 9.261992619926194548e-02 5.940959409594092494e-02 4.059040590405901990e-03 5.571955719557192266e-02 7.785977859778593635e-02 3.690036900369001414e-04 3.690036900369001414e-04 1.184501845018449545e-01 9.630996309963094082e-02 3.726937269372691125e-02 4.833948339483391810e-02 3.690036900369001414e-04 3.690036900369001414e-04 3.690036900369001414e-04 1.143911439114390395e-02 4.095940959409591353e-02 3.690036900369001414e-04 1.442804428044279497e-01 7.749077490774903404e-03 1.258302583025829591e-01 3.690036900369001414e-04 3.357933579335790897e-02 3.690036900369001414e-04 3.690036900369001414e-04 3.690036900369001414e-04
3.713235294117647051e-02 4.816176470588234837e-02 7.720588235294117974e-03 3.676470588235294067e-04 3.676470588235294067e-04 4.044117647058823907e-03 6.286764705882352811e-02 3.676470588235294067e-04 3.676470588235294067e-04 1.180147058823529521e-01 3.676470588235294067e-04 4.044117647058823907e-03 3.676470588235294067e-04 1.547794117647058876e-01 3.676470588235294067e-04 1.139705882352941291e-02 2.242647058823529424e-02 4.044117647058823907e-03 3.676470588235294067e-04 3.676470588235294067e-04 6.286764705882352811e-02 2.393382352941176294e-01 3.676470588235294067e-04 3.676470588235294067e-04 3.676470588235294067e-04 3.676470588235294067e-04 3.676470588235294067e-04 3.676470588235294067e-04 2.172794117647058876e-01 3.676470588235294067e-04
4.827586206896550269e-03 2.298850574712643321e-04 7.839080459770113307e-02 9.425287356321835827e-03 2.298850574712643321e-04 4.620689655172412896e-02 1.680459770114942075e-01 3.471264367816091073e-02 2.298850574712643321e-04 2.298850574712643321e-04 1.036781609195401993e-01 2.298850574712643321e-04 9.908045977011492589e-02 1.358620689655171965e-01 2.298850574712643321e-04 2.298850574712643321e-04 4.827586206896550269e-03 1.128735632183907739e-01 2.298850574712643321e-04 2.298850574712643321e-04 3.471264367816091073e-02 1.220689655172413485e-01 2.298850574712643321e-04 2.298850574712643321e-04 3.931034482758619802e-02 2.298850574712643321e-04 2.298850574712643321e-04 2.298850574712643321e-04 2.298850574712643321e-04 2.528735632183907490e-03
2.909441233140655156e-02 5.414258188824663115e-02 1.926782273603082883e-04 1.926782273603082883e-04 1.926782273603082883e-04 1.368015414258188719e-02 7.919075144508670727e-02 2.716763005780346851e-02 1.926782273603082883e-04 9.845857418111753079e-02 1.926782273603082883e-04 2.524084778420038547e-02 1.368015414258188719e-02 2.236994219653179183e-01 4.643545279383429897e-02 1.926782273603082883e-04 1.926782273603082883e-04 1.926782273603082883e-04 1.926782273603082883e-04 8.882466281310212597e-02 6.377649325626204291e-02 7.919075144508670727e-02 4.046242774566474569e-03 1.926782273603082883e-04 2.331406551059730242e-02 5.606936416184971073e-02 3.872832369942196679e-02 1.926782273603082883e-04 2.909441233140655156e-02 4.046242774566474569e-03
1.047297297297297182e-02 6.114864864864864163e-02 3.378378378378378024e-04 2.736486486486485945e-02 3.378378378378378024e-04 5.101351351351350594e-02 7.466216216216214896e-02 7.466216216216214896e-02 7.094594594594593254e-03 8.141891891891890609e-02 3.378378378378378024e-04 3.378378378378378024e-04 1.047297297297297182e-02 2.402027027027026362e-01 1.047297297297297182e-02 3.378378378378378024e-04 3.378378378378378024e-04 3.378378378378378024e-04 1.385135135135134692e-02 3.378378378378378024e-04 4.087837837837837024e-02 1.253378378378378066e-01 3.716216216216215989e-03 3.378378378378378024e-04 3.716216216216215989e-03 3.412162162162161311e-02 3.716216216216215989e-03 3.716216216216215989e-03 9.831081081081079198e-02 2.060810810810810231e-02
4.716981132075472819e-04 4.716981132075472819e-04 1.462264150943396422e-02 4.716981132075472819e-04 3.820754716981132615e-02 4.716981132075472819e-04 2.693396226415094574e-01 1.462264150943396422e-02 4.716981132075472819e-04 4.716981132075472819e-04 4.292452830188679680e-02 9.481132075471700171e-02 5.235849056603773810e-02 9.905660377358491836e-03 4.716981132075472819e-04 4.716981132075472819e-04 4.716981132075472819e-04 4.716981132075472819e-04 9.905660377358491836e-03 4.764150943396226745e-02 1.933962264150943661e-02 4.716981132075472819e-04 4.716981132075472819e-04 5.707547169811321569e-02 9.009433962264153106e-02 9.905660377358491836e-03 7.122641509433963458e-02 1.514150943396226634e-01 4.716981132075472819e-04 4.716981132075472819e-04
3.816793893129770410e-04 1.183206106870228827e-02 1.183206106870228827e-02 3.816793893129770410e-04 3.816793893129770410e-04 4.198473282442747451e-03 1.072519083969465520e-01 7.671755725190838870e-02 3.816793893129770410e-04 4.999999999999998890e-02 3.816793893129770410e-04 3.816793893129770410e-04 3.473282442748090726e-02 2.332061068702289686e-01 4.198473282442747451e-03 3.816793893129770410e-04 3.816793893129770410e-04 3.816793893129770410e-04 3.816793893129770410e-04 4.236641221374044808e-02 3.473282442748090726e-02 6.145038167938930707e-02 4.236641221374044808e-02 3.816793893129770410e-04 3.816793893129770410e-04 3.091603053435113685e-02 7.671755725190838870e-02 1.454198473282442561e-01 8.015267175572517860e-03 1.946564885496182562e-02
4.572864321608040988e-02 5.025125628140704025e-04 5.025125628140704025e-04 1.055276381909547867e-02 5.025125628140704025e-04 8.090452261306534110e-02 5.025125628140704025e-04 6.080402010050251632e-02 5.025125628140704025e-04 5.025125628140704025e-04 2.060301507537688412e-02 5.025125628140704025e-04 1.412060301507538085e-01 5.025125628140704025e-04 5.025125628140704025e-04 5.025125628140704025e-04 1.211055276381909768e-01 1.557788944723618313e-02 1.211055276381909768e-01 5.025125628140704025e-04 5.527638190954775078e-03 5.025125628140704025e-04 5.025125628140704025e-04 1.557788944723618313e-02 1.361809045226130832e-01 5.025125628140704025e-04 4.070351758793970542e-02 9.597989949748746141e-02 8.090452261306534110e-02 5.025125628140704025e-04
3.571428571428571425e-04 3.571428571428571425e-04 3.571428571428571425e-04 3.571428571428571425e-04 4.678571428571428464e-02 3.571428571428571425e-04 4.321428571428571203e-02 3.571428571428571425e-04 3.571428571428571425e-04 5.750000000000000250e-02 9.678571428571429436e-02 2.178571428571428326e-02 6.821428571428571341e-02 1.110714285714285710e-01 3.571428571428571425e-04 1.107142857142857234e-02 1.107142857142857234e-02 3.571428571428571425e-04 3.571428571428571425e-04 3.571428571428571425e-04 7.892857142857143127e-02 3.571428571428571425e-04 1.464285714285714149e-02 3.571428571428571425e-04 1.107142857142857234e-02 3.571428571428571425e-04 1.182142857142857162e-01 2.610714285714285654e-01 4.321428571428571203e-02 3.571428571428571425e-04
2.327586206896550824e-02 5.488505747126435491e-02 3.160919540229884146e-03 2.873563218390804016e-04 2.873563218390804016e-04 4.051724137931032865e-02 2.873563218390804016e-04 2.873563218390804016e-04 2.873563218390804016e-04 1.238505747126436435e-01 2.873563218390804016e-04 2.873563218390804016e-04 2.614942528735631280e-02 1.465517241379309804e-02 4.913793103448274580e-02 2.873563218390804016e-04 4.339080459770113668e-02 2.873563218390804016e-04 5.893678160919537667e-01 2.327586206896550824e-02 2.873563218390804016e-04 2.873563218390804016e-04 3.160919540229884146e-03 2.873563218390804016e-04 2.873563218390804016e-04 2.873563218390804016e-04 2.873563218390804016e-04 2.873563218390804016e-04 2.873563218390804016e-04 2.873563218390804016e-04
3.255131964809382383e-02 5.014662756598238513e-02 2.932551319648092755e-04 2.932551319648092755e-04 2.932551319648092755e-04 6.187683284457475008e-02 1.586510263929618025e-01 7.360703812316712891e-02 1.495601173020526947e-02 5.894428152492665884e-02 2.932551319648092755e-04 6.158357771260994026e-03 1.495601173020526947e-02 6.187683284457475008e-02 3.255131964809382383e-02 2.932551319648092755e-04 2.932551319648092755e-04 1.234604105571846938e-01 7.067448680351902379e-02 2.932551319648092755e-04 3.255131964809382383e-02 5.601173020527856761e-02 2.932551319648092755e-04 1.351906158357770726e-01 2.932551319648092755e-04 2.932551319648092755e-04 1.202346041055717824e-02 2.932551319648092755e-04 2.932551319648092755e-04 2.932551319648092755e-04
1.589147286821705404e-02 3.875968992248061962e-04 3.875968992248061962e-04 2.751937984496123993e-02 3.875968992248061962e-04 3.875968992248061962e-04 7.015503875968992498e-02 3.875968992248061962e-04 3.875968992248061962e-04 1.011627906976744207e-01 3.875968992248061962e-04 3.875968992248061962e-04 3.527131782945736038e-02 4.263565891472868158e-03 1.050387596899224896e-01 3.875968992248061962e-04 4.689922480620154627e-02 3.875968992248061962e-04 5.003875968992247403e-01 3.875968992248061962e-04 3.875968992248061962e-04 3.527131782945736038e-02 2.364341085271317797e-02 3.875968992248061962e-04 4.263565891472868158e-03 1.201550387596899208e-02 3.875968992248061962e-04 8.139534883720930120e-03 3.875968992248061962e-04 4.263565891472868158e-03
8.092909535452319503e-02 2.444987775061123925e-04 5.134474327628360188e-03 2.444987775061123925e-04 5.134474327628360188e-03 2.444987775061123925e-04 3.202933985330071870e-02 7.579462102689484004e-03 2.444987775061123925e-04 1.127139364303178098e-01 5.892420537897308241e-02 2.444987775061123925e-04 2.444987775061123925e-04 2.444987775061123925e-04 2.374083129584350915e-01 2.444987775061123925e-04 2.444987775061123925e-04 3.936430317848409188e-02 3.694376528117357950e-01 2.444987775061123925e-04 2.469437652811734898e-02 2.444987775061123925e-04 5.134474327628360188e-03 2.444987775061123925e-04 2.689486552567236372e-03 7.579462102689484004e-03 7.579462102689484004e-03 2.444987775061123925e-04 2.444987775061123925e-04 2.444987775061123925e-04
1.353711790393013516e-02 4.366812227074236990e-04 4.366812227074236990e-04 4.366812227074236990e-04 4.366812227074236990e-04 5.283842794759826406e-02 2.144104803493450395e-01 4.366812227074236990e-04 4.366812227074236990e-04 2.663755458515284363e-02 8.340611353711793741e-02 4.366812227074236990e-04 4.847161572052402501e-02 9.170305676855897842e-03 9.213973799126640163e-02 4.366812227074236990e-04 4.366812227074236990e-04 1.353711790393013516e-02 3.323144104803493759e-01 4.410480349344979289e-02 4.366812227074236990e-04 4.366812227074236990e-04 9.170305676855897842e-03 2.663755458515284363e-02 1.790393013100436900e-02 4.803493449781661394e-03 4.366812227074236990e-04 4.803493449781661394e-03 4.366812227074236990e-04 4.366812227074236990e-04
4.115226337448560671e-04 4.115226337448560671e-04 6.625514403292183385e-02 4.115226337448560671e-04 3.333333333333333981e-02 1.362139917695473490e-01 2.514403292181070504e-01 4.115226337448560671e-04 3.333333333333333981e-02 4.115226337448560671e-04 4.115226337448560671e-04 4.115226337448560671e-04 2.061728395061729058e-01 7.448559670781895736e-02 4.115226337448560671e-04 4.115226337448560671e-04 2.921810699588477805e-02 4.526748971193417063e-03 4.115226337448560671e-04 4.115226337448560671e-04 4.567901234567901814e-02 4.115226337448560671e-04 4.115226337448560671e-04 4.115226337448560671e-04 4.115226337448560671e-04 4.115226337448560671e-04 4.115226337448560671e-04 1.115226337448559923e-01 4.115226337448560671e-04 4.115226337448560671e-04
3.906250000000000217e-04 3.906250000000000217e-04 3.906250000000000217e-04 3.906250000000000217e-04 3.906250000000000217e-04 1.996093750000000056e-01 9.414062500000000555e-02 2.773437499999999861e-02 2.773437499999999861e-02 9.804687500000000555e-02 1.601562499999999861e-02 3.906250000000000217e-04 1.292968750000000056e-01 3.554687499999999861e-02 3.906250000000000217e-04 3.906250000000000217e-04 3.906250000000000217e-04 2.425781250000000056e-01 3.554687499999999861e-02 1.992187499999999861e-02 5.507812499999999861e-02 3.906250000000000217e-04 3.906250000000000217e-04 4.296875000000000347e-03 3.906250000000000217e-04 3.906250000000000217e-04 3.906250000000000217e-04 3.906250000000000217e-04 8.203125000000000347e-03 3.906250000000000217e-04
7.777777777777776687e-03 3.703703703703702978e-04 3.703703703703702978e-04 3.703703703703702978e-04 3.703703703703702978e-04 5.222222222222221155e-02 1.003703703703703598e-01 3.703703703703702978e-04 2.629629629629628984e-02 3.703703703703702978e-04 1.707407407407407207e-01 3.703703703703702978e-04 3.703703703703702978e-04 3.703703703703702978e-04 2.999999999999999195e-02 1.148148148148147966e-02 6.333333333333332482e-02 7.074074074074072904e-02 3.370370370370369406e-02 1.148148148148147966e-02 3.703703703703702978e-04 3.703703703703702978e-04 1.522222222222222032e-01 1.299999999999999767e-01 3.703703703703702978e-04 3.703703703703702978e-04 1.148148148148147966e-02 4.481481481481480733e-02 7.814814814814813326e-02 3.703703703703702978e-04
4.545454545454546968e-03 4.132231404958678668e-04 4.132231404958678668e-04 4.132231404958678668e-04 3.347107438016529851e-02 2.896694214876033291e-01 1.280991735537190430e-02 4.173553719008265411e-02 4.545454545454546968e-03 6.652892561983472786e-02 4.132231404958678668e-04 2.933884297520661724e-02 1.243801652892562309e-01 4.132231404958678668e-04 4.132231404958678668e-04 4.173553719008265411e-02 4.132231404958678668e-04 4.545454545454546968e-03 4.132231404958678668e-04 4.545454545454546968e-03 4.173553719008265411e-02 4.132231404958678668e-04 6.652892561983472786e-02 4.132231404958678668e-04 2.933884297520661724e-02 2.520661157024793944e-02 4.132231404958678668e-04 1.657024793388430228e-01 4.132231404958678668e-04 8.677685950413224769e-03
1.889400921658986390e-02 4.608294930875577659e-04 4.608294930875577659e-04 4.608294930875577659e-04 4.654377880184332877e-02 1.571428571428571952e-01 1.018433179723502585e-01 1.018433179723502585e-01 1.889400921658986390e-02 4.608294930875577659e-04 4.608294930875577659e-04 4.608294930875577659e-04 4.608294930875577659e-04 4.608294930875577659e-04 4.608294930875577659e-04 4.608294930875577659e-04 4.608294930875577659e-04 4.608294930875577659e-04 4.608294930875577659e-04 3.732718894009217497e-02 1.755760368663595028e-01 4.608294930875577659e-04 4.608294930875577659e-04 8.801843317972353475e-02 4.654377880184332877e-02 4.608294930875577659e-04 1.110599078341014123e-01 8.801843317972353475e-02 4.608294930875577659e-04 4.608294930875577659e-04
