9.718172983479106224e-05 9.718172983479106224e-05 9.718172983479106224e-05 9.718172983479106224e-05 1.068999028182701779e-03 6.899902818270164592e-03 9.718172983479106224e-05 2.147716229348882455e-02 9.718172983479106224e-05 2.965014577259475481e-01 9.718172983479106224e-05 9.718172983479106224e-05 1.031098153547133078e-01 9.718172983479106224e-05 1.564625850340136196e-02 6.034985422740524880e-02 3.984450923226433294e-03 9.718172983479106224e-05 6.899902818270164592e-03 1.244897959183673408e-01 9.718172983479106224e-05 9.718172983479106224e-05 9.718172983479106224e-05 7.006802721088434271e-02 9.718172983479106224e-05 1.351797862001943573e-01 4.091350826044704014e-02 2.633624878522837845e-02 8.464528668610300788e-02 1.068999028182701779e-03
8.144876325088337699e-02 1.874558303886925403e-01 1.766784452296819440e-04 1.766784452296819440e-04 5.477031802120140534e-03 1.766784452296819440e-04 1.784452296819787412e-02 1.766784452296819440e-04 1.766784452296819440e-04 1.766784452296819440e-04 1.254416961130741699e-02 1.254416961130741699e-02 4.964664310954063076e-02 1.766784452296819440e-04 1.766784452296819440e-04 1.077738515901059853e-02 3.710247349823320769e-03 1.766784452296819440e-04 3.021201413427561377e-02 1.766784452296819440e-04 5.494699646643108615e-02 9.010600706713778330e-03 5.848056537102472308e-02 3.374558303886925070e-02 1.766784452296819440e-04 1.766784452296819440e-04 1.431095406360423719e-02 5.848056537102472308e-02 1.766784452296819440e-04 3.570671378091871961e-01
2.463054187192117495e-04 1.256157635467979906e-02 2.463054187192117495e-04 2.463054187192117495e-04 2.463054187192117495e-04 2.463054187192117495e-04 7.413793103448274024e-02 2.463054187192117495e-04 1.209359605911329710e-01 5.172413793103447337e-03 2.463054187192117495e-04 2.463054187192117495e-04 2.241379310344826861e-02 2.463054187192117495e-04 2.487684729064038730e-02 1.502463054187191602e-02 1.009852216748768038e-02 2.709359605911329516e-03 3.472906403940885511e-02 2.463054187192117495e-04 8.891625615763544543e-02 3.226600985221673989e-02 1.406403940886699067e-01 8.645320197044333022e-02 2.463054187192117495e-04 5.172413793103447337e-03 1.502463054187191602e-02 2.709359605911329516e-03 2.980295566502462121e-02 2.736453201970442395e-01
4.715025906735751532e-02 1.196891191709844871e-01 5.181347150259068201e-04 5.699481865284975780e-03 5.181347150259068201e-04 5.181347150259068201e-04 5.181347150259068201e-04 5.181347150259068201e-04 2.642487046632124512e-02 5.181347150259068201e-04 5.181347150259068201e-04 5.181347150259068201e-04 3.678756476683937848e-02 5.181347150259068201e-04 5.181347150259068201e-04 5.181347150259068201e-04 5.181347150259068201e-04 5.181347150259068201e-04 5.181347150259068201e-04 5.181347150259068201e-04 5.181347150259068201e-04 5.181347150259068201e-04 8.860103626943006960e-02 5.751295336787565216e-02 1.606217616580311175e-02 3.678756476683937848e-02 3.678756476683937848e-02 5.181347150259068201e-04 5.181347150259068201e-04 5.186528497409327310e-01
6.895833333333330206e-02 8.541666666666662688e-03 2.083333333333332383e-04 1.314583333333332604e-01 1.231249999999999428e-01 2.083333333333332383e-04 5.854166666666664465e-02 2.083333333333332383e-04 2.520833333333332218e-02 2.083333333333332383e-04 2.083333333333332383e-04 2.083333333333332383e-04 8.770833333333329096e-02 5.645833333333331178e-02 2.083333333333332383e-04 1.127083333333332854e-01 3.562499999999998307e-02 2.083333333333332383e-04 3.979166666666664881e-02 2.083333333333332383e-04 2.083333333333332383e-04 2.083333333333332383e-04 1.270833333333332670e-02 8.354166666666662522e-02 5.229166666666664604e-02 2.083333333333332383e-04 4.374999999999997814e-03 7.937499999999995948e-02 8.541666666666662688e-03 8.541666666666662688e-03
6.949152542372879354e-03 1.694915254237287978e-04 1.033898305084745423e-02 3.559322033898304483e-03 5.101694915254236656e-02 1.033898305084745423e-02 1.694915254237287978e-04 1.694915254237287978e-04 3.559322033898304483e-03 2.205084745762711240e-01 1.694915254237287978e-04 1.033898305084745423e-02 4.423728813559321682e-02 1.694915254237287978e-04 6.949152542372879354e-03 4.084745762711863848e-02 1.694915254237287978e-04 1.694915254237287978e-04 1.033898305084745423e-02 3.745762711864406014e-02 1.694915254237287978e-04 1.694915254237287978e-04 1.694915254237287978e-04 1.544067796610169019e-01 1.694915254237287978e-04 6.627118644067796216e-02 1.137288135593220034e-01 1.694915254237287978e-04 2.001694915254236817e-01 6.949152542372879354e-03
4.500561167227833115e-02 1.291806958473624700e-01 1.122334455667788744e-04 1.122334455667788744e-04 1.122334455667788744e-04 1.234567901234567659e-03 7.968574635241299636e-03 1.122334455667788744e-04 1.234567901234567659e-03 1.122334455667788744e-04 1.021324354657687609e-02 9.887766554433218003e-02 6.857463524130189003e-02 1.133557800224466519e-02 3.939393939393938393e-02 1.122334455667788744e-04 2.255892255892255616e-02 1.122334455667788744e-04 2.031425364758697796e-02 1.202020202020201711e-01 2.255892255892255616e-02 6.857463524130189003e-02 2.143658810325476533e-02 5.847362514029179337e-02 1.122334455667788744e-04 7.755331088664418893e-02 1.122334455667788744e-04 9.326599326599323281e-02 1.122334455667788744e-04 8.092031425364755448e-02
4.932203389830507739e-02 6.288135593220338382e-02 1.694915254237287978e-04 1.864406779661016830e-03 1.864406779661016830e-03 6.949152542372879354e-03 1.694915254237287978e-04 1.694915254237287978e-04 2.728813559322033552e-02 1.694915254237287978e-04 1.694915254237287978e-04 1.933898305084745251e-01 8.491525423728811528e-02 1.694915254237287978e-04 3.745762711864406014e-02 1.694915254237287978e-04 1.864406779661016830e-03 1.694915254237287978e-04 1.372881355932203083e-02 1.694915254237287978e-04 1.527118644067796127e-01 1.694915254237287978e-04 1.711864406779660744e-02 1.694915254237287978e-04 1.694915254237287978e-04 1.662711864406779261e-01 1.694915254237287978e-04 2.559322033898304635e-02 5.254237288135592786e-03 1.493220338983050344e-01
1.465892597968069394e-02 1.451378809869375793e-04 1.451378809869375793e-04 1.451378809869375793e-04 1.451378809869375793e-04 1.451378809869375793e-04 1.451378809869375793e-04 5.950653120464439831e-03 2.191582002902757106e-02 3.047895500725688895e-03 3.047895500725688895e-03 1.975326560232220086e-01 1.322206095791001179e-01 1.596516690856313427e-03 3.497822931785195266e-02 4.499274310595064580e-03 1.596516690856313427e-03 1.451378809869375793e-04 3.062409288824382778e-02 3.047895500725688895e-03 3.207547169811320736e-02 1.451378809869375793e-04 1.451378809869375793e-04 1.030478955007256732e-02 1.320754716981131782e-02 3.107402031930333042e-01 5.094339622641508997e-02 5.674891146589258750e-02 1.451378809869375793e-04 6.981132075471696563e-02
5.978260869565218440e-03 5.978260869565218440e-03 5.434782608695653324e-04 5.434782608695653324e-04 5.434782608695653324e-04 5.434782608695653324e-04 5.434782608695653324e-04 5.978260869565218440e-03 3.315217391304348116e-02 5.434782608695653324e-04 5.434782608695653324e-04 3.315217391304348116e-02 6.576086956521740023e-02 5.434782608695653324e-04 5.434782608695653324e-04 5.434782608695653324e-04 5.434782608695653324e-04 5.434782608695653324e-04 9.836956521739133319e-02 5.434782608695653324e-04 2.396739130434782927e-01 5.434782608695653324e-04 5.489130434782609619e-02 5.434782608695653324e-04 5.434782608695653324e-04 2.342391304347826442e-01 1.146739130434782927e-01 9.293478260869567076e-02 5.978260869565218440e-03 5.434782608695653324e-04
4.602510460251046237e-03 4.184100418410042132e-04 4.184100418410042132e-04 4.184100418410042132e-04 5.481171548117154402e-02 4.184100418410042132e-04 1.715481171548116981e-02 4.184100418410042132e-04 4.184100418410042132e-04 4.184100418410042132e-04 4.184100418410042132e-04 2.133891213389121216e-02 1.133891213389121438e-01 4.184100418410042132e-04 9.246861924686193557e-02 1.635983263598326520e-01 4.184100418410042132e-04 4.184100418410042132e-04 4.225941422594142044e-02 4.184100418410042132e-04 4.184100418410042132e-04 4.184100418410042132e-04 4.184100418410042132e-04 8.786610878661088586e-03 4.184100418410042132e-04 3.895397489539748626e-01 4.184100418410042132e-04 5.481171548117154402e-02 1.715481171548116981e-02 1.297071129707113094e-02
1.597609561752988405e-01 9.203187250996017199e-02 3.984063745019921009e-04 4.382470119521913489e-03 3.984063745019921009e-04 2.828685258964143759e-02 3.984063745019921009e-04 3.984063745019921009e-04 2.430278884462151387e-02 3.984063745019921009e-04 3.984063745019921009e-04 3.227091633466135784e-02 4.422310756972112206e-02 3.984063745019921009e-04 3.984063745019921009e-04 6.015936254980080305e-02 3.984063745019921009e-04 3.984063745019921009e-04 1.159362549800797004e-01 3.984063745019921009e-04 4.023904382470119834e-02 3.984063745019921009e-04 1.039840637450199362e-01 3.984063745019921009e-04 3.984063745019921009e-04 1.235059760956175486e-02 4.382470119521913489e-03 2.828685258964143759e-02 8.366533864541834606e-03 2.354581673306773149e-01
9.933884297520659268e-02 1.109090909090908739e-01 1.652892561983470925e-04 1.652892561983470925e-04 1.652892561983470925e-04 1.652892561983470925e-04 3.322314049586776175e-02 1.652892561983470925e-04 4.644628099173553348e-02 6.776859504132229546e-03 1.652892561983470925e-04 6.793388429752064694e-02 4.644628099173553348e-02 1.652892561983470925e-04 2.826446280991735255e-02 2.165289256198346668e-02 1.504132231404958255e-02 3.471074380165288780e-03 3.818181818181817788e-02 5.123966942148759814e-03 1.652892561983470925e-04 1.652892561983470925e-04 1.125619834710743505e-01 1.652892561983470925e-04 1.652892561983470925e-04 3.322314049586776175e-02 2.330578512396693641e-02 3.157024793388429201e-02 1.652892561983470925e-04 2.745454545454544815e-01
7.306843267108166506e-02 2.055187637969094205e-01 2.207505518763796365e-04 2.207505518763796365e-04 2.207505518763796365e-04 2.207505518763796365e-04 2.207505518763796365e-04 2.207505518763796365e-04 2.207505518763796365e-04 2.207505518763796365e-04 2.428256070640176165e-03 2.207505518763796365e-04 5.540838852097128980e-02 2.207505518763796365e-04 2.207505518763796365e-04 2.428256070640176165e-03 2.207505518763796365e-04 2.207505518763796365e-04 5.099337748344370119e-02 5.099337748344370119e-02 1.017660044150110188e-01 4.437086092715231134e-02 2.207505518763796365e-04 2.207505518763796365e-04 2.207505518763796365e-04 2.207505518763796365e-04 2.207505518763796365e-04 5.982339955849888535e-02 2.207505518763796365e-04 3.490066225165561753e-01
2.284644194756553851e-02 3.745318352059924701e-04 3.745318352059924701e-04 5.280898876404493264e-02 3.745318352059924701e-04 1.910112359550561120e-02 5.280898876404493264e-02 3.745318352059924701e-04 3.745318352059924701e-04 3.745318352059924701e-04 4.119850187265916737e-03 3.745318352059924701e-04 3.408239700374531000e-02 3.745318352059924701e-04 3.782771535580523731e-02 1.352059925093632708e-01 3.745318352059924701e-04 1.539325842696628865e-01 1.127340823970037209e-01 3.745318352059924701e-04 6.404494382022471455e-02 3.745318352059924701e-04 1.389513108614232051e-01 3.782771535580523731e-02 6.029962546816478725e-02 6.779026217228463491e-02 3.745318352059924701e-04 3.745318352059924701e-04 3.745318352059924701e-04 3.745318352059924701e-04
4.504504504504504574e-04 4.504504504504504574e-04 4.504504504504504574e-04 9.054054054054054557e-02 1.355855855855855885e-01 4.504504504504504574e-04 4.504504504504504574e-04 4.504504504504504574e-04 4.504504504504504574e-04 4.954954954954955519e-03 4.504504504504504574e-04 1.626126126126126170e-01 2.747747747747747438e-02 4.504504504504504574e-04 8.603603603603604544e-02 1.040540540540540598e-01 4.504504504504504574e-04 4.504504504504504574e-04 9.054054054054054557e-02 4.504504504504504574e-04 4.504504504504504574e-04 4.504504504504504574e-04 4.999999999999999584e-02 4.504504504504504574e-04 4.504504504504504574e-04 1.581081081081081030e-01 4.504504504504504574e-04 4.504504504504504574e-04 2.747747747747747438e-02 5.450450450450450290e-02
5.445682451253481410e-02 2.520891364902506926e-02 1.392757660167130707e-04 5.710306406685235030e-03 1.392757660167130707e-04 1.392757660167130707e-04 3.635097493036211491e-02 1.392757660167130707e-04 9.888579387186628017e-03 1.392757660167130707e-04 1.392757660167130707e-04 1.087743732590528978e-01 2.381615598885793855e-02 1.392757660167130707e-04 2.242339832869080785e-02 2.520891364902506926e-02 1.532033426183843994e-03 1.392757660167130707e-04 1.267409470752088943e-02 2.924791086350974484e-03 1.392757660167130707e-04 1.392757660167130707e-04 4.888579387186629127e-02 2.799442896935933067e-02 1.392757660167130707e-04 4.470752089136489915e-02 1.728412256267409242e-01 7.103064066852365736e-03 1.714484679665737865e-01 1.965181058495821254e-01
6.809986130374477697e-02 4.729542302357835071e-02 1.386962552011095410e-04 1.386962552011095410e-04 2.912621359223300198e-03 1.386962552011095410e-04 1.525658807212204897e-03 1.525658807212204897e-03 1.386962552011095410e-04 1.525658807212204897e-03 1.386962552011095410e-04 2.371705963938973080e-02 5.423023578363382613e-02 1.386962552011095410e-04 1.816920943134534699e-02 3.203883495145630478e-02 1.678224687933425191e-02 1.386962552011095410e-04 5.686546463245490367e-03 1.610263522884881615e-01 7.503467406380025240e-02 4.729542302357835071e-02 2.912621359223300198e-03 8.335644937586682290e-02 1.525658807212204897e-03 1.386962552011095410e-04 4.313453536754506545e-02 5.006934812760054088e-02 6.532593619972258681e-02 1.957004160887655386e-01
1.158748551564310554e-04 9.281575898030126892e-02 1.158748551564310554e-04 2.433371958285052150e-03 1.633835457705677674e-02 1.158748551564310554e-04 1.158748551564310554e-04 1.158748551564310554e-04 1.158748551564310554e-04 1.158748551564310554e-04 1.158748551564310554e-04 8.354577056778678124e-02 9.281575898030126892e-02 1.158748551564310554e-04 1.158748551564310554e-04 1.158748551564310554e-04 1.158748551564310554e-04 1.274623406720741623e-03 1.158748551564310554e-04 2.365005793742757656e-01 7.068366164542294258e-03 1.158748551564310554e-04 7.068366164542294258e-03 1.158748551564310554e-04 1.158748551564310554e-04 2.585168018539976686e-01 1.749710312862108944e-02 6.384704519119351052e-02 6.037079953650058284e-02 5.805330243337195745e-02
5.251509054325954884e-02 2.255533199195170480e-01 3.843058350100603260e-02 3.239436619718309707e-02 2.012072434607645557e-04 2.012072434607645557e-04 2.012072434607645557e-04 2.012072434607645557e-04 1.830985915492957389e-02 2.012072434607645557e-04 2.012072434607645557e-04 5.050301810865190366e-02 3.843058350100603260e-02 2.233400402414486424e-02 2.635814889336015460e-02 6.257545271629777472e-02 2.012072434607645557e-04 2.213279678068410302e-03 1.026156941649899144e-02 2.434607645875250942e-02 1.511066398390341625e-01 2.012072434607645557e-04 7.062374245472835543e-02 6.458752515090541990e-02 1.227364185110663662e-02 2.434607645875250942e-02 2.012072434607645557e-04 5.050301810865190366e-02 2.012072434607645557e-04 2.032193158953721907e-02
2.234513274336282634e-02 6.858407079646015869e-03 2.212389380530973150e-04 2.676991150442476972e-02 4.646017699115043316e-03 2.212389380530973150e-04 2.212389380530973150e-04 2.234513274336282634e-02 1.792035398230087950e-02 2.212389380530973150e-04 2.212389380530973150e-04 1.130530973451327192e-01 6.659292035398228782e-02 2.212389380530973150e-04 2.013274336283185292e-02 3.276548672566370612e-01 1.792035398230087950e-02 2.212389380530973150e-04 5.553097345132742418e-02 2.212389380530973150e-04 6.438053097345131093e-02 2.212389380530973150e-04 1.396017699115043864e-01 3.340707964601768998e-02 2.212389380530973150e-04 2.212389380530973150e-04 2.212389380530973150e-04 2.676991150442476972e-02 2.212389380530973150e-04 3.119469026548671656e-02
3.175355450236966304e-02 4.123222748815165428e-02 1.279620853080568402e-02 1.579778830963664954e-04 1.579778830963664954e-04 1.579778830963664954e-04 1.579778830963664954e-04 1.579778830963664954e-04 1.579778830963664954e-04 1.579778830963664954e-04 1.121642969984201939e-02 1.579778830963664954e-04 7.756714060031594249e-02 1.579778830963664954e-04 1.579778830963664954e-04 1.579778830963664954e-04 1.579778830963664954e-04 1.579778830963664954e-04 2.227488151658767179e-02 3.366508688783569347e-01 1.437598736176934865e-02 1.579778830963664954e-04 1.579778830963664954e-04 3.807266982622432155e-02 4.897314375987360871e-03 2.543443917851500452e-02 1.911532385466034253e-02 8.546603475513427084e-02 6.018957345971562983e-02 2.165876777251184437e-01
1.410437235543017987e-04 4.372355430183355596e-03 1.410437235543017987e-04 1.410437235543017987e-04 2.961918194640337718e-03 1.410437235543017987e-04 1.410437235543017987e-04 1.410437235543017987e-04 1.410437235543017987e-04 1.410437235543017987e-04 1.410437235543017987e-04 9.040902679830743749e-02 7.912552891396330834e-02 1.551480959097319839e-03 6.784203102961916532e-02 4.372355430183355596e-03 1.410437235543017987e-04 1.410437235543017987e-04 7.066290550070519760e-02 1.410437235543017987e-04 4.527503526093087927e-02 2.244005641748941238e-01 1.792665726375175517e-01 1.410437235543017987e-04 1.410437235543017987e-04 1.355430183356840235e-01 1.410437235543017987e-04 3.258110014104371316e-02 3.258110014104371316e-02 2.693935119887164512e-02
2.523117569352707756e-02 1.321003963011888993e-04 1.321003963011888993e-04 1.321003963011888993e-04 1.453104359313077756e-03 1.321003963011888993e-04 1.321003963011888993e-04 1.321003963011888993e-04 1.598414795244385359e-02 1.321003963011888993e-04 1.321003963011888993e-04 2.511228533685600506e-01 1.097754293262879488e-01 1.321003963011888993e-04 2.126816380449141064e-02 2.774108322324966586e-03 4.095112285336855416e-03 1.453104359313077756e-03 8.058124174372521473e-03 1.453104359313077756e-03 1.243064729194187368e-01 1.321003963011888993e-04 4.504623513870541218e-02 1.321003963011888993e-04 1.321003963011888993e-04 2.947159841479524145e-01 1.321003963011888993e-04 9.128137384412150779e-02 1.321003963011888993e-04 1.321003963011888993e-04
1.810240963855421770e-01 9.066265060240964735e-02 3.012048192771084603e-04 6.325301204819277177e-03 3.012048192771084603e-04 3.012048192771084603e-04 1.837349397590361255e-02 3.313253012048193117e-03 3.012048192771084603e-04 3.012048192771084603e-04 3.012048192771084603e-04 3.012048192771084603e-04 8.463855421686747316e-02 3.012048192771084603e-04 3.313253012048193117e-03 3.012048192771084603e-04 9.337349397590361672e-03 3.012048192771084603e-04 3.042168674698795053e-02 1.837349397590361255e-02 8.463855421686747316e-02 6.355421686746988430e-02 7.259036144578313865e-02 3.313253012048193117e-03 9.337349397590361672e-03 3.012048192771084603e-04 9.337349397590361672e-03 3.012048192771084603e-04 3.012048192771084603e-04 3.075301204819276824e-01
7.191235059760954507e-02 2.412350597609561054e-01 2.191235059760955877e-03 1.992031872509959691e-04 1.992031872509959691e-04 2.191235059760955877e-03 1.992031872509959691e-04 1.992031872509959691e-04 2.191235059760955877e-03 1.992031872509959691e-04 1.992031872509959691e-04 1.992031872509959691e-04 4.003984063745019001e-02 2.211155378486055062e-02 1.992031872509959691e-04 1.215139442231075347e-02 1.992031872509959691e-04 1.992031872509959691e-04 8.167330677290834950e-03 2.651394422310756060e-01 2.609561752988047087e-02 1.992031872509959691e-04 8.167330677290834950e-03 1.992031872509959691e-04 1.812749003984063384e-02 3.804780876494023162e-02 3.007968127490039112e-02 5.996015936254978779e-02 8.167330677290834950e-03 1.416334661354581304e-01
6.172839506172839380e-04 6.172839506172839380e-04 1.913580246913580349e-02 6.172839506172839380e-04 6.172839506172839380e-04 1.296296296296296433e-02 1.858024691358024783e-01 3.765432098765431751e-02 6.172839506172839380e-04 1.913580246913580349e-02 8.086419753086419859e-02 6.172839506172839380e-04 6.172839506172839380e-04 6.172839506172839380e-04 4.999999999999999584e-02 1.364197530864197649e-01 6.234567901234567416e-02 6.172839506172839380e-04 6.172839506172839380e-04 6.172839506172839380e-04 6.172839506172839380e-04 6.172839506172839380e-04 8.086419753086419859e-02 2.290123456790123524e-01 6.172839506172839380e-04 6.172839506172839380e-04 6.172839506172839380e-04 6.172839506172839380e-04 7.469135802469135943e-02 6.172839506172839380e-04
6.549636803874091251e-02 3.765133171912832255e-02 1.210653753026634251e-04 1.210653753026634251e-04 1.210653753026634251e-04 1.210653753026634251e-04 1.585956416464890870e-02 1.210653753026634251e-04 1.210653753026634251e-04 1.210653753026634251e-04 6.174334140435834041e-03 6.065375302663437301e-02 6.791767554479417879e-02 8.595641646489102922e-03 1.210653753026634251e-04 1.210653753026634251e-04 1.210653753026634251e-04 1.210653753026634251e-04 7.384987893462468048e-03 2.554479418886198422e-02 2.675544794188861736e-02 1.949152542372881158e-02 6.307506053268764623e-02 1.210653753026634251e-04 1.210653753026634251e-04 3.644067796610168941e-02 1.865617433414043236e-01 3.765133171912832255e-02 8.970944309927358917e-02 2.434624697336561228e-01
2.108267716535432434e-01 5.137795275590550242e-02 1.968503937007873717e-04 1.200787401574802786e-02 1.968503937007873717e-04 1.968503937007873717e-04 1.200787401574802786e-02 1.968503937007873717e-04 1.968503937007873717e-04 3.169291338582676948e-02 1.968503937007873717e-04 3.366141732283464000e-02 6.122047244094486890e-02 1.968503937007873717e-04 1.968503937007873717e-04 1.968503937007873717e-04 1.968503937007873717e-04 1.968503937007873717e-04 6.102362204724408497e-03 6.909448818897637179e-02 1.872047244094487695e-01 1.968503937007873717e-04 2.972440944881888855e-02 2.185039370078739607e-02 1.968503937007873717e-04 4.940944881889763191e-02 1.968503937007873717e-04 6.102362204724408497e-03 1.594488188976377410e-02 1.990157480314960203e-01
4.446337308347528966e-02 1.209540034071550016e-02 1.703577512776830989e-04 1.703577512776830989e-04 1.703577512776830989e-04 6.984667802385006487e-03 1.873935264054514332e-03 1.703577512776830989e-04 1.703577512776830989e-04 1.703577512776830989e-04 1.703577512776830989e-04 9.897785349233388652e-02 1.262350936967631676e-01 5.809199318568993714e-02 2.913117546848381298e-02 1.890971039182282390e-02 3.577512776831345484e-03 1.703577512776830989e-04 4.616695059625212233e-02 1.703577512776830989e-04 4.105621805792163126e-02 2.231686541737648577e-02 1.330494037478704983e-01 1.703577512776830989e-04 1.703577512776830989e-04 1.892674616695059209e-01 3.083475298126064218e-02 4.957410562180578767e-02 1.703577512776830989e-04 8.534923339011923904e-02
1.592991913746630295e-01 8.113207547169809519e-02 2.695417789757411568e-04 2.695417789757411568e-04 2.695417789757411568e-04 2.695417789757411568e-04 2.695417789757411568e-04 2.695417789757411568e-04 2.695417789757411568e-04 2.695417789757411568e-04 2.964959568733153104e-03 8.921832884097032068e-02 4.878706199460915161e-02 2.695417789757411568e-04 2.695417789757411568e-04 8.355795148247975590e-03 2.695417789757411568e-04 2.695417789757411568e-04 2.695417789757411568e-04 1.916442048517519592e-01 2.695417789757411568e-04 2.695417789757411568e-04 5.660377358490564781e-03 2.695417789757411568e-04 1.374663072776279721e-02 9.460916442048515618e-02 2.695417789757411568e-04 4.070080862533691224e-02 2.722371967654985472e-02 2.320754716981131283e-01
2.557870370370369725e-02 1.053240740740740353e-02 1.157407407407407181e-04 1.157407407407407181e-04 5.335648148148147002e-02 1.157407407407407181e-04 1.157407407407407181e-04 2.789351851851851194e-02 1.157407407407407181e-04 1.157407407407407181e-04 1.157407407407407181e-04 4.178240740740740006e-02 1.008101851851851555e-01 1.157407407407407181e-04 3.831018518518517629e-02 1.747685185185184759e-02 2.430555555555555160e-03 1.157407407407407181e-04 1.284722222222221821e-02 1.273148148148147817e-03 1.157407407407407181e-04 6.724537037037035814e-02 3.946759259259258190e-02 3.483796296296295253e-02 1.157407407407407181e-04 3.091435185185184564e-01 2.442129629629629164e-02 8.460648148148144920e-02 8.344907407407405053e-02 2.326388888888888604e-02
4.089673913043477549e-02 2.270380434782608148e-01 1.358695652173912789e-04 1.358695652173912789e-04 1.358695652173912789e-04 1.358695652173912789e-04 2.866847826086956277e-02 1.358695652173912789e-04 5.570652173913042543e-03 1.358695652173912789e-04 1.494565217391304176e-03 1.358695652173912789e-04 1.142663043478260587e-01 1.358695652173912789e-04 1.358695652173912789e-04 1.358695652173912789e-04 1.358695652173912789e-04 1.358695652173912789e-04 1.644021739130434312e-02 1.358695652173912789e-04 8.845108695652172115e-02 2.051630434782608300e-02 4.361413043478260670e-02 1.358695652173912789e-04 1.358695652173912789e-04 1.236413043478260670e-02 1.358695652173912789e-04 8.165760869565216740e-02 1.358695652173912789e-04 3.167119565217390575e-01
1.385041551246537236e-04 3.337950138504154618e-02 1.385041551246537236e-04 9.833795013850413214e-03 1.385041551246537236e-04 4.293628808864265352e-03 2.120498614958448436e-01 5.678670360110801667e-03 1.385041551246537236e-04 1.385041551246537236e-04 1.385041551246537236e-04 1.537396121883656194e-02 6.108033240997229329e-02 1.385041551246537236e-04 7.908587257617727406e-02 1.523545706371190987e-03 1.385041551246537236e-04 1.385041551246537236e-04 3.476454293628808423e-02 9.833795013850413214e-03 3.199445983379500813e-02 7.063711911357338849e-03 1.414127423822714447e-01 3.476454293628808423e-02 1.385041551246537236e-04 4.030470914127423643e-02 6.800554016620498354e-02 1.385041551246537236e-04 9.155124653739610263e-02 1.164819944598337736e-01
1.896348645465253252e-02 1.177856301531213050e-04 1.177856301531213050e-04 1.177856301531213050e-04 1.295641931684334437e-03 1.177856301531213050e-04 1.567726737338044352e-01 1.177856301531213050e-04 1.285041224970553397e-01 1.177856301531213050e-04 4.829210836277972665e-03 7.432273262661955038e-02 4.840989399293285644e-02 3.651354534746760645e-03 1.425206124852767750e-02 2.014134275618374367e-02 1.177856301531213050e-04 1.177856301531213050e-04 2.485276796230859522e-02 1.177856301531213050e-04 4.487632508833921952e-02 4.605418138987043414e-02 1.638398115429917368e-01 1.542991755005889039e-02 1.177856301531213050e-04 4.487632508833921952e-02 7.314487632508832882e-02 7.667844522968196574e-02 2.131919905771495830e-02 1.660777385159010328e-02
2.908587257617728170e-03 6.662049861495844549e-02 1.385041551246537236e-04 1.398891966759002563e-02 1.385041551246537236e-04 7.063711911357338849e-03 3.060941828254847355e-02 1.385041551246537236e-04 1.385041551246537236e-04 1.385041551246537236e-04 1.523545706371190987e-03 1.109418282548476214e-01 3.614958448753462228e-02 1.385041551246537236e-04 1.398891966759002563e-02 2.908587257617728170e-03 7.077562326869804576e-02 1.523545706371190987e-03 7.063711911357338849e-03 1.385041551246537236e-04 1.095567867036010834e-01 2.908587257617728170e-03 7.216066481994458381e-02 3.199445983379500813e-02 1.385041551246537236e-04 7.631578947368419796e-02 3.337950138504154618e-02 9.709141274238225483e-02 3.199445983379500813e-02 1.774238227146814062e-01
4.880952380952380265e-02 1.635281385281384947e-01 1.082251082251082115e-04 1.190476190476190367e-03 1.082251082251082115e-04 1.082251082251082115e-04 6.601731601731600750e-03 1.190476190476190367e-03 1.082251082251082115e-04 1.082251082251082115e-04 1.082251082251082115e-04 3.906926406926406609e-02 5.530303030303029832e-02 1.082251082251082115e-04 6.601731601731600750e-03 1.082251082251082115e-04 1.082251082251082115e-04 1.082251082251082115e-04 1.082251082251082115e-04 2.932900432900432605e-02 5.205627705627705049e-02 3.149350649350649012e-02 3.906926406926406609e-02 1.082251082251082115e-04 1.082251082251082115e-04 3.474025974025973795e-02 2.824675324675324575e-02 1.040043290043289881e-01 1.093073593073592975e-02 3.464285714285714191e-01
2.317541613316261018e-02 1.153649167733674513e-01 1.280409731113956362e-04 1.280409731113956362e-04 1.280409731113956362e-04 1.280409731113956362e-04 1.805377720870678451e-02 1.280409731113956362e-04 7.810499359795133184e-03 5.249679897567220352e-03 1.280409731113956362e-04 4.622279129321382046e-02 5.134443021766964960e-02 1.280409731113956362e-04 2.701664532650447856e-02 1.280409731113956362e-04 5.249679897567220352e-03 1.280409731113956362e-04 2.957746478873239313e-02 1.280409731113956362e-04 1.089628681177976788e-01 2.445582586427656746e-02 4.238156209987195555e-02 1.280409731113956362e-04 2.189500640204865289e-02 2.701664532650447856e-02 3.213828425096030422e-02 6.158770806658130093e-02 5.390524967989756416e-02 2.971830985915492329e-01
4.945848375451262352e-02 2.756919374247893129e-01 1.203369434416365623e-04 9.747292418772559447e-03 1.203369434416365623e-04 1.203369434416365623e-04 7.954271961492175025e-02 1.323706377858002063e-03 5.788206979542718372e-02 1.203369434416365623e-04 1.203369434416365623e-04 5.186522262334535699e-02 4.945848375451262352e-02 1.323706377858002063e-03 1.203369434416365623e-04 1.203369434416365623e-04 7.111913357400720392e-02 1.203369434416365623e-04 8.543922984356194447e-03 1.335740072202165618e-02 7.954271961492175025e-02 6.630565583634173699e-02 6.149217809867627699e-02 1.203369434416365623e-04 1.203369434416365623e-04 1.203369434416365623e-04 1.203369434416365623e-04 5.066185318892899025e-02 1.203369434416365623e-04 7.111913357400720392e-02
1.079487179487179510e-01 9.512820512820513441e-02 2.564102564102564100e-04 2.564102564102564100e-04 2.564102564102564100e-04 7.948717948717948928e-03 1.051282051282051259e-02 2.564102564102564100e-04 2.564102564102564100e-04 2.564102564102564100e-04 2.564102564102564100e-04 4.641025641025641607e-02 5.923076923076923267e-02 2.564102564102564100e-04 2.564102564102564100e-04 2.564102564102564100e-04 3.102564102564102366e-02 2.564102564102564100e-04 2.564102564102564100e-04 2.564102564102564100e-04 2.564102564102564100e-04 2.564102564102564100e-04 1.310256410256410431e-01 2.564102564102564100e-04 2.564102564102564100e-04 8.743589743589744168e-02 2.564102564102564100e-04 4.641025641025641607e-02 2.820512820512820727e-03 3.694871794871794624e-01
6.578947368421054652e-04 6.578947368421054652e-04 6.578947368421054652e-04 6.578947368421054652e-04 6.578947368421054652e-04 6.578947368421054652e-04 6.578947368421054652e-04 2.697368421052631984e-02 2.697368421052631984e-02 1.651315789473684625e-01 6.578947368421054652e-04 2.440789473684211175e-01 6.644736842105264385e-02 6.578947368421054652e-04 6.578947368421054652e-04 6.578947368421054652e-04 6.578947368421054652e-04 6.578947368421054652e-04 6.578947368421054652e-04 6.578947368421054652e-04 6.578947368421054652e-04 6.578947368421054652e-04 4.671052631578948011e-02 9.276315789473685292e-02 6.578947368421054652e-04 6.578947368421054652e-04 9.276315789473685292e-02 6.578947368421054652e-04 6.578947368421054652e-04 2.243421052631579538e-01
2.506561679790026212e-02 1.443569553805774258e-03 1.312335958005249326e-04 1.312335958005249326e-04 2.755905511811023150e-03 1.312335958005249326e-04 3.950131233595800123e-02 1.312335958005249326e-04 1.062992125984251780e-02 8.005249343832019152e-03 1.312335958005249326e-04 4.212598425196849988e-02 5.393700787401574381e-02 1.587926509186351337e-02 5.262467191601049449e-02 1.312335958005249326e-04 4.068241469816272042e-03 1.312335958005249326e-04 1.981627296587926135e-02 1.312335958005249326e-04 4.068241469816272042e-03 1.312335958005249326e-04 9.724409448818895074e-02 6.692913385826769826e-03 1.312335958005249326e-04 4.475065616797899853e-02 1.143044619422571989e-01 6.706036745406823707e-02 1.444881889763779126e-01 2.442257217847768613e-01
9.516380655226206256e-03 2.511700468018720697e-02 3.276131045241809266e-03 1.560062402496099573e-04 4.836193447737909164e-03 1.560062402496099573e-04 6.396255850234007327e-03 1.560062402496099573e-04 1.560062402496099573e-04 3.603744149765990279e-02 4.836193447737909164e-03 3.759750390015600269e-02 5.007800312012479493e-02 1.560062402496099573e-04 4.071762870514820248e-02 2.823712948517940330e-02 1.560062402496099573e-04 1.716068642745709584e-03 3.603744149765990279e-02 1.731669266770670401e-02 4.836193447737909164e-03 1.560062402496099573e-04 1.218408736349453625e-01 1.560062402496099573e-04 1.731669266770670401e-02 1.296411856474258550e-01 1.608424336973478530e-01 3.447737909516380289e-02 1.733229329173166522e-01 5.475819032761309463e-02
3.374108053007135455e-02 1.652395514780835573e-01 2.762487257900101897e-02 1.438328236493373880e-01 1.019367991845055956e-04 2.558613659531090712e-02 9.592252803261976102e-02 1.019367991845055956e-04 7.237512742099896923e-03 1.121304791029561565e-03 2.456676860346584945e-02 1.019367991845055956e-04 7.145769622833841872e-02 3.883792048929663593e-02 4.087665647298674432e-02 1.121304791029561565e-03 1.233435270132517657e-02 2.140672782874617711e-03 5.718654434250763918e-02 4.699286442405708336e-02 1.019367991845055956e-04 1.845056065239551388e-02 2.048929663608562574e-02 1.163098878695208727e-01 1.121304791029561565e-03 1.019367991845055956e-04 1.641182466870540202e-02 2.660550458715596131e-02 1.019367991845055956e-04 4.179408766564729136e-03
4.587020648967551212e-02 1.474926253687315343e-04 1.474926253687315343e-04 1.474926253687315343e-04 1.137168141592920095e-01 1.474926253687315343e-04 1.474926253687315343e-04 1.474926253687315343e-04 1.474926253687315343e-04 1.474926253687315343e-04 1.622418879056046958e-03 4.144542772861356528e-02 1.210914454277285807e-01 3.097345132743362355e-03 9.749262536873154472e-02 7.094395280235987755e-02 2.522123893805309353e-02 1.474926253687315343e-04 4.587020648967551212e-02 1.474926253687315343e-04 1.474926253687315343e-04 7.522123893805307895e-03 9.454277286135691349e-02 5.619469026548672141e-02 1.474926253687315343e-04 1.918879056047197162e-01 1.474926253687315343e-04 8.126843657817107991e-02 1.474926253687315343e-04 1.474926253687315343e-04
7.553956834532372586e-03 3.597122302158272918e-04 3.597122302158272918e-04 4.352517985611509960e-02 7.553956834532372586e-03 3.597122302158272918e-04 3.956834532374099885e-03 3.597122302158272918e-04 3.956834532374099885e-03 3.133093525179855288e-01 3.597122302158272918e-04 3.597122302158272918e-04 3.597122302158272918e-04 3.597122302158272918e-04 3.597122302158272918e-04 7.553956834532372586e-03 3.597122302158272918e-04 3.597122302158272918e-04 3.597122302158272918e-04 2.913669064748200879e-02 3.597122302158272918e-04 3.597122302158272918e-04 3.597122302158272918e-04 1.622302158273380979e-01 5.071942446043164326e-02 1.010791366906474698e-01 1.910071942446042725e-01 3.597122302158272918e-04 7.230215827338128121e-02 3.597122302158272918e-04
5.681818181818183711e-04 5.681818181818183711e-04 5.681818181818183711e-04 5.681818181818183711e-04 5.681818181818183711e-04 5.681818181818183711e-04 2.335227272727273540e-01 4.034090909090910088e-02 5.681818181818183711e-04 5.170454545454546830e-02 5.681818181818183711e-04 5.681818181818183711e-04 5.681818181818183711e-04 5.681818181818183711e-04 5.681818181818183711e-04 5.681818181818183711e-04 5.681818181818183711e-04 5.681818181818183711e-04 1.937500000000000611e-01 5.681818181818183711e-04 5.681818181818183711e-04 6.875000000000001943e-02 2.897727272727273345e-02 3.357954545454546746e-01 5.681818181818183711e-04 5.681818181818183711e-04 2.329545454545454974e-02 1.193181818181818579e-02 5.681818181818183711e-04 5.681818181818183711e-04
1.780303030303029624e-02 1.388888888888888508e-03 1.262626262626262354e-04 1.262626262626262354e-04 8.964646464646461657e-03 1.162878787878787457e-01 1.262626262626262354e-04 1.262626262626262354e-04 1.022727272727272374e-02 3.914141414141413325e-03 1.388888888888888508e-03 1.819444444444443809e-01 3.295454545454544470e-02 1.262626262626262354e-04 4.431818181818180519e-02 5.946969696969695712e-02 3.926767676767675685e-02 1.262626262626262354e-04 4.053030303030302067e-02 1.262626262626262354e-04 1.503787878787878340e-01 1.262626262626262354e-04 5.820707070707069331e-02 1.377525252525252097e-01 3.421717171717170852e-02 1.388888888888888508e-03 1.654040404040403589e-02 1.262626262626262354e-04 1.262626262626262354e-04 4.179292929292928449e-02
3.496503496503495416e-04 5.842657342657340269e-01 3.496503496503495416e-04 3.496503496503495416e-04 3.496503496503495416e-04 3.496503496503495416e-04 3.496503496503495416e-04 3.496503496503495416e-04 3.496503496503495416e-04 3.496503496503495416e-04 3.496503496503495416e-04 3.496503496503495416e-04 1.433566433566432936e-02 3.496503496503495416e-04 4.580419580419578529e-02 7.342657342657339832e-03 3.496503496503495416e-04 3.496503496503495416e-04 1.083916083916083503e-02 5.279720279720277742e-02 1.052447552447552115e-01 3.496503496503495416e-04 2.482517482517481236e-02 4.930069930069928136e-02 3.496503496503495416e-04 7.342657342657339832e-03 3.496503496503495416e-04 3.496503496503495416e-04 3.496503496503495416e-04 9.125874125874122722e-02
3.875968992248061420e-04 3.875968992248061420e-04 3.875968992248061420e-04 2.364341085271317103e-02 4.263565891472867291e-03 4.263565891472867291e-03 3.875968992248061420e-04 4.263565891472867291e-03 3.875968992248061420e-04 2.213178294573643068e-01 3.875968992248061420e-04 8.953488372093021397e-02 1.201550387596899035e-02 3.875968992248061420e-04 3.875968992248061420e-04 3.875968992248061420e-04 3.914728682170541540e-02 3.875968992248061420e-04 8.139534883720928385e-03 3.875968992248061420e-04 3.875968992248061420e-04 3.875968992248061420e-04 2.751937984496123299e-02 7.015503875968991110e-02 3.875968992248061420e-04 1.089147286821705307e-01 1.864341085271317422e-01 6.627906976744185608e-02 1.282945736434108197e-01 3.875968992248061420e-04
4.452662721893490411e-02 3.152366863905324834e-01 1.479289940828402115e-04 1.479289940828402115e-04 1.627218934911242544e-03 1.479289940828402115e-04 1.081360946745561907e-01 1.479289940828402115e-04 1.198224852071005583e-02 1.479289940828402115e-04 1.479289940828402115e-04 3.713017751479289613e-02 7.411242603550294294e-02 1.479289940828402115e-04 7.544378698224850355e-03 1.479289940828402115e-04 2.973372781065088469e-02 1.479289940828402115e-04 8.446745562130175689e-02 1.627218934911242544e-03 1.525147928994082525e-01 4.304733727810650112e-02 2.529585798816567921e-02 1.789940828402366430e-02 4.585798816568046991e-03 1.479289940828402115e-04 4.585798816568046991e-03 3.417159763313609017e-02 1.479289940828402115e-04 1.479289940828402115e-04
5.727848101265821390e-02 2.563291139240505417e-02 3.512658227848099862e-02 3.164556962025315431e-04 3.164556962025315431e-04 3.164556962025315431e-04 1.553797468354429778e-01 4.778481012658226251e-02 3.164556962025315431e-04 3.164556962025315431e-04 2.563291139240505417e-02 3.164556962025315431e-04 8.575949367088604725e-02 3.164556962025315431e-04 9.841772151898731114e-02 3.829113924050631113e-02 3.164556962025315431e-04 3.164556962025315431e-04 7.626582278481010280e-02 3.164556962025315431e-04 8.259493670886072780e-02 3.164556962025315431e-04 8.575949367088604725e-02 1.490506329113923667e-01 1.930379746835442223e-02 3.164556962025315431e-04 3.164556962025315431e-04 3.164556962025315431e-04 9.810126582278477780e-03 3.481012658227847136e-03
5.384615384615384914e-02 6.053511705685619276e-02 3.344481605351170943e-04 3.344481605351170943e-04 3.344481605351170943e-04 7.023411371237458546e-03 3.344481605351170943e-04 3.344481605351170943e-04 1.036789297658862949e-02 3.678929765886288037e-03 3.344481605351170943e-04 3.344481605351170943e-04 1.705685618729096964e-02 3.344481605351170943e-04 1.036789297658862949e-02 2.709030100334448160e-02 5.050167224080267386e-02 3.344481605351170943e-04 3.344481605351170943e-04 2.010033444816053672e-01 3.344481605351170943e-04 3.344481605351170943e-04 6.387959866220736804e-02 5.050167224080267386e-02 3.344481605351170943e-04 1.036789297658862949e-02 1.474916387959866182e-01 1.036789297658862949e-02 4.381270903010033024e-02 2.277591973244146861e-01
