1.718749999999999792e-02 2.571022727272727001e-02 7.244318181818179894e-03 2.671874999999999667e-01 5.269886363636362703e-02 1.420454545454545386e-04 1.420454545454545386e-04 1.420454545454545386e-04 1.420454545454545386e-04 1.420454545454545386e-04 1.420454545454545386e-04 1.434659090909090606e-02 2.002840909090908630e-02 1.420454545454545386e-04 1.420454545454545386e-04 2.144886363636363397e-02 1.150568181818181594e-02 1.420454545454545386e-04 1.420454545454545386e-04 1.420454545454545386e-04 5.980113636363635493e-02 1.420454545454545386e-04 7.244318181818179894e-03 2.032670454545454086e-01 1.008522727272727001e-02 2.401988636363635854e-01 1.420454545454545386e-04 1.420454545454545386e-04 1.150568181818181594e-02 2.855113636363636187e-02
1.036132812499999944e-01 1.543945312499999944e-01 9.765625000000000542e-05 9.765625000000000542e-05 6.650390624999999445e-02 9.765625000000000542e-05 3.525390625000000139e-02 9.765625000000000542e-05 1.202148437499999944e-01 9.765625000000000542e-05 9.863281249999999653e-03 9.765625000000000542e-05 9.765625000000000542e-05 9.765625000000000542e-05 5.673828125000000139e-02 9.765625000000000542e-05 9.765625000000000542e-05 9.765625000000000542e-05 1.563476562499999944e-01 5.673828125000000139e-02 7.626953124999999445e-02 9.765625000000000542e-05 9.765625000000000542e-05 3.027343750000000087e-03 2.050781250000000087e-03 9.765625000000000542e-05 1.221679687499999944e-01 9.765625000000000542e-05 9.765625000000000542e-05 3.525390625000000139e-02
7.327935222672067594e-02 6.923076923076924849e-02 4.048582995951417914e-04 3.445344129554656631e-01 4.048582995951417914e-04 4.048582995951417914e-04 4.048582995951417914e-04 4.048582995951417914e-04 4.048582995951417914e-04 2.874493927125506762e-02 4.048582995951417914e-04 4.048582995951417914e-04 5.303643724696357337e-02 4.048582995951417914e-04 5.303643724696357337e-02 4.048582995951417914e-04 4.048582995951417914e-04 4.048582995951417914e-04 8.502024291497977185e-03 4.048582995951417914e-04 4.453441295546560139e-03 4.048582995951417914e-04 4.048582995951417914e-04 2.469635627530364710e-02 4.048582995951417914e-04 2.392712550607287991e-01 4.453441295546560139e-03 8.947368421052634413e-02 4.048582995951417914e-04 4.048582995951417914e-04
1.311248073959938032e-01 1.388289676425269181e-01 1.694915254237287870e-03 1.434514637904468204e-01 6.949152542372880048e-02 1.540832049306625361e-04 1.540832049306625361e-04 1.540832049306625361e-04 1.540832049306625361e-04 9.399075500770414510e-03 2.480739599383666866e-02 4.776579352850538265e-03 4.637904468412942099e-02 5.100154083204930244e-02 1.540832049306625361e-04 1.540832049306625361e-04 3.235747303543913284e-03 9.399075500770414510e-03 1.540832049306625361e-04 1.540832049306625361e-04 2.634822804314329581e-02 1.694915254237287870e-03 1.540832049306625361e-04 7.873651771956854950e-02 4.776579352850538265e-03 2.035439137134051890e-01 3.235747303543913284e-03 1.710323574730353985e-02 4.776579352850538265e-03 2.480739599383666866e-02
4.564315352697096567e-03 4.149377593360996830e-04 8.713692946058093289e-03 9.170124481327802946e-02 1.286307053941909001e-02 4.149377593360996830e-04 4.190871369294606880e-02 4.190871369294606880e-02 2.946058091286307690e-02 4.149377593360996830e-04 4.149377593360996830e-04 5.850622406639005568e-02 4.564315352697096567e-03 2.116182572614108345e-02 9.170124481327802946e-02 8.713692946058093289e-03 4.149377593360996830e-04 4.149377593360996830e-04 2.742738589211618505e-01 4.149377593360996830e-04 4.149377593360996830e-04 8.340248962655603948e-02 4.149377593360996830e-04 3.360995850622407188e-02 4.149377593360996830e-04 1.701244813278008500e-02 2.116182572614108345e-02 1.286307053941909001e-02 1.373443983402490021e-01 4.149377593360996830e-04
3.337292161520189621e-02 7.244655581947740883e-03 2.743467933491685815e-02 7.969121140142515491e-02 7.375296912114012726e-02 1.187648456057006853e-04 1.187648456057006853e-04 1.187648456057006853e-04 1.187648456057006853e-04 1.187648456057006853e-04 7.244655581947740883e-03 2.624703087885985053e-02 4.643705463182896953e-02 1.437054631828978135e-02 1.187648456057006853e-04 4.049881235154393494e-02 2.624703087885985053e-02 1.187648456057006853e-04 1.199524940617576786e-02 1.555819477434678896e-02 2.980997624703087337e-02 6.057007125890734138e-03 2.505938242280284639e-02 8.087885985748215212e-02 1.306413301662707593e-03 4.003562945368170367e-01 6.057007125890734138e-03 1.187648456057006853e-04 1.187648456057006853e-04 3.931116389548692386e-02
1.499999999999999389e-01 1.599423631123918568e-02 1.440922190201728633e-04 1.440922190201728633e-04 7.939481268011525095e-02 1.440922190201728633e-04 4.769452449567721658e-02 7.348703170028815512e-03 2.896253602305474614e-02 1.440922190201728633e-04 1.440922190201728633e-04 7.348703170028815512e-03 1.311239193083573069e-02 2.896253602305474614e-02 3.184438040345820287e-02 2.319884726224783270e-02 4.466858789625358789e-03 1.440922190201728633e-04 3.589337175792505774e-01 1.440922190201728633e-04 3.040345821325647624e-02 5.489913544668586359e-02 1.440922190201728633e-04 2.031700288184437250e-02 5.907780979827087151e-03 2.175792507204610260e-02 1.440922190201728633e-04 1.440922190201728633e-04 1.455331412103745906e-02 5.345821325648413697e-02
3.129657228017883319e-03 1.490312965722801516e-04 5.380029806259313541e-02 2.697466467958270844e-02 7.466467958271236216e-02 1.490312965722801516e-04 5.380029806259313541e-02 3.740685543964231835e-02 1.490312965722801516e-04 6.110283159463486026e-03 1.490312965722801516e-04 5.827123695976154510e-02 1.058122205663188965e-02 2.207153502235469078e-01 1.490312965722801516e-04 8.509687034277196860e-02 1.490312965722801516e-04 1.490312965722801516e-04 6.110283159463486026e-03 1.490312965722801516e-04 1.490312965722801516e-04 3.889716840536511927e-02 6.110283159463486026e-03 6.423248882265274184e-02 1.490312965722801516e-04 1.715350223546944497e-01 9.090909090909088733e-03 7.600596125186286946e-03 3.740685543964231835e-02 2.697466467958270844e-02
1.173708920187793128e-04 2.476525821596243723e-02 4.823943661971830110e-02 2.124413145539905817e-02 8.462441314553988125e-02 1.173708920187793128e-04 5.645539906103284877e-02 2.828638497652581629e-02 1.173708920187793128e-04 1.173708920187793128e-04 1.173708920187793128e-04 5.176056338028167669e-02 1.173708920187793128e-04 2.606807511737088690e-01 2.946009389671360931e-02 1.173708920187793128e-04 1.173708920187793128e-04 1.173708920187793128e-04 1.173708920187793128e-04 1.173708920187793128e-04 3.532863849765257441e-02 4.354460093896712902e-02 7.159624413145537596e-03 6.819248826291078591e-02 1.173708920187793128e-04 1.526995305164318695e-01 1.173708920187793128e-04 1.173708920187793128e-04 5.528169014084505922e-02 3.063380281690140233e-02
5.714285714285715799e-04 5.714285714285715799e-04 4.057142857142857773e-02 2.914285714285714396e-02 4.057142857142857773e-02 6.285714285714286836e-03 1.891428571428571681e-01 5.771428571428572490e-02 5.714285714285715799e-04 5.714285714285715799e-04 1.200000000000000198e-02 5.714285714285715799e-04 5.714285714285715799e-04 3.091428571428572192e-01 5.714285714285715799e-04 5.714285714285715799e-04 5.714285714285715799e-04 6.285714285714286836e-03 5.714285714285715799e-04 5.714285714285715799e-04 4.057142857142857773e-02 5.714285714285715799e-04 5.714285714285715799e-04 1.771428571428571713e-02 5.714285714285715799e-04 1.034285714285714530e-01 5.714285714285715799e-04 5.714285714285715799e-04 1.148571428571428799e-01 2.342857142857143055e-02
1.495098039215685820e-02 2.450980392156862169e-04 1.350490196078431016e-01 1.740196078431371918e-02 2.450980392156862169e-04 2.450980392156862169e-04 8.602941176470586815e-02 7.622549019607841037e-02 2.450980392156862169e-04 2.450980392156862169e-04 3.210784313725489197e-02 8.602941176470586815e-02 2.450980392156862169e-04 2.624999999999999001e-01 2.450980392156862169e-04 1.985294117647058015e-02 2.450980392156862169e-04 2.450980392156862169e-04 2.450980392156862169e-04 2.450980392156862169e-04 2.450980392156862169e-04 3.210784313725489197e-02 7.598039215686272670e-03 9.338235294117644414e-02 5.147058823529410826e-03 1.056372549019607560e-01 2.450980392156862169e-04 2.696078431372548549e-03 1.985294117647058015e-02 2.450980392156862169e-04
1.701680672268907069e-02 2.100840336134453365e-04 2.100840336134453365e-04 2.100840336134453365e-04 1.703781512605041515e-01 2.100840336134453365e-04 1.491596638655461743e-02 2.100840336134453365e-04 2.100840336134453365e-04 2.100840336134453365e-04 2.121848739495797720e-02 9.894957983193275464e-02 2.100840336134453365e-04 2.331932773109243046e-02 2.100840336134453365e-04 2.310924369747898756e-03 3.172268907563024348e-02 2.334033613445377353e-01 2.100840336134453365e-04 6.533613445378150253e-02 1.409663865546217920e-01 6.113445378151259602e-02 1.701680672268907069e-02 1.071428571428571092e-02 2.100840336134453365e-04 4.411764705882352013e-03 2.100840336134453365e-04 5.483193277310923625e-02 2.100840336134453365e-04 2.962184873949579023e-02
9.485049833887043702e-02 2.626245847176079673e-01 1.661129568106312385e-04 1.014950166112956881e-01 5.000000000000000278e-02 1.661129568106312385e-04 3.172757475083056583e-02 1.661129568106312385e-04 3.006644518272425654e-02 1.661129568106312385e-04 1.827242524916943651e-03 1.827242524916943651e-03 1.313953488372092970e-01 1.661129568106312385e-04 1.661129568106312385e-04 1.661129568106312385e-04 5.149501661129568530e-03 1.345514950166112889e-02 1.978405315614617799e-01 3.488372093023255766e-03 3.837209302325581689e-02 1.661129568106312385e-04 1.661129568106312385e-04 1.661129568106312385e-04 1.661129568106312385e-04 1.827242524916943651e-03 3.172757475083056583e-02 1.661129568106312385e-04 1.661129568106312385e-04 1.661129568106312385e-04
1.469055374592833363e-01 9.478827361563514631e-02 3.257328990228012091e-04 9.478827361563514631e-02 3.289902280130291984e-02 3.257328990228012091e-04 3.257328990228012091e-04 3.257328990228012091e-04 3.257328990228012091e-04 3.257328990228012091e-04 3.257328990228012091e-04 3.257328990228012091e-04 5.244299674267099282e-02 3.257328990228012091e-04 6.221498371335502930e-02 5.895765472312702177e-02 3.257328990228012091e-04 3.257328990228012091e-04 3.257328990228012091e-04 3.257328990228012091e-04 4.918566775244297834e-02 3.583061889250813408e-03 3.257328990228012091e-04 3.257328990228012091e-04 3.257328990228012091e-04 3.097719869706839213e-01 1.986970684039087234e-02 5.895765472312702177e-02 1.009771986970683759e-02 3.257328990228012091e-04
1.124657534246575330e-01 1.686301369863013599e-01 1.369863013698630310e-04 1.782191780821917593e-01 6.452054794520548087e-02 1.369863013698630310e-04 1.369863013698630310e-04 1.369863013698630310e-04 1.369863013698630310e-04 1.369863013698630310e-04 1.794520547945205324e-02 1.931506849315068469e-02 1.453424657534246600e-01 1.369863013698630310e-04 1.369863013698630310e-04 1.369863013698630310e-04 1.369863013698630310e-04 1.369863013698630310e-04 1.369863013698630310e-04 1.412328767123287587e-01 7.273972602739725568e-02 1.369863013698630310e-04 1.369863013698630310e-04 1.520547945205479382e-02 1.369863013698630310e-04 3.986301369863013561e-02 2.205479452054794759e-02 1.369863013698630310e-04 1.369863013698630310e-04 1.369863013698630310e-04
3.547297297297296627e-03 1.689189189189189012e-04 2.719594594594594225e-02 1.133445945945945610e-01 5.084459459459458874e-02 1.689189189189189012e-04 1.706081081081080655e-02 1.689189189189189012e-04 1.689189189189189012e-04 1.874999999999999584e-02 8.800675675675674603e-02 5.760135135135134588e-02 1.689189189189189012e-04 1.858108108108107994e-03 1.268581081081080753e-01 2.822635135135134754e-01 1.368243243243242972e-02 1.689189189189189012e-04 1.689189189189189012e-04 1.689189189189189012e-04 1.689189189189189012e-04 5.422297297297296731e-02 5.591216216216215312e-02 1.689189189189189012e-04 1.689189189189189012e-04 6.435810810810810301e-02 8.614864864864861874e-03 1.368243243243242972e-02 1.689189189189189012e-04 1.689189189189189012e-04
3.465909090909091023e-02 1.880681818181818565e-01 5.681818181818182626e-04 5.681818181818182626e-04 9.715909090909093104e-02 2.897727272727272999e-02 5.170454545454546136e-02 5.681818181818182626e-04 5.681818181818182626e-04 5.681818181818182626e-04 5.681818181818182626e-04 8.011363636363637297e-02 2.897727272727272999e-02 6.250000000000001214e-03 6.250000000000001214e-03 5.681818181818182626e-04 5.681818181818182626e-04 6.250000000000001214e-03 5.681818181818182626e-04 5.681818181818182626e-04 8.011363636363637297e-02 2.897727272727272999e-02 3.465909090909091023e-02 5.681818181818182626e-04 6.250000000000001214e-03 1.085227272727272985e-01 8.011363636363637297e-02 5.681818181818182626e-04 1.193181818181818406e-02 1.142045454545454752e-01
4.802395209580836988e-02 7.916167664670656356e-02 1.197604790419161392e-04 3.007185628742514161e-01 5.041916167664669407e-02 1.197604790419161392e-04 1.449101796407185200e-02 1.197604790419161392e-04 1.197604790419161392e-04 1.197604790419161392e-04 1.197604790419161392e-04 4.083832335329340424e-02 3.844311377245508005e-02 3.365269461077843860e-02 9.113772455089817759e-02 5.401197604790417689e-02 2.514970059880238841e-03 1.197604790419161392e-04 1.317365269461077612e-03 1.197604790419161392e-04 2.167664670658682111e-02 1.329341317365268990e-02 1.197604790419161392e-04 1.568862275449101409e-02 1.197604790419161392e-04 5.161676646706585270e-02 2.886227544910179021e-02 4.910179640718561299e-03 1.317365269461077612e-03 1.067065868263472744e-01
1.013005780346820789e-01 3.627167630057803738e-02 1.445086705202312230e-04 1.562138728323699266e-01 9.407514450867050793e-02 1.445086705202312230e-04 1.445086705202312230e-04 1.445086705202312230e-04 1.445086705202312230e-04 1.445086705202312230e-04 6.228323699421965676e-02 1.893063583815028997e-02 1.445086705202312230e-04 2.037572254335260138e-02 1.749999999999999889e-01 1.894508670520231031e-01 1.445086705202312230e-04 1.445086705202312230e-04 1.445086705202312230e-04 4.479768786127167994e-03 1.445086705202312230e-04 1.604046242774566366e-02 2.037572254335260138e-02 1.445086705202312230e-04 3.034682080924855710e-03 3.916184971098266021e-02 1.445086705202312230e-04 5.924855491329479411e-03 2.326589595375722769e-02 3.193641618497110313e-02
6.481203007518797354e-02 1.503759398496240800e-04 1.503759398496240800e-04 1.550375939849623907e-01 1.009022556390977293e-01 1.503759398496240800e-04 1.503759398496240800e-04 1.503759398496240800e-04 4.977443609022556836e-02 2.270676691729323418e-02 1.503759398496240800e-04 7.383458646616541943e-02 1.503759398496240800e-04 1.503759398496240800e-04 4.526315789473684542e-02 1.580451127819548773e-01 1.503759398496240800e-04 1.218045112781954847e-02 1.503759398496240800e-04 5.879699248120300731e-02 4.075187969924812248e-02 1.625563909774435933e-01 1.503759398496240800e-04 1.503759398496240800e-04 7.669172932330826399e-03 3.157894736842105192e-03 1.503759398496240800e-04 1.503759398496240800e-04 1.503759398496240800e-04 4.225563909774436577e-02
9.147381242387331302e-02 1.950060901339829289e-01 1.339829476248477567e-03 2.705237515225334954e-01 2.813641900121802847e-02 1.218026796589525011e-04 1.218026796589525011e-04 1.218026796589525011e-04 1.218026796589525011e-04 1.218026796589525011e-04 2.326431181485992886e-02 1.108404384896467636e-02 1.158343483556638215e-01 2.557856272838002470e-03 8.781973203410474438e-02 1.717417783191230174e-02 9.866017052375152321e-03 1.218026796589525011e-04 1.218026796589525011e-04 1.218026796589525011e-04 3.788063337393422769e-02 2.448233861144945289e-02 1.218026796589525011e-04 1.218026796589525011e-04 1.218026796589525011e-04 4.518879415347137884e-02 1.218026796589525011e-04 1.218026796589525011e-04 1.218026796589525011e-04 3.666260657734470019e-02
3.174603174603173516e-04 1.749206349206348654e-01 2.253968253968252969e-02 3.558730158730157300e-01 3.174603174603173516e-04 6.666666666666664492e-03 3.174603174603173516e-04 3.174603174603173516e-04 3.174603174603173516e-04 3.174603174603173516e-04 3.174603174603173516e-04 3.174603174603173516e-04 8.603174603174600088e-02 2.571428571428570342e-02 7.333333333333330595e-02 9.238095238095235529e-02 3.174603174603173516e-04 3.174603174603173516e-04 2.888888888888887715e-02 3.174603174603173516e-04 3.492063492063491193e-03 3.174603174603173516e-04 3.174603174603173516e-04 3.174603174603173516e-04 1.301587301587301022e-02 2.253968253968252969e-02 3.174603174603173516e-04 3.174603174603173516e-04 3.174603174603173516e-04 8.920634920634917808e-02
5.434782608695653324e-04 2.228260869565217711e-02 1.141304347826087133e-02 2.771739130434782913e-02 9.836956521739133319e-02 5.434782608695653324e-04 5.434782608695653324e-04 5.434782608695653324e-04 5.434782608695653324e-04 5.434782608695653324e-04 5.978260869565218440e-03 4.945652173913044070e-02 5.434782608695653324e-04 5.434782608695653324e-04 5.434782608695653324e-04 3.048913043478261309e-01 5.434782608695653324e-04 5.434782608695653324e-04 5.434782608695653324e-04 5.434782608695653324e-04 2.228260869565217711e-02 7.663043478260871122e-02 3.858695652173913665e-02 5.434782608695653324e-04 5.434782608695653324e-04 5.434782608695653324e-04 2.396739130434782927e-01 5.978260869565218440e-03 6.032608695652174474e-02 2.771739130434782913e-02
8.860589812332439474e-02 2.467828418230562926e-01 1.474530831099195912e-03 2.132707774798927591e-01 1.340482573726541689e-04 1.340482573726541689e-04 6.836461126005361801e-03 5.495978552278820220e-03 1.340482573726541689e-04 1.340482573726541689e-04 2.962466487935656867e-02 1.340482573726541689e-04 1.449061662198391220e-01 4.034852546916890131e-02 2.024128686327077847e-02 1.355227882037533527e-01 2.815013404825737493e-03 1.340482573726541689e-04 6.836461126005361801e-03 1.340482573726541689e-04 1.340482573726541689e-04 1.340482573726541689e-04 1.340482573726541689e-04 1.219839142091152726e-02 1.340482573726541689e-04 2.158176943699732092e-02 1.340482573726541689e-04 1.340482573726541689e-04 1.219839142091152726e-02 9.517426273458444094e-03
4.311543810848398987e-03 2.100139082058413709e-02 2.100139082058413709e-02 7.524339360222528916e-02 1.016689847009735331e-01 4.311543810848398987e-03 1.390820584144644896e-04 1.390820584144644896e-04 1.126564673157162341e-02 4.325452016689845802e-02 6.828929068150206561e-02 8.358831710709316298e-02 1.390820584144644896e-04 1.390820584144644896e-04 8.776077885952709989e-02 6.133518776077884205e-02 1.390820584144644896e-04 1.390820584144644896e-04 3.073713490959665423e-02 4.186369958275381470e-02 5.020862308762168158e-02 7.524339360222528916e-02 1.390820584144644896e-04 1.390820584144644896e-04 1.390820584144644896e-04 5.438108484005561849e-02 1.390820584144644896e-04 1.390820584144644896e-04 4.742698191933239493e-02 1.155771905424199802e-01
3.135775862068965886e-02 7.230603448275861600e-02 1.411637931034482804e-02 2.145474137931034364e-01 6.799568965517241437e-02 1.077586206896551845e-04 1.077586206896551845e-04 1.077586206896551845e-04 1.077586206896551845e-04 1.077586206896551845e-04 1.077586206896551845e-04 3.997844827586206906e-02 4.105603448275862294e-02 5.937500000000000416e-02 9.278017241379309110e-02 7.877155172413792539e-02 5.495689655172413500e-03 1.077586206896551845e-04 1.077586206896551845e-04 7.650862068965516918e-03 2.273706896551724171e-02 1.197198275862068895e-01 1.077586206896551845e-04 1.077586206896551845e-04 1.185344827586207097e-03 3.459051724137931355e-02 1.077586206896551845e-04 1.077586206896551845e-04 1.077586206896551845e-04 9.493534482758619886e-02
4.661016949152543484e-03 4.237288135593221300e-04 4.237288135593221300e-04 2.673728813559322348e-01 1.487288135593220484e-01 4.237288135593221300e-04 4.237288135593221300e-04 4.237288135593221300e-04 5.127118644067796965e-02 4.237288135593221300e-04 4.237288135593221300e-04 4.237288135593221300e-04 4.661016949152543484e-03 4.237288135593221300e-04 4.237288135593221300e-04 1.783898305084745950e-01 8.898305084745764676e-03 4.237288135593221300e-04 4.237288135593221300e-04 1.275423728813559476e-01 9.788135593220340103e-02 4.237288135593221300e-04 4.237288135593221300e-04 4.237288135593221300e-04 4.237288135593221300e-04 4.279661016949153074e-02 4.237288135593221300e-04 4.237288135593221300e-04 4.661016949152543484e-03 5.550847457627119258e-02
4.922480620155038344e-02 7.377260981912144022e-02 1.291989664082687230e-04 2.378552971576226860e-01 8.023255813953487914e-02 1.291989664082687230e-04 1.291989664082687230e-04 1.291989664082687230e-04 1.291989664082687230e-04 4.147286821705425952e-02 4.922480620155038344e-02 1.291989664082687230e-04 8.023255813953487914e-02 2.726098191214470015e-02 4.922480620155038344e-02 1.499999999999999667e-01 1.291989664082687230e-04 1.692506459948320274e-02 1.291989664082687230e-04 5.568475452196381542e-02 4.922480620155038344e-02 1.291989664082687230e-04 7.881136950904390343e-03 1.421188630490955980e-03 1.291989664082687230e-04 4.005167958656330116e-03 1.291989664082687230e-04 1.291989664082687230e-04 2.467700258397932667e-02 1.291989664082687230e-04
2.097046413502109685e-01 1.450070323488044932e-01 1.406469760900140673e-04 1.984528832630098327e-01 4.374120956399437515e-02 1.406469760900140673e-04 1.279887482419127948e-02 1.406469760900140673e-04 1.406469760900140673e-04 1.406469760900140673e-04 1.406469760900140673e-04 1.547116736990154741e-03 1.745428973277074469e-01 1.406469760900140673e-04 1.406469760900140673e-04 5.358649789029536203e-02 1.406469760900140673e-04 5.766526019690576543e-03 1.406469760900140673e-04 9.985935302390997262e-03 8.579465541490857022e-03 1.279887482419127948e-02 1.420534458509141972e-02 5.358649789029536203e-02 1.406469760900140673e-04 5.358649789029536203e-02 1.406469760900140673e-04 1.406469760900140673e-04 1.406469760900140673e-04 1.406469760900140673e-04
2.754820936639117666e-04 1.129476584022038113e-02 1.955922865013773326e-02 3.473829201101927278e-01 7.190082644628097153e-02 2.754820936639117666e-04 2.754820936639117666e-04 2.754820936639117666e-04 2.754820936639117666e-04 5.785123966942147533e-03 1.129476584022038113e-02 2.754820936639117666e-04 2.754820936639117666e-04 2.754820936639117666e-04 2.454545454545453698e-01 8.016528925619832713e-02 2.754820936639117666e-04 2.754820936639117666e-04 2.754820936639117666e-04 2.754820936639117666e-04 1.955922865013773326e-02 5.785123966942147533e-03 2.754820936639117666e-04 2.754820936639117666e-04 2.754820936639117666e-04 1.077134986225894986e-01 2.754820936639117666e-04 2.754820936639117666e-04 2.754820936639117666e-04 6.914600550964185299e-02
3.420195439739413291e-03 1.970684039087947440e-02 1.482084690553745615e-02 3.780130293159608135e-01 6.368078175895763859e-02 1.791530944625406921e-03 1.628664495114006316e-04 1.628664495114006316e-04 8.306188925081430668e-03 1.628664495114006316e-04 1.628664495114006316e-04 1.628664495114006316e-04 3.110749185667752159e-02 1.628664495114006316e-04 2.412052117263843165e-01 3.762214983713354360e-02 1.791530944625406921e-03 1.628664495114006316e-04 1.628664495114006316e-04 1.628664495114006316e-04 4.902280130293158733e-02 3.273615635179152883e-02 1.628664495114006316e-04 1.628664495114006316e-04 1.628664495114006316e-04 9.462540716612376224e-02 1.628664495114006316e-04 1.628664495114006316e-04 1.628664495114006316e-04 1.970684039087947440e-02
2.199270959902794795e-02 1.348724179829890665e-02 1.215066828675577185e-04 1.495747266099635431e-01 2.685297691373025528e-02 1.215066828675577185e-04 1.215066828675577185e-04 1.215066828675577185e-04 1.143377885783718045e-01 6.087484811664641698e-02 1.591737545565006032e-02 1.215066828675577185e-04 1.227217496962332809e-02 1.834750911300121398e-02 1.106925880923450706e-01 1.277035236938031393e-01 9.842041312272174422e-03 1.215066828675577185e-04 2.551640340218712128e-03 2.077764277035237112e-02 8.274605103280679996e-02 1.021871202916160293e-01 1.215066828675577185e-04 2.442284325637910161e-02 1.215066828675577185e-04 5.844471445929526332e-02 1.336573511543135079e-03 1.215066828675577185e-04 1.215066828675577185e-04 2.442284325637910161e-02
4.504504504504504574e-04 4.504504504504504574e-04 4.504504504504504574e-04 1.536036036036036168e-01 7.252252252252253117e-02 4.504504504504504574e-04 4.954954954954955519e-03 4.504504504504504574e-04 1.626126126126126170e-01 1.846846846846846718e-02 4.504504504504504574e-04 4.504504504504504574e-04 4.504504504504504574e-04 4.504504504504504574e-04 4.504504504504504574e-04 2.121621621621621601e-01 4.504504504504504574e-04 3.648648648648648157e-02 4.504504504504504574e-04 4.954954954954955519e-03 1.671171171171171310e-01 1.355855855855855885e-01 9.459459459459459985e-03 1.396396396396396358e-02 4.504504504504504574e-04 4.504504504504504574e-04 4.504504504504504574e-04 4.504504504504504574e-04 4.504504504504504574e-04 4.504504504504504574e-04
3.591654247391951743e-02 2.399403874813710660e-02 1.639344262295081749e-03 1.223546944858419916e-01 1.490312965722801516e-04 2.846497764530551283e-02 1.639344262295081749e-03 1.490312965722801516e-04 3.129657228017883319e-03 4.634873323397913081e-02 5.230998509687033449e-02 7.317436661698956124e-02 3.293591654247391559e-02 4.932935916542473265e-02 1.268256333830103944e-01 1.551415797317436396e-01 1.490312965722801516e-04 1.490312965722801516e-04 1.639344262295081749e-03 1.490312965722801516e-04 2.697466467958270844e-02 2.995529061102831375e-02 4.336810730253352897e-02 4.619970193740685106e-03 1.490312965722801516e-04 5.976154992548434602e-02 1.490312965722801516e-04 1.490312965722801516e-04 3.740685543964231835e-02 4.187779433681072805e-02
1.033163265306122174e-02 5.369897959183671937e-02 1.403061224489795611e-03 2.973214285714284588e-01 7.920918367346936606e-02 1.275510204081632226e-04 1.275510204081632226e-04 1.275510204081632226e-04 1.275510204081632226e-04 1.275510204081632226e-04 1.275510204081632226e-04 5.369897959183671937e-02 1.034438775510203717e-01 7.410714285714284366e-02 8.048469387755100013e-02 4.859693877551019003e-02 7.780612244897956199e-03 1.275510204081632226e-04 1.275510204081632226e-04 7.780612244897956199e-03 1.403061224489795611e-03 9.056122448979589401e-03 1.543367346938774934e-02 5.880102040816324871e-02 1.275510204081632226e-04 9.579081632653058120e-02 1.275510204081632226e-04 1.275510204081632226e-04 1.275510204081632226e-04 1.275510204081632226e-04
8.708920187793425804e-02 9.882629107981218131e-02 2.347417840375586257e-04 3.734741784037557411e-01 5.892018779342721863e-02 2.347417840375586257e-04 2.347417840375586257e-04 2.347417840375586257e-04 2.347417840375586257e-04 2.347417840375586257e-04 2.347417840375586257e-04 2.347417840375586257e-04 1.058685446009389464e-01 2.347417840375586257e-04 1.551643192488262324e-01 2.347417840375586257e-04 2.347417840375586257e-04 2.347417840375586257e-04 2.347417840375586257e-04 2.347417840375586257e-04 5.422535211267604655e-02 2.582159624413144991e-03 1.197183098591548915e-02 2.347417840375586257e-04 2.347417840375586257e-04 4.718309859154928843e-02 2.347417840375586257e-04 2.347417840375586257e-04 2.347417840375586257e-04 2.347417840375586257e-04
3.489825581395348819e-01 2.937500000000000111e-01 1.598837209302325776e-03 6.119186046511627952e-02 5.392441860465116421e-02 1.453488372093023236e-04 4.084302325581395249e-02 5.959302325581394832e-03 1.453488372093023236e-04 1.453488372093023236e-04 3.357558139534883718e-02 4.505813953488372464e-03 7.427325581395348431e-02 1.453488372093023236e-04 7.281976744186047235e-02 1.453488372093023236e-04 1.453488372093023236e-04 1.453488372093023236e-04 1.453488372093023236e-04 1.453488372093023236e-04 5.959302325581394832e-03 1.453488372093023236e-04 1.453488372093023236e-04 1.453488372093023236e-04 1.453488372093023236e-04 1.453488372093023236e-04 1.453488372093023236e-04 1.453488372093023236e-04 1.453488372093023236e-04 1.453488372093023236e-04
1.418439716312056454e-04 1.418439716312056454e-04 1.418439716312056454e-04 2.043971631205673267e-01 1.716312056737588285e-02 1.148936170212765638e-02 1.418439716312056454e-04 2.141843971631205226e-02 1.418439716312056454e-04 3.418439716312056398e-02 3.418439716312056398e-02 6.255319148936169804e-02 3.560283687943262276e-02 6.680851063829786052e-02 9.092198581560281823e-02 4.397163120567375467e-03 2.978723404255318851e-03 2.978723404255318851e-03 1.418439716312056454e-04 1.560283687943262235e-03 2.425531914893616983e-02 3.843971631205673339e-02 1.418439716312056454e-04 7.106382978723403687e-02 1.418439716312056454e-04 2.597163120567375638e-01 1.418439716312056454e-04 1.418439716312056454e-04 1.418439716312056454e-04 1.432624113475177048e-02
1.880733944954128198e-02 4.587155963302752548e-04 7.385321100917431603e-02 1.610091743119266006e-01 6.467889908256881093e-02 4.587155963302752548e-04 3.715596330275228870e-02 4.587155963302752548e-04 4.587155963302752548e-04 5.045871559633027803e-03 4.587155963302752548e-04 4.587155963302752548e-04 1.422018348623853290e-02 7.844036697247706857e-02 4.587155963302752548e-04 4.587155963302752548e-04 4.587155963302752548e-04 2.798165137614678707e-02 1.880733944954128198e-02 4.587155963302752548e-04 5.550458715596329889e-02 6.009174311926605144e-02 4.587155963302752548e-04 2.894495412844036997e-01 4.587155963302752548e-04 8.761467889908257367e-02 4.587155963302752548e-04 4.587155963302752548e-04 4.587155963302752548e-04 4.587155963302752548e-04
1.394700139470013683e-04 1.394700139470013683e-04 8.507670850767083681e-03 9.916317991631797002e-02 7.112970711297069565e-03 1.394700139470013683e-04 2.663877266387726372e-02 1.394700139470013683e-04 1.534170153417015268e-03 1.394700139470013683e-04 4.337517433751742618e-02 5.453277545327753911e-02 2.245467224546722138e-02 3.500697350069734842e-02 4.616457461645745441e-02 2.384937238493723549e-02 1.394700139470013683e-04 1.394700139470013683e-04 1.394700139470013683e-04 1.394700139470013683e-04 1.827057182705717903e-02 2.105997210599720726e-02 1.394700139470013683e-04 9.637377963737793485e-02 1.394700139470013683e-04 3.767085076708507341e-01 5.453277545327753911e-02 1.548117154811715253e-02 2.524407252440724961e-02 2.245467224546722138e-02
8.841743119266054496e-02 7.236238532110092492e-02 1.146788990825688137e-04 1.251146788990825653e-01 4.713302752293577896e-02 1.146788990825688137e-04 3.555045871559633225e-03 1.146788990825688137e-04 1.146788990825688137e-04 1.146788990825688137e-04 2.913990825688073105e-01 1.387614678899082472e-02 2.419724770642201969e-02 1.146788990825688137e-04 1.274082568807339277e-01 9.415137614678897870e-02 1.146788990825688137e-04 1.261467889908256951e-03 1.146788990825688137e-04 1.146788990825688137e-04 1.261467889908256951e-03 1.146788990825688137e-04 1.146788990825688137e-04 4.254587155963302642e-02 1.261467889908256951e-03 2.878440366972477224e-02 1.146788990825688137e-04 1.387614678899082472e-02 1.146788990825688137e-04 2.190366972477064342e-02
1.237623762376237639e-04 6.076732673267325885e-02 1.237623762376237639e-04 2.773514851485148203e-01 3.725247524752475087e-02 1.992574257425742609e-02 1.237623762376237639e-04 1.237623762376237639e-04 1.868811881188118390e-02 2.599009900990098716e-03 3.230198019801979598e-02 1.237623762376237639e-04 2.599009900990098716e-03 6.311881188118810548e-03 1.659653465346534462e-01 1.275990099009900736e-01 1.237623762376237639e-04 1.237623762376237639e-04 1.237623762376237639e-04 1.497524752475247294e-02 3.849009900990098959e-02 6.448019801980196808e-02 1.237623762376237639e-04 1.621287128712870992e-02 7.549504950495048404e-03 7.809405940594058015e-02 1.868811881188118390e-02 8.787128712871286260e-03 1.237623762376237639e-04 1.237623762376237639e-04
4.060606060606059692e-02 1.232323232323231758e-02 6.080808080808079025e-02 3.252525252525251959e-02 4.060606060606059692e-02 2.020202020202019658e-04 1.234343434343433965e-01 2.020202020202019658e-04 2.020202020202019658e-04 2.020202020202019658e-04 2.082828282828282085e-01 6.888888888888887452e-02 2.020202020202019658e-04 5.878787878787877091e-02 2.020202020202019658e-04 3.454545454545453892e-02 1.838383838383837732e-02 2.020202020202019658e-04 2.020202020202019658e-04 6.262626262626260452e-03 1.214141414141413772e-01 3.454545454545453892e-02 9.515151515151512585e-02 2.020202020202019658e-04 2.020202020202019658e-04 2.020202020202019658e-04 2.222222222222221787e-03 2.222222222222221787e-03 3.656565656565655825e-02 2.020202020202019658e-04
1.049401197604790115e-01 4.356287425149699827e-02 1.497005988023951807e-04 4.505988023952095523e-02 1.573353293413173315e-01 1.497005988023951807e-04 1.497005988023951807e-04 1.497005988023951807e-04 1.497005988023951807e-04 1.497005988023951807e-04 1.497005988023951807e-04 5.853293413173651927e-02 1.199101796407185394e-01 1.497005988023951807e-04 1.497005988023951807e-04 1.497005988023951807e-04 3.158682634730538424e-02 1.362275449101796147e-02 1.497005988023951807e-04 6.137724550898201840e-03 4.505988023952095523e-02 3.008982035928143423e-02 1.497005988023951807e-04 5.553892215568861229e-02 1.497005988023951807e-04 2.441616766467065436e-01 1.497005988023951807e-04 1.497005988023951807e-04 1.497005988023951807e-04 4.206586826347304825e-02
6.750841750841750366e-02 2.542087542087541688e-02 1.683501683501683320e-04 3.671717171717170936e-01 6.414141414141413811e-02 1.683501683501683320e-04 1.868686868686868230e-02 1.683501683501683320e-04 2.205387205387204785e-02 1.683501683501683320e-04 1.683501683501683320e-04 1.683501683501683320e-04 6.077441077441076561e-02 3.552188552188551701e-02 6.750841750841750366e-02 1.851851851851851706e-03 2.878787878787878590e-02 1.683501683501683320e-04 1.683501683501683320e-04 3.535353535353534700e-03 1.868686868686868230e-02 4.225589225589224812e-02 3.535353535353534700e-03 2.037037037037036508e-02 1.683501683501683320e-04 1.247474747474747181e-01 2.542087542087541688e-02 1.683501683501683320e-04 1.683501683501683320e-04 1.683501683501683320e-04
1.491803278688524359e-01 2.654247391952309632e-01 1.490312965722801516e-04 2.846497764530551283e-02 6.870342771982115848e-02 1.490312965722801516e-04 1.490312965722801516e-04 1.490312965722801516e-04 1.490312965722801516e-04 1.490312965722801516e-04 1.356184798807749323e-02 1.490312965722801516e-04 1.864381520119224589e-01 1.490312965722801516e-04 9.090909090909088733e-03 1.490312965722801516e-04 1.490312965722801516e-04 3.129657228017883319e-03 1.490312965722801516e-04 1.490312965722801516e-04 3.144560357675111467e-02 1.490312965722801516e-04 1.490312965722801516e-04 1.029806259314455796e-01 1.490312965722801516e-04 8.509687034277196860e-02 4.336810730253352897e-02 1.639344262295081749e-03 9.090909090909088733e-03 1.490312965722801516e-04
1.798561151079136459e-04 1.276978417266186674e-02 6.492805755395682221e-02 3.113309352517985018e-01 6.492805755395682221e-02 1.978417266187049942e-03 1.798561151079136459e-04 1.798561151079136459e-04 1.636690647482013858e-02 1.798561151079136459e-04 1.798561151079136459e-04 1.798561151079136459e-04 2.715827338129495755e-02 5.053956834532373488e-02 4.334532374100719121e-02 8.291366906474818832e-02 1.798561151079136459e-04 1.798561151079136459e-04 1.097122302158273083e-02 1.798561151079136459e-04 8.111510791366904893e-02 6.312949640287768283e-02 1.798561151079136459e-04 1.798561151079136459e-04 1.978417266187049942e-03 1.978417266187049942e-03 5.953237410071941793e-02 1.798561151079136459e-04 8.291366906474818832e-02 1.996402877697841388e-02
1.779411764705882137e-02 3.250000000000000111e-02 1.470588235294117789e-04 2.207352941176470573e-01 1.617647058823529650e-03 7.499999999999999722e-03 1.338235294117647023e-02 1.470588235294117789e-04 1.617647058823529650e-03 1.470588235294117789e-04 2.367647058823529535e-02 5.014705882352941263e-02 1.632352941176470548e-02 1.192647058823529393e-01 9.720588235294116974e-02 1.470588235294117789e-04 1.470588235294117789e-04 1.470588235294117789e-04 1.470588235294117789e-04 1.470588235294117789e-04 5.897058823529412186e-02 8.544117647058824261e-02 3.691176470588235226e-02 9.132352941176470618e-02 1.470588235294117789e-04 9.867647058823528217e-02 1.470588235294117789e-04 3.088235294117647276e-03 2.220588235294117599e-02 1.470588235294117789e-04
8.130081300813010291e-04 1.707317073170732183e-02 8.130081300813010291e-04 1.471544715447155038e-01 8.130081300813010291e-04 8.130081300813010291e-04 2.528455284552846294e-01 8.130081300813010291e-04 8.130081300813010291e-04 8.211382113821140416e-02 8.130081300813010291e-04 8.130081300813010291e-04 8.130081300813010291e-04 8.130081300813010291e-04 8.130081300813010291e-04 8.130081300813010291e-04 8.130081300813010291e-04 8.130081300813010291e-04 8.130081300813010291e-04 8.130081300813010291e-04 8.130081300813010291e-04 8.130081300813010291e-04 8.130081300813010291e-04 2.121951219512195619e-01 8.130081300813010291e-04 3.333333333333333981e-02 1.471544715447155038e-01 8.211382113821140416e-02 8.130081300813010291e-04 8.943089430894311104e-03
1.923076923076922804e-04 1.923076923076922804e-04 5.961538461538460829e-03 3.194230769230768652e-01 1.923076923076922804e-04 1.923076923076922804e-04 2.115384615384614895e-03 1.923076923076922804e-04 1.923076923076922804e-04 1.557692307692307328e-02 1.557692307692307328e-02 2.115384615384614895e-03 7.326923076923075318e-02 2.326923076923076428e-02 1.098076923076922867e-01 7.326923076923075318e-02 1.923076923076922804e-04 2.115384615384614895e-03 1.923076923076922804e-04 2.115384615384614895e-03 4.442307692307691930e-02 1.923076923076922804e-04 1.923076923076922804e-04 7.134615384615383693e-02 1.923076923076922804e-04 1.732692307692307310e-01 6.365384615384614420e-02 1.923076923076922804e-04 1.923076923076922804e-04 1.923076923076922804e-04
4.366197183098590590e-03 1.408450704225351646e-04 6.492957746478870973e-02 5.647887323943660137e-02 8.323943661971829056e-02 9.591549295774644268e-02 1.408450704225351646e-04 1.408450704225351646e-04 1.408450704225351646e-04 5.084507042253520043e-02 4.943661971830984325e-02 1.408450704225351646e-04 1.408450704225351646e-04 1.494366197183097933e-01 6.492957746478870973e-02 1.578873239436619225e-01 1.408450704225351646e-04 1.408450704225351646e-04 1.408450704225351646e-04 1.408450704225351646e-04 3.253521126760562654e-02 1.001408450704224934e-01 1.408450704225351646e-04 1.408450704225351646e-04 1.408450704225351646e-04 4.366197183098590590e-03 1.408450704225351646e-04 9.999999999999996739e-03 5.647887323943660137e-02 1.704225352112675312e-02
1.663352272727272041e-01 3.794034090909090273e-01 1.420454545454545115e-04 5.127840909090907590e-02 4.559659090909089912e-02 1.420454545454545115e-04 1.562499999999999653e-03 1.420454545454545115e-04 8.664772727272724087e-03 2.144886363636363050e-02 1.420454545454545115e-04 8.664772727272724087e-03 4.559659090909089912e-02 1.420454545454545115e-04 1.420454545454545115e-04 1.420454545454545115e-04 1.420454545454545115e-04 1.434659090909090433e-02 1.137784090909090412e-01 1.420454545454545115e-04 5.127840909090907590e-02 1.562499999999999653e-03 1.420454545454545115e-04 4.275568181818180380e-02 1.420454545454545115e-04 1.420454545454545115e-04 4.559659090909089912e-02 1.420454545454545115e-04 1.420454545454545115e-04 1.420454545454545115e-04
3.158584534731324195e-02 1.310615989515072040e-04 1.310615989515072040e-04 5.255570117955439546e-02 7.745740498034076049e-02 1.979030144167758659e-02 1.310615989515072040e-04 1.310615989515072040e-04 1.310615989515072040e-04 1.310615989515072040e-04 7.090432503276540566e-02 3.944954128440367191e-02 1.310615989515072040e-04 1.192660550458715489e-02 2.150720838794233092e-01 3.068152031454783879e-01 1.310615989515072040e-04 1.310615989515072040e-04 1.310615989515072040e-04 1.310615989515072040e-04 1.310615989515072040e-04 5.255570117955439546e-02 5.124508519003932033e-02 1.310615989515072040e-04 1.310615989515072040e-04 1.310615989515072040e-04 1.310615989515072040e-04 1.310615989515072040e-04 2.241153342070773338e-02 4.600262123197903369e-02
