4.065040650406505146e-04 1.260162601626016628e-02 4.065040650406505146e-04 4.065040650406505146e-04 4.065040650406505146e-04 4.065040650406505146e-04 4.065040650406505146e-04 8.536585365853660914e-03 4.963414634146342541e-01 4.065040650406505146e-04 2.402439024390244648e-01 4.471544715447155552e-03 4.065040650406505146e-04 4.065040650406505146e-04 4.065040650406505146e-04 4.065040650406505146e-04 1.260162601626016628e-02 1.666666666666666990e-02 4.065040650406505146e-04 4.065040650406505146e-04 9.796747967479677022e-02 4.065040650406505146e-04 4.065040650406505146e-04 4.471544715447155552e-03 4.471544715447155552e-03 9.390243902439027179e-02 4.065040650406505146e-04 4.065040650406505146e-04 4.065040650406505146e-04 4.065040650406505146e-04
5.438596491228069041e-02 1.754385964912280301e-03 1.754385964912280301e-03 1.754385964912280301e-03 1.754385964912280301e-03 1.421052631578947067e-01 1.754385964912280301e-03 1.754385964912280301e-03 3.684210526315788437e-02 1.754385964912280301e-03 3.526315789473683515e-01 1.754385964912280301e-03 1.754385964912280301e-03 1.754385964912280301e-03 1.929824561403508526e-02 1.754385964912280301e-03 1.754385964912280301e-03 1.754385964912280301e-03 1.754385964912280301e-03 1.754385964912280301e-03 3.526315789473683515e-01 1.754385964912280301e-03 1.754385964912280301e-03 1.754385964912280301e-03 1.754385964912280301e-03 1.754385964912280301e-03 1.754385964912280301e-03 1.754385964912280301e-03 1.754385964912280301e-03 1.754385964912280301e-03
5.076142131979696770e-04 7.664974619289342816e-02 5.076142131979696770e-04 5.076142131979696770e-04 1.573604060913705999e-02 5.076142131979696770e-04 1.065989847715736322e-02 5.076142131979696770e-04 5.076142131979696770e-04 5.076142131979696770e-04 5.076142131979696770e-04 5.076142131979696770e-04 3.253807106598985421e-01 5.076142131979696770e-04 5.076142131979696770e-04 5.076142131979696770e-04 5.076142131979696770e-04 6.142131979695433092e-02 1.375634517766498033e-01 3.604060913705584707e-02 1.730964467005076668e-01 5.076142131979696770e-04 1.573604060913705999e-02 1.121827411167513056e-01 5.076142131979696770e-04 5.076142131979696770e-04 5.076142131979696770e-04 5.076142131979696770e-04 2.588832487309645353e-02 5.076142131979696770e-04
4.015384615384615663e-01 1.538461538461538460e-03 1.538461538461538460e-03 1.692307692307692610e-02 1.538461538461538460e-03 1.399999999999999856e-01 1.538461538461538460e-03 1.538461538461538460e-03 7.846153846153845757e-02 1.538461538461538460e-03 1.692307692307692610e-02 1.538461538461538460e-03 1.538461538461538460e-03 1.538461538461538460e-03 1.538461538461538460e-03 1.538461538461538460e-03 1.538461538461538460e-03 1.538461538461538460e-03 1.538461538461538460e-03 1.538461538461538460e-03 2.630769230769230971e-01 1.538461538461538460e-03 1.538461538461538460e-03 1.538461538461538460e-03 1.538461538461538460e-03 1.538461538461538460e-03 1.538461538461538460e-03 3.230769230769230810e-02 1.692307692307692610e-02 1.538461538461538460e-03
6.097560975609757176e-04 6.097560975609757176e-04 9.207317073170732946e-02 6.097560975609757176e-04 6.097560975609757176e-04 6.097560975609757176e-04 6.097560975609757176e-04 6.097560975609757176e-04 2.567073170731707932e-01 6.097560975609757176e-04 2.079268292682927288e-01 6.097560975609757176e-04 2.323170731707317471e-01 6.097560975609757176e-04 6.097560975609757176e-04 6.707317073170733328e-03 6.097560975609757176e-04 8.597560975609756795e-02 4.329268292682927205e-02 6.097560975609757176e-04 6.097560975609757176e-04 6.097560975609757176e-04 1.890243902439024681e-02 6.097560975609757176e-04 6.097560975609757176e-04 3.109756097560975943e-02 6.097560975609757176e-04 6.097560975609757176e-04 6.097560975609757176e-04 1.280487804878049050e-02
1.041666666666666869e-03 1.041666666666666869e-03 1.041666666666666869e-03 1.041666666666666869e-03 1.145833333333333599e-02 1.989583333333333759e-01 2.718750000000000333e-01 1.041666666666666869e-03 1.052083333333333481e-01 1.041666666666666869e-03 1.260416666666666907e-01 1.041666666666666869e-03 1.041666666666666869e-03 1.041666666666666869e-03 1.041666666666666869e-03 1.041666666666666869e-03 1.041666666666666869e-03 1.041666666666666869e-03 1.041666666666666869e-03 1.041666666666666869e-03 2.302083333333333759e-01 1.041666666666666869e-03 1.145833333333333599e-02 1.041666666666666869e-03 1.041666666666666869e-03 1.041666666666666869e-03 1.041666666666666869e-03 1.145833333333333599e-02 1.145833333333333599e-02 1.041666666666666869e-03
7.692307692307692301e-04 4.692307692307692152e-02 2.392307692307692468e-01 7.692307692307692301e-04 7.692307692307692301e-04 7.692307692307692301e-04 7.692307692307692301e-04 7.692307692307692301e-04 2.007692307692307832e-01 7.692307692307692301e-04 7.692307692307692301e-04 5.461538461538461425e-02 7.692307692307692301e-04 8.461538461538463049e-03 7.692307692307692301e-04 7.692307692307692301e-04 5.461538461538461425e-02 6.230769230769230699e-02 2.546153846153846323e-01 7.692307692307692301e-04 7.692307692307692301e-04 7.692307692307692301e-04 7.692307692307692301e-04 4.692307692307692152e-02 7.692307692307692301e-04 1.615384615384615405e-02 7.692307692307692301e-04 7.692307692307692301e-04 7.692307692307692301e-04 7.692307692307692301e-04
4.767441860465119335e-02 1.162790697674419456e-03 1.162790697674419456e-03 2.441860465116280771e-02 1.162790697674419456e-03 1.162790697674419456e-03 1.174418604651163572e-01 1.162790697674419456e-03 1.162790697674419456e-03 1.162790697674419456e-03 9.418604651162797159e-02 3.604651162790700053e-02 9.418604651162797159e-02 1.162790697674419456e-03 1.162790697674419456e-03 1.162790697674419456e-03 3.604651162790700053e-02 1.162790697674419456e-03 1.162790697674419456e-03 1.162790697674419456e-03 3.034883720930234841e-01 1.162790697674419456e-03 1.162790697674419456e-03 1.290697674418605501e-01 4.767441860465119335e-02 1.162790697674419456e-03 1.162790697674419456e-03 1.162790697674419456e-03 4.767441860465119335e-02 1.162790697674419456e-03
7.321428571428569010e-02 1.785714285714285442e-03 5.535714285714284782e-02 1.785714285714285442e-03 1.785714285714285442e-03 1.785714285714285442e-03 2.160714285714284977e-01 1.785714285714285442e-03 1.785714285714285442e-03 1.785714285714285442e-03 1.982142857142856485e-01 1.785714285714285442e-03 1.785714285714285442e-03 1.785714285714285442e-03 1.785714285714285442e-03 1.785714285714285442e-03 5.535714285714284782e-02 3.232142857142856762e-01 1.785714285714285442e-03 1.964285714285713899e-02 1.785714285714285442e-03 1.785714285714285442e-03 1.785714285714285442e-03 1.785714285714285442e-03 1.785714285714285442e-03 1.964285714285713899e-02 1.785714285714285442e-03 1.785714285714285442e-03 1.785714285714285442e-03 1.785714285714285442e-03
5.000000000000001188e-04 8.050000000000001599e-02 5.000000000000001188e-04 1.050000000000000239e-02 5.000000000000001188e-04 5.000000000000001188e-04 5.000000000000001188e-04 1.305000000000000326e-01 5.000000000000001188e-04 5.000000000000001188e-04 5.000000000000001188e-04 5.000000000000001188e-04 5.000000000000001188e-04 5.000000000000001188e-04 5.000000000000001188e-04 6.050000000000000516e-02 4.550000000000000572e-02 5.000000000000001188e-04 1.550000000000000336e-02 5.500000000000001416e-03 5.000000000000001188e-04 5.000000000000001188e-04 5.000000000000001188e-04 5.000000000000001188e-04 3.550000000000000377e-02 5.000000000000001188e-04 2.050000000000000086e-02 5.000000000000001188e-04 5.855000000000000204e-01 5.000000000000001188e-04
1.227777777777777912e-01 4.499999999999999833e-02 5.555555555555555551e-04 5.555555555555555551e-04 1.722222222222222210e-02 5.555555555555555551e-04 1.722222222222222210e-02 5.555555555555555551e-04 5.555555555555555551e-04 5.555555555555555551e-04 1.172222222222222276e-01 6.166666666666666130e-02 5.555555555555555551e-04 1.722222222222222210e-02 5.555555555555555551e-04 5.555555555555555551e-04 5.555555555555555551e-04 5.611111111111111160e-02 5.555555555555555551e-04 1.061111111111111144e-01 1.838888888888889073e-01 5.555555555555555551e-04 5.555555555555555551e-04 1.394444444444444542e-01 5.555555555555555551e-04 5.555555555555555551e-04 5.555555555555555551e-04 5.555555555555555551e-04 1.061111111111111144e-01 5.555555555555555551e-04
1.388888888888888942e-03 1.388888888888888942e-03 1.527777777777777901e-02 1.388888888888888942e-03 1.388888888888888942e-03 1.388888888888888942e-03 1.388888888888888942e-03 1.402777777777777790e-01 1.388888888888888942e-03 1.388888888888888942e-03 9.861111111111110772e-02 1.388888888888888942e-03 1.388888888888888942e-03 1.388888888888888942e-03 1.388888888888888942e-03 1.388888888888888942e-03 1.388888888888888942e-03 1.388888888888888942e-03 1.388888888888888942e-03 2.916666666666666713e-02 1.388888888888888942e-03 1.388888888888888942e-03 1.388888888888888942e-03 1.388888888888888942e-03 1.388888888888888942e-03 1.388888888888888942e-03 1.388888888888888942e-03 1.388888888888888942e-03 6.819444444444444642e-01 1.388888888888888942e-03
2.564102564102563233e-03 2.564102564102563233e-03 2.564102564102563233e-03 2.564102564102563233e-03 2.564102564102563233e-03 2.564102564102563233e-03 5.384615384615382833e-02 2.564102564102563233e-03 5.153846153846152189e-01 2.564102564102563233e-03 3.615384615384614198e-01 2.564102564102563233e-03 2.564102564102563233e-03 2.564102564102563233e-03 2.564102564102563233e-03 2.564102564102563233e-03 2.564102564102563233e-03 2.564102564102563233e-03 2.564102564102563233e-03 2.564102564102563233e-03 2.564102564102563233e-03 2.564102564102563233e-03 2.564102564102563233e-03 2.564102564102563233e-03 2.564102564102563233e-03 2.564102564102563233e-03 2.564102564102563233e-03 2.564102564102563233e-03 2.564102564102563233e-03 2.564102564102563233e-03
6.944444444444445794e-04 6.944444444444445794e-04 6.944444444444445794e-04 6.944444444444445794e-04 6.944444444444445794e-04 6.944444444444445794e-04 6.944444444444445794e-04 6.944444444444445794e-04 5.625000000000000833e-02 6.944444444444445794e-04 2.090277777777778401e-01 6.944444444444445794e-04 6.944444444444445794e-04 6.944444444444445794e-04 6.944444444444445794e-04 7.638888888888891240e-03 6.944444444444445794e-04 3.201388888888889728e-01 2.847222222222222515e-02 6.944444444444445794e-04 1.673611111111111549e-01 6.944444444444445794e-04 5.625000000000000833e-02 6.944444444444445794e-04 6.944444444444445794e-04 1.395833333333333648e-01 6.944444444444445794e-04 6.944444444444445794e-04 6.944444444444445794e-04 6.944444444444445794e-04
2.677655677655676469e-01 3.663003663003661916e-04 7.692307692307689265e-03 4.029304029304027999e-03 3.663003663003661916e-04 1.578754578754578142e-01 3.663003663003661916e-04 3.663003663003661916e-04 3.663003663003661916e-04 3.663003663003661916e-04 1.065934065934065478e-01 3.663003663003661916e-04 4.065934065934063979e-02 3.663003663003661916e-04 3.663003663003661916e-04 3.663003663003661916e-04 8.827838827838824232e-02 3.663003663003661916e-04 4.798534798534796753e-02 3.663003663003661916e-04 4.029304029304027999e-03 1.945054945054944251e-01 3.663003663003661916e-04 3.663003663003661916e-04 7.362637362637360072e-02 3.663003663003661916e-04 3.663003663003661916e-04 3.663003663003661916e-04 3.663003663003661916e-04 3.663003663003661916e-04
9.090909090909095238e-04 9.090909090909095238e-04 9.090909090909095238e-04 9.090909090909095238e-04 9.090909090909095238e-04 9.090909090909095238e-04 9.090909090909095238e-04 9.090909090909095238e-04 9.090909090909095238e-04 1.000000000000000541e-02 9.090909090909095238e-04 3.727272727272728375e-02 5.545454545454547163e-02 9.090909090909095238e-04 9.090909090909095238e-04 1.909090909090909935e-02 9.090909090909095238e-04 9.090909090909095238e-04 9.181818181818185431e-02 6.827272727272729602e-01 9.090909090909095238e-04 9.090909090909095238e-04 9.090909090909095238e-04 9.090909090909095238e-04 9.090909090909095238e-04 9.090909090909095238e-04 7.363636363636366644e-02 9.090909090909095238e-04 1.000000000000000541e-02 9.090909090909095238e-04
6.283185840707966596e-02 9.734513274336288255e-03 8.849557522123898019e-04 8.849557522123898019e-04 8.849557522123898019e-04 8.849557522123898019e-04 8.849557522123898019e-04 8.849557522123898019e-04 2.743362831858408082e-02 1.858407079646018367e-02 8.849557522123898019e-04 8.849557522123898019e-04 8.849557522123898019e-04 8.849557522123898019e-04 8.849557522123898019e-04 8.849557522123898019e-04 8.849557522123898019e-04 8.849557522123898019e-04 1.070796460176991483e-01 6.380530973451329357e-01 8.849557522123898019e-04 8.849557522123898019e-04 1.858407079646018367e-02 8.849557522123898019e-04 7.168141592920355964e-02 8.849557522123898019e-04 8.849557522123898019e-04 8.849557522123898019e-04 8.849557522123898019e-04 2.743362831858408082e-02
3.484000000000000430e-01 4.000000000000001276e-04 4.400000000000001132e-03 4.000000000000001276e-04 4.000000000000001276e-04 1.164000000000000312e-01 2.040000000000000493e-02 4.040000000000000535e-02 9.240000000000002378e-02 4.000000000000001276e-04 4.000000000000001276e-04 8.400000000000002950e-03 4.000000000000001276e-04 4.000000000000001276e-04 2.840000000000000510e-02 1.124000000000000277e-01 2.040000000000000493e-02 4.000000000000001276e-04 4.400000000000001132e-03 3.240000000000000518e-02 1.640000000000000138e-02 4.000000000000001276e-04 3.240000000000000518e-02 4.000000000000001276e-04 8.840000000000002023e-02 2.840000000000000510e-02 4.000000000000001276e-04 4.000000000000001276e-04 4.000000000000001276e-04 4.000000000000001276e-04
8.547008547008549170e-04 4.358974358974359448e-02 8.547008547008549170e-04 8.547008547008549170e-04 1.794871794871795434e-02 8.547008547008549170e-04 8.547008547008549170e-04 1.205128205128205426e-01 3.504273504273505008e-02 6.923076923076924849e-02 8.547008547008549170e-04 8.547008547008549170e-04 6.923076923076924849e-02 5.213675213675214581e-02 9.487179487179489557e-02 8.547008547008549170e-04 1.794871794871795434e-02 8.547008547008549170e-04 8.547008547008549170e-04 8.547008547008549170e-04 8.547008547008549170e-04 1.794871794871795434e-02 8.547008547008549170e-04 2.059829059829060560e-01 8.547008547008549170e-04 8.547008547008549170e-04 2.401709401709402336e-01 8.547008547008549170e-04 8.547008547008549170e-04 8.547008547008549170e-04
2.631578947368420126e-03 2.631578947368420126e-03 2.631578947368420126e-03 2.631578947368420126e-03 2.631578947368420126e-03 2.631578947368420126e-03 2.631578947368420126e-03 2.631578947368420126e-03 2.631578947368420126e-03 2.631578947368420126e-03 2.631578947368420126e-03 2.631578947368420126e-03 2.631578947368420126e-03 2.631578947368420126e-03 2.631578947368420126e-03 2.631578947368420126e-03 2.631578947368420126e-03 2.631578947368420126e-03 2.894736842105262442e-02 8.973684210526312599e-01 2.631578947368420126e-03 2.631578947368420126e-03 2.631578947368420126e-03 2.631578947368420126e-03 2.631578947368420126e-03 2.631578947368420126e-03 2.631578947368420126e-03 2.631578947368420126e-03 2.631578947368420126e-03 2.631578947368420126e-03
1.754385964912280301e-03 1.754385964912280301e-03 1.754385964912280301e-03 3.684210526315788437e-02 1.754385964912280301e-03 1.754385964912280301e-03 1.754385964912280301e-03 1.754385964912280301e-03 8.947368421052628862e-02 1.754385964912280301e-03 1.929824561403508526e-02 1.754385964912280301e-03 1.754385964912280301e-03 1.754385964912280301e-03 1.929824561403508526e-02 1.754385964912280301e-03 1.754385964912280301e-03 5.438596491228069041e-02 1.754385964912280301e-03 7.035087719298244169e-01 1.754385964912280301e-03 1.754385964912280301e-03 3.684210526315788437e-02 1.754385964912280301e-03 1.754385964912280301e-03 1.754385964912280301e-03 1.754385964912280301e-03 1.754385964912280301e-03 1.754385964912280301e-03 1.754385964912280301e-03
2.325581395348836743e-03 2.558139534883720201e-02 2.325581395348836743e-03 2.325581395348836743e-03 7.209302325581393167e-02 2.325581395348836743e-03 2.325581395348836743e-03 2.325581395348836743e-03 2.325581395348836743e-03 2.325581395348836743e-03 2.558139534883720201e-02 2.325581395348836743e-03 2.325581395348836743e-03 2.325581395348836743e-03 2.558139534883720201e-02 2.325581395348836743e-03 2.325581395348836743e-03 2.325581395348836743e-03 2.325581395348836743e-03 7.930232558139532761e-01 2.325581395348836743e-03 2.325581395348836743e-03 2.325581395348836743e-03 2.325581395348836743e-03 2.325581395348836743e-03 2.325581395348836743e-03 2.325581395348836743e-03 2.325581395348836743e-03 2.325581395348836743e-03 2.325581395348836743e-03
4.347826086956519190e-03 4.347826086956519190e-03 4.347826086956519190e-03 4.347826086956519190e-03 4.347826086956519190e-03 4.347826086956519190e-03 4.347826086956519190e-03 4.347826086956519190e-03 4.347826086956519190e-03 4.347826086956519190e-03 4.347826086956519190e-03 4.347826086956519190e-03 4.347826086956519190e-03 4.347826086956519190e-03 4.347826086956519190e-03 4.347826086956519190e-03 1.347826086956520897e-01 4.347826086956519190e-03 4.347826086956519190e-03 4.347826086956519190e-03 7.434782608695648110e-01 4.347826086956519190e-03 4.347826086956519190e-03 4.347826086956519190e-03 4.347826086956519190e-03 4.347826086956519190e-03 4.347826086956519190e-03 4.347826086956519190e-03 4.347826086956519190e-03 4.347826086956519190e-03
1.077380952380952855e-01 4.821428571428573034e-02 5.952380952380955086e-04 3.035714285714286378e-02 6.547619047619050378e-03 5.952380952380955086e-04 1.250000000000000416e-02 5.952380952380955086e-04 5.952380952380955086e-04 5.952380952380955086e-04 1.494047619047619568e-01 8.988095238095240858e-02 5.952380952380955086e-04 5.952380952380955086e-04 5.952380952380955086e-04 5.952380952380955086e-04 5.952380952380955086e-04 5.952380952380955086e-04 5.952380952380955086e-04 4.886904761904763417e-01 6.547619047619050378e-03 5.952380952380955086e-04 6.547619047619050378e-03 5.952380952380955086e-04 5.952380952380955086e-04 4.226190476190477135e-02 5.952380952380955086e-04 5.952380952380955086e-04 5.952380952380955086e-04 5.952380952380955086e-04
4.761904761904763527e-04 3.857142857142858289e-02 1.766666666666667218e-01 4.761904761904763527e-04 5.238095238095239609e-03 4.761904761904763527e-04 5.285714285714286642e-02 4.761904761904763527e-04 6.714285714285715689e-02 4.761904761904763527e-04 5.238095238095239609e-03 4.761904761904763527e-04 1.766666666666667218e-01 4.761904761904763527e-04 4.761904761904763527e-04 4.761904761904763527e-04 5.238095238095239609e-03 2.100000000000000755e-01 1.147619047619048011e-01 5.238095238095239609e-03 4.761904761904763527e-04 4.761904761904763527e-04 8.619047619047622011e-02 4.761904761904763527e-04 5.238095238095239609e-03 4.333333333333334175e-02 4.761904761904763527e-04 4.761904761904763527e-04 4.761904761904763527e-04 4.761904761904763527e-04
2.083333333333332871e-03 2.291666666666666158e-02 2.083333333333332871e-03 2.083333333333332871e-03 2.291666666666666158e-02 4.374999999999999029e-02 2.083333333333332871e-03 2.083333333333332871e-03 4.374999999999999029e-02 2.083333333333332871e-03 2.083333333333332871e-03 4.187499999999999001e-01 2.083333333333332871e-03 1.895833333333332704e-01 2.083333333333332871e-03 2.083333333333332871e-03 2.083333333333332871e-03 2.083333333333332871e-03 1.895833333333332704e-01 2.083333333333332871e-03 2.083333333333332871e-03 2.083333333333332871e-03 2.291666666666666158e-02 2.083333333333332871e-03 2.083333333333332871e-03 2.083333333333332871e-03 2.083333333333332871e-03 2.083333333333332871e-03 2.083333333333332871e-03 2.083333333333332871e-03
8.232758620689657747e-02 4.310344827586207921e-04 4.310344827586207921e-04 4.310344827586207921e-04 2.198275862068965747e-02 3.538793103448276689e-01 4.310344827586207921e-04 4.310344827586207921e-04 3.060344827586207461e-02 4.310344827586207921e-04 1.426724137931034975e-01 4.310344827586207921e-04 1.642241379310345195e-01 4.310344827586207921e-04 4.310344827586207921e-04 2.198275862068965747e-02 4.310344827586207921e-04 2.198275862068965747e-02 2.198275862068965747e-02 4.310344827586207921e-04 4.741379310344829255e-03 1.038793103448276134e-01 4.310344827586207921e-04 4.310344827586207921e-04 4.310344827586207921e-04 4.310344827586207921e-04 4.310344827586207921e-04 4.310344827586207921e-04 4.310344827586207921e-04 2.198275862068965747e-02
4.466666666666665314e-02 2.466666666666665619e-02 2.222222222222221516e-04 2.222222222222221516e-04 2.222222222222221516e-04 2.222222222222221516e-04 9.111111111111106289e-03 2.222222222222221516e-04 2.222222222222221516e-04 9.111111111111106289e-03 1.133333333333332894e-02 6.911111111111108152e-02 4.466666666666665314e-02 4.022222222222220783e-02 6.888888888888886237e-03 2.222222222222221516e-04 4.666666666666665318e-03 2.222222222222221516e-04 7.577777777777774948e-02 6.135555555555554097e-01 2.222222222222221516e-04 4.244444444444443049e-02 2.222222222222221516e-04 2.222222222222221516e-04 2.222222222222221516e-04 2.222222222222221516e-04 2.222222222222221516e-04 2.222222222222221516e-04 2.222222222222221516e-04 2.222222222222221516e-04
2.310810810810811911e-01 1.351351351351351860e-03 1.351351351351351860e-03 1.351351351351351860e-03 1.351351351351351860e-03 1.351351351351351860e-03 1.351351351351351860e-03 1.351351351351351860e-03 1.351351351351351860e-03 1.351351351351351860e-03 2.040540540540541348e-01 1.486486486486487263e-02 1.351351351351351860e-03 1.351351351351351860e-03 1.351351351351351860e-03 1.351351351351351860e-03 1.351351351351351860e-03 1.351351351351351860e-03 1.351351351351351860e-03 4.608108108108109890e-01 1.351351351351351860e-03 1.351351351351351860e-03 1.351351351351351860e-03 1.351351351351351860e-03 1.351351351351351860e-03 1.351351351351351860e-03 1.351351351351351860e-03 5.540540540540542236e-02 1.351351351351351860e-03 1.351351351351351860e-03
3.676470588235292982e-04 9.227941176470584594e-02 3.676470588235292982e-04 7.720588235294114504e-03 1.507352941176469743e-02 3.676470588235292982e-04 7.720588235294114504e-03 7.720588235294114504e-03 3.676470588235292982e-04 4.044117647058822172e-03 8.860294117647055101e-02 3.676470588235292982e-04 3.345588235294116169e-02 4.044117647058822172e-03 3.676470588235292982e-04 3.345588235294116169e-02 8.492647058823526995e-02 2.724264705882351589e-01 3.676470588235292982e-04 4.044117647058822172e-03 2.944852941176469008e-01 3.676470588235292982e-04 3.676470588235292982e-04 3.676470588235292982e-04 3.676470588235292982e-04 4.448529411764703956e-02 3.676470588235292982e-04 3.676470588235292982e-04 3.676470588235292982e-04 3.676470588235292982e-04
2.173913043478260462e-03 6.739130434782607260e-02 2.173913043478260462e-03 2.173913043478260462e-03 2.173913043478260462e-03 2.173913043478260462e-03 2.173913043478260462e-03 2.173913043478260462e-03 2.173913043478260462e-03 2.173913043478260462e-03 2.173913043478260462e-03 2.173913043478260462e-03 2.173913043478260462e-03 1.108695652173912610e-01 2.173913043478260462e-03 2.173913043478260462e-03 2.173913043478260462e-03 2.173913043478260462e-03 2.173913043478260462e-03 6.760869565217390020e-01 2.173913043478260462e-03 8.913043478260866681e-02 2.173913043478260462e-03 2.173913043478260462e-03 2.173913043478260462e-03 2.173913043478260462e-03 2.173913043478260462e-03 2.173913043478260462e-03 2.173913043478260462e-03 2.173913043478260462e-03
6.711409395973157253e-04 7.449664429530203358e-02 6.711409395973157253e-04 7.382550335570473195e-03 2.751677852348994105e-02 1.409395973154363088e-02 6.711409395973157253e-04 6.711409395973157253e-04 6.711409395973157253e-04 6.711409395973157253e-04 6.711409395973157253e-04 6.711409395973157253e-04 6.711409395973157253e-04 7.449664429530203358e-02 6.711409395973157253e-04 6.711409395973157253e-04 1.483221476510067638e-01 6.711409395973157253e-04 6.711409395973157253e-04 6.315436241610740131e-01 6.711409395973157253e-04 6.711409395973157253e-04 7.382550335570473195e-03 6.711409395973157253e-04 6.711409395973157253e-04 6.711409395973157253e-04 6.711409395973157253e-04 6.711409395973157253e-04 6.711409395973157253e-04 6.711409395973157253e-04
4.273504273504274585e-04 1.286324786324786751e-01 4.273504273504274585e-04 4.273504273504274585e-04 4.273504273504274585e-04 1.752136752136752504e-02 7.735042735042738093e-02 4.743589743589744778e-02 4.273504273504274585e-04 3.423076923076923683e-01 4.273504273504274585e-04 2.179487179487179724e-02 4.273504273504274585e-04 4.273504273504274585e-04 4.273504273504274585e-04 4.273504273504274585e-04 4.273504273504274585e-04 4.273504273504274585e-04 3.034188034188034858e-02 8.974358974358977170e-03 1.115384615384615724e-01 4.273504273504274585e-04 4.273504273504274585e-04 1.286324786324786751e-01 4.273504273504274585e-04 4.273504273504274585e-04 4.273504273504274585e-04 4.273504273504274585e-04 7.735042735042738093e-02 4.273504273504274585e-04
1.389830508474575697e-02 2.138983050847456935e-01 3.389830508474575414e-04 1.389830508474575697e-02 3.084745762711862960e-02 3.728813559322032792e-03 7.152542372881354193e-02 1.359322033898304471e-01 3.389830508474575414e-04 3.389830508474575414e-04 3.389830508474575414e-04 3.389830508474575414e-04 7.118644067796608098e-03 5.118644067796607883e-02 2.067796610169490498e-02 4.779661016949150742e-02 3.389830508474575414e-04 3.389830508474575414e-04 3.389830508474575414e-04 3.389830508474575414e-04 3.389830508474575414e-04 5.118644067796607883e-02 3.389830508474575414e-04 3.389830508474575414e-04 3.122033898305083266e-01 3.389830508474575414e-04 3.728813559322032792e-03 1.728813559322033011e-02 3.389830508474575414e-04 3.389830508474575414e-04
2.629629629629629331e-02 4.481481481481481427e-02 3.703703703703704062e-04 3.703703703703704062e-04 3.703703703703704062e-04 4.074074074074074577e-03 2.411111111111110816e-01 1.003703703703703737e-01 4.111111111111111216e-02 4.481481481481481427e-02 3.703703703703704062e-04 3.703703703703704062e-04 3.703703703703704062e-04 4.074074074074074577e-03 3.703703703703704062e-04 3.703703703703704062e-04 4.074074074074074577e-03 1.374074074074074225e-01 7.074074074074074292e-02 3.703703703703704062e-04 3.703703703703704062e-04 3.703703703703704062e-04 3.703703703703704062e-04 1.518518518518518351e-02 3.703703703703704062e-04 6.703703703703704775e-02 2.999999999999999889e-02 3.703703703703704062e-04 1.633333333333333304e-01 3.703703703703704062e-04
1.041666666666667086e-03 7.395833333333334814e-02 1.041666666666667086e-03 1.041666666666667086e-03 1.041666666666667086e-03 1.041666666666667086e-03 2.197916666666667462e-01 1.145833333333333773e-02 9.479166666666669072e-02 4.270833333333334120e-02 1.364583333333333759e-01 1.041666666666667086e-03 1.041666666666667086e-03 1.041666666666667086e-03 1.145833333333333773e-02 1.041666666666667086e-03 1.041666666666667086e-03 1.041666666666667086e-03 1.041666666666667086e-03 1.041666666666667086e-03 2.093750000000000888e-01 1.781250000000000611e-01 1.041666666666667086e-03 1.041666666666667086e-03 1.041666666666667086e-03 1.041666666666667086e-03 1.041666666666667086e-03 1.041666666666667086e-03 1.041666666666667086e-03 1.041666666666667086e-03
3.571428571428571425e-04 1.074999999999999983e-01 3.571428571428571425e-04 3.607142857142856679e-02 3.571428571428571425e-04 2.892857142857142849e-02 4.321428571428571203e-02 3.607142857142856679e-02 3.571428571428571425e-04 3.571428571428571425e-04 3.571428571428571425e-04 3.571428571428571425e-04 3.571428571428571425e-04 3.571428571428571425e-04 3.571428571428571425e-04 3.928571428571428839e-03 2.178571428571428326e-02 3.928571428571428839e-03 1.107142857142857234e-02 3.571428571428571425e-04 2.075000000000000178e-01 3.571428571428571425e-04 3.571428571428571425e-04 1.539285714285714424e-01 1.039285714285714396e-01 3.571428571428571425e-04 3.571428571428571425e-04 3.571428571428571425e-04 2.360714285714285432e-01 3.571428571428571425e-04
1.247619047619047961e-01 9.523809523809527054e-04 9.523809523809527054e-04 1.047619047619047922e-02 9.523809523809527054e-04 1.047619047619047922e-02 9.523809523809527054e-04 9.619047619047621511e-02 9.523809523809527054e-04 1.342857142857143138e-01 9.523809523809527054e-04 9.523809523809527054e-04 9.523809523809527054e-04 9.523809523809527054e-04 9.523809523809527054e-04 9.523809523809527054e-04 9.523809523809527054e-04 3.904761904761905322e-02 9.523809523809527054e-04 9.523809523809527054e-04 1.914285714285715034e-01 9.523809523809527054e-04 9.523809523809527054e-04 1.819047619047619579e-01 9.523809523809527054e-04 9.523809523809527054e-04 9.523809523809527054e-04 1.819047619047619579e-01 1.047619047619047922e-02 9.523809523809527054e-04
7.165354330708663400e-02 7.874015748031499206e-04 7.874015748031499206e-04 7.874015748031499206e-04 7.874015748031499206e-04 7.874015748031499206e-04 1.110236220472441276e-01 7.874015748031499206e-04 7.874015748031499206e-04 1.503937007874016352e-01 8.661417322834649019e-03 7.874015748031499206e-04 9.527559055118113573e-02 7.874015748031499206e-04 7.874015748031499206e-04 7.874015748031499206e-04 7.874015748031499206e-04 7.874015748031499206e-04 7.874015748031499206e-04 7.874015748031499206e-04 1.582677165354331450e-01 7.874015748031499206e-04 7.874015748031499206e-04 3.787401574803150872e-01 7.874015748031499206e-04 7.874015748031499206e-04 7.874015748031499206e-04 7.874015748031499206e-04 7.874015748031499206e-04 8.661417322834649019e-03
8.130081300813010291e-04 8.130081300813010291e-04 8.130081300813010291e-04 8.130081300813010291e-04 4.146341463414635053e-02 8.130081300813010291e-04 8.130081300813010291e-04 8.130081300813010291e-04 8.943089430894311104e-03 8.130081300813010291e-04 1.146341463414634332e-01 8.130081300813010291e-04 8.130081300813010291e-04 8.130081300813010291e-04 8.130081300813010291e-04 8.130081300813010291e-04 1.707317073170732183e-02 3.260162601626017120e-01 2.520325203252033255e-02 8.130081300813010291e-04 3.747967479674797486e-01 8.943089430894311104e-03 8.130081300813010291e-04 2.520325203252033255e-02 8.130081300813010291e-04 8.130081300813010291e-04 8.130081300813010291e-04 8.130081300813010291e-04 4.146341463414635053e-02 8.130081300813010291e-04
2.272727272727272617e-03 2.272727272727272617e-03 2.272727272727272617e-03 2.272727272727272617e-03 2.272727272727272617e-03 2.272727272727272617e-03 2.272727272727272617e-03 2.272727272727272617e-03 2.272727272727272617e-03 2.272727272727272617e-03 2.272727272727272617e-03 2.499999999999999792e-02 2.272727272727272617e-03 2.272727272727272617e-03 2.272727272727272617e-03 2.272727272727272617e-03 2.295454545454544970e-01 2.272727272727272617e-03 2.499999999999999792e-02 2.272727272727272617e-03 1.386363636363636131e-01 2.272727272727272617e-03 2.272727272727272617e-03 2.977272727272726738e-01 2.272727272727272617e-03 2.499999999999999792e-02 2.272727272727272617e-03 2.068181818181817899e-01 2.272727272727272617e-03 2.272727272727272617e-03
4.493927125506073234e-02 4.048582995951417914e-04 4.048582995951417914e-04 4.453441295546559271e-03 4.048582995951417914e-04 4.048582995951417914e-04 4.048582995951417914e-04 1.178137651821862530e-01 4.453441295546559271e-03 1.218623481781376666e-01 4.048582995951417914e-04 4.048582995951417914e-04 4.048582995951417914e-04 1.255060728744939423e-02 4.048582995951417914e-04 4.048582995951417914e-04 3.279352226720647773e-02 4.048582995951417914e-04 6.113360323886640052e-02 3.684210526315789824e-02 2.028340080971660075e-01 4.048582995951417914e-04 4.048582995951417914e-04 8.947368421052633025e-02 1.659919028340080954e-02 4.048582995951417914e-04 4.048582995951417914e-04 5.303643724696356643e-02 1.947368421052631804e-01 4.048582995951417914e-04
2.682926829268292290e-02 5.121951219512194120e-02 2.439024390243902003e-03 2.439024390243902003e-03 1.487804878048780144e-01 2.439024390243902003e-03 9.999999999999997780e-02 2.439024390243902003e-03 2.439024390243902003e-03 5.121951219512194120e-02 2.439024390243902003e-03 1.975609756097560510e-01 2.439024390243902003e-03 2.439024390243902003e-03 2.439024390243902003e-03 2.439024390243902003e-03 1.487804878048780144e-01 2.439024390243902003e-03 2.439024390243902003e-03 2.439024390243902003e-03 5.121951219512194120e-02 2.439024390243902003e-03 2.439024390243902003e-03 2.439024390243902003e-03 2.439024390243902003e-03 2.439024390243902003e-03 2.439024390243902003e-03 2.439024390243902003e-03 1.731707317073170327e-01 2.439024390243902003e-03
1.173076923076922656e-01 1.923076923076922750e-03 1.923076923076922750e-03 1.923076923076922750e-03 1.923076923076922750e-03 1.923076923076922750e-03 1.923076923076922750e-03 1.923076923076922750e-03 1.923076923076922750e-03 2.115384615384614808e-02 2.134615384615383971e-01 7.884615384615381584e-02 1.923076923076922750e-03 2.134615384615383971e-01 1.923076923076922750e-03 1.923076923076922750e-03 1.923076923076922750e-03 1.749999999999999334e-01 1.923076923076922750e-03 1.923076923076922750e-03 2.115384615384614808e-02 1.923076923076922750e-03 1.923076923076922750e-03 9.807692307692304767e-02 1.923076923076922750e-03 2.115384615384614808e-02 1.923076923076922750e-03 1.923076923076922750e-03 1.923076923076922750e-03 1.923076923076922750e-03
5.294117647058825538e-02 6.535947712418303454e-04 6.535947712418303454e-04 2.679738562091504156e-02 6.535947712418303454e-04 6.535947712418303454e-04 7.189542483660133800e-03 6.535947712418303454e-04 6.535947712418303454e-04 2.679738562091504156e-02 6.535947712418303454e-04 6.535947712418303454e-04 6.535947712418303454e-04 6.535947712418303454e-04 6.535947712418303454e-04 3.986928104575164500e-02 6.535947712418303454e-04 8.562091503267976744e-02 8.562091503267976744e-02 6.535947712418303454e-04 2.490196078431373694e-01 6.535947712418303454e-04 6.535947712418303454e-04 2.686274509803922572e-01 6.535947712418303454e-04 6.535947712418303454e-04 6.535947712418303454e-04 6.535947712418303454e-04 1.444444444444445141e-01 6.535947712418303454e-04
7.633587786259541904e-04 3.893129770992365818e-02 7.633587786259541904e-04 8.396946564885496636e-03 8.396946564885496636e-03 7.633587786259541904e-04 7.633587786259541904e-04 3.129770992366411736e-02 7.633587786259541904e-04 1.610687022900763599e-01 3.213740458015267309e-01 8.396946564885496636e-03 7.633587786259541904e-04 7.633587786259541904e-04 7.633587786259541904e-04 7.633587786259541904e-04 9.236641221374045085e-02 7.633587786259541904e-04 7.633587786259541904e-04 1.152671755725190872e-01 3.129770992366411736e-02 7.633587786259541904e-04 7.633587786259541904e-04 1.610687022900763599e-01 7.633587786259541904e-04 7.633587786259541904e-04 7.633587786259541904e-04 7.633587786259541904e-04 7.633587786259541904e-04 8.396946564885496636e-03
2.777777777777777450e-03 2.777777777777777450e-03 2.777777777777777450e-03 1.416666666666666352e-01 2.777777777777777450e-03 2.777777777777777450e-03 2.777777777777777450e-03 2.777777777777777450e-03 2.777777777777777450e-03 1.138888888888888590e-01 2.777777777777777450e-03 3.055555555555555108e-02 2.777777777777777450e-03 2.777777777777777450e-03 2.777777777777777450e-03 2.777777777777777450e-03 2.777777777777777450e-03 2.777777777777777450e-03 3.055555555555555108e-02 1.138888888888888590e-01 2.777777777777777450e-03 2.777777777777777450e-03 2.777777777777777450e-03 3.916666666666665519e-01 2.777777777777777450e-03 2.777777777777777450e-03 2.777777777777777450e-03 1.138888888888888590e-01 2.777777777777777450e-03 2.777777777777777450e-03
2.391304347826086682e-02 2.173913043478260462e-03 2.173913043478260462e-03 2.173913043478260462e-03 2.173913043478260462e-03 2.173913043478260462e-03 2.173913043478260462e-03 2.173913043478260462e-03 2.173913043478260462e-03 2.173913043478260462e-03 2.173913043478260462e-03 2.173913043478260462e-03 2.391304347826086682e-02 2.173913043478260462e-03 2.173913043478260462e-03 2.173913043478260462e-03 2.173913043478260462e-03 2.173913043478260462e-03 1.543478260869564911e-01 2.173913043478260462e-03 2.630434782608694899e-01 2.173913043478260462e-03 2.173913043478260462e-03 1.760869565217390853e-01 3.065217391304347339e-01 2.173913043478260462e-03 2.173913043478260462e-03 2.173913043478260462e-03 2.173913043478260462e-03 2.173913043478260462e-03
1.804232804232804854e-01 3.227513227513228306e-02 5.291005291005292446e-04 5.291005291005292446e-04 5.291005291005292446e-04 5.291005291005292446e-04 5.291005291005292446e-04 1.111111111111111500e-02 5.291005291005292446e-04 5.873015873015874355e-02 6.931216931216932498e-02 5.291005291005292446e-04 5.820105820105822558e-03 5.291005291005292446e-04 5.291005291005292446e-04 5.291005291005292446e-04 5.820105820105822558e-03 1.433862433862434504e-01 5.291005291005292446e-04 3.227513227513228306e-02 9.576719576719580629e-02 5.291005291005292446e-04 1.111111111111111500e-02 7.989417989417992028e-02 5.291005291005292446e-04 1.380952380952381320e-01 2.169312169312169816e-02 5.291005291005292446e-04 9.576719576719580629e-02 1.111111111111111500e-02
1.234567901234568527e-03 1.234567901234568527e-03 1.234567901234568527e-03 1.234567901234568527e-03 1.234567901234568527e-03 1.234567901234568527e-03 7.530864197530867665e-02 1.234567901234568527e-03 1.234567901234568527e-03 1.234567901234568527e-03 3.827160493827162779e-02 1.234567901234568527e-03 6.296296296296299833e-02 1.234567901234568527e-03 1.234567901234568527e-03 1.234567901234568527e-03 1.864197530864198371e-01 1.000000000000000472e-01 1.234567901234568527e-03 2.592592592592593906e-02 4.456790123456792485e-01 1.234567901234568527e-03 1.234567901234568527e-03 1.234567901234568527e-03 1.234567901234568527e-03 1.358024691358025553e-02 1.234567901234568527e-03 2.592592592592593906e-02 1.234567901234568527e-03 1.234567901234568527e-03
1.109374999999999667e-01 2.359374999999999389e-01 1.562499999999999653e-03 1.562499999999999653e-03 1.562499999999999653e-03 1.718749999999999792e-02 1.562499999999999653e-03 1.562499999999999653e-03 1.562499999999999653e-03 1.562499999999999653e-03 1.562499999999999653e-03 1.718749999999999792e-02 1.562499999999999653e-03 1.562499999999999653e-03 1.562499999999999653e-03 1.562499999999999653e-03 1.562499999999999653e-03 1.562499999999999653e-03 1.562499999999999653e-03 1.562499999999999653e-03 2.984374999999999667e-01 1.562499999999999653e-03 1.562499999999999653e-03 2.359374999999999389e-01 1.562499999999999653e-03 1.562499999999999653e-03 1.562499999999999653e-03 1.562499999999999653e-03 4.843749999999998751e-02 1.562499999999999653e-03
1.265822784810127040e-03 1.265822784810127040e-03 1.265822784810127040e-03 1.265822784810127040e-03 1.392405063291139895e-02 1.265822784810127040e-03 1.265822784810127040e-03 1.265822784810127040e-03 2.658227848101266805e-02 4.063291139240507999e-01 3.924050632911393888e-02 1.265822784810127040e-03 1.265822784810127040e-03 3.924050632911393888e-02 1.265822784810127040e-03 1.265822784810127040e-03 1.265822784810127040e-03 1.265822784810127040e-03 3.924050632911393888e-02 1.265822784810127040e-03 1.531645569620253555e-01 1.265822784810127040e-03 1.265822784810127040e-03 1.911392405063291888e-01 1.265822784810127040e-03 1.265822784810127040e-03 6.455696202531648054e-02 1.265822784810127040e-03 1.265822784810127040e-03 1.265822784810127040e-03
6.896551724137932673e-04 9.724137931034484983e-02 6.896551724137932673e-04 2.827586206896551962e-02 6.896551724137932673e-04 6.896551724137932673e-04 2.137931034482759216e-02 8.344827586206897407e-02 6.896551724137932673e-04 6.896551724137932673e-04 1.800000000000000488e-01 7.586206896551725941e-03 6.896551724137932673e-04 3.517241379310345056e-02 6.896551724137932673e-04 6.896551724137932673e-04 2.827586206896551962e-02 2.137931034482759216e-02 6.896551724137932673e-04 7.586206896551725941e-03 1.868965517241379659e-01 2.827586206896551962e-02 6.896551724137932673e-04 9.724137931034484983e-02 6.896551724137932673e-04 1.179310344827586565e-01 6.896551724137932673e-04 7.586206896551725941e-03 4.206896551724138844e-02 6.896551724137932673e-04
