7.518796992481203458e-04 7.518796992481203458e-04 7.518796992481203458e-04 3.315789473684210842e-01 1.578947368421052683e-02 7.518796992481203458e-04 7.518796992481203458e-04 7.518796992481203458e-04 7.518796992481203458e-04 8.270676691729324237e-03 7.518796992481203458e-04 7.518796992481203458e-04 1.661654135338345994e-01 7.518796992481203458e-04 7.518796992481203458e-04 7.518796992481203458e-04 1.285714285714285865e-01 7.518796992481203458e-04 3.082706766917292854e-02 1.586466165413533969e-01 7.518796992481203458e-04 7.518796992481203458e-04 1.060150375939849648e-01 7.518796992481203458e-04 8.270676691729324237e-03 7.518796992481203458e-04 2.330827067669172942e-02 7.518796992481203458e-04 8.270676691729324237e-03 7.518796992481203458e-04
1.754385964912280301e-03 1.754385964912280301e-03 1.754385964912280301e-03 1.754385964912280301e-03 1.754385964912280301e-03 1.596491228070174850e-01 1.754385964912280301e-03 1.754385964912280301e-03 1.754385964912280301e-03 1.754385964912280301e-03 1.754385964912280301e-03 3.526315789473683515e-01 1.754385964912280301e-03 5.438596491228069041e-02 1.754385964912280301e-03 1.754385964912280301e-03 1.771929824561402911e-01 1.929824561403508526e-02 1.929824561403508526e-02 1.754385964912280301e-03 1.754385964912280301e-03 1.929824561403508526e-02 1.754385964912280301e-03 1.754385964912280301e-03 1.754385964912280301e-03 8.947368421052628862e-02 1.754385964912280301e-03 1.754385964912280301e-03 1.754385964912280301e-03 7.192982456140348257e-02
1.448763250883391800e-02 3.886925795053002876e-03 3.533568904593638879e-04 1.095406360424028107e-02 3.533568904593638879e-04 3.533568904593638879e-04 3.215547703180211131e-02 3.533568904593638879e-04 3.533568904593638879e-04 3.533568904593638879e-04 3.533568904593638879e-04 1.095406360424028107e-02 3.886925795053002876e-03 3.533568904593638879e-04 3.533568904593638879e-04 3.533568904593638879e-04 6.395759717314486448e-02 3.533568904593638879e-04 3.533568904593638879e-04 2.547703180212013696e-01 1.448763250883391800e-02 3.678445229681978068e-01 3.533568904593638879e-04 3.533568904593638879e-04 3.533568904593638879e-04 6.395759717314486448e-02 1.452296819787985693e-01 7.420494699646641538e-03 3.533568904593638879e-04 3.533568904593638879e-04
4.769230769230770745e-02 1.538461538461538894e-03 1.538461538461538894e-03 1.538461538461538894e-03 1.538461538461538894e-03 2.169230769230769684e-01 1.538461538461538894e-03 1.538461538461538894e-03 1.538461538461538894e-03 1.538461538461538894e-03 2.784615384615385381e-01 1.538461538461538894e-03 1.538461538461538894e-03 1.538461538461538894e-03 1.538461538461538894e-03 1.538461538461538894e-03 1.538461538461538894e-03 1.538461538461538894e-03 1.538461538461538894e-03 1.538461538461538894e-03 1.692307692307692957e-02 1.538461538461538894e-03 1.538461538461538894e-03 1.538461538461538894e-03 6.307692307692308598e-02 3.400000000000000799e-01 1.538461538461538894e-03 1.538461538461538894e-03 1.538461538461538894e-03 1.538461538461538894e-03
5.503875968992248680e-02 1.627906976744186371e-02 7.751937984496126092e-04 7.751937984496126092e-04 7.751937984496126092e-04 1.248062015503876299e-01 1.248062015503876299e-01 7.751937984496126092e-04 7.751937984496126092e-04 1.627906976744186371e-02 7.751937984496126092e-04 7.751937984496126092e-04 7.751937984496126092e-04 8.527131782945739785e-03 3.178294573643411502e-02 3.178294573643411502e-02 1.627906976744186371e-02 7.751937984496126092e-04 7.751937984496126092e-04 7.751937984496126092e-04 7.751937984496126092e-04 1.627906976744186371e-02 7.751937984496126092e-04 7.751937984496126092e-04 1.713178294573644012e-01 7.751937984496126092e-04 7.751937984496126092e-04 2.403100775193799110e-02 3.496124031007752930e-01 7.751937984496126092e-04
1.047826086956521741e-01 6.565217391304348227e-02 4.347826086956521900e-04 4.782608695652174578e-03 4.347826086956521900e-04 7.869565217391305545e-02 4.347826086956521900e-04 4.347826086956521900e-04 9.130434782608696370e-03 1.347826086956521729e-02 4.347826086956521900e-04 4.347826086956521900e-04 4.347826086956521900e-04 4.347826086956521900e-04 1.178260869565217472e-01 4.782608695652174578e-03 4.826086956521739163e-02 4.347826086956521900e-04 4.347826086956521900e-04 4.347826086956521900e-04 4.347826086956521900e-04 4.347826086956521900e-04 4.347826086956521900e-04 1.265217391304347960e-01 4.347826086956521900e-04 1.004347826086956635e-01 7.869565217391305545e-02 1.178260869565217472e-01 1.134782608695652228e-01 9.130434782608696370e-03
3.649635036496350678e-04 3.649635036496350678e-04 3.649635036496350678e-04 3.649635036496350678e-04 7.664233576642335774e-03 3.649635036496350678e-04 7.335766423357664712e-02 3.649635036496350678e-04 3.649635036496350678e-04 3.649635036496350678e-04 4.200729927007298969e-01 3.649635036496350678e-04 3.649635036496350678e-04 1.427007299270073026e-01 3.649635036496350678e-04 3.649635036496350678e-04 3.649635036496350678e-04 1.131386861313868689e-02 1.496350364963503453e-02 3.649635036496350678e-04 1.062043795620438019e-01 3.649635036496350678e-04 3.649635036496350678e-04 3.649635036496350678e-04 7.335766423357664712e-02 2.591240875912408786e-02 3.649635036496350678e-04 3.321167883211678662e-02 2.591240875912408786e-02 5.875912408759124267e-02
3.968253968253968793e-04 3.968253968253968793e-04 3.968253968253968793e-04 3.968253968253968793e-04 5.595238095238095483e-02 3.214285714285714662e-02 4.365079365079366051e-03 5.198412698412698679e-02 2.420634920634920709e-02 5.595238095238095483e-02 1.948412698412698707e-01 3.968253968253968793e-04 3.968253968253968793e-04 3.968253968253968793e-04 3.968253968253968793e-04 1.313492063492063822e-01 3.968253968253968793e-04 3.968253968253968793e-04 3.968253968253968793e-04 3.968253968253968793e-04 3.968253968253968793e-04 3.968253968253968793e-04 3.968253968253968793e-04 1.230158730158730299e-02 9.563492063492065598e-02 9.563492063492065598e-02 3.968253968253968793e-04 2.384920634920635329e-01 3.968253968253968793e-04 3.968253968253968793e-04
9.813084112149534147e-03 2.850467289719626346e-02 5.140186915887851385e-03 4.672897196261682979e-04 1.546728971962617050e-01 5.140186915887851385e-03 2.060747663551402153e-01 4.672897196261682979e-04 1.448598130841121691e-02 4.672897196261682979e-04 4.672897196261682979e-04 2.668224299065420912e-01 4.672897196261682979e-04 5.140186915887851385e-03 4.672897196261682979e-04 4.672897196261682979e-04 4.672897196261682979e-04 4.672897196261682979e-04 4.672897196261682979e-04 4.672897196261682979e-04 4.672897196261682979e-04 5.140186915887851385e-03 3.785046728971962898e-02 3.785046728971962898e-02 7.056074766355141525e-02 1.172897196261682429e-01 2.850467289719626346e-02 4.672897196261682979e-04 4.672897196261682979e-04 4.672897196261682979e-04
4.329004329004330085e-04 4.329004329004330085e-04 3.506493506493506968e-02 9.090909090909093937e-03 4.329004329004330085e-04 1.519480519480519987e-01 1.822510822510823025e-01 4.329004329004330085e-04 4.329004329004330085e-04 3.506493506493506968e-02 1.562770562770563199e-01 1.774891774891775020e-02 4.329004329004330085e-04 2.818181818181818565e-01 4.761904761904763202e-03 1.043290043290043545e-01 4.329004329004330085e-04 4.329004329004330085e-04 4.329004329004330085e-04 4.329004329004330085e-04 4.329004329004330085e-04 9.090909090909093937e-03 4.329004329004330085e-04 4.761904761904763202e-03 4.329004329004330085e-04 4.329004329004330085e-04 4.329004329004330085e-04 4.329004329004330085e-04 4.329004329004330085e-04 4.329004329004330085e-04
1.369863013698629931e-03 1.369863013698629931e-03 1.369863013698629931e-03 1.369863013698629931e-03 1.506849315068493032e-02 1.369863013698629931e-03 6.986301369863011368e-02 1.506849315068493032e-02 1.369863013698629931e-03 1.369863013698629931e-03 3.712328767123287410e-01 1.506849315068493032e-02 1.369863013698629931e-03 1.369863013698629931e-03 1.369863013698629931e-03 1.369863013698629931e-03 8.356164383561641429e-02 1.369863013698629931e-03 1.369863013698629931e-03 1.369863013698629931e-03 1.369863013698629931e-03 4.246575342465752634e-02 1.369863013698629931e-03 1.369863013698629931e-03 1.506849315068493032e-02 1.369863013698629931e-03 8.356164383561641429e-02 1.246575342465753161e-01 1.369863013698629931e-03 1.383561643835616028e-01
3.728813559322032792e-03 3.389830508474575414e-04 3.389830508474575414e-04 3.389830508474575414e-04 7.118644067796608098e-03 3.389830508474575414e-04 9.186440677966098423e-02 3.389830508474575414e-04 7.118644067796608098e-03 2.406779661016947985e-02 3.389830508474575414e-04 3.389830508474575414e-04 3.389830508474575414e-04 3.728813559322032792e-03 8.169491525423726308e-02 3.359322033898303750e-01 1.050847457627118210e-02 1.054237288135592837e-01 3.389830508474575414e-04 3.389830508474575414e-04 4.440677966101692908e-02 3.389830508474575414e-04 1.389830508474575697e-02 1.325423728813558966e-01 7.118644067796608098e-03 3.389830508474575414e-04 9.525423728813556257e-02 3.084745762711862960e-02 3.389830508474575414e-04 3.389830508474575414e-04
3.703703703703702978e-04 3.703703703703702978e-04 3.703703703703702978e-04 4.851851851851850944e-02 3.703703703703702978e-04 3.703703703703702978e-04 5.592592592592591366e-02 2.259259259259258773e-02 3.703703703703702978e-04 3.703703703703702978e-04 1.148148148148147966e-02 4.074074074074073709e-03 3.703703703703702978e-04 3.703703703703702978e-04 2.259259259259258773e-02 3.703703703703702978e-04 1.448148148148147851e-01 3.740740740740739617e-02 3.703703703703702978e-04 3.703703703703702978e-04 3.703703703703702978e-04 2.559259259259258346e-01 1.855555555555555292e-01 3.703703703703702978e-04 5.222222222222221155e-02 4.111111111111109828e-02 1.114814814814814592e-01 3.703703703703702978e-04 3.703703703703702978e-04 3.703703703703702978e-04
1.886792452830188477e-03 1.886792452830188477e-03 1.886792452830188477e-03 1.150943396226414839e-01 1.886792452830188477e-03 1.886792452830188477e-03 1.886792452830188477e-03 1.886792452830188477e-03 1.886792452830188477e-03 5.849056603773584301e-02 1.886792452830188477e-03 2.075471698113207433e-02 1.886792452830188477e-03 2.075471698113207433e-02 1.886792452830188477e-03 1.886792452830188477e-03 9.622641509433960127e-02 1.886792452830188477e-03 1.886792452830188477e-03 2.283018867924527795e-01 1.886792452830188477e-03 4.169811320754716610e-01 1.886792452830188477e-03 1.886792452830188477e-03 1.886792452830188477e-03 1.886792452830188477e-03 1.886792452830188477e-03 1.886792452830188477e-03 1.886792452830188477e-03 1.886792452830188477e-03
1.836363636363635976e-01 1.818181818181817963e-03 1.818181818181817963e-03 3.818181818181817788e-02 5.636363636363635882e-02 1.818181818181817963e-03 1.818181818181817963e-03 1.818181818181817963e-03 5.636363636363635882e-02 1.818181818181817963e-03 1.818181818181817963e-03 1.818181818181817963e-03 1.818181818181817963e-03 1.818181818181817963e-03 1.818181818181817963e-03 1.818181818181817963e-03 2.018181818181817855e-01 3.818181818181817788e-02 1.818181818181817963e-03 1.818181818181817963e-03 1.818181818181817963e-03 1.472727272727272496e-01 1.109090909090908877e-01 1.818181818181817963e-03 1.818181818181817963e-03 1.818181818181817963e-03 1.818181818181817963e-03 9.272727272727271375e-02 3.818181818181817788e-02 1.818181818181817963e-03
9.619047619047621511e-02 9.523809523809527054e-04 9.523809523809527054e-04 1.533333333333333770e-01 9.523809523809527054e-04 9.523809523809527054e-04 1.047619047619047922e-02 9.523809523809527054e-04 9.523809523809527054e-04 9.523809523809527054e-04 2.000000000000000736e-02 9.523809523809527054e-04 4.857142857142857789e-02 9.523809523809527054e-04 9.523809523809527054e-04 9.523809523809527054e-04 3.342857142857144082e-01 9.523809523809527054e-04 9.523809523809527054e-04 1.047619047619047922e-02 9.523809523809527054e-04 9.523809523809527054e-04 1.723809523809524402e-01 2.000000000000000736e-02 9.523809523809527054e-04 9.523809523809527054e-04 9.523809523809527054e-04 9.523809523809527054e-04 9.523809523809527054e-04 1.152380952380952644e-01
1.161538461538462047e-01 2.384615384615385719e-02 7.692307692307696638e-04 3.930769230769232681e-01 7.692307692307696638e-04 7.692307692307696638e-04 1.161538461538462047e-01 7.692307692307696638e-04 7.692307692307696638e-04 7.692307692307696638e-04 6.230769230769233474e-02 7.692307692307696638e-04 7.692307692307696638e-04 7.692307692307696638e-04 7.692307692307696638e-04 7.692307692307696638e-04 1.776923076923077882e-01 7.692307692307696638e-04 7.692307692307696638e-04 7.692307692307696638e-04 8.538461538461541989e-02 7.692307692307696638e-04 7.692307692307696638e-04 8.461538461538466518e-03 7.692307692307696638e-04 7.692307692307696638e-04 7.692307692307696638e-04 7.692307692307696638e-04 7.692307692307696638e-04 7.692307692307696638e-04
8.064516129032260226e-04 8.064516129032260226e-04 8.064516129032260226e-04 2.500000000000000486e-02 3.306451612903226617e-02 1.540322580645161754e-01 8.145161290322582015e-02 8.064516129032260226e-04 8.064516129032260226e-04 1.693548387096774702e-02 8.870967741935487441e-03 8.064516129032260226e-04 8.870967741935487441e-03 8.064516129032260226e-04 8.064516129032260226e-04 8.064516129032260226e-04 5.088709677419356314e-01 2.500000000000000486e-02 8.064516129032260226e-04 8.064516129032260226e-04 8.064516129032260226e-04 8.870967741935487441e-03 8.870967741935487441e-03 8.064516129032260226e-04 1.693548387096774702e-02 6.532258064516130447e-02 8.870967741935487441e-03 8.064516129032260226e-04 1.693548387096774702e-02 8.064516129032260226e-04
6.535947712418302370e-04 6.535947712418302370e-04 6.535947712418302370e-04 6.535947712418302370e-04 6.535947712418302370e-04 6.535947712418302370e-04 2.026143790849673637e-02 7.189542483660132932e-03 3.333333333333333981e-02 6.535947712418302370e-04 6.535947712418302370e-04 6.535947712418302370e-04 1.183006535947712795e-01 6.535947712418302370e-04 6.535947712418302370e-04 6.535947712418302370e-04 3.986928104575163806e-02 6.535947712418302370e-04 4.058823529411765829e-01 8.562091503267975356e-02 6.535947712418302370e-04 8.562091503267975356e-02 7.908496732026144838e-02 6.535947712418302370e-04 6.535947712418302370e-04 6.535947712418302370e-04 5.294117647058824150e-02 3.333333333333333981e-02 2.679738562091503462e-02 6.535947712418302370e-04
1.492307692307692502e-01 5.128205128205129285e-04 1.076923076923077052e-02 5.128205128205129285e-04 2.825641025641026371e-01 5.128205128205129285e-04 5.128205128205129285e-04 5.128205128205129285e-04 3.128205128205128333e-02 5.128205128205129285e-04 5.641025641025642322e-03 5.128205128205129285e-04 5.128205128205129285e-04 5.128205128205129285e-04 5.128205128205129285e-04 1.076923076923077052e-02 5.128205128205129285e-04 5.128205128205129285e-04 5.128205128205129285e-04 1.697435897435897734e-01 5.128205128205129285e-04 9.282051282051284602e-02 5.128205128205129285e-04 1.589743589743590133e-02 5.128205128205129285e-04 5.128205128205129285e-04 1.287179487179487547e-01 8.769230769230770828e-02 5.641025641025642322e-03 5.128205128205129285e-04
2.824858757062145907e-04 2.570621468926552813e-02 2.824858757062145907e-04 2.403954802259886114e-01 2.570621468926552813e-02 2.824858757062145907e-04 5.395480225988699002e-02 2.824858757062145907e-04 2.824858757062145907e-04 2.824858757062145907e-04 2.824858757062145907e-04 2.824858757062145907e-04 9.067796610169488736e-02 5.932203389830506893e-03 2.824858757062145907e-04 2.824858757062145907e-04 5.932203389830506893e-03 1.158192090395479719e-02 2.824858757062145907e-04 3.110169491525422436e-01 2.288135593220338299e-02 2.824858757062145907e-04 1.132768361581920624e-01 1.158192090395479719e-02 2.824858757062145907e-04 2.824858757062145907e-04 7.655367231638415815e-02 2.824858757062145907e-04 2.824858757062145907e-04 2.824858757062145907e-04
1.749999999999999334e-01 1.923076923076922750e-03 1.923076923076922750e-03 1.923076923076922750e-03 1.923076923076922750e-03 1.923076923076922750e-03 1.923076923076922750e-03 1.923076923076922750e-03 1.923076923076922750e-03 1.923076923076922750e-03 2.115384615384614808e-02 1.923076923076922750e-03 2.115384615384614808e-02 1.923076923076922750e-03 2.115384615384614808e-02 1.923076923076922750e-03 1.173076923076922656e-01 1.923076923076922750e-03 1.557692307692307154e-01 2.519230769230768607e-01 1.923076923076922750e-03 5.961538461538459788e-02 1.923076923076922750e-03 2.115384615384614808e-02 1.923076923076922750e-03 1.923076923076922750e-03 1.923076923076922750e-03 1.923076923076922750e-03 9.807692307692304767e-02 2.115384615384614808e-02
9.642857142857146069e-02 1.190476190476191017e-03 1.190476190476191017e-03 3.226190476190477496e-01 1.190476190476191017e-03 1.190476190476191017e-03 1.190476190476191017e-03 1.190476190476191017e-03 1.190476190476191017e-03 1.190476190476191017e-03 1.190476190476191017e-03 1.190476190476191017e-03 2.500000000000000833e-02 1.190476190476191017e-03 1.190476190476191017e-03 1.190476190476191017e-03 2.750000000000001332e-01 1.190476190476191017e-03 1.190476190476191017e-03 1.190476190476191017e-03 4.880952380952382347e-02 1.190476190476191017e-03 1.190476190476191017e-03 1.190476190476191017e-03 1.190476190476191017e-03 1.083333333333333648e-01 1.190476190476191017e-03 1.190476190476191017e-03 1.190476190476191017e-03 9.642857142857146069e-02
8.472222222222226817e-02 1.388888888888889809e-03 1.388888888888889809e-03 9.861111111111116323e-02 8.472222222222226817e-02 1.388888888888889809e-03 1.388888888888889809e-03 2.916666666666668448e-02 1.388888888888889809e-03 1.388888888888889809e-03 1.388888888888889809e-03 1.388888888888889809e-03 1.527777777777778768e-02 1.388888888888889809e-03 2.916666666666668448e-02 1.388888888888889809e-03 4.736111111111114269e-01 1.388888888888889809e-03 1.388888888888889809e-03 1.388888888888889809e-03 1.388888888888889809e-03 1.388888888888889809e-03 1.541666666666667573e-01 1.388888888888889809e-03 1.388888888888889809e-03 1.388888888888889809e-03 1.388888888888889809e-03 1.388888888888889809e-03 1.388888888888889809e-03 1.388888888888889809e-03
1.111111111111111544e-03 1.111111111111111544e-03 1.111111111111111544e-03 3.566666666666667984e-01 1.111111111111111544e-03 3.444444444444445808e-02 1.111111111111111544e-03 1.111111111111111544e-03 1.111111111111111544e-03 1.111111111111111544e-03 1.222222222222222633e-02 1.111111111111111544e-03 1.111111111111111544e-03 1.111111111111111544e-03 9.000000000000002442e-02 1.111111111111111544e-03 1.111111111111111544e-03 1.111111111111111544e-03 1.455555555555556047e-01 1.122222222222222510e-01 4.555555555555556441e-02 1.111111111111111544e-03 1.111111111111111544e-03 1.111111111111111544e-03 2.333333333333334134e-02 1.111111111111111544e-03 1.111111111111111544e-03 1.111111111111111544e-03 1.111111111111111544e-03 1.566666666666667040e-01
1.886792452830188260e-03 1.886792452830188260e-03 1.886792452830188260e-03 3.226415094339621925e-01 1.886792452830188260e-03 1.886792452830188260e-03 2.075471698113207086e-02 3.962264150943395347e-02 1.886792452830188260e-03 1.886792452830188260e-03 1.886792452830188260e-03 1.886792452830188260e-03 5.849056603773583607e-02 1.886792452830188260e-03 1.886792452830188260e-03 1.886792452830188260e-03 1.528301886792452491e-01 1.886792452830188260e-03 1.886792452830188260e-03 1.886792452830188260e-03 1.886792452830188260e-03 2.283018867924527517e-01 1.886792452830188260e-03 1.150943396226414700e-01 1.886792452830188260e-03 1.886792452830188260e-03 1.886792452830188260e-03 1.886792452830188260e-03 2.075471698113207086e-02 1.886792452830188260e-03
1.041666666666667086e-03 1.041666666666667086e-03 1.041666666666667086e-03 3.760416666666667740e-01 1.041666666666667086e-03 1.041666666666667086e-03 1.145833333333333773e-02 1.041666666666667086e-03 1.041666666666667086e-03 1.041666666666667086e-03 1.041666666666667086e-03 1.145833333333333773e-02 1.041666666666667086e-03 1.041666666666667086e-03 1.041666666666667086e-03 1.041666666666667086e-03 3.656250000000001443e-01 1.041666666666667086e-03 1.041666666666667086e-03 1.041666666666667086e-03 1.041666666666667086e-03 1.572916666666667185e-01 1.041666666666667086e-03 1.041666666666667086e-03 1.041666666666667086e-03 1.041666666666667086e-03 1.041666666666667086e-03 2.187500000000000902e-02 1.041666666666667086e-03 3.229166666666667684e-02
2.439024390243902003e-03 2.439024390243902003e-03 2.682926829268292290e-02 1.487804878048780144e-01 2.439024390243902003e-03 2.439024390243902003e-03 5.121951219512194120e-02 2.439024390243902003e-03 2.439024390243902003e-03 2.439024390243902003e-03 2.439024390243902003e-03 2.439024390243902003e-03 2.439024390243902003e-03 2.439024390243902003e-03 2.439024390243902003e-03 2.439024390243902003e-03 2.707317073170731336e-01 2.439024390243902003e-03 2.439024390243902003e-03 1.731707317073170327e-01 1.975609756097560510e-01 5.121951219512194120e-02 2.439024390243902003e-03 2.439024390243902003e-03 2.439024390243902003e-03 2.439024390243902003e-03 2.439024390243902003e-03 2.439024390243902003e-03 2.439024390243902003e-03 2.682926829268292290e-02
4.347826086956522985e-04 4.826086956521739857e-02 4.347826086956522985e-04 4.391304347826088111e-02 8.739130434782611812e-02 4.347826086956522985e-04 1.347826086956522076e-02 6.130434782608697175e-02 4.347826086956522985e-04 4.347826086956522985e-04 4.347826086956522985e-04 4.347826086956522985e-04 4.347826086956522985e-04 4.347826086956522985e-04 4.347826086956522985e-04 1.347826086956522076e-02 2.004347826086957107e-01 4.347826086956522985e-04 4.347826086956522985e-04 2.613043478260870245e-01 4.347826086956522985e-04 4.347826086956522985e-04 4.826086956521739857e-02 3.956521739130435672e-02 4.347826086956522985e-04 7.000000000000002054e-02 1.047826086956522018e-01 4.347826086956522985e-04 4.347826086956522985e-04 4.347826086956522985e-04
4.370967741935483097e-01 1.612903225806451395e-03 1.612903225806451395e-03 1.612903225806451395e-03 1.612903225806451395e-03 1.612903225806451395e-03 1.612903225806451395e-03 1.612903225806451395e-03 1.612903225806451395e-03 1.612903225806451395e-03 1.612903225806451395e-03 3.387096774193548016e-02 1.612903225806451395e-03 1.774193548387096447e-02 1.612903225806451395e-03 1.612903225806451395e-03 3.403225806451612434e-01 1.612903225806451395e-03 1.612903225806451395e-03 1.612903225806451395e-03 1.612903225806451395e-03 3.387096774193548016e-02 1.612903225806451395e-03 1.612903225806451395e-03 1.612903225806451395e-03 1.612903225806451395e-03 9.838709677419352206e-02 1.612903225806451395e-03 1.612903225806451395e-03 1.612903225806451395e-03
2.865329512893981527e-04 1.664756446991403349e-01 1.174785100286532269e-02 2.865329512893981527e-04 1.464183381088824676e-01 3.151862464183379734e-03 2.607449856733522892e-02 2.865329512893981527e-04 8.882521489971342138e-03 2.865329512893981527e-04 8.882521489971342138e-03 2.865329512893981527e-04 8.882521489971342138e-03 2.865329512893981527e-04 2.865329512893981527e-04 3.151862464183379734e-03 1.464183381088824676e-01 2.865329512893981527e-04 2.865329512893981527e-04 1.263610315186245725e-01 6.618911174785097051e-02 1.206303724928366183e-01 8.882521489971342138e-03 2.865329512893981527e-04 2.865329512893981527e-04 8.051575931232088368e-02 6.332378223495699343e-02 2.865329512893981527e-04 2.865329512893981527e-04 2.865329512893981527e-04
2.730769230769230713e-02 3.846153846153846151e-04 3.846153846153846151e-04 4.230769230769231525e-03 2.346153846153846076e-02 3.846153846153846151e-04 6.961538461538462064e-02 3.846153846153846151e-04 3.846153846153846151e-04 3.846153846153846151e-04 4.849999999999999867e-01 4.230769230769231525e-03 3.846153846153846151e-04 5.807692307692307460e-02 1.576923076923076802e-02 3.846153846153846151e-04 3.846153846153846151e-04 3.846153846153846151e-04 3.846153846153846151e-04 3.846153846153846151e-04 1.003846153846153916e-01 3.846153846153846151e-04 3.846153846153846151e-04 3.846153846153846151e-04 1.388461538461538414e-01 3.846153846153846151e-04 3.846153846153846151e-04 6.576923076923077427e-02 3.846153846153846151e-04 3.846153846153846151e-04
1.369863013698630798e-03 1.369863013698630798e-03 1.506849315068493900e-02 1.383561643835616861e-01 1.369863013698630798e-03 4.246575342465755409e-02 1.369863013698630798e-03 1.369863013698630798e-03 1.369863013698630798e-03 1.369863013698630798e-03 1.369863013698630798e-03 1.369863013698630798e-03 1.369863013698630798e-03 1.369863013698630798e-03 1.369863013698630798e-03 1.369863013698630798e-03 3.849315068493152636e-01 1.369863013698630798e-03 1.369863013698630798e-03 1.369863013698630798e-03 5.616438356164385470e-02 2.616438356164385026e-01 6.986301369863015531e-02 1.369863013698630798e-03 1.369863013698630798e-03 1.369863013698630798e-03 1.369863013698630798e-03 1.369863013698630798e-03 1.369863013698630798e-03 1.369863013698630798e-03
2.444444444444443879e-02 2.222222222222221787e-03 2.022222222222221366e-01 2.222222222222221787e-03 2.222222222222221787e-03 2.688888888888887885e-01 2.222222222222221787e-03 2.222222222222221787e-03 2.444444444444443879e-02 2.222222222222221787e-03 2.222222222222221787e-03 2.222222222222221787e-03 2.222222222222221787e-03 2.222222222222221787e-03 2.222222222222221787e-03 2.444444444444443879e-02 3.799999999999998934e-01 2.222222222222221787e-03 2.222222222222221787e-03 2.222222222222221787e-03 2.222222222222221787e-03 2.222222222222221787e-03 2.444444444444443879e-02 2.222222222222221787e-03 2.222222222222221787e-03 2.222222222222221787e-03 2.222222222222221787e-03 2.222222222222221787e-03 2.222222222222221787e-03 2.222222222222221787e-03
3.703703703703702110e-03 3.703703703703702110e-03 3.703703703703702110e-03 3.703703703703702110e-03 3.703703703703702110e-03 8.555555555555551805e-01 3.703703703703702110e-03 3.703703703703702110e-03 3.703703703703702110e-03 3.703703703703702110e-03 3.703703703703702110e-03 3.703703703703702110e-03 3.703703703703702110e-03 3.703703703703702110e-03 3.703703703703702110e-03 3.703703703703702110e-03 4.074074074074072321e-02 3.703703703703702110e-03 3.703703703703702110e-03 3.703703703703702110e-03 3.703703703703702110e-03 3.703703703703702110e-03 3.703703703703702110e-03 3.703703703703702110e-03 3.703703703703702110e-03 3.703703703703702110e-03 3.703703703703702110e-03 3.703703703703702110e-03 3.703703703703702110e-03 3.703703703703702110e-03
3.030303030303028999e-03 3.030303030303028999e-03 3.030303030303028999e-03 3.030303030303028999e-03 3.030303030303028999e-03 6.393939393939391813e-01 3.030303030303028999e-03 3.030303030303028999e-03 3.030303030303028999e-03 3.030303030303028999e-03 3.030303030303028999e-03 3.030303030303028999e-03 3.030303030303028999e-03 3.030303030303028999e-03 3.030303030303028999e-03 3.030303030303028999e-03 2.757575757575756459e-01 3.030303030303028999e-03 3.030303030303028999e-03 3.030303030303028999e-03 3.030303030303028999e-03 3.030303030303028999e-03 3.030303030303028999e-03 3.030303030303028999e-03 3.030303030303028999e-03 3.030303030303028999e-03 3.030303030303028999e-03 3.030303030303028999e-03 3.030303030303028999e-03 3.030303030303028999e-03
2.380952380952380733e-03 2.380952380952380733e-03 2.380952380952380733e-03 2.380952380952380733e-03 2.619047619047618763e-02 2.619047619047618763e-02 7.380952380952379710e-02 2.380952380952380733e-03 2.380952380952380733e-03 2.380952380952380733e-03 2.380952380952380733e-03 2.380952380952380733e-03 2.380952380952380733e-03 2.380952380952380733e-03 2.380952380952380733e-03 2.380952380952380733e-03 2.166666666666666186e-01 1.690476190476190022e-01 3.119047619047618514e-01 2.380952380952380733e-03 2.380952380952380733e-03 7.380952380952379710e-02 2.380952380952380733e-03 2.380952380952380733e-03 2.380952380952380733e-03 2.380952380952380733e-03 2.380952380952380733e-03 2.380952380952380733e-03 4.999999999999999584e-02 2.380952380952380733e-03
1.115107913669064615e-02 3.956834532374099885e-03 1.115107913669064615e-02 3.597122302158272918e-04 3.597122302158272918e-04 2.593525179856114304e-01 6.151079136690646570e-02 3.597122302158272918e-04 3.597122302158272918e-04 1.834532374100718982e-02 3.597122302158272918e-04 3.597122302158272918e-04 2.194244604316546166e-02 7.553956834532372586e-03 5.431654676258991510e-02 3.597122302158272918e-04 3.384892086330934524e-01 2.553956834532373349e-02 3.597122302158272918e-04 3.597122302158272918e-04 3.597122302158272918e-04 3.597122302158272918e-04 1.474820143884891625e-02 3.597122302158272918e-04 7.230215827338128121e-02 5.431654676258991510e-02 1.834532374100718982e-02 3.597122302158272918e-04 3.597122302158272918e-04 2.194244604316546166e-02
1.176470588235294665e-03 1.176470588235294665e-03 1.176470588235294665e-03 1.305882352941176994e-01 1.176470588235294665e-03 3.647058823529412963e-02 1.176470588235294665e-03 7.176470588235296655e-02 1.176470588235294665e-03 1.176470588235294665e-03 1.176470588235294665e-03 1.176470588235294665e-03 1.176470588235294665e-03 1.176470588235294665e-03 1.176470588235294665e-03 4.823529411764707064e-02 2.717647058823530748e-01 1.176470588235294665e-03 1.176470588235294665e-03 1.176470588235294665e-03 7.176470588235296655e-02 2.600000000000001199e-01 1.294117647058824067e-02 1.176470588235294665e-03 1.176470588235294665e-03 1.176470588235294665e-03 1.176470588235294665e-03 1.176470588235294665e-03 7.176470588235296655e-02 1.176470588235294665e-03
2.682926829268291943e-02 2.439024390243901570e-03 2.439024390243901570e-03 2.439024390243901570e-03 2.439024390243901570e-03 2.439024390243901570e-03 2.439024390243901570e-03 2.682926829268291943e-02 2.439024390243901570e-03 2.682926829268291943e-02 9.999999999999995004e-02 5.121951219512193426e-02 2.439024390243901570e-03 2.439024390243901570e-03 2.439024390243901570e-03 2.439024390243901570e-03 4.902439024390242706e-01 2.439024390243901570e-03 2.439024390243901570e-03 2.439024390243901570e-03 7.560975609756094562e-02 2.439024390243901570e-03 2.439024390243901570e-03 2.439024390243901570e-03 9.999999999999995004e-02 2.439024390243901570e-03 2.439024390243901570e-03 5.121951219512193426e-02 2.439024390243901570e-03 2.439024390243901570e-03
1.999999999999999608e-03 1.999999999999999608e-03 1.999999999999999608e-03 1.999999999999999608e-03 1.999999999999999608e-03 1.999999999999999608e-03 1.999999999999999608e-03 1.999999999999999608e-03 1.999999999999999608e-03 1.999999999999999608e-03 1.999999999999999608e-03 2.199999999999999525e-02 1.999999999999999608e-03 1.999999999999999608e-03 1.999999999999999608e-03 1.419999999999999596e-01 3.619999999999999329e-01 2.199999999999999525e-02 2.199999999999999525e-02 3.019999999999998797e-01 1.999999999999999608e-03 1.999999999999999608e-03 1.999999999999999608e-03 1.999999999999999608e-03 1.999999999999999608e-03 1.999999999999999608e-03 2.199999999999999525e-02 1.999999999999999608e-03 1.999999999999999608e-03 6.199999999999998568e-02
6.321839080459771762e-03 5.747126436781610200e-04 5.747126436781610200e-04 1.442528735632184200e-01 6.321839080459771762e-03 2.931034482758620996e-02 8.103448275862069894e-02 5.747126436781610200e-04 5.747126436781610200e-04 5.747126436781610200e-04 3.505747126436781907e-02 5.747126436781610200e-04 5.747126436781610200e-04 5.747126436781610200e-04 1.781609195402299173e-02 5.747126436781610200e-04 3.224137931034483096e-01 1.327586206896552157e-01 1.206896551724138261e-02 5.747126436781610200e-04 5.747126436781610200e-04 4.655172413793103731e-02 1.442528735632184200e-01 5.747126436781610200e-04 5.747126436781610200e-04 5.747126436781610200e-04 5.747126436781610200e-04 5.747126436781610200e-04 5.747126436781610200e-04 1.206896551724138261e-02
1.552631578947367974e-01 2.923976608187133473e-04 2.923976608187133473e-04 2.605263157894736059e-01 3.830409356725145154e-02 2.923976608187133473e-04 2.923976608187133473e-04 2.923976608187133473e-04 5.584795321637425758e-02 2.923976608187133473e-04 6.169590643274851932e-02 2.923976608187133473e-04 3.216374269005847254e-03 2.923976608187133473e-04 2.953216374269004851e-02 2.923976608187133473e-04 1.932748538011695161e-01 2.923976608187133473e-04 2.923976608187133473e-04 6.140350877192980728e-03 5.292397660818712324e-02 7.339181286549704974e-02 3.538011695906431719e-02 2.923976608187133473e-04 3.216374269005847254e-03 2.923976608187133473e-04 2.923976608187133473e-04 2.923976608187133473e-04 2.923976608187133473e-04 2.660818713450291417e-02
6.896551724137932673e-04 6.896551724137932673e-04 6.896551724137932673e-04 1.448275862068965948e-02 6.896551724137932673e-04 6.896551724137932673e-04 4.896551724137931938e-02 2.137931034482759216e-02 6.896551724137932673e-04 6.896551724137932673e-04 6.896551724137932673e-04 6.896551724137932673e-04 6.896551724137932673e-04 6.896551724137932673e-04 6.896551724137932673e-04 6.896551724137932673e-04 6.896551724137932673e-04 1.110344827586207256e-01 6.896551724137932673e-04 7.586206896551725941e-03 1.448275862068965948e-02 4.206896551724138844e-02 2.972413793103448887e-01 6.896551724137932673e-04 8.344827586206897407e-02 5.586206896551725032e-02 1.110344827586207256e-01 1.448275862068965948e-02 6.896551724137932673e-04 1.662068965517241870e-01
1.140845070422535357e-01 1.408450704225352405e-03 1.408450704225352405e-03 1.408450704225352405e-03 1.549295774647887688e-02 1.408450704225352405e-03 1.549295774647887688e-02 1.408450704225352405e-03 1.408450704225352405e-03 1.408450704225352405e-03 1.281690140845070658e-01 1.408450704225352405e-03 1.408450704225352405e-03 1.408450704225352405e-03 4.366197183098592671e-02 4.366197183098592671e-02 1.408450704225352405e-03 4.366197183098592671e-02 1.563380281690140983e-01 1.549295774647887688e-02 1.408450704225352405e-03 1.281690140845070658e-01 1.408450704225352405e-03 1.408450704225352405e-03 1.408450704225352405e-03 1.408450704225352405e-03 1.408450704225352405e-03 4.366197183098592671e-02 1.704225352112676284e-01 5.774647887323944295e-02
1.960784313725489735e-03 1.960784313725489735e-03 1.960784313725489735e-03 1.960784313725489735e-03 1.960784313725489735e-03 1.960784313725489735e-03 1.960784313725489735e-03 4.117647058823528661e-02 1.960784313725489735e-03 1.960784313725489735e-03 1.392156862745097534e-01 2.156862745098038839e-02 1.960784313725489735e-03 4.921568627450979561e-01 1.960784313725489735e-03 2.156862745098038839e-02 4.117647058823528661e-02 4.117647058823528661e-02 1.960784313725489735e-03 1.960784313725489735e-03 1.960784313725489735e-03 1.960784313725489735e-03 1.960784313725489735e-03 1.960784313725489735e-03 9.999999999999996392e-02 1.960784313725489735e-03 1.960784313725489735e-03 1.960784313725489735e-03 1.960784313725489735e-03 6.078431372549018136e-02
7.575757575757577919e-04 7.575757575757577919e-04 7.575757575757577919e-04 3.795454545454546302e-01 2.348484848484849036e-02 7.575757575757577919e-04 7.575757575757577919e-04 2.348484848484849036e-02 7.575757575757577919e-04 7.575757575757577919e-04 7.575757575757577919e-04 7.575757575757577919e-04 7.651515151515152213e-02 7.575757575757577919e-04 7.651515151515152213e-02 7.575757575757577919e-04 7.575757575757577919e-04 7.575757575757577919e-04 7.575757575757577919e-04 7.575757575757577919e-04 7.575757575757577919e-04 7.575757575757577919e-04 1.598484848484849064e-01 7.575757575757577919e-04 7.575757575757577919e-04 1.068181818181818399e-01 1.371212121212121715e-01 7.575757575757577919e-04 7.575757575757577919e-04 7.575757575757577919e-04
1.162790697674419022e-03 1.162790697674419022e-03 2.441860465116280077e-02 1.162790697674419022e-03 1.162790697674419022e-03 5.476744186046513807e-01 7.093023255813955819e-02 1.162790697674419022e-03 1.162790697674419022e-03 1.162790697674419022e-03 1.162790697674419022e-03 1.162790697674419022e-03 1.162790697674419022e-03 1.162790697674419022e-03 1.279069767441860968e-02 1.162790697674419022e-03 3.604651162790698665e-02 1.162790697674419022e-03 2.441860465116280077e-02 1.162790697674419022e-03 1.162790697674419022e-03 1.162790697674419022e-03 1.162790697674419022e-03 1.162790697674419022e-03 2.569767441860466017e-01 1.162790697674419022e-03 1.162790697674419022e-03 1.162790697674419022e-03 1.162790697674419022e-03 1.162790697674419022e-03
2.754820936639117666e-04 6.639118457300273446e-02 3.608815426997243753e-02 2.754820936639117666e-04 1.214876033057850913e-01 2.754820936639117666e-04 1.129476584022038113e-02 6.363636363636361593e-02 1.404958677685949793e-02 2.754820936639117666e-04 2.754820936639117666e-04 2.754820936639117666e-04 2.754820936639117666e-04 2.754820936639117666e-04 2.754820936639117666e-04 2.754820936639117666e-04 3.030303030303029433e-03 1.049586776859503801e-01 1.159779614325068542e-01 1.269972451790633283e-01 2.754820936639117666e-04 2.754820936639117666e-04 1.765840220385674342e-01 1.404958677685949793e-02 2.754820936639117666e-04 2.754820936639117666e-04 1.380165289256198025e-01 2.754820936639117666e-04 3.030303030303029433e-03 2.754820936639117666e-04
3.003003003003003411e-04 9.309309309309309055e-03 3.333333333333333287e-02 3.003003003003003411e-04 1.774774774774774688e-01 3.003003003003003411e-04 1.531531531531531501e-02 3.003003003003003411e-04 3.003003003003003411e-04 1.831831831831831625e-02 3.003003003003003411e-04 6.306306306306306945e-03 3.003003003003003411e-04 3.003003003003003411e-04 3.003003003003003411e-04 2.432432432432432221e-02 3.003003003003003411e-04 3.003003003003003411e-04 3.003003003003003411e-04 2.555555555555555358e-01 3.003003003003003411e-04 3.003003003003003411e-04 1.831831831831831625e-02 4.534534534534534478e-02 1.594594594594594683e-01 3.003003003003003411e-04 2.225225225225224979e-01 6.306306306306306945e-03 3.003003003003003411e-04 3.303303303303303535e-03
7.352941176470590302e-04 5.220588235294118529e-02 1.544117647058823942e-02 1.036764705882353144e-01 7.352941176470590302e-04 7.352941176470590302e-04 7.352941176470590302e-04 7.352941176470590302e-04 7.352941176470590302e-04 7.352941176470590302e-04 7.352941176470590302e-04 8.088235294117649549e-03 1.330882352941176738e-01 7.352941176470590302e-04 7.352941176470590302e-04 7.352941176470590302e-04 1.919117647058823928e-01 7.352941176470590302e-04 2.213235294117647523e-01 1.625000000000000333e-01 7.352941176470590302e-04 7.352941176470590302e-04 7.352941176470590302e-04 7.352941176470590302e-04 7.352941176470590302e-04 7.352941176470590302e-04 7.352941176470590302e-04 7.352941176470590302e-04 7.352941176470590302e-04 9.632352941176472449e-02
4.237288135593221300e-04 4.237288135593221300e-04 4.661016949152543484e-03 4.237288135593221300e-04 7.245762711864407735e-02 3.432203389830508489e-02 3.855932203389830781e-02 4.237288135593221300e-04 4.237288135593221300e-04 4.237288135593221300e-04 4.237288135593221300e-04 4.237288135593221300e-04 4.237288135593221300e-04 4.237288135593221300e-04 3.855932203389830781e-02 4.237288135593221300e-04 4.661016949152543484e-03 5.127118644067796965e-02 4.237288135593221300e-04 1.313559322033898587e-02 4.237288135593221300e-04 2.122881355932203784e-01 4.237288135593221300e-04 1.313559322033898587e-02 1.911016949152542777e-01 6.822033898305086830e-02 2.377118644067796882e-01 1.313559322033898587e-02 4.237288135593221300e-04 4.237288135593221300e-04
4.977578475336322944e-02 4.932735426008969144e-03 4.484304932735426051e-04 1.125560538116592013e-01 9.910313901345292609e-02 4.484304932735426051e-04 4.484304932735426051e-04 4.484304932735426051e-04 4.484304932735426051e-04 1.798206278026905913e-01 5.426008968609865452e-02 4.484304932735426051e-04 4.977578475336322944e-02 4.484304932735426051e-04 4.484304932735426051e-04 4.484304932735426051e-04 4.484304932735426051e-04 9.910313901345292609e-02 6.322869955156951161e-02 4.932735426008969144e-03 4.484304932735426051e-04 4.484304932735426051e-04 2.560538116591928315e-01 4.484304932735426051e-04 4.484304932735426051e-04 4.484304932735426051e-04 4.484304932735426051e-04 4.484304932735426051e-04 1.838565022421524350e-02 4.484304932735426051e-04
