3.164556962025315431e-04 9.208860759493668613e-02 3.829113924050631113e-02 3.164556962025315431e-04 3.164556962025315431e-04 3.164556962025315431e-04 1.047468354430379361e-01 3.164556962025315431e-04 3.164556962025315431e-04 3.164556962025315431e-04 3.164556962025315431e-04 3.164556962025315431e-04 3.164556962025315431e-04 3.164556962025315431e-04 3.164556962025315431e-04 1.930379746835442223e-02 3.164556962025315431e-04 3.164556962025315431e-04 6.174050632911389780e-01 1.174050632911392000e-01 3.164556962025315431e-04 3.164556962025315431e-04 3.164556962025315431e-04 3.164556962025315431e-04 3.164556962025315431e-04 3.164556962025315431e-04 3.164556962025315431e-04 3.481012658227847136e-03 3.164556962025315431e-04 3.164556962025315431e-04
3.584229390681003039e-04 3.584229390681003039e-04 1.724014336917562562e-01 3.584229390681003039e-04 3.942652329749103506e-03 1.043010752688171838e-01 1.473118279569892164e-01 3.584229390681003039e-04 3.584229390681003039e-04 3.584229390681003039e-04 3.584229390681003039e-04 3.584229390681003039e-04 1.111111111111110980e-02 1.469534050179211078e-02 3.584229390681003039e-04 3.584229390681003039e-04 1.469534050179211078e-02 3.584229390681003039e-04 3.584229390681003039e-04 3.978494623655912804e-02 7.526881720430106219e-03 7.921146953405017177e-02 3.584229390681003039e-04 3.584229390681003039e-04 3.942652329749103506e-03 3.584229390681003039e-04 3.121863799283153273e-01 3.584229390681003039e-04 4.695340501792113347e-02 3.620071684587812533e-02
4.219409282700422020e-04 4.219409282700422020e-04 1.396624472573839704e-01 9.324894514767932685e-02 5.105485232067510232e-02 2.573839662447257107e-02 1.987341772151898778e-01 4.219409282700422020e-04 4.219409282700422020e-04 4.219409282700422020e-04 4.219409282700422020e-04 4.219409282700422020e-04 5.949367088607594722e-02 4.219409282700422020e-04 4.641350210970464872e-03 6.793248945147679907e-02 1.396624472573839704e-01 4.219409282700422020e-04 4.219409282700422020e-04 4.219409282700422020e-04 4.219409282700422020e-04 4.219409282700422020e-04 4.219409282700422020e-04 4.219409282700422020e-04 4.219409282700422020e-04 4.219409282700422020e-04 2.995780590717299352e-02 4.219409282700422020e-04 1.818565400843882018e-01 4.219409282700422020e-04
1.661631419939576821e-03 1.074018126888217212e-01 1.510574018126887945e-04 3.942598187311177615e-02 3.172205438066465037e-03 1.557401812688821441e-01 5.755287009063443648e-02 1.510574018126887945e-04 1.510574018126887945e-04 1.510574018126887945e-04 1.510574018126887945e-04 1.510574018126887945e-04 4.546827794561932728e-02 7.703927492447128385e-03 1.374622356495468038e-02 6.963746223564953874e-02 1.510574018126887945e-04 1.510574018126887945e-04 9.214501510574015300e-03 6.057401812688820858e-02 1.510574018126887945e-04 1.510574018126887945e-04 1.661631419939576821e-03 1.510574018126887945e-04 1.510574018126887945e-04 1.510574018126887945e-04 1.827794561933534373e-02 3.989425981873111482e-01 7.703927492447128385e-03 1.510574018126887945e-04
1.173708920187793128e-04 1.173708920187793128e-04 1.173708920187793128e-04 2.301643192488262157e-01 1.173708920187793128e-04 2.278169014084506505e-01 1.068075117370891752e-02 1.173708920187793128e-04 5.058685446009388714e-02 1.173708920187793128e-04 1.291079812206572495e-03 5.058685446009388714e-02 1.173708920187793128e-04 3.063380281690140233e-02 2.007042253521126515e-02 2.019953051643191833e-01 1.537558685446008960e-02 1.173708920187793128e-04 1.291079812206572495e-03 2.007042253521126515e-02 1.173708920187793128e-04 1.173708920187793128e-04 1.173708920187793128e-04 4.812206572769951556e-03 9.507042253521124503e-03 8.579812206572766387e-02 1.537558685446008960e-02 1.173708920187793128e-04 1.173708920187793128e-04 2.241784037558685119e-02
2.309468822170900114e-04 1.203233256351038949e-01 2.309468822170900114e-04 3.949191685912239319e-02 2.101616628175519141e-02 2.381062355658197793e-01 2.794457274826788948e-02 2.309468822170900114e-04 2.309468822170900114e-04 2.309468822170900114e-04 2.794457274826788948e-02 7.159353348729790081e-03 5.334872979214779626e-02 7.159353348729790081e-03 2.540415704387990505e-03 3.718244803695149731e-02 2.540415704387990505e-03 2.309468822170900114e-04 2.309468822170900114e-04 1.177829099307158879e-02 2.309468822170900114e-04 2.309468822170900114e-04 2.309468822170900114e-04 2.309468822170900114e-04 2.309468822170900114e-04 4.180138568129329601e-02 2.309468822170900114e-04 3.443418013856812121e-01 1.408775981524248988e-02 2.309468822170900114e-04
2.881844380403457266e-04 2.881844380403457266e-04 2.510086455331411170e-01 2.881844380403457266e-04 2.881844380403457266e-04 1.181556195965417430e-02 2.596541786743514768e-01 2.881844380403457266e-04 2.881844380403457266e-04 2.881844380403457266e-04 3.170028818443803263e-03 2.881844380403457266e-04 2.622478386167146139e-02 3.198847262247837137e-02 2.881844380403457266e-04 1.270893371757924606e-01 2.881844380403457266e-04 2.881844380403457266e-04 2.881844380403457266e-04 1.270893371757924606e-01 1.469740634005763102e-02 2.881844380403457266e-04 2.881844380403457266e-04 2.881844380403457266e-04 2.881844380403457266e-04 2.881844380403457266e-04 2.881844380403457266e-04 7.809798270893369976e-02 6.368876080691640573e-02 2.881844380403457266e-04
2.162740899357601040e-02 7.516059957173445993e-02 7.730192719486080055e-02 2.355460385438971731e-03 2.141327623126337962e-04 1.029978586723768463e-01 1.993576017130620492e-01 2.141327623126337962e-04 2.141327623126337962e-04 2.141327623126337962e-04 2.141327623126337962e-04 2.141327623126337962e-04 2.141327623126337962e-04 2.141327623126337962e-04 2.355460385438971731e-03 7.301927194860811932e-02 2.141327623126337962e-04 2.141327623126337962e-04 2.141327623126337962e-04 9.871520342612417898e-02 2.141327623126337962e-04 2.141327623126337962e-04 2.141327623126337962e-04 2.141327623126337962e-04 2.141327623126337962e-04 2.141327623126337962e-04 2.355460385438971731e-03 2.999999999999999334e-01 4.089935760171305862e-02 2.141327623126337962e-04
4.287690179806362759e-03 1.383125864453665249e-04 2.780082987551867404e-02 2.641770401106501021e-02 1.383125864453665249e-04 7.759336099585062430e-02 1.135546334716459188e-01 6.099585062240664435e-02 1.383125864453665249e-04 1.950207468879668060e-02 1.521438450899031828e-03 1.383125864453665249e-04 5.670816044260027465e-03 1.396957123098201831e-02 1.383125864453665249e-04 1.799446749654218525e-01 8.437067773167357745e-03 1.383125864453665249e-04 5.670816044260027465e-03 9.419087136929460424e-02 1.383125864453665249e-04 1.521438450899031828e-03 1.521438450899031828e-03 1.120331950207468889e-02 1.383125864453665249e-04 2.904564315352697185e-03 1.383125864453665249e-04 7.897648686030428467e-02 2.629322268326417800e-01 1.383125864453665249e-04
6.578947368421054652e-04 1.388157894736842535e-01 1.388157894736842535e-01 6.578947368421054652e-04 6.578947368421054652e-04 2.039473684210526758e-02 1.059210526315789713e-01 6.578947368421054652e-04 6.578947368421054652e-04 6.578947368421054652e-04 6.578947368421054652e-04 6.578947368421054652e-04 6.578947368421054652e-04 6.578947368421054652e-04 2.039473684210526758e-02 6.578947368421054652e-04 6.578947368421054652e-04 6.578947368421054652e-04 4.940789473684211175e-01 6.578947368421054652e-04 6.578947368421054652e-04 6.578947368421054652e-04 1.381578947368421358e-02 6.578947368421054652e-04 6.578947368421054652e-04 4.013157894736842785e-02 1.381578947368421358e-02 6.578947368421054652e-04 6.578947368421054652e-04 6.578947368421054652e-04
1.934235976789168508e-04 1.123791102514506840e-01 2.168278529980657565e-01 4.061895551257253649e-03 3.307543520309477736e-02 3.887814313346228678e-02 1.317214700193423405e-01 1.934235976789168508e-04 1.934235976789168508e-04 1.760154738878142930e-02 1.934235976789168508e-04 1.123791102514506840e-01 1.934235976789168508e-04 2.127659574468085141e-03 1.934235976789168508e-04 1.934235976789168508e-04 9.864603481624757003e-03 1.934235976789168508e-04 2.864603481624757864e-01 1.934235976789168508e-04 1.934235976789168508e-04 1.934235976789168508e-04 1.934235976789168508e-04 1.934235976789168508e-04 1.934235976789168508e-04 2.127659574468085141e-03 1.934235976789168508e-04 1.934235976789168508e-04 2.920696324951644121e-02 1.934235976789168508e-04
1.672240802675585471e-04 4.698996655518394849e-02 1.521739130434782497e-02 1.672240802675585471e-04 1.672240802675585471e-04 3.193979933110368402e-02 1.672240802675585471e-04 1.672240802675585471e-04 2.692307692307692457e-02 3.511705685618729273e-03 2.692307692307692457e-02 5.183946488294314744e-03 1.672240802675585471e-04 1.672240802675585471e-04 1.672240802675585471e-04 1.322742474916387967e-01 1.672240802675585471e-04 1.672240802675585471e-04 1.672240802675585471e-04 5.033444816053511683e-02 1.839464882943144019e-03 2.692307692307692457e-02 3.511705685618729273e-03 6.856187290969898915e-03 1.672240802675585471e-04 1.672240802675585471e-04 3.095317725752508298e-01 2.693979933110367542e-01 4.030100334448160487e-02 1.672240802675585471e-04
3.703703703703702978e-04 5.592592592592591366e-02 2.781481481481480889e-01 1.518518518518518004e-02 3.703703703703702978e-04 1.040740740740740550e-01 1.518518518518518004e-02 3.703703703703702978e-04 7.074074074074072904e-02 4.074074074074073709e-03 3.703703703703702978e-04 2.522222222222221255e-01 1.888888888888888215e-02 3.703703703703702978e-04 2.259259259259258773e-02 4.111111111111109828e-02 3.703703703703702978e-04 3.703703703703702978e-04 3.703703703703702978e-04 4.074074074074073709e-03 3.703703703703702978e-04 3.703703703703702978e-04 1.888888888888888215e-02 3.703703703703702978e-04 3.703703703703702978e-04 3.703703703703702978e-04 5.592592592592591366e-02 4.074074074074073709e-03 3.703703703703702978e-04 3.370370370370369406e-02
3.246753246753246750e-04 5.227272727272727626e-02 3.246753246753246750e-04 6.818181818181818718e-03 1.006493506493506482e-02 6.525974025974026760e-02 3.246753246753246750e-04 3.246753246753246750e-04 3.246753246753246750e-04 3.571428571428571751e-03 3.246753246753246750e-04 3.246753246753246750e-04 3.603896103896103709e-02 3.246753246753246750e-04 3.246753246753246750e-04 1.626623376623376749e-01 3.246753246753246750e-04 3.246753246753246750e-04 3.571428571428571751e-03 3.246753246753246750e-04 3.246753246753246750e-04 3.246753246753246750e-04 3.246753246753246750e-04 3.246753246753246750e-04 3.246753246753246750e-04 3.246753246753246750e-04 3.246753246753246750e-04 3.246753246753246750e-04 6.529220779220779036e-01 3.246753246753246750e-04
3.984063745019921551e-04 1.000000000000000333e-01 3.227091633466135784e-02 8.366533864541834606e-03 3.984063745019921551e-04 3.984063745019921551e-04 4.382470119521913489e-03 4.023904382470120528e-02 4.382470119521913489e-03 3.984063745019921551e-04 3.984063745019921551e-04 3.984063745019921551e-04 3.984063745019921551e-04 3.984063745019921551e-04 3.984063745019921551e-04 8.007968127490042165e-02 3.984063745019921551e-04 3.984063745019921551e-04 3.984063745019921551e-04 3.948207171314741526e-01 3.984063745019921551e-04 2.031872509960159709e-02 4.382470119521913489e-03 3.984063745019921551e-04 3.984063745019921551e-04 3.984063745019921551e-04 3.984063745019921551e-04 1.557768924302789237e-01 1.478087649402390902e-01 3.984063745019921551e-04
3.875968992248061420e-04 1.515503875968992054e-01 3.875968992248061420e-04 3.875968992248061420e-04 2.058139534883720589e-01 3.875968992248061420e-04 8.178294573643409004e-02 3.139534883720929148e-02 3.875968992248061420e-04 5.465116279069766325e-02 3.875968992248061420e-04 7.403100775193798000e-02 4.263565891472867291e-03 3.875968992248061420e-04 3.875968992248061420e-04 6.627906976744185608e-02 3.875968992248061420e-04 3.875968992248061420e-04 8.139534883720928385e-03 6.240310077519378718e-02 3.875968992248061420e-04 3.875968992248061420e-04 3.875968992248061420e-04 3.875968992248061420e-04 3.875968992248061420e-04 1.244186046511627647e-01 3.875968992248061420e-04 4.302325581395347737e-02 8.565891472868215895e-02 3.875968992248061420e-04
2.222222222222221787e-04 4.022222222222221477e-02 2.222222222222221787e-04 2.222222222222221787e-04 2.222222222222221787e-04 2.222222222222221787e-04 1.402222222222221926e-01 5.799999999999998906e-02 2.222222222222221787e-04 2.244444444444443701e-02 1.577777777777777252e-02 2.444444444444443965e-03 2.222222222222221787e-04 4.466666666666666008e-02 2.222222222222221787e-04 4.466666666666666008e-02 2.222222222222221787e-04 2.222222222222221787e-04 2.222222222222221787e-04 1.002222222222221987e-01 2.222222222222221787e-04 5.577777777777776641e-02 2.222222222222221787e-04 2.222222222222221787e-04 2.222222222222221787e-04 2.222222222222221787e-04 4.466666666666666008e-02 3.357777777777776751e-01 9.133333333333330806e-02 2.222222222222221787e-04
4.975124378109453509e-04 1.597014925373134442e-01 1.049751243781094634e-01 4.975124378109453509e-04 4.029850746268656692e-02 4.975124378109453509e-04 9.004975124378110374e-02 6.019900497512437748e-02 4.975124378109453509e-04 4.975124378109453509e-04 4.975124378109453509e-04 1.796019900497512478e-01 4.975124378109453509e-04 4.975124378109453509e-04 4.975124378109453509e-04 3.532338308457711601e-02 4.975124378109453509e-04 4.975124378109453509e-04 3.089552238805970408e-01 4.975124378109453509e-04 4.975124378109453509e-04 4.975124378109453509e-04 4.975124378109453509e-04 1.044776119402985107e-02 4.975124378109453509e-04 4.975124378109453509e-04 4.975124378109453509e-04 4.975124378109453509e-04 4.975124378109453509e-04 4.975124378109453509e-04
2.691622103386808601e-02 4.295900178253118928e-02 8.930481283422458949e-02 1.782531194295899858e-04 1.782531194295899858e-04 2.156862745098038839e-02 3.048128342245988789e-02 3.226381461675578710e-02 1.782531194295899858e-04 1.178253119429589629e-01 2.156862745098038839e-02 2.335115864527628760e-02 1.782531194295899858e-04 1.782531194295899858e-04 3.761140819964348819e-02 1.303030303030302539e-01 1.782531194295899858e-04 1.782531194295899858e-04 1.782531194295899858e-04 7.504456327985738195e-02 1.782531194295899858e-04 9.999999999999997780e-02 6.613190730837788245e-02 1.782531194295899858e-04 1.978609625668448571e-02 1.960784313725490169e-03 1.782531194295899858e-04 1.782531194295899858e-04 1.588235294117646690e-01 1.960784313725490169e-03
2.434607645875250942e-02 5.452716297786719402e-02 2.213279678068410302e-03 1.830985915492957389e-02 1.227364185110663662e-02 2.496981891348087901e-01 1.048289738430583234e-01 1.830985915492957389e-02 2.012072434607645557e-04 2.012072434607645557e-04 2.012072434607645557e-04 2.012072434607645557e-04 2.233400402414486424e-02 5.452716297786719402e-02 2.012072434607645557e-04 4.044265593561367778e-02 1.830985915492957389e-02 2.012072434607645557e-04 2.213279678068410302e-03 2.837022132796779977e-02 4.225352112676055913e-03 4.225352112676055913e-03 2.213279678068410302e-03 2.012072434607645557e-04 1.227364185110663662e-02 2.012072434607645557e-04 8.249496981891346267e-03 3.160965794768610948e-01 2.012072434607645557e-04 2.012072434607645557e-04
3.708487084870848438e-02 8.136531365313651176e-02 1.845018450184501520e-04 4.630996309963098662e-02 3.874538745387453437e-03 1.108856088560885439e-01 1.071955719557195347e-01 1.845018450184501520e-04 1.845018450184501520e-04 1.845018450184501520e-04 3.339483394833948210e-02 2.029520295202951862e-03 1.863468634686346256e-02 1.845018450184501520e-04 1.125461254612545800e-02 1.477859778597785667e-01 1.845018450184501520e-04 1.845018450184501520e-04 1.845018450184501520e-04 4.077490774907748666e-02 1.845018450184501520e-04 1.845018450184501520e-04 1.845018450184501520e-04 1.845018450184501520e-04 2.029520295202951862e-03 1.845018450184501520e-04 2.880073800738006673e-01 6.660516605166050264e-02 1.845018450184501520e-04 1.845018450184501520e-04
1.878306878306878341e-02 2.910052910052910412e-03 2.645502645502645681e-04 3.730158730158730090e-02 2.645502645502645681e-04 5.052910052910053462e-02 2.013227513227513199e-01 2.936507936507936484e-02 2.645502645502645681e-04 9.285714285714286031e-02 1.084656084656084561e-02 2.645502645502645681e-04 2.645502645502645681e-04 1.084656084656084561e-02 1.878306878306878341e-02 1.246031746031746046e-01 2.645502645502645681e-04 8.201058201058201991e-03 2.910052910052910412e-03 4.259259259259259855e-02 2.910052910052910412e-03 2.645502645502645681e-04 2.645502645502645681e-04 2.645502645502645681e-04 2.645502645502645681e-04 2.645502645502645681e-04 2.645502645502645681e-04 9.285714285714286031e-02 2.489417989417989363e-01 2.645502645502645681e-04
4.310344827586207379e-04 1.038793103448275856e-01 8.232758620689656359e-02 4.310344827586207379e-04 4.310344827586207379e-04 4.310344827586207379e-04 9.525862068965518237e-02 4.310344827586207379e-04 4.310344827586207379e-04 4.310344827586207379e-04 4.310344827586207379e-04 4.353448275862068645e-02 4.310344827586207379e-04 4.310344827586207379e-04 4.310344827586207379e-04 4.353448275862068645e-02 4.310344827586207379e-04 4.310344827586207379e-04 5.090517241379309832e-01 6.939655172413793094e-02 2.198275862068965400e-02 2.198275862068965400e-02 4.310344827586207379e-04 4.310344827586207379e-04 4.310344827586207379e-04 4.310344827586207379e-04 4.310344827586207379e-04 4.310344827586207379e-04 4.310344827586207379e-04 4.310344827586207379e-04
7.518796992481204542e-04 9.097744360902257355e-02 9.849624060150377614e-02 5.338345864661654672e-02 7.518796992481204542e-04 7.518796992481204542e-04 2.488721804511278834e-01 7.518796992481204542e-04 7.518796992481204542e-04 7.518796992481204542e-04 7.518796992481204542e-04 6.090225563909775625e-02 7.518796992481204542e-04 7.518796992481204542e-04 7.518796992481204542e-04 2.330827067669173636e-02 7.518796992481204542e-04 7.518796992481204542e-04 1.736842105263158298e-01 7.518796992481204542e-04 7.518796992481204542e-04 7.518796992481204542e-04 7.518796992481204542e-04 7.518796992481204542e-04 7.518796992481204542e-04 7.518796992481204542e-04 7.518796992481204542e-04 8.270676691729325972e-03 2.263157894736842757e-01 7.518796992481204542e-04
2.028397565922921135e-04 4.482758620689655804e-02 2.028397565922921135e-04 4.259634888438133815e-03 2.028397565922921135e-04 5.496957403651116236e-02 1.077079107505071048e-01 2.028397565922921135e-04 2.028397565922921135e-04 2.028397565922921135e-04 2.028397565922921135e-04 2.028397565922921135e-04 2.028397565922921135e-04 1.440162271805273814e-02 2.231237322515212951e-03 1.462474645030425735e-01 2.028397565922921135e-04 2.028397565922921135e-04 2.028397565922921135e-04 1.440162271805273814e-02 2.028397565922921135e-04 6.916835699797160841e-02 2.028397565922921135e-04 2.028397565922921135e-04 2.028397565922921135e-04 2.028397565922921135e-04 3.592292089249493059e-01 1.726166328600405586e-01 6.288032454361054679e-03 2.028397565922921135e-04
3.105590062111801357e-04 9.658385093167702606e-02 3.105590062111801357e-04 3.105590062111801357e-04 3.105590062111801357e-04 2.515527950310558758e-02 3.105590062111801357e-04 3.105590062111801357e-04 3.416149068322981656e-03 3.105590062111801357e-04 3.105590062111801357e-04 3.105590062111801357e-04 3.105590062111801357e-04 3.105590062111801357e-04 3.105590062111801357e-04 1.959627329192546730e-01 1.273291925465838345e-02 3.105590062111801357e-04 3.105590062111801357e-04 1.583850931677018362e-02 3.105590062111801357e-04 3.105590062111801357e-04 3.105590062111801357e-04 3.136645962732919485e-02 3.105590062111801357e-04 3.105590062111801357e-04 3.105590062111801357e-04 3.105590062111801357e-04 6.121118012422359644e-01 3.105590062111801357e-04
1.527777777777777641e-03 6.263888888888888284e-02 1.388888888888888617e-04 2.598611111111110428e-01 1.388888888888888617e-04 2.390277777777777279e-01 1.388888888888888617e-04 1.388888888888888617e-04 2.513888888888888770e-02 1.388888888888888617e-04 1.388888888888888617e-04 1.388888888888888617e-04 4.305555555555554657e-03 1.388888888888888617e-04 7.513888888888888007e-02 1.793055555555555236e-01 1.958333333333333107e-02 1.388888888888888617e-04 2.916666666666666366e-03 4.319444444444443809e-02 1.388888888888888617e-04 2.513888888888888770e-02 1.388888888888888617e-04 2.513888888888888770e-02 4.305555555555554657e-03 4.305555555555554657e-03 1.388888888888888617e-04 9.861111111111108690e-03 1.388888888888888617e-04 1.680555555555555275e-02
6.711409395973156168e-04 4.093959731543624775e-02 6.778523489932887502e-02 9.463087248322149536e-02 7.382550335570471460e-03 6.711409395973156168e-04 8.120805369127517825e-02 6.711409395973156168e-04 6.711409395973156168e-04 6.711409395973156168e-04 6.711409395973156168e-04 1.818791946308725149e-01 6.711409395973156168e-04 6.711409395973156168e-04 6.711409395973156168e-04 8.791946308724833681e-02 6.711409395973156168e-04 6.711409395973156168e-04 1.483221476510067360e-01 1.409395973154362741e-02 6.711409395973156168e-04 6.711409395973156168e-04 6.711409395973156168e-04 6.711409395973156168e-04 6.711409395973156168e-04 6.711409395973156168e-04 7.382550335570471460e-03 6.711409395973156168e-04 2.557046979865772451e-01 6.711409395973156168e-04
6.493506493506494585e-04 7.142857142857144369e-03 6.493506493506494585e-04 6.493506493506494585e-04 6.493506493506494585e-04 1.824675324675325006e-01 7.142857142857144369e-03 6.493506493506494585e-04 6.493506493506494585e-04 1.305194805194805630e-01 6.493506493506494585e-04 5.259740259740260798e-02 6.493506493506494585e-04 6.493506493506494585e-04 6.493506493506494585e-04 6.493506493506494585e-04 6.493506493506494585e-04 6.493506493506494585e-04 6.493506493506494585e-04 6.493506493506494585e-04 7.142857142857144369e-03 3.961038961038961664e-02 1.240259740259740534e-01 4.610389610389611231e-02 2.012987012987013311e-02 2.538961038961039529e-01 6.493506493506494585e-04 7.142857142857144369e-03 6.558441558441559238e-02 4.610389610389611231e-02
1.898496240601503168e-02 8.665413533834584459e-02 1.879699248120300322e-04 1.879699248120300322e-04 1.879699248120300322e-04 1.618421052631578427e-01 1.879699248120300322e-04 1.334586466165413147e-02 1.879699248120300322e-04 1.879699248120300322e-04 9.586466165413531915e-03 3.026315789473683904e-02 1.879699248120300322e-04 1.879699248120300322e-04 1.879699248120300322e-04 1.618421052631578427e-01 1.879699248120300322e-04 1.879699248120300322e-04 1.879699248120300322e-04 2.462406015037593363e-02 1.879699248120300322e-04 1.522556390977443212e-02 5.093984962406013922e-02 1.334586466165413147e-02 3.947368421052630839e-03 1.879699248120300322e-04 3.159774436090224681e-01 6.597744360902255134e-02 2.067669172932330626e-03 2.274436090225563298e-02
4.449152542372879736e-03 2.563559322033897442e-02 2.775423728813558241e-02 2.118644067796609566e-04 2.118644067796609566e-04 8.686440677966098325e-03 3.328389830508473035e-01 2.118644067796609566e-04 2.330508474576270441e-03 2.330508474576270441e-03 2.118644067796609566e-04 5.741525423728811861e-02 2.118644067796609566e-04 2.118644067796609566e-04 2.118644067796609566e-04 5.741525423728811861e-02 2.118644067796609566e-04 2.118644067796609566e-04 3.688559322033896914e-01 9.766949152542370172e-02 2.118644067796609566e-04 4.449152542372879736e-03 2.118644067796609566e-04 2.118644067796609566e-04 2.118644067796609566e-04 2.118644067796609566e-04 2.330508474576270441e-03 4.449152542372879736e-03 2.118644067796609566e-04 2.118644067796609566e-04
3.891050583657587819e-04 1.206225680933852192e-02 1.984435797665369539e-02 3.891050583657587819e-04 3.891050583657587819e-04 5.486381322957198381e-02 3.891050583657587819e-04 3.891050583657587819e-04 8.599221789883268463e-02 3.891050583657587819e-04 3.891050583657587819e-04 3.891050583657587819e-04 3.891050583657587819e-04 3.891050583657587819e-04 3.891050583657587819e-04 1.404669260700389111e-01 1.210116731517509731e-01 3.891050583657587819e-04 3.891050583657587819e-04 4.280155642023346710e-03 3.891050583657587819e-04 3.891050583657587819e-04 3.891050583657587819e-04 1.988326848249027390e-01 3.891050583657587819e-04 3.891050583657587819e-04 3.891050583657587819e-04 3.891050583657587819e-04 3.544747081712061876e-01 3.891050583657587819e-04
6.548913043478259144e-02 3.016304347826085849e-02 2.989130434782607919e-03 2.717391304347825578e-04 2.717391304347825578e-04 2.717391304347825578e-04 3.345108695652172504e-01 2.717391304347825578e-04 2.717391304347825578e-04 2.717391304347825578e-04 2.717391304347825578e-04 2.717391304347825578e-04 2.717391304347825578e-04 2.989130434782607919e-03 2.717391304347825578e-04 6.820652173913041572e-02 2.717391304347825578e-04 2.989130434782607919e-03 2.448369565217390353e-01 7.092391304347823999e-02 2.989130434782607919e-03 2.717391304347825578e-04 2.717391304347825578e-04 2.717391304347825578e-04 2.717391304347825578e-04 4.918478260869563884e-02 2.717391304347825578e-04 1.089673913043477937e-01 1.114130434782608335e-02 2.717391304347825578e-04
2.173913043478260408e-04 5.021739130434781789e-02 2.173913043478260408e-04 2.173913043478260408e-04 3.065217391304346853e-02 2.847826086956520980e-02 2.045652173913042882e-01 2.173913043478260408e-04 2.173913043478260408e-04 5.456521739130433535e-02 2.173913043478260408e-04 2.195652173913043015e-02 1.326086956521738656e-02 2.173913043478260408e-04 2.173913043478260408e-04 1.197826086956521457e-01 2.173913043478260408e-04 2.173913043478260408e-04 3.676086956521738003e-01 1.108695652173912610e-02 2.173913043478260408e-04 2.173913043478260408e-04 2.173913043478260408e-04 2.173913043478260408e-04 2.173913043478260408e-04 2.173913043478260408e-04 2.173913043478260408e-04 2.173913043478260408e-04 9.152173913043476494e-02 2.391304347826086422e-03
2.028397565922920593e-04 1.097363083164299979e-01 1.440162271805273467e-02 2.028397565922920593e-04 2.028397565922920593e-04 2.231237322515212517e-03 2.070993914807301717e-01 2.028397565922920593e-04 2.231237322515212517e-03 2.028397565922920593e-04 2.028397565922920593e-04 2.860040567951317725e-02 2.231237322515212517e-03 2.028397565922920593e-04 2.028397565922920593e-04 2.860040567951317725e-02 2.028397565922920593e-04 2.028397565922920593e-04 4.951318458417848789e-01 7.931034482758618498e-02 2.231237322515212517e-03 2.028397565922920593e-04 2.028397565922920593e-04 2.028397565922920593e-04 2.028397565922920593e-04 2.028397565922920593e-04 2.028397565922920593e-04 2.251521298174441466e-02 2.028397565922920593e-04 2.231237322515212517e-03
2.873563218390804016e-04 1.382183908045976628e-01 2.873563218390804016e-04 2.873563218390804016e-04 2.873563218390804016e-04 2.873563218390804016e-04 5.488505747126435491e-02 4.051724137931032865e-02 2.873563218390804016e-04 2.873563218390804016e-04 2.873563218390804016e-04 1.752873563218390260e-02 2.873563218390804016e-04 3.160919540229884146e-03 2.873563218390804016e-04 7.212643678160918226e-02 2.873563218390804016e-04 2.873563218390804016e-04 4.025862068965515572e-01 1.583333333333332982e-01 6.034482758620687837e-03 2.873563218390804016e-04 2.873563218390804016e-04 1.008620689655172070e-01 2.873563218390804016e-04 2.873563218390804016e-04 2.873563218390804016e-04 2.873563218390804016e-04 2.873563218390804016e-04 2.873563218390804016e-04
7.236842105263161309e-03 6.578947368421055736e-04 6.578947368421055736e-04 1.381578947368421705e-02 8.618421052631582147e-02 4.013157894736843478e-02 1.453947368421053266e-01 6.578947368421055736e-04 6.578947368421055736e-04 5.986842105263159852e-02 6.578947368421055736e-04 7.302631578947370306e-02 6.578947368421055736e-04 6.578947368421055736e-04 6.578947368421055736e-04 6.578947368421055736e-04 6.578947368421055736e-04 6.578947368421055736e-04 4.480263157894738280e-01 6.578947368421055736e-04 6.578947368421055736e-04 6.578947368421055736e-04 6.578947368421055736e-04 7.236842105263161309e-03 6.578947368421055736e-04 7.236842105263161309e-03 6.578947368421055736e-04 6.578947368421055736e-04 9.934210526315792600e-02 6.578947368421055736e-04
8.291873963515758558e-05 1.319237147595357096e-01 9.203980099502490075e-03 8.291873963515758558e-05 8.291873963515758558e-05 8.291873963515758558e-05 3.656716417910449435e-02 8.291873963515758558e-05 9.121061359867334685e-04 1.998341625207297745e-02 8.291873963515758558e-05 8.291873963515758558e-05 8.291873963515758558e-05 8.291873963515758558e-05 8.291873963515758558e-05 1.998341625207297745e-02 8.291873963515758558e-05 8.291873963515758558e-05 6.758706467661694806e-01 7.968490878938642996e-02 8.291873963515758558e-05 8.291873963515758558e-05 8.291873963515758558e-05 1.741293532338309162e-03 5.058043117744611718e-03 8.291873963515758558e-05 8.291873963515758558e-05 8.291873963515758558e-05 1.583747927031509822e-02 1.741293532338309162e-03
1.915708812260536191e-04 9.770114942528732027e-03 2.509578544061302069e-02 1.915708812260536191e-04 1.934865900383141157e-02 1.915708812260536191e-04 1.017241379310344640e-01 1.915708812260536191e-04 1.915708812260536191e-04 4.233716475095784804e-02 2.107279693486589865e-03 1.496168582375478617e-01 1.915708812260536191e-04 1.915708812260536191e-04 1.551724137931034114e-02 9.406130268199232314e-02 2.107279693486589865e-03 1.915708812260536191e-04 3.967432950191570051e-01 1.915708812260536191e-04 1.168582375478926898e-02 1.915708812260536191e-04 2.126436781609195026e-02 1.915708812260536191e-04 1.915708812260536191e-04 1.915708812260536191e-04 1.915708812260536191e-04 1.915708812260536191e-04 7.873563218390802754e-02 2.701149425287355590e-02
1.744680851063830015e-02 4.255319148936171259e-04 4.255319148936171259e-04 4.255319148936171259e-04 4.255319148936171259e-04 1.323404255319149403e-01 4.255319148936171259e-04 4.255319148936171259e-04 4.255319148936171259e-04 1.451063829787234416e-01 4.255319148936171259e-04 1.110638297872340724e-01 4.255319148936171259e-04 4.255319148936171259e-04 4.255319148936171259e-04 3.021276595744681534e-02 4.255319148936171259e-04 4.255319148936171259e-04 4.255319148936171259e-04 2.595744680851064246e-02 5.148936170212767283e-02 4.255319148936171259e-04 3.025531914893617724e-01 4.255319148936171259e-04 7.702127659574470320e-02 9.829787234042555721e-02 4.255319148936171259e-04 4.255319148936171259e-04 4.255319148936171259e-04 4.255319148936171259e-04
3.174603174603174600e-04 1.622222222222222399e-01 3.174603174603174600e-04 3.492063492063492494e-03 3.174603174603174600e-04 3.174603174603174600e-04 9.841269841269841695e-03 3.174603174603174600e-04 3.174603174603174600e-04 7.015873015873015650e-02 3.174603174603174600e-04 2.253968253968254010e-02 3.174603174603174600e-04 3.174603174603174600e-04 4.476190476190475970e-02 8.603174603174604251e-02 1.749206349206349209e-01 3.174603174603174600e-04 3.174603174603174600e-04 3.174603174603174600e-04 3.174603174603174600e-04 3.492063492063492494e-03 3.174603174603174600e-04 3.174603174603174600e-04 3.492063492063492494e-03 3.174603174603174600e-04 3.174603174603174600e-04 3.174603174603174600e-04 4.130158730158730029e-01 3.174603174603174600e-04
4.366812227074236448e-04 7.467248908296944543e-02 2.100436681222707658e-01 5.283842794759825712e-02 4.366812227074236448e-04 4.366812227074236448e-04 2.362445414847161862e-01 4.366812227074236448e-04 4.366812227074236448e-04 4.366812227074236448e-04 4.366812227074236448e-04 4.366812227074236448e-04 2.227074235807860458e-02 1.353711790393013342e-02 4.366812227074236448e-04 1.445414847161572425e-01 6.593886462882096733e-02 4.366812227074236448e-04 4.366812227074236448e-04 4.803493449781660526e-03 4.366812227074236448e-04 4.366812227074236448e-04 4.366812227074236448e-04 4.366812227074236448e-04 4.366812227074236448e-04 4.366812227074236448e-04 4.366812227074236448e-04 4.366812227074236448e-04 1.489082969432314607e-01 1.790393013100436900e-02
5.405405405405407657e-04 3.297297297297298313e-02 4.221621621621622356e-01 1.302702702702703275e-01 1.135135135135135510e-02 5.405405405405407657e-04 1.135135135135135510e-02 5.405405405405407657e-04 1.518918918918919503e-01 5.405405405405407657e-04 5.405405405405407657e-04 5.405405405405407657e-04 5.405405405405407657e-04 5.405405405405407657e-04 6.000000000000001860e-02 7.081081081081083695e-02 3.297297297297298313e-02 1.675675675675676254e-02 5.405405405405407657e-04 5.405405405405407657e-04 5.945945945945948531e-03 5.405405405405407657e-04 5.405405405405407657e-04 4.378378378378379454e-02 5.405405405405407657e-04 5.405405405405407657e-04 5.405405405405407657e-04 5.405405405405407657e-04 5.405405405405407657e-04 5.405405405405407657e-04
2.114164904862578882e-04 3.615221987315010016e-02 2.114164904862578882e-04 2.114164904862578882e-04 2.114164904862578882e-04 9.323467230443972797e-02 1.207188160676532507e-01 1.778012684989428716e-01 4.439746300211415246e-03 5.940803382663846499e-02 2.114164904862578882e-04 2.114164904862578882e-04 2.114164904862578882e-04 8.477801268498941223e-02 2.114164904862578882e-04 3.192389006342493535e-02 2.980972515856235988e-02 2.114164904862578882e-04 2.114164904862578882e-04 3.088794926004227448e-01 2.114164904862578882e-04 2.114164904862578882e-04 8.668076109936572252e-03 2.769556025369978094e-02 2.114164904862578882e-04 2.325581395348836743e-03 2.114164904862578882e-04 2.114164904862578882e-04 6.553911205073994183e-03 4.439746300211415246e-03
2.770083102493073931e-04 2.797783933518004432e-02 1.609418282548475965e-01 2.135734072022159868e-01 2.770083102493073931e-04 3.905817174515233831e-02 3.047091412742381541e-03 2.770083102493073931e-04 6.121883656509694016e-02 2.770083102493073931e-04 2.770083102493073931e-04 2.770083102493073931e-04 2.770083102493073931e-04 3.351800554016619305e-02 2.770083102493073931e-04 1.858725761772852536e-01 9.168975069252074950e-02 2.770083102493073931e-04 1.135734072022160160e-02 2.770083102493073931e-04 1.135734072022160160e-02 2.770083102493073931e-04 2.770083102493073931e-04 2.770083102493073931e-04 2.770083102493073931e-04 2.770083102493073931e-04 2.770083102493073931e-04 2.770083102493073931e-04 1.415512465373960915e-01 1.412742382271467596e-02
1.512195121951219988e-02 2.975609756097561537e-02 3.126829268292683484e-01 2.297560975609756750e-01 2.000000000000000389e-02 2.487804878048780963e-02 4.926829268292683833e-02 4.878048780487806500e-04 7.365853658536587745e-02 4.878048780487806500e-04 4.878048780487806500e-04 1.512195121951219988e-02 1.024390243902439414e-02 4.878048780487806500e-04 4.878048780487806500e-04 4.878048780487806500e-04 4.878048780487806500e-04 4.878048780487806500e-04 4.878048780487806500e-04 4.878048780487806500e-04 5.414634146341464754e-02 5.902439024390245675e-02 4.878048780487806500e-04 4.878048780487806500e-04 1.024390243902439414e-02 2.975609756097561537e-02 4.878048780487806500e-04 4.878048780487806500e-04 4.878048780487806500e-04 5.902439024390245675e-02
4.255319148936171259e-04 3.446808510638298823e-02 4.089361702127660148e-01 1.663829787234042956e-01 4.255319148936171259e-04 2.170212765957447304e-02 1.744680851063830015e-02 8.936170212765959589e-03 6.000000000000001166e-02 4.255319148936171259e-04 4.255319148936171259e-04 2.170212765957447304e-02 4.255319148936171259e-04 4.255319148936171259e-04 3.021276595744681534e-02 8.553191489361704203e-02 4.255319148936171259e-04 4.255319148936171259e-04 4.255319148936171259e-04 2.170212765957447304e-02 4.255319148936171259e-04 4.255319148936171259e-04 4.255319148936171259e-04 4.255319148936171259e-04 4.255319148936171259e-04 4.255319148936171259e-04 8.978723404255321838e-02 4.255319148936171259e-04 4.255319148936171259e-04 2.595744680851064246e-02
6.802721088435374763e-04 2.789115646258503306e-02 1.231292517006802867e-01 2.047619047619047838e-01 6.802721088435374763e-04 1.843537414965986387e-01 1.027210884353741416e-01 6.802721088435374763e-04 6.802721088435374763e-04 6.802721088435374763e-04 6.802721088435374763e-04 6.802721088435374763e-04 7.482993197278912240e-03 6.802721088435374763e-04 6.802721088435374763e-04 6.802721088435374763e-04 2.659863945578231359e-01 6.802721088435374763e-04 6.802721088435374763e-04 6.802721088435374763e-04 6.802721088435374763e-04 6.802721088435374763e-04 6.802721088435374763e-04 6.802721088435374763e-04 7.482993197278912240e-03 6.802721088435374763e-04 6.802721088435374763e-04 6.802721088435374763e-04 6.190476190476189994e-02 6.802721088435374763e-04
4.405286343612336078e-04 3.568281938325992136e-02 3.000000000000000444e-01 1.502202643171806629e-01 1.370044052863436668e-01 3.127753303964758008e-02 4.845814977973569686e-03 4.405286343612336078e-04 4.405286343612336078e-04 4.405286343612336078e-04 4.405286343612336078e-04 4.405286343612336078e-04 4.405286343612336078e-04 4.845814977973569686e-03 1.806167400881057705e-02 2.246696035242291140e-02 4.405286343612336078e-04 4.405286343612336078e-04 4.845814977973569686e-03 9.251101321585906631e-03 4.405286343612336078e-04 4.405286343612336078e-04 4.405286343612336078e-04 5.770925110132160002e-02 4.405286343612336078e-04 4.405286343612336078e-04 6.651982378854627564e-02 4.405286343612336078e-04 7.092511013215861693e-02 7.973568281938328561e-02
1.972386587771203092e-04 1.757396449704141661e-01 1.972386587771203092e-04 1.972386587771203092e-04 1.972386587771203092e-04 1.972386587771203092e-04 7.514792899408283267e-02 4.142011834319525923e-03 1.972386587771203092e-04 1.972386587771203092e-04 1.972386587771203092e-04 1.086785009861932910e-01 1.400394477317554003e-02 2.169625246548323536e-03 1.972386587771203092e-04 5.147928994082839882e-02 1.972386587771203092e-04 1.972386587771203092e-04 4.913214990138066174e-01 8.086785009861931564e-03 6.331360946745562268e-02 1.972386587771203092e-04 2.169625246548323536e-03 1.972386587771203092e-04 1.972386587771203092e-04 1.972386587771203092e-04 1.972386587771203092e-04 1.972386587771203092e-04 1.972386587771203092e-04 1.972386587771203092e-04
1.864406779661016830e-03 1.086440677966101359e-01 1.694915254237287978e-04 1.694915254237287978e-04 1.694915254237287978e-04 1.694915254237287978e-04 1.035593220338982823e-01 1.542372881355931827e-02 5.254237288135592786e-03 1.694915254237287978e-04 3.915254237288134931e-02 1.711864406779660744e-02 1.542372881355931827e-02 1.694915254237287978e-04 2.728813559322033552e-02 6.966101694915252662e-02 1.694915254237287978e-04 1.694915254237287978e-04 1.694915254237287978e-04 5.949152542372880548e-02 1.694915254237287978e-04 2.050847457627118231e-02 1.694915254237287978e-04 1.542372881355931827e-02 1.694915254237287978e-04 1.694915254237287978e-04 2.408474576271185941e-01 2.561016949152541966e-01 1.864406779661016830e-03 1.694915254237287978e-04
1.801801801801801558e-04 6.864864864864864136e-02 1.801801801801801558e-04 1.801801801801801558e-04 1.801801801801801558e-04 2.180180180180179769e-02 1.981981981981981687e-03 1.801801801801801558e-04 1.801801801801801558e-04 5.585585585585584913e-03 1.801801801801801558e-04 1.801801801801801558e-04 1.801801801801801558e-04 1.801801801801801558e-04 1.801801801801801558e-04 1.803603603603603223e-01 1.801801801801801558e-04 1.801801801801801558e-04 1.801801801801801558e-04 4.702702702702701854e-02 1.801801801801801558e-04 7.387387387387385658e-03 1.801801801801801558e-04 1.801801801801801558e-04 1.479279279279278880e-01 1.801801801801801558e-04 3.749549549549548444e-01 1.209009009009008595e-01 1.819819819819819273e-02 1.981981981981981687e-03
1.291989664082687230e-04 1.821705426356588775e-02 6.589147286821703600e-03 1.291989664082687230e-04 2.713178294573642940e-03 1.719638242894056535e-01 3.888888888888888257e-02 1.291989664082687230e-04 1.291989664082687230e-04 1.291989664082687230e-04 2.713178294573642940e-03 1.291989664082687230e-04 1.291989664082687230e-04 1.291989664082687230e-04 1.291989664082687230e-04 2.288113695090438771e-01 1.291989664082687230e-04 1.291989664082687230e-04 1.291989664082687230e-04 1.950904392764857623e-02 1.291989664082687230e-04 3.759689922480619756e-02 1.291989664082687230e-04 1.291989664082687230e-04 1.291989664082687230e-04 1.291989664082687230e-04 4.405684754521963648e-02 4.174418604651162212e-01 9.173126614987078820e-03 1.291989664082687230e-04
