1.572327044025157155e-04 3.632075471698113095e-02 1.572327044025157155e-04 1.430817610062892764e-02 7.720125786163520298e-02 1.572327044025157155e-04 1.572327044025157155e-04 1.572327044025157155e-04 2.531446540880502930e-02 2.374213836477986894e-02 1.572327044025157155e-04 1.729559748427672789e-03 6.446540880503143223e-03 1.572327044025157155e-04 1.729559748427672789e-03 7.091194968553457545e-02 1.729559748427672789e-03 1.572327044025157155e-04 1.902515723270439829e-02 1.572327044025157155e-04 3.301886792452829889e-03 1.652515723270439885e-01 1.572327044025157155e-04 2.531446540880502930e-02 1.572327044025157155e-04 5.205974842767294719e-01 1.572327044025157155e-04 1.572327044025157155e-04 1.572327044025157155e-04 4.874213836477986339e-03
1.090512540894220388e-04 1.090512540894220388e-04 4.918211559432933422e-02 1.090512540894220388e-04 1.090512540894220388e-04 1.090512540894220388e-04 1.090512540894220388e-04 1.090512540894220388e-04 7.426390403489639691e-02 2.737186477644493188e-02 1.090512540894220388e-04 1.090512540894220388e-04 8.833151581243184683e-03 5.561613958560523464e-03 5.561613958560523464e-03 1.516902944383860252e-01 1.516902944383860252e-01 1.090512540894220388e-04 1.090512540894220388e-04 1.864776444929116747e-02 7.644492911668483714e-02 1.625954198473282264e-01 1.090512540894220388e-04 3.827699018538713305e-02 6.008724100327154233e-02 4.471101417666302480e-03 1.090512540894220388e-04 1.090512540894220388e-04 1.636859323882224604e-01 1.090512540894220388e-04
5.238095238095239609e-03 4.761904761904762985e-04 4.761904761904762985e-04 1.476190476190476428e-02 1.952380952380952314e-02 4.761904761904762985e-04 4.761904761904762985e-04 4.761904761904762985e-04 2.242857142857143105e-01 4.761904761904762985e-04 4.761904761904762985e-04 4.761904761904762985e-04 3.380952380952381015e-02 8.142857142857144737e-02 1.000000000000000194e-02 5.238095238095239609e-03 4.761904761904762985e-04 4.761904761904762985e-04 1.000000000000000194e-02 2.904761904761905128e-02 4.761904761904762985e-04 1.000000000000000194e-02 4.761904761904762985e-04 4.761904761904762985e-04 1.147619047619047872e-01 6.714285714285715689e-02 4.761904761904762985e-04 4.761904761904762985e-04 3.433333333333333792e-01 2.428571428571428895e-02
3.521126760563380470e-04 3.521126760563380470e-04 3.521126760563380470e-04 3.521126760563380470e-04 3.521126760563380470e-04 3.521126760563380470e-04 8.133802816901408717e-02 3.521126760563380470e-04 3.521126760563380470e-04 3.521126760563380470e-04 3.521126760563380470e-04 3.521126760563380470e-04 2.499999999999999792e-02 3.521126760563380470e-04 1.411971830985915555e-01 1.658450704225352124e-01 3.521126760563380470e-04 3.521126760563380470e-04 3.521126760563380470e-04 3.521126760563380470e-04 3.521126760563380470e-04 3.521126760563380470e-04 7.077464788732394652e-02 8.838028169014085222e-02 3.521126760563380470e-04 3.521126760563380470e-04 3.521126760563380470e-04 3.771126760563380254e-01 3.521126760563380470e-04 4.260563380281690016e-02
1.494768310911808503e-04 1.494768310911808503e-04 1.494768310911808503e-04 1.494768310911808503e-04 2.931240657698055974e-01 3.155455904334827366e-01 1.494768310911808503e-04 9.118086696562031218e-03 1.644245142002989353e-03 1.494768310911808503e-04 1.494768310911808503e-04 1.494768310911808503e-04 1.494768310911808503e-04 4.050822122571001022e-02 7.623318385650222281e-03 2.183856502242151887e-01 2.406576980568011712e-02 1.494768310911808503e-04 1.494768310911808503e-04 1.494768310911808503e-04 1.494768310911808503e-04 3.139013452914797640e-03 1.494768310911808503e-04 7.488789237668160015e-02 1.494768310911808503e-04 1.494768310911808503e-04 1.494768310911808503e-04 1.494768310911808503e-04 1.494768310911808503e-04 9.118086696562031218e-03
1.226993865030674648e-04 1.301840490797545880e-01 1.226993865030674648e-04 6.515337423312882181e-02 1.226993865030674648e-04 1.226993865030674648e-04 1.226993865030674648e-04 1.226993865030674648e-04 1.044171779141104123e-01 1.226993865030674648e-04 1.226993865030674648e-04 1.226993865030674648e-04 6.257668711656440459e-03 3.803680981595091489e-03 1.361963190184048780e-02 2.025766871165643745e-01 3.325153374233128650e-02 1.706748466257668462e-01 7.006134969325152062e-02 1.226993865030674648e-04 2.711656441717791299e-02 1.226993865030674648e-04 1.226993865030674648e-04 1.289570552147238924e-01 1.226993865030674648e-04 3.570552147239263591e-02 1.226993865030674648e-04 1.226993865030674648e-04 1.226993865030674648e-04 6.257668711656440459e-03
2.132196162046907950e-04 2.579957356076758440e-02 2.132196162046907950e-04 2.132196162046907950e-04 2.132196162046907950e-04 6.609808102345414264e-03 2.132196162046907950e-04 2.132196162046907950e-04 2.132196162046907950e-04 2.132196162046907950e-04 2.132196162046907950e-04 2.132196162046907950e-04 2.132196162046907950e-04 2.345415778251598582e-03 3.264392324093815523e-01 1.345415778251598804e-01 2.132196162046907950e-04 2.132196162046907950e-04 4.925373134328357022e-02 2.132196162046907950e-04 2.132196162046907950e-04 2.132196162046907950e-04 4.159914712153516825e-01 2.132196162046907950e-04 2.132196162046907950e-04 2.132196162046907950e-04 2.132196162046907950e-04 3.432835820895521750e-02 2.132196162046907950e-04 2.132196162046907950e-04
4.405286343612334994e-04 4.405286343612334994e-04 4.845814977973568818e-03 1.149779735682819465e-01 4.845814977973568818e-03 2.295154185022026394e-01 4.405286343612334994e-04 4.405286343612334994e-04 9.251101321585903162e-03 9.251101321585903162e-03 4.405286343612334994e-04 4.405286343612334994e-04 4.405286343612334994e-04 4.405286343612334994e-04 6.211453744493392048e-02 1.061674008810572778e-01 4.405286343612334994e-04 1.810572687224669686e-01 1.017621145374449365e-01 4.405286343612334994e-04 4.405286343612334994e-04 4.405286343612334994e-04 4.405286343612334994e-04 2.687224669603524227e-02 1.325991189427312700e-01 9.251101321585903162e-03 4.405286343612334994e-04 4.405286343612334994e-04 4.405286343612334994e-04 4.405286343612334994e-04
1.251564455569461481e-04 1.251564455569461481e-04 4.106382978723403521e-01 1.251564455569461481e-04 1.252816020025030730e-01 1.251564455569461481e-04 1.376720901126407765e-03 1.251564455569461481e-04 1.138923654568209896e-02 1.251564455569461481e-04 1.251564455569461481e-04 1.376720901126407765e-03 1.251564455569461481e-04 3.141426783479348700e-02 1.251564455569461481e-04 2.667083854818522171e-01 6.382978723404253256e-03 1.251564455569461481e-04 1.251564455569461481e-04 1.251564455569461481e-04 4.267834793491864093e-02 8.147684605757193887e-02 1.251564455569461481e-04 1.251564455569461481e-04 1.251564455569461481e-04 1.251564455569461481e-04 1.251564455569461481e-04 1.889862327909886883e-02 1.251564455569461481e-04 1.251564455569461481e-04
4.291845493562232070e-04 4.291845493562232070e-04 4.291845493562232070e-04 4.291845493562232070e-04 1.377682403433476421e-01 4.291845493562232070e-04 4.291845493562232070e-04 9.012875536480686317e-03 4.291845493562232070e-04 4.291845493562232070e-04 4.291845493562232070e-04 4.291845493562232070e-04 4.721030042918455440e-03 2.188841201716738155e-02 4.291845493562232070e-04 6.480686695278969900e-02 8.197424892703862598e-02 4.291845493562232070e-04 4.291845493562232070e-04 6.909871244635193421e-02 1.377682403433476421e-01 4.291845493562232070e-04 4.291845493562232070e-04 4.291845493562232070e-04 4.291845493562232070e-04 4.553648068669527427e-01 4.291845493562232070e-04 4.291845493562232070e-04 9.012875536480686317e-03 4.291845493562232070e-04
7.042253521126762023e-04 1.556338028169014509e-01 7.042253521126762023e-04 7.746478873239438442e-03 7.042253521126762023e-04 7.042253521126762023e-04 7.042253521126762023e-04 7.042253521126762023e-04 7.042253521126762023e-04 7.042253521126762023e-04 7.042253521126762023e-04 7.042253521126762023e-04 6.408450704225353289e-02 7.042253521126762023e-04 1.478873239436620003e-02 8.521126760563381419e-02 7.746478873239438442e-03 7.042253521126762023e-04 7.042253521126762023e-04 7.042253521126762023e-04 7.042253521126762023e-04 7.042253521126762023e-04 1.345070422535211696e-01 7.746478873239438442e-03 7.042253521126762023e-04 7.746478873239438442e-03 7.746478873239438442e-03 7.042253521126762023e-04 7.042253521126762023e-04 4.936619718309859794e-01
4.803493449781661394e-03 4.366812227074236990e-04 2.362445414847162140e-01 1.353711790393013516e-02 4.366812227074236990e-04 4.366812227074236990e-04 4.366812227074236990e-04 4.366812227074236990e-04 5.283842794759826406e-02 6.157205240174673522e-02 4.366812227074236990e-04 4.366812227074236990e-04 4.366812227074236990e-04 9.170305676855897842e-03 4.366812227074236990e-04 9.170305676855897842e-03 8.340611353711793741e-02 4.366812227074236990e-04 4.366812227074236990e-04 4.410480349344979289e-02 2.886462882096070270e-01 4.366812227074236990e-04 4.366812227074236990e-04 4.366812227074236990e-04 9.213973799126640163e-02 4.366812227074236990e-04 4.366812227074236990e-04 4.366812227074236990e-04 9.650655021834064762e-02 4.366812227074236990e-04
1.792114695340501520e-04 1.792114695340501520e-04 1.792114695340501520e-04 1.792114695340501520e-04 1.792114695340501520e-04 1.971326164874551753e-03 1.792114695340501520e-04 1.792114695340501520e-04 8.799283154121861905e-02 2.706093189964156945e-02 1.792114695340501520e-04 1.792114695340501520e-04 1.792114695340501520e-04 5.555555555555554900e-03 1.792114695340501520e-04 1.202508960573476365e-01 1.810035842293906266e-02 1.792114695340501520e-04 1.792114695340501520e-04 1.792114695340501520e-04 1.792114695340501520e-04 2.887096774193547710e-01 1.792114695340501520e-04 9.336917562724013353e-02 1.792114695340501520e-04 3.245519713261648120e-01 1.792114695340501520e-04 1.971326164874551753e-03 2.706093189964156945e-02 1.792114695340501520e-04
1.116071428571428401e-04 1.116071428571428401e-04 6.930803571428570398e-02 5.926339285714284089e-02 1.116071428571428401e-04 1.116071428571428401e-04 1.116071428571428401e-04 1.116071428571428401e-04 1.116071428571428401e-04 1.015624999999999688e-02 2.343749999999999480e-03 1.116071428571428401e-04 1.116071428571428401e-04 1.227678571428571187e-03 5.591517857142856013e-02 2.077008928571427993e-01 3.917410714285713552e-02 8.270089285714282701e-02 1.116071428571428401e-04 9.040178571428568802e-03 2.801339285714285129e-02 3.561383928571427715e-01 1.116071428571428401e-04 1.116071428571428401e-04 1.227678571428571187e-03 1.127232142857142495e-02 1.227678571428571187e-03 1.127232142857142495e-02 5.256696428571427243e-02 1.116071428571428401e-04
1.228501228501228200e-04 1.228501228501228200e-04 2.592137592137591651e-02 1.228501228501228200e-04 1.228501228501228200e-04 3.820638820638819905e-02 2.837837837837837301e-02 2.714987714987714476e-02 6.523341523341522064e-02 7.997542997542994581e-02 1.228501228501228200e-04 1.351351351351350993e-03 1.228501228501228200e-04 7.874692874692872102e-02 1.977886977886977524e-02 3.502457002457001756e-01 1.117936117936117572e-02 1.228501228501228200e-04 6.265356265356263575e-03 3.808353808353807501e-03 1.228501228501228200e-04 6.646191646191644542e-02 1.228501228501228200e-04 1.340294840294839751e-01 1.351351351351350993e-03 1.228501228501228200e-04 1.351351351351350993e-03 1.351351351351350993e-03 5.786240786240785111e-02 1.228501228501228200e-04
2.732240437158469401e-04 2.732240437158469401e-04 3.306010928961747308e-02 2.732240437158469401e-04 3.032786885245900704e-02 2.732240437158469401e-04 2.732240437158469401e-04 2.732240437158469401e-04 1.478142076502731717e-01 1.939890710382512901e-02 3.005464480874316287e-03 2.732240437158469401e-04 3.306010928961747308e-02 2.732240437158469401e-04 2.732240437158469401e-04 1.259562841530054156e-01 7.404371584699451225e-02 1.614754098360655366e-01 1.286885245901638886e-01 2.732240437158469401e-04 1.120218579234972221e-02 2.732240437158469401e-04 2.732240437158469401e-04 1.997267759562840750e-01 3.005464480874316287e-03 2.486338797814206802e-02 2.732240437158469401e-04 2.732240437158469401e-04 2.732240437158469401e-04 2.732240437158469401e-04
1.256281407035175735e-04 1.256281407035175735e-04 7.675879396984923442e-02 2.148241206030150618e-02 1.017587939698492289e-02 1.256281407035175735e-04 1.256281407035175735e-04 1.256281407035175735e-04 2.714824120603014368e-01 1.256281407035175735e-04 1.256281407035175735e-04 1.256281407035175735e-04 1.256281407035175735e-04 1.645728643216080173e-02 7.663316582914571524e-03 2.048994974874371600e-01 1.381909547738693336e-03 3.153266331658291510e-02 1.256281407035175735e-04 3.894472361809044915e-03 8.919597989949746772e-03 2.287688442211054940e-01 1.256281407035175735e-04 2.148241206030150618e-02 1.256281407035175735e-04 1.381909547738693336e-03 1.256281407035175735e-04 2.273869346733668056e-02 4.535175879396984716e-02 2.399497487437185841e-02
1.355013550135501083e-04 3.265582655826557157e-02 1.490514905149051056e-03 4.200542005420053113e-03 1.233062330623305863e-02 1.355013550135501083e-04 1.355013550135501083e-04 1.775067750677506231e-02 2.723577235772357136e-02 1.910569105691056410e-02 9.634146341463410701e-02 9.620596205962056793e-03 1.355013550135501083e-04 1.355013550135501083e-04 1.355013550135501083e-04 7.195121951219510259e-02 8.414634146341461174e-02 3.402439024390243039e-01 1.126016260162601146e-01 1.355013550135501083e-04 1.355013550135501083e-04 7.872628726287260459e-02 1.355013550135501083e-04 5.840108401084009165e-02 1.355013550135501083e-04 3.130081300813007672e-02 1.355013550135501083e-04 1.355013550135501083e-04 1.355013550135501083e-04 1.355013550135501083e-04
3.086419753086418606e-04 3.086419753086418606e-04 3.086419753086418606e-04 3.086419753086418606e-04 3.086419753086418606e-04 1.237654320987653933e-01 3.086419753086418606e-04 3.086419753086418606e-04 2.533950617283949325e-01 3.086419753086418606e-04 3.086419753086418606e-04 3.086419753086418606e-04 3.086419753086418606e-04 3.086419753086418606e-04 3.086419753086418606e-04 8.364197530864195262e-02 6.203703703703702249e-02 1.237654320987653933e-01 3.086419753086418606e-04 7.746913580246911346e-02 1.762345679012345123e-01 1.265432098765431612e-02 3.086419753086418606e-04 3.395061728395060846e-03 7.746913580246911346e-02 3.086419753086418606e-04 3.086419753086418606e-04 3.086419753086418606e-04 3.086419753086418606e-04 3.086419753086418606e-04
3.503184713375795400e-03 3.184713375796177637e-04 4.171974522292992010e-02 3.184713375796177637e-04 3.184713375796177637e-04 3.184713375796177637e-04 3.503184713375795400e-03 3.184713375796177637e-04 2.073248407643311086e-01 3.503184713375795400e-03 3.184713375796177637e-04 3.184713375796177637e-04 3.503184713375795400e-03 3.184713375796177637e-04 3.184713375796177637e-04 1.882165605095540706e-01 3.184713375796177637e-04 7.993630573248405868e-02 5.445859872611463759e-02 3.184713375796177637e-04 7.038216560509552577e-02 2.009554140127387811e-01 3.184713375796177637e-04 2.261146496815285775e-02 3.184713375796177637e-04 1.149681528662419988e-01 3.184713375796177637e-04 3.184713375796177637e-04 3.184713375796177637e-04 3.184713375796177637e-04
3.389830508474575414e-04 7.118644067796608098e-03 3.389830508474575414e-04 1.088135593220338621e-01 1.528813559322033389e-01 7.118644067796608098e-03 3.389830508474575414e-04 3.389830508474575414e-04 2.406779661016947985e-02 3.389830508474575414e-04 3.389830508474575414e-04 3.389830508474575414e-04 1.050847457627118210e-02 3.389830508474575414e-04 3.389830508474575414e-04 1.630508474576270739e-01 5.796610169491523551e-02 3.393220338983049533e-01 4.440677966101692908e-02 3.389830508474575414e-04 3.389830508474575414e-04 7.118644067796608098e-03 3.389830508474575414e-04 3.389830508474575414e-04 7.152542372881354193e-02 3.389830508474575414e-04 3.389830508474575414e-04 3.389830508474575414e-04 3.389830508474575414e-04 3.389830508474575414e-04
1.381215469613259774e-04 1.381215469613259774e-04 1.381215469613259774e-04 1.381215469613259774e-04 2.900552486187845443e-03 4.281767955801105488e-03 1.381215469613259774e-04 1.381215469613259774e-04 9.806629834254143932e-03 1.381215469613259774e-04 1.189226519337016480e-01 1.381215469613259774e-04 1.381215469613259774e-04 5.662983425414364232e-03 1.381215469613259774e-04 1.645027624309392256e-01 8.024861878453039277e-02 2.736187845303867383e-01 1.118784530386740354e-02 1.381215469613259774e-04 1.381215469613259774e-04 1.106353591160220973e-01 1.381215469613259774e-04 1.755524861878453025e-01 1.381215469613259774e-04 2.085635359116021909e-02 1.381215469613259774e-04 1.381215469613259774e-04 1.381215469613259774e-04 1.947513812154695947e-02
1.088139281828073775e-04 7.725788900979323193e-03 2.285092491838954833e-03 6.637649619151249174e-03 1.088139281828073775e-04 8.813928182807396344e-03 2.295973884657235772e-02 1.088139281828073775e-04 5.016322089227420039e-02 1.425462459194776557e-02 1.425462459194776557e-02 1.088139281828073775e-04 1.088139281828073775e-04 1.088139281828073775e-04 1.088139281828073775e-04 1.056583242655059485e-01 1.818280739934711177e-01 2.340587595212186567e-01 1.088139281828073775e-04 1.088139281828073775e-04 1.088139281828073775e-04 1.883569096844395496e-01 1.088139281828073775e-04 1.339499455930358573e-01 1.196953210010881247e-03 1.207834602829161753e-02 1.425462459194776557e-02 1.088139281828073775e-04 1.088139281828073775e-04 1.088139281828073775e-04
2.849002849002848278e-04 7.150997150997148721e-02 2.849002849002848278e-04 2.307692307692306780e-02 2.849002849002848278e-04 2.849002849002848278e-04 2.849002849002848278e-04 5.982905982905981600e-03 2.849002849002848278e-04 2.592592592592591824e-02 2.849002849002848278e-04 2.849002849002848278e-04 2.849002849002848278e-04 2.849002849002848278e-04 3.133903133903133322e-03 2.054131054131053402e-01 1.398860398860398424e-01 2.937321937321936138e-01 1.199430199430199101e-01 2.849002849002848278e-04 8.831908831908829444e-03 6.581196581196580020e-02 2.849002849002848278e-04 8.831908831908829444e-03 5.982905982905981600e-03 1.737891737891737384e-02 2.849002849002848278e-04 2.849002849002848278e-04 2.849002849002848278e-04 2.849002849002848278e-04
2.212389380530973150e-04 2.433628318584070329e-03 2.212389380530973150e-04 2.212389380530973150e-04 2.480088495575220597e-01 9.070796460176987555e-03 2.212389380530973150e-04 2.212389380530973150e-04 2.212389380530973150e-04 2.212389380530973150e-04 4.004424778761061371e-02 2.212389380530973150e-04 2.433628318584070329e-03 2.212389380530973150e-04 4.646017699115043316e-03 2.303097345132742724e-01 2.212389380530973150e-04 1.993362831858406514e-01 4.668141592920353050e-02 2.212389380530973150e-04 2.212389380530973150e-04 2.212389380530973150e-04 2.212389380530973150e-04 1.307522123893805066e-01 2.212389380530973150e-04 4.004424778761061371e-02 2.212389380530973150e-04 1.349557522123893440e-02 2.212389380530973150e-04 2.898230088495574314e-02
1.607717041800642852e-04 8.697749196141477124e-02 1.607717041800642852e-04 8.697749196141477124e-02 3.715434083601285575e-01 2.427652733118970674e-02 1.607717041800642852e-04 1.607717041800642852e-04 5.964630225080384818e-02 1.607717041800642852e-04 1.607717041800642852e-04 1.607717041800642852e-04 1.607717041800642852e-04 1.607717041800642852e-04 1.607717041800642852e-04 1.191318327974276170e-01 1.607717041800642852e-04 1.607717041800642852e-04 1.607717041800642852e-04 4.983922829581992515e-03 1.607717041800642852e-04 2.106109324758842147e-02 1.607717041800642852e-04 6.591639871382635150e-03 1.623794212218649183e-02 7.733118971061092584e-02 4.983922829581992515e-03 1.607717041800642852e-04 1.607717041800642852e-04 1.175241157556269761e-01
1.042752867570385792e-04 1.042752867570385792e-04 4.275286757038580798e-03 1.147028154327424344e-03 1.002085505735140630e-01 1.042752867570385792e-04 3.232533889468195819e-03 1.042752867570385792e-04 1.042752867570385792e-04 1.042752867570385792e-04 1.042752867570385792e-04 1.042752867570385792e-04 2.189781021897809973e-03 1.042752867570385792e-04 1.042752867570385792e-04 1.294056308654848719e-01 5.119916579770594084e-02 3.108446298227319771e-01 2.493222106360792056e-01 1.042752867570385792e-04 1.042752867570385792e-04 7.831074035453595983e-02 1.147028154327424344e-03 5.015641293013555629e-02 4.275286757038580798e-03 1.157455683003128129e-02 1.042752867570385792e-04 1.042752867570385792e-04 1.042752867570385792e-04 1.147028154327424344e-03
2.953586497890295197e-03 1.406469760900140402e-04 1.406469760900140402e-04 1.406469760900140402e-04 2.123769338959212091e-02 1.406469760900140402e-04 1.406469760900140402e-04 1.406469760900140402e-04 1.406469760900140402e-04 1.406469760900140402e-04 1.983122362869197894e-02 1.406469760900140402e-04 1.406469760900140402e-04 1.406469760900140402e-04 1.406469760900140402e-04 2.167369901547116229e-01 1.701828410689169846e-02 2.828410689170182124e-01 2.490857946554148605e-01 1.406469760900140402e-04 1.406469760900140402e-04 9.859353023909983582e-02 4.360056258790435436e-03 7.046413502109703797e-02 1.406469760900140402e-04 8.579465541490855288e-03 1.406469760900140402e-04 1.406469760900140402e-04 1.406469760900140402e-04 5.766526019690574809e-03
1.991247264770240263e-02 1.052516411378555533e-01 2.188183807439824486e-04 2.188183807439824486e-04 2.188183807439824486e-04 2.188183807439824486e-04 2.188183807439824486e-04 2.188183807439824486e-04 1.553610503282275290e-02 2.188183807439824486e-04 1.271334792122537916e-01 1.772428884026257603e-02 2.647702407002187550e-02 2.188183807439824486e-04 8.971553610503280041e-03 1.118161925601750262e-01 2.188183807439824486e-04 6.586433260393871614e-02 1.752735229759299351e-01 2.188183807439824486e-04 1.730853391684900877e-01 2.188183807439824486e-04 2.188183807439824486e-04 2.188183807439824486e-04 1.490153172866520159e-01 2.188183807439824486e-04 2.188183807439824486e-04 2.188183807439824486e-04 2.188183807439824486e-04 2.188183807439824486e-04
9.669811320754713099e-03 2.358490566037735054e-04 2.124999999999999112e-01 2.358490566037735054e-04 2.358490566037735054e-04 2.358490566037735054e-04 2.358490566037735054e-04 3.089622641509432582e-02 2.358490566037735054e-04 2.358490566037735054e-04 1.202830188679244669e-02 2.358490566037735054e-04 2.358490566037735054e-04 1.063679245283018493e-01 2.358490566037735054e-04 5.919811320754714973e-02 8.749999999999996669e-02 2.358490566037735054e-04 2.358490566037735054e-04 2.358490566037735054e-04 4.976415094339620843e-02 3.540094339622639752e-01 2.358490566037735054e-04 2.146226415094338799e-02 2.358490566037735054e-04 2.358490566037735054e-04 2.594339622641508424e-03 2.358490566037735054e-04 4.976415094339620843e-02 2.358490566037735054e-04
2.801120448179270973e-04 1.708683473389355223e-02 7.591036414565824342e-02 2.801120448179270973e-04 7.030812324929970603e-02 2.801120448179270973e-04 2.801120448179270973e-04 2.801120448179270973e-04 2.327731092436974014e-01 2.801120448179270973e-04 2.801120448179270973e-04 2.801120448179270973e-04 2.801120448179270973e-04 2.801120448179270973e-04 2.801120448179270973e-04 1.571428571428570842e-01 2.801120448179270973e-04 1.067226890756302199e-01 1.375350140056021964e-01 2.801120448179270973e-04 2.801120448179270973e-04 7.871148459383751905e-02 2.801120448179270973e-04 8.431372549019605644e-02 2.801120448179270973e-04 3.081232492997198341e-03 2.801120448179270973e-04 2.801120448179270973e-04 3.109243697478990612e-02 2.801120448179270973e-04
1.428571428571429004e-03 1.428571428571429004e-03 3.585714285714286520e-01 4.428571428571429630e-02 1.428571428571429004e-03 1.428571428571429004e-03 1.428571428571429004e-03 1.428571428571429004e-03 1.428571428571429004e-03 2.014285714285714568e-01 1.571428571428571883e-02 1.428571428571429004e-03 1.428571428571429004e-03 1.428571428571429004e-03 1.428571428571429004e-03 5.857142857142857983e-02 3.000000000000000583e-02 1.428571428571429004e-03 1.428571428571429004e-03 1.571428571428571883e-02 1.428571428571429004e-03 1.428571428571429004e-03 1.442857142857143227e-01 1.428571428571429004e-03 1.428571428571429004e-03 1.428571428571429004e-03 3.000000000000000583e-02 7.285714285714287031e-02 1.428571428571429004e-03 1.428571428571429004e-03
1.378446115288220345e-03 1.253132832080200215e-04 1.253132832080200215e-04 3.395989974937342615e-02 5.275689223057642568e-02 1.253132832080200215e-04 1.253132832080200215e-04 2.631578947368420560e-03 1.253132832080200215e-04 3.646616541353382701e-02 6.904761904761902436e-02 3.884711779448620558e-03 2.631578947368420560e-03 1.253132832080200215e-04 1.253132832080200215e-04 1.317042606516290182e-01 1.015037593984962142e-02 2.708020050125312661e-01 8.157894736842102867e-02 1.253132832080200215e-04 1.253132832080200215e-04 7.280701754385962565e-02 1.253132832080200215e-04 2.043859649122806432e-01 1.378446115288220345e-03 1.516290726817042141e-02 1.378446115288220345e-03 1.253132832080200215e-04 2.631578947368420560e-03 3.884711779448620558e-03
1.031991744066047308e-04 1.135190918472651998e-03 1.031991744066047308e-04 1.528379772961815930e-01 4.035087719298244974e-02 1.031991744066047308e-04 2.911248710010319596e-01 1.661506707946336023e-02 1.031991744066047308e-04 6.202270381836944013e-02 1.031991744066047308e-04 2.796697626418988281e-02 8.359133126934982852e-03 1.455108359133126632e-02 9.391124871001028940e-03 1.249742002063983087e-01 2.167182662538699386e-03 1.135190918472651998e-03 2.590299277605778716e-02 1.031991744066047308e-04 3.828689370485035409e-02 3.199174406604746342e-03 1.031991744066047308e-04 1.031991744066047308e-04 4.757481940144477756e-02 1.031991744066047308e-04 1.031991744066047308e-04 9.391124871001028940e-03 4.344685242518059320e-02 7.853457172342619141e-02
2.202643171806166955e-04 2.202643171806166955e-04 2.202643171806166955e-04 2.202643171806166955e-04 2.202643171806166955e-04 2.202643171806166955e-04 2.202643171806166955e-04 4.427312775330395633e-02 2.202643171806166955e-04 2.202643171806166955e-04 9.713656387665195457e-02 2.248898678414096297e-01 2.202643171806166955e-04 1.784140969162995027e-02 9.030837004405283322e-03 1.323788546255506293e-01 2.202643171806166955e-04 8.612334801762112912e-02 1.125550660792951352e-01 2.202643171806166955e-04 2.202643171806166955e-04 2.202643171806166955e-04 2.202643171806166955e-04 2.202643171806166955e-04 2.202643171806166955e-04 2.202643171806166955e-04 1.698237885462554608e-01 3.105726872246695330e-02 5.748898678414095936e-02 1.343612334801761767e-02
2.016129032258064243e-04 5.665322580645160144e-02 2.016129032258064243e-04 2.016129032258064243e-04 4.659274193548386123e-01 2.016129032258064243e-04 2.217741935483870559e-03 2.016129032258064243e-04 2.036290322580644463e-02 2.016129032258064243e-04 2.016129032258064243e-04 2.016129032258064243e-04 2.016129032258064243e-04 2.016129032258064243e-04 2.237903225806451082e-02 1.211693548387096503e-01 8.084677419354836803e-02 1.534274193548386678e-01 2.439516129032257355e-02 2.036290322580644463e-02 2.016129032258064243e-04 1.229838709677419026e-02 2.016129032258064243e-04 2.016129032258064243e-04 2.016129032258064243e-04 2.217741935483870559e-03 2.016129032258064243e-04 2.016129032258064243e-04 2.016129032258064243e-04 1.431451612903225472e-02
1.579778830963664954e-04 1.579778830963664954e-04 1.579778830963664954e-04 2.385466034755133816e-02 2.434439178515007407e-01 2.701421800947867088e-02 6.334913112164296256e-02 1.579778830963664954e-04 1.579778830963664954e-04 1.579778830963664954e-04 1.737756714060031396e-03 4.897314375987360871e-03 1.579778830963664954e-04 1.737756714060031396e-03 2.543443917851500452e-02 1.375987361769351880e-01 4.897314375987360871e-03 1.579778830963664954e-04 3.807266982622432155e-02 1.249605055292258710e-01 7.124802527646129091e-02 1.579778830963664954e-04 1.579778830963664954e-04 1.579778830963664954e-04 2.150078988941547808e-01 1.579778830963664954e-04 1.579778830963664954e-04 1.579778830963664954e-04 6.477093206951025500e-03 8.056872037914690129e-03
4.347826086956522659e-03 1.620553359683794478e-02 4.347826086956522659e-03 5.573122529644269213e-02 3.952569169960474800e-04 3.952569169960474800e-04 3.952569169960474800e-04 1.620553359683794478e-02 1.387351778656126799e-01 3.952569169960474800e-04 3.952569169960474800e-04 3.952569169960474800e-04 3.952569169960474800e-04 3.952569169960474800e-04 3.952569169960474800e-04 1.347826086956522007e-01 3.952569169960474800e-04 2.806324110671936864e-02 3.952569169960474800e-04 4.826086956521739579e-01 3.952569169960474800e-04 3.952569169960474800e-04 6.758893280632412293e-02 3.952569169960474800e-04 1.225296442687747248e-02 3.952569169960474800e-04 3.952569169960474800e-04 1.225296442687747248e-02 3.952569169960474800e-04 2.015810276679842056e-02
2.091254752851711383e-03 1.901140684410646540e-04 1.901140684410646540e-04 1.901140684410646540e-04 2.188212927756653936e-01 3.992395437262357544e-03 1.901140684410646540e-04 1.901140684410646540e-04 2.680608365019011494e-02 1.901140684410646540e-04 1.159695817490494218e-02 1.901140684410646540e-04 2.091254752851711383e-03 1.901140684410646540e-04 1.901140684410646540e-04 8.954372623574144430e-02 7.794676806083649864e-03 2.834600760456273405e-01 2.625475285171102735e-01 1.901140684410646540e-04 1.901140684410646540e-04 1.920152091254752683e-02 1.901140684410646540e-04 1.901140684410646540e-04 2.091254752851711383e-03 6.482889733840303814e-02 1.901140684410646540e-04 1.901140684410646540e-04 1.901140684410646540e-04 2.091254752851711383e-03
4.545454545454547077e-04 2.322727272727273529e-01 9.545454545454547940e-03 4.545454545454547077e-04 2.868181818181819165e-01 3.777272727272728003e-01 4.545454545454547077e-04 4.545454545454547077e-04 2.318181818181818538e-02 4.545454545454547077e-04 4.545454545454547077e-04 4.545454545454547077e-04 4.545454545454547077e-04 4.545454545454547077e-04 1.409090909090909491e-02 4.545454545454547077e-04 4.545454545454547077e-04 4.545454545454547077e-04 1.863636363636363841e-02 4.545454545454547077e-04 4.545454545454547077e-04 4.545454545454547077e-04 5.000000000000001839e-03 4.545454545454547077e-04 2.318181818181818538e-02 4.545454545454547077e-04 4.545454545454547077e-04 4.545454545454547077e-04 4.545454545454547077e-04 4.545454545454547077e-04
1.779359430604982332e-04 1.779359430604982332e-04 1.779359430604982332e-04 1.779359430604982332e-04 2.741992882562277467e-01 1.779359430604982332e-04 1.957295373665480457e-03 1.779359430604982332e-04 1.478647686832740005e-01 9.074733096085408485e-03 1.779359430604982332e-04 1.779359430604982332e-04 1.797153024911031863e-02 1.779359430604982332e-04 1.779359430604982332e-04 2.154804270462633287e-01 1.051601423487544540e-01 1.779359430604982332e-04 1.779359430604982332e-04 1.779359430604982332e-04 9.074733096085408485e-03 1.193950177935942936e-01 1.957295373665480457e-03 1.779359430604982332e-04 1.779359430604982332e-04 9.270462633451957701e-02 1.779359430604982332e-04 1.779359430604982332e-04 1.779359430604982332e-04 1.957295373665480457e-03
5.198019801980196565e-03 2.475247524752474735e-04 1.262376237623761936e-02 2.475247524752474735e-04 3.985148514851484525e-02 7.673267326732671409e-03 2.995049504950494240e-02 2.475247524752474735e-04 7.945544554455444275e-02 5.965346534653463706e-02 5.198019801980196565e-03 2.475247524752474735e-04 5.198019801980196565e-03 2.475247524752474735e-04 2.475247524752474735e-04 1.561881188118811603e-01 2.475247524752474735e-04 2.475247524752474735e-04 2.475247524752474735e-04 5.720297029702968716e-01 1.014851485148514539e-02 2.722772277227722155e-03 2.475247524752474735e-04 2.475247524752474735e-04 2.475247524752474735e-04 2.475247524752474735e-04 2.475247524752474735e-04 2.475247524752474735e-04 1.014851485148514539e-02 2.475247524752474735e-04
3.412969283276449462e-04 3.412969283276449462e-04 1.129692832764504773e-01 3.412969283276449462e-04 3.412969283276449462e-04 3.412969283276449462e-04 3.412969283276449462e-04 3.412969283276449462e-04 3.109215017064845266e-01 3.754266211604094516e-03 3.412969283276449462e-04 3.412969283276449462e-04 3.412969283276449462e-04 3.105802047781568501e-02 3.754266211604094516e-03 1.470989761092149628e-01 3.412969283276449462e-04 3.412969283276449462e-04 6.518771331058018093e-02 3.412969283276449462e-04 3.412969283276449462e-04 2.187713310580203796e-01 3.412969283276449462e-04 7.167235494880543761e-03 3.412969283276449462e-04 3.412969283276449462e-04 3.412969283276449462e-04 3.412969283276449462e-04 8.907849829351532911e-02 3.754266211604094516e-03
1.245330012453299789e-04 6.861768368617682246e-02 1.245330012453299789e-04 1.245330012453299789e-04 1.732254047322539792e-01 4.696139476961393999e-01 1.245330012453299789e-04 1.245330012453299789e-04 1.245330012453299789e-04 1.257783312577832706e-02 2.615193026151929612e-03 2.615193026151929612e-03 1.245330012453299789e-04 1.245330012453299789e-04 6.351183063511828437e-03 2.105853051058529934e-01 1.245330012453299789e-04 1.245330012453299789e-04 1.880448318804482655e-02 6.351183063511828437e-03 1.369863013698629931e-03 1.245330012453299789e-04 1.369863013698629931e-03 1.755915317559152491e-02 1.369863013698629931e-03 1.245330012453299789e-04 1.245330012453299789e-04 5.105853051058528540e-03 1.245330012453299789e-04 1.245330012453299789e-04
1.273885350318471217e-04 3.949044585987260964e-03 1.273885350318471217e-04 1.273885350318471217e-04 1.822929936305732190e-01 1.273885350318471217e-04 1.273885350318471217e-04 1.273885350318471217e-04 6.254777070063693989e-02 1.273885350318471217e-04 1.273885350318471217e-04 1.273885350318471217e-04 1.273885350318471217e-04 1.273885350318471217e-04 6.496815286624202206e-03 4.343949044585986713e-02 1.273885350318471217e-04 7.656050955414012149e-02 3.324840764331209869e-02 1.668789808917197151e-02 3.949044585987260964e-03 4.980891719745222240e-02 2.675159235668789475e-03 1.273885350318471217e-04 1.273885350318471217e-04 4.829299363057324435e-01 1.273885350318471217e-04 1.273885350318471217e-04 1.273885350318471217e-04 3.324840764331209869e-02
3.401360544217687924e-04 3.401360544217687924e-04 3.401360544217687924e-04 3.401360544217687924e-04 3.401360544217687924e-04 3.401360544217687924e-04 3.401360544217687924e-04 7.142857142857144369e-03 3.401360544217687924e-04 3.401360544217687924e-04 3.401360544217687924e-04 3.741496598639456987e-03 3.401360544217687924e-04 2.074829931972789476e-02 5.479591836734695187e-01 1.806122448979592121e-01 3.401360544217687924e-04 3.401360544217687924e-04 3.401360544217687924e-04 3.401360544217687924e-04 3.401360544217687924e-04 3.401360544217687924e-04 3.401360544217687924e-04 3.401360544217687924e-04 3.401360544217687924e-04 3.401360544217687924e-04 3.401360544217687924e-04 4.455782312925170990e-02 3.401360544217687924e-04 1.874149659863945938e-01
1.524390243902438481e-04 1.464939024390243261e-01 1.844512195121950429e-02 1.524390243902438481e-04 2.775914634146340321e-01 1.676829268292682465e-03 1.524390243902438481e-04 1.524390243902438481e-04 7.789634146341460619e-02 1.524390243902438481e-04 4.725609756097559101e-03 1.234756097560975145e-02 1.524390243902438481e-04 1.524390243902438481e-04 1.524390243902438481e-04 5.655487804878046865e-02 3.978658536585364530e-02 1.647865853658535829e-01 1.844512195121950429e-02 1.524390243902438481e-04 3.201219512195120891e-03 1.676829268292682465e-03 1.524390243902438481e-04 1.129573170731706794e-01 1.524390243902438481e-04 6.112804878048778284e-02 1.524390243902438481e-04 1.524390243902438481e-04 1.524390243902438481e-04 1.524390243902438481e-04
2.898550724637680544e-04 2.898550724637680544e-04 3.188405797101448273e-03 2.898550724637680544e-04 4.666666666666665492e-02 2.898550724637680544e-04 2.898550724637680544e-04 2.898550724637680544e-04 1.828985507246376208e-01 2.898550724637680544e-04 2.898550724637680544e-04 2.898550724637680544e-04 2.898550724637680544e-04 2.898550724637680544e-04 2.898550724637680544e-04 8.144927536231881537e-02 2.898550724637680544e-04 6.115942028985505569e-02 2.898550724637680544e-04 2.898550724637680544e-04 3.797101449275361307e-02 8.985507246376808060e-03 3.188405797101448273e-03 1.768115942028984991e-02 2.898550724637680544e-04 5.510144927536230197e-01 2.898550724637680544e-04 2.898550724637680544e-04 2.898550724637680544e-04 2.898550724637680544e-04
1.319261213720316576e-04 1.319261213720316576e-04 1.319261213720316576e-04 1.319261213720316576e-04 1.319261213720316576e-04 1.319261213720316576e-04 1.319261213720316576e-04 1.319261213720316576e-04 2.217678100263851815e-01 1.319261213720316576e-04 1.319261213720316576e-04 1.319261213720316576e-04 1.319261213720316576e-04 1.319261213720316576e-04 1.319261213720316576e-04 8.060686015831133866e-02 1.188654353562005050e-01 1.319261213720316576e-04 1.319261213720316576e-04 1.319261213720316576e-04 1.769129287598944222e-01 2.996042216358838495e-01 1.319261213720316576e-04 2.770448548812664592e-03 4.102902374670184399e-02 1.319261213720316576e-04 1.319261213720316576e-04 1.319261213720316576e-04 5.554089709762532329e-02 1.319261213720316576e-04
6.873614190687360112e-03 2.217294900221728946e-04 2.217294900221728946e-04 1.465631929046562754e-01 1.796008869179600495e-02 1.709534368070952937e-01 2.217294900221728946e-04 1.130820399113081735e-02 6.873614190687360112e-03 2.217294900221728946e-04 1.130820399113081735e-02 2.217294900221728946e-04 2.217294900221728946e-04 9.090909090909086998e-03 4.013303769401329463e-02 1.554323725055431760e-01 2.217294900221728946e-04 2.217294900221728946e-04 3.106430155210642141e-01 4.678492239467848396e-02 4.656319290465630624e-03 2.217294900221728946e-04 2.217294900221728946e-04 2.217294900221728946e-04 2.217294900221728946e-04 2.217294900221728946e-04 2.217294900221728946e-04 2.439024390243902003e-03 5.565410199556539844e-02 2.217294900221728946e-04
2.555205047318610811e-02 1.264984227129337113e-01 3.154574132492112709e-04 4.447949526813878285e-02 3.154574132492112709e-04 3.154574132492112709e-04 3.154574132492112709e-04 3.154574132492112709e-04 3.154574132492112709e-04 9.779179810725548150e-03 7.917981072555202449e-02 3.154574132492112709e-04 3.154574132492112709e-04 3.154574132492112709e-04 3.154574132492112709e-04 1.801261829652996138e-01 3.154574132492112709e-04 9.810725552050469922e-02 2.555205047318610811e-02 3.154574132492112709e-04 3.851735015772869142e-01 3.154574132492112709e-04 3.470031545741323817e-03 3.470031545741323817e-03 3.154574132492112709e-04 3.470031545741323817e-03 3.154574132492112709e-04 6.624605678233435983e-03 3.470031545741323817e-03 3.154574132492112709e-04
6.896551724137932673e-04 6.896551724137932673e-04 6.896551724137932673e-04 6.896551724137932673e-04 6.896551724137932673e-04 6.896551724137932673e-04 7.586206896551725941e-03 6.896551724137932673e-04 4.896551724137931938e-02 2.137931034482759216e-02 6.896551724137932673e-04 6.896551724137932673e-04 6.896551724137932673e-04 6.896551724137932673e-04 1.800000000000000488e-01 9.034482758620690501e-02 6.896551724137932673e-04 6.896551724137932673e-04 6.896551724137932673e-04 2.137931034482759216e-02 6.896551724137932673e-04 6.896551724137932673e-04 2.137931034482759216e-02 6.896551724137932673e-04 9.724137931034484983e-02 6.896551724137932673e-04 6.896551724137932673e-04 4.351724137931035630e-01 6.896551724137932673e-04 6.275862068965518126e-02
2.747252747252746708e-04 1.129120879120878856e-01 2.747252747252746708e-04 2.747252747252746708e-04 5.030219780219779002e-01 2.747252747252746708e-04 1.401098901098900631e-02 2.747252747252746708e-04 2.747252747252746708e-04 2.747252747252746708e-04 2.747252747252746708e-04 2.747252747252746708e-04 2.747252747252746708e-04 2.747252747252746708e-04 2.747252747252746708e-04 1.293956043956043522e-01 2.747252747252746708e-04 1.266483516483516147e-01 9.093406593406591631e-02 2.747252747252746708e-04 2.747252747252746708e-04 2.747252747252746708e-04 2.747252747252746708e-04 2.747252747252746708e-04 2.747252747252746708e-04 1.401098901098900631e-02 3.021978021978021216e-03 2.747252747252746708e-04 2.747252747252746708e-04 2.747252747252746708e-04
