3.861003861003860986e-04 3.861003861003860986e-04 4.671814671814671777e-02 3.861003861003860986e-04 1.239382239382239431e-01 3.861003861003860986e-04 5.057915057915057799e-02 3.861003861003860986e-04 2.281853281853281901e-01 3.861003861003860986e-04 1.123552123552123555e-01 8.108108108108108558e-03 3.861003861003860986e-04 1.316602316602316636e-01 1.583011583011582901e-02 3.861003861003860986e-04 3.861003861003860986e-04 3.861003861003860986e-04 3.861003861003860986e-04 3.861003861003860986e-04 3.861003861003860986e-04 1.586872586872586921e-01 2.741312741312741316e-02 3.861003861003860986e-04 3.861003861003860986e-04 3.861003861003860986e-04 3.861003861003860986e-04 3.861003861003860986e-04 5.057915057915057799e-02 3.899613899613899731e-02
3.649635036496350678e-04 7.664233576642335774e-03 2.226277372262773502e-02 5.510948905109488982e-02 3.649635036496350678e-04 1.317518248175182649e-01 3.649635036496350678e-04 3.649635036496350678e-04 4.014598540145985529e-03 3.649635036496350678e-04 3.649635036496350678e-04 3.649635036496350678e-04 3.835766423357663824e-01 5.145985401459853698e-02 3.649635036496350678e-04 3.649635036496350678e-04 3.649635036496350678e-04 3.649635036496350678e-04 3.649635036496350678e-04 3.321167883211678662e-02 7.664233576642335774e-03 1.244525547445255592e-01 5.875912408759124267e-02 3.649635036496350678e-04 3.649635036496350678e-04 3.649635036496350678e-04 7.664233576642335774e-03 5.510948905109488982e-02 5.145985401459853698e-02 3.649635036496350678e-04
1.068965517241378914e-02 3.448275862068964168e-04 3.448275862068964168e-04 3.448275862068964168e-04 3.448275862068964168e-04 1.413793103448275114e-02 3.448275862068964168e-04 3.448275862068964168e-04 3.448275862068964168e-04 7.241379310344825404e-03 3.448275862068964168e-04 3.448275862068964168e-04 2.693103448275860901e-01 3.793103448275860802e-03 5.551724137931032810e-02 5.896551724137929357e-02 7.241379310344825404e-03 3.448275862068964168e-04 4.172413793103446622e-02 3.448275862068964168e-04 1.758620689655171487e-02 3.448275862068964168e-04 3.448275862068964168e-04 4.762068965517239350e-01 3.448275862068964168e-04 7.241379310344825404e-03 2.448275862068964581e-02 3.448275862068964168e-04 3.448275862068964168e-04 3.448275862068964168e-04
3.076923076923075945e-04 3.076923076923075945e-04 3.076923076923075945e-04 3.076923076923075945e-04 3.076923076923075945e-04 2.156923076923075999e-01 3.076923076923075945e-04 3.384615384615383919e-03 3.076923076923075945e-04 3.076923076923075945e-04 3.076923076923075945e-04 3.076923076923075945e-04 3.076923076923075945e-04 1.876923076923076028e-02 3.415384615384613881e-02 3.076923076923075945e-04 4.679999999999998050e-01 3.076923076923075945e-04 4.338461538461536871e-02 3.076923076923075945e-04 3.076923076923075945e-04 3.384615384615383919e-03 3.076923076923075945e-04 2.064615384615383631e-01 3.076923076923075945e-04 3.076923076923075945e-04 3.076923076923075945e-04 3.076923076923075945e-04 3.076923076923075945e-04 3.076923076923075945e-04
7.575757575757577919e-04 7.575757575757577919e-04 7.575757575757577919e-04 3.863636363636364229e-02 7.575757575757577919e-04 6.893939393939395310e-02 7.575757575757577919e-04 7.575757575757577919e-04 7.575757575757577919e-04 7.575757575757577919e-04 7.575757575757577919e-04 7.575757575757577919e-04 4.325757575757576689e-01 7.575757575757577919e-04 1.371212121212121715e-01 5.378787878787879423e-02 7.575757575757577919e-04 8.333333333333334952e-03 7.575757575757577919e-04 9.166666666666668795e-02 7.575757575757577919e-04 1.219696969696970057e-01 7.575757575757577919e-04 1.590909090909091439e-02 7.575757575757577919e-04 7.575757575757577919e-04 7.575757575757577919e-04 7.575757575757577919e-04 7.575757575757577919e-04 1.590909090909091439e-02
3.484320557491288111e-04 3.832752613240416814e-03 3.832752613240416814e-03 7.700348432055746650e-02 3.832752613240416814e-03 5.195121951219510148e-01 3.484320557491288111e-04 2.125435540069685325e-02 3.484320557491288111e-04 3.484320557491288111e-04 3.484320557491288111e-04 3.484320557491288111e-04 7.003484320557488985e-02 3.484320557491288111e-04 1.466898954703832192e-01 3.484320557491288111e-04 3.484320557491288111e-04 3.484320557491288111e-04 3.484320557491288111e-04 3.484320557491288111e-04 1.080139372822299174e-02 1.013937282229964848e-01 3.484320557491288111e-04 3.484320557491288111e-04 3.484320557491288111e-04 3.484320557491288111e-04 3.484320557491288111e-04 3.519163763066200656e-02 3.484320557491288111e-04 3.484320557491288111e-04
3.831417624521070756e-04 3.831417624521070756e-04 3.831417624521070756e-04 3.831417624521070756e-04 3.831417624521070756e-04 2.762452107279691482e-01 3.831417624521070756e-04 6.934865900383137272e-02 5.402298850574709099e-02 3.831417624521070756e-04 3.831417624521070756e-04 1.187739463601531799e-02 1.038314176245210135e-01 4.252873563218387970e-02 7.318007662835245009e-02 9.616858237547887267e-02 3.831417624521070756e-04 3.831417624521070756e-04 3.486590038314173884e-02 3.831417624521070756e-04 3.831417624521070756e-04 3.831417624521070756e-04 3.831417624521070756e-04 2.302681992337163308e-01 3.831417624521070756e-04 3.831417624521070756e-04 3.831417624521070756e-04 3.831417624521070756e-04 3.831417624521070756e-04 3.831417624521070756e-04
5.494505494505495585e-04 5.494505494505495585e-04 5.494505494505495585e-04 5.494505494505495585e-04 5.000000000000000278e-02 6.098901098901099438e-02 5.494505494505495585e-04 5.494505494505495585e-04 5.494505494505495585e-04 1.153846153846154084e-02 5.494505494505495585e-04 1.153846153846154084e-02 3.467032967032967483e-01 6.043956043956045035e-03 1.214285714285714551e-01 5.494505494505495585e-04 1.153846153846154084e-02 5.494505494505495585e-04 1.703296703296703490e-02 5.494505494505495585e-04 5.494505494505495585e-04 5.494505494505495585e-04 5.494505494505495585e-04 9.945054945054947193e-02 5.494505494505495585e-04 5.494505494505495585e-04 1.983516483516483964e-01 5.494505494505495585e-04 5.549450549450549858e-02 5.494505494505495585e-04
1.136363636363636363e-04 1.136363636363636363e-04 1.136363636363636363e-04 1.136363636363636363e-04 1.136363636363636363e-04 1.250000000000000026e-03 1.488636363636363681e-02 4.670454545454545692e-02 3.079545454545454600e-02 7.624999999999999833e-02 3.534090909090908950e-02 1.602272727272727182e-02 1.136363636363636363e-04 1.136363636363636363e-04 2.182954545454545425e-01 1.671590909090908961e-01 4.659090909090908735e-03 1.136363636363636363e-04 1.250000000000000026e-03 2.410227272727272774e-01 1.136363636363636363e-04 4.784090909090909366e-02 2.386363636363636551e-03 8.068181818181818094e-03 1.375000000000000007e-02 4.443181818181818343e-02 1.136363636363636363e-04 1.136363636363636363e-04 1.136363636363636363e-04 2.852272727272727598e-02
2.604166666666666088e-04 2.604166666666666088e-04 2.630208333333332316e-02 2.864583333333332697e-03 2.604166666666666088e-04 3.075520833333332260e-01 2.604166666666666088e-04 2.604166666666666088e-04 1.588541666666666227e-02 8.072916666666664007e-03 2.604166666666666088e-04 2.604166666666666088e-04 3.023437499999999112e-01 2.604166666666666088e-04 1.148437499999999667e-01 2.864583333333332697e-03 2.604166666666666088e-04 2.604166666666666088e-04 2.604166666666666088e-04 6.536458333333332316e-02 2.864583333333332697e-03 2.890624999999999098e-02 2.604166666666666088e-04 4.453124999999998751e-02 2.604166666666666088e-04 2.864583333333332697e-03 6.796874999999998057e-02 2.604166666666666088e-04 2.604166666666666088e-04 2.864583333333332697e-03
8.571428571428573590e-03 4.489795918367348732e-03 4.081632653061225725e-04 4.081632653061225725e-04 8.571428571428573590e-03 2.489795918367347302e-02 4.081632653061225725e-04 4.081632653061225725e-04 2.044897959183674119e-01 4.081632653061225725e-04 3.306122448979592621e-02 4.489795918367348732e-03 1.718367346938775853e-01 4.081632653061225725e-04 2.289795918367347471e-01 3.714285714285715106e-02 4.081632653061225725e-04 4.081632653061225725e-04 4.081632653061225725e-04 1.391836734693877864e-01 4.081632653061225725e-04 4.530612244897960078e-02 4.081632653061225725e-04 4.938775510204082564e-02 4.081632653061225725e-04 4.081632653061225725e-04 4.081632653061225725e-04 4.081632653061225725e-04 3.306122448979592621e-02 4.081632653061225725e-04
3.521126760563378301e-04 2.147887323943660498e-02 3.521126760563378301e-04 3.908450704225349681e-02 3.521126760563378301e-04 7.077464788732390488e-02 3.521126760563378301e-04 3.521126760563378301e-04 3.521126760563378301e-04 3.521126760563378301e-04 3.521126760563378301e-04 3.521126760563378301e-04 1.799295774647886315e-01 3.521126760563378301e-04 1.091549295774647300e-02 4.612676056338025493e-02 1.834507042253520070e-01 3.521126760563378301e-04 7.394366197183094812e-03 3.521126760563378301e-04 6.021126760563377117e-02 2.644366197183096734e-01 1.091549295774647300e-02 9.190140845070417230e-02 3.521126760563378301e-04 7.394366197183094812e-03 3.521126760563378301e-04 3.521126760563378301e-04 3.521126760563378301e-04 3.521126760563378301e-04
5.154639175257734246e-04 5.154639175257734246e-04 1.597938144329897475e-02 5.670103092783507562e-03 5.154639175257734246e-04 5.154639175257734246e-04 5.154639175257734246e-04 3.201030927835052386e-01 6.752577319587631244e-02 2.628865979381444021e-02 5.154639175257734246e-04 8.814432989690725029e-02 2.582474226804124529e-01 5.154639175257734246e-04 1.082474226804124029e-02 5.154639175257734246e-04 1.706185567010309878e-01 5.154639175257734246e-04 1.597938144329897475e-02 5.154639175257734246e-04 5.154639175257734246e-04 5.154639175257734246e-04 5.154639175257734246e-04 1.082474226804124029e-02 5.154639175257734246e-04 5.154639175257734246e-04 5.154639175257734246e-04 5.154639175257734246e-04 5.154639175257734246e-04 5.154639175257734246e-04
2.724795640326975053e-04 1.934604904632152012e-02 2.724795640326975053e-04 1.256130790190735369e-01 7.111716621253404147e-02 2.724795640326975053e-04 2.724795640326975053e-04 2.291553133514985519e-01 2.724795640326975053e-04 1.117166212534059441e-02 2.724795640326975053e-04 8.446866485013622070e-03 8.746594005449588594e-02 2.724795640326975053e-04 1.038147138964577443e-01 2.724795640326975053e-04 6.566757493188009331e-02 6.021798365122614516e-02 1.934604904632152012e-02 8.446866485013622070e-03 2.724795640326975053e-04 3.297002724795639050e-02 2.724795640326975053e-04 2.724795640326975053e-04 2.724795640326975053e-04 4.659400544959126783e-02 1.065395095367847184e-01 2.724795640326975053e-04 2.724795640326975053e-04 2.724795640326975053e-04
8.076923076923075290e-03 1.576923076923076456e-02 3.846153846153845608e-04 4.269230769230768219e-02 3.846153846153845608e-04 2.234615384615384059e-01 3.846153846153845608e-04 2.730769230769230019e-02 3.846153846153845608e-04 3.846153846153845608e-04 3.846153846153845608e-04 3.846153846153845608e-04 1.811538461538461098e-01 3.846153846153845608e-04 9.269230769230767109e-02 1.961538461538461092e-02 3.846153846153845608e-04 3.846153846153845608e-04 3.846153846153845608e-04 1.080769230769230566e-01 4.230769230769229790e-03 1.696153846153845846e-01 3.846153846153845608e-04 3.846153846153845608e-04 4.230769230769229790e-03 3.846153846153845608e-04 2.346153846153845382e-02 6.961538461538460676e-02 3.846153846153845608e-04 4.230769230769229790e-03
3.546099290780142083e-04 7.446808510638298212e-03 2.163120567375886524e-02 1.453900709219857999e-02 3.900709219858156454e-03 7.446808510638298212e-03 3.546099290780142083e-04 3.546099290780142083e-04 3.546099290780142083e-04 3.546099290780142083e-04 3.546099290780142083e-04 3.546099290780142083e-04 2.095744680851063801e-01 2.517730496453900527e-02 3.936170212765957577e-02 3.546099290780142083e-04 1.173758865248226979e-01 3.546099290780142083e-04 3.546099290780142083e-04 1.067375886524822709e-01 3.546099290780142083e-04 2.166666666666666741e-01 3.546099290780142083e-04 1.808510638297872175e-02 3.546099290780142083e-04 3.546099290780142083e-04 3.546099290780142083e-04 1.953900709219858201e-01 7.446808510638298212e-03 3.900709219858156454e-03
3.058103975535167462e-04 9.480122324159017885e-03 3.058103975535167462e-04 3.058103975535167462e-04 3.058103975535167462e-04 2.694189602446482312e-01 3.058103975535167462e-04 3.058103975535167462e-04 3.058103975535167462e-04 3.058103975535167462e-04 3.058103975535167462e-04 3.058103975535167462e-04 1.654434250764525438e-01 1.559633027522935173e-02 3.058103975535167462e-04 6.758409785932720237e-02 2.663608562691130444e-01 3.058103975535167462e-04 3.058103975535167462e-04 3.058103975535167462e-04 3.700305810397552103e-02 1.470948012232415336e-01 3.058103975535167462e-04 6.422018348623850965e-03 3.058103975535167462e-04 3.058103975535167462e-04 3.058103975535167462e-04 3.058103975535167462e-04 9.480122324159017885e-03 3.058103975535167462e-04
4.310344827586206837e-04 3.922413793103447788e-02 4.310344827586206837e-04 4.310344827586206837e-04 4.310344827586206837e-04 8.663793103448275135e-02 4.784482758620688808e-02 4.310344827586206837e-04 4.741379310344827520e-03 3.060344827586206420e-02 4.310344827586206837e-04 4.310344827586206837e-04 1.943965517241379171e-01 4.310344827586206837e-04 3.060344827586206420e-02 9.525862068965516849e-02 1.340517241379310109e-01 4.310344827586206837e-04 4.741379310344827520e-03 4.310344827586206837e-04 4.310344827586206837e-04 2.590517241379309832e-01 4.310344827586206837e-04 4.310344827586206837e-04 4.310344827586206837e-04 4.310344827586206837e-04 4.353448275862067951e-02 9.051724137931033490e-03 1.336206896551724033e-02 4.310344827586206837e-04
4.830917874396136770e-04 1.980676328502415859e-02 4.830917874396136770e-04 4.830917874396136770e-04 4.830917874396136770e-04 9.710144927536235038e-02 4.830917874396136770e-04 4.830917874396136770e-04 3.913043478260870567e-02 4.830917874396136770e-04 4.830917874396136770e-04 4.830917874396136770e-04 4.830917874396136770e-04 3.913043478260870567e-02 4.830917874396136770e-04 3.338164251207730304e-01 2.951690821256039432e-01 4.830917874396136770e-04 4.830917874396136770e-04 2.463768115942029449e-02 4.830917874396136770e-04 1.405797101449275943e-01 4.830917874396136770e-04 4.830917874396136770e-04 4.830917874396136770e-04 4.830917874396136770e-04 4.830917874396136770e-04 4.830917874396136770e-04 4.830917874396136770e-04 4.830917874396136770e-04
3.038674033149170364e-03 2.762430939226518463e-04 2.762430939226518463e-04 2.762430939226518463e-04 2.762430939226518463e-04 2.762430939226518463e-04 2.762430939226518463e-04 2.762430939226518463e-04 1.685082872928176170e-02 5.801104972375689152e-03 2.762430939226518463e-04 2.762430939226518463e-04 6.657458563535910423e-02 2.762430939226518463e-04 2.046961325966850098e-01 3.925414364640882336e-01 2.762430939226518463e-04 3.066298342541435434e-02 2.762430939226518463e-04 2.762430939226518463e-04 2.762430939226518463e-04 2.762430939226518463e-04 2.762430939226518463e-04 2.762430939226518463e-04 2.762430939226518463e-04 9.143646408839777029e-02 2.762430939226518463e-04 8.563535911602207507e-03 1.743093922651933192e-01 2.762430939226518463e-04
4.587155963302753090e-04 4.587155963302753090e-04 4.587155963302753090e-04 5.045871559633028670e-03 1.422018348623853463e-02 1.839449541284403911e-01 4.587155963302753090e-04 4.587155963302753090e-04 4.587155963302753090e-04 4.587155963302753090e-04 4.587155963302753090e-04 4.587155963302753090e-04 1.422018348623853463e-02 4.587155963302753090e-04 9.633027522935782086e-03 1.197247706422018554e-01 3.720183486238532455e-01 4.587155963302753090e-04 4.587155963302753090e-04 4.587155963302753090e-04 4.587155963302753090e-04 2.022935779816514013e-01 4.587155963302753090e-04 4.587155963302753090e-04 4.587155963302753090e-04 4.587155963302753090e-04 1.422018348623853463e-02 4.587155963302753090e-04 4.587155963302753090e-04 5.550458715596330583e-02
2.347988774555659700e-02 9.354536950420955092e-05 7.577174929840972337e-03 9.354536950420955092e-05 2.067352666043030876e-02 9.354536950420955092e-05 1.225444340505144926e-02 5.809167446211412761e-02 1.599625818521983184e-02 8.521983161833489306e-02 9.354536950420955092e-05 1.964452759588400637e-03 9.354536950420955092e-05 9.354536950420955092e-05 7.118802619270345189e-02 1.412535079513563968e-02 9.354536950420955092e-05 9.354536950420955092e-05 3.835360149672591059e-03 9.354536950420955092e-05 3.835360149672591059e-03 9.354536950420955092e-05 9.354536950420955092e-05 9.354536950420955092e-05 1.028999064546304992e-03 9.354536950420955092e-05 3.564078578110383561e-02 9.354536950420955092e-05 6.352666043030870124e-01 8.512628624883068415e-03
2.499999999999999618e-03 7.045454545454543985e-03 2.911363636363635266e-01 8.659090909090906563e-02 4.795454545454544415e-02 2.499999999999999618e-03 3.204545454545453670e-02 2.272727272727272183e-04 2.272727272727272183e-04 2.272727272727272183e-04 1.613636363636363272e-02 2.272727272727272183e-04 2.272727272727272183e-04 1.159090909090908748e-02 2.749999999999999320e-02 2.272727272727272183e-04 4.772727272727271368e-03 2.272727272727272183e-04 2.272727272727272183e-04 2.272727272727272183e-04 1.274999999999999745e-01 2.272727272727272183e-04 2.272727272727272183e-04 3.093181818181817144e-01 2.272727272727272183e-04 2.272727272727272183e-04 2.272727272727272183e-04 2.272727272727272183e-04 2.749999999999999320e-02 2.499999999999999618e-03
6.675567423230974716e-05 1.401869158878504785e-03 6.675567423230974716e-05 2.009345794392523518e-02 6.675567423230974716e-05 6.675567423230974716e-05 6.748998664886514398e-02 1.008010680907877113e-02 7.409879839786381352e-03 5.280373831775700411e-02 6.742323097463284558e-03 1.275033377837116177e-02 1.742323097463284454e-02 6.675567423230974716e-05 4.612817089452603270e-02 3.744993324432576570e-02 6.675567423230974716e-05 2.736982643524699457e-03 6.675567423230974716e-05 6.675567423230974716e-05 2.736982643524699457e-03 7.082777036048064356e-02 2.743658210947930512e-02 6.675567423230974716e-05 6.675567423230974716e-05 6.742323097463284558e-03 1.208277703604806498e-02 6.675567423230974716e-05 5.968624833110814931e-01 6.675567423230974716e-05
3.636363636363635059e-04 3.636363636363635059e-04 3.636363636363635059e-04 3.636363636363635059e-04 7.636363636363633842e-03 3.636363636363635059e-04 2.185454545454544595e-01 3.636363636363635059e-04 3.999999999999998349e-03 3.636363636363635059e-04 8.036363636363633156e-02 3.999999999999998349e-03 7.636363636363633842e-03 2.581818181818180610e-02 2.581818181818180610e-02 3.636363636363635059e-04 3.636363636363635059e-04 2.218181818181817061e-02 1.854545454545453512e-02 3.636363636363635059e-04 3.999999999999998349e-03 2.694545454545453356e-01 2.294545454545453556e-01 3.636363636363635059e-04 3.999999999999998349e-03 1.854545454545453512e-02 3.636363636363635059e-04 1.127272727272726760e-02 4.036363636363634461e-02 3.999999999999998349e-03
5.076142131979696770e-04 5.076142131979696770e-04 5.076142131979696770e-04 5.076142131979696770e-04 5.076142131979696770e-04 5.076142131979696770e-04 4.573604060913706859e-01 5.076142131979696770e-04 5.076142131979696770e-04 5.076142131979696770e-04 5.076142131979696770e-04 5.076142131979696770e-04 1.121827411167513056e-01 1.065989847715736322e-02 7.157360406091371752e-02 5.076142131979696770e-04 1.065989847715736322e-02 5.076142131979696770e-04 5.583756345177667314e-03 4.111675126903554384e-02 5.076142131979696770e-04 2.593908629441625258e-01 2.081218274111675676e-02 5.076142131979696770e-04 5.076142131979696770e-04 5.076142131979696770e-04 5.076142131979696770e-04 5.076142131979696770e-04 5.076142131979696770e-04 5.076142131979696770e-04
2.427184466019417374e-04 2.427184466019417374e-04 2.427184466019417374e-04 2.427184466019417374e-04 2.427184466019417374e-04 2.669902912621359165e-03 1.480582524271844419e-02 2.427184466019417374e-04 2.427184466019417374e-04 9.951456310679609660e-03 4.150485436893203844e-02 9.951456310679609660e-03 2.427184466019417374e-04 2.427184466019417374e-04 2.089805825242717907e-01 2.817961165048543104e-01 2.427184466019417374e-04 2.694174757281552965e-02 2.427184466019417374e-04 2.427184466019417374e-04 2.427184466019417374e-04 2.235436893203883169e-01 2.427184466019417374e-04 2.936893203883494605e-02 3.179611650485436591e-02 2.427184466019417374e-04 2.427184466019417374e-04 2.427184466019417374e-04 1.143203883495145512e-01 2.427184466019417374e-04
3.571428571428572510e-04 3.571428571428572510e-04 1.821428571428571758e-02 3.571428571428572510e-04 3.928571428571429706e-03 3.571428571428572510e-04 4.678571428571429158e-02 5.750000000000001638e-02 1.039285714285714535e-01 3.571428571428572510e-04 9.321428571428573562e-02 1.464285714285714496e-02 3.571428571428572510e-04 2.535714285714285934e-02 1.464285714285714496e-02 3.571428571428572510e-04 3.571428571428572510e-04 3.571428571428572510e-04 1.464285714285714496e-02 3.571428571428572510e-04 5.750000000000001638e-02 2.253571428571428947e-01 4.678571428571429158e-02 1.821428571428571758e-02 3.928571428571429706e-03 3.571428571428572510e-04 3.571428571428572510e-04 3.571428571428572510e-04 1.646428571428571741e-01 8.607142857142859038e-02
7.894736842105261679e-03 3.759398496240600645e-04 3.759398496240600645e-04 3.759398496240600645e-04 3.759398496240600645e-04 6.052631578947367808e-02 1.917293233082706383e-02 4.135338345864661251e-03 1.541353383458646080e-02 4.135338345864661251e-03 3.759398496240600645e-04 3.759398496240600645e-04 3.759398496240600645e-04 6.428571428571427937e-02 2.071428571428571008e-01 8.308270676691728585e-02 7.894736842105261679e-03 3.759398496240600645e-04 3.759398496240600645e-04 3.759398496240600645e-04 7.894736842105261679e-03 3.763157894736841036e-01 7.894736842105261679e-03 3.759398496240600645e-04 3.759398496240600645e-04 3.759398496240600645e-04 3.759398496240600645e-04 3.759398496240600645e-04 1.281954887218045014e-01 3.759398496240600645e-04
3.174603174603173516e-04 3.174603174603173516e-04 9.555555555555553249e-02 3.174603174603173516e-04 2.098412698412697452e-01 3.174603174603173516e-04 3.174603174603173516e-04 3.174603174603173516e-04 3.174603174603173516e-04 9.841269841269838226e-03 3.174603174603173516e-04 3.492063492063491193e-03 3.174603174603173516e-04 3.174603174603173516e-04 3.174603174603173516e-04 3.174603174603173516e-04 1.619047619047618222e-02 3.174603174603173516e-04 3.174603174603173516e-04 3.174603174603173516e-04 2.542857142857141706e-01 7.333333333333330595e-02 3.174603174603173516e-04 2.161904761904760996e-01 3.174603174603173516e-04 3.174603174603173516e-04 5.746031746031744075e-02 5.746031746031744075e-02 3.174603174603173516e-04 3.174603174603173516e-04
3.012048192771083518e-04 3.012048192771083518e-04 3.012048192771083518e-04 3.012048192771083518e-04 3.012048192771083518e-04 4.249999999999998224e-01 3.012048192771083518e-04 6.957831325301203074e-02 3.012048192771083518e-04 3.012048192771083518e-04 3.012048192771083518e-04 3.012048192771083518e-04 3.012048192771083518e-04 3.012048192771083518e-04 3.042168674698794012e-02 5.150602409638552898e-02 2.713855421686746094e-01 3.012048192771083518e-04 6.325301204819275443e-03 3.012048192771083518e-04 3.343373493975902028e-02 3.012048192771083518e-04 6.325301204819275443e-03 3.313253012048191816e-03 3.012048192771083518e-04 3.012048192771083518e-04 3.012048192771083518e-04 9.668674698795177991e-02 3.012048192771083518e-04 3.012048192771083518e-04
4.065040650406505146e-04 4.065040650406505146e-04 4.065040650406505146e-04 4.065040650406505146e-04 4.065040650406505146e-04 5.613821138211383399e-01 4.105691056910570208e-02 7.357723577235775192e-02 4.065040650406505146e-04 4.065040650406505146e-04 4.065040650406505146e-04 4.065040650406505146e-04 4.065040650406505146e-04 4.065040650406505146e-04 2.886178861788618252e-02 4.065040650406505146e-04 4.512195121951220744e-02 4.065040650406505146e-04 4.065040650406505146e-04 4.065040650406505146e-04 1.304878048780488131e-01 4.065040650406505146e-04 4.065040650406505146e-04 4.065040650406505146e-04 4.065040650406505146e-04 4.065040650406505146e-04 1.101626016260162932e-01 4.065040650406505146e-04 4.065040650406505146e-04 4.065040650406505146e-04
1.834862385321100640e-04 3.853211009174311100e-03 1.834862385321100640e-04 1.834862385321100640e-04 1.834862385321100640e-04 1.834862385321100640e-04 9.376146788990824543e-02 9.357798165137612423e-03 2.403669724770641711e-02 1.834862385321100640e-04 2.770642201834861915e-02 1.834862385321100640e-04 2.018348623853210948e-03 1.834862385321100640e-04 1.561467889908256523e-01 7.357798165137613422e-02 6.990825688073393218e-02 1.834862385321100640e-04 1.834862385321100640e-04 1.302752293577981273e-02 3.853211009174311100e-03 2.258715596330274633e-01 5.339449541284402995e-02 1.834862385321100640e-04 1.834862385321100640e-04 1.834862385321100640e-04 1.616513761467889554e-01 7.522935779816511404e-03 7.174311926605503320e-02 1.834862385321100640e-04
2.997032640949553670e-02 2.967359050445103207e-04 2.967359050445103207e-04 2.967359050445103207e-04 5.667655786350146718e-02 2.967359050445103207e-04 1.635014836795251614e-01 2.967359050445103207e-04 4.480712166172105132e-02 2.967359050445103207e-04 1.961424332344212929e-01 2.106824925816023000e-02 2.967359050445103207e-04 3.264094955489613582e-03 2.997032640949553670e-02 9.228486646884270783e-02 2.967359050445103207e-04 2.967359050445103207e-04 2.967359050445103207e-04 2.967359050445103207e-04 2.967359050445103207e-04 1.813056379821957886e-01 2.967359050445103207e-04 2.967359050445103207e-04 2.967359050445103207e-04 2.967359050445103207e-04 5.074183976261126272e-02 2.967359050445103207e-04 1.249258160237388393e-01 2.967359050445103207e-04
3.389830508474574330e-04 1.698305084745761750e-01 3.389830508474574330e-04 3.389830508474574330e-04 4.779661016949149355e-02 6.135593220338979997e-02 5.457627118644065023e-02 3.389830508474574330e-04 3.389830508474574330e-04 7.118644067796606363e-03 3.389830508474574330e-04 3.389830508474574330e-04 1.223728813559321338e-01 3.389830508474574330e-04 3.389830508474574330e-04 3.728813559322031925e-03 4.101694915254235074e-02 3.389830508474574330e-04 3.389830508474574330e-04 3.389830508474574330e-04 1.054237288135592698e-01 2.511864406779659165e-01 3.389830508474574330e-04 9.525423728813554869e-02 3.389830508474574330e-04 3.389830508474574330e-04 2.067796610169490151e-02 3.389830508474574330e-04 1.389830508474575350e-02 3.389830508474574330e-04
2.610966057441253189e-04 2.872062663185378454e-03 2.610966057441253189e-04 2.610966057441253189e-04 2.610966057441253189e-04 1.725848563968667981e-01 2.610966057441253189e-04 2.610966057441253189e-04 2.610966057441253189e-04 2.610966057441253189e-04 2.610966057441253189e-04 2.610966057441253189e-04 2.039164490861618273e-01 2.872062663185378454e-03 1.830287206266318079e-01 2.610966057441253189e-04 1.592689295039164191e-02 2.610966057441253189e-04 2.610966057441253189e-04 5.483028720626631318e-03 2.610966057441253189e-04 7.336814621409920578e-02 2.610966057441253189e-04 1.934725848563968176e-01 2.610966057441253189e-04 2.610966057441253189e-04 1.281984334203655207e-01 2.610966057441253189e-04 2.610966057441253189e-04 1.331592689295038948e-02
7.407407407407407311e-05 2.377777777777777962e-02 7.407407407407407311e-05 6.748148148148147563e-02 7.407407407407407311e-05 2.319259259259259520e-01 7.407407407407407311e-05 7.407407407407407311e-05 7.407407407407407311e-05 2.296296296296296280e-03 7.407407407407407311e-05 7.407407407407407311e-05 3.340740740740740650e-02 7.407407407407407311e-05 1.697037037037036900e-01 7.407407407407407311e-05 2.970370370370370439e-02 7.407407407407407311e-05 7.407407407407407311e-05 7.407407407407407311e-05 1.555555555555555684e-03 9.118518518518517468e-02 2.155555555555555697e-02 3.488888888888889289e-02 8.148148148148148719e-04 2.525925925925925908e-02 2.622962962962963052e-01 3.037037037037036875e-03 7.407407407407407311e-05 7.407407407407407311e-05
4.641350210970465739e-03 4.219409282700423104e-04 3.084388185654008963e-01 4.219409282700423104e-04 4.219409282700423104e-04 4.219409282700423104e-04 4.219409282700423104e-04 4.219409282700423104e-04 4.219409282700423104e-04 1.227848101265823083e-01 4.219409282700423104e-04 4.219409282700423104e-04 3.421940928270043036e-01 4.219409282700423104e-04 1.101265822784810444e-01 4.219409282700423104e-04 4.219409282700423104e-04 4.219409282700423104e-04 4.219409282700423104e-04 4.219409282700423104e-04 4.219409282700423104e-04 5.949367088607596110e-02 4.219409282700423104e-04 3.839662447257384537e-02 4.219409282700423104e-04 4.219409282700423104e-04 4.219409282700423104e-04 4.219409282700423104e-04 4.641350210970465739e-03 4.219409282700423104e-04
2.666666666666666252e-04 8.266666666666665220e-03 2.666666666666666252e-04 2.666666666666666252e-04 2.666666666666666252e-04 1.359999999999999577e-02 2.562666666666665871e-01 2.666666666666666252e-04 2.666666666666666252e-04 2.666666666666666252e-04 2.666666666666666252e-04 2.666666666666666252e-04 2.666666666666666252e-04 2.666666666666666252e-04 1.415999999999999481e-01 2.666666666666666252e-04 2.666666666666666252e-04 2.666666666666666252e-04 2.666666666666666252e-04 2.666666666666666252e-04 1.202666666666666329e-01 3.149333333333332319e-01 1.175999999999999684e-01 5.599999999999998208e-03 2.666666666666666252e-04 1.626666666666666192e-02 2.666666666666666252e-04 2.666666666666666252e-04 2.666666666666666252e-04 2.666666666666666252e-04
5.000000000000001188e-04 5.500000000000002283e-03 5.500000000000002283e-03 5.000000000000001188e-04 5.000000000000001188e-04 3.550000000000001071e-02 4.555000000000001270e-01 5.000000000000001188e-04 5.000000000000001188e-04 5.000000000000001188e-04 5.000000000000001188e-04 5.000000000000001188e-04 5.000000000000001188e-04 5.000000000000001188e-04 7.050000000000002098e-02 5.000000000000001188e-04 5.000000000000001188e-04 5.000000000000001188e-04 5.500000000000002283e-03 1.050000000000000412e-02 5.000000000000001188e-04 3.155000000000001137e-01 5.000000000000001188e-04 7.550000000000002542e-02 1.050000000000000412e-02 5.000000000000001188e-04 5.000000000000001188e-04 5.000000000000001188e-04 5.000000000000001188e-04 5.000000000000001188e-04
4.065040650406505146e-04 4.065040650406505146e-04 4.065040650406505146e-04 4.471544715447155552e-03 4.065040650406505146e-04 9.796747967479677022e-02 1.304878048780488131e-01 4.065040650406505146e-04 4.918699186991870587e-02 8.170731707317076264e-02 6.138211382113822195e-02 4.065040650406505146e-04 4.065040650406505146e-04 4.065040650406505146e-04 4.065040650406505146e-04 4.065040650406505146e-04 4.065040650406505146e-04 4.065040650406505146e-04 4.065040650406505146e-04 4.512195121951220744e-02 8.577235772357726107e-02 2.768292682926829507e-01 1.508130081300813330e-01 4.065040650406505146e-04 4.065040650406505146e-04 4.471544715447155552e-03 4.471544715447155552e-03 4.065040650406505146e-04 4.065040650406505146e-04 4.065040650406505146e-04
1.862197392923649569e-04 1.862197392923649569e-04 1.862197392923649569e-04 1.862197392923649569e-04 1.862197392923649569e-04 2.253258845437615746e-02 2.385474860335194958e-01 1.862197392923649569e-04 1.322160148975791080e-02 1.862197392923649569e-04 1.862197392923649569e-04 5.772811918063313827e-03 1.862197392923649569e-04 1.862197392923649569e-04 6.350093109869645036e-02 1.862197392923649569e-04 6.350093109869645036e-02 1.862197392923649569e-04 2.048417132216014472e-03 1.862197392923649569e-04 1.324022346368714798e-01 3.297951582867783005e-01 4.115456238361265423e-02 8.212290502793294367e-02 1.862197392923649569e-04 1.862197392923649569e-04 1.862197392923649569e-04 2.048417132216014472e-03 1.862197392923649569e-04 1.862197392923649569e-04
3.246753246753245666e-04 3.246753246753245666e-04 3.246753246753245666e-04 2.629870129870128664e-02 3.246753246753245666e-04 3.246753246753245666e-04 2.600649350649349434e-01 3.246753246753245666e-04 3.246753246753245666e-04 3.246753246753245666e-04 3.246753246753245666e-04 3.246753246753245666e-04 3.246753246753245666e-04 2.954545454545453448e-02 1.431818181818181324e-01 3.246753246753245666e-04 3.279220779220778231e-02 6.818181818181816116e-03 3.246753246753245666e-04 3.246753246753245666e-04 6.818181818181816116e-03 4.321428571428569398e-01 3.279220779220778231e-02 1.980519480519479791e-02 3.246753246753245666e-04 3.571428571428570450e-03 3.246753246753245666e-04 3.246753246753245666e-04 3.246753246753245666e-04 3.246753246753245666e-04
3.355704697986575916e-04 1.375838926174496012e-02 3.355704697986575916e-04 9.429530201342278817e-02 3.355704697986575916e-04 6.073825503355703009e-02 3.355704697986575916e-04 3.355704697986575916e-04 1.711409395973153419e-02 3.355704697986575916e-04 3.355704697986575916e-04 3.355704697986575916e-04 1.580536912751677181e-01 3.355704697986575916e-04 2.046979865771811347e-02 3.355704697986575916e-04 4.060402684563756831e-02 3.355704697986575916e-04 7.046979865771809369e-03 4.395973154362414065e-02 1.312080536912751116e-01 1.949664429530200693e-01 3.724832214765098903e-02 1.748322147651006075e-01 3.355704697986575916e-04 3.355704697986575916e-04 3.355704697986575916e-04 3.355704697986575916e-04 3.355704697986575916e-04 3.355704697986575916e-04
3.571428571428571425e-04 3.571428571428571425e-04 3.571428571428571425e-04 3.571428571428571425e-04 3.571428571428571425e-04 3.571428571428571425e-04 1.932142857142857273e-01 3.571428571428571425e-04 7.500000000000000590e-03 3.571428571428571425e-04 3.571428571428571425e-04 3.571428571428571425e-04 3.571428571428571425e-04 3.571428571428571425e-04 7.178571428571428603e-02 3.571428571428571425e-04 3.928571428571428839e-03 3.571428571428571425e-04 3.571428571428571425e-04 3.571428571428571425e-04 2.039285714285714313e-01 3.646428571428571019e-01 2.178571428571428326e-02 1.821428571428571411e-02 3.571428571428571425e-04 3.571428571428571425e-04 3.571428571428571425e-04 3.571428571428571425e-04 1.074999999999999983e-01 3.571428571428571425e-04
3.984063745019921551e-04 1.235059760956175659e-02 3.984063745019921551e-04 3.984063745019921551e-04 3.984063745019921551e-04 3.749003984063745687e-01 3.984063745019921551e-04 2.430278884462151734e-02 3.984063745019921551e-04 3.984063745019921551e-04 8.366533864541834606e-03 3.984063745019921551e-04 1.199203187250996311e-01 3.984063745019921551e-04 8.366533864541834606e-03 3.984063745019921551e-04 2.593625498007968710e-01 3.984063745019921551e-04 1.235059760956175659e-02 3.984063745019921551e-04 3.984063745019921551e-04 3.625498007968128156e-02 3.984063745019921551e-04 3.227091633466135784e-02 3.984063745019921551e-04 4.023904382470120528e-02 3.984063745019921551e-04 5.617529880478088627e-02 8.366533864541834606e-03 3.984063745019921551e-04
2.641261498028909041e-02 1.314060446780551824e-04 2.852825229960577746e-01 1.445466491458606952e-03 1.314060446780551824e-04 1.064388961892246896e-02 6.714848883048619987e-02 6.846254927726674877e-02 4.875164257555847369e-02 1.721419185282522732e-02 2.772667542706964278e-02 3.429697766097240114e-02 2.904073587385019514e-02 1.195795006570301959e-02 2.353482260183968056e-01 1.314060446780551824e-04 3.166885676741129640e-02 1.314060446780551824e-04 1.314060446780551824e-04 1.314060446780551824e-04 2.641261498028909041e-02 1.314060446780551824e-04 2.641261498028909041e-02 1.314060446780551824e-04 1.445466491458606952e-03 2.759526938239158667e-03 1.314060446780551824e-04 4.086727989487515950e-02 5.387647831800261231e-03 1.314060446780551824e-04
5.394736842105264663e-02 1.315789473684211147e-03 1.315789473684211147e-03 1.315789473684211147e-03 1.855263157894737613e-01 2.763157894736843409e-02 1.315789473684211147e-03 1.315789473684211147e-03 1.065789473684210925e-01 1.315789473684211147e-03 1.315789473684211147e-03 1.855263157894737613e-01 1.315789473684211147e-03 1.315789473684211147e-03 9.342105263157897410e-02 1.315789473684211147e-03 1.315789473684211147e-03 2.776315789473685625e-01 1.315789473684211147e-03 1.315789473684211147e-03 1.315789473684211147e-03 1.315789473684211147e-03 1.315789473684211147e-03 1.315789473684211147e-03 1.315789473684211147e-03 1.315789473684211147e-03 1.315789473684211147e-03 1.315789473684211147e-03 1.315789473684211147e-03 4.078947368421054209e-02
3.194888178913737019e-04 3.194888178913737019e-04 3.194888178913737019e-04 3.514376996805110721e-03 3.194888178913737019e-04 3.194888178913737019e-04 2.463258785942490925e-01 2.587859424920126855e-02 3.194888178913737019e-04 3.865814696485621316e-02 3.194888178913737019e-04 3.194888178913737019e-04 1.948881789137379278e-02 3.194888178913737019e-04 1.217252396166133843e-01 3.194888178913737019e-04 3.194888178913737019e-04 3.194888178913737019e-04 3.194888178913737019e-04 3.194888178913737019e-04 1.185303514376996464e-01 2.942492012779551191e-01 1.185303514376996464e-01 6.709265175718847306e-03 3.194888178913737019e-04 3.194888178913737019e-04 3.194888178913737019e-04 3.194888178913737019e-04 3.194888178913737019e-04 3.194888178913737019e-04
3.649635036496349052e-04 3.321167883211677274e-02 1.135036496350364521e-01 7.664233576642333172e-03 4.051094890510947150e-02 3.649635036496349052e-04 1.496350364963502932e-02 2.226277372262772808e-02 2.120437956204378749e-01 3.649635036496349052e-04 3.649635036496349052e-04 1.131386861313868168e-02 1.098540145985401062e-01 3.649635036496349052e-04 4.014598540145983795e-03 3.649635036496349052e-04 3.649635036496349052e-04 3.649635036496349052e-04 3.649635036496349052e-04 3.649635036496349052e-04 1.496350364963502932e-02 3.649635036496349052e-04 3.649635036496349052e-04 4.018248175182480009e-01 3.649635036496349052e-04 3.649635036496349052e-04 3.649635036496349052e-04 4.014598540145983795e-03 4.014598540145983795e-03 3.649635036496349052e-04
2.525252525252525250e-04 2.525252525252525250e-04 2.525252525252525250e-04 2.525252525252525250e-04 2.525252525252525250e-04 2.502525252525252264e-01 2.297979797979797512e-02 2.525252525252525250e-04 2.525252525252525250e-04 2.777777777777777450e-03 2.525252525252525250e-04 2.525252525252525250e-04 2.525252525252525250e-04 2.525252525252525250e-04 4.318181818181818232e-02 7.828282828282826650e-03 1.088383838383838315e-01 5.303030303030302484e-03 2.777777777777777450e-03 2.525252525252525250e-04 2.525252525252525250e-04 2.525252525252525250e-04 2.525252525252525250e-04 1.037878787878787762e-01 2.525252525252525250e-04 2.755050505050504750e-01 7.828282828282826650e-03 2.803030303030302692e-02 1.366161616161616077e-01 2.525252525252525250e-04
4.166666666666667476e-04 4.166666666666667476e-04 4.166666666666667476e-04 4.166666666666667476e-04 4.166666666666667476e-04 4.166666666666667476e-04 4.166666666666667476e-04 6.291666666666667629e-02 4.166666666666667476e-04 8.750000000000000833e-03 8.750000000000000833e-03 4.166666666666667476e-04 5.875000000000000361e-02 7.958333333333335313e-02 1.254166666666666763e-01 9.625000000000001610e-02 4.420833333333333837e-01 4.166666666666667476e-04 3.375000000000000222e-02 4.166666666666667476e-04 4.166666666666667476e-04 4.166666666666667476e-04 4.166666666666667476e-04 6.291666666666667629e-02 4.166666666666667476e-04 1.291666666666666831e-02 4.166666666666667476e-04 4.166666666666667476e-04 4.166666666666667476e-04 4.166666666666667476e-04
2.583979328165373918e-04 3.643410852713176856e-02 2.583979328165373918e-04 1.165374677002583709e-01 1.834625322997415417e-02 1.423772609819121127e-01 2.583979328165373918e-04 2.583979328165373918e-04 2.583979328165373918e-04 2.583979328165373918e-04 2.583979328165373918e-04 2.583979328165373918e-04 2.351421188630490114e-02 3.643410852713176856e-02 5.968992248062014033e-02 1.576227390180878069e-02 2.351421188630490114e-02 2.583979328165373918e-04 2.583979328165373918e-04 2.583979328165373918e-04 7.519379844961238124e-02 5.426356589147285879e-03 8.010335917312660231e-03 3.155038759689921535e-01 2.842377260981911527e-03 2.583979328165373918e-04 2.583979328165373918e-04 2.583979328165373918e-04 1.165374677002583709e-01 2.583979328165373918e-04
