2.744565217391303422e-02 2.717391304347825578e-04 2.717391304347825578e-04 4.269021739130433035e-01 2.989130434782607919e-03 2.717391304347825578e-04 2.717391304347825578e-04 2.717391304347825578e-04 2.717391304347825578e-04 2.717391304347825578e-04 2.717391304347825578e-04 2.717391304347825578e-04 2.717391304347825578e-04 2.989130434782607919e-03 2.717391304347825578e-04 2.717391304347825578e-04 5.706521739130433063e-03 2.285326086956520897e-01 6.277173913043476716e-02 1.089673913043477937e-01 2.717391304347825578e-04 1.385869565217390763e-02 2.717391304347825578e-04 9.538043478260867236e-02 2.717391304347825578e-04 2.989130434782607919e-03 2.717391304347825578e-04 2.989130434782607919e-03 2.989130434782607919e-03 1.114130434782608335e-02
2.444987775061123925e-04 8.581907090464543919e-02 1.420537897310512887e-01 8.826405867970656127e-02 2.689486552567236372e-03 7.579462102689484004e-03 2.444987775061123925e-04 1.002444987775060609e-02 2.444987775061123925e-04 5.403422982885083825e-02 1.493887530562346688e-01 2.444987775061123925e-04 2.444987775061123925e-04 5.892420537897308241e-02 2.471882640586795798e-01 2.444987775061123925e-04 2.444987775061123925e-04 1.004889975550121856e-01 2.469437652811734898e-02 2.444987775061123925e-04 2.444987775061123925e-04 2.444987775061123925e-04 2.444987775061123925e-04 2.444987775061123925e-04 2.444987775061123925e-04 1.980440097799510135e-02 2.689486552567236372e-03 2.444987775061123925e-04 2.689486552567236372e-03 2.444987775061123925e-04
2.405523255813954431e-02 7.267441860465118889e-05 4.295058139534885244e-02 2.733284883720931147e-01 4.222383720930233952e-02 7.267441860465118889e-05 7.267441860465118889e-05 7.267441860465118889e-05 8.066860465116280909e-03 1.468750000000000333e-01 3.568313953488373713e-02 7.267441860465118889e-05 2.252906976744186666e-03 2.768895348837210196e-02 7.267441860465118889e-05 7.267441860465118889e-05 1.751453488372093845e-02 3.859011627906978187e-02 1.097383720930232912e-02 7.267441860465118889e-05 6.693313953488373713e-02 3.706395348837210335e-03 2.550872093023256668e-02 3.786337209302326895e-02 1.425145348837209835e-01 7.267441860465118889e-05 3.706395348837210335e-03 2.550872093023256668e-02 1.824127906976744790e-02 5.159883720930234438e-03
2.777777777777777016e-03 2.525252525252524708e-04 2.525252525252524708e-04 2.525252525252524708e-04 3.560606060606059248e-02 2.525252525252524708e-04 2.957070707070705851e-01 2.525252525252524708e-04 9.621212121212119328e-02 2.073232323232322427e-01 2.525252525252524708e-04 1.517676767676767180e-01 1.189393939393939142e-01 3.560606060606059248e-02 2.777777777777777016e-03 2.525252525252524708e-04 2.525252525252524708e-04 2.525252525252524708e-04 2.525252525252524708e-04 2.525252525252524708e-04 2.525252525252524708e-04 2.525252525252524708e-04 2.525252525252524708e-04 2.525252525252524708e-04 2.525252525252524708e-04 2.525252525252524708e-04 2.525252525252524708e-04 2.777777777777777016e-03 2.525252525252524708e-04 4.570707070707069608e-02
9.225941422594140240e-02 7.343096234309622050e-02 2.301255230125522685e-03 8.807531380753136352e-02 8.389121338912132464e-02 2.092050209205020524e-04 6.485355648535563733e-03 2.092050209205020524e-04 2.092050209205020524e-04 7.970711297071128576e-02 2.092050209205020524e-04 1.675732217573221161e-01 9.435146443514642878e-02 2.092050209205020524e-04 2.092050209205020524e-04 2.092050209205020524e-04 2.092050209205020524e-04 1.485355648535564496e-02 2.092050209205020524e-04 6.485355648535563733e-03 2.092050209205020524e-04 2.301255230125522685e-03 2.092050209205020524e-04 2.092050209205020524e-04 2.092050209205020524e-04 2.301255230125522685e-03 2.092050209205020524e-04 2.092050209205020524e-04 2.092050209205020524e-04 2.826359832635982339e-01
1.027350427350427337e-01 1.709401709401709400e-04 1.709401709401709400e-04 1.386324786324786285e-01 5.658119658119658418e-02 2.068376068376068244e-02 1.709401709401709400e-04 2.239316239316239271e-02 6.341880341880341831e-02 1.796581196581196471e-01 1.709401709401709400e-04 1.709401709401709400e-04 1.709401709401709400e-04 1.709401709401709400e-04 1.709401709401709400e-04 8.717948717948717507e-03 1.709401709401709400e-04 1.709401709401709400e-04 3.589743589743589740e-03 1.709401709401709400e-04 3.589743589743589740e-03 4.632478632478632952e-02 2.239316239316239271e-02 1.709401709401709400e-04 1.709401709401709400e-04 7.008547008547008107e-03 1.709401709401709400e-04 1.709401709401709400e-04 1.709401709401709400e-04 3.215384615384615508e-01
2.070393374741200272e-04 4.681159420289853212e-01 2.070393374741200272e-04 2.070393374741200272e-04 3.333333333333332593e-02 2.070393374741200272e-04 1.327122153209109034e-01 2.070393374741200272e-04 8.302277432712212857e-02 2.031055900621117072e-01 2.070393374741200272e-04 2.070393374741200272e-04 1.262939958592131963e-02 2.070393374741200272e-04 2.070393374741200272e-04 2.070393374741200272e-04 2.070393374741200272e-04 2.070393374741200272e-04 2.070393374741200272e-04 2.070393374741200272e-04 2.070393374741200272e-04 2.070393374741200272e-04 4.782608695652172670e-02 2.070393374741200272e-04 2.277432712215320381e-03 2.070393374741200272e-04 6.418219461697720167e-03 2.070393374741200272e-04 2.070393374741200272e-04 6.418219461697720167e-03
3.373860182370819194e-02 3.285714285714284588e-01 4.410334346504557468e-01 3.373860182370819194e-02 6.382978723404253256e-03 3.039513677811549273e-04 3.343465045592704417e-03 3.039513677811549273e-04 3.039513677811549273e-04 3.039513677811549273e-04 2.158054711246199658e-02 3.039513677811549273e-04 4.589665653495438730e-02 1.550151975683889891e-02 3.039513677811549273e-04 3.039513677811549273e-04 3.039513677811549273e-04 3.039513677811549273e-04 3.039513677811549273e-04 3.039513677811549273e-04 3.039513677811549273e-04 6.109422492401214017e-02 3.039513677811549273e-04 3.039513677811549273e-04 3.039513677811549273e-04 3.039513677811549273e-04 3.039513677811549273e-04 3.039513677811549273e-04 3.039513677811549273e-04 3.343465045592704417e-03
6.806451612903226256e-02 2.422580645161290236e-01 6.774193548387097419e-03 3.225806451612903223e-04 7.774193548387096919e-02 3.225806451612903223e-04 1.293548387096774277e-01 3.225806451612903223e-04 4.548387096774193089e-02 4.870967741935483541e-02 3.225806451612903223e-04 1.583870967741935476e-01 3.225806451612903223e-04 3.225806451612903223e-04 3.225806451612903223e-04 3.225806451612903223e-04 3.225806451612903223e-04 3.225806451612903223e-04 3.225806451612903223e-04 3.225806451612903223e-04 3.225806451612903223e-04 3.225806451612903223e-04 3.225806451612903223e-04 3.225806451612903223e-04 3.225806451612903223e-04 3.225806451612903223e-04 3.225806451612903223e-04 2.164516129032257874e-01 3.225806451612903223e-04 3.225806451612903223e-04
7.851405622489959768e-02 1.467871485943774701e-01 1.728915662650602203e-01 1.909638554216867012e-01 1.024096385542168537e-02 2.008032128514056040e-04 3.835341365461847341e-02 2.008032128514056040e-04 2.008032128514056040e-04 1.046184738955823201e-01 2.008032128514056040e-04 2.008032128514056040e-04 2.008032128514056040e-04 2.008032128514056040e-04 2.630522088353413196e-02 2.008032128514056040e-04 2.008032128514056040e-04 1.447791164658634167e-01 2.008032128514056040e-04 8.232931726907628464e-03 2.008032128514056040e-04 2.008032128514056040e-04 2.008032128514056040e-04 4.216867469879518118e-03 2.008032128514056040e-04 2.008032128514056040e-04 6.847389558232931661e-02 2.008032128514056040e-04 2.208835341365461644e-03 2.008032128514056040e-04
1.683501683501683048e-04 1.683501683501683048e-04 6.245791245791243451e-02 2.392255892255891192e-01 1.683501683501683048e-04 1.683501683501683048e-04 3.047138047138046174e-02 5.218855218855216610e-03 1.683501683501683048e-04 4.898989898989897229e-02 2.560606060606059331e-01 1.683501683501683048e-04 1.683501683501683048e-04 1.683501683501683048e-04 1.683501683501683048e-04 1.683501683501683048e-04 1.683501683501683048e-04 2.947811447811446439e-01 4.730639730639728952e-02 1.683501683501683048e-04 1.683501683501683048e-04 1.683501683501683048e-04 1.683501683501683048e-04 6.902356902356899387e-03 5.218855218855216610e-03 1.683501683501683048e-04 1.683501683501683048e-04 1.683501683501683048e-04 1.683501683501683048e-04 1.683501683501683048e-04
2.044989775051124503e-04 2.865030674846624770e-01 4.723926380368097255e-02 2.044989775051124503e-04 9.631901840490796063e-02 2.044989775051124503e-04 2.883435582822085202e-02 2.044989775051124503e-04 2.044989775051124503e-04 6.768916155419221758e-02 2.044989775051124503e-04 2.415132924335377518e-01 2.044989775051124503e-04 1.494887525562371700e-01 2.044989775051124503e-04 2.044989775051124503e-04 2.044989775051124503e-04 2.249488752556236953e-03 2.044989775051124503e-04 2.044989775051124503e-04 2.044989775051124503e-04 2.044989775051124503e-04 2.249488752556236953e-03 2.044989775051124503e-04 2.044989775051124503e-04 2.249488752556236953e-03 2.249488752556236953e-03 1.860940695296522951e-02 2.044989775051124503e-04 5.132924335378322156e-02
1.811224489795917880e-02 3.905612244897957996e-01 2.551020408163264452e-04 2.551020408163264452e-04 2.551020408163264452e-04 2.551020408163264452e-04 2.551020408163264452e-04 2.806122448979591223e-03 2.551020408163264452e-04 1.380102040816326148e-01 7.908163265306120127e-03 1.278061224489795700e-01 2.551020408163264452e-04 2.551020408163264452e-04 2.551020408163264452e-04 2.551020408163264452e-04 2.551020408163264452e-04 2.551020408163264452e-04 2.551020408163264452e-04 2.551020408163264452e-04 2.551020408163264452e-04 4.617346938775509363e-02 2.551020408163264452e-04 2.551020408163264452e-04 2.551020408163264452e-04 2.551020408163264452e-04 2.551020408163264452e-04 2.017857142857142072e-01 1.045918367346938306e-02 5.127551020408162297e-02
3.127753303964758008e-02 1.061674008810573056e-01 4.405286343612336078e-04 4.405286343612336078e-04 1.017621145374449643e-01 4.405286343612336078e-04 4.889867841409692439e-02 7.092511013215861693e-02 4.405286343612336078e-04 1.806167400881057705e-02 4.405286343612336078e-04 4.845814977973569686e-03 4.845814977973569686e-03 4.845814977973569686e-03 4.405286343612336078e-04 3.308370044052864056e-01 4.405286343612336078e-04 4.405286343612336078e-04 4.405286343612336078e-04 2.030837004405287027e-01 5.330396475770926568e-02 4.405286343612336078e-04 4.405286343612336078e-04 4.405286343612336078e-04 4.405286343612336078e-04 4.405286343612336078e-04 4.405286343612336078e-04 4.405286343612336078e-04 1.365638766519824097e-02 4.405286343612336078e-04
9.326923076923078482e-02 3.205128205128205668e-04 3.205128205128205668e-04 3.525641025641026560e-03 3.205128205128205668e-04 3.592948717948718507e-01 3.205128205128205668e-04 3.205128205128205668e-04 1.894230769230769718e-01 6.762820512820515162e-02 3.205128205128205668e-04 5.480769230769232114e-02 3.205128205128205668e-04 3.205128205128205668e-04 3.205128205128205668e-04 3.205128205128205668e-04 3.205128205128205668e-04 3.205128205128205668e-04 3.205128205128205668e-04 3.205128205128205668e-04 3.525641025641026560e-03 2.916666666666667060e-02 3.205128205128205668e-04 3.205128205128205668e-04 3.205128205128205668e-04 3.205128205128205668e-04 3.205128205128205668e-04 3.205128205128205668e-04 3.205128205128205668e-04 1.926282051282051655e-01
4.527027027027025891e-02 4.527027027027025891e-02 1.736486486486485958e-01 2.725225225225224451e-02 2.252252252252251745e-04 9.234234234234231856e-03 2.477477477477476892e-03 2.477477477477476892e-03 2.477477477477476892e-03 8.355855855855853775e-02 4.977477477477476597e-02 6.981981981981980057e-03 2.252252252252251745e-04 2.252252252252251745e-04 2.950450450450449458e-02 9.234234234234231856e-03 2.252252252252251745e-04 7.905405405405403763e-02 4.527027027027025891e-02 4.729729729729729125e-03 2.252252252252251745e-04 2.252252252252251745e-04 2.274774774774774092e-02 2.457207207207206534e-01 2.252252252252251745e-04 1.148648648648648192e-02 2.049549549549549085e-02 2.252252252252251745e-04 8.130630630630629463e-02 2.252252252252251745e-04
3.436426116838488232e-04 4.092783505154639068e-01 3.436426116838488232e-04 3.780068728522337218e-03 6.907216494845361265e-02 3.436426116838488232e-04 3.436426116838488232e-04 3.436426116838488232e-04 3.436426116838488232e-04 3.436426116838488232e-04 1.065292096219931303e-02 1.859106529209622050e-01 3.436426116838488232e-04 3.436426116838488232e-04 3.436426116838488232e-04 3.436426116838488232e-04 3.436426116838488232e-04 3.436426116838488232e-04 3.436426116838488232e-04 3.780068728522337218e-03 3.436426116838488232e-04 3.436426116838488232e-04 3.436426116838488232e-04 3.436426116838488232e-04 3.436426116838488232e-04 3.436426116838488232e-04 2.439862542955326466e-02 1.481099656357388328e-01 2.783505154639175083e-02 1.103092783505154745e-01
2.267573696145124289e-04 1.249433106575963404e-01 2.587301587301586436e-01 2.267573696145124289e-04 2.267573696145124289e-04 2.267573696145124289e-04 5.918367346938774309e-02 2.267573696145124289e-04 6.825396825396823353e-02 9.092970521541948736e-02 3.197278911564625098e-02 1.544217687074829481e-01 4.761904761904760600e-03 2.267573696145124289e-04 5.918367346938774309e-02 2.267573696145124289e-04 2.494331065759636690e-03 2.267573696145124289e-04 5.464852607709749788e-02 2.267573696145124289e-04 1.609977324263037884e-02 2.267573696145124289e-04 2.267573696145124289e-04 7.052154195011337001e-02 2.267573696145124289e-04 2.267573696145124289e-04 2.267573696145124289e-04 2.267573696145124289e-04 2.267573696145124289e-04 2.267573696145124289e-04
7.127799736495386840e-02 3.361001317523055754e-01 4.756258234519102762e-02 1.226613965744400153e-01 1.317523056653491058e-04 1.317523056653491058e-04 1.594202898550724223e-02 1.317523056653491058e-04 1.317523056653491058e-04 9.367588932806319990e-02 5.283267457180499532e-02 1.317523056653491058e-04 2.766798418972331221e-03 1.317523056653491058e-04 1.449275362318840164e-03 1.317523056653491058e-04 1.317523056653491058e-04 6.732542819499338915e-02 5.401844532279312903e-03 1.330698287220025838e-02 1.317523056653491058e-04 1.449275362318840164e-03 2.911725955204215455e-02 2.911725955204215455e-02 1.317523056653491058e-04 1.317523056653491058e-04 6.732542819499338915e-02 1.317523056653491058e-04 4.097496706192357147e-02 1.317523056653491058e-04
2.747252747252746708e-04 3.162087912087910846e-01 3.519230769230767830e-01 2.747252747252746708e-04 2.747252747252746708e-04 1.126373626373625841e-02 2.499999999999999098e-02 2.747252747252746708e-04 2.499999999999999098e-02 7.994505494505492471e-02 1.156593406593406231e-01 2.747252747252746708e-04 2.747252747252746708e-04 8.516483516483513982e-03 2.747252747252746708e-04 2.747252747252746708e-04 2.747252747252746708e-04 4.423076923076921935e-02 2.747252747252746708e-04 2.747252747252746708e-04 2.747252747252746708e-04 2.747252747252746708e-04 2.747252747252746708e-04 2.747252747252746708e-04 2.747252747252746708e-04 2.747252747252746708e-04 2.747252747252746708e-04 1.675824175824175075e-02 2.747252747252746708e-04 2.747252747252746708e-04
2.518891687657430121e-04 2.395465994962215905e-01 4.108312342569268028e-01 2.518891687657430121e-04 2.770780856423173295e-03 8.085642317380350996e-02 7.329974811083121711e-02 2.518891687657430121e-04 1.536523929471032140e-02 2.518891687657430121e-04 2.795969773299747385e-02 6.826196473551635058e-02 2.518891687657430121e-04 2.518891687657430121e-04 2.292191435768261079e-02 2.518891687657430121e-04 2.518891687657430121e-04 1.536523929471032140e-02 5.289672544080603091e-03 2.518891687657430121e-04 1.788413098236775120e-02 2.518891687657430121e-04 2.518891687657430121e-04 2.518891687657430121e-04 2.518891687657430121e-04 1.536523929471032140e-02 2.518891687657430121e-04 2.518891687657430121e-04 2.518891687657430121e-04 2.518891687657430121e-04
1.015151515151515443e-01 6.587615283267459355e-05 4.354413702239789963e-02 3.432147562582346656e-02 6.587615283267459355e-05 7.121212121212122659e-02 6.587615283267459355e-05 4.677206851119895641e-03 6.587615283267459355e-05 9.624505928853757664e-02 6.587615283267459355e-05 6.587615283267459355e-05 6.587615283267459355e-05 8.629776021080370549e-03 6.587615283267459355e-05 4.223320158102767952e-01 6.587615283267459355e-05 4.420289855072464386e-02 2.905138339920949539e-02 5.869565217391305850e-02 1.383399209486166478e-03 1.383399209486166478e-03 5.335968379446641603e-03 7.246376811594205155e-04 1.389986824769433998e-02 1.982872200263505191e-02 6.587615283267459355e-05 6.587615283267459355e-05 3.168642951251648271e-02 1.060606060606061017e-02
1.821493624772313024e-04 8.943533697632057022e-02 2.551912568306010098e-01 1.821493624772313024e-04 1.821493624772313024e-04 3.825136612021857486e-03 2.497267759562840916e-01 1.821493624772313024e-04 1.821493624772313024e-04 1.821493624772313024e-04 7.668488160291438149e-02 1.805100182149362020e-01 1.821493624772313024e-04 1.821493624772313024e-04 1.821493624772313024e-04 1.821493624772313024e-04 1.821493624772313024e-04 3.825136612021857486e-03 1.821493624772313024e-04 4.207650273224042975e-02 1.821493624772313024e-04 1.821493624772313024e-04 2.932604735883424102e-02 1.821493624772313024e-04 1.821493624772313024e-04 1.821493624772313024e-04 1.475409836065573466e-02 1.821493624772313024e-04 3.825136612021857486e-03 4.754098360655736877e-02
8.988505747126435130e-02 2.298850574712643321e-04 7.379310344827584578e-02 2.298850574712643321e-04 2.298850574712643321e-04 2.298850574712643321e-04 2.528735632183907490e-03 2.298850574712643321e-04 2.298850574712643321e-04 4.620689655172412896e-02 1.402298850574712138e-02 1.402298850574712138e-02 4.462068965517240193e-01 2.298850574712643321e-04 7.609195402298848943e-02 5.080459770114941626e-02 2.298850574712643321e-04 3.701149425287355438e-02 2.298850574712643321e-04 9.908045977011492589e-02 2.298850574712643321e-04 2.298850574712643321e-04 2.298850574712643321e-04 2.298850574712643321e-04 4.827586206896550269e-03 2.528735632183907490e-03 3.471264367816091073e-02 2.298850574712643321e-04 4.827586206896550269e-03 2.298850574712643321e-04
1.190476190476190204e-04 1.489285714285713824e-01 1.989285714285713713e-01 2.988095238095237610e-02 3.583333333333332815e-02 1.797619047619047200e-02 7.511904761904759920e-02 1.309523809523809252e-03 2.988095238095237610e-02 1.346428571428570919e-01 4.892857142857141850e-02 2.273809523809523434e-02 1.190476190476190204e-04 6.797619047619045396e-02 1.190476190476190204e-04 8.452380952380949067e-03 1.190476190476190204e-04 3.107142857142856582e-02 1.202380952380951995e-02 1.190476190476190204e-04 1.190476190476190204e-04 4.654761904761903907e-02 1.190476190476190204e-04 4.880952380952379051e-03 1.190476190476190204e-04 1.190476190476190204e-04 2.499999999999999618e-03 8.452380952380949067e-03 7.273809523809522670e-02 1.190476190476190204e-04
1.763668430335097121e-04 2.029982363315696592e-01 1.853615520282186901e-01 3.192239858906525951e-02 1.763668430335097121e-04 7.231040564373896785e-03 2.894179894179894075e-01 1.763668430335097121e-04 1.763668430335097121e-04 1.763668430335097121e-04 1.747795414462081087e-01 9.541446208112874805e-02 1.763668430335097121e-04 1.763668430335097121e-04 1.763668430335097121e-04 1.763668430335097121e-04 3.703703703703703845e-03 1.763668430335097121e-04 1.763668430335097121e-04 1.763668430335097121e-04 1.763668430335097121e-04 5.467372134038800749e-03 1.763668430335097121e-04 1.763668430335097121e-04 1.763668430335097121e-04 1.763668430335097121e-04 1.763668430335097121e-04 1.763668430335097121e-04 1.763668430335097121e-04 1.763668430335097121e-04
1.956947162426614264e-04 6.673189823874754734e-02 3.387475538160468758e-01 8.023483365949116153e-03 1.956947162426614264e-04 1.193737769080234490e-02 6.477495107632093296e-02 2.152641878669275637e-03 6.868884540117416171e-02 2.367906066536202767e-02 4.109589041095890009e-03 1.665362035225048387e-01 3.542074363992171737e-02 1.585127201565557364e-02 1.956947162426614264e-04 2.563600782778864204e-02 4.109589041095890009e-03 1.780821917808218802e-02 2.152641878669275637e-03 1.585127201565557364e-02 1.956947162426614264e-04 1.956947162426614264e-04 4.109589041095890009e-03 1.956947162426614264e-04 1.956947162426614264e-04 7.064579256360077608e-02 1.956947162426614264e-04 1.956947162426614264e-04 1.956947162426614264e-04 5.107632093933463235e-02
5.076142131979696770e-04 2.081218274111675329e-02 5.583756345177666447e-03 5.076142131979696770e-04 5.076142131979696770e-04 4.111675126903553690e-02 1.477157360406091691e-01 5.076142131979696770e-04 5.076142131979696770e-04 5.076142131979696770e-04 1.065989847715736322e-02 1.121827411167512917e-01 5.076142131979696770e-04 5.076142131979696770e-04 5.076142131979696770e-04 5.076142131979696770e-04 5.076142131979696770e-04 1.071065989847715949e-01 5.076142131979696770e-04 5.583756345177666447e-03 5.076142131979696770e-04 5.076142131979696770e-04 5.076142131979696770e-04 5.583756345177666447e-03 3.604060913705584013e-02 1.065989847715736322e-02 3.096446700507614336e-02 5.076142131979696770e-04 4.573604060913705749e-01 5.076142131979696770e-04
9.355828220858892000e-03 4.924846625766869934e-01 1.489263803680981046e-01 1.533742331288343106e-04 1.533742331288343106e-04 6.288343558282206112e-03 4.616564417177912438e-02 1.533742331288343106e-04 4.754601226993863602e-03 1.151840490797545469e-01 7.822085889570548622e-03 1.228527607361962620e-01 1.533742331288343106e-04 1.533742331288343106e-04 1.533742331288343106e-04 1.687116564417177498e-03 1.533742331288343106e-04 1.533742331288343106e-04 1.855828220858895053e-02 1.533742331288343106e-04 1.533742331288343106e-04 1.533742331288343106e-04 1.533742331288343106e-04 1.687116564417177498e-03 1.533742331288343106e-04 2.162576687116563728e-02 1.533742331288343106e-04 1.533742331288343106e-04 1.533742331288343106e-04 1.533742331288343106e-04
1.414427157001414638e-04 1.359264497878359124e-01 2.575671852899575343e-01 1.414427157001414638e-04 1.500707213578500732e-01 1.145685997171145588e-02 1.414427157001414638e-04 1.414427157001414638e-04 1.414427157001414638e-04 1.642149929278642062e-01 1.414427157001414638e-04 9.490806223479489323e-02 1.414427157001414638e-04 1.414427157001414638e-04 2.970297029702970333e-03 1.414427157001414638e-04 4.384724186704385025e-03 2.701555869872701923e-02 4.384724186704385025e-03 1.414427157001414638e-04 1.414427157001414638e-04 2.970297029702970333e-03 1.555869872701556075e-03 1.428571428571428527e-02 1.555869872701556075e-03 3.691654879773691861e-02 1.414427157001414638e-04 4.384724186704385025e-03 8.359264497878358957e-02 1.414427157001414638e-04
3.448275862068964168e-04 3.589655172413791506e-01 3.793103448275860802e-03 3.448275862068964168e-04 3.448275862068964168e-04 3.448275862068964168e-04 1.658620689655171676e-01 3.448275862068964168e-04 1.758620689655171487e-02 1.520689655172413335e-01 3.448275862068964168e-04 1.244827586206896097e-01 3.448275862068964168e-04 3.448275862068964168e-04 3.448275862068964168e-04 3.448275862068964168e-04 3.448275862068964168e-04 3.793103448275860802e-03 3.448275862068964168e-04 3.448275862068964168e-04 3.448275862068964168e-04 3.448275862068964168e-04 3.827586206896550075e-02 3.448275862068964168e-04 4.517241379310343169e-02 3.448275862068964168e-04 3.448275862068964168e-04 8.310344827586203797e-02 3.448275862068964168e-04 3.448275862068964168e-04
3.558718861209963038e-04 2.103202846975088247e-01 3.594306049822062338e-02 4.306049822064055010e-02 9.999999999999996392e-02 5.017793594306047683e-02 1.925266903914590044e-01 7.508896797153022384e-02 5.017793594306047683e-02 1.676156583629892505e-01 3.558718861209963038e-04 7.473309608540922543e-03 3.558718861209963038e-04 3.558718861209963038e-04 3.914590747330959179e-03 3.558718861209963038e-04 3.558718861209963038e-04 3.914590747330959179e-03 3.558718861209963038e-04 3.914590747330959179e-03 3.914590747330959179e-03 2.526690391459073676e-02 3.558718861209963038e-04 3.558718861209963038e-04 3.558718861209963038e-04 3.914590747330959179e-03 3.558718861209963038e-04 3.558718861209963038e-04 3.558718861209963038e-04 1.814946619217081003e-02
4.065040650406505146e-04 4.065040650406505146e-04 1.260162601626016628e-02 4.065040650406505146e-04 3.699186991869919672e-02 8.170731707317076264e-02 4.065040650406505146e-04 4.065040650406505146e-04 5.735772357723578629e-01 3.699186991869919672e-02 4.065040650406505146e-04 4.512195121951220744e-02 4.065040650406505146e-04 1.260162601626016628e-02 4.065040650406505146e-04 4.065040650406505146e-04 4.065040650406505146e-04 4.065040650406505146e-04 4.065040650406505146e-04 1.752032520325203790e-01 4.065040650406505146e-04 4.065040650406505146e-04 4.065040650406505146e-04 4.065040650406505146e-04 8.536585365853660914e-03 4.065040650406505146e-04 4.065040650406505146e-04 4.471544715447155552e-03 4.065040650406505146e-04 4.471544715447155552e-03
2.197802197802197529e-04 9.252747252747252349e-02 2.197802197802197529e-04 2.265934065934065433e-01 2.197802197802197529e-04 2.197802197802197529e-04 9.252747252747252349e-02 1.496703296703296437e-01 1.999999999999999695e-02 5.736263736263735868e-02 1.958241758241758002e-01 2.417582417582417580e-03 2.197802197802197529e-04 2.197802197802197529e-04 1.999999999999999695e-02 2.197802197802197529e-04 2.197802197802197529e-04 2.197802197802197529e-04 4.197802197802197322e-02 2.197802197802197529e-04 6.395604395604395642e-02 2.197802197802197529e-04 1.340659340659340441e-02 2.197802197802197529e-04 2.197802197802197529e-04 2.197802197802197529e-04 2.197802197802197529e-04 6.813186813186812747e-03 1.340659340659340441e-02 2.197802197802197529e-04
4.200000000000000261e-02 1.656363636363636371e-01 5.836363636363636753e-02 3.472727272727273162e-02 8.745454545454545148e-02 3.109090909090909266e-02 1.474545454545454493e-01 9.472727272727272940e-02 1.818181818181818343e-04 7.109090909090909349e-02 5.836363636363636753e-02 1.165454545454545354e-01 1.818181818181818343e-04 1.818181818181818343e-04 1.818181818181818343e-04 1.818181818181818343e-04 1.818181818181818343e-04 1.818181818181818343e-04 1.818181818181818343e-04 1.818181818181818343e-04 1.818181818181818343e-04 1.836363636363636323e-02 1.818181818181818343e-04 1.818181818181818343e-04 2.000000000000000042e-03 1.818181818181818343e-04 1.472727272727272600e-02 1.818181818181818343e-04 1.818181818181818343e-04 5.472727272727272857e-02
2.044989775051124503e-04 3.008179959100203416e-01 4.255623721881389709e-01 2.044989775051124503e-04 2.044989775051124503e-04 2.044989775051124503e-04 5.746421267893659507e-02 1.860940695296522951e-02 3.496932515337422553e-02 3.701431492842535004e-02 3.496932515337422553e-02 5.337423312883434606e-02 4.294478527607361457e-03 2.044989775051124503e-04 2.044989775051124503e-04 6.339468302658485092e-03 2.044989775051124503e-04 6.339468302658485092e-03 2.044989775051124503e-04 2.044989775051124503e-04 2.044989775051124503e-04 2.044989775051124503e-04 2.044989775051124503e-04 2.044989775051124503e-04 2.044989775051124503e-04 2.044989775051124503e-04 2.044989775051124503e-04 2.249488752556236953e-03 1.451942740286298224e-02 2.044989775051124503e-04
9.592668024439915397e-02 2.036659877800406869e-04 2.036659877800406869e-04 5.723014256619143175e-02 2.464358452138492098e-02 2.240325865580447637e-03 2.240325865580447637e-03 7.759674134419548841e-02 2.036659877800406869e-04 1.468431771894093130e-01 2.036659877800406869e-04 2.036659877800406869e-04 2.240325865580447637e-03 2.036659877800406869e-04 2.036659877800406869e-04 5.723014256619143175e-02 1.446028513238288571e-02 2.871690427698573439e-02 2.036659877800406869e-04 4.564154786150710907e-01 2.036659877800406869e-04 1.853360488798369912e-02 2.036659877800406869e-04 2.036659877800406869e-04 2.036659877800406869e-04 2.036659877800406869e-04 1.242362525458247900e-02 2.036659877800406869e-04 2.036659877800406869e-04 2.036659877800406869e-04
3.893637226970560108e-03 1.472934472934472883e-01 2.356125356125356174e-01 9.496676163342830754e-05 9.496676163342830754e-05 4.188034188034188421e-02 8.936372269705603055e-02 4.377967711301044423e-02 5.792972459639125771e-03 3.428300094966761635e-02 2.478632478632478847e-02 1.643874643874643771e-01 9.591642924976257964e-03 4.188034188034188421e-02 3.523266856600189983e-02 2.193732193732193803e-02 9.496676163342830754e-05 1.994301994301994445e-03 9.496676163342830754e-05 4.843304843304843156e-03 9.496676163342830754e-05 1.244064577397910668e-02 1.149097815764482319e-02 9.496676163342830754e-05 9.496676163342830754e-05 9.496676163342830754e-05 9.496676163342830754e-05 9.496676163342830754e-05 2.943969610636277493e-03 6.562203228869895044e-02
1.976284584980237129e-04 1.976284584980237129e-04 1.976284584980237129e-04 2.986166007905137754e-01 5.750988142292489530e-02 1.976284584980237129e-04 1.976284584980237129e-04 4.150197628458497483e-03 2.173913043478260896e-03 1.345849802371541226e-01 1.976284584980237129e-04 8.715415019762845494e-02 1.976284584980237129e-04 4.169960474308299914e-02 1.205533596837944470e-02 1.976284584980237129e-04 2.173913043478260896e-03 1.976284584980237129e-04 3.243083003952568766e-01 1.976284584980237129e-04 1.976284584980237129e-04 1.403162055335968085e-02 1.976284584980237129e-04 1.976284584980237129e-04 1.600790513833991874e-02 1.976284584980237129e-04 1.976284584980237129e-04 2.173913043478260896e-03 1.976284584980237129e-04 1.976284584980237129e-04
1.135940409683426112e-02 2.048417132216014472e-03 4.487895716945995706e-02 7.839851024208564778e-02 6.908752327746739419e-02 1.193668528864059164e-01 1.135940409683426112e-02 1.435754189944133674e-01 1.603351955307261989e-01 5.232774674115455577e-02 3.910614525139664149e-03 1.862197392923649569e-04 7.635009310986962637e-03 5.046554934823090782e-02 1.862197392923649569e-04 1.862197392923649569e-04 1.862197392923649569e-04 1.862197392923649569e-04 1.862197392923649569e-04 5.418994413407820371e-02 1.862197392923649569e-04 1.137802607076349865e-01 1.862197392923649569e-04 1.862197392923649569e-04 1.694599627560521016e-02 1.862197392923649569e-04 1.862197392923649569e-04 1.862197392923649569e-04 5.772811918063313827e-03 5.232774674115455577e-02
2.976190476190475375e-04 8.363095238095236139e-02 2.976190476190475375e-04 4.288690476190474832e-01 1.044642857142856901e-01 2.976190476190475375e-04 1.517857142857142322e-02 6.249999999999997745e-03 2.976190476190475375e-04 4.791666666666665603e-02 5.982142857142855319e-02 2.976190476190475375e-04 3.273809523809523021e-03 2.976190476190475375e-04 2.976190476190475375e-04 2.976190476190475375e-04 3.273809523809523021e-03 4.494047619047617653e-02 2.113095238095237180e-02 2.976190476190475375e-04 3.273809523809523021e-03 2.976190476190475375e-04 2.976190476190475375e-04 1.491071428571427993e-01 1.220238095238094719e-02 2.976190476190475375e-04 2.976190476190475375e-04 2.976190476190475375e-04 1.220238095238094719e-02 2.976190476190475375e-04
3.610108303249096192e-04 3.610108303249096192e-04 2.202166064981948487e-02 1.014440433212995957e-01 3.971119133574005540e-03 6.321299638989167358e-01 3.610108303249096192e-04 3.610108303249096192e-04 2.202166064981948487e-02 1.772563176895306236e-01 2.202166064981948487e-02 3.610108303249096192e-04 3.610108303249096192e-04 7.581227436823102274e-03 3.610108303249096192e-04 3.610108303249096192e-04 3.610108303249096192e-04 3.610108303249096192e-04 3.610108303249096192e-04 3.610108303249096192e-04 3.610108303249096192e-04 3.610108303249096192e-04 3.610108303249096192e-04 3.610108303249096192e-04 3.610108303249096192e-04 3.971119133574005540e-03 3.610108303249096192e-04 3.610108303249096192e-04 3.610108303249096192e-04 3.610108303249096192e-04
3.882521489971345330e-02 1.575931232091690084e-03 1.061604584527220257e-01 6.318051575931230013e-02 3.008595988538681227e-03 1.432664756446991035e-04 3.239255014326646309e-01 1.432664756446991035e-04 1.432664756446991035e-04 9.469914040114608966e-02 1.992836676217764336e-01 1.432664756446991035e-04 1.432664756446991035e-04 1.432664756446991035e-04 1.432664756446991035e-04 1.432664756446991035e-04 1.432664756446991035e-04 9.899713467048706916e-02 1.432664756446991035e-04 2.879656160458451963e-02 1.432664756446991035e-04 1.432664756446991035e-04 3.008595988538681227e-03 1.432664756446991035e-04 1.432664756446991035e-04 1.575931232091690084e-03 1.432664756446991035e-04 1.432664756446991035e-04 3.166189111747850365e-02 3.008595988538681227e-03
4.489795918367347864e-03 6.163265306122449327e-02 4.081632653061225183e-04 7.387755102040817479e-02 4.081632653061225183e-04 4.081632653061225183e-04 4.081632653061225183e-04 2.081632653061224469e-02 4.081632653061225183e-04 4.081632653061225183e-04 4.081632653061225183e-04 4.081632653061225183e-04 5.346938775510204356e-02 3.922448979591837137e-01 4.081632653061225183e-04 4.081632653061225183e-04 4.081632653061225183e-04 1.265306122448979845e-02 9.428571428571430602e-02 4.122448979591836898e-02 4.081632653061225183e-04 1.024489795918367557e-01 4.081632653061225183e-04 4.081632653061225183e-04 1.310204081632653228e-01 4.081632653061225183e-04 4.081632653061225183e-04 4.081632653061225183e-04 4.081632653061225183e-04 4.489795918367347864e-03
5.815217391304346867e-02 1.124999999999999750e-01 3.570652173913042571e-01 1.992753623188405713e-03 1.811594202898550476e-04 1.811594202898550476e-04 4.003623188405796424e-02 4.365942028985506790e-02 3.278985507246376385e-02 1.992753623188405713e-03 3.641304347826086751e-02 4.003623188405796424e-02 2.192028985507245981e-02 6.358695652173912416e-02 9.257246376811592570e-02 1.811594202898550476e-04 1.811594202898550476e-04 1.811594202898550476e-04 1.648550724637680778e-02 1.811594202898550476e-04 5.615942028985506339e-03 1.811594202898550476e-04 1.811594202898550476e-04 7.427536231884055568e-03 1.811594202898550476e-04 1.811594202898550476e-04 2.010869565217390798e-02 1.811594202898550476e-04 1.992753623188405713e-03 4.365942028985506790e-02
1.703296703296703837e-02 1.159340659340659802e-01 5.494505494505496669e-04 7.197802197802199986e-02 5.494505494505496669e-04 5.494505494505496669e-04 5.494505494505496669e-04 5.494505494505496669e-04 6.043956043956045902e-03 2.587912087912088710e-01 5.494505494505496669e-04 5.494505494505496669e-04 5.494505494505496669e-04 3.082417582417583679e-01 5.494505494505496669e-04 5.494505494505496669e-04 5.494505494505496669e-04 1.153846153846154257e-02 5.494505494505496669e-04 5.494505494505496669e-04 5.494505494505496669e-04 1.434065934065934522e-01 5.494505494505496669e-04 2.252747252747253418e-02 3.351648351648352231e-02 5.494505494505496669e-04 5.494505494505496669e-04 5.494505494505496669e-04 5.494505494505496669e-04 5.494505494505496669e-04
2.257336343115123748e-04 2.124153498871331203e-01 4.311512415349886412e-02 2.257336343115123748e-04 2.257336343115123748e-04 5.440180586907448351e-02 1.627539503386004061e-01 3.408577878103836306e-02 4.740406320541759762e-03 9.255079006772005956e-03 7.923250564334084756e-02 2.417607223476297140e-01 9.255079006772005956e-03 2.257336343115123748e-04 9.255079006772005956e-03 2.257336343115123748e-04 2.257336343115123748e-04 2.257336343115123748e-04 2.483069977426636231e-03 6.997742663656883293e-03 2.257336343115123748e-04 9.255079006772005956e-03 2.257336343115123748e-04 2.257336343115123748e-04 2.257336343115123748e-04 2.257336343115123748e-04 2.257336343115123748e-04 3.860045146726861359e-02 2.257336343115123748e-04 7.923250564334084756e-02
3.945783132530118753e-02 3.343373493975902028e-02 3.012048192771083518e-04 3.012048192771083518e-04 1.237951807228915291e-01 2.533132530120481007e-01 3.012048192771083518e-04 3.644578313253010737e-02 7.259036144578311089e-02 3.316265060240962681e-01 3.012048192771083518e-04 3.012048192771083518e-04 3.012048192771083518e-04 3.313253012048191816e-03 3.012048192771083518e-04 3.012048192771083518e-04 6.325301204819275443e-03 3.012048192771083518e-04 3.012048192771083518e-04 3.012048192771083518e-04 3.012048192771083518e-04 8.162650602409636524e-02 3.012048192771083518e-04 3.012048192771083518e-04 3.012048192771083518e-04 3.012048192771083518e-04 1.234939759036144009e-02 3.012048192771083518e-04 3.012048192771083518e-04 3.012048192771083518e-04
1.821493624772313024e-04 6.939890710382512484e-02 7.468123861566482342e-03 1.149362477231329477e-01 3.644808743169398180e-01 4.936247723132967946e-02 4.389799635701274738e-02 2.386156648451729853e-02 1.821493624772313024e-04 1.859744990892531480e-01 1.821493624772313024e-04 3.843351548269580836e-02 2.003642987249544191e-03 1.821493624772313024e-04 1.821493624772313024e-04 1.821493624772313024e-04 1.821493624772313024e-04 1.821493624772313024e-04 2.932604735883424102e-02 1.821493624772313024e-04 1.821493624772313024e-04 1.821493624772313024e-04 1.657559198542804535e-02 5.646630236794169914e-03 1.821493624772313024e-04 1.821493624772313024e-04 1.821493624772313024e-04 1.821493624772313024e-04 5.646630236794169914e-03 4.025500910746811906e-02
2.720306513409962226e-02 7.318007662835250560e-02 3.567049808429119118e-01 3.831417624521074009e-04 6.934865900383144210e-02 3.831417624521074009e-04 1.038314176245210968e-01 8.045977011494254497e-03 3.831417624521074009e-04 4.214559386973181464e-03 3.831417624521074009e-04 8.084291187739466034e-02 3.831417624521074009e-04 3.486590038314176659e-02 3.831417624521074009e-04 3.831417624521074009e-04 3.831417624521074009e-04 3.831417624521074009e-04 4.252873563218391439e-02 3.831417624521074009e-04 7.318007662835250560e-02 1.570881226053640056e-02 3.831417624521074009e-04 3.831417624521074009e-04 3.831417624521074009e-04 3.831417624521074009e-04 3.831417624521074009e-04 6.168582375478929430e-02 3.831417624521074009e-04 4.252873563218391439e-02
8.260869565217389410e-02 2.517162471395880535e-03 1.395881006864988123e-02 1.421052631578947067e-01 2.288329519450800487e-04 4.805491990846681022e-03 2.288329519450800487e-04 2.288329519450800487e-04 2.288329519450800487e-04 5.743707093821508874e-02 2.288329519450800487e-04 9.176201372997709604e-02 1.395881006864988123e-02 4.098398169336383012e-01 2.288329519450800487e-04 2.288329519450800487e-04 1.581235697940502893e-01 2.288329519450800487e-04 2.288329519450800487e-04 2.288329519450800487e-04 2.288329519450800487e-04 2.288329519450800487e-04 2.288329519450800487e-04 2.288329519450800487e-04 1.853546910755148047e-02 2.288329519450800487e-04 2.288329519450800487e-04 2.288329519450800487e-04 2.288329519450800487e-04 2.288329519450800487e-04
1.683195592286501341e-01 1.517906336088154229e-01 5.537190082644628808e-02 2.754820936639118751e-04 9.669421487603306609e-02 2.754820936639118751e-04 2.754820936639118751e-04 5.785123966942149268e-03 2.754820936639118751e-04 3.884297520661156994e-02 2.754820936639118751e-04 2.754820936639118751e-04 1.517906336088154229e-01 2.754820936639118751e-04 1.955922865013774020e-02 2.754820936639118751e-04 2.754820936639118751e-04 2.754820936639118751e-04 2.754820936639118751e-04 3.030303030303030734e-03 2.754820936639118751e-04 2.754820936639118751e-04 2.754820936639118751e-04 3.030303030303030734e-03 2.754820936639118751e-04 2.754820936639118751e-04 2.592286501377410457e-01 3.030303030303030734e-03 2.754820936639118751e-04 3.884297520661156994e-02
4.504504504504505116e-04 4.504504504504505116e-04 4.504504504504505116e-04 4.504504504504505116e-04 1.846846846846847065e-02 4.504504504504505116e-04 4.504504504504505116e-04 4.504504504504505116e-04 4.504504504504505116e-04 7.252252252252254505e-02 4.504504504504505116e-04 9.504504504504505957e-02 6.801801801801803105e-02 5.590090090090090724e-01 4.504504504504505116e-04 4.504504504504505116e-04 1.716216216216216450e-01 4.504504504504505116e-04 4.954954954954956386e-03 4.504504504504505116e-04 4.504504504504505116e-04 4.504504504504505116e-04 4.504504504504505116e-04 4.504504504504505116e-04 4.504504504504505116e-04 4.504504504504505116e-04 4.504504504504505116e-04 4.504504504504505116e-04 4.504504504504505116e-04 4.504504504504505116e-04
