5.917159763313611714e-04 5.917159763313611714e-04 1.899408284023669236e-01 5.917159763313611714e-04 5.917159763313611714e-04 5.917159763313611714e-04 5.917159763313611714e-04 5.923076923076924238e-01 5.917159763313611714e-04 5.917159763313611714e-04 5.917159763313611714e-04 5.917159763313611714e-04 2.426035502958580337e-02 5.917159763313611714e-04 5.917159763313611714e-04 7.159763313609469881e-02 5.917159763313611714e-04 5.917159763313611714e-04 5.917159763313611714e-04 5.917159763313611714e-04 5.917159763313611714e-04 3.609467455621302723e-02 3.609467455621302723e-02 5.917159763313611714e-04 1.242603550295858471e-02 2.426035502958580337e-02 5.917159763313611714e-04 5.917159763313611714e-04 5.917159763313611714e-04 5.917159763313611714e-04
3.937007874015749061e-04 7.125984251968506267e-02 1.185039370078740523e-01 3.937007874015749061e-04 3.937007874015749061e-04 1.614173228346457017e-02 3.937007874015749061e-04 8.267716535433072486e-03 5.161417322834646049e-01 8.267716535433072486e-03 3.937007874015749061e-04 3.937007874015749061e-04 1.220472440944882220e-02 3.937007874015749061e-04 1.614173228346457017e-02 6.732283464566930775e-02 4.330708661417324509e-03 2.007874015748031815e-02 3.937007874015749061e-04 3.937007874015749061e-04 8.267716535433072486e-03 3.937007874015749061e-04 5.157480314960630891e-02 3.937007874015749061e-04 4.330708661417324509e-03 3.937007874015749061e-04 3.937007874015749061e-04 3.937007874015749061e-04 7.125984251968506267e-02 3.937007874015749061e-04
7.142857142857142851e-04 7.142857142857142851e-04 7.214285714285713358e-02 7.142857142857142851e-04 7.142857142857142851e-04 1.507142857142857173e-01 7.142857142857142851e-04 7.142857142857142851e-04 7.142857142857142851e-04 7.142857142857142851e-04 2.928571428571428298e-02 7.142857142857142851e-04 7.214285714285713358e-02 7.142857142857142851e-04 7.857142857142857678e-03 7.142857142857142851e-04 7.142857142857142851e-04 7.142857142857142851e-04 2.928571428571428298e-02 7.142857142857142851e-04 7.142857142857142851e-04 7.142857142857142851e-04 7.857142857142857678e-03 7.142857142857142851e-04 2.928571428571428298e-02 7.142857142857142851e-04 2.928571428571428298e-02 2.214285714285714468e-02 1.650000000000000078e-01 3.721428571428571641e-01
2.208333333333333259e-01 3.466312056737588798e-02 7.544326241134750866e-02 8.865248226950355208e-05 1.781914893617021420e-02 4.884751773049645501e-02 8.865248226950355208e-05 1.161347517730496395e-02 2.402482269503546097e-02 4.175531914893616803e-02 9.840425531914893942e-03 3.820921985815602800e-02 2.579787234042553445e-02 8.865248226950355208e-05 8.865248226950355208e-05 8.962765957446808263e-02 1.693262411347517746e-02 1.515957446808510745e-02 1.427304964539007244e-02 8.865248226950355208e-05 1.861702127659574553e-03 8.164893617021276584e-02 1.870567375886525094e-02 2.579787234042553445e-02 6.657801418439715513e-02 1.072695035460992895e-02 9.751773049645391135e-04 3.200354609929078470e-02 7.632978723404254540e-02 8.865248226950355208e-05
4.566210045662101396e-04 4.566210045662101396e-04 9.634703196347034482e-02 4.566210045662101396e-04 4.566210045662101396e-04 2.242009132420091644e-01 4.566210045662101396e-04 4.566210045662101396e-04 4.566210045662101396e-04 4.566210045662101396e-04 5.022831050228311264e-03 9.589041095890413202e-03 1.922374429223744630e-01 4.566210045662101396e-04 6.894977168949772972e-02 4.566210045662101396e-04 5.068493150684932197e-02 1.415525114155251341e-02 9.589041095890413202e-03 2.328767123287671381e-02 4.566210045662101396e-04 4.566210045662101396e-04 4.566210045662101396e-04 4.566210045662101396e-04 4.566210045662101396e-04 4.566210045662101396e-04 4.566210045662101396e-04 4.566210045662101396e-04 2.059360730593607636e-01 9.178082191780823074e-02
4.237288135593221842e-04 1.313559322033898587e-02 1.699152542372881769e-01 4.237288135593221842e-04 2.161016949152542652e-02 1.313559322033898587e-02 4.661016949152543484e-03 5.131355932203390813e-01 4.237288135593221842e-04 4.661016949152543484e-03 4.279661016949153768e-02 4.237288135593221842e-04 9.364406779661019198e-02 8.898305084745764676e-03 4.237288135593221842e-04 5.550847457627119952e-02 4.237288135593221842e-04 4.237288135593221842e-04 1.313559322033898587e-02 4.237288135593221842e-04 4.237288135593221842e-04 4.237288135593221842e-04 4.237288135593221842e-04 1.737288135593220706e-02 4.237288135593221842e-04 4.237288135593221842e-04 4.237288135593221842e-04 4.237288135593221842e-04 4.237288135593221842e-04 2.161016949152542652e-02
2.252252252252251745e-04 5.202702702702701604e-02 5.878378378378377317e-02 2.477477477477476892e-03 2.252252252252251745e-04 1.804054054054053391e-01 2.252252252252251745e-04 1.148648648648648192e-02 2.252252252252251745e-04 2.252252252252251745e-04 9.932432432432430902e-02 2.252252252252251745e-04 7.004504504504502349e-02 1.148648648648648192e-02 6.981981981981980057e-03 1.824324324324323732e-02 9.932432432432430902e-02 3.175675675675674464e-02 1.599099099099098725e-02 2.252252252252251745e-04 2.252252252252251745e-04 7.004504504504502349e-02 2.252252252252251745e-04 2.252252252252251745e-04 6.779279279279278037e-02 2.252252252252251745e-04 6.328828828828828024e-02 2.252252252252251745e-04 1.376126126126125671e-01 2.252252252252251745e-04
1.519607843137255401e-02 4.901960784313727591e-04 4.901960784313727591e-04 5.392156862745099699e-03 4.901960784313727591e-04 1.230392156862745445e-01 4.901960784313727591e-04 4.901960784313727591e-04 4.901960784313727591e-04 4.901960784313727591e-04 1.034313725490196428e-01 2.009803921568627944e-02 3.240196078431373250e-01 4.901960784313727591e-04 5.392156862745099699e-03 2.500000000000000486e-02 4.901960784313727591e-04 4.901960784313727591e-04 4.901960784313727591e-04 2.500000000000000486e-02 1.519607843137255401e-02 4.901960784313727591e-04 4.901960784313727591e-04 4.901960784313727591e-04 7.401960784313726949e-02 5.392156862745099699e-03 8.872549019607846310e-02 4.901960784313727591e-04 1.328431372549020162e-01 2.990196078431373375e-02
2.061855670103092343e-04 2.061855670103092343e-04 1.094845360824742014e-01 1.051546391752576984e-02 2.268041237113401550e-03 3.672164948453607303e-01 2.061855670103092343e-04 2.061855670103092343e-04 2.061855670103092343e-04 2.061855670103092343e-04 1.051546391752576984e-02 2.061855670103092343e-04 6.206185567010308324e-02 2.288659793814432422e-02 2.061855670103092343e-04 2.268041237113401550e-03 2.061855670103092343e-04 2.061855670103092343e-04 2.268041237113401550e-03 1.670103092783504703e-02 2.061855670103092343e-04 3.525773195876288207e-02 6.391752577319585911e-03 2.061855670103092343e-04 6.206185567010308324e-02 2.061855670103092343e-04 1.257731958762886224e-02 4.329896907216494381e-03 2.435051546391751864e-01 2.701030927835050902e-02
1.491596638655462090e-02 2.100840336134453907e-04 1.346638655462184808e-01 2.310924369747899190e-03 2.100840336134453907e-04 2.544117647058823373e-01 2.100840336134453907e-04 2.100840336134453907e-04 2.100840336134453907e-04 2.310924369747899190e-03 2.100840336134453907e-04 2.100840336134453907e-04 2.100840336134453907e-04 4.411764705882352880e-03 2.100840336134453907e-04 1.346638655462184808e-01 2.100840336134453907e-04 2.100840336134453907e-04 2.100840336134453907e-04 6.512605042016807004e-03 2.100840336134453907e-04 4.411764705882352880e-03 2.100840336134453907e-04 2.100840336134453907e-04 1.010504201680672287e-01 2.100840336134453907e-04 2.100840336134453907e-04 2.100840336134453907e-04 3.174369747899159488e-01 1.911764705882352741e-02
7.352941176470590302e-04 7.352941176470590302e-04 2.213235294117647523e-01 7.352941176470590302e-04 7.352941176470590302e-04 7.352941176470590302e-04 5.220588235294118529e-02 7.352941176470590302e-04 7.352941176470590302e-04 7.352941176470590302e-04 7.352941176470590302e-04 3.750000000000000555e-02 7.352941176470590302e-04 2.580882352941177293e-01 7.352941176470590302e-04 7.352941176470590302e-04 2.580882352941177293e-01 7.352941176470590302e-04 2.279411764705882928e-02 7.352941176470590302e-04 7.352941176470590302e-04 5.955882352941177516e-02 1.544117647058823942e-02 7.352941176470590302e-04 7.352941176470590302e-04 7.352941176470590302e-04 7.352941176470590302e-04 7.352941176470590302e-04 5.955882352941177516e-02 7.352941176470590302e-04
4.184100418410043216e-04 4.184100418410043216e-04 2.012552301255230713e-01 4.184100418410043216e-04 4.184100418410043216e-04 4.184100418410043216e-04 4.184100418410043216e-04 6.280334728033474256e-01 2.970711297071130380e-02 4.184100418410043216e-04 7.991631799163181893e-02 4.602510460251047104e-03 4.184100418410043216e-04 4.184100418410043216e-04 4.184100418410043216e-04 4.184100418410043216e-04 4.184100418410043216e-04 4.184100418410043216e-04 4.184100418410043216e-04 4.184100418410043216e-04 8.786610878661090321e-03 4.184100418410043216e-04 4.184100418410043216e-04 4.184100418410043216e-04 4.184100418410043216e-04 3.389121338912134268e-02 4.184100418410043216e-04 4.602510460251047104e-03 4.184100418410043216e-04 4.184100418410043216e-04
6.179775280898878141e-03 5.617977528089889219e-04 5.617977528089889219e-04 3.426966292134831643e-02 5.617977528089889219e-04 5.617977528089889219e-04 1.179775280898876649e-02 5.617977528089889219e-04 5.617977528089889219e-04 2.865168539325842895e-02 5.617977528089889219e-04 5.112359550561798582e-02 5.617977528089889219e-04 5.617977528089889219e-04 5.617977528089889219e-04 5.617977528089889219e-04 5.617977528089889219e-04 6.179775280898878141e-03 2.589887640449438644e-01 2.303370786516854146e-02 7.921348314606742325e-02 5.617977528089889219e-04 6.235955056179776079e-02 3.426966292134831643e-02 7.921348314606742325e-02 3.426966292134831643e-02 5.617977528089889219e-04 5.112359550561798582e-02 2.308988764044944131e-01 5.617977528089889219e-04
1.939163498098859031e-02 3.802281368821293079e-04 2.133079847908745386e-01 3.802281368821293079e-04 3.802281368821293079e-04 3.802281368821293079e-04 3.802281368821293079e-04 5.060836501901140316e-01 3.802281368821293079e-04 3.802281368821293079e-04 2.699619771863117842e-02 3.802281368821293079e-04 3.802281368821293079e-04 3.802281368821293079e-04 3.802281368821293079e-04 3.079847908745246901e-02 3.802281368821293079e-04 6.501901140684411551e-02 3.802281368821293079e-04 3.802281368821293079e-04 4.182509505703422767e-03 3.802281368821293079e-04 5.361216730038022987e-02 3.802281368821293079e-04 4.182509505703422767e-03 3.802281368821293079e-04 3.802281368821293079e-04 6.882129277566539916e-02 3.802281368821293079e-04 3.802281368821293079e-04
1.172413793103447947e-02 2.298850574712643321e-04 1.335632183908045667e-01 2.298850574712643321e-04 2.298850574712643321e-04 1.036781609195401993e-01 2.298850574712643321e-04 4.416091954022987043e-01 7.126436781609193916e-03 2.528735632183907490e-03 3.011494252873562344e-02 2.091954022988505232e-02 1.036781609195401993e-01 1.172413793103447947e-02 2.298850574712643321e-04 2.298850574712643321e-04 2.298850574712643321e-04 2.298850574712643321e-04 3.011494252873562344e-02 4.827586206896550269e-03 1.172413793103447947e-02 2.298850574712643321e-04 2.298850574712643321e-04 2.298850574712643321e-04 1.632183908045976503e-02 1.172413793103447947e-02 1.632183908045976503e-02 2.298850574712643321e-04 2.298850574712643321e-04 3.931034482758619802e-02
6.918238993710694625e-03 6.289308176100631871e-04 1.515723270440252068e-01 6.289308176100631871e-04 6.289308176100631871e-04 6.289308176100631871e-04 6.289308176100631871e-04 5.792452830188681290e-01 6.289308176100631871e-04 6.289308176100631871e-04 6.289308176100631871e-04 1.320754716981132650e-02 6.289308176100631871e-04 6.289308176100631871e-04 6.289308176100631871e-04 3.207547169811321430e-02 6.289308176100631871e-04 6.289308176100631871e-04 6.289308176100631871e-04 6.289308176100631871e-04 6.289308176100631871e-04 6.918238993710694625e-03 1.515723270440252068e-01 6.289308176100631871e-04 6.289308176100631871e-04 1.320754716981132650e-02 3.207547169811321430e-02 6.289308176100631871e-04 6.289308176100631871e-04 6.289308176100631871e-04
4.081632653061225725e-04 4.081632653061225725e-04 8.204081632653063838e-02 4.081632653061225725e-04 4.081632653061225725e-04 4.081632653061225725e-04 4.489795918367348732e-03 5.800000000000000711e-01 2.489795918367347302e-02 4.081632653061225725e-04 1.228571428571428870e-01 3.306122448979592621e-02 9.020408163265308810e-02 4.081632653061225725e-04 4.081632653061225725e-04 1.265306122448979845e-02 4.081632653061225725e-04 4.081632653061225725e-04 4.489795918367348732e-03 4.081632653061225725e-04 4.081632653061225725e-04 4.081632653061225725e-04 4.081632653061225725e-04 8.571428571428573590e-03 4.489795918367348732e-03 2.081632653061224816e-02 4.081632653061225725e-04 4.081632653061225725e-04 4.081632653061225725e-04 4.489795918367348732e-03
1.517094017094016388e-02 8.760683760683757315e-03 2.160256410256409243e-01 2.136752136752136208e-04 2.136752136752136208e-04 2.136752136752136208e-04 2.136752136752136208e-04 5.386752136752134268e-01 2.136752136752136208e-04 2.136752136752136208e-04 2.585470085470084611e-02 2.136752136752136208e-04 6.431623931623929591e-02 4.487179487179485983e-03 2.136752136752136208e-04 1.730769230769230171e-02 2.136752136752136208e-04 1.089743589743589341e-02 2.136752136752136208e-04 2.136752136752136208e-04 3.012820512820511484e-02 2.136752136752136208e-04 3.226495726495725441e-02 2.136752136752136208e-04 1.089743589743589341e-02 2.136752136752136208e-04 2.136752136752136208e-04 2.158119658119657391e-02 2.136752136752136208e-04 2.136752136752136208e-04
4.761904761904763527e-04 4.761904761904763527e-04 2.242857142857143660e-01 4.761904761904763527e-04 4.761904761904763527e-04 5.238095238095239609e-03 4.761904761904763527e-04 4.338095238095239226e-01 1.476190476190476601e-02 4.761904761904763527e-04 4.761904761904763527e-04 4.761904761904763527e-04 1.100000000000000422e-01 4.761904761904763527e-04 4.761904761904763527e-04 4.761904761904763527e-04 1.952380952380952661e-02 1.004761904761905106e-01 4.761904761904763527e-04 2.428571428571428895e-02 4.761904761904763527e-04 4.333333333333334175e-02 4.761904761904763527e-04 4.761904761904763527e-04 1.000000000000000368e-02 4.761904761904763527e-04 4.761904761904763527e-04 4.761904761904763527e-04 4.761904761904763527e-04 5.238095238095239609e-03
9.345794392523367041e-04 9.345794392523367041e-04 9.345794392523367041e-04 9.345794392523367041e-04 4.766355140186916833e-02 1.028037383177570450e-02 9.345794392523367041e-04 9.345794392523367041e-04 1.962616822429907176e-02 1.028037383177570450e-02 9.345794392523367041e-04 9.345794392523367041e-04 8.504672897196263737e-02 1.028037383177570450e-02 9.345794392523367041e-04 8.504672897196263737e-02 9.345794392523367041e-04 9.345794392523367041e-04 3.186915887850468310e-01 9.345794392523367041e-04 9.345794392523367041e-04 9.345794392523367041e-04 1.411214953271028305e-01 9.345794392523367041e-04 9.345794392523367041e-04 1.028037383177570450e-02 9.345794392523367041e-04 9.345794392523367041e-04 2.439252336448598790e-01 9.345794392523367041e-04
6.369426751592358526e-04 6.369426751592358526e-04 6.369426751592358526e-04 6.369426751592358526e-04 6.369426751592358526e-04 6.369426751592358526e-04 6.369426751592358526e-04 6.369426751592358526e-04 1.216560509554140412e-01 6.369426751592358526e-04 6.369426751592358526e-04 6.369426751592358526e-04 1.089171974522293307e-01 6.369426751592358526e-04 6.369426751592358526e-04 7.006369426751594270e-03 6.369426751592358526e-04 6.369426751592358526e-04 2.745222929936306233e-01 6.369426751592358526e-04 6.369426751592358526e-04 6.369426751592358526e-04 2.426751592356688469e-01 6.369426751592358526e-04 2.611464968152866356e-02 2.611464968152866356e-02 6.369426751592358526e-04 6.369426751592358526e-04 1.662420382165605559e-01 1.337579617834395128e-02
4.608294930875577117e-04 4.608294930875577117e-04 3.271889400921659113e-02 5.069124423963134937e-03 4.608294930875577117e-04 1.428571428571428874e-02 4.193548387096774493e-02 4.608294930875577117e-04 4.608294930875577117e-04 4.608294930875577117e-04 4.608294930875577117e-04 7.880184331797236708e-02 1.525345622119815836e-01 4.193548387096774493e-02 4.608294930875577117e-04 4.608294930875577117e-04 5.576036866359447564e-02 1.889400921658986390e-02 4.608294930875577117e-04 4.608294930875577117e-04 4.608294930875577117e-04 5.069124423963134937e-03 4.608294930875577117e-04 2.811059907834101423e-02 4.608294930875577117e-04 4.608294930875577117e-04 4.608294930875577117e-04 5.069124423963134937e-03 1.341013824884792760e-01 3.783410138248848309e-01
4.566210045662101938e-04 9.589041095890413202e-03 4.611872146118722177e-02 4.566210045662101938e-04 4.566210045662101938e-04 4.566210045662101938e-04 9.589041095890413202e-03 4.566210045662101938e-04 4.566210045662101938e-04 5.022831050228312132e-03 4.566210045662101938e-04 4.566210045662101938e-04 2.926940639269406952e-01 3.698630136986302136e-02 1.872146118721461361e-02 4.566210045662101938e-04 4.566210045662101938e-04 4.566210045662101938e-04 4.566210045662101938e-04 4.566210045662101938e-04 2.328767123287671728e-02 8.721461187214614441e-02 5.022831050228312132e-03 5.022831050228312132e-03 1.191780821917808597e-01 5.022831050228312132e-03 5.022831050228312132e-03 4.566210045662101938e-04 1.100456621004566593e-01 2.150684931506849917e-01
6.369426751592358526e-04 1.789808917197452665e-01 6.433121019108281602e-02 1.337579617834395128e-02 6.369426751592358526e-04 7.006369426751594270e-03 6.369426751592358526e-04 6.369426751592358526e-04 6.369426751592358526e-04 6.369426751592358526e-04 7.707006369426752657e-02 6.369426751592358526e-04 6.369426751592358526e-04 6.369426751592358526e-04 3.318471337579618763e-01 6.369426751592358526e-04 6.369426751592358526e-04 7.006369426751594270e-03 6.369426751592358526e-04 3.885350318471338105e-02 1.337579617834395128e-02 6.369426751592358526e-04 6.369426751592358526e-04 6.369426751592358526e-04 6.369426751592358526e-04 6.369426751592358526e-04 1.853503184713376217e-01 6.433121019108281602e-02 6.369426751592358526e-04 7.006369426751594270e-03
6.756756756756758216e-04 6.756756756756758216e-04 6.148648648648649684e-02 6.756756756756758216e-04 2.101351351351351815e-01 6.756756756756758216e-04 7.432432432432434580e-03 1.418918918918919171e-02 6.756756756756758216e-04 7.432432432432434580e-03 6.756756756756758216e-04 6.756756756756758216e-04 6.756756756756758216e-04 6.756756756756758216e-04 6.756756756756758216e-04 6.756756756756758216e-04 6.756756756756758216e-04 6.756756756756758216e-04 3.520270270270270951e-01 6.756756756756758216e-04 6.756756756756758216e-04 6.756756756756758216e-04 1.418918918918919171e-02 6.756756756756758216e-04 6.756756756756758216e-04 2.094594594594595058e-02 6.756756756756758216e-04 6.756756756756758216e-04 2.979729729729730381e-01 6.756756756756758216e-04
8.403361344537817797e-04 8.403361344537817797e-04 1.100840336134454034e-01 8.403361344537817797e-04 1.436974789915966833e-01 8.403361344537817797e-04 9.243697478991600228e-03 8.403361344537817797e-04 8.403361344537817797e-04 8.403361344537817797e-04 8.403361344537817797e-04 8.403361344537817797e-04 8.403361344537817797e-04 3.445378151260504451e-02 8.403361344537817797e-04 1.764705882352941846e-02 8.403361344537817797e-04 8.403361344537817797e-04 8.403361344537817797e-04 8.403361344537817797e-04 8.403361344537817797e-04 1.941176470588235892e-01 3.445378151260504451e-02 8.403361344537817797e-04 8.403361344537817797e-04 8.403361344537817797e-04 8.403361344537817797e-04 8.403361344537817797e-04 4.378151260504202780e-01 8.403361344537817797e-04
3.378378378378378566e-04 3.716216216216216423e-03 5.439189189189189838e-02 3.378378378378378566e-04 3.010135135135135198e-01 2.060810810810810578e-02 3.378378378378378566e-04 7.094594594594594988e-03 8.479729729729730547e-02 3.716216216216216423e-03 3.378378378378378566e-04 7.094594594594594988e-03 1.722972972972972722e-02 7.804054054054054834e-02 3.378378378378378566e-04 3.716216216216216423e-03 3.378378378378378566e-04 3.378378378378378566e-04 3.378378378378378566e-04 3.378378378378378566e-04 3.074324324324324148e-02 3.412162162162162005e-02 8.141891891891891997e-02 3.378378378378378566e-04 3.378378378378378566e-04 3.378378378378378566e-04 3.378378378378378566e-04 1.385135135135135039e-02 2.537162162162162060e-01 3.378378378378378566e-04
4.672897196261683521e-04 4.672897196261683521e-04 1.032710280373832085e-01 4.672897196261683521e-04 4.672897196261683521e-04 8.925233644859816018e-02 4.672897196261683521e-04 4.957943925233646021e-01 4.672897196261683521e-04 4.672897196261683521e-04 4.672897196261683521e-04 4.672897196261683521e-04 5.654205607476636697e-02 4.672897196261683521e-04 4.672897196261683521e-04 4.672897196261683521e-04 1.032710280373832085e-01 4.672897196261683521e-04 1.448598130841121864e-02 4.252336448598131868e-02 4.672897196261683521e-04 5.186915887850468421e-02 5.140186915887852252e-03 4.672897196261683521e-04 4.672897196261683521e-04 4.672897196261683521e-04 4.672897196261683521e-04 4.672897196261683521e-04 2.850467289719626693e-02 4.672897196261683521e-04
4.000000000000001276e-04 8.400000000000002950e-03 1.284000000000000419e-01 4.000000000000001276e-04 4.000000000000001276e-04 4.000000000000001276e-04 4.000000000000001276e-04 1.640000000000000138e-02 4.000000000000001276e-04 4.000000000000001276e-04 4.000000000000001276e-04 4.000000000000001276e-04 1.324000000000000454e-01 4.000000000000001276e-04 4.000000000000001276e-04 4.000000000000001276e-04 4.000000000000001276e-04 4.000000000000001276e-04 2.564000000000000168e-01 4.000000000000001276e-04 4.000000000000001276e-04 2.440000000000000502e-02 6.840000000000001634e-02 4.000000000000001276e-04 4.000000000000001276e-04 1.640000000000000138e-02 4.000000000000001276e-04 1.240000000000000303e-02 3.284000000000000252e-01 4.000000000000001276e-04
1.483253588516746449e-02 4.784688995215311143e-04 9.617224880382775620e-02 5.263157894736842854e-03 4.784688995215311143e-04 4.784688995215311143e-04 1.004784688995215280e-02 5.263157894736842854e-03 1.057416267942583865e-01 1.004784688995215280e-02 4.784688995215311143e-04 4.784688995215311143e-04 1.483253588516746449e-02 4.784688995215311143e-04 4.784688995215311143e-04 2.918660287081339608e-02 1.057416267942583865e-01 1.535885167464114964e-01 5.263157894736842854e-03 4.784688995215311143e-04 5.263157894736842854e-03 2.918660287081339608e-02 4.784688995215311143e-04 4.784688995215311143e-04 1.200956937799043112e-01 4.784688995215311143e-04 4.784688995215311143e-04 4.784688995215311143e-04 2.779904306220095656e-01 5.263157894736842854e-03
5.988023952095810482e-04 5.988023952095810482e-04 1.257485029940120201e-02 5.988023952095810482e-04 5.988023952095810482e-04 5.988023952095810482e-04 5.988023952095810482e-04 5.574850299401199472e-01 5.988023952095810482e-04 5.988023952095810482e-04 6.586826347305392397e-03 5.988023952095810482e-04 1.023952095808383644e-01 5.988023952095810482e-04 5.988023952095810482e-04 5.988023952095810482e-04 4.850299401197605970e-02 5.988023952095810482e-04 1.856287425149701423e-02 5.988023952095810482e-04 5.988023952095810482e-04 5.988023952095810482e-04 7.844311377245510863e-02 5.988023952095810482e-04 6.586826347305392397e-03 5.988023952095810482e-04 6.586826347305392397e-03 5.988023952095810482e-04 1.443113772455090482e-01 6.586826347305392397e-03
4.910714285714286483e-03 2.723214285714285754e-02 5.848214285714286448e-02 4.955357142857143293e-02 4.062500000000000139e-02 4.464285714285715231e-04 4.464285714285715231e-04 4.464285714285715231e-04 4.464285714285715231e-04 1.383928571428571716e-02 4.464285714285715231e-04 4.464285714285715231e-04 7.187500000000002220e-02 4.464285714285715231e-04 4.464285714285715231e-04 4.464285714285715231e-04 3.709821428571428714e-01 9.375000000000001388e-03 4.464285714285715231e-04 4.508928571428572063e-02 4.464285714285715231e-04 1.031250000000000222e-01 4.464285714285715231e-04 1.388392857142857484e-01 4.464285714285715231e-04 4.464285714285715231e-04 4.464285714285715231e-04 4.464285714285715231e-04 5.848214285714286448e-02 4.464285714285715231e-04
7.384987893462467180e-03 6.174334140435833174e-03 1.272397094430992304e-01 1.210653753026634115e-04 1.210653753026634115e-04 4.250605326876512602e-01 1.210653753026634115e-04 8.595641646489101187e-03 1.210653753026634115e-04 1.210653753026634115e-04 1.210653753026634115e-04 8.595641646489101187e-03 5.581113801452783352e-02 1.210653753026634115e-04 1.210653753026634115e-04 2.312348668280871100e-02 6.428571428571426549e-02 1.210653753026634115e-04 1.210653753026634115e-04 1.210653753026634115e-04 3.644067796610168941e-02 4.975786924939466088e-02 4.963680387409199167e-03 3.644067796610168941e-02 4.249394673123485511e-02 1.210653753026634115e-04 1.331719128329297581e-03 1.210653753026634115e-04 7.639225181598061076e-02 2.433414043583534761e-02
5.181347150259069285e-04 5.181347150259069285e-04 1.248704663212435728e-01 5.181347150259069285e-04 5.181347150259069285e-04 5.181347150259069285e-04 5.181347150259069285e-04 5.963730569948187954e-01 5.181347150259069285e-04 5.181347150259069285e-04 5.181347150259069285e-04 5.181347150259069285e-04 5.181347150259069285e-04 5.181347150259069285e-04 5.181347150259069285e-04 6.787564766839379593e-02 1.196891191709845009e-01 5.181347150259069285e-04 5.181347150259069285e-04 5.181347150259069285e-04 5.181347150259069285e-04 2.124352331606218017e-02 5.181347150259069285e-04 2.124352331606218017e-02 3.678756476683938542e-02 5.181347150259069285e-04 5.181347150259069285e-04 5.181347150259069285e-04 5.181347150259069285e-04 5.181347150259069285e-04
2.857142857142856273e-04 8.857142857142855097e-03 1.231428571428571095e-01 8.857142857142855097e-03 2.857142857142856273e-04 2.917142857142855927e-01 5.999999999999998390e-03 3.142857142857142117e-03 3.142857142857142117e-03 2.028571428571427845e-02 3.457142857142855852e-02 8.857142857142855097e-03 1.545714285714285263e-01 2.857142857142856273e-04 2.857142857142856273e-04 2.857142857142856273e-04 8.314285714285711559e-02 2.885714285714284510e-02 2.857142857142856273e-04 2.857142857142856273e-04 2.857142857142856273e-04 3.742857142857141522e-02 2.857142857142856273e-04 4.314285714285712864e-02 1.345714285714285363e-01 2.857142857142856273e-04 2.857142857142856273e-04 5.999999999999998390e-03 2.857142857142856273e-04 2.857142857142856273e-04
1.283697047496790557e-04 1.283697047496790557e-04 5.661103979460845731e-02 4.481386392811295694e-01 3.735558408215660514e-02 1.283697047496790557e-04 1.039794608472400204e-02 6.546854942233630917e-03 1.283697047496790557e-04 7.329910141206673335e-02 9.114249037227210512e-03 1.283697047496790557e-04 1.283697047496790557e-04 1.412066752246469558e-03 1.283697047496790557e-04 9.768934531450573777e-02 4.634146341463413199e-02 1.412066752246469558e-03 1.283697047496790557e-04 1.283697047496790557e-04 1.283697047496790557e-04 1.553273427471116297e-02 7.830551989730420714e-03 3.607188703465981361e-02 5.532734274711166578e-02 1.283697047496790557e-04 1.283697047496790557e-04 2.695763799743259789e-03 9.255455712451858552e-02 1.283697047496790557e-04
4.761904761904763527e-04 4.761904761904763527e-04 8.142857142857146124e-02 2.428571428571428895e-02 4.761904761904763527e-04 4.761904761904763527e-04 4.761904761904763527e-04 6.242857142857144437e-01 2.904761904761905475e-02 4.761904761904763527e-04 4.761904761904763527e-04 5.238095238095239609e-03 9.571428571428575172e-02 4.761904761904763527e-04 4.761904761904763527e-04 4.761904761904763527e-04 4.761904761904763527e-04 4.761904761904763527e-04 5.761904761904763222e-02 4.761904761904763527e-04 4.761904761904763527e-04 4.761904761904763527e-04 4.761904761904763527e-04 4.761904761904763527e-04 5.285714285714286642e-02 4.761904761904763527e-04 4.761904761904763527e-04 4.761904761904763527e-04 1.952380952380952661e-02 4.761904761904763527e-04
2.941176470588234494e-04 2.941176470588234494e-04 1.002941176470587975e-01 2.970588235294116530e-02 2.676470588235293005e-02 6.499999999999998834e-02 6.176470588235291950e-03 2.941176470588234494e-04 2.941176470588234494e-04 2.941176470588234494e-04 2.088235294117646301e-02 3.235294117647057998e-03 8.264705882352939292e-02 2.941176470588234494e-04 2.941176470588234494e-04 9.117647058823527204e-03 4.620588235294115775e-01 2.941176470588234494e-04 2.941176470588234494e-04 2.382352941176469827e-02 9.441176470588232006e-02 3.264705882352939709e-02 2.941176470588234494e-04 2.941176470588234494e-04 3.264705882352939709e-02 2.941176470588234494e-04 6.176470588235291950e-03 2.941176470588234494e-04 2.941176470588234494e-04 2.941176470588234494e-04
2.824858757062145907e-04 2.824858757062145907e-04 9.350282485875703598e-02 6.807909604519772617e-02 1.440677966101694407e-02 2.824858757062145907e-04 2.824858757062145907e-04 2.824858757062145907e-04 2.824858757062145907e-04 2.824858757062145907e-04 2.824858757062145907e-04 2.824858757062145907e-04 6.242937853107342894e-02 5.932203389830506893e-03 3.107344632768360877e-03 5.932203389830506893e-03 2.319209039548021656e-01 2.824858757062145907e-04 2.824858757062145907e-04 2.824858757062145907e-04 2.121468926553671530e-01 2.824858757062145907e-04 2.824858757062145907e-04 5.932203389830506893e-03 1.810734463276835460e-01 2.824858757062145907e-04 2.824858757062145907e-04 2.824858757062145907e-04 1.104519774011299138e-01 2.824858757062145907e-04
3.521126760563378843e-04 3.521126760563378843e-04 1.795774647887322939e-02 3.556338028169012816e-02 3.521126760563378843e-04 1.306338028169013732e-01 3.521126760563378843e-04 3.521126760563378843e-04 3.521126760563378843e-04 7.394366197183095679e-03 2.852112676056336657e-02 2.499999999999998751e-02 6.725352112676054317e-02 7.394366197183095679e-03 3.521126760563378843e-04 6.373239436619716758e-02 1.235915492957746081e-01 3.521126760563378843e-04 3.521126760563378843e-04 3.873239436619717053e-03 1.443661971830985206e-02 2.362676056338026964e-01 3.521126760563378843e-04 1.235915492957746081e-01 8.485915492957743500e-02 2.499999999999998751e-02 3.521126760563378843e-04 3.521126760563378843e-04 3.521126760563378843e-04 3.521126760563378843e-04
4.132231404958678668e-04 4.132231404958678668e-04 3.020661157024793764e-01 4.132231404958678668e-04 4.132231404958678668e-04 4.132231404958678668e-04 8.305785123966945294e-02 2.107438016528925817e-02 4.545454545454546968e-03 4.132231404958678668e-04 1.243801652892562309e-01 4.132231404958678668e-04 2.524793388429752983e-01 4.545454545454546968e-03 8.677685950413224769e-03 4.132231404958678668e-04 4.545454545454546968e-03 4.132231404958678668e-04 4.132231404958678668e-04 9.132231404958680854e-02 4.132231404958678668e-04 4.132231404958678668e-04 8.677685950413224769e-03 5.826446280991736532e-02 4.132231404958678668e-04 4.132231404958678668e-04 4.132231404958678668e-04 2.520661157024793944e-02 4.545454545454546968e-03 4.132231404958678668e-04
3.311258278145694277e-04 3.642384105960263813e-03 1.427152317880794330e-01 3.311258278145694277e-04 3.311258278145694277e-04 2.254966887417217403e-01 3.311258278145694277e-04 3.311258278145694277e-04 3.311258278145694277e-04 1.261589403973509549e-01 6.953642384105958307e-03 3.311258278145694277e-04 4.006622516556290065e-02 3.311258278145694277e-04 3.311258278145694277e-04 5.331125827814568036e-02 4.999999999999998196e-02 2.321192052980131371e-01 3.311258278145694277e-04 3.311258278145694277e-04 3.642384105960263813e-03 5.662251655629137181e-02 3.311258278145694277e-04 3.311258278145694277e-04 5.331125827814568036e-02 3.311258278145694277e-04 3.311258278145694277e-04 3.311258278145694277e-04 3.311258278145694277e-04 3.311258278145694277e-04
5.617977528089889219e-04 5.617977528089889219e-04 1.578651685393258897e-01 6.179775280898879009e-03 5.617977528089889219e-04 5.617977528089889219e-04 1.741573033707865745e-02 5.617977528089889219e-04 5.617977528089889219e-04 5.617977528089889219e-04 5.617977528089889219e-04 5.617977528089889219e-04 5.112359550561799276e-02 5.617977528089889219e-04 5.617977528089889219e-04 5.617977528089889219e-04 3.994382022471911209e-01 5.617977528089889219e-04 5.617977528089889219e-04 5.617977528089889219e-04 1.634831460674157910e-01 3.426966292134832337e-02 5.617977528089889219e-04 7.921348314606743712e-02 5.617977528089889219e-04 5.617977528089889219e-04 5.617977528089889219e-04 5.617977528089889219e-04 7.921348314606743712e-02 5.617977528089889219e-04
2.793296089385474083e-04 2.793296089385474083e-04 1.008379888268156194e-01 2.262569832402233985e-02 2.793296089385474083e-04 3.938547486033518175e-02 2.793296089385474083e-04 2.793296089385474083e-04 2.793296089385474083e-04 2.793296089385474083e-04 3.379888268156423098e-02 5.865921787709495357e-03 1.399441340782122400e-01 2.793296089385474083e-04 2.793296089385474083e-04 2.793296089385474083e-04 1.371508379888267681e-01 1.455307262569832116e-01 2.793296089385474083e-04 2.793296089385474083e-04 2.793296089385474083e-04 7.569832402234634439e-02 2.793296089385474083e-04 1.175977653631284647e-01 3.072625698324021708e-03 3.072625698324021708e-03 2.793296089385474083e-04 2.793296089385474083e-04 1.678770949720669869e-01 3.072625698324021708e-03
5.952380952380954002e-04 6.547619047619049511e-03 7.797619047619049060e-02 4.821428571428572341e-02 1.845238095238095621e-02 5.952380952380954002e-04 6.547619047619049511e-03 5.952380952380954002e-04 2.446428571428571896e-01 5.952380952380954002e-04 5.952380952380954002e-04 5.952380952380954002e-04 5.952380952380954002e-04 2.440476190476190826e-02 5.952380952380954002e-04 6.607142857142858650e-02 1.077380952380952717e-01 6.547619047619049511e-03 3.035714285714286031e-02 5.952380952380954002e-04 5.952380952380954002e-04 1.845238095238095621e-02 5.952380952380954002e-04 5.952380952380954002e-04 3.035714285714286031e-02 5.952380952380954002e-04 5.952380952380954002e-04 5.952380952380954002e-04 3.041666666666667518e-01 5.952380952380954002e-04
4.587155963302753632e-04 4.587155963302753632e-04 1.977064220183486765e-01 4.587155963302753632e-04 2.798165137614679401e-02 4.587155963302753632e-04 4.587155963302753632e-04 5.233944954128441074e-01 4.587155963302753632e-04 4.587155963302753632e-04 4.587155963302753632e-04 4.587155963302753632e-04 6.926605504587157736e-02 4.587155963302753632e-04 4.587155963302753632e-04 4.633027522935780768e-02 2.339449541284404147e-02 4.633027522935780768e-02 4.587155963302753632e-04 4.587155963302753632e-04 4.587155963302753632e-04 2.339449541284404147e-02 4.587155963302753632e-04 4.587155963302753632e-04 2.798165137614679401e-02 4.587155963302753632e-04 4.587155963302753632e-04 4.587155963302753632e-04 4.587155963302753632e-04 5.045871559633029538e-03
4.219409282700422020e-04 4.219409282700422020e-04 7.215189873417722499e-02 4.219409282700422020e-04 4.219409282700422020e-04 1.691983122362869241e-01 4.219409282700422020e-04 4.219409282700422020e-04 1.308016877637130891e-02 2.071729957805907296e-01 4.219409282700422020e-04 4.219409282700422020e-04 8.860759493670886458e-03 4.641350210970464872e-03 4.219409282700422020e-04 4.683544303797468333e-02 1.143459915611814426e-01 1.902953586497890259e-01 4.219409282700422020e-04 4.219409282700422020e-04 4.219409282700422020e-04 1.016877637130801787e-01 4.219409282700422020e-04 1.308016877637130891e-02 5.105485232067510232e-02 4.219409282700422020e-04 4.219409282700422020e-04 4.219409282700422020e-04 4.219409282700422020e-04 4.219409282700422020e-04
7.407407407407409208e-04 7.407407407407409208e-04 8.962962962962964242e-02 7.407407407407409208e-04 7.407407407407409208e-04 9.703703703703706052e-02 7.407407407407409208e-04 8.148148148148150888e-03 7.407407407407409208e-04 7.407407407407409208e-04 1.637037037037037401e-01 7.407407407407409208e-04 7.407407407407409208e-04 1.044444444444444647e-01 7.407407407407409208e-04 7.407407407407409208e-04 2.296296296296296974e-02 7.407407407407409208e-04 7.407407407407409208e-04 7.407407407407409208e-04 1.555555555555556031e-02 7.407407407407409208e-04 1.266666666666667052e-01 3.777777777777778512e-02 4.518518518518518934e-02 2.229629629629630294e-01 7.407407407407409208e-04 5.259259259259260050e-02 7.407407407407409208e-04 7.407407407407409208e-04
4.651162790697675764e-04 4.651162790697675764e-04 1.446511627906977293e-01 4.651162790697675764e-04 4.651162790697675764e-04 4.651162790697675764e-04 4.651162790697675764e-04 6.004651162790699548e-01 4.651162790697675764e-04 4.651162790697675764e-04 9.767441860465119266e-03 9.767441860465119266e-03 1.213953488372093437e-01 4.651162790697675764e-04 4.651162790697675764e-04 2.837209302325581842e-02 4.651162790697675764e-04 4.651162790697675764e-04 4.232558139534884495e-02 4.651162790697675764e-04 4.651162790697675764e-04 4.651162790697675764e-04 4.651162790697675764e-04 4.651162790697675764e-04 9.767441860465119266e-03 2.372093023255814406e-02 4.651162790697675764e-04 4.651162790697675764e-04 4.651162790697675764e-04 4.651162790697675764e-04
5.952380952380954002e-04 3.630952380952381237e-02 1.732142857142857650e-01 5.952380952380954002e-04 1.845238095238095621e-02 5.952380952380954002e-04 5.952380952380954002e-04 3.035714285714286031e-02 5.416666666666667546e-02 5.952380952380954002e-04 6.547619047619049511e-03 5.952380952380954002e-04 2.440476190476190826e-02 5.952380952380954002e-04 5.952380952380954002e-04 1.255952380952381209e-01 8.988095238095239470e-02 5.952380952380954002e-04 5.952380952380954002e-04 5.952380952380954002e-04 1.250000000000000243e-02 5.952380952380954002e-04 3.101190476190476830e-01 5.952380952380954002e-04 5.952380952380954002e-04 1.845238095238095621e-02 6.547619047619049511e-03 6.607142857142858650e-02 6.547619047619049511e-03 1.250000000000000243e-02
8.300395256916996700e-03 4.347826086956521792e-03 3.952569169960474258e-04 1.225296442687747074e-02 3.952569169960474258e-04 3.952569169960474258e-04 3.952569169960474258e-04 3.952569169960474258e-04 3.952569169960474258e-04 3.952569169960474258e-04 3.952569169960474258e-04 3.952569169960474258e-04 1.901185770750988269e-01 1.347826086956521729e-01 4.347826086956521792e-03 7.944664031620553291e-02 2.098814229249011953e-01 3.952569169960474258e-04 3.952569169960474258e-04 3.952569169960474258e-04 3.952569169960474258e-04 9.525691699604743601e-02 3.952569169960474258e-04 7.549407114624506754e-02 3.952569169960474258e-04 3.952569169960474258e-04 8.300395256916996700e-03 3.952569169960474258e-04 1.703557312252964584e-01 3.952569169960474258e-04
1.941747572815533574e-04 1.941747572815533574e-04 1.941747572815533574e-04 4.291262135922329496e-02 1.941747572815533574e-04 1.766990291262135471e-02 2.135922330097086985e-03 1.941747572815533574e-04 1.941747572815533574e-04 1.941747572815533574e-04 1.941747572815533574e-04 2.155339805825242164e-02 1.399999999999999578e-01 1.941747572815533574e-04 1.941747572815533574e-04 1.941747572815533574e-04 3.438834951456309907e-01 2.135922330097086985e-03 1.941747572815533574e-04 1.941747572815533574e-04 1.069902912621358976e-01 1.322330097087378309e-01 1.941747572815533574e-04 5.650485436893203095e-02 6.427184466019415787e-02 1.941747572815533574e-04 2.135922330097086985e-03 1.941747572815533574e-04 6.427184466019415787e-02 1.941747572815533574e-04
4.310344827586207921e-04 4.310344827586207921e-04 1.038793103448275995e-01 2.198275862068965747e-02 3.922413793103448482e-02 4.741379310344828388e-03 4.310344827586207921e-04 4.310344827586207921e-04 4.310344827586207921e-04 4.310344827586207921e-04 4.310344827586207921e-04 4.310344827586207921e-04 1.168103448275862322e-01 4.310344827586207921e-04 4.310344827586207921e-04 4.310344827586207921e-04 3.409482758620689946e-01 4.784482758620690196e-02 4.310344827586207921e-04 4.310344827586207921e-04 4.310344827586207921e-04 1.599137931034483040e-01 4.310344827586207921e-04 7.370689655172414645e-02 4.310344827586207921e-04 4.310344827586207921e-04 4.310344827586207921e-04 4.310344827586207921e-04 8.232758620689656359e-02 4.310344827586207921e-04
