4.672897196261682979e-04 1.032710280373831946e-01 9.813084112149534147e-03 7.523364485981309802e-02 6.588785046728973249e-02 9.813084112149534147e-03 1.546728971962617050e-01 1.873831775700934843e-01 2.383177570093458070e-02 4.672897196261682979e-04 4.672897196261682979e-04 4.672897196261682979e-04 4.672897196261682979e-04 4.672897196261682979e-04 4.672897196261682979e-04 4.672897196261682979e-04 2.850467289719626346e-02 4.672897196261682979e-04 4.672897196261682979e-04 4.672897196261682979e-04 4.672897196261682979e-04 4.672897196261682979e-04 4.672897196261682979e-04 4.672897196261682979e-04 4.672897196261682979e-04 1.266355140186916084e-01 4.672897196261682979e-04 4.672897196261682979e-04 4.672897196261682979e-04 2.060747663551402153e-01
2.865329512893981527e-04 2.865329512893981527e-04 5.759312320916903233e-02 1.461318051575930498e-02 4.899713467048708720e-02 2.865329512893981527e-04 6.017191977077361587e-03 9.770773638968477393e-02 2.865329512893981527e-04 1.750716332378222662e-01 2.034383954154726781e-02 2.865329512893981527e-04 2.865329512893981527e-04 2.865329512893981527e-04 3.180515759312319002e-02 4.899713467048708720e-02 1.378223495702005086e-01 2.865329512893981527e-04 1.177650429799426413e-01 2.865329512893981527e-04 8.338108882521486076e-02 2.320916905444124836e-02 2.865329512893981527e-04 2.865329512893981527e-04 2.034383954154726781e-02 3.467048710601717404e-02 4.899713467048708720e-02 1.747851002865328726e-02 2.865329512893981527e-04 1.174785100286532269e-02
2.958579881656803689e-04 5.059171597633135148e-02 1.186390532544378401e-01 3.612426035502956934e-01 2.958579881656803689e-04 2.958579881656803689e-04 2.958579881656803689e-04 6.834319526627216645e-02 2.958579881656803689e-04 3.254437869822484220e-03 2.958579881656803689e-04 6.538461538461536049e-02 6.213017751479288017e-03 2.958579881656803689e-04 2.958579881656803689e-04 1.215976331360946322e-01 2.958579881656803689e-04 2.692307692307691416e-02 6.213017751479288017e-03 2.958579881656803689e-04 6.213017751479288017e-03 2.958579881656803689e-04 7.721893491124258435e-02 5.946745562130176244e-02 2.958579881656803689e-04 2.958579881656803689e-04 2.958579881656803689e-04 2.396449704142010820e-02 2.958579881656803689e-04 2.958579881656803689e-04
5.555555555555556635e-04 7.277777777777778845e-02 1.283333333333333548e-01 5.555555555555556635e-04 5.555555555555556635e-04 5.555555555555556635e-04 1.894444444444444708e-01 2.838888888888889683e-01 5.555555555555556635e-04 1.166666666666666893e-02 2.833333333333333537e-02 5.555555555555556635e-04 5.555555555555556635e-04 5.555555555555556635e-04 5.611111111111111854e-02 5.555555555555556635e-04 1.722222222222222557e-02 5.555555555555556635e-04 2.277777777777777873e-02 5.555555555555556635e-04 5.555555555555556635e-04 5.555555555555556635e-04 1.166666666666666893e-02 6.111111111111112298e-03 6.722222222222222487e-02 6.111111111111112298e-03 6.111111111111112298e-03 2.277777777777777873e-02 5.055555555555556191e-02 1.166666666666666893e-02
4.566210045662101938e-04 4.566210045662101938e-04 6.534246575342467223e-01 4.566210045662101938e-04 4.566210045662101938e-04 9.589041095890413202e-03 4.566210045662101938e-04 4.566210045662101938e-04 4.566210045662101938e-04 5.022831050228312132e-03 4.566210045662101938e-04 4.566210045662101938e-04 4.566210045662101938e-04 5.022831050228312132e-03 9.589041095890413202e-03 1.872146118721461361e-02 4.566210045662101938e-04 4.566210045662101938e-04 5.525114155251142911e-02 1.415525114155251514e-02 8.721461187214614441e-02 4.566210045662101938e-04 5.022831050228312132e-03 5.981735159817352931e-02 2.328767123287671728e-02 4.566210045662101938e-04 4.566210045662101938e-04 4.611872146118722177e-02 4.566210045662101938e-04 4.566210045662101938e-04
3.816793893129770952e-04 8.015267175572519595e-03 3.095419847328244045e-01 1.835877862595420018e-01 4.198473282442748318e-03 4.618320610687022543e-02 3.816793893129770952e-04 4.999999999999999584e-02 3.816793893129770952e-04 4.198473282442748318e-03 3.816793893129770952e-04 1.183206106870229000e-02 8.015267175572519595e-03 3.816793893129770952e-04 4.198473282442748318e-03 3.816793893129770952e-04 3.816793893129770952e-04 3.816793893129770952e-04 3.816793893129770952e-04 5.763358778625954359e-02 3.816793893129770952e-04 1.946564885496182909e-02 8.015267175572519595e-03 4.236641221374045502e-02 3.816793893129770952e-04 6.145038167938932094e-02 1.645038167938931428e-01 3.816793893129770952e-04 3.816793893129770952e-04 1.183206106870229000e-02
2.729528535980148447e-03 3.377171215880891975e-01 1.739454094292803288e-01 2.481389578163771168e-04 2.481389578163771168e-04 2.481389578163771168e-04 1.761786600496277264e-02 2.009925558312654348e-02 5.210918114143919290e-03 2.481389578163771168e-04 2.481389578163771168e-04 2.481389578163771168e-04 1.017369727047146011e-02 9.205955334987590832e-02 2.481389578163771168e-04 2.729528535980148447e-03 2.481389578163771168e-04 2.009925558312654348e-02 2.481389578163771168e-04 2.481389578163771168e-04 2.481389578163771168e-04 2.481389578163771168e-04 2.009925558312654348e-02 1.193548387096773911e-01 2.481389578163771168e-04 7.717121588089327633e-02 2.481389578163771168e-04 2.481389578163771168e-04 4.243176178660048453e-02 5.483870967741934221e-02
4.237288135593221842e-04 3.224576271186441190e-01 4.237288135593221842e-04 4.237288135593221842e-04 4.237288135593221842e-04 4.279661016949153768e-02 6.822033898305086830e-02 4.237288135593221842e-04 1.313559322033898587e-02 4.237288135593221842e-04 4.237288135593221842e-04 8.898305084745764676e-03 4.237288135593221842e-04 4.237288135593221842e-04 4.237288135593221842e-04 4.237288135593221842e-04 4.237288135593221842e-04 2.161016949152542652e-02 1.737288135593220706e-02 4.237288135593221842e-04 4.237288135593221842e-04 4.237288135593221842e-04 8.898305084745764676e-03 9.364406779661019198e-02 4.661016949152543484e-03 6.822033898305086830e-02 1.737288135593220706e-02 4.237288135593221842e-04 2.584745762711864944e-02 2.800847457627119175e-01
4.184100418410043216e-04 4.184100418410043216e-04 5.481171548117155790e-02 4.184100418410043216e-04 1.297071129707113267e-02 4.184100418410043216e-04 6.317991631799164953e-02 4.184100418410043216e-04 4.184100418410043216e-04 5.527196652719665870e-01 4.184100418410043216e-04 3.807531380753138850e-02 5.062761506276151902e-02 2.970711297071130380e-02 4.184100418410043216e-04 4.184100418410043216e-04 4.184100418410043216e-04 4.184100418410043216e-04 6.736401673640170229e-02 4.644351464435147320e-02 4.184100418410043216e-04 4.184100418410043216e-04 1.297071129707113267e-02 4.184100418410043216e-04 4.184100418410043216e-04 4.184100418410043216e-04 5.899581589958160371e-02 4.602510460251047104e-03 4.184100418410043216e-04 4.184100418410043216e-04
4.784688995215311143e-04 4.784688995215311143e-04 4.784688995215311143e-04 4.784688995215311143e-04 4.784688995215311143e-04 1.004784688995215280e-02 1.440191387559808800e-01 4.784688995215311143e-04 4.784688995215311143e-04 1.440191387559808800e-01 4.784688995215311143e-04 4.784688995215311143e-04 4.784688995215311143e-04 4.784688995215311143e-04 1.004784688995215280e-02 5.311004784688994756e-02 1.392344497607655440e-01 4.784688995215311143e-04 4.784688995215311143e-04 2.732057416267942851e-01 4.784688995215311143e-04 4.784688995215311143e-04 4.784688995215311143e-04 2.918660287081339608e-02 1.483253588516746449e-02 1.004784688995215280e-02 4.784688995215311143e-04 1.004784688995215280e-02 9.138755980861244799e-02 6.267942583732057094e-02
2.398081534772181765e-04 2.398081534772181765e-04 2.520383693045562534e-01 2.398081534772181765e-04 2.637889688249399778e-03 2.398081534772181765e-04 5.035971223021581435e-03 3.381294964028776218e-02 2.398081534772181765e-04 2.637889688249399778e-03 1.702637889688249015e-02 2.398081534772181765e-04 2.398081534772181765e-04 2.182254196642685259e-02 3.860911270983212462e-02 3.767386091127097325e-01 2.398081534772181765e-04 2.182254196642685259e-02 2.398081534772181765e-04 2.398081534772181765e-04 2.398081534772181765e-04 2.398081534772181765e-04 2.398081534772181765e-04 2.398081534772181765e-04 2.398081534772181765e-04 7.434052757793763525e-03 1.942446043165467137e-02 1.223021582733812597e-02 1.462829736211030719e-02 1.705035971223020919e-01
8.677685950413224769e-03 4.132231404958678668e-04 9.958677685950415026e-02 4.132231404958678668e-04 4.132231404958678668e-04 4.132231404958678668e-04 1.037190082644628281e-01 5.826446280991735838e-02 4.132231404958678668e-04 1.409090909090909283e-01 2.194214876033058204e-01 4.132231404958678668e-04 4.132231404958678668e-04 4.132231404958678668e-04 4.132231404958678668e-04 4.132231404958678668e-04 3.760330578512396937e-02 4.132231404958678668e-04 4.132231404958678668e-04 1.694214876033058037e-02 3.347107438016529157e-02 4.132231404958678668e-04 4.132231404958678668e-04 4.132231404958678668e-04 4.132231404958678668e-04 2.731404958677686179e-01 4.132231404958678668e-04 4.132231404958678668e-04 4.132231404958678668e-04 4.132231404958678668e-04
4.629629629629629806e-04 1.435185185185185175e-02 2.319444444444444531e-01 4.629629629629629806e-04 4.629629629629629806e-04 8.379629629629629928e-02 5.092592592592593004e-03 4.629629629629629806e-04 5.092592592592593004e-03 9.768518518518519433e-02 4.629629629629629806e-04 1.763888888888889006e-01 3.749999999999999861e-02 4.629629629629629806e-04 9.722222222222222376e-03 4.629629629629629806e-04 1.254629629629629706e-01 4.629629629629629806e-04 1.898148148148148112e-02 1.435185185185185175e-02 4.629629629629629806e-04 2.361111111111111049e-02 9.722222222222222376e-03 4.629629629629629806e-04 4.629629629629629806e-04 4.629629629629629806e-04 9.305555555555555802e-02 2.361111111111111049e-02 1.898148148148148112e-02 5.092592592592593004e-03
3.508771929824561144e-04 5.649122807017543241e-02 1.757894736842104955e-01 3.508771929824561144e-04 3.894736842105261942e-02 3.508771929824561144e-04 2.842105263157894066e-02 4.947368421052630166e-02 1.789473684210525842e-02 5.999999999999999084e-02 3.508771929824561144e-04 7.368421052631577914e-03 3.508771929824561144e-04 2.389473684210525750e-01 3.508771929824561144e-04 3.508771929824561144e-04 6.350877192982455621e-02 1.087719298245613808e-02 1.087719298245613808e-02 3.859649122807016879e-03 3.859649122807016879e-03 7.368421052631577914e-03 8.456140350877192069e-02 3.508771929824561144e-04 7.368421052631577914e-03 3.508771929824561144e-04 8.807017543859647912e-02 3.508771929824561144e-04 3.543859649122806099e-02 7.368421052631577914e-03
3.623188405797100409e-04 3.985507246376810558e-03 7.282608695652172115e-02 3.623188405797100409e-04 3.623188405797100409e-04 3.623188405797100409e-04 1.923913043478260032e-01 1.307971014492753103e-01 3.623188405797100409e-04 6.557971014492751383e-02 1.090579710144927161e-01 6.195652173913041710e-02 3.623188405797100409e-04 3.623188405797100409e-04 3.623188405797100409e-04 1.847826086956520786e-02 5.833333333333331344e-02 3.623188405797100409e-04 1.123188405797101094e-02 3.623188405797100409e-04 3.623188405797100409e-04 3.623188405797100409e-04 3.623188405797100409e-04 1.847826086956520786e-02 3.623188405797100409e-04 2.467391304347824887e-01 3.623188405797100409e-04 3.623188405797100409e-04 3.623188405797100409e-04 3.985507246376810558e-03
3.546099290780140457e-04 2.450354609929076832e-01 2.163120567375885483e-02 2.872340425531913488e-02 3.546099290780140457e-04 3.546099290780140457e-04 1.102836879432623762e-01 2.840425531914892443e-01 3.546099290780140457e-04 7.446808510638295610e-03 6.063829787234040897e-02 7.446808510638295610e-03 5.709219858156026894e-02 3.900709219858154719e-03 3.546099290780140457e-04 3.546099290780140457e-04 7.836879432624110908e-02 3.900709219858154719e-03 4.645390070921983500e-02 3.546099290780140457e-04 3.900709219858154719e-03 1.099290780141843477e-02 3.546099290780140457e-04 3.546099290780140457e-04 3.900709219858154719e-03 3.546099290780140457e-04 2.163120567375885483e-02 3.546099290780140457e-04 3.546099290780140457e-04 3.546099290780140457e-04
4.424778761061948468e-04 4.424778761061948468e-04 2.216814159292035957e-01 4.424778761061948468e-04 4.424778761061948468e-04 4.424778761061948468e-04 2.256637168141593236e-02 1.814159292035398552e-02 4.424778761061948468e-04 4.424778761061948468e-04 4.867256637168143260e-03 4.026548672566372666e-02 4.424778761061948468e-04 1.371681415929203868e-02 4.424778761061948468e-04 4.694690265486726743e-01 1.814159292035398552e-02 4.424778761061948468e-04 4.424778761061948468e-04 4.424778761061948468e-04 4.424778761061948468e-04 4.424778761061948468e-04 4.424778761061948468e-04 7.123893805309737537e-02 4.424778761061948468e-04 4.424778761061948468e-04 4.424778761061948468e-04 2.256637168141593236e-02 3.141592920353982604e-02 5.796460176991151403e-02
4.098360655737705457e-04 4.098360655737705457e-04 4.098360655737705457e-04 4.098360655737705457e-04 3.729508196721311591e-02 8.606557377049180863e-03 8.606557377049180863e-03 4.098360655737705457e-04 4.098360655737705457e-04 4.098360655737705457e-04 4.098360655737705457e-04 2.012295081967213350e-01 4.098360655737705457e-04 4.098360655737705457e-04 4.549180327868852791e-02 4.098360655737705457e-04 4.959016393442623044e-02 4.098360655737705457e-04 2.094262295081967540e-01 4.098360655737705457e-04 4.098360655737705457e-04 8.647540983606559484e-02 1.270491803278688686e-02 4.098360655737705457e-04 4.098360655737705457e-04 4.098360655737705457e-04 1.192622950819672289e-01 1.680327868852458939e-02 4.098360655737705457e-04 1.971311475409836256e-01
3.663003663003661916e-04 3.663003663003661916e-04 3.663003663003661916e-04 3.663003663003661916e-04 3.663003663003661916e-04 3.663003663003661916e-04 3.663003663003661916e-04 3.333333333333331899e-02 1.135531135531135140e-02 1.688644688644687919e-01 2.347985347985346860e-01 3.663003663003661916e-04 7.692307692307689265e-03 3.886446886446884852e-01 3.663003663003661916e-04 4.798534798534796753e-02 4.029304029304027999e-03 1.501831501831501006e-02 4.029304029304027999e-03 3.663003663003661916e-04 1.135531135531135140e-02 3.663003663003661916e-04 3.663003663003661916e-04 2.234432234432233433e-02 3.663003663003661916e-04 4.029304029304027999e-03 3.663003663003661916e-04 4.065934065934063979e-02 3.663003663003661916e-04 3.663003663003661916e-04
4.166666666666668018e-04 5.875000000000001055e-02 6.291666666666667629e-02 4.166666666666668018e-04 4.166666666666668018e-04 4.166666666666668018e-04 6.291666666666667629e-02 5.458333333333334481e-02 8.750000000000002567e-03 5.875000000000001055e-02 2.004166666666667151e-01 4.166666666666668018e-04 1.291666666666667004e-02 1.295833333333333837e-01 6.291666666666667629e-02 4.166666666666668018e-04 4.166666666666668018e-04 4.166666666666668018e-04 8.750000000000002567e-03 4.166666666666668018e-04 8.375000000000001887e-02 4.166666666666668018e-04 1.462500000000000466e-01 4.583333333333335091e-03 4.166666666666668018e-04 4.166666666666668018e-04 2.125000000000000500e-02 4.166666666666668018e-04 4.166666666666668018e-04 1.708333333333333579e-02
4.761904761904761901e-04 4.761904761904761901e-04 4.761904761904761901e-04 8.619047619047619235e-02 4.761904761904761901e-04 1.000000000000000021e-02 5.285714285714285254e-02 4.761904761904761901e-04 4.761904761904761901e-04 4.761904761904761901e-04 4.761904761904761901e-04 1.052380952380952417e-01 2.576190476190476364e-01 4.761904761904761901e-04 6.714285714285714302e-02 4.761904761904761901e-04 4.761904761904761901e-04 4.761904761904761901e-04 4.761904761904761901e-04 5.761904761904761835e-02 4.761904761904761901e-04 4.761904761904761901e-04 4.761904761904761901e-04 1.909523809523809568e-01 4.761904761904761901e-04 4.761904761904761901e-04 4.761904761904761901e-04 4.761904761904761901e-04 4.761904761904761901e-04 1.623809523809523758e-01
2.808988764044942983e-04 6.769662921348312823e-02 3.373595505617976165e-01 2.808988764044942983e-04 2.808988764044942983e-04 3.679775280898875400e-02 5.084269662921347271e-02 2.839887640449437201e-01 2.808988764044942983e-04 2.808988764044942983e-04 2.808988764044942983e-04 2.808988764044942983e-04 2.808988764044942983e-04 2.808988764044942983e-04 2.808988764044942983e-04 3.398876404494381026e-02 4.803370786516852897e-02 2.808988764044942983e-04 5.898876404494380644e-03 2.808988764044942983e-04 3.089887640449437336e-03 4.522471910112358523e-02 2.808988764044942983e-04 3.117977528089886652e-02 2.808988764044942983e-04 2.808988764044942983e-04 2.808988764044942983e-04 2.808988764044942983e-04 5.898876404494380644e-03 4.522471910112358523e-02
3.521126760563378843e-04 5.316901408450701999e-02 3.521126760563378843e-04 4.612676056338026187e-02 3.521126760563378843e-04 7.394366197183095679e-03 3.521126760563378843e-04 7.077464788732391876e-02 3.521126760563378843e-04 4.260563380281688628e-02 3.521126760563378843e-04 1.165492957746478431e-01 1.940140845070421893e-01 3.521126760563378843e-04 3.521126760563378843e-04 3.521126760563378843e-04 1.091549295774647474e-02 3.521126760563378843e-04 3.521126760563378843e-04 3.521126760563378843e-04 9.190140845070420006e-02 3.521126760563378843e-04 2.499999999999998751e-02 1.271126760563379698e-01 3.873239436619717053e-03 3.521126760563378843e-04 1.728873239436619080e-01 3.521126760563378843e-04 3.204225352112674563e-02 3.521126760563378843e-04
2.906976744186045929e-04 3.517441860465114756e-02 5.261627906976742985e-02 3.197674418604650251e-03 2.906976744186045929e-04 2.906976744186045929e-04 2.851744186046510365e-01 1.427325581395348375e-01 2.906976744186045929e-04 2.906976744186045929e-04 3.517441860465114756e-02 2.906976744186045929e-04 2.906976744186045929e-04 2.906976744186045929e-04 4.680232558139534038e-02 2.906976744186045929e-04 5.843023255813951933e-02 3.197674418604650251e-03 6.104651162790695855e-03 2.906976744186045929e-04 7.877906976744183942e-02 2.906976744186045929e-04 2.906976744186045929e-04 1.107558139534883385e-01 2.906976744186045929e-04 2.906976744186045929e-04 2.906976744186045929e-04 2.906976744186045929e-04 2.906976744186045929e-04 1.369186046511627619e-01
3.389830508474575414e-04 1.257627118644067399e-01 3.389830508474575414e-04 3.389830508474575414e-04 3.728813559322032792e-03 3.389830508474575414e-04 1.698305084745762028e-01 1.050847457627118210e-02 3.389830508474575414e-04 3.054237288135591699e-01 5.118644067796607883e-02 3.389830508474575414e-04 3.389830508474575414e-04 3.389830508474575414e-04 3.389830508474575414e-04 3.389830508474575414e-04 6.474576271186438525e-02 3.389830508474575414e-04 3.389830508474575414e-04 1.732203389830507811e-01 3.389830508474575414e-04 3.389830508474575414e-04 4.101694915254235768e-02 2.067796610169490498e-02 3.389830508474575414e-04 3.389830508474575414e-04 3.389830508474575414e-04 3.389830508474575414e-04 7.118644067796608098e-03 2.067796610169490498e-02
2.709030100334448160e-02 2.709030100334448160e-02 7.391304347826087306e-02 3.344481605351170943e-04 3.344481605351170943e-04 3.344481605351170943e-04 1.575250836120401510e-01 1.207357859531772576e-01 3.344481605351170943e-04 3.344481605351170943e-04 3.080267558528427818e-01 3.344481605351170943e-04 3.344481605351170943e-04 3.344481605351170943e-04 3.344481605351170943e-04 3.344481605351170943e-04 3.344481605351170943e-04 3.344481605351170943e-04 1.371237458193979783e-02 3.344481605351170943e-04 7.056856187290970472e-02 3.344481605351170943e-04 3.344481605351170943e-04 3.344481605351170943e-04 3.344481605351170943e-04 3.344481605351170943e-04 3.344481605351170943e-04 3.344481605351170943e-04 3.344481605351170943e-04 1.943143812709030027e-01
3.257328990228013717e-04 3.257328990228013717e-04 6.221498371335506400e-02 3.257328990228013717e-04 3.257328990228013717e-04 3.257328990228013717e-04 3.130293159609121023e-01 1.661237785016286828e-02 3.257328990228013717e-04 3.257328990228013717e-04 1.403908794788273906e-01 3.257328990228013717e-04 3.257328990228013717e-04 3.583061889250815143e-03 3.257328990228013717e-04 3.257328990228013717e-04 5.244299674267102751e-02 3.257328990228013717e-04 3.257328990228013717e-04 3.257328990228013717e-04 7.850162866449512944e-02 3.257328990228013717e-04 3.257328990228013717e-04 3.257328990228013717e-04 3.257328990228013717e-04 3.257328990228013717e-04 3.257328990228013717e-04 3.257328990228013717e-04 3.257328990228013717e-04 3.260586319218241602e-01
1.838235294117646762e-04 1.178308823529411464e-01 2.722426470588234504e-01 2.775735294117646565e-02 1.838235294117646762e-04 1.838235294117646762e-04 2.959558823529411312e-02 4.981617647058822484e-02 5.165441176470587231e-02 1.488970588235293685e-02 1.121323529411764365e-02 7.536764705882350451e-03 1.838235294117646762e-04 1.838235294117646762e-04 3.694852941176469951e-02 2.134191176470587592e-01 1.838235294117646762e-04 1.838235294117646762e-04 1.838235294117646762e-04 1.838235294117646762e-04 2.775735294117646565e-02 1.838235294117646762e-04 1.838235294117646762e-04 2.959558823529411312e-02 1.838235294117646762e-04 1.121323529411764365e-02 1.305147058823529112e-02 1.838235294117646762e-04 1.838235294117646762e-04 8.290441176470586537e-02
4.424778761061947925e-04 4.424778761061947925e-04 4.424778761061947925e-04 4.424778761061947925e-04 4.424778761061947925e-04 4.424778761061947925e-04 4.867256637168142393e-03 1.371681415929203694e-02 4.424778761061947925e-04 2.570796460176991705e-01 4.424778761061947925e-04 4.424778761061947925e-04 4.424778761061947925e-04 3.013274336283185972e-01 4.424778761061947925e-04 1.066371681415929362e-01 1.110619469026548900e-01 4.424778761061947925e-04 4.424778761061947925e-04 7.123893805309736149e-02 9.336283185840710264e-02 4.424778761061947925e-04 4.424778761061947925e-04 4.424778761061947925e-04 4.424778761061947925e-04 4.424778761061947925e-04 4.424778761061947925e-04 2.699115044247787920e-02 4.424778761061947925e-04 4.867256637168142393e-03
1.320754716981132303e-02 2.578616352201257983e-02 6.289308176100630787e-04 6.289308176100630787e-04 6.289308176100630787e-04 6.289308176100630787e-04 2.144654088050314822e-01 6.289308176100630787e-04 6.289308176100630787e-04 6.289308176100630787e-04 1.201257861635220414e-01 6.289308176100630787e-04 6.289308176100630787e-04 6.289308176100630787e-04 3.836477987421384184e-02 6.289308176100630787e-04 6.289308176100630787e-04 6.289308176100630787e-04 6.918238993710693757e-03 1.327044025157232965e-01 7.610062893081762092e-02 6.289308176100630787e-04 6.289308176100630787e-04 6.289308176100630787e-04 6.289308176100630787e-04 9.496855345911951740e-02 6.289308176100630787e-04 6.289308176100630787e-04 5.094339622641510384e-02 2.144654088050314822e-01
4.761904761904762985e-04 4.761904761904762985e-04 4.761904761904762985e-04 4.761904761904762985e-04 1.952380952380952314e-02 4.761904761904762985e-04 4.333333333333333481e-02 4.761904761904762985e-04 4.761904761904762985e-04 1.528571428571428859e-01 5.238095238095239609e-03 4.761904761904762985e-04 3.857142857142857595e-02 5.238095238095239609e-03 5.761904761904762529e-02 4.761904761904762985e-04 1.952380952380952314e-02 1.000000000000000194e-02 4.761904761904762985e-04 2.719047619047619269e-01 4.761904761904762985e-04 4.761904761904762985e-04 4.761904761904762985e-04 5.285714285714285948e-02 4.761904761904762985e-04 5.761904761904762529e-02 8.142857142857144737e-02 1.052380952380952556e-01 7.190476190476191576e-02 4.761904761904762985e-04
3.448275862068964168e-04 3.448275862068964168e-04 3.448275862068964168e-04 1.068965517241378914e-02 7.241379310344825404e-03 3.448275862068964168e-04 7.965517241379307944e-02 3.448275862068964168e-04 3.793103448275860802e-03 4.762068965517239350e-01 3.448275862068964168e-04 5.551724137931032810e-02 3.448275862068964168e-04 1.831034482758620019e-01 1.758620689655171487e-02 3.448275862068964168e-04 7.241379310344825404e-03 3.448275862068964168e-04 3.448275862068964168e-04 1.313793103448275268e-01 3.793103448275860802e-03 3.448275862068964168e-04 3.448275862068964168e-04 3.448275862068964168e-04 3.448275862068964168e-04 3.448275862068964168e-04 3.793103448275860802e-03 3.448275862068964168e-04 1.413793103448275114e-02 3.448275862068964168e-04
4.098360655737705999e-04 4.098360655737705999e-04 1.930327868852459439e-01 4.098360655737705999e-04 4.098360655737705999e-04 4.508196721311476599e-03 4.098360655737705999e-04 7.008196721311477084e-02 4.098360655737705999e-04 1.971311475409836533e-01 3.729508196721312285e-02 4.098360655737705999e-04 4.508196721311476599e-03 8.606557377049182597e-03 7.418032786885248031e-02 2.090163934426229886e-02 4.098360655737705999e-04 4.098360655737705999e-04 3.729508196721312285e-02 4.098360655737705999e-04 4.098360655737705999e-04 4.098360655737705999e-04 4.098360655737705999e-04 1.110655737704918378e-01 4.098360655737705999e-04 1.807377049180328432e-01 4.098360655737705999e-04 4.098360655737705999e-04 4.098360655737705999e-04 5.368852459016394685e-02
5.188679245283020318e-03 4.764150943396227439e-02 3.820754716981132615e-02 4.716981132075473361e-04 1.136792452830188982e-01 3.825471698113208086e-01 5.188679245283020318e-03 3.349056603773585550e-02 4.716981132075473361e-04 4.716981132075473361e-04 4.716981132075473361e-04 1.136792452830188982e-01 8.537735849056606041e-02 4.716981132075473361e-04 4.716981132075473361e-04 4.716981132075473361e-04 4.716981132075473361e-04 4.716981132075473361e-04 4.716981132075473361e-04 4.716981132075473361e-04 4.716981132075473361e-04 4.716981132075473361e-04 4.716981132075473361e-04 4.716981132075473361e-04 4.716981132075473361e-04 4.716981132075473361e-04 1.325471698113208086e-01 4.716981132075473361e-04 4.716981132075473361e-04 3.349056603773585550e-02
1.178707224334600741e-02 3.802281368821293079e-04 4.600760456273764176e-02 7.984790874524715087e-03 3.802281368821293079e-04 3.802281368821293079e-04 3.802281368821293079e-04 3.802281368821293079e-04 7.984790874524715087e-03 1.220532319391635090e-01 3.802281368821293079e-04 3.840304182509505365e-02 8.022813688212927785e-02 4.034220532319391372e-01 3.802281368821293079e-04 1.178707224334600741e-02 3.840304182509505365e-02 3.802281368821293079e-04 3.840304182509505365e-02 3.079847908745246901e-02 1.178707224334600741e-02 3.802281368821293079e-04 7.984790874524715087e-03 3.079847908745246901e-02 3.802281368821293079e-04 4.182509505703422767e-03 5.741444866920152046e-02 4.182509505703422767e-03 4.220532319391635118e-02 3.802281368821293079e-04
3.717472118959108825e-04 3.717472118959108825e-04 4.126394052044610183e-02 3.717472118959108825e-04 3.717472118959108825e-04 3.717472118959108825e-04 3.717472118959108825e-04 3.717472118959108825e-04 3.717472118959108825e-04 2.531598513011152907e-01 2.639405204460967130e-02 1.524163568773234320e-02 3.717472118959108825e-04 5.059479553903346583e-01 7.806691449814128804e-03 3.717472118959108825e-04 3.717472118959108825e-04 3.717472118959108825e-04 3.717472118959108825e-04 4.089219330855019437e-03 6.356877323420076498e-02 3.717472118959108825e-04 3.717472118959108825e-04 3.717472118959108825e-04 3.717472118959108825e-04 4.089219330855019437e-03 1.895910780669145257e-02 3.717472118959108825e-04 3.717472118959108825e-04 5.241635687732342647e-02
3.585858585858586745e-02 1.166666666666667102e-01 5.050505050505052669e-04 5.050505050505052669e-04 5.050505050505052669e-04 5.050505050505052669e-04 5.050505050505052669e-04 5.050505050505052669e-04 5.050505050505052669e-04 3.843434343434344314e-01 2.575757575757576384e-02 1.060606060606061017e-02 3.080808080808081564e-02 5.050505050505052669e-04 1.060606060606061017e-02 5.050505050505052669e-04 5.050505050505052669e-04 2.070707070707071204e-02 5.050505050505052669e-04 1.267676767676768068e-01 5.050505050505052669e-04 5.050505050505052669e-04 5.555555555555557502e-03 5.050505050505052669e-04 5.050505050505052669e-04 7.121212121212122659e-02 5.050505050505052669e-04 5.555555555555557502e-03 5.050505050505052669e-04 1.469696969696970279e-01
3.105590062111801899e-04 1.245341614906832622e-01 1.273291925465838692e-02 3.105590062111801899e-04 3.416149068322982089e-03 3.105590062111801899e-04 1.928571428571428936e-01 3.105590062111801899e-04 4.378881987577640245e-02 8.105590062111803218e-02 9.968944099378884705e-02 3.416149068322982089e-03 3.105590062111801899e-04 3.105590062111801899e-04 5.000000000000001665e-02 3.105590062111801899e-04 9.658385093167703994e-02 3.105590062111801899e-04 3.105590062111801899e-04 3.105590062111801899e-04 3.105590062111801899e-04 3.105590062111801899e-04 3.105590062111801899e-04 3.105590062111801899e-04 3.105590062111801899e-04 3.105590062111801899e-04 3.105590062111801899e-04 3.105590062111801899e-04 3.105590062111801899e-04 2.860248447204969402e-01
3.816793893129770952e-04 3.816793893129770952e-04 1.183206106870229000e-02 3.816793893129770952e-04 3.816793893129770952e-04 9.198473282442748422e-02 2.709923664122137338e-02 1.183206106870229000e-02 1.874045801526717514e-01 3.816793893129770952e-04 3.816793893129770952e-04 3.091603053435114379e-02 2.179389312977099424e-01 3.816793893129770952e-04 6.145038167938932094e-02 8.435114503816794340e-02 3.816793893129770952e-04 1.183206106870229000e-02 3.854961832061068461e-02 3.816793893129770952e-04 3.816793893129770952e-04 3.816793893129770952e-04 3.816793893129770952e-04 9.198473282442748422e-02 3.816793893129770952e-04 3.816793893129770952e-04 8.015267175572519595e-03 3.816793893129770952e-04 3.816793893129770952e-04 1.187022900763358840e-01
3.134796238244513225e-04 1.194357366771159473e-01 1.978056426332287787e-01 5.987460815047020157e-02 3.134796238244513225e-04 3.134796238244513225e-04 3.134796238244513225e-04 9.749216300940435898e-02 3.134796238244513225e-04 1.288401253918494971e-01 3.134796238244513225e-04 3.448275862068964602e-03 2.539184952978055382e-02 3.134796238244513225e-04 3.134796238244513225e-04 3.200626959247647729e-01 3.134796238244513225e-04 3.134796238244513225e-04 3.134796238244513225e-04 9.717868338557989968e-03 3.134796238244513225e-04 3.448275862068964602e-03 3.134796238244513225e-04 1.285266457680250135e-02 3.448275862068964602e-03 3.134796238244513225e-04 1.285266457680250135e-02 3.134796238244513225e-04 3.134796238244513225e-04 3.134796238244513225e-04
5.000000000000000104e-04 5.500000000000000548e-03 8.550000000000000655e-02 5.000000000000000104e-04 5.000000000000000104e-04 1.549999999999999989e-02 1.050000000000000065e-02 5.000000000000000104e-04 2.605000000000000093e-01 5.000000000000000104e-04 5.000000000000000104e-04 8.550000000000000655e-02 2.005000000000000115e-01 5.000000000000000104e-04 5.000000000000000104e-04 5.000000000000000104e-04 5.000000000000000104e-04 5.000000000000000104e-04 1.050000000000000065e-02 5.000000000000000104e-04 5.000000000000000104e-04 5.000000000000000104e-04 1.050000000000000065e-02 2.005000000000000115e-01 5.000000000000000104e-04 5.000000000000000104e-04 4.549999999999999878e-02 5.000000000000000104e-04 5.500000000000000548e-03 5.550000000000000072e-02
4.424778761061948468e-04 4.424778761061948468e-04 4.424778761061948468e-04 4.424778761061948468e-04 4.424778761061948468e-04 4.911504424778762035e-02 6.238938053097346781e-02 4.424778761061948468e-04 4.424778761061948468e-04 1.420353982300885387e-01 4.424778761061948468e-04 1.110619469026549039e-01 1.814159292035398552e-02 4.424778761061948468e-04 4.424778761061948468e-04 4.424778761061948468e-04 3.588495575221239409e-01 4.424778761061948468e-04 7.566371681415931527e-02 9.778761061946905642e-02 4.867256637168143260e-03 4.424778761061948468e-04 4.424778761061948468e-04 4.424778761061948468e-04 4.424778761061948468e-04 4.424778761061948468e-04 4.424778761061948468e-04 4.424778761061948468e-04 4.424778761061948468e-04 7.123893805309737537e-02
3.717472118959106657e-04 3.717472118959106657e-04 3.011152416356875985e-02 1.524163568773233453e-02 1.007434944237917823e-01 3.717472118959106657e-04 3.717472118959106657e-04 2.159851301115240652e-01 3.754646840148697512e-02 1.825278810408921260e-01 3.717472118959106657e-04 1.416356877323419472e-01 3.717472118959106657e-04 1.152416356877323037e-02 4.089219330855016835e-03 4.089219330855016835e-03 1.044609665427508882e-01 3.717472118959106657e-04 3.717472118959106657e-04 8.215613382899625283e-02 4.089219330855016835e-03 7.806691449814123600e-03 3.717472118959106657e-04 3.717472118959106657e-04 4.869888475836429281e-02 3.717472118959106657e-04 3.717472118959106657e-04 3.717472118959106657e-04 3.717472118959106657e-04 4.089219330855016835e-03
2.808988764044942983e-04 3.092696629213482207e-01 3.117977528089886652e-02 2.808988764044942983e-04 2.808988764044942983e-04 2.808988764044942983e-04 2.808988764044942983e-04 2.808988764044942983e-04 2.808988764044942983e-04 3.679775280898875400e-02 2.808988764044942983e-04 2.808988764044942983e-04 2.808988764044942983e-04 4.216292134831459149e-01 2.808988764044942983e-04 1.432584269662920753e-02 2.808988764044942983e-04 5.898876404494380644e-03 2.808988764044942983e-04 8.707865168539323519e-03 2.808988764044942983e-04 2.808988764044942983e-04 3.089887640449437336e-03 2.808988764044942983e-04 2.808988764044942983e-04 3.089887640449437336e-03 2.808988764044942983e-04 2.808988764044942983e-04 2.808988764044942983e-04 1.603932584269662509e-01
1.759656652360515328e-02 4.291845493562233154e-04 1.163090128755365216e-01 4.721030042918456307e-03 4.291845493562233154e-04 4.721030042918456307e-03 4.721030042918456307e-03 7.768240343347641852e-02 8.626609442060088895e-02 9.012875536480689787e-03 4.291845493562233154e-04 4.291845493562233154e-04 3.266094420600859083e-01 9.012875536480689787e-03 6.051502145922747766e-02 4.291845493562233154e-04 4.291845493562233154e-04 4.291845493562233154e-04 4.291845493562233154e-04 2.618025751072962024e-02 4.291845493562233154e-04 4.291845493562233154e-04 4.291845493562233154e-04 9.484978540772534550e-02 4.291845493562233154e-04 4.291845493562233154e-04 3.476394849785408719e-02 9.012875536480689787e-03 5.193133047210301417e-02 6.051502145922747766e-02
4.329004329004330085e-04 3.073593073593074154e-02 2.125541125541126064e-01 2.640692640692641341e-02 4.329004329004330085e-04 9.090909090909093937e-03 4.329004329004330085e-04 1.043290043290043545e-01 4.329004329004330085e-04 6.536796536796538049e-02 4.761904761904763202e-03 3.939393939393940475e-02 4.329004329004330085e-04 2.207792207792208181e-02 4.329004329004330085e-04 3.510822510822511622e-01 4.329004329004330085e-04 4.329004329004330085e-04 4.761904761904763202e-03 4.329004329004330085e-04 4.329004329004330085e-04 4.329004329004330085e-04 4.761904761904763202e-03 4.329004329004330085e-04 4.329004329004330085e-04 4.329004329004330085e-04 9.134199134199137704e-02 4.329004329004330085e-04 2.207792207792208181e-02 4.761904761904763202e-03
2.695417789757411568e-04 1.913746630727762230e-02 8.382749326145549906e-02 4.878706199460915161e-02 8.355795148247975590e-03 1.105121293800538640e-02 2.695417789757411568e-04 1.781671159029648843e-01 7.304582210242585583e-02 1.107816711590296210e-01 1.107816711590296210e-01 2.695417789757411568e-04 2.695417789757411568e-04 2.695417789757411568e-04 4.070080862533691224e-02 1.105121293800538640e-02 9.460916442048515618e-02 2.695417789757411568e-04 2.695417789757411568e-04 2.695417789757411568e-04 2.183288409703503311e-02 2.695417789757411568e-04 2.695417789757411568e-04 1.215633423180592643e-01 2.964959568733153104e-03 2.695417789757411568e-04 3.800539083557950143e-02 2.964959568733153104e-03 2.695417789757411568e-04 1.913746630727762230e-02
2.604166666666666088e-04 9.661458333333330928e-02 4.192708333333332316e-02 4.192708333333332316e-02 5.468749999999998786e-03 2.604166666666666088e-04 1.588541666666666227e-02 4.453124999999998751e-02 2.604166666666666088e-04 2.476562499999999112e-01 3.671874999999998751e-02 1.067708333333333010e-02 2.604166666666666088e-04 1.408854166666666241e-01 2.604166666666666088e-04 2.604166666666666088e-04 2.604166666666666088e-04 2.604166666666666088e-04 2.604166666666666088e-04 9.661458333333330928e-02 5.494791666666665186e-02 2.604166666666666088e-04 2.864583333333332697e-03 1.588541666666666227e-02 2.604166666666666088e-04 2.604166666666666088e-04 1.067708333333333010e-02 2.604166666666666088e-04 2.604166666666666088e-04 1.330729166666666241e-01
3.717472118959108825e-04 1.416356877323420305e-01 3.717472118959108825e-04 3.717472118959108825e-04 3.717472118959108825e-04 3.717472118959108825e-04 1.342007434944238187e-01 3.717472118959108825e-04 3.717472118959108825e-04 3.717472118959108825e-04 3.717472118959108825e-04 3.717472118959108825e-04 3.717472118959108825e-04 2.568773234200743549e-01 7.843866171003720245e-02 4.089219330855019437e-03 3.717472118959108825e-04 3.717472118959108825e-04 3.717472118959108825e-04 3.754646840148699594e-02 3.717472118959108825e-04 3.717472118959108825e-04 4.869888475836432057e-02 9.702602230483274581e-02 2.267657992565056194e-02 3.717472118959108825e-04 3.717472118959108825e-04 3.717472118959108825e-04 3.717472118959108825e-04 1.713754646840149054e-01
1.105263157894737121e-02 5.315789473684211230e-02 5.315789473684211230e-02 5.263157894736843071e-04 1.105263157894737121e-02 5.263157894736843071e-04 5.263157894736843071e-04 5.263157894736843071e-04 5.263157894736843071e-04 5.263157894736843071e-04 1.794736842105263408e-01 5.263157894736843071e-04 5.263157894736843071e-04 5.263157894736843071e-04 6.894736842105264607e-02 5.263157894736843071e-04 5.263157894736843071e-04 7.421052631578947678e-02 5.263157894736843071e-04 5.263157894736843071e-04 5.263157894736843071e-04 5.263157894736843071e-04 6.368421052631580148e-02 9.000000000000002442e-02 5.263157894736843071e-04 5.263157894736843071e-04 5.263157894736843071e-04 2.157894736842105518e-02 1.531578947368421317e-01 2.110526315789474083e-01
3.151862464183380168e-03 1.492836676217764724e-01 3.467048710601718098e-02 2.865329512893982069e-04 2.865329512893982069e-04 2.865329512893982069e-04 1.378223495702005363e-01 2.865329512893982069e-04 2.865329512893982069e-04 2.352435530085958959e-01 2.865329512893982069e-04 1.320916905444125822e-01 2.865329512893982069e-04 1.174785100286532442e-02 2.865329512893982069e-04 2.865329512893982069e-04 1.148997134670486781e-01 4.040114613180514208e-02 6.017191977077362454e-03 2.865329512893982069e-04 2.865329512893982069e-04 2.865329512893982069e-04 2.865329512893982069e-04 2.865329512893982069e-04 4.040114613180514208e-02 2.865329512893982069e-04 6.017191977077362454e-03 2.865329512893982069e-04 7.191977077363895243e-02 1.174785100286532442e-02
2.382812500000000555e-02 1.210937500000000382e-02 3.906250000000001301e-04 3.906250000000001301e-04 7.851562500000001943e-02 3.906250000000001301e-04 1.097656250000000333e-01 3.906250000000001301e-04 3.906250000000001301e-04 3.558593750000000333e-01 3.906250000000001301e-04 3.906250000000001301e-04 3.906250000000001301e-04 3.164062500000000555e-02 4.335937500000000555e-02 3.906250000000001301e-04 1.097656250000000333e-01 3.906250000000001301e-04 9.804687500000003331e-02 8.203125000000002082e-03 2.382812500000000555e-02 3.906250000000001301e-04 3.906250000000001301e-04 3.906250000000001301e-04 8.203125000000002082e-03 4.296875000000001214e-03 7.070312500000001943e-02 3.906250000000001301e-04 4.296875000000001214e-03 1.210937500000000382e-02
4.149377593360996830e-04 8.755186721991703447e-02 4.149377593360996830e-04 4.149377593360996830e-04 4.564315352697096567e-03 6.265560165975105067e-02 6.680497925311205953e-02 4.149377593360996830e-04 4.149377593360996830e-04 3.157676348547718281e-01 5.850622406639005568e-02 4.149377593360996830e-04 4.564315352697096567e-03 8.713692946058093289e-03 2.369294605809129373e-01 4.149377593360996830e-04 4.149377593360996830e-04 4.149377593360996830e-04 4.149377593360996830e-04 4.149377593360996830e-04 4.149377593360996830e-04 4.149377593360996830e-04 4.149377593360996830e-04 4.149377593360996830e-04 4.149377593360996830e-04 4.149377593360996830e-04 4.149377593360996830e-04 1.286307053941909001e-02 4.149377593360996830e-04 1.331950207468879932e-01
