5.751937984496123535e-02 5.441860465116278578e-02 5.131782945736433621e-02 1.705426356589147220e-03 1.550387596899224622e-04 1.550387596899224622e-04 1.550387596899224622e-04 3.753488372093022329e-01 7.302325581395348320e-02 1.550387596899224622e-04 3.736434108527131315e-02 1.550387596899224622e-04 4.046511627906976272e-02 1.550387596899224622e-04 1.550387596899224622e-04 1.550387596899224622e-04 2.031007751937984052e-02 1.550387596899224622e-04 6.356589147286820056e-03 4.046511627906976272e-02 1.550387596899224622e-04 1.550387596899224622e-04 1.550387596899224622e-04 1.550387596899224622e-04 1.550387596899224622e-04 1.551937984496123690e-01 1.550387596899224622e-04 7.906976744186043973e-03 2.651162790697674312e-02 4.976744186046511143e-02
6.959459459459459152e-02 9.652509652509652465e-05 9.652509652509652465e-05 9.652509652509652465e-05 2.597490347490347684e-01 1.061776061776061866e-03 8.021235521235520194e-02 1.167953667953667944e-02 9.652509652509652465e-05 1.226833976833976714e-01 2.027027027027027140e-03 9.652509652509652465e-05 7.635135135135134865e-02 2.712355212355212555e-02 2.992277992277992196e-03 6.853281853281853291e-03 1.843629343629343831e-02 9.652509652509652465e-05 6.380308880308879771e-02 9.652509652509652465e-05 1.071428571428571438e-02 9.652509652509652465e-05 1.061776061776061866e-03 9.652509652509652465e-05 5.222007722007722397e-02 7.924710424710423862e-02 8.021235521235520194e-02 9.652509652509652465e-05 3.291505791505791589e-02 9.652509652509652465e-05
1.420187793427229832e-02 9.401408450704223929e-02 1.173708920187793399e-04 1.173708920187793399e-04 1.173708920187793399e-04 2.711267605633802674e-02 3.415492957746478486e-02 5.985915492957745443e-03 4.002347417840375343e-02 1.173708920187793399e-04 3.532863849765258135e-02 1.173708920187793399e-04 1.173708920187793399e-04 1.173708920187793399e-04 1.173708920187793399e-04 1.173708920187793399e-04 3.180751173708919882e-02 1.173708920187793399e-04 1.173708920187793399e-04 2.007042253521126515e-02 1.889671361502347213e-02 1.173708920187793399e-04 1.173708920187793399e-04 5.410798122065726967e-02 1.173708920187793399e-04 5.176056338028168363e-02 2.630281690140844897e-01 1.291079812206572712e-03 3.064553990610328627e-01 1.173708920187793399e-04
2.554252199413489244e-01 2.932551319648093297e-04 2.932551319648093297e-04 2.932551319648093297e-04 2.932551319648093297e-04 2.932551319648093297e-04 2.932551319648093297e-04 2.961876832844574300e-02 9.706744868035190044e-02 2.932551319648093297e-04 2.932551319648093297e-04 2.932551319648093297e-04 1.645161290322580405e-01 2.932551319648093297e-04 3.225806451612902789e-03 2.932551319648093297e-04 1.439882697947213741e-01 2.932551319648093297e-04 2.932551319648093297e-04 2.932551319648093297e-04 2.932551319648093297e-04 2.932551319648093297e-04 2.932551319648093297e-04 2.932551319648093297e-04 3.225806451612902789e-03 3.841642228739002018e-02 9.413489736070379532e-02 2.932551319648093297e-04 2.932551319648093297e-04 1.645161290322580405e-01
3.278688524590163932e-04 3.278688524590163932e-04 4.950819672131147320e-02 3.278688524590163932e-04 1.085245901639344257e-01 3.278688524590163932e-04 3.278688524590163932e-04 1.672131147540983562e-02 1.216393442622950849e-01 3.606557377049180758e-03 1.085245901639344257e-01 2.983606557377049134e-02 3.278688524590163932e-04 2.298360655737704816e-01 3.278688524590163932e-04 3.278688524590163932e-04 1.672131147540983562e-02 1.672131147540983562e-02 3.278688524590163932e-04 3.278688524590163932e-04 6.885245901639344690e-03 3.278688524590163932e-04 3.278688524590163932e-04 3.278688524590163932e-04 3.278688524590163932e-04 3.278688524590163932e-04 2.855737704918032693e-01 3.278688524590163932e-04 3.278688524590163932e-04 3.278688524590163932e-04
3.703703703703704062e-04 1.888888888888888909e-02 3.703703703703704062e-04 3.703703703703704062e-04 4.074074074074074577e-03 3.703703703703704062e-04 1.888888888888888909e-02 7.777777777777778422e-03 3.703703703703704062e-04 3.703703703703704062e-04 3.703703703703704062e-04 1.966666666666666841e-01 3.703703703703704062e-04 3.703703703703704062e-04 4.074074074074074577e-03 3.703703703703704062e-04 2.259259259259259120e-02 1.148148148148148140e-02 7.814814814814814714e-02 2.629629629629629331e-02 1.518518518518518351e-02 3.703703703703704062e-04 3.703703703703704062e-04 3.703703703703704062e-04 4.074074074074074577e-03 3.703703703703704062e-04 1.188888888888888912e-01 3.703703703703704062e-04 4.670370370370370283e-01 3.703703703703704062e-04
4.903703703703703176e-02 7.555555555555554074e-03 1.481481481481481191e-04 3.111111111111110935e-03 3.866666666666666169e-02 1.481481481481481191e-04 1.481481481481481191e-04 1.481481481481481191e-04 2.088888888888888393e-02 1.481481481481481191e-04 1.749629629629629313e-01 1.481481481481481191e-04 4.014814814814814115e-02 1.481481481481481191e-04 1.481481481481481191e-04 1.481481481481481191e-04 9.496296296296294348e-02 1.481481481481481191e-04 1.481481481481481191e-04 1.481481481481481191e-04 1.481481481481481191e-04 1.481481481481481191e-04 1.481481481481481191e-04 1.481481481481481191e-04 1.481481481481481191e-04 6.681481481481479912e-02 4.075555555555555043e-01 1.629629629629629527e-03 9.199999999999998457e-02 1.481481481481481191e-04
4.237288135593220758e-04 4.237288135593220758e-04 1.995762711864406957e-01 4.237288135593220758e-04 1.737288135593220359e-02 8.898305084745762941e-03 4.237288135593220758e-04 5.974576271186440857e-02 9.364406779661017810e-02 4.237288135593220758e-04 4.237288135593220758e-04 4.237288135593220758e-04 1.402542372881356025e-01 3.432203389830508489e-02 4.237288135593220758e-04 3.855932203389830087e-02 4.237288135593220758e-04 1.783898305084745950e-01 3.432203389830508489e-02 4.237288135593220758e-04 1.063559322033898330e-01 2.161016949152542305e-02 4.237288135593220758e-04 4.237288135593220758e-04 8.898305084745762941e-03 4.237288135593220758e-04 4.237288135593220758e-04 4.237288135593220758e-04 5.127118644067796271e-02 4.237288135593220758e-04
4.338422391857505583e-02 1.272264631043256984e-04 6.119592875318065339e-02 1.399491094147582628e-03 5.483460559796436706e-02 1.272264631043256984e-04 1.272264631043256984e-04 2.609414758269719692e-01 5.992366412213739890e-02 1.272264631043256984e-04 4.211195928753180134e-02 1.272264631043256984e-04 1.272264631043256984e-04 1.272264631043256984e-04 1.272264631043256984e-04 1.272264631043256984e-04 6.488549618320609697e-03 6.488549618320609697e-03 1.272264631043256984e-04 3.702290076335877644e-02 1.272264631043256984e-04 3.944020356234096379e-03 1.399491094147582628e-03 1.272264631043256984e-04 1.272264631043256984e-04 1.489821882951653520e-01 7.137404580152670319e-02 3.944020356234096379e-03 1.324427480916030297e-01 6.246819338422390788e-02
4.016064257028113707e-04 4.016064257028113707e-04 4.016064257028113707e-04 1.248995983935743265e-01 4.016064257028113707e-04 4.016064257028113707e-04 4.016064257028113707e-04 3.253012048192771566e-02 4.016064257028113707e-04 4.016064257028113707e-04 4.016064257028113707e-04 3.253012048192771566e-02 4.016064257028113707e-04 8.433734939759037971e-03 4.417670682730925023e-03 1.244979919678715179e-02 2.851405622489960184e-02 4.702811244979920313e-01 4.016064257028113707e-04 4.016064257028113707e-04 4.417670682730925023e-03 4.016064257028113707e-04 5.261044176706828474e-02 4.016064257028113707e-04 4.016064257028113707e-04 1.008032128514056575e-01 4.016064257028113707e-04 4.016064257028113707e-04 1.208835341365462196e-01 4.016064257028113707e-04
7.855014895729890700e-02 9.930486593843098318e-05 9.930486593843098318e-05 9.930486593843098318e-05 7.050645481628599331e-03 9.930486593843098318e-05 1.002979145978152853e-02 3.078450844091360546e-03 9.930486593843098318e-05 9.930486593843098318e-05 9.930486593843098318e-05 9.930486593843098318e-05 9.930486593843098318e-05 1.728897715988083339e-01 9.930486593843098318e-05 9.930486593843098318e-05 8.152929493545182926e-02 9.930486593843098318e-05 1.520357497517378365e-01 4.071499503475670134e-03 3.982125124131082744e-02 1.092353525322740937e-03 3.187686196623634727e-02 2.155908639523336501e-01 3.783515392254220566e-02 1.113207547169811212e-01 7.050645481628599331e-03 9.930486593843098318e-05 4.478649453823237148e-02 9.930486593843098318e-05
2.808823529411764303e-02 1.470588235294117518e-04 3.838235294117646468e-02 1.470588235294117518e-04 2.339705882352940691e-01 1.470588235294117518e-04 2.808823529411764303e-02 1.470588235294117518e-04 7.367647058823528772e-02 1.470588235294117518e-04 8.970588235294115614e-03 1.470588235294117518e-04 1.470588235294117518e-04 4.867647058823528633e-02 1.470588235294117518e-04 1.470588235294117518e-04 3.088235294117646842e-03 1.470588235294117518e-04 6.029411764705881228e-03 1.470588235294117518e-04 7.499999999999997988e-03 6.029411764705881228e-03 1.470588235294117518e-04 1.470588235294117518e-04 1.632352941176470201e-02 8.249999999999999001e-02 2.722058823529411309e-01 1.470588235294117518e-04 1.442647058823529060e-01 1.470588235294117518e-04
1.562499999999999761e-04 2.046874999999999736e-02 2.046874999999999736e-02 3.281249999999999445e-03 1.890624999999999598e-02 1.562499999999999761e-04 1.562499999999999761e-04 6.265624999999999667e-02 2.657812499999999689e-01 1.562499999999999761e-04 4.859374999999999112e-02 1.562499999999999761e-04 6.406249999999997884e-03 1.265624999999999736e-02 1.562499999999999761e-04 1.718749999999999792e-03 1.562499999999999761e-04 1.562499999999999761e-04 1.562499999999999761e-04 4.078124999999999806e-02 1.562499999999999761e-04 2.828124999999999736e-02 1.562499999999999761e-04 1.562499999999999761e-04 1.562499999999999761e-04 1.251562499999999689e-01 1.360937499999999578e-01 4.859374999999999112e-02 1.517187499999999578e-01 6.406249999999997884e-03
5.669144981412638749e-03 9.293680297397770708e-05 5.669144981412638749e-03 1.217472118959107841e-02 4.284386617100371941e-02 9.293680297397770708e-05 9.293680297397770708e-05 2.017657992565055625e-01 2.704460966542750894e-02 9.293680297397770708e-05 3.132899628252788227e-01 9.293680297397770708e-05 3.076208178438661831e-02 2.425650557620817951e-02 9.293680297397770708e-05 9.293680297397770708e-05 9.293680297397770708e-05 1.022304832713754642e-03 5.678438661710037000e-02 2.239776951672862657e-02 4.739776951672862275e-03 9.293680297397770708e-05 3.810408921933085367e-03 9.293680297397770708e-05 7.527881040892192566e-03 1.822490706319702669e-01 3.810408921933085367e-03 9.293680297397770708e-05 5.306691449814126410e-02 9.293680297397770708e-05
1.311504424778761058e-01 1.769911504424778791e-04 1.769911504424778791e-04 1.769911504424778791e-04 1.769911504424778791e-04 1.769911504424778791e-04 1.769911504424778791e-04 4.619469026548672641e-02 1.079646017699114995e-02 1.769911504424778791e-04 1.769911504424778791e-04 1.769911504424778791e-04 1.769911504424778791e-04 9.026548672566371209e-03 1.769911504424778791e-04 1.769911504424778791e-04 1.769911504424778791e-04 1.769911504424778791e-04 1.769911504424778791e-04 2.318584070796460284e-02 1.769911504424778791e-04 2.849557522123893905e-02 1.223008849557521982e-01 1.769911504424778791e-04 3.716814159292035433e-03 2.815929203539823122e-01 1.769911504424778791e-04 3.399999999999999689e-01 1.769911504424778791e-04 1.769911504424778791e-04
2.375296912114013706e-04 2.375296912114013706e-04 4.988123515439428675e-03 2.375296912114013706e-04 2.375296912114013706e-04 2.375296912114013706e-04 2.612826603325415185e-03 1.760095011876483817e-01 3.541567695961994056e-01 2.375296912114013706e-04 4.061757719714963882e-02 2.375296912114013706e-04 2.375296912114013706e-04 4.536817102137766233e-02 2.375296912114013706e-04 2.375296912114013706e-04 2.375296912114013706e-04 2.375296912114013706e-04 2.375296912114013706e-04 1.831353919239904482e-01 2.375296912114013706e-04 2.375296912114013706e-04 2.375296912114013706e-04 4.988123515439428675e-03 2.612826603325415185e-03 1.522565320665082711e-01 2.375296912114013706e-04 2.874109263657956270e-02 2.375296912114013706e-04 2.375296912114013706e-04
2.237136465324384847e-04 5.167785234899328894e-02 6.935123042505593298e-03 2.237136465324384847e-04 2.259507829977628474e-02 4.697986577181208559e-03 2.237136465324384847e-04 8.299776286353467702e-02 2.930648769574943982e-02 2.706935123042505595e-02 2.237136465324384847e-04 1.588366890380312965e-02 2.237136465324384847e-04 2.237136465324384847e-04 2.237136465324384847e-04 2.237136465324384847e-04 2.237136465324384847e-04 2.237136465324384847e-04 4.697986577181208559e-03 1.366890380313199038e-01 2.035794183445190086e-02 2.460850111856823386e-03 2.237136465324384847e-04 4.697986577181208559e-03 6.935123042505593298e-03 7.181208053691275073e-02 2.237136465324384847e-04 1.791946308724832182e-01 1.702460850111856827e-01 1.590604026845637564e-01
1.724137931034482626e-04 1.724137931034482626e-04 1.724137931034482626e-04 1.724137931034482626e-04 8.293103448275861156e-02 1.724137931034482626e-04 1.724137931034482626e-04 1.724137931034482626e-04 2.605172413793102604e-01 1.724137931034482626e-04 5.879310344827585327e-02 2.948275862068965025e-02 1.724137931034482626e-04 7.948275862068963915e-02 1.724137931034482626e-04 1.724137931034482626e-04 1.724137931034482626e-04 1.724137931034482626e-04 2.431034482758620205e-02 1.896551724137930835e-03 1.724137931034482626e-04 1.724137931034482626e-04 1.051724137931034191e-02 1.724137931034482626e-04 1.896551724137930835e-03 1.051724137931034191e-02 2.743103448275861500e-01 1.051724137931034191e-02 1.467241379310344485e-01 5.344827586206895437e-03
6.032144650929182478e-02 2.214967353088900456e-02 1.712707182320442542e-02 1.913611250627825569e-02 5.022601707684582042e-05 2.561526870919136455e-03 5.022601707684582042e-05 1.125565042692114742e-01 3.571069814163737449e-02 1.467101958814666374e-01 6.534404821697641086e-02 5.022601707684582042e-05 1.310899045705675968e-02 9.593169261677551504e-03 2.064289301858363013e-02 5.022601707684582042e-05 2.214967353088900456e-02 3.063787041687594890e-03 1.762933199397288125e-02 4.073329984932195363e-02 2.667001506780513134e-02 5.680562531391261660e-02 5.022601707684582042e-05 5.022601707684582042e-05 5.022601707684582042e-05 1.381717729784028570e-01 1.009542943244601081e-02 5.022601707684582042e-05 1.025113008538423159e-01 5.680562531391261660e-02
6.661631419939575971e-02 7.703927492447128385e-03 1.510574018126887945e-04 1.661631419939576821e-03 1.661631419939576821e-03 1.510574018126887945e-04 1.510574018126887945e-04 2.129909365558911929e-02 2.885196374622356341e-02 1.510574018126887945e-04 1.510574018126887945e-04 1.510574018126887945e-04 1.510574018126887945e-04 1.661631419939576821e-03 1.510574018126887945e-04 1.510574018126887945e-04 4.093655589123866567e-02 2.129909365558911929e-02 1.510574018126887945e-04 1.663141993957703568e-01 1.510574018126887945e-04 7.416918429003020730e-02 2.297583081570996610e-01 1.436555891238670279e-01 1.510574018126887945e-04 1.074018126888217212e-01 3.036253776435044946e-02 4.682779456193352820e-03 7.703927492447128385e-03 4.244712990936555519e-02
1.135363790186124655e-01 1.861252115059221137e-03 1.692047377326564596e-04 1.692047377326564596e-04 5.297800338409474064e-01 1.032148900169204200e-02 1.692047377326564596e-04 1.692047377326564596e-04 1.201353637901860644e-02 1.692047377326564596e-04 2.554991539763112190e-02 1.692047377326564596e-04 1.692047377326564596e-04 6.446700507614211428e-02 1.692047377326564596e-04 5.245346869712350438e-03 6.937394247038914004e-03 1.692047377326564596e-04 1.692047377326564596e-04 6.937394247038914004e-03 1.861252115059221137e-03 1.692047377326564596e-04 5.245346869712350438e-03 1.692047377326564596e-04 4.923857868020303091e-02 1.575296108291031338e-01 1.692047377326564596e-04 1.861252115059221137e-03 1.692047377326564596e-04 5.245346869712350438e-03
2.423756019261636904e-02 1.605136436597110470e-04 4.028892455858747168e-02 1.765650080256821707e-03 1.414125200642054325e-01 1.765650080256821707e-03 4.975922953451042755e-03 1.605136436597110470e-04 1.605136436597110470e-04 7.720706260032102197e-02 1.510433386837880809e-01 2.584269662921348173e-02 1.605136436597110470e-04 1.300160513643659407e-02 1.605136436597110470e-04 1.765650080256821707e-03 1.605136436597110470e-04 1.605136436597110470e-04 1.605136436597110470e-04 1.139646869983948312e-02 1.605136436597110470e-04 1.605136436597110470e-04 1.605136436597110470e-04 1.605136436597110470e-04 1.139646869983948312e-02 4.028892455858747168e-02 2.858747993579453528e-01 1.605136436597110470e-04 1.654895666131620813e-01 1.605136436597110470e-04
7.191235059760954507e-02 1.992031872509959691e-04 4.999999999999998890e-02 1.992031872509959691e-04 1.992031872509959691e-04 1.992031872509959691e-04 1.992031872509959691e-04 1.992031872509959691e-04 1.992031872509959691e-04 1.992031872509959691e-04 1.992031872509959691e-04 8.167330677290834950e-03 2.731075697211154396e-01 1.992031872509959691e-04 1.992031872509959691e-04 1.992031872509959691e-04 1.416334661354581304e-01 4.203187250996015534e-02 1.992031872509959691e-04 1.992031872509959691e-04 1.015936254980079334e-02 2.191235059760955877e-03 9.183266932270914285e-02 1.992031872509959691e-04 1.992031872509959691e-04 2.452191235059760221e-01 1.812749003984063384e-02 1.992031872509959691e-04 4.203187250996015534e-02 1.992031872509959691e-04
5.612903225806450264e-02 2.150537634408601878e-04 2.150537634408601878e-04 2.150537634408601878e-04 2.150537634408601878e-04 6.666666666666665360e-03 1.311827956989246834e-02 1.096774193548386706e-02 1.311827956989246834e-02 2.150537634408601878e-04 2.150537634408601878e-04 2.150537634408601878e-04 2.150537634408601878e-04 2.150537634408601878e-04 7.118279569892471681e-02 2.150537634408601878e-04 2.150537634408601878e-04 2.150537634408601878e-04 2.150537634408601878e-04 3.892473118279569239e-02 2.150537634408601878e-04 2.387096774193547821e-02 4.281720430107525677e-01 2.150537634408601878e-04 2.150537634408601878e-04 2.389247311827956410e-01 3.462365591397848635e-02 1.096774193548386706e-02 2.150537634408601878e-04 4.967741935483870053e-02
1.715481171548116981e-02 4.184100418410042132e-04 4.184100418410042132e-04 8.410041841004184393e-02 4.184100418410042132e-04 4.184100418410042132e-04 4.184100418410042132e-04 4.602510460251046237e-03 4.184100418410042132e-04 4.184100418410042132e-04 8.786610878661088586e-03 4.602510460251046237e-03 4.184100418410042132e-04 4.602510460251046237e-03 4.184100418410042132e-04 4.184100418410042132e-04 4.184100418410042132e-04 1.426778242677824438e-01 2.472803347280334851e-01 4.184100418410042132e-04 2.556485355648535629e-01 4.184100418410042132e-04 4.184100418410042132e-04 8.410041841004184393e-02 4.644351464435146626e-02 4.184100418410042132e-04 2.133891213389121216e-02 4.184100418410042132e-04 7.154811715481172729e-02 4.184100418410042132e-04
1.712041884816753456e-01 1.745200698080279049e-04 1.745200698080279049e-04 1.745200698080279049e-04 1.745200698080279049e-04 1.745200698080279049e-04 2.984293193717277304e-02 1.745200698080279049e-04 1.745200698080279049e-04 2.286212914485165337e-02 1.745200698080279049e-04 3.682373472949388576e-02 1.745200698080279049e-04 1.745200698080279049e-04 8.900523560209420981e-03 7.155322862129142800e-03 4.904013961605584171e-02 1.745200698080279049e-04 3.664921465968586003e-03 1.588132635253053718e-02 1.064572425828970090e-02 1.745200698080279049e-04 2.427574171029667771e-01 3.664921465968586003e-03 1.064572425828970090e-02 1.607329842931936870e-01 1.745200698080279049e-04 1.642233856893542399e-01 1.745200698080279049e-04 5.951134380453751427e-02
3.324840764331209869e-02 1.273885350318471217e-04 1.273885350318471217e-04 1.273885350318471217e-04 2.472611464968152428e-01 1.273885350318471217e-04 6.764331210191082411e-02 1.273885350318471217e-04 1.401273885350318420e-03 1.273885350318471217e-04 1.273885350318471217e-04 1.273885350318471217e-04 1.273885350318471217e-04 1.273885350318471217e-04 1.249681528662420077e-01 1.273885350318471217e-04 1.273885350318471217e-04 1.273885350318471217e-04 3.324840764331209869e-02 5.222929936305731151e-03 1.273885350318471217e-04 1.273885350318471217e-04 1.273885350318471217e-04 1.273885350318471217e-04 1.273885350318471217e-04 1.224203821656050656e-01 1.351592356687897900e-01 1.401273885350318420e-03 1.555414012738853269e-01 7.019108280254776622e-02
6.403361344537815414e-02 1.680672268907563072e-04 1.680672268907563072e-04 1.680672268907563072e-04 1.161344537815125894e-01 1.680672268907563072e-04 6.739495798319328213e-02 1.680672268907563072e-04 1.680672268907563072e-04 1.529411764705882262e-02 1.680672268907563072e-04 1.680672268907563072e-04 1.848739495798319568e-03 3.529411764705882477e-03 1.043697478991596622e-01 1.680672268907563072e-04 1.680672268907563072e-04 1.680672268907563072e-04 5.210084033613445603e-03 6.890756302521007862e-03 1.680672268907563072e-04 1.848739495798319568e-03 1.680672268907563072e-04 1.680672268907563072e-04 1.680672268907563072e-04 1.867226890756302493e-01 2.052100840336134324e-01 1.680672268907563072e-04 1.699159663865546233e-01 4.890756302521008514e-02
3.875968992248061962e-04 3.875968992248061962e-04 3.875968992248061962e-04 3.875968992248061962e-04 4.689922480620154627e-02 3.875968992248061962e-04 5.852713178294573215e-02 3.875968992248061962e-04 3.875968992248061962e-04 3.875968992248061962e-04 3.875968992248061962e-04 1.825581395348837288e-01 3.875968992248061962e-04 3.875968992248061962e-04 3.875968992248061962e-04 3.875968992248061962e-04 3.875968992248061962e-04 3.875968992248061962e-04 3.875968992248061962e-04 3.875968992248061962e-04 3.875968992248061962e-04 8.139534883720930120e-03 3.875968992248061962e-04 3.875968992248061962e-04 3.875968992248061962e-04 2.751937984496123993e-02 3.182170542635658905e-01 3.875968992248061962e-04 3.143410852713178216e-01 3.527131782945736038e-02
1.501501501501501434e-04 7.657657657657655770e-03 5.870870870870870117e-02 1.501501501501501434e-04 1.097597597597597258e-01 1.501501501501501434e-04 1.501501501501501434e-04 3.918918918918918443e-02 1.066066066066065875e-02 1.501501501501501434e-04 1.501501501501501434e-04 1.501501501501501434e-04 1.501501501501501434e-04 1.501501501501501434e-04 8.873873873873872054e-02 1.501501501501501434e-04 1.501501501501501434e-04 3.153153153153152605e-03 1.651651651651651551e-03 2.867867867867867487e-02 1.501501501501501434e-04 2.417417417417417128e-02 1.366366366366365999e-02 4.219219219219218914e-02 1.501501501501501434e-04 6.921921921921921073e-02 8.123123123123121569e-02 1.501501501501501434e-04 2.584084084084083410e-01 1.608108108108107781e-01
1.027749229188077996e-04 1.027749229188077996e-04 1.027749229188077996e-04 1.027749229188077996e-04 3.915724563206577497e-02 1.860226104830421320e-02 5.662898252826310125e-02 1.027749229188077996e-04 3.401849948612538366e-02 8.324768756423430588e-03 6.382322713257963798e-02 1.027749229188077996e-04 1.027749229188077996e-04 1.027749229188077996e-04 6.896197327852002235e-02 1.027749229188077996e-04 1.027749229188077996e-04 1.027749229188077996e-04 3.186022610483041882e-03 3.504624871531346331e-02 1.027749229188077996e-04 1.027749229188077996e-04 2.046248715313463140e-01 1.027749229188077996e-04 1.027749229188077996e-04 3.002055498458375826e-01 4.943473792394655064e-02 4.840698869475847793e-02 1.027749229188077996e-04 6.793422404933194270e-02
1.033057851239669396e-04 1.033057851239669396e-04 1.033057851239669396e-04 1.353305785123966667e-02 4.039256198347106891e-02 1.033057851239669396e-04 5.898760330578511901e-02 4.555785123966941963e-02 1.033057851239669396e-04 1.033057851239669396e-04 1.033057851239669396e-04 1.033057851239669396e-04 1.136363636363636308e-03 1.033057851239669396e-04 2.036157024793388004e-01 1.033057851239669396e-04 1.559917355371900557e-02 1.033057851239669396e-04 4.235537190082643358e-03 4.142561983471074183e-02 1.033057851239669396e-04 5.268595041322312808e-03 3.006198347107437788e-02 1.033057851239669396e-04 1.033057851239669396e-04 1.416322314049586473e-01 6.725206611570246074e-02 1.033057851239669396e-04 1.870867768595041170e-01 1.426652892561983133e-01
1.562499999999999761e-04 1.562499999999999761e-04 1.562499999999999761e-04 1.562499999999999761e-04 1.718749999999999792e-03 1.562499999999999761e-04 1.562499999999999761e-04 2.595312499999999356e-01 9.078124999999998002e-02 1.562499999999999761e-04 2.532812499999999578e-01 1.562499999999999761e-04 6.406249999999997884e-03 1.265624999999999736e-02 9.531249999999998057e-03 7.968749999999998404e-03 1.562499999999999761e-04 1.562499999999999761e-04 1.562499999999999761e-04 1.562499999999999761e-04 1.562499999999999761e-04 1.562499999999999761e-04 1.718749999999999792e-03 1.562499999999999761e-04 1.562499999999999761e-04 2.657812499999999689e-01 3.281249999999999445e-03 1.562499999999999761e-04 8.453124999999998834e-02 1.562499999999999761e-04
4.224049331963000697e-02 3.186022610483041882e-03 1.130524152106885836e-03 1.027749229188077996e-04 1.162384378211716168e-01 3.186022610483041882e-03 1.027749229188077996e-04 1.027749229188077996e-04 1.130524152106885836e-03 3.186022610483041882e-03 7.718396711202464566e-02 1.027749229188077996e-04 1.027749229188077996e-04 1.027749229188077996e-04 2.374100719424460451e-02 1.027749229188077996e-04 2.158273381294963968e-03 1.027749229188077996e-04 1.285714285714285587e-01 1.027749229188077996e-04 1.130524152106885836e-03 1.027749229188077996e-04 1.027749229188077996e-04 1.027749229188077996e-04 6.269270298047275626e-03 5.868448098663925361e-02 4.975334018499485977e-01 1.027749229188077996e-04 2.374100719424460451e-02 9.352517985611508503e-03
3.915756630265210952e-02 1.575663026521060758e-02 6.099843993759750810e-02 1.560062402496099844e-04 9.843993759750389871e-02 6.099843993759750810e-02 1.731669266770670748e-02 1.263650546021840779e-02 1.560062402496099844e-04 1.560062402496099844e-04 1.560062402496099844e-04 1.560062402496099844e-04 1.560062402496099844e-04 1.560062402496099844e-04 1.560062402496099844e-04 1.560062402496099844e-04 1.560062402496099844e-04 1.560062402496099844e-04 9.516380655226207991e-03 1.575663026521060758e-02 2.199687987519500718e-02 3.276131045241809699e-03 2.043681747269890728e-02 1.560062402496099844e-04 1.560062402496099844e-04 4.695787831513260902e-02 1.826833073322932932e-01 1.263650546021840779e-02 3.792511700468018665e-01 1.560062402496099844e-04
7.788235294117647201e-02 2.352941176470588300e-04 2.588235294117647266e-03 2.352941176470588300e-04 2.352941176470588300e-04 2.352941176470588300e-04 4.964705882352941219e-02 2.588235294117647266e-03 2.352941176470588300e-04 1.199999999999999852e-02 7.788235294117647201e-02 2.352941176470588300e-04 2.352941176470588300e-04 1.670588235294117457e-02 9.435294117647059775e-02 2.352941176470588300e-04 2.352941176470588300e-04 2.352941176470588300e-04 2.352941176470588300e-04 2.352941176470588300e-04 2.352941176470588300e-04 4.729411764705882676e-02 4.941176470588235295e-03 2.352941176470588300e-04 2.352941176470588300e-04 9.905882352941176860e-02 1.014117647058823540e-01 3.552941176470587881e-02 1.696470588235294008e-01 2.049411764705882100e-01
4.491315136476425884e-02 2.481389578163771168e-04 2.481389578163771168e-04 2.481389578163771168e-04 3.997518610421835206e-01 2.481389578163771168e-04 7.220843672456574158e-02 2.729528535980148447e-03 8.461538461538459233e-02 7.220843672456574158e-02 1.017369727047146011e-02 2.729528535980148447e-03 2.481389578163771168e-04 2.481389578163771168e-04 2.481389578163771168e-04 2.729528535980148447e-03 2.009925558312654348e-02 2.481389578163771168e-04 2.481389578163771168e-04 1.017369727047146011e-02 2.729528535980148447e-03 5.210918114143919290e-03 1.265508684863523095e-02 2.481389578163771168e-04 2.481389578163771168e-04 9.950372208436722432e-02 1.540942928039701898e-01 2.481389578163771168e-04 2.481389578163771168e-04 2.481389578163771168e-04
1.611386138613860874e-01 2.475247524752474735e-04 2.475247524752474735e-04 2.475247524752474735e-04 2.475247524752474735e-04 4.727722772277227065e-02 2.252475247524751700e-02 1.757425742574256905e-02 2.475247524752474735e-04 1.757425742574256905e-02 2.499999999999999098e-02 2.722772277227722155e-03 7.673267326732671409e-03 2.475247524752474735e-04 3.985148514851484525e-02 1.509900990099009334e-02 2.475247524752474735e-04 2.722772277227722155e-03 5.198019801980196565e-03 3.490099009900989036e-02 2.475247524752474735e-04 9.678217821782175712e-02 3.344059405940593144e-01 2.499999999999999098e-02 2.475247524752474735e-04 1.264851485148514587e-01 2.722772277227722155e-03 2.475247524752474735e-04 2.475247524752474735e-04 1.262376237623761936e-02
1.133786848072562144e-04 1.133786848072562144e-04 4.648526077097503775e-03 1.371882086167800115e-02 3.185941043083899415e-02 1.133786848072562144e-04 3.979591836734693022e-02 1.133786848072562144e-04 4.319727891156461413e-02 1.133786848072562144e-04 2.380952380952380300e-03 1.133786848072562144e-04 1.133786848072562144e-04 1.133786848072562144e-04 2.960317460317459792e-01 1.133786848072562144e-04 1.133786848072562144e-04 1.247165532879818345e-03 1.361678004535147035e-01 1.133786848072562144e-04 1.133786848072562144e-04 1.133786848072562144e-04 1.133786848072562144e-04 1.133786848072562144e-04 1.133786848072562144e-04 6.587301587301586103e-02 4.886621315192742759e-02 1.247165532879818345e-03 1.962585034013604735e-01 1.168934240362811405e-01
2.747252747252747250e-04 2.747252747252747250e-04 2.747252747252747250e-04 2.747252747252747250e-04 4.697802197802198459e-02 2.695054945054944917e-01 8.543956043956044133e-02 2.747252747252747250e-04 2.747252747252747250e-04 2.747252747252747250e-04 2.747252747252747250e-04 3.021978021978022084e-03 3.021978021978022084e-03 2.747252747252747250e-04 2.747252747252747250e-04 8.516483516483517452e-03 1.675824175824175769e-02 2.747252747252747250e-04 2.747252747252747250e-04 2.747252747252747250e-04 2.747252747252747250e-04 1.950549450549450559e-02 2.747252747252747250e-04 4.697802197802198459e-02 2.747252747252747250e-04 3.598901098901098605e-02 2.747252747252747250e-04 2.747252747252747250e-04 4.260989010989010839e-01 3.324175824175824162e-02
3.846153846153846151e-04 3.846153846153846151e-04 3.846153846153846151e-04 3.846153846153846151e-04 1.080769230769230843e-01 3.846153846153846151e-04 3.846153846153846151e-04 4.230769230769231525e-03 3.846153846153846151e-04 3.846153846153846151e-04 3.846153846153846151e-04 3.846153846153846151e-04 4.230769230769231525e-03 3.846153846153846151e-04 1.192307692307692339e-02 3.846153846153846151e-04 2.730769230769230713e-02 8.076923076923077024e-03 3.499999999999999639e-02 2.730769230769230713e-02 2.346153846153846076e-02 3.846153846153846151e-04 3.846153846153846151e-04 3.846153846153846151e-04 3.846153846153846151e-04 1.576923076923076802e-02 2.619230769230769251e-01 1.576923076923076802e-02 4.503846153846153832e-01 3.846153846153846151e-04
1.934182590233544941e-01 2.144373673036092942e-02 2.123142250530785091e-04 2.123142250530785091e-04 9.363057324840762252e-02 2.123142250530785091e-04 3.418259023354563997e-02 2.123142250530785091e-04 6.581740976645433783e-03 2.123142250530785091e-04 2.123142250530785091e-04 2.123142250530785091e-04 2.123142250530785091e-04 1.932059447983014433e-02 2.932059447983014211e-01 2.123142250530785091e-04 8.089171974522291197e-02 2.335456475583863600e-03 2.123142250530785091e-04 2.123142250530785091e-04 2.123142250530785091e-04 2.123142250530785091e-04 6.581740976645433783e-03 2.123142250530785091e-04 3.205944798301485488e-02 2.123142250530785091e-04 1.212314225053078287e-01 2.123142250530785091e-04 2.569002123142249960e-02 6.602972399150741634e-02
1.543209876543209574e-04 1.543209876543209574e-04 6.342592592592591338e-02 1.543209876543209574e-04 1.543209876543209574e-04 1.543209876543209574e-04 1.712962962962962660e-02 1.558641975308641681e-02 1.543209876543209574e-04 1.543209876543209574e-04 6.033950617283950074e-02 1.543209876543209574e-04 1.543209876543209574e-04 1.558641975308641681e-02 1.095679012345678743e-02 1.543209876543209574e-04 1.543209876543209574e-04 1.543209876543209574e-04 1.760802469135802073e-01 3.564814814814814409e-02 1.697530864197530640e-03 1.543209876543209574e-04 4.490740740740740283e-02 1.543209876543209574e-04 1.558641975308641681e-02 3.240740740740740214e-03 2.979938271604937738e-01 1.543209876543209574e-04 2.393518518518517879e-01 1.543209876543209574e-04
4.081632653061225183e-04 4.081632653061225183e-04 4.081632653061225183e-04 4.489795918367347864e-03 4.081632653061225183e-04 4.081632653061225183e-04 4.081632653061225183e-04 4.081632653061225183e-04 6.979591836734695687e-02 4.081632653061225183e-04 3.351020408163265518e-01 4.081632653061225183e-04 8.571428571428573590e-03 4.489795918367347864e-03 4.489795918367347864e-03 4.081632653061225183e-04 4.081632653061225183e-04 4.081632653061225183e-04 3.306122448979591927e-02 3.714285714285714413e-02 4.489795918367347864e-03 4.081632653061225183e-04 4.081632653061225183e-04 4.081632653061225183e-04 4.081632653061225183e-04 4.081632653061225183e-04 3.228571428571428981e-01 4.081632653061225183e-04 9.836734693877552393e-02 6.979591836734695687e-02
2.546374367622259230e-02 1.686340640809443254e-04 1.721753794266441262e-01 6.593591905564923084e-02 1.688026981450252428e-01 1.686340640809443254e-04 1.686340640809443254e-04 2.546374367622259230e-02 1.854974704890387715e-03 1.686340640809443254e-04 1.536256323777402677e-01 1.686340640809443254e-04 1.686340640809443254e-04 1.854974704890387715e-03 1.686340640809443254e-04 1.854974704890387715e-03 1.686340640809443254e-04 1.686340640809443254e-04 1.686340640809443254e-04 1.686340640809443254e-04 1.686340640809443254e-04 1.854974704890387715e-03 1.686340640809443254e-04 1.686340640809443254e-04 8.600337268128159865e-03 1.822934232715008041e-01 1.620573355817874761e-01 1.686340640809443254e-04 1.534569983136593180e-02 1.028667790893760328e-02
3.245227606461086045e-02 1.468428781204111303e-04 1.468428781204111303e-04 1.615271659324522650e-03 1.468428781204111303e-04 1.468428781204111303e-04 3.083700440528633954e-03 3.187958883994125858e-01 4.552129221732745257e-03 1.468428781204111303e-04 3.979441997063142000e-02 1.468428781204111303e-04 1.468428781204111303e-04 4.552129221732745257e-03 1.468428781204111303e-04 1.468428781204111303e-04 1.468428781204111303e-04 2.217327459618208263e-02 1.468428781204111303e-04 3.129221732745960938e-01 4.552129221732745257e-03 1.468428781204111303e-04 1.468428781204111303e-04 1.615271659324522650e-03 1.468428781204111303e-04 1.778267254038178868e-01 1.468428781204111303e-04 1.468428781204111303e-04 1.468428781204111303e-04 7.356828193832598561e-02
2.801120448179270973e-04 2.801120448179270973e-04 2.801120448179270973e-04 2.801120448179270973e-04 2.103641456582632241e-01 1.148459383753500963e-02 2.801120448179270973e-04 2.801120448179270973e-04 3.392156862745096535e-01 2.801120448179270973e-04 7.591036414565824342e-02 2.801120448179270973e-04 2.801120448179270973e-04 1.851540616246497850e-01 2.801120448179270973e-04 2.801120448179270973e-04 5.882352941176468772e-03 3.081232492997198341e-03 2.801120448179270973e-04 2.801120448179270973e-04 2.801120448179270973e-04 2.801120448179270973e-04 3.081232492997198341e-03 1.148459383753500963e-02 2.801120448179270973e-04 2.801120448179270973e-04 9.831932773109240686e-02 2.801120448179270973e-04 5.070028011204480434e-02 2.801120448179270973e-04
9.722222222222225846e-03 4.629629629629630891e-04 4.629629629629630891e-04 4.629629629629630891e-04 5.092592592592594739e-03 4.629629629629630891e-04 9.722222222222225846e-03 2.824074074074074681e-02 1.902777777777778234e-01 4.629629629629630891e-04 4.629629629629630891e-04 4.629629629629630891e-04 4.629629629629630891e-04 4.675925925925927124e-02 5.092592592592594739e-03 4.629629629629630891e-04 4.629629629629630891e-04 4.629629629629630891e-04 1.898148148148148459e-02 3.662037037037037535e-01 4.629629629629630891e-04 2.361111111111111396e-02 1.435185185185185522e-02 5.092592592592594739e-03 4.629629629629630891e-04 8.379629629629632703e-02 4.629629629629630891e-04 3.287037037037037618e-02 1.115740740740741033e-01 4.212962962962964186e-02
4.366812227074236448e-04 4.366812227074236448e-04 4.366812227074236448e-04 4.366812227074236448e-04 1.052401746724890980e-01 4.366812227074236448e-04 1.445414847161572425e-01 4.366812227074236448e-04 4.366812227074236448e-04 4.366812227074236448e-04 4.366812227074236448e-04 4.366812227074236448e-04 4.366812227074236448e-04 2.227074235807860458e-02 4.366812227074236448e-04 4.366812227074236448e-04 4.366812227074236448e-04 4.366812227074236448e-04 1.358078602620087505e-01 4.366812227074236448e-04 1.353711790393013342e-02 4.366812227074236448e-04 9.170305676855896107e-03 4.366812227074236448e-04 2.973799126637554635e-01 4.366812227074236448e-04 1.620087336244541709e-01 4.366812227074236448e-04 4.366812227074236448e-04 1.008733624454148659e-01
1.906412478336221667e-03 1.733102253032928739e-04 1.403812824956672187e-02 1.733102253032928739e-04 1.474870017331022243e-01 1.733102253032928739e-04 5.372616984402079146e-03 1.733102253032928739e-04 8.336221837088386710e-02 1.923743500866550646e-02 1.733102253032928739e-04 9.549393414211436448e-02 1.906412478336221667e-03 5.563258232235700901e-02 1.733102253032928739e-04 3.639514731369150081e-03 1.906412478336221667e-03 2.616984402079722272e-02 1.733102253032928739e-04 1.733102253032928739e-04 1.733102253032928739e-04 8.838821490467935540e-03 1.733102253032928739e-04 1.733102253032928739e-04 1.733102253032928739e-04 1.733102253032928739e-04 1.578856152512997935e-01 1.733102253032928739e-04 3.207972270363950718e-01 5.389948006932408081e-02
1.193737769080234837e-02 1.956947162426614535e-04 1.956947162426614535e-04 1.956947162426614535e-04 6.477495107632094684e-02 1.956947162426614535e-04 2.759295499021526335e-02 1.956947162426614535e-04 1.039138943248532343e-01 1.956947162426614535e-04 1.000000000000000056e-01 1.956947162426614535e-04 1.956947162426614535e-04 1.956947162426614535e-04 1.956947162426614535e-04 1.956947162426614535e-04 8.023483365949117888e-03 1.956947162426614535e-04 2.563600782778864898e-02 8.023483365949117888e-03 2.152641878669276070e-03 2.759295499021526335e-02 2.367906066536203460e-02 1.956947162426614535e-04 1.956947162426614535e-04 1.956947162426614535e-04 4.483365949119373917e-01 1.956947162426614535e-04 1.450097847358121084e-01 1.956947162426614535e-04
3.035645472061657690e-01 9.633911368015417125e-05 9.633911368015417125e-05 9.633911368015417125e-05 3.026011560693642743e-01 1.165703275529865295e-02 2.418111753371869621e-02 9.633911368015417125e-05 9.633911368015417125e-05 9.633911368015417125e-05 7.803468208092486855e-03 7.803468208092486855e-03 9.633911368015417125e-05 2.986512524084779241e-03 1.022157996146435682e-01 3.949903660886320764e-03 1.301541425818882602e-01 2.023121387283237718e-03 6.840077071290945332e-03 9.633911368015417125e-05 9.633911368015417125e-05 9.633911368015417125e-05 2.986512524084779241e-03 5.876685934489403809e-03 9.633911368015417125e-05 8.294797687861273083e-02 9.633911368015417125e-05 9.633911368015417125e-05 9.633911368015417125e-05 1.059730250481695979e-03
3.875838926174496324e-02 1.677852348993288229e-04 1.645973154362415647e-01 1.677852348993288229e-04 1.677852348993288229e-04 1.677852348993288229e-04 1.677852348993288229e-04 1.176174496644294964e-01 5.218120805369126647e-02 1.677852348993288229e-04 1.025167785234899209e-01 4.043624161073824941e-02 1.677852348993288229e-04 1.677852348993288229e-04 1.677852348993288229e-04 1.677852348993288229e-04 1.677852348993288229e-04 1.677852348993288229e-04 1.528523489932885615e-01 1.359060402684563428e-02 4.379194630872482868e-02 1.677852348993288229e-04 1.677852348993288229e-04 1.677852348993288229e-04 1.677852348993288229e-04 1.192953020134227826e-01 1.511744966442952753e-01 1.677852348993288229e-04 1.677852348993288229e-04 1.677852348993288229e-04
