3.164556962025316515e-04 3.164556962025316515e-04 3.164556962025316515e-04 3.196202531645569306e-02 1.363924050632911444e-01 3.481012658227848437e-03 3.164556962025316515e-04 3.164556962025316515e-04 3.164556962025316515e-04 3.164556962025316515e-04 3.164556962025316515e-04 3.164556962025316515e-04 3.164556962025316515e-04 3.164556962025316515e-04 3.164556962025316515e-04 1.079113924050632972e-01 3.164556962025316515e-04 3.164556962025316515e-04 3.164556962025316515e-04 3.164556962025316515e-04 3.196202531645569306e-02 3.164556962025316515e-04 3.164556962025316515e-04 3.164556962025316515e-04 3.164556962025316515e-04 9.208860759493671388e-02 3.164556962025316515e-04 3.164556962025316515e-04 3.164556962025316515e-04 5.889240506329114222e-01
3.584229390681002497e-04 3.584229390681002497e-04 3.584229390681002497e-04 7.562724014336914824e-02 1.827956989247310829e-02 3.584229390681002497e-04 3.261648745519711567e-02 2.544802867383511372e-02 3.584229390681002497e-04 3.584229390681002497e-04 2.369175627240142079e-01 3.584229390681002497e-04 3.942652329749102638e-03 3.942652329749102638e-03 3.584229390681002497e-04 1.043010752688171699e-01 2.691756272401432115e-01 3.584229390681002497e-04 5.412186379928313196e-02 3.942652329749102638e-03 1.469534050179210731e-02 2.186379928315411100e-02 4.336917562724012382e-02 3.584229390681002497e-04 1.469534050179210731e-02 6.129032258064514432e-02 3.584229390681002497e-04 1.111111111111110633e-02 3.584229390681002497e-04 3.584229390681002497e-04
2.151898734177215208e-02 4.219409282700422562e-04 5.527426160337553518e-02 2.113924050632911833e-01 4.641350210970464872e-03 1.354430379746835722e-01 4.219409282700422562e-04 4.219409282700422562e-04 4.261603375527426435e-02 4.219409282700422562e-04 2.573839662447257454e-02 4.219409282700422562e-04 4.219409282700422562e-04 4.641350210970464872e-03 4.219409282700422562e-04 4.219409282700422562e-04 7.637130801687765091e-02 1.729957805907172963e-02 4.641350210970464872e-03 4.219409282700422562e-04 4.219409282700422562e-04 1.185654008438818824e-01 4.219409282700422562e-04 4.219409282700422562e-04 4.219409282700422562e-04 1.649789029535865259e-01 1.101265822784810305e-01 4.219409282700422562e-04 4.219409282700422562e-04 4.219409282700422562e-04
1.510574018126887945e-04 1.510574018126887945e-04 1.510574018126887945e-04 1.510574018126887945e-04 8.927492447129907471e-02 3.942598187311177615e-02 1.374622356495468038e-02 1.525679758308156816e-02 1.510574018126887945e-04 1.661631419939576821e-03 1.510574018126887945e-04 1.510574018126887945e-04 1.510574018126887945e-04 1.510574018126887945e-04 3.036253776435044946e-02 2.086102719033232078e-01 1.510574018126887945e-04 9.214501510574015300e-03 1.510574018126887945e-04 6.193353474320239735e-03 3.172205438066465037e-03 2.432024169184289833e-02 1.223564954682779260e-02 1.510574018126887945e-04 2.583081570996978785e-02 7.719033232628397245e-02 1.223564954682779260e-02 4.276435045317220074e-01 1.510574018126887945e-04 1.661631419939576821e-03
1.173708920187793128e-04 1.173708920187793128e-04 1.291079812206572495e-03 1.173708920187793128e-04 1.173708920187793128e-04 3.768779342723003745e-01 1.173708920187793128e-04 1.173708920187793128e-04 1.173708920187793128e-04 5.985915492957744576e-03 1.173708920187793128e-04 4.589201877934271506e-02 1.173708920187793128e-04 8.931924882629105333e-02 1.173708920187793128e-04 2.278169014084506505e-01 1.173708920187793128e-04 4.119718309859154298e-02 1.302816901408450356e-02 2.828638497652581629e-02 1.173708920187793128e-04 1.173708920187793128e-04 2.241784037558685119e-02 1.173708920187793128e-04 4.354460093896712902e-02 6.349765258215961383e-02 1.772300469483567564e-02 2.124413145539905817e-02 1.173708920187793128e-04 1.173708920187793128e-04
2.309468822170900927e-04 2.309468822170900927e-04 2.309468822170900927e-04 2.309468822170900927e-04 3.487297921478060142e-02 1.018475750577367278e-01 7.159353348729792683e-03 2.309468822170900927e-04 2.309468822170900927e-04 2.309468822170900927e-04 2.309468822170900927e-04 2.309468822170900927e-04 2.309468822170900927e-04 2.309468822170900927e-04 1.870669745958429553e-02 1.965357967667436256e-01 2.309468822170900927e-04 3.487297921478060142e-02 2.309468822170900927e-04 2.309468822170900927e-04 3.949191685912240707e-02 2.332563510392609771e-02 2.309468822170900927e-04 2.101616628175519488e-02 3.256351039260969860e-02 2.309468822170900927e-04 2.563510392609699706e-02 4.228637413394918942e-01 2.794457274826789642e-02 9.468822170900691171e-03
2.881844380403457808e-04 2.881844380403457808e-04 2.881844380403457808e-04 2.567723342939480791e-01 1.674351585014408894e-01 2.881844380403457808e-04 2.881844380403457808e-04 2.881844380403457808e-04 2.881844380403457808e-04 2.881844380403457808e-04 2.881844380403457808e-04 1.181556195965417604e-02 2.881844380403457808e-04 2.881844380403457808e-04 2.881844380403457808e-04 8.674351585014408728e-02 2.881844380403457808e-04 8.933717579250719312e-03 3.170028818443803697e-03 2.881844380403457808e-04 1.469740634005763276e-02 7.809798270893371364e-02 2.881844380403457808e-04 2.881844380403457808e-04 2.881844380403457808e-04 2.481268011527376915e-01 3.198847262247837830e-02 8.674351585014408728e-02 2.881844380403457808e-04 2.881844380403457808e-04
2.141327623126338504e-04 2.141327623126338504e-04 2.141327623126338504e-04 8.158458244111349567e-02 6.873661670235546584e-02 8.779443254817985778e-03 1.520342612419700069e-02 2.355460385438972164e-03 2.141327623126338504e-04 2.141327623126338504e-04 2.141327623126338504e-04 2.141327623126338504e-04 2.141327623126338504e-04 2.141327623126338504e-04 2.141327623126338504e-04 1.608137044967880014e-01 2.141327623126338504e-04 2.141327623126338504e-04 5.374732334047109539e-02 2.141327623126338504e-04 2.141327623126338504e-04 4.518201284796573985e-02 2.141327623126338504e-04 2.141327623126338504e-04 1.734475374732333958e-02 1.929336188436830690e-01 2.141327623126338504e-04 3.428265524625267457e-01 6.638115631691648630e-03 2.141327623126338504e-04
1.383125864453665249e-04 1.120331950207468716e-02 1.107883817427385703e-01 3.333333333333333287e-02 1.011065006915629061e-01 4.163208852005532284e-02 1.521438450899031611e-03 1.383125864453665249e-04 4.439834024896265052e-02 1.383125864453665249e-04 1.383125864453665249e-04 1.383125864453665249e-04 1.521438450899031611e-03 1.383125864453665249e-04 1.383125864453665249e-04 2.048409405255877946e-01 1.383125864453665249e-04 8.437067773167356011e-03 1.521438450899031611e-03 2.904564315352696751e-03 1.383125864453665249e-04 1.951590594744121443e-01 1.383125864453665249e-04 1.383125864453665249e-04 2.904564315352696751e-03 9.142461964038725575e-02 2.365145228215767559e-02 1.218533886583678810e-01 1.383125864453665249e-04 1.383125864453665249e-04
6.578947368421052483e-04 6.578947368421052483e-04 6.578947368421052483e-04 1.651315789473684348e-01 6.578947368421052483e-04 6.578947368421052483e-04 2.039473684210526411e-02 6.578947368421052483e-04 6.578947368421052483e-04 6.578947368421052483e-04 6.578947368421052483e-04 6.578947368421052483e-04 6.578947368421052483e-04 6.578947368421052483e-04 6.578947368421052483e-04 7.302631578947367530e-02 6.578947368421052483e-04 6.578947368421052483e-04 7.236842105263158707e-03 6.578947368421052483e-04 4.013157894736842091e-02 1.381578947368421184e-02 6.578947368421052483e-04 5.328947368421052544e-02 6.578947368421052483e-04 9.276315789473683904e-02 6.578947368421052483e-04 7.236842105263158707e-03 6.578947368421052483e-04 5.138157894736842257e-01
5.996131528046420855e-03 1.934235976789167965e-04 1.934235976789167965e-04 3.522243713733074766e-01 1.934235976789167965e-04 1.934235976789167965e-04 5.996131528046420855e-03 1.934235976789167965e-04 1.934235976789167965e-04 4.061895551257252782e-03 1.934235976789167965e-04 1.934235976789167965e-04 1.934235976789167965e-04 1.934235976789167965e-04 1.934235976789167965e-04 4.661508704061894520e-02 5.996131528046420855e-03 4.061895551257252782e-03 1.934235976789167965e-04 1.934235976789167965e-04 4.468085106382978233e-02 1.953578336557059564e-02 1.934235976789167965e-04 7.369439071566730171e-02 1.934235976789167965e-04 1.259187620889748171e-01 2.127659574468084708e-03 1.934235976789167965e-04 1.934235976789167965e-04 3.058027079303674012e-01
1.672240802675584929e-04 3.511705685618728406e-03 1.672240802675584929e-04 2.859531772575250527e-02 2.190635451505016165e-02 1.672240802675584929e-04 2.023411371237457748e-02 1.672240802675584929e-04 1.672240802675584929e-04 1.672240802675584929e-04 2.627090301003343620e-01 1.672240802675584929e-04 1.521739130434782324e-02 1.672240802675584929e-04 1.672240802675584929e-04 1.807692307692307376e-01 1.672240802675584929e-04 1.672240802675584929e-04 1.672240802675584929e-04 8.043478260869564578e-02 1.839464882943143585e-03 6.036789297658862186e-02 1.672240802675584929e-04 1.839464882943143585e-03 7.374581939799329522e-02 1.672240802675584929e-04 1.672240802675584929e-04 2.376254180602006272e-01 5.183946488294313877e-03 3.511705685618728406e-03
3.740740740740738923e-02 3.703703703703702436e-04 3.703703703703702436e-04 3.448148148148146297e-01 4.074074074074072842e-03 4.851851851851849556e-02 3.703703703703702436e-04 3.703703703703702436e-04 3.703703703703702436e-04 3.703703703703702436e-04 3.703703703703702436e-04 2.259259259259258079e-02 3.703703703703702436e-04 3.703703703703702436e-04 2.629629629629628290e-02 4.111111111111109134e-02 3.703703703703702436e-04 3.703703703703702436e-04 1.148148148148147620e-02 1.518518518518517831e-02 5.222222222222219767e-02 1.148148148148147620e-02 5.592592592592589978e-02 3.703703703703702436e-04 2.781481481481480333e-01 1.148148148148147620e-02 3.370370370370368712e-02 3.703703703703702436e-04 3.703703703703702436e-04 3.703703703703702436e-04
3.246753246753245666e-04 3.246753246753245666e-04 5.847402597402595603e-01 3.571428571428570450e-03 3.246753246753245666e-04 3.246753246753245666e-04 3.246753246753245666e-04 3.246753246753245666e-04 3.246753246753245666e-04 3.246753246753245666e-04 3.246753246753245666e-04 3.246753246753245666e-04 3.246753246753245666e-04 3.246753246753245666e-04 3.246753246753245666e-04 1.983766233766233178e-01 3.246753246753245666e-04 3.246753246753245666e-04 3.571428571428570450e-03 3.246753246753245666e-04 3.571428571428570450e-03 1.756493506493505830e-01 3.246753246753245666e-04 1.331168831168830571e-02 3.246753246753245666e-04 3.246753246753245666e-04 1.006493506493506135e-02 3.246753246753245666e-04 3.246753246753245666e-04 3.246753246753245666e-04
3.984063745019921551e-04 3.984063745019921551e-04 3.984063745019921551e-04 1.633466135458167684e-02 3.470119521912350957e-01 3.984063745019921551e-04 3.984063745019921551e-04 3.984063745019921551e-04 2.828685258964143759e-02 3.984063745019921551e-04 3.984063745019921551e-04 4.382470119521913489e-03 3.984063745019921551e-04 3.984063745019921551e-04 3.984063745019921551e-04 1.119521912350597975e-01 3.984063745019921551e-04 3.984063745019921551e-04 4.023904382470120528e-02 3.984063745019921551e-04 3.984063745019921551e-04 1.996015936254980638e-01 3.984063745019921551e-04 3.984063745019921551e-04 4.422310756972112206e-02 3.625498007968128156e-02 3.984063745019921551e-04 1.637450199203187573e-01 3.984063745019921551e-04 3.984063745019921551e-04
3.875968992248061420e-04 3.875968992248061420e-04 3.875968992248061420e-04 6.240310077519378718e-02 6.240310077519378718e-02 1.589147286821705057e-02 1.201550387596899035e-02 3.875968992248061420e-04 3.875968992248061420e-04 8.139534883720928385e-03 3.875968992248061420e-04 3.875968992248061420e-04 3.875968992248061420e-04 3.337209302325580551e-01 3.875968992248061420e-04 5.852713178294572521e-02 3.875968992248061420e-04 3.875968992248061420e-04 3.875968992248061420e-04 3.875968992248061420e-04 3.875968992248061420e-04 1.050387596899224618e-01 3.875968992248061420e-04 6.240310077519378718e-02 8.953488372093021397e-02 1.244186046511627647e-01 1.589147286821705057e-02 4.302325581395347737e-02 3.875968992248061420e-04 3.875968992248061420e-04
2.222222222222222329e-04 2.222222222222222329e-04 2.222222222222222329e-04 2.222222222222222329e-04 7.355555555555555458e-02 2.222222222222222329e-04 5.133333333333333498e-02 2.222222222222222329e-04 6.466666666666666397e-02 2.222222222222222329e-04 4.666666666666667053e-03 2.222222222222222329e-04 2.222222222222222329e-04 2.222222222222222329e-04 2.222222222222222329e-04 1.113333333333333397e-01 2.022222222222222129e-02 5.133333333333333498e-02 2.222222222222222329e-04 2.911111111111111191e-02 2.222222222222222329e-04 1.535555555555555562e-01 2.444444444444444833e-03 2.222222222222222329e-04 2.222222222222222329e-04 1.024444444444444491e-01 2.222222222222222329e-04 3.313333333333333131e-01 2.222222222222222329e-04 2.222222222222222329e-04
4.975124378109453509e-04 4.975124378109453509e-04 5.472636815920399293e-03 1.248756218905472948e-01 4.975124378109453509e-04 4.975124378109453509e-04 4.975124378109453509e-04 5.472636815920399293e-03 5.472636815920399293e-03 4.975124378109453509e-04 4.975124378109453509e-04 1.044776119402985280e-02 4.975124378109453509e-04 4.975124378109453509e-04 5.472636815920399293e-03 8.507462686567165977e-02 4.975124378109453509e-04 4.975124378109453509e-04 4.975124378109453509e-04 5.472636815920399293e-03 5.024875621890547567e-02 1.149253731343283791e-01 1.044776119402985280e-02 7.512437810945274408e-02 5.472636815920399293e-03 5.522388059701493351e-02 4.975124378109453509e-04 4.975124378109453509e-04 4.975124378109453509e-04 4.333333333333333481e-01
4.474153297682708502e-02 1.782531194295899858e-04 1.782531194295899858e-04 5.900178253119428562e-02 6.613190730837788245e-02 1.782531194295899858e-04 9.643493761140818632e-02 1.782531194295899858e-04 1.960784313725490169e-03 6.434937611408197977e-02 1.782531194295899858e-04 3.743315508021389810e-03 3.582887700534758552e-02 1.960784313725490169e-03 1.782531194295899858e-04 1.481283422459892529e-01 3.939393939393939087e-02 1.782531194295899858e-04 3.404634581105168978e-02 1.622103386809268730e-02 1.443850267379678809e-02 2.907308377896612450e-01 2.869875222816398869e-02 1.782531194295899858e-04 1.782531194295899858e-04 4.652406417112298770e-02 1.782531194295899858e-04 1.782531194295899858e-04 5.525846702317289451e-03 1.782531194295899858e-04
8.249496981891348002e-03 2.012072434607646099e-04 2.012072434607646099e-04 2.012072434607646099e-04 1.428571428571428527e-02 2.434607645875251289e-02 4.446680080482897507e-02 6.237424547283702825e-03 4.446680080482897507e-02 2.012072434607646099e-04 8.249496981891348002e-03 2.012072434607646099e-04 2.012072434607646099e-04 2.012072434607646099e-04 2.233400402414486771e-02 1.430583501006036096e-01 2.012072434607646099e-04 6.257545271629778860e-02 2.012072434607646099e-04 3.038229376257545189e-02 2.233400402414486771e-02 2.012072434607646099e-04 2.012072434607646099e-04 1.830985915492957736e-02 2.213279678068410736e-03 1.108651911468812867e-01 2.233400402414486771e-02 3.885311871227364322e-01 2.012072434607646099e-04 2.434607645875251289e-02
1.678966789667896142e-02 1.845018450184501520e-04 9.409594095940956859e-03 1.845018450184501520e-04 9.409594095940956859e-03 7.583025830258301181e-02 5.922509225092249807e-02 1.845018450184501520e-04 1.845018450184501520e-04 1.845018450184501520e-04 2.308118081180811354e-01 2.029520295202951862e-03 9.409594095940956859e-03 1.845018450184501520e-04 3.874538745387453437e-03 1.902214022140220895e-01 1.125461254612545800e-02 1.863468634686346256e-02 1.845018450184501520e-04 4.999999999999998890e-02 1.845018450184501520e-04 1.845018450184501520e-04 9.409594095940956859e-03 2.601476014760147060e-02 3.874538745387453437e-03 1.385608856088560437e-01 1.845018450184501520e-04 1.127306273062730485e-01 2.047970479704796717e-02 1.845018450184501520e-04
1.613756613756613112e-02 2.645502645502644597e-04 9.814814814814812327e-02 2.910052910052909544e-03 4.523809523809523003e-02 2.645502645502644597e-04 2.645502645502644597e-04 3.994708994708993238e-02 4.788359788359787539e-02 1.084656084656084214e-02 2.910052910052909544e-03 2.645502645502644597e-04 2.645502645502644597e-04 2.645502645502644597e-04 2.910052910052909544e-03 1.378306878306878036e-01 2.645502645502644597e-04 2.671957671957670907e-02 2.645502645502644597e-04 2.910052910052909544e-03 2.645502645502644597e-04 2.277777777777776902e-01 2.645502645502644597e-04 1.613756613756613112e-02 2.645502645502644597e-04 2.119047619047618181e-01 2.645502645502644597e-04 1.007936507936507686e-01 5.555555555555554033e-03 2.645502645502644597e-04
5.215517241379311053e-02 4.310344827586207921e-04 1.336206896551724380e-02 1.125000000000000167e-01 7.370689655172414645e-02 4.310344827586207921e-04 3.922413793103448482e-02 4.310344827586207921e-04 4.310344827586207921e-04 4.741379310344828388e-03 4.310344827586207921e-04 4.310344827586207921e-04 4.310344827586207921e-04 4.310344827586207921e-04 4.310344827586207921e-04 4.784482758620690196e-02 4.310344827586207921e-04 4.310344827586207921e-04 4.310344827586207921e-04 4.310344827586207921e-04 4.310344827586207921e-04 4.310344827586207921e-04 4.310344827586207921e-04 4.310344827586207921e-04 4.310344827586207921e-04 7.370689655172414645e-02 4.310344827586207921e-04 4.310344827586207921e-04 4.310344827586207921e-04 5.737068965517241326e-01
7.518796992481204542e-04 7.518796992481204542e-04 8.270676691729325972e-03 3.315789473684211397e-01 7.518796992481204542e-04 7.518796992481204542e-04 7.518796992481204542e-04 7.518796992481204542e-04 7.518796992481204542e-04 7.518796992481204542e-04 7.518796992481204542e-04 7.518796992481204542e-04 7.518796992481204542e-04 7.518796992481204542e-04 7.518796992481204542e-04 5.338345864661654672e-02 7.518796992481204542e-04 7.518796992481204542e-04 7.518796992481204542e-04 7.518796992481204542e-04 7.518796992481204542e-04 3.240601503759399371e-01 8.270676691729325972e-03 7.518796992481204542e-04 4.586466165413534413e-02 1.060150375939849787e-01 7.518796992481204542e-04 8.270676691729325972e-03 7.518796992481204542e-04 9.849624060150377614e-02
2.028397565922920593e-04 2.028397565922920593e-04 2.231237322515212517e-03 2.028397565922920593e-04 2.657200811359025638e-02 2.028397565922920593e-04 7.525354969574035713e-02 2.028397565922920593e-04 2.028397565922920593e-04 2.028397565922920593e-04 2.557809330628802447e-01 2.028397565922920593e-04 2.028397565922920593e-04 2.028397565922920593e-04 2.231237322515212517e-03 1.381338742393508623e-01 2.028397565922920593e-04 3.062880324543609811e-02 2.028397565922920593e-04 1.685598377281946891e-01 2.028397565922920593e-04 2.251521298174441466e-02 2.028397565922920593e-04 2.028397565922920593e-04 2.028397565922920593e-04 1.077079107505070771e-01 2.028397565922920593e-04 1.563894523326571639e-01 8.316430020283973809e-03 2.231237322515212517e-03
3.105590062111800273e-04 1.894409937888198031e-02 4.940993788819874055e-01 3.105590062111800273e-04 2.515527950310558064e-02 3.105590062111800273e-04 3.105590062111800273e-04 3.105590062111800273e-04 3.105590062111800273e-04 3.105590062111800273e-04 3.105590062111800273e-04 3.105590062111800273e-04 3.105590062111800273e-04 3.105590062111800273e-04 3.105590062111800273e-04 2.456521739130433646e-01 3.105590062111800273e-04 3.105590062111800273e-04 3.105590062111800273e-04 3.105590062111800273e-04 3.105590062111800273e-04 1.680124223602483813e-01 3.105590062111800273e-04 3.105590062111800273e-04 3.105590062111800273e-04 4.068322981366458146e-02 3.105590062111800273e-04 3.105590062111800273e-04 3.105590062111800273e-04 3.105590062111800273e-04
2.916666666666665932e-03 1.388888888888888617e-04 1.388888888888888617e-04 1.263888888888888354e-02 6.263888888888886897e-02 4.209722222222221366e-01 6.541666666666665075e-02 2.916666666666665932e-03 1.541666666666666186e-02 8.472222222222219531e-03 2.916666666666665932e-03 2.652777777777777166e-02 1.388888888888888617e-04 1.388888888888888617e-04 1.388888888888888617e-04 2.404166666666665841e-01 1.388888888888888617e-04 1.388888888888888617e-04 7.930555555555553193e-02 2.791666666666665908e-02 7.083333333333330373e-03 1.388888888888888617e-04 1.124999999999999611e-02 1.388888888888888617e-04 1.388888888888888617e-04 1.124999999999999611e-02 1.388888888888888617e-04 1.388888888888888617e-04 1.388888888888888617e-04 1.388888888888888617e-04
6.711409395973156168e-04 6.711409395973156168e-04 7.382550335570471460e-03 2.758389261744966792e-01 6.711409395973156168e-04 2.080536912751678250e-02 6.711409395973156168e-04 2.080536912751678250e-02 6.711409395973156168e-04 6.711409395973156168e-04 6.711409395973156168e-04 6.711409395973156168e-04 6.711409395973156168e-04 6.711409395973156168e-04 6.711409395973156168e-04 6.107382550335571647e-02 6.711409395973156168e-04 6.711409395973156168e-04 6.711409395973156168e-04 6.711409395973156168e-04 6.711409395973156168e-04 3.161073825503356582e-01 7.382550335570471460e-03 6.711409395973156168e-04 6.711409395973156168e-04 1.409395973154362741e-02 6.711409395973156168e-04 6.711409395973156168e-04 1.409395973154362741e-02 2.489932885906040727e-01
2.474025974025975128e-01 3.311688311688312791e-02 2.662337662337663224e-02 2.012987012987013657e-02 6.493506493506496753e-04 1.363636363636364264e-02 6.493506493506496753e-04 6.493506493506496753e-04 1.564935064935065734e-01 6.493506493506496753e-04 6.493506493506496753e-04 6.493506493506496753e-04 9.805194805194808461e-02 1.240259740259740812e-01 3.961038961038962358e-02 6.493506493506496753e-04 5.259740259740261492e-02 6.493506493506496753e-04 3.311688311688312791e-02 6.493506493506496753e-04 6.493506493506496753e-04 2.012987012987013657e-02 9.805194805194808461e-02 7.142857142857146104e-03 6.493506493506496753e-04 2.012987012987013657e-02 6.493506493506496753e-04 6.493506493506496753e-04 6.493506493506496753e-04 6.493506493506496753e-04
2.086466165413533233e-02 1.879699248120300322e-04 5.827067669172931487e-03 5.827067669172931487e-03 1.879699248120300322e-04 1.898496240601503168e-02 6.409774436090225069e-02 1.879699248120300322e-04 1.879699248120300322e-04 1.879699248120300322e-04 2.765037593984961961e-01 4.530075187969924422e-02 5.657894736842104116e-02 2.067669172932330626e-03 4.154135338345864292e-02 1.656015037593984440e-01 1.879699248120300322e-04 7.706766917293230400e-03 1.879699248120300322e-04 4.530075187969924422e-02 5.827067669172931487e-03 1.879699248120300322e-04 2.838345864661653492e-02 1.879699248120300322e-04 1.879699248120300322e-04 4.154135338345864292e-02 7.706766917293230400e-03 1.543233082706766401e-01 3.947368421052630839e-03 1.879699248120300322e-04
2.118644067796609837e-04 2.118644067796609837e-04 2.330508474576270875e-03 1.188559322033898025e-01 1.230932203389830254e-01 2.118644067796609837e-04 1.716101694915253897e-02 2.118644067796609837e-04 2.118644067796609837e-04 2.118644067796609837e-04 2.118644067796609837e-04 2.330508474576270875e-03 2.118644067796609837e-04 2.118644067796609837e-04 2.118644067796609837e-04 7.860169491525421936e-02 2.118644067796609837e-04 2.118644067796609837e-04 6.567796610169490332e-03 2.118644067796609837e-04 2.330508474576270875e-03 2.118644067796609837e-04 2.118644067796609837e-04 2.118644067796609837e-04 2.118644067796609837e-04 2.438559322033897470e-01 2.118644067796609837e-04 2.118644067796609837e-04 2.118644067796609837e-04 4.006355932203388703e-01
3.891050583657586735e-04 3.891050583657586735e-04 5.684824902723734086e-01 3.891050583657586735e-04 3.891050583657586735e-04 3.891050583657586735e-04 3.891050583657586735e-04 4.280155642023345842e-03 4.280155642023345842e-03 4.280155642023345842e-03 3.891050583657586735e-04 2.762645914396886365e-02 3.891050583657586735e-04 3.891050583657586735e-04 8.210116731517508315e-02 1.910505836575875083e-01 3.891050583657586735e-04 3.891050583657586735e-04 3.891050583657586735e-04 3.891050583657586735e-04 1.984435797665369192e-02 1.984435797665369192e-02 3.891050583657586735e-04 3.891050583657586735e-04 5.097276264591438233e-02 4.280155642023345842e-03 1.595330739299610431e-02 3.891050583657586735e-04 3.891050583657586735e-04 3.891050583657586735e-04
2.717391304347826120e-04 2.717391304347826120e-04 2.744565217391304116e-02 5.706521739130434798e-03 9.538043478260870012e-02 2.717391304347826120e-04 2.717391304347826120e-04 2.717391304347826120e-04 2.989130434782608786e-03 2.717391304347826120e-04 2.717391304347826120e-04 2.717391304347826120e-04 2.717391304347826120e-04 2.989130434782608786e-03 2.717391304347826120e-04 1.144021739130434839e-01 1.385869565217391283e-02 2.717391304347826120e-04 5.706521739130434798e-03 2.717391304347826120e-04 2.717391304347826120e-04 2.989130434782608786e-03 4.375000000000000416e-02 2.717391304347826120e-04 2.717391304347826120e-04 2.557065217391304435e-01 2.717391304347826120e-04 1.171195652173913082e-01 2.717391304347826120e-04 3.073369565217390909e-01
2.173913043478260950e-04 4.565217391304348185e-03 5.021739130434783177e-02 1.108695652173912957e-02 3.282608695652174113e-02 2.173913043478260950e-04 2.391304347826087289e-03 2.173913043478260950e-04 3.282608695652174113e-02 2.173913043478260950e-04 2.173913043478260950e-04 2.173913043478260950e-04 2.173913043478260950e-04 2.173913043478260950e-04 2.173913043478260950e-04 9.804347826086956541e-02 2.173913043478260950e-04 2.391304347826087289e-03 2.173913043478260950e-04 6.739130434782608647e-03 2.413043478260869582e-02 3.282608695652174113e-02 2.173913043478260950e-04 1.108695652173912957e-02 2.173913043478260950e-04 2.480434782608695599e-01 2.173913043478260950e-04 2.173913043478260950e-04 2.173913043478260950e-04 4.393478260869564944e-01
2.028397565922921135e-04 2.028397565922921135e-04 2.028397565922921135e-04 6.916835699797160841e-02 9.756592292089250051e-02 2.028397565922921135e-04 2.028397565922921135e-04 2.028397565922921135e-04 4.259634888438133815e-03 2.028397565922921135e-04 2.028397565922921135e-04 8.316430020283975544e-03 2.028397565922921135e-04 2.028397565922921135e-04 2.028397565922921135e-04 8.539553752535497533e-02 2.028397565922921135e-04 2.231237322515212951e-03 2.028397565922921135e-04 2.028397565922921135e-04 2.028397565922921135e-04 2.028397565922921135e-04 2.028397565922921135e-04 2.028397565922921135e-04 2.028397565922921135e-04 1.949290060851926742e-01 2.028397565922921135e-04 2.251521298174442159e-02 6.288032454361054679e-03 5.052738336713995526e-01
2.873563218390804558e-04 1.353448275862068895e-01 4.626436781609195859e-02 2.873563218390804558e-04 1.612068965517241548e-01 2.873563218390804558e-04 3.764367816091954144e-02 2.873563218390804558e-04 2.873563218390804558e-04 2.873563218390804558e-04 2.873563218390804558e-04 2.873563218390804558e-04 2.873563218390804558e-04 2.873563218390804558e-04 2.873563218390804558e-04 1.123563218390804669e-01 2.873563218390804558e-04 2.873563218390804558e-04 2.873563218390804558e-04 2.873563218390804558e-04 2.873563218390804558e-04 2.873563218390804558e-04 2.873563218390804558e-04 2.873563218390804558e-04 8.908045977011494129e-03 4.913793103448275967e-02 2.873563218390804558e-04 2.873563218390804558e-04 2.873563218390804558e-04 4.428160919540229945e-01
1.381578947368421184e-02 7.236842105263158707e-03 1.125000000000000028e-01 4.671052631578947317e-02 6.578947368421052483e-04 4.671052631578947317e-02 6.578947368421052483e-04 4.013157894736842091e-02 2.039473684210526411e-02 1.381578947368421184e-02 6.578947368421052483e-04 6.578947368421052483e-04 6.578947368421052483e-04 6.578947368421052483e-04 6.578947368421052483e-04 6.578947368421052483e-04 6.578947368421052483e-04 4.671052631578947317e-02 6.578947368421052483e-04 6.578947368421052483e-04 6.578947368421052483e-04 7.236842105263158707e-03 1.381578947368421184e-02 1.381578947368421184e-02 2.039473684210526411e-02 1.322368421052631804e-01 6.578947368421052483e-04 6.578947368421052483e-04 6.578947368421052483e-04 4.546052631578946790e-01
8.291873963515754493e-05 2.570480928689884096e-03 8.291873963515754493e-05 5.058043117744609983e-03 9.295190713101160462e-02 9.121061359867330348e-04 8.291873963515754493e-05 9.121061359867330348e-04 1.334991708126036583e-02 9.121061359867330348e-04 9.121061359867330348e-04 1.741293532338308511e-03 8.291873963515754493e-05 8.291873963515754493e-05 8.291873963515754493e-05 4.651741293532338228e-02 8.291873963515754493e-05 8.291873963515754493e-05 8.291873963515754493e-05 9.121061359867330348e-04 8.374792703150911455e-03 1.086235489220563864e-02 1.086235489220563864e-02 9.203980099502486606e-03 1.334991708126036583e-02 5.315091210613598349e-02 8.291873963515754493e-05 8.291873963515754493e-05 8.291873963515754493e-05 7.264510779436152976e-01
5.383141762452106627e-02 1.915708812260536191e-04 9.980842911877392531e-02 2.107279693486589865e-03 1.915708812260536191e-04 1.915708812260536191e-04 1.915708812260536191e-04 1.551724137931034114e-02 1.915708812260536191e-04 8.448275862068964359e-02 1.915708812260536191e-04 1.915708812260536191e-04 3.084291187739463327e-02 1.915708812260536191e-04 1.915708812260536191e-04 8.448275862068964359e-02 1.915708812260536191e-04 1.915708812260536191e-04 1.168582375478926898e-02 1.915708812260536191e-04 2.126436781609195026e-02 1.915708812260536191e-04 1.915708812260536191e-04 9.770114942528732027e-03 1.915708812260536191e-04 1.323754789272030274e-01 1.915708812260536191e-04 1.915708812260536191e-04 5.938697318007661596e-03 4.446360153256703751e-01
8.553191489361704203e-02 4.680851063829788439e-03 3.021276595744681534e-02 4.255319148936171259e-04 3.446808510638298823e-02 4.680851063829788439e-03 4.680851063829788439e-03 4.255319148936171259e-04 7.276595744680854072e-02 4.297872340425532706e-02 4.255319148936171259e-04 4.255319148936171259e-04 2.642553191489362407e-01 1.961702127659575023e-01 4.680851063829788439e-03 4.255319148936171259e-04 4.680851063829788439e-03 4.255319148936171259e-04 4.297872340425532706e-02 4.255319148936171259e-04 4.255319148936171259e-04 4.255319148936171259e-04 1.451063829787234416e-01 4.255319148936171259e-04 5.574468085106384224e-02 4.255319148936171259e-04 4.255319148936171259e-04 4.255319148936171259e-04 4.255319148936171259e-04 4.255319148936171259e-04
5.111111111111110022e-02 3.174603174603173516e-04 3.463492063492061845e-01 4.793650793650791608e-02 3.174603174603173516e-04 3.174603174603173516e-04 2.888888888888887715e-02 1.209523809523809085e-01 9.841269841269838226e-03 3.174603174603173516e-04 3.174603174603173516e-04 3.174603174603173516e-04 3.174603174603173516e-04 3.174603174603173516e-04 3.492063492063491193e-03 8.603174603174600088e-02 3.174603174603173516e-04 9.841269841269838226e-03 3.174603174603173516e-04 3.174603174603173516e-04 3.174603174603173516e-04 1.876190476190475465e-01 3.174603174603173516e-04 1.301587301587301022e-02 3.174603174603173516e-04 3.174603174603173516e-04 8.920634920634917808e-02 3.174603174603173516e-04 3.174603174603173516e-04 3.174603174603173516e-04
4.366812227074235906e-04 4.366812227074235906e-04 4.366812227074235906e-04 1.008733624454148520e-01 4.366812227074235906e-04 4.366812227074235906e-04 4.803493449781659659e-03 4.366812227074235906e-04 4.366812227074235906e-04 4.366812227074235906e-04 4.366812227074235906e-04 1.790393013100436553e-02 4.366812227074235906e-04 4.366812227074235906e-04 4.366812227074235906e-04 2.144104803493449840e-01 4.366812227074235906e-04 4.366812227074235906e-04 4.366812227074235906e-04 4.366812227074235906e-04 9.650655021834061986e-02 2.449781659388646227e-01 4.366812227074235906e-04 4.366812227074235906e-04 9.170305676855896107e-03 2.187772925764192300e-01 8.340611353711790965e-02 4.366812227074235906e-04 4.366812227074235906e-04 4.366812227074235906e-04
5.405405405405406573e-04 5.405405405405406573e-04 5.405405405405406573e-04 2.275675675675676024e-01 5.405405405405406573e-04 1.140540540540540826e-01 5.405405405405406573e-04 5.405405405405406573e-04 2.756756756756757049e-02 5.405405405405406573e-04 5.405405405405406573e-04 5.405405405405406573e-04 5.945945945945947664e-03 5.405405405405406573e-04 5.405405405405406573e-04 5.405405405405406573e-04 2.221621621621621967e-01 5.405405405405406573e-04 5.459459459459459901e-02 5.945945945945947664e-03 5.405405405405406573e-04 5.405405405405406573e-04 5.405405405405406573e-04 5.405405405405406573e-04 2.924324324324324986e-01 5.405405405405406573e-04 3.837837837837838190e-02 5.405405405405406573e-04 5.405405405405406573e-04 5.405405405405406573e-04
2.114164904862578882e-04 4.672304439746299137e-02 2.114164904862578882e-04 2.346723044397462307e-02 2.771670190274840850e-01 2.114164904862578882e-04 2.114164904862578882e-04 1.289640591966173012e-02 2.052854122621563804e-01 2.114164904862578882e-04 4.439746300211415246e-03 2.114164904862578882e-04 4.439746300211415246e-03 2.114164904862578882e-04 2.114164904862578882e-04 1.270613107822409771e-01 2.114164904862578882e-04 8.054968287526424742e-02 7.209302325581394555e-02 2.114164904862578882e-04 6.553911205073994183e-03 1.289640591966173012e-02 2.114164904862578882e-04 2.114164904862578882e-04 4.249471458773783350e-02 7.420718816067652102e-02 6.553911205073994183e-03 2.114164904862578882e-04 2.114164904862578882e-04 2.114164904862578882e-04
2.770083102493073931e-04 2.770083102493073931e-04 2.770083102493073931e-04 1.193905817174514966e-01 2.770083102493073931e-04 1.581717451523545204e-01 2.770083102493073931e-04 2.770083102493073931e-04 3.047091412742381541e-03 1.412742382271467596e-02 2.770083102493073931e-04 8.337950138504153508e-02 2.770083102493073931e-04 2.770083102493073931e-04 2.770083102493073931e-04 2.163434903047090629e-01 2.770083102493073931e-04 6.675900277008307848e-02 2.770083102493073931e-04 8.587257617728528969e-03 3.351800554016619305e-02 2.052631578947367585e-01 2.770083102493073931e-04 2.770083102493073931e-04 2.770083102493073931e-04 2.770083102493073931e-04 8.614958448753459730e-02 2.770083102493073931e-04 2.770083102493073931e-04 2.770083102493073931e-04
6.878048780487806824e-02 4.878048780487806500e-04 4.878048780487806500e-04 1.712195121951219923e-01 4.878048780487806500e-04 5.902439024390245675e-02 4.878048780487806500e-04 1.370731707317073556e-01 4.878048780487806500e-04 4.878048780487806500e-04 4.878048780487806500e-04 4.878048780487806500e-04 4.878048780487806500e-04 4.878048780487806500e-04 5.414634146341464754e-02 5.365853658536587530e-03 2.248780487804878658e-01 4.878048780487806500e-04 1.078048780487805280e-01 4.878048780487806500e-04 2.975609756097561537e-02 7.365853658536587745e-02 4.878048780487806500e-04 4.878048780487806500e-04 4.878048780487806500e-04 1.512195121951219988e-02 4.878048780487806500e-04 4.878048780487806500e-04 4.878048780487806500e-04 4.439024390243903606e-02
4.255319148936171259e-04 4.255319148936171259e-04 1.319148936170213074e-02 2.812765957446808907e-01 4.255319148936171259e-04 9.829787234042555721e-02 4.255319148936171259e-04 8.127659574468087955e-02 4.255319148936171259e-04 4.255319148936171259e-04 4.255319148936171259e-04 4.255319148936171259e-04 4.255319148936171259e-04 4.255319148936171259e-04 4.255319148936171259e-04 4.255319148936171259e-04 1.578723404255319707e-01 4.255319148936171259e-04 7.702127659574470320e-02 4.255319148936171259e-04 3.021276595744681534e-02 1.744680851063830015e-02 4.255319148936171259e-04 8.936170212765959589e-03 1.578723404255319707e-01 5.148936170212767283e-02 1.319148936170213074e-02 4.255319148936171259e-04 4.680851063829788439e-03 4.255319148936171259e-04
6.802721088435375848e-04 6.802721088435375848e-04 2.789115646258503653e-02 1.571428571428571952e-01 7.482993197278913974e-03 1.571428571428571952e-01 6.802721088435375848e-04 2.108843537414966524e-02 6.802721088435375848e-04 6.802721088435375848e-04 6.802721088435375848e-04 6.802721088435375848e-04 7.482993197278913974e-03 6.802721088435375848e-04 6.802721088435375848e-04 8.231292517006803811e-02 2.789115646258503653e-02 6.802721088435375848e-04 6.802721088435375848e-04 6.802721088435375848e-04 6.190476190476191382e-02 6.802721088435375848e-04 6.802721088435375848e-04 6.802721088435375848e-04 1.095238095238095510e-01 8.911564625850341981e-02 2.387755102040816924e-01 6.802721088435375848e-04 6.802721088435375848e-04 6.802721088435375848e-04
4.405286343612334994e-04 5.330396475770925180e-02 4.405286343612334994e-04 1.149779735682819465e-01 4.405286343612334994e-04 1.193832599118942739e-01 4.405286343612334994e-04 4.889867841409691746e-02 4.845814977973568818e-03 4.405286343612334994e-04 9.251101321585903162e-03 4.845814977973568818e-03 4.845814977973568818e-03 4.405286343612334994e-04 3.568281938325990749e-02 4.405286343612334994e-04 2.030837004405286472e-01 4.405286343612334994e-04 1.193832599118942739e-01 4.405286343612334994e-04 4.845814977973568818e-03 1.502202643171806351e-01 2.687224669603524227e-02 7.973568281938327174e-02 1.365638766519823750e-02 4.405286343612334994e-04 4.405286343612334994e-04 4.405286343612334994e-04 4.405286343612334994e-04 4.405286343612334994e-04
1.972386587771203363e-04 3.570019723865878319e-02 1.972386587771203363e-04 1.992110453648915022e-02 6.114398422090729611e-03 1.972386587771203363e-04 1.972386587771203363e-04 1.972386587771203363e-04 1.972386587771203363e-04 1.086785009861932910e-01 2.169625246548323536e-03 6.114398422090729611e-03 1.972386587771203363e-04 1.972386587771203363e-04 1.972386587771203363e-04 8.500986193293885718e-02 1.972386587771203363e-04 2.169625246548323536e-03 1.972386587771203363e-04 1.203155818540433894e-02 1.203155818540433894e-02 1.972386587771203363e-04 1.005917159763313612e-02 6.114398422090729611e-03 1.972386587771203363e-04 8.303747534516765783e-02 1.972386587771203363e-04 6.114398422090729611e-03 1.972386587771203363e-04 6.017751479289941141e-01
1.542372881355931827e-02 6.949152542372879354e-03 1.694915254237287978e-04 1.694915254237287978e-04 2.559322033898304635e-02 1.694915254237287978e-04 3.576271186440677791e-02 1.694915254237287978e-04 1.711864406779660744e-02 2.220338983050846801e-02 1.781355932203389503e-01 2.050847457627118231e-02 3.559322033898304483e-03 1.694915254237287978e-04 1.694915254237287978e-04 1.645762711864406369e-01 1.694915254237287978e-04 1.694915254237287978e-04 8.644067796610166790e-03 5.779661016949151631e-02 1.694915254237287978e-04 1.694915254237287978e-04 1.694915254237287978e-04 5.254237288135592786e-03 6.796610169491523745e-02 9.847457627118642864e-02 1.694915254237287978e-04 2.391525423728813049e-01 3.067796610169491039e-02 1.694915254237287978e-04
1.801801801801801558e-04 1.801801801801801558e-04 1.819819819819819273e-02 1.801801801801801558e-04 1.801801801801801558e-04 1.801801801801801558e-04 1.801801801801801558e-04 1.801801801801801558e-04 1.801801801801801558e-04 1.801801801801801558e-04 2.218018018018017568e-01 1.801801801801801558e-04 5.585585585585584913e-03 1.801801801801801558e-04 1.801801801801801558e-04 2.236036036036035402e-01 1.801801801801801558e-04 1.801801801801801558e-04 1.801801801801801558e-04 2.650450450450450024e-01 1.801801801801801558e-04 1.801801801801801558e-04 1.801801801801801558e-04 1.801801801801801558e-04 1.010810810810810617e-01 1.639639639639639199e-02 1.801801801801801558e-04 1.443243243243242935e-01 1.801801801801801558e-04 1.801801801801801558e-04
1.291989664082687230e-04 1.291989664082687230e-04 1.291989664082687230e-04 2.713178294573642940e-03 1.291989664082687230e-04 4.005167958656330116e-03 2.467700258397932667e-02 1.291989664082687230e-04 2.713178294573642940e-03 1.291989664082687230e-04 1.821705426356588775e-02 1.291989664082687230e-04 2.713178294573642940e-03 1.291989664082687230e-04 1.291989664082687230e-04 3.244186046511627342e-01 6.589147286821703600e-03 1.950904392764857623e-02 1.421188630490955980e-03 7.764857881136949525e-02 1.291989664082687230e-04 9.173126614987078820e-03 1.291989664082687230e-04 1.291989664082687230e-04 1.291989664082687230e-04 4.405684754521963648e-02 1.291989664082687230e-04 4.587855297157622525e-01 1.421188630490955980e-03 1.291989664082687230e-04
