3.789308176100628783e-02 1.572327044025157155e-04 1.572327044025157155e-04 3.003144654088049995e-02 8.349056603773583052e-02 1.572327044025157155e-04 3.789308176100628783e-02 1.572327044025157155e-04 1.572327044025157155e-04 1.572327044025157155e-04 2.845911949685534306e-02 1.572327044025157155e-04 1.165094339622641251e-01 1.572327044025157155e-04 1.902515723270439829e-02 1.430817610062892764e-02 1.572327044025157155e-04 3.003144654088049995e-02 1.572327044025157155e-04 1.729559748427672789e-03 1.572327044025157155e-04 6.619496855345910480e-02 1.149371069182389682e-01 1.572327044025157155e-04 4.136792452830188038e-01 3.301886792452829889e-03 1.572327044025157155e-04 1.572327044025157155e-04 1.572327044025157155e-04 1.572327044025157155e-04
2.138495092693565858e-01 1.090512540894220388e-04 1.090512540894220388e-04 1.047982551799345602e-01 1.090512540894220388e-04 1.090512540894220388e-04 1.069792802617230004e-01 1.090512540894220388e-04 1.090512540894220388e-04 1.090512540894220388e-04 2.116684841875681455e-01 1.037077426390403401e-01 5.027262813522355434e-02 1.090512540894220388e-04 3.827699018538713305e-02 7.426390403489639691e-02 5.561613958560523464e-03 1.090512540894220388e-04 1.199563794983642346e-03 1.090512540894220388e-04 1.090512540894220388e-04 8.833151581243184683e-03 1.090512540894220388e-04 1.090512540894220388e-04 4.045801526717557328e-02 1.090512540894220388e-04 1.090512540894220388e-04 1.090512540894220388e-04 3.827699018538713305e-02 1.090512540894220388e-04
4.761904761904761901e-04 4.761904761904761901e-04 5.238095238095238741e-03 4.761904761904761901e-04 4.761904761904761901e-04 4.761904761904761901e-04 4.809523809523809368e-02 4.761904761904761901e-04 7.190476190476190188e-02 4.761904761904761901e-04 2.242857142857142827e-01 4.761904761904761901e-04 1.861904761904761840e-01 4.761904761904761901e-04 1.576190476190476308e-01 9.571428571428572396e-02 4.761904761904761901e-04 4.761904761904761901e-04 4.761904761904761901e-04 4.761904761904761901e-04 2.428571428571428548e-02 1.476190476190476254e-02 1.623809523809523758e-01 4.761904761904761901e-04 4.761904761904761901e-04 4.761904761904761901e-04 4.761904761904761901e-04 4.761904761904761901e-04 4.761904761904761901e-04 4.761904761904761901e-04
3.908450704225351069e-02 3.521126760563379927e-04 3.521126760563379927e-04 1.165492957746478708e-01 3.521126760563379927e-04 1.091549295774647647e-02 1.443661971830985553e-02 3.521126760563379927e-04 1.728873239436619358e-01 3.521126760563379927e-04 7.394366197183097414e-03 3.521126760563379927e-04 3.521126760563379927e-04 8.838028169014083835e-02 3.521126760563379927e-04 2.852112676056337351e-02 3.521126760563379927e-04 3.873239436619717920e-03 1.658450704225351846e-01 3.521126760563379927e-04 3.521126760563379927e-04 3.521126760563379927e-04 3.521126760563379927e-04 3.521126760563379927e-04 3.521126760563379927e-04 3.521126760563379927e-04 3.521126760563379927e-04 3.454225352112675340e-01 3.521126760563379927e-04 3.521126760563379927e-04
7.339312406576978254e-02 3.977578475336321917e-01 6.442451420029893239e-02 1.451420029895365560e-01 1.855007473841553955e-01 1.494768310911808232e-04 1.494768310911808232e-04 1.494768310911808232e-04 1.494768310911808232e-04 1.644245142002989137e-03 7.623318385650221414e-03 1.644245142002989137e-03 1.644245142002989137e-03 2.257100149476830298e-02 2.257100149476830298e-02 6.442451420029893239e-02 1.494768310911808232e-04 1.494768310911808232e-04 1.494768310911808232e-04 1.494768310911808232e-04 1.494768310911808232e-04 1.494768310911808232e-04 1.494768310911808232e-04 1.494768310911808232e-04 4.633781763826605275e-03 1.494768310911808232e-04 4.633781763826605275e-03 1.494768310911808232e-04 1.494768310911808232e-04 1.494768310911808232e-04
7.128834355828220226e-02 1.226993865030674648e-04 3.803680981595091489e-03 1.939877300613496725e-01 6.257668711656440459e-03 1.226993865030674648e-04 1.226993865030674648e-04 1.226993865030674648e-04 1.116564417177913840e-02 5.779141104294478054e-02 1.301840490797545880e-01 1.226993865030674648e-04 1.166871165644171593e-01 1.226993865030674648e-04 2.576687116564416787e-03 3.570552147239263591e-02 1.226993865030674648e-04 2.343558282208588889e-02 2.576687116564416787e-03 7.987730061349691824e-02 3.815950920245398531e-02 1.522699386503067187e-01 6.638036809815950345e-02 1.226993865030674648e-04 1.226993865030674648e-04 1.226993865030674648e-04 6.257668711656440459e-03 1.226993865030674648e-04 1.226993865030674648e-04 1.226993865030674648e-04
4.285714285714285060e-02 2.132196162046907950e-04 2.132196162046907950e-04 9.189765458422173572e-02 2.132196162046907950e-04 2.345415778251598582e-03 2.132196162046907950e-04 2.132196162046907950e-04 4.477611940298506857e-03 1.940298507462686131e-02 2.132196162046907950e-04 2.132196162046907950e-04 2.132196162046907950e-04 2.132196162046907950e-04 2.132196162046907950e-04 2.132196162046907950e-04 2.132196162046907950e-04 4.477611940298506857e-03 5.481876332622600545e-01 1.087420042643922821e-02 2.153518123667376785e-02 2.132196162046907950e-04 2.132196162046907950e-04 2.132196162046907950e-04 1.513859275053304476e-02 2.132196162046907950e-04 2.132196162046907950e-04 2.347547974413645433e-01 2.132196162046907950e-04 2.132196162046907950e-04
4.405286343612335536e-04 4.405286343612335536e-04 2.735682819383260522e-01 4.008810572687224877e-02 4.405286343612335536e-04 4.405286343612335536e-04 4.405286343612335536e-04 4.405286343612335536e-04 4.405286343612335536e-04 3.568281938325991443e-02 4.889867841409691746e-02 4.405286343612335536e-04 1.061674008810572917e-01 4.405286343612335536e-04 4.845814977973569686e-03 9.295154185022028170e-02 4.405286343612335536e-04 4.405286343612335536e-04 5.330396475770925874e-02 1.193832599118942878e-01 4.405286343612335536e-04 2.118942731277533298e-01 4.405286343612335536e-04 4.405286343612335536e-04 4.405286343612335536e-04 4.405286343612335536e-04 4.405286343612335536e-04 4.845814977973569686e-03 4.405286343612335536e-04 4.405286343612335536e-04
7.021276595744678495e-02 4.757196495619523402e-01 1.251564455569461481e-04 1.340425531914893054e-01 2.891113892365456198e-02 2.015018773466833307e-02 6.382978723404253256e-03 1.251564455569461481e-04 1.376720901126407765e-03 1.251564455569461481e-04 1.251564455569461481e-04 6.520650813516894184e-02 1.251564455569461481e-04 1.376720901126407765e-03 1.251564455569461481e-04 1.302878598247809439e-01 1.251564455569461481e-04 5.131414267834791612e-03 1.251564455569461481e-04 1.251564455569461481e-04 1.251564455569461481e-04 1.251564455569461481e-04 1.764705882352940458e-02 1.251564455569461481e-04 1.889862327909886883e-02 1.251564455569461481e-04 1.251564455569461481e-04 3.879849812265330836e-03 1.889862327909886883e-02 1.251564455569461481e-04
5.193133047210300723e-02 4.291845493562232612e-04 4.291845493562232612e-04 4.291845493562232612e-04 9.055793991416311028e-02 4.291845493562232612e-04 4.291845493562232612e-04 4.291845493562232612e-04 1.330472103004291980e-02 4.291845493562232612e-04 4.291845493562232612e-04 8.626609442060087507e-02 2.107296137339056130e-01 4.291845493562232612e-04 4.291845493562232612e-04 6.909871244635194809e-02 4.721030042918456307e-03 4.721030042918456307e-03 4.291845493562232612e-04 4.721030042918456307e-03 4.291845493562232612e-04 4.291845493562232612e-04 9.484978540772534550e-02 4.291845493562232612e-04 3.180257510729613823e-01 1.330472103004291980e-02 4.291845493562232612e-04 4.291845493562232612e-04 3.047210300429184851e-02 4.291845493562232612e-04
7.042253521126764192e-04 7.042253521126764192e-04 7.042253521126764192e-04 8.521126760563382807e-02 7.042253521126764192e-04 7.042253521126764192e-04 7.042253521126764192e-04 7.746478873239440177e-03 7.042253521126764192e-04 7.042253521126764192e-04 7.042253521126764192e-04 7.042253521126764192e-04 2.542253521126761617e-01 7.042253521126764192e-04 7.042253521126764192e-04 7.042253521126764192e-04 7.042253521126764192e-04 4.795774647887325326e-01 9.225352112676059313e-02 7.042253521126764192e-04 2.183098591549296683e-02 7.042253521126764192e-04 7.042253521126764192e-04 7.042253521126764192e-04 2.183098591549296683e-02 7.042253521126764192e-04 7.042253521126764192e-04 7.042253521126764192e-04 7.042253521126764192e-04 2.183098591549296683e-02
4.410480349344977902e-02 4.366812227074235906e-04 4.366812227074235906e-04 4.366812227074235906e-04 4.366812227074235906e-04 1.353711790393013169e-02 7.030567685589519944e-02 4.366812227074235906e-04 4.366812227074235906e-04 4.366812227074235906e-04 2.406113537117904044e-01 1.838427947598253454e-01 1.707423580786026351e-01 4.366812227074235906e-04 9.170305676855896107e-03 9.213973799126638775e-02 4.366812227074235906e-04 4.366812227074235906e-04 4.366812227074235906e-04 4.366812227074235906e-04 4.366812227074235906e-04 4.366812227074235906e-04 4.366812227074235906e-04 4.366812227074235906e-04 4.366812227074235906e-04 4.366812227074235906e-04 4.366812227074235906e-04 4.366812227074235906e-04 1.663755458515283892e-01 4.366812227074235906e-04
1.220430107526881414e-01 3.763440860215053110e-03 1.792114695340501520e-04 3.243727598566308046e-02 1.792114695340501520e-04 1.792114695340501520e-04 3.960573476702508589e-02 1.792114695340501520e-04 1.792114695340501520e-04 1.971326164874551753e-03 1.130824372759856450e-01 1.792114695340501520e-04 7.186379928315410337e-02 1.792114695340501520e-04 5.555555555555554900e-03 8.082437275985661362e-02 1.792114695340501520e-04 1.792114695340501520e-04 1.792114695340501520e-04 1.792114695340501520e-04 5.555555555555554900e-03 1.704301075268816745e-01 9.336917562724013353e-02 1.792114695340501520e-04 2.528673835125447300e-01 3.763440860215053110e-03 1.792114695340501520e-04 1.792114695340501520e-04 1.792114695340501520e-04 1.792114695340501520e-04
1.920758928571428548e-01 1.116071428571428672e-04 1.116071428571428672e-04 1.061383928571428548e-01 1.116071428571428672e-04 1.027901785714285671e-01 1.697544642857142794e-01 1.116071428571428672e-04 5.691964285714285442e-03 1.116071428571428672e-04 1.116071428571428672e-04 3.805803571428571785e-02 1.116071428571428672e-04 1.116071428571428672e-04 7.712053571428570398e-02 6.595982142857143016e-02 1.116071428571428672e-04 1.227678571428571621e-03 1.116071428571428672e-04 1.116071428571428672e-04 1.116071428571428672e-04 1.474330357142857040e-01 1.116071428571428672e-04 1.116071428571428672e-04 3.805803571428571785e-02 1.116071428571428672e-04 1.116071428571428672e-04 3.470982142857143016e-02 1.908482142857143016e-02 1.116071428571428672e-04
6.523341523341522064e-02 1.228501228501228471e-04 3.574938574938574948e-02 3.453316953316953319e-01 1.228501228501228471e-04 4.557739557739557551e-02 1.855036855036854698e-02 1.228501228501228471e-04 1.732186732186731873e-02 1.228501228501228471e-04 1.168304668304668004e-01 4.066339066339066249e-02 1.228501228501228471e-04 3.329238329238328603e-02 1.082309582309582130e-01 1.119164619164618873e-01 1.228501228501228471e-04 2.579852579852579680e-03 1.228501228501228471e-04 1.228501228501228471e-04 1.228501228501228471e-04 1.228501228501228471e-04 2.837837837837837648e-02 1.228501228501228471e-04 1.228501228501228471e-04 6.265356265356264442e-03 1.609336609336609047e-02 3.808353808353807934e-03 1.228501228501228471e-04 2.579852579852579680e-03
8.770491803278686327e-02 1.393442622950819172e-02 2.732240437158469401e-04 9.043715846994533625e-02 1.368852459016393075e-01 2.732240437158469401e-04 2.732240437158469401e-04 2.732240437158469401e-04 2.732240437158469401e-04 1.122950819672130784e-01 2.407103825136611142e-01 3.306010928961747308e-02 6.857923497267758017e-02 2.732240437158469401e-04 2.732240437158469401e-04 3.306010928961747308e-02 2.732240437158469401e-04 2.732240437158469401e-04 2.732240437158469401e-04 2.732240437158469401e-04 2.732240437158469401e-04 1.341530054644808345e-01 2.732240437158469401e-04 2.732240437158469401e-04 3.852459016393441210e-02 2.732240437158469401e-04 2.732240437158469401e-04 2.732240437158469401e-04 2.732240437158469401e-04 5.737704918032784929e-03
1.031407035175879311e-01 1.256281407035176006e-04 3.894472361809045349e-03 9.309045226130652217e-02 4.786432160804020286e-02 1.256281407035176006e-04 1.069095477386934612e-01 2.638190954773869668e-03 5.037688442211055162e-02 1.256281407035176006e-04 9.183417085427135473e-02 6.168341708542713492e-02 5.665829145728643740e-02 1.381909547738693553e-03 1.256281407035176006e-04 1.370603015075376740e-01 1.256281407035176006e-04 1.143216080402010074e-02 1.256281407035176006e-04 1.256281407035176006e-04 1.256281407035176006e-04 1.520100502512562735e-02 1.910804020100502487e-01 1.256281407035176006e-04 2.022613065326633180e-02 1.256281407035176006e-04 1.256281407035176006e-04 1.256281407035176006e-04 1.256281407035176006e-04 3.894472361809045349e-03
1.017615176151761142e-01 1.355013550135501083e-04 1.355013550135501083e-04 6.517615176151760059e-02 8.143631436314360816e-02 1.355013550135501083e-04 1.355013550135501083e-04 1.355013550135501083e-04 1.639566395663956053e-02 8.821138211382111016e-02 2.994579945799457146e-02 1.355013550135501083e-04 1.368563685636855869e-02 1.490514905149051056e-03 1.355013550135501083e-04 4.349593495934957893e-02 1.193766937669376305e-01 1.355013550135501083e-04 1.355013550135501083e-04 6.111111111111109523e-02 2.317073170731706946e-02 2.860433604336042324e-01 2.859078590785907314e-02 1.355013550135501083e-04 2.723577235772357136e-02 1.097560975609755685e-02 1.355013550135501083e-04 1.355013550135501083e-04 1.355013550135501083e-04 1.355013550135501083e-04
9.567901234567901744e-03 1.574074074074073917e-02 4.043209876543209930e-02 1.083333333333333370e-01 1.114197530864197566e-01 3.086419753086419690e-04 3.086419753086419690e-04 6.481481481481482163e-03 2.191358024691357834e-02 3.086419753086419690e-04 4.969135802469136498e-02 3.086419753086419690e-04 3.086419753086419690e-04 3.086419753086419690e-04 9.567901234567901744e-03 5.895061728395062373e-02 3.086419753086419690e-04 3.086419753086419690e-04 3.086419753086419690e-04 1.546296296296296446e-01 3.086419753086419690e-04 3.086419753086419690e-04 1.268518518518518545e-01 3.086419753086419690e-04 3.086419753086419690e-04 3.086419753086419690e-04 3.086419753086419690e-04 3.086419753086419690e-04 2.811728395061728336e-01 3.086419753086419690e-04
1.340764331210190508e-01 3.184713375796177637e-04 3.184713375796177637e-04 1.054140127388534659e-01 3.184713375796177637e-04 3.184713375796177637e-04 9.872611464968148939e-03 3.503184713375795400e-03 3.184713375796177637e-04 3.535031847133756483e-02 3.184713375796177637e-04 4.808917197452227538e-02 3.184713375796177637e-04 3.184713375796177637e-04 3.184713375796177637e-04 5.445859872611463759e-02 3.184713375796177637e-04 3.184713375796177637e-04 3.503184713375795400e-03 3.184713375796177637e-04 3.184713375796177637e-04 1.882165605095540706e-01 2.550955414012737732e-01 3.184713375796177637e-04 9.904458598726111063e-02 3.184713375796177637e-04 3.184713375796177637e-04 3.184713375796177637e-04 5.764331210191080829e-02 3.184713375796177637e-04
4.440677966101692908e-02 3.389830508474575414e-04 3.389830508474575414e-04 1.088135593220338621e-01 2.376271186440676864e-01 3.389830508474575414e-04 3.389830508474575414e-04 3.389830508474575414e-04 3.728813559322032792e-03 5.457627118644066411e-02 3.389830508474575414e-04 3.389830508474575414e-04 2.240677966101693730e-01 3.389830508474575414e-04 3.389830508474575414e-04 3.423728813559320794e-02 3.389830508474575414e-04 3.389830508474575414e-04 3.389830508474575414e-04 3.389830508474575414e-04 3.728813559322032792e-03 2.376271186440676864e-01 1.050847457627118210e-02 1.389830508474575697e-02 3.389830508474575414e-04 3.389830508474575414e-04 3.389830508474575414e-04 2.067796610169490498e-02 3.389830508474575414e-04 3.389830508474575414e-04
1.396408839779005318e-01 1.381215469613259774e-04 1.381215469613259774e-04 2.238950276243093784e-01 5.953038674033149513e-02 1.381215469613259774e-04 1.381215469613259774e-04 1.381215469613259774e-04 1.381215469613259774e-04 1.244475138121546864e-01 4.571823204419889902e-02 1.381215469613259774e-04 1.381215469613259774e-04 1.381215469613259774e-04 1.381215469613259774e-04 1.381215469613259774e-04 8.301104972375690505e-02 1.381215469613259774e-04 9.806629834254143932e-03 1.381215469613259774e-04 1.381215469613259774e-04 2.777624309392265345e-01 1.381215469613259774e-04 1.381215469613259774e-04 3.052486187845303983e-02 1.381215469613259774e-04 1.381215469613259774e-04 1.519337016574585832e-03 1.381215469613259774e-04 1.519337016574585832e-03
2.514689880304678549e-01 1.196953210010881247e-03 5.549510337323176022e-03 6.866158868335146825e-02 4.461371055495102003e-03 1.088139281828073911e-04 1.088139281828073911e-04 3.373231773667028852e-03 7.725788900979324060e-03 5.560391730141457656e-02 4.254624591947769180e-02 1.088139281828073911e-04 1.088139281828073911e-04 2.404787812840043434e-02 7.725788900979324060e-03 4.145810663764961518e-02 4.461371055495102003e-03 1.088139281828073911e-04 1.088139281828073911e-04 1.196953210010881247e-03 1.088139281828073911e-04 3.766050054406963610e-01 6.648531011969531501e-02 1.088139281828073911e-04 3.492927094668116933e-02 1.088139281828073911e-04 1.088139281828073911e-04 1.088139281828073911e-04 1.088139281828073911e-04 1.196953210010881247e-03
1.968660968660967958e-01 2.849002849002848278e-04 1.737891737891737384e-02 1.227920227920227536e-01 6.866096866096864371e-02 2.849002849002848278e-04 3.732193732193730962e-02 2.849002849002848278e-04 3.133903133903133322e-03 6.581196581196580020e-02 2.849002849002848278e-04 2.849002849002848278e-04 1.168091168091167642e-02 2.849002849002848278e-04 2.849002849002848278e-04 1.170940170940170666e-01 1.452991452991452340e-02 2.849002849002848278e-04 2.849002849002848278e-04 8.290598290598288900e-02 2.849002849002848278e-04 2.339031339031338030e-01 1.737891737891737384e-02 2.849002849002848278e-04 5.982905982905981600e-03 2.849002849002848278e-04 2.849002849002848278e-04 2.849002849002848278e-04 2.849002849002848278e-04 2.849002849002848278e-04
8.871681415929201509e-02 2.212389380530973150e-04 1.128318584070796098e-02 1.904867256637167439e-01 3.608407079646016591e-01 2.433628318584070329e-03 2.212389380530973150e-04 2.212389380530973150e-04 2.212389380530973150e-04 3.340707964601768998e-02 3.340707964601768998e-02 2.212389380530973150e-04 3.119469026548671656e-02 2.212389380530973150e-04 2.212389380530973150e-04 2.212389380530973150e-04 4.446902654867256055e-02 1.349557522123893440e-02 2.212389380530973150e-04 1.349557522123893440e-02 2.212389380530973150e-04 7.544247787610618150e-02 2.212389380530973150e-04 2.212389380530973150e-04 3.561946902654866687e-02 2.212389380530973150e-04 2.212389380530973150e-04 6.216814159292034098e-02 2.212389380530973150e-04 2.212389380530973150e-04
1.607717041800642852e-04 1.866559485530546181e-01 1.607717041800642852e-04 9.180064308681670782e-02 1.673633440514468995e-01 1.607717041800642852e-04 1.607717041800642852e-04 1.607717041800642852e-04 1.607717041800642852e-04 1.768488745980707245e-03 1.623794212218649183e-02 1.607717041800642852e-04 1.607717041800642852e-04 1.607717041800642852e-04 1.607717041800642852e-04 5.160771704180063674e-02 1.607717041800642852e-04 8.858520900321542602e-02 9.807073954983921288e-03 6.125401929260449602e-02 1.207395498392282579e-01 1.607717041800642852e-04 1.400321543408359903e-01 1.607717041800642852e-04 4.839228295819934800e-02 1.607717041800642852e-04 1.607717041800642852e-04 1.607717041800642852e-04 1.607717041800642852e-04 1.302250803858520656e-02
1.002085505735140492e-01 1.042752867570385656e-04 1.042752867570385656e-04 6.579770594369133141e-02 1.586027111574556392e-01 1.042752867570385656e-04 1.042752867570385656e-04 1.042752867570385656e-04 1.042752867570385656e-04 1.992700729927006642e-01 8.446298227320122448e-03 1.042752867570385656e-04 1.147028154327424127e-03 3.232533889468195386e-03 1.042752867570385656e-04 9.812304483837328006e-02 1.042752867570385656e-04 3.232533889468195386e-03 1.042752867570385656e-04 4.807090719499477333e-02 1.042752867570385656e-04 2.733055265901980779e-01 3.764337851929092094e-02 1.042752867570385656e-04 1.147028154327424127e-03 1.042752867570385656e-04 1.042752867570385656e-04 1.042752867570385656e-04 1.042752867570385656e-04 1.042752867570385656e-04
5.499296765119549013e-02 1.406469760900140402e-04 1.406469760900140402e-04 1.618846694796061414e-01 5.218002812939521312e-02 1.406469760900140402e-04 1.406469760900140402e-04 1.406469760900140402e-04 7.172995780590715915e-03 2.125175808720111970e-01 1.406469760900140402e-04 1.406469760900140402e-04 1.406469760900140402e-04 1.406469760900140402e-04 1.406469760900140402e-04 8.312236286919830186e-02 9.985935302390997262e-03 1.547116736990154524e-03 1.139240506329113750e-02 9.718706047819969385e-02 1.139240506329113750e-02 2.786216596343177865e-01 1.406469760900140402e-04 7.172995780590715915e-03 8.579465541490855288e-03 1.406469760900140402e-04 1.406469760900140402e-04 1.406469760900140402e-04 1.406469760900140402e-04 1.406469760900140402e-04
2.188183807439824215e-04 2.188183807439824215e-04 2.188183807439824215e-04 9.212253829321659371e-02 2.188183807439824215e-04 2.188183807439824215e-04 2.210065645514222230e-02 2.188183807439824215e-04 5.492341356673959007e-02 2.407002188183806745e-03 2.188183807439824215e-04 2.188183807439824215e-04 7.024070021881835546e-02 2.188183807439824215e-04 2.188183807439824215e-04 3.741794310722099809e-02 9.431072210065642725e-02 2.188183807439824215e-04 2.188183807439824215e-04 3.087527352297591565e-01 2.428884026258204543e-02 1.643326039387307813e-01 6.783369803063455175e-03 2.188183807439824215e-04 2.188183807439824215e-04 5.711159737417940974e-02 2.188183807439824215e-04 2.188183807439824215e-04 6.148796498905906294e-02 2.188183807439824215e-04
1.511792452830188205e-01 2.358490566037735325e-04 2.358490566037735325e-04 2.617924528301885864e-02 2.358490566037735325e-04 2.358490566037735325e-04 2.643867924528300883e-01 2.358490566037735325e-04 2.594339622641508858e-03 2.358490566037735325e-04 5.212264150943395069e-02 1.700471698113207031e-01 2.358490566037735325e-04 2.358490566037735325e-04 1.158018867924528045e-01 4.976415094339621537e-02 1.438679245283018375e-02 2.358490566037735325e-04 2.358490566037735325e-04 4.952830188679244183e-03 2.358490566037735325e-04 4.976415094339621537e-02 2.358490566037735325e-04 5.683962264150942134e-02 7.311320754716979509e-03 2.358490566037735325e-04 3.089622641509432929e-02 2.358490566037735325e-04 2.358490566037735325e-04 2.358490566037735325e-04
4.509803921568626695e-02 5.882352941176468772e-03 2.801120448179270973e-04 1.039215686274509581e-01 7.871148459383751905e-02 5.882352941176468772e-03 3.081232492997198341e-03 2.801120448179270973e-04 1.148459383753500963e-02 6.190476190476188606e-02 8.151260504201678081e-02 7.591036414565824342e-02 1.039215686274509581e-01 2.801120448179270973e-04 2.801120448179270973e-04 1.428571428571428006e-02 2.801120448179270973e-04 2.801120448179270973e-04 2.801120448179270973e-04 2.549019607843136179e-02 3.081232492997198341e-03 1.683473389355741867e-01 1.795518207282912337e-01 2.801120448179270973e-04 2.268907563025209309e-02 2.801120448179270973e-04 3.081232492997198341e-03 2.801120448179270973e-04 3.081232492997198341e-03 2.801120448179270973e-04
1.428571428571429004e-03 1.428571428571429004e-03 1.428571428571429004e-03 1.428571428571429004e-03 1.428571428571429004e-03 1.014285714285714374e-01 1.428571428571429004e-03 1.428571428571429004e-03 1.571428571428571883e-02 1.428571428571429004e-03 1.014285714285714374e-01 2.585714285714286187e-01 1.428571428571429004e-03 1.428571428571429004e-03 1.428571428571429004e-03 1.428571428571429004e-03 1.428571428571429004e-03 1.428571428571429004e-03 3.300000000000000711e-01 1.428571428571429004e-03 1.428571428571429004e-03 1.428571428571429004e-03 1.428571428571429004e-03 1.428571428571429004e-03 1.428571428571429004e-03 1.442857142857143227e-01 1.571428571428571883e-02 1.428571428571429004e-03 1.428571428571429004e-03 1.428571428571429004e-03
3.395989974937343309e-02 8.897243107769422718e-03 1.378446115288220562e-03 1.830827067669172914e-01 8.784461152882204471e-02 6.390977443609021855e-03 2.017543859649122834e-02 1.253132832080200486e-04 1.378446115288220562e-03 1.254385964912280715e-01 8.533834586466164385e-02 6.390977443609021855e-03 1.253132832080200486e-04 1.253132832080200486e-04 1.253132832080200486e-04 1.253132832080200486e-04 7.656641604010025470e-02 1.015037593984962315e-02 1.253132832080200486e-04 3.646616541353383395e-02 1.892230576441102791e-02 2.895989974937343558e-01 1.253132832080200486e-04 1.253132832080200486e-04 1.378446115288220562e-03 1.253132832080200486e-04 1.253132832080200486e-04 1.253132832080200486e-04 5.137844611528821423e-03 1.253132832080200486e-04
2.693498452012383498e-02 1.135190918472651998e-03 2.167182662538699386e-03 1.094943240454075983e-01 3.003095975232197498e-02 6.099071207430339231e-02 1.135190918472651998e-03 1.031991744066047308e-04 3.209494324045406716e-02 1.135190918472651998e-03 1.031991744066047308e-04 5.479876160990711231e-02 5.273477812177501667e-02 2.869969040247677405e-01 1.031991744066047308e-04 1.105263157894736531e-01 1.031991744066047308e-04 1.002063983488131749e-01 1.031991744066047308e-04 5.263157894736840252e-03 5.479876160990711231e-02 1.031991744066047308e-04 1.031991744066047308e-04 3.003095975232197498e-02 1.135190918472651998e-03 1.248710010319917067e-02 7.327141382868935029e-03 1.764705882352940805e-02 1.031991744066047308e-04 1.031991744066047308e-04
5.528634361233478872e-02 2.202643171806166955e-04 2.202643171806166955e-04 6.409691629955946435e-02 5.088105726872245438e-02 2.202643171806166955e-04 2.202643171806166955e-04 6.828193832599117018e-03 2.202643171806166955e-04 1.257709251101321313e-01 2.202643171806166955e-04 2.202643171806166955e-04 2.885462555066078613e-02 2.202643171806166955e-04 7.951541850220263108e-02 4.427312775330395633e-02 6.629955947136562111e-02 2.202643171806166955e-04 1.123348017621145049e-02 4.625550660792950713e-03 2.202643171806166955e-04 4.207048458149779263e-02 2.202643171806166955e-04 2.202643171806166955e-04 2.422907488986783542e-03 1.896475770925109550e-01 4.625550660792950713e-03 1.784140969162995027e-02 2.202643171806166955e-04 2.028634361233479511e-01
8.891129032258060505e-02 3.649193548387095337e-02 2.016129032258063701e-04 1.030241935483870580e-01 5.344758064516127449e-01 2.016129032258063701e-04 2.016129032258063701e-04 2.016129032258063701e-04 2.016129032258063701e-04 2.016129032258063701e-04 2.016129032258063701e-04 2.016129032258063701e-04 2.016129032258063701e-04 4.233870967741934152e-03 2.016129032258063701e-04 2.036290322580644116e-02 2.016129032258063701e-04 8.266129032258059603e-03 2.016129032258063701e-04 6.068548387096771995e-02 2.016129032258063701e-04 5.665322580645158757e-02 3.850806451612901610e-02 1.229838709677418679e-02 2.016129032258063701e-04 2.016129032258063701e-04 2.016129032258063701e-04 3.245967741935482792e-02 2.016129032258063701e-04 2.016129032258063701e-04
6.477093206951023766e-03 1.579778830963664683e-04 2.859399684044233031e-02 6.808846761453393737e-02 2.576619273301736790e-01 1.579778830963664683e-04 1.579778830963664683e-04 1.579778830963664683e-04 2.165876777251183882e-01 1.579778830963664683e-04 1.579778830963664683e-04 1.437598736176934691e-02 2.701421800947866395e-02 5.703001579778829017e-02 1.121642969984201765e-02 4.281200631911531024e-02 1.579778830963664683e-04 1.579778830963664683e-04 6.477093206951023766e-03 1.202211690363348545e-01 1.579778830963664683e-04 1.579778830963664683e-04 1.579778830963664683e-04 1.279620853080568228e-02 1.579778830963664683e-04 8.056872037914688395e-03 1.579778830963664683e-04 1.737756714060031179e-03 1.186413902053711916e-01 1.579778830963664683e-04
1.620553359683794478e-02 8.300395256916996700e-03 3.952569169960474800e-04 1.071146245059288737e-01 7.549407114624506754e-02 3.952569169960474800e-04 3.952569169960474800e-04 4.347826086956522659e-03 3.952569169960474800e-04 3.952569169960474800e-04 3.952569169960474800e-04 3.952569169960474800e-04 3.952569169960474800e-04 3.952569169960474800e-04 3.952569169960474800e-04 8.300395256916996700e-03 3.952569169960474800e-04 3.952569169960474800e-04 6.758893280632412293e-02 3.952569169960474800e-04 5.968379446640316444e-02 3.952569169960474800e-04 9.920948616600791525e-02 3.952569169960474800e-04 3.952569169960474800e-04 3.952569169960474800e-04 3.952569169960474800e-04 3.952569169960474800e-04 5.458498023715415703e-01 3.952569169960474800e-04
2.870722433460075329e-02 1.901140684410645998e-04 1.901140684410645998e-04 1.349809885931558574e-02 3.290874524714827998e-01 2.091254752851710950e-03 1.901140684410645998e-04 2.091254752851710950e-03 1.901140684410645998e-04 1.351711026615969313e-01 1.901140684410645998e-04 1.349809885931558574e-02 1.901140684410645998e-04 1.901140684410645998e-04 1.901140684410645998e-04 2.680608365019010800e-02 1.901140684410645998e-04 1.901140684410645998e-04 1.901140684410645998e-04 1.750950570342204859e-01 1.901140684410645998e-04 1.750950570342204859e-01 3.821292775665399016e-02 1.901140684410645998e-04 3.441064638783269264e-02 2.300380228136881394e-02 1.901140684410645998e-04 1.901140684410645998e-04 1.901140684410645998e-04 1.901140684410645998e-04
4.545454545454547077e-04 2.504545454545455407e-01 3.186363636363637175e-01 5.500000000000001416e-02 1.186363636363636787e-01 4.545454545454547077e-04 4.545454545454547077e-04 4.545454545454547077e-04 4.545454545454547077e-04 4.545454545454547077e-04 3.227272727272727931e-02 4.545454545454547077e-04 1.413636363636364135e-01 4.545454545454547077e-04 4.545454545454547077e-04 4.545454545454547077e-04 4.545454545454547077e-04 9.545454545454547940e-03 4.545454545454547077e-04 4.545454545454547077e-04 4.545454545454547077e-04 4.545454545454547077e-04 5.000000000000001839e-03 5.000000000000001839e-03 5.500000000000001416e-02 4.545454545454547077e-04 4.545454545454547077e-04 4.545454545454547077e-04 4.545454545454547077e-04 4.545454545454547077e-04
2.030249110320284101e-01 1.976868327402134806e-01 1.779359430604982061e-04 5.177935943060497231e-02 1.247330960854092230e-01 1.779359430604982061e-04 7.491103202846974285e-02 1.779359430604982061e-04 1.085409252669038843e-02 1.957295373665480023e-03 1.779359430604982061e-04 1.779359430604982061e-04 1.779359430604982061e-04 9.074733096085406750e-03 1.957295373665480023e-03 5.711743772241992256e-02 1.779359430604982061e-04 1.957295373665480023e-03 1.779359430604982061e-04 1.779359430604982061e-04 1.779359430604982061e-04 1.779359430604982061e-04 1.994661921708184571e-01 1.779359430604982061e-04 6.245551601423486587e-02 1.779359430604982061e-04 1.779359430604982061e-04 1.779359430604982061e-04 1.779359430604982061e-04 1.779359430604982061e-04
3.737623762376237474e-02 2.475247524752475278e-04 7.673267326732673144e-03 8.688118811881188897e-02 5.965346534653465788e-02 2.475247524752475278e-04 1.509900990099009854e-02 2.475247524752475278e-04 2.475247524752475278e-04 2.475247524752475278e-04 2.475247524752475278e-04 7.673267326732673144e-03 2.722772277227723022e-03 2.252475247524752394e-02 2.475247524752475278e-04 1.014851485148514712e-02 4.727722772277227758e-02 2.475247524752475278e-04 2.475247524752475278e-04 7.450495049504950174e-02 2.475247524752475278e-04 2.475247524752475278e-04 7.202970297029703817e-02 2.475247524752475278e-04 5.198019801980198300e-03 2.475247524752475278e-04 2.502475247524752477e-01 2.475247524752475278e-04 2.972772277227722637e-01 2.475247524752475278e-04
8.225255972696242368e-02 3.412969283276449462e-04 3.412969283276449462e-04 7.542662116040953213e-02 3.412969283276449462e-04 3.412969283276449462e-04 1.061433447098975719e-01 3.754266211604094516e-03 3.412969283276449462e-04 1.058020477815699301e-02 1.095563139931740176e-01 1.709897610921501110e-01 3.412969283276449462e-04 3.412969283276449462e-04 1.058020477815699301e-02 1.573378839590443001e-01 3.754266211604094516e-03 3.412969283276449462e-04 7.167235494880543761e-03 1.740614334470988803e-02 7.167235494880543761e-03 3.412969283276449462e-04 2.324232081911261627e-01 3.412969283276449462e-04 3.412969283276449462e-04 3.412969283276449462e-04 3.412969283276449462e-04 3.412969283276449462e-04 3.412969283276449462e-04 3.412969283276449462e-04
1.880448318804482655e-02 6.986301369863011368e-02 4.085927770859276720e-01 1.084682440846824053e-01 1.520547945205479035e-01 1.245330012453299789e-04 1.245330012453299789e-04 1.245330012453299789e-04 1.245330012453299789e-04 1.880448318804482655e-02 1.245330012453299789e-04 1.133250311332502716e-02 4.993773349937732225e-02 1.245330012453299789e-04 1.245330012453299789e-04 7.359900373599001511e-02 3.860523038605229509e-03 1.245330012453299789e-04 1.245330012453299789e-04 4.122042341220422124e-02 3.623910336239102858e-02 3.860523038605229509e-03 1.245330012453299789e-04 1.369863013698629931e-03 1.245330012453299789e-04 1.245330012453299789e-04 1.245330012453299789e-04 1.245330012453299789e-04 1.245330012453299789e-04 1.245330012453299789e-04
1.273885350318471217e-04 6.496815286624202206e-03 3.949044585987260964e-03 3.197452229299362764e-02 2.587261146496814823e-01 1.273885350318471217e-04 1.668789808917197151e-02 1.273885350318471217e-04 1.273885350318471217e-04 1.273885350318471217e-04 1.273885350318471217e-04 1.401273885350318420e-03 6.764331210191082411e-02 3.949044585987260964e-03 1.273885350318471217e-04 7.770700636942673260e-03 1.273885350318471217e-04 2.687898089171974342e-02 1.273885350318471217e-04 8.292993630573246289e-02 1.401273885350318420e-03 1.401273885350318420e-03 7.528662420382165044e-02 1.273885350318471217e-04 4.077707006369426512e-01 1.273885350318471217e-04 1.273885350318471217e-04 3.949044585987260964e-03 1.273885350318471217e-04 1.273885350318471217e-04
3.775510204081632820e-02 3.741496598639456120e-03 3.401360544217687382e-04 1.534013605442176853e-01 3.401360544217687382e-04 3.401360544217687382e-04 3.401360544217687382e-04 3.401360544217687382e-04 3.401360544217687382e-04 3.401360544217687382e-04 3.401360544217687382e-04 3.401360544217687382e-04 3.401360544217687382e-04 3.401360544217687382e-04 3.401360544217687382e-04 4.115646258503401211e-02 3.401360544217687382e-04 1.772108843537414935e-01 4.115646258503401211e-02 1.734693877551020391e-02 3.741496598639456120e-03 3.401360544217687382e-04 3.401360544217687382e-04 3.401360544217687382e-04 3.401360544217687382e-04 3.741496598639456120e-03 3.401360544217687382e-04 5.139455782312924992e-01 3.401360544217687382e-04 3.401360544217687382e-04
6.722560975609753742e-02 1.524390243902438481e-04 1.676829268292682465e-03 6.265243902439023016e-02 4.315548780487803993e-01 1.524390243902438481e-04 1.524390243902438481e-04 1.524390243902438481e-04 1.524390243902438481e-04 1.524390243902438481e-04 4.283536585365852606e-02 6.249999999999996877e-03 6.112804878048778284e-02 1.524390243902438481e-04 1.676829268292682465e-03 1.524390243902438481e-04 7.774390243902435521e-03 1.524390243902438481e-04 1.524390243902438481e-04 1.144817073170731198e-01 4.740853658536584025e-02 4.283536585365852606e-02 5.807926829268290903e-02 1.524390243902438481e-04 4.131097560975608568e-02 1.524390243902438481e-04 1.524390243902438481e-04 1.524390243902438481e-04 1.082317073170731281e-02 1.524390243902438481e-04
2.898550724637680544e-04 2.898550724637680544e-04 2.898550724637680544e-04 1.768115942028984991e-02 7.275362318840578046e-02 2.898550724637680544e-04 8.985507246376808060e-03 2.898550724637680544e-04 2.898550724637680544e-04 2.898550724637680544e-04 3.797101449275361307e-02 2.898550724637680544e-04 1.278260869565217006e-01 2.898550724637680544e-04 2.898550724637680544e-04 2.637681159420288829e-02 2.898550724637680544e-04 3.217391304347824721e-02 2.898550724637680544e-04 2.898550724637680544e-04 2.898550724637680544e-04 6.115942028985505569e-02 2.698550724637679976e-01 2.898550724637680544e-04 3.365217391304346495e-01 2.898550724637680544e-04 2.898550724637680544e-04 2.898550724637680544e-04 3.188405797101448273e-03 2.898550724637680544e-04
2.666226912928759685e-01 1.319261213720316576e-04 1.319261213720316576e-04 1.451187335092348450e-03 1.596306068601583208e-02 1.319261213720316576e-04 1.241424802110817904e-01 1.319261213720316576e-04 6.728232189973613886e-03 1.319261213720316576e-04 3.311345646437995061e-02 5.408970976253297744e-03 5.686015831134565157e-02 1.319261213720316576e-04 1.319261213720316576e-04 5.290237467018470141e-02 1.319261213720316576e-04 1.319261213720316576e-04 1.451187335092348450e-03 1.319261213720316576e-04 1.464379947229551421e-02 5.949868073878628039e-02 2.560686015831134532e-01 1.319261213720316576e-04 1.017150395778364108e-01 1.451187335092348450e-03 1.319261213720316576e-04 1.319261213720316576e-04 1.319261213720316576e-04 1.319261213720316576e-04
3.348115299334810530e-02 2.217294900221728946e-04 2.463414634146340598e-01 4.678492239467848396e-02 6.873614190687360112e-03 2.217294900221728946e-04 2.217294900221728946e-04 2.217294900221728946e-04 4.456762749445675187e-02 3.461197339246118720e-01 2.217294900221728946e-04 2.439024390243902003e-03 6.873614190687360112e-03 2.217294900221728946e-04 2.682926829268291943e-02 9.334811529933478846e-02 9.090909090909086998e-03 6.873614190687360112e-03 4.656319290465630624e-03 9.778270509977825264e-02 2.217294900221728946e-04 2.217294900221728946e-04 2.439024390243902003e-03 4.656319290465630624e-03 2.217294900221728946e-04 2.217294900221728946e-04 2.217294900221728946e-04 2.217294900221728946e-04 1.796008869179600495e-02 2.217294900221728946e-04
3.154574132492112709e-04 3.154574132492112709e-04 3.154574132492112709e-04 9.179810725552046968e-02 1.924290220820188552e-02 3.154574132492112709e-04 3.154574132492112709e-04 3.154574132492112709e-04 3.470031545741323817e-03 3.154574132492112709e-04 2.870662460567822288e-02 3.154574132492112709e-04 1.170347003154573740e-01 3.154574132492112709e-04 3.154574132492112709e-04 1.548895899053627234e-01 5.078864353312301239e-02 3.154574132492112709e-04 3.154574132492112709e-04 9.810725552050469922e-02 3.154574132492112709e-04 3.378548895899052273e-01 3.470031545741323817e-03 3.154574132492112709e-04 3.154574132492112709e-04 3.154574132492112709e-04 3.154574132492112709e-04 3.154574132492112709e-04 3.154574132492112709e-04 8.864353312302836185e-02
5.586206896551725032e-02 6.896551724137932673e-04 7.586206896551725941e-03 7.586206896551725941e-03 6.896551724137932673e-04 6.896551724137932673e-04 6.896551724137932673e-04 6.896551724137932673e-04 3.386206896551725021e-01 6.896551724137932673e-04 3.517241379310345056e-02 5.586206896551725032e-02 6.896551724137932673e-04 6.896551724137932673e-04 2.827586206896551962e-02 6.275862068965518126e-02 6.896551724137932673e-04 4.206896551724138844e-02 6.896551724137932673e-04 6.896551724137932673e-04 6.896551724137932673e-04 6.896551724137932673e-04 2.827586206896551962e-02 6.896551724137932673e-04 6.896551724137932673e-04 6.896551724137932673e-04 6.896551724137932673e-04 3.248275862068966124e-01 6.896551724137932673e-04 6.896551724137932673e-04
2.747252747252746708e-04 2.499999999999999098e-02 2.747252747252746708e-04 5.521978021978020401e-02 6.074175824175822580e-01 2.747252747252746708e-04 2.747252747252746708e-04 2.747252747252746708e-04 2.747252747252746708e-04 3.873626373626372354e-02 2.747252747252746708e-04 2.747252747252746708e-04 1.126373626373625841e-02 2.499999999999999098e-02 2.747252747252746708e-04 2.747252747252746708e-04 3.021978021978021216e-03 2.747252747252746708e-04 2.747252747252746708e-04 2.035714285714284866e-01 5.769230769230767816e-03 1.401098901098900631e-02 5.769230769230767816e-03 2.747252747252746708e-04 2.747252747252746708e-04 2.747252747252746708e-04 2.747252747252746708e-04 2.747252747252746708e-04 2.747252747252746708e-04 2.747252747252746708e-04
