6.988416988416987219e-02 1.969111969111968577e-02 3.861003861003860444e-04 3.861003861003860444e-04 4.247104247104246597e-03 3.861003861003860444e-04 3.861003861003860444e-04 8.918918918918918026e-02 4.637065637065636015e-01 4.247104247104246597e-03 3.861003861003860444e-04 3.861003861003860444e-04 3.861003861003860444e-04 8.108108108108106823e-03 6.602316602316601890e-02 8.108108108108106823e-03 3.861003861003860444e-04 3.861003861003860444e-04 3.861003861003860444e-04 1.969111969111968577e-02 8.146718146718145981e-02 8.918918918918918026e-02 3.861003861003860444e-04 3.861003861003860444e-04 3.861003861003860444e-04 3.861003861003860444e-04 1.196911196911196705e-02 5.057915057915056412e-02 8.108108108108106823e-03 3.861003861003860444e-04
3.649635036496349594e-04 4.018248175182480564e-01 4.416058394160583128e-02 3.649635036496349594e-04 3.649635036496349594e-04 3.649635036496349594e-04 3.649635036496349594e-04 7.335766423357663324e-02 3.649635036496349594e-04 3.649635036496349594e-04 3.649635036496349594e-04 3.649635036496349594e-04 2.591240875912408093e-02 4.014598540145984662e-03 3.649635036496349594e-04 3.649635036496349594e-04 8.795620437956203075e-02 3.649635036496349594e-04 3.649635036496349594e-04 7.664233576642334907e-03 3.649635036496349594e-04 1.390510948905109290e-01 3.649635036496349594e-04 1.131386861313868342e-02 3.649635036496349594e-04 1.791970802919707617e-01 3.649635036496349594e-04 3.649635036496349594e-04 1.496350364963503279e-02 4.014598540145984662e-03
3.448275862068964168e-04 3.448275862068964168e-04 3.448275862068964168e-04 1.072413793103447893e-01 2.103448275862068034e-02 3.448275862068964168e-04 1.968965517241378638e-01 3.448275862068964168e-04 3.448275862068964168e-04 3.448275862068964168e-04 1.758620689655171487e-02 3.448275862068964168e-04 3.448275862068964168e-04 1.758620689655171487e-02 3.448275862068964168e-04 3.448275862068964168e-04 2.624137931034481452e-01 3.448275862068964168e-04 3.793103448275860802e-03 3.793103448275860802e-03 3.448275862068964168e-04 3.448275862068964168e-04 3.793103448275860802e-03 3.589655172413791506e-01 3.448275862068964168e-04 3.448275862068964168e-04 3.448275862068964168e-04 3.448275862068964168e-04 3.448275862068964168e-04 3.448275862068964168e-04
3.076923076923075945e-04 9.538461538461535591e-03 3.415384615384613881e-02 3.076923076923075945e-04 4.926153846153843996e-01 2.492307692307691239e-02 2.372307692307691340e-01 3.076923076923075945e-04 3.076923076923075945e-04 3.076923076923075945e-04 3.384615384615383919e-03 3.076923076923075945e-04 3.384615384615383919e-03 9.538461538461535591e-03 3.076923076923075945e-04 3.384615384615383919e-03 3.076923076923075945e-04 3.076923076923075945e-04 3.076923076923075945e-04 3.076923076923075945e-04 2.492307692307691239e-02 6.461538461538459538e-03 3.076923076923075945e-04 1.261538461538460991e-02 3.076923076923075945e-04 1.326153846153845794e-01 3.076923076923075945e-04 3.076923076923075945e-04 3.076923076923075945e-04 3.076923076923075945e-04
7.575757575757577919e-04 8.409090909090910504e-02 7.575757575757577919e-04 7.575757575757577919e-04 9.924242424242425697e-02 7.575757575757577919e-04 7.575757575757577919e-04 7.575757575757577919e-04 7.575757575757577919e-04 7.575757575757577919e-04 7.575757575757577919e-04 7.575757575757577919e-04 7.575757575757577919e-04 7.575757575757577919e-04 1.590909090909091439e-02 7.575757575757577919e-04 5.007575757575758457e-01 7.575757575757577919e-04 7.575757575757577919e-04 7.651515151515152213e-02 7.575757575757577919e-04 4.621212121212121826e-02 7.575757575757577919e-04 7.575757575757577919e-04 7.575757575757577919e-04 3.106060606060606633e-02 7.575757575757577919e-04 7.575757575757577919e-04 7.575757575757577919e-04 1.295454545454545747e-01
3.484320557491288111e-04 8.397212543554004316e-02 3.484320557491288111e-04 8.048780487804875483e-02 3.484320557491288111e-04 3.484320557491288111e-04 5.958188153310102486e-02 3.484320557491288111e-04 3.484320557491288111e-04 3.484320557491288111e-04 3.484320557491288111e-04 3.519163763066200656e-02 3.484320557491288111e-04 3.484320557491288111e-04 3.484320557491288111e-04 3.484320557491288111e-04 3.484320557491288111e-04 3.832752613240416814e-03 3.484320557491288111e-04 4.216027874564458322e-02 3.484320557491288111e-04 7.003484320557488985e-02 3.484320557491288111e-04 3.484320557491288111e-04 3.484320557491288111e-04 5.891986062717767814e-01 2.822299651567942991e-02 3.484320557491288111e-04 3.484320557491288111e-04 3.484320557491288111e-04
3.831417624521072382e-04 1.954022988505746405e-02 3.831417624521072382e-04 3.831417624521072382e-04 3.831417624521072382e-04 4.214559386973179729e-03 9.233716475095783693e-02 3.831417624521072382e-04 3.831417624521072382e-04 3.103448275862068229e-02 3.831417624521072382e-04 3.831417624521072382e-04 3.831417624521072382e-04 4.636015325670497095e-02 3.831417624521072382e-04 3.831417624521072382e-04 1.996168582375478506e-01 5.785440613026818224e-02 3.831417624521072382e-04 1.191570881226053369e-01 3.831417624521072382e-04 3.831417624521072382e-04 3.831417624521072382e-04 2.034482758620689280e-01 3.831417624521072382e-04 2.149425287356321324e-01 3.831417624521072382e-04 3.831417624521072382e-04 3.831417624521072382e-04 4.214559386973179729e-03
5.494505494505494501e-04 1.489010989010988995e-01 5.494505494505494501e-04 2.587912087912088155e-01 6.043956043956044168e-03 5.494505494505494501e-04 5.549450549450549164e-02 1.049450549450549469e-01 5.494505494505494501e-04 1.153846153846153910e-02 5.494505494505494501e-04 5.494505494505494501e-04 5.494505494505494501e-04 5.494505494505494501e-04 5.494505494505494501e-04 5.494505494505494501e-04 2.532967032967032850e-01 5.494505494505494501e-04 1.153846153846153910e-02 4.450549450549450697e-02 6.043956043956044168e-03 5.494505494505494501e-04 5.494505494505494501e-04 5.494505494505494501e-04 4.999999999999999584e-02 3.901098901098901117e-02 5.494505494505494501e-04 5.494505494505494501e-04 5.494505494505494501e-04 5.494505494505494501e-04
1.602272727272726835e-02 1.249999999999999809e-03 1.249999999999999809e-03 1.136363636363636092e-04 1.136363636363636092e-04 1.194318181818181390e-01 1.136363636363636092e-04 1.136363636363636092e-04 1.261363636363635986e-02 1.034090909090908811e-02 6.931818181818179617e-03 1.136363636363636092e-04 1.136363636363636092e-04 1.136363636363636092e-04 9.204545454545451366e-03 3.637499999999999067e-01 1.136363636363636092e-04 1.249999999999999809e-03 1.136363636363636092e-04 1.637499999999999512e-01 6.488636363636361704e-02 5.693181818181816678e-02 1.136363636363636092e-04 2.965909090909090232e-02 1.602272727272726835e-02 2.386363636363635684e-03 8.874999999999996780e-02 3.420454545454544582e-02 1.136363636363636092e-04 1.136363636363636092e-04
2.604166666666666631e-04 2.528645833333332815e-01 2.864583333333333131e-03 3.151041666666665880e-02 2.604166666666666631e-04 1.328124999999999792e-02 1.434895833333333093e-01 2.604166666666666631e-04 2.604166666666666631e-04 2.604166666666666631e-04 2.604166666666666631e-04 2.604166666666666631e-04 2.604166666666666631e-04 8.072916666666665741e-03 2.604166666666666631e-04 2.604166666666666631e-04 1.669270833333332815e-01 2.604166666666666631e-04 2.604166666666666631e-04 2.604166666666666631e-04 2.604166666666666631e-04 2.604166666666666631e-04 2.604166666666666631e-04 2.604166666666666631e-04 2.604166666666666631e-04 2.763020833333332815e-01 3.411458333333333010e-02 6.536458333333332316e-02 2.604166666666666631e-04 2.604166666666666631e-04
4.081632653061224641e-04 4.081632653061224641e-04 4.081632653061224641e-04 4.081632653061224641e-04 4.081632653061224641e-04 4.122448979591836898e-02 1.265306122448979671e-02 5.755102040816326148e-02 1.881632653061224569e-01 4.081632653061224641e-04 4.081632653061224641e-04 4.081632653061224641e-04 4.081632653061224641e-04 4.081632653061224641e-04 4.081632653061224641e-04 8.612244897959184242e-02 2.371428571428571552e-01 5.346938775510203662e-02 4.081632653061224641e-04 1.473469387755102222e-01 4.938775510204081176e-02 4.081632653061224641e-04 9.836734693877551006e-02 1.673469387755101984e-02 4.489795918367346997e-03 4.081632653061224641e-04 4.081632653061224641e-04 4.081632653061224641e-04 4.081632653061224641e-04 4.081632653061224641e-04
1.795774647887323286e-02 7.077464788732393264e-02 3.873239436619717920e-03 1.091549295774647647e-02 2.151408450704224984e-01 3.521126760563379927e-04 4.964788732394365134e-02 3.521126760563379927e-04 3.521126760563379927e-04 3.521126760563379927e-04 2.499999999999999445e-02 1.091549295774647647e-02 7.394366197183097414e-03 1.795774647887323286e-02 3.521126760563379927e-04 3.521126760563379927e-04 1.728873239436619358e-01 3.521126760563379927e-04 3.521126760563379927e-04 3.521126760563379927e-04 3.521126760563379927e-04 2.045774647887323716e-01 3.521126760563379927e-04 3.204225352112675257e-02 3.521126760563379927e-04 1.095070422535211058e-01 3.521126760563379927e-04 3.521126760563379927e-04 3.873239436619717920e-03 4.260563380281689322e-02
5.154639175257733161e-04 5.154639175257733161e-04 5.154639175257733161e-04 5.154639175257733161e-04 1.036082474226804329e-01 4.175257731958763319e-02 5.154639175257733161e-04 5.670103092783506694e-03 8.298969072164950889e-02 2.376288659793814873e-01 5.154639175257733161e-04 1.082474226804123855e-02 5.154639175257733161e-04 1.597938144329897128e-02 5.154639175257733161e-04 5.154639175257733161e-04 1.860824742268041565e-01 5.670103092783506694e-03 5.721649484536082964e-02 5.154639175257733161e-04 5.670103092783506694e-03 5.154639175257733161e-04 5.154639175257733161e-04 4.175257731958763319e-02 5.154639175257733161e-04 5.154639175257733161e-04 1.757731958762887015e-01 2.113402061855670228e-02 5.154639175257733161e-04 5.154639175257733161e-04
2.724795640326975053e-04 5.722070844686647124e-03 2.724795640326975053e-04 1.855585831062669666e-01 1.038147138964577443e-01 1.092643051771116924e-01 1.662125340599454257e-02 2.724795640326975053e-04 2.724795640326975053e-04 1.389645776566757022e-02 5.204359673024521599e-02 6.839237057220706739e-02 2.724795640326975053e-04 3.297002724795639050e-02 2.724795640326975053e-04 2.724795640326975053e-04 2.724795640326975053e-04 2.046321525885557713e-01 2.997275204359672179e-03 2.724795640326975053e-04 7.111716621253404147e-02 5.722070844686647124e-03 1.119891008174386665e-01 2.724795640326975053e-04 5.722070844686647124e-03 2.724795640326975053e-04 2.724795640326975053e-04 2.724795640326975053e-04 5.722070844686647124e-03 2.724795640326975053e-04
3.846153846153845608e-04 3.734615384615383449e-01 3.846153846153845608e-04 7.730769230769229949e-02 3.846153846153845608e-04 3.846153846153845608e-04 3.846153846153845608e-04 2.346153846153845382e-02 3.846153846153845608e-04 1.576923076923076456e-02 3.846153846153845608e-04 4.230769230769229790e-03 3.846153846153845608e-04 3.846153846153845608e-04 3.846153846153845608e-04 3.846153846153845608e-04 8.076923076923075290e-03 3.846153846153845608e-04 2.346153846153845382e-02 3.499999999999998945e-02 4.230769230769229790e-03 1.234615384615384420e-01 3.846153846153845608e-04 3.846153846153845608e-04 4.230769230769229790e-03 2.965384615384614730e-01 3.846153846153845608e-04 4.230769230769229790e-03 3.846153846153845608e-04 3.846153846153845608e-04
3.546099290780140457e-04 2.698581560283686565e-01 3.546099290780140457e-04 6.773049645390068207e-02 7.127659574468082904e-02 3.546099290780140457e-04 3.546099290780140457e-04 3.546099290780140457e-04 3.546099290780140457e-04 3.546099290780140457e-04 3.546099290780140457e-04 3.546099290780140457e-04 3.546099290780140457e-04 3.226950354609927490e-02 3.546099290780140457e-04 4.290780141843969497e-02 8.900709219858153609e-02 3.546099290780140457e-04 1.670212765957446166e-01 3.546099290780140457e-04 3.546099290780140457e-04 1.847517730496453237e-01 3.546099290780140457e-04 1.808510638297871481e-02 3.546099290780140457e-04 1.808510638297871481e-02 3.546099290780140457e-04 3.226950354609927490e-02 3.546099290780140457e-04 3.546099290780140457e-04
3.058103975535168004e-04 9.204892966360854467e-02 6.422018348623852700e-03 3.058103975535168004e-04 3.458715596330274589e-01 3.058103975535168004e-04 3.058103975535168004e-04 3.058103975535168004e-04 2.171253822629969077e-02 3.058103975535168004e-04 3.058103975535168004e-04 2.477064220183485682e-02 3.058103975535168004e-04 3.058103975535168004e-04 3.058103975535168004e-04 3.363914373088684913e-03 1.195718654434250600e-01 9.480122324159019620e-03 3.058103975535168004e-04 3.058103975535168004e-04 3.058103975535168004e-04 1.012232415902140498e-01 3.058103975535168004e-04 3.058103975535168004e-04 1.253822629969418567e-02 2.418960244648317437e-01 3.363914373088684913e-03 3.058103975535168004e-04 3.058103975535168004e-04 1.253822629969418567e-02
4.310344827586207921e-04 9.051724137931036959e-03 4.741379310344829255e-03 9.094827586206899461e-02 1.599137931034483318e-01 3.922413793103449176e-02 4.310344827586207921e-04 6.077586206896552767e-02 4.310344827586207921e-04 4.310344827586207921e-04 4.310344827586207921e-04 4.310344827586207921e-04 9.094827586206899461e-02 4.310344827586207921e-04 4.310344827586207921e-04 4.310344827586207921e-04 2.159482758620690224e-01 4.310344827586207921e-04 4.310344827586207921e-04 3.491379310344828318e-02 4.310344827586207921e-04 2.202586206896552379e-01 4.310344827586207921e-04 4.310344827586207921e-04 4.310344827586207921e-04 6.508620689655174318e-02 4.310344827586207921e-04 4.310344827586207921e-04 4.310344827586207921e-04 4.310344827586207921e-04
4.830917874396136228e-04 1.497584541062802095e-02 4.830917874396136228e-04 7.294685990338165005e-02 2.178743961352657410e-01 4.830917874396136228e-04 5.314009661835750013e-03 4.830917874396136228e-04 3.429951690821256283e-02 4.830917874396136228e-04 4.830917874396136228e-04 4.830917874396136228e-04 1.014492753623188505e-02 4.830917874396136228e-04 5.314009661835750013e-03 2.946859903381642692e-02 4.830917874396136228e-04 1.743961352657005248e-01 4.830917874396136228e-04 2.946859903381642692e-02 4.830917874396136228e-04 1.937198067632850684e-01 4.830917874396136228e-04 4.830917874396136228e-04 4.830917874396136228e-04 1.309178743961352809e-01 7.294685990338165005e-02 4.830917874396136228e-04 4.830917874396136228e-04 4.830917874396136228e-04
2.762430939226519547e-04 2.762430939226519547e-04 2.762430939226519547e-04 2.762430939226519547e-04 2.762430939226519547e-04 2.762430939226519547e-04 2.762430939226519547e-04 1.660220994475138101e-01 1.408839779005524769e-02 2.762430939226519547e-04 2.762430939226519547e-04 3.038674033149171665e-03 2.762430939226519547e-04 2.762430939226519547e-04 2.762430939226519547e-04 1.961325966850828786e-02 7.762430939226519500e-02 1.687845303867403224e-01 2.762430939226519547e-04 2.102209944751381177e-01 2.762430939226519547e-04 2.762430939226519547e-04 2.762430939226519547e-04 2.762430939226519547e-04 2.762430939226519547e-04 2.762430939226519547e-04 3.290055248618784511e-01 2.762430939226519547e-04 2.762430939226519547e-04 5.801104972375690887e-03
4.587155963302753632e-04 4.587155963302753632e-04 1.422018348623853637e-02 4.587155963302753632e-04 3.077981651376147099e-01 4.587155963302753632e-04 4.587155963302753632e-04 4.587155963302753632e-04 6.926605504587157736e-02 4.587155963302753632e-04 4.587155963302753632e-04 4.587155963302753632e-04 5.091743119266056022e-02 4.587155963302753632e-04 5.045871559633029538e-03 4.587155963302753632e-04 4.587155963302753632e-04 5.091743119266056022e-02 6.009174311926607226e-02 4.587155963302753632e-04 4.587155963302753632e-04 1.839449541284404188e-01 4.587155963302753632e-04 4.587155963302753632e-04 5.045871559633029538e-03 1.885321100917431714e-01 4.587155963302753632e-04 4.587155963302753632e-04 4.587155963302753632e-04 5.550458715596331277e-02
1.506080449017773749e-02 9.354536950420955092e-05 9.354536950420955092e-05 3.844714686623012384e-02 9.354536950420955092e-05 7.586529466791393228e-02 9.354536950420955092e-05 6.698783910196445257e-01 8.512628624883068415e-03 1.028999064546304992e-03 3.835360149672591059e-03 9.354536950420955092e-05 9.354536950420955092e-05 9.354536950420955092e-05 2.628624883068288176e-02 9.354536950420955092e-05 9.354536950420955092e-05 2.254443405051450092e-02 4.770813844714686704e-03 1.964452759588400637e-03 2.909260991580917000e-02 9.354536950420955092e-05 9.354536950420955092e-05 1.964452759588400637e-03 8.512628624883068415e-03 9.354536950420955092e-05 4.593077642656688553e-02 1.786716557530402399e-02 9.354536950420955092e-05 2.722170252572497784e-02
3.659090909090909755e-02 2.272727272727272725e-04 2.295454545454545317e-02 2.272727272727272725e-04 2.272727272727272725e-04 2.272727272727272725e-04 1.161363636363636348e-01 2.272727272727272725e-04 2.272727272727272725e-04 2.272727272727272725e-04 2.272727272727272725e-04 9.568181818181818732e-02 2.500000000000000052e-03 2.272727272727272725e-04 2.272727272727272725e-04 2.272727272727272725e-04 2.272727272727272725e-04 2.272727272727272725e-04 2.272727272727272725e-04 2.272727272727272725e-04 5.022727272727273151e-02 2.272727272727272725e-04 2.272727272727272725e-04 2.434090909090909083e-01 2.272727272727272725e-04 2.272727272727272725e-04 2.272727272727272725e-04 3.388636363636363669e-01 2.272727272727272725e-04 8.886363636363636687e-02
1.809078771695594653e-02 6.675567423230977426e-05 6.675567423230977426e-05 2.276368491321763277e-02 6.675567423230977426e-05 6.281708945260348897e-02 2.736982643524700325e-03 6.382510013351136990e-01 1.341789052069426377e-02 1.875834445927904506e-02 6.675567423230977426e-05 6.675567423230977426e-05 6.548731642189588309e-02 6.675567423230977426e-05 6.675567423230977426e-05 6.675567423230977426e-05 6.675567423230977426e-05 9.412550066755676070e-03 6.675567423230977426e-05 2.276368491321763277e-02 1.401869158878505219e-03 9.218958611481978260e-02 9.412550066755676070e-03 6.675567423230977426e-05 6.675567423230977426e-05 7.343124165554074491e-04 6.675567423230977426e-05 7.343124165554074491e-04 1.475300400534045910e-02 5.407209612817090970e-03
3.636363636363637228e-04 3.636363636363637228e-04 5.127272727272728231e-02 7.636363636363638178e-03 3.636363636363637228e-04 3.636363636363637228e-04 3.636363636363637228e-04 4.400000000000000439e-02 3.672727272727273340e-02 4.000000000000000951e-03 1.490909090909091003e-02 3.636363636363637228e-04 2.803636363636364259e-01 3.636363636363637228e-04 7.636363636363638178e-03 2.945454545454545894e-02 3.636363636363637228e-04 3.636363636363637228e-04 3.636363636363637228e-04 3.636363636363637228e-04 3.636363636363637228e-04 2.476363636363636545e-01 7.636363636363638178e-03 3.636363636363637228e-04 3.636363636363637228e-04 3.636363636363637228e-04 1.854545454545454899e-02 3.636363636363637228e-04 1.676363636363636667e-01 7.672727272727275505e-02
5.076142131979696770e-04 9.695431472081221524e-02 5.076142131979696770e-04 5.076142131979696770e-04 5.076142131979696770e-04 5.076142131979696770e-04 3.096446700507615030e-02 5.076142131979696770e-04 3.604060913705584707e-02 5.076142131979696770e-04 5.076142131979696770e-04 5.076142131979696770e-04 4.269035532994924775e-01 5.076142131979696770e-04 5.076142131979696770e-04 5.076142131979696770e-04 5.076142131979696770e-04 5.076142131979696770e-04 1.573604060913705999e-02 1.065989847715736322e-02 5.076142131979696770e-04 2.492385786802031322e-01 5.076142131979696770e-04 1.065989847715736322e-02 5.076142131979696770e-04 5.076142131979696770e-04 5.076142131979696770e-04 1.573604060913705999e-02 5.076142131979696770e-04 9.695431472081221524e-02
2.427184466019416832e-04 9.951456310679607925e-03 2.427184466019416832e-04 2.427184466019416832e-04 2.427184466019416832e-04 2.427184466019416832e-04 2.427184466019416832e-04 1.216019417475727865e-01 2.427184466019416832e-04 2.427184466019416832e-04 2.427184466019416832e-04 2.427184466019416832e-04 6.820388349514561188e-02 2.427184466019416832e-04 2.451456310679610978e-02 5.097087378640775129e-03 1.237864077669902432e-02 2.427184466019416832e-04 2.427184466019416832e-04 2.405339805825242039e-01 1.480582524271844246e-02 3.012135922330095861e-01 2.427184466019416832e-04 3.907766990291261511e-02 2.427184466019416832e-04 2.427184466019416832e-04 1.264563106796116054e-01 2.427184466019416832e-04 3.179611650485435898e-02 2.427184466019416832e-04
2.178571428571428326e-02 3.571428571428571425e-04 7.500000000000000590e-03 3.571428571428571425e-04 3.571428571428571425e-04 3.571428571428571425e-04 3.571428571428571425e-04 1.467857142857142971e-01 1.717857142857142916e-01 3.571428571428571425e-04 3.571428571428571425e-04 7.500000000000000590e-03 1.289285714285714202e-01 3.571428571428571425e-04 3.571428571428571425e-04 3.571428571428571425e-04 3.571428571428571425e-04 3.571428571428571425e-04 3.571428571428571425e-04 7.535714285714285865e-02 3.571428571428571425e-04 2.039285714285714313e-01 3.571428571428571425e-04 1.107142857142857234e-02 3.571428571428571425e-04 7.500000000000000590e-03 9.678571428571429436e-02 7.500000000000000590e-03 3.571428571428571425e-04 1.074999999999999983e-01
3.759398496240600645e-04 3.759398496240600645e-04 1.169172932330826836e-01 3.759398496240600645e-04 4.135338345864661251e-03 3.759398496240600645e-04 7.894736842105261679e-03 1.244360902255638862e-01 3.796992481203006337e-02 3.759398496240600645e-04 3.759398496240600645e-04 3.759398496240600645e-04 8.308270676691728585e-02 3.759398496240600645e-04 3.759398496240600645e-04 7.894736842105261679e-03 3.759398496240600645e-04 3.759398496240600645e-04 3.759398496240600645e-04 2.597744360902254912e-01 3.759398496240600645e-04 2.823308270676690990e-01 3.759398496240600645e-04 7.894736842105261679e-03 3.759398496240600645e-04 5.676691729323306984e-02 3.759398496240600645e-04 3.759398496240600645e-04 4.135338345864661251e-03 3.759398496240600645e-04
3.174603174603174600e-04 2.888888888888888756e-02 3.174603174603174600e-04 3.174603174603174600e-04 3.174603174603174600e-04 3.174603174603174600e-04 3.526984126984126777e-01 3.174603174603174600e-04 3.174603174603174600e-04 3.174603174603174600e-04 3.174603174603174600e-04 2.253968253968254010e-02 3.492063492063492494e-03 3.174603174603174600e-04 3.174603174603174600e-04 3.174603174603174600e-04 3.174603174603174600e-04 3.174603174603174600e-04 1.936507936507936289e-02 3.174603174603174600e-04 1.939682539682539841e-01 8.603174603174604251e-02 3.174603174603174600e-04 3.174603174603174600e-04 3.174603174603174600e-04 3.174603174603174600e-04 3.174603174603174600e-04 9.555555555555556024e-02 6.666666666666667095e-03 1.844444444444444386e-01
3.012048192771084060e-04 3.012048192771084060e-04 3.012048192771084060e-04 3.012048192771084060e-04 1.087349397590361283e-01 3.012048192771084060e-04 3.313253012048192683e-03 3.012048192771084060e-04 3.012048192771084060e-04 3.012048192771084060e-04 3.012048192771084060e-04 3.012048192771084060e-04 3.012048192771084060e-04 6.325301204819276310e-03 3.012048192771084060e-04 3.012048192771084060e-04 3.012048192771084060e-04 2.439759036144577634e-02 2.924698795180722399e-01 6.957831325301204461e-02 3.012048192771084060e-04 3.012048192771084060e-04 3.012048192771084060e-04 2.138554216867469271e-02 3.012048192771084060e-04 3.828313253012047279e-01 3.343373493975902722e-02 3.012048192771084060e-04 3.012048192771084060e-04 5.150602409638553592e-02
4.065040650406505146e-04 5.731707317073171659e-02 4.471544715447155552e-03 4.065040650406505146e-04 4.065040650406505146e-04 4.065040650406505146e-04 3.215447154471545166e-01 4.065040650406505146e-04 4.065040650406505146e-04 4.065040650406505146e-04 4.065040650406505146e-04 4.065040650406505146e-04 1.260162601626016628e-02 4.065040650406505146e-04 4.065040650406505146e-04 4.065040650406505146e-04 2.117886178861789204e-01 1.260162601626016628e-02 1.670731707317073544e-01 4.065040650406505146e-04 4.065040650406505146e-04 4.471544715447155552e-03 4.471544715447155552e-03 4.065040650406505146e-04 4.065040650406505146e-04 1.955284552845528989e-01 4.065040650406505146e-04 4.065040650406505146e-04 4.065040650406505146e-04 4.065040650406505146e-04
4.055045871559632281e-02 1.834862385321100640e-04 1.834862385321100640e-04 1.744954128440366625e-01 1.834862385321100640e-04 1.834862385321100640e-04 3.137614678899082465e-02 8.458715596330274034e-02 1.834862385321100640e-04 1.834862385321100640e-04 1.834862385321100640e-04 1.853211009174311405e-02 1.047706422018348377e-01 1.834862385321100640e-04 2.018348623853210948e-03 5.688073394495412119e-03 1.834862385321100640e-04 2.587155963302751813e-02 2.220183486238531609e-02 1.396330275229357432e-01 1.834862385321100640e-04 2.038532110091742511e-01 1.834862385321100640e-04 1.119266055045871344e-02 1.834862385321100640e-04 1.834862385321100640e-04 5.889908256880733300e-02 1.834862385321100640e-04 7.357798165137613422e-02 1.834862385321100640e-04
5.370919881305636495e-02 2.967359050445103207e-04 2.967359050445103207e-04 2.106824925816023000e-02 2.967359050445103207e-04 2.967359050445103207e-04 2.967359050445103207e-04 1.041543026706231168e-01 2.347181008902076149e-01 2.700296735905043446e-02 2.967359050445103207e-04 2.967359050445103207e-04 1.189910979228486348e-01 2.967359050445103207e-04 7.151335311572698528e-02 2.967359050445103207e-04 2.967359050445103207e-04 9.198813056379819345e-03 2.967359050445103207e-04 1.278931750741839346e-01 2.967359050445103207e-04 1.961424332344212929e-01 2.967359050445103207e-04 2.967359050445103207e-04 2.967359050445103207e-04 3.264094955489613582e-03 2.967359050445103207e-04 2.967359050445103207e-04 2.700296735905043446e-02 2.967359050445103207e-04
1.389830508474575350e-02 1.766101694915253317e-01 3.389830508474574330e-04 3.389830508474574330e-04 7.152542372881352806e-02 3.389830508474574330e-04 1.088135593220338343e-01 1.050847457627118037e-02 3.389830508474574330e-04 3.389830508474574330e-04 3.389830508474574330e-04 3.389830508474574330e-04 5.118644067796607189e-02 2.071186440677965090e-01 3.389830508474574330e-04 3.389830508474574330e-04 5.796610169491522857e-02 3.389830508474574330e-04 3.728813559322031925e-03 3.389830508474574330e-04 3.389830508474574330e-04 1.698305084745761750e-01 3.389830508474574330e-04 3.389830508474574330e-04 3.389830508474574330e-04 3.762711864406777240e-02 3.389830508474574330e-04 3.423728813559320100e-02 3.389830508474574330e-04 5.118644067796607189e-02
2.610966057441252647e-04 2.610966057441252647e-04 2.610966057441252647e-04 5.509138381201043183e-02 2.610966057441252647e-04 2.610966057441252647e-04 2.796344647519581339e-01 2.610966057441252647e-04 2.610966057441252647e-04 2.610966057441252647e-04 2.610966057441252647e-04 5.248041775456917940e-02 2.872062663185378020e-03 2.610966057441252647e-04 2.610966057441252647e-04 1.070496083550913358e-02 2.248041775456918190e-01 2.610966057441252647e-04 2.610966057441252647e-04 3.681462140992165788e-02 2.872062663185378020e-03 7.336814621409919190e-02 3.159268929503915302e-02 1.386422976501305027e-01 2.610966057441252647e-04 8.381201044386421550e-02 2.610966057441252647e-04 2.872062663185378020e-03 2.610966057441252647e-04 2.610966057441252647e-04
7.407407407407410021e-05 1.555555555555556118e-03 7.407407407407410021e-05 2.489629629629630525e-01 7.266666666666668495e-02 1.192592592592593183e-02 1.119259259259259565e-01 1.562962962962963567e-02 7.407407407407410021e-05 7.407407407407410021e-05 7.407407407407410021e-05 9.933333333333335680e-02 1.637037037037037540e-02 1.859259259259260152e-02 7.407407407407410021e-05 7.407407407407410021e-05 5.933333333333334902e-02 7.407407407407410021e-05 3.037037037037037743e-03 2.748148148148149214e-02 9.703703703703707439e-03 1.008148148148148432e-01 2.748148148148149214e-02 7.407407407407410021e-05 4.518518518518519801e-03 1.482222222222222552e-01 5.259259259259260397e-03 3.037037037037037743e-03 1.340740740740741302e-02 7.407407407407410021e-05
4.219409282700422020e-04 2.535864978902953593e-01 4.641350210970464872e-03 4.219409282700422020e-04 2.995780590717299352e-02 1.059071729957805907e-01 3.417721518987341944e-02 4.219409282700422020e-04 4.219409282700422020e-04 4.219409282700422020e-04 4.219409282700422020e-04 1.308016877637130891e-02 4.219409282700422020e-04 2.995780590717299352e-02 4.219409282700422020e-04 4.219409282700422020e-04 2.282700421940928315e-01 4.219409282700422020e-04 4.219409282700422020e-04 1.308016877637130891e-02 4.219409282700422020e-04 4.641350210970464872e-03 4.641350210970464872e-03 4.219409282700422020e-04 4.219409282700422020e-04 4.219409282700422020e-04 4.219409282700422020e-04 2.704641350210970074e-01 4.219409282700422020e-04 4.219409282700422020e-04
2.666666666666666252e-04 2.666666666666666252e-04 2.666666666666666252e-04 1.359999999999999577e-02 8.266666666666665220e-03 2.666666666666666252e-04 3.226666666666665878e-02 6.426666666666665251e-02 2.666666666666666252e-04 2.666666666666666252e-04 2.666666666666666252e-04 2.666666666666666252e-04 3.602666666666665685e-01 2.666666666666666252e-04 2.666666666666666252e-04 2.666666666666666252e-04 2.666666666666666252e-04 2.933333333333332498e-03 2.933333333333332498e-03 3.226666666666665878e-02 2.666666666666666252e-04 2.669333333333332448e-01 2.666666666666666252e-04 2.666666666666666252e-04 2.666666666666666252e-04 1.093333333333332963e-02 2.666666666666666252e-04 2.666666666666666252e-04 4.026666666666665201e-02 1.602666666666666129e-01
5.000000000000001188e-04 5.000000000000001188e-04 5.000000000000001188e-04 1.550000000000000509e-02 3.050000000000000627e-02 5.000000000000001188e-04 1.550000000000000509e-02 5.000000000000001188e-04 3.050000000000000627e-02 5.000000000000001188e-04 5.000000000000001188e-04 5.000000000000001188e-04 4.855000000000000981e-01 5.000000000000001188e-04 5.000000000000001188e-04 5.000000000000001188e-04 5.000000000000001188e-04 5.000000000000001188e-04 5.000000000000001188e-04 5.000000000000001188e-04 5.000000000000001188e-04 2.855000000000000870e-01 5.000000000000001188e-04 5.000000000000001188e-04 5.000000000000001188e-04 5.000000000000001188e-04 5.000000000000001188e-04 5.000000000000001188e-04 5.000000000000001188e-04 1.255000000000000560e-01
5.325203252032521123e-02 2.073170731707317180e-02 4.065040650406504604e-04 4.065040650406504604e-04 4.065040650406504604e-04 9.390243902439025792e-02 8.536585365853659180e-03 4.065040650406504604e-04 1.260162601626016454e-02 4.065040650406504604e-04 4.471544715447155552e-03 4.065040650406504604e-04 1.182926829268292901e-01 4.471544715447155552e-03 4.065040650406504604e-04 6.138211382113821502e-02 2.479674796747967716e-02 4.065040650406504604e-04 8.536585365853659180e-03 4.065040650406504604e-04 4.471544715447155552e-03 2.565040650406504308e-01 4.065040650406504604e-04 4.065040650406504604e-04 4.065040650406504604e-04 5.325203252032521123e-02 5.325203252032521123e-02 4.065040650406504604e-04 4.065040650406504604e-04 2.158536585365853910e-01
5.772811918063314694e-03 3.910614525139665017e-03 1.862197392923650111e-04 1.862197392923650111e-04 6.536312849162011218e-02 1.862197392923650111e-04 1.342644320297951555e-01 2.048417132216014905e-03 1.862197392923650111e-04 1.862197392923650111e-04 2.048417132216014905e-03 2.048417132216014905e-03 3.428305400372439471e-01 1.862197392923650111e-04 1.862197392923650111e-04 7.635009310986964372e-03 1.862197392923650111e-04 1.862197392923650111e-04 2.048417132216014905e-03 1.862197392923650111e-04 3.910614525139665017e-03 2.459962756052141430e-01 1.862197392923650111e-04 1.862197392923650111e-04 1.862197392923650111e-04 2.625698324022346375e-02 1.322160148975791427e-02 1.862197392923650111e-04 1.862197392923650111e-04 1.398510242085660993e-01
4.253246753246751888e-02 3.246753246753245666e-04 3.571428571428570450e-03 3.246753246753245666e-04 3.279220779220778231e-02 3.246753246753245666e-04 1.980519480519479791e-02 7.824675324675321730e-02 3.246753246753245666e-04 3.246753246753245666e-04 3.246753246753245666e-04 3.246753246753245666e-04 3.120129870129868532e-01 3.246753246753245666e-04 1.006493506493506135e-02 3.246753246753245666e-04 3.246753246753245666e-04 3.246753246753245666e-04 3.246753246753245666e-04 1.980519480519479791e-02 3.246753246753245666e-04 4.094155844155842328e-01 2.305194805194804228e-02 1.331168831168830571e-02 3.246753246753245666e-04 3.246753246753245666e-04 3.246753246753245666e-04 3.246753246753245666e-04 2.954545454545453448e-02 3.246753246753245666e-04
3.355704697986578084e-04 3.691275167785235730e-03 3.355704697986578084e-04 3.355704697986578084e-04 5.738255033557048551e-02 3.355704697986578084e-04 1.781879194630872909e-01 3.355704697986578084e-04 3.355704697986578084e-04 3.355704697986578084e-04 3.355704697986578084e-04 1.110738255033557331e-01 3.355704697986578084e-04 2.382550335570469968e-02 1.040268456375839125e-02 3.355704697986578084e-04 2.453020134228188209e-01 7.046979865771813706e-03 3.355704697986578084e-04 4.395973154362416840e-02 3.355704697986578084e-04 1.546979865771812290e-01 7.046979865771813706e-03 3.355704697986578084e-04 3.355704697986578084e-04 3.355704697986578084e-04 3.355704697986578084e-04 3.355704697986578084e-04 3.355704697986578084e-04 1.513422818791946567e-01
3.571428571428572510e-04 2.892857142857143196e-02 3.928571428571429706e-03 3.571428571428572510e-04 7.500000000000001457e-03 3.571428571428572510e-04 2.892857142857143196e-02 7.178571428571429991e-02 3.571428571428572510e-04 3.571428571428572510e-04 3.571428571428572510e-04 3.571428571428572510e-04 2.360714285714285987e-01 3.571428571428572510e-04 3.571428571428572510e-04 3.571428571428572510e-04 3.571428571428572510e-04 3.571428571428572510e-04 3.571428571428572510e-04 1.464285714285714496e-02 3.571428571428572510e-04 3.253571428571429003e-01 5.035714285714286420e-02 3.571428571428572510e-04 3.571428571428572510e-04 3.571428571428572510e-04 3.571428571428572510e-04 3.571428571428572510e-04 3.571428571428572510e-04 2.253571428571428947e-01
3.984063745019921009e-04 3.625498007968127462e-02 3.984063745019921009e-04 3.984063745019921009e-04 1.996015936254980361e-01 3.984063745019921009e-04 3.984063745019921009e-04 3.984063745019921009e-04 3.984063745019921009e-04 3.984063745019921009e-04 3.984063745019921009e-04 3.984063745019921009e-04 4.382470119521913489e-03 3.984063745019921009e-04 3.984063745019921009e-04 3.984063745019921009e-04 5.219123505976096256e-02 3.984063745019921009e-04 1.557768924302788960e-01 3.984063745019921009e-04 4.382470119521913489e-03 3.984063745019921009e-04 1.079681274900398530e-01 2.828685258964143759e-02 3.984063745019921009e-04 3.868525896414342635e-01 3.984063745019921009e-04 3.984063745019921009e-04 3.984063745019921009e-04 1.633466135458167337e-02
5.926412614980288568e-02 3.298291721419185224e-02 8.015768725361364228e-03 1.314060446780551824e-04 1.314060446780551824e-04 9.329829172141916593e-03 1.590013140604467495e-02 1.314060446780551824e-04 6.846254927726674877e-02 4.349540078843626423e-02 1.314060446780551824e-04 1.314060446780551824e-04 3.429697766097240114e-02 1.314060446780551824e-04 5.387647831800261231e-03 1.314060446780551824e-04 1.327201051248357196e-02 3.561103810775295003e-02 3.561103810775295003e-02 1.775295663600525153e-01 3.429697766097240114e-02 1.314060446780551824e-04 1.314060446780551824e-04 1.314060446780551824e-04 1.314060446780551824e-04 1.314060446780551824e-04 3.955321944809461060e-02 3.404730617608409671e-01 1.721419185282522732e-02 2.772667542706964278e-02
4.078947368421054209e-02 1.315789473684211147e-03 1.315789473684211147e-03 1.315789473684211147e-03 1.315789473684211147e-03 1.315789473684211147e-03 1.315789473684211147e-03 1.315789473684211147e-03 1.315789473684211147e-03 2.513157894736843256e-01 1.197368421052631970e-01 1.315789473684211147e-03 1.315789473684211147e-03 1.315789473684211147e-03 1.460526315789474061e-01 1.315789473684211147e-03 1.315789473684211147e-03 1.315789473684211147e-03 2.763157894736843409e-02 6.710526315789475116e-02 2.513157894736843256e-01 1.315789473684211147e-03 1.315789473684211147e-03 5.394736842105264663e-02 1.447368421052632262e-02 1.315789473684211147e-03 1.315789473684211147e-03 1.315789473684211147e-03 1.315789473684211147e-03 1.315789473684211147e-03
3.194888178913738645e-04 3.194888178913738645e-04 3.194888178913738645e-04 3.194888178913738645e-04 3.194888178913738645e-04 4.824281150159745457e-02 3.546325878594249609e-02 1.309904153354632741e-02 3.194888178913738645e-04 3.194888178913738645e-04 3.514376996805112889e-03 2.268370607028754454e-02 3.485623003194888714e-01 3.194888178913738645e-04 3.194888178913738645e-04 3.194888178913738645e-04 5.782747603833867517e-02 3.194888178913738645e-04 3.514376996805112889e-03 1.629392971246006530e-02 3.194888178913738645e-04 2.015974440894569009e-01 3.194888178913738645e-04 3.194888178913738645e-04 9.904153354632589529e-03 3.194888178913738645e-04 3.194888178913738645e-04 3.194888178913738645e-04 3.194888178913738645e-04 2.335463258785942797e-01
3.649635036496349594e-04 6.605839416058392755e-02 3.649635036496349594e-04 4.014598540145984662e-03 3.649635036496349594e-04 3.649635036496349594e-04 8.795620437956203075e-02 7.664233576642334907e-03 3.649635036496349594e-04 3.649635036496349594e-04 3.649635036496349594e-04 3.649635036496349594e-04 2.956204379562043030e-02 1.861313868613138217e-02 3.649635036496349594e-04 3.649635036496349594e-04 8.795620437956203075e-02 3.649635036496349594e-04 4.014598540145984662e-03 3.649635036496349594e-04 3.649635036496349594e-04 3.649635036496349594e-04 3.649635036496349594e-04 5.259124087591239283e-01 4.051094890510947844e-02 3.649635036496349594e-04 1.496350364963503279e-02 1.062043795620437742e-01 3.649635036496349594e-04 3.649635036496349594e-04
2.525252525252524708e-04 2.525252525252524708e-04 1.792929292929292331e-02 1.540404040404039915e-02 1.012626262626262347e-01 5.303030303030301616e-03 1.896464646464645909e-01 1.340909090909090662e-01 2.777777777777777016e-03 1.287878787878787498e-02 2.525252525252524708e-04 2.525252525252524708e-04 2.297979797979797165e-02 2.525252525252524708e-04 2.525252525252524708e-04 2.777777777777777016e-03 2.525252525252524708e-04 2.525252525252524708e-04 3.560606060606059248e-02 2.045454545454544748e-02 2.525252525252524708e-04 2.525252525252524708e-04 2.073232323232322427e-01 2.525252525252524708e-04 2.525252525252524708e-04 1.265151515151514694e-01 9.116161616161613801e-02 2.525252525252524708e-04 1.035353535353534908e-02 2.525252525252524708e-04
4.166666666666668018e-04 4.166666666666668018e-04 1.045833333333333615e-01 4.583333333333335091e-03 5.629166666666667318e-01 6.291666666666667629e-02 4.166666666666668018e-04 4.166666666666668018e-04 1.708333333333333579e-02 4.166666666666668018e-04 4.166666666666668018e-04 4.166666666666668018e-04 4.583333333333335091e-03 8.791666666666669849e-02 4.166666666666668018e-04 4.166666666666668018e-04 3.375000000000000916e-02 4.583333333333335091e-03 4.583333333333335091e-03 4.166666666666668018e-04 1.291666666666667004e-02 5.875000000000001055e-02 2.958333333333333995e-02 4.166666666666668018e-04 4.166666666666668018e-04 4.583333333333335091e-03 4.166666666666668018e-04 4.166666666666668018e-04 4.166666666666668018e-04 4.166666666666668018e-04
2.583979328165373918e-04 1.576227390180878069e-02 1.059431524547803198e-02 2.583979328165373918e-04 1.036175710594314930e-01 2.583979328165373918e-04 3.542635658914727315e-01 9.069767441860462909e-02 2.583979328165373918e-04 2.583979328165373918e-04 2.583979328165373918e-04 2.583979328165373918e-04 1.317829457364340547e-02 7.002583979328164121e-02 2.842377260981911527e-03 2.583979328165373918e-04 1.062015503875968769e-01 2.583979328165373918e-04 2.583979328165373918e-04 4.160206718346252247e-02 2.351421188630490114e-02 1.834625322997415417e-02 2.583979328165373918e-04 2.583979328165373918e-04 2.583979328165373918e-04 9.328165374676999910e-02 2.583979328165373918e-04 2.583979328165373918e-04 2.583979328165373918e-04 5.193798449612401641e-02
