5.190217391304346312e-02 3.236413043478259532e-01 2.717391304347825578e-04 2.717391304347825578e-04 4.051630434782607093e-01 2.717391304347825578e-04 2.717391304347825578e-04 5.706521739130433063e-03 2.717391304347825578e-04 1.385869565217390763e-02 2.717391304347825578e-04 2.717391304347825578e-04 4.103260869565215907e-02 2.717391304347825578e-04 2.717391304347825578e-04 2.717391304347825578e-04 2.717391304347825578e-04 2.717391304347825578e-04 2.717391304347825578e-04 1.929347826086955792e-02 5.706521739130433063e-03 2.717391304347825578e-04 1.657608695652173364e-02 8.423913043478259075e-03 2.989130434782607919e-03 1.008152173913043209e-01 2.717391304347825578e-04 2.717391304347825578e-04 2.717391304347825578e-04 2.717391304347825578e-04
2.224938875305622690e-02 1.420537897310513165e-01 2.444987775061123925e-04 4.669926650366747201e-02 1.151589242053789458e-01 2.444987775061123925e-04 2.689486552567236805e-03 1.102689486552567016e-01 5.134474327628361055e-03 2.444987775061123925e-04 7.579462102689484872e-03 2.444987775061123925e-04 2.444987775061123925e-04 9.315403422982883319e-02 2.444987775061123925e-04 3.523227383863079543e-01 2.444987775061123925e-04 2.444987775061123925e-04 1.980440097799510482e-02 2.444987775061123925e-04 2.444987775061123925e-04 2.444987775061123925e-04 7.579462102689484872e-03 2.444987775061123925e-04 2.444987775061123925e-04 2.444987775061123925e-04 2.444987775061123925e-04 2.444987775061123925e-04 7.579462102689484872e-03 6.381418092909534046e-02
8.066860465116280909e-03 8.146802325581398163e-02 5.886627906976745622e-03 3.640988372093024311e-02 2.704215116279070630e-01 1.083575581395349180e-01 7.267441860465118889e-05 2.768895348837210196e-02 9.018895348837212278e-02 5.385174418604652541e-02 7.267441860465118889e-05 1.751453488372093845e-02 2.550872093023256668e-02 2.332848837209303139e-02 1.606104651162791261e-02 7.267441860465118889e-05 2.114825581395349610e-02 1.969476744186047373e-02 8.292151162790699359e-02 7.267441860465118889e-05 7.267441860465118889e-05 7.267441860465118889e-05 7.267441860465118889e-05 7.994186046511631049e-04 7.267441860465118889e-05 3.059593023255815017e-02 1.751453488372093845e-02 5.094476744186048067e-02 7.267441860465118889e-05 1.097383720930232912e-02
2.525252525252525250e-04 2.525252525252525250e-04 3.308080808080807178e-02 2.525252525252525250e-04 2.525252525252525250e-04 2.525252525252525250e-04 2.525252525252525250e-04 2.525252525252525250e-04 2.777777777777777450e-03 2.856060606060605300e-01 2.525252525252525250e-04 2.881313131313130715e-01 2.525252525252525250e-04 2.525252525252525250e-04 2.297979797979797512e-02 2.525252525252525250e-04 2.525252525252525250e-04 2.525252525252525250e-04 7.348484848484847232e-02 2.525252525252525250e-04 2.525252525252525250e-04 2.525252525252525250e-04 1.189393939393939281e-01 1.035353535353535082e-02 1.290404040404040387e-01 2.525252525252525250e-04 3.055555555555555108e-02 2.525252525252525250e-04 2.525252525252525250e-04 2.525252525252525250e-04
6.485355648535563733e-03 2.092050209205020524e-04 2.930962343096233380e-01 2.092050209205020524e-04 2.322175732217572619e-02 2.092050209205020524e-04 2.073221757322175063e-01 4.393305439330543426e-03 7.343096234309622050e-02 1.801255230125522466e-01 2.092050209205020524e-04 5.041841004184099279e-02 2.092050209205020524e-04 2.092050209205020524e-04 6.715481171548115524e-02 1.066945606694560261e-02 2.092050209205020524e-04 2.092050209205020524e-04 4.832635983263597335e-02 2.092050209205020524e-04 6.485355648535563733e-03 2.092050209205020524e-04 2.092050209205020524e-04 2.092050209205020524e-04 2.301255230125522685e-03 2.092050209205020524e-04 8.577405857740583173e-03 2.092050209205020524e-04 1.485355648535564496e-02 2.092050209205020524e-04
1.709401709401709400e-04 5.145299145299145338e-02 2.839316239316239110e-01 1.709401709401709400e-04 1.454700854700854695e-01 1.709401709401709400e-04 1.709401709401709400e-04 1.709401709401709400e-04 1.899145299145298948e-01 8.222222222222222432e-02 3.948717948717948845e-02 1.709401709401709400e-04 1.709401709401709400e-04 1.555555555555555511e-02 5.299145299145299574e-03 1.709401709401709400e-04 1.880341880341880557e-03 1.880341880341880557e-03 1.352136752136751940e-01 1.880341880341880557e-03 1.709401709401709400e-04 2.068376068376068244e-02 1.709401709401709400e-04 1.897435897435897217e-02 3.589743589743589740e-03 1.709401709401709400e-04 1.709401709401709400e-04 1.709401709401709400e-04 1.709401709401709400e-04 1.709401709401709400e-04
2.070393374741200272e-04 6.418219461697720167e-03 2.070393374741200272e-04 6.047619047619046118e-01 2.070393374741200272e-04 2.070393374741200272e-04 1.884057971014492169e-02 2.070393374741200272e-04 2.072463768115941074e-01 2.070393374741200272e-04 4.782608695652172670e-02 6.438923395445132758e-02 2.070393374741200272e-04 2.070393374741200272e-04 2.070393374741200272e-04 2.070393374741200272e-04 4.347826086956520057e-03 2.070393374741200272e-04 3.954451345755692626e-02 2.070393374741200272e-04 2.070393374741200272e-04 2.070393374741200272e-04 2.277432712215320381e-03 2.070393374741200272e-04 2.070393374741200272e-04 2.070393374741200272e-04 2.070393374741200272e-04 2.070393374741200272e-04 2.070393374741200272e-04 2.070393374741200272e-04
3.039513677811550357e-04 2.765957446808510467e-02 3.039513677811550357e-04 2.221884498480242998e-01 3.039513677811550357e-04 1.550151975683890411e-02 3.039513677811550357e-04 3.039513677811550357e-04 5.501519756838905983e-02 9.148936170212766672e-02 3.039513677811550357e-04 3.039513677811550357e-04 3.039513677811550357e-04 1.370820668693009114e-01 9.756838905775076787e-02 3.039513677811550357e-04 3.039513677811550357e-04 3.039513677811550357e-04 3.039513677811550357e-04 3.343465045592705284e-03 1.246200607902735527e-02 3.039513677811550357e-04 3.039513677811550357e-04 3.039513677811550357e-04 3.343465045592705284e-03 3.039513677811550357e-04 3.285714285714285698e-01 3.039513677811550357e-04 3.039513677811550357e-04 3.039513677811550357e-04
3.225806451612902139e-04 3.225806451612902139e-04 3.225806451612902139e-04 3.003225806451611524e-01 3.225806451612902139e-04 3.225806451612902139e-04 3.225806451612902139e-04 3.225806451612902139e-04 3.225806451612902139e-04 2.229032258064514993e-01 3.225806451612902139e-04 3.225806451612902139e-04 3.225806451612902139e-04 1.551612903225805806e-01 3.225806451612902139e-04 6.774193548387094817e-03 1.777419354838709054e-01 3.225806451612902139e-04 3.225806451612902139e-04 3.225806451612902139e-04 3.225806451612902139e-04 6.774193548387094817e-03 7.451612903225804385e-02 6.774193548387094817e-03 3.580645161290321038e-02 3.225806451612902139e-04 3.225806451612902139e-04 6.774193548387094817e-03 3.225806451612902139e-04 3.225806451612902139e-04
2.008032128514055769e-04 1.769076305220882994e-01 2.008032128514055769e-04 1.949799196787148081e-01 2.291164658634537443e-01 2.831325301204818540e-02 2.208835341365461644e-03 2.008032128514055769e-04 4.216867469879517251e-03 8.654618473895581143e-02 2.008032128514055769e-04 2.008032128514055769e-04 2.008032128514055769e-04 2.008032128514055769e-04 2.008032128514055769e-04 4.839357429718874753e-02 2.008032128514055769e-04 2.008032128514055769e-04 2.008032128514055769e-04 2.208835341365461644e-03 9.859437751004014594e-02 2.008032128514055769e-04 2.008032128514055769e-04 2.008032128514055769e-04 2.008032128514055769e-04 3.032128514056224231e-02 8.654618473895581143e-02 8.232931726907628464e-03 2.008032128514055769e-04 2.008032128514055769e-04
6.902356902356900255e-03 4.042087542087541285e-01 1.683501683501683320e-04 1.683501683501683320e-04 1.988215488215487603e-01 1.851851851851851706e-03 3.535353535353534700e-03 2.375420875420874989e-01 1.531986531986531674e-02 1.851851851851851706e-03 1.683501683501683320e-04 5.218855218855218345e-03 2.710437710437710312e-02 1.683501683501683320e-04 1.683501683501683320e-04 1.683501683501683320e-04 3.535353535353534700e-03 1.683501683501683320e-04 6.902356902356900255e-03 1.683501683501683320e-04 1.683501683501683320e-04 1.851851851851851706e-03 1.683501683501683320e-04 1.683501683501683320e-04 1.683501683501683320e-04 1.700336700336699952e-02 6.582491582491581394e-02 1.683501683501683320e-04 1.683501683501683320e-04 1.683501683501683320e-04
2.044989775051124503e-04 2.044989775051124503e-04 3.496932515337422553e-02 1.862985685071573971e-01 2.044989775051124503e-04 6.339468302658485092e-03 2.680981595092024050e-01 2.044989775051124503e-04 3.292433537832310103e-02 1.351738241308793054e-01 2.044989775051124503e-04 2.044989775051124503e-04 2.044989775051124503e-04 1.658486707566461660e-01 9.631901840490796063e-02 2.044989775051124503e-04 1.042944785276073323e-02 2.044989775051124503e-04 4.723926380368097255e-02 2.044989775051124503e-04 2.044989775051124503e-04 2.044989775051124503e-04 6.339468302658485092e-03 2.044989775051124503e-04 2.044989775051124503e-04 2.044989775051124503e-04 6.339468302658485092e-03 2.044989775051124503e-04 2.044989775051124503e-04 2.044989775051124503e-04
2.551020408163264452e-04 2.551020408163264452e-04 4.362244897959182549e-02 3.803571428571427271e-01 4.107142857142856429e-02 2.551020408163264452e-04 2.551020408163264452e-04 2.551020408163264452e-04 2.576530612244897281e-02 1.176020408163264974e-01 2.551020408163264452e-04 3.341836734693876682e-02 2.551020408163264452e-04 5.382653061224488417e-02 2.551020408163264452e-04 2.551020408163264452e-04 1.584183673469387321e-01 2.551020408163264452e-04 9.719387755102038007e-02 2.551020408163264452e-04 5.357142857142855458e-03 2.551020408163264452e-04 2.551020408163264452e-04 2.551020408163264452e-04 1.556122448979591240e-02 2.321428571428570814e-02 2.551020408163264452e-04 2.551020408163264452e-04 2.551020408163264452e-04 2.551020408163264452e-04
4.845814977973569686e-03 4.405286343612336078e-04 1.365638766519824097e-02 1.061674008810573056e-01 4.405286343612336078e-04 4.405286343612336078e-04 4.405286343612336078e-04 4.845814977973569686e-03 1.149779735682819742e-01 4.845814977973569686e-03 4.405286343612336078e-04 4.405286343612336078e-04 4.405286343612336078e-04 1.325991189427313255e-01 4.405286343612336078e-04 4.405286343612336078e-04 2.687224669603524574e-02 4.405286343612336078e-04 7.533039647577094433e-02 4.365638766519824854e-01 4.405286343612336078e-04 4.405286343612336078e-04 4.405286343612336078e-04 3.127753303964758008e-02 2.246696035242291140e-02 4.405286343612336078e-04 4.405286343612336078e-04 1.365638766519824097e-02 4.405286343612336078e-04 4.845814977973569686e-03
3.205128205128204041e-04 3.205128205128204041e-04 2.118589743589742724e-01 3.205128205128204041e-04 6.730769230769228541e-03 3.205128205128204041e-04 3.205128205128204041e-04 3.205128205128204041e-04 3.205128205128204041e-04 1.028846153846153522e-01 4.105769230769228950e-01 9.647435897435893692e-02 9.935897435897431823e-03 3.205128205128204041e-04 6.730769230769228541e-03 3.205128205128204041e-04 9.935897435897431823e-03 6.730769230769228541e-03 6.730769230769228541e-03 3.205128205128204041e-04 4.519230769230767747e-02 3.205128205128204041e-04 8.044871794871792658e-02 3.205128205128204041e-04 3.205128205128204041e-04 3.205128205128204041e-04 3.205128205128204041e-04 3.205128205128204041e-04 3.205128205128204041e-04 3.205128205128204041e-04
1.148648648648648192e-02 4.752252252252251591e-02 4.729729729729729125e-03 4.301801801801800884e-02 7.229729729729728049e-02 3.851351351351350871e-02 2.252252252252251745e-04 7.905405405405403763e-02 1.173423423423423095e-01 2.274774774774774092e-02 2.252252252252251745e-04 2.252252252252251745e-04 2.862612612612611684e-01 2.252252252252251745e-04 6.981981981981980057e-03 4.527027027027025891e-02 2.252252252252251745e-04 2.252252252252251745e-04 1.599099099099098725e-02 1.148648648648648192e-02 2.252252252252251745e-04 6.981981981981980057e-03 2.477477477477476892e-03 4.729729729729729125e-03 2.252252252252251745e-04 2.252252252252251745e-04 1.781531531531530821e-01 2.252252252252251745e-04 2.252252252252251745e-04 2.477477477477476892e-03
3.780068728522335483e-03 3.436426116838486606e-04 6.907216494845358490e-02 3.405498281786940029e-01 3.127147766323022660e-02 3.436426116838486606e-04 1.103092783505154190e-01 3.436426116838486606e-04 2.439862542955325425e-02 3.436426116838486606e-04 1.065292096219930956e-02 3.436426116838486606e-04 3.436426116838486606e-04 1.687285223367696874e-01 3.436426116838486606e-04 3.436426116838486606e-04 1.962199312714776045e-01 3.436426116838486606e-04 1.065292096219930956e-02 3.436426116838486606e-04 1.065292096219930956e-02 3.436426116838486606e-04 3.436426116838486606e-04 3.436426116838486606e-04 1.408934707903779400e-02 3.436426116838486606e-04 3.780068728522335483e-03 3.436426116838486606e-04 3.436426116838486606e-04 3.436426116838486606e-04
2.494331065759636690e-03 2.267573696145124289e-04 2.267573696145124289e-04 1.680272108843536838e-01 2.267573696145124289e-04 2.267573696145124289e-04 2.267573696145124289e-04 1.294784580498865856e-01 2.970521541950112490e-02 4.784580498866212311e-02 3.650793650793650313e-02 2.267573696145124289e-04 3.877551020408162574e-02 2.428571428571427715e-01 2.267573696145124289e-04 3.424036281179137359e-02 2.267573696145124289e-04 1.836734693877550492e-02 2.743764172335600229e-02 2.267573696145124289e-04 2.494331065759636690e-03 2.267573696145124289e-04 3.877551020408162574e-02 2.267573696145124289e-04 7.029478458049884942e-03 5.238095238095236833e-02 1.113378684807256047e-01 9.297052154195007551e-03 2.267573696145124289e-04 2.267573696145124289e-04
6.073781291172594687e-02 3.965744400527008995e-02 1.449275362318840380e-03 3.097496706192358062e-01 1.015810276679841723e-01 2.911725955204215802e-02 1.317523056653491329e-04 1.134387351778655822e-01 1.305665349143609877e-01 2.384716732542819378e-02 1.317523056653491329e-04 1.317523056653491329e-04 6.732542819499340303e-02 1.317523056653491329e-04 1.317523056653491329e-04 1.449275362318840380e-03 1.317523056653491329e-04 1.317523056653491329e-04 1.317523056653491329e-04 6.719367588932804829e-03 7.259552042160737073e-02 1.317523056653491329e-04 1.317523056653491329e-04 1.317523056653491329e-04 1.317523056653491329e-04 1.449275362318840380e-03 3.175230566534913840e-02 5.401844532279313771e-03 1.317523056653491329e-04 1.449275362318840380e-03
2.747252747252746708e-04 4.697802197802197072e-02 2.747252747252746708e-04 2.255494505494504698e-01 2.747252747252746708e-04 5.769230769230767816e-03 1.019230769230768940e-01 1.678571428571428159e-01 1.126373626373625841e-02 2.747252747252746708e-04 2.747252747252746708e-04 2.747252747252746708e-04 5.769230769230767816e-03 1.953296703296702463e-01 2.747252747252746708e-04 2.747252747252746708e-04 8.516483516483513982e-03 2.747252747252746708e-04 2.747252747252746708e-04 2.747252747252746708e-04 2.499999999999999098e-02 2.747252747252746708e-04 1.950549450549449865e-02 2.747252747252746708e-04 2.747252747252746708e-04 1.126373626373625841e-02 1.706043956043955534e-01 2.747252747252746708e-04 2.747252747252746708e-04 2.747252747252746708e-04
2.518891687657430121e-04 2.770780856423173295e-03 7.808564231738032886e-03 1.463476070528966777e-01 2.518891687657430121e-04 1.788413098236775120e-02 4.055415617128462630e-02 1.362720403022669724e-01 7.808564231738032886e-03 2.518891687657430121e-04 8.085642317380350996e-02 2.518891687657430121e-04 2.518891687657430121e-04 3.881612090680099381e-01 2.770780856423173295e-03 1.032745591939546181e-02 2.518891687657430121e-04 2.518891687657430121e-04 2.518891687657430121e-04 1.788413098236775120e-02 2.518891687657430121e-04 2.518891687657430121e-04 2.518891687657430121e-04 2.518891687657430121e-04 2.770780856423173295e-03 2.518891687657430121e-04 1.035264483627203747e-01 1.284634760705289161e-02 1.788413098236775120e-02 2.518891687657430121e-04
2.114624505928854384e-02 5.474308300395257926e-02 7.312252964426879491e-03 1.383399209486166478e-03 4.881422924901186733e-02 7.246376811594205155e-04 6.587615283267459355e-05 2.042160737812912224e-03 3.168642951251648271e-02 1.021739130434782816e-01 8.965744400527012048e-02 2.700922266139658186e-03 1.383399209486166478e-03 6.587615283267459355e-05 3.359683794466404149e-03 6.587615283267459355e-05 6.587615283267459355e-05 6.587615283267459355e-05 2.378129117259552769e-02 2.477602108036891515e-01 5.335968379446641603e-03 3.359683794466404149e-03 2.700922266139658186e-03 2.411725955204216953e-01 6.587615283267459355e-05 8.306982872200265045e-02 6.587615283267459355e-05 6.587615283267459355e-05 1.916996047430830769e-02 5.994729907773387566e-03
1.821493624772313024e-04 2.003642987249544191e-03 3.296903460837886934e-02 5.846994535519124681e-02 2.003642987249544191e-03 1.821493624772313024e-04 9.289617486338795638e-03 1.295081967213114471e-01 1.821493624772313024e-04 5.118397085610199709e-02 4.936247723132967946e-02 2.750455373406192339e-02 1.821493624772313024e-04 4.573770491803277882e-01 3.843351548269580836e-02 1.821493624772313024e-04 1.821493624772313024e-04 1.821493624772313024e-04 1.821493624772313024e-04 2.750455373406192339e-02 1.821493624772313024e-04 1.821493624772313024e-04 1.821493624772313024e-04 1.821493624772313024e-04 1.821493624772313024e-04 1.821493624772313024e-04 1.112932604735883263e-01 1.821493624772313024e-04 1.821493624772313024e-04 1.821493624772313024e-04
3.241379310344826709e-02 2.298850574712643321e-04 2.298850574712643321e-04 5.080459770114941626e-02 2.298850574712643321e-04 1.172413793103447947e-02 2.298850574712643321e-04 7.126436781609193916e-03 1.862068965517240868e-02 2.298850574712643321e-04 1.402298850574712138e-02 2.551724137931033615e-02 1.172413793103447947e-02 2.298850574712643321e-04 3.749425287356320524e-01 6.919540229885055849e-02 2.298850574712643321e-04 2.298850574712643321e-04 5.540229885057470355e-02 9.908045977011492589e-02 2.255172413793102848e-01 2.298850574712643321e-04 2.298850574712643321e-04 2.298850574712643321e-04 2.298850574712643321e-04 2.298850574712643321e-04 2.298850574712643321e-04 2.298850574712643321e-04 2.298850574712643321e-04 2.298850574712643321e-04
1.190476190476190340e-04 4.297619047619047339e-02 1.190476190476190340e-04 1.013095238095237938e-01 5.726190476190475692e-02 1.190476190476190340e-04 2.154761904761904809e-02 1.048809523809523664e-01 2.392857142857142752e-02 9.416666666666664853e-02 5.011904761904761169e-02 1.190476190476190340e-04 1.797619047619047200e-02 4.059523809523809396e-02 1.190476190476190340e-04 1.309523809523809468e-03 1.202380952380952168e-02 1.190476190476190340e-04 7.511904761904761307e-02 2.499999999999999618e-03 1.190476190476190340e-04 1.190476190476190340e-04 4.654761904761904601e-02 1.190476190476190340e-04 1.190476190476190340e-04 8.940476190476188967e-02 1.620238095238094866e-01 1.190476190476190340e-04 1.190476190476190340e-04 5.488095238095237749e-02
1.763668430335097121e-04 1.763668430335097121e-04 1.763668430335097121e-04 1.977072310405643685e-01 1.763668430335097121e-04 1.763668430335097121e-04 1.763668430335097121e-04 2.329805996472663066e-01 1.763668430335097121e-04 1.763668430335097121e-04 4.074074074074074403e-02 1.763668430335097121e-04 3.703703703703703845e-03 4.499118165784832257e-01 1.763668430335097121e-04 1.763668430335097121e-04 1.763668430335097121e-04 1.763668430335097121e-04 1.763668430335097121e-04 1.763668430335097121e-04 1.940035273368606941e-03 1.763668430335097121e-04 1.763668430335097121e-04 1.763668430335097121e-04 1.763668430335097121e-04 1.763668430335097121e-04 6.895943562610229449e-02 1.763668430335097121e-04 1.763668430335097121e-04 1.763668430335097121e-04
1.956947162426614264e-04 1.193737769080234490e-02 2.759295499021525641e-02 5.303326810176124673e-02 1.956947162426614264e-04 6.066536203522503515e-03 9.608610567514674905e-02 1.956947162426614264e-04 3.542074363992171737e-02 3.150684931506848863e-02 1.956947162426614264e-04 1.956947162426614264e-04 2.152641878669275637e-03 3.544031311154597907e-01 9.980430528375730526e-03 2.954990215264187078e-02 1.956947162426614264e-04 1.193737769080234490e-02 1.956947162426614264e-04 6.477495107632093296e-02 1.956947162426614264e-04 1.956947162426614264e-04 4.911937377690801798e-02 1.956947162426614264e-04 2.152641878669275637e-03 1.956947162426614264e-04 1.665362035225048387e-01 2.152641878669275637e-03 4.324853228962817486e-02 1.956947162426614264e-04
4.472081218274112646e-01 5.076142131979696770e-04 5.076142131979696770e-04 5.634517766497463415e-02 1.065989847715736322e-02 2.081218274111675676e-02 5.076142131979696770e-04 9.187817258883251847e-02 2.081218274111675676e-02 9.187817258883251847e-02 3.096446700507615030e-02 5.076142131979696770e-04 5.076142131979696770e-04 5.076142131979696770e-04 1.065989847715736322e-02 5.583756345177667314e-03 1.065989847715736322e-02 5.076142131979696770e-04 5.076142131979696770e-04 5.076142131979696770e-04 1.477157360406091968e-01 5.076142131979696770e-04 2.588832487309645353e-02 5.076142131979696770e-04 5.076142131979696770e-04 5.076142131979696770e-04 5.076142131979696770e-04 5.076142131979696770e-04 1.573604060913705999e-02 5.583756345177667314e-03
1.533742331288343106e-04 1.687116564417177498e-03 1.533742331288343106e-04 4.878834355828219338e-01 1.855828220858895053e-02 1.533742331288343106e-04 1.533742331288343106e-04 3.542944785276072595e-02 6.917177914110426984e-02 4.754601226993863602e-03 1.533742331288343106e-04 1.533742331288343106e-04 1.533742331288343106e-04 2.118098159509201606e-01 1.687116564417177498e-03 1.533742331288343106e-04 1.533742331288343106e-04 1.533742331288343106e-04 2.776073619631901079e-02 1.533742331288343106e-04 1.687116564417177498e-03 1.533742331288343106e-04 2.162576687116563728e-02 1.533742331288343106e-04 1.687116564417177498e-03 3.389570552147238430e-02 5.690184049079752976e-02 1.533742331288343106e-04 2.315950920245397893e-02 1.533742331288343106e-04
2.277227722772277169e-02 1.414427157001414367e-04 1.414427157001414367e-04 6.803394625176802102e-02 6.944837340876944265e-02 2.970297029702969899e-03 1.316831683168316613e-01 1.414427157001414367e-04 1.414427157001414367e-04 1.852899575671852414e-02 1.004243281471003946e-02 1.414427157001414367e-04 5.106082036775105165e-02 2.560113154172559760e-02 1.414427157001414367e-04 7.213578500707211807e-03 2.277227722772277169e-02 1.414427157001414367e-04 1.104667609618104340e-01 1.414427157001414367e-04 1.414427157001414367e-04 2.970297029702969899e-03 7.652050919377650917e-02 1.414427157001414367e-04 1.414427157001414367e-04 3.550212164073549698e-02 2.858557284299858003e-01 1.414427157001414367e-04 5.671852899575671042e-02 1.414427157001414367e-04
3.793103448275860802e-03 3.448275862068964168e-04 3.448275862068964168e-04 4.244827586206894598e-01 5.551724137931032810e-02 3.448275862068964168e-04 3.448275862068964168e-04 3.448275862068964168e-04 3.448275862068964168e-04 3.793103448275860802e-03 7.275862068965514851e-02 4.172413793103446622e-02 3.793103448275860802e-03 1.899999999999999190e-01 1.068965517241378914e-02 3.448275862068964168e-04 6.586206896551721757e-02 3.448275862068964168e-04 9.344827586206892744e-02 3.793103448275860802e-03 1.413793103448275114e-02 3.448275862068964168e-04 3.448275862068964168e-04 3.448275862068964168e-04 7.241379310344825404e-03 3.793103448275860802e-03 3.448275862068964168e-04 3.448275862068964168e-04 3.448275862068964168e-04 3.448275862068964168e-04
3.914590747330959179e-03 3.558718861209963038e-04 3.558718861209963038e-04 2.316725978647685702e-01 5.373665480427043672e-02 3.558718861209963038e-04 3.558718861209963038e-04 3.558718861209963038e-04 1.889679715302490515e-01 3.558718861209963038e-04 1.569395017793593639e-01 3.558718861209963038e-04 3.558718861209963038e-04 1.462633451957294772e-01 3.558718861209963038e-04 3.558718861209963038e-04 3.914590747330959179e-03 3.558718861209963038e-04 1.533807829181494109e-01 1.814946619217081003e-02 3.558718861209963038e-04 3.238434163701066348e-02 3.558718861209963038e-04 3.558718861209963038e-04 3.558718861209963038e-04 3.558718861209963038e-04 3.558718861209963038e-04 3.558718861209963038e-04 3.914590747330959179e-03 3.558718861209963038e-04
4.065040650406505146e-04 4.065040650406505146e-04 4.065040650406505146e-04 4.065040650406505146e-04 4.065040650406505146e-04 4.065040650406505146e-04 4.065040650406505146e-04 4.065040650406505146e-04 7.764227642276425034e-02 4.105691056910570208e-02 2.849593495934960030e-01 5.325203252032521123e-02 4.065040650406505146e-04 4.065040650406505146e-04 4.065040650406505146e-04 4.065040650406505146e-04 4.065040650406505146e-04 4.065040650406505146e-04 4.065040650406505146e-04 2.073170731707317527e-02 4.065040650406505146e-04 4.065040650406505146e-04 4.638211382113822112e-01 4.065040650406505146e-04 4.065040650406505146e-04 4.105691056910570208e-02 4.065040650406505146e-04 8.536585365853660914e-03 4.065040650406505146e-04 4.065040650406505146e-04
2.197802197802197258e-04 2.178021978021977278e-01 2.197802197802197258e-04 2.879120879120878468e-02 8.813186813186811575e-02 2.197802197802197258e-04 2.197802197802197258e-04 1.386813186813186383e-01 1.430769230769230183e-01 2.197802197802197258e-04 6.175824175824174561e-02 2.417582417582417147e-03 4.197802197802197322e-02 3.098901098901098161e-02 2.197802197802197258e-04 1.340659340659340268e-02 4.615384615384614080e-03 4.615384615384614080e-03 4.857142857142856401e-02 2.197802197802197258e-04 2.197802197802197258e-04 9.692307692307690348e-02 2.197802197802197258e-04 2.197802197802197258e-04 6.615384615384614642e-02 2.197802197802197258e-04 9.010989010989008813e-03 2.197802197802197258e-04 2.197802197802197258e-04 2.197802197802197258e-04
2.000000000000000042e-03 9.272727272727272763e-03 6.381818181818181557e-02 1.583636363636363453e-01 4.200000000000000261e-02 1.818181818181818343e-04 1.818181818181818343e-04 5.290909090909091256e-02 1.401818181818181852e-01 1.818181818181818343e-04 8.563636363636363547e-02 1.818181818181818343e-04 1.818181818181818343e-04 3.110909090909090846e-01 1.818181818181818343e-04 2.199999999999999872e-02 1.818181818181818343e-04 1.818181818181818343e-04 1.818181818181818343e-04 3.290909090909090867e-02 9.272727272727272763e-03 9.272727272727272763e-03 1.818181818181818343e-04 1.290909090909090826e-02 1.836363636363636323e-02 1.818181818181818343e-04 2.745454545454545370e-02 1.818181818181818343e-04 1.818181818181818343e-04 1.818181818181818343e-04
2.044989775051124503e-04 2.678936605316972752e-02 2.044989775051124503e-04 2.415132924335377518e-01 2.044989775051124503e-04 2.044989775051124503e-04 2.678936605316972752e-02 9.222903885480571162e-02 2.044989775051124503e-04 3.701431492842535004e-02 1.656441717791410501e-02 2.044989775051124503e-04 2.044989775051124503e-04 1.740286298568506640e-01 1.860940695296522951e-02 2.044989775051124503e-04 2.044989775051124503e-04 2.044989775051124503e-04 2.044989775051124503e-04 4.294478527607361457e-03 2.044989775051124503e-04 2.044989775051124503e-04 2.678936605316972752e-02 2.044989775051124503e-04 2.044989775051124503e-04 2.044989775051124503e-04 3.294478527607361262e-01 2.044989775051124503e-04 2.249488752556236953e-03 2.044989775051124503e-04
1.285132382892056890e-01 6.741344195519348437e-02 2.036659877800407140e-04 2.036659877800407140e-04 2.036659877800407140e-04 5.315682281059062875e-02 4.276985743380854778e-03 2.036659877800407140e-04 1.590631364562117844e-01 1.549898167006109606e-01 2.036659877800407140e-04 2.036659877800407140e-04 2.036659877800407140e-04 7.963340122199591420e-02 2.036659877800407140e-04 2.036659877800407140e-04 2.036659877800407140e-04 2.036659877800407140e-04 2.057026476578411103e-02 2.384928716904276547e-01 6.313645621181262352e-03 2.036659877800407140e-04 8.350305498981669058e-03 7.148676171079429431e-02 2.036659877800407140e-04 2.036659877800407140e-04 2.036659877800407140e-04 2.036659877800407140e-04 4.276985743380854778e-03 2.036659877800407140e-04
9.496676163342828044e-05 9.496676163342828044e-05 3.713200379867045986e-02 1.330484330484330013e-01 7.692307692307690133e-03 9.496676163342828044e-05 7.701804368471032447e-02 3.428300094966760941e-02 2.288698955365621804e-02 9.496676163342828044e-05 4.947768281101613819e-02 3.428300094966760941e-02 1.044634377967711180e-03 3.058879392212724979e-01 9.496676163342828044e-05 3.998100664767331031e-02 9.496676163342828044e-05 1.044634377967711180e-03 9.496676163342828044e-05 3.893637226970559240e-03 7.692307692307690133e-03 2.003798670465336759e-02 9.496676163342828044e-05 2.098765432098765107e-02 9.591642924976256229e-03 1.623931623931623713e-02 1.349477682811015822e-01 9.496676163342828044e-05 1.044634377967711180e-03 4.093067426400758685e-02
1.976284584980236858e-04 4.565217391304347144e-02 1.976284584980236858e-04 1.205533596837944296e-02 3.618577075098813323e-01 1.976284584980236858e-04 1.205533596837944296e-02 1.976284584980236858e-04 4.150197628458497483e-03 9.505928853754938568e-02 2.173913043478260462e-03 6.739130434782607260e-02 6.126482213438733636e-03 1.976284584980236858e-04 1.976284584980236858e-04 1.976284584980236858e-04 1.976284584980236858e-04 1.976284584980236858e-04 4.367588932806323182e-02 1.976284584980236858e-04 1.976284584980236858e-04 5.355731225296441605e-02 1.976284584980236858e-04 1.976284584980236858e-04 1.976284584980236858e-04 2.828063241106718584e-01 1.976284584980236858e-04 1.976284584980236858e-04 1.976284584980236858e-04 1.007905138339920681e-02
1.862197392923649298e-04 2.998137802607075270e-02 4.487895716945994318e-02 2.048417132216014038e-03 2.067039106145250604e-02 5.418994413407818983e-02 1.044692737430167190e-01 2.625698324022345334e-02 9.888268156424577515e-02 4.674115456238359806e-02 1.379888268156423958e-01 1.862197392923649298e-04 1.862197392923649298e-04 1.880819366852885463e-02 6.908752327746738031e-02 1.862197392923649298e-04 1.862197392923649298e-04 2.048417132216014038e-03 4.115456238361264729e-02 1.862197392923649298e-04 1.508379888268155701e-02 1.379888268156423958e-01 1.175046554934822685e-01 2.048417132216014038e-03 1.862197392923649298e-04 2.625698324022345334e-02 1.862197392923649298e-04 1.862197392923649298e-04 1.862197392923649298e-04 2.048417132216014038e-03
2.976190476190475375e-04 9.553571428571425161e-02 2.976190476190475375e-04 8.660714285714282701e-02 4.318452380952379488e-01 6.249999999999997745e-03 6.249999999999997745e-03 2.976190476190475375e-04 2.113095238095237180e-02 2.976190476190475375e-04 2.976190476190475375e-04 2.976190476190475375e-04 1.491071428571427993e-01 2.976190476190475375e-04 2.976190476190475375e-04 1.815476190476189924e-02 2.976190476190475375e-04 1.220238095238094719e-02 1.133928571428571147e-01 2.976190476190475375e-04 2.976190476190475375e-04 4.494047619047617653e-02 2.976190476190475375e-04 2.976190476190475375e-04 2.976190476190475375e-04 2.976190476190475375e-04 2.976190476190475375e-04 6.249999999999997745e-03 3.273809523809523021e-03 2.976190476190475375e-04
3.610108303249096192e-04 3.610108303249096192e-04 4.368231046931406181e-02 3.610108303249096192e-04 8.700361010830322261e-02 3.610108303249096192e-04 1.119133574007219814e-02 1.119133574007219814e-02 1.483754512635378497e-01 9.783393501805050241e-02 5.527075812274365729e-01 3.610108303249096192e-04 3.610108303249096192e-04 3.610108303249096192e-04 3.610108303249096192e-04 3.610108303249096192e-04 3.610108303249096192e-04 3.610108303249096192e-04 2.924187725631767487e-02 3.610108303249096192e-04 3.610108303249096192e-04 3.610108303249096192e-04 3.610108303249096192e-04 3.610108303249096192e-04 3.610108303249096192e-04 3.610108303249096192e-04 1.119133574007219814e-02 3.610108303249096192e-04 3.610108303249096192e-04 3.610108303249096192e-04
8.323782234957019521e-02 9.326647564469911500e-02 1.432664756446991306e-04 4.742120343839541230e-02 6.891117478510028205e-02 1.432664756446991306e-04 1.432664756446991306e-04 2.093123209169054089e-01 8.037249283667620425e-02 8.037249283667620425e-02 1.876790830945558250e-02 1.432664756446991306e-04 1.432664756446991306e-04 1.432664756446991306e-04 1.432664756446991306e-04 1.432664756446991306e-04 1.432664756446991306e-04 1.432664756446991306e-04 1.432664756446991306e-04 1.432664756446991306e-04 1.446991404011460994e-02 1.432664756446991306e-04 1.432664756446991306e-04 1.432664756446991306e-04 1.432664756446991306e-04 1.432664756446991306e-04 3.010028653295128143e-01 1.432664756446991306e-04 1.432664756446991306e-04 1.432664756446991306e-04
4.081632653061225183e-04 4.081632653061225183e-04 4.081632653061225183e-04 1.673469387755101984e-02 4.938775510204081870e-02 1.146938775510204234e-01 4.530612244897959384e-02 4.081632653061225183e-04 4.081632653061225183e-04 1.228571428571428731e-01 4.081632653061225183e-04 4.081632653061225183e-04 4.081632653061225183e-04 2.081632653061224469e-02 1.065306122448979737e-01 4.081632653061225183e-04 4.081632653061225183e-04 4.081632653061225183e-04 1.673469387755101984e-02 4.081632653061225183e-04 4.081632653061225183e-04 4.081632653061225183e-04 4.081632653061225183e-04 4.081632653061225183e-04 4.081632653061225183e-04 2.820408163265306078e-01 4.489795918367347864e-03 1.265306122448979845e-02 4.081632653061225183e-04 2.004081632653061384e-01
1.105072463768115576e-02 3.804347826086955809e-03 3.097826086956521202e-02 2.373188405797100817e-02 1.811594202898550476e-04 1.811594202898550476e-04 2.010869565217390798e-02 5.271739130434782011e-02 4.003623188405796424e-02 2.373188405797100817e-02 9.239130434782605664e-03 1.811594202898550476e-04 1.467391304347825769e-02 2.519927536231883480e-01 2.916666666666666366e-02 5.996376811594202050e-02 1.811594202898550476e-04 1.992753623188405713e-03 1.811594202898550476e-04 1.811594202898550476e-04 6.902173913043477271e-02 1.992753623188405713e-03 1.992753623188405713e-03 1.811594202898550476e-04 2.735507246376810836e-02 3.460144927536231568e-02 2.338768115942028436e-01 1.811594202898550476e-04 1.811594202898550476e-04 5.634057971014491684e-02
5.494505494505495585e-04 5.549450549450549858e-02 5.494505494505495585e-04 6.648351648351649712e-02 9.945054945054947193e-02 5.494505494505495585e-04 5.494505494505495585e-04 5.494505494505495585e-04 5.494505494505495585e-04 2.093406593406593741e-01 5.494505494505495585e-04 5.494505494505495585e-04 7.197802197802198598e-02 6.043956043956045035e-03 9.945054945054947193e-02 5.494505494505495585e-04 5.494505494505495585e-04 6.043956043956045035e-03 1.653846153846154077e-01 5.494505494505495585e-04 5.494505494505495585e-04 5.494505494505495585e-04 5.494505494505495585e-04 6.043956043956045035e-03 5.494505494505495585e-04 1.928571428571428936e-01 5.494505494505495585e-04 1.153846153846154084e-02 5.494505494505495585e-04 5.494505494505495585e-04
2.257336343115123748e-04 2.257336343115123748e-04 7.923250564334084756e-02 2.665914221218960711e-01 2.257336343115123748e-04 2.257336343115123748e-04 2.257336343115123748e-04 3.408577878103836306e-02 5.665914221218960184e-02 8.148984198645596588e-02 6.794582392776522817e-02 2.731376975169299420e-02 2.483069977426636231e-03 2.756207674943565999e-01 2.257336343115123748e-04 2.257336343115123748e-04 3.182844243792324473e-02 2.257336343115123748e-04 2.257336343115123748e-04 2.257336343115123748e-04 2.257336343115123748e-04 3.634311512415349527e-02 2.257336343115123748e-04 2.257336343115123748e-04 1.602708803611737828e-02 2.257336343115123748e-04 2.054176072234762535e-02 2.257336343115123748e-04 2.257336343115123748e-04 2.257336343115123748e-04
3.012048192771083518e-04 3.012048192771083518e-04 1.659638554216867068e-01 2.138554216867468924e-02 4.246987951807227463e-02 3.012048192771083518e-04 6.325301204819275443e-03 1.234939759036144009e-02 1.509036144578312644e-01 6.325301204819275443e-03 7.861445783132528509e-02 9.337349397590358202e-03 3.012048192771083518e-04 3.012048192771083518e-04 4.246987951807227463e-02 3.313253012048191816e-03 3.012048192771083518e-04 3.012048192771083518e-04 2.834337349397589301e-01 9.337349397590358202e-03 3.012048192771083518e-04 3.012048192771083518e-04 1.268072289156626231e-01 3.343373493975902028e-02 3.012048192771083518e-04 3.012048192771083518e-04 3.012048192771083518e-04 3.012048192771083518e-04 3.313253012048191816e-03 3.012048192771083518e-04
1.821493624772312753e-04 1.821493624772312753e-04 8.579234972677592108e-02 9.672131147540979912e-02 1.058287795992713665e-01 1.821493624772312753e-04 1.786885245901638497e-01 2.204007285974498090e-02 1.657559198542804188e-02 1.293260473588341876e-02 1.657559198542804188e-02 8.397085610200361039e-02 1.821493624772312753e-04 2.003642987249543757e-03 1.821493624772312753e-04 1.821493624772312753e-04 1.821493624772312753e-04 1.821493624772312753e-04 3.061930783242257093e-01 1.821493624772312753e-04 1.821493624772312753e-04 1.657559198542804188e-02 1.821493624772312753e-04 1.821493624772312753e-04 1.821493624772312753e-04 3.661202185792348379e-02 1.657559198542804188e-02 1.821493624772312753e-04 1.821493624772312753e-04 1.821493624772312753e-04
3.831417624521072924e-04 3.831417624521072924e-04 8.045977011494252762e-03 3.486590038314175966e-02 8.045977011494252762e-03 3.831417624521072924e-04 7.701149425287356909e-02 3.831417624521072924e-04 3.831417624521072924e-04 1.570881226053639709e-02 3.831417624521072924e-04 4.214559386973180596e-03 3.831417624521072924e-04 3.145593869731800329e-01 8.084291187739464646e-02 3.831417624521072924e-04 3.486590038314175966e-02 3.831417624521072924e-04 6.934865900383142823e-02 5.019157088122605526e-02 3.831417624521072924e-04 3.831417624521072924e-04 3.831417624521072924e-04 3.831417624521072924e-04 5.785440613026819612e-02 1.570881226053639709e-02 1.881226053639846740e-01 3.831417624521072924e-04 1.954022988505747099e-02 1.570881226053639709e-02
4.805491990846681022e-03 2.517162471395880535e-03 2.288329519450800487e-04 2.288329519450800487e-04 1.237986270022883029e-01 6.201372997711668972e-02 2.288329519450800487e-04 2.517162471395880535e-03 3.913043478260869179e-02 1.741418764302058997e-01 2.288329519450800487e-04 5.286041189931348777e-02 2.517162471395880535e-03 2.288329519450800487e-04 2.288329519450800487e-04 2.288329519450800487e-04 2.288329519450800487e-04 9.862700228832949056e-02 2.288329519450800487e-04 2.517162471395880535e-03 2.288329519450800487e-04 2.288329519450800487e-04 2.288329519450800487e-04 2.288329519450800487e-04 1.853546910755148047e-02 2.288329519450800487e-04 2.288329519450800487e-04 2.288329519450800487e-04 2.288329519450800487e-04 4.121281464530891503e-01
2.754820936639117666e-04 2.754820936639117666e-04 2.754820936639117666e-04 1.269972451790633283e-01 2.754820936639117666e-04 1.269972451790633283e-01 1.490358126721762766e-01 3.030303030303029433e-03 2.754820936639117666e-04 1.435261707988980395e-01 5.785123966942147533e-03 2.754820936639117666e-04 2.754820936639117666e-04 2.754820936639117666e-04 1.655647382920109600e-01 2.782369146005508539e-02 2.754820936639117666e-04 2.754820936639117666e-04 1.680440771349861473e-02 3.030303030303029433e-03 1.655647382920109600e-01 5.785123966942147533e-03 2.754820936639117666e-04 2.754820936639117666e-04 2.754820936639117666e-04 2.754820936639117666e-04 5.261707988980714873e-02 3.030303030303029433e-03 2.754820936639117666e-04 2.754820936639117666e-04
4.504504504504504574e-04 4.504504504504504574e-04 1.396396396396396358e-02 4.504504504504504574e-04 4.504504504504504574e-04 4.504504504504504574e-04 4.504504504504504574e-04 4.504504504504504574e-04 4.999999999999999584e-02 9.954954954954955970e-02 4.504504504504504574e-04 8.603603603603604544e-02 4.504504504504504574e-04 4.504504504504504574e-04 9.459459459459459985e-03 4.504504504504504574e-04 4.504504504504504574e-04 1.490990990990991027e-01 1.396396396396396358e-02 4.504504504504504574e-04 9.459459459459459985e-03 4.504504504504504574e-04 4.504504504504504574e-04 4.504504504504504574e-04 4.504504504504504574e-04 4.504504504504504574e-04 9.459459459459459985e-03 4.504504504504504574e-04 4.504504504504504574e-04 5.499999999999999334e-01
