9.526627218934914654e-02 6.508875739644972777e-03 3.609467455621302723e-02 5.804733727810652555e-01 5.917159763313611714e-04 5.917159763313611714e-04 5.917159763313611714e-04 5.917159763313611714e-04 6.508875739644972777e-03 5.917159763313611714e-04 5.917159763313611714e-04 5.917159763313611714e-04 5.917159763313611714e-04 6.508875739644972777e-03 5.917159763313611714e-04 5.917159763313611714e-04 5.917159763313611714e-04 5.917159763313611714e-04 5.917159763313611714e-04 1.242603550295858471e-02 7.751479289940831074e-02 5.917159763313611714e-04 1.242603550295858471e-02 5.917159763313611714e-04 5.917159763313611714e-04 5.917159763313611714e-04 5.917159763313611714e-04 1.189349112426035943e-01 3.609467455621302723e-02 5.917159763313611714e-04
3.937007874015749061e-04 3.937007874015749061e-04 1.263779527559055482e-01 8.267716535433072486e-03 4.330708661417324509e-03 8.267716535433072486e-03 1.220472440944882220e-02 5.161417322834646049e-01 4.330708661417324509e-03 2.007874015748031815e-02 3.937007874015749061e-04 1.614173228346457017e-02 3.937007874015749061e-04 2.795275590551181757e-02 3.937007874015749061e-04 3.937007874015749061e-04 8.267716535433072486e-03 3.582677165354331700e-02 3.937007874015749061e-04 3.937007874015749061e-04 2.795275590551181757e-02 3.937007874015749061e-04 5.944881889763780486e-02 5.157480314960630891e-02 3.937007874015749061e-04 3.937007874015749061e-04 2.795275590551181757e-02 3.937007874015749061e-04 3.976377952755906497e-02 3.937007874015749061e-04
1.292857142857143093e-01 7.857142857142859413e-03 7.142857142857145019e-04 1.500000000000000291e-02 1.078571428571428736e-01 7.142857142857145019e-04 5.071428571428571869e-02 1.500000000000000291e-02 7.142857142857145019e-04 3.578571428571429291e-01 7.928571428571429269e-02 7.142857142857145019e-04 7.142857142857145019e-04 2.214285714285714815e-02 7.142857142857145019e-04 7.142857142857145019e-04 7.142857142857145019e-04 7.142857142857145019e-04 9.357142857142858317e-02 7.142857142857145019e-04 7.857142857142859413e-03 7.142857142857145019e-04 7.142857142857145019e-04 2.214285714285714815e-02 7.142857142857145019e-04 3.642857142857143515e-02 3.642857142857143515e-02 7.142857142857145019e-04 7.142857142857145019e-04 7.857142857142859413e-03
3.289007092198582838e-02 2.313829787234043464e-02 5.593971631205676281e-02 1.959219858156029115e-02 8.865248226950359274e-05 2.136524822695036463e-02 8.865248226950359274e-05 3.111702127659575837e-02 6.480496453900710940e-02 8.865248226950359274e-05 2.136524822695036463e-02 4.264184397163122558e-02 8.865248226950359274e-05 2.350177304964540248e-01 5.859929078014185916e-02 6.923758865248229311e-02 8.865248226950359274e-05 4.521276595744682172e-03 8.067375886524825665e-03 4.796099290780143909e-02 1.188829787234042951e-01 8.067375886524825665e-03 4.086879432624115210e-02 5.328014184397165259e-02 9.751773049645394388e-04 3.111702127659575837e-02 8.865248226950359274e-05 8.953900709219860671e-03 8.865248226950359274e-05 9.751773049645394388e-04
2.333333333333333648e-01 4.566210045662101396e-04 5.981735159817352238e-02 4.566210045662101396e-04 9.634703196347034482e-02 4.566210045662101396e-04 5.068493150684932197e-02 4.566210045662101396e-04 4.566210045662101396e-04 8.721461187214613053e-02 4.566210045662101396e-04 4.566210045662101396e-04 4.566210045662101396e-04 4.566210045662101396e-04 3.698630136986301442e-02 4.155251141552511462e-02 4.566210045662101396e-04 9.589041095890413202e-03 4.566210045662101396e-04 5.068493150684932197e-02 4.566210045662101396e-04 4.566210045662101396e-04 2.059360730593607636e-01 4.566210045662101396e-04 4.566210045662101396e-04 1.100456621004566454e-01 9.589041095890413202e-03 4.566210045662101396e-04 4.566210045662101396e-04 4.566210045662101396e-04
1.783898305084746228e-01 4.237288135593221842e-04 1.063559322033898608e-01 5.385593220338984466e-01 4.237288135593221842e-04 4.237288135593221842e-04 4.237288135593221842e-04 4.661016949152543484e-03 4.237288135593221842e-04 4.237288135593221842e-04 8.898305084745764676e-03 4.237288135593221842e-04 4.237288135593221842e-04 4.237288135593221842e-04 3.432203389830509183e-02 4.237288135593221842e-04 1.737288135593220706e-02 4.237288135593221842e-04 4.237288135593221842e-04 4.237288135593221842e-04 6.398305084745764537e-02 4.237288135593221842e-04 4.237288135593221842e-04 4.237288135593221842e-04 4.237288135593221842e-04 3.855932203389831475e-02 4.237288135593221842e-04 4.237288135593221842e-04 4.237288135593221842e-04 4.237288135593221842e-04
5.878378378378377317e-02 2.252252252252251745e-04 1.781531531531530821e-01 4.729729729729729125e-03 4.752252252252251591e-02 2.252252252252251745e-04 4.752252252252251591e-02 2.252252252252251745e-04 2.252252252252251745e-04 2.252252252252251745e-04 1.218468468468468235e-01 2.252252252252251745e-04 2.049549549549549085e-02 2.252252252252251745e-04 2.252252252252251745e-04 1.083333333333333093e-01 2.252252252252251745e-04 2.252252252252251745e-04 2.252252252252251745e-04 6.981981981981980057e-03 5.202702702702701604e-02 2.252252252252251745e-04 1.713963963963963388e-01 2.252252252252251745e-04 2.252252252252251745e-04 8.130630630630629463e-02 3.400900900900900165e-02 6.103603603603602323e-02 2.252252252252251745e-04 2.477477477477476892e-03
2.014705882352941513e-01 4.901960784313726506e-04 2.009803921568627597e-02 4.901960784313726506e-04 5.392156862745098832e-03 4.901960784313726506e-04 6.421568627450981170e-02 4.901960784313726506e-04 1.029411764705882512e-02 7.401960784313726949e-02 5.931372549019608281e-02 4.901960784313726506e-04 4.901960784313726506e-04 7.892156862745099144e-02 4.901960784313726506e-04 4.901960784313726506e-04 5.392156862745098832e-03 4.901960784313726506e-04 1.029411764705882512e-02 5.392156862745098832e-03 3.480392156862745223e-02 4.901960784313726506e-04 1.818627450980392357e-01 4.901960784313726506e-04 4.901960784313726506e-04 1.916666666666667074e-01 3.970588235294118112e-02 1.029411764705882512e-02 4.901960784313726506e-04 4.901960784313726506e-04
9.917525773195871863e-02 2.061855670103091801e-04 6.824742268041233961e-02 2.061855670103091801e-04 2.311340206185565904e-01 2.061855670103091801e-04 2.268041237113401117e-03 2.061855670103091801e-04 2.061855670103091801e-04 5.175257731958760737e-02 2.061855670103091801e-04 2.061855670103091801e-04 2.061855670103091801e-04 2.061855670103091801e-04 3.319587628865978274e-02 8.474226804123707879e-02 2.061855670103091801e-04 2.061855670103091801e-04 2.061855670103091801e-04 2.061855670103091801e-04 1.115463917525772730e-01 2.061855670103091801e-04 2.641237113402060688e-01 2.061855670103091801e-04 2.061855670103091801e-04 2.061855670103091801e-04 4.556701030927833018e-02 2.061855670103091801e-04 4.329896907216492646e-03 2.061855670103091801e-04
2.331932773109243046e-02 2.100840336134453365e-04 1.913865546218486702e-01 2.100840336134453365e-04 1.367647058823528994e-01 2.100840336134453365e-04 2.100840336134453365e-04 2.100840336134453365e-04 2.310924369747898756e-03 5.693277310924368950e-02 2.100840336134453365e-04 4.411764705882352013e-03 2.100840336134453365e-04 2.310924369747898756e-03 2.100840336134453365e-04 1.199579831932772872e-01 2.100840336134453365e-04 2.100840336134453365e-04 2.100840336134453365e-04 6.113445378151259602e-02 8.844537815126048141e-02 2.100840336134453365e-04 2.691176470588234615e-01 2.100840336134453365e-04 2.100840336134453365e-04 2.100840336134453365e-04 2.331932773109243046e-02 1.701680672268907069e-02 2.100840336134453365e-04 2.100840336134453365e-04
4.485294117647059542e-02 7.352941176470590302e-04 1.110294117647059042e-01 7.352941176470590302e-04 7.352941176470590302e-04 7.352941176470590302e-04 8.088235294117649549e-03 7.352941176470590302e-04 8.088235294117649549e-03 2.279411764705882928e-02 1.544117647058823942e-02 7.352941176470590302e-04 7.352941176470590302e-04 6.691176470588236502e-02 7.352941176470590302e-04 2.279411764705882928e-02 8.088235294117649549e-03 7.352941176470590302e-04 7.352941176470590302e-04 7.352941176470590302e-04 1.257352941176470840e-01 7.352941176470590302e-04 1.183823529411765080e-01 5.220588235294118529e-02 7.352941176470590302e-04 7.352941176470590302e-04 7.352941176470590302e-04 3.830882352941177293e-01 7.352941176470590302e-04 7.352941176470590302e-04
1.175732217573222105e-01 4.184100418410043216e-04 4.184100418410043216e-04 6.782426778242679477e-01 4.184100418410043216e-04 4.184100418410043216e-04 4.184100418410043216e-04 5.062761506276151902e-02 8.786610878661090321e-03 8.786610878661090321e-03 4.184100418410043216e-04 4.184100418410043216e-04 4.184100418410043216e-04 4.184100418410043216e-04 4.184100418410043216e-04 4.184100418410043216e-04 4.184100418410043216e-04 4.184100418410043216e-04 4.184100418410043216e-04 1.297071129707113267e-02 4.184100418410043216e-04 4.184100418410043216e-04 4.184100418410043216e-04 4.184100418410043216e-04 4.184100418410043216e-04 1.092050209205021188e-01 4.602510460251047104e-03 4.184100418410043216e-04 4.184100418410043216e-04 4.184100418410043216e-04
6.797752808988763440e-02 2.865168539325842548e-02 2.865168539325842548e-02 1.741573033707865051e-02 5.617977528089888135e-04 5.617977528089888135e-04 5.617977528089888135e-04 4.550561797752808446e-02 3.426966292134830949e-02 5.617977528089888135e-04 5.617977528089888135e-04 3.988764044943819698e-02 5.617977528089888135e-04 5.617977528089888135e-04 1.691011235955056369e-01 5.617977528089888135e-04 5.617977528089888135e-04 5.617977528089888135e-04 5.617977528089888135e-04 6.179775280898877274e-03 1.129213483146067482e-01 2.758426966292135130e-01 1.185393258426966356e-01 5.617977528089888135e-04 5.617977528089888135e-04 1.741573033707865051e-02 5.617977528089888135e-04 5.617977528089888135e-04 5.617977528089888135e-04 2.865168539325842548e-02
2.699619771863117842e-02 4.182509505703422767e-03 2.209125475285171059e-01 5.783269961977186568e-01 3.802281368821293079e-04 3.802281368821293079e-04 3.802281368821293079e-04 4.220532319391635118e-02 3.802281368821293079e-04 3.802281368821293079e-04 3.802281368821293079e-04 4.182509505703422767e-03 3.802281368821293079e-04 3.802281368821293079e-04 2.319391634980988437e-02 4.182509505703422767e-03 3.802281368821293079e-04 4.182509505703422767e-03 3.802281368821293079e-04 4.182509505703422767e-03 3.802281368821293079e-04 3.802281368821293079e-04 3.802281368821293079e-04 3.802281368821293079e-04 4.182509505703422767e-03 3.840304182509505365e-02 3.802281368821293079e-04 3.840304182509505365e-02 3.802281368821293079e-04 3.802281368821293079e-04
1.611494252873562905e-01 2.298850574712643592e-04 3.471264367816091073e-02 4.691954022988504835e-01 5.080459770114942319e-02 2.298850574712643592e-04 3.241379310344827402e-02 7.126436781609194783e-03 3.241379310344827402e-02 2.298850574712643592e-04 2.321839080459769597e-02 2.298850574712643592e-04 2.298850574712643592e-04 2.298850574712643592e-04 2.298850574712643592e-04 2.298850574712643592e-04 1.632183908045976850e-02 2.298850574712643592e-04 5.999999999999999778e-02 2.298850574712643592e-04 3.471264367816091073e-02 2.298850574712643592e-04 2.298850574712643592e-04 2.298850574712643592e-04 2.298850574712643592e-04 3.011494252873562691e-02 1.632183908045976850e-02 2.298850574712643592e-04 2.781609195402298326e-02 2.298850574712643592e-04
5.723270440251573832e-02 1.201257861635220692e-01 1.012578616352201727e-01 6.295597484276731493e-01 6.289308176100631871e-04 6.289308176100631871e-04 6.289308176100631871e-04 6.918238993710694625e-03 1.320754716981132650e-02 6.289308176100631871e-04 6.289308176100631871e-04 6.289308176100631871e-04 6.289308176100631871e-04 6.289308176100631871e-04 6.289308176100631871e-04 6.289308176100631871e-04 6.289308176100631871e-04 6.289308176100631871e-04 2.578616352201258677e-02 6.289308176100631871e-04 2.578616352201258677e-02 6.289308176100631871e-04 6.289308176100631871e-04 6.289308176100631871e-04 6.289308176100631871e-04 6.289308176100631871e-04 6.289308176100631871e-04 6.918238993710694625e-03 6.289308176100631871e-04 6.289308176100631871e-04
1.310204081632653506e-01 4.081632653061225725e-04 4.081632653061225725e-04 5.963265306122450538e-01 4.081632653061225725e-04 4.081632653061225725e-04 4.489795918367348732e-03 1.673469387755102331e-02 2.081632653061224816e-02 4.489795918367348732e-03 2.081632653061224816e-02 4.081632653061225725e-04 4.081632653061225725e-04 4.489795918367348732e-03 4.081632653061225725e-04 3.306122448979592621e-02 4.081632653061225725e-04 4.081632653061225725e-04 4.081632653061225725e-04 8.571428571428573590e-03 4.081632653061225725e-04 8.571428571428573590e-03 4.081632653061225725e-04 4.081632653061225725e-04 4.081632653061225725e-04 1.432653061224490321e-01 4.081632653061225725e-04 4.081632653061225725e-04 4.081632653061225725e-04 4.081632653061225725e-04
1.775641025641024884e-01 2.136752136752136208e-04 1.220085470085469637e-01 5.536324786324784419e-01 2.136752136752136208e-04 2.136752136752136208e-04 2.136752136752136208e-04 2.350427350427349883e-03 2.136752136752136208e-04 2.136752136752136208e-04 1.730769230769230171e-02 2.350427350427349883e-03 2.136752136752136208e-04 2.136752136752136208e-04 1.730769230769230171e-02 2.136752136752136208e-04 2.136752136752136208e-04 1.089743589743589341e-02 4.487179487179485983e-03 4.487179487179485983e-03 5.363247863247861541e-02 4.487179487179485983e-03 2.136752136752136208e-04 2.136752136752136208e-04 1.089743589743589341e-02 2.136752136752136208e-04 2.136752136752136208e-04 2.136752136752136208e-04 1.517094017094016388e-02 2.136752136752136208e-04
2.242857142857143937e-01 5.238095238095240476e-03 2.957142857142858183e-01 3.671428571428572707e-01 4.761904761904764069e-04 4.761904761904764069e-04 4.761904761904764069e-04 4.761904761904764069e-04 4.761904761904764069e-04 4.761904761904764069e-04 4.761904761904764069e-04 4.761904761904764069e-04 4.761904761904764069e-04 4.761904761904764069e-04 4.761904761904764069e-04 4.761904761904764069e-04 1.000000000000000368e-02 4.761904761904764069e-04 1.000000000000000368e-02 4.761904761904764069e-04 4.761904761904764069e-04 4.761904761904764069e-04 4.761904761904764069e-04 4.761904761904764069e-04 5.238095238095240476e-03 4.761904761904764069e-04 1.476190476190476775e-02 5.761904761904763916e-02 4.761904761904764069e-04 4.761904761904764069e-04
1.224299065420560995e-01 9.345794392523367041e-04 9.345794392523367041e-04 9.345794392523367041e-04 9.345794392523367041e-04 9.345794392523367041e-04 9.345794392523367041e-04 1.411214953271028305e-01 1.962616822429907176e-02 9.345794392523367041e-04 9.345794392523367041e-04 1.962616822429907176e-02 9.345794392523367041e-04 2.897196261682243729e-02 1.028037383177570450e-02 9.345794392523367041e-04 1.962616822429907176e-02 9.345794392523367041e-04 9.345794392523367041e-04 9.345794392523367041e-04 8.504672897196263737e-02 2.719626168224300033e-01 1.598130841121495893e-01 9.345794392523367041e-04 8.504672897196263737e-02 9.345794392523367041e-04 1.028037383177570450e-02 1.028037383177570450e-02 9.345794392523367041e-04 9.345794392523367041e-04
1.216560509554140412e-01 1.280254777070063965e-01 6.369426751592358526e-04 6.369426751592358526e-04 6.369426751592358526e-04 1.337579617834395128e-02 4.522292993630573632e-02 1.535031847133758454e-01 6.369426751592358526e-04 7.707006369426752657e-02 6.369426751592358526e-04 6.369426751592358526e-04 6.369426751592358526e-04 6.369426751592358526e-04 8.980891719745223711e-02 6.369426751592358526e-04 6.369426751592358526e-04 6.369426751592358526e-04 6.369426751592358526e-04 6.369426751592358526e-04 3.248407643312102577e-02 2.490445859872612022e-01 7.070063694267517129e-02 6.369426751592358526e-04 6.369426751592358526e-04 6.369426751592358526e-04 6.369426751592358526e-04 6.369426751592358526e-04 6.369426751592358526e-04 7.006369426751594270e-03
1.571428571428571397e-01 5.069124423963134070e-03 4.608294930875576033e-04 4.608294930875576033e-04 4.608294930875576033e-04 1.889400921658986043e-02 4.608294930875576033e-04 4.608294930875576033e-04 5.069124423963134070e-03 1.525345622119815836e-01 4.608294930875576033e-04 4.608294930875576033e-04 4.608294930875576033e-04 4.608294930875576033e-04 4.608294930875576033e-04 4.608294930875576033e-04 4.608294930875576033e-04 4.608294930875576033e-04 2.539170506912442615e-01 4.608294930875576033e-04 7.880184331797235320e-02 4.608294930875576033e-04 2.124423963133640625e-01 2.350230414746543733e-02 4.608294930875576033e-04 3.732718894009216110e-02 1.428571428571428527e-02 3.271889400921659113e-02 4.608294930875576033e-04 4.608294930875576033e-04
3.292237442922374413e-01 9.589041095890413202e-03 4.566210045662101396e-04 4.566210045662101396e-04 4.566210045662101396e-04 4.566210045662101396e-04 5.022831050228311264e-03 4.566210045662101396e-04 4.566210045662101396e-04 2.561643835616438936e-01 4.566210045662101396e-04 5.022831050228311264e-03 4.566210045662101396e-04 4.566210045662101396e-04 5.022831050228311264e-03 7.351598173515982992e-02 5.022831050228311264e-03 4.566210045662101396e-04 4.155251141552511462e-02 5.022831050228311264e-03 5.981735159817352238e-02 4.566210045662101396e-04 1.146118721461187456e-01 4.566210045662101396e-04 4.566210045662101396e-04 9.589041095890413202e-03 4.566210045662101396e-04 2.785388127853881401e-02 9.589041095890413202e-03 3.698630136986301442e-02
6.369426751592359610e-04 6.369426751592359610e-04 1.789808917197452942e-01 6.369426751592359610e-04 6.369426751592359610e-04 6.369426751592359610e-04 6.369426751592359610e-04 6.369426751592359610e-04 7.006369426751595138e-03 6.369426751592359610e-04 1.343949044585987795e-01 6.369426751592359610e-04 4.273885350318472609e-01 6.369426751592359610e-04 6.369426751592359610e-04 6.369426751592359610e-04 1.216560509554140690e-01 1.337579617834395475e-02 6.369426751592359610e-04 6.369426751592359610e-04 6.369426751592359610e-04 3.248407643312102577e-02 6.369426751592359610e-04 6.369426751592359610e-04 6.369426751592359610e-04 1.337579617834395475e-02 7.006369426751595138e-03 1.974522292993631176e-02 1.337579617834395475e-02 1.974522292993631176e-02
4.121621621621621850e-02 3.445945945945946137e-02 6.756756756756758216e-04 6.756756756756758216e-04 6.756756756756758216e-04 6.756756756756758216e-04 6.756756756756758216e-04 1.695945945945946387e-01 2.094594594594595058e-02 6.756756756756758216e-04 6.756756756756758216e-04 6.756756756756758216e-04 6.756756756756758216e-04 6.756756756756758216e-04 6.756756756756758216e-04 6.756756756756758216e-04 6.756756756756758216e-04 6.756756756756758216e-04 7.432432432432434580e-03 1.418918918918919171e-02 6.756756756756758216e-04 2.439189189189189810e-01 2.033783783783784382e-01 1.290540540540540959e-01 1.155405405405405678e-01 6.756756756756758216e-04 6.756756756756758216e-04 7.432432432432434580e-03 6.756756756756758216e-04 6.756756756756758216e-04
9.327731092436976346e-02 8.403361344537817797e-04 8.403361344537817797e-04 8.403361344537817797e-04 8.403361344537817797e-04 8.403361344537817797e-04 8.403361344537817797e-04 1.764705882352941846e-02 8.403361344537817797e-04 8.403361344537817797e-04 8.403361344537817797e-04 9.243697478991600228e-03 8.403361344537817797e-04 8.403361344537817797e-04 8.403361344537817797e-04 1.016806722689075904e-01 8.403361344537817797e-04 8.403361344537817797e-04 8.403361344537817797e-04 8.403361344537817797e-04 8.403361344537817797e-04 8.403361344537817797e-04 4.546218487394959040e-01 8.403361344537817797e-04 8.403361344537817797e-04 8.403361344537817797e-04 8.403361344537817797e-04 3.033613445378152140e-01 8.403361344537817797e-04 8.403361344537817797e-04
3.412162162162160617e-02 3.378378378378377482e-04 6.114864864864862776e-02 2.398648648648647741e-02 3.378378378378377482e-04 4.763513513513511349e-02 4.425675675675674187e-02 1.489864864864864358e-01 3.378378378378377482e-04 3.378378378378377482e-04 3.378378378378377482e-04 7.094594594594592386e-03 3.378378378378377482e-04 3.716216216216215121e-03 3.378378378378377482e-04 2.060810810810809884e-02 3.378378378378377482e-04 2.736486486486485251e-02 3.378378378378377482e-04 3.378378378378377482e-04 2.060810810810809884e-02 3.378378378378377482e-04 4.462837837837835830e-01 1.047297297297297008e-02 1.047297297297297008e-02 3.716216216216215121e-03 3.378378378378377482e-04 6.452702702702700632e-02 2.060810810810809884e-02 3.378378378378377482e-04
1.219626168224299395e-01 4.672897196261683521e-04 1.032710280373832085e-01 4.677570093457945055e-01 3.317757009345795316e-02 4.672897196261683521e-04 4.672897196261683521e-04 4.672897196261683521e-04 4.672897196261683521e-04 4.672897196261683521e-04 4.672897196261683521e-04 4.672897196261683521e-04 4.672897196261683521e-04 4.672897196261683521e-04 5.140186915887852252e-03 1.915887850467290140e-02 4.252336448598131868e-02 4.672897196261683521e-04 4.672897196261683521e-04 9.859813084112152570e-02 4.672897196261683521e-04 4.672897196261683521e-04 4.672897196261683521e-04 4.672897196261683521e-04 4.672897196261683521e-04 4.672897196261683521e-04 4.672897196261683521e-04 9.859813084112152570e-02 4.672897196261683521e-04 4.672897196261683521e-04
1.524000000000000077e-01 1.403999999999999970e-01 1.284000000000000141e-01 4.000000000000000192e-04 4.000000000000000192e-04 4.000000000000000192e-04 2.323999999999999955e-01 2.839999999999999816e-02 4.000000000000000192e-04 4.000000000000000192e-04 4.000000000000000192e-04 4.000000000000000192e-04 4.000000000000000192e-04 8.400000000000001216e-03 4.000000000000000192e-04 4.400000000000000265e-03 4.000000000000000192e-04 4.000000000000000192e-04 4.000000000000000192e-04 4.000000000000000192e-04 6.439999999999999891e-02 4.039999999999999841e-02 1.764000000000000012e-01 4.000000000000000192e-04 4.400000000000000265e-03 4.000000000000000192e-04 4.000000000000000192e-04 1.239999999999999956e-02 4.000000000000000192e-04 4.000000000000000192e-04
1.961722488038277964e-02 4.784688995215312770e-04 2.923444976076555735e-01 4.784688995215312770e-04 4.784688995215312770e-04 4.784688995215312770e-04 4.784688995215312770e-04 3.397129186602871470e-02 4.784688995215312770e-04 4.784688995215312770e-04 1.961722488038277964e-02 4.784688995215312770e-04 4.784688995215312770e-04 4.784688995215312770e-04 4.354066985645933807e-02 5.263157894736843721e-03 4.784688995215312770e-04 9.617224880382778396e-02 4.784688995215312770e-04 4.784688995215312770e-04 7.224880382775121512e-02 5.263157894736843721e-03 3.019138755980861899e-01 4.784688995215312770e-04 4.354066985645933807e-02 4.784688995215312770e-04 4.784688995215312770e-04 5.311004784688996144e-02 5.263157894736843721e-03 4.784688995215312770e-04
1.143712574850299923e-01 6.586826347305392397e-03 9.640718562874255049e-02 4.317365269461079236e-01 5.988023952095810482e-04 5.988023952095810482e-04 3.652694610778443873e-02 1.856287425149701423e-02 5.988023952095810482e-04 4.251497005988025268e-02 5.988023952095810482e-04 5.988023952095810482e-04 5.988023952095810482e-04 1.023952095808383644e-01 5.988023952095810482e-04 1.856287425149701423e-02 5.988023952095810482e-04 5.988023952095810482e-04 1.257485029940120201e-02 5.988023952095810482e-04 1.257485029940120201e-02 6.586826347305392397e-03 7.245508982035930856e-02 5.988023952095810482e-04 5.988023952095810482e-04 5.988023952095810482e-04 5.988023952095810482e-04 5.988023952095810482e-04 5.988023952095810482e-04 1.856287425149701423e-02
6.741071428571429602e-02 4.910714285714286483e-03 3.616071428571428908e-02 9.375000000000001388e-03 4.464285714285715231e-04 3.616071428571428908e-02 4.464285714285715231e-04 4.508928571428572063e-02 4.464285714285715231e-04 4.464285714285715231e-04 5.848214285714286448e-02 4.464285714285715231e-04 4.464285714285715231e-04 4.464285714285715231e-04 4.464285714285715231e-04 6.294642857142858372e-02 4.464285714285715231e-04 2.281250000000000222e-01 4.464285714285715231e-04 4.910714285714286483e-03 4.464285714285715231e-04 4.464285714285715231e-04 4.464285714285715231e-04 7.187500000000002220e-02 4.464285714285715231e-04 4.464285714285715231e-04 5.848214285714286448e-02 2.593750000000000222e-01 4.464285714285715231e-04 4.955357142857143293e-02
7.881355932203389092e-02 1.210653753026634386e-04 6.428571428571429325e-02 1.210653753026634386e-04 3.088377723970944233e-01 1.210653753026634386e-04 3.753026634382566895e-03 1.210653753026634386e-04 1.210653753026634386e-04 4.975786924939467476e-02 1.949152542372881505e-02 1.210653753026634386e-04 1.210653753026634386e-04 1.210653753026634386e-04 1.464891041162227556e-02 8.002421307506052406e-02 1.210653753026634386e-04 8.595641646489102922e-03 1.331719128329298014e-03 2.917675544794189058e-02 1.163438256658595599e-01 2.542372881355932455e-03 6.670702179176755953e-02 2.433414043583535108e-02 1.210653753026634386e-04 1.210653753026634386e-04 7.518159806295399150e-02 3.523002421307506321e-02 1.949152542372881505e-02 1.210653753026634386e-04
9.896373056994822726e-02 5.181347150259069285e-04 1.818652849740933219e-01 5.082901554404146705e-01 5.181347150259069285e-04 5.181347150259069285e-04 5.181347150259069285e-04 5.181347150259069285e-04 5.181347150259069285e-04 5.181347150259069285e-04 5.181347150259069285e-04 5.181347150259069285e-04 5.181347150259069285e-04 5.181347150259069285e-04 5.181347150259069285e-04 6.269430051813473792e-02 5.181347150259069285e-04 5.181347150259069285e-04 5.181347150259069285e-04 1.300518134715026308e-01 5.181347150259069285e-04 5.181347150259069285e-04 5.181347150259069285e-04 5.181347150259069285e-04 5.181347150259069285e-04 5.181347150259069285e-04 5.181347150259069285e-04 5.699481865284976648e-03 5.181347150259069285e-04 5.181347150259069285e-04
1.859999999999999154e-01 3.142857142857142117e-03 1.145714285714285324e-01 2.857142857142856273e-04 2.888571428571427568e-01 2.857142857142856273e-04 2.857142857142856273e-04 2.857142857142856273e-04 2.857142857142856273e-04 3.171428571428570181e-02 5.999999999999998390e-03 4.314285714285712864e-02 4.028571428571427193e-02 2.857142857142856273e-04 4.885714285714284205e-02 2.857142857142856273e-04 1.742857142857142175e-02 4.885714285714284205e-02 3.742857142857141522e-02 3.171428571428570181e-02 2.857142857142856273e-04 2.857142857142856273e-04 2.857142857142856273e-04 2.857142857142856273e-04 2.857142857142856273e-04 2.857142857142856273e-04 2.857142857142856273e-04 4.885714285714284205e-02 3.742857142857141522e-02 1.171428571428571007e-02
6.559691912708599804e-02 1.283697047496790557e-04 5.404364569961488812e-02 5.263157894736841119e-03 1.283697047496790557e-04 1.168164313222079358e-02 1.283697047496790557e-04 1.283697047496790557e-04 1.283697047496790557e-04 1.412066752246469775e-03 1.283697047496790557e-04 5.532734274711167272e-02 1.283697047496790557e-04 1.283697047496790557e-04 1.412066752246469775e-03 1.424903722721437491e-02 1.283697047496790557e-04 1.296534017971758511e-02 1.283697047496790557e-04 2.695763799743260223e-03 8.870346598202821786e-02 1.283697047496790557e-04 9.768934531450575165e-02 4.634146341463413893e-02 7.830551989730422449e-03 1.283697047496790557e-04 1.283697047496790557e-04 5.532734274711167272e-02 9.114249037227212247e-03 4.686777920410782894e-01
1.338095238095238504e-01 4.761904761904763527e-04 1.338095238095238504e-01 5.528571428571429358e-01 4.761904761904763527e-04 4.761904761904763527e-04 3.857142857142858289e-02 5.761904761904763222e-02 4.761904761904763527e-04 4.761904761904763527e-04 4.761904761904763527e-04 4.761904761904763527e-04 4.761904761904763527e-04 4.761904761904763527e-04 5.285714285714286642e-02 4.761904761904763527e-04 4.761904761904763527e-04 5.238095238095239609e-03 4.761904761904763527e-04 4.761904761904763527e-04 4.761904761904763527e-04 4.761904761904763527e-04 4.761904761904763527e-04 4.761904761904763527e-04 4.761904761904763527e-04 4.761904761904763527e-04 4.761904761904763527e-04 4.761904761904763527e-04 5.238095238095239609e-03 1.000000000000000368e-02
1.061764705882353027e-01 2.941176470588235579e-04 7.088235294117647967e-02 2.941176470588235579e-04 2.941176470588235579e-04 2.941176470588235579e-04 2.941176470588235579e-04 2.941176470588235579e-04 2.941176470588235579e-04 1.794117647058823470e-02 3.235294117647059299e-03 3.852941176470588147e-02 2.941176470588235579e-04 2.941176470588235579e-04 2.941176470588235579e-04 2.941176470588235579e-04 2.941176470588235579e-04 2.941176470588235579e-04 2.941176470588235579e-04 2.382352941176470520e-02 6.794117647058824094e-02 2.941176470588235579e-04 2.941176470588235579e-04 2.941176470588235579e-04 3.235294117647059299e-03 2.970588235294117571e-02 1.591176470588235303e-01 2.591176470588235081e-01 2.149999999999999967e-01 2.941176470588235579e-04
1.048022598870056582e-01 2.824858757062146991e-04 2.824858757062146991e-04 2.824858757062146991e-04 2.824858757062146991e-04 2.824858757062146991e-04 2.824858757062146991e-04 2.824858757062146991e-04 2.824858757062146991e-04 8.757062146892655510e-03 5.932203389830508627e-03 5.932203389830508627e-03 1.158192090395480066e-02 2.824858757062146991e-04 5.932203389830508627e-03 8.757062146892655510e-03 3.107344632768361745e-03 3.418079096045197746e-02 8.757062146892655510e-03 4.265536723163841637e-02 2.824858757062146991e-04 2.824858757062146991e-04 1.838983050847457501e-01 3.983050847457626775e-02 3.107344632768361745e-03 2.824858757062146991e-04 2.824858757062146991e-04 1.104519774011299416e-01 3.957627118644067576e-01 2.288135593220338992e-02
1.271126760563380254e-01 3.521126760563380470e-04 1.795774647887323980e-02 3.521126760563380470e-04 3.521126760563380470e-04 3.521126760563380470e-04 3.521126760563380470e-04 3.521126760563380470e-04 9.894366197183099287e-02 3.521126760563380470e-04 3.521126760563380470e-04 7.394366197183099149e-03 3.521126760563380470e-04 3.521126760563380470e-04 3.521126760563380470e-04 1.975352112676056482e-01 3.521126760563380470e-04 3.521126760563380470e-04 3.521126760563380470e-04 1.306338028169014009e-01 1.728873239436619635e-01 3.521126760563380470e-04 3.521126760563380470e-04 3.521126760563380470e-04 3.521126760563380470e-04 3.873239436619718788e-03 3.204225352112675951e-02 1.517605633802816822e-01 3.521126760563380470e-04 5.316901408450704081e-02
4.095041322314050269e-01 4.545454545454546968e-03 4.132231404958678668e-04 2.520661157024793944e-02 4.132231404958678668e-04 4.132231404958678668e-04 3.347107438016529851e-02 7.479338842975208346e-02 4.132231404958678668e-04 3.760330578512397631e-02 4.132231404958678668e-04 4.132231404958678668e-04 4.132231404958678668e-04 4.132231404958678668e-04 4.132231404958678668e-04 4.132231404958678668e-04 1.574380165289256672e-01 4.132231404958678668e-04 2.933884297520661724e-02 4.132231404958678668e-04 4.132231404958678668e-04 1.280991735537190430e-02 4.132231404958678668e-04 4.132231404958678668e-04 4.132231404958678668e-04 2.070247933884298008e-01 4.132231404958678668e-04 4.132231404958678668e-04 4.132231404958678668e-04 4.132231404958678668e-04
8.642384105960261576e-02 3.311258278145694277e-04 1.427152317880794330e-01 3.311258278145694277e-04 8.642384105960261576e-02 3.311258278145694277e-04 3.311258278145694277e-04 3.311258278145694277e-04 3.642384105960263813e-03 3.311258278145694277e-04 6.953642384105958307e-03 3.049668874172183908e-01 1.688741721854303962e-02 3.311258278145694277e-04 3.642384105960263813e-03 1.162251655629138736e-01 3.642384105960263813e-03 3.311258278145694277e-04 3.311258278145694277e-04 7.980132450331123284e-02 3.311258278145694277e-04 3.311258278145694277e-04 3.311258278145694277e-04 3.642384105960263813e-03 3.311258278145694277e-04 4.006622516556290065e-02 2.682119205298012093e-02 7.317880794701984992e-02 3.311258278145694277e-04 3.311258278145694277e-04
8.483146067415731073e-02 5.617977528089889219e-04 5.617977528089889219e-04 5.617977528089889219e-04 5.617977528089889219e-04 5.617977528089889219e-04 5.617977528089889219e-04 5.617977528089889219e-04 5.617977528089889219e-04 1.179775280898876649e-02 5.617977528089889219e-04 5.617977528089889219e-04 5.617977528089889219e-04 5.617977528089889219e-04 5.617977528089889219e-04 5.617977528089889219e-04 5.617977528089889219e-04 2.865168539325842895e-02 5.617977528089889219e-04 1.129213483146067620e-01 9.044943820224721209e-02 5.617977528089889219e-04 4.550561797752809834e-02 1.741573033707865398e-02 5.617977528089889219e-04 5.617977528089889219e-04 5.617977528089889219e-04 2.421348314606742158e-01 3.488764044943820641e-01 6.179775280898878141e-03
1.511173184357541832e-01 2.793296089385474625e-04 1.008379888268156332e-01 2.793296089385474625e-04 2.793296089385474625e-04 2.793296089385474625e-04 3.072625698324022141e-03 2.793296089385474625e-04 2.793296089385474625e-04 2.793296089385474625e-04 2.793296089385474625e-04 2.793296089385474625e-04 3.072625698324022141e-03 2.793296089385474625e-04 2.793296089385474625e-04 6.731843575418994252e-02 2.793296089385474625e-04 1.703910614525139255e-02 3.938547486033518868e-02 3.072625698324022141e-03 9.804469273743016133e-02 2.793296089385474625e-04 7.290502793296088635e-02 2.793296089385474625e-04 3.072625698324022141e-03 1.145251396648044352e-02 3.072625698324022141e-03 4.220670391061451809e-01 2.793296089385474625e-04 2.793296089385474625e-04
8.988095238095239470e-02 6.547619047619049511e-03 5.952380952380954002e-04 5.952380952380954002e-04 5.952380952380954002e-04 6.547619047619049511e-03 5.952380952380954002e-04 1.553571428571428881e-01 5.952380952380954002e-04 5.952380952380954002e-04 5.952380952380954002e-04 5.952380952380954002e-04 5.952380952380954002e-04 5.952380952380954002e-04 5.952380952380954002e-04 6.547619047619049511e-03 5.952380952380954002e-04 5.952380952380954002e-04 3.035714285714286031e-02 6.011904761904762751e-02 6.011904761904762751e-02 4.821428571428572341e-02 1.255952380952381209e-01 5.952380952380954002e-04 2.744047619047619846e-01 5.952380952380954002e-04 1.845238095238095621e-02 1.077380952380952717e-01 5.952380952380954002e-04 5.952380952380954002e-04
1.518348623853211510e-01 4.587155963302753632e-04 2.114678899082569341e-01 3.903669724770643112e-01 4.587155963302753632e-04 4.587155963302753632e-04 4.587155963302753632e-04 4.587155963302753632e-04 4.587155963302753632e-04 9.633027522935782086e-03 4.587155963302753632e-04 4.587155963302753632e-04 4.587155963302753632e-04 4.587155963302753632e-04 2.798165137614679401e-02 4.587155963302753632e-04 4.587155963302753632e-04 5.550458715596331277e-02 4.587155963302753632e-04 1.422018348623853637e-02 4.587155963302753632e-04 4.587155963302753632e-04 4.587155963302753632e-04 4.633027522935780768e-02 4.587155963302753632e-04 1.422018348623853637e-02 4.587155963302753632e-04 6.926605504587157736e-02 4.587155963302753632e-04 4.587155963302753632e-04
4.219409282700423104e-04 4.219409282700423104e-04 7.637130801687766479e-02 4.219409282700423104e-04 1.396624472573839981e-01 4.219409282700423104e-04 4.219409282700423104e-04 4.219409282700423104e-04 4.219409282700423104e-04 4.219409282700423104e-04 4.219409282700423104e-04 3.928270042194093592e-01 8.860759493670888193e-03 4.219409282700423104e-04 4.219409282700423104e-04 4.219409282700423104e-04 4.219409282700423104e-04 1.308016877637131238e-02 4.683544303797469027e-02 1.776371308016878037e-01 1.729957805907173310e-02 4.219409282700423104e-04 4.641350210970465739e-03 2.573839662447257801e-02 4.219409282700423104e-04 4.219409282700423104e-04 4.219409282700423104e-04 8.902953586497892868e-02 4.219409282700423104e-04 4.219409282700423104e-04
5.259259259259261438e-02 4.600000000000001865e-01 7.407407407407411376e-04 7.407407407407411376e-04 1.637037037037037956e-01 4.518518518518520322e-02 7.407407407407411376e-04 7.407407407407411376e-04 7.407407407407411376e-04 7.407407407407411376e-04 3.037037037037038090e-02 7.407407407407411376e-04 7.407407407407411376e-04 7.407407407407411376e-04 7.407407407407411376e-04 7.407407407407411376e-04 1.044444444444444925e-01 7.407407407407411376e-04 6.740740740740742976e-02 7.407407407407411376e-04 1.555555555555556205e-02 7.407407407407411376e-04 7.407407407407411376e-04 7.407407407407411376e-04 8.148148148148152622e-03 3.777777777777779206e-02 7.407407407407411376e-04 7.407407407407411376e-04 7.407407407407411376e-04 7.407407407407411376e-04
1.772093023255814359e-01 4.651162790697675764e-04 9.813953488372095801e-02 5.818604651162792019e-01 4.651162790697675764e-04 4.651162790697675764e-04 6.093023255813954930e-02 4.232558139534884495e-02 1.441860465116279535e-02 4.651162790697675764e-04 4.651162790697675764e-04 4.651162790697675764e-04 4.651162790697675764e-04 5.116279069767444045e-03 4.651162790697675764e-04 4.651162790697675764e-04 4.651162790697675764e-04 4.651162790697675764e-04 4.651162790697675764e-04 4.651162790697675764e-04 9.767441860465119266e-03 4.651162790697675764e-04 4.651162790697675764e-04 4.651162790697675764e-04 4.651162790697675764e-04 4.651162790697675764e-04 4.651162790697675764e-04 4.651162790697675764e-04 4.651162790697675764e-04 4.651162790697675764e-04
1.196428571428571758e-01 5.952380952380954002e-04 5.952380952380954002e-04 6.011904761904762751e-02 5.952380952380954002e-04 6.607142857142858650e-02 5.952380952380954002e-04 3.339285714285715190e-01 5.952380952380954002e-04 3.630952380952381237e-02 5.952380952380954002e-04 5.952380952380954002e-04 8.392857142857143571e-02 5.952380952380954002e-04 5.952380952380954002e-04 5.952380952380954002e-04 5.952380952380954002e-04 5.952380952380954002e-04 4.821428571428572341e-02 5.952380952380954002e-04 5.952380952380954002e-04 6.607142857142858650e-02 5.952380952380954002e-04 1.494047619047619291e-01 5.952380952380954002e-04 5.952380952380954002e-04 6.547619047619049511e-03 5.952380952380954002e-04 1.845238095238095621e-02 5.952380952380954002e-04
1.782608695652174446e-01 3.952569169960475342e-04 3.952569169960475342e-04 3.952569169960475342e-04 1.225296442687747421e-02 4.347826086956522659e-03 3.952569169960475342e-04 4.347826086956522659e-03 3.952569169960475342e-04 3.952569169960475342e-04 3.952569169960475342e-04 3.952569169960475342e-04 3.952569169960475342e-04 3.952569169960475342e-04 3.952569169960475342e-04 4.782608695652174752e-02 3.952569169960475342e-04 3.952569169960475342e-04 3.952569169960475342e-04 3.952569169960475342e-04 8.735177865612650527e-02 3.952569169960475342e-04 1.229249011857707907e-01 2.806324110671937211e-02 3.952569169960475342e-04 3.952569169960475342e-04 3.952569169960475342e-04 5.023715415019763819e-01 3.952569169960475342e-04 4.347826086956522659e-03
1.361165048543689082e-01 1.941747572815534116e-04 7.961165048543689116e-03 1.941747572815534116e-04 1.941747572815534116e-04 4.077669902912621318e-03 3.320388349514563631e-02 1.378640776699029125e-02 1.941747572815534116e-04 6.019417475728155650e-03 1.941747572815534116e-04 1.941747572815534116e-04 1.941747572815534116e-04 1.941747572815534116e-04 1.941747572815534116e-04 2.543689320388349551e-02 4.077669902912621318e-03 1.941747572815534116e-04 9.902912621359222581e-03 7.786407766990291468e-02 9.145631067961165761e-02 1.941747572815534116e-04 4.097087378640777017e-02 4.077669902912621318e-03 1.941747572815534116e-04 6.019417475728155650e-03 4.097087378640777017e-02 2.351456310679611583e-01 2.487378640776699013e-01 1.184466019417475605e-02
1.125000000000000028e-01 4.310344827586207379e-04 6.508620689655172931e-02 4.310344827586207379e-04 4.310344827586207379e-04 4.310344827586207379e-04 4.741379310344828388e-03 4.784482758620689502e-02 4.310344827586207379e-04 4.310344827586207379e-04 4.310344827586207379e-04 4.310344827586207379e-04 4.310344827586207379e-04 4.310344827586207379e-04 4.310344827586207379e-04 8.232758620689656359e-02 4.310344827586207379e-04 4.310344827586207379e-04 4.310344827586207379e-04 4.310344827586207379e-04 9.525862068965518237e-02 4.310344827586207379e-04 7.370689655172414645e-02 2.629310344827585910e-02 4.310344827586207379e-04 2.198275862068965400e-02 4.310344827586207379e-04 4.487068965517241326e-01 4.310344827586207379e-04 1.336206896551724206e-02
