4.672897196261682437e-04 1.873831775700934565e-01 5.140186915887850518e-03 3.317757009345793928e-02 5.140186915887850518e-03 4.672897196261682437e-04 1.032710280373831807e-01 4.672897196261682437e-04 4.672897196261682437e-04 1.915887850467289447e-02 2.107476635514018704e-01 4.672897196261682437e-04 9.392523364485981519e-02 4.252336448598130481e-02 4.672897196261682437e-04 4.672897196261682437e-04 4.672897196261682437e-04 1.546728971962616772e-01 1.915887850467289447e-02 4.672897196261682437e-04 4.672897196261682437e-04 4.672897196261682437e-04 4.672897196261682437e-04 4.672897196261682437e-04 4.672897196261682437e-04 4.672897196261682437e-04 9.813084112149532412e-03 4.672897196261682437e-04 4.672897196261682437e-04 1.079439252336448635e-01
2.865329512893982069e-04 6.332378223495700731e-02 2.865329512893982069e-04 2.865329512893982069e-04 7.191977077363895243e-02 8.051575931232089756e-02 1.865329512893982022e-01 1.521489971346704495e-01 4.326647564469912610e-02 2.865329512893982069e-04 4.326647564469912610e-02 2.865329512893982069e-04 5.186246418338107816e-02 3.151862464183380168e-03 7.478510028653292951e-02 1.461318051575930671e-02 2.865329512893982069e-04 6.905444126074496147e-02 2.865329512893982069e-04 4.040114613180514208e-02 2.865329512893982069e-04 2.865329512893982069e-04 8.051575931232089756e-02 6.017191977077362454e-03 3.151862464183380168e-03 2.865329512893982069e-04 1.174785100286532442e-02 2.865329512893982069e-04 2.865329512893982069e-04 2.865329512893982069e-04
2.958579881656803689e-04 2.100591715976330570e-02 3.254437869822484220e-03 1.508875739644969724e-02 3.284023668639052262e-02 5.650887573964495647e-02 2.958579881656803689e-04 2.958579881656803689e-04 2.958579881656803689e-04 2.958579881656803689e-04 6.213017751479288017e-03 4.171597633136093358e-02 1.275147928994082580e-01 8.017751479289939032e-02 2.958579881656803689e-04 2.958579881656803689e-04 2.988165680473371666e-02 2.958579881656803689e-04 9.171597633136092248e-03 4.174556213017749928e-01 3.284023668639052262e-02 2.958579881656803689e-04 5.650887573964495647e-02 1.804733727810650321e-02 2.958579881656803689e-04 2.958579881656803689e-04 2.958579881656803689e-04 2.958579881656803689e-04 9.171597633136092248e-03 3.875739644970412762e-02
7.833333333333333814e-02 5.555555555555556635e-04 2.505555555555555869e-01 6.111111111111112298e-03 5.555555555555556635e-04 5.555555555555556635e-04 5.555555555555556635e-04 6.111111111111112298e-03 5.555555555555556635e-04 1.166666666666666893e-02 5.555555555555556635e-04 2.833333333333333537e-02 1.172222222222222554e-01 4.500000000000000527e-02 1.722222222222222557e-02 5.555555555555556635e-04 5.555555555555556635e-04 2.172222222222222610e-01 5.555555555555556635e-04 5.555555555555556635e-04 2.833333333333333537e-02 3.388888888888889200e-02 1.172222222222222554e-01 5.555555555555556635e-04 5.555555555555556635e-04 5.555555555555556635e-04 3.388888888888889200e-02 5.555555555555556635e-04 5.555555555555556635e-04 5.555555555555556635e-04
4.566210045662101938e-04 5.525114155251142911e-02 6.438356164383562952e-02 4.566210045662101938e-04 4.566210045662101938e-04 4.566210045662101938e-04 4.566210045662101938e-04 4.566210045662101938e-04 4.566210045662101938e-04 5.022831050228312132e-03 5.022831050228312132e-03 4.566210045662101938e-04 4.753424657534247588e-01 4.566210045662101938e-04 4.566210045662101938e-04 4.566210045662101938e-04 2.328767123287671728e-02 4.566210045662101938e-04 9.589041095890413202e-03 8.721461187214614441e-02 4.566210045662101938e-04 4.566210045662101938e-04 1.415525114155251514e-02 4.155251141552512156e-02 4.566210045662101938e-04 1.872146118721461361e-02 4.566210045662101938e-04 1.191780821917808597e-01 9.589041095890413202e-03 6.438356164383562952e-02
3.816793893129770952e-04 8.053435114503817993e-02 4.236641221374045502e-02 3.816793893129770952e-04 9.580152671755726157e-02 1.645038167938931428e-01 4.236641221374045502e-02 3.816793893129770952e-04 3.816793893129770952e-04 3.816793893129770952e-04 1.564885496183205868e-02 1.946564885496182909e-02 2.751908396946564639e-01 3.816793893129770952e-04 3.816793893129770952e-04 3.816793893129770952e-04 3.816793893129770952e-04 3.816793893129770952e-04 3.816793893129770952e-04 7.671755725190840258e-02 1.564885496183205868e-02 4.198473282442748318e-03 3.816793893129770952e-04 3.816793893129770952e-04 3.816793893129770952e-04 3.816793893129770952e-04 3.816793893129770952e-04 3.816793893129770952e-04 1.606870229007633655e-01 3.816793893129770952e-04
5.732009925558311653e-02 3.129032258064515237e-01 2.481389578163771168e-04 2.754342431761785601e-02 2.009925558312654348e-02 2.729528535980148447e-03 2.481389578163771168e-04 2.481389578163771168e-04 2.481389578163771168e-04 2.729528535980148447e-03 1.019851116625309917e-01 2.481389578163771168e-04 9.950372208436722432e-02 5.483870967741934221e-02 2.481389578163771168e-04 2.481389578163771168e-04 2.481389578163771168e-04 2.481389578163771168e-04 2.481389578163771168e-04 5.210918114143919290e-03 2.481389578163771168e-04 1.243176178660049258e-01 2.481389578163771168e-04 2.481389578163771168e-04 2.481389578163771168e-04 9.950372208436722432e-02 2.481389578163771168e-04 2.481389578163771168e-04 4.987593052109180053e-02 3.746898263027294285e-02
4.237288135593221842e-04 3.775423728813560031e-01 4.237288135593221842e-04 1.737288135593220706e-02 4.237288135593221842e-04 4.237288135593221842e-04 4.237288135593221842e-04 4.237288135593221842e-04 1.737288135593220706e-02 4.237288135593221842e-04 2.885593220338983356e-01 4.661016949152543484e-03 4.661016949152543484e-03 8.940677966101698293e-02 4.237288135593221842e-04 2.161016949152542652e-02 1.313559322033898587e-02 4.703389830508475367e-02 3.855932203389831475e-02 1.313559322033898587e-02 4.237288135593221842e-04 4.237288135593221842e-04 3.432203389830509183e-02 4.237288135593221842e-04 4.237288135593221842e-04 4.237288135593221842e-04 4.237288135593221842e-04 8.898305084745764676e-03 8.898305084745764676e-03 8.898305084745764676e-03
4.184100418410043216e-04 5.481171548117155790e-02 4.184100418410043216e-04 4.602510460251047104e-03 4.020920502092050763e-01 8.786610878661090321e-03 4.184100418410043216e-04 2.849372384937238767e-01 1.715481171548117328e-02 4.184100418410043216e-04 1.715481171548117328e-02 4.184100418410043216e-04 6.317991631799164953e-02 4.184100418410043216e-04 1.297071129707113267e-02 4.184100418410043216e-04 4.184100418410043216e-04 1.297071129707113267e-02 4.184100418410043216e-04 4.184100418410043216e-04 5.062761506276151902e-02 1.715481171548117328e-02 1.297071129707113267e-02 4.184100418410043216e-04 4.184100418410043216e-04 8.786610878661090321e-03 4.184100418410043216e-04 2.552301255230126145e-02 4.184100418410043216e-04 4.184100418410043216e-04
4.784688995215312770e-04 4.784688995215312770e-04 4.784688995215312770e-04 4.784688995215312770e-04 5.507177033492823837e-01 4.784688995215312770e-04 2.014354066985646619e-01 5.263157894736843721e-03 4.784688995215312770e-04 4.784688995215312770e-04 4.832535885167465323e-02 5.263157894736843721e-03 4.784688995215312770e-04 2.440191387559809133e-02 1.004784688995215627e-02 4.784688995215312770e-04 1.004784688995215627e-02 4.784688995215312770e-04 4.784688995215312770e-04 3.397129186602871470e-02 4.784688995215312770e-04 1.483253588516746796e-02 4.784688995215312770e-04 5.263157894736843721e-03 5.263157894736843721e-03 4.784688995215312770e-04 4.354066985645933807e-02 4.784688995215312770e-04 3.397129186602871470e-02 4.784688995215312770e-04
2.398081534772181765e-04 5.779376498800958134e-02 2.637889688249399778e-03 2.398081534772181765e-04 7.434052757793763525e-03 5.035971223021581435e-03 1.462829736211030719e-02 2.398081534772181765e-04 5.035971223021581435e-03 2.398081534772181765e-04 2.136690647482013539e-01 7.434052757793763525e-03 1.273381294964028576e-01 2.398081534772181765e-04 2.637889688249399778e-03 8.657074340527576295e-02 1.462829736211030719e-02 5.035971223021581435e-03 2.398081534772181765e-04 4.031175059952037398e-01 2.398081534772181765e-04 2.398081534772181765e-04 2.398081534772181765e-04 1.223021582733812597e-02 2.398081534772181765e-04 2.398081534772181765e-04 2.398081534772181765e-04 9.832134292565943012e-03 2.182254196642685259e-02 2.398081534772181765e-04
4.132231404958678668e-04 4.132231404958678668e-04 4.545454545454546968e-03 4.132231404958678668e-04 4.132231404958678668e-04 4.132231404958678668e-04 1.280991735537190430e-02 1.822314049586777340e-01 4.132231404958678668e-04 4.545454545454546968e-03 4.132231404958678668e-04 4.132231404958678668e-04 4.132231404958678668e-04 3.475206611570248461e-01 8.677685950413224769e-03 2.107438016528925817e-02 4.132231404958678668e-04 2.276859504132232037e-01 4.132231404958678668e-04 9.958677685950416414e-02 4.132231404958678668e-04 4.132231404958678668e-04 4.132231404958678668e-04 4.132231404958678668e-04 4.586776859504133191e-02 4.132231404958678668e-04 4.132231404958678668e-04 3.760330578512397631e-02 4.132231404958678668e-04 4.132231404958678668e-04
4.629629629629630891e-04 4.629629629629630891e-04 1.898148148148148459e-02 4.629629629629630891e-04 1.671296296296296835e-01 4.675925925925927124e-02 1.486111111111111660e-01 4.629629629629630891e-04 5.092592592592594739e-03 6.064814814814815935e-02 5.601851851851852998e-02 4.629629629629630891e-04 1.763888888888889284e-01 4.629629629629630891e-04 4.629629629629630891e-04 4.629629629629630891e-04 1.532407407407407884e-01 4.629629629629630891e-04 4.629629629629630891e-04 2.361111111111111396e-02 2.361111111111111396e-02 4.629629629629630891e-04 3.750000000000000555e-02 4.629629629629630891e-04 9.722222222222225846e-03 4.629629629629630891e-04 4.629629629629630891e-04 1.435185185185185522e-02 4.675925925925927124e-02 5.092592592592594739e-03
3.508771929824560059e-04 3.859649122807016445e-03 4.947368421052629472e-02 8.105263157894733450e-02 9.859649122807014054e-02 8.456140350877190681e-02 8.105263157894733450e-02 5.649122807017541853e-02 3.508771929824560059e-04 3.508771929824560059e-04 1.087719298245613635e-02 3.508771929824560059e-04 1.161403508771929466e-01 3.508771929824560059e-04 1.789473684210525495e-02 3.508771929824560059e-04 3.508771929824560059e-04 3.508771929824560059e-04 1.087719298245613635e-02 3.508771929824560059e-04 3.508771929824560059e-04 2.670175438596489870e-01 3.508771929824560059e-04 3.508771929824560059e-04 1.438596491228069478e-02 2.140350877192981338e-02 3.508771929824560059e-04 3.508771929824560059e-04 8.105263157894733450e-02 3.508771929824560059e-04
3.623188405797100409e-04 2.572463768115940824e-02 3.623188405797100409e-04 3.623188405797100409e-04 4.746376811594200940e-02 3.623188405797100409e-04 3.623188405797100409e-04 1.380434782608695177e-01 3.623188405797100409e-04 3.623188405797100409e-04 4.384057971014490573e-02 2.210144927536230805e-02 3.623188405797100409e-04 3.119565217391302991e-01 3.985507246376810558e-03 3.623188405797100409e-04 3.623188405797100409e-04 2.286231884057970121e-01 3.623188405797100409e-04 1.416666666666666075e-01 3.623188405797100409e-04 2.210144927536230805e-02 3.623188405797100409e-04 7.608695652173909883e-03 3.623188405797100409e-04 3.623188405797100409e-04 3.623188405797100409e-04 3.623188405797100409e-04 3.623188405797100409e-04 3.623188405797100409e-04
3.546099290780140457e-04 2.131205673758864438e-01 2.840425531914892443e-01 3.546099290780140457e-04 3.546099290780140457e-04 2.872340425531913488e-02 5.709219858156026894e-02 5.709219858156026894e-02 3.546099290780140457e-04 3.546099290780140457e-04 6.773049645390068207e-02 3.546099290780140457e-04 3.900709219858154719e-03 4.999999999999998196e-02 3.900709219858154719e-03 3.546099290780140457e-04 3.546099290780140457e-04 1.634751773049644696e-01 3.546099290780140457e-04 3.936170212765955495e-02 7.446808510638295610e-03 3.546099290780140457e-04 3.546099290780140457e-04 3.546099290780140457e-04 3.546099290780140457e-04 3.546099290780140457e-04 3.546099290780140457e-04 3.546099290780140457e-04 3.546099290780140457e-04 1.808510638297871481e-02
4.424778761061948468e-04 9.336283185840710264e-02 4.424778761061948468e-04 4.424778761061948468e-04 4.867256637168143260e-03 1.371681415929203868e-02 1.371681415929203868e-02 4.424778761061948468e-04 4.424778761061948468e-04 4.424778761061948468e-04 6.681415929203540771e-02 4.424778761061948468e-04 4.424778761061948468e-04 4.424778761061948468e-04 4.424778761061948468e-04 1.907079646017699748e-01 4.424778761061948468e-04 4.026548672566372666e-02 4.424778761061948468e-04 4.429203539823009517e-01 2.256637168141593236e-02 4.424778761061948468e-04 4.424778761061948468e-04 4.424778761061948468e-04 4.867256637168143260e-03 9.292035398230091836e-03 4.424778761061948468e-04 8.893805309734516273e-02 4.424778761061948468e-04 4.424778761061948468e-04
4.098360655737705999e-04 4.098360655737705999e-04 8.606557377049182597e-03 4.098360655737705999e-04 1.270491803278688860e-02 9.057377049180330431e-02 6.188524590163935885e-02 1.680327868852459286e-02 1.680327868852459286e-02 4.959016393442623738e-02 1.971311475409836533e-01 1.680327868852459286e-02 4.098360655737705999e-04 4.098360655737705999e-04 4.959016393442623738e-02 8.606557377049182597e-03 1.930327868852459439e-01 4.098360655737705999e-04 4.098360655737705999e-04 4.098360655737705999e-04 7.418032786885248031e-02 4.098360655737705999e-04 1.889344262295082344e-01 4.098360655737705999e-04 4.098360655737705999e-04 4.098360655737705999e-04 4.098360655737705999e-04 4.098360655737705999e-04 4.098360655737705999e-04 8.606557377049182597e-03
3.663003663003661916e-04 2.600732600732599473e-02 5.531135531135528832e-02 3.663003663003661916e-04 4.029304029304027999e-03 3.663003663003661916e-04 1.501831501831501006e-02 3.153846153846152078e-01 3.663003663003661916e-04 3.663003663003661916e-04 3.663003663003661916e-04 3.663003663003661916e-04 3.333333333333331899e-02 3.663003663003661916e-04 3.663003663003661916e-04 5.531135531135528832e-02 3.663003663003661916e-04 5.897435897435895219e-02 3.663003663003661916e-04 3.663003663003661916e-04 3.663003663003661916e-04 4.179487179487177406e-01 3.663003663003661916e-04 1.135531135531135140e-02 3.663003663003661916e-04 3.663003663003661916e-04 3.663003663003661916e-04 3.663003663003661916e-04 3.663003663003661916e-04 3.663003663003661916e-04
4.166666666666667476e-04 8.750000000000000833e-03 1.379166666666666874e-01 1.795833333333333726e-01 4.166666666666667476e-04 4.166666666666667476e-04 4.166666666666667476e-04 1.170833333333333587e-01 4.166666666666667476e-04 4.166666666666667476e-04 7.125000000000000777e-02 4.166666666666667476e-04 4.166666666666667476e-04 4.166666666666667476e-04 4.166666666666667476e-04 1.795833333333333726e-01 4.166666666666667476e-04 1.045833333333333476e-01 8.750000000000000833e-03 4.166666666666667476e-04 4.166666666666667476e-04 1.087500000000000133e-01 4.166666666666667476e-04 4.166666666666667476e-04 4.166666666666667476e-04 4.166666666666667476e-04 4.166666666666667476e-04 5.041666666666667213e-02 4.166666666666667476e-04 2.541666666666666727e-02
4.761904761904762985e-04 9.095238095238096510e-02 5.238095238095239609e-03 4.761904761904762985e-04 4.761904761904762985e-04 4.761904761904762985e-04 4.761904761904762985e-04 4.761904761904762985e-04 4.761904761904762985e-04 4.761904761904762985e-04 1.195238095238095460e-01 1.476190476190476428e-02 1.952380952380952314e-02 1.000000000000000194e-02 7.666666666666668850e-02 2.428571428571428895e-02 5.285714285714285948e-02 2.428571428571428895e-02 4.761904761904762985e-04 7.190476190476191576e-02 1.480952380952381131e-01 4.761904761904762985e-04 4.761904761904762985e-04 4.761904761904762985e-04 1.000000000000000194e-02 4.761904761904762985e-04 4.761904761904762985e-04 4.761904761904762985e-04 1.100000000000000283e-01 2.147619047619047927e-01
3.398876404494381026e-02 1.435393258426965746e-01 1.716292134831460259e-01 8.707865168539323519e-03 2.808988764044942983e-04 2.808988764044942983e-04 8.174157303370784000e-02 2.808988764044942983e-04 5.084269662921347271e-02 2.808988764044942983e-04 8.174157303370784000e-02 2.808988764044942983e-04 2.306179775280897959e-01 5.646067415730336020e-02 2.808988764044942983e-04 5.898876404494380644e-03 2.808988764044942983e-04 2.808988764044942983e-04 1.151685393258426553e-02 1.151685393258426553e-02 2.808988764044942983e-04 2.808988764044942983e-04 2.808988764044942983e-04 2.275280898876403529e-02 2.808988764044942983e-04 2.808988764044942983e-04 1.994382022471909502e-02 2.808988764044942983e-04 2.275280898876403529e-02 4.241573033707863455e-02
3.873239436619719221e-03 2.500000000000000486e-02 8.838028169014086610e-02 3.521126760563381012e-04 6.725352112676058480e-02 2.257042253521127084e-01 3.521126760563381012e-04 2.500000000000000486e-02 3.521126760563381012e-04 3.521126760563381012e-04 3.204225352112676645e-02 3.521126760563381012e-04 3.521126760563381012e-04 1.795774647887324327e-02 3.521126760563381012e-04 1.443661971830986074e-02 9.894366197183100675e-02 3.521126760563381012e-04 3.521126760563381012e-04 3.521126760563381012e-04 1.095070422535211474e-01 3.521126760563381012e-04 3.521126760563381012e-04 3.521126760563381012e-04 3.521126760563381012e-04 3.521126760563381012e-04 3.521126760563381012e-04 8.838028169014086610e-02 3.521126760563381012e-04 1.975352112676056759e-01
2.906976744186045387e-04 1.543604651162789887e-01 8.749999999999996669e-02 2.906976744186045387e-04 2.906976744186045387e-04 2.906976744186045387e-04 2.645348837209300988e-02 2.645348837209300988e-02 2.906976744186045387e-04 2.906976744186045387e-04 1.311046511627906308e-01 2.906976744186045387e-04 2.906976744186045387e-04 2.936046511627905461e-02 2.906976744186045387e-04 1.482558139534882920e-02 6.104651162790694988e-03 2.357558139534882413e-01 9.011627906976739724e-03 3.517441860465114756e-02 3.197674418604649817e-03 2.906976744186045387e-04 3.226744186046509588e-02 2.906976744186045387e-04 2.906976744186045387e-04 2.906976744186045387e-04 2.906976744186045387e-04 1.194767441860464519e-01 2.906976744186045387e-04 8.459302325581391502e-02
2.745762711864405473e-02 1.155932203389830049e-01 3.389830508474575414e-04 5.796610169491523551e-02 3.054237288135591699e-01 3.389830508474575414e-04 5.118644067796607883e-02 1.935593220338982234e-01 3.389830508474575414e-04 3.389830508474575414e-04 7.118644067796608098e-03 7.118644067796608098e-03 2.067796610169490498e-02 7.491525423728810640e-02 3.389830508474575414e-04 3.389830508474575414e-04 3.389830508474575414e-04 1.155932203389830049e-01 7.118644067796608098e-03 3.389830508474575414e-04 7.118644067796608098e-03 3.389830508474575414e-04 3.389830508474575414e-04 3.389830508474575414e-04 3.389830508474575414e-04 3.389830508474575414e-04 3.389830508474575414e-04 3.389830508474575414e-04 3.728813559322032792e-03 3.389830508474575414e-04
3.344481605351169316e-04 3.344481605351169316e-04 1.508361204013377310e-01 3.344481605351169316e-04 3.344481605351169316e-04 3.344481605351169316e-04 3.344481605351169316e-04 3.344481605351169316e-04 3.344481605351169316e-04 3.344481605351169316e-04 3.147157190635450075e-01 1.036789297658862428e-02 3.344481605351169316e-04 2.374581939799329938e-02 3.344481605351169316e-04 7.391304347826084531e-02 3.344481605351169316e-04 3.013377926421403341e-01 3.344481605351169316e-04 3.344481605351169316e-04 3.344481605351169316e-04 3.712374581939797968e-02 3.344481605351169316e-04 3.344481605351169316e-04 1.705685618729096270e-02 3.344481605351169316e-04 3.344481605351169316e-04 3.043478260869563953e-02 3.377926421404681134e-02 3.344481605351169316e-04
3.257328990228012091e-04 3.257328990228012091e-04 1.335504885993484686e-02 1.009771986970683759e-02 3.257328990228012091e-04 3.257328990228012091e-04 3.257328990228012091e-04 3.257328990228012091e-04 3.257328990228012091e-04 3.257328990228012091e-04 3.586319218241040829e-01 3.257328990228012091e-04 2.638436482084689436e-02 3.289902280130291984e-02 3.257328990228012091e-04 3.257328990228012091e-04 3.257328990228012091e-04 4.074918566775242446e-01 3.257328990228012091e-04 3.257328990228012091e-04 3.257328990228012091e-04 8.501628664495111676e-02 3.257328990228012091e-04 3.257328990228012091e-04 3.583061889250813408e-03 1.335504885993484686e-02 3.257328990228012091e-04 4.267100977198695633e-02 3.257328990228012091e-04 3.257328990228012091e-04
1.838235294117647033e-04 1.380514705882352755e-01 7.555147058823530326e-02 1.838235294117647033e-04 1.121323529411764712e-02 1.121323529411764712e-02 1.838235294117647033e-04 5.698529411764706454e-03 1.838235294117647033e-04 1.838235294117647033e-04 9.025735294117646912e-02 1.838235294117647033e-04 1.987132352941176350e-01 5.698529411764706454e-03 1.838235294117647033e-04 2.040441176470588272e-02 1.838235294117647033e-04 4.797794117647059126e-02 1.838235294117647033e-04 3.071691176470587870e-01 2.040441176470588272e-02 1.838235294117647033e-04 1.838235294117647033e-04 1.838235294117647033e-04 1.838235294117647033e-04 1.838235294117647033e-04 1.838235294117647033e-04 3.694852941176470645e-02 1.838235294117647033e-04 2.775735294117646912e-02
4.424778761061948468e-04 4.424778761061948468e-04 4.424778761061948468e-04 4.424778761061948468e-04 1.022123893805310102e-01 4.424778761061948468e-04 1.641592920353982799e-01 1.464601769911504925e-01 4.424778761061948468e-04 4.424778761061948468e-04 3.141592920353982604e-02 4.424778761061948468e-04 4.424778761061948468e-04 4.424778761061948468e-04 4.424778761061948468e-04 1.814159292035398552e-02 4.867256637168143260e-03 4.424778761061948468e-04 4.424778761061948468e-04 3.141592920353982604e-02 4.424778761061948468e-04 2.880530973451327914e-01 4.424778761061948468e-04 4.911504424778762035e-02 4.424778761061948468e-04 1.371681415929203868e-02 4.424778761061948468e-04 1.420353982300885387e-01 4.424778761061948468e-04 4.424778761061948468e-04
6.289308176100631871e-04 5.094339622641511078e-02 6.289308176100631871e-04 5.723270440251573832e-02 5.094339622641511078e-02 6.289308176100631871e-04 6.289308176100631871e-04 6.918238993710694625e-03 6.289308176100631871e-04 6.289308176100631871e-04 2.647798742138365857e-01 6.289308176100631871e-04 6.289308176100631871e-04 6.918238993710694625e-03 6.289308176100631871e-04 6.289308176100631871e-04 6.289308176100631871e-04 4.345911949685535847e-01 6.289308176100631871e-04 6.918238993710694625e-03 6.289308176100631871e-04 6.289308176100631871e-04 6.289308176100631871e-04 6.289308176100631871e-04 6.918238993710694625e-03 5.094339622641511078e-02 6.289308176100631871e-04 5.094339622641511078e-02 6.289308176100631871e-04 6.289308176100631871e-04
1.004761904761904967e-01 2.904761904761905128e-02 4.761904761904762985e-04 4.761904761904762985e-04 3.719047619047619047e-01 8.619047619047620623e-02 4.761904761904762985e-04 4.761904761904762985e-04 4.761904761904762985e-04 4.761904761904762985e-04 9.095238095238096510e-02 4.761904761904762985e-04 4.761904761904762985e-04 4.761904761904762985e-04 4.761904761904762985e-04 4.761904761904762985e-04 4.333333333333333481e-02 7.666666666666668850e-02 5.238095238095239609e-03 4.761904761904762985e-04 4.761904761904762985e-04 1.000000000000000194e-02 4.761904761904762985e-04 7.190476190476191576e-02 4.761904761904762985e-04 4.761904761904762985e-04 4.761904761904762985e-04 4.761904761904762985e-04 5.761904761904762529e-02 4.809523809523810062e-02
3.448275862068964168e-04 3.448275862068964168e-04 3.448275862068964168e-04 3.448275862068964168e-04 3.486206896551722334e-01 3.448275862068964168e-04 1.313793103448275268e-01 2.520689655172412835e-01 3.448275862068964168e-04 3.448275862068964168e-04 3.448275862068964168e-04 3.448275862068964168e-04 3.448275862068964168e-04 3.448275862068964168e-04 3.448275862068964168e-04 3.448275862068964168e-04 3.793103448275860802e-03 3.448275862068964168e-04 3.448275862068964168e-04 3.448275862068964168e-04 2.103448275862068034e-02 1.796551724137930295e-01 3.448275862068964168e-04 3.448275862068964168e-04 3.448275862068964168e-04 3.448275862068964168e-04 3.448275862068964168e-04 3.448275862068964168e-04 4.172413793103446622e-02 1.413793103448275114e-02
1.192622950819672151e-01 1.602459016393442681e-01 4.139344262295081844e-02 4.098360655737704914e-04 4.098360655737704914e-04 1.680327868852458939e-02 4.098360655737704914e-04 2.545081967213114749e-01 4.508196721311475731e-03 4.098360655737704914e-04 7.827868852459017590e-02 4.098360655737704914e-04 4.098360655737704914e-04 2.909836065573770392e-02 8.606557377049180863e-03 4.098360655737704914e-04 8.606557377049180863e-03 4.549180327868852097e-02 4.098360655737704914e-04 1.725409836065573965e-01 4.098360655737704914e-04 4.098360655737704914e-04 8.606557377049180863e-03 4.098360655737704914e-04 4.098360655737704914e-04 4.098360655737704914e-04 4.508196721311475731e-03 4.098360655737704914e-04 4.098360655737704914e-04 4.139344262295081844e-02
4.716981132075473361e-04 7.122641509433963458e-02 4.716981132075473361e-04 4.716981132075473361e-04 4.716981132075473361e-04 1.042452830188679569e-01 8.066037735849058976e-02 3.349056603773585550e-02 5.188679245283020318e-03 3.636792452830189259e-01 6.179245283018869328e-02 4.716981132075473361e-04 4.716981132075473361e-04 4.716981132075473361e-04 3.820754716981132615e-02 4.716981132075473361e-04 4.716981132075473361e-04 4.716981132075473361e-04 4.716981132075473361e-04 4.716981132075473361e-04 1.750000000000000444e-01 4.716981132075473361e-04 3.349056603773585550e-02 4.716981132075473361e-04 4.716981132075473361e-04 4.716981132075473361e-04 4.716981132075473361e-04 9.905660377358493571e-03 1.462264150943396596e-02 4.716981132075473361e-04
3.802281368821293079e-04 4.182509505703422767e-03 3.802281368821293079e-04 2.699619771863117842e-02 8.403041825095057538e-02 5.741444866920152046e-02 3.802281368821293079e-04 7.642585551330799420e-02 3.802281368821293079e-04 3.802281368821293079e-04 4.220532319391635118e-02 1.939163498098859031e-02 3.802281368821293079e-04 4.182509505703422767e-03 3.802281368821293079e-04 4.182509505703422767e-03 6.121673003802281798e-02 3.802281368821293079e-04 3.802281368821293079e-04 3.802281368821293079e-04 3.802281368821293079e-04 3.463878326996197576e-01 5.361216730038022987e-02 3.802281368821293079e-04 3.802281368821293079e-04 3.802281368821293079e-04 3.802281368821293079e-04 6.121673003802281798e-02 1.524714828897338337e-01 3.802281368821293079e-04
3.717472118959108283e-04 3.717472118959108283e-04 3.717472118959108283e-04 3.717472118959108283e-04 3.717472118959108283e-04 3.717472118959108283e-04 3.717472118959108283e-04 2.048327137546468446e-01 3.717472118959108283e-04 7.806691449814127069e-03 9.330855018587361216e-02 3.717472118959108283e-04 3.717472118959108283e-04 3.011152416356877026e-02 3.717472118959108283e-04 3.717472118959108283e-04 3.717472118959108283e-04 4.089219330855018569e-03 3.717472118959108283e-04 3.717472118959108283e-04 3.717472118959108283e-04 4.539033457249070369e-01 3.717472118959108283e-04 3.717472118959108283e-04 3.717472118959108283e-04 3.717472118959108283e-04 4.089219330855018569e-03 5.613382899628252543e-02 1.379182156133829107e-01 3.717472118959108283e-04
3.080808080808081564e-02 6.616161616161618519e-02 5.050505050505052669e-04 5.050505050505052669e-04 3.287878787878788511e-01 5.050505050505052669e-04 8.131313131313133713e-02 2.277777777777778567e-01 1.060606060606061017e-02 5.050505050505052669e-04 1.116161616161616549e-01 5.050505050505052669e-04 5.050505050505052669e-04 5.606060606060607465e-02 5.050505050505052669e-04 5.050505050505052669e-04 5.050505050505052669e-04 5.050505050505052669e-04 5.050505050505052669e-04 2.070707070707071204e-02 2.575757575757576384e-02 5.050505050505052669e-04 5.050505050505052669e-04 5.050505050505052669e-04 2.575757575757576384e-02 5.555555555555557502e-03 5.050505050505052669e-04 5.050505050505052669e-04 5.050505050505052669e-04 5.050505050505052669e-04
3.105590062111800273e-04 1.555900621118011806e-01 3.105590062111800273e-04 2.204968944099378048e-02 6.521739130434780519e-03 3.105590062111800273e-04 8.726708074534159087e-02 6.863354037267078989e-02 3.105590062111800273e-04 3.105590062111800273e-04 2.891304347826085808e-01 6.521739130434780519e-03 3.105590062111800273e-04 3.105590062111800273e-04 3.105590062111800273e-04 3.136645962732918097e-02 3.105590062111800273e-04 2.239130434782607704e-01 3.105590062111800273e-04 3.105590062111800273e-04 1.894409937888198031e-02 3.105590062111800273e-04 3.105590062111800273e-04 3.105590062111800273e-04 3.105590062111800273e-04 8.416149068322978377e-02 3.105590062111800273e-04 3.105590062111800273e-04 3.105590062111800273e-04 3.105590062111800273e-04
3.816793893129770952e-04 2.709923664122137338e-02 1.034351145038168024e-01 3.816793893129770952e-04 3.816793893129770952e-04 4.999999999999999584e-02 1.183206106870229000e-02 3.816793893129770952e-04 8.015267175572519595e-03 6.526717557251908441e-02 1.606870229007633655e-01 3.816793893129770952e-04 8.015267175572519595e-03 3.816793893129770952e-04 4.236641221374045502e-02 3.816793893129770952e-04 3.816793893129770952e-04 3.816793893129770952e-04 7.290076335877862523e-02 5.763358778625954359e-02 9.580152671755726157e-02 8.015267175572519595e-03 3.854961832061068461e-02 3.816793893129770952e-04 3.816793893129770952e-04 3.816793893129770952e-04 3.816793893129770952e-04 3.816793893129770952e-04 3.816793893129770952e-04 2.446564885496183006e-01
1.598746081504701447e-02 1.821316614420062097e-01 2.539184952978055382e-02 3.134796238244513225e-04 3.134796238244513225e-04 2.225705329153604070e-02 3.134796238244513225e-04 5.987460815047020157e-02 3.134796238244513225e-04 3.134796238244513225e-04 1.912225705329152758e-02 3.134796238244513225e-04 4.106583072100311593e-02 3.134796238244513225e-04 3.448275862068964602e-03 3.166144200626958005e-02 3.134796238244513225e-04 9.717868338557989968e-03 3.134796238244513225e-04 4.673981191222568721e-01 3.134796238244513225e-04 4.106583072100311593e-02 3.134796238244513225e-04 2.225705329153604070e-02 3.134796238244513225e-04 3.134796238244513225e-04 1.285266457680250135e-02 3.134796238244513225e-04 6.583072100313477719e-03 3.479623824451408970e-02
5.500000000000002283e-03 5.000000000000001188e-04 8.050000000000002986e-02 5.000000000000001188e-04 5.000000000000001188e-04 7.550000000000002542e-02 5.000000000000001188e-04 2.050000000000000433e-02 5.000000000000001188e-04 1.550000000000000509e-02 1.205000000000000376e-01 5.000000000000001188e-04 4.050000000000000822e-02 5.000000000000001188e-04 5.000000000000001188e-04 5.000000000000001188e-04 5.000000000000001188e-04 5.000000000000001188e-04 5.000000000000001188e-04 5.000000000000001188e-04 2.205000000000000571e-01 5.000000000000001188e-04 5.000000000000001188e-04 5.000000000000001188e-04 5.000000000000001188e-04 5.000000000000001188e-04 5.000000000000001188e-04 3.050000000000000627e-02 5.000000000000001188e-04 3.805000000000000604e-01
4.424778761061948468e-04 4.424778761061948468e-04 4.424778761061948468e-04 4.424778761061948468e-04 2.039823008849558084e-01 4.424778761061948468e-04 2.438053097345133369e-01 8.893805309734516273e-02 4.424778761061948468e-04 6.238938053097346781e-02 8.008849557522126905e-02 2.256637168141593236e-02 4.424778761061948468e-04 4.424778761061948468e-04 1.371681415929203868e-02 4.867256637168143260e-03 9.292035398230091836e-03 1.243362831858407513e-01 4.424778761061948468e-04 2.256637168141593236e-02 5.353982300884956719e-02 4.424778761061948468e-04 5.353982300884956719e-02 4.424778761061948468e-04 4.867256637168143260e-03 4.424778761061948468e-04 4.424778761061948468e-04 4.424778761061948468e-04 4.867256637168143260e-03 4.424778761061948468e-04
3.717472118959106657e-04 1.118959107806691000e-01 6.356877323420072334e-02 3.717472118959106657e-04 2.680297397769515477e-01 3.717472118959106657e-04 3.386617100371745459e-01 3.717472118959106657e-04 2.267657992565054806e-02 3.717472118959106657e-04 4.869888475836429281e-02 3.717472118959106657e-04 4.089219330855016835e-03 7.806691449814123600e-03 2.267657992565054806e-02 3.717472118959106657e-04 3.717472118959106657e-04 3.717472118959106657e-04 3.717472118959106657e-04 5.241635687732339871e-02 7.806691449814123600e-03 3.717472118959106657e-04 3.717472118959106657e-04 3.717472118959106657e-04 4.089219330855016835e-03 3.717472118959106657e-04 3.011152416356875985e-02 1.152416356877323037e-02 3.717472118959106657e-04 3.717472118959106657e-04
2.808988764044942983e-04 2.755617977528088680e-01 2.808988764044942983e-04 2.808988764044942983e-04 2.808988764044942983e-04 2.808988764044942983e-04 2.808988764044942983e-04 3.679775280898875400e-02 2.808988764044942983e-04 2.808988764044942983e-04 1.547752808988763495e-01 2.808988764044942983e-04 2.808988764044942983e-04 3.960674157303369081e-02 2.808988764044942983e-04 6.488764044943819143e-02 2.808988764044942983e-04 8.707865168539323519e-03 2.808988764044942983e-04 2.808988764044942983e-04 2.808988764044942983e-04 4.132022471910110628e-01 2.808988764044942983e-04 2.808988764044942983e-04 2.808988764044942983e-04 2.808988764044942983e-04 2.808988764044942983e-04 2.808988764044942983e-04 2.808988764044942983e-04 2.808988764044942983e-04
4.291845493562232612e-04 4.291845493562232612e-04 4.291845493562232612e-04 4.291845493562232612e-04 4.291845493562232612e-04 5.193133047210300723e-02 4.291845493562232612e-04 4.291845493562232612e-04 4.291845493562232612e-04 2.188841201716738155e-02 2.536480686695279374e-01 4.291845493562232612e-04 5.193133047210300723e-02 4.291845493562232612e-04 4.291845493562232612e-04 4.291845493562232612e-04 7.339055793991418331e-02 2.618025751072961677e-02 8.626609442060087507e-02 4.291845493562232612e-04 4.291845493562232612e-04 4.291845493562232612e-04 4.721030042918456307e-03 4.291845493562232612e-04 4.291845493562232612e-04 9.012875536480688052e-03 4.291845493562232612e-04 9.012875536480688052e-03 9.055793991416311028e-02 3.137339055793991749e-01
4.761904761904763202e-03 4.329004329004330085e-04 4.329004329004330085e-04 4.329004329004330085e-04 2.207792207792208181e-02 9.134199134199137704e-02 5.238095238095238915e-02 4.372294372294373288e-02 4.761904761904763202e-03 4.329004329004330085e-04 4.329004329004330085e-04 4.329004329004330085e-04 9.134199134199137704e-02 3.939393939393940475e-02 4.329004329004330085e-04 5.670995670995672422e-02 4.329004329004330085e-04 4.329004329004330085e-04 4.329004329004330085e-04 4.246753246753247613e-01 4.329004329004330085e-04 3.073593073593074154e-02 4.329004329004330085e-04 3.506493506493506968e-02 4.329004329004330085e-04 4.329004329004330085e-04 4.329004329004330085e-04 4.329004329004330085e-04 4.329004329004330085e-04 9.567099567099569823e-02
2.695417789757411568e-04 5.687331536388139097e-02 1.323450134770889075e-01 2.695417789757411568e-04 2.695417789757411568e-04 2.991913746630726900e-02 1.350404312668463114e-01 4.339622641509432999e-02 2.695417789757411568e-04 2.695417789757411568e-04 1.404312668463611469e-01 2.695417789757411568e-04 9.460916442048515618e-02 2.183288409703503311e-02 2.695417789757411568e-04 2.695417789757411568e-04 2.695417789757411568e-04 1.374663072776279721e-02 2.695417789757411568e-04 3.261455525606467981e-02 2.695417789757411568e-04 4.070080862533691224e-02 2.991913746630726900e-02 2.695417789757411568e-04 2.695417789757411568e-04 8.355795148247975590e-03 2.695417789757411568e-04 4.609164420485174080e-02 2.695417789757411568e-04 1.700808625336926727e-01
2.604166666666666088e-04 1.486979166666666241e-01 5.468749999999998786e-03 1.588541666666666227e-02 1.278645833333333093e-01 1.848958333333332663e-02 8.072916666666664007e-03 2.033854166666665964e-01 2.604166666666666088e-04 2.604166666666666088e-04 1.617187499999999667e-01 2.604166666666666088e-04 6.015624999999998751e-02 5.468749999999998786e-03 4.192708333333332316e-02 2.604166666666666088e-04 8.072916666666664007e-03 2.604166666666666088e-04 2.604166666666666088e-04 2.604166666666666088e-04 1.848958333333332663e-02 8.619791666666663799e-02 1.328124999999999445e-02 2.604166666666666088e-04 2.604166666666666088e-04 1.328124999999999445e-02 5.468749999999998786e-03 2.864583333333332697e-03 4.973958333333332316e-02 2.864583333333332697e-03
3.717472118959106657e-04 1.304832713754646434e-01 3.717472118959106657e-04 5.241635687732339871e-02 5.241635687732339871e-02 3.717472118959106657e-04 3.717472118959106657e-04 3.717472118959106657e-04 3.717472118959106657e-04 3.717472118959106657e-04 2.234200743494422770e-01 3.717472118959106657e-04 3.717472118959106657e-04 1.152416356877323037e-02 3.717472118959106657e-04 3.717472118959106657e-04 3.717472118959106657e-04 1.490706319702601590e-01 3.717472118959106657e-04 3.717472118959106657e-04 3.717472118959106657e-04 3.237918215613381223e-01 3.717472118959106657e-04 3.717472118959106657e-04 4.089219330855016835e-03 3.717472118959106657e-04 4.498141263940518692e-02 3.717472118959106657e-04 3.717472118959106657e-04 3.717472118959106657e-04
5.315789473684211924e-02 3.736842105263158548e-02 5.263157894736844155e-04 3.005263157894738080e-01 5.263157894736844155e-04 5.263157894736844155e-04 5.263157894736844155e-04 5.263157894736844155e-04 5.263157894736844155e-04 1.631578947368421753e-02 2.426315789473685036e-01 3.210526315789474783e-02 5.263157894736844155e-04 5.842105263157896383e-02 5.263157894736844155e-04 1.105263157894737294e-02 5.263157894736844155e-04 5.842105263157896383e-02 5.789473684210528354e-03 5.263157894736844155e-04 5.263157894736844155e-04 5.263157894736844155e-04 5.263157894736844155e-04 1.631578947368421753e-02 5.263157894736844155e-04 7.947368421052633525e-02 5.263157894736844155e-04 5.263157894736844155e-04 7.947368421052633525e-02 5.263157894736844155e-04
4.326647564469912610e-02 2.581661891117477681e-01 2.865329512893982069e-04 2.865329512893982069e-04 1.206303724928366461e-01 2.865329512893982069e-04 2.893982808022921641e-02 2.610315186246417452e-01 2.865329512893982069e-04 8.882521489971343873e-03 2.865329512893982069e-04 2.320916905444125183e-02 6.017191977077362454e-03 2.865329512893982069e-04 1.174785100286532442e-02 2.865329512893982069e-04 6.905444126074496147e-02 4.040114613180514208e-02 2.865329512893982069e-04 3.151862464183380168e-03 1.461318051575930671e-02 2.320916905444125183e-02 2.865329512893982069e-04 2.865329512893982069e-04 8.882521489971343873e-03 2.865329512893982069e-04 8.882521489971343873e-03 6.618911174785098439e-02 2.865329512893982069e-04 2.865329512893982069e-04
2.382812500000000555e-02 3.906250000000001301e-04 3.906250000000001301e-04 3.906250000000001301e-04 3.089843750000000333e-01 9.804687500000003331e-02 2.308593750000000611e-01 1.527343750000000333e-01 3.906250000000001301e-04 3.906250000000001301e-04 6.679687500000001943e-02 3.906250000000001301e-04 3.906250000000001301e-04 3.906250000000001301e-04 3.906250000000001301e-04 8.203125000000002082e-03 3.906250000000001301e-04 5.507812500000001249e-02 3.906250000000001301e-04 3.906250000000001301e-04 3.906250000000001301e-04 2.382812500000000555e-02 3.906250000000001301e-04 8.203125000000002082e-03 3.906250000000001301e-04 3.906250000000001301e-04 3.906250000000001301e-04 3.906250000000001301e-04 1.601562500000000208e-02 3.906250000000001301e-04
4.149377593360996830e-04 2.618257261410789072e-01 4.149377593360996830e-04 4.564315352697096567e-03 4.149377593360996830e-04 4.149377593360996830e-04 4.190871369294606880e-02 3.157676348547718281e-01 4.149377593360996830e-04 5.435684647302905376e-02 1.165975103734440133e-01 4.149377593360996830e-04 4.149377593360996830e-04 4.149377593360996830e-04 4.149377593360996830e-04 4.149377593360996830e-04 4.149377593360996830e-04 1.207468879668050082e-01 4.149377593360996830e-04 4.149377593360996830e-04 4.149377593360996830e-04 4.149377593360996830e-04 4.149377593360996830e-04 4.190871369294606880e-02 4.149377593360996830e-04 1.701244813278008500e-02 4.149377593360996830e-04 1.701244813278008500e-02 4.149377593360996830e-04 4.149377593360996830e-04
