1.550387596899224622e-04 5.906976744186046013e-02 1.550387596899224622e-04 1.550387596899224622e-04 1.550387596899224622e-04 1.550387596899224622e-04 2.079069767441860117e-01 1.550387596899224622e-04 1.550387596899224622e-04 1.319379844961240111e-01 2.885271317829457005e-01 1.550387596899224622e-04 1.875968992248061573e-02 4.511627906976743707e-02 3.255813953488371788e-03 5.751937984496123535e-02 1.705426356589147220e-03 1.550387596899224622e-04 1.550387596899224622e-04 1.550387596899224622e-04 1.705426356589147220e-03 4.356589147286821229e-02 1.550387596899224622e-04 1.550387596899224622e-04 1.550387596899224622e-04 4.046511627906976272e-02 1.705426356589147220e-03 1.550387596899224622e-04 4.511627906976743707e-02 5.131782945736433621e-02
2.722972972972972361e-01 9.652509652509651109e-05 2.027027027027026706e-03 3.291505791505790895e-02 9.652509652509651109e-05 6.853281853281851556e-03 3.484555984555984254e-02 2.615830115830115529e-02 9.652509652509651109e-05 1.072393822393822166e-01 9.652509652509651109e-05 1.111003861003860699e-01 4.256756756756756299e-02 9.652509652509651109e-05 4.922779922779921442e-03 9.652509652509651109e-05 9.652509652509651109e-05 9.652509652509651109e-05 1.072393822393822166e-01 1.061776061776061649e-03 9.652509652509651109e-05 2.905405405405404873e-02 9.652509652509651109e-05 9.652509652509651109e-05 9.652509652509651109e-05 9.083011583011579848e-02 9.652509652509651109e-05 2.422779922779922518e-02 1.843629343629343484e-02 8.696911196911194519e-02
1.173708920187793535e-04 1.173708920187793535e-04 1.772300469483567911e-02 2.055164319248826144e-01 1.362676056338028019e-01 1.327464788732394263e-01 2.241784037558685466e-02 1.491784037558685494e-01 1.092723004694835659e-01 1.010563380281690044e-01 1.173708920187793535e-04 1.537558685446009307e-02 3.180751173708920576e-02 1.173708920187793535e-04 2.359154929577465115e-02 1.291079812206572929e-03 1.173708920187793535e-04 1.173708920187793535e-04 1.173708920187793535e-04 2.464788732394366383e-03 2.464788732394366383e-03 5.985915492957746310e-03 1.420187793427230005e-02 1.173708920187793535e-04 1.291079812206572929e-03 1.173708920187793535e-04 1.068075117370891926e-02 1.173708920187793535e-04 1.537558685446009307e-02 1.173708920187793535e-04
2.932551319648093839e-04 2.932551319648093839e-04 2.932551319648093839e-04 2.932551319648093839e-04 1.234604105571847493e-01 2.932551319648093839e-04 9.090909090909090468e-03 2.961876832844574647e-02 1.850439882697947347e-01 1.263929618768328544e-01 2.932551319648093839e-04 2.932551319648093839e-04 2.932551319648093839e-04 2.932551319648093839e-04 2.932551319648093839e-04 2.932551319648093839e-04 3.225806451612903657e-03 3.225806451612903657e-03 6.158357771260997496e-03 2.932551319648093839e-04 3.548387096774193589e-02 2.932551319648093839e-04 1.202346041055718344e-02 2.932551319648093839e-04 2.932551319648093839e-04 1.967741935483870719e-01 2.932551319648093839e-04 2.932551319648093839e-04 2.612903225806451624e-01 3.225806451612903657e-03
1.708196721311474875e-01 3.278688524590162847e-04 6.885245901639342088e-03 3.606557377049179457e-03 1.904918032786884485e-01 6.262295081967211852e-02 8.229508196721309343e-02 2.265573770491802197e-01 3.278688524590162847e-04 3.278688524590162847e-04 3.606557377049179457e-03 3.278688524590162847e-04 5.278688524590162412e-02 3.606557377049179457e-03 3.278688524590162847e-04 3.606557377049179457e-03 3.278688524590162847e-04 2.983606557377048094e-02 3.278688524590162847e-04 2.327868852459015481e-02 3.278688524590162847e-04 9.868852459016390355e-02 3.278688524590162847e-04 3.278688524590162847e-04 3.278688524590162847e-04 3.311475409836064226e-02 3.606557377049179457e-03 3.278688524590162847e-04 3.278688524590162847e-04 3.278688524590162847e-04
3.703703703703702436e-04 3.703703703703702436e-04 3.703703703703702436e-04 1.781481481481480833e-01 3.703703703703702436e-04 7.074074074074071516e-02 4.111111111111109134e-02 2.892592592592591050e-01 6.703703703703701999e-02 3.703703703703702436e-04 3.703703703703702436e-04 3.703703703703702436e-04 1.003703703703703320e-01 3.703703703703702436e-04 4.074074074074072842e-03 7.777777777777774952e-03 4.074074074074072842e-03 3.703703703703702436e-04 4.074074074074072842e-03 4.074074074074072842e-03 3.703703703703702436e-04 3.703703703703702436e-04 3.703703703703702436e-04 2.114814814814814092e-01 4.074074074074072842e-03 7.777777777777774952e-03 3.703703703703702436e-04 3.703703703703702436e-04 3.703703703703702436e-04 3.703703703703702436e-04
1.481481481481481191e-04 1.481481481481481191e-04 3.111111111111110068e-03 6.681481481481479912e-02 3.023703703703702339e-01 3.422222222222220944e-02 1.496296296296295743e-02 9.199999999999997069e-02 8.014814814814812116e-02 6.533333333333331272e-02 1.481481481481481191e-04 9.037037037037032663e-03 1.616296296296295676e-01 1.629629629629629310e-03 1.481481481481481191e-04 4.592592592592590825e-03 4.592592592592590825e-03 1.481481481481481191e-04 1.481481481481481191e-04 1.481481481481481191e-04 1.481481481481481191e-04 1.481481481481481191e-04 1.481481481481481191e-04 1.481481481481481191e-04 1.481481481481481191e-04 7.866666666666664864e-02 1.481481481481481191e-04 1.481481481481481191e-04 7.866666666666664864e-02 1.481481481481481191e-04
4.237288135593220758e-04 2.419491525423728973e-01 9.364406779661017810e-02 4.237288135593220758e-04 3.855932203389830087e-02 4.237288135593220758e-04 8.516949152542373225e-02 1.911016949152542499e-01 3.432203389830508489e-02 4.237288135593220758e-04 4.237288135593220758e-04 4.237288135593220758e-04 4.661016949152542617e-03 4.237288135593220758e-04 4.237288135593220758e-04 4.237288135593220758e-04 4.237288135593220758e-04 1.444915254237288116e-01 4.237288135593220758e-04 4.237288135593220758e-04 4.237288135593220758e-04 4.237288135593220758e-04 1.313559322033898413e-02 4.237288135593220758e-04 4.703389830508474673e-02 3.008474576271186196e-02 5.127118644067796271e-02 4.237288135593220758e-04 4.661016949152542617e-03 1.313559322033898413e-02
5.101781170483461053e-02 4.465648854961832420e-02 1.272264631043256984e-04 1.272264631043256984e-04 1.272264631043256984e-04 7.391857506361323993e-02 2.036895674300254477e-01 9.809160305343510300e-02 3.447837150127226746e-02 1.782442748091603024e-01 1.973282442748091614e-01 1.272264631043256984e-04 4.720101781170483318e-02 1.412213740458015225e-02 1.272264631043256984e-04 2.430025445292621072e-02 1.272264631043256984e-04 1.272264631043256984e-04 1.272264631043256984e-04 1.272264631043256984e-04 1.272264631043256984e-04 1.272264631043256984e-04 1.272264631043256984e-04 1.272264631043256984e-04 1.272264631043256984e-04 1.272264631043256984e-04 1.272264631043256984e-04 1.272264631043256984e-04 3.066157760814249705e-02 1.272264631043256984e-04
4.016064257028113707e-04 4.702811244979920313e-01 2.048192771084337768e-02 4.016064257028113707e-04 4.016064257028113707e-04 4.016064257028113707e-04 4.016064257028113707e-04 4.016064257028113707e-04 1.244979919678715179e-02 1.289156626506024472e-01 4.016064257028113707e-04 8.473895582329320220e-02 4.016064257028113707e-04 4.016064257028113707e-04 4.016064257028113707e-04 4.016064257028113707e-04 4.417670682730925023e-03 4.016064257028113707e-04 4.016064257028113707e-04 1.730923694779116784e-01 4.016064257028113707e-04 4.016064257028113707e-04 2.048192771084337768e-02 4.016064257028113707e-04 4.016064257028113707e-04 1.646586345381526387e-02 5.662650602409639855e-02 4.417670682730925023e-03 4.016064257028113707e-04 4.016064257028113707e-04
6.861966236345579118e-02 9.930486593843096963e-05 4.280039721946374276e-02 3.485600794438926953e-02 9.930486593843096963e-05 6.057596822244288443e-03 1.896722939424031612e-02 1.083416087388281712e-01 1.092353525322740720e-03 1.619662363455808829e-01 9.930486593843096963e-05 9.930486593843096963e-05 3.485600794438926953e-02 1.698113207547169434e-02 9.930486593843096963e-05 1.201588877855014510e-02 2.293942403177755274e-02 9.930486593843096963e-05 1.103277060575967861e-01 9.930486593843096963e-05 2.364448857994041198e-01 5.273088381330684471e-02 2.989076464746772202e-02 9.930486593843096963e-05 9.930486593843096963e-05 1.092353525322740720e-03 9.930486593843096963e-05 1.698113207547169434e-02 2.194637537239324532e-02 9.930486593843096963e-05
3.133823529411763897e-01 1.470588235294117518e-04 8.970588235294115614e-03 1.470588235294117518e-04 1.177941176470587992e-01 4.867647058823528633e-02 1.470588235294117518e-04 2.516176470588235015e-01 5.161764705882352505e-02 1.089705882352940969e-01 1.617647058823529216e-03 1.632352941176470201e-02 3.985294117647058404e-02 1.470588235294117518e-04 1.470588235294117518e-04 1.470588235294117518e-04 1.470588235294117518e-04 1.470588235294117518e-04 1.044117647058823324e-02 1.470588235294117518e-04 4.558823529411764469e-03 1.470588235294117518e-04 1.470588235294117518e-04 1.470588235294117518e-04 1.470588235294117518e-04 3.088235294117646842e-03 3.088235294117646842e-03 1.779411764705882137e-02 1.470588235294117518e-04 1.470588235294117518e-04
4.546875000000000222e-02 6.406249999999999618e-03 1.562500000000000033e-04 1.562500000000000033e-04 1.829687499999999856e-01 3.765625000000000222e-02 9.546875000000000500e-02 1.173437499999999967e-01 2.017187500000000022e-01 8.765625000000000500e-02 9.859375000000000777e-02 1.562500000000000033e-04 1.718750000000000226e-03 1.562500000000000033e-04 1.718750000000000226e-03 7.203125000000000500e-02 1.562500000000000033e-04 1.562500000000000033e-04 1.562500000000000033e-04 3.281250000000000312e-03 2.046875000000000083e-02 1.562500000000000033e-04 3.281250000000000312e-03 1.890624999999999944e-02 1.562500000000000033e-04 1.562500000000000033e-04 1.562500000000000033e-04 1.718750000000000226e-03 1.718750000000000226e-03 1.562500000000000033e-04
9.386617100371750719e-03 5.669144981412641351e-03 1.403345724907063830e-02 9.293680297397773418e-05 1.748141263940521106e-01 1.217472118959108361e-02 3.616171003717473798e-01 9.386617100371750719e-03 4.470260223048329318e-02 9.117100371747215160e-02 1.125464684014870348e-01 9.293680297397773418e-05 2.797397769516729929e-02 9.293680297397773418e-05 3.810408921933086668e-03 9.293680297397773418e-05 9.293680297397773418e-05 7.072490706319704834e-02 3.912639405204462739e-02 9.293680297397773418e-05 9.293680297397773418e-05 2.053903345724908056e-02 9.293680297397773418e-05 9.293680297397773418e-05 9.293680297397773418e-05 9.293680297397773418e-05 9.293680297397773418e-05 1.022304832713755076e-03 9.293680297397773418e-05 9.293680297397773418e-05
1.769911504424778791e-04 5.486725663716814604e-03 1.769911504424778791e-04 1.079646017699114995e-02 1.769911504424778791e-04 1.769911504424778791e-04 3.911504424778761146e-02 1.769911504424778791e-04 1.769911504424778791e-04 2.957522123893805421e-01 1.594690265486725655e-01 1.769911504424778791e-04 1.769911504424778791e-04 1.769911504424778791e-04 1.769911504424778791e-04 3.734513274336283273e-02 3.010619469026548645e-01 1.946902654867256697e-03 1.769911504424778791e-04 1.769911504424778791e-04 1.769911504424778791e-04 1.769911504424778791e-04 1.769911504424778791e-04 3.716814159292035433e-03 1.769911504424778791e-04 1.769911504424778791e-04 3.380530973451327525e-02 9.026548672566371209e-03 9.929203539823008851e-02 1.769911504424778791e-04
1.448931116389548177e-02 2.375296912114013706e-04 9.738717339667454787e-03 2.375296912114013706e-04 1.285035629453681327e-01 2.375296912114013706e-04 3.399049881235153281e-01 2.375296912114013706e-04 1.783847980997624039e-01 7.862232779097384772e-02 1.166270783847980774e-01 2.375296912114013706e-04 2.375296912114013706e-04 2.375296912114013706e-04 4.988123515439428675e-03 1.095011876484560248e-01 2.375296912114013706e-04 2.375296912114013706e-04 2.375296912114013706e-04 2.375296912114013706e-04 1.448931116389548177e-02 2.375296912114013706e-04 2.375296912114013706e-04 2.375296912114013706e-04 2.375296912114013706e-04 2.375296912114013706e-04 2.375296912114013706e-04 2.375296912114013706e-04 2.375296912114013706e-04 2.375296912114013706e-04
2.237136465324384305e-04 2.237136465324384305e-04 2.930648769574943288e-02 2.259507829977628127e-02 2.237136465324384305e-04 1.814317673378075535e-01 7.628635346756150459e-02 2.237136465324384305e-04 2.038031319910513783e-01 1.344519015659954853e-01 7.404921700223712766e-02 2.237136465324384305e-04 2.460850111856822953e-03 2.460850111856822953e-03 9.172259507829974567e-03 1.859060402684563074e-01 2.460850111856822953e-03 2.237136465324384305e-04 2.237136465324384305e-04 2.237136465324384305e-04 2.237136465324384305e-04 1.364653243847874231e-02 2.237136465324384305e-04 2.237136465324384305e-04 2.237136465324384305e-04 2.237136465324384305e-04 6.935123042505591563e-03 2.237136465324384305e-04 2.237136465324384305e-04 5.167785234899328201e-02
9.327586206896550103e-02 1.724137931034482626e-04 1.896551724137930835e-03 1.724137931034482626e-04 3.432758620689654316e-01 2.258620689655171931e-02 3.465517241379310193e-02 1.881034482758620341e-01 1.312068965517241004e-01 6.224137931034481874e-02 1.724137931034482626e-04 1.724137931034482626e-04 6.051724137931033254e-02 1.724137931034482626e-04 1.724137931034482626e-04 1.051724137931034191e-02 1.724137931034482626e-04 1.724137931034482626e-04 1.724137931034482626e-04 1.724137931034482626e-04 1.724137931034482626e-04 3.620689655172413136e-03 1.724137931034482626e-04 3.810344827586206740e-02 1.724137931034482626e-04 1.724137931034482626e-04 1.724137931034482626e-04 7.068965517241377304e-03 1.724137931034482626e-04 1.724137931034482626e-04
3.566047212456052891e-03 5.022601707684582042e-05 3.571069814163737449e-02 5.022601707684582042e-05 1.210447011551984281e-02 8.242089402310398549e-02 1.572576594676042550e-01 7.137117026619790860e-02 1.461577096936213412e-02 1.492214967353089339e-01 7.840281265695632495e-02 2.817679558011050578e-02 5.524861878453040179e-04 2.767453540934204648e-02 6.077348066298343329e-03 2.315419387242592317e-02 5.022601707684582042e-05 1.557006529382220453e-03 5.022601707684582042e-05 1.210447011551984281e-02 1.109994977398292594e-02 5.524861878453040179e-04 5.022601707684582042e-05 7.639377197388248775e-02 5.072827724761427327e-03 1.712707182320442542e-02 5.022601707684582042e-05 1.557006529382220453e-03 4.525364138623808041e-02 1.386740331491713163e-01
1.374622356495468038e-02 1.510574018126887945e-04 4.682779456193352820e-03 3.942598187311177615e-02 4.682779456193352820e-03 2.599697885196374236e-01 1.510574018126887945e-04 1.510574018126887945e-04 1.510574018126887945e-04 1.889728096676736857e-01 2.129909365558911929e-02 1.661631419939576821e-03 1.510574018126887945e-04 1.374622356495468038e-02 1.510574018126887945e-04 6.661631419939575971e-02 8.776435045317219907e-02 1.510574018126887945e-04 1.661631419939576821e-03 1.661631419939576821e-03 9.229607250755285375e-02 1.510574018126887945e-04 1.240181268882174920e-01 4.244712990936555519e-02 1.510574018126887945e-04 1.510574018126887945e-04 1.661631419939576821e-03 1.661631419939576821e-03 3.036253776435044946e-02 1.510574018126887945e-04
5.754653130287645801e-01 1.692047377326564596e-04 1.692047377326564596e-04 1.692047377326564596e-04 1.539763113367173704e-02 6.937394247038914004e-03 5.245346869712350438e-03 1.861252115059221137e-03 1.692047377326564596e-04 1.964467005076141193e-01 1.692047377326564596e-04 1.032148900169204200e-02 2.385786802030455747e-02 1.692047377326564596e-04 6.937394247038914004e-03 3.401015228426394754e-02 8.629441624365477570e-03 1.201353637901860644e-02 4.416243654822333414e-02 1.692047377326564596e-04 1.692047377326564596e-04 1.692047377326564596e-04 1.692047377326564596e-04 1.692047377326564596e-04 1.692047377326564596e-04 8.629441624365477570e-03 1.692047377326564596e-04 1.201353637901860644e-02 3.570219966159051544e-02 1.692047377326564596e-04
9.967897271268054415e-02 1.605136436597110199e-04 1.781701444622792174e-02 1.605136436597110199e-04 1.333868378812198552e-01 1.605136436597110199e-04 1.605136436597110199e-04 1.670947030497591523e-01 4.189406099518457743e-02 8.202247191011233229e-02 1.605136436597110199e-04 1.605136436597110199e-04 2.842696629213481985e-01 1.605136436597110199e-04 1.460674157303370156e-02 1.605136436597110199e-04 1.605136436597110199e-04 3.386837881219902785e-02 1.605136436597110199e-04 1.765650080256821273e-03 3.370786516853931363e-03 1.605136436597110199e-04 1.605136436597110199e-04 3.547351524879613360e-02 1.605136436597110199e-04 4.975922953451041887e-03 1.605136436597110199e-04 1.605136436597110199e-04 1.605136436597110199e-04 7.720706260032100809e-02
1.992031872509959691e-04 1.376494023904382136e-01 1.992031872509959691e-04 8.167330677290834950e-03 1.992031872509959691e-04 1.992031872509959691e-04 1.992031872509959691e-04 1.992031872509959691e-04 1.992031872509959691e-04 3.288844621513943300e-01 2.011952191235059223e-02 1.992031872509959691e-04 1.992031872509959691e-04 1.992031872509959691e-04 1.992031872509959691e-04 1.992031872509959691e-04 5.597609561752987101e-02 1.992031872509959691e-04 1.992031872509959691e-04 1.992031872509959691e-04 1.992031872509959691e-04 1.992031872509959691e-04 1.992031872509959691e-04 1.992031872509959691e-04 1.992031872509959691e-04 3.966135458167329708e-01 1.992031872509959691e-04 1.992031872509959691e-04 4.800796812749003051e-02 1.992031872509959691e-04
2.150537634408601607e-04 2.150537634408601607e-04 6.666666666666664492e-03 2.150537634408601607e-04 2.150537634408601607e-04 8.193548387096771801e-02 2.817204301075267731e-02 2.150537634408601607e-04 1.163440860215053385e-01 3.378494623655912688e-01 2.150537634408601607e-04 2.150537634408601607e-04 2.150537634408601607e-04 2.150537634408601607e-04 2.172043010752687173e-02 2.387096774193547474e-02 3.572043010752686820e-01 2.150537634408601607e-04 2.365591397849461496e-03 2.150537634408601607e-04 2.150537634408601607e-04 2.150537634408601607e-04 2.150537634408601607e-04 4.516129032258063211e-03 2.365591397849461496e-03 2.150537634408601607e-04 4.516129032258063211e-03 2.150537634408601607e-04 2.150537634408601607e-04 8.817204301075264039e-03
4.184100418410043216e-04 6.736401673640170229e-02 2.723849372384937739e-01 4.184100418410043216e-04 4.184100418410043216e-04 4.184100418410043216e-04 3.807531380753138850e-02 4.184100418410043216e-04 4.184100418410043216e-04 7.991631799163181893e-02 4.184100418410043216e-04 4.184100418410043216e-04 3.807531380753138850e-02 4.184100418410043216e-04 4.184100418410043216e-04 4.184100418410043216e-04 4.184100418410043216e-04 5.062761506276151902e-02 2.556485355648536184e-01 1.008368200836820411e-01 4.184100418410043216e-04 4.184100418410043216e-04 8.828451882845191057e-02 4.184100418410043216e-04 4.184100418410043216e-04 4.184100418410043216e-04 4.184100418410043216e-04 4.184100418410043216e-04 4.184100418410043216e-04 4.184100418410043216e-04
1.064572425828970090e-02 1.745200698080279049e-04 5.410122164048864618e-03 1.745200698080279049e-04 1.745200698080279049e-04 9.616055846422337516e-02 2.460732984293193329e-02 1.745200698080279049e-04 6.998254799301918683e-02 2.916230366492145731e-01 7.155322862129142800e-03 7.155322862129142800e-03 7.155322862129142800e-03 1.745200698080279049e-04 1.745200698080279049e-04 7.155322862129142800e-03 2.759162303664920990e-01 1.745200698080279049e-04 1.745200698080279049e-04 1.745200698080279049e-04 4.554973821989528188e-02 1.745200698080279049e-04 1.745200698080279049e-04 1.745200698080279049e-04 1.745200698080279049e-04 1.937172774869109354e-02 5.776614310645723088e-02 1.745200698080279049e-04 5.602094240837695444e-02 1.588132635253053718e-02
2.943949044585986163e-01 1.273885350318470946e-04 2.675159235668789041e-03 4.853503184713374441e-02 1.401273885350318204e-03 2.942675159235668206e-02 1.273885350318470946e-04 1.273885350318470946e-04 1.338853503184712912e-01 1.746496815286623649e-01 1.273885350318470946e-04 1.975796178343948439e-01 5.745222929936304179e-02 1.273885350318470946e-04 1.273885350318470946e-04 1.273885350318470946e-04 1.273885350318470946e-04 1.273885350318470946e-04 1.273885350318470946e-04 1.273885350318470946e-04 1.273885350318470946e-04 1.273885350318470946e-04 1.273885350318470946e-04 1.273885350318470946e-04 2.178343949044585573e-02 1.273885350318470946e-04 1.273885350318470946e-04 2.675159235668789041e-03 3.324840764331209175e-02 1.273885350318470946e-04
1.077310924369747624e-01 1.680672268907562801e-04 1.680672268907562801e-04 1.361344537815125690e-02 6.739495798319326825e-02 1.060504201680672054e-01 1.680672268907562801e-04 1.680672268907562801e-04 1.245378151260503885e-01 2.489075630252100269e-01 1.529411764705881915e-02 1.917647058823528927e-01 3.546218487394957319e-02 1.680672268907562801e-04 1.848739495798319135e-03 1.680672268907562801e-04 1.680672268907562801e-04 1.680672268907562801e-04 1.680672268907562801e-04 1.680672268907562801e-04 3.042016806722688815e-02 1.680672268907562801e-04 1.680672268907562801e-04 1.680672268907562801e-04 1.680672268907562801e-04 1.680672268907562801e-04 1.680672268907562801e-04 1.680672268907562801e-04 4.386554621848738622e-02 1.025210084033613238e-02
8.953488372093020009e-02 3.875968992248060335e-04 3.875968992248060335e-04 2.406976744186045403e-01 3.875968992248060335e-04 3.875968992248060335e-04 3.875968992248060335e-04 2.600775193798448015e-01 5.465116279069764937e-02 3.875968992248060335e-04 3.875968992248060335e-04 3.875968992248060335e-04 1.050387596899224341e-01 3.875968992248060335e-04 3.875968992248060335e-04 3.875968992248060335e-04 3.875968992248060335e-04 3.875968992248060335e-04 3.527131782945734650e-02 3.875968992248060335e-04 8.139534883720926650e-03 3.875968992248060335e-04 3.875968992248060335e-04 1.980620155038758934e-01 3.875968992248060335e-04 3.875968992248060335e-04 3.875968992248060335e-04 3.875968992248060335e-04 3.875968992248060335e-04 3.875968992248060335e-04
8.873873873873870666e-02 4.819819819819818468e-02 7.657657657657654902e-03 4.654654654654652793e-03 1.216216216216215763e-02 5.720720720720719188e-02 7.657657657657654902e-03 8.723723723723721124e-02 2.974474474474473329e-01 6.921921921921919685e-02 2.867867867867867140e-02 1.142642642642642120e-01 1.501501501501501163e-04 1.501501501501501163e-04 1.501501501501501163e-04 1.501501501501501163e-04 2.417417417417416781e-02 1.501501501501501163e-04 1.501501501501501163e-04 1.501501501501501163e-04 1.501501501501501163e-04 1.501501501501501163e-04 4.969969969969968704e-02 6.171171171171169201e-02 4.654654654654652793e-03 1.501501501501501163e-04 1.501501501501501163e-04 3.153153153153152172e-03 3.168168168168167265e-02 1.501501501501501163e-04
3.504624871531346331e-02 1.027749229188077996e-04 1.027749229188077996e-04 3.710174717368961567e-02 7.821171634121272531e-02 6.587872559095579728e-02 2.158273381294963968e-03 1.027749229188077996e-04 2.200411099691674810e-01 2.960945529290853195e-01 3.093525179856114818e-02 1.027749229188077996e-04 1.449126413155189981e-02 1.027749229188077996e-04 2.065775950668036903e-02 4.213771839671119797e-03 1.645426515930112910e-01 1.027749229188077996e-04 4.213771839671119797e-03 1.027749229188077996e-04 7.297019527235353541e-03 1.027749229188077996e-04 1.027749229188077996e-04 1.027749229188077996e-04 6.269270298047275626e-03 1.027749229188077996e-04 1.027749229188077996e-04 1.027749229188077996e-04 1.027749229188077996e-04 1.140801644398766607e-02
4.865702479338841757e-02 1.033057851239669260e-04 1.033057851239669260e-04 1.146694214876032777e-02 1.033057851239669260e-04 1.220041322314049242e-01 5.175619834710742939e-02 1.033057851239669260e-04 2.139462809917354880e-01 1.426652892561983133e-01 1.973140495867768338e-02 2.253099173553718415e-01 1.033057851239669260e-04 1.033057851239669260e-04 1.136363636363636092e-03 9.400826446280988874e-03 3.419421487603305221e-02 1.033057851239669260e-04 1.033057851239669260e-04 1.033057851239669260e-04 1.456611570247933439e-02 1.033057851239669260e-04 1.033057851239669260e-04 1.033057851239669260e-04 3.729338842975205709e-02 1.136363636363636092e-03 1.033057851239669260e-04 1.033057851239669260e-04 6.208677685950411695e-02 3.202479338842974341e-03
1.562499999999999761e-04 4.843749999999999098e-03 1.718749999999999792e-03 1.562499999999999761e-04 1.735937499999999634e-01 1.562499999999999761e-04 2.923437499999999578e-01 1.562499999999999761e-04 3.296874999999999806e-02 2.095312499999999467e-01 2.157812499999999523e-01 1.562499999999999761e-04 1.562499999999999761e-04 1.562499999999999761e-04 9.531249999999998057e-03 1.562499999999999761e-04 1.562499999999999761e-04 2.984374999999999528e-02 1.562499999999999761e-04 1.562499999999999761e-04 1.718749999999999792e-03 3.281249999999999445e-03 1.562499999999999761e-04 1.562499999999999761e-04 1.578124999999999667e-02 1.562499999999999761e-04 1.562499999999999761e-04 1.562499999999999761e-04 1.562499999999999761e-04 6.406249999999997884e-03
1.388489208633093275e-01 1.027749229188077860e-04 1.027749229188077860e-04 1.027749229188077860e-04 1.470709146968139369e-01 1.027749229188077860e-04 1.027749229188077860e-04 5.765673175745116702e-02 3.812949640287768838e-02 1.162384378211716029e-01 1.027749229188077860e-04 5.457348406988693501e-02 4.183967112024665203e-01 1.027749229188077860e-04 2.158273381294963534e-03 1.027749229188077860e-04 6.269270298047274759e-03 1.027749229188077860e-04 6.269270298047274759e-03 1.027749229188077860e-04 1.027749229188077860e-04 1.027749229188077860e-04 1.027749229188077860e-04 1.027749229188077860e-04 1.027749229188077860e-04 5.241521068859196844e-03 1.027749229188077860e-04 1.027749229188077860e-04 7.297019527235352673e-03 1.027749229188077860e-04
6.255850234009359412e-02 8.595943837753508565e-02 1.263650546021840605e-02 2.979719188767550320e-02 1.560062402496099573e-04 2.045241809672386502e-01 7.956318252730108093e-03 1.468018720748829609e-01 8.127925117004679290e-02 1.358814352574102546e-01 1.560062402496099573e-04 1.560062402496099573e-04 8.439937597503899269e-02 1.560062402496099573e-04 5.163806552262089483e-02 1.731669266770670401e-02 1.560062402496099573e-04 1.560062402496099573e-04 1.560062402496099573e-04 1.560062402496099573e-04 1.560062402496099573e-04 1.560062402496099573e-04 1.560062402496099573e-04 2.199687987519500371e-02 1.560062402496099573e-04 1.560062402496099573e-04 1.560062402496099573e-04 1.560062402496099573e-04 5.475819032761309463e-02 1.560062402496099573e-04
2.141176470588234543e-02 2.352941176470587758e-04 2.352941176470587758e-04 3.552941176470587187e-02 7.082352941176468797e-02 2.588235294117646398e-03 2.352941176470587758e-04 2.352941176470587758e-04 3.249411764705881223e-01 1.625882352941175890e-01 4.258823529411764203e-02 1.108235294117646819e-01 6.611764705882351711e-02 2.352941176470587758e-04 2.352941176470587758e-04 2.352941176470587758e-04 4.964705882352940525e-02 2.588235294117646398e-03 2.352941176470587758e-04 2.352941176470587758e-04 2.588235294117646398e-03 2.352941176470587758e-04 2.352941176470587758e-04 3.317647058823528644e-02 4.941176470588234428e-03 2.352941176470587758e-04 2.588235294117646398e-03 2.352941176470587758e-04 6.376470588235293169e-02 2.352941176470587758e-04
4.220843672456574547e-01 2.481389578163771168e-04 2.481389578163771168e-04 3.002481389578162685e-02 1.342431761786600231e-01 3.498759305210916853e-02 3.995037220843671716e-02 2.481389578163771168e-04 3.498759305210916853e-02 1.267990074441686932e-01 2.481389578163771168e-04 3.746898263027294285e-02 2.481389578163771168e-04 2.481389578163771168e-04 2.481389578163771168e-04 2.481389578163771168e-04 2.481389578163771168e-04 1.017369727047146011e-02 2.481389578163771168e-04 2.481389578163771168e-04 1.513647642679900179e-02 2.481389578163771168e-04 2.481389578163771168e-04 2.481389578163771168e-04 2.481389578163771168e-04 2.481389578163771168e-04 2.754342431761785601e-02 2.481389578163771168e-04 3.250620347394540116e-02 4.987593052109180053e-02
1.509900990099009334e-02 2.475247524752474735e-04 2.475247524752474735e-04 2.475247524752474735e-04 5.198019801980196565e-03 1.042079207920791756e-01 5.222772277227721860e-02 2.475247524752474735e-04 2.722772277227722155e-03 2.774752475247523886e-01 2.475247524752474735e-04 2.475247524752474735e-04 7.673267326732671409e-03 3.490099009900989036e-02 4.727722772277227065e-02 2.475247524752474735e-04 3.071782178217820625e-01 2.475247524752474735e-04 1.509900990099009334e-02 2.475247524752474735e-04 1.014851485148514539e-02 2.475247524752474735e-04 3.737623762376236780e-02 2.475247524752474735e-04 2.475247524752474735e-04 2.475247524752474735e-04 3.242574257425741291e-02 2.475247524752474735e-04 3.737623762376236780e-02 1.014851485148514539e-02
4.886621315192742759e-02 1.133786848072562144e-04 1.133786848072562144e-04 1.133786848072562144e-04 2.278911564625850025e-02 2.845804988662131024e-02 1.133786848072562144e-04 3.185941043083899415e-02 2.212018140589568638e-01 9.308390022675733233e-02 1.133786848072562144e-04 3.345804988662131052e-01 3.979591836734693022e-02 1.133786848072562144e-04 5.782312925170065947e-03 1.133786848072562144e-04 2.380952380952380300e-03 1.133786848072562144e-04 1.133786848072562144e-04 1.247165532879818345e-03 1.133786848072562144e-04 1.133786848072562144e-04 1.133786848072562144e-04 8.049886621315189422e-03 9.421768707482990057e-02 1.133786848072562144e-04 1.133786848072562144e-04 1.133786848072562144e-04 6.587301587301586103e-02 1.133786848072562144e-04
5.769230769230767816e-03 2.747252747252746708e-04 2.747252747252746708e-04 1.156593406593406231e-01 2.747252747252746708e-04 7.719780219780217334e-02 2.747252747252746708e-04 1.156593406593406231e-01 3.324175824175822774e-02 5.521978021978020401e-02 2.747252747252746708e-04 1.074175824175823829e-01 5.769230769230767816e-03 2.747252747252746708e-04 2.887362637362636542e-01 2.747252747252746708e-04 2.747252747252746708e-04 2.747252747252746708e-04 2.747252747252746708e-04 2.747252747252746708e-04 2.747252747252746708e-04 2.225274725274724655e-02 2.747252747252746708e-04 1.101648351648351343e-01 2.747252747252746708e-04 5.796703296703295538e-02 2.747252747252746708e-04 2.747252747252746708e-04 2.747252747252746708e-04 2.747252747252746708e-04
6.576923076923076039e-02 6.576923076923076039e-02 3.846153846153845608e-04 3.846153846153845608e-04 3.846153846153845608e-04 2.234615384615384059e-01 3.846153846153845608e-04 1.926923076923076628e-01 1.003846153846153638e-01 3.884615384615383582e-02 3.846153846153845608e-04 1.961538461538461092e-02 1.811538461538461098e-01 4.230769230769229790e-03 3.846153846153845608e-04 3.846153846153845608e-04 3.846153846153845608e-04 8.076923076923075290e-03 1.192307692307692166e-02 3.846153846153845608e-04 3.846153846153845608e-04 3.846153846153845608e-04 8.076923076923075290e-03 3.846153846153845608e-04 3.846153846153845608e-04 3.846153846153845608e-04 3.846153846153845608e-04 3.846153846153845608e-04 7.346153846153845313e-02 3.846153846153845608e-04
1.318471337579617542e-01 6.581740976645433783e-03 2.123142250530785091e-04 7.027600849256898652e-02 1.932059447983014433e-02 2.356687898089171451e-02 2.123142250530785091e-04 2.123142250530785091e-04 9.575371549893840761e-02 5.329087048832270579e-02 2.123142250530785091e-04 1.106157112526539033e-01 4.458598726114648692e-03 4.267515923566878033e-02 2.123142250530785091e-04 2.123142250530785091e-04 2.123142250530785091e-04 2.123142250530785091e-04 1.507430997876857241e-02 2.123142250530785091e-04 1.082802547770700223e-02 3.205944798301485488e-02 2.123142250530785091e-04 2.123142250530785091e-04 4.479830148619956542e-02 2.123142250530785091e-04 2.123142250530785091e-04 2.144373673036092942e-02 3.144373673036092720e-01 2.123142250530785091e-04
1.543209876543209845e-04 1.112654320987654238e-01 1.543209876543209845e-04 1.543209876543209845e-04 1.374999999999999833e-01 1.158950617283950463e-01 1.543209876543209845e-04 1.143518518518518434e-01 6.342592592592592726e-02 8.966049382716050065e-02 1.543209876543209845e-04 1.313271604938271442e-01 1.822530864197530742e-01 1.543209876543209845e-04 1.543209876543209845e-04 2.793209876543210207e-02 1.543209876543209845e-04 1.543209876543209845e-04 1.712962962962963007e-02 1.543209876543209845e-04 1.543209876543209845e-04 1.697530864197531074e-03 1.543209876543209845e-04 1.543209876543209845e-04 1.543209876543209845e-04 1.543209876543209845e-04 4.783950617283950872e-03 1.543209876543209845e-04 1.543209876543209845e-04 1.543209876543209845e-04
4.081632653061225725e-04 8.204081632653063838e-02 4.081632653061225725e-04 4.081632653061225725e-04 4.004081632653062051e-01 4.081632653061225725e-04 3.714285714285715106e-02 8.571428571428573590e-03 2.044897959183674119e-01 2.897959183673469788e-02 1.673469387755102331e-02 4.081632653061225725e-04 1.881632653061224847e-01 4.081632653061225725e-04 4.081632653061225725e-04 4.081632653061225725e-04 4.081632653061225725e-04 4.081632653061225725e-04 4.081632653061225725e-04 1.673469387755102331e-02 4.081632653061225725e-04 4.081632653061225725e-04 4.081632653061225725e-04 4.081632653061225725e-04 4.081632653061225725e-04 8.571428571428573590e-03 4.081632653061225725e-04 4.081632653061225725e-04 4.081632653061225725e-04 4.081632653061225725e-04
1.856661045531196874e-01 7.268128161888699756e-02 3.726812816188869448e-02 1.686340640809443254e-04 1.367622259696458231e-01 1.686340640809443254e-04 3.389544688026981112e-02 5.919055649241145717e-02 1.871838111298481863e-02 1.704890387858346845e-01 3.895446880269814310e-02 1.686340640809443254e-04 1.384485666104552648e-01 1.686340640809443254e-04 1.686340640809443254e-04 3.541315345699830915e-03 1.686340640809443254e-04 1.686340640809443254e-04 6.593591905564923084e-02 3.389544688026981112e-02 1.686340640809443254e-04 1.686340640809443254e-04 1.686340640809443254e-04 1.686340640809443254e-04 1.686340640809443254e-04 1.686340640809443254e-04 1.686340640809443254e-04 1.686340640809443254e-04 1.854974704890387715e-03 1.686340640809443254e-04
7.488986784140966996e-03 1.468428781204111303e-04 1.468428781204111303e-04 1.468428781204111303e-04 1.468428781204111303e-04 2.511013215859030784e-02 2.453744493392069903e-01 1.468428781204111303e-04 1.468428781204111303e-04 1.352422907488986525e-01 1.939794419970631012e-01 1.468428781204111303e-04 1.468428781204111303e-04 6.328928046989720779e-02 1.468428781204111303e-04 1.925110132158589782e-01 1.468428781204111303e-04 1.073421439060205373e-01 1.468428781204111303e-04 1.923641703377385742e-02 1.468428781204111303e-04 1.468428781204111303e-04 7.488986784140966996e-03 1.468428781204111303e-04 1.468428781204111303e-04 1.468428781204111303e-04 1.468428781204111303e-04 1.468428781204111303e-04 1.468428781204111303e-04 1.468428781204111303e-04
2.775910364145657283e-01 2.801120448179270973e-04 3.081232492997198341e-03 2.801120448179270973e-04 3.392156862745096535e-01 2.801120448179270973e-04 7.030812324929970603e-02 1.375350140056021964e-01 6.750700280112043039e-02 2.801120448179270973e-04 2.801120448179270973e-04 2.801120448179270973e-04 2.801120448179270973e-04 2.801120448179270973e-04 5.882352941176468772e-03 2.801120448179270973e-04 2.801120448179270973e-04 2.801120448179270973e-04 2.801120448179270973e-04 2.801120448179270973e-04 3.081232492997198341e-03 2.801120448179270973e-04 8.683473389355739203e-03 2.801120448179270973e-04 2.801120448179270973e-04 3.081232492997198341e-03 2.801120448179270973e-04 7.871148459383751905e-02 2.801120448179270973e-04 2.801120448179270973e-04
4.629629629629630891e-04 4.629629629629630891e-04 5.092592592592594739e-03 4.629629629629630891e-04 1.023148148148148445e-01 4.629629629629630891e-04 5.138888888888890061e-02 6.990740740740741810e-02 9.305555555555558578e-02 1.115740740740741033e-01 4.675925925925927124e-02 5.092592592592594739e-03 4.629629629629630891e-04 1.435185185185185522e-02 4.629629629629630891e-04 3.708333333333334036e-01 1.435185185185185522e-02 3.287037037037037618e-02 4.629629629629630891e-04 4.629629629629630891e-04 1.898148148148148459e-02 4.629629629629630891e-04 4.629629629629630891e-04 1.898148148148148459e-02 4.629629629629630891e-04 9.722222222222225846e-03 4.629629629629630891e-04 2.824074074074074681e-02 4.629629629629630891e-04 4.629629629629630891e-04
8.340611353711793741e-02 4.366812227074236990e-04 4.366812227074236990e-04 1.358078602620087783e-01 4.366812227074236990e-04 4.366812227074236990e-04 4.366812227074236990e-04 3.537117903930131479e-02 4.366812227074236990e-04 6.157205240174673522e-02 4.366812227074236990e-04 4.366812227074236990e-04 2.318777292576419957e-01 4.803493449781661394e-03 7.030567685589521332e-02 4.366812227074236990e-04 4.803493449781661394e-03 4.366812227074236990e-04 3.585152838427947963e-01 4.366812227074236990e-04 4.366812227074236990e-04 4.803493449781661394e-03 4.366812227074236990e-04 4.366812227074236990e-04 4.366812227074236990e-04 4.366812227074236990e-04 4.366812227074236990e-04 4.366812227074236990e-04 4.366812227074236990e-04 4.366812227074236990e-04
1.613518197573656499e-01 5.372616984402079146e-03 1.733102253032928739e-04 7.296360485268629792e-02 1.249566724436741438e-01 1.733102253032928739e-04 1.733102253032928739e-04 1.942807625649912995e-01 1.058925476603119337e-01 1.733102253032928739e-04 1.733102253032928739e-04 7.296360485268629792e-02 4.350086655112651163e-02 1.733102253032928739e-04 1.733102253032928739e-04 1.733102253032928739e-04 5.372616984402079146e-03 1.733102253032928739e-04 1.733102253032928739e-04 1.733102253032928739e-04 5.372616984402079146e-03 1.733102253032928739e-04 1.733102253032928739e-04 1.665511265164644206e-01 1.733102253032928739e-04 1.733102253032928739e-04 1.733102253032928739e-04 3.830155979202772704e-02 1.733102253032928739e-04 1.733102253032928739e-04
5.107632093933463235e-02 4.109589041095890009e-03 1.956947162426614264e-04 2.759295499021525641e-02 2.917808219178081308e-01 1.097847358121330497e-01 1.956947162426614264e-04 1.254403131115459369e-01 1.097847358121330497e-01 3.737769080234833174e-02 1.956947162426614264e-04 1.956947162426614264e-04 2.115459882583169693e-01 1.956947162426614264e-04 1.956947162426614264e-04 1.956947162426614264e-04 9.980430528375730526e-03 1.956947162426614264e-04 1.956947162426614264e-04 1.956947162426614264e-04 1.956947162426614264e-04 1.956947162426614264e-04 1.956947162426614264e-04 1.956947162426614264e-04 1.956947162426614264e-04 1.956947162426614264e-04 1.956947162426614264e-04 1.956947162426614264e-04 1.780821917808218802e-02 1.956947162426614264e-04
2.881502890173410769e-01 9.633911368015414414e-05 9.633911368015414414e-05 9.633911368015414414e-05 9.633911368015414414e-05 9.633911368015414414e-05 9.633911368015414414e-05 9.633911368015414414e-05 1.059730250481695762e-03 1.359344894026974782e-01 9.633911368015414414e-05 5.789980732177264083e-02 5.404624277456647474e-02 9.633911368015414414e-05 2.610789980732177232e-02 9.633911368015414414e-05 9.633911368015414414e-05 9.633911368015414414e-05 9.633911368015414414e-05 9.633911368015414414e-05 3.477842003853564429e-02 9.633911368015414414e-05 1.059730250481695762e-03 9.633911368015414414e-05 3.188824662813102145e-02 5.500963391136801800e-02 1.069364161849710969e-02 9.633911368015414414e-05 3.016377649325626686e-01 9.633911368015414414e-05
1.677852348993288771e-04 1.562080536912751616e-01 7.567114093959731447e-02 1.677852348993288771e-04 4.043624161073825635e-02 1.677852348993288771e-04 1.008389261744966486e-01 7.231543624161074213e-02 2.197986577181208073e-02 1.511744966442953031e-01 6.224832214765101124e-02 1.677852348993288771e-04 2.132550335570469746e-01 1.677852348993288771e-04 1.677852348993288771e-04 1.677852348993288771e-04 1.359060402684563774e-02 1.677852348993288771e-04 1.677852348993288771e-04 1.677852348993288771e-04 1.677852348993288771e-04 1.677852348993288771e-04 1.677852348993288771e-04 1.677852348993288771e-04 1.677852348993288771e-04 1.677852348993288771e-04 5.889261744966443196e-02 1.677852348993288771e-04 3.036912751677852546e-02 1.677852348993288771e-04
