3.164556962025315431e-04 6.645569620253162675e-03 3.164556962025315431e-04 9.810126582278477780e-03 3.481012658227847136e-03 3.164556962025315431e-04 3.164556962025315431e-04 3.164556962025315431e-04 3.481012658227847136e-03 3.164556962025315431e-04 3.164556962025315431e-04 6.645569620253162675e-03 7.123417721518984225e-01 3.164556962025315431e-04 3.196202531645568612e-02 3.164556962025315431e-04 3.164556962025315431e-04 1.268987341772151445e-01 3.164556962025315431e-04 3.164556962025315431e-04 8.259493670886072780e-02 3.164556962025315431e-04 3.164556962025315431e-04 3.164556962025315431e-04 3.481012658227847136e-03 3.164556962025315431e-04 3.164556962025315431e-04 3.164556962025315431e-04 3.164556962025315431e-04 6.645569620253162675e-03
3.584229390681002497e-04 3.584229390681002497e-04 1.111111111111110633e-02 4.336917562724012382e-02 3.584229390681002497e-04 2.799283154121862682e-01 3.584229390681002497e-04 1.469534050179210731e-02 5.412186379928313196e-02 6.845878136200714281e-02 3.584229390681002497e-04 7.526881720430104485e-03 3.584229390681002497e-04 3.584229390681002497e-04 2.186379928315411100e-02 3.408602150537632935e-01 1.827956989247310829e-02 7.921146953405015789e-02 3.584229390681002497e-04 3.584229390681002497e-04 3.942652329749102638e-03 3.584229390681002497e-04 4.336917562724012382e-02 3.584229390681002497e-04 3.584229390681002497e-04 3.584229390681002497e-04 3.584229390681002497e-04 3.942652329749102638e-03 3.942652329749102638e-03 3.584229390681002497e-04
3.417721518987341944e-02 1.308016877637130891e-02 4.219409282700422020e-04 1.354430379746835444e-01 4.219409282700422020e-04 5.527426160337552824e-02 4.219409282700422020e-04 4.219409282700422020e-04 4.219409282700422020e-04 2.451476793248945074e-01 3.417721518987341944e-02 4.219409282700422020e-04 4.219409282700422020e-04 4.219409282700422020e-04 1.101265822784810167e-01 9.746835443037975277e-02 4.219409282700422020e-04 1.987341772151898778e-01 4.219409282700422020e-04 4.219409282700422020e-04 4.219409282700422020e-04 4.683544303797468333e-02 8.860759493670886458e-03 1.308016877637130891e-02 4.219409282700422020e-04 4.219409282700422020e-04 4.219409282700422020e-04 4.219409282700422020e-04 4.219409282700422020e-04 4.219409282700422020e-04
1.510574018126887674e-04 3.489425981873110760e-02 1.510574018126887674e-04 1.285498489425981328e-01 4.999999999999998196e-02 2.280966767371600534e-02 1.827794561933534026e-02 4.093655589123865873e-02 1.510574018126887674e-04 3.187311178247733551e-02 1.510574018126887674e-04 1.240181268882174781e-01 3.172205438066464170e-03 1.510574018126887674e-04 1.827794561933534026e-02 1.510574018126887674e-04 6.193353474320238868e-03 8.172205438066462713e-02 6.193353474320238868e-03 9.214501510574013565e-03 2.129909365558911583e-02 1.510574018126887674e-04 3.536253776435043794e-01 1.510574018126887674e-04 1.072507552870090135e-02 1.510574018126887674e-04 1.510574018126887674e-04 3.640483383685799712e-02 1.510574018126887674e-04 1.510574018126887674e-04
1.173708920187793128e-04 2.653755868544599994e-01 1.173708920187793128e-04 5.762910798122064526e-02 1.173708920187793128e-04 2.711267605633802327e-02 9.507042253521124503e-03 4.471830985915491857e-02 1.173708920187793128e-04 4.812206572769951556e-03 1.173708920187793128e-04 1.092723004694835381e-01 1.173708920187793128e-04 2.946009389671360931e-02 2.007042253521126515e-02 1.173708920187793128e-04 1.173708920187793128e-04 2.946009389671360931e-02 1.173708920187793128e-04 3.064553990610328071e-01 1.173708920187793128e-04 9.507042253521124503e-03 1.173708920187793128e-04 4.823943661971830110e-02 1.173708920187793128e-04 1.173708920187793128e-04 1.173708920187793128e-04 1.889671361502347213e-02 1.173708920187793128e-04 1.772300469483567564e-02
2.309468822170900114e-04 3.256351039260969166e-02 2.309468822170900114e-04 1.526558891454964928e-01 3.487297921478058754e-02 7.159353348729790081e-03 4.872979214780599755e-02 1.408775981524248988e-02 2.309468822170900114e-04 2.794457274826788948e-02 4.849884526558890727e-03 2.196304849884525845e-01 4.849884526558890727e-03 2.309468822170900114e-04 3.949191685912239319e-02 2.309468822170900114e-04 2.309468822170900114e-04 3.949191685912239319e-02 2.309468822170900114e-04 2.332563510392609077e-02 2.309468822170900114e-04 2.309468822170900114e-04 3.073903002309467669e-01 2.309468822170900114e-04 7.159353348729790081e-03 2.309468822170900114e-04 2.309468822170900114e-04 3.256351039260969166e-02 2.309468822170900114e-04 2.309468822170900114e-04
9.250720461095097991e-02 2.881844380403457266e-04 8.933717579250717578e-03 1.757925072046108775e-02 2.881844380403457266e-04 2.881844380403457266e-04 2.046109510086454447e-02 1.126801152737751804e-01 2.881844380403457266e-04 6.368876080691640573e-02 2.881844380403457266e-04 6.051873198847260854e-03 2.881844380403457266e-04 2.881844380403457266e-04 5.504322766570603903e-02 1.213256484149855541e-01 2.881844380403457266e-04 3.547550432276656007e-01 2.881844380403457266e-04 2.881844380403457266e-04 6.051873198847260854e-03 2.622478386167146139e-02 9.538904899135443316e-02 2.881844380403457266e-04 1.181556195965417430e-02 2.881844380403457266e-04 2.881844380403457266e-04 3.170028818443803263e-03 2.881844380403457266e-04 2.881844380403457266e-04
2.141327623126337691e-04 2.355460385438971297e-03 2.141327623126337691e-04 2.141327623126337691e-04 2.141327623126337691e-04 2.141327623126337691e-04 2.141327623126337691e-04 2.141327623126337691e-04 2.141327623126337691e-04 4.304068522483938536e-02 2.141327623126337691e-04 1.158458244111348623e-01 2.141327623126337691e-04 2.355460385438971297e-03 6.873661670235543808e-02 1.265524625267665515e-01 2.141327623126337691e-04 1.436830835117772487e-01 2.141327623126337691e-04 2.355460385438971297e-03 1.179871520342612029e-01 2.141327623126337691e-04 3.171306209850106028e-01 2.141327623126337691e-04 6.638115631691646895e-03 2.141327623126337691e-04 2.141327623126337691e-04 4.732334047109205966e-02 2.355460385438971297e-03 2.141327623126337691e-04
1.149377593360995792e-01 6.099585062240664435e-02 1.383125864453665249e-04 4.301521438450899015e-02 1.383125864453665249e-04 1.383125864453665249e-04 7.053941908713692172e-03 3.748271092669432786e-02 1.383125864453665249e-04 1.951590594744121721e-01 1.343015214384508937e-01 4.578146611341632477e-02 1.383125864453665249e-04 1.383125864453665249e-04 2.918395573997233788e-02 1.383125864453665249e-04 1.383125864453665249e-04 1.121715076071922446e-01 8.437067773167357745e-03 8.437067773167357745e-03 8.174273858921161928e-02 1.383125864453665249e-04 1.149377593360995792e-01 1.383125864453665249e-04 1.383125864453665249e-04 4.287690179806362759e-03 1.383125864453665249e-04 1.383125864453665249e-04 1.383125864453665249e-04 1.383125864453665249e-04
6.578947368421055736e-04 6.578947368421055736e-04 6.578947368421055736e-04 6.578947368421055736e-04 6.578947368421055736e-04 6.578947368421055736e-04 6.578947368421055736e-04 6.578947368421055736e-04 6.578947368421055736e-04 6.578947368421055736e-04 6.578947368421055736e-04 6.644736842105265773e-02 5.796052631578949565e-01 6.578947368421055736e-04 7.302631578947370306e-02 6.644736842105265773e-02 6.578947368421055736e-04 1.651315789473684903e-01 6.578947368421055736e-04 6.578947368421055736e-04 6.578947368421055736e-04 6.578947368421055736e-04 6.578947368421055736e-04 7.236842105263161309e-03 1.381578947368421705e-02 6.578947368421055736e-04 1.381578947368421705e-02 6.578947368421055736e-04 6.578947368421055736e-04 6.578947368421055736e-04
6.015473887814311998e-02 9.864603481624755268e-03 9.864603481624755268e-03 4.854932301740811501e-02 1.934235976789167965e-04 1.934235976789167965e-04 1.934235976789167965e-04 2.127659574468084708e-03 2.533849129593809812e-02 1.934235976789167965e-04 1.934235976789167965e-04 1.934235976789167965e-04 3.154738878143132919e-01 7.930367504835587195e-03 2.226305609284331966e-01 5.048355899419728482e-02 1.934235976789167965e-04 1.665377176015473415e-01 1.934235976789167965e-04 1.934235976789167965e-04 1.934235976789167965e-04 1.934235976789167965e-04 1.934235976789167965e-04 1.934235976789167965e-04 7.756286266924562744e-02 1.934235976789167965e-04 1.934235976789167965e-04 1.934235976789167965e-04 1.934235976789167965e-04 1.934235976789167965e-04
3.511705685618728406e-03 3.511705685618728406e-03 1.672240802675584929e-04 1.856187290969899331e-02 3.862876254180601376e-02 3.596989966555182994e-01 1.672240802675584929e-04 1.354515050167223733e-02 3.511705685618728406e-03 5.535117056856186241e-02 1.672240802675584929e-04 4.531772575250835738e-02 1.672240802675584929e-04 1.672240802675584929e-04 2.190635451505016165e-02 8.528428093645483085e-03 1.672240802675584929e-04 1.672240802675584929e-04 6.856187290969898047e-03 1.839464882943143585e-03 1.088628762541805767e-01 1.672240802675584929e-04 2.376254180602006272e-01 1.839464882943143585e-03 1.672240802675584929e-04 1.672240802675584929e-04 1.672240802675584929e-04 6.872909698996654271e-02 1.672240802675584929e-04 1.672240802675584929e-04
3.703703703703704062e-04 4.111111111111111216e-02 3.703703703703704062e-04 2.259259259259259120e-02 3.703703703703704062e-04 4.111111111111111216e-02 1.518518518518518351e-02 3.703703703703704062e-04 3.370370370370370100e-02 7.777777777777778422e-03 3.703703703703704062e-04 4.481481481481481427e-02 3.703703703703704062e-04 3.703703703703704062e-04 3.188888888888888884e-01 2.999999999999999889e-02 2.259259259259259120e-02 7.777777777777778422e-03 3.703703703703704062e-04 3.703703703703704062e-04 3.703703703703704062e-04 9.666666666666667851e-02 4.111111111111111216e-02 3.703703703703704062e-04 7.444444444444445197e-02 5.962962962962963659e-02 3.703703703703704062e-04 3.703703703703704062e-04 1.374074074074074225e-01 3.703703703703704062e-04
3.246753246753245666e-04 1.334415584415583889e-01 3.246753246753245666e-04 3.928571428571427104e-02 3.246753246753245666e-04 3.246753246753245666e-04 3.246753246753245666e-04 3.246753246753245666e-04 3.246753246753245666e-04 1.821428571428570786e-01 5.652597402597400178e-01 3.246753246753245666e-04 3.246753246753245666e-04 3.246753246753245666e-04 3.246753246753245666e-04 3.246753246753245666e-04 3.246753246753245666e-04 3.246753246753245666e-04 3.246753246753245666e-04 3.246753246753245666e-04 4.577922077922075977e-02 2.305194805194804228e-02 3.246753246753245666e-04 3.246753246753245666e-04 3.246753246753245666e-04 3.246753246753245666e-04 3.571428571428570450e-03 3.246753246753245666e-04 3.246753246753245666e-04 3.246753246753245666e-04
3.430278884462151789e-01 4.382470119521913489e-03 3.984063745019921009e-04 3.625498007968127462e-02 3.984063745019921009e-04 3.984063745019921009e-04 3.984063745019921009e-04 1.039840637450199362e-01 3.984063745019921009e-04 1.438247011952191456e-01 3.984063745019921009e-04 3.984063745019921009e-04 1.235059760956175486e-02 3.984063745019921009e-04 3.984063745019921009e-04 6.015936254980080305e-02 3.984063745019921009e-04 3.984063745019921009e-04 3.984063745019921009e-04 3.984063745019921009e-04 5.219123505976096256e-02 3.984063745019921009e-04 2.195219123505976477e-01 3.984063745019921009e-04 4.382470119521913489e-03 3.984063745019921009e-04 3.984063745019921009e-04 8.366533864541834606e-03 3.984063745019921009e-04 4.382470119521913489e-03
1.360465116279069853e-01 1.201550387596899208e-02 3.875968992248061962e-04 1.589147286821705404e-02 3.875968992248061962e-04 3.875968992248061962e-04 8.139534883720930120e-03 3.875968992248061962e-04 8.139534883720930120e-03 1.050387596899224896e-01 3.875968992248061962e-04 4.263565891472868158e-03 4.263565891472868158e-03 3.875968992248061962e-04 8.178294573643411780e-02 3.875968992248061962e-04 8.139534883720930120e-03 1.244186046511627924e-01 1.976744186046511600e-02 8.139534883720930120e-03 3.875968992248061962e-04 3.875968992248061962e-04 6.627906976744186995e-02 3.686046511627906752e-01 3.875968992248061962e-04 3.875968992248061962e-04 3.875968992248061962e-04 3.875968992248061962e-04 2.364341085271317797e-02 3.875968992248061962e-04
1.157777777777777573e-01 1.799999999999999517e-02 2.222222222222221787e-04 9.133333333333330806e-02 3.799999999999999212e-02 3.355555555555554681e-02 2.222222222222221787e-04 4.466666666666666008e-02 2.222222222222221787e-04 9.577777777777775337e-02 2.222222222222221787e-04 2.222222222222221787e-04 2.222222222222221787e-04 2.222222222222221787e-04 2.222222222222221787e-04 2.222222222222221787e-04 2.222222222222221787e-04 1.046666666666666440e-01 2.222222222222221787e-04 2.222222222222221787e-04 8.022222222222220867e-02 2.222222222222221787e-04 3.335555555555554386e-01 2.222222222222221787e-04 2.222222222222221787e-04 2.222222222222221787e-04 2.222222222222221787e-04 3.799999999999999212e-02 2.444444444444443965e-03 2.222222222222221787e-04
1.248756218905472948e-01 1.099502487562189212e-01 4.975124378109453509e-04 4.975124378109453509e-04 4.975124378109453509e-04 4.975124378109453509e-04 4.975124378109453509e-04 4.975124378109453509e-04 4.975124378109453509e-04 4.975124378109453509e-04 4.975124378109453509e-04 1.044776119402985280e-02 4.432835820895522638e-01 4.975124378109453509e-04 1.049751243781094773e-01 6.019900497512438442e-02 4.975124378109453509e-04 6.019900497512438442e-02 4.975124378109453509e-04 4.975124378109453509e-04 4.975124378109453509e-04 5.472636815920399293e-03 5.472636815920399293e-03 4.975124378109453509e-04 4.029850746268657385e-02 1.542288557213930544e-02 4.975124378109453509e-04 4.975124378109453509e-04 4.975124378109453509e-04 1.044776119402985280e-02
8.752228163992868681e-02 1.622103386809268730e-02 1.782531194295899858e-04 1.800356506238858650e-02 1.960784313725490169e-03 1.782531194295899858e-04 5.525846702317289451e-03 1.782531194295899858e-04 1.782531194295899858e-04 2.550802139037432470e-01 1.782531194295899858e-04 1.782531194295899858e-04 1.960784313725490169e-03 1.782531194295899858e-04 8.039215686274508998e-02 8.573975044563278414e-02 2.691622103386808601e-02 9.465240641711228364e-02 1.782531194295899858e-04 3.743315508021389810e-03 7.682709447415328463e-02 1.782531194295899858e-04 3.226381461675578710e-02 1.782531194295899858e-04 1.782531194295899858e-04 5.721925133689838988e-02 5.543672014260248720e-02 1.622103386809268730e-02 1.782531194295899858e-04 8.217468805704097878e-02
3.843058350100603260e-02 4.044265593561367778e-02 2.012072434607645557e-04 2.074446680080482275e-01 1.629778672032192871e-02 4.849094567404425848e-02 8.249496981891346267e-03 5.050301810865190366e-02 2.012072434607645557e-04 2.012072434607645557e-04 2.012072434607645557e-04 1.269617706237424204e-01 1.830985915492957389e-02 1.227364185110663662e-02 8.249496981891346267e-03 2.012072434607645557e-04 2.012072434607645557e-04 7.263581488933600061e-02 2.012072434607645557e-04 1.830985915492957389e-02 6.237424547283701090e-03 2.012072434607645557e-04 2.637826961770622924e-01 2.012072434607645557e-04 1.629778672032192871e-02 2.012072434607645557e-04 2.012072434607645557e-04 4.446680080482896813e-02 2.012072434607645557e-04 2.012072434607645557e-04
1.845018450184501520e-04 1.845018450184501520e-04 1.845018450184501520e-04 2.029520295202951862e-03 2.970479704797047635e-02 3.396678966789666854e-01 1.494464944649446202e-02 2.047970479704796717e-02 1.845018450184501520e-04 1.845018450184501520e-04 3.874538745387453437e-03 9.612546125461253477e-02 3.874538745387453437e-03 1.845018450184501520e-04 1.845018450184501520e-04 1.845018450184501520e-04 1.845018450184501520e-04 1.201107011070110392e-01 1.845018450184501520e-04 8.136531365313651176e-02 7.029520295202951186e-02 1.845018450184501520e-04 1.643911439114390804e-01 7.564575645756455718e-03 1.845018450184501520e-04 3.874538745387453437e-03 1.845018450184501520e-04 3.708487084870848438e-02 1.845018450184501520e-04 2.029520295202951862e-03
6.375661375661374752e-02 3.730158730158728703e-02 2.645502645502644597e-04 9.285714285714283256e-02 2.645502645502644597e-04 2.645502645502644597e-04 2.645502645502644597e-04 4.788359788359787539e-02 2.645502645502644597e-04 2.648148148148147252e-01 9.550264550264547792e-02 2.910052910052909544e-03 2.645502645502644597e-04 8.201058201058198521e-03 2.645502645502644597e-04 2.645502645502644597e-04 2.645502645502644597e-04 1.854497354497353923e-01 2.645502645502644597e-04 2.645502645502644597e-04 4.788359788359787539e-02 2.645502645502644597e-04 8.756613756613754185e-02 8.201058201058198521e-03 2.645502645502644597e-04 2.645502645502644597e-04 2.142857142857142183e-02 2.645502645502644597e-04 2.645502645502644597e-04 3.201058201058200325e-02
4.310344827586207921e-04 9.051724137931036959e-03 4.310344827586207921e-04 4.310344827586207921e-04 4.310344827586207921e-04 4.310344827586207921e-04 4.310344827586207921e-04 4.310344827586207921e-04 4.741379310344829255e-03 4.310344827586207921e-04 4.310344827586207921e-04 6.508620689655174318e-02 6.512931034482759562e-01 4.310344827586207921e-04 7.801724137931037584e-02 4.310344827586207921e-04 9.051724137931036959e-03 1.469827586206896852e-01 4.310344827586207921e-04 4.310344827586207921e-04 4.310344827586207921e-04 4.310344827586207921e-04 1.767241379310345237e-02 4.310344827586207921e-04 4.310344827586207921e-04 4.310344827586207921e-04 4.741379310344829255e-03 4.310344827586207921e-04 4.310344827586207921e-04 4.741379310344829255e-03
7.518796992481204542e-04 7.518796992481204542e-04 7.518796992481204542e-04 7.518796992481204542e-04 7.518796992481204542e-04 7.518796992481204542e-04 7.518796992481204542e-04 7.518796992481204542e-04 7.593984962406016836e-02 3.766917293233083552e-01 7.518796992481204542e-04 7.518796992481204542e-04 9.849624060150377614e-02 7.518796992481204542e-04 1.887218045112782350e-01 7.518796992481204542e-04 7.518796992481204542e-04 2.037593984962406679e-01 7.518796992481204542e-04 7.518796992481204542e-04 7.518796992481204542e-04 7.518796992481204542e-04 3.834586466165414154e-02 7.518796992481204542e-04 7.518796992481204542e-04 7.518796992481204542e-04 7.518796992481204542e-04 7.518796992481204542e-04 7.518796992481204542e-04 7.518796992481204542e-04
2.028397565922920593e-04 3.874239350912778157e-02 2.028397565922920593e-04 2.454361054766733552e-02 1.643002028397565553e-02 3.064908722109532802e-01 2.028397565922920593e-04 2.028397565922920593e-04 2.028397565922920593e-04 1.237322515212981380e-02 2.028397565922920593e-04 6.916835699797159454e-02 2.028397565922920593e-04 2.028397565922920593e-04 2.028397565922920593e-04 2.028397565922920593e-04 1.845841784989857640e-02 9.148073022312371017e-02 2.028397565922920593e-04 2.028397565922920593e-04 1.137931034482758397e-01 2.028397565922920593e-04 1.766734279918863448e-01 2.028397565922920593e-04 2.028397565922920593e-04 2.028397565922920593e-04 2.028397565922920593e-04 1.279918864097362718e-01 2.028397565922920593e-04 2.028397565922920593e-04
2.826086956521738081e-02 1.462732919254657871e-01 3.105590062111800273e-04 2.826086956521738081e-02 3.105590062111800273e-04 3.105590062111800273e-04 3.105590062111800273e-04 3.105590062111800273e-04 3.105590062111800273e-04 1.338509316770185864e-01 5.406832298136643455e-01 3.105590062111800273e-04 3.105590062111800273e-04 3.105590062111800273e-04 6.521739130434780519e-03 3.105590062111800273e-04 3.105590062111800273e-04 3.105590062111800273e-04 1.894409937888198031e-02 3.105590062111800273e-04 7.484472049689439022e-02 1.583850931677018015e-02 3.105590062111800273e-04 3.105590062111800273e-04 3.105590062111800273e-04 3.105590062111800273e-04 3.105590062111800273e-04 3.105590062111800273e-04 3.105590062111800273e-04 3.105590062111800273e-04
1.388888888888888617e-04 2.487499999999999156e-01 1.388888888888888617e-04 2.236111111111110591e-02 1.527777777777777424e-03 1.388888888888888617e-04 8.472222222222219531e-03 4.736111111111109689e-02 1.527777777777777424e-03 1.527777777777777424e-03 1.388888888888888617e-04 8.347222222222219767e-02 1.388888888888888617e-04 5.694444444444442081e-03 1.527777777777777424e-03 1.388888888888888617e-04 1.388888888888888617e-04 2.097222222222221502e-02 9.736111111111107885e-02 3.279166666666665786e-01 4.041666666666665630e-02 1.388888888888888617e-04 3.208333333333332482e-02 1.388888888888888617e-04 1.388888888888888617e-04 1.388888888888888617e-04 1.388888888888888617e-04 1.680555555555554928e-02 2.236111111111110591e-02 1.819444444444443670e-02
6.711409395973157253e-04 4.765100671140941324e-02 6.711409395973157253e-04 6.711409395973157253e-04 6.711409395973157253e-04 6.711409395973157253e-04 6.711409395973157253e-04 6.711409395973157253e-04 7.449664429530203358e-02 3.765100671140941269e-01 7.382550335570473195e-03 6.711409395973157253e-04 1.550335570469799362e-01 6.711409395973157253e-04 2.892617449664430795e-01 6.711409395973157253e-04 1.409395973154363088e-02 1.409395973154363088e-02 6.711409395973157253e-04 6.711409395973157253e-04 6.711409395973157253e-04 6.711409395973157253e-04 6.711409395973157253e-04 6.711409395973157253e-04 6.711409395973157253e-04 7.382550335570473195e-03 6.711409395973157253e-04 6.711409395973157253e-04 6.711409395973157253e-04 6.711409395973157253e-04
4.610389610389611231e-02 6.493506493506494585e-04 7.207792207792208805e-02 2.149350649350649789e-01 6.493506493506494585e-04 6.493506493506494585e-04 6.493506493506494585e-04 6.493506493506494585e-04 6.493506493506494585e-04 2.662337662337662531e-02 7.207792207792208805e-02 9.155844155844157506e-02 1.363636363636363917e-02 1.954545454545454919e-01 7.142857142857144369e-03 1.363636363636363917e-02 2.662337662337662531e-02 6.493506493506494585e-04 1.363636363636363917e-02 2.012987012987013311e-02 6.493506493506494585e-04 6.493506493506494585e-04 6.493506493506494585e-04 6.493506493506494585e-04 6.493506493506494585e-04 1.305194805194805630e-01 6.493506493506494585e-04 6.493506493506494585e-04 4.610389610389611231e-02 6.493506493506494585e-04
1.879699248120300322e-04 6.597744360902255134e-02 3.947368421052630839e-03 1.110902255639097530e-01 1.879699248120300322e-04 3.930451127819548085e-01 1.146616541353383083e-02 1.879699248120300322e-04 7.706766917293230400e-03 1.879699248120300322e-04 7.706766917293230400e-03 2.274436090225563298e-02 1.879699248120300322e-04 1.879699248120300322e-04 1.334586466165413147e-02 1.879699248120300322e-04 1.879699248120300322e-04 4.718045112781954487e-02 9.586466165413531915e-03 1.146616541353383083e-02 6.973684210526313876e-02 1.879699248120300322e-04 7.913533834586464200e-02 1.879699248120300322e-04 1.879699248120300322e-04 9.417293233082704718e-02 1.879699248120300322e-04 2.650375939849623427e-02 1.146616541353383083e-02 1.146616541353383083e-02
2.118644067796609566e-04 2.118644067796609566e-04 2.330508474576270441e-03 2.118644067796609566e-04 2.118644067796609566e-04 2.118644067796609566e-04 2.118644067796609566e-04 2.118644067796609566e-04 2.118644067796609566e-04 2.118644067796609566e-04 2.118644067796609566e-04 3.411016949152541333e-02 4.387711864406778073e-01 2.118644067796609566e-04 6.800847457627116899e-02 2.118644067796609566e-04 2.118644067796609566e-04 2.883474576271185530e-01 6.567796610169489464e-03 2.118644067796609566e-04 1.167372881355931841e-01 2.118644067796609566e-04 2.118644067796609566e-04 2.987288135593219041e-02 6.567796610169489464e-03 2.118644067796609566e-04 2.118644067796609566e-04 2.118644067796609566e-04 4.449152542372879736e-03 2.118644067796609566e-04
3.891050583657587819e-04 1.443579766536965125e-01 3.891050583657587819e-04 1.984435797665369539e-02 3.891050583657587819e-04 3.891050583657587819e-04 9.377431906614785984e-02 3.891050583657587819e-04 4.280155642023346710e-03 1.595330739299610778e-02 4.945525291828793413e-01 3.891050583657587819e-04 8.171206225680934312e-03 3.891050583657587819e-04 3.891050583657587819e-04 3.891050583657587819e-04 3.891050583657587819e-04 3.929961089494163340e-02 3.891050583657587819e-04 3.891050583657587819e-04 3.891050583657587819e-04 1.365758754863813373e-01 3.891050583657587819e-04 3.891050583657587819e-04 3.891050583657587819e-04 3.891050583657587819e-04 3.891050583657587819e-04 3.891050583657587819e-04 3.540856031128404580e-02 3.891050583657587819e-04
2.717391304347825578e-04 2.717391304347825578e-04 2.717391304347825578e-04 2.717391304347825578e-04 8.423913043478259075e-03 2.717391304347825578e-04 2.717391304347825578e-04 2.717391304347825578e-04 2.717391304347825578e-04 2.717391304347825578e-04 2.472826086956520994e-02 4.646739130434781456e-02 3.290760869565216296e-01 2.717391304347825578e-04 2.717391304347825578e-04 5.706521739130433063e-03 2.989130434782607919e-03 3.073369565217390353e-01 2.717391304347825578e-04 2.717391304347825578e-04 8.994565217391302381e-02 2.717391304347825578e-04 1.470108695652173614e-01 2.201086956521738219e-02 2.717391304347825578e-04 5.706521739130433063e-03 5.706521739130433063e-03 2.717391304347825578e-04 2.717391304347825578e-04 2.717391304347825578e-04
3.934782608695651385e-02 2.391304347826086422e-03 2.173913043478260408e-04 2.413043478260868888e-02 2.391304347826086422e-03 2.173913043478260408e-04 2.173913043478260408e-04 2.173913043478260408e-04 2.173913043478260408e-04 3.065217391304346853e-02 1.045652173913043242e-01 1.978260869565216795e-02 4.610869565217389776e-01 2.173913043478260408e-04 2.173913043478260408e-04 2.173913043478260408e-04 4.565217391304347318e-03 2.067391304347825365e-01 2.173913043478260408e-04 1.326086956521738656e-02 8.282608695652171615e-02 2.173913043478260408e-04 2.173913043478260408e-04 2.173913043478260408e-04 4.565217391304347318e-03 2.173913043478260408e-04 2.173913043478260408e-04 2.173913043478260408e-04 2.173913043478260408e-04 2.173913043478260408e-04
8.316430020283970340e-03 2.028397565922920051e-04 2.454361054766733205e-02 2.028397565922920051e-04 2.028397565922920051e-04 1.237322515212981033e-02 2.028397565922920051e-04 2.028397565922920051e-04 2.028397565922920051e-04 2.028397565922920051e-04 2.028397565922920051e-04 2.028397565922920051e-04 5.580121703853953008e-01 2.028397565922920051e-04 4.279918864097361636e-02 2.028397565922920051e-04 2.028397565922920051e-04 2.679513184584177421e-01 2.028397565922920051e-04 2.028397565922920051e-04 2.860040567951317031e-02 2.028397565922920051e-04 4.685598377281945115e-02 2.028397565922920051e-04 2.028397565922920051e-04 2.028397565922920051e-04 2.028397565922920051e-04 2.028397565922920051e-04 6.288032454361052077e-03 2.028397565922920051e-04
2.873563218390804016e-04 2.873563218390804016e-04 2.873563218390804016e-04 3.160919540229884146e-03 2.873563218390804016e-04 3.160919540229884146e-03 2.873563218390804016e-04 2.873563218390804016e-04 3.160919540229884146e-03 3.160919540229884146e-03 6.637931034482756620e-02 3.764367816091952756e-02 5.893678160919537667e-01 2.873563218390804016e-04 2.873563218390804016e-04 2.873563218390804016e-04 6.034482758620687837e-03 6.350574712643676512e-02 1.152298850574712263e-01 2.873563218390804016e-04 8.074712643678158552e-02 2.873563218390804016e-04 2.873563218390804016e-04 1.178160919540229348e-02 2.873563218390804016e-04 2.873563218390804016e-04 2.873563218390804016e-04 2.873563218390804016e-04 1.178160919540229348e-02 2.873563218390804016e-04
6.578947368421055736e-04 6.578947368421055736e-04 6.578947368421055736e-04 5.986842105263159852e-02 6.578947368421055736e-04 6.578947368421055736e-04 7.236842105263161309e-03 6.578947368421055736e-04 6.578947368421055736e-04 6.578947368421055736e-04 1.322368421052632081e-01 6.578947368421055736e-04 5.072368421052633192e-01 1.381578947368421705e-02 3.355263157894737558e-02 2.039473684210527105e-02 6.578947368421055736e-04 1.059210526315789991e-01 7.236842105263161309e-03 5.986842105263159852e-02 6.578947368421055736e-04 7.236842105263161309e-03 6.578947368421055736e-04 2.697368421052632331e-02 6.578947368421055736e-04 6.578947368421055736e-04 7.236842105263161309e-03 6.578947368421055736e-04 6.578947368421055736e-04 6.578947368421055736e-04
5.978441127694860552e-02 1.583747927031509822e-02 8.291873963515758558e-05 8.291873963515758558e-05 1.741293532338309162e-03 8.291873963515758558e-05 8.291873963515758558e-05 8.291873963515758558e-05 9.203980099502490075e-03 4.228855721393035699e-03 8.291873963515758558e-05 4.485903814262025280e-02 7.529850746268659245e-01 8.291873963515758558e-05 8.291873963515758558e-05 8.291873963515758558e-05 9.121061359867334685e-04 7.885572139303484440e-02 5.887230514096187736e-03 8.291873963515758558e-05 8.291873963515758558e-05 8.291873963515758558e-05 8.291873963515758558e-05 1.741293532338309162e-03 6.716417910447763755e-03 8.291873963515758558e-05 8.291873963515758558e-05 3.399668325041460548e-03 1.252072968490879415e-02 8.291873963515758558e-05
1.915708812260535649e-04 3.084291187739462634e-02 1.362068965517240771e-01 3.467432950191569330e-02 1.915708812260535649e-04 1.915708812260535649e-04 1.915708812260535649e-04 1.915708812260535649e-04 2.509578544061301375e-02 1.915708812260535649e-04 8.639846743295015452e-02 2.107279693486589431e-03 4.293103448275860101e-01 1.551724137931033767e-02 1.915708812260535649e-04 4.425287356321837284e-02 1.915708812260535649e-04 1.055555555555555136e-01 1.915708812260535649e-04 1.551724137931033767e-02 6.915708812260533411e-02 1.915708812260535649e-04 1.915708812260535649e-04 1.915708812260535649e-04 1.915708812260535649e-04 1.915708812260535649e-04 1.915708812260535649e-04 1.915708812260535649e-04 2.107279693486589431e-03 1.915708812260535649e-04
5.574468085106383530e-02 4.255319148936170717e-04 1.025531914893617197e-01 2.387234042553191826e-01 4.255319148936170717e-04 4.680851063829788439e-03 4.255319148936170717e-04 4.255319148936170717e-04 4.255319148936170717e-04 4.255319148936170717e-04 4.255319148936170717e-04 8.936170212765959589e-03 4.255319148936170717e-04 1.319148936170212900e-02 8.936170212765959589e-03 8.936170212765959589e-03 4.255319148936170717e-04 1.744680851063830015e-02 3.021276595744681187e-02 4.255319148936170717e-04 4.255319148936170717e-04 4.255319148936170717e-04 4.255319148936170717e-04 9.829787234042554334e-02 4.255319148936170717e-04 1.791489361702127969e-01 1.621276595744681193e-01 3.021276595744681187e-02 3.446808510638298129e-02 4.255319148936170717e-04
3.174603174603173516e-04 9.555555555555553249e-02 4.158730158730156862e-02 3.174603174603173516e-04 3.174603174603173516e-04 3.174603174603173516e-04 3.174603174603173516e-04 3.174603174603173516e-04 3.174603174603173516e-04 3.114285714285712769e-01 2.066666666666665819e-01 3.174603174603173516e-04 3.174603174603173516e-04 9.841269841269838226e-03 1.936507936507935596e-02 3.174603174603173516e-04 3.174603174603173516e-04 3.174603174603173516e-04 3.174603174603173516e-04 3.174603174603173516e-04 9.555555555555553249e-02 1.526984126984126389e-01 3.174603174603173516e-04 3.174603174603173516e-04 3.174603174603173516e-04 3.174603174603173516e-04 3.174603174603173516e-04 3.174603174603173516e-04 3.174603174603173516e-04 6.063492063492061795e-02
4.366812227074235906e-04 1.183406113537117943e-01 4.366812227074235906e-04 9.650655021834061986e-02 4.366812227074235906e-04 4.366812227074235906e-04 1.353711790393013169e-02 4.366812227074235906e-04 4.366812227074235906e-04 2.362445414847161584e-01 4.366812227074235906e-04 4.366812227074235906e-04 4.366812227074235906e-04 4.366812227074235906e-04 1.445414847161572147e-01 4.366812227074235906e-04 4.366812227074235906e-04 2.842794759825327255e-01 4.803493449781659659e-03 4.366812227074235906e-04 1.790393013100436553e-02 4.366812227074235906e-04 4.366812227074235906e-04 4.366812227074235906e-04 6.593886462882095345e-02 4.366812227074235906e-04 4.366812227074235906e-04 4.366812227074235906e-04 9.170305676855896107e-03 4.366812227074235906e-04
5.405405405405407657e-04 4.918918918918920025e-02 5.405405405405407657e-04 5.405405405405407657e-04 5.405405405405407657e-04 5.405405405405407657e-04 5.405405405405407657e-04 5.945945945945948531e-03 1.135135135135135510e-02 4.378378378378379454e-02 5.405405405405407657e-04 5.405405405405407657e-04 5.405405405405407657e-04 5.405405405405407657e-04 9.243243243243247365e-02 3.518918918918919614e-01 2.756756756756757396e-02 5.405405405405407657e-04 1.135135135135135510e-02 1.572972972972973560e-01 5.405405405405407657e-04 5.405405405405407657e-04 5.405405405405407657e-04 5.405405405405407657e-04 6.000000000000001860e-02 5.405405405405407657e-04 1.135135135135135510e-02 5.405405405405407657e-04 1.302702702702703275e-01 3.837837837837838884e-02
3.448202959830866110e-01 2.114164904862578882e-04 2.114164904862578882e-04 1.228329809725158261e-01 4.439746300211415246e-03 2.114164904862578882e-04 2.114164904862578882e-04 3.403805496828752469e-02 2.325581395348836743e-03 2.114164904862578882e-04 2.325581395348836743e-03 2.558139534883720201e-02 2.114164904862578882e-04 2.114164904862578882e-04 8.668076109936572252e-03 4.249471458773783350e-02 2.135306553911204414e-02 5.306553911205073165e-02 1.355179704016912789e-01 2.114164904862578882e-04 1.587737843551796646e-01 8.668076109936572252e-03 2.114164904862578882e-04 2.114164904862578882e-04 2.325581395348836743e-03 2.114164904862578882e-04 4.439746300211415246e-03 2.114164904862578882e-04 2.558139534883720201e-02 2.114164904862578882e-04
2.770083102493073931e-04 1.803324099722991014e-01 2.770083102493073931e-04 8.337950138504153508e-02 2.770083102493073931e-04 2.770083102493073931e-04 2.770083102493073931e-04 2.797783933518004432e-02 2.770083102493073931e-04 2.135734072022159868e-01 2.770083102493073931e-04 2.770083102493073931e-04 1.966759002770082296e-02 2.770083102493073931e-04 1.664819944598337487e-01 3.047091412742381541e-03 2.770083102493073931e-04 4.736842105263156660e-02 2.770083102493073931e-04 5.290858725761771880e-02 2.770083102493073931e-04 4.182825484764541440e-02 2.770083102493073931e-04 2.770083102493073931e-04 7.783933518005538288e-02 2.770083102493073931e-04 8.587257617728528969e-03 2.770083102493073931e-04 7.229916897506923068e-02 2.770083102493073931e-04
4.878048780487806500e-04 7.853658536585368666e-02 2.487804878048780963e-02 5.365853658536587530e-03 4.878048780487806500e-04 4.878048780487806500e-04 5.414634146341464754e-02 4.878048780487806500e-04 4.878048780487806500e-04 5.902439024390245675e-02 4.878048780487806500e-04 4.878048780487806500e-04 4.878048780487806500e-04 5.414634146341464754e-02 3.951219512195122685e-02 4.541463414634147600e-01 4.878048780487806500e-04 4.878048780487806500e-04 4.878048780487806500e-04 1.370731707317073556e-01 6.878048780487806824e-02 4.878048780487806500e-04 4.878048780487806500e-04 4.878048780487806500e-04 1.024390243902439414e-02 4.878048780487806500e-04 4.878048780487806500e-04 4.878048780487806500e-04 4.878048780487806500e-04 5.365853658536587530e-03
4.255319148936171259e-04 5.148936170212767283e-02 8.936170212765959589e-03 4.255319148936171259e-04 4.255319148936171259e-04 1.025531914893617336e-01 4.255319148936171259e-04 4.255319148936171259e-04 4.255319148936171259e-04 4.297872340425532706e-02 4.255319148936171259e-04 4.255319148936171259e-04 4.255319148936171259e-04 4.255319148936171259e-04 9.404255319148939474e-02 4.429787234042554256e-01 4.255319148936171259e-04 2.595744680851064246e-02 5.148936170212767283e-02 1.195744680851064112e-01 4.255319148936171259e-04 4.255319148936171259e-04 4.255319148936171259e-04 4.255319148936171259e-04 4.723404255319149647e-02 4.255319148936171259e-04 4.255319148936171259e-04 4.255319148936171259e-04 4.255319148936171259e-04 4.680851063829788439e-03
6.802721088435375848e-04 6.802721088435375848e-04 6.802721088435375848e-04 1.027210884353741693e-01 6.802721088435375848e-04 6.802721088435375848e-04 6.802721088435375848e-04 6.802721088435375848e-04 6.802721088435375848e-04 8.231292517006803811e-02 6.802721088435375848e-04 7.482993197278913974e-03 6.802721088435375848e-04 6.802721088435375848e-04 1.367346938775510501e-01 6.802721088435375848e-04 7.482993197278913974e-03 1.503401360544218135e-01 6.802721088435375848e-04 1.163265306122449327e-01 6.802721088435375848e-04 2.183673469387755750e-01 6.802721088435375848e-04 6.802721088435375848e-04 8.231292517006803811e-02 6.802721088435375848e-04 6.802721088435375848e-04 6.802721088435375848e-04 8.231292517006803811e-02 6.802721088435375848e-04
4.405286343612336078e-04 5.330396475770926568e-02 4.405286343612336078e-04 9.251101321585906631e-03 4.405286343612336078e-04 4.405286343612336078e-04 3.127753303964758008e-02 4.405286343612336078e-04 4.405286343612336078e-04 8.854625550660795430e-02 4.845814977973569686e-03 4.405286343612336078e-04 9.251101321585906631e-03 4.405286343612336078e-04 4.405286343612336078e-04 4.057268722466961242e-01 2.687224669603524574e-02 4.405286343612336078e-04 7.092511013215861693e-02 2.383259911894273775e-01 4.405286343612336078e-04 4.405286343612336078e-04 4.405286343612336078e-04 4.845814977973569686e-03 2.687224669603524574e-02 2.246696035242291140e-02 4.405286343612336078e-04 4.405286343612336078e-04 4.405286343612336078e-04 4.405286343612336078e-04
2.169625246548322669e-03 2.781065088757395110e-02 1.895463510848125199e-01 1.972386587771202278e-04 1.972386587771202278e-04 1.972386587771202278e-04 6.114398422090727009e-03 1.972386587771202278e-04 1.972386587771202278e-04 1.972386587771202278e-04 1.972386587771202278e-04 3.372781065088756303e-02 5.248520710059170202e-01 1.972386587771202278e-04 2.386587771203154545e-02 1.972386587771202278e-04 1.972386587771202278e-04 5.147928994082838494e-02 1.400394477317553482e-02 1.972386587771202278e-04 1.047337278106508368e-01 1.972386587771202278e-04 1.972386587771202278e-04 1.794871794871794046e-02 1.972386587771202278e-04 1.972386587771202278e-04 1.972386587771202278e-04 1.972386587771202278e-04 1.972386587771202278e-04 1.972386587771202278e-04
1.694915254237287978e-04 3.559322033898304483e-03 3.559322033898304483e-03 7.474576271186439413e-02 4.254237288135592765e-02 1.866101694915253684e-01 1.033898305084745423e-02 1.694915254237287978e-04 1.694915254237287978e-04 1.694915254237287978e-04 6.949152542372879354e-03 4.932203389830507739e-02 1.694915254237287978e-04 6.949152542372879354e-03 1.694915254237287978e-04 1.694915254237287978e-04 2.220338983050846801e-02 9.338983050847456113e-02 4.593220338983049905e-02 1.694915254237287978e-04 1.018644067796609931e-01 1.694915254237287978e-04 2.561016949152541966e-01 1.864406779661016830e-03 1.694915254237287978e-04 1.694915254237287978e-04 1.694915254237287978e-04 6.966101694915252662e-02 1.694915254237287978e-04 2.220338983050846801e-02
1.801801801801801558e-04 9.747747747747745328e-02 1.801801801801801558e-04 3.441441441441440985e-02 1.801801801801801558e-04 4.019819819819818729e-01 1.801801801801801558e-04 1.801801801801801558e-04 1.801801801801801558e-04 1.801801801801801558e-04 2.360360360360359844e-02 3.981981981981981555e-02 1.801801801801801558e-04 1.801801801801801558e-04 1.801801801801801558e-04 1.801801801801801558e-04 7.387387387387385658e-03 1.981981981981981687e-03 1.801801801801801558e-04 1.801801801801801558e-04 4.882882882882882275e-02 1.801801801801801558e-04 8.666666666666665575e-02 1.801801801801801558e-04 1.801801801801801558e-04 1.801801801801801558e-04 1.801801801801801558e-04 2.488288288288287575e-01 5.585585585585584913e-03 1.801801801801801558e-04
1.291989664082686959e-04 4.405684754521962954e-02 1.421188630490955764e-03 8.540051679586560529e-02 4.005167958656330116e-03 4.276485788113693759e-02 1.291989664082686959e-04 1.291989664082686959e-04 1.291989664082686959e-04 9.173126614987077085e-03 1.291989664082686959e-04 1.370801033591730889e-01 1.291989664082686959e-04 1.291989664082686959e-04 1.291989664082686959e-04 1.175710594315245057e-02 7.881136950904390343e-03 6.602067183462530242e-02 1.291989664082686959e-04 2.713178294573642940e-03 6.860465116279067244e-02 1.291989664082686959e-04 4.109819121447027546e-01 1.291989664082686959e-04 1.291989664082686959e-04 1.291989664082686959e-04 1.291989664082686959e-04 1.060723514211885932e-01 1.291989664082686959e-04 1.291989664082686959e-04
