1.572327044025157155e-04 3.301886792452829889e-03 3.301886792452829889e-03 1.572327044025157155e-04 1.116352201257861387e-02 1.572327044025157155e-04 1.572327044025157155e-04 1.572327044025157155e-04 1.572327044025157155e-04 1.572327044025157155e-04 1.572327044025157155e-04 1.558176100628930472e-01 1.572327044025157155e-04 1.572327044025157155e-04 1.572327044025157155e-04 1.572327044025157155e-04 1.572327044025157155e-04 3.301886792452829889e-03 1.116352201257861387e-02 4.889937106918238602e-02 1.572327044025157155e-04 4.575471698113207225e-02 1.572327044025157155e-04 1.572327044025157155e-04 3.649371069182389404e-01 6.446540880503143223e-03 1.588050314465408452e-02 1.715408805031446160e-01 1.542452830188678903e-01 1.729559748427672789e-03
1.428571428571428527e-02 1.210468920392584503e-02 1.864776444929116747e-02 3.380588876772082797e-03 1.090512540894220388e-04 8.080697928026171761e-02 1.090512540894220388e-04 1.090512540894220388e-04 1.090512540894220388e-04 1.090512540894220388e-04 5.681570338058887504e-02 1.309705561613958569e-01 5.561613958560523464e-03 1.199563794983642346e-03 1.418756815703380580e-01 1.090512540894220388e-04 1.090512540894220388e-04 1.702290076335877811e-01 3.380588876772082797e-03 1.593238822246455799e-01 1.199563794983642346e-03 3.380588876772082797e-03 1.090512540894220388e-04 1.090512540894220388e-04 2.290076335877862680e-03 1.199563794983642346e-03 1.462377317339149385e-01 1.090512540894220388e-04 2.955288985823337211e-02 1.646673936750272724e-02
3.857142857142858289e-02 4.761904761904763527e-04 4.761904761904763527e-04 1.952380952380952661e-02 4.761904761904763527e-04 4.761904761904763527e-04 4.761904761904763527e-04 4.761904761904763527e-04 4.761904761904763527e-04 4.761904761904763527e-04 4.761904761904763527e-04 3.857142857142858289e-02 4.761904761904763527e-04 1.147619047619048011e-01 4.761904761904763527e-04 4.761904761904763527e-04 2.428571428571428895e-02 3.338095238095238892e-01 4.761904761904763527e-04 4.761904761904763527e-04 3.380952380952381708e-02 4.761904761904763527e-04 4.809523809523810756e-02 4.761904761904763527e-04 4.761904761904763527e-04 4.761904761904763527e-04 7.666666666666668850e-02 2.623809523809524369e-01 4.761904761904763527e-04 4.761904761904763527e-04
9.542253521126761728e-02 1.795774647887323980e-02 3.521126760563380470e-04 1.795774647887323980e-02 3.521126760563380470e-04 3.521126760563380470e-04 7.077464788732394652e-02 3.521126760563380470e-04 3.521126760563380470e-04 3.521126760563380470e-04 3.521126760563380470e-04 3.521126760563380470e-04 3.521126760563380470e-04 3.521126760563380470e-04 3.521126760563380470e-04 7.077464788732394652e-02 3.521126760563380470e-04 3.521126760563380470e-04 3.521126760563380470e-04 1.235915492957746498e-01 3.521126760563380470e-04 3.521126760563380470e-04 3.521126760563380470e-04 7.394366197183099149e-03 3.521126760563380470e-04 2.147887323943661886e-02 6.021126760563380587e-02 3.521126760563380470e-04 3.521126760563380470e-04 5.073943661971830332e-01
1.494768310911808774e-04 1.494768310911808774e-04 1.494768310911808774e-04 1.494768310911808774e-04 1.061285500747384189e-02 1.494768310911808774e-04 1.494768310911808774e-04 1.494768310911808774e-04 2.107623318385650271e-02 3.708520179372197245e-01 1.494768310911808774e-04 1.494768310911808774e-04 1.002989536621823469e-01 1.061285500747384189e-02 4.648729446935725290e-02 1.494768310911808774e-04 3.139013452914798507e-03 1.494768310911808774e-04 1.494768310911808774e-04 1.855007473841554511e-01 1.644245142002989570e-03 6.128550074738415079e-03 1.047832585949177858e-01 1.494768310911808774e-04 1.331838565022421539e-01 1.494768310911808774e-04 3.139013452914798507e-03 1.494768310911808774e-04 1.494768310911808774e-04 1.494768310911808774e-04
1.349693251533742302e-03 2.343558282208588889e-02 6.257668711656440459e-03 6.257668711656440459e-03 1.226993865030674648e-04 1.226993865030674648e-04 2.576687116564416787e-03 1.226993865030674648e-04 1.349693251533742302e-03 7.484662576687115161e-03 1.226993865030674648e-04 1.226993865030674648e-04 8.711656441717788996e-03 1.226993865030674648e-04 2.098159509202453948e-02 5.030674846625765757e-03 1.226993865030674648e-04 1.226993865030674648e-04 5.656441717791410584e-02 1.952147239263803402e-01 9.938650306748463698e-03 1.314110429447852557e-01 1.226993865030674648e-04 1.226993865030674648e-04 8.711656441717788996e-03 1.484662576687116251e-02 1.387730061349692900e-01 8.478527607361961704e-02 2.749693251533741889e-01 1.226993865030674648e-04
2.345415778251598582e-03 2.579957356076758440e-02 2.345415778251598582e-03 2.132196162046907950e-04 2.132196162046907950e-04 6.609808102345414264e-03 2.132196162046907950e-04 2.132196162046907950e-04 2.132196162046907950e-04 2.132196162046907950e-04 2.132196162046907950e-04 2.132196162046907950e-04 2.132196162046907950e-04 2.132196162046907950e-04 2.132196162046907950e-04 4.565031982942429623e-01 1.940298507462686131e-02 2.132196162046907950e-04 2.132196162046907950e-04 1.153518123667377215e-01 2.132196162046907950e-04 2.793176972281449094e-02 2.132196162046907950e-04 2.132196162046907950e-04 1.300639658848613649e-02 2.132196162046907950e-04 2.132196162046907950e-04 2.345415778251598582e-03 2.132196162046907950e-04 3.243070362473346457e-01
9.735682819383260911e-02 2.246696035242290446e-02 4.405286343612334994e-04 4.845814977973568818e-03 4.405286343612334994e-04 4.405286343612334994e-04 4.405286343612334994e-04 4.405286343612334994e-04 4.405286343612334994e-04 1.986784140969163059e-01 4.845814977973568818e-03 4.405286343612334994e-04 4.405286343612334994e-04 4.405286343612334994e-04 4.405286343612334994e-04 1.061674008810572778e-01 4.405286343612334994e-04 4.405286343612334994e-04 5.770925110132158614e-02 8.414096916299559914e-02 4.405286343612334994e-04 4.405286343612334994e-04 4.405286343612334994e-04 4.405286343612334994e-04 4.405286343612334994e-04 4.405286343612334994e-04 9.295154185022026783e-02 2.687224669603524227e-02 2.955947136563876199e-01 4.405286343612334994e-04
1.251564455569461481e-04 1.251564455569461481e-04 1.251564455569461481e-04 1.251564455569461481e-04 1.251564455569461481e-04 4.267834793491864093e-02 3.879849812265330836e-03 1.251564455569461481e-04 4.469336670838547354e-01 1.251564455569461481e-04 3.767209011264079088e-02 5.131414267834791612e-03 1.251564455569461481e-04 1.251564455569461481e-04 4.893617021276594481e-02 1.251564455569461481e-04 1.251564455569461481e-04 1.889862327909886883e-02 1.251564455569461481e-04 2.266583229036294722e-01 1.251564455569461481e-04 1.251564455569461481e-04 7.021276595744678495e-02 1.251564455569461481e-04 8.523153942428031427e-02 1.251564455569461481e-04 1.251564455569461481e-04 7.634543178973714900e-03 1.251564455569461481e-04 3.879849812265330836e-03
4.291845493562232612e-04 4.334763948497854374e-02 9.055793991416311028e-02 4.291845493562232612e-04 4.291845493562232612e-04 5.622317596566524245e-02 4.291845493562232612e-04 4.291845493562232612e-04 4.721030042918456307e-03 4.721030042918456307e-03 4.291845493562232612e-04 1.330472103004291980e-02 4.291845493562232612e-04 9.012875536480688052e-03 6.051502145922747072e-02 4.291845493562232612e-04 4.291845493562232612e-04 4.291845493562232612e-04 4.291845493562232612e-04 4.334763948497854374e-02 4.291845493562232612e-04 4.721030042918456307e-03 3.047210300429184851e-02 4.291845493562232612e-04 4.124463519313305016e-01 2.618025751072961677e-02 4.291845493562232612e-04 1.892703862660944369e-01 4.291845493562232612e-04 4.721030042918456307e-03
7.042253521126764192e-04 7.042253521126764192e-04 7.042253521126764192e-04 5.781690140845072712e-01 7.042253521126764192e-04 7.042253521126764192e-04 1.478873239436620350e-02 7.042253521126764192e-04 7.042253521126764192e-04 7.042253521126764192e-04 7.042253521126764192e-04 7.042253521126764192e-04 7.042253521126764192e-04 7.042253521126764192e-04 7.042253521126764192e-04 2.887323943661972842e-02 2.887323943661972842e-02 7.042253521126764192e-04 7.746478873239440177e-03 7.112676056338031183e-02 7.042253521126764192e-04 1.556338028169014787e-01 7.042253521126764192e-04 7.042253521126764192e-04 7.042253521126764192e-04 7.746478873239440177e-03 7.042253521126764192e-04 7.112676056338031183e-02 7.042253521126764192e-04 2.183098591549296683e-02
4.366812227074236990e-04 5.283842794759826406e-02 2.227074235807860805e-02 4.366812227074236990e-04 4.366812227074236990e-04 1.925764192139738651e-01 4.366812227074236990e-04 4.366812227074236990e-04 4.803493449781661394e-03 4.366812227074236990e-04 3.978165938864629547e-01 2.227074235807860805e-02 4.366812227074236990e-04 4.366812227074236990e-04 1.790393013100436900e-02 4.366812227074236990e-04 4.366812227074236990e-04 9.650655021834064762e-02 4.366812227074236990e-04 5.283842794759826406e-02 4.803493449781661394e-03 4.366812227074236990e-04 4.366812227074236990e-04 4.366812227074236990e-04 4.366812227074236990e-04 4.366812227074236990e-04 1.270742358078602863e-01 4.366812227074236990e-04 4.366812227074236990e-04 4.366812227074236990e-04
1.792114695340501520e-04 1.792114695340501520e-04 1.792114695340501520e-04 5.555555555555554900e-03 1.792114695340501520e-04 1.792114695340501520e-04 1.971326164874551753e-03 1.792114695340501520e-04 5.555555555555554900e-03 1.792114695340501520e-04 1.792114695340501520e-04 1.740143369175626842e-01 1.792114695340501520e-04 1.792114695340501520e-04 5.035842293906809403e-02 1.792114695340501520e-04 1.971326164874551753e-03 8.261648745519711845e-02 7.347670250896055390e-03 8.799283154121861905e-02 1.792114695340501520e-04 1.792114695340501520e-04 1.792114695340501520e-04 1.792114695340501520e-04 4.318996415770608860e-02 1.792114695340501520e-04 6.648745519713260277e-02 1.937275985663081956e-01 2.761648745519712511e-01 1.792114695340501520e-04
1.116071428571428401e-04 1.116071428571428401e-04 1.116071428571428401e-04 1.116071428571428401e-04 1.116071428571428401e-04 2.020089285714285476e-02 1.116071428571428401e-04 1.116071428571428401e-04 1.116071428571428401e-04 1.116071428571428401e-04 1.227678571428571187e-03 3.628348214285713746e-01 1.116071428571428401e-04 4.029017857142856013e-02 8.939732142857140240e-02 1.116071428571428401e-04 1.116071428571428401e-04 8.493303571428569010e-02 2.343749999999999480e-03 2.121651785714284977e-01 4.921874999999999167e-02 1.116071428571428401e-04 1.116071428571428401e-04 1.116071428571428401e-04 1.116071428571428401e-04 1.116071428571428401e-04 1.116071428571428401e-04 6.808035714285711783e-03 7.712053571428569010e-02 5.145089285714284782e-02
2.579852579852579247e-03 3.574938574938574254e-02 1.351351351351350993e-03 1.228501228501228200e-04 3.083538083538082952e-02 1.977886977886977524e-02 2.346437346437346000e-02 1.351351351351350993e-03 7.493857493857490962e-03 5.171990171990170637e-02 1.228501228501228200e-04 5.663390663390661939e-02 2.346437346437346000e-02 7.383292383292380801e-02 1.228501228501228200e-04 1.228501228501228200e-04 1.351351351351350993e-03 1.045454545454545109e-01 1.228501228501228200e-04 3.957002457002456453e-01 1.228501228501228200e-04 1.228501228501228200e-04 1.228501228501228200e-04 1.228501228501228200e-04 1.228501228501228200e-04 1.228501228501228200e-04 1.192874692874692499e-01 2.837837837837837301e-02 5.036855036855035321e-03 1.609336609336608701e-02
2.732240437158469943e-04 2.732240437158469943e-04 2.732240437158469943e-04 2.732240437158469943e-04 2.732240437158469943e-04 3.852459016393442598e-02 2.732240437158469943e-04 2.732240437158469943e-04 2.732240437158469943e-04 3.005464480874317154e-03 2.732240437158469943e-04 2.759562841530054447e-02 8.224043715846994507e-02 2.732240437158469943e-04 1.666666666666666644e-02 2.732240437158469943e-04 2.732240437158469943e-04 3.032786885245901398e-02 1.068306010928961741e-01 1.368852459016393353e-01 3.005464480874317154e-03 2.732240437158469943e-04 9.316939890710382310e-02 2.732240437158469943e-04 2.732240437158469943e-04 8.469945355191257907e-03 2.270491803278688325e-01 3.852459016393442598e-02 1.833333333333333204e-01 2.732240437158469943e-04
3.404522613065327080e-02 1.268844221105527512e-02 1.256281407035176006e-04 1.256281407035176006e-04 1.256281407035176006e-04 8.178391959798994582e-02 1.256281407035176006e-04 1.256281407035176006e-04 1.256281407035176006e-04 1.645728643216080520e-02 2.902010050251256287e-02 1.847989949748743699e-01 1.256281407035176006e-04 1.381909547738693553e-03 3.907035175879396832e-02 5.150753768844221030e-03 1.256281407035176006e-04 6.670854271356783938e-02 1.143216080402010074e-02 1.923366834170854300e-01 1.256281407035176006e-04 1.256281407035176006e-04 7.550251256281406698e-02 1.256281407035176006e-04 1.256281407035176006e-04 1.256281407035176006e-04 7.927135678391959706e-02 1.684673366834170682e-01 1.256281407035176006e-04 1.256281407035176006e-04
1.355013550135501354e-04 4.200542005420053980e-03 1.355013550135501354e-04 1.355013550135501354e-04 1.355013550135501354e-04 1.355013550135501354e-04 1.355013550135501354e-04 9.769647696476962961e-02 1.775067750677506578e-02 1.355013550135501354e-04 1.355013550135501354e-04 1.233062330623306037e-02 1.355013550135501354e-04 1.355013550135501354e-04 8.685636856368561531e-02 1.355013550135501354e-04 8.265582655826556741e-03 1.355013550135501354e-04 1.112466124661246336e-01 1.044715447154471316e-01 6.910569105691054953e-03 1.639566395663956400e-02 9.905149051490512446e-02 1.233062330623306037e-02 2.046070460704606589e-02 1.355013550135501354e-04 2.317073170731707293e-02 4.078590785907858923e-02 3.050135501355012990e-01 3.130081300813007672e-02
7.129629629629628818e-02 3.086419753086419148e-04 3.086419753086419148e-04 3.086419753086419148e-04 3.086419753086419148e-04 3.086419753086419148e-04 3.086419753086419148e-04 3.086419753086419148e-04 3.086419753086419148e-04 8.672839506172838608e-02 2.564814814814814214e-01 3.086419753086419148e-04 1.268518518518518268e-01 3.086419753086419148e-04 3.086419753086419148e-04 3.086419753086419148e-04 3.086419753086419148e-04 3.086419753086419148e-04 3.086419753086419148e-04 1.299382716049382602e-01 3.086419753086419148e-04 3.086419753086419148e-04 9.290123456790122525e-02 1.574074074074073570e-02 3.086419753086419148e-04 3.086419753086419148e-04 8.672839506172838608e-02 1.268518518518518268e-01 3.086419753086419148e-04 3.086419753086419148e-04
3.184713375796178721e-04 3.184713375796178721e-04 3.184713375796178721e-04 3.184713375796178721e-04 3.184713375796178721e-04 2.898089171974522343e-02 3.184713375796178721e-04 2.898089171974522343e-02 3.184713375796178721e-04 3.184713375796178721e-04 4.490445859872611162e-02 1.117834394904458628e-01 3.184713375796178721e-04 3.184713375796178721e-04 3.184713375796178721e-04 3.184713375796178721e-04 3.184713375796178721e-04 3.503184713375796268e-03 2.579617834394904233e-02 2.328025477707006130e-01 9.872611464968152409e-03 3.184713375796178721e-04 3.184713375796178721e-04 3.184713375796178721e-04 3.184713375796178721e-04 3.184713375796178721e-04 3.503184713375796268e-03 2.901273885350318382e-01 2.136942675159235472e-01 3.184713375796178721e-04
3.389830508474576498e-04 3.389830508474576498e-04 3.389830508474576498e-04 3.389830508474576498e-04 3.389830508474576498e-04 7.118644067796610700e-03 3.389830508474576498e-04 2.067796610169491539e-02 3.389830508474576498e-04 3.389830508474576498e-04 3.389830508474576498e-04 1.389830508474576218e-02 3.389830508474576498e-04 3.389830508474576498e-04 1.050847457627118731e-02 1.050847457627118731e-02 3.389830508474576498e-04 3.389830508474576498e-04 6.474576271186441301e-02 1.291525423728813737e-01 3.389830508474576498e-04 9.186440677966102586e-02 2.274576271186440624e-01 3.389830508474576498e-04 3.389830508474576498e-04 3.728813559322034094e-03 8.508474576271186918e-02 3.389830508474576498e-04 3.291525423728813293e-01 3.389830508474576498e-04
1.381215469613259503e-04 1.381215469613259503e-04 1.381215469613259503e-04 1.381215469613259503e-04 5.662983425414363364e-03 2.900552486187845010e-03 1.381215469613259503e-04 9.544198895027622420e-02 1.381215469613259503e-04 1.381215469613259503e-04 1.381215469613259503e-04 6.781767955801104586e-02 1.381215469613259503e-04 2.900552486187845010e-03 7.196132596685081428e-02 4.281767955801104621e-03 1.381215469613259503e-04 1.381215469613259503e-04 6.505524861878451970e-02 1.769337016574585308e-01 1.381215469613259503e-04 1.381215469613259503e-04 4.986187845303866745e-02 1.381215469613259503e-04 1.671270718232044025e-02 1.381215469613259503e-04 7.610497237569059659e-02 9.806629834254142197e-03 3.523480662983424772e-01 1.381215469613259503e-04
1.088139281828073911e-04 1.088139281828073911e-04 1.088139281828073911e-04 1.088139281828073911e-04 1.196953210010881247e-03 1.088139281828073911e-04 9.902067464635471231e-03 1.207834602829161927e-02 1.088139281828073911e-04 2.404787812840043434e-02 1.316648531011969415e-02 3.819368879216539225e-02 1.088139281828073911e-04 1.088139281828073911e-04 1.698585418933623303e-01 2.285092491838955266e-03 3.373231773667028852e-03 2.285092491838955266e-03 8.813928182807398079e-03 1.339499455930358851e-01 1.088139281828073911e-04 1.088139281828073911e-04 5.451577801958649994e-02 1.088139281828073911e-04 1.088139281828073911e-04 1.196953210010881247e-03 6.637649619151250041e-03 3.492927094668116933e-02 4.756256800870510837e-01 6.637649619151250041e-03
2.849002849002849362e-04 2.849002849002849362e-04 2.849002849002849362e-04 2.849002849002849362e-04 2.849002849002849362e-04 1.452991452991452860e-02 2.849002849002849362e-04 2.849002849002849362e-04 3.133903133903134190e-03 2.849002849002849362e-04 2.849002849002849362e-04 5.156695156695156879e-02 3.447293447293447305e-02 2.849002849002849362e-04 1.826210826210825922e-01 2.849002849002849362e-04 2.849002849002849362e-04 2.849002849002849362e-04 5.156695156695156879e-02 1.598290598290598441e-01 2.849002849002849362e-04 8.290598290598291675e-02 2.877492877492877563e-02 8.831908831908832913e-03 2.849002849002849362e-04 2.849002849002849362e-04 5.982905982905983334e-03 1.452991452991452860e-02 3.564102564102564208e-01 2.849002849002849362e-04
2.212389380530973150e-04 2.212389380530973150e-04 2.433628318584070329e-03 9.070796460176987555e-03 2.433628318584070329e-03 2.212389380530973150e-04 2.212389380530973150e-04 3.561946902654866687e-02 2.212389380530973150e-04 6.858407079646015869e-03 2.212389380530973150e-04 2.212389380530973150e-04 5.553097345132742418e-02 2.212389380530973150e-04 2.212389380530973150e-04 2.212389380530973150e-04 2.212389380530973150e-04 2.433628318584070329e-03 5.553097345132742418e-02 2.081858407079645312e-01 2.212389380530973150e-04 2.212389380530973150e-04 3.254424778761060844e-01 2.212389380530973150e-04 2.234513274336282634e-02 2.212389380530973150e-04 8.429203539823007518e-02 5.331858407079644729e-02 1.019911504424778487e-01 3.119469026548671656e-02
4.983922829581992515e-03 1.607717041800642852e-04 1.607717041800642852e-04 9.983922829581992620e-02 1.607717041800642852e-04 1.768488745980707245e-03 1.607717041800642852e-04 1.607717041800642852e-04 1.607717041800642852e-04 1.141479099678456392e-02 1.607717041800642852e-04 6.591639871382635150e-03 1.352090032154340538e-01 1.607717041800642852e-04 8.199356913183276918e-03 4.983922829581992515e-03 1.607717041800642852e-04 1.607717041800642852e-04 1.607717041800642852e-04 9.340836012861734872e-02 6.286173633440512998e-02 1.945337620578777710e-02 1.400321543408359903e-01 1.607717041800642852e-04 2.268488745980706822e-01 1.768488745980707245e-03 2.749196141479099548e-02 1.480707395498391810e-01 1.607717041800642852e-04 4.983922829581992515e-03
1.042752867570385656e-04 1.042752867570385656e-04 1.042752867570385656e-04 2.189781021897809973e-03 1.042752867570385656e-04 1.042752867570385656e-04 1.147028154327424127e-03 1.042752867570385656e-04 1.042752867570385656e-04 1.042752867570385656e-04 1.042752867570385656e-04 1.783107403545359376e-02 1.042752867570385656e-04 1.147028154327424127e-03 6.996871741397286959e-02 1.042752867570385656e-04 1.042752867570385656e-04 1.042752867570385656e-04 2.482794577685087933e-01 1.231491136600625369e-01 1.147028154327424127e-03 1.042752867570385656e-04 1.314911366006256133e-01 1.042752867570385656e-04 1.157455683003127955e-02 1.042752867570385656e-04 2.513034410844629252e-02 2.408759124087590797e-02 3.337851929092804371e-01 7.403545359749737036e-03
7.172995780590715915e-03 1.406469760900140402e-04 1.406469760900140402e-04 7.172995780590715915e-03 5.766526019690574809e-03 1.406469760900140402e-04 1.406469760900140402e-04 1.547116736990154524e-03 1.406469760900140402e-04 1.406469760900140402e-04 1.406469760900140402e-04 1.701828410689169846e-02 1.406469760900140402e-04 1.406469760900140402e-04 4.092827004219409121e-02 5.766526019690574809e-03 1.406469760900140402e-04 1.406469760900140402e-04 2.406469760900140087e-01 2.125175808720111970e-01 1.406469760900140402e-04 1.406469760900140402e-04 7.046413502109703797e-02 1.406469760900140402e-04 1.406469760900140402e-04 1.406469760900140402e-04 1.406469760900140402e-04 1.547116736990154524e-03 3.869198312236286630e-01 1.406469760900140402e-04
6.148796498905906988e-02 1.991247264770240263e-02 2.188183807439824486e-04 2.188183807439824486e-04 2.407002188183807179e-03 2.188183807439824486e-04 2.188183807439824486e-04 1.643326039387308091e-01 2.188183807439824486e-04 2.188183807439824486e-04 1.490153172866520159e-01 2.188183807439824486e-04 2.647702407002187550e-02 2.188183807439824486e-04 2.407002188183807179e-03 2.188183807439824486e-04 2.188183807439824486e-04 4.595185995623631177e-03 1.293216630196936390e-01 8.118161925601748152e-02 2.188183807439824486e-04 2.256017505470458706e-01 2.188183807439824486e-04 2.188183807439824486e-04 2.188183807439824486e-04 2.210065645514222576e-02 2.188183807439824486e-04 2.188183807439824486e-04 1.074398249452953868e-01 2.188183807439824486e-04
2.358490566037734783e-04 1.181603773584905120e-01 2.358490566037734783e-04 2.358490566037734783e-04 2.358490566037734783e-04 6.391509433962261344e-02 2.358490566037734783e-04 2.382075471698111985e-02 2.358490566037734783e-04 2.358490566037734783e-04 2.358490566037734783e-04 3.257075471698111513e-01 4.952830188679242449e-03 2.358490566037734783e-04 1.134433962264150414e-01 2.358490566037734783e-04 2.594339622641508424e-03 2.337264150943394736e-01 2.358490566037734783e-04 2.146226415094338452e-02 3.561320754716978954e-02 2.358490566037734783e-04 2.358490566037734783e-04 4.952830188679242449e-03 2.358490566037734783e-04 2.358490566037734783e-04 2.358490566037734783e-04 2.358490566037734783e-04 4.740566037735846616e-02 2.358490566037734783e-04
2.801120448179272057e-04 5.882352941176470507e-03 2.801120448179272057e-04 2.801120448179272057e-04 2.801120448179272057e-04 7.871148459383753293e-02 2.801120448179272057e-04 2.801120448179272057e-04 2.801120448179272057e-04 2.801120448179272057e-04 2.801120448179272057e-04 3.949579831932772955e-02 2.801120448179272057e-04 2.801120448179272057e-04 2.801120448179272057e-04 2.801120448179272057e-04 2.801120448179272057e-04 4.509803921568628082e-02 4.509803921568628082e-02 1.571428571428571397e-01 2.801120448179272057e-04 1.428571428571428527e-02 5.630252100840336255e-02 2.801120448179272057e-04 1.148459383753501310e-02 2.801120448179272057e-04 1.151260504201680746e-01 2.523809523809523725e-01 1.739495798319327657e-01 2.801120448179272057e-04
1.428571428571428570e-03 1.571428571428571536e-02 1.428571428571428570e-03 1.428571428571428570e-03 1.014285714285714235e-01 1.157142857142857140e-01 1.571428571428571536e-02 1.428571428571428570e-03 3.000000000000000236e-02 1.428571428571428570e-03 1.428571428571428570e-03 1.428571428571428570e-03 1.428571428571428570e-03 1.428571428571428570e-03 1.571428571428571536e-02 1.014285714285714235e-01 1.571428571428571536e-02 1.157142857142857140e-01 1.428571428571428570e-03 1.428571428571428570e-03 1.428571428571428570e-03 5.857142857142856596e-02 3.000000000000000236e-02 1.428571428571428570e-03 1.428571428571428570e-03 1.300000000000000044e-01 1.428571428571428570e-03 1.428571428571428570e-03 1.571428571428571536e-02 2.157142857142857195e-01
1.253132832080200486e-04 1.253132832080200486e-04 1.253132832080200486e-04 1.253132832080200486e-04 3.270676691729323265e-02 1.253132832080200486e-04 1.253132832080200486e-04 7.030075187969923867e-02 1.253132832080200486e-04 1.253132832080200486e-04 1.253132832080200486e-04 2.393483709273182963e-02 8.897243107769420983e-03 1.378446115288220562e-03 1.253132832080200486e-04 1.253132832080200486e-04 3.884711779448620991e-03 7.644110275689221419e-03 1.041353383458646364e-01 1.517543859649122528e-01 2.393483709273182963e-02 1.253132832080200486e-04 8.659147869674183040e-02 1.378446115288220562e-03 2.393483709273182963e-02 1.253132832080200486e-04 1.066416040100250373e-01 1.253132832080200486e-04 3.510025062656641492e-01 1.253132832080200486e-04
4.551083591331268191e-02 4.344685242518059320e-02 1.031991744066047308e-04 7.440660474716200012e-02 2.167182662538699386e-03 1.031991744066047308e-04 2.942208462332300822e-01 1.031991744066047308e-04 1.135190918472651998e-03 1.661506707946336023e-02 1.031991744066047308e-04 2.167182662538699386e-03 2.796697626418988281e-02 1.031991744066047308e-04 2.487100103199173934e-02 1.031991744066047308e-04 2.899896800825592716e-02 1.074303405572755166e-01 1.031991744066047308e-04 1.208462332301341313e-01 1.342621259029927461e-01 1.031991744066047308e-04 5.263157894736840252e-03 4.138286893704849756e-02 1.031991744066047308e-04 1.031991744066047308e-04 5.263157894736840252e-03 1.031991744066047308e-04 1.031991744066047308e-04 2.280701754385964369e-02
2.004405286343611745e-02 6.850220264317179175e-02 2.202643171806166955e-04 2.202643171806166955e-04 2.202643171806166955e-04 2.202643171806166955e-04 2.202643171806166955e-04 2.182819383259911317e-01 2.202643171806166955e-04 2.202643171806166955e-04 2.202643171806166955e-04 2.422907488986783542e-03 2.202643171806166955e-04 5.969162995594712307e-02 2.202643171806166955e-04 2.202643171806166955e-04 1.676211453744492763e-01 6.850220264317179175e-02 1.720264317180616176e-01 1.125550660792951352e-01 4.625550660792950713e-03 2.202643171806166955e-04 2.224669603524228462e-02 2.202643171806166955e-04 2.202643171806166955e-04 2.202643171806166955e-04 2.202643171806166955e-04 2.202643171806166955e-04 4.207048458149779263e-02 3.766519823788545829e-02
2.016129032258063972e-04 2.016129032258063972e-04 2.016129032258063972e-04 2.016129032258063972e-04 2.016129032258063972e-04 2.016129032258063972e-04 1.028225806451612406e-02 2.016129032258063972e-04 4.233870967741934152e-03 2.016129032258063972e-04 2.016129032258063972e-04 4.233870967741934152e-03 1.110887096774193228e-01 2.016129032258063972e-04 1.050403225806451346e-01 2.016129032258063972e-04 2.016129032258063972e-04 8.266129032258061338e-03 6.249999999999997745e-03 8.689516129032255620e-02 2.016129032258063972e-04 3.649193548387096031e-02 5.042338709677417485e-01 2.016129032258063972e-04 5.463709677419353178e-02 4.233870967741934152e-03 2.016129032258063972e-04 2.439516129032257008e-02 2.036290322580644463e-02 1.633064516129031571e-02
2.545023696682463532e-01 2.701421800947866395e-02 6.018957345971562289e-02 1.579778830963664683e-04 1.579778830963664683e-04 1.579778830963664683e-04 8.072669826224325440e-02 1.579778830963664683e-04 1.579778830963664683e-04 2.701421800947866395e-02 4.597156398104264297e-02 1.579778830963664683e-04 1.849921011058451026e-01 1.579778830963664683e-04 1.579778830963664683e-04 1.579778830963664683e-04 1.579778830963664683e-04 3.317535545023695808e-03 1.737756714060031179e-03 1.123222748815165400e-01 2.069510268562400543e-02 1.579778830963664683e-04 1.360189573459714973e-01 2.859399684044233031e-02 1.279620853080568228e-02 1.737756714060031179e-03 1.579778830963664683e-04 1.579778830963664683e-04 1.579778830963664683e-04 1.579778830963664683e-04
3.952569169960475342e-04 3.952569169960475342e-04 4.747035573122530550e-01 3.952569169960475342e-04 3.952569169960475342e-04 2.015810276679842056e-02 3.952569169960475342e-04 3.952569169960475342e-04 3.952569169960475342e-04 3.952569169960475342e-04 3.952569169960475342e-04 3.952569169960475342e-04 8.339920948616602603e-02 3.952569169960475342e-04 3.952569169960475342e-04 4.387351778656127521e-02 3.952569169960475342e-04 1.225296442687747421e-02 3.952569169960475342e-04 1.189723320158103115e-01 3.596837944664032366e-02 4.347826086956522659e-03 3.952569169960475342e-04 3.952569169960475342e-04 3.952569169960475342e-04 3.952569169960475342e-04 3.952569169960475342e-04 1.268774703557312700e-01 7.154150197628460217e-02 3.952569169960475342e-04
1.901140684410645998e-04 1.901140684410645998e-04 1.901140684410645998e-04 1.901140684410645998e-04 1.901140684410645998e-04 1.901140684410645998e-04 1.901140684410645998e-04 4.391634980988592257e-02 1.901140684410645998e-04 1.901140684410645998e-04 1.901140684410645998e-04 1.901140684410645998e-04 8.003802281368820049e-02 2.091254752851710950e-03 1.901140684410645998e-04 1.901140684410645998e-04 1.901140684410645998e-04 1.901140684410645998e-04 2.321292775665398656e-01 7.623574144486690296e-02 1.901140684410645998e-04 1.901140684410645998e-04 3.290874524714827998e-01 1.901140684410645998e-04 1.901140684410645998e-04 1.901140684410645998e-04 3.992395437262356676e-03 4.961977186311786192e-02 1.769961977186311208e-01 2.091254752851710950e-03
4.545454545454547077e-04 4.545454545454547077e-04 2.318181818181818538e-02 4.545454545454547077e-04 5.000000000000001839e-03 4.545454545454547077e-04 5.000000000000001839e-03 4.545454545454547077e-04 4.545454545454547077e-04 4.095454545454546014e-01 4.545454545454547077e-04 4.545454545454547077e-04 4.545454545454547077e-04 4.545454545454547077e-04 4.545454545454547077e-04 9.545454545454547940e-03 4.545454545454547077e-04 4.545454545454547077e-04 4.545454545454547077e-04 1.863636363636363841e-02 4.545454545454547077e-04 1.913636363636364301e-01 1.459090909090909605e-01 4.545454545454547077e-04 1.322727272727273196e-01 4.545454545454547077e-04 4.545454545454547077e-04 4.136363636363637325e-02 9.545454545454547940e-03 4.545454545454547077e-04
1.619217081850533521e-02 1.779359430604982061e-04 1.779359430604982061e-04 1.779359430604982061e-04 1.779359430604982061e-04 1.779359430604982061e-04 1.779359430604982061e-04 1.779359430604982061e-04 1.779359430604982061e-04 1.779359430604982061e-04 1.779359430604982061e-04 1.336298932384341331e-01 3.042704626334519213e-02 1.957295373665480023e-03 1.336298932384341331e-01 1.779359430604982061e-04 1.779359430604982061e-04 5.516014234875444254e-03 1.779359430604982061e-04 1.585409252669038593e-01 5.516014234875444254e-03 1.779359430604982061e-04 1.122775800711743599e-01 1.779359430604982061e-04 2.421708185053380313e-01 1.779359430604982061e-04 1.779359430604982061e-04 1.567615658362988829e-01 1.779359430604982061e-04 1.779359430604982061e-04
2.475247524752474735e-04 2.475247524752474735e-04 4.730198019801978848e-01 2.475247524752474735e-04 9.430693069306927967e-02 3.737623762376236780e-02 2.995049504950494240e-02 2.475247524752474735e-04 2.722772277227722155e-03 7.673267326732671409e-03 2.475247524752474735e-04 2.475247524752474735e-04 7.202970297029701041e-02 2.475247524752474735e-04 2.475247524752474735e-04 2.475247524752474735e-04 2.475247524752474735e-04 4.232673267326731575e-02 7.673267326732671409e-03 1.388613861386138182e-01 2.475247524752474735e-04 2.475247524752474735e-04 6.460396039603959195e-02 2.475247524752474735e-04 2.475247524752474735e-04 2.475247524752474735e-04 2.475247524752474735e-04 2.499999999999999098e-02 2.475247524752474735e-04 2.475247524752474735e-04
3.412969283276450004e-04 3.754266211604094950e-03 3.412969283276450004e-04 3.412969283276450004e-04 3.412969283276450004e-04 1.436860068259385448e-01 2.081911262798634421e-02 3.412969283276450004e-04 3.754266211604094950e-03 3.412969283276450004e-04 3.412969283276450004e-04 1.675767918088736930e-01 1.058020477815699474e-02 3.754266211604094950e-03 6.860068259385664058e-02 3.412969283276450004e-04 3.412969283276450004e-04 1.163822525597269508e-01 4.470989761092149239e-02 7.542662116040954601e-02 3.412969283276450004e-04 2.423208191126279346e-02 3.412969283276450004e-04 3.412969283276450004e-04 3.412969283276450004e-04 3.412969283276450004e-04 6.177474402730374903e-02 2.494880546075084748e-01 3.412969283276450004e-04 3.412969283276450004e-04
2.615193026151929612e-03 5.990037359900372144e-02 3.860523038605229509e-03 1.245330012453299789e-04 3.860523038605229509e-03 1.245330012453299789e-04 1.245330012453299789e-04 1.245330012453299789e-04 1.245330012453299789e-04 4.496886674968865738e-01 1.245330012453299789e-04 1.245330012453299789e-04 1.245330012453299789e-04 2.615193026151929612e-03 1.245330012453299789e-04 1.245330012453299789e-04 1.245330012453299789e-04 5.105853051058528540e-03 3.374844333748442532e-02 1.420921544209214904e-01 1.245330012453299789e-04 8.356164383561641429e-02 1.396014943960149080e-01 1.245330012453299789e-04 7.110834371108341878e-02 1.245330012453299789e-04 1.245330012453299789e-04 1.245330012453299789e-04 1.245330012453299789e-04 1.245330012453299789e-04
1.273885350318471217e-04 1.273885350318471217e-04 1.159235668789808729e-02 1.273885350318471217e-04 1.273885350318471217e-04 1.273885350318471217e-04 1.273885350318471217e-04 1.273885350318471217e-04 1.273885350318471217e-04 1.273885350318471217e-04 1.273885350318471217e-04 1.147770700636942393e-01 1.273885350318471217e-04 1.401273885350318420e-03 1.273885350318471217e-04 1.273885350318471217e-04 1.273885350318471217e-04 1.401273885350318420e-03 5.108280254777069346e-02 2.942675159235668553e-02 1.273885350318471217e-04 1.273885350318471217e-04 2.052229299363056980e-01 1.273885350318471217e-04 3.300636942675159169e-01 1.273885350318471217e-04 1.273885350318471217e-04 2.396178343949044165e-01 7.770700636942673260e-03 5.222929936305731151e-03
3.401360544217687382e-04 3.401360544217687382e-04 3.401360544217687382e-04 1.908163265306122569e-01 3.401360544217687382e-04 1.054421768707483088e-02 3.401360544217687382e-04 3.401360544217687382e-04 3.401360544217687382e-04 3.401360544217687382e-04 3.401360544217687382e-04 3.401360544217687382e-04 3.401360544217687382e-04 7.142857142857143501e-03 3.401360544217687382e-04 3.401360544217687382e-04 3.401360544217687382e-04 3.401360544217687382e-04 2.414965986394557868e-02 1.329931972789115679e-01 3.401360544217687382e-04 3.741496598639456120e-03 3.741496598639456120e-03 3.401360544217687382e-04 3.401360544217687382e-04 3.741496598639456120e-03 3.401360544217687382e-04 3.401360544217687382e-04 1.054421768707483088e-02 6.057823129251700411e-01
1.524390243902438752e-04 3.201219512195121325e-03 1.524390243902438752e-04 1.524390243902438752e-04 1.082317073170731454e-02 2.149390243902438505e-02 1.524390243902438752e-04 1.524390243902438752e-04 1.524390243902438752e-04 1.524390243902438752e-04 4.725609756097559969e-03 3.201219512195121325e-03 1.114329268292682668e-01 1.524390243902438752e-04 3.064024390243902038e-02 3.201219512195121325e-03 1.524390243902438752e-04 1.524390243902438752e-04 2.911585365853658347e-02 4.435975609756097338e-02 9.298780487804875899e-03 1.099085365853658264e-01 3.065548780487803993e-01 1.524390243902438752e-04 6.417682926829267054e-02 1.524390243902438752e-04 6.417682926829267054e-02 9.009146341463412921e-02 9.161585365853656959e-02 1.524390243902438752e-04
2.898550724637681086e-04 2.927536231884057816e-02 2.898550724637681086e-04 2.898550724637681086e-04 2.898550724637681086e-04 2.898550724637681086e-04 2.898550724637681086e-04 2.898550724637681086e-04 6.086956521739130335e-03 2.898550724637681086e-04 2.057971014492753631e-02 1.768115942028985338e-02 2.898550724637681086e-04 2.898550724637681086e-04 2.898550724637681086e-04 2.898550724637681086e-04 1.478260869565217218e-02 1.478260869565217218e-02 2.898550724637681086e-04 2.898550724637681086e-04 2.898550724637681086e-04 4.376811594202898587e-02 1.478260869565217218e-02 2.898550724637681086e-04 2.350724637681159135e-01 3.188405797101449574e-03 8.985507246376811530e-03 4.872463768115941618e-01 9.014492753623189192e-02 8.985507246376811530e-03
1.319261213720316576e-04 8.047493403693930028e-03 1.319261213720316576e-04 1.319261213720316576e-04 1.319261213720316576e-04 1.451187335092348233e-03 1.319261213720316576e-04 1.319261213720316576e-04 1.319261213720316576e-04 1.319261213720316576e-04 2.191292875989445388e-01 1.980211081794194805e-01 1.319261213720316576e-04 1.319261213720316576e-04 2.098944591029023310e-01 2.770448548812664592e-03 1.068601583113456231e-02 2.387862796833772894e-02 1.319261213720316576e-04 7.664907651715038850e-02 1.319261213720316576e-04 1.319261213720316576e-04 6.741424802110816683e-02 1.319261213720316576e-04 1.319261213720316576e-04 1.319261213720316576e-04 2.255936675461741106e-02 1.096306068601582834e-01 4.762532981530342296e-02 1.319261213720316576e-04
1.465631929046562754e-01 2.217294900221729217e-04 3.126385809312638014e-02 1.574279379157427633e-02 1.352549889135254771e-02 2.217294900221729217e-04 4.656319290465631491e-03 2.217294900221729217e-04 2.439024390243902437e-03 2.108647450110864296e-01 2.904656319290465152e-02 2.217294900221729217e-04 2.217294900221729217e-04 2.217294900221729217e-04 2.217294900221729217e-04 2.217294900221729217e-04 2.217294900221729217e-04 2.217294900221729217e-04 3.416851441241684495e-01 1.554323725055432037e-01 2.217294900221729217e-04 6.873614190687360979e-03 3.348115299334811223e-02 4.656319290465631491e-03 2.217294900221729217e-04 2.217294900221729217e-04 2.217294900221729217e-04 2.217294900221729217e-04 2.217294900221729217e-04 2.217294900221729217e-04
3.154574132492112709e-04 3.154574132492112709e-04 3.470031545741323817e-03 3.154574132492112709e-04 3.154574132492112709e-04 3.154574132492112709e-04 3.470031545741323817e-03 4.447949526813878285e-02 3.154574132492112709e-04 3.154574132492112709e-04 2.747634069400629597e-01 3.154574132492112709e-04 3.154574132492112709e-04 3.154574132492112709e-04 3.154574132492112709e-04 3.154574132492112709e-04 3.501577287066244548e-02 5.078864353312301239e-02 9.179810725552046968e-02 1.233438485804416035e-01 1.608832807570977075e-02 2.085173501577286259e-01 3.154574132492112709e-04 3.154574132492112709e-04 3.154574132492112709e-04 3.154574132492112709e-04 3.154574132492112709e-04 3.470031545741323817e-03 1.391167192429021704e-01 3.154574132492112709e-04
2.282758620689655793e-01 6.896551724137932673e-04 6.896551724137932673e-04 5.586206896551725032e-02 6.896551724137932673e-04 4.896551724137931938e-02 6.896551724137932673e-04 6.896551724137932673e-04 6.896551724137932673e-04 6.896551724137932673e-04 6.896551724137932673e-04 2.827586206896551962e-02 7.586206896551725941e-03 7.586206896551725941e-03 6.896551724137932673e-04 6.896551724137932673e-04 6.896551724137932673e-04 6.896551724137932673e-04 6.896551724137932673e-04 1.179310344827586565e-01 6.896551724137932673e-04 6.896551724137932673e-04 7.586206896551725941e-03 6.896551724137932673e-04 6.896551724137932673e-04 6.896551724137932673e-04 4.206896551724138844e-02 6.896551724137932673e-04 6.896551724137932673e-04 4.420689655172414523e-01
2.747252747252746708e-04 2.747252747252746708e-04 5.769230769230767816e-03 2.747252747252746708e-04 2.747252747252746708e-04 2.747252747252746708e-04 1.950549450549449865e-02 2.747252747252746708e-04 2.747252747252746708e-04 3.021978021978021216e-03 2.747252747252746708e-04 2.747252747252746708e-04 1.239010989010988634e-01 3.021978021978021216e-03 2.747252747252746708e-04 2.747252747252746708e-04 2.747252747252746708e-04 2.747252747252746708e-04 1.019230769230768940e-01 4.148351648351646798e-02 2.747252747252746708e-04 6.620879120879119561e-02 6.046703296703295205e-01 2.747252747252746708e-04 3.021978021978021216e-03 2.747252747252746708e-04 2.747252747252746708e-04 2.747252747252746708e-04 2.225274725274724655e-02 2.747252747252746708e-04
