8.108108108108108558e-03 3.861003861003860986e-04 3.861003861003860986e-04 3.513513513513513709e-02 3.861003861003860986e-04 8.146718146718147369e-02 3.861003861003860986e-04 3.861003861003860986e-04 4.057915057915057466e-01 3.861003861003860986e-04 8.918918918918919414e-02 3.861003861003860986e-04 3.861003861003860986e-04 5.057915057915057799e-02 3.861003861003860986e-04 3.861003861003860986e-04 4.247104247104247464e-03 3.861003861003860986e-04 3.861003861003860986e-04 3.861003861003860986e-04 5.057915057915057799e-02 1.969111969111968924e-02 1.393822393822393979e-01 3.861003861003860986e-04 3.861003861003860986e-04 3.861003861003860986e-04 3.861003861003860986e-04 3.861003861003860986e-04 1.046332046332046350e-01 4.247104247104247464e-03
3.649635036496349052e-04 7.664233576642333172e-03 3.649635036496349052e-04 3.649635036496349052e-04 1.317518248175182094e-01 3.649635036496349052e-04 1.496350364963502932e-02 1.496350364963502932e-02 3.649635036496349052e-04 1.244525547445255037e-01 6.970802919708027345e-02 3.649635036496349052e-04 3.649635036496349052e-04 3.649635036496349052e-04 3.649635036496349052e-04 1.861313868613137870e-02 1.496350364963502932e-02 2.193430656934305667e-01 6.970802919708027345e-02 3.649635036496349052e-04 3.649635036496349052e-04 3.649635036496349052e-04 2.923357664233575126e-01 4.014598540145983795e-03 4.014598540145983795e-03 3.649635036496349052e-04 3.649635036496349052e-04 3.649635036496349052e-04 7.664233576642333172e-03 3.649635036496349052e-04
3.448275862068964168e-04 3.448275862068964168e-04 3.448275862068964168e-04 2.448275862068964581e-02 3.448275862068964168e-04 3.448275862068964168e-04 3.448275862068964168e-04 3.448275862068964168e-04 7.241379310344825404e-03 7.620689655172410704e-02 3.448275862068964168e-04 1.141379310344827203e-01 3.448275862068964168e-04 3.448275862068964168e-04 3.448275862068964168e-04 4.141379310344825981e-01 3.137931034482756981e-02 4.172413793103446622e-02 3.448275862068964168e-04 3.448275862068964168e-04 3.448275862068964168e-04 3.448275862068964168e-04 3.448275862068964168e-04 2.037931034482757808e-01 3.448275862068964168e-04 3.448275862068964168e-04 3.482758620689653528e-02 3.448275862068964168e-04 4.517241379310343169e-02 3.448275862068964168e-04
3.076923076923075945e-04 3.384615384615383919e-03 3.076923076923075945e-04 3.076923076923075945e-04 3.076923076923075945e-04 3.076923076923075945e-04 3.076923076923075945e-04 3.076923076923075945e-04 3.076923076923075945e-04 2.403076923076921945e-01 3.384615384615383919e-03 3.076923076923075945e-04 3.076923076923075945e-04 3.076923076923075945e-04 3.076923076923075945e-04 1.079999999999999710e-01 3.076923076923075945e-04 3.076923076923075945e-04 3.076923076923075945e-04 4.126153846153844396e-01 3.076923076923075945e-04 3.076923076923075945e-04 3.076923076923075945e-04 3.107692307692306449e-02 9.538461538461535591e-03 4.646153846153844302e-02 1.264615384615384308e-01 3.076923076923075945e-04 1.261538461538460991e-02 3.076923076923075945e-04
7.575757575757577919e-04 7.575757575757577919e-04 7.575757575757577919e-04 7.575757575757577919e-04 1.590909090909091439e-02 7.575757575757577919e-04 7.575757575757577919e-04 7.575757575757577919e-04 3.106060606060606633e-02 1.446969696969697405e-01 1.590909090909091439e-02 4.621212121212121826e-02 7.575757575757577919e-04 7.575757575757577919e-04 7.575757575757577919e-04 1.590909090909091439e-02 6.136363636363637714e-02 1.590909090909091439e-02 3.863636363636364229e-02 7.575757575757577919e-04 7.575757575757577919e-04 1.674242424242424754e-01 9.924242424242425697e-02 2.356060606060606799e-01 7.575757575757577919e-04 7.575757575757577919e-04 7.575757575757577919e-04 8.333333333333334952e-03 8.409090909090910504e-02 8.333333333333334952e-03
1.428571428571428527e-02 1.777003484320557533e-02 3.484320557491289196e-04 3.484320557491289196e-04 4.564459930313588543e-02 3.484320557491289196e-04 3.484320557491289196e-04 7.317073170731707744e-03 3.484320557491289196e-04 6.240418118466898312e-01 3.484320557491289196e-04 3.484320557491289196e-04 3.484320557491289196e-04 3.484320557491289196e-04 3.484320557491289196e-04 1.428571428571428527e-02 1.428571428571428527e-02 3.484320557491289196e-04 3.484320557491289196e-04 3.484320557491289196e-04 3.484320557491289196e-04 3.484320557491289196e-04 1.153310104529616797e-01 3.484320557491289196e-04 3.484320557491289196e-04 3.484320557491289196e-04 1.080139372822299694e-02 3.484320557491289196e-04 1.292682926829268331e-01 3.484320557491289196e-04
3.831417624521074009e-04 5.402298850574713956e-02 3.831417624521074009e-04 3.831417624521074009e-04 3.831417624521074009e-04 3.831417624521074009e-04 3.831417624521074009e-04 3.831417624521074009e-04 3.831417624521074009e-04 3.260536398467433483e-01 3.831417624521074009e-04 7.701149425287358297e-02 3.831417624521074009e-04 3.831417624521074009e-04 3.831417624521074009e-04 2.455938697318008068e-01 3.831417624521074009e-04 1.076628352490421742e-01 3.831417624521074009e-04 3.831417624521074009e-04 3.831417624521074009e-04 3.831417624521074009e-04 3.831417624521074009e-04 3.831417624521074009e-04 3.831417624521074009e-04 3.103448275862069616e-02 3.831417624521074009e-04 3.831417624521074009e-04 1.076628352490421742e-01 4.252873563218391439e-02
5.494505494505496669e-04 5.494505494505496669e-04 5.000000000000001665e-02 5.494505494505496669e-04 5.494505494505496669e-04 5.494505494505496669e-04 5.494505494505496669e-04 5.494505494505496669e-04 5.494505494505496669e-04 9.945054945054948581e-02 9.945054945054948581e-02 5.494505494505496669e-04 5.494505494505496669e-04 5.494505494505496669e-04 5.494505494505496669e-04 5.494505494505496669e-04 5.494505494505496669e-04 1.489010989010989550e-01 5.494505494505496669e-04 5.494505494505496669e-04 5.494505494505496669e-04 5.494505494505496669e-04 1.703296703296703837e-02 3.961538461538462452e-01 5.494505494505496669e-04 2.802197802197802998e-02 1.153846153846154257e-02 6.043956043956045902e-03 1.324175824175824745e-01 5.494505494505496669e-04
1.136363636363636227e-04 8.420454545454543471e-02 2.397727272727272554e-02 1.147727272727272485e-02 1.136363636363636227e-04 1.136363636363636227e-04 1.136363636363636227e-04 1.136363636363636227e-04 1.136363636363636227e-04 1.136363636363636227e-04 1.136363636363636227e-04 1.374999999999999833e-02 4.443181818181817649e-02 4.659090909090907867e-03 1.136363636363636227e-04 1.136363636363636227e-04 1.136363636363636227e-04 2.511363636363636229e-02 2.682954545454545037e-01 1.136363636363636227e-04 6.931818181818180484e-03 1.136363636363636227e-04 7.170454545454545137e-02 1.136363636363636227e-04 7.284090909090908117e-02 4.659090909090907867e-03 1.136363636363636227e-04 1.228409090909090701e-01 2.069318181818181612e-01 3.647727272727272624e-02
2.604166666666666088e-04 2.604166666666666088e-04 2.604166666666666088e-04 2.604166666666666088e-04 2.604166666666666088e-04 5.494791666666665186e-02 2.604166666666666088e-04 5.468749999999998786e-03 2.604166666666666088e-04 4.013020833333332260e-01 5.468749999999998786e-03 1.067708333333333010e-02 2.864583333333332697e-03 2.604166666666666088e-04 2.604166666666666088e-04 2.604166666666666088e-04 2.604166666666666088e-04 1.747395833333332538e-01 8.359374999999998057e-02 2.604166666666666088e-04 2.604166666666666088e-04 2.864583333333332697e-03 6.796874999999998057e-02 7.578124999999998057e-02 2.864583333333332697e-03 2.864583333333332697e-03 2.369791666666665880e-02 2.864583333333332697e-03 7.838541666666665186e-02 2.604166666666666088e-04
4.081632653061225725e-04 1.265306122448979845e-02 2.897959183673469788e-02 3.714285714285715106e-02 4.081632653061225725e-04 4.081632653061225725e-04 4.081632653061225725e-04 4.081632653061225725e-04 3.714285714285715106e-02 4.122448979591837592e-02 4.081632653061225725e-04 3.306122448979592621e-02 2.897959183673469788e-02 4.081632653061225725e-04 4.489795918367348732e-03 3.714285714285715106e-02 4.081632653061225725e-04 1.065306122448979875e-01 1.024489795918367696e-01 4.081632653061225725e-04 4.081632653061225725e-04 2.897959183673469788e-02 4.081632653061225725e-04 1.269387755102041049e-01 7.387755102040818866e-02 7.387755102040818866e-02 4.081632653061225725e-04 4.081632653061225725e-04 2.208163265306123113e-01 4.081632653061225725e-04
3.521126760563378843e-04 3.521126760563378843e-04 3.521126760563378843e-04 3.521126760563378843e-04 3.521126760563378843e-04 3.521126760563378843e-04 3.521126760563378843e-04 3.521126760563378843e-04 3.521126760563378843e-04 1.834507042253520348e-01 3.521126760563378843e-04 3.204225352112674563e-02 3.521126760563378843e-04 3.521126760563378843e-04 3.521126760563378843e-04 1.693661971830985324e-01 3.521126760563378843e-04 3.521126760563378843e-04 3.521126760563378843e-04 8.485915492957743500e-02 1.443661971830985206e-02 9.542253521126757565e-02 3.137323943661970427e-01 6.021126760563378505e-02 3.521126760563378843e-04 3.521126760563378843e-04 3.521126760563378843e-04 3.521126760563378843e-04 3.908450704225350375e-02 3.521126760563378843e-04
5.154639175257732077e-04 1.654639175257731909e-01 5.154639175257732077e-04 5.154639175257732077e-04 2.628865979381442980e-02 3.144329896907216426e-02 5.154639175257732077e-04 5.154639175257732077e-04 1.345360824742267980e-01 5.154639175257732077e-04 5.154639175257732077e-04 5.154639175257732077e-04 5.154639175257732077e-04 5.154639175257732077e-04 5.154639175257732077e-04 1.087628865979381465e-01 1.448453608247422808e-01 5.721649484536082270e-02 5.154639175257732077e-04 1.139175257731958879e-01 5.154639175257732077e-04 5.154639175257732077e-04 5.154639175257732077e-04 5.154639175257732077e-04 3.659793814432989179e-02 5.154639175257732077e-04 5.154639175257732077e-04 5.154639175257732077e-04 4.690721649484536071e-02 1.242268041237113430e-01
2.752043596730244235e-02 8.446866485013622070e-03 2.724795640326975053e-04 1.283378746594004971e-01 5.476839237057219700e-02 2.724795640326975053e-04 1.934604904632152012e-02 2.997275204359672179e-03 2.997275204359672179e-03 2.724795640326975053e-04 2.724795640326975053e-04 2.724795640326975053e-04 2.724795640326975053e-04 2.724795640326975053e-04 1.010899182561307563e-01 2.724795640326975053e-04 2.724795640326975053e-04 2.536784741144413324e-01 1.662125340599454257e-02 8.474114441416891186e-02 2.724795640326975053e-04 2.724795640326975053e-04 2.724795640326975053e-04 1.501362397820163175e-01 4.659400544959126783e-02 2.724795640326975053e-04 2.724795640326975053e-04 2.724795640326975053e-04 9.836512261580378225e-02 2.724795640326975053e-04
3.846153846153845608e-04 3.846153846153845608e-04 3.846153846153845608e-04 2.346153846153845382e-02 1.657692307692307521e-01 3.846153846153845608e-04 3.846153846153845608e-04 3.846153846153845608e-04 3.846153846153845608e-04 2.349999999999999589e-01 3.846153846153845608e-04 3.846153846153845608e-04 3.846153846153845608e-04 3.846153846153845608e-04 3.846153846153845608e-04 3.846153846153845608e-04 5.423076923076921435e-02 1.273076923076922884e-01 9.653846153846151745e-02 4.230769230769229790e-03 3.846153846153845608e-04 4.230769230769229790e-03 1.965384615384614952e-01 4.230769230769229790e-03 3.846153846153845608e-04 3.846153846153845608e-04 3.846153846153845608e-04 3.846153846153845608e-04 8.115384615384614586e-02 3.846153846153845608e-04
3.546099290780140457e-04 3.546099290780140457e-04 3.546099290780140457e-04 3.546099290780140457e-04 2.517730496453899486e-02 2.163120567375885483e-02 3.900709219858154719e-03 4.645390070921983500e-02 3.900709219858154719e-03 2.872340425531913488e-02 3.900709219858154719e-03 3.900709219858154719e-03 3.546099290780140457e-04 3.546099290780140457e-04 3.546099290780140457e-04 3.546099290780140457e-04 1.457446808510637626e-01 8.546099290780138913e-02 4.645390070921983500e-02 1.102836879432623762e-01 3.900709219858154719e-03 3.546099290780140457e-04 3.620567375886523109e-01 6.418439716312054899e-02 3.546099290780140457e-04 3.546099290780140457e-04 3.936170212765955495e-02 3.546099290780140457e-04 3.546099290780140457e-04 3.546099290780140457e-04
3.058103975535167462e-04 3.058103975535167462e-04 3.058103975535167462e-04 2.477064220183485335e-02 9.480122324159017885e-03 3.058103975535167462e-04 3.058103975535167462e-04 3.058103975535167462e-04 3.058103975535167462e-04 2.816513761467888677e-01 3.058103975535167462e-04 5.840978593272169728e-02 3.058103975535167462e-04 3.058103975535167462e-04 3.058103975535167462e-04 4.006116207951068708e-02 3.058103975535167462e-04 4.311926605504585314e-02 3.058103975535167462e-04 1.685015290519877029e-01 3.058103975535167462e-04 4.006116207951068708e-02 2.510703363914372210e-01 4.923547400611619218e-02 3.058103975535167462e-04 3.058103975535167462e-04 3.058103975535167462e-04 3.058103975535167462e-04 2.782874617737001940e-02 3.058103975535167462e-04
4.741379310344829255e-03 4.310344827586207921e-04 4.310344827586207921e-04 4.310344827586207921e-04 9.051724137931036959e-03 4.741379310344829255e-03 4.310344827586207921e-04 3.060344827586207461e-02 4.310344827586207921e-04 7.370689655172416033e-02 1.767241379310345237e-02 7.370689655172416033e-02 4.310344827586207921e-04 4.310344827586207921e-04 4.310344827586207921e-04 4.310344827586207921e-04 4.310344827586207921e-04 4.741379310344829255e-03 4.310344827586207921e-04 1.340517241379310664e-01 5.646551724137932604e-02 4.310344827586207921e-04 3.237068965517241881e-01 1.469827586206896852e-01 2.629310344827586604e-02 4.310344827586207921e-04 4.310344827586207921e-04 4.310344827586207921e-04 8.663793103448277910e-02 4.310344827586207921e-04
4.830917874396136770e-04 4.830917874396136770e-04 4.830917874396136770e-04 4.830917874396136770e-04 4.830917874396136770e-04 4.830917874396136770e-04 4.830917874396136770e-04 1.980676328502415859e-02 1.980676328502415859e-02 1.309178743961353086e-01 4.830917874396136770e-04 3.096618357487923023e-01 4.830917874396136770e-04 4.830917874396136770e-04 4.830917874396136770e-04 1.497584541062802442e-02 4.830917874396136770e-04 4.830917874396136770e-04 4.830917874396136770e-04 2.275362318840580267e-01 4.830917874396136770e-04 4.830917874396136770e-04 2.371980676328503124e-01 1.980676328502415859e-02 5.314009661835750881e-03 5.314009661835750881e-03 4.830917874396136770e-04 4.830917874396136770e-04 4.830917874396136770e-04 4.830917874396136770e-04
2.762430939226518463e-04 2.185082872928175990e-01 2.762430939226518463e-04 2.762430939226518463e-04 2.762430939226518463e-04 3.038674033149170364e-03 2.762430939226518463e-04 3.038674033149170364e-03 2.762430939226518463e-04 2.762430939226518463e-04 1.135359116022099102e-01 3.096685082872926986e-01 4.999999999999998890e-02 2.762430939226518463e-04 3.038674033149170364e-03 2.762430939226518463e-04 3.038674033149170364e-03 5.801104972375689152e-03 3.038674033149170364e-03 5.801104972375689152e-03 2.762430939226518463e-04 2.762430939226518463e-04 2.762430939226518463e-04 3.066298342541435434e-02 2.762430939226518463e-04 2.762430939226518463e-04 2.762430939226518463e-04 2.762430939226518463e-04 1.853591160220993683e-01 6.104972375690605885e-02
5.045871559633029538e-03 4.587155963302753632e-04 4.587155963302753632e-04 4.587155963302753632e-04 4.587155963302753632e-04 4.587155963302753632e-04 1.422018348623853637e-02 4.587155963302753632e-04 7.844036697247709633e-02 1.518348623853211510e-01 4.587155963302753632e-04 1.013761467889908591e-01 5.045871559633029538e-03 4.587155963302753632e-04 4.587155963302753632e-04 4.587155963302753632e-04 9.633027522935782086e-03 4.587155963302753632e-04 4.587155963302753632e-04 3.353211009174312807e-01 9.633027522935782086e-03 7.385321100917434378e-02 1.977064220183486765e-01 4.587155963302753632e-04 4.587155963302753632e-04 4.587155963302753632e-04 9.633027522935782086e-03 4.587155963302753632e-04 4.587155963302753632e-04 4.587155963302753632e-04
8.512628624883068415e-03 4.499532273152478945e-02 2.254443405051450092e-02 2.067352666043030876e-02 9.354536950420955092e-05 1.318989710009354534e-02 9.354536950420955092e-05 9.354536950420955092e-05 9.354536950420955092e-05 9.354536950420955092e-05 6.146866230121609265e-01 9.354536950420955092e-05 5.622076707202993545e-02 9.354536950420955092e-05 9.354536950420955092e-05 9.354536950420955092e-05 7.577174929840972337e-03 2.815715622076707392e-02 9.354536950420955092e-05 1.964452759588400637e-03 1.318989710009354534e-02 9.354536950420955092e-05 9.354536950420955092e-05 3.283442469597754737e-02 7.212347988774554797e-02 9.354536950420955092e-05 9.354536950420955092e-05 9.354536950420955092e-05 6.089803554724040890e-02 1.028999064546304992e-03
2.272727272727272183e-04 2.272727272727272183e-04 2.272727272727272183e-04 5.704545454545453115e-02 7.295454545454543860e-02 2.888636363636362669e-01 4.772727272727271368e-03 2.272727272727272183e-04 2.272727272727272183e-04 9.113636363636361259e-02 3.204545454545453670e-02 2.272727272727272183e-04 2.272727272727272183e-04 2.272727272727272183e-04 2.272727272727272183e-04 2.797727272727271730e-01 2.272727272727272183e-04 2.272727272727272183e-04 2.272727272727272183e-04 2.272727272727272183e-04 3.431818181818181018e-02 8.431818181818180602e-02 2.272727272727272183e-04 2.272727272727272183e-04 2.272727272727272183e-04 2.272727272727272183e-04 4.340909090909090412e-02 2.272727272727272183e-04 2.272727272727272183e-04 7.045454545454543985e-03
6.675567423230977426e-05 6.675567423230977426e-05 1.401869158878505219e-03 4.739652870493993309e-03 6.675567423230977426e-05 6.675567423230977426e-05 6.675567423230977426e-05 2.069425901201602663e-03 8.744993324432579276e-03 4.072096128170895647e-03 6.042056074766357643e-01 8.744993324432579276e-03 3.144192256341789976e-02 6.675567423230977426e-05 6.675567423230977426e-05 6.675567423230977426e-05 7.343124165554074491e-04 4.739652870493993309e-03 7.343124165554074491e-04 6.675567423230977426e-05 4.946595460614153228e-02 1.942590120160214359e-02 9.886515353805075401e-02 2.209612817089453424e-02 5.747663551401870768e-02 6.675567423230977426e-05 6.675567423230977426e-05 6.675567423230977426e-05 5.881174899866489780e-02 2.142857142857143571e-02
3.999999999999998349e-03 6.218181818181816450e-02 3.636363636363635059e-04 7.636363636363633842e-03 3.636363636363635059e-04 7.636363636363633842e-03 7.636363636363633842e-03 3.636363636363635059e-04 2.218181818181817061e-02 3.636363636363635059e-04 9.490909090909087353e-02 3.636363636363635059e-04 2.218181818181817061e-02 7.636363636363633842e-03 3.636363636363635059e-04 3.636363636363635059e-04 3.636363636363635059e-04 3.636363636363635059e-04 3.636363636363635059e-04 3.636363636363635059e-04 3.130909090909089199e-01 2.258181818181817235e-01 2.076363636363635634e-01 3.636363636363635059e-04 3.636363636363635059e-04 7.636363636363633842e-03 3.636363636363635059e-04 3.636363636363635059e-04 3.999999999999998349e-03 3.636363636363635059e-04
5.076142131979696770e-04 5.583756345177667314e-03 5.076142131979696770e-04 5.076142131979696770e-04 5.076142131979696770e-04 3.096446700507615030e-02 5.076142131979696770e-04 5.076142131979696770e-04 5.076142131979696770e-04 5.076142131979696770e-04 5.076142131979696770e-04 5.076142131979696770e-04 5.583756345177667314e-03 5.076142131979696770e-04 5.076142131979696770e-04 5.076142131979696770e-04 5.076142131979696770e-04 5.076142131979696770e-04 5.076142131979696770e-04 5.076142131979696770e-04 4.979695431472082601e-01 6.142131979695433092e-02 2.898477157360406786e-01 5.076142131979696770e-04 5.076142131979696770e-04 1.065989847715736322e-02 5.076142131979696770e-04 5.583756345177667314e-03 8.172588832487312493e-02 5.076142131979696770e-04
2.427184466019416832e-04 7.791262135922327747e-02 2.427184466019416832e-04 3.179611650485435898e-02 2.427184466019416832e-04 2.427184466019416832e-04 2.427184466019416832e-04 9.951456310679607925e-03 2.427184466019416832e-04 2.427184466019416832e-04 2.427184466019416832e-04 1.313106796116504660e-01 4.878640776699028070e-02 2.427184466019416832e-04 2.427184466019416832e-04 2.451456310679610978e-02 2.427184466019416832e-04 2.427184466019416832e-04 1.237864077669902432e-02 2.427184466019416832e-04 3.907766990291261511e-02 2.427184466019416832e-04 3.497572815533979695e-01 2.427184466019416832e-04 2.427184466019416832e-04 2.427184466019416832e-04 2.669902912621358732e-03 2.427184466019416832e-04 2.672330097087377565e-01 2.427184466019416832e-04
3.571428571428570341e-04 1.539285714285713591e-01 3.571428571428570341e-04 3.571428571428570341e-04 3.571428571428570341e-04 3.571428571428570341e-04 7.499999999999997120e-03 3.571428571428570341e-04 1.289285714285713924e-01 3.571428571428570341e-04 1.682142857142856496e-01 3.571428571428570341e-04 3.571428571428570341e-04 3.964285714285712553e-02 3.571428571428570341e-04 1.821428571428570717e-02 3.571428571428570341e-04 3.249999999999998723e-02 3.571428571428570341e-04 3.571428571428570341e-04 7.178571428571425828e-02 9.678571428571425272e-02 2.467857142857141639e-01 3.571428571428570341e-04 3.571428571428570341e-04 3.928571428571427104e-03 3.571428571428570341e-04 3.571428571428570341e-04 2.535714285714284547e-02 3.571428571428570341e-04
3.759398496240601729e-04 3.759398496240601729e-04 3.759398496240601729e-04 3.759398496240601729e-04 4.135338345864662118e-03 3.759398496240601729e-04 3.759398496240601729e-04 6.428571428571429325e-02 3.759398496240601729e-04 3.421052631578946901e-02 1.169172932330827114e-01 9.436090225563910361e-02 3.759398496240601729e-04 7.894736842105263414e-03 3.759398496240601729e-04 3.759398496240601729e-04 3.759398496240601729e-04 3.759398496240601729e-04 3.759398496240601729e-04 4.135338345864662118e-03 4.548872180451127983e-02 3.759398496240601729e-04 3.875939849624059907e-01 3.759398496240601729e-04 3.759398496240601729e-04 1.541353383458646427e-02 1.917293233082706730e-02 3.759398496240601729e-04 1.996240601503759537e-01 3.759398496240601729e-04
3.174603174603173516e-04 3.174603174603173516e-04 3.174603174603173516e-04 6.063492063492061795e-02 1.717460317460317021e-01 7.333333333333330595e-02 3.174603174603173516e-04 1.619047619047618222e-02 3.174603174603173516e-04 3.174603174603173516e-04 3.174603174603173516e-04 3.174603174603173516e-04 3.174603174603173516e-04 3.174603174603173516e-04 3.174603174603173516e-04 5.746031746031744075e-02 1.399999999999999578e-01 3.174603174603173516e-04 3.174603174603173516e-04 3.174603174603173516e-04 3.174603174603173516e-04 6.698412698412696542e-02 3.174603174603173516e-04 4.793650793650791608e-02 1.619047619047618222e-02 6.666666666666664492e-03 2.828571428571427515e-01 3.174603174603173516e-04 5.111111111111110022e-02 3.492063492063491193e-03
3.012048192771083518e-04 3.012048192771083518e-04 3.012048192771083518e-04 3.012048192771083518e-04 3.313253012048191816e-03 3.012048192771083518e-04 3.012048192771083518e-04 3.012048192771083518e-04 3.313253012048191816e-03 2.984939759036143170e-01 3.012048192771083518e-04 3.644578313253010737e-02 3.012048192771083518e-04 3.012048192771083518e-04 3.012048192771083518e-04 3.012048192771083518e-04 5.150602409638552898e-02 3.042168674698794012e-02 3.012048192771083518e-04 4.249999999999998224e-01 3.012048192771083518e-04 4.246987951807227463e-02 3.012048192771083518e-04 3.012048192771083518e-04 3.012048192771083518e-04 1.536144578313252372e-02 3.012048192771083518e-04 3.012048192771083518e-04 8.765060240963852556e-02 3.012048192771083518e-04
8.536585365853660914e-03 4.065040650406505146e-04 4.065040650406505146e-04 4.065040650406505146e-04 4.065040650406505146e-04 4.065040650406505146e-04 4.065040650406505146e-04 1.142276422764227917e-01 4.065040650406505146e-04 5.776422764227643336e-01 4.471544715447155552e-03 4.065040650406505146e-04 4.065040650406505146e-04 4.065040650406505146e-04 8.536585365853660914e-03 4.471544715447155552e-03 2.886178861788618252e-02 1.142276422764227917e-01 4.065040650406505146e-04 2.073170731707317527e-02 2.886178861788618252e-02 4.065040650406505146e-04 4.471544715447155552e-03 2.479674796747968063e-02 4.065040650406505146e-04 4.065040650406505146e-04 4.065040650406505146e-04 1.260162601626016628e-02 4.105691056910570208e-02 4.065040650406505146e-04
1.834862385321100640e-04 2.770642201834861915e-02 1.834862385321100640e-04 1.834862385321100640e-04 1.834862385321100640e-04 1.834862385321100640e-04 1.834862385321100640e-04 3.871559633027522179e-02 1.834862385321100640e-04 1.834862385321100640e-04 2.220183486238531609e-02 5.339449541284402995e-02 7.541284403669723524e-02 1.834862385321100640e-04 1.834862385321100640e-04 2.018348623853210948e-03 1.834862385321100640e-04 9.357798165137612423e-03 1.834862385321100640e-04 2.220183486238531609e-02 1.212844036697247330e-01 4.238532110091742383e-02 2.827522935779815949e-01 9.743119266055044747e-02 1.834862385321100640e-04 1.834862385321100640e-04 1.853211009174311405e-02 1.834862385321100640e-04 1.836697247706421399e-01 1.834862385321100640e-04
1.810089020771512777e-02 1.513353115727002381e-02 2.967359050445103207e-04 6.231454005934716246e-03 2.106824925816023000e-02 6.231454005934716246e-03 2.967359050445103207e-04 2.700296735905043446e-02 1.753709198813055703e-01 2.967359050445103207e-04 7.744807121661718974e-02 1.130563798219584165e-01 4.480712166172105132e-02 5.964391691394656941e-02 2.967359050445103207e-04 2.967359050445103207e-04 2.967359050445103207e-04 6.231454005934716246e-03 2.967359050445103207e-04 2.967359050445103207e-04 1.249258160237388393e-01 2.967359050445103207e-04 2.080118694362017018e-01 2.106824925816023000e-02 2.967359050445103207e-04 9.198813056379819345e-03 2.967359050445103207e-04 2.967359050445103207e-04 6.261127596439167164e-02 2.967359050445103207e-04
2.406779661016947985e-02 3.728813559322032792e-03 2.745762711864405473e-02 7.118644067796608098e-03 1.155932203389830049e-01 2.406779661016947985e-02 3.728813559322032792e-03 3.728813559322032792e-03 1.389830508474575697e-02 9.864406779661014091e-02 1.050847457627118210e-02 3.389830508474575414e-04 3.389830508474575414e-04 3.389830508474575414e-04 3.389830508474575414e-04 3.728813559322032792e-03 3.389830508474575414e-04 2.067796610169490498e-02 3.389830508474575414e-04 4.101694915254235768e-02 1.728813559322033011e-02 4.779661016949150742e-02 1.494915254237287605e-01 4.101694915254235768e-02 1.050847457627118210e-02 3.389830508474575414e-04 2.986440677966100132e-01 3.389830508474575414e-04 3.423728813559320794e-02 3.389830508474575414e-04
2.610966057441252647e-04 2.610966057441252647e-04 2.610966057441252647e-04 2.610966057441252647e-04 2.610966057441252647e-04 2.610966057441252647e-04 2.610966057441252647e-04 4.203655352480416968e-02 2.610966057441252647e-04 2.456919060052218384e-01 2.872062663185378020e-03 2.610966057441252647e-04 2.610966057441252647e-04 2.610966057441252647e-04 8.093994778067882881e-03 1.151436031331592447e-01 2.610966057441252647e-04 2.114882506527414330e-02 2.610966057441252647e-04 8.093994778067882881e-03 2.610966057441252647e-04 2.610966057441252647e-04 1.073107049608354874e-01 1.725848563968667704e-01 2.610966057441252647e-04 2.610966057441252647e-04 7.336814621409919190e-02 2.610966057441252647e-04 1.986945169712792947e-01 2.610966057441252647e-04
7.407407407407408666e-05 8.148148148148149804e-04 7.407407407407408666e-05 2.296296296296296714e-03 3.340740740740741344e-02 7.407407407407408666e-05 7.407407407407408666e-05 4.518518518518518934e-03 7.407407407407408666e-05 2.830370370370370869e-01 7.407407407407408666e-05 7.407407407407408666e-05 7.407407407407408666e-05 3.037037037037037309e-03 7.481481481481482183e-03 7.407407407407408666e-05 2.296296296296296714e-03 7.407407407407408666e-05 7.407407407407408666e-05 2.748148148148148867e-02 7.481481481481482183e-03 7.407407407407408666e-05 1.245185185185185284e-01 2.200740740740741164e-01 1.118518518518518690e-02 7.407407407407408666e-05 8.081481481481482543e-02 7.407407407407408666e-05 1.889629629629629992e-01 1.555555555555555901e-03
4.219409282700423104e-04 4.641350210970465739e-03 4.219409282700423104e-04 4.219409282700423104e-04 4.219409282700423104e-04 3.337552742616034518e-01 4.219409282700423104e-04 4.219409282700423104e-04 4.641350210970465739e-03 4.683544303797469027e-02 4.219409282700423104e-04 4.219409282700423104e-04 4.219409282700423104e-04 4.219409282700423104e-04 4.219409282700423104e-04 1.729957805907173310e-02 4.219409282700423104e-04 1.776371308016878037e-01 4.219409282700423104e-04 4.219409282700423104e-04 4.219409282700423104e-04 4.219409282700423104e-04 3.417721518987342638e-02 1.607594936708861277e-01 1.185654008438818963e-01 4.219409282700423104e-04 8.860759493670888193e-03 4.219409282700423104e-04 6.793248945147681295e-02 1.729957805907173310e-02
2.666666666666665710e-04 2.666666666666665710e-04 5.599999999999997341e-03 2.666666666666665710e-04 2.159999999999999074e-02 5.599999999999997341e-03 2.666666666666665710e-04 2.666666666666665710e-04 2.666666666666665710e-04 1.093333333333332789e-02 2.666666666666665710e-04 2.666666666666665710e-04 6.693333333333330304e-02 2.666666666666665710e-04 2.666666666666665710e-04 2.933333333333332064e-03 2.666666666666665710e-04 2.666666666666665710e-04 2.666666666666665710e-04 2.666666666666665710e-04 2.642666666666665387e-01 1.282666666666666122e-01 2.935999999999998611e-01 2.666666666666665710e-04 2.666666666666665710e-04 2.666666666666665710e-04 3.759999999999998066e-02 2.666666666666665710e-04 1.575999999999999346e-01 2.666666666666665710e-04
5.000000000000001188e-04 5.000000000000001188e-04 5.000000000000001188e-04 5.000000000000001188e-04 5.000000000000001188e-04 5.000000000000001188e-04 5.500000000000002283e-03 5.000000000000001188e-04 2.550000000000000530e-02 5.500000000000002283e-03 5.000000000000001188e-04 5.000000000000001188e-04 5.000000000000001188e-04 5.000000000000001188e-04 5.000000000000001188e-04 5.000000000000001188e-04 5.000000000000001188e-04 5.000000000000001188e-04 5.000000000000001188e-04 5.000000000000001188e-04 3.705000000000000515e-01 6.050000000000001210e-02 3.755000000000000560e-01 5.000000000000001188e-04 5.000000000000001188e-04 5.000000000000001188e-04 9.550000000000002931e-02 5.000000000000001188e-04 5.050000000000001016e-02 5.000000000000001188e-04
4.065040650406505146e-04 1.666666666666666990e-02 4.065040650406505146e-04 4.065040650406505146e-04 4.065040650406505146e-04 4.065040650406505146e-04 4.065040650406505146e-04 4.065040650406505146e-04 4.065040650406505146e-04 7.357723577235775192e-02 4.065040650406505146e-04 4.065040650406505146e-04 2.073170731707317527e-02 4.065040650406505146e-04 4.065040650406505146e-04 4.065040650406505146e-04 4.065040650406505146e-04 1.260162601626016628e-02 3.699186991869919672e-02 4.065040650406505146e-04 1.752032520325203790e-01 2.280487804878049418e-01 2.524390243902439601e-01 4.065040650406505146e-04 6.544715447154474119e-02 1.666666666666666990e-02 4.065040650406505146e-04 4.065040650406505146e-04 9.390243902439027179e-02 4.065040650406505146e-04
1.862197392923649569e-04 1.862197392923649569e-04 1.862197392923649569e-04 1.862197392923649569e-04 1.862197392923649569e-04 1.862197392923649569e-04 1.862197392923649569e-04 1.862197392923649569e-04 1.862197392923649569e-04 4.674115456238360500e-02 1.862197392923649569e-04 1.862197392923649569e-04 1.862197392923649569e-04 1.862197392923649569e-04 1.862197392923649569e-04 1.862197392923649569e-04 9.497206703910611447e-03 1.862197392923649569e-04 1.862197392923649569e-04 4.487895716945995706e-02 2.310986964618249040e-01 1.454376163873370154e-01 2.999999999999999334e-01 1.862197392923649569e-04 1.862197392923649569e-04 1.862197392923649569e-04 1.603351955307261989e-01 1.862197392923649569e-04 5.791433891992549959e-02 1.862197392923649569e-04
3.246753246753245666e-04 3.246753246753245666e-04 3.246753246753245666e-04 1.980519480519479791e-02 6.818181818181816116e-03 3.571428571428570450e-03 3.246753246753245666e-04 3.246753246753245666e-04 3.246753246753245666e-04 4.902597402597400761e-02 7.499999999999998335e-02 3.246753246753245666e-04 5.227272727272725544e-02 3.246753246753245666e-04 3.246753246753245666e-04 3.246753246753245666e-04 3.246753246753245666e-04 3.246753246753245666e-04 3.246753246753245666e-04 3.246753246753245666e-04 3.120129870129868532e-01 2.305194805194804228e-02 3.769480519480518099e-01 3.246753246753245666e-04 3.571428571428570450e-03 3.246753246753245666e-04 3.246753246753245666e-04 3.246753246753245666e-04 7.175324675324673551e-02 3.246753246753245666e-04
3.355704697986576458e-04 3.691275167785234429e-03 3.355704697986576458e-04 2.046979865771811694e-02 1.312080536912751394e-01 3.355704697986576458e-04 3.355704697986576458e-04 7.751677852348992648e-02 3.355704697986576458e-04 4.731543624161072686e-02 3.355704697986576458e-04 3.355704697986576458e-04 3.355704697986576458e-04 3.355704697986576458e-04 3.355704697986576458e-04 3.053691275167784436e-02 3.355704697986576458e-04 4.731543624161072686e-02 3.355704697986576458e-04 1.375838926174496185e-02 3.355704697986576458e-04 1.580536912751677736e-01 1.916107382550335247e-01 9.765100671140938826e-02 3.355704697986576458e-04 7.046979865771811104e-03 1.010067114093959606e-01 3.355704697986576458e-04 6.744966442953019559e-02 3.355704697986576458e-04
3.571428571428569257e-04 3.571428571428569257e-04 3.571428571428569257e-04 3.571428571428569257e-04 8.607142857142852099e-02 3.571428571428569257e-04 3.571428571428569257e-04 3.571428571428569257e-04 3.571428571428569257e-04 3.571428571428569257e-04 1.110714285714285154e-01 3.571428571428569257e-04 3.571428571428569257e-04 3.571428571428569257e-04 5.749999999999996780e-02 3.571428571428569257e-04 3.571428571428569257e-04 3.571428571428569257e-04 2.178571428571427285e-02 3.571428571428569257e-04 1.574999999999999178e-01 1.967857142857141750e-01 2.932142857142855386e-01 3.571428571428569257e-04 3.571428571428569257e-04 3.571428571428569257e-04 6.821428571428567178e-02 3.571428571428569257e-04 3.571428571428569257e-04 3.571428571428569257e-04
3.984063745019921551e-04 3.984063745019921551e-04 3.984063745019921551e-04 4.382470119521913489e-03 3.984063745019921551e-04 3.984063745019921551e-04 3.984063745019921551e-04 3.984063745019921551e-04 3.984063745019921551e-04 3.868525896414343190e-01 3.984063745019921551e-04 2.031872509960159709e-02 3.984063745019921551e-04 4.382470119521913489e-03 8.804780876494026909e-02 4.382470119521913489e-03 2.828685258964143759e-02 3.984063745019921551e-04 1.235059760956175659e-02 3.151394422310757615e-01 3.984063745019921551e-04 3.984063745019921551e-04 2.828685258964143759e-02 3.984063745019921551e-04 3.984063745019921551e-04 5.617529880478088627e-02 3.984063745019921551e-04 3.984063745019921551e-04 3.984063745019921551e-04 4.422310756972112206e-02
1.314060446780551553e-04 1.458607095926412085e-02 1.445466491458606735e-03 2.772667542706963931e-02 1.852825229960577622e-02 3.378449408672798415e-01 1.458607095926412085e-02 1.314060446780551553e-04 5.400788436268066928e-02 1.314060446780551553e-04 1.314060446780551553e-04 3.823915900131404783e-02 4.218134034165570839e-02 1.314060446780551553e-04 2.759526938239158234e-03 4.073587385019709732e-03 2.772667542706963931e-02 6.057818659658342764e-02 4.073587385019709732e-03 1.327201051248357022e-02 7.109067017082783269e-02 3.561103810775295003e-02 1.314060446780551553e-04 2.759526938239158234e-03 9.329829172141914859e-03 1.314060446780551553e-04 1.314060446780551553e-04 1.314060446780551553e-04 1.762155059132719526e-01 4.218134034165570839e-02
2.907894736842105976e-01 8.026315789473685569e-02 9.342105263157896022e-02 2.250000000000000611e-01 1.315789473684210930e-03 1.315789473684210930e-03 1.315789473684210930e-03 1.315789473684210930e-03 1.447368421052631915e-02 1.315789473684210930e-03 1.315789473684210930e-03 1.315789473684210930e-03 1.447368421052631915e-02 1.315789473684210930e-03 1.315789473684210930e-03 9.342105263157896022e-02 1.315789473684210930e-03 1.315789473684210930e-03 1.315789473684210930e-03 1.315789473684210930e-03 1.315789473684210930e-03 1.315789473684210930e-03 1.315789473684210930e-03 1.315789473684210930e-03 1.315789473684210930e-03 2.763157894736842715e-02 1.447368421052631915e-02 1.315789473684210930e-03 1.315789473684210930e-03 1.197368421052631693e-01
3.194888178913737019e-04 3.194888178913737019e-04 3.194888178913737019e-04 3.194888178913737019e-04 5.143769968051116470e-02 3.194888178913737019e-04 3.194888178913737019e-04 3.194888178913737019e-04 3.194888178913737019e-04 3.194888178913737019e-04 3.514376996805110721e-03 3.194888178913737019e-04 2.268370607028753067e-02 3.194888178913737019e-04 3.194888178913737019e-04 3.194888178913737019e-04 3.194888178913737019e-04 3.194888178913737019e-04 3.194888178913737019e-04 3.194888178913737019e-04 2.782747603833864436e-01 2.367412140575078927e-01 1.856230031948881143e-01 3.194888178913737019e-04 7.699680511182106779e-02 3.194888178913737019e-04 5.463258785942490259e-02 3.194888178913737019e-04 8.338658146964852969e-02 3.194888178913737019e-04
3.649635036496349594e-04 3.649635036496349594e-04 3.686131386861313253e-02 2.226277372262773155e-02 3.649635036496349594e-04 1.499999999999999667e-01 3.649635036496349594e-04 4.014598540145984662e-03 3.649635036496349594e-04 3.649635036496349594e-04 3.649635036496349594e-04 3.649635036496349594e-04 3.649635036496349594e-04 3.649635036496349594e-04 3.649635036496349594e-04 1.354014598540145831e-01 3.649635036496349594e-04 4.416058394160583128e-02 3.649635036496349594e-04 3.649635036496349594e-04 1.496350364963503279e-02 3.649635036496349594e-04 3.649635036496349594e-04 1.496350364963503279e-02 3.649635036496349594e-04 4.383211678832115710e-01 1.281021897810218635e-01 4.014598540145984662e-03 3.649635036496349594e-04 3.649635036496349594e-04
2.525252525252524708e-04 1.239898989898989556e-01 5.303030303030301616e-03 2.777777777777777016e-03 2.525252525252524708e-04 2.525252525252524708e-04 2.525252525252524708e-04 2.525252525252524708e-04 2.525252525252524708e-04 2.578282828282827399e-01 1.113636363636363313e-01 5.303030303030301616e-03 2.525252525252524708e-04 2.525252525252524708e-04 1.416666666666666352e-01 2.525252525252524708e-04 1.540404040404039915e-02 2.525252525252524708e-04 2.525252525252524708e-04 9.873737373737370704e-02 1.792929292929292331e-02 2.525252525252524708e-04 2.525252525252524708e-04 2.525252525252524708e-04 5.303030303030301616e-03 2.525252525252524708e-04 1.467171717171716905e-01 2.525252525252524708e-04 6.338383838383837565e-02 2.525252525252524708e-04
4.166666666666667476e-04 4.166666666666667476e-04 4.583333333333334224e-03 4.166666666666667476e-04 4.166666666666667476e-04 4.166666666666667476e-04 4.166666666666667476e-04 2.958333333333333648e-02 4.583333333333334224e-03 4.166666666666667476e-04 4.166666666666667476e-04 1.254166666666666763e-01 4.166666666666667476e-04 4.166666666666667476e-04 2.541666666666666727e-02 2.125000000000000153e-02 4.166666666666667476e-04 4.166666666666667476e-04 4.166666666666667476e-04 4.379166666666666763e-01 4.166666666666667476e-04 4.166666666666667476e-04 1.170833333333333587e-01 4.166666666666667476e-04 4.166666666666667476e-04 5.041666666666667213e-02 2.958333333333333648e-02 4.166666666666667476e-04 1.462500000000000189e-01 4.166666666666667476e-04
2.583979328165374460e-04 2.583979328165374460e-04 2.583979328165374460e-04 2.842377260981911961e-03 8.552971576227388906e-02 2.583979328165374460e-04 2.583979328165374460e-04 2.583979328165374460e-04 2.583979328165374460e-04 2.095607235142118441e-01 1.062015503875968908e-01 1.317829457364340720e-02 2.583979328165374460e-04 2.583979328165374460e-04 2.583979328165374460e-04 2.583979328165374460e-04 5.710594315245477726e-02 2.583979328165374460e-04 2.583979328165374460e-04 1.834625322997415764e-02 2.842377260981911961e-03 4.160206718346252941e-02 2.583979328165374460e-04 6.485788113695090118e-02 2.583979328165374460e-04 2.868217054263565505e-02 2.819121447028423155e-01 2.583979328165374460e-04 6.744186046511627119e-02 1.576227390180878069e-02
