2.717391304347825578e-04 2.717391304347825578e-04 2.717391304347825578e-04 2.717391304347825578e-04 1.008152173913043209e-01 2.717391304347825578e-04 2.717391304347825578e-04 2.448369565217390353e-01 2.717391304347825578e-04 3.046195652173911972e-01 2.717391304347825578e-04 4.103260869565215907e-02 2.717391304347825578e-04 2.717391304347825578e-04 2.717391304347825578e-04 2.717391304347825578e-04 2.717391304347825578e-04 2.989130434782607919e-03 2.717391304347825578e-04 4.918478260869563884e-02 2.717391304347825578e-04 6.820652173913041572e-02 2.717391304347825578e-04 1.823369565217390631e-01 2.717391304347825578e-04 2.717391304347825578e-04 2.717391304347825578e-04 2.717391304347825578e-04 2.717391304347825578e-04 2.717391304347825578e-04
2.444987775061123925e-04 2.444987775061123925e-04 2.444987775061123925e-04 4.914425427872859409e-02 2.444987775061123925e-04 3.449877750611246019e-01 2.444987775061123925e-04 6.870415647921758462e-02 2.689486552567236805e-03 1.078239608801955657e-01 2.444987775061123925e-04 2.689486552567236805e-03 4.669926650366747201e-02 2.444987775061123925e-04 2.689486552567236805e-03 5.134474327628361055e-03 2.444987775061123925e-04 3.691931540342296980e-02 2.444987775061123925e-04 2.444987775061123925e-04 2.444987775061123925e-04 2.444987775061123925e-04 3.447432762836184772e-02 6.625916870415646254e-02 2.444987775061123925e-04 2.444987775061123925e-04 1.591687041564791572e-01 5.134474327628361055e-03 2.444987775061123925e-04 6.381418092909534046e-02
2.252906976744186666e-03 7.267441860465118889e-05 3.706395348837210335e-03 5.167151162790698665e-02 7.347383720930233952e-02 1.533430232558140142e-02 1.810319767441861127e-01 3.568313953488373713e-02 3.204941860465117254e-02 1.345203488372093414e-01 2.550872093023256668e-02 7.267441860465118889e-05 2.042151162790698318e-02 7.267441860465118889e-05 7.340116279069769725e-03 7.267441860465118889e-05 7.267441860465118889e-05 7.267441860465118889e-05 7.267441860465118889e-05 7.267441860465118889e-05 1.896802325581396081e-02 9.382267441860467350e-02 1.460755813953489024e-02 1.163517441860465462e-01 4.295058139534885244e-02 3.422965116279071129e-02 8.364825581395350651e-02 7.267441860465118889e-05 1.024709302325581793e-02 1.526162790697675048e-03
3.813131313131312011e-02 2.525252525252524708e-04 2.777777777777777016e-03 7.828282828282826650e-03 1.035353535353534908e-02 2.525252525252524708e-04 3.083333333333332371e-01 2.777777777777777016e-03 2.525252525252524708e-04 2.525252525252524708e-04 2.525252525252524708e-04 4.318181818181817538e-02 2.525252525252524708e-04 2.525252525252524708e-04 1.542929292929292595e-01 2.525252525252524708e-04 1.593434343434343148e-01 2.525252525252524708e-04 2.098484848484847842e-01 2.525252525252524708e-04 5.580808080808079275e-02 2.525252525252524708e-04 2.525252525252524708e-04 2.525252525252524708e-04 2.525252525252524708e-04 2.777777777777777016e-03 2.525252525252524708e-04 2.525252525252524708e-04 2.525252525252524708e-04 2.525252525252524708e-04
1.612970711297070925e-01 2.301255230125523119e-03 6.485355648535564600e-03 1.276150627615062552e-02 1.694560669456066787e-02 2.092050209205020795e-04 1.822175732217573008e-01 3.577405857740585671e-02 2.092050209205020795e-04 2.092050209205020795e-04 2.092050209205020795e-04 2.092050209205020795e-04 2.092050209205020795e-04 2.533472803347279756e-01 1.361924686192468315e-01 9.016736401673638990e-02 2.092050209205020795e-04 2.301255230125523119e-03 2.092050209205020795e-04 2.092050209205020795e-04 2.092050209205020795e-04 2.092050209205020795e-04 2.092050209205020795e-04 2.112970711297070675e-02 2.092050209205020795e-04 4.623430962343096084e-02 4.393305439330543426e-03 4.393305439330543426e-03 2.092050209205020795e-04 2.112970711297070675e-02
3.796581196581195750e-01 1.042735042735042431e-02 1.897435897435896870e-02 1.709401709401709129e-04 6.341880341880340444e-02 3.589743589743589307e-03 1.488888888888888484e-01 7.008547008547006373e-03 5.658119658119657031e-02 9.589743589743587870e-02 1.709401709401709129e-04 1.726495726495726191e-02 1.880341880341880123e-03 1.384615384615384311e-02 1.880341880341880123e-03 1.709401709401709129e-04 1.709401709401709129e-04 1.709401709401709129e-04 1.709401709401709129e-04 7.008547008547006373e-03 6.341880341880340444e-02 5.299145299145297840e-03 2.239316239316238924e-02 6.170940170940170111e-02 1.709401709401709129e-04 1.709401709401709129e-04 1.709401709401709129e-04 1.897435897435896870e-02 1.709401709401709129e-04 1.709401709401709129e-04
2.070393374741200544e-04 1.469979296066252147e-02 4.989648033126293375e-02 1.472049689440993459e-01 2.070393374741200544e-04 2.070393374741200544e-04 3.107660455486541684e-01 6.418219461697721034e-03 2.070393374741200544e-04 2.070393374741200544e-04 2.070393374741200544e-04 2.070393374741200544e-04 2.070393374741200544e-04 3.954451345755692626e-02 2.070393374741200544e-04 3.583850931677017848e-01 2.070393374741200544e-04 2.070393374741200544e-04 2.070393374741200544e-04 2.277432712215320381e-03 6.645962732919252769e-02 2.070393374741200544e-04 2.070393374741200544e-04 2.070393374741200544e-04 2.070393374741200544e-04 2.070393374741200544e-04 2.070393374741200544e-04 2.070393374741200544e-04 2.070393374741200544e-04 2.070393374741200544e-04
3.039513677811549273e-04 3.039513677811549273e-04 3.039513677811549273e-04 5.778115501519754948e-01 3.039513677811549273e-04 3.039513677811549273e-04 3.677811550151974251e-02 3.039513677811549273e-04 3.343465045592704417e-03 7.021276595744678495e-02 3.039513677811549273e-04 3.039513677811549273e-04 3.069908814589664484e-02 3.039513677811549273e-04 3.039513677811549273e-04 3.039513677811549273e-04 3.039513677811549273e-04 3.039513677811549273e-04 3.039513677811549273e-04 3.343465045592704417e-03 1.550151975683889891e-02 6.382978723404253256e-03 6.717325227963523437e-02 3.039513677811549273e-04 3.039513677811549273e-04 5.501519756838904596e-02 1.249240121580546675e-01 3.039513677811549273e-04 3.039513677811549273e-04 3.343465045592704417e-03
3.580645161290321038e-02 3.225806451612902139e-04 3.580645161290321038e-02 2.099999999999999090e-01 3.225806451612902139e-04 3.225806451612902139e-04 1.906451612903225235e-01 3.225806451612902139e-04 3.225806451612902139e-04 3.225806451612902139e-04 2.616129032258063258e-01 3.580645161290321038e-02 1.322580645161289779e-02 3.225806451612902139e-04 3.225806451612902139e-04 1.261290322580644607e-01 3.580645161290321038e-02 3.225806451612902139e-04 4.548387096774191701e-02 3.225806451612902139e-04 3.225806451612902139e-04 3.225806451612902139e-04 3.225806451612902139e-04 3.225806451612902139e-04 3.225806451612902139e-04 3.225806451612902139e-04 3.225806451612902139e-04 3.225806451612902139e-04 3.548387096774192461e-03 3.225806451612902139e-04
2.008032128514055769e-04 2.008032128514055769e-04 2.008032128514055769e-04 3.214859437751003135e-01 2.008032128514055769e-04 2.008032128514055769e-04 1.186746987951806942e-01 1.508032128514055770e-01 1.626506024096385089e-02 1.206827309236947476e-01 2.008032128514055769e-04 2.008032128514055769e-04 2.630522088353412849e-02 2.008032128514055769e-04 2.008032128514055769e-04 4.216867469879517251e-03 2.008032128514055769e-04 2.008032128514055769e-04 5.040160642570280097e-02 5.040160642570280097e-02 2.008032128514055769e-04 2.008032128514055769e-04 2.008032128514055769e-04 1.126506024096385339e-01 4.216867469879517251e-03 2.028112449799196124e-02 2.008032128514055769e-04 2.008032128514055769e-04 2.008032128514055769e-04 2.008032128514055769e-04
1.683501683501683320e-04 2.542087542087541688e-02 1.683501683501683320e-04 2.710437710437710312e-02 1.868686868686868230e-02 2.358585858585857953e-01 1.683501683501683320e-04 3.099326599326598375e-01 1.683501683501683320e-04 2.611111111111110716e-01 1.683501683501683320e-04 1.683501683501683320e-04 1.195286195286194945e-02 1.683501683501683320e-04 1.683501683501683320e-04 1.683501683501683320e-04 1.195286195286194945e-02 1.683501683501683320e-04 1.683501683501683320e-04 1.683501683501683320e-04 1.683501683501683320e-04 1.683501683501683320e-04 1.683501683501683320e-04 9.276094276094275226e-02 1.683501683501683320e-04 1.683501683501683320e-04 1.683501683501683320e-04 1.851851851851851706e-03 1.683501683501683320e-04 1.683501683501683320e-04
4.928425357873209706e-02 2.044989775051124503e-04 8.384458077709608728e-03 1.085889570552147076e-01 2.044989775051124503e-04 2.044989775051124503e-04 1.249488752556236898e-01 6.339468302658485092e-03 2.044989775051124503e-04 2.044989775051124503e-04 2.044989775051124503e-04 2.044989775051124503e-04 5.132924335378322156e-02 2.044989775051124503e-04 9.631901840490796063e-02 3.151329243353782616e-01 2.044989775051124503e-04 2.044989775051124503e-04 2.044989775051124503e-04 2.044989775051124503e-04 8.384458077709608728e-03 2.044989775051124503e-04 5.337423312883434606e-02 2.044989775051124503e-04 2.044989775051124503e-04 1.740286298568506640e-01 2.044989775051124503e-04 2.044989775051124503e-04 2.044989775051124503e-04 2.044989775051124503e-04
4.107142857142856429e-02 2.551020408163264452e-04 2.551020408163264452e-04 1.150510204081632293e-01 1.556122448979591240e-02 5.357142857142855458e-03 2.477040816326529782e-01 2.551020408163264452e-04 2.551020408163264452e-04 2.806122448979591223e-03 1.915816326530611624e-01 2.806122448979591223e-03 1.811224489795917880e-02 1.045918367346938306e-02 4.107142857142856429e-02 2.477040816326529782e-01 2.551020408163264452e-04 2.551020408163264452e-04 5.357142857142855458e-03 2.551020408163264452e-04 2.551020408163264452e-04 7.908163265306120127e-03 2.551020408163264452e-04 2.551020408163264452e-04 2.551020408163264452e-04 2.831632653061223748e-02 2.551020408163264452e-04 2.551020408163264452e-04 2.806122448979591223e-03 1.301020408163264773e-02
4.405286343612336078e-04 4.008810572687225571e-02 4.405286343612336078e-04 4.449339207048459005e-02 4.405286343612336078e-04 4.845814977973569686e-03 8.414096916299562690e-02 4.405286343612336078e-04 4.405286343612336078e-04 4.405286343612336078e-04 4.008810572687225571e-02 3.572687224669603978e-01 8.854625550660795430e-02 9.251101321585906631e-03 4.405286343612336078e-04 4.405286343612336078e-04 2.687224669603524574e-02 4.405286343612336078e-04 3.127753303964758008e-02 4.405286343612336078e-04 4.405286343612336078e-04 4.405286343612336078e-04 4.405286343612336078e-04 4.405286343612336078e-04 4.405286343612336078e-04 4.405286343612336078e-04 1.365638766519824097e-02 2.515418502202643736e-01 4.405286343612336078e-04 4.405286343612336078e-04
2.727564102564101201e-01 3.205128205128204041e-04 3.945512820512818708e-01 3.205128205128204041e-04 3.205128205128204041e-04 3.205128205128204041e-04 7.403846153846151135e-02 3.525641025641024825e-03 6.730769230769228541e-03 3.205128205128204041e-04 6.730769230769228541e-03 3.205128205128204041e-04 3.205128205128204041e-04 3.205128205128204041e-04 8.044871794871792658e-02 3.205128205128204041e-04 3.205128205128204041e-04 9.935897435897431823e-03 3.205128205128204041e-04 3.205128205128204041e-04 7.083333333333331761e-02 3.205128205128204041e-04 3.205128205128204041e-04 6.730769230769228541e-03 6.730769230769228541e-03 1.314102564102563424e-02 3.205128205128204041e-04 3.878205128205126917e-02 9.935897435897431823e-03 3.205128205128204041e-04
6.981981981981979189e-03 2.049549549549548738e-02 2.252252252252251474e-04 2.367117117117115976e-01 7.004504504504502349e-02 9.932432432432429514e-02 5.427927927927925916e-02 7.454954954954952362e-02 5.653153153153151617e-02 2.252252252252251474e-04 6.981981981981979189e-03 2.252252252252251474e-04 5.202702702702700910e-02 2.252252252252251474e-04 2.252252252252251474e-04 2.252252252252251474e-04 2.252252252252251474e-04 2.252252252252251474e-04 6.981981981981979189e-03 4.076576576576575184e-02 2.477477477477476892e-03 2.344594594594593684e-01 2.252252252252251474e-04 2.252252252252251474e-04 2.477477477477476892e-03 1.373873873873873198e-02 2.252252252252251474e-04 1.824324324324323385e-02 2.252252252252251474e-04 2.252252252252251474e-04
9.656357388316147428e-02 3.436426116838486606e-04 3.436426116838486606e-04 1.481099656357387773e-01 3.436426116838486606e-04 3.436426116838486606e-04 1.309278350515463429e-01 3.436426116838486606e-04 3.436426116838486606e-04 7.216494845360822523e-03 1.378006872852233222e-01 1.408934707903779400e-02 1.752577319587628191e-02 3.436426116838486606e-04 5.876288659793812291e-02 2.924398625429551757e-01 3.436426116838486606e-04 3.436426116838486606e-04 3.436426116838486606e-04 1.408934707903779400e-02 1.752577319587628191e-02 3.436426116838486606e-04 2.783505154639174042e-02 1.065292096219930956e-02 2.096219931271476808e-02 3.436426116838486606e-04 3.436426116838486606e-04 3.436426116838486606e-04 3.436426116838486606e-04 3.436426116838486606e-04
4.761904761904760600e-03 2.267573696145124289e-04 1.156462585034013189e-02 4.106575963718819833e-01 6.371882086167798831e-02 2.970521541950112490e-02 8.412698412698410566e-02 2.267573696145124289e-04 2.267573696145124289e-04 2.494331065759636690e-03 2.267573696145124289e-04 2.267573696145124289e-04 3.877551020408162574e-02 2.267573696145124289e-04 8.639455782312922827e-02 2.267573696145124289e-04 8.866213151927435088e-02 2.267573696145124289e-04 3.877551020408162574e-02 4.761904761904760600e-03 3.650793650793650313e-02 3.650793650793650313e-02 3.424036281179137359e-02 2.267573696145124289e-04 1.383219954648525624e-02 2.494331065759636690e-03 2.267573696145124289e-04 2.267573696145124289e-04 9.297052154195007551e-03 2.267573696145124289e-04
1.317523056653491329e-04 1.317523056653491329e-04 1.317523056653491329e-04 2.386034255599472631e-01 5.283267457180500226e-02 1.317523056653491329e-04 1.200263504611330384e-01 1.463768115942028769e-01 1.160737812911725730e-01 4.097496706192357840e-02 1.449275362318840380e-03 1.317523056653491329e-04 1.317523056653491329e-04 1.317523056653491329e-04 1.317523056653491329e-04 1.094861660079051169e-01 1.317523056653491329e-04 1.317523056653491329e-04 1.317523056653491329e-04 7.127799736495388228e-02 1.317523056653491329e-04 5.678524374176547457e-02 1.317523056653491329e-04 2.516469038208168571e-02 2.766798418972331655e-03 6.719367588932804829e-03 1.317523056653491329e-04 9.354413702239787812e-03 1.317523056653491329e-04 1.317523056653491329e-04
2.747252747252746708e-04 2.747252747252746708e-04 2.747252747252746708e-04 4.837912087912086267e-01 2.747252747252746708e-04 1.458791208791208327e-01 3.598901098901097911e-02 7.445054945054943585e-02 2.747252747252746708e-04 2.747252747252746708e-04 1.950549450549449865e-02 2.747252747252746708e-04 2.774725274725273888e-02 2.747252747252746708e-04 2.747252747252746708e-04 8.543956043956041357e-02 5.521978021978020401e-02 2.747252747252746708e-04 2.747252747252746708e-04 2.747252747252746708e-04 3.598901098901097911e-02 2.747252747252746708e-04 1.401098901098900631e-02 5.769230769230767816e-03 5.769230769230767816e-03 2.747252747252746708e-04 2.747252747252746708e-04 2.747252747252746708e-04 2.747252747252746708e-04 5.769230769230767816e-03
2.518891687657430121e-04 2.518891687657430121e-04 9.345088161209065547e-02 5.166246851385388750e-01 2.518891687657430121e-04 8.085642317380350996e-02 2.518891687657430121e-04 2.518891687657430121e-04 2.518891687657430121e-04 2.518891687657430121e-04 2.518891687657430121e-04 2.770780856423173295e-03 2.518891687657430121e-04 2.518891687657430121e-04 1.161209068010075202e-01 2.518891687657430121e-04 1.536523929471032140e-02 1.032745591939546181e-02 5.289672544080603091e-03 2.518891687657430121e-04 1.284634760705289161e-02 2.518891687657430121e-04 1.236775818639798130e-01 2.518891687657430121e-04 7.808564231738032886e-03 2.518891687657430121e-04 2.770780856423173295e-03 5.289672544080603091e-03 2.518891687657430121e-04 2.770780856423173295e-03
2.641633728590250807e-02 6.587615283267458000e-05 1.166666666666666824e-01 6.587615283267458000e-05 3.761528326745718770e-02 6.587615283267458000e-05 5.935441370223979579e-02 6.001317523056654002e-02 3.300395256916996423e-02 3.168642951251647577e-02 6.587615283267458000e-05 5.144927536231884424e-02 2.700922266139657753e-03 6.587615283267458000e-05 6.587615283267458000e-05 6.587615283267458000e-05 1.192358366271410036e-02 1.389986824769433825e-02 6.587615283267458000e-05 6.587615283267458000e-05 4.018445322793149678e-03 6.587615283267458000e-05 7.971014492753624586e-03 5.276679841897233963e-02 6.587615283267458000e-05 3.234519104084322000e-02 7.246376811594204071e-04 4.559288537549407994e-01 7.246376811594204071e-04 6.587615283267458000e-05
5.118397085610199709e-02 1.821493624772313024e-04 4.936247723132967946e-02 3.353369763205827914e-01 1.821493624772313024e-04 1.131147540983606370e-01 1.821493624772313024e-04 1.821493624772313024e-04 1.821493624772313024e-04 1.821493624772313024e-04 1.821493624772313024e-04 7.304189435336974623e-02 1.821493624772313024e-04 1.293260473588342049e-02 1.768670309653915806e-01 1.657559198542804535e-02 1.422586520947176358e-01 1.821493624772313024e-04 1.821493624772313024e-04 1.821493624772313024e-04 1.821493624772313024e-04 1.821493624772313024e-04 1.821493624772313024e-04 1.821493624772313024e-04 1.821493624772313024e-04 2.568306010928961269e-02 1.821493624772313024e-04 1.821493624772313024e-04 1.821493624772313024e-04 1.821493624772313024e-04
2.298850574712643321e-04 2.298850574712643321e-04 7.126436781609193916e-03 4.827586206896550269e-03 2.298850574712643321e-04 2.298850574712643321e-04 8.758620689655170766e-02 5.080459770114941626e-02 2.232183908045976273e-01 2.298850574712643321e-04 2.298850574712643321e-04 9.218390804597699495e-02 2.298850574712643321e-04 2.298850574712643321e-04 3.701149425287355438e-02 7.609195402298848943e-02 2.298850574712643321e-04 2.298850574712643321e-04 7.149425287356320213e-02 2.298850574712643321e-04 2.298850574712643321e-04 2.298850574712643321e-04 4.827586206896550269e-03 2.298850574712643321e-04 2.298850574712643321e-04 7.126436781609193916e-03 2.668965517241378427e-01 2.321839080459769597e-02 2.298850574712643321e-04 4.390804597701148532e-02
1.190476190476190475e-04 1.190476190476190475e-04 4.178571428571428714e-02 2.798809523809523969e-01 2.750000000000000014e-02 1.202380952380952342e-02 1.275000000000000022e-01 6.559523809523809534e-02 1.190476190476190475e-04 1.190476190476190475e-04 9.642857142857142252e-03 1.190476190476190475e-04 1.048809523809523803e-01 1.190476190476190475e-04 3.702380952380952828e-02 1.190476190476190475e-04 5.250000000000000500e-02 1.190476190476190475e-04 1.190476190476190475e-04 1.309523809523809685e-03 5.369047619047619124e-02 6.916666666666666796e-02 3.821428571428571452e-02 1.190476190476190475e-04 1.190476190476190475e-04 8.452380952380952536e-03 1.190476190476190475e-04 6.071428571428571369e-03 1.190476190476190475e-04 6.321428571428572285e-02
1.763668430335096850e-04 1.763668430335096850e-04 1.252204585537918489e-02 4.199294532627865228e-01 1.763668430335096850e-04 2.029982363315696037e-01 1.252204585537918489e-02 1.604938271604938044e-02 7.231040564373895918e-03 1.763668430335096850e-04 1.763668430335096850e-04 1.763668430335096850e-04 1.940035273368606508e-03 1.763668430335096850e-04 9.894179894179892798e-02 1.763668430335096850e-04 1.536155202821869181e-01 1.763668430335096850e-04 1.763668430335096850e-04 1.763668430335096850e-04 7.231040564373895918e-03 1.763668430335096850e-04 5.837742504409169919e-02 1.763668430335096850e-04 1.763668430335096850e-04 1.763668430335096850e-04 1.763668430335096850e-04 5.467372134038799882e-03 1.763668430335096850e-04 1.763668430335096850e-04
5.694716242661446853e-02 1.956947162426614264e-04 1.956947162426614264e-04 3.191780821917807320e-01 1.956947162426614264e-04 3.542074363992171737e-02 1.976516634050880239e-02 1.956947162426614264e-04 8.023483365949116153e-03 2.152641878669275637e-03 1.956947162426614264e-04 5.499021526418785416e-02 6.066536203522503515e-03 2.152641878669275637e-03 2.428571428571427993e-01 3.542074363992171737e-02 3.737769080234833174e-02 5.499021526418785416e-02 1.956947162426614264e-04 1.956947162426614264e-04 4.911937377690801798e-02 1.956947162426614264e-04 1.956947162426614264e-04 1.956947162426614264e-04 1.956947162426614264e-04 3.933463796477494612e-02 1.193737769080234490e-02 2.172211350293541676e-02 1.956947162426614264e-04 1.956947162426614264e-04
5.076142131979696770e-04 5.076142131979696770e-04 5.126903553299493738e-02 5.076142131979696770e-04 1.065989847715736322e-02 5.076142131979696770e-04 5.583756345177667314e-03 1.121827411167513056e-01 5.634517766497463415e-02 5.076142131979696770e-04 5.076142131979696770e-04 5.076142131979696770e-04 5.076142131979696770e-04 5.076142131979696770e-04 5.634517766497463415e-02 5.076142131979696770e-04 5.081218274111676259e-01 1.065989847715736322e-02 5.076142131979696770e-04 6.142131979695433092e-02 5.076142131979696770e-04 5.076142131979696770e-04 1.121827411167513056e-01 5.076142131979696770e-04 5.076142131979696770e-04 5.076142131979696770e-04 5.583756345177667314e-03 5.076142131979696770e-04 5.076142131979696770e-04 5.076142131979696770e-04
1.533742331288343106e-04 1.088957055214723538e-02 2.009202453987729217e-02 4.832822085889569297e-01 7.822085889570548622e-03 1.533742331288343106e-04 1.366564417177913437e-01 9.355828220858892000e-03 7.822085889570548622e-03 1.533742331288343106e-04 1.533742331288343106e-04 1.533742331288343106e-04 3.849693251533740923e-02 1.533742331288343106e-04 1.533742331288343106e-04 1.075153374233128317e-01 1.687116564417177498e-03 2.622699386503066915e-02 2.162576687116563728e-02 1.533742331288343106e-04 2.622699386503066915e-02 1.533742331288343106e-04 9.984662576687111657e-02 1.533742331288343106e-04 1.533742331288343106e-04 1.533742331288343106e-04 1.533742331288343106e-04 1.533742331288343106e-04 1.533742331288343106e-04 1.533742331288343106e-04
5.530410183875528879e-02 1.414427157001414096e-04 4.384724186704383291e-03 2.448373408769447535e-01 4.681753889674680758e-02 1.414427157001414096e-04 1.896746817538896013e-01 7.934936350777932468e-02 1.414427157001414096e-04 1.414427157001414096e-04 1.428571428571428006e-02 1.414427157001414096e-04 1.882602545968881935e-01 1.414427157001414096e-04 5.671852899575670348e-02 1.414427157001414096e-04 6.096181046676094756e-02 4.540311173974539288e-02 1.555869872701555424e-03 1.414427157001414096e-04 8.628005657708624765e-03 1.414427157001414096e-04 1.414427157001414096e-04 1.555869872701555424e-03 1.414427157001414096e-04 1.414427157001414096e-04 1.414427157001414096e-04 1.414427157001414096e-04 1.414427157001414096e-04 1.414427157001414096e-04
3.793103448275860802e-03 3.793103448275860802e-03 3.793103448275860802e-03 3.796551724137929296e-01 3.448275862068964168e-04 3.448275862068964168e-04 1.934482758620688914e-01 3.448275862068964168e-04 3.448275862068964168e-04 3.448275862068964168e-04 4.862068965517239022e-02 1.758620689655171487e-02 6.586206896551721757e-02 2.103448275862068034e-02 3.448275862068964168e-04 1.037931034482758308e-01 5.896551724137929357e-02 3.448275862068964168e-04 3.448275862068964168e-04 3.448275862068964168e-04 7.241379310344825404e-03 3.448275862068964168e-04 2.793103448275860781e-02 4.172413793103446622e-02 3.793103448275860802e-03 3.793103448275860802e-03 3.448275862068964168e-04 1.068965517241378914e-02 3.448275862068964168e-04 3.448275862068964168e-04
4.661921708185051694e-02 6.797153024911030406e-02 3.558718861209963038e-04 1.711743772241992312e-01 3.558718861209963038e-04 1.814946619217081003e-02 2.459074733096084098e-01 3.558718861209963038e-04 3.558718861209963038e-04 5.729537366548041050e-02 3.558718861209963038e-04 7.473309608540922543e-03 1.213523131672597372e-01 3.558718861209963038e-04 3.558718861209963038e-04 3.558718861209963038e-04 1.498220640569394579e-01 7.473309608540922543e-03 3.558718861209963038e-04 3.558718861209963038e-04 6.797153024911030406e-02 3.558718861209963038e-04 3.914590747330959179e-03 3.914590747330959179e-03 2.170818505338077339e-02 3.914590747330959179e-03 3.558718861209963038e-04 3.558718861209963038e-04 3.558718861209963038e-04 3.558718861209963038e-04
4.065040650406505146e-04 2.073170731707317527e-02 5.613821138211383399e-01 4.065040650406505146e-04 8.536585365853660914e-03 4.065040650406505146e-04 2.073170731707317527e-02 4.065040650406505146e-04 2.073170731707317527e-02 4.065040650406505146e-04 4.065040650406505146e-04 1.182926829268293040e-01 4.065040650406505146e-04 2.479674796747968063e-02 2.479674796747968063e-02 4.065040650406505146e-04 4.065040650406505146e-04 4.065040650406505146e-04 4.065040650406505146e-04 4.065040650406505146e-04 1.630081300813008560e-01 4.065040650406505146e-04 4.065040650406505146e-04 4.471544715447155552e-03 4.065040650406505146e-04 1.666666666666666990e-02 4.065040650406505146e-04 4.065040650406505146e-04 8.536585365853660914e-03 4.065040650406505146e-04
2.197802197802197258e-04 1.079120879120878951e-01 2.197802197802197258e-04 3.538461538461537548e-02 2.417582417582417147e-03 1.079120879120878951e-01 2.659340659340658428e-02 1.276923076923076605e-01 4.857142857142856401e-02 2.947252747252746552e-01 1.120879120879120575e-02 2.197802197802197258e-04 4.417582417582417015e-02 3.978021978021977628e-02 2.197802197802197258e-04 2.197802197802197258e-04 7.274725274725273028e-02 1.999999999999999348e-02 2.417582417582417147e-03 1.560439560439559961e-02 2.197802197802197258e-04 9.010989010989008813e-03 2.219780219780219041e-02 4.615384615384614080e-03 2.197802197802197258e-04 2.197802197802197258e-04 2.197802197802197258e-04 2.197802197802197258e-04 2.417582417582417147e-03 2.417582417582417147e-03
6.745454545454544759e-02 1.056363636363636116e-01 1.472727272727272427e-02 1.929090909090908634e-01 1.818181818181817801e-04 4.927272727272726666e-02 6.927272727272726360e-02 1.818181818181817801e-04 9.272727272727271028e-03 4.563636363636362769e-02 1.818181818181817801e-04 4.018181818181817272e-02 5.654545454545453764e-02 1.818181818181817801e-04 1.110909090909090735e-01 1.818181818181817801e-04 1.329090909090908657e-01 5.636363636363635535e-03 4.199999999999999567e-02 1.109090909090908877e-02 1.818181818181817801e-04 1.818181818181817801e-04 4.018181818181817272e-02 1.999999999999999608e-03 1.999999999999999608e-03 1.818181818181817801e-04 1.818181818181817801e-04 1.818181818181817801e-04 1.818181818181817801e-04 1.818181818181817801e-04
2.474437627811859608e-02 4.294478527607359722e-03 2.044989775051123961e-04 5.891615541922288202e-01 2.044989775051123961e-04 5.746421267893658119e-02 4.314928425357871661e-02 2.883435582822084509e-02 2.044989775051123961e-04 1.042944785276072976e-02 2.044989775051123961e-04 4.294478527607359722e-03 2.044989775051123961e-04 2.044989775051123961e-04 2.044989775051123961e-04 6.768916155419220371e-02 7.586912065439670172e-02 2.044989775051123961e-04 2.044989775051123961e-04 2.044989775051123961e-04 4.294478527607359722e-03 2.044989775051123961e-04 7.995910020449893685e-02 2.044989775051123961e-04 2.044989775051123961e-04 2.044989775051123961e-04 2.044989775051123961e-04 6.339468302658484225e-03 2.044989775051123961e-04 2.044989775051123961e-04
6.313645621181261484e-03 8.981670061099794600e-02 2.260692464358451600e-02 2.036659877800406869e-04 2.260692464358451600e-02 2.036659877800406869e-04 1.366598778004072812e-01 2.668024439918532942e-02 2.240325865580447637e-03 4.704684317718939995e-02 2.036659877800406869e-04 1.020366598778003897e-01 2.260692464358451600e-02 2.036659877800406869e-04 5.519348268839102678e-02 2.036659877800406869e-04 2.036659877800406869e-04 2.036659877800406869e-04 8.350305498981667324e-03 2.853360488798369898e-01 2.057026476578410756e-02 2.036659877800406869e-04 2.464358452138492098e-02 2.057026476578410756e-02 2.036659877800406869e-04 2.036659877800406869e-04 2.036659877800406869e-04 8.574338085539713605e-02 2.036659877800406869e-04 1.853360488798370259e-02
7.416904083570748096e-02 5.137701804368469821e-02 2.858499525166191199e-02 3.191832858499524805e-01 1.908831908831908411e-02 5.422602089268754866e-02 2.943969610636276626e-03 9.496676163342828044e-05 1.044634377967711180e-03 9.496676163342828044e-05 1.994301994301994011e-03 8.641975308641972747e-03 3.048433048433047896e-02 1.433998100664767017e-02 1.406457739791072692e-01 5.422602089268754866e-02 3.903133903133902682e-02 9.496676163342828044e-05 4.188034188034187033e-02 9.496676163342828044e-05 1.623931623931623713e-02 9.496676163342828044e-05 9.496676163342828044e-05 7.692307692307690133e-03 9.496676163342828044e-05 1.044634377967711180e-03 2.383665716999049805e-02 2.478632478632478153e-02 9.496676163342828044e-05 4.377967711301043729e-02
1.976284584980236858e-04 1.976284584980236858e-04 1.976284584980236858e-04 1.976284584980236858e-04 3.401185770750987380e-01 1.976284584980236858e-04 1.978260869565216795e-01 3.181818181818181490e-02 1.976284584980236858e-04 1.938735177865612003e-01 6.126482213438733636e-03 1.798418972332015489e-02 6.126482213438733636e-03 1.976284584980236858e-04 5.158102766798418337e-02 1.205533596837944296e-02 1.976284584980236858e-04 1.976284584980236858e-04 1.976284584980236858e-04 1.976284584980236858e-04 1.976284584980236858e-04 1.976284584980236858e-04 1.403162055335967912e-02 1.088932806324110492e-01 6.126482213438733636e-03 6.126482213438733636e-03 1.976284584980236858e-04 4.150197628458497483e-03 1.976284584980236858e-04 1.976284584980236858e-04
1.677839851024208462e-01 4.860335195530726682e-02 1.435754189944133952e-01 1.862197392923650111e-04 1.862197392923650111e-04 1.880819366852886504e-02 8.584729981378026731e-02 2.048417132216014905e-03 5.772811918063314694e-03 9.329608938547485908e-02 5.772811918063314694e-03 3.910614525139665017e-03 7.653631284916201372e-02 1.862197392923650111e-04 1.862197392923650111e-04 2.048417132216014905e-03 1.322160148975791427e-02 1.862197392923650111e-04 1.862197392923650111e-04 1.135940409683426459e-02 1.417132216014897472e-01 1.862197392923650111e-04 2.048417132216014905e-03 1.862197392923650111e-04 1.862197392923650111e-04 1.528864059590316349e-01 1.862197392923650111e-04 1.862197392923650111e-04 2.253258845437616439e-02 1.862197392923650111e-04
2.976190476190475375e-04 2.113095238095237180e-02 2.976190476190475375e-04 5.386904761904760808e-02 8.065476190476188190e-02 2.410714285714284782e-02 2.708333333333332385e-02 2.976190476190475375e-04 6.249999999999997745e-03 2.294642857142856207e-01 2.976190476190475375e-04 2.976190476190475375e-04 1.133928571428571147e-01 2.976190476190475375e-04 2.976190476190475375e-04 4.791666666666665603e-02 2.976190476190475375e-04 3.273809523809523021e-03 6.249999999999997745e-03 2.976190476190475375e-04 2.976190476190475375e-04 1.580357142857142239e-01 2.976190476190475375e-04 2.235119047619046617e-01 2.976190476190475375e-04 2.976190476190475375e-04 2.976190476190475375e-04 2.976190476190475375e-04 2.976190476190475375e-04 2.976190476190475375e-04
1.483754512635378220e-01 3.610108303249095650e-04 5.166064981949455293e-01 3.610108303249095650e-04 3.610108303249095650e-04 3.610108303249095650e-04 1.194945848375450620e-01 3.610108303249095650e-04 1.480144404332128967e-02 5.812274368231044180e-02 3.610108303249095650e-04 3.610108303249095650e-04 7.581227436823100539e-03 3.610108303249095650e-04 3.610108303249095650e-04 3.610108303249095650e-04 1.014440433212995818e-01 3.610108303249095650e-04 3.610108303249095650e-04 3.610108303249095650e-04 3.610108303249095650e-04 3.610108303249095650e-04 2.563176895306857467e-02 3.610108303249095650e-04 3.610108303249095650e-04 3.610108303249095650e-04 3.610108303249095650e-04 3.610108303249095650e-04 3.610108303249095650e-04 3.610108303249095650e-04
1.432664756446991577e-04 1.575931232091690734e-03 1.432664756446991577e-04 1.777936962750716332e-01 1.432664756446991577e-04 7.177650429799427301e-02 9.183381088825214034e-02 1.921203438395415464e-01 3.008595988538682094e-03 2.879656160458453004e-02 1.432664756446991577e-04 1.432664756446991577e-04 1.432664756446991577e-04 1.575931232091690734e-03 1.017191977077363911e-02 1.432664756446991577e-04 3.511461318051575797e-01 1.432664756446991577e-04 8.739255014326647100e-03 1.432664756446991577e-04 1.432664756446991577e-04 1.432664756446991577e-04 1.432664756446991577e-04 3.022922636103152205e-02 1.432664756446991577e-04 2.163323782234956999e-02 1.432664756446991577e-04 7.306590257879655957e-03 1.432664756446991577e-04 1.432664756446991577e-04
4.081632653061224641e-04 4.081632653061224641e-04 4.081632653061224641e-04 1.673469387755101984e-02 1.881632653061224569e-01 4.081632653061224641e-04 4.081632653061224641e-04 4.081632653061224641e-04 4.081632653061224641e-04 4.081632653061224641e-04 4.081632653061224641e-04 4.081632653061224641e-04 4.530612244897959384e-02 4.081632653061224641e-04 9.020408163265306034e-02 1.265306122448979671e-02 4.081632653061224641e-04 4.081632653061224641e-04 4.081632653061224641e-04 4.081632653061224641e-04 2.081632653061224469e-02 4.081632653061224641e-04 4.081632653061224641e-04 3.714285714285714413e-02 8.571428571428571855e-03 1.065306122448979598e-01 1.555102040816326581e-01 1.265306122448979671e-02 1.265306122448979671e-02 2.861224489795918258e-01
2.373188405797100817e-02 2.192028985507245981e-02 1.811594202898550476e-04 3.788043478260868513e-01 5.271739130434782011e-02 9.438405797101447059e-02 1.811594202898550476e-04 1.811594202898550476e-04 1.811594202898550476e-04 1.811594202898550476e-04 1.811594202898550476e-04 1.811594202898550476e-04 1.811594202898550476e-04 9.239130434782605664e-03 7.083333333333331761e-02 5.615942028985506339e-03 1.811594202898550476e-04 5.615942028985506339e-03 7.626811594202896616e-02 9.239130434782605664e-03 2.192028985507245981e-02 1.811594202898550476e-04 5.634057971014491684e-02 1.811594202898550476e-04 1.811594202898550476e-04 1.829710144927535961e-02 7.807971014492752493e-02 1.811594202898550476e-04 1.811594202898550476e-04 7.445652173913042127e-02
1.153846153846153910e-02 5.494505494505494501e-04 5.494505494505494501e-04 4.450549450549450697e-02 6.098901098901098744e-02 5.494505494505494501e-04 1.708791208791208827e-01 5.494505494505494501e-04 5.494505494505494501e-04 5.494505494505494501e-04 1.153846153846153910e-02 5.494505494505494501e-04 7.747252747252747485e-02 5.494505494505494501e-04 2.802197802197801957e-02 5.494505494505494501e-04 6.043956043956044168e-03 5.494505494505494501e-04 5.494505494505494501e-04 5.494505494505494501e-04 5.494505494505494501e-04 5.494505494505494501e-04 6.648351648351648324e-02 2.093406593406593463e-01 5.494505494505494501e-04 3.027472527472527819e-01 5.494505494505494501e-04 5.494505494505494501e-04 5.494505494505494501e-04 5.494505494505494501e-04
1.198645598194130607e-01 4.762979683972910772e-02 1.151241534988712949e-02 1.582392776523701416e-01 2.257336343115123748e-04 7.246049661399546482e-02 4.988713318284423298e-02 2.257336343115123748e-04 2.257336343115123748e-04 2.257336343115123748e-04 2.279909706546274714e-02 4.988713318284423298e-02 2.257336343115123748e-04 1.376975169300225302e-02 1.266365688487584296e-01 2.214446952595936213e-01 7.246049661399546482e-02 2.257336343115123748e-04 2.257336343115123748e-04 2.257336343115123748e-04 2.257336343115123748e-04 2.257336343115123748e-04 2.279909706546274714e-02 2.257336343115123748e-04 2.257336343115123748e-04 6.997742663656883293e-03 2.257336343115123748e-04 2.257336343115123748e-04 2.257336343115123748e-04 2.257336343115123748e-04
1.930722891566264143e-01 6.957831325301203074e-02 9.969879518072286007e-02 3.012048192771083518e-04 1.147590361445782747e-01 3.012048192771083518e-04 3.195783132530119475e-01 3.012048192771083518e-04 3.012048192771083518e-04 3.313253012048191816e-03 3.012048192771083518e-04 6.325301204819275443e-03 3.012048192771083518e-04 3.012048192771083518e-04 3.012048192771083518e-04 1.837349397590360561e-02 6.325301204819275443e-03 3.012048192771083518e-04 3.012048192771083518e-04 3.012048192771083518e-04 1.177710843373493549e-01 3.012048192771083518e-04 6.325301204819275443e-03 3.012048192771083518e-04 3.012048192771083518e-04 2.439759036144577287e-02 3.012048192771083518e-04 3.313253012048191816e-03 3.012048192771083518e-04 1.234939759036144009e-02
7.850637522768669219e-02 7.468123861566482342e-03 4.389799635701274738e-02 5.664845173041893611e-02 1.404371584699453113e-01 1.821493624772313024e-04 2.005464480874316335e-01 9.289617486338795638e-03 1.821493624772313024e-04 1.821493624772313024e-04 1.821493624772313024e-04 9.289617486338795638e-03 1.987249544626593367e-01 4.207650273224042975e-02 4.207650273224042975e-02 8.397085610200362427e-02 1.821493624772313024e-04 1.821493624772313024e-04 3.825136612021857486e-03 1.821493624772313024e-04 9.289617486338795638e-03 1.821493624772313024e-04 1.821493624772313024e-04 7.122040072859743554e-02 1.821493624772313024e-04 1.821493624772313024e-04 1.821493624772313024e-04 1.821493624772313024e-04 1.821493624772313024e-04 1.821493624772313024e-04
5.019157088122604138e-02 3.831417624521072382e-04 3.831417624521072382e-04 3.567049808429118007e-01 3.831417624521072382e-04 3.831417624521072382e-04 3.831417624521072382e-04 3.831417624521072382e-04 3.831417624521072382e-04 5.019157088122604138e-02 5.402298850574711181e-02 6.551724137931033698e-02 9.999999999999997780e-02 1.570881226053639362e-02 4.214559386973179729e-03 5.785440613026818224e-02 1.187739463601532319e-02 1.187739463601532319e-02 7.318007662835247784e-02 3.831417624521072382e-04 3.831417624521072382e-04 3.831417624521072382e-04 3.831417624521072382e-04 3.831417624521072382e-04 3.831417624521072382e-04 9.616858237547891430e-02 4.636015325670497095e-02 3.831417624521072382e-04 3.831417624521072382e-04 3.831417624521072382e-04
2.288329519450801029e-04 9.382151029748283730e-03 2.288329519450801029e-04 7.093821510297483243e-03 5.514874141876430214e-02 2.288329519450801029e-04 5.743707093821510956e-02 2.288329519450801029e-04 2.288329519450801029e-04 2.288329519450801029e-04 2.288329519450801029e-04 4.599542334096110019e-02 2.288329519450801029e-04 2.288329519450801029e-04 7.116704805491991248e-02 2.288329519450801029e-04 2.288329519450801029e-04 2.288329519450801029e-04 2.288329519450801029e-04 2.288329519450801029e-04 2.288329519450801029e-04 2.517162471395881403e-03 4.828375286041190068e-02 1.146453089244851287e-01 2.288329519450801029e-04 2.288329519450801029e-04 3.226544622425629033e-02 4.805491990846681889e-03 1.398169336384439410e-01 4.075514874141876187e-01
2.754820936639118751e-04 2.506887052341597727e-02 2.754820936639118751e-04 1.765840220385674897e-01 2.754820936639118751e-04 2.754820936639118751e-04 1.214876033057851329e-01 2.754820936639118751e-04 8.539944903581267802e-03 2.754820936639118751e-04 2.754820936639118751e-04 1.680440771349862167e-02 6.088154269972452515e-02 2.754820936639118751e-04 5.785123966942149268e-03 1.573002754820936600e-01 2.754820936639118751e-04 2.754820936639118751e-04 2.754820936639118751e-04 9.118457300275482902e-02 2.754820936639118751e-04 2.754820936639118751e-04 2.754820936639118751e-04 2.506887052341597727e-02 2.754820936639118751e-04 2.754820936639118751e-04 2.922865013774104681e-01 2.754820936639118751e-04 1.404958677685950313e-02 2.754820936639118751e-04
4.504504504504505116e-04 4.504504504504505116e-04 4.504504504504505116e-04 4.504504504504505116e-04 2.297297297297297425e-02 4.504504504504505116e-04 1.130630630630630878e-01 4.504504504504505116e-04 4.099099099099099558e-02 1.396396396396396532e-02 4.504504504504505116e-04 4.504504504504505116e-04 4.504504504504505116e-04 4.504504504504505116e-04 1.355855855855856162e-01 4.504504504504505116e-04 4.504504504504505116e-04 4.504504504504505116e-04 4.504504504504505116e-04 4.504504504504505116e-04 4.504504504504505116e-04 4.504504504504505116e-04 4.504504504504505116e-04 9.459459459459461719e-03 1.846846846846847065e-02 4.504504504504505116e-04 4.504504504504505116e-04 4.504504504504505116e-04 9.054054054054055944e-02 5.454954954954955859e-01
