5.917159763313611714e-04 5.917159763313611714e-04 6.278106508875741509e-01 5.917159763313611714e-04 5.917159763313611714e-04 3.017751479289941530e-02 5.917159763313611714e-04 9.526627218934914654e-02 5.917159763313611714e-04 5.917159763313611714e-04 1.242603550295858471e-02 5.917159763313611714e-04 5.917159763313611714e-04 5.917159763313611714e-04 1.011834319526627585e-01 5.917159763313611714e-04 5.917159763313611714e-04 5.384615384615386302e-02 2.426035502958580337e-02 5.917159763313611714e-04 5.917159763313611714e-04 3.609467455621302723e-02 5.917159763313611714e-04 5.917159763313611714e-04 5.917159763313611714e-04 5.917159763313611714e-04 5.917159763313611714e-04 5.917159763313611714e-04 6.508875739644972777e-03 5.917159763313611714e-04
4.330708661417324509e-03 4.763779527559056093e-02 4.330708661417324509e-03 1.263779527559055482e-01 4.763779527559056093e-02 3.937007874015749061e-04 3.937007874015749061e-04 2.401574803149606613e-02 3.074803149606299413e-01 3.937007874015749061e-04 3.188976377952756208e-02 3.937007874015749061e-04 5.157480314960630891e-02 3.937007874015749061e-04 2.401574803149606613e-02 3.937007874015749061e-04 3.937007874015749061e-04 4.330708661417324509e-03 3.937007874015749061e-04 3.937007874015749061e-04 3.937007874015749061e-04 8.267716535433072486e-03 9.881889763779530544e-02 4.330708661417324509e-03 4.370078740157481295e-02 3.937007874015749061e-04 3.937007874015749061e-04 1.224409448818897933e-01 3.937007874015749061e-04 4.370078740157481295e-02
2.928571428571428992e-02 1.721428571428571808e-01 7.142857142857145019e-04 7.142857142857145019e-04 7.142857142857145019e-04 7.214285714285716133e-02 7.142857142857145019e-04 7.142857142857145019e-04 7.142857142857145019e-04 1.150000000000000328e-01 7.857142857142859413e-03 7.142857142857145019e-04 2.928571428571428992e-02 7.857142857142859413e-03 1.150000000000000328e-01 7.857142857142859413e-03 7.142857142857145019e-04 7.142857142857145019e-04 7.142857142857145019e-04 7.142857142857145019e-04 7.142857142857145019e-04 7.142857142857145019e-04 7.142857142857145019e-04 7.142857142857145019e-04 1.500000000000000291e-02 3.935714285714286831e-01 7.142857142857145019e-04 2.214285714285714815e-02 7.142857142857145019e-04 7.142857142857145019e-04
9.751773049645391135e-04 7.810283687943261888e-02 1.781914893617021420e-02 1.693262411347517746e-02 5.505319148936170526e-02 9.140070921985815611e-02 8.865248226950355208e-05 7.012411347517730209e-02 5.505319148936170526e-02 8.865248226950355208e-05 2.668439716312056773e-02 8.865248226950355208e-05 2.225177304964539096e-02 8.865248226950355208e-05 2.579787234042553445e-02 3.909574468085106475e-02 1.906914893617021323e-01 4.530141843971631499e-02 1.091312056737588632e-01 8.865248226950355208e-05 4.521276595744680438e-03 1.072695035460992895e-02 4.521276595744680438e-03 3.634751773049644998e-03 5.407801418439716311e-03 8.865248226950355208e-05 8.865248226950355208e-05 1.870567375886525094e-02 1.073581560283687897e-01 8.865248226950355208e-05
4.566210045662101396e-04 1.648401826484018617e-01 4.566210045662101396e-04 3.242009132420091422e-02 4.566210045662101396e-04 6.438356164383562952e-02 5.022831050228311264e-03 5.022831050228311264e-03 4.566210045662101396e-04 1.602739726027397615e-01 4.566210045662101396e-04 4.566210045662101396e-04 5.022831050228311264e-03 4.566210045662101396e-04 2.607305936073059938e-01 4.566210045662101396e-04 9.589041095890413202e-03 1.283105022831050324e-01 1.415525114155251341e-02 5.022831050228311264e-03 4.566210045662101396e-04 4.566210045662101396e-04 4.566210045662101396e-04 4.566210045662101396e-04 4.566210045662101396e-04 9.178082191780823074e-02 4.566210045662101396e-04 2.785388127853881401e-02 4.566210045662101396e-04 1.872146118721461361e-02
2.584745762711864944e-02 4.237288135593221842e-04 5.216101694915254994e-01 4.237288135593221842e-04 4.237288135593221842e-04 4.237288135593221842e-04 8.898305084745764676e-03 1.444915254237288671e-01 4.237288135593221842e-04 4.237288135593221842e-04 4.237288135593221842e-04 4.237288135593221842e-04 4.237288135593221842e-04 4.661016949152543484e-03 1.572033898305085220e-01 4.237288135593221842e-04 1.313559322033898587e-02 4.237288135593221842e-04 6.822033898305086830e-02 4.661016949152543484e-03 4.237288135593221842e-04 4.237288135593221842e-04 4.237288135593221842e-04 4.237288135593221842e-04 4.661016949152543484e-03 4.237288135593221842e-04 4.237288135593221842e-04 3.855932203389831475e-02 4.237288135593221842e-04 4.237288135593221842e-04
8.355855855855853775e-02 1.916666666666665964e-01 1.373873873873873372e-02 2.725225225225224451e-02 2.252252252252251745e-04 4.076576576576575878e-02 4.729729729729729125e-03 9.707207207207205202e-02 2.252252252252251745e-04 1.286036036036035668e-01 6.981981981981980057e-03 4.729729729729729125e-03 9.031531531531529489e-02 1.148648648648648192e-02 5.202702702702701604e-02 2.252252252252251745e-04 2.252252252252251745e-04 6.779279279279278037e-02 6.779279279279278037e-02 2.252252252252251745e-04 2.252252252252251745e-04 2.252252252252251745e-04 4.729729729729729125e-03 2.252252252252251745e-04 1.824324324324323732e-02 2.477477477477476892e-03 2.252252252252251745e-04 2.477477477477476892e-03 4.527027027027025891e-02 3.626126126126125171e-02
4.901960784313725422e-04 1.769607843137254999e-01 4.901960784313725422e-04 4.901960784313725422e-04 4.460784313725490308e-02 9.362745098039215730e-02 4.901960784313725422e-04 4.901960784313725422e-04 4.901960784313725422e-04 4.901960784313725422e-04 2.014705882352941235e-01 4.901960784313725422e-04 2.014705882352941235e-01 4.901960784313725422e-04 2.161764705882353033e-01 4.901960784313725422e-04 4.901960784313725422e-04 4.901960784313725422e-04 4.901960784313725422e-04 2.990196078431372334e-02 1.519607843137254881e-02 4.901960784313725422e-04 5.392156862745098832e-03 4.901960784313725422e-04 4.901960784313725422e-04 4.901960784313725422e-04 4.901960784313725422e-04 4.901960784313725422e-04 5.392156862745098832e-03 4.901960784313725422e-04
2.061855670103092343e-04 2.435051546391751864e-01 2.061855670103092343e-04 3.113402061855669381e-02 2.061855670103092343e-04 1.795876288659793152e-01 2.082474226804123182e-02 2.082474226804123182e-02 2.061855670103092343e-04 1.775257731958762297e-01 2.061855670103092343e-04 2.061855670103092343e-04 2.061855670103092343e-04 2.061855670103092343e-04 7.443298969072163762e-02 2.061855670103092343e-04 2.061855670103092343e-04 9.505154639175256159e-02 5.793814432989689844e-02 4.329896907216494381e-03 2.061855670103092343e-04 2.061855670103092343e-04 2.061855670103092343e-04 2.061855670103092343e-04 2.288659793814432422e-02 3.319587628865978968e-02 4.329896907216494381e-03 2.268041237113401550e-03 2.907216494845360141e-02 2.061855670103092343e-04
2.100840336134453365e-04 2.481092436974789150e-01 2.100840336134453365e-04 1.010504201680672010e-01 2.100840336134453365e-04 1.241596638655461937e-01 1.281512605042016417e-02 1.346638655462184531e-01 2.100840336134453365e-04 6.113445378151259602e-02 2.100840336134453365e-04 2.100840336134453365e-04 2.100840336134453365e-04 2.100840336134453365e-04 3.802521008403361019e-02 2.100840336134453365e-04 2.100840336134453365e-04 7.163865546218485536e-02 1.491596638655461743e-02 2.100840336134453365e-04 2.100840336134453365e-04 2.100840336134453365e-04 2.100840336134453365e-04 2.100840336134453365e-04 2.100840336134453365e-04 2.962184873949579023e-02 2.100840336134453365e-04 4.411764705882352013e-03 1.472689075630251587e-01 8.613445378151257659e-03
7.352941176470590302e-04 2.279411764705882928e-02 7.352941176470590302e-04 7.352941176470590302e-04 7.352941176470590302e-04 8.088235294117649549e-03 7.352941176470590302e-04 8.161764705882354476e-02 3.014705882352941568e-02 7.352941176470590302e-04 7.352941176470590302e-04 7.352941176470590302e-04 7.352941176470590302e-04 7.352941176470590302e-04 8.897058823529413463e-02 7.352941176470590302e-04 7.352941176470590302e-04 4.566176470588236280e-01 7.352941176470590302e-04 7.352941176470590302e-04 7.352941176470590302e-04 1.330882352941176738e-01 2.279411764705882928e-02 7.352941176470590302e-04 8.088235294117649549e-03 7.352941176470590302e-04 7.352941176470590302e-04 1.330882352941176738e-01 7.352941176470590302e-04 7.352941176470590302e-04
4.184100418410042674e-04 4.184100418410042674e-04 6.656903765690377339e-01 4.184100418410042674e-04 4.184100418410042674e-04 4.184100418410042674e-04 4.184100418410042674e-04 9.246861924686193557e-02 4.184100418410042674e-04 2.133891213389121563e-02 4.184100418410042674e-04 4.184100418410042674e-04 7.991631799163181893e-02 4.184100418410042674e-04 1.092050209205021050e-01 4.184100418410042674e-04 4.184100418410042674e-04 4.184100418410042674e-04 4.184100418410042674e-04 4.184100418410042674e-04 4.184100418410042674e-04 4.184100418410042674e-04 4.184100418410042674e-04 4.602510460251047104e-03 4.184100418410042674e-04 4.184100418410042674e-04 1.715481171548117328e-02 4.184100418410042674e-04 4.184100418410042674e-04 4.184100418410042674e-04
5.617977528089888135e-04 1.741573033707865051e-02 5.617977528089888135e-04 1.803370786516854118e-01 6.179775280898877274e-03 1.741573033707865051e-02 5.617977528089888135e-04 9.044943820224719822e-02 1.741573033707865051e-02 3.988764044943819698e-02 3.151685393258427115e-01 1.741573033707865051e-02 5.617977528089888135e-04 5.617977528089888135e-04 5.617977528089888135e-04 3.426966292134830949e-02 5.674157303370786637e-02 5.617977528089888135e-04 1.185393258426966356e-01 6.179775280898877274e-03 5.617977528089888135e-04 5.617977528089888135e-04 1.179775280898876476e-02 1.741573033707865051e-02 3.988764044943819698e-02 5.617977528089888135e-04 5.617977528089888135e-04 5.617977528089888135e-04 6.179775280898877274e-03 5.617977528089888135e-04
3.802281368821293622e-04 3.802281368821293622e-04 5.669201520912549030e-01 1.178707224334601088e-02 3.802281368821293622e-04 1.939163498098859725e-02 4.182509505703423634e-03 1.144486692015209417e-01 3.802281368821293622e-04 4.182509505703423634e-03 1.939163498098859725e-02 3.802281368821293622e-04 3.802281368821293622e-04 2.319391634980989131e-02 8.403041825095058925e-02 3.802281368821293622e-04 4.980988593155894623e-02 3.802281368821293622e-04 3.802281368821293622e-04 1.558935361216730320e-02 3.802281368821293622e-04 3.802281368821293622e-04 3.802281368821293622e-04 4.182509505703423634e-03 3.802281368821293622e-04 3.802281368821293622e-04 3.802281368821293622e-04 3.460076045627377000e-02 3.802281368821293622e-04 4.220532319391635812e-02
2.298850574712643321e-04 2.298850574712643321e-04 4.163218390804596658e-01 2.298850574712643321e-04 2.298850574712643321e-04 4.160919540229884167e-02 2.298850574712643321e-04 1.082758620689654866e-01 2.781609195402297979e-02 8.068965517241377672e-02 4.827586206896550269e-03 2.298850574712643321e-04 2.321839080459769597e-02 9.425287356321835827e-03 1.726436781609194948e-01 2.298850574712643321e-04 2.298850574712643321e-04 2.298850574712643321e-04 2.528735632183907490e-03 2.298850574712643321e-04 2.298850574712643321e-04 2.298850574712643321e-04 1.402298850574712138e-02 2.298850574712643321e-04 3.701149425287355438e-02 4.160919540229884167e-02 1.632183908045976503e-02 2.298850574712643321e-04 2.298850574712643321e-04 2.298850574712643321e-04
6.289308176100631871e-04 6.289308176100631871e-04 6.924528301886794246e-01 6.289308176100631871e-04 6.289308176100631871e-04 6.289308176100631871e-04 6.289308176100631871e-04 8.238993710691826233e-02 3.836477987421384878e-02 6.289308176100631871e-04 6.289308176100631871e-04 6.289308176100631871e-04 6.289308176100631871e-04 6.289308176100631871e-04 8.867924528301890374e-02 6.289308176100631871e-04 6.289308176100631871e-04 6.918238993710694625e-03 6.289308176100631871e-04 6.289308176100631871e-04 6.289308176100631871e-04 2.578616352201258677e-02 4.465408805031447631e-02 6.289308176100631871e-04 6.289308176100631871e-04 6.289308176100631871e-04 6.918238993710694625e-03 6.289308176100631871e-04 6.289308176100631871e-04 6.289308176100631871e-04
4.489795918367347864e-03 4.081632653061225183e-04 5.555102040816326525e-01 4.081632653061225183e-04 4.081632653061225183e-04 4.530612244897959384e-02 4.081632653061225183e-04 7.795918367346940658e-02 1.673469387755101984e-02 1.673469387755101984e-02 1.673469387755101984e-02 4.081632653061225183e-04 9.020408163265307422e-02 4.489795918367347864e-03 1.146938775510204234e-01 4.081632653061225183e-04 4.081632653061225183e-04 4.081632653061225183e-04 4.081632653061225183e-04 4.081632653061225183e-04 4.081632653061225183e-04 4.081632653061225183e-04 4.081632653061225183e-04 4.081632653061225183e-04 3.714285714285714413e-02 1.265306122448979845e-02 4.081632653061225183e-04 4.081632653061225183e-04 4.081632653061225183e-04 4.081632653061225183e-04
1.517094017094016214e-02 6.623931623931621215e-03 5.792735042735039919e-01 2.136752136752135937e-04 2.136752136752135937e-04 2.136752136752135937e-04 2.136752136752135937e-04 1.027777777777777318e-01 6.623931623931621215e-03 2.136752136752135937e-04 2.136752136752135937e-04 2.136752136752135937e-04 2.136752136752135937e-04 1.303418803418802778e-02 1.626068376068375287e-01 2.136752136752135937e-04 2.136752136752135937e-04 2.136752136752135937e-04 5.149572649572647237e-02 2.136752136752135937e-04 2.350427350427349450e-03 2.136752136752135937e-04 4.487179487179485116e-03 6.623931623931621215e-03 8.760683760683755580e-03 2.136752136752135937e-04 1.303418803418802778e-02 2.371794871794870654e-02 2.136752136752135937e-04 2.136752136752135937e-04
4.761904761904763527e-04 4.761904761904763527e-04 4.385714285714286675e-01 4.761904761904763527e-04 4.761904761904763527e-04 7.666666666666668850e-02 4.761904761904763527e-04 4.809523809523810756e-02 4.761904761904763527e-04 4.761904761904763527e-04 4.761904761904763527e-04 4.761904761904763527e-04 4.761904761904763527e-04 4.761904761904763527e-04 2.623809523809524369e-01 4.761904761904763527e-04 4.761904761904763527e-04 4.333333333333334175e-02 4.761904761904763527e-04 4.761904761904763527e-04 2.904761904761905475e-02 5.238095238095239609e-03 4.761904761904763527e-04 5.238095238095239609e-03 4.761904761904763527e-04 4.761904761904763527e-04 4.761904761904763527e-04 5.238095238095239609e-03 4.761904761904763527e-04 7.666666666666668850e-02
1.028037383177570450e-02 9.439252336448600289e-02 3.831775700934580281e-02 2.345794392523365135e-01 1.962616822429907176e-02 9.345794392523367041e-04 9.345794392523367041e-04 9.345794392523367041e-04 9.345794392523367041e-04 9.345794392523367041e-04 3.654205607476636586e-01 9.345794392523367041e-04 9.345794392523367041e-04 9.345794392523367041e-04 1.037383177570093684e-01 1.028037383177570450e-02 9.345794392523367041e-04 9.345794392523367041e-04 7.570093457943927184e-02 9.345794392523367041e-04 9.345794392523367041e-04 2.897196261682243729e-02 9.345794392523367041e-04 9.345794392523367041e-04 9.345794392523367041e-04 9.345794392523367041e-04 9.345794392523367041e-04 9.345794392523367041e-04 9.345794392523367041e-04 9.345794392523367041e-04
6.369426751592358526e-04 6.369426751592358526e-04 6.369426751592358526e-04 2.108280254777070428e-01 6.369426751592358526e-04 6.369426751592358526e-04 6.369426751592358526e-04 6.369426751592358526e-04 6.369426751592358526e-04 6.369426751592358526e-04 3.191082802547771102e-01 6.369426751592358526e-04 2.611464968152866356e-02 3.885350318471338105e-02 1.535031847133758454e-01 6.369426751592358526e-04 6.369426751592358526e-04 6.369426751592358526e-04 6.369426751592358526e-04 6.369426751592358526e-04 6.369426751592358526e-04 7.707006369426752657e-02 6.369426751592358526e-04 4.522292993630573632e-02 8.980891719745223711e-02 1.337579617834395128e-02 1.337579617834395128e-02 6.369426751592358526e-04 6.369426751592358526e-04 6.369426751592358526e-04
4.608294930875577117e-04 8.341013824884793704e-02 4.608294930875577117e-04 4.608294930875577117e-04 4.608294930875577117e-04 1.889400921658986390e-02 4.608294930875577117e-04 4.608294930875577117e-04 4.608294930875577117e-04 4.608294930875577117e-04 4.608294930875577117e-04 4.608294930875577117e-04 2.811059907834101423e-02 4.608294930875577117e-04 1.387096774193548598e-01 4.608294930875577117e-04 4.608294930875577117e-04 1.018433179723502446e-01 4.654377880184332184e-02 4.608294930875577117e-04 2.815668202764977646e-01 4.608294930875577117e-04 4.608294930875577117e-04 4.608294930875577117e-04 4.608294930875577117e-04 2.308755760368663978e-01 4.608294930875577117e-04 4.608294930875577117e-04 5.069124423963134937e-03 5.576036866359447564e-02
4.566210045662101938e-04 3.698630136986302136e-02 5.022831050228312132e-03 4.566210045662101938e-04 4.566210045662101938e-04 4.566210045662101938e-04 4.566210045662101938e-04 2.785388127853881748e-02 4.566210045662101938e-04 4.566210045662101938e-04 1.415525114155251514e-02 4.566210045662101938e-04 7.351598173515984380e-02 2.785388127853881748e-02 3.292237442922374968e-01 9.589041095890413202e-03 4.566210045662101938e-04 4.611872146118722177e-02 4.566210045662101938e-04 4.566210045662101938e-04 3.246575342465753966e-01 4.566210045662101938e-04 4.566210045662101938e-04 4.566210045662101938e-04 4.566210045662101938e-04 3.698630136986302136e-02 4.566210045662101938e-04 9.589041095890413202e-03 5.068493150684932891e-02 4.566210045662101938e-04
5.229299363057325900e-01 2.611464968152867050e-02 2.611464968152867050e-02 6.369426751592359610e-04 6.369426751592359610e-04 6.369426751592359610e-04 4.522292993630574326e-02 1.662420382165605837e-01 6.369426751592359610e-04 6.369426751592359610e-04 6.369426751592359610e-04 1.337579617834395475e-02 1.974522292993631176e-02 6.369426751592359610e-04 6.369426751592359610e-04 6.369426751592359610e-04 6.369426751592359610e-04 7.006369426751595138e-03 6.369426751592359610e-04 4.522292993630574326e-02 6.369426751592359610e-04 6.369426751592359610e-04 1.152866242038217137e-01 6.369426751592359610e-04 6.369426751592359610e-04 6.369426751592359610e-04 6.369426751592359610e-04 6.369426751592359610e-04 6.369426751592359610e-04 6.369426751592359610e-04
7.432432432432436314e-03 6.756756756756759300e-04 6.756756756756759300e-04 4.128378378378380065e-01 7.432432432432436314e-03 6.756756756756759300e-04 7.432432432432436314e-03 6.756756756756759300e-04 6.756756756756759300e-04 6.756756756756759300e-04 4.466216216216217783e-01 6.756756756756759300e-04 6.756756756756759300e-04 6.756756756756759300e-04 4.121621621621623238e-02 6.756756756756759300e-04 6.756756756756759300e-04 6.756756756756759300e-04 6.756756756756759300e-04 6.756756756756759300e-04 6.756756756756759300e-04 3.445945945945946831e-02 6.756756756756759300e-04 6.756756756756759300e-04 6.756756756756759300e-04 6.756756756756759300e-04 6.756756756756759300e-04 1.418918918918919518e-02 6.756756756756759300e-04 1.418918918918919518e-02
8.403361344537817797e-04 1.352941176470588702e-01 8.403361344537817797e-04 2.445378151260504951e-01 9.243697478991600228e-03 8.403361344537817797e-04 8.403361344537817797e-04 8.403361344537817797e-04 2.605042016806723496e-02 3.445378151260504451e-02 8.403361344537817797e-04 8.403361344537817797e-04 8.403361344537817797e-04 8.403361344537817797e-04 8.403361344537817797e-04 8.403361344537817797e-04 8.403361344537817797e-04 3.201680672268908401e-01 8.403361344537817797e-04 8.403361344537817797e-04 2.605042016806723496e-02 9.327731092436976346e-02 8.403361344537817797e-04 8.403361344537817797e-04 8.403361344537817797e-04 8.403361344537817797e-04 8.403361344537817797e-04 8.403361344537817797e-04 9.327731092436976346e-02 8.403361344537817797e-04
3.378378378378377482e-04 6.790540540540537795e-02 7.094594594594592386e-03 4.293918918918916972e-01 2.060810810810809884e-02 3.378378378378377482e-04 3.378378378378377482e-04 3.378378378378377482e-04 3.378378378378377482e-04 3.378378378378377482e-04 3.716216216216215121e-03 3.378378378378377482e-04 3.378378378378377482e-04 1.385135135135134518e-02 8.479729729729726384e-02 7.094594594594592386e-03 3.378378378378377482e-04 9.493243243243240648e-02 3.716216216216215121e-03 1.047297297297297008e-02 3.378378378378377482e-04 1.084459459459459069e-01 4.087837837837836330e-02 3.378378378378377482e-04 2.060810810810809884e-02 3.378378378378377482e-04 2.398648648648647741e-02 5.777027027027025613e-02 3.378378378378377482e-04 3.378378378378377482e-04
4.672897196261683521e-04 4.672897196261683521e-04 5.004672897196262848e-01 4.672897196261683521e-04 4.672897196261683521e-04 5.186915887850468421e-02 4.672897196261683521e-04 1.915887850467290140e-02 4.672897196261683521e-04 7.056074766355141525e-02 4.672897196261683521e-04 4.672897196261683521e-04 4.672897196261683521e-04 4.672897196261683521e-04 1.359813084112150017e-01 4.672897196261683521e-04 4.672897196261683521e-04 1.032710280373832085e-01 5.140186915887852252e-03 3.785046728971963592e-02 4.672897196261683521e-04 4.672897196261683521e-04 4.672897196261683521e-04 4.672897196261683521e-04 4.672897196261683521e-04 4.672897196261683521e-04 4.672897196261683521e-04 2.383177570093458417e-02 4.672897196261683521e-04 4.252336448598131868e-02
4.000000000000001276e-04 3.084000000000000630e-01 4.000000000000001276e-04 4.000000000000001276e-04 4.000000000000001276e-04 4.000000000000001276e-04 4.000000000000001276e-04 1.044000000000000344e-01 2.040000000000000493e-02 4.000000000000001276e-04 3.240000000000000518e-02 4.000000000000001276e-04 4.000000000000001276e-04 4.000000000000001276e-04 1.804000000000000603e-01 4.000000000000001276e-04 4.000000000000001276e-04 1.640000000000000138e-02 6.440000000000002667e-02 4.000000000000001276e-04 2.040000000000000493e-02 5.640000000000001262e-02 4.000000000000001276e-04 4.000000000000001276e-04 1.484000000000000319e-01 4.000000000000001276e-04 4.000000000000001276e-04 2.440000000000000502e-02 1.240000000000000303e-02 4.400000000000001132e-03
4.784688995215311685e-04 1.153110047846890168e-01 4.784688995215311685e-04 2.684210526315790046e-01 4.784688995215311685e-04 3.875598086124402292e-02 4.784688995215311685e-04 4.784688995215311685e-04 4.784688995215311685e-04 4.784688995215311685e-04 4.784688995215311685e-04 4.784688995215311685e-04 1.004784688995215454e-02 4.784688995215311685e-04 6.267942583732058481e-02 5.263157894736842854e-03 4.784688995215311685e-04 1.296650717703349553e-01 4.784688995215311685e-04 4.784688995215311685e-04 4.832535885167464629e-02 4.784688995215311685e-04 4.784688995215311685e-04 4.354066985645933113e-02 4.784688995215311685e-04 4.784688995215311685e-04 4.784688995215311685e-04 4.784688995215311685e-04 1.392344497607655718e-01 1.296650717703349553e-01
5.988023952095810482e-04 6.586826347305392397e-03 4.197604790419162679e-01 5.988023952095810482e-04 7.844311377245510863e-02 5.988023952095810482e-04 5.988023952095810482e-04 5.988023952095810482e-04 5.988023952095810482e-04 5.988023952095810482e-04 5.988023952095810482e-04 1.257485029940120201e-02 5.988023952095810482e-04 5.988023952095810482e-04 1.502994011976048483e-01 5.988023952095810482e-04 5.988023952095810482e-04 1.323353293413174203e-01 6.646706586826349461e-02 5.988023952095810482e-04 5.988023952095810482e-04 6.586826347305392397e-03 6.586826347305392397e-03 5.988023952095810482e-04 4.251497005988025268e-02 5.988023952095810482e-04 3.053892215568863172e-02 2.455089820359282124e-02 5.988023952095810482e-04 1.257485029940120201e-02
5.401785714285715218e-02 4.464285714285715773e-04 4.464285714285715773e-04 4.910714285714287350e-03 9.375000000000003123e-03 4.464285714285715773e-04 4.464285714285715773e-04 4.464285714285715773e-04 4.910714285714287350e-03 6.741071428571429602e-02 4.464285714285715773e-04 5.401785714285715218e-02 4.464285714285715773e-04 4.910714285714287350e-03 4.464285714285715773e-04 4.464285714285715773e-04 4.464285714285715773e-04 2.147321428571429269e-01 4.464285714285715773e-04 4.464285714285715773e-04 3.218750000000000777e-01 4.508928571428572757e-02 4.464285714285715773e-04 4.464285714285715773e-04 1.830357142857143293e-02 4.464285714285715773e-04 4.910714285714287350e-03 8.080357142857146069e-02 5.401785714285715218e-02 5.401785714285715218e-02
1.210653753026634115e-04 8.595641646489101187e-03 1.210653753026634115e-04 3.038740920096851678e-02 2.070217917675544472e-02 3.233656174334139655e-01 1.949152542372881158e-02 1.223970944309926978e-01 1.210653753026634115e-04 1.332929782082324099e-01 1.210653753026634115e-04 1.210653753026634115e-04 9.806295399515736061e-03 1.210653753026634115e-04 5.944309927360773294e-02 1.210653753026634115e-04 1.210653753026634115e-04 1.284503631961258774e-01 2.675544794188861389e-02 1.210653753026634115e-04 1.210653753026634115e-04 1.210653753026634115e-04 1.210653753026634115e-04 1.210653753026634115e-04 1.210653753026634115e-04 6.912832929782081193e-02 6.174334140435833174e-03 3.038740920096851678e-02 9.806295399515736061e-03 1.210653753026634115e-04
5.181347150259068201e-04 1.606217616580311175e-02 5.393782383419689630e-01 5.181347150259068201e-04 5.181347150259068201e-04 5.181347150259068201e-04 1.606217616580311175e-02 1.300518134715026308e-01 5.181347150259068201e-04 5.181347150259068201e-04 5.181347150259068201e-04 5.181347150259068201e-04 5.699481865284975780e-03 5.181347150259068201e-04 8.860103626943006960e-02 5.181347150259068201e-04 5.181347150259068201e-04 3.160621761658031353e-02 5.181347150259068201e-04 5.699481865284975780e-03 1.088082901554404333e-02 5.181347150259068201e-04 5.181347150259068201e-04 5.181347150259068201e-04 5.181347150259068201e-04 5.181347150259068201e-04 5.181347150259068201e-04 3.160621761658031353e-02 1.145077720207254152e-01 5.181347150259068201e-04
2.857142857142856273e-04 7.457142857142855241e-02 1.171428571428571007e-02 3.142857142857142117e-03 2.857142857142856273e-04 1.602857142857142259e-01 2.857142857142856273e-04 3.457142857142855852e-02 2.857142857142856273e-04 2.488571428571427491e-01 2.857142857142856273e-04 2.857142857142856273e-04 2.885714285714284510e-02 3.142857142857142117e-03 1.974285714285713422e-01 2.885714285714284510e-02 2.857142857142856273e-04 5.457142857142855547e-02 3.742857142857141522e-02 2.857142857142856273e-04 2.857142857142856273e-04 2.857142857142856273e-04 2.857142857142856273e-04 1.457142857142856504e-02 2.857142857142856273e-04 3.742857142857141522e-02 2.857142857142856273e-04 2.314285714285713516e-02 2.314285714285713516e-02 1.457142857142856504e-02
1.283697047496790557e-04 2.695763799743259789e-03 1.283697047496790557e-04 1.066752246469832716e-01 6.546854942233630917e-03 1.283697047496790557e-04 1.283697047496790557e-04 3.607188703465981361e-02 1.283697047496790557e-04 1.283697047496790557e-04 1.283697047496790557e-04 4.417201540436456186e-01 1.283697047496790557e-04 1.412066752246469558e-03 6.302952503209241497e-02 9.512195121951215471e-02 1.168164313222079184e-02 6.559691912708598416e-02 9.127086007702178705e-02 2.695763799743259789e-03 1.283697047496790557e-04 1.296534017971758164e-02 1.283697047496790557e-04 1.283697047496790557e-04 1.283697047496790557e-04 1.283697047496790557e-04 7.830551989730420714e-03 3.735558408215660514e-02 1.553273427471116297e-02 1.283697047496790557e-04
4.761904761904763527e-04 3.380952380952381708e-02 6.528571428571430246e-01 4.761904761904763527e-04 4.761904761904763527e-04 4.761904761904763527e-04 4.761904761904763527e-04 1.952380952380952661e-02 1.000000000000000368e-02 4.761904761904763527e-04 4.761904761904763527e-04 4.761904761904763527e-04 4.761904761904763527e-04 5.238095238095239609e-03 1.385714285714286231e-01 4.761904761904763527e-04 4.761904761904763527e-04 4.761904761904763527e-04 5.761904761904763222e-02 4.761904761904763527e-04 5.238095238095239609e-03 5.761904761904763222e-02 4.761904761904763527e-04 4.761904761904763527e-04 1.000000000000000368e-02 4.761904761904763527e-04 4.761904761904763527e-04 4.761904761904763527e-04 4.761904761904763527e-04 4.761904761904763527e-04
2.941176470588234494e-04 9.117647058823527204e-03 9.117647058823527204e-03 2.941176470588234494e-04 2.941176470588234494e-04 2.149999999999999134e-01 1.794117647058822776e-02 1.499999999999999424e-02 2.941176470588234494e-04 2.941176470588234494e-04 2.941176470588234494e-04 2.382352941176469827e-02 2.941176470588234494e-04 2.941176470588234494e-04 1.120588235294117246e-01 2.941176470588234494e-04 3.235294117647057998e-03 3.149999999999998912e-01 7.970588235294115420e-02 6.176470588235291950e-03 2.941176470588234494e-04 2.941176470588234494e-04 2.941176470588234494e-04 2.941176470588234494e-04 2.941176470588234494e-04 2.941176470588234494e-04 1.885294117647058065e-01 2.941176470588234494e-04 2.941176470588234494e-04 2.941176470588234494e-04
2.824858757062145907e-04 1.471751412429378181e-01 2.824858757062145907e-04 4.265536723163840249e-02 2.824858757062145907e-04 3.700564971751411220e-02 2.824858757062145907e-04 2.824858757062145907e-04 2.824858757062145907e-04 2.824858757062145907e-04 2.824858757062145907e-04 4.548022598870055111e-02 3.107344632768360877e-03 2.824858757062145907e-04 1.358757062146892236e-01 2.824858757062145907e-04 2.824858757062145907e-04 1.048022598870056166e-01 6.525423728813557755e-02 2.824858757062145907e-04 8.757062146892652041e-03 2.824858757062145907e-04 1.440677966101694407e-02 2.824858757062145907e-04 2.824858757062145907e-04 2.824858757062145907e-04 2.799435028248586366e-01 8.785310734463273874e-02 2.288135593220338299e-02 2.824858757062145907e-04
3.521126760563380470e-04 3.521126760563380470e-04 3.521126760563380470e-04 3.521126760563380470e-04 1.091549295774647994e-02 1.024647887323943685e-01 7.394366197183099149e-03 3.556338028169014204e-02 3.204225352112675951e-02 3.521126760563380470e-04 3.521126760563380470e-04 5.316901408450704081e-02 1.091549295774647994e-02 3.521126760563380470e-04 8.485915492957747663e-02 3.873239436619718788e-03 3.521126760563380470e-04 2.503521126760563376e-01 1.658450704225352124e-01 3.873239436619718788e-03 3.521126760563380470e-04 3.521126760563380470e-04 3.521126760563380470e-04 3.521126760563380470e-04 3.521126760563380470e-04 3.521126760563380470e-04 3.521126760563380470e-04 3.521126760563380470e-04 2.327464788732394041e-01 3.521126760563380470e-04
1.694214876033058037e-02 4.132231404958678668e-04 4.132231404958678668e-04 4.132231404958678668e-04 4.132231404958678668e-04 4.132231404958678668e-04 4.132231404958678668e-04 4.132231404958678668e-04 4.132231404958678668e-04 4.132231404958678668e-04 4.132231404958678668e-04 4.132231404958678668e-04 1.946280991735537813e-01 4.132231404958678668e-04 4.838842975206612551e-01 4.132231404958678668e-04 8.677685950413224769e-03 4.132231404958678668e-04 8.677685950413224769e-03 1.326446280991736004e-01 4.132231404958678668e-04 3.347107438016529851e-02 1.280991735537190430e-02 4.132231404958678668e-04 8.677685950413224769e-03 4.132231404958678668e-04 4.132231404958678668e-04 8.719008264462813074e-02 4.545454545454546968e-03 4.132231404958678668e-04
3.311258278145694277e-04 3.311258278145694277e-04 3.311258278145694277e-04 3.311258278145694277e-04 2.350993377483442601e-02 7.649006622516553444e-02 3.311258278145694277e-04 5.662251655629137181e-02 3.311258278145694277e-04 1.327814569536423517e-01 3.311258278145694277e-04 3.311258278145694277e-04 3.311258278145694277e-04 3.311258278145694277e-04 1.261589403973509549e-01 2.718543046357614901e-01 3.311258278145694277e-04 1.162251655629138736e-01 4.337748344370859210e-02 3.311258278145694277e-04 3.311258278145694277e-04 3.311258278145694277e-04 3.311258278145694277e-04 1.026490066225165150e-02 3.311258278145694277e-04 3.311258278145694277e-04 3.311258278145694277e-04 3.642384105960263813e-03 7.649006622516553444e-02 5.662251655629137181e-02
3.988764044943820392e-02 4.550561797752809834e-02 5.617977528089889219e-04 5.617977528089889219e-04 5.617977528089889219e-04 8.483146067415731073e-02 5.617977528089889219e-04 1.179775280898876649e-02 5.617977528089889219e-04 5.617977528089889219e-04 5.617977528089889219e-04 1.741573033707865398e-02 6.179775280898878141e-03 5.617977528089889219e-04 1.241573033707865509e-01 5.617977528089889219e-04 5.617977528089889219e-04 2.758426966292135130e-01 5.617977528089889219e-04 5.617977528089889219e-04 5.617977528089889219e-04 5.617977528089889219e-04 5.617977528089889219e-04 5.617977528089889219e-04 5.617977528089889219e-04 5.617977528089889219e-04 2.702247191011236671e-01 9.044943820224721209e-02 2.303370786516854146e-02 5.617977528089889219e-04
2.793296089385474083e-04 7.011173184357540056e-02 2.793296089385474083e-04 8.966480446927371784e-02 2.793296089385474083e-04 2.793296089385474083e-04 3.072625698324021708e-03 6.173184357541897788e-02 2.793296089385474083e-04 3.659217877094970983e-02 2.793296089385474083e-04 1.983240223463686447e-02 1.703910614525138909e-02 2.793296089385474083e-04 2.321229050279328687e-01 2.793296089385474083e-04 2.793296089385474083e-04 2.209497206703909811e-01 3.072625698324021708e-03 2.793296089385474083e-04 1.703910614525138909e-02 2.793296089385474083e-04 2.793296089385474083e-04 2.793296089385474083e-04 2.793296089385474083e-04 2.793296089385474083e-04 2.793296089385474083e-04 2.793296089385474083e-04 6.173184357541897788e-02 1.622905027932960431e-01
5.952380952380955086e-04 5.952380952380955086e-04 5.952380952380955086e-04 5.065476190476191354e-01 5.952380952380955086e-04 5.952380952380955086e-04 5.952380952380955086e-04 1.250000000000000416e-02 6.547619047619050378e-03 5.952380952380955086e-04 2.440476190476191173e-02 4.226190476190477135e-02 1.250000000000000416e-02 5.952380952380955086e-04 7.797619047619050447e-02 5.952380952380955086e-04 6.547619047619050378e-03 8.392857142857144959e-02 3.630952380952381930e-02 5.952380952380955086e-04 5.952380952380955086e-04 1.845238095238095968e-02 6.547619047619050378e-03 4.821428571428573034e-02 6.547619047619050378e-03 5.952380952380955086e-04 5.952380952380955086e-04 6.011904761904763445e-02 4.226190476190477135e-02 5.952380952380955086e-04
4.587155963302753632e-04 2.339449541284404147e-02 4.591743119266055717e-01 4.587155963302753632e-04 4.587155963302753632e-04 1.880733944954128892e-02 4.587155963302753632e-04 1.472477064220183984e-01 4.587155963302753632e-04 5.045871559633029538e-03 4.587155963302753632e-04 5.045871559633029538e-03 5.045871559633029538e-03 4.587155963302753632e-04 9.220183486238535397e-02 2.339449541284404147e-02 4.587155963302753632e-04 1.564220183486239035e-01 4.587155963302753632e-04 4.587155963302753632e-04 9.633027522935782086e-03 4.587155963302753632e-04 4.587155963302753632e-04 4.587155963302753632e-04 4.587155963302753632e-04 9.633027522935782086e-03 4.587155963302753632e-04 4.587155963302753632e-04 4.587155963302753632e-04 3.715596330275230258e-02
8.860759493670888193e-03 4.219409282700423104e-04 8.860759493670888193e-03 4.219409282700423104e-04 4.219409282700423104e-04 8.902953586497892868e-02 4.641350210970465739e-03 6.793248945147681295e-02 4.219409282700423104e-04 1.312236286919831463e-01 4.219409282700423104e-04 4.219409282700423104e-04 4.219409282700423104e-04 4.219409282700423104e-04 3.839662447257384537e-02 3.126582278481013222e-01 4.219409282700423104e-04 1.143459915611814703e-01 2.151898734177215555e-02 4.219409282700423104e-04 4.219409282700423104e-04 4.219409282700423104e-04 1.308016877637131238e-02 4.219409282700423104e-04 4.219409282700423104e-04 4.219409282700423104e-04 4.219409282700423104e-04 3.839662447257384537e-02 1.438818565400844240e-01 4.219409282700423104e-04
3.777777777777778512e-02 6.000000000000001166e-02 7.407407407407409208e-04 7.407407407407409208e-04 7.407407407407409208e-04 7.407407407407409208e-04 7.407407407407409208e-04 5.259259259259260050e-02 8.148148148148150888e-03 7.481481481481483398e-02 3.037037037037037396e-02 8.148148148148150888e-03 7.407407407407409208e-04 7.407407407407409208e-04 2.296296296296296974e-02 7.407407407407409208e-04 2.296296296296296974e-02 7.407407407407409208e-04 7.407407407407409208e-04 1.118518518518518690e-01 7.407407407407409208e-04 7.407407407407409208e-04 7.407407407407409208e-04 2.896296296296296813e-01 3.037037037037037396e-02 7.407407407407409208e-04 7.407407407407409208e-04 1.859259259259259667e-01 5.259259259259260050e-02 7.407407407407409208e-04
4.651162790697675764e-04 1.906976744186046971e-02 6.144186046511629362e-01 4.651162790697675764e-04 1.441860465116279535e-02 4.651162790697675764e-04 4.651162790697675764e-04 8.883720930232560931e-02 4.651162790697675764e-04 4.651162790697675764e-04 4.651162790697675764e-04 4.651162790697675764e-04 4.651162790697675764e-04 4.651162790697675764e-04 2.051162790697675098e-01 4.651162790697675764e-04 4.651162790697675764e-04 5.116279069767444045e-03 2.837209302325581842e-02 4.651162790697675764e-04 5.116279069767444045e-03 4.651162790697675764e-04 4.651162790697675764e-04 4.651162790697675764e-04 4.651162790697675764e-04 4.651162790697675764e-04 4.651162790697675764e-04 9.767441860465119266e-03 4.651162790697675764e-04 4.651162790697675764e-04
6.547619047619047776e-03 5.952380952380952918e-04 5.952380952380952918e-04 5.952380952380952918e-04 3.630952380952380543e-02 5.952380952380952918e-04 5.952380952380952918e-04 9.583333333333333981e-02 1.250000000000000069e-02 5.952380952380952918e-04 5.952380952380952918e-04 5.952380952380952918e-04 3.035714285714285338e-02 5.952380952380952918e-04 1.553571428571428603e-01 5.952380952380952918e-04 5.952380952380952918e-04 6.547619047619047776e-03 5.952380952380952918e-04 5.952380952380952918e-04 6.547619047619047776e-03 2.446428571428571619e-01 8.392857142857142183e-02 5.952380952380952918e-04 7.797619047619047672e-02 5.952380952380952918e-04 6.547619047619047776e-03 2.267857142857142849e-01 5.952380952380952918e-04 5.952380952380952918e-04
3.952569169960475342e-04 3.992094861660079597e-02 3.952569169960475342e-04 1.225296442687747421e-02 3.952569169960475342e-04 2.411067193675889633e-02 3.952569169960475342e-04 3.952569169960475342e-04 3.952569169960475342e-04 3.952569169960475342e-04 3.952569169960475342e-04 2.015810276679842056e-02 4.347826086956522659e-03 3.952569169960475342e-04 2.415019762845850293e-01 3.952569169960475342e-04 8.300395256916998435e-03 4.628458498023716450e-01 2.411067193675889633e-02 4.347826086956522659e-03 1.620553359683794825e-02 3.952569169960475342e-04 3.952569169960475342e-04 3.952569169960475342e-04 3.952569169960475342e-04 3.952569169960475342e-04 3.952569169960475342e-04 7.154150197628460217e-02 6.363636363636365756e-02 3.952569169960475342e-04
1.941747572815533574e-04 4.679611650485435842e-02 1.941747572815533574e-04 7.961165048543687381e-03 1.184466019417475431e-02 5.262135922330096055e-02 1.941747572815533574e-04 1.766990291262135471e-02 3.514563106796116110e-02 1.941747572815533574e-04 6.019417475728153916e-03 5.456310679611649228e-02 1.941747572815533574e-04 2.135922330097086985e-03 1.788349514563106202e-01 1.941747572815533574e-04 1.941747572815533574e-04 3.225242718446600931e-01 5.456310679611649228e-02 1.941747572815533574e-04 4.077669902912620450e-03 1.941747572815533574e-04 1.941747572815533574e-04 1.941747572815533574e-04 1.941747572815533574e-04 1.941747572815533574e-04 2.021359223300970287e-01 1.941747572815533574e-04 1.941747572815533574e-04 1.941747572815533574e-04
4.310344827586207921e-04 2.198275862068965747e-02 4.310344827586207921e-04 5.646551724137932604e-02 4.310344827586207921e-04 6.939655172413795869e-02 4.310344827586207921e-04 4.741379310344829255e-03 4.310344827586207921e-04 4.310344827586207921e-04 4.310344827586207921e-04 5.215517241379311747e-02 4.741379310344829255e-03 4.310344827586207921e-04 1.771551724137931660e-01 4.310344827586207921e-04 4.310344827586207921e-04 4.831896551724139122e-01 4.353448275862070033e-02 4.310344827586207921e-04 4.310344827586207921e-04 4.310344827586207921e-04 4.310344827586207921e-04 4.310344827586207921e-04 4.310344827586207921e-04 4.310344827586207921e-04 4.310344827586207921e-04 1.336206896551724553e-02 4.310344827586207921e-04 6.508620689655174318e-02
