4.672897196261682437e-04 2.060747663551401876e-01 4.672897196261682437e-04 4.719626168224298757e-02 4.672897196261682437e-04 4.672897196261682437e-04 4.672897196261682437e-04 4.672897196261682437e-04 1.032710280373831807e-01 4.672897196261682437e-04 4.672897196261682437e-04 4.672897196261682437e-04 8.457943925233644966e-02 2.383177570093457723e-02 4.672897196261682437e-04 4.672897196261682437e-04 4.672897196261682437e-04 2.107476635514018704e-01 1.219626168224299118e-01 5.140186915887850518e-03 9.813084112149532412e-03 4.672897196261682437e-04 1.079439252336448635e-01 5.140186915887850518e-03 4.672897196261682437e-04 3.317757009345793928e-02 4.672897196261682437e-04 2.383177570093457723e-02 4.672897196261682437e-04 9.813084112149532412e-03
2.865329512893982069e-04 3.753581661891116500e-02 3.151862464183380168e-03 2.323782234957019188e-01 6.332378223495700731e-02 3.467048710601718098e-02 6.017191977077362454e-03 6.017191977077362454e-03 4.613180515759311012e-02 8.338108882521487464e-02 2.865329512893982069e-04 1.865329512893982022e-01 1.461318051575930671e-02 2.865329512893982069e-04 3.151862464183380168e-03 2.034383954154727128e-02 2.865329512893982069e-04 4.899713467048709414e-02 2.865329512893982069e-04 2.865329512893982069e-04 2.865329512893982069e-04 2.034383954154727128e-02 7.191977077363895243e-02 2.865329512893982069e-04 6.618911174785098439e-02 5.186246418338107816e-02 2.865329512893982069e-04 2.865329512893982069e-04 2.865329512893982069e-04 2.865329512893982069e-04
1.804733727810650321e-02 1.213017751479289474e-02 2.958579881656803689e-04 2.958579881656803689e-04 2.958579881656803689e-04 2.958579881656803689e-04 4.763313609467454551e-02 2.958579881656803689e-04 9.497041420118340627e-02 2.958579881656803689e-04 3.254437869822484220e-03 6.213017751479288017e-03 2.902366863905324057e-01 2.958579881656803689e-04 2.958579881656803689e-04 2.073964497041419219e-01 2.100591715976330570e-02 2.958579881656803689e-04 2.958579881656803689e-04 9.171597633136092248e-03 2.958579881656803689e-04 2.958579881656803689e-04 2.958579881656803689e-04 8.609467455621298837e-02 2.958579881656803689e-04 1.068047337278106163e-01 4.171597633136093358e-02 2.958579881656803689e-04 5.059171597633135148e-02 2.958579881656803689e-04
6.111111111111112298e-03 1.172222222222222554e-01 5.555555555555556635e-04 8.388888888888890172e-02 5.555555555555556635e-04 5.555555555555556635e-04 1.061111111111111421e-01 5.555555555555556635e-04 2.616666666666667140e-01 5.555555555555556635e-04 5.555555555555556635e-04 5.555555555555556635e-04 5.555555555555556635e-04 5.555555555555556635e-04 9.500000000000002887e-02 1.166666666666666893e-02 5.555555555555556635e-04 6.111111111111112298e-03 5.055555555555556191e-02 5.555555555555556635e-04 6.111111111111112298e-03 1.166666666666666893e-02 4.500000000000000527e-02 7.277777777777778845e-02 5.555555555555556635e-04 5.555555555555556635e-04 5.555555555555556635e-04 5.555555555555556635e-04 1.166666666666666893e-02 1.061111111111111421e-01
4.566210045662101938e-04 4.566210045662101938e-04 9.589041095890413202e-03 4.566210045662101938e-04 4.566210045662101938e-04 4.566210045662101938e-04 5.849315068493151637e-01 4.566210045662101938e-04 4.566210045662101938e-04 5.525114155251142911e-02 2.785388127853881748e-02 5.022831050228312132e-03 2.328767123287671728e-02 4.566210045662101938e-04 3.242009132420092116e-02 4.155251141552512156e-02 1.009132420091324589e-01 4.566210045662101938e-04 7.351598173515984380e-02 4.566210045662101938e-04 4.566210045662101938e-04 4.566210045662101938e-04 4.566210045662101938e-04 4.566210045662101938e-04 4.566210045662101938e-04 4.566210045662101938e-04 2.785388127853881748e-02 4.566210045662101938e-04 9.589041095890413202e-03 4.566210045662101938e-04
2.709923664122135950e-02 8.816793893129767912e-02 3.816793893129769326e-04 3.816793893129769326e-04 3.816793893129769326e-04 2.675572519083967982e-01 1.301526717557251467e-01 3.816793893129769326e-04 1.034351145038167608e-01 3.816793893129769326e-04 3.816793893129769326e-04 3.816793893129769326e-04 9.961832061068698341e-02 3.816793893129769326e-04 3.854961832061067073e-02 4.198473282442746583e-03 3.816793893129769326e-04 3.816793893129769326e-04 1.339694656488548963e-01 3.816793893129769326e-04 3.816793893129769326e-04 4.198473282442746583e-03 3.816793893129769326e-04 3.816793893129769326e-04 8.816793893129767912e-02 3.816793893129769326e-04 3.816793893129769326e-04 3.816793893129769326e-04 8.015267175572516126e-03 3.816793893129769326e-04
5.210918114143919290e-03 2.481389578163771168e-04 1.739454094292803288e-01 2.481389578163771168e-04 2.481389578163771168e-04 2.481389578163771168e-04 1.342431761786600231e-01 4.739454094292803316e-02 2.481389578163771168e-04 2.481389578163771168e-04 5.235732009925557484e-02 2.481389578163771168e-04 2.481389578163771168e-04 2.481389578163771168e-04 5.235732009925557484e-02 2.481389578163771168e-04 2.481389578163771168e-04 1.764267990074440962e-01 1.143920595533498424e-01 3.002481389578162685e-02 2.481389578163771168e-04 2.481389578163771168e-04 3.002481389578162685e-02 7.965260545905705758e-02 2.481389578163771168e-04 5.980148883374688390e-02 2.481389578163771168e-04 2.481389578163771168e-04 3.995037220843671716e-02 2.481389578163771168e-04
3.008474576271186196e-02 1.190677966101695018e-01 3.432203389830508489e-02 8.898305084745762941e-03 4.661016949152542617e-03 4.237288135593220758e-04 4.237288135593220758e-04 4.237288135593220758e-04 4.237288135593220758e-04 4.237288135593220758e-04 4.237288135593220758e-04 4.237288135593220758e-04 4.237288135593220758e-04 3.432203389830508489e-02 4.237288135593220758e-04 4.237288135593220758e-04 4.237288135593220758e-04 4.622881355932202951e-01 3.432203389830508489e-02 4.237288135593220758e-04 4.237288135593220758e-04 4.237288135593220758e-04 1.402542372881356025e-01 4.237288135593220758e-04 4.237288135593220758e-04 1.233050847457627247e-01 4.237288135593220758e-04 4.237288135593220758e-04 4.237288135593220758e-04 4.237288135593220758e-04
2.133891213389121563e-02 4.184100418410043216e-04 2.133891213389121563e-02 4.184100418410043216e-04 4.602510460251047104e-03 7.991631799163181893e-02 4.225941422594143432e-02 4.184100418410043216e-04 8.786610878661090321e-03 4.184100418410043216e-04 2.133891213389121563e-02 3.560669456066946070e-01 4.184100418410043216e-04 4.184100418410043216e-04 1.297071129707113267e-02 4.184100418410043216e-04 4.184100418410043216e-04 8.786610878661090321e-03 4.184100418410043216e-04 4.602510460251047104e-03 4.602510460251047104e-03 8.786610878661090321e-03 6.317991631799164953e-02 4.184100418410043216e-04 3.142259414225941905e-01 4.184100418410043216e-04 4.602510460251047104e-03 8.786610878661090321e-03 4.184100418410043216e-04 8.786610878661090321e-03
4.784688995215311685e-04 4.784688995215311685e-04 4.784688995215311685e-04 1.679425837320574488e-01 4.784688995215311685e-04 4.784688995215311685e-04 4.784688995215311685e-04 4.784688995215311685e-04 4.784688995215311685e-04 1.483253588516746622e-02 5.263157894736842854e-03 5.263157894736842854e-03 4.784688995215311685e-04 4.784688995215311685e-04 4.784688995215311685e-04 7.224880382775120125e-02 4.784688995215311685e-04 4.784688995215311685e-04 1.200956937799043250e-01 4.784688995215311685e-04 4.784688995215311685e-04 4.784688995215311685e-04 3.397129186602870776e-02 1.004784688995215454e-02 4.502392344497607723e-01 5.789473684210526966e-02 5.311004784688995450e-02 4.784688995215311685e-04 4.784688995215311685e-04 4.784688995215311685e-04
2.398081534772181494e-04 1.177458033573141050e-01 1.223021582733812423e-02 2.398081534772181494e-04 2.398081534772181494e-04 1.942446043165466790e-02 8.177458033573138663e-02 2.398081534772181494e-04 2.398081534772181494e-04 2.398081534772181494e-04 5.035971223021580567e-03 2.398081534772181494e-04 7.434052757793761790e-03 2.398081534772181494e-04 2.398081534772181494e-04 4.894484412470022083e-01 1.702637889688248668e-02 4.820143884892084951e-02 1.223021582733812423e-02 2.398081534772181494e-04 9.832134292565943012e-03 1.462829736211030546e-02 1.201438848920862862e-01 2.398081534772181494e-04 1.223021582733812423e-02 2.398081534772181494e-04 1.702637889688248668e-02 2.398081534772181494e-04 1.223021582733812423e-02 2.398081534772181494e-04
4.132231404958678668e-04 1.694214876033058037e-02 4.132231404958678668e-04 6.652892561983472786e-02 4.132231404958678668e-04 4.132231404958678668e-04 4.132231404958678668e-04 4.132231404958678668e-04 4.132231404958678668e-04 4.132231404958678668e-04 4.132231404958678668e-04 1.533057851239669755e-01 4.132231404958678668e-04 8.677685950413224769e-03 4.545454545454546968e-03 8.305785123966945294e-02 6.239669421487604312e-02 4.132231404958678668e-04 4.132231404958678668e-04 4.132231404958678668e-04 1.243801652892562309e-01 4.132231404958678668e-04 4.132231404958678668e-04 3.723140495867769406e-01 7.066115702479340566e-02 4.132231404958678668e-04 4.132231404958678668e-04 1.694214876033058037e-02 1.280991735537190430e-02 4.132231404958678668e-04
8.379629629629629928e-02 5.092592592592593004e-03 4.629629629629629806e-04 4.629629629629629806e-04 5.092592592592593004e-03 1.300925925925925930e-01 1.208333333333333343e-01 4.212962962962962798e-02 8.842592592592593559e-02 4.212962962962962798e-02 4.629629629629629806e-04 4.629629629629629806e-04 4.629629629629629806e-04 3.749999999999999861e-02 1.898148148148148112e-02 5.601851851851851610e-02 4.629629629629629806e-04 4.629629629629629806e-04 4.629629629629629806e-04 4.629629629629629806e-04 4.629629629629629806e-04 4.629629629629629806e-04 5.601851851851851610e-02 4.629629629629629806e-04 3.013888888888888729e-01 5.092592592592593004e-03 4.629629629629629806e-04 4.629629629629629806e-04 4.629629629629629806e-04 4.629629629629629806e-04
3.508771929824560059e-04 3.508771929824560059e-04 1.087719298245613635e-02 9.508771929824558211e-02 3.508771929824560059e-04 9.508771929824558211e-02 1.336842105263157388e-01 1.789473684210525495e-02 1.789473684210525495e-02 3.508771929824560059e-04 3.196491228070174051e-01 3.508771929824560059e-04 3.859649122807016445e-03 3.508771929824560059e-04 1.438596491228069478e-02 3.508771929824560059e-04 3.859649122807016445e-03 3.508771929824560059e-04 6.350877192982454233e-02 6.350877192982454233e-02 3.508771929824560059e-04 3.859649122807016445e-03 3.508771929824560059e-04 2.842105263157893372e-02 1.231578947368420635e-01 3.508771929824560059e-04 3.508771929824560059e-04 3.508771929824560059e-04 3.508771929824560059e-04 3.508771929824560059e-04
7.608695652173909016e-03 2.934782608695650150e-02 3.623188405797099325e-04 1.018115942028984949e-01 3.623188405797099325e-04 3.623188405797099325e-04 3.623188405797099325e-04 3.623188405797099325e-04 1.847826086956520439e-02 3.623188405797099325e-04 3.623188405797099325e-04 7.644927536231879706e-02 3.623188405797099325e-04 3.623188405797099325e-04 1.123188405797100747e-02 1.416666666666665797e-01 3.623188405797099325e-04 3.623188405797099325e-04 9.094202898550719782e-02 3.623188405797099325e-04 1.416666666666665797e-01 3.623188405797099325e-04 3.623188405797099325e-04 3.264492753623186028e-01 4.746376811594199552e-02 3.623188405797099325e-04 3.623188405797099325e-04 3.623188405797099325e-04 3.623188405797099325e-04 3.623188405797099325e-04
1.453900709219857479e-02 3.581560283687941493e-02 6.063829787234040897e-02 6.773049645390068207e-02 3.546099290780140457e-04 3.900709219858154719e-03 7.446808510638295610e-03 3.546099290780140457e-04 2.804964539007090973e-01 1.099290780141843477e-02 3.546099290780140457e-04 1.808510638297871481e-02 3.546099290780140457e-04 3.546099290780140457e-04 3.546099290780140457e-04 7.446808510638295610e-03 3.546099290780140457e-04 1.634751773049644696e-01 1.067375886524822293e-01 3.546099290780140457e-04 5.354609929078012198e-02 2.517730496453899486e-02 5.709219858156026894e-02 2.872340425531913488e-02 3.546099290780140457e-04 1.453900709219857479e-02 3.546099290780140457e-04 2.872340425531913488e-02 7.446808510638295610e-03 3.900709219858154719e-03
4.424778761061947925e-04 1.066371681415929362e-01 4.424778761061947925e-04 9.292035398230090101e-03 4.424778761061947925e-04 4.424778761061947925e-04 1.022123893805309963e-01 4.424778761061947925e-04 4.867256637168142393e-03 4.424778761061947925e-04 4.424778761061947925e-04 4.424778761061947925e-04 4.424778761061947925e-04 4.424778761061947925e-04 4.911504424778761341e-02 4.783185840707964709e-01 3.141592920353982604e-02 6.238938053097346087e-02 1.243362831858407236e-01 4.424778761061947925e-04 4.867256637168142393e-03 4.424778761061947925e-04 4.424778761061947925e-04 4.424778761061947925e-04 4.424778761061947925e-04 4.424778761061947925e-04 1.814159292035398205e-02 4.424778761061947925e-04 4.424778761061947925e-04 4.424778761061947925e-04
3.729508196721312285e-02 1.110655737704918378e-01 4.098360655737705999e-04 2.090163934426229886e-02 3.729508196721312285e-02 1.110655737704918378e-01 4.098360655737705999e-04 4.098360655737705999e-04 4.098360655737705999e-04 2.340163934426230108e-01 4.098360655737705999e-04 8.606557377049182597e-03 4.098360655737705999e-04 4.098360655737705999e-04 4.098360655737705999e-04 4.098360655737705999e-04 4.098360655737705999e-04 4.098360655737705999e-04 4.098360655737705999e-04 1.270491803278688860e-02 1.233606557377049523e-01 7.418032786885248031e-02 2.053278688524590723e-01 4.098360655737705999e-04 4.098360655737705999e-04 1.270491803278688860e-02 4.098360655737705999e-04 4.508196721311476599e-03 4.098360655737705999e-04 4.098360655737705999e-04
3.663003663003661916e-04 1.652014652014651419e-01 1.249084249084248671e-01 1.868131868131867393e-02 3.663003663003661916e-04 3.663003663003661916e-04 4.029304029304027999e-03 2.234432234432233433e-02 3.333333333333331899e-02 7.692307692307689265e-03 1.688644688644687919e-01 3.336996336996335133e-01 2.234432234432233433e-02 3.663003663003661916e-04 3.663003663003661916e-04 1.868131868131867393e-02 1.135531135531135140e-02 4.065934065934063979e-02 3.663003663003661916e-04 3.663003663003661916e-04 1.868131868131867393e-02 3.663003663003661916e-04 3.663003663003661916e-04 3.663003663003661916e-04 3.663003663003661916e-04 3.663003663003661916e-04 4.029304029304027999e-03 3.663003663003661916e-04 3.663003663003661916e-04 3.663003663003661916e-04
1.291666666666667004e-02 2.670833333333333948e-01 7.541666666666668739e-02 3.791666666666667490e-02 4.166666666666668018e-04 4.166666666666668018e-04 3.791666666666667490e-02 4.166666666666668018e-04 5.458333333333334481e-02 4.166666666666668018e-04 1.254166666666667040e-01 2.125000000000000500e-02 8.750000000000002567e-03 2.125000000000000500e-02 1.291666666666667004e-02 4.166666666666668018e-04 7.958333333333335313e-02 7.541666666666668739e-02 4.583333333333335091e-03 1.504166666666666985e-01 4.583333333333335091e-03 4.166666666666668018e-04 4.166666666666668018e-04 4.166666666666668018e-04 4.166666666666668018e-04 4.583333333333335091e-03 4.166666666666668018e-04 4.166666666666668018e-04 4.166666666666668018e-04 4.166666666666668018e-04
3.857142857142857595e-02 1.242857142857143049e-01 5.238095238095239609e-03 4.761904761904762985e-04 5.285714285714285948e-02 4.761904761904762985e-04 4.761904761904762985e-04 4.761904761904762985e-04 4.761904761904762985e-04 4.761904761904762985e-04 4.761904761904762985e-04 4.761904761904762985e-04 1.147619047619047872e-01 4.761904761904762985e-04 4.761904761904762985e-04 4.333333333333333481e-02 4.761904761904762985e-04 4.761904761904762985e-04 1.766666666666666941e-01 1.476190476190476428e-02 2.428571428571428895e-02 4.761904761904762985e-04 1.385714285714285954e-01 4.761904761904762985e-04 6.714285714285715689e-02 1.909523809523809845e-01 4.761904761904762985e-04 4.761904761904762985e-04 4.761904761904762985e-04 4.761904761904762985e-04
5.898876404494380644e-03 1.351123595505617503e-01 3.398876404494381026e-02 2.808988764044942983e-04 2.808988764044942983e-04 2.808988764044942983e-04 2.755617977528088680e-01 2.808988764044942983e-04 2.699438202247190222e-01 2.808988764044942983e-04 2.808988764044942983e-04 2.808988764044942983e-04 2.808988764044942983e-04 1.994382022471909502e-02 3.089887640449437336e-03 3.960674157303369081e-02 3.089887640449437336e-03 2.808988764044942983e-04 7.331460674157301571e-02 2.808988764044942983e-04 2.808988764044942983e-04 3.679775280898875400e-02 7.612359550561795252e-02 5.898876404494380644e-03 2.808988764044942983e-04 1.151685393258426553e-02 5.898876404494380644e-03 2.808988764044942983e-04 2.808988764044942983e-04 2.808988764044942983e-04
3.873239436619717053e-03 3.521126760563378843e-04 3.521126760563378843e-04 3.521126760563378843e-04 3.521126760563378843e-04 1.658450704225351569e-01 3.873239436619717053e-03 3.521126760563378843e-04 1.341549295774647488e-01 3.521126760563378843e-04 3.204225352112674563e-02 3.873239436619717053e-03 3.521126760563378843e-04 3.521126760563378843e-04 3.521126760563378843e-04 1.091549295774647474e-02 8.485915492957743500e-02 3.521126760563378843e-04 1.091549295774647474e-02 3.521126760563378843e-04 1.165492957746478431e-01 3.521126760563378843e-04 1.517605633802816267e-01 2.147887323943660845e-02 1.795774647887322939e-02 2.362676056338026964e-01 3.521126760563378843e-04 3.521126760563378843e-04 3.521126760563378843e-04 3.521126760563378843e-04
2.906976744186045929e-04 2.906976744186045929e-04 4.970930232558138512e-02 1.281976744186046069e-01 2.906976744186045929e-04 2.906976744186045929e-04 2.906976744186045929e-04 3.197674418604650251e-03 1.020348837209301973e-01 2.906976744186045929e-04 2.906976744186045929e-04 2.906976744186045929e-04 3.197674418604650251e-03 2.906976744186045929e-04 2.906976744186045929e-04 1.107558139534883385e-01 1.049418604651162490e-01 2.906976744186045929e-04 1.107558139534883385e-01 2.906976744186045929e-04 1.921511627906976050e-01 2.906976744186045929e-04 8.168604651162787722e-02 4.970930232558138512e-02 2.906976744186045929e-04 4.680232558139534038e-02 6.104651162790695855e-03 2.906976744186045929e-04 6.104651162790695855e-03 2.906976744186045929e-04
3.389830508474575414e-04 3.423728813559320794e-02 1.050847457627118210e-02 5.796610169491523551e-02 1.389830508474575697e-02 3.389830508474575414e-04 3.389830508474575414e-04 3.389830508474575414e-04 1.728813559322033011e-02 3.389830508474575414e-04 3.728813559322032792e-03 1.867796610169490945e-01 3.728813559322032792e-03 3.389830508474575414e-04 3.389830508474575414e-04 3.389830508474575414e-04 3.389830508474575414e-04 9.864406779661014091e-02 3.389830508474575414e-04 7.830508474576268474e-02 1.728813559322033011e-02 3.389830508474575414e-04 3.389830508474575414e-04 9.525423728813556257e-02 3.596610169491523679e-01 3.389830508474575414e-04 3.389830508474575414e-04 3.389830508474575414e-04 1.728813559322033011e-02 3.389830508474575414e-04
3.344481605351169316e-04 4.518394648829429650e-01 3.344481605351169316e-04 1.705685618729096270e-02 3.344481605351169316e-04 3.344481605351169316e-04 3.344481605351169316e-04 3.344481605351169316e-04 7.725752508361201365e-02 3.344481605351169316e-04 8.729096989966551867e-02 3.344481605351169316e-04 7.023411371237455944e-03 1.036789297658862428e-02 3.344481605351169316e-04 2.040133779264213104e-02 8.729096989966551867e-02 3.344481605351169316e-04 3.344481605351169316e-04 3.344481605351169316e-04 7.056856187290967697e-02 3.344481605351169316e-04 8.060200668896318199e-02 2.709030100334447119e-02 7.023411371237455944e-03 3.344481605351169316e-04 3.344481605351169316e-04 5.050167224080265305e-02 3.344481605351169316e-04 3.344481605351169316e-04
3.257328990228012091e-04 3.032573289902278924e-01 3.615635179153092738e-02 7.198697068403907273e-02 3.257328990228012091e-04 3.257328990228012091e-04 3.615635179153092738e-02 3.257328990228012091e-04 2.638436482084689436e-02 3.257328990228012091e-04 2.312703583061888335e-02 6.840390879478824848e-03 3.257328990228012091e-04 3.257328990228012091e-04 3.257328990228012091e-04 3.583061889250813408e-03 7.198697068403907273e-02 6.547231270358304378e-02 3.583061889250813408e-03 3.257328990228012091e-04 1.371335504885992929e-01 3.583061889250813408e-03 1.697068403908794099e-01 3.615635179153092738e-02 3.257328990228012091e-04 3.257328990228012091e-04 3.257328990228012091e-04 3.257328990228012091e-04 3.257328990228012091e-04 3.257328990228012091e-04
1.838235294117646762e-04 9.209558823529409577e-02 5.698529411764704719e-03 2.022058823529411520e-03 1.838235294117646762e-04 2.040441176470587578e-02 2.391544117647058099e-01 1.838235294117646762e-04 1.838235294117646762e-04 1.838235294117646762e-04 1.838235294117646762e-04 9.374999999999997918e-03 1.838235294117646762e-04 4.981617647058822484e-02 9.374999999999997918e-03 2.998161764705881693e-01 4.062499999999999445e-02 5.533088235294116725e-02 8.841911764705880084e-02 1.838235294117646762e-04 1.838235294117646762e-04 1.838235294117646762e-04 7.555147058823527551e-02 1.838235294117646762e-04 1.838235294117646762e-04 1.838235294117646762e-04 1.838235294117646762e-04 1.838235294117646762e-04 9.374999999999997918e-03 1.838235294117646762e-04
4.424778761061948468e-04 4.424778761061948468e-04 4.911504424778762035e-02 3.141592920353982604e-02 4.424778761061948468e-04 4.424778761061948468e-04 4.424778761061948468e-04 4.424778761061948468e-04 4.469026548672567350e-02 4.424778761061948468e-04 2.880530973451327914e-01 1.154867256637168438e-01 4.424778761061948468e-04 4.424778761061948468e-04 4.424778761061948468e-04 3.141592920353982604e-02 1.685840707964602336e-01 4.424778761061948468e-04 4.424778761061948468e-04 4.424778761061948468e-04 4.424778761061948468e-04 4.424778761061948468e-04 4.867256637168143260e-03 4.424778761061948468e-04 1.730088495575221874e-01 4.424778761061948468e-04 8.451327433628320895e-02 4.424778761061948468e-04 4.424778761061948468e-04 4.424778761061948468e-04
6.289308176100629703e-04 3.088050314465408674e-01 1.320754716981132129e-02 1.704402515723270617e-01 6.918238993710692022e-03 6.289308176100629703e-04 6.289308176100629703e-04 6.981132075471697951e-02 6.289308176100629703e-04 6.289308176100629703e-04 6.289308176100629703e-04 6.289308176100629703e-04 6.289308176100629703e-04 6.289308176100629703e-04 4.465408805031446243e-02 6.289308176100629703e-04 6.981132075471697951e-02 3.836477987421383490e-02 6.289308176100629703e-04 6.289308176100629703e-04 1.327044025157232687e-01 6.289308176100629703e-04 3.836477987421383490e-02 6.289308176100629703e-04 8.238993710691823458e-02 6.289308176100629703e-04 6.289308176100629703e-04 6.289308176100629703e-04 6.289308176100629703e-04 1.320754716981132129e-02
4.761904761904762985e-04 4.761904761904762985e-04 4.761904761904762985e-04 4.761904761904762985e-04 4.761904761904762985e-04 4.333333333333333481e-02 4.761904761904762985e-04 5.238095238095239609e-03 4.761904761904762985e-04 4.761904761904762985e-04 4.761904761904762985e-04 8.142857142857144737e-02 4.761904761904762985e-04 4.761904761904762985e-04 4.761904761904762985e-04 4.761904761904762985e-04 4.761904761904762985e-04 5.238095238095239609e-03 4.761904761904762985e-04 3.380952380952381015e-02 1.000000000000000194e-02 4.761904761904762985e-04 6.714285714285715689e-02 1.952380952380952314e-02 4.576190476190476475e-01 1.004761904761904967e-01 1.480952380952381131e-01 4.761904761904762985e-04 1.952380952380952314e-02 4.761904761904762985e-04
3.448275862068965253e-04 3.448275862068965253e-04 2.103448275862068381e-02 3.448275862068965253e-04 3.448275862068965253e-04 3.448275862068965253e-04 3.448275862068965253e-04 3.448275862068965253e-04 3.448275862068965253e-04 3.448275862068965253e-04 1.555172413793103059e-01 2.968965517241378693e-01 3.448275862068965253e-04 3.448275862068965253e-04 3.448275862068965253e-04 3.448275862068965253e-04 3.137931034482757675e-02 3.448275862068965253e-04 4.517241379310343863e-02 3.448275862068965253e-04 3.448275862068965253e-04 3.448275862068965253e-04 3.793103448275861669e-03 3.448275862068965253e-04 4.348275862068964326e-01 3.448275862068965253e-04 3.448275862068965253e-04 3.448275862068965253e-04 3.448275862068965253e-04 3.793103448275861669e-03
4.098360655737704914e-04 1.233606557377049245e-01 4.508196721311475731e-03 2.499999999999999792e-02 4.098360655737704914e-04 4.098360655737704914e-04 1.270491803278688513e-02 4.098360655737704914e-04 7.418032786885246643e-02 4.508196721311475731e-03 4.098360655737704914e-04 2.545081967213114749e-01 4.098360655737704914e-04 4.098360655737704914e-04 4.098360655737704914e-04 1.807377049180327877e-01 4.098360655737704914e-04 2.012295081967213073e-01 4.959016393442623044e-02 4.508196721311475731e-03 4.098360655737704914e-04 4.098360655737704914e-04 4.098360655737704914e-04 8.606557377049180863e-03 4.098360655737704914e-04 3.729508196721311591e-02 4.098360655737704914e-04 4.098360655737704914e-04 1.270491803278688513e-02 4.098360655737704914e-04
5.429245283018868662e-01 4.716981132075473361e-04 4.716981132075473361e-04 5.707547169811322263e-02 4.716981132075473361e-04 9.009433962264154494e-02 4.716981132075473361e-04 1.462264150943396596e-02 4.716981132075473361e-04 1.933962264150943661e-02 4.716981132075473361e-04 4.716981132075473361e-04 3.820754716981132615e-02 4.716981132075473361e-04 4.716981132075473361e-04 5.188679245283020318e-03 4.716981132075473361e-04 9.009433962264154494e-02 4.716981132075473361e-04 4.716981132075473361e-04 4.716981132075473361e-04 4.716981132075473361e-04 1.231132075471698534e-01 4.716981132075473361e-04 4.716981132075473361e-04 4.716981132075473361e-04 9.905660377358493571e-03 4.716981132075473361e-04 4.716981132075473361e-04 4.716981132075473361e-04
3.802281368821291995e-04 3.802281368821291995e-04 3.840304182509504671e-02 3.802281368821291995e-04 7.984790874524713353e-03 4.220532319391633730e-02 3.802281368821291995e-04 3.802281368821291995e-04 4.182509505703421900e-03 3.079847908745246207e-02 3.882129277566538916e-01 1.486692015209125084e-01 3.802281368821291995e-04 4.980988593155892541e-02 3.802281368821291995e-04 3.802281368821291995e-04 1.939163498098858684e-02 3.840304182509504671e-02 3.079847908745246207e-02 3.802281368821291995e-04 3.802281368821291995e-04 3.802281368821291995e-04 4.600760456273762788e-02 3.802281368821291995e-04 8.403041825095056150e-02 4.980988593155892541e-02 3.802281368821291995e-04 1.558935361216729626e-02 3.802281368821291995e-04 3.802281368821291995e-04
3.717472118959106657e-04 1.524163568773233453e-02 1.453531598513010670e-01 3.717472118959106657e-04 3.717472118959106657e-04 3.717472118959106657e-04 4.089219330855016835e-03 3.717472118959106657e-04 3.717472118959106657e-04 3.717472118959106657e-04 4.724907063197023582e-01 1.527881040892192788e-01 3.717472118959106657e-04 3.717472118959106657e-04 3.717472118959106657e-04 1.895910780669144216e-02 6.728624535315982924e-02 3.717472118959106657e-04 3.717472118959106657e-04 3.717472118959106657e-04 4.089219330855016835e-03 3.717472118959106657e-04 6.728624535315982924e-02 3.717472118959106657e-04 3.382899628252786228e-02 7.806691449814123600e-03 3.717472118959106657e-04 3.717472118959106657e-04 3.717472118959106657e-04 4.089219330855016835e-03
1.060606060606060844e-02 9.646464646464648907e-02 5.555555555555556635e-03 3.585858585858586051e-02 5.050505050505051585e-04 5.050505050505051585e-04 5.050505050505051585e-04 3.585858585858586051e-02 5.050505050505051585e-04 5.050505050505051585e-04 5.555555555555556635e-03 2.732323232323232709e-01 1.565656565656566024e-02 5.050505050505051585e-04 1.060606060606060844e-02 5.050505050505051585e-04 5.050505050505051585e-04 1.469696969696970001e-01 5.050505050505051585e-04 5.050505050505051585e-04 5.050505050505051585e-04 5.050505050505051585e-04 3.080808080808081217e-02 1.060606060606060844e-02 2.277777777777778290e-01 5.050505050505051585e-04 3.080808080808081217e-02 4.090909090909091578e-02 1.060606060606060844e-02 5.555555555555556635e-03
3.105590062111800273e-04 3.388198757763973834e-01 3.416149068322980355e-03 1.214285714285713857e-01 3.105590062111800273e-04 3.105590062111800273e-04 1.894409937888198031e-02 8.726708074534159087e-02 9.627329192546581552e-03 3.105590062111800273e-04 3.105590062111800273e-04 3.447204968944098114e-02 3.105590062111800273e-04 3.416149068322980355e-03 3.105590062111800273e-04 3.105590062111800273e-04 6.521739130434780519e-03 8.105590062111799055e-02 7.795031055900618344e-02 9.627329192546581552e-03 7.484472049689439022e-02 3.105590062111800273e-04 1.090062111801241851e-01 1.273291925465837998e-02 3.416149068322980355e-03 3.105590062111800273e-04 3.416149068322980355e-03 3.105590062111800273e-04 3.105590062111800273e-04 3.105590062111800273e-04
7.290076335877862523e-02 3.816793893129770952e-04 8.015267175572519595e-03 3.816793893129770952e-04 3.854961832061068461e-02 3.816793893129770952e-04 7.671755725190840258e-02 3.816793893129770952e-04 3.816793893129770952e-04 1.183206106870229000e-02 4.198473282442748318e-03 3.816793893129770952e-04 2.709923664122137338e-02 1.721374045801526698e-01 3.816793893129770952e-04 9.580152671755726157e-02 3.816793893129770952e-04 3.816793893129770952e-04 1.492366412213740612e-01 3.816793893129770952e-04 3.091603053435114379e-02 3.816793893129770952e-04 2.446564885496183006e-01 3.816793893129770952e-04 3.816793893129770952e-04 3.473282442748091420e-02 3.816793893129770952e-04 8.015267175572519595e-03 1.946564885496182909e-02 3.816793893129770952e-04
3.134796238244513225e-04 3.448275862068964602e-03 4.733542319749214217e-02 6.583072100313477719e-03 3.448275862068964602e-03 3.134796238244513225e-04 7.241379310344825404e-02 3.134796238244513225e-04 1.037617554858933783e-01 3.134796238244513225e-04 4.733542319749214217e-02 8.181818181818178992e-02 7.241379310344825404e-02 3.134796238244513225e-04 3.134796238244513225e-04 4.047021943573665959e-01 3.134796238244513225e-04 3.479623824451408970e-02 2.852664576802506693e-02 3.134796238244513225e-04 3.134796238244513225e-04 9.717868338557989968e-03 1.598746081504701447e-02 3.134796238244513225e-04 3.134796238244513225e-04 5.360501567398117534e-02 3.134796238244513225e-04 3.134796238244513225e-04 6.583072100313477719e-03 3.448275862068964602e-03
4.050000000000000128e-02 5.000000000000000104e-04 5.000000000000000104e-04 5.500000000000000548e-03 5.000000000000000104e-04 9.550000000000000155e-02 2.805000000000000271e-01 5.000000000000000104e-04 2.049999999999999739e-02 5.000000000000000104e-04 5.500000000000000548e-03 5.000000000000000104e-04 5.000000000000000104e-04 2.005000000000000115e-01 2.049999999999999739e-02 1.050000000000000065e-02 5.000000000000000104e-04 5.000000000000000104e-04 6.550000000000000266e-02 5.000000000000000104e-04 5.000000000000000104e-04 5.000000000000000104e-04 2.005000000000000115e-01 5.000000000000000104e-04 5.000000000000000104e-04 4.050000000000000128e-02 5.000000000000000104e-04 5.000000000000000104e-04 5.500000000000000548e-03 5.000000000000000104e-04
5.796460176991151403e-02 1.022123893805310102e-01 4.867256637168143260e-03 3.367256637168142275e-01 4.424778761061948468e-04 4.424778761061948468e-04 1.371681415929203868e-02 4.424778761061948468e-04 4.424778761061948468e-04 4.026548672566372666e-02 4.424778761061948468e-04 1.154867256637168438e-01 4.424778761061948468e-04 4.424778761061948468e-04 9.292035398230091836e-03 4.424778761061948468e-04 4.424778761061948468e-04 4.424778761061948468e-04 4.424778761061948468e-04 4.424778761061948468e-04 1.331858407079646311e-01 4.424778761061948468e-04 4.424778761061948468e-04 4.424778761061948468e-04 1.685840707964602336e-01 4.424778761061948468e-04 9.292035398230091836e-03 4.424778761061948468e-04 4.424778761061948468e-04 4.424778761061948468e-04
1.895910780669144563e-02 3.717472118959107199e-04 3.717472118959107199e-04 1.453531598513010947e-01 2.267657992565055153e-02 1.152416356877323210e-02 3.717472118959107199e-04 3.717472118959107199e-04 2.494423791821560599e-01 3.717472118959107199e-04 4.089219330855017702e-03 4.126394052044608796e-02 3.382899628252786922e-02 3.717472118959107199e-04 3.717472118959107199e-04 3.717472118959107199e-04 3.717472118959107199e-04 3.717472118959107199e-04 5.985130111524163132e-02 3.717472118959107199e-04 7.806691449814125335e-03 4.498141263940519385e-02 3.717472118959107199e-04 3.717472118959107199e-04 2.940520446096653306e-01 2.639405204460965743e-02 7.806691449814125335e-03 3.717472118959107199e-04 1.524163568773233800e-02 1.152416356877323210e-02
2.808988764044942983e-04 7.331460674157301571e-02 4.469101123595504155e-01 2.808988764044942983e-04 2.808988764044942983e-04 3.089887640449437336e-03 2.808988764044942983e-04 3.960674157303369081e-02 2.808988764044942983e-04 2.808988764044942983e-04 8.707865168539323519e-03 5.926966292134829700e-02 2.808988764044942983e-04 2.808988764044942983e-04 2.808988764044942983e-04 2.808988764044942983e-04 2.808988764044942983e-04 9.859550561797750245e-02 1.407303370786516516e-01 2.808988764044942983e-04 2.808988764044942983e-04 2.808988764044942983e-04 9.016853932584267817e-02 3.398876404494381026e-02 2.808988764044942983e-04 2.808988764044942983e-04 2.808988764044942983e-04 2.808988764044942983e-04 2.808988764044942983e-04 2.808988764044942983e-04
1.759656652360515328e-02 1.330472103004292153e-02 4.291845493562233154e-04 4.291845493562233154e-04 4.291845493562233154e-04 3.047210300429185198e-02 2.618025751072962024e-02 4.291845493562233154e-04 4.291845493562233154e-04 4.291845493562233154e-04 1.759656652360515328e-02 4.291845493562233154e-04 1.334763948497854347e-01 1.463519313304721403e-01 5.622317596566524939e-02 4.721030042918456307e-03 2.188841201716738502e-02 4.291845493562233154e-04 3.866952789699571458e-01 4.291845493562233154e-04 9.012875536480689787e-03 4.291845493562233154e-04 1.206008583690987429e-01 4.291845493562233154e-04 4.721030042918456307e-03 4.291845493562233154e-04 4.291845493562233154e-04 4.291845493562233154e-04 4.291845493562233154e-04 4.721030042918456307e-03
4.329004329004330085e-04 4.329004329004330085e-04 2.640692640692641341e-02 3.939393939393940475e-02 4.329004329004330085e-04 4.805194805194806101e-02 1.086580086580086896e-01 4.329004329004330085e-04 4.329004329004330085e-04 1.774891774891775020e-02 4.329004329004330085e-04 4.805194805194806101e-02 4.329004329004330085e-04 4.329004329004330085e-04 4.761904761904763202e-03 5.025974025974027093e-01 4.329004329004330085e-04 2.640692640692641341e-02 1.341991341991342380e-02 4.329004329004330085e-04 4.329004329004330085e-04 4.761904761904763202e-03 4.329004329004330085e-04 4.329004329004330085e-04 3.939393939393940475e-02 9.567099567099569823e-02 1.774891774891775020e-02 4.329004329004330085e-04 4.329004329004330085e-04 4.329004329004330085e-04
2.695417789757411568e-04 6.226415094339621259e-02 2.964959568733153104e-03 1.646900269541778372e-01 2.695417789757411568e-04 2.695417789757411568e-04 5.956873315363880178e-02 2.183288409703503311e-02 9.999999999999997780e-02 2.695417789757411568e-04 4.070080862533691224e-02 5.687331536388139097e-02 2.964959568733153104e-03 7.035040431266845196e-02 2.695417789757411568e-04 3.800539083557950143e-02 1.374663072776279721e-02 2.695417789757411568e-04 1.539083557951481940e-01 2.695417789757411568e-04 2.964959568733153104e-03 2.695417789757411568e-04 5.417789757412397322e-02 5.148247978436656241e-02 3.261455525606467981e-02 4.339622641509432999e-02 2.452830188679244391e-02 2.695417789757411568e-04 2.695417789757411568e-04 2.695417789757411568e-04
8.072916666666664007e-03 1.328124999999999445e-02 9.661458333333330928e-02 2.604166666666666088e-04 2.604166666666666088e-04 2.604166666666666088e-04 5.755208333333332316e-02 2.604166666666666088e-04 2.630208333333332316e-02 5.468749999999998786e-03 9.661458333333330928e-02 2.164062499999999112e-01 8.072916666666664007e-03 2.604166666666666088e-04 2.604166666666666088e-04 2.604166666666666088e-04 3.671874999999998751e-02 5.468749999999998786e-03 9.401041666666663799e-02 5.468749999999998786e-03 2.604166666666666088e-04 2.604166666666666088e-04 1.226562499999999667e-01 1.588541666666666227e-02 1.565104166666666241e-01 8.072916666666664007e-03 1.588541666666666227e-02 2.604166666666666088e-04 2.604166666666666088e-04 8.072916666666664007e-03
3.717472118959108825e-04 1.230483271375465010e-01 4.390334572490707243e-01 6.356877323420076498e-02 3.717472118959108825e-04 3.717472118959108825e-04 3.717472118959108825e-04 3.717472118959108825e-04 3.717472118959108825e-04 3.717472118959108825e-04 3.717472118959108825e-04 3.717472118959108825e-04 3.717472118959108825e-04 3.717472118959108825e-04 3.717472118959108825e-04 3.717472118959108825e-04 3.717472118959108825e-04 3.717472118959108825e-04 1.156133828996282892e-01 3.011152416356877720e-02 1.895910780669145257e-02 3.717472118959108825e-04 7.100371747211897677e-02 3.717472118959108825e-04 8.215613382899630834e-02 3.717472118959108825e-04 3.717472118959108825e-04 3.717472118959108825e-04 3.717472118959108825e-04 4.869888475836432057e-02
5.263157894736843071e-04 3.163157894736842723e-01 6.368421052631580148e-02 5.789473684210527486e-03 5.263157894736843071e-04 5.263157894736843071e-04 4.263157894736842313e-02 5.263157894736843071e-04 5.263157894736843071e-04 5.263157894736843071e-04 5.263157894736843071e-04 5.263157894736843071e-04 5.263157894736843071e-04 1.105263157894737121e-02 1.900000000000000300e-01 5.263157894736843071e-04 5.263157894736843071e-04 5.263157894736843071e-04 5.263157894736843071e-04 1.636842105263158209e-01 5.263157894736843071e-04 5.789473684210527486e-03 5.263157894736843071e-04 5.789473684210527486e-03 5.263157894736843071e-04 9.000000000000002442e-02 5.263157894736843071e-04 2.157894736842105518e-02 6.368421052631580148e-02 1.105263157894737121e-02
2.865329512893982069e-04 1.174785100286532442e-02 6.017191977077362454e-03 5.472779369627505525e-02 2.865329512893982069e-04 2.865329512893982069e-04 2.034383954154727128e-02 2.865329512893982069e-04 2.865329512893982069e-04 2.865329512893982069e-04 2.865329512893982069e-04 3.068767908309454340e-01 2.865329512893982069e-04 2.865329512893982069e-04 3.753581661891116500e-02 2.865329512893982069e-04 2.865329512893982069e-04 2.352435530085958959e-01 1.174785100286532442e-02 3.753581661891116500e-02 1.120343839541547010e-01 2.865329512893982069e-04 2.320916905444125183e-02 2.865329512893982069e-04 8.051575931232089756e-02 6.017191977077362454e-03 2.865329512893982069e-04 2.865329512893982069e-04 3.467048710601718098e-02 1.747851002865328726e-02
3.906250000000001301e-04 4.726562500000001249e-02 8.203125000000002082e-03 1.566406250000000333e-01 2.382812500000000555e-02 1.097656250000000333e-01 1.210937500000000382e-02 4.296875000000001214e-03 4.296875000000001214e-03 4.726562500000001249e-02 4.296875000000001214e-03 2.660156250000000333e-01 3.906250000000001301e-04 3.906250000000001301e-04 1.601562500000000208e-02 3.906250000000001301e-04 3.906250000000001301e-04 3.906250000000001301e-04 3.906250000000001301e-04 1.992187500000000208e-02 3.906250000000001301e-04 3.906250000000001301e-04 3.906250000000001301e-04 4.296875000000001214e-03 2.074218750000000611e-01 3.906250000000001301e-04 4.335937500000000555e-02 1.992187500000000208e-02 3.906250000000001301e-04 3.906250000000001301e-04
4.605809128630706378e-02 2.867219917012448493e-01 1.286307053941909001e-02 6.680497925311205953e-02 4.149377593360996830e-04 4.149377593360996830e-04 4.149377593360996830e-04 9.585062240663903832e-02 4.149377593360996830e-04 4.149377593360996830e-04 4.149377593360996830e-04 2.908713692946058305e-01 4.149377593360996830e-04 4.564315352697096567e-03 8.713692946058093289e-03 4.149377593360996830e-04 8.713692946058093289e-03 1.082987551867220233e-01 1.286307053941909001e-02 1.701244813278008500e-02 4.564315352697096567e-03 4.149377593360996830e-04 1.701244813278008500e-02 4.149377593360996830e-04 4.149377593360996830e-04 4.149377593360996830e-04 1.286307053941909001e-02 4.149377593360996830e-04 4.149377593360996830e-04 4.149377593360996830e-04
