2.186046511627906183e-02 1.550387596899224351e-04 6.682170542635657018e-02 1.410852713178293964e-02 1.550387596899224351e-04 1.550387596899224351e-04 1.550387596899224351e-04 3.598449612403099573e-01 7.302325581395346932e-02 1.550387596899224351e-04 2.651162790697673619e-02 1.550387596899224351e-04 1.550387596899224351e-04 1.550387596899224351e-04 1.550387596899224351e-04 8.232558139534880415e-02 1.550387596899224351e-04 1.582945736434107908e-01 9.782945736434105199e-02 1.550387596899224351e-04 4.046511627906975578e-02 3.736434108527130621e-02 1.550387596899224351e-04 3.255813953488370920e-03 1.550387596899224351e-04 1.550387596899224351e-04 1.410852713178293964e-02 1.705426356589146786e-03 1.550387596899224351e-04 1.550387596899224351e-04
9.083011583011586787e-02 9.652509652509657886e-05 1.264478764478764970e-02 9.652509652509657886e-05 9.652509652509657886e-05 9.652509652509657886e-05 9.652509652509657886e-05 8.783783783783787741e-03 2.027027027027028007e-03 2.422779922779923906e-02 2.027027027027028007e-03 5.888030888030889969e-03 1.796332046332047017e-01 4.353281853281855407e-02 9.652509652509657886e-05 3.957528957528958988e-03 3.109073359073360465e-01 9.749034749034752798e-03 1.767374517374518117e-01 6.766409266409269263e-02 9.652509652509657886e-05 1.071428571428571785e-02 2.027027027027028007e-03 9.652509652509657886e-05 4.739382239382241430e-02 9.652509652509657886e-05 9.652509652509657886e-05 9.652509652509657886e-05 9.652509652509657886e-05 9.652509652509657886e-05
1.291079812206572495e-03 1.173708920187793128e-04 1.173708920187793128e-04 2.477699530516431214e-01 1.302816901408450356e-02 9.049295774647883595e-02 4.706572769953050461e-02 1.173708920187793128e-04 1.173708920187793128e-04 1.173708920187793128e-04 1.173708920187793128e-04 1.116197183098591172e-01 1.173708920187793128e-04 1.068075117370891752e-02 1.173708920187793128e-04 7.159624413145537596e-03 1.173708920187793128e-04 5.985915492957744576e-03 1.163145539906102893e-01 1.173708920187793128e-04 3.063380281690140233e-02 1.889671361502347213e-02 1.173708920187793128e-04 2.476525821596243723e-02 1.173708920187793128e-04 1.173708920187793128e-04 1.420187793427229658e-02 1.173708920187793128e-04 3.180751173708919188e-02 2.266431924882628401e-01
1.909090909090908339e-01 2.932551319648093297e-04 2.932551319648093297e-04 2.932551319648093297e-04 2.932551319648093297e-04 9.090909090909088733e-03 2.932551319648093297e-04 2.932551319648093297e-04 2.932551319648093297e-04 2.932551319648093297e-04 2.932551319648093297e-04 1.202346041055717997e-02 2.932551319648093297e-04 1.495601173020527294e-02 2.932551319648093297e-04 2.932551319648093297e-04 2.932551319648093297e-04 3.841642228739001325e-02 1.762463343108503777e-01 3.225806451612902356e-03 6.480938416422285520e-02 2.378299120234603214e-01 2.932551319648093297e-04 2.932551319648093297e-04 2.932551319648093297e-04 2.932551319648093297e-04 2.932551319648093297e-04 2.932551319648093297e-04 2.932551319648093297e-04 2.466275659824045952e-01
3.606557377049179457e-03 3.278688524590162847e-04 3.278688524590162847e-04 3.278688524590162847e-04 1.016393442622950428e-02 1.016393442622950428e-02 3.278688524590162847e-04 1.344262295081966561e-02 3.278688524590162847e-04 5.150819672131144999e-01 3.967213114754096492e-02 6.590163934426226944e-02 3.278688524590162847e-04 3.278688524590162847e-04 3.278688524590162847e-04 3.278688524590162847e-04 1.052459016393442331e-01 1.249180327868852081e-01 3.278688524590162847e-04 3.606557377049179457e-03 7.901639344262292863e-02 1.999999999999999001e-02 3.278688524590162847e-04 3.278688524590162847e-04 3.278688524590162847e-04 3.278688524590162847e-04 3.278688524590162847e-04 3.606557377049179457e-03 3.278688524590162847e-04 3.278688524590162847e-04
3.703703703703704604e-04 3.703703703703704604e-04 3.703703703703704604e-04 3.596296296296296879e-01 3.703703703703704604e-04 3.703703703703704604e-04 3.000000000000000583e-02 3.703703703703704604e-04 3.337037037037037801e-01 3.703703703703704604e-04 3.703703703703704604e-04 1.262962962962963231e-01 3.703703703703704604e-04 3.703703703703704604e-04 3.703703703703704604e-04 3.703703703703704604e-04 3.703703703703704604e-04 3.370370370370370794e-02 3.703703703703704604e-04 3.370370370370370794e-02 3.703703703703704604e-04 7.777777777777780156e-03 3.703703703703704604e-04 3.703703703703704604e-04 3.703703703703704604e-04 4.074074074074075444e-03 3.703703703703704604e-04 3.703703703703704604e-04 3.703703703703704604e-04 6.333333333333335258e-02
9.051851851851848429e-02 1.481481481481481191e-04 1.629629629629629310e-03 6.977777777777775803e-02 1.481481481481481191e-04 1.481481481481481191e-04 1.481481481481481191e-04 1.481481481481481191e-04 1.481481481481481191e-04 1.481481481481481191e-04 3.111111111111110068e-03 4.179259259259258119e-01 1.481481481481481191e-04 1.481481481481481191e-04 1.481481481481481191e-04 1.481481481481481191e-04 9.037037037037032663e-03 2.088888888888888046e-02 1.586666666666665948e-01 1.481481481481481191e-04 4.014814814814813421e-02 5.644444444444442904e-02 1.481481481481481191e-04 1.481481481481481191e-04 1.481481481481481191e-04 1.481481481481481191e-04 1.481481481481481191e-04 1.481481481481481191e-04 1.481481481481481191e-04 1.290370370370369779e-01
1.360169491525423935e-01 4.237288135593221300e-04 4.237288135593221300e-04 4.661016949152543484e-03 2.584745762711864597e-02 8.898305084745764676e-03 4.237288135593221300e-04 8.898305084745764676e-03 4.237288135593221300e-04 4.661016949152543484e-03 2.292372881355932424e-01 4.661016949152543484e-03 4.237288135593221300e-04 4.661016949152543484e-03 1.737288135593220359e-02 4.237288135593221300e-04 1.737288135593220359e-02 9.364406779661019198e-02 4.237288135593221300e-04 6.822033898305086830e-02 5.550847457627119258e-02 4.237288135593221300e-04 2.207627118644068243e-01 4.237288135593221300e-04 4.237288135593221300e-04 4.237288135593221300e-04 4.237288135593221300e-04 4.237288135593221300e-04 8.898305084745764676e-03 8.516949152542374613e-02
1.272264631043256713e-04 1.272264631043256713e-04 1.272264631043256713e-04 5.101781170483458971e-02 1.272264631043256713e-04 3.956743002544528542e-02 1.272264631043256713e-04 2.863867684478370590e-01 5.101781170483458971e-02 2.811704834605597420e-02 3.066157760814248665e-02 7.010178117048344870e-02 1.272264631043256713e-04 1.399491094147582411e-03 1.272264631043256713e-04 1.272264631043256713e-04 2.938931297709922869e-02 1.566157760814248789e-01 1.489821882951653520e-01 1.399491094147582411e-03 3.066157760814248665e-02 1.539440203562340501e-02 1.272264631043256713e-04 1.272264631043256713e-04 1.272264631043256713e-04 1.272264631043256713e-04 1.272264631043256713e-04 1.272264631043256713e-04 1.272264631043256713e-04 5.737913486005087604e-02
2.048192771084337768e-02 4.016064257028113707e-04 4.016064257028113707e-04 9.277108433734942983e-02 5.261044176706828474e-02 4.016064257028113707e-04 4.016064257028113707e-04 6.064257028112451237e-02 4.016064257028113707e-04 4.016064257028113707e-04 4.016064257028113707e-04 4.417670682730925023e-03 4.016064257028113707e-04 4.016064257028113707e-04 4.016064257028113707e-04 4.016064257028113707e-04 4.016064257028113707e-04 4.016064257028113707e-04 9.678714859437753670e-02 4.859437751004017092e-02 4.016064257028113707e-04 4.016064257028113707e-04 4.622489959839358176e-01 4.016064257028113707e-04 4.016064257028113707e-04 1.244979919678715179e-02 1.248995983935743265e-01 1.646586345381526387e-02 4.016064257028113707e-04 4.016064257028113707e-04
9.930486593843096963e-05 9.930486593843096963e-05 9.930486593843096963e-05 4.875868917576960115e-02 9.930486593843096963e-05 1.996027805362462354e-02 4.875868917576960115e-02 9.930486593843096963e-05 9.930486593843096963e-05 1.709036742800396913e-01 9.930486593843096963e-05 9.930486593843096963e-05 1.092353525322740720e-03 2.691161866931479282e-02 5.064548162859978421e-03 9.930486593843096963e-05 1.300893743793445599e-02 3.485600794438926953e-02 1.659384309831181403e-01 9.145978152929490346e-02 9.930486593843096963e-05 2.682224428997020405e-01 9.930486593843096963e-05 2.095332671300893443e-02 5.074478649453822293e-02 9.930486593843096963e-05 9.930486593843096963e-05 2.989076464746772202e-02 2.085402184707050091e-03 9.930486593843096963e-05
1.470588235294117518e-04 1.617647058823529216e-03 1.470588235294117518e-04 1.369117647058823162e-01 1.470588235294117518e-04 1.470588235294117518e-04 1.470588235294117518e-04 1.470588235294117518e-04 1.470588235294117518e-04 9.279411764705880472e-02 1.926470588235293727e-02 6.485294117647058543e-02 1.470588235294117518e-04 6.191176470588234670e-02 1.470588235294117518e-04 1.470588235294117518e-04 2.604411764705881760e-01 1.470588235294117518e-04 1.133823529411764480e-01 1.470588235294117518e-04 5.897058823529410798e-02 1.470588235294117518e-04 1.470588235294117518e-04 1.470588235294117518e-04 3.397058823529411353e-02 1.470588235294117518e-04 1.470588235294117518e-04 1.470588235294117518e-04 1.470588235294117518e-04 1.530882352941176083e-01
1.718749999999999792e-03 1.562499999999999761e-04 3.281249999999999445e-03 7.984374999999999112e-02 1.562499999999999761e-04 1.562499999999999761e-04 1.562499999999999761e-04 6.578124999999998557e-02 6.890624999999998834e-02 1.562499999999999761e-04 1.421874999999999702e-02 7.671874999999998834e-02 3.281249999999999445e-03 5.484374999999998973e-02 1.562499999999999761e-04 1.079687499999999745e-01 1.562499999999999761e-04 5.796874999999999251e-02 8.296874999999999389e-02 1.562499999999999761e-04 2.204687499999999634e-01 1.562499999999999761e-04 1.562499999999999761e-04 1.562499999999999761e-04 1.562499999999999761e-04 1.562499999999999761e-04 1.562499999999999761e-04 1.562499999999999761e-04 1.562499999999999761e-04 1.595312499999999578e-01
2.239776951672863697e-02 9.293680297397773418e-05 9.293680297397773418e-05 2.797397769516729929e-02 9.293680297397773418e-05 9.293680297397773418e-05 9.293680297397773418e-05 2.900557620817845184e-01 9.293680297397773418e-05 8.457249070631974244e-03 2.983271375464685571e-02 2.045539033457249856e-01 9.293680297397773418e-05 9.293680297397773418e-05 9.293680297397773418e-05 9.293680297397773418e-05 9.293680297397773418e-05 2.696096654275094151e-01 2.890334572490707576e-02 4.191449814126396028e-02 4.470260223048329318e-02 9.293680297397773418e-05 9.293680297397773418e-05 9.293680297397773418e-05 1.682156133828997119e-02 9.293680297397773418e-05 9.293680297397773418e-05 4.739776951672864010e-03 9.293680297397773418e-05 8.457249070631974244e-03
1.769911504424778520e-04 1.769911504424778520e-04 1.946902654867256480e-03 1.769911504424778520e-04 7.628318584070795105e-02 1.946902654867256480e-03 1.769911504424778520e-04 1.930973451327433199e-01 1.769911504424778520e-04 1.769911504424778520e-04 1.769911504424778520e-04 1.769911504424778520e-04 1.769911504424778520e-04 7.256637168141590738e-03 1.946902654867256480e-03 4.265486725663716200e-02 1.964601769911503842e-02 1.256637168141592521e-02 2.302654867256636595e-01 1.769911504424778520e-04 1.769911504424778520e-04 3.716814159292035000e-03 1.769911504424778520e-04 1.769911504424778520e-04 1.787610619469025969e-02 7.256637168141590738e-03 1.769911504424778520e-04 3.807079646017698105e-01 1.769911504424778520e-04 1.769911504424778520e-04
2.375296912114013706e-04 2.375296912114013706e-04 2.375296912114013706e-04 2.375296912114013706e-04 2.375296912114013706e-04 2.161520190023752397e-02 2.375296912114013706e-04 1.831353919239904482e-01 3.586698337292160144e-02 2.375296912114013706e-04 2.375296912114013706e-04 2.612826603325415185e-03 2.612826603325415185e-03 4.299287410926364711e-02 2.375296912114013706e-04 1.047505938242280082e-01 2.375296912114013706e-04 2.425178147268407802e-01 2.874109263657956270e-02 2.375296912114013706e-04 1.855106888361044426e-01 2.375296912114013706e-04 2.375296912114013706e-04 2.375296912114013706e-04 2.375296912114013706e-04 2.612826603325415185e-03 2.375296912114013706e-04 2.375296912114013706e-04 2.375296912114013706e-04 1.427553444180522102e-01
2.237136465324384305e-04 2.460850111856822953e-03 3.154362416107381328e-02 4.720357941834450732e-02 2.460850111856822953e-03 2.418344519015659111e-01 2.237136465324384305e-04 6.957494407158834604e-02 6.935123042505591563e-03 2.237136465324384305e-04 2.237136465324384305e-04 2.237136465324384305e-04 2.237136465324384305e-04 6.935123042505591563e-03 2.460850111856822953e-03 1.791946308724831627e-01 2.237136465324384305e-04 7.852348993288589540e-02 1.277404921700223406e-01 2.237136465324384305e-04 2.460850111856822953e-03 2.237136465324384305e-04 2.237136465324384305e-04 2.237136465324384305e-04 2.237136465324384305e-04 2.237136465324384305e-04 2.237136465324384305e-04 3.154362416107381328e-02 1.140939597315435844e-02 1.545861297539149470e-01
1.724137931034482626e-04 1.724137931034482626e-04 1.724137931034482626e-04 2.775862068965517099e-02 1.724137931034482626e-04 1.896551724137930835e-03 1.724137931034482626e-04 1.724137931034482626e-04 6.913793103448274968e-02 4.499999999999999140e-02 1.896551724137930835e-03 1.812068965517240893e-01 1.741379310344827111e-02 7.603448275862068062e-02 1.051724137931034191e-02 1.741379310344827111e-02 5.189655172413792233e-02 1.724137931034482626e-04 8.810344827586205629e-02 1.224137931034482464e-02 2.243103448275861611e-01 1.724137931034482626e-04 1.724137931034482626e-04 3.620689655172413136e-03 1.724137931034482626e-04 1.724137931034482626e-04 1.724137931034482626e-04 1.724137931034482626e-04 1.724137931034482626e-04 1.691379310344827136e-01
1.963837267704671499e-02 3.566047212456052891e-03 1.632847815168257666e-01 5.630336514314415730e-02 5.022601707684582042e-05 8.292315419387244479e-02 5.022601707684582042e-05 1.472124560522350967e-01 7.940733299849322968e-02 5.022601707684582042e-05 1.562029131089904925e-02 5.022601707684582042e-05 1.260673028628830038e-02 2.059266700150678454e-03 5.022601707684582042e-05 5.022601707684582042e-05 5.022601707684582042e-05 1.175791059768960534e-01 1.351582119537921012e-01 2.516323455549975691e-02 1.913611250627825569e-02 6.077348066298343329e-03 5.022601707684582042e-05 1.461577096936213412e-02 5.022601707684582042e-05 2.164741336012054873e-02 2.114515318935208943e-02 5.022601707684582042e-05 1.054746358613762236e-03 5.529884480160724564e-02
1.510574018126887674e-04 4.682779456193351952e-03 3.172205438066464170e-03 1.510574018126887674e-04 1.510574018126887674e-04 2.599697885196373681e-01 1.510574018126887674e-04 5.302114803625376099e-02 1.510574018126887674e-04 1.510574018126887674e-04 1.510574018126887674e-04 7.703927492447126650e-03 3.172205438066464170e-03 7.703927492447126650e-03 1.510574018126887674e-04 9.214501510574013565e-03 2.129909365558911583e-02 4.682779456193351952e-03 1.602719033232627710e-01 3.172205438066464170e-03 1.510574018126887674e-04 7.567975830815706906e-02 5.755287009063442261e-02 1.481873111782476826e-01 1.510574018126887674e-04 1.510574018126887674e-04 1.510574018126887674e-04 1.240181268882174781e-01 1.510574018126887674e-04 5.453172205438065051e-02
1.692047377326564596e-04 1.692047377326564596e-04 1.692047377326564596e-04 1.692047377326564596e-04 3.553299492385785571e-03 1.861252115059221137e-03 1.692047377326564596e-04 1.692047377326564596e-04 6.937394247038914004e-03 3.553299492385785571e-03 3.553299492385785571e-03 1.692047377326564596e-04 1.032148900169204200e-02 3.553299492385785571e-03 1.692047377326564596e-04 1.201353637901860644e-02 5.365482233502536502e-01 3.401015228426394754e-02 2.607445008460235747e-01 8.629441624365477570e-03 2.385786802030455747e-02 1.692047377326564596e-04 1.692047377326564596e-04 1.539763113367173704e-02 3.401015228426394754e-02 5.245346869712350438e-03 5.245346869712350438e-03 6.937394247038914004e-03 5.245346869712350438e-03 1.708967851099829974e-02
1.605136436597110199e-04 1.605136436597110199e-04 4.189406099518457743e-02 1.189406099518458548e-01 1.605136436597110199e-04 3.370786516853931363e-03 2.263242375601925288e-02 1.765650080256821273e-03 3.226324237560191516e-02 1.605136436597110199e-04 4.670947030497590857e-02 3.035313001605135508e-01 1.605136436597110199e-04 1.621187800963081252e-02 1.605136436597110199e-04 1.605136436597110199e-04 2.184590690208666752e-01 1.605136436597110199e-04 1.109149277688603052e-01 3.065810593900480593e-02 1.605136436597110199e-04 1.605136436597110199e-04 1.765650080256821273e-03 1.605136436597110199e-04 1.605136436597110199e-04 1.605136436597110199e-04 6.581059390048151110e-03 1.605136436597110199e-04 1.605136436597110199e-04 4.189406099518457743e-02
2.691235059760955228e-01 1.992031872509959691e-04 1.992031872509959691e-04 1.992031872509959691e-04 1.992031872509959691e-04 3.804780876494023162e-02 1.992031872509959691e-04 6.394422310756971151e-02 1.992031872509959691e-04 2.191235059760955877e-03 6.175298804780875693e-03 1.992031872509959691e-04 1.992031872509959691e-04 1.992031872509959691e-04 1.992031872509959691e-04 1.992031872509959691e-04 1.992031872509959691e-04 1.992031872509959691e-04 2.432270916334660638e-01 2.191235059760955877e-03 1.992031872509959691e-04 1.575697211155377975e-01 7.191235059760954507e-02 2.191235059760955877e-03 1.992031872509959691e-04 1.992031872509959691e-04 1.414342629482071359e-02 1.256972111553784632e-01 1.992031872509959691e-04 1.992031872509959691e-04
2.150537634408602149e-04 4.516129032258064946e-03 2.150537634408602149e-04 2.365591397849462364e-03 2.150537634408602149e-04 2.217204301075268724e-01 2.150537634408602149e-04 2.150537634408602149e-04 2.150537634408602149e-04 2.150537634408602149e-04 2.150537634408602149e-04 2.150537634408602149e-04 6.903225806451612767e-02 2.150537634408602149e-04 2.150537634408602149e-04 2.365591397849462364e-03 2.150537634408602149e-04 6.043010752688172255e-02 1.550537634408601928e-01 2.150537634408602149e-04 2.150537634408602149e-04 2.150537634408602149e-04 4.516129032258064946e-03 2.150537634408602149e-04 2.150537634408602149e-04 8.817204301075267509e-03 6.666666666666667095e-03 3.636559139784946160e-01 1.956989247311827912e-02 7.763440860215053974e-02
4.184100418410043216e-04 4.184100418410043216e-04 4.184100418410043216e-04 4.184100418410043216e-04 4.184100418410043216e-04 4.184100418410043216e-04 1.297071129707113267e-02 4.184100418410043216e-04 8.786610878661090321e-03 1.297071129707113267e-02 3.389121338912134268e-02 4.184100418410043216e-04 4.184100418410043216e-04 4.184100418410043216e-04 4.184100418410043216e-04 4.184100418410043216e-04 8.786610878661090321e-03 8.786610878661090321e-03 1.092050209205021188e-01 3.393305439330544515e-01 8.786610878661090321e-03 4.184100418410043216e-04 4.184100418410043216e-04 9.246861924686194945e-02 4.184100418410043216e-04 4.184100418410043216e-04 3.560669456066946070e-01 4.184100418410043216e-04 4.184100418410043216e-04 4.184100418410043216e-04
1.745200698080279049e-04 1.745200698080279049e-04 1.745200698080279049e-04 1.745200698080279049e-04 5.078534031413611816e-02 9.092495636998253195e-02 3.507853403141360932e-02 3.664921465968586003e-03 1.745200698080279049e-04 1.745200698080279049e-04 1.745200698080279049e-04 1.745200698080279049e-04 1.745200698080279049e-04 1.745200698080279049e-04 1.588132635253053718e-02 3.682373472949388576e-02 1.745200698080279049e-04 2.111692844677137346e-02 2.724258289703315183e-01 1.745200698080279049e-04 1.745200698080279049e-04 4.904013961605584171e-02 3.664921465968586003e-03 1.745200698080279049e-04 2.460732984293193329e-02 1.588132635253053718e-02 1.919720767888306954e-03 2.881326352530540480e-01 1.745200698080279049e-04 8.743455497382197905e-02
1.401273885350318420e-03 1.273885350318471217e-04 1.273885350318471217e-04 9.439490445859870238e-02 1.273885350318471217e-04 1.401273885350318420e-03 7.019108280254776622e-02 1.401273885350318420e-03 1.273885350318471217e-04 1.273885350318471217e-04 1.273885350318471217e-04 1.273885350318471217e-04 5.363057324840763557e-02 1.273885350318471217e-04 1.273885350318471217e-04 1.401273885350318420e-03 2.421656050955413586e-01 1.273885350318471217e-04 2.549044585987260692e-01 2.433121019108280131e-02 1.273885350318471217e-04 1.273885350318471217e-04 1.273885350318471217e-04 1.273885350318471217e-04 1.273885350318471217e-04 7.783439490445859255e-02 1.273885350318471217e-04 1.273885350318471217e-04 1.273885350318471217e-04 1.746496815286623927e-01
1.680672268907562801e-04 1.848739495798319135e-03 1.680672268907562801e-04 1.211764705882352605e-01 1.680672268907562801e-04 5.394957983193276324e-02 1.361344537815125690e-02 2.537815126050419617e-02 1.680672268907562801e-04 1.680672268907562801e-04 1.680672268907562801e-04 9.092436974789915027e-02 4.554621848739495021e-02 1.697478991596638315e-02 1.680672268907562801e-04 1.680672268907562801e-04 1.010084033613445204e-01 1.680672268907562801e-04 2.774789915966385800e-01 1.680672268907562801e-04 2.873949579831932416e-02 6.890756302521006127e-03 1.848739495798319135e-03 1.680672268907562801e-04 1.680672268907562801e-04 6.571428571428569732e-02 1.680672268907562801e-04 2.033613445378150766e-02 1.680672268907562801e-04 1.262184873949579456e-01
3.875968992248063046e-04 3.875968992248063046e-04 8.139534883720931854e-03 2.755813953488372436e-01 3.875968992248063046e-04 3.875968992248063046e-04 1.709302325581395776e-01 4.263565891472869893e-03 1.399224806201550819e-01 4.263565891472869893e-03 4.263565891472869893e-03 1.166666666666666963e-01 3.875968992248063046e-04 3.875968992248063046e-04 3.875968992248063046e-04 3.875968992248063046e-04 3.139534883720930536e-02 3.875968992248063046e-04 1.050387596899225034e-01 3.875968992248063046e-04 3.875968992248063046e-04 3.875968992248063046e-04 3.875968992248063046e-04 3.875968992248063046e-04 4.263565891472869893e-03 3.875968992248063046e-04 3.875968992248063046e-04 3.875968992248063046e-04 3.875968992248063046e-04 1.282945736434108752e-01
1.501501501501501434e-04 7.657657657657655770e-03 1.651651651651651551e-03 1.442942942942942730e-01 1.501501501501501434e-04 5.120120120120119633e-02 1.501501501501501434e-04 6.171171171171170589e-02 9.159159159159156391e-03 1.501501501501501434e-04 6.171171171171170589e-02 1.501501501501501434e-04 1.501501501501501434e-04 1.501501501501501434e-04 1.501501501501501434e-04 1.501501501501501434e-04 9.024024024024022983e-02 1.501501501501501434e-04 5.870870870870870117e-02 1.651651651651651551e-03 1.816816816816816532e-02 1.501501501501501434e-04 6.156156156156154281e-03 3.468468468468468430e-02 1.366366366366365999e-02 7.672672672672671557e-02 1.501501501501501434e-04 2.867867867867867487e-02 1.501501501501501434e-04 3.319819819819819218e-01
1.027749229188077996e-04 1.027749229188077996e-04 1.027749229188077996e-04 1.027749229188077996e-04 1.027749229188077996e-04 1.367934224049331682e-01 1.654676258992805737e-02 8.026721479958888461e-02 1.027749229188077996e-04 1.130524152106885836e-03 1.027749229188077996e-04 1.018499486125385295e-01 1.027749229188077996e-04 1.551901336073997772e-02 1.027749229188077996e-04 1.027749229188077996e-04 3.710174717368961567e-02 1.027749229188077996e-04 9.671120246659813124e-02 1.027749229188077996e-04 2.271325796505652486e-02 1.027749229188077996e-04 1.027749229188077996e-04 1.027749229188077996e-04 1.027749229188077996e-04 8.643371017471734863e-02 1.130524152106885836e-03 2.580678314491263725e-01 2.476875642343268069e-02 1.193216855087358419e-01
1.033057851239669531e-04 1.033057851239669531e-04 1.033057851239669531e-04 1.085743801652892526e-01 1.033057851239669531e-04 1.054752066115702408e-01 1.033057851239669531e-04 1.178719008264462742e-01 1.033057851239669531e-04 1.033057851239669531e-04 1.136363636363636525e-03 1.033057851239669531e-04 8.584710743801651778e-02 1.033057851239669531e-04 1.033057851239669531e-04 1.033057851239669531e-04 3.935950413223140987e-02 2.799586776859504245e-02 9.721074380165288520e-02 1.033057851239669531e-04 1.033057851239669531e-04 1.973140495867768685e-02 1.033057851239669531e-04 1.033057851239669531e-04 1.033057851239669531e-04 1.478305785123966987e-01 1.033057851239669531e-04 1.559917355371900731e-02 1.033057851239669531e-04 2.315082644628099207e-01
1.562499999999999490e-04 1.562499999999999490e-04 1.562499999999999490e-04 9.531249999999996322e-03 1.562499999999999490e-04 6.406249999999997016e-03 1.562499999999999490e-04 4.204687499999998912e-01 1.718749999999999575e-03 1.562499999999999490e-04 1.562499999999999490e-04 1.454687499999999523e-01 1.562499999999999490e-04 1.562499999999999490e-04 2.828124999999999389e-02 1.562499999999999490e-04 1.562499999999999490e-04 1.689062499999999245e-01 9.703124999999997169e-02 1.562499999999999490e-04 9.078124999999996614e-02 1.562499999999999490e-04 1.562499999999999490e-04 1.562499999999999490e-04 1.562499999999999490e-04 1.109374999999999598e-02 1.562499999999999490e-04 1.562499999999999490e-04 1.718749999999999575e-03 1.578124999999999320e-02
1.027749229188077860e-04 1.027749229188077860e-04 1.027749229188077860e-04 1.027749229188077860e-04 1.027749229188077860e-04 1.027749229188077860e-04 1.027749229188077860e-04 1.027749229188077860e-04 1.027749229188077860e-04 1.028776978417265953e-01 1.027749229188077860e-04 4.317574511819115557e-01 3.196300102774922436e-02 1.027749229188077860e-04 1.027749229188077860e-04 1.027749229188077860e-04 1.213771839671119873e-01 1.027749229188077860e-04 2.005138746145939954e-01 5.457348406988693501e-02 3.186022610483041449e-03 7.297019527235352673e-03 1.027749229188077860e-04 1.027749229188077860e-04 1.027749229188077860e-04 1.038026721479958642e-02 1.027749229188077860e-04 4.213771839671118929e-03 6.269270298047274759e-03 2.374100719424460104e-02
3.276131045241808832e-03 1.560062402496099302e-04 1.560062402496099302e-04 2.591263650546020703e-01 1.716068642745709368e-03 8.595943837753507177e-02 1.560062402496099302e-04 1.716068642745709368e-03 7.956318252730106358e-03 4.071762870514819554e-02 4.851794071762868810e-02 8.439937597503897881e-02 1.560062402496099302e-04 1.560062402496099302e-04 1.716068642745709368e-03 1.419656786271450248e-02 8.595943837753507177e-02 1.560062402496099302e-04 2.248049921996878864e-01 1.560062402496099302e-04 1.560062402496099302e-04 3.276131045241808832e-03 1.107644305772230442e-02 1.560062402496099302e-04 1.560062402496099302e-04 1.560062402496099302e-04 1.731669266770670054e-02 1.560062402496099302e-04 6.099843993759748728e-02 4.539781591263648830e-02
2.588235294117646398e-03 2.352941176470587758e-04 2.352941176470587758e-04 4.258823529411764203e-02 2.352941176470587758e-04 4.964705882352940525e-02 2.141176470588234543e-02 8.494117647058821441e-02 2.352941176470587758e-04 2.352941176470587758e-04 2.352941176470587758e-04 1.155294117647058527e-01 5.905882352941175389e-02 1.670588235294117110e-02 2.352941176470587758e-04 2.352941176470587758e-04 2.588235294117646398e-03 2.352941176470587758e-04 2.261176470588234511e-01 2.352941176470587758e-04 4.941176470588234428e-03 2.352941176470587758e-04 2.352941176470587758e-04 2.352941176470587758e-04 2.352941176470587758e-04 8.729411764705879984e-02 2.352941176470587758e-04 1.199999999999999678e-02 2.352941176470587758e-04 2.708235294117646297e-01
2.481389578163771168e-04 2.729528535980148447e-03 7.692307692307690133e-03 3.498759305210916853e-02 5.210918114143919290e-03 1.265508684863523095e-02 5.210918114143919290e-03 2.481389578163771168e-04 2.481389578163771168e-04 2.481389578163771168e-04 2.481389578163771168e-04 5.980148883374688390e-02 9.454094292803967570e-02 2.481389578163771168e-04 2.481389578163771168e-04 2.481389578163771168e-04 4.444168734491313888e-01 2.481389578163771168e-04 1.665012406947890267e-01 2.481389578163771168e-04 4.491315136476425884e-02 4.491315136476425884e-02 2.481389578163771168e-04 2.481389578163771168e-04 2.481389578163771168e-04 2.481389578163771168e-04 2.481389578163771168e-04 2.481389578163771168e-04 2.481389578163771168e-04 7.220843672456574158e-02
2.475247524752475278e-04 4.727722772277227758e-02 2.475247524752475278e-04 2.475247524752475278e-04 1.262376237623762283e-02 1.363861386138613963e-01 2.475247524752475278e-04 2.475247524752475278e-04 2.722772277227723022e-03 2.475247524752475278e-04 2.475247524752475278e-04 3.737623762376237474e-02 4.727722772277227758e-02 5.198019801980198300e-03 2.475247524752475278e-04 1.757425742574257252e-02 1.014851485148514712e-02 2.499999999999999792e-02 2.081683168316831589e-01 7.673267326732673144e-03 1.014851485148514712e-02 7.673267326732673144e-03 2.475247524752475278e-04 3.242574257425742679e-02 2.722772277227723022e-03 2.004950495049504997e-02 2.475247524752475278e-04 2.997524752475247412e-01 6.707920792079208328e-02 2.475247524752475278e-04
1.133786848072562280e-04 1.133786848072562280e-04 1.133786848072562280e-04 1.214285714285713996e-01 1.133786848072562280e-04 1.133786848072562280e-04 1.133786848072562280e-04 2.052154195011337764e-02 1.247165532879818562e-03 9.648526077097503706e-02 1.133786848072562280e-04 2.165532879818593895e-02 6.133786848072561582e-02 1.133786848072562280e-04 1.133786848072562280e-04 1.133786848072562280e-04 2.278911564625850372e-02 1.247165532879818562e-03 1.078231292517006640e-01 1.133786848072562280e-04 2.505668934240362633e-02 1.133786848072562280e-04 1.247165532879818562e-03 1.133786848072562280e-04 1.133786848072562280e-04 2.540816326530611624e-01 3.514739229024942905e-03 1.133786848072562280e-04 1.133786848072562280e-04 2.597505668934240175e-01
1.675824175824175769e-02 2.747252747252747250e-04 2.747252747252747250e-04 3.271978021978022011e-01 2.747252747252747250e-04 2.747252747252747250e-04 1.156593406593406648e-01 2.747252747252747250e-04 1.401098901098900978e-02 3.873626373626373742e-02 2.747252747252747250e-04 2.747252747252747250e-04 3.021978021978022084e-03 2.747252747252747250e-04 2.747252747252747250e-04 2.747252747252747250e-04 1.675824175824175769e-02 2.747252747252747250e-04 9.368131868131868156e-02 2.747252747252747250e-04 2.747252747252747250e-04 1.950549450549450559e-02 2.747252747252747250e-04 5.769230769230769551e-03 2.747252747252747250e-04 8.516483516483517452e-03 2.747252747252747250e-04 2.747252747252747250e-04 2.859890109890109722e-01 4.972527472527472903e-02
3.846153846153847235e-04 3.846153846153847235e-04 1.192307692307692686e-02 2.734615384615384781e-01 8.076923076923078759e-03 1.080769230769231121e-01 1.961538461538461786e-02 3.846153846153847235e-04 4.230769230769232392e-03 3.846153846153847235e-04 3.846153846153847235e-04 1.157692307692308048e-01 4.230769230769232392e-03 8.076923076923078759e-03 3.846153846153847235e-04 3.846153846153847235e-04 1.119230769230769584e-01 3.846153846153847235e-04 1.196153846153846512e-01 1.576923076923077149e-02 3.846153846153847235e-04 3.846153846153847235e-04 4.230769230769232392e-03 3.846153846153847235e-04 3.846153846153847235e-04 4.230769230769232392e-03 3.846153846153847235e-04 3.846153846153847235e-04 3.846153846153847235e-04 1.850000000000000533e-01
4.479830148619957930e-02 2.123142250530785633e-04 2.123142250530785633e-04 2.123142250530785633e-04 2.123142250530785633e-04 2.123142250530785633e-04 4.267515923566879421e-02 2.123142250530785633e-04 1.082802547770700570e-02 2.123142250530785633e-04 2.123142250530785633e-04 2.123142250530785633e-04 2.123142250530785633e-04 1.932059447983014780e-02 2.123142250530785633e-04 1.295116772823779079e-02 1.000000000000000056e-01 2.123142250530785633e-04 1.445859872611464925e-01 2.123142250530785633e-04 8.704883227176220609e-03 1.063694267515923608e-01 4.458598726114649559e-03 2.123142250530785633e-04 2.569002123142250307e-02 2.401273885350318216e-01 2.123142250530785633e-04 2.123142250530785633e-04 1.082802547770700570e-02 2.252653927813163259e-01
1.543209876543209574e-04 1.543209876543209574e-04 1.543209876543209574e-04 1.807098765432098297e-01 1.697530864197530640e-03 5.879629629629629095e-02 1.558641975308641681e-02 1.543209876543209574e-04 1.712962962962962660e-02 1.050925925925925708e-01 6.188271604938271053e-02 1.976851851851851305e-01 1.543209876543209574e-04 3.873456790123456367e-02 1.543209876543209574e-04 1.543209876543209574e-04 1.543209876543209574e-04 1.712962962962962660e-02 1.282407407407407107e-01 7.577160493827159171e-02 9.413580246913577643e-03 1.543209876543209574e-04 1.543209876543209574e-04 1.543209876543209574e-04 1.543209876543209574e-04 1.543209876543209574e-04 1.543209876543209574e-04 1.543209876543209574e-04 1.543209876543209574e-04 8.966049382716048677e-02
4.081632653061225725e-04 4.489795918367348732e-03 4.081632653061225725e-04 4.081632653061225725e-04 8.571428571428573590e-03 4.081632653061225725e-04 4.081632653061225725e-04 3.714285714285715106e-02 4.081632653061225725e-04 4.081632653061225725e-04 4.530612244897960078e-02 5.391836734693878919e-01 1.265306122448979845e-02 4.081632653061225725e-04 4.081632653061225725e-04 4.081632653061225725e-04 4.081632653061225725e-04 4.122448979591837592e-02 8.612244897959185630e-02 1.673469387755102331e-02 1.673469387755102331e-02 4.081632653061225725e-04 4.081632653061225725e-04 4.081632653061225725e-04 4.081632653061225725e-04 4.081632653061225725e-04 4.081632653061225725e-04 4.081632653061225725e-04 4.081632653061225725e-04 1.840816326530612668e-01
1.686340640809443525e-04 1.854974704890387932e-03 1.686340640809443525e-04 1.686340640809443525e-04 1.686340640809443525e-04 1.854974704890387932e-03 1.686340640809443525e-04 1.266441821247892008e-01 1.686340640809443525e-04 1.686340640809443525e-04 1.283305227655986425e-01 2.345699831365935795e-01 1.686340640809443525e-04 1.854974704890387932e-03 1.686340640809443525e-04 1.686340640809443525e-04 1.569983136593591788e-01 3.558178752107925974e-02 1.654300168634063872e-01 5.244519392917369738e-02 1.686340640809443525e-04 1.686340640809443525e-04 1.686340640809443525e-04 1.686340640809443525e-04 1.686340640809443525e-04 1.686340640809443525e-04 3.895446880269815004e-02 1.686340640809443525e-04 1.686340640809443525e-04 5.244519392917369738e-02
1.468428781204111303e-04 1.468428781204111303e-04 1.468428781204111303e-04 1.468428781204111303e-04 1.468428781204111303e-04 1.234948604992657378e-01 1.615271659324522434e-03 3.790014684287811297e-01 1.468428781204111303e-04 1.468428781204111303e-04 3.098384728340674785e-02 1.468428781204111303e-04 1.468428781204111303e-04 1.468428781204111303e-04 1.468428781204111303e-04 6.182085168869307784e-02 3.083700440528633520e-03 2.468428781204110578e-01 5.301027900146841609e-02 1.468428781204111303e-04 3.083700440528633520e-03 1.468428781204111303e-04 3.832599118942730393e-02 4.126284875183552220e-02 1.468428781204111303e-04 1.615271659324522434e-03 1.336270190895741047e-02 1.468428781204111303e-04 1.468428781204111303e-04 1.468428781204111303e-04
8.683473389355739203e-03 2.801120448179270973e-04 2.801120448179270973e-04 2.801120448179270973e-04 1.428571428571428006e-02 2.801120448179270973e-04 2.801120448179270973e-04 2.801120448179270973e-04 1.148459383753500963e-02 2.801120448179270973e-04 2.801120448179270973e-04 1.988795518207282093e-02 2.801120448179270973e-04 2.327731092436974014e-01 8.683473389355739203e-03 2.801120448179270973e-04 2.355742296918766632e-01 2.801120448179270973e-04 2.801120448179270973e-04 2.801120448179270973e-04 3.224089635854340274e-01 2.801120448179270973e-04 2.801120448179270973e-04 2.801120448179270973e-04 1.428571428571428006e-02 2.801120448179270973e-04 2.801120448179270973e-04 2.801120448179270973e-04 3.081232492997198341e-03 1.235294117647058459e-01
1.898148148148148459e-02 4.629629629629630891e-04 4.629629629629630891e-04 4.629629629629630891e-04 1.898148148148148459e-02 4.629629629629630891e-04 4.629629629629630891e-04 1.115740740740741033e-01 5.092592592592594739e-03 4.629629629629630891e-04 7.916666666666669072e-02 5.092592592592594739e-03 4.629629629629630891e-04 2.824074074074074681e-02 4.629629629629630891e-04 3.384259259259259633e-01 1.898148148148148459e-02 4.629629629629630891e-04 1.254629629629629983e-01 5.092592592592594739e-03 1.486111111111111660e-01 1.898148148148148459e-02 4.629629629629630891e-04 4.629629629629630891e-04 4.629629629629630891e-04 5.092592592592594739e-03 5.138888888888890061e-02 1.435185185185185522e-02 4.629629629629630891e-04 4.629629629629630891e-04
4.366812227074235906e-04 3.537117903930130786e-02 4.366812227074235906e-04 4.366812227074235906e-04 4.366812227074235906e-04 4.366812227074235906e-04 2.100436681222707380e-01 4.366812227074235906e-04 4.366812227074235906e-04 4.366812227074235906e-04 4.366812227074235906e-04 4.366812227074235906e-04 4.366812227074235906e-04 4.366812227074235906e-04 4.803493449781659659e-03 4.366812227074235906e-04 1.096069868995633301e-01 4.366812227074235906e-04 1.620087336244541432e-01 9.213973799126638775e-02 4.366812227074235906e-04 4.366812227074235906e-04 4.366812227074235906e-04 4.366812227074235906e-04 3.279475982532750744e-01 4.366812227074235906e-04 4.366812227074235906e-04 9.170305676855896107e-03 4.366812227074235906e-04 3.973799126637554691e-02
1.733102253032928739e-04 1.057192374350086374e-02 1.733102253032928739e-04 1.977469670710571559e-01 1.906412478336221667e-03 1.733102253032928739e-04 3.483535528596187064e-02 1.733102253032928739e-04 1.769497400346619898e-01 1.906412478336221667e-03 1.733102253032928739e-04 7.296360485268629792e-02 1.733102253032928739e-04 7.816291161178508251e-02 1.733102253032928739e-04 1.733102253032928739e-04 1.509532062391680807e-01 1.733102253032928739e-04 5.216637781629115261e-02 3.310225303292893551e-02 5.563258232235700901e-02 7.105719237435006476e-03 1.733102253032928739e-04 1.733102253032928739e-04 1.733102253032928739e-04 1.733102253032928739e-04 1.733102253032928739e-04 1.733102253032928739e-04 1.733102253032928739e-04 1.232235701906412156e-01
1.956947162426614264e-04 1.956947162426614264e-04 1.956947162426614264e-04 8.434442270058706281e-02 1.956947162426614264e-04 3.150684931506848863e-02 1.956947162426614264e-04 1.956947162426614264e-04 1.956947162426614264e-04 1.956947162426614264e-04 2.152641878669275637e-03 3.818003913894323920e-01 1.956947162426614264e-04 1.976516634050880239e-02 1.956947162426614264e-04 1.956947162426614264e-04 6.673189823874754734e-02 1.956947162426614264e-04 1.489236790606653094e-01 3.542074363992171737e-02 6.868884540117416171e-02 2.152641878669275637e-03 1.956947162426614264e-04 1.956947162426614264e-04 4.109589041095890009e-03 1.956947162426614264e-04 1.956947162426614264e-04 1.956947162426614264e-04 1.956947162426614264e-04 1.508806262230919237e-01
9.633911368015414414e-05 9.633911368015414414e-05 9.633911368015414414e-05 9.633911368015414414e-05 2.032755298651252665e-02 9.633911368015414414e-05 2.023121387283237285e-03 9.633911368015414414e-05 9.633911368015414414e-05 3.949903660886319896e-03 9.633911368015414414e-05 9.633911368015414414e-05 4.922928709055876539e-02 9.633911368015414414e-05 9.633911368015414414e-05 9.633911368015414414e-05 3.026011560693641633e-01 9.633911368015414414e-05 2.110789980732177273e-01 8.766859344894026643e-03 9.633911368015414414e-05 2.419075144508670561e-01 3.949903660886319896e-03 9.633911368015414414e-05 9.633911368015414414e-05 1.234104046242774505e-01 9.633911368015414414e-05 1.059730250481695762e-03 2.129094412331406644e-02 8.766859344894026643e-03
1.677852348993288771e-04 1.677852348993288771e-04 1.677852348993288771e-04 1.677852348993288771e-04 7.063758389261745596e-02 1.677852348993288771e-04 1.677852348993288771e-04 1.696308724832214787e-01 1.677852348993288771e-04 6.392617449664429741e-02 2.065436241610738022e-01 1.343959731543624136e-01 1.677852348993288771e-04 3.523489932885905986e-03 1.677852348993288771e-04 1.677852348993288771e-04 3.523489932885905986e-03 1.159395973154362380e-01 1.125838926174496518e-01 1.025167785234899348e-01 1.677852348993288771e-04 1.677852348993288771e-04 1.677852348993288771e-04 1.677852348993288771e-04 1.677852348993288771e-04 1.677852348993288771e-04 1.677852348993288771e-04 1.677852348993288771e-04 1.677852348993288771e-04 1.359060402684563774e-02
